"","sig_1","sig_2","sig_3","sig_4","sig_5","sig_6","sig_7","sig_8","sig_9","sig_10","sig_11","sig_12","sig_13","sig_14","sig_15","sig_16","sig_17","sig_18","sig_19","sig_20","sig_21","sig_22","sig_23","sig_24","sig_25","sig_26","sig_27","sig_28","sig_29","Integration"
"sig_1",1,0.190182264099741,-0.00244145534428214,-0.0996834862028331,-0.115757680666499,0.486847007313811,0.58810912588823,0.0345095061431811,-0.134395444689627,-0.119067192225374,-0.117535937586775,-0.132359796603617,-0.14426619639651,-0.13333140656231,-0.112608561012641,-0.141953007739494,-0.133650086089516,-0.145488197058678,-0.0785916152513851,-0.101864002562588,-0.139588843113922,-0.140297243482335,-0.0241711511895546,-0.113751588886227,-0.121267175394884,-0.109327179975813,-0.118729802838344,-0.031538913496643,-0.107843874180458,0.0318016137109184
"sig_2",0.190182264099741,1,-0.191018469613827,-0.284550695026309,-0.234837616530025,-0.0737242729299001,0.0882114540420665,0.301331763488226,-0.246739220982171,-0.21334105164199,-0.20963863421472,-0.243887977253107,-0.274118906840599,-0.246514696807103,-0.221643400271868,-0.26774538205953,-0.290928145617196,-0.282414188107948,-0.243403125873357,-0.199933145933299,-0.27614926762638,-0.297572911308754,-0.237661245522903,-0.304242692404357,-0.240020915463266,-0.317750320811169,-0.237786840110725,-0.218816717497177,-0.140541045975471,-0.0953846204564175
"sig_3",-0.00244145534428214,-0.191018469613827,0.999999999999999,0.500798033057307,0.376096503780851,0.390473895775153,0.222160491077775,-0.0227686803623052,0.510743396463885,0.445832673714917,0.42088051244331,0.502324177465681,0.549008869478096,0.484221296904985,0.456551674968745,0.538477726971569,0.549210956465586,0.491739438724443,0.902823610003766,0.393195321948609,0.545988262086696,0.493201992408128,0.556832347195836,0.749141606584568,0.444426699081042,0.559622273316192,0.373635215372842,0.353312002631863,0.0276280803452283,0.0207156137185413
"sig_4",-0.0996834862028331,-0.284550695026309,0.500798033057307,0.999999999999999,0.441052462516318,0.264909932467561,0.107207441654609,-0.18040385384377,0.817786438278925,0.758386403292237,0.77866640220288,0.810244964800384,0.82751441388583,0.863213974056376,0.565114410636695,0.825608187963408,0.952873334888138,0.825614630388124,0.665079087526268,0.540180529375456,0.771637462978493,0.931860539780822,0.539983142523523,0.811150783490429,0.556221364859971,0.708105946308919,0.438919060090366,0.374420799915067,-0.0178459794929708,0.12771380526221
"sig_5",-0.115757680666499,-0.234837616530025,0.376096503780851,0.441052462516318,1,0.157613360998712,0.16762586529733,-0.00209534781085911,0.355173196480521,0.239767472039981,0.20165438426547,0.328519471321685,0.441274040853592,0.308617260485924,0.716366332480216,0.583377439743244,0.479044386566188,0.405260532123057,0.471998938650518,0.776559496077034,0.702820348882539,0.493431391321732,0.403482961710545,0.640733436830861,0.873175019725409,0.641369645975859,0.988738448340664,0.637263177550492,0.252398499633432,-0.0874182047154398
"sig_6",0.486847007313811,-0.0737242729299001,0.390473895775153,0.264909932467561,0.157613360998712,0.999999999999999,0.15698344328907,0.12059244113354,0.115233481994837,0.078919612864929,0.073033023555098,0.129960301545117,0.159178407192835,0.11723428922578,0.144859255230677,0.146366509191044,0.216627002927787,0.177553204971089,0.307346413822461,0.126126824375201,0.190989038533693,0.197441264409994,0.598133714846851,0.299722854826386,0.163643307995315,0.392827053991267,0.152520172210719,0.204085201933268,0.12383118923377,-0.0282180503563951
"sig_7",0.58810912588823,0.0882114540420665,0.222160491077775,0.107207441654609,0.16762586529733,0.15698344328907,1,0.331716293973567,-0.0668680531155183,-0.0919934857661038,-0.0983682313649374,-0.0702007657509617,-0.0254943375858449,-0.0721646216505378,0.0360650857882554,-0.0257012869463362,0.0166764738498693,0.0159748978116677,0.0844623877788768,0.0434901069317056,0.0301415729825562,0.0846693382459362,0.110147993047507,0.162743109703243,0.0788922574316836,0.254039816927141,0.163085366951106,0.528277314060287,0.211336520445382,0.0677781697928054
"sig_8",0.0345095061431811,0.301331763488226,-0.0227686803623052,-0.18040385384377,-0.00209534781085911,0.12059244113354,0.331716293973567,1,-0.264247528740129,-0.249957914564043,-0.254489708733846,-0.243339990194177,-0.240730515293778,-0.26963623362069,-0.16609073302658,-0.253935992405375,-0.248394045746496,-0.220438311119155,-0.131319008804695,-0.141294738591768,-0.213294291445053,-0.171377138084162,0.140246374992954,-0.151329090146825,-0.123144301176823,0.0207635485051028,-0.00982541212877551,0.365317300212172,0.709533650632683,0.0842466615958852
"sig_9",-0.134395444689627,-0.246739220982171,0.510743396463885,0.817786438278925,0.355173196480521,0.115233481994837,-0.0668680531155183,-0.264247528740129,0.999999999999998,0.958045432760646,0.930741808798447,0.967452351503796,0.958572989157688,0.960721919889989,0.656561244852678,0.917636595391552,0.916999297283653,0.843506543777437,0.759430768638405,0.527074045842782,0.789492126153952,0.78859218982877,0.41786571456662,0.76521538555754,0.526201333210276,0.51167946033112,0.358908607042031,0.144701860200156,-0.125623310653457,0.153710593555764
"sig_10",-0.119067192225374,-0.21334105164199,0.445832673714917,0.758386403292237,0.239767472039981,0.078919612864929,-0.0919934857661038,-0.249957914564043,0.958045432760646,1,0.974860375729821,0.97523412798545,0.899839197984565,0.943902728342153,0.521921166639315,0.834813187837251,0.851825406973088,0.741715333306404,0.689962093578173,0.438826846837623,0.669691987318816,0.692987737160938,0.343310210068305,0.631636787985756,0.408996610506345,0.374762623517348,0.237636815765477,0.0450831378827927,-0.148531879143927,0.182032960387939
"sig_11",-0.117535937586775,-0.20963863421472,0.42088051244331,0.77866640220288,0.20165438426547,0.073033023555098,-0.0983682313649374,-0.254489708733846,0.930741808798447,0.974860375729821,0.999999999999998,0.941578105412172,0.863075912515963,0.968200111053297,0.480928150801975,0.815860968507181,0.859301470332558,0.755440499479662,0.64624573802996,0.394001634394664,0.636364990762207,0.729688317729589,0.322815730211302,0.620274559080914,0.362929068479144,0.365703087337722,0.201688535194956,0.0251677128636739,-0.1613311499804,0.235518133057789
"sig_12",-0.132359796603617,-0.243887977253107,0.502324177465681,0.810244964800384,0.328519471321685,0.129960301545117,-0.0702007657509617,-0.243339990194177,0.967452351503796,0.97523412798545,0.941578105412172,1,0.924888847737279,0.94757155389569,0.577700788799313,0.87750724839443,0.908067654502159,0.775186966613975,0.748411915353956,0.508965068180888,0.745784773690906,0.748244508749114,0.454628914129753,0.718844131140861,0.500911504210773,0.488452675135904,0.323743590351527,0.123285128524925,-0.109105489774137,0.15040232923624
"sig_13",-0.14426619639651,-0.274118906840599,0.549008869478096,0.82751441388583,0.441274040853592,0.159178407192835,-0.0254943375858449,-0.240730515293778,0.958572989157688,0.899839197984565,0.863075912515963,0.924888847737279,0.999999999999998,0.91937581805314,0.660395527136894,0.902912927798762,0.922426037858267,0.884900023836638,0.784153383284622,0.561770342786823,0.839771860041772,0.805986172398794,0.510137651634402,0.817514144019161,0.590136498965717,0.617489709165239,0.444054697880867,0.253989383482153,-0.0559967127982234,0.163407622035067
"sig_14",-0.13333140656231,-0.246514696807103,0.484221296904985,0.863213974056376,0.308617260485924,0.11723428922578,-0.0721646216505378,-0.26963623362069,0.960721919889989,0.943902728342153,0.968200111053297,0.94757155389569,0.91937581805314,0.999999999999999,0.571873410958599,0.893782293227971,0.943853552915484,0.859197098022353,0.708762516604589,0.494283962454802,0.750263341804182,0.842698517286348,0.415573124015063,0.749862459170739,0.483046614381127,0.508499168758194,0.310990173788849,0.120558895781146,-0.13886215059175,0.235340354072714
"sig_15",-0.112608561012641,-0.221643400271868,0.456551674968745,0.565114410636695,0.716366332480216,0.144859255230677,0.0360650857882554,-0.16609073302658,0.656561244852678,0.521921166639315,0.480928150801975,0.577700788799313,0.660395527136894,0.571873410958599,1,0.826374376728196,0.651301091505628,0.616862121151155,0.627900366417296,0.725231197886414,0.879004848327272,0.589604435687138,0.410666540129519,0.745255225210378,0.820597939311655,0.57514229340171,0.707561409507481,0.34466998234419,0.00716897126402106,-0.00952904807321309
"sig_16",-0.141953007739494,-0.26774538205953,0.538477726971569,0.825608187963408,0.583377439743244,0.146366509191044,-0.0257012869463362,-0.253935992405375,0.917636595391552,0.834813187837251,0.815860968507181,0.87750724839443,0.902912927798762,0.893782293227971,0.826374376728196,1,0.924856970962697,0.830389043260405,0.764820222708156,0.755160628110539,0.935432720244317,0.837372505798942,0.470041359084503,0.856850625196962,0.771051996209109,0.621993264374466,0.588925487834471,0.264254455665542,-0.0783081083245059,0.119746682392004
"sig_17",-0.133650086089516,-0.290928145617196,0.549210956465586,0.952873334888138,0.479044386566188,0.216627002927787,0.0166764738498693,-0.248394045746496,0.916999297283653,0.851825406973088,0.859301470332558,0.908067654502159,0.922426037858267,0.943853552915484,0.651301091505628,0.924856970962697,1,0.889790830927371,0.752055882860136,0.618113631878074,0.855747118136971,0.922669359314405,0.555783904897684,0.869657680091262,0.633632056270573,0.706936155986824,0.481247237910787,0.299669157444203,-0.0671096081089173,0.162984654780046
"sig_18",-0.145488197058678,-0.282414188107948,0.491739438724443,0.825614630388124,0.405260532123057,0.177553204971089,0.0159748978116677,-0.220438311119155,0.843506543777437,0.741715333306404,0.755440499479662,0.775186966613975,0.884900023836638,0.859197098022353,0.616862121151155,0.830389043260405,0.889790830927371,0.999999999999998,0.652789971456671,0.496185805456766,0.792256045980998,0.894792509397436,0.478672705933509,0.842004926897297,0.527204371390734,0.733090755392996,0.418099370077876,0.348806124314466,-0.0142139492589256,0.228524322491852
"sig_19",-0.0785916152513851,-0.243403125873357,0.902823610003766,0.665079087526268,0.471998938650518,0.307346413822461,0.0844623877788768,-0.131319008804695,0.759430768638405,0.689962093578173,0.64624573802996,0.748411915353956,0.784153383284622,0.708762516604589,0.627900366417296,0.764820222708156,0.752055882860136,0.652789971456671,0.999999999999998,0.535285199635758,0.732008697159898,0.642484732635138,0.596210472993211,0.830081853301246,0.590520948125071,0.603779717107136,0.473240989165595,0.314175076816108,-0.00329336506051775,0.0741794850129692
"sig_20",-0.101864002562588,-0.199933145933299,0.393195321948609,0.540180529375456,0.776559496077034,0.126126824375201,0.0434901069317056,-0.141294738591768,0.527074045842782,0.438826846837623,0.394001634394664,0.508965068180888,0.561770342786823,0.494283962454802,0.725231197886414,0.755160628110539,0.618113631878074,0.496185805456766,0.535285199635758,1,0.793372230490098,0.573887014633865,0.375597138799473,0.649521897013915,0.906633680315638,0.512938559446219,0.782344308087227,0.333979673340132,0.00725861609062586,-0.0368467762431715
"sig_21",-0.139588843113922,-0.27614926762638,0.545988262086696,0.771637462978493,0.702820348882539,0.190989038533693,0.0301415729825562,-0.213294291445053,0.789492126153952,0.669691987318816,0.636364990762207,0.745784773690906,0.839771860041772,0.750263341804182,0.879004848327272,0.935432720244317,0.855747118136971,0.792256045980998,0.732008697159898,0.793372230490098,1,0.79142105933875,0.537181938809148,0.87652239045634,0.867166167774519,0.709585365385154,0.700742311374685,0.378015835684885,-0.00425834175902683,0.0435831952229665
"sig_22",-0.140297243482335,-0.297572911308754,0.493201992408128,0.931860539780822,0.493431391321732,0.197441264409994,0.0846693382459362,-0.171377138084162,0.78859218982877,0.692987737160938,0.729688317729589,0.748244508749114,0.805986172398794,0.842698517286348,0.589604435687138,0.837372505798942,0.922669359314405,0.894792509397436,0.642484732635138,0.573887014633865,0.79142105933875,0.999999999999998,0.48551364891962,0.862703942968322,0.589899971837586,0.756428331688344,0.511103671469863,0.459045320388786,0.0372704871406632,0.185165144583531
"sig_23",-0.0241711511895546,-0.237661245522903,0.556832347195836,0.539983142523523,0.403482961710545,0.598133714846851,0.110147993047507,0.140246374992954,0.41786571456662,0.343310210068305,0.322815730211302,0.454628914129753,0.510137651634402,0.415573124015063,0.410666540129519,0.470041359084503,0.555783904897684,0.478672705933509,0.596210472993211,0.375597138799473,0.537181938809148,0.48551364891962,0.999999999999999,0.601853533240178,0.460749820828497,0.683766786899754,0.39454388751169,0.355818362124924,0.321277652825461,0.0973265740819056
"sig_24",-0.113751588886227,-0.304242692404357,0.749141606584568,0.811150783490429,0.640733436830861,0.299722854826386,0.162743109703243,-0.151329090146825,0.76521538555754,0.631636787985756,0.620274559080914,0.718844131140861,0.817514144019161,0.749862459170739,0.745255225210378,0.856850625196962,0.869657680091262,0.842004926897297,0.830081853301246,0.649521897013915,0.87652239045634,0.862703942968322,0.601853533240178,0.999999999999998,0.740744339003136,0.861938887028698,0.657263934756092,0.535625588119773,0.0623525760453646,0.096471717229601
"sig_25",-0.121267175394884,-0.240020915463266,0.444426699081042,0.556221364859971,0.873175019725409,0.163643307995315,0.0788922574316836,-0.123144301176823,0.526201333210276,0.408996610506345,0.362929068479144,0.500911504210773,0.590136498965717,0.483046614381127,0.820597939311655,0.771051996209109,0.633632056270573,0.527204371390734,0.590520948125071,0.906633680315638,0.867166167774519,0.589899971837586,0.460749820828497,0.740744339003136,0.999999999999998,0.647512901107868,0.884408385358516,0.474717465601083,0.104135915952479,-0.0210651583015792
"sig_26",-0.109327179975813,-0.317750320811169,0.559622273316192,0.708105946308919,0.641369645975859,0.392827053991267,0.254039816927141,0.0207635485051028,0.51167946033112,0.374762623517348,0.365703087337722,0.488452675135904,0.617489709165239,0.508499168758194,0.57514229340171,0.621993264374466,0.706936155986824,0.733090755392996,0.603779717107136,0.512938559446219,0.709585365385154,0.756428331688344,0.683766786899754,0.861938887028698,0.647512901107868,0.999999999999999,0.656630466792592,0.721250827481058,0.313829650169868,0.151406946772604
"sig_27",-0.118729802838344,-0.237786840110725,0.373635215372842,0.438919060090366,0.988738448340664,0.152520172210719,0.163085366951106,-0.00982541212877551,0.358908607042031,0.237636815765477,0.201688535194956,0.323743590351527,0.444054697880867,0.310990173788849,0.707561409507481,0.588925487834471,0.481247237910787,0.418099370077876,0.473240989165595,0.782344308087227,0.700742311374685,0.511103671469863,0.39454388751169,0.657263934756092,0.884408385358516,0.656630466792592,1,0.650310165953311,0.254892521149095,-0.0655022069647968
"sig_28",-0.031538913496643,-0.218816717497177,0.353312002631863,0.374420799915067,0.637263177550492,0.204085201933268,0.528277314060287,0.365317300212172,0.144701860200156,0.0450831378827927,0.0251677128636739,0.123285128524925,0.253989383482153,0.120558895781146,0.34466998234419,0.264254455665542,0.299669157444203,0.348806124314466,0.314175076816108,0.333979673340132,0.378015835684885,0.459045320388786,0.355818362124924,0.535625588119773,0.474717465601083,0.721250827481058,0.650310165953311,1,0.608633479380536,0.0759633681737309
"sig_29",-0.107843874180458,-0.140541045975471,0.0276280803452283,-0.0178459794929708,0.252398499633432,0.12383118923377,0.211336520445382,0.709533650632683,-0.125623310653457,-0.148531879143927,-0.1613311499804,-0.109105489774137,-0.0559967127982234,-0.13886215059175,0.00716897126402106,-0.0783081083245059,-0.0671096081089173,-0.0142139492589256,-0.00329336506051775,0.00725861609062586,-0.00425834175902683,0.0372704871406632,0.321277652825461,0.0623525760453646,0.104135915952479,0.313829650169868,0.254892521149095,0.608633479380536,0.999999999999999,0.2033820906188
"Integration",0.0318016137109184,-0.0953846204564175,0.0207156137185413,0.12771380526221,-0.0874182047154398,-0.0282180503563951,0.0677781697928054,0.0842466615958852,0.153710593555764,0.182032960387939,0.235518133057789,0.15040232923624,0.163407622035067,0.235340354072714,-0.00952904807321309,0.119746682392004,0.162984654780046,0.228524322491852,0.0741794850129692,-0.0368467762431715,0.0435831952229665,0.185165144583531,0.0973265740819056,0.096471717229601,-0.0210651583015792,0.151406946772604,-0.0655022069647968,0.0759633681737309,0.2033820906188,1
