"","BCA","KC","KG","KI","LE","OPENK","POP","RGDPCH","RGDPL","RGDPL2","BCAperRGDPL","KCxRGDPL","KGxRGDPL","KIxRGDPL","KCxRGDPLxPOP","KGxRGDPLxPOP","KIxRGDPLxPOP","RGDPCHxPOP","RGDPLxPOP","RGDPL2xPOP","sig_0","sig_1","sig_2","sig_3","sig_4","sig_5","sig_6","sig_7","sig_8","sig_9","sig_10","sig_11","sig_12","sig_13","sig_14","sig_15","sig_16","sig_17","sig_18","sig_19","sig_20","sig_21","sig_22","sig_23","sig_24","sig_25","sig_26","sig_27","sig_28","sig_29","sig_30","sig_31","sig_32","sig_33","sig_34","sig_35","sig_36","sig_37","sig_38","sig_39","sig_40","sig_41","sig_42","sig_43","sig_44","sig_45","sig_46","sig_47","sig_48","sig_49","sig_50","sig_51","sig_52","sig_53","sig_54","sig_55","sig_56","sig_57","sig_58","sig_59","sig_60","sig_61","sig_62","sig_63","sig_64","sig_65","sig_66","sig_67","sig_68","sig_69","sig_70","sig_71","sig_72"
"BCA",1,-0.213070512015375,-0.00822230770605696,0.0527294789920746,-0.487326888380371,0.123030629291959,-0.490624001454066,-0.0921593548842125,-0.0923306070495057,-0.0951829451424697,0.988970160794052,-0.243679128737742,-0.105366600497136,-0.0408945928185561,-0.641228709187475,-0.578483340097694,-0.588069833847889,-0.609979705288104,-0.609879694157691,-0.609131268061755,-0.21751210850621,0.124397796679398,-0.369259379947918,-0.134505193625814,0.0779972159709823,-0.259325746061783,0.108297381802686,-0.489575045982968,-0.00586860050596503,0.0587768809899034,0.0625370040108295,-0.398568548367289,0.108171696623555,-0.178951901621541,-0.135158782957315,0.0637256954048224,0.00576569715611104,0.040629252896866,0.02710741726524,0.070827062635265,-0.0602948413938564,-0.491560615271006,0.0889561616839018,-0.57139844339916,0.0308926216164261,0.112447103124086,-0.382581793260052,0.0360778295445898,0.0204275068551899,0.0961513835476176,-0.116043546968285,0.0522721456027443,0.153247123722361,-0.542196237532799,0.0370040000890371,0.0562130412567086,0.0394607207658645,0.0383553273031078,-0.245114727578688,0.030502044970265,0.116471586251901,-0.0517005639000111,-0.450728443044038,0.0910474063430821,-0.229856432716237,0.0260042534051571,0.0744885641637056,-0.323848527967956,-0.107588726700941,0.0398756601659096,-0.0377520817473614,0.0428746376330413,0.0679508106528248,-0.115331841511323,0.0859615620705079,-0.198719490804265,0.0258712145000405,0.0280199329322758,-0.510251530860885,0.0832067509359466,-0.0184411984368136,-0.216857989410338,0.0415903006869237,-0.0460276345730348,-0.0403264744727256,0.0623723571756836,0.0916939567820466,-0.208056549898906,0.010988317254406,-0.0738137616374286,0.101697130276343,-0.170944827686509,-0.138542358293858
"KC",-0.213070512015375,1,0.0985583681773804,-0.592427282310612,0.218367967189537,-0.680388627890914,0.233789630069434,-0.421788994447781,-0.420614295158986,-0.410755017981668,-0.227289609638948,0.0257691238451227,-0.315744736774511,-0.660220574260508,0.236993724152258,0.235832463814952,0.175043429347553,0.220919302446974,0.221016912665616,0.221810557503152,0.131580049633677,-0.261690881326542,0.231396534319586,0.103313086621793,-0.20814309372797,0.0482981376597768,-0.17130133067789,0.241430775571115,-0.237820215967399,-0.129697014793333,-0.187807841661553,0.231179258032166,-0.282740843914252,0.205963306496685,0.0889293364844249,-0.171348066462571,-0.347198513116301,-0.0379935345239043,-0.0164939107553524,-0.133251105487419,-0.211547950121658,0.205203989991247,-0.114580771611348,0.228077986645838,-0.0522676024592389,-0.174745167472221,0.147467108612426,-0.0402850722639838,-0.364180242190196,-0.389280066701643,0.139513152682468,-0.0791842307080918,-0.309531096343612,0.23525075748254,-0.199937047403828,-0.0747344076652414,-0.436372775276452,-0.162663310104052,0.0413939856888583,-0.0541230536850376,-0.234162972539583,0.10525784949507,0.236026676429287,-0.424987889883298,0.22337036383195,0.0395777463653453,-0.279954784197467,-0.062484424368082,0.0829122838379244,-0.0687797573563281,-0.154857193807118,-0.39840917175215,-0.106593687992115,-0.029203021625936,-0.158477836989643,0.241321454266849,-0.0223737944019969,-0.0714524930475348,0.21821358996316,-0.322160834145917,-0.137424155077025,0.21619781924068,-0.339284903051066,-0.21722302795873,-0.00704910725078701,-0.189836334027262,-0.28684867526487,0.209887717136238,-0.306803721545003,0.180674741954258,-0.295676202113384,0.184282053943912,0.0736931175914965
"KG",-0.00822230770605696,0.0985583681773804,1,-0.260289979923862,-0.0945774437607501,0.0228499200844176,-0.0897024960589256,-0.332013203723419,-0.331385023110855,-0.328835496304222,-0.0250974338680874,-0.32335703566509,0.379271868218518,-0.395729821359691,-0.0791834370594758,-0.0327995458772363,-0.129464339416492,-0.090473002779536,-0.0902966826921607,-0.0882669506059273,-0.126165631254484,-0.00670989154676648,-0.0730932635239858,-0.150941906709894,0.0342138038161432,-0.132846035839563,0.0780184271602484,-0.0501632415715934,-0.0724149704654397,0.0747394475377073,-0.194509936737124,-0.084445539540228,-0.0725957056603693,-0.0882910898509857,-0.169354954297433,0.110587895368727,-0.0602337703791758,-0.165049275216548,0.0760606752627334,0.0288466147386516,-0.109557086105123,-0.0787873787417132,0.10562207161558,-0.032261854679584,-0.0157126066765346,-0.150628787653923,-0.120572529295302,0.1407175301691,-0.0198171794937226,-0.147586410766885,-0.0901326363347029,0.114136367223103,-0.177731088478417,-0.0600761689343574,-0.0406943018382677,0.146073910261307,0.0158559630498698,-0.0811096654426807,-0.0168287020452459,0.048715011805336,-0.0524977402268572,-0.0903601134131315,-0.0721002792606223,-0.0976262370268128,-0.0756988189147859,0.0816339237272384,-0.0664951698460634,-0.125737423174095,-0.119311259318244,-0.0298133650724458,-0.0180847052093533,-0.000645603815431097,-0.0587517140699789,-0.0430933150700668,0.0607649808425759,-0.0592257777572806,-0.00606750759832027,-0.183579700508822,-0.100461523165536,0.0148331725564249,-0.168412984286783,-0.08203366414712,0.00361266543480955,-0.0473028030784893,-0.0609388578708339,0.0609377036939191,-0.222872014011481,-0.0931548881089148,-0.124189224008038,-0.0156734104175782,-0.136692368844384,-0.104001205756824,-0.181089920236224
"KI",0.0527294789920746,-0.592427282310612,-0.260289979923862,1,-0.0616520533125671,0.279624133296082,-0.0744296654947533,-0.0213233688773432,-0.0231037772569699,-0.0362653850558403,0.0624962931656342,-0.265367759518101,-0.216360513721484,0.435133289368895,-0.109137983598373,-0.131896503791671,0.000284396099399947,-0.0894750597388985,-0.0897024276166251,-0.0919408296530915,-0.087624205383737,0.150159367000616,-0.144795323369179,-0.0853266490270198,0.124794825101086,0.0465404024506837,0.100427674377211,-0.160313486825845,0.159586706778553,0.0997791031571388,0.0897294819526162,-0.141863973975349,0.161143560650997,-0.144407623291378,-0.0755541559675822,0.128196604252671,0.313619392096196,-0.0207628600750152,0.0342784963686208,0.0679265431236219,0.313297693207452,-0.104708918955138,0.0615666152621389,-0.154405450843219,0.0376373572774195,0.0538562811005116,-0.0320165931758896,0.0840396718349633,0.377860523576412,0.193250951276887,-0.0924682943493816,0.0665459896481354,0.163520183278128,-0.153696926229938,0.128282907558978,0.0412420833453929,0.323659705610501,0.112323338749259,-0.00910118269200147,0.0505310892451268,0.11167229036937,-0.0661503254335727,-0.153473226797028,0.262370857406936,-0.168951994451169,0.0190265414362333,0.126376295081798,0.195886572025846,-0.040245616435778,0.0359167010351829,0.136415019304694,0.288086882600739,0.0154670467561527,0.00520380483564421,0.104971363279561,-0.183435082921196,0.0423035198459536,0.0100575534468802,-0.117341032671183,0.171507069632135,0.148407213033366,-0.157027731239914,0.220623572140086,0.176246389316339,-0.0322737566294048,0.128522965330194,0.145761423209276,-0.142521367121641,0.201450631924762,-0.160096906803883,0.161937019845162,-0.129392596191191,-0.0600785047168279
"LE",-0.487326888380371,0.218367967189537,-0.0945774437607501,-0.0616520533125671,1,-0.338222433618261,0.996739782167869,0.159330129611042,0.159603620590152,0.163756291993752,-0.43785181085567,0.343636308142711,0.13366384928185,0.0824255705301954,0.96790749382086,0.974431558337729,0.969058877839125,0.977548779464344,0.977590749051896,0.977793429835649,0.755167640777007,-0.495339776635002,0.865678336483633,0.634585942758096,-0.475996592424018,0.667213667752927,-0.516333316951969,0.887794808797567,-0.0134599453187129,-0.465498621168924,0.125690097874572,0.85750176748229,-0.405177164359599,0.689309346202894,0.589231435542563,-0.413668658780294,0.0382580625485247,0.0587346518438911,-0.274591473359214,-0.440930742278929,0.241007673648665,0.843379952814416,-0.479370418130026,0.872324485533499,-0.337586191319255,-0.180883125220984,0.818808732778915,-0.296646169939131,-0.065481628880845,-0.218983737170524,0.510502829334975,-0.434724730895423,-0.152642190812208,0.871862156717609,-0.112593613632866,-0.362843931526105,-0.142238868686399,-0.137581275203372,0.447962497115805,-0.357068815734456,-0.413676110290267,0.485561198393891,0.859423179684092,-0.295904756830013,0.674207225345452,-0.289114403608061,-0.358613694846263,0.585189618621128,0.48364760043147,-0.126655487226358,0.0372219611628937,-0.175656530944892,-0.235102829502679,0.252411414503877,-0.435167881931241,0.687797559901519,-0.320110874081595,0.266271034633815,0.874840664335651,-0.414580823479526,0.203553714657435,0.691928965107122,-0.153558832528984,0.017345851847955,0.156833308653138,-0.415067280636345,-0.0925679657398948,0.683913511184338,-0.0722565430704255,0.537704337399059,-0.332414914049466,0.639341729592456,0.539538986837036
"OPENK",0.123030629291959,-0.680388627890914,0.0228499200844176,0.279624133296082,-0.338222433618261,1,-0.352844779852745,0.382698088442116,0.381866724031382,0.372129835592114,0.112974942616059,0.0200456951125952,0.364418197112891,0.502729566001142,-0.284885959024206,-0.288657500943981,-0.293173281612746,-0.289668080149457,-0.289689024938427,-0.289539520945931,-0.281644835058394,0.169189606079096,-0.298916698236256,-0.221847524541516,0.381652830452339,-0.171498777231046,0.145162483853651,-0.279052639203842,0.105461217912508,0.31341717547784,0.0111669394784889,-0.282845747149654,0.16156875716121,-0.264723166783037,-0.170579169643184,0.270624313843771,0.199858435068421,-0.00704670905306907,0.340857421185269,0.226603732996464,0.0534799867019669,-0.256182876601539,0.117752192202944,-0.246005931236354,0.373401107522679,0.102062351434773,-0.239461852372352,0.303874820584293,0.264339760905369,0.280141335679816,-0.176478783906389,0.208464573387038,0.135932725631511,-0.257383387286032,0.0357455391877269,0.00610515278613775,0.344249299617261,0.0606687278996135,-0.12949933086806,0.303904091187837,0.136323128555464,-0.184447071367113,-0.272575073773952,0.301002412449915,-0.248849764959341,0.299012004699609,0.346060022876848,-0.0845117603457849,-0.116589589203724,-0.0371542097094922,0.0751312888847007,0.316755206900323,-0.0265183193149437,-0.0522031902749698,0.097025410759601,-0.286996842813041,0.343823917359831,-0.0157165882721577,-0.252200804130201,0.310937357031148,0.0251536997880753,-0.258052917475046,0.282387444721625,0.16354982284998,-0.0611532276876558,0.262005976784018,0.131478282360134,-0.246429533098759,0.190176820966705,-0.244854839810264,0.176661997328553,-0.220546374097761,-0.122420372694331
"POP",-0.490624001454066,0.233789630069434,-0.0897024960589256,-0.0744296654947533,0.996739782167869,-0.352844779852745,1,0.141801655703237,0.142115136007247,0.146668058081186,-0.445209600381157,0.330516945359723,0.121548280727856,0.0598818290267259,0.965428535724677,0.975203552295388,0.95944736051326,0.973761355419054,0.973827257663024,0.974333920492122,0.774727868602168,-0.512063062661958,0.883449645075723,0.651518269896799,-0.493576778333528,0.684432483980995,-0.534258615085823,0.902006566913167,-0.00366908646643318,-0.482186225638853,0.128930481058267,0.87220775884862,-0.42093258535884,0.710410898902721,0.60116380564577,-0.427075943244048,0.0449292166493514,0.0629638129966743,-0.285190197161505,-0.458432538022645,0.247086954194675,0.859659539032179,-0.496380510380986,0.883565746599924,-0.351391239380359,-0.192103261551756,0.832112946953519,-0.306607811552267,-0.0651964532511912,-0.229343928057022,0.528320486917916,-0.450243728385703,-0.157525786429654,0.883314705940316,-0.105054112134294,-0.372970728802773,-0.140646315411743,-0.137097689553774,0.470393507884527,-0.370536895528381,-0.430330927437384,0.503998359545238,0.872693490917034,-0.304474052371425,0.689605088924925,-0.300208452843414,-0.374880207266353,0.594716114954612,0.497122323442741,-0.123618357415571,0.0473226849470086,-0.174624546769954,-0.239550539481717,0.270223400602044,-0.451335491395659,0.711960992040702,-0.332977924038311,0.27020603194216,0.883034305234249,-0.42959060810159,0.214117348779774,0.708168762052185,-0.153182350246773,0.0229500496860595,0.16802458414537,-0.430155271403033,-0.101085411482124,0.701635708783106,-0.0698297057700248,0.562646941156741,-0.347987120116599,0.656355318554896,0.54660293194068
"RGDPCH",-0.0921593548842125,-0.421788994447781,-0.332013203723419,-0.0213233688773432,0.159330129611042,0.382698088442116,0.141801655703237,0.999999999999999,0.999993891722054,0.99965809329672,-0.0786433589826577,0.874726653967745,0.688242451907687,0.876263501533433,0.214395746588244,0.199591398795565,0.213371505241292,0.217713908678175,0.21763422366333,0.216931212182526,0.219207862500558,0.165939112814992,0.144663572741917,0.264057486984233,0.0181731971172348,0.20901329229745,0.0486093482331112,0.144843612282601,0.0727712138603909,0.0216106468174179,0.346955460877106,0.162934483106792,0.235485674817776,0.153240964776886,0.31020748547607,-0.129859542783579,0.103255486114999,0.243050807190645,-0.14422395511187,0.103245656334445,0.171116160301589,0.170578811132573,0.0133476849524913,0.149245515206915,0.0425544191215605,0.360651211332755,0.187836918747007,-0.228869939759508,0.106394028406587,0.306891884774003,0.185127891916967,0.00107871489784111,0.307045702329161,0.162275798223447,-0.03730929034346,-0.14190857626578,0.0414366778870506,0.0780516158193217,0.0233477832149728,0.00602403919888155,0.207538943662096,0.148660328855537,0.154811199005942,0.208204938772299,0.145665888305846,-0.169718879926295,0.235520372071942,0.207587532613526,0.237750569492756,-0.0376621262416765,-0.0164167909147089,0.0759808942928788,0.0300401966649924,0.0702435785851707,0.0790722391750944,0.108393723042761,0.0139465819806329,0.36299378234031,0.196220942748898,0.138385680964914,0.219652666223677,0.138775232594413,0.0491484748557968,0.0970060474745628,0.0751918585661712,0.130342608298059,0.374573064543912,0.171496447253427,0.166790999202824,0.054363112263074,0.30399827878484,0.200112222348193,0.341788120927973
"RGDPL",-0.0923306070495057,-0.420614295158986,-0.331385023110855,-0.0231037772569699,0.159603620590152,0.381866724031382,0.142115136007247,0.999993891722054,1,0.999719230520121,-0.07883887228028,0.875167061984205,0.688532834586258,0.875417526549035,0.214707604337206,0.200001335839823,0.213486541542667,0.217994007669346,0.217915637254584,0.217221973924752,0.219270332261187,0.166151795697473,0.144844734177006,0.264047626375766,0.0180549233331036,0.208975350948242,0.0489041206181758,0.145114705938877,0.0727638657002042,0.0217122327490888,0.346786393246547,0.16309335455841,0.235634405680803,0.153327578884758,0.310170684048933,-0.130076749472067,0.102962506836083,0.243145892703636,-0.144431476904358,0.103420262178856,0.170745080542063,0.170763497710078,0.0136805572426431,0.14956744876728,0.0425358293225793,0.360635084496831,0.187871111487547,-0.229189038217985,0.105965871814099,0.306585808389796,0.185208779549951,0.00131082325117668,0.306790814715197,0.162522626773769,-0.0374007254215394,-0.141797488226624,0.0410428563716789,0.0781163832867632,0.0235928639937649,0.00607043542157734,0.207716945239929,0.148682233398632,0.155017242390466,0.207807963807387,0.145774884026807,-0.169874705900142,0.235462605458119,0.207460200385339,0.237735166076233,-0.0375797478651215,-0.0163732280212135,0.0757136217506753,0.0299648007754535,0.070364872667548,0.079407991984627,0.10854377441402,0.0138897379553799,0.362873103989879,0.196369221887777,0.138240063068106,0.21956532639829,0.138875371290883,0.0489049730425894,0.0969740275328873,0.0753417647099195,0.130514338598509,0.374366261887819,0.171575074365484,0.166718126855677,0.0544905384180865,0.304072073034283,0.200176511425293,0.341732751258847
"RGDPL2",-0.0951829451424697,-0.410755017981668,-0.328835496304222,-0.0362653850558403,0.163756291993752,0.372129835592114,0.146668058081186,0.99965809329672,0.999719230520121,1,-0.0819525387262369,0.879561540044124,0.688889536290864,0.867864756668035,0.219195143784303,0.205577321946981,0.215887116752712,0.222144707664893,0.222075982933276,0.221493482792058,0.220445182489909,0.166529955849058,0.147783421934359,0.263969857460566,0.0159223029948716,0.208412351071825,0.0501690311469406,0.149463756509701,0.0709836680639044,0.0210697420464949,0.344539147816086,0.165719971471733,0.235771784098316,0.154200113841794,0.30958933875804,-0.132212777812212,0.0982720286658771,0.243442751563945,-0.147524251590843,0.104153115584873,0.165391973420687,0.173722435298686,0.0154000117018133,0.154700031232504,0.0411151722676133,0.359494114537897,0.18889631922624,-0.232957962744938,0.0996268383573033,0.303390644783663,0.1856571529906,0.00201615641531119,0.303861248901354,0.16651369021678,-0.038065525759928,-0.139686387572781,0.0351771475407025,0.0771340633977767,0.0253018737323679,0.00536454466209923,0.208247210860931,0.147909105155512,0.158456366243656,0.203707835539701,0.147014622667284,-0.172183151131816,0.233825370257704,0.206146029508828,0.236626261594435,-0.0373249198673863,-0.0180744486801172,0.0705636588861111,0.0307053656792522,0.070517038476544,0.0810319543702824,0.110412339545201,0.0124425371913472,0.360802363372234,0.198968426229062,0.136038718649808,0.217362478762402,0.140141672189939,0.0454447588760559,0.0943372460322547,0.0753245554798194,0.129987597537584,0.372168026073711,0.172325133244338,0.164342301718545,0.0560349313641275,0.303695605615058,0.200500014759153,0.34073093422621
"BCAperRGDPL",0.988970160794052,-0.227289609638948,-0.0250974338680874,0.0624962931656342,-0.43785181085567,0.112974942616059,-0.445209600381157,-0.0786433589826577,-0.07883887228028,-0.0819525387262369,1,-0.22805329239864,-0.105524729447687,-0.0255946364764756,-0.592821537384872,-0.538639829925173,-0.527637374145545,-0.558669008993395,-0.558612834201406,-0.55847131890285,-0.179769069935159,0.0972349062585967,-0.329034817896732,-0.0961863233913669,0.0444632770040618,-0.218355121641014,0.076087987549813,-0.449690489316787,-0.00913682866542152,0.022998692969764,0.0785249013293146,-0.351562230631409,0.0866359292315358,-0.141159996503797,-0.0949714144505712,0.0366736791932951,0.000255170587852408,0.0448411977661657,0.00645391293500934,0.0371866699321182,-0.034641402162655,-0.44478082899147,0.0563203564763713,-0.532140612335649,0.00256010406512677,0.104937525243329,-0.32920885526146,0.0159778208528431,0.00900636105435441,0.0853060282424159,-0.0841366438060799,0.0174442525944252,0.153794174033042,-0.495108757597465,0.0330776816239369,0.0313963109825519,0.0245953407254264,0.0296769976279589,-0.227965938168903,0.000759515320194198,0.093052357948478,-0.0213004361237248,-0.403660481733063,0.0748515638235097,-0.182930748523029,0.0039865269049371,0.0479060549046088,-0.278997984604494,-0.0761040759620058,0.032725118184856,-0.038269906326008,0.023443864075145,0.0532047916862039,-0.10320611804757,0.0572589291825666,-0.164968819499759,-0.000264974695616494,0.0520706010481642,-0.455226383441885,0.053597414872078,-0.00339711473353118,-0.169108357234467,0.0280994126720146,-0.0505983628337744,-0.0347724159572675,0.0272161709184136,0.098046033778663,-0.165765072251147,0.00646888170902143,-0.0468823359923605,0.0854675665349764,-0.132231516664706,-0.0971408797362785
"KCxRGDPL",-0.243679128737742,0.0257691238451227,-0.32335703566509,-0.265367759518101,0.343636308142711,0.0200456951125952,0.330516945359723,0.874726653967745,0.875167061984205,0.879561540044124,-0.22805329239864,1,0.6033605330791,0.633117769562958,0.415302773473375,0.394434021944409,0.388327055156757,0.412351807697148,0.41229058636814,0.411682713228058,0.383214585579263,0.0518412773040724,0.326429105451467,0.421894173086824,-0.135909240109285,0.331486855121856,-0.0626775388720702,0.325584869705499,-0.00466773467964861,-0.120494256354654,0.379913310796923,0.347668141079537,0.136870276935643,0.325801913093282,0.467862359487922,-0.249911256834374,-0.0129040760147333,0.304313474411358,-0.232080711733121,-0.00377474719105186,0.153629060862996,0.347321597913528,-0.0797077122565314,0.321393163068669,-0.0762755026484358,0.368310598521126,0.345445442237019,-0.311187070815681,-0.0268081727018809,0.195989907897563,0.331823700884191,-0.107143084048659,0.260575777538033,0.344004537654892,-0.110399333715296,-0.222760480611189,-0.155544833672068,0.0268035685670673,0.0783614396707183,-0.114595725987586,0.125908285138149,0.274929843019158,0.336350724096718,0.0651780669634842,0.317868303089127,-0.237851260063434,0.104343559087006,0.269822391164481,0.369109114148431,-0.070595122144745,-0.0837837759508033,-0.106687058108723,0.00547363450682327,0.099727649136717,-0.0128096213477119,0.281046735302359,-0.0892743532072438,0.447928484706725,0.382331523480814,-0.0124267186649465,0.241086478465574,0.307007253206713,-0.105995373940341,0.0133040241108429,0.115922396145623,0.0025545292654686,0.346844741551026,0.347870538187153,0.0662318371659441,0.179889625552439,0.218764466526299,0.373619481627513,0.494923896275448
"KGxRGDPL",-0.105366600497136,-0.315744736774511,0.379271868218518,-0.216360513721484,0.13366384928185,0.364418197112891,0.121548280727856,0.688242451907687,0.688532834586258,0.688889536290864,-0.105524729447687,0.6033605330791,1,0.517607425104092,0.194420240761847,0.222019190635423,0.153736133979091,0.190626918563075,0.190702428373781,0.191718560196965,0.214530675425243,0.146257585006837,0.143620205461387,0.244853323627185,-0.0242631949993258,0.203940333489751,0.0547208218682917,0.145382642667754,0.073149664104385,-0.0278517294161612,0.305967800260413,0.146910829073489,0.189980834749952,0.154277672784688,0.274108783212135,-0.0811436010478157,0.143992661643578,0.168115372036612,-0.163265248481076,0.0508163067619392,0.189677446278696,0.164624403231493,0.0324578889169196,0.156139442854605,-0.0889292028130181,0.298259706141172,0.161844940220052,-0.171498354389663,0.178777726120653,0.252293195449085,0.188971820198133,-0.010325208905999,0.254248156444165,0.149639896235438,-0.0477824795293957,-0.0793360785308749,0.103937294985798,0.0436331190368145,0.0724135722865909,-0.082715231935802,0.168813566375115,0.165320077545444,0.137492592261519,0.180580169884941,0.131189357003452,-0.193018527329438,0.165304814965382,0.205742741949567,0.232654865776586,-0.0563627476855384,0.00667963465367318,0.126397288646996,0.0114061191289403,0.101744764143457,0.0879958542393504,0.115373785674639,-0.109099461435403,0.323828482477261,0.159987266440852,0.146039080697666,0.180882084250546,0.122046212418422,0.0734059675993064,0.118866658840667,0.087896161083711,0.118015849241273,0.281299212689059,0.161781588283227,0.12186959877081,0.0936170138132563,0.223029591849804,0.194220557851455,0.29045049541206
"KIxRGDPL",-0.0408945928185561,-0.660220574260508,-0.395729821359691,0.435133289368895,0.0824255705301954,0.502729566001142,0.0598818290267259,0.876263501533433,0.875417526549035,0.867864756668035,-0.0255946364764756,0.633117769562958,0.517607425104092,1,0.108538005748299,0.0852078550648476,0.164580914752278,0.121717198977287,0.121528908395164,0.119697626705453,0.122976288955992,0.225912740951131,0.0338523832761163,0.164319296141646,0.101315056674669,0.178270077617785,0.104673836484315,0.0271440285306336,0.140844720875841,0.0869650398673148,0.328313500275383,0.0502902678361537,0.292573378369086,0.0425612720904891,0.208833662132649,-0.0356199045437016,0.232963885577508,0.195670364197579,-0.0833358871820735,0.14238346104995,0.280464759610495,0.0731751473501426,0.0564782730612568,0.0336860738419646,0.0796841910447873,0.34062431195154,0.122263030977395,-0.140415043711012,0.271624799786656,0.366425569436066,0.0945065754831017,0.0497234880647439,0.336415180368944,0.0444512045640549,0.0183404846932286,-0.0990292846865601,0.188718319624873,0.128531753308442,0.0077690303036339,0.0469087873929013,0.246200360482545,0.0777740017609359,0.0383585062535663,0.308384891856684,0.0247183825512339,-0.116693379065042,0.289994186406831,0.25550417907616,0.165042136281492,-0.00705042635366763,0.0512835938679986,0.212864428526634,0.0338345873975803,0.057069119823077,0.132811158061181,-0.0116105128747545,0.049395151306557,0.303050319632564,0.0888924916677809,0.219506318774565,0.248938415573847,0.0247050822630453,0.16167418295244,0.177232087547321,0.0466051338369565,0.193128208664477,0.390557824045303,0.0575139563771043,0.249897831377772,-0.0413246724102008,0.354564756101305,0.0883438784038772,0.243658600374299
"KCxRGDPLxPOP",-0.641228709187475,0.236993724152258,-0.0791834370594758,-0.109137983598373,0.96790749382086,-0.284885959024206,0.965428535724677,0.214395746588244,0.214707604337206,0.219195143784303,-0.592821537384872,0.415302773473375,0.194420240761847,0.108538005748299,1,0.98628423104352,0.97407606848783,0.998239266806477,0.998257210818786,0.998449719273471,0.693127217962975,-0.439899603120279,0.827159058717398,0.580899055782263,-0.41831301081217,0.631873140179873,-0.455644374256339,0.879720895776294,-0.0293897204067393,-0.404910421000068,0.101218774209008,0.837186165061029,-0.358378041856282,0.633582100462474,0.555365088227906,-0.365418859450854,-0.00224532746963541,0.0549239146221525,-0.238049838029883,-0.382114796561912,0.217655924675074,0.847481617605181,-0.420319073847761,0.88869919097685,-0.289527266225778,-0.157720423407972,0.799364620490598,-0.261133418671331,-0.0895919174834136,-0.206406511470267,0.477547235062835,-0.376537969571902,-0.155880897142316,0.887696065695294,-0.12526754683246,-0.322718642804504,-0.145743496275319,-0.130929611330201,0.402506431542684,-0.3080042243089,-0.365242925395058,0.420797026861797,0.852993470519661,-0.273092672190702,0.646517766592586,-0.249861275664997,-0.313214099098845,0.571757055185597,0.455607960377887,-0.121906791808183,0.0182636468376391,-0.173735167924984,-0.222709132563004,0.218943521273422,-0.381404156618063,0.632776661396702,-0.274378032202137,0.239825311188126,0.892723737782178,-0.365987340634327,0.172878629194227,0.654557055165845,-0.149973351904287,0.01052226405153,0.12388116543895,-0.361399822621461,-0.0860056415028255,0.647662504145971,-0.072612146829206,0.463321246697418,-0.292128754316462,0.60029557242418,0.525096833258183
"KGxRGDPLxPOP",-0.578483340097694,0.235832463814952,-0.0327995458772363,-0.131896503791671,0.974431558337729,-0.288657500943981,0.975203552295388,0.199591398795565,0.200001335839823,0.205577321946981,-0.538639829925173,0.394434021944409,0.222019190635423,0.0852078550648476,0.98628423104352,1,0.948257315691932,0.985350932515429,0.985490669339553,0.987037180091858,0.704527424035398,-0.45173208016835,0.836967533386216,0.582878273937709,-0.427907549936713,0.62922835134714,-0.466848544461559,0.888171186075184,-0.0223928193575416,-0.414957652448416,0.0989814346314009,0.832833170504585,-0.368275160807853,0.638533130113744,0.547512139613767,-0.37318122141478,0.014081879346742,0.0546603458991489,-0.244578284021795,-0.392402201043282,0.205258519812443,0.839849495529564,-0.430527416067839,0.896819904275903,-0.298796207969543,-0.163231618612384,0.785775907768217,-0.267199612961268,-0.0785402317733496,-0.207761548172133,0.478805912341845,-0.385938844339926,-0.160908668723015,0.87966574112504,-0.123836051146044,-0.329505211900196,-0.142242870584502,-0.134244107773924,0.428407993953736,-0.316833327551697,-0.374914479967519,0.426989416008862,0.848853720126271,-0.278455993493874,0.634984190088005,-0.257433529528614,-0.320515690027392,0.563959757103564,0.450216631241836,-0.124411431727696,0.0232311556575924,-0.171334933398788,-0.222576609780723,0.233039292685773,-0.390571936143549,0.64340374720022,-0.28325608724229,0.236327762061425,0.868616004178148,-0.372825980313738,0.174036048773142,0.646587924495051,-0.146424127205015,0.0149637152599974,0.137075910437169,-0.369149731199688,-0.0932849890038814,0.641354870193766,-0.0734154080175914,0.485937755102397,-0.301601210807076,0.596650691997676,0.508045856386219
"KIxRGDPLxPOP",-0.588069833847889,0.175043429347553,-0.129464339416492,0.000284396099399947,0.969058877839125,-0.293173281612746,0.95944736051326,0.213371505241292,0.213486541542667,0.215887116752712,-0.527637374145545,0.388327055156757,0.153736133979091,0.164580914752278,0.97407606848783,0.948257315691932,1,0.983551976218545,0.983425203585852,0.981856699648636,0.70335459564908,-0.439868722915215,0.810156104590501,0.602496530483583,-0.433035105015022,0.657879205149425,-0.468517105194745,0.838746026498265,-0.0155937631578324,-0.425143599039522,0.141260417800971,0.82074229706033,-0.352689633997607,0.640342593316618,0.579836227794161,-0.38134694571006,0.0307612392596388,0.0728901877335604,-0.25257645056565,-0.399366622832884,0.270103776700597,0.828242898616304,-0.437070788967763,0.832203386057981,-0.308164533004856,-0.140605370635484,0.809963714641155,-0.274602254845495,-0.0568575492993721,-0.186337374358952,0.492546816052765,-0.397670454586103,-0.1215253831604,0.845644566176243,-0.119324486498982,-0.34124389385987,-0.133294749111994,-0.122016964413747,0.399036721378367,-0.328434572803327,-0.365609039961668,0.452793153394522,0.821775347388477,-0.260116318713167,0.639445011739663,-0.266421983079967,-0.315737343147127,0.606823014718968,0.482047373842486,-0.123246895798708,0.0339483475245637,-0.162026414041314,-0.228485699405634,0.22451056057599,-0.393302869244967,0.622805687280562,-0.293223690104402,0.278182182758274,0.872819216099683,-0.372360140680508,0.216738558401241,0.650871039678636,-0.145095478324136,0.0279677694644168,0.130487012842856,-0.374225784274855,-0.0512775687086825,0.651757731915298,-0.0506372836458014,0.46156342960006,-0.280183543283899,0.612654894940698,0.550974266476611
"RGDPCHxPOP",-0.609979705288104,0.220919302446974,-0.090473002779536,-0.0894750597388985,0.977548779464344,-0.289668080149457,0.973761355419054,0.217713908678175,0.217994007669346,0.222144707664893,-0.558669008993395,0.412351807697148,0.190626918563075,0.121717198977287,0.998239266806477,0.985350932515429,0.983551976218545,1,0.999999477183387,0.999934830820012,0.709503653666094,-0.448598450066143,0.835235783384711,0.599325684243527,-0.431646188288477,0.647749481681763,-0.469081037030295,0.879489137568654,-0.0248415572450991,-0.420782072694871,0.117249929405349,0.843858695574676,-0.363444896167592,0.648606374644617,0.573013731071595,-0.378007223243285,0.00827263284411787,0.0641795735923967,-0.248190265778357,-0.395744870667462,0.233451960245575,0.850501339572452,-0.434460784718674,0.88231436025026,-0.302482524826327,-0.153636143501814,0.811072099680889,-0.27142727351363,-0.0823026061466352,-0.202611875494837,0.492076530679256,-0.392127443133818,-0.145641967788651,0.884768312729464,-0.124519917386964,-0.335416200009856,-0.144036191688956,-0.130252274925598,0.407801039302854,-0.322206740952304,-0.37184209318333,0.440177398260067,0.855082248934009,-0.273698073800757,0.655851768459633,-0.261326467842189,-0.319667355924028,0.585210434932949,0.471908267557843,-0.123826137155922,0.0229043801026303,-0.173185614615108,-0.227182366926455,0.225646652047345,-0.39307154418071,0.643923277323057,-0.287384500753465,0.257812917484853,0.894810708248018,-0.374908437951256,0.18922351006862,0.665803502403414,-0.15076496348762,0.015381977213143,0.129869239530104,-0.373539422924132,-0.0761110373396408,0.660794196443782,-0.0671762930511622,0.476350968961616,-0.293682950203258,0.61534456651643,0.541411303148857
"RGDPLxPOP",-0.609879694157691,0.221016912665616,-0.0902966826921607,-0.0897024276166251,0.977590749051896,-0.289689024938427,0.973827257663024,0.21763422366333,0.217915637254584,0.222075982933276,-0.558612834201406,0.41229058636814,0.190702428373781,0.121528908395164,0.998257210818786,0.985490669339553,0.983425203585852,0.999999477183387,1,0.999944596471281,0.709467842352567,-0.448577516502161,0.835258379312852,0.599224770317063,-0.431598894652748,0.647665230227282,-0.469035742463907,0.879569312898837,-0.0247959130287573,-0.420732350843659,0.117153873823386,0.843832611745321,-0.363426088474894,0.648534783659918,0.57287971829318,-0.377957330308522,0.00831983834496755,0.0641428585151348,-0.248164507791842,-0.395701296635214,0.233337274464341,0.850471596648312,-0.434410319187017,0.882434770264863,-0.302450886422952,-0.153671615624927,0.810982119951798,-0.271397532336799,-0.0822796122419679,-0.2026106407238,0.491977813109203,-0.392077957257873,-0.145703050126011,0.884795458417577,-0.124463625168467,-0.335364335968848,-0.144004584758769,-0.130225765734497,0.407894636739898,-0.322167995364236,-0.371815075959527,0.440071580420827,0.855092516853333,-0.273682587440173,0.655750747761633,-0.261299121876082,-0.319643585956278,0.585127700065772,0.471779652270787,-0.123783612434772,0.0229421155922746,-0.173151149456656,-0.227128275951766,0.225679814160798,-0.393025599193535,0.643900061860131,-0.287355093986208,0.257686317605109,0.894746462858177,-0.37487090260229,0.189156984532862,0.665712991880663,-0.150727111075634,0.0154040133233482,0.12989857723378,-0.373498295009115,-0.0761700920146904,0.66069357239939,-0.0671603127686927,0.476333529793653,-0.293676300412948,0.615236356734492,0.541252118667056
"RGDPL2xPOP",-0.609131268061755,0.221810557503152,-0.0882669506059273,-0.0919408296530915,0.977793429835649,-0.289539520945931,0.974333920492122,0.216931212182526,0.217221973924752,0.221493482792058,-0.55847131890285,0.411682713228058,0.191718560196965,0.119697626705453,0.998449719273471,0.987037180091858,0.981856699648636,0.999934830820012,0.999944596471281,1,0.708557026611856,-0.447903858578727,0.835269088173577,0.597512463267755,-0.430544114547444,0.646538756141215,-0.468053934606003,0.880573512615008,-0.0243748230008864,-0.419680897947179,0.115798763126217,0.843355755024594,-0.362793345208222,0.647183726002828,0.570824334829569,-0.376970380642757,0.00881786624868601,0.0637181126187711,-0.247533131252783,-0.394729043072724,0.23195151343792,0.850389252610972,-0.433388883777998,0.884195522050966,-0.301681374151724,-0.153977451244733,0.809821679662129,-0.270731169098559,-0.0819079910184783,-0.202370075074256,0.490644439746652,-0.391071724815881,-0.146431934772302,0.885303398586091,-0.123973209400259,-0.334389843638815,-0.143637467006044,-0.129934187601048,0.4089728157536,-0.321322503957901,-0.371120821030657,0.438256078445694,0.855252936061839,-0.273296670125774,0.654244506435339,-0.26062950370146,-0.318969763786934,0.584580604198814,0.469919543381957,-0.123371693571489,0.0231401247951901,-0.172770145747534,-0.226299257465849,0.225932684771841,-0.392084596795438,0.643218326671083,-0.286624624182004,0.255836110207079,0.893972615961791,-0.374037993121548,0.188304662487944,0.664343478155502,-0.150227051866156,0.0156026801206489,0.130034251629908,-0.37262871866113,-0.0767305896216849,0.65906956382442,-0.0669875719398073,0.475942036546087,-0.293212514374944,0.613461264901047,0.538961982759873
"sig_0",-0.21751210850621,0.131580049633677,-0.126165631254484,-0.087624205383737,0.755167640777007,-0.281644835058394,0.774727868602168,0.219207862500558,0.219270332261187,0.220445182489909,-0.179769069935159,0.383214585579263,0.214530675425243,0.122976288955992,0.693127217962975,0.704527424035398,0.70335459564908,0.709503653666094,0.709467842352567,0.708557026611856,1,-0.534575383155779,0.918574358566201,0.965262637263658,-0.687071538266536,0.886822700381024,-0.673866885646832,0.808106348229301,0.172627175424914,-0.736595151577372,0.505267769927706,0.894300437989535,-0.404751044603454,0.951729397161446,0.909606256625149,-0.603985394047308,0.196235371676957,0.345918060501999,-0.486078325369151,-0.642377754899732,0.431771486810757,0.857501280611439,-0.662859473561826,0.704450500456023,-0.598516949343256,0.0327481670899803,0.896283450498487,-0.495421744030474,0.0250827444864972,-0.0942762640908955,0.820249078283938,-0.687583688199378,0.145820724166174,0.774027055773607,-0.0208632677086429,-0.536053529370894,-0.0667802206026347,-0.0342965856507593,0.589250538116192,-0.635934590332993,-0.432943309266147,0.848904654116444,0.83036797870526,-0.216119782176463,0.854432902079616,-0.533778540982374,-0.433573011081086,0.673319735423405,0.805030256924375,-0.0899863028204474,0.138933690224956,-0.109258495877626,-0.190963195110539,0.503408385160223,-0.570900885458321,0.911955992825838,-0.590542406089763,0.651015584962858,0.819023644208896,-0.498477233079906,0.517103672179523,0.876226762822665,-0.102644904897418,0.143183537770641,0.397869346349569,-0.583837493449102,0.150264922645329,0.91368762318821,0.0921174628817957,0.800108289315819,-0.2964319344239,0.919014185192152,0.835019276589161
"sig_1",0.124397796679398,-0.261690881326542,-0.00670989154676648,0.150159367000616,-0.495339776635002,0.169189606079096,-0.512063062661958,0.165939112814992,0.166151795697473,0.166529955849058,0.0972349062585967,0.0518412773040724,0.146257585006837,0.225912740951131,-0.439899603120279,-0.45173208016835,-0.439868722915215,-0.448598450066143,-0.448577516502161,-0.447903858578727,-0.534575383155779,1,-0.652386924133551,-0.482505043262844,0.635764691976358,-0.40971865152466,0.930010786965419,-0.576090331869,0.215963039179331,0.59962562650546,0.195335155351235,-0.62634477968648,0.960231455701675,-0.650732675849276,-0.427873490596884,0.52329520830144,0.232383225008995,0.132169088592448,0.0656815772505655,0.787118707819216,0.0954347948232684,-0.550436178589863,0.864556010859758,-0.48739964513723,0.235319409741877,0.625379417705039,-0.547464388179989,0.128838556380291,0.374717921293358,0.632809204142304,-0.456430901617837,0.658068194430054,0.516885149028314,-0.537176575835686,0.269693388697511,0.6458175626035,0.317155574768749,0.412305344903654,-0.293024901592899,0.309352017243744,0.956866146373216,-0.489143250142487,-0.583561802373771,0.676268436078969,-0.595722085282523,0.0358716661922725,0.763070652318005,-0.193692873311362,-0.390913253123904,0.320930329419613,0.0433635921034801,0.406204101340456,0.578731185354798,-0.145889343675059,0.924283469708288,-0.666082819251067,0.159360694759555,-0.0690204258868956,-0.554204834899984,0.839607812765535,-0.0102520530381838,-0.609708032586581,0.344289071309513,0.134675950080156,-0.0214506188897001,0.803776775883338,0.501680923177061,-0.621516934763451,0.316717724297519,-0.557090556189109,0.877515736886299,-0.584749878943467,-0.363550839887133
