"","sig_1","sig_2","sig_3","sig_4","sig_5","sig_6","sig_7","sig_8","sig_9","sig_10","sig_11","sig_12","sig_13","sig_14","sig_15","sig_16","sig_17","sig_18","sig_19","sig_20","sig_21","sig_22","sig_23","sig_24","sig_25","sig_26","sig_27","sig_28","sig_29","X.D.","X.E.","X.O.","X.B.","X.C.","X.M.","X.A.","X.T.","X.U.","X.R.","X.F.","X.G.","X.P."
"sig_1",0.999999999999991,0.953340978830373,0.906862034623065,0.954517969154094,0.978806392996068,0.986805482052952,0.975190830152489,0.941322838176375,0.719334853204242,0.761659219206722,0.83843175419008,0.868737251619069,0.749623604043959,0.878598874875775,0.850546484921561,0.882467553696001,0.944212214078287,0.852734593385794,0.910535780288453,0.937195548533918,0.92333871525596,0.959643174805731,0.960887746353752,0.97228620711688,0.958402544380299,0.969495772055198,0.95780028357317,0.947672225869553,0.930027116332664,-0.0594746932412943,-0.0372416207591199,-0.064776498712976,-0.0508910525190596,-0.0392850751621064,-0.0475464546325253,-0.0204821524757729,-0.0452493219818148,-0.0788746570966741,-0.0236561809937765,-0.0654137019852992,-0.0308144407815265,0.442806447471414
"sig_2",0.953340978830373,0.999999999999996,0.764552062960028,0.837055024673708,0.921439544550965,0.909373565418063,0.975171049218562,0.992861410172741,0.541685857939802,0.588568028457979,0.677150684813487,0.719615665085812,0.576522328341529,0.728551289809376,0.70577478055091,0.737684820610499,0.836592245100392,0.698822691880694,0.778432275137275,0.851205318678729,0.80392415547923,0.915664941150644,0.867815038524155,0.901894088712298,0.894857045090987,0.947310490390837,0.939591707209426,0.967021853401748,0.982346645226082,-0.0747921899166624,-0.0443628178329799,-0.079742722729356,-0.0503695240448344,-0.0482239843111877,-0.0562922775434299,-0.024371922388149,-0.0483815605431729,-0.0919566719115624,-0.0279967296999332,-0.0627099246548952,-0.0367065365661986,0.505274927140169
"sig_3",0.906862034623065,0.764552062960028,0.999999999999999,0.981419977417127,0.908899937391576,0.950216220630099,0.827112228734561,0.748811818111085,0.936969126019785,0.955907964787118,0.978753448993564,0.985429859188278,0.952909623602628,0.991114230122859,0.961259362595518,0.98867247215939,0.964504603614772,0.98525932431882,0.992979108432167,0.91848014478648,0.975260606659,0.864153790833387,0.963676051856415,0.926571837845311,0.903404580891056,0.850464679663127,0.834081810712702,0.780675479081757,0.73716367653683,-0.0377211627608192,-0.0250743871852658,-0.0451541673626879,-0.0373724049703764,-0.0247966401903651,-0.0321429912582729,-0.0138188283105411,-0.0451534323014646,-0.0620248763214501,-0.0162343253713113,-0.0471178453530275,-0.0207468155598689,0.32797961599119
"sig_4",0.954517969154094,0.837055024673708,0.981419977417127,0.999999999999998,0.950956293479356,0.984842288042468,0.900193132941159,0.828192209541372,0.870447674261349,0.904175565977425,0.958718736601543,0.970844303808805,0.888699438215221,0.977697014519294,0.933686583898067,0.971239688289573,0.990948553202474,0.950272420526693,0.984333003840775,0.950730417097259,0.973681661711696,0.93637506359985,0.988308516355623,0.970365659716885,0.944189550824623,0.920985886253617,0.902490371153473,0.863574648486009,0.820433295943902,-0.0442736089907865,-0.0277197309955794,-0.0491890464394098,-0.0417048181918188,-0.0311531653651461,-0.035555987870572,-0.015278475864391,-0.0472160991440278,-0.0695377018236353,-0.017939304000052,-0.0520646208473161,-0.0229342343204355,0.365146059663752
"sig_5",0.978806392996068,0.921439544550965,0.908899937391576,0.950956293479356,1.00000000000003,0.984148699099023,0.970876320991211,0.92356847213255,0.730514509476975,0.769795339449964,0.840878885016304,0.882901201923367,0.758519941137521,0.882720069600151,0.887291400543451,0.909180111396826,0.957129910851682,0.858354895656759,0.922835044966262,0.982497959177288,0.955889333648887,0.969872853765342,0.96870073863131,0.988994300943057,0.995201613136435,0.978493675546761,0.981583672760276,0.950761717100334,0.920478029574835,-0.0505695887576422,-0.0297881673079763,-0.0548383162054189,-0.0448899640757892,-0.0359987115739088,-0.0381843956670841,-0.0164126383121489,-0.065967819727996,-0.0758622146463492,-0.0192878268921518,-0.0558238959474739,-0.0246475461203089,0.416204176955448
"sig_6",0.986805482052952,0.909373565418063,0.950216220630099,0.984842288042468,0.984148699099023,1.00000000000002,0.957477672114168,0.905109373899287,0.795997307384362,0.833088272866635,0.901285008867286,0.927748779391306,0.822830007734303,0.93455262935164,0.90442601579923,0.937698160921708,0.982931697134965,0.909876979667468,0.958872099365136,0.965598960136664,0.964846269259276,0.967882890395482,0.992355228457003,0.99101626406046,0.974234200031775,0.967907138193196,0.955065489297789,0.92972461178647,0.898881171956464,-0.0520171252667978,-0.0307625898235202,-0.0556388553894168,-0.0452084335267533,-0.0342058555425807,-0.0394466097197784,-0.0169511291372736,-0.055402413591864,-0.0765021970018536,-0.0198574560973167,-0.0568917412650482,-0.025453845990668,0.409406047534902
"sig_7",0.975190830152489,0.975171049218562,0.827112228734561,0.900193132941159,0.970876320991211,0.957477672114168,0.999999999999988,0.983009267894545,0.614410513178675,0.663520571809794,0.755454737025581,0.799869202605179,0.64532905955957,0.803060683625196,0.779410077518791,0.815550261090387,0.911460732998463,0.76505877029952,0.84956305719501,0.925910436669347,0.875357271247736,0.977380740447842,0.929065552025197,0.96538617338851,0.957242669571181,0.993813906476375,0.988612837180943,0.994563601258502,0.982396867470409,-0.0602204209176704,-0.0333942017468561,-0.0614953175560537,-0.0487153380387469,-0.0399144911367892,-0.0428241420444501,-0.018400783807968,-0.0649395322292332,-0.0849109064975798,-0.0215066241049351,-0.0607183188839368,-0.0276311112513132,0.456809764040156
"sig_8",0.941322838176375,0.992861410172741,0.748811818111085,0.828192209541372,0.92356847213255,0.905109373899287,0.983009267894545,0.999999999999984,0.524292803116986,0.57314347732419,0.6660162284814,0.712709923701955,0.558457792634568,0.718465210872054,0.695625727618946,0.730375390724347,0.838612866312654,0.683101350866749,0.77206588901964,0.858691180028413,0.800111070999643,0.929277658098181,0.868542589667544,0.908489517611034,0.903073667146228,0.960751529817684,0.955545824548876,0.984808964023436,0.997531388567629,-0.0679745333278449,-0.0369390268138336,-0.0691737182453168,-0.0494152879479177,-0.0441951082054854,-0.047269568721808,-0.0203539933236607,-0.0681256558990302,-0.0928661811580004,-0.0237647807523622,-0.060705938439871,-0.0305642347931521,0.493519582983024
"sig_9",0.719334853204242,0.541685857939802,0.936969126019785,0.870447674261349,0.730514509476975,0.795997307384362,0.614410513178675,0.524292803116986,1,0.992564195292692,0.960633758635292,0.951160190417332,0.994961733690035,0.946672125615059,0.926398381519996,0.940923422187348,0.854889662540034,0.958993397311927,0.921018813317824,0.77707444390846,0.88486117586803,0.682289232878093,0.837485573229249,0.768275209205722,0.733579232463916,0.652159066167924,0.628777531930225,0.562281044679309,0.513193837649192,-0.02090427783249,-0.0157304655582879,-0.0294907734096615,-0.0238788345933752,-0.015405672216107,-0.0201838949725067,-0.00866970946674329,-0.0329632676991105,-0.0429439435761073,-0.0102157855489824,-0.0299644706016049,-0.0130158721403819,0.214744381655601
"sig_10",0.761659219206722,0.588568028457979,0.955907964787118,0.904175565977425,0.769795339449964,0.833088272866635,0.663520571809794,0.57314347732419,0.992564195292692,1.00000000000001,0.98035178003058,0.972358966910577,0.987870531769986,0.967548890180696,0.926009314216898,0.957472314022782,0.886846820611292,0.960535167818866,0.947238228810248,0.809437686373342,0.90342700170377,0.729934664294207,0.86992902665073,0.807839584046864,0.773794288503941,0.700360636306161,0.677928410557722,0.613872029471112,0.562895410385419,-0.0250616381573463,-0.0172979242101885,-0.0321425533310725,-0.0262539623902429,-0.0184717080748661,-0.0221976594345129,-0.00953359209328718,-0.0353586922794379,-0.0477681850260212,-0.0112321377021073,-0.0329561127028575,-0.0143123670818672,0.238425684211144
"sig_11",0.83843175419008,0.677150684813487,0.978753448993564,0.958718736601543,0.840878885016304,0.901285008867286,0.755454737025581,0.6660162284814,0.960633758635292,0.98035178003058,1.00000000000001,0.989648117604876,0.966506027677106,0.995376604543904,0.934230695785277,0.975687683186057,0.945799758868959,0.97410443718711,0.977674489547489,0.8699932138241,0.937967561161145,0.82220817139929,0.930850389555022,0.880444413768633,0.842822321808892,0.791379848223148,0.766749123257032,0.710849291104316,0.65805641687349,-0.0314313507673627,-0.0202769055377222,-0.0369678974210287,-0.0308442447527569,-0.0242959219074166,-0.0260229350357396,-0.0111752041224192,-0.0412532345810971,-0.0560970167267707,-0.0131672651013809,-0.0386025299874209,-0.0167772402926138,0.282333243617135
"sig_12",0.868737251619069,0.719615665085812,0.985429859188278,0.970844303808805,0.882901201923367,0.927748779391306,0.799869202605179,0.712709923701955,0.951160190417332,0.972358966910577,0.989648117604876,1,0.955094380123343,0.992824236311153,0.955518791571535,0.990916936359516,0.967790633458908,0.971524104634791,0.98907661442282,0.912771252187541,0.965192576548911,0.861083027028293,0.953800020621074,0.915791048803699,0.88774056066087,0.835464084921126,0.816290122271872,0.759642283855056,0.706888977811968,-0.0344460599576885,-0.0212961694670246,-0.0396822731321202,-0.0322942972145812,-0.0250105702006294,-0.0273282536480865,-0.0117370412981659,-0.0457655490666407,-0.0586035314730902,-0.0138195651418131,-0.040503849084414,-0.0176211375182217,0.300393042573843
"sig_13",0.749623604043959,0.576522328341529,0.952909623602628,0.888699438215221,0.758519941137521,0.822830007734303,0.64532905955957,0.558457792634568,0.994961733690035,0.987870531769986,0.966506027677106,0.955094380123343,1,0.958904544936207,0.935124261732237,0.950297377771552,0.87177261108851,0.977224830696466,0.937479775078118,0.797219996931235,0.902525020251744,0.704657795415558,0.862052867995663,0.792503720247592,0.759763780484415,0.680169341815038,0.658160676709977,0.592750599394058,0.546574803545779,-0.0250181217351629,-0.0171654595575302,-0.0320975546343721,-0.0259086638661806,-0.014713613516185,-0.0220262254712565,-0.00946047366878371,-0.0352114459349867,-0.0467096295461519,-0.0111465407178819,-0.0325174724811652,-0.0142031373475009,0.233639189585744
"sig_14",0.878598874875775,0.728551289809376,0.991114230122859,0.977697014519294,0.882720069600151,0.93455262935164,0.803060683625196,0.718465210872054,0.946672125615059,0.967548890180696,0.995376604543904,0.992824236311153,0.958904544936207,0.999999999999995,0.94952299640593,0.986400944712849,0.967036496748385,0.983158592210752,0.991074824147992,0.90415086851073,0.962143270090175,0.859058465764849,0.958550393555485,0.915199354824567,0.882987294838629,0.835225176300824,0.813588283856386,0.760239012543621,0.710652729084225,-0.0361444999202183,-0.0222438280918377,-0.0408068701249086,-0.0337517056303999,-0.0252208626718794,-0.0285466500857169,-0.0122593006484829,-0.0444267564562643,-0.0607471213356394,-0.0144394309807965,-0.0422880968616117,-0.0184051443712317,0.308560728530334
"sig_15",0.850546484921561,0.70577478055091,0.961259362595518,0.933686583898067,0.887291400543451,0.90442601579923,0.779410077518791,0.695625727618946,0.926398381519996,0.926009314216898,0.934230695785277,0.955518791571535,0.935124261732237,0.94952299640593,1.00000000000001,0.981780880900657,0.932881339719903,0.964653979675436,0.949766389464029,0.927067684050707,0.979409399780706,0.827523812948552,0.924269692384907,0.894269097910136,0.890757095083278,0.810420718689097,0.802989305099477,0.735651704037035,0.687891078876026,-0.0291613462607411,-0.0213477945084088,-0.039580885922171,-0.0324737739421485,-0.0254806812700187,-0.0273919656881433,-0.0117632544394799,-0.0489446832740966,-0.0533613694196509,-0.0138677873693177,-0.0405820322042269,-0.0176651961846165,0.29330042156138
"sig_16",0.882467553696001,0.737684820610499,0.98867247215939,0.971239688289573,0.909180111396826,0.937698160921708,0.815550261090387,0.730375390724347,0.940923422187348,0.957472314022782,0.975687683186057,0.990916936359516,0.950297377771552,0.986400944712849,0.981780880900657,0.999999999999999,0.968133072525918,0.977216400547134,0.989085288371776,0.940505226940324,0.987241975544699,0.867233078087024,0.959394250963886,0.927627930135256,0.914641933019028,0.848184256655223,0.837697540882988,0.774680104058889,0.723936185383429,-0.0336315420446168,-0.0218674618908495,-0.0409042301834203,-0.0332455876076077,-0.0256994245747376,-0.0280586125522874,-0.0120518069098291,-0.0505420718357448,-0.0595718002667198,-0.0141990921027768,-0.04156959155161,-0.0180937373527,0.310200626967681
"sig_17",0.944212214078287,0.836592245100392,0.964504603614772,0.990948553202474,0.957129910851682,0.982931697134965,0.911460732998463,0.838612866312654,0.854889662540034,0.886846820611292,0.945799758868959,0.967790633458908,0.87177261108851,0.967036496748385,0.932881339719903,0.968133072525918,1.00000000000001,0.937501626929789,0.978079992827389,0.967619896090023,0.976661479927177,0.957185926602157,0.993251577842074,0.98267962791392,0.958182954309771,0.939586426103533,0.922942388339436,0.884277987249238,0.837264632265756,-0.044084978687066,-0.0252624745706465,-0.0468662734758308,-0.0382919311829572,-0.0306326855259547,-0.0324189610937833,-0.0139229193189673,-0.0553613010611265,-0.0693672169934077,-0.0163883400825033,-0.0478458128187639,-0.0209028502966428,0.360460854233572
"sig_18",0.852734593385794,0.698822691880694,0.98525932431882,0.950272420526693,0.858354895656759,0.909876979667468,0.76505877029952,0.683101350866749,0.958993397311927,0.960535167818866,0.97410443718711,0.971524104634791,0.977224830696466,0.983158592210752,0.964653979675436,0.977216400547134,0.937501626929789,1.00000000000001,0.97266397140247,0.881265136249846,0.957294696189668,0.812582638598789,0.934492046065573,0.884284236474288,0.854489880250862,0.794211878013593,0.773651962948978,0.716650013518541,0.672028704827172,-0.0339349408349829,-0.0220537369707465,-0.0403250968686335,-0.0331284465472236,-0.0202343874548485,-0.0283017324872219,-0.0121545297017628,-0.0400971715195365,-0.0579884147320024,-0.0143128476059178,-0.0418290813774634,-0.0182479581455894,0.293765522428793
"sig_19",0.910535780288453,0.778432275137275,0.992979108432167,0.984333003840775,0.922835044966262,0.958872099365136,0.84956305719501,0.77206588901964,0.921018813317824,0.947238228810248,0.977674489547489,0.98907661442282,0.937479775078118,0.991074824147992,0.949766389464029,0.989085288371776,0.978079992827389,0.97266397140247,1.00000000000001,0.935521812240718,0.978246380785211,0.890398640236911,0.977195170528538,0.945797337510007,0.924995314129191,0.877539408360776,0.864043326376549,0.81174201504671,0.765690688798231,-0.0399622219110666,-0.0236161673126814,-0.0441575459178202,-0.0357354650856429,-0.0258335118379825,-0.0303048612717385,-0.0130155523923146,-0.0513199513842991,-0.0647980400254974,-0.0153230784949449,-0.0447829183270511,-0.0195407563333004,0.333837662194415
"sig_20",0.937195548533918,0.851205318678729,0.91848014478648,0.950730417097259,0.982497959177288,0.965598960136664,0.925910436669347,0.858691180028413,0.77707444390846,0.809437686373342,0.8699932138241,0.912771252187541,0.797219996931235,0.90415086851073,0.927067684050707,0.940505226940324,0.967619896090023,0.881265136249846,0.935521812240718,0.999999999999987,0.975636083524876,0.95613317558684,0.965390538290479,0.980519142289689,0.991129265455468,0.950092876517071,0.955308256839882,0.905671346493336,0.86007849365715,-0.0426953095257347,-0.0250763557287208,-0.0475258779232991,-0.0381592540107039,-0.0325610743795226,-0.0321808865934488,-0.0138203234903627,-0.0617308731253275,-0.070772442253115,-0.01628857285612,-0.0475683488046864,-0.0207488640695054,0.368922673005379
"sig_21",0.92333871525596,0.80392415547923,0.975260606659,0.973681661711696,0.955889333648887,0.964846269259276,0.875357271247736,0.800111070999643,0.88486117586803,0.90342700170377,0.937967561161145,0.965192576548911,0.902525020251744,0.962143270090175,0.979409399780706,0.987241975544699,0.976661479927177,0.957294696189668,0.978246380785211,0.975636083524876,0.999999999999995,0.910137468247519,0.975524718376969,0.961612885854276,0.959496042246988,0.901504998757043,0.897390126851309,0.840376543068052,0.795050698875335,-0.0387624729672589,-0.0243823645810506,-0.0455661448501239,-0.0369953872750319,-0.0291035284310425,-0.0312874996547552,-0.0134373311757107,-0.0567014260184787,-0.06417278698752,-0.0158275187719499,-0.0462033996870393,-0.0201746367717195,0.344750800987204
"sig_22",0.959643174805731,0.915664941150644,0.864153790833387,0.93637506359985,0.969872853765342,0.967882890395482,0.977380740447842,0.929277658098181,0.682289232878093,0.729934664294207,0.82220817139929,0.861083027028293,0.704657795415558,0.859058465764849,0.827523812948552,0.867233078087024,0.957185926602157,0.812582638598789,0.890398640236911,0.95613317558684,0.910137468247519,1.00000000000001,0.954726497946567,0.985762370979539,0.966948380497423,0.992581980020912,0.981889026001093,0.970676029729459,0.933965949005301,-0.0515636531484592,-0.0282584086914737,-0.0524339105115094,-0.0428813919266282,-0.0354694023700965,-0.0362646285250748,-0.0155740472684303,-0.0612948044212578,-0.0771505917812626,-0.0183265071168288,-0.0531907607592738,-0.0233817819105351,0.404539652901167
"sig_23",0.960887746353752,0.867815038524155,0.963676051856415,0.988308516355623,0.96870073863131,0.992355228457003,0.929065552025197,0.868542589667544,0.837485573229249,0.86992902665073,0.930850389555022,0.953800020621074,0.862052867995663,0.958550393555485,0.924269692384907,0.959394250963886,0.993251577842074,0.934492046065573,0.977195170528538,0.965390538290479,0.975524718376969,0.954726497946567,0.999999999999995,0.98520812072949,0.966327963372885,0.949586056533136,0.934903018566504,0.901728023503395,0.865596618601424,-0.0484984825738827,-0.0268806251179496,-0.050434018729211,-0.0403489280979514,-0.0318450446583504,-0.0344923990054959,-0.0148144619887742,-0.0594721273965574,-0.0742849054794577,-0.0174327387054431,-0.0505725725693505,-0.0222417660169371,0.385601907128639
"sig_24",0.97228620711688,0.901894088712298,0.926571837845311,0.970365659716885,0.988994300943057,0.99101626406046,0.96538617338851,0.908489517611034,0.768275209205722,0.807839584046864,0.880444413768633,0.915791048803699,0.792503720247592,0.915199354824567,0.894269097910136,0.927627930135256,0.98267962791392,0.884284236474288,0.945797337510007,0.980519142289689,0.961612885854276,0.985762370979539,0.98520812072949,0.99999999999999,0.987660312446421,0.982878624023664,0.97597236162526,0.947706984128352,0.908805265536559,-0.0496664186128649,-0.027834659381054,-0.051872130171708,-0.0420773205827866,-0.0334758243461423,-0.0357211122964633,-0.0153400556819876,-0.0616240167598872,-0.0753932578279117,-0.0180491741180316,-0.0526523745332094,-0.023031129778802,0.397465393127485
"sig_25",0.958402544380299,0.894857045090987,0.903404580891056,0.944189550824623,0.995201613136435,0.974234200031775,0.957242669571181,0.903073667146228,0.733579232463916,0.773794288503941,0.842822321808892,0.88774056066087,0.759763780484415,0.882987294838629,0.890757095083278,0.914641933019028,0.958182954309771,0.854489880250862,0.924995314129191,0.991129265455468,0.959496042246988,0.966948380497423,0.966327963372885,0.987660312446421,0.999999999999987,0.972809691235548,0.980314565034403,0.940841722417456,0.903944269345896,-0.0485311435168373,-0.0271241799321445,-0.0513236991122627,-0.04118482444387,-0.0344834315894934,-0.0348075532205457,-0.0149489401541591,-0.0657620445543625,-0.0754550742253299,-0.0176073746329914,-0.0512844167569702,-0.0224432899460079,0.397990163713941
"sig_26",0.969495772055198,0.947310490390837,0.850464679663127,0.920985886253617,0.978493675546761,0.967907138193196,0.993813906476375,0.960751529817684,0.652159066167924,0.700360636306161,0.791379848223148,0.835464084921126,0.680169341815038,0.835225176300824,0.810420718689097,0.848184256655223,0.939586426103533,0.794211878013593,0.877539408360776,0.950092876517071,0.901504998757043,0.992581980020912,0.949586056533136,0.982878624023664,0.972809691235548,0.999999999999989,0.994363477011129,0.989149804886236,0.964244488622826,-0.0557151380790256,-0.0298194431843915,-0.0560935306650095,-0.0448103386184143,-0.0372840798311005,-0.038266647180485,-0.0164342513186608,-0.0667288778366522,-0.0820915783764089,-0.0193233419278062,-0.0558352280187507,-0.0246733958409052,0.431097424218556
"sig_27",0.95780028357317,0.939591707209426,0.834081810712702,0.902490371153473,0.981583672760276,0.955065489297789,0.988612837180943,0.955545824548876,0.628777531930225,0.677928410557722,0.766749123257032,0.816290122271872,0.658160676709977,0.813588283856386,0.802989305099477,0.837697540882988,0.922942388339436,0.773651962948978,0.864043326376549,0.955308256839882,0.897390126851309,0.981889026001093,0.934903018566504,0.97597236162526,0.980314565034403,0.994363477011129,0.999999999999985,0.986583917387404,0.960333677213298,-0.0545570237988448,-0.0287514878647642,-0.0547329653608452,-0.0435959575101343,-0.0367196814647049,-0.0368964462224691,-0.0158455611044778,-0.0698133697549446,-0.0818230550032965,-0.01865322002631,-0.0543416870297533,-0.0237897691337508,0.42732341429332
"sig_28",0.947672225869553,0.967021853401748,0.780675479081757,0.863574648486009,0.950761717100334,0.92972461178647,0.994563601258502,0.984808964023436,0.562281044679309,0.613872029471112,0.710849291104316,0.759642283855056,0.592750599394058,0.760239012543621,0.735651704037035,0.774680104058889,0.884277987249238,0.716650013518541,0.81174201504671,0.905671346493336,0.840376543068052,0.970676029729459,0.901728023503395,0.947706984128352,0.940841722417456,0.989149804886236,0.986583917387404,0.99999999999999,0.989955430563487,-0.0593039990929493,-0.0308648127395901,-0.0587152247314535,-0.0461094162535973,-0.0393654152214906,-0.0396062202277896,-0.0170104173777722,-0.0714118207278357,-0.0868867429152063,-0.0199969040296173,-0.0574393728818831,-0.0255383920611337,0.453091241141597
"sig_29",0.930027116332664,0.982346645226082,0.73716367653683,0.820433295943902,0.920478029574835,0.898881171956464,0.982396867470409,0.997531388567629,0.513193837649192,0.562895410385419,0.65805641687349,0.706888977811968,0.546574803545779,0.710652729084225,0.687891078876026,0.723936185383429,0.837264632265756,0.672028704827172,0.765690688798231,0.86007849365715,0.795050698875335,0.933965949005301,0.865596618601424,0.908805265536559,0.903944269345896,0.964244488622826,0.960333677213298,0.989955430563487,0.999999999999977,-0.0642708745119265,-0.0333101675673837,-0.0637446195814079,-0.0478416228536921,-0.0423024829856392,-0.0427200112598672,-0.0183580556775773,-0.0746678794384156,-0.0925817980969533,-0.0215778004454059,-0.0591411308048531,-0.0275617456724999,0.481604281239958
"X.D.",-0.0594746932412943,-0.0747921899166624,-0.0377211627608192,-0.0442736089907865,-0.0505695887576422,-0.0520171252667978,-0.0602204209176704,-0.0679745333278449,-0.02090427783249,-0.0250616381573463,-0.0314313507673627,-0.0344460599576885,-0.0250181217351629,-0.0361444999202183,-0.0291613462607411,-0.0336315420446168,-0.044084978687066,-0.0339349408349829,-0.0399622219110666,-0.0426953095257347,-0.0387624729672589,-0.0515636531484592,-0.0484984825738827,-0.0496664186128649,-0.0485311435168373,-0.0557151380790256,-0.0545570237988448,-0.0593039990929493,-0.0642708745119265,0.999999999999981,-0.0558063572747858,-0.10941214095229,-0.0849496385306778,-0.0759215691236992,-0.0716225968102461,-0.0307565388966391,-0.145471391238822,-0.171363060635441,-0.0362495223045491,-0.106565611685588,-0.0461757096539606,-0.130100223718071
"X.E.",-0.0372416207591199,-0.0443628178329799,-0.0250743871852658,-0.0277197309955794,-0.0297881673079763,-0.0307625898235202,-0.0333942017468561,-0.0369390268138336,-0.0157304655582879,-0.0172979242101885,-0.0202769055377222,-0.0212961694670246,-0.0171654595575302,-0.0222438280918377,-0.0213477945084088,-0.0218674618908495,-0.0252624745706465,-0.0220537369707465,-0.0236161673126814,-0.0250763557287208,-0.0243823645810506,-0.0282584086914737,-0.0268806251179496,-0.027834659381054,-0.0271241799321445,-0.0298194431843915,-0.0287514878647642,-0.0308648127395901,-0.0333101675673837,-0.0558063572747858,1.00000000000003,-0.0540313930229768,-0.0419509870354541,-0.0374926228893769,-0.0353696458537274,-0.0151886127689924,-0.0718386629236284,-0.084624839603965,-0.0179012326190224,-0.0526256811867777,-0.0228031175947458,-0.0642478637096897
"X.O.",-0.064776498712976,-0.079742722729356,-0.0451541673626879,-0.0491890464394098,-0.0548383162054189,-0.0556388553894168,-0.0614953175560537,-0.0691737182453168,-0.0294907734096615,-0.0321425533310725,-0.0369678974210287,-0.0396822731321202,-0.0320975546343721,-0.0408068701249086,-0.039580885922171,-0.0409042301834203,-0.0468662734758308,-0.0403250968686335,-0.0441575459178202,-0.0475258779232991,-0.0455661448501239,-0.0524339105115094,-0.050434018729211,-0.051872130171708,-0.0513236991122627,-0.0560935306650095,-0.0547329653608452,-0.0587152247314535,-0.0637446195814079,-0.10941214095229,-0.0540313930229768,0.999999999999971,-0.0822477497323514,-0.0735068250386765,-0.0693445848566242,-0.0297783034461103,-0.14084456139865,-0.165912726272797,-0.0350965782784944,-0.103176210182766,-0.044707055580478,-0.125962285720881
"X.B.",-0.0508910525190596,-0.0503695240448344,-0.0373724049703764,-0.0417048181918188,-0.0448899640757892,-0.0452084335267533,-0.0487153380387469,-0.0494152879479177,-0.0238788345933752,-0.0262539623902429,-0.0308442447527569,-0.0322942972145812,-0.0259086638661806,-0.0337517056303999,-0.0324737739421485,-0.0332455876076077,-0.0382919311829572,-0.0331284465472236,-0.0357354650856429,-0.0381592540107039,-0.0369953872750319,-0.0428813919266282,-0.0403489280979514,-0.0420773205827866,-0.04118482444387,-0.0448103386184143,-0.0435959575101343,-0.0461094162535973,-0.0478416228536921,-0.0849496385306778,-0.0419509870354541,-0.0822477497323514,1.00000000000003,-0.0570720777623438,-0.053840436411887,-0.0231204333612942,-0.109354359358024,-0.128817752781746,-0.0272496416985569,-0.0801079449109148,-0.0347113965440893,-0.0977994813679112
"X.C.",-0.0392850751621064,-0.0482239843111877,-0.0247966401903651,-0.0311531653651461,-0.0359987115739088,-0.0342058555425807,-0.0399144911367892,-0.0441951082054854,-0.015405672216107,-0.0184717080748661,-0.0242959219074166,-0.0250105702006294,-0.014713613516185,-0.0252208626718794,-0.0254806812700187,-0.0256994245747376,-0.0306326855259547,-0.0202343874548485,-0.0258335118379825,-0.0325610743795226,-0.0291035284310425,-0.0354694023700965,-0.0318450446583504,-0.0334758243461423,-0.0344834315894934,-0.0372840798311005,-0.0367196814647049,-0.0393654152214906,-0.0423024829856392,-0.0759215691236992,-0.0374926228893769,-0.0735068250386765,-0.0570720777623438,1.00000000000002,-0.0481185145151515,-0.0206632966304565,-0.0977326648656645,-0.115127575482818,-0.02435367108791,-0.0715944291477501,-0.0310224238464595,-0.0874057878687045
"X.M.",-0.0475464546325253,-0.0562922775434299,-0.0321429912582729,-0.035555987870572,-0.0381843956670841,-0.0394466097197784,-0.0428241420444501,-0.047269568721808,-0.0201838949725067,-0.0221976594345129,-0.0260229350357396,-0.0273282536480865,-0.0220262254712565,-0.0285466500857169,-0.0273919656881433,-0.0280586125522874,-0.0324189610937833,-0.0283017324872219,-0.0303048612717385,-0.0321808865934488,-0.0312874996547552,-0.0362646285250748,-0.0344923990054959,-0.0357211122964633,-0.0348075532205457,-0.038266647180485,-0.0368964462224691,-0.0396062202277896,-0.0427200112598672,-0.0716225968102461,-0.0353696458537274,-0.0693445848566242,-0.053840436411887,-0.0481185145151515,1.00000000000003,-0.0194932610115362,-0.0921986641169068,-0.108608607747719,-0.0229746722217599,-0.067540476203203,-0.0292658144566444,-0.0824565347589477
"X.A.",-0.0204821524757729,-0.024371922388149,-0.0138188283105411,-0.015278475864391,-0.0164126383121489,-0.0169511291372736,-0.018400783807968,-0.0203539933236607,-0.00866970946674329,-0.00953359209328718,-0.0111752041224192,-0.0117370412981659,-0.00946047366878371,-0.0122593006484829,-0.0117632544394799,-0.0120518069098291,-0.0139229193189673,-0.0121545297017628,-0.0130155523923146,-0.0138203234903627,-0.0134373311757107,-0.0155740472684303,-0.0148144619887742,-0.0153400556819876,-0.0149489401541591,-0.0164342513186608,-0.0158455611044778,-0.0170104173777722,-0.0183580556775773,-0.0307565388966391,-0.0151886127689924,-0.0297783034461103,-0.0231204333612942,-0.0206632966304565,-0.0194932610115362,1.00000000000001,-0.0395924181113191,-0.0466392593604555,-0.00986590030654956,-0.0290035739550853,-0.012567474522912,-0.0354089034961195
"X.T.",-0.0452493219818148,-0.0483815605431729,-0.0451534323014646,-0.0472160991440278,-0.065967819727996,-0.055402413591864,-0.0649395322292332,-0.0681256558990302,-0.0329632676991105,-0.0353586922794379,-0.0412532345810971,-0.0457655490666407,-0.0352114459349867,-0.0444267564562643,-0.0489446832740966,-0.0505420718357448,-0.0553613010611265,-0.0400971715195365,-0.0513199513842991,-0.0617308731253275,-0.0567014260184787,-0.0612948044212578,-0.0594721273965574,-0.0616240167598872,-0.0657620445543625,-0.0667288778366522,-0.0698133697549446,-0.0714118207278357,-0.0746678794384156,-0.145471391238822,-0.0718386629236284,-0.14084456139865,-0.109354359358024,-0.0977326648656645,-0.0921986641169068,-0.0395924181113191,0.999999999999987,-0.220593024732549,-0.0466634509247124,-0.137180268180488,-0.0594412787911692,-0.167476011235609
"X.U.",-0.0788746570966741,-0.0919566719115624,-0.0620248763214501,-0.0695377018236353,-0.0758622146463492,-0.0765021970018536,-0.0849109064975798,-0.0928661811580004,-0.0429439435761073,-0.0477681850260212,-0.0560970167267707,-0.0586035314730902,-0.0467096295461519,-0.0607471213356394,-0.0533613694196509,-0.0595718002667198,-0.0693672169934077,-0.0579884147320024,-0.0647980400254974,-0.070772442253115,-0.06417278698752,-0.0771505917812626,-0.0742849054794577,-0.0753932578279117,-0.0754550742253299,-0.0820915783764089,-0.0818230550032965,-0.0868867429152063,-0.0925817980969533,-0.171363060635441,-0.084624839603965,-0.165912726272797,-0.128817752781746,-0.115127575482818,-0.108608607747719,-0.0466392593604555,-0.220593024732549,1.00000000000001,-0.0549688272186992,-0.161596245241138,-0.0700209118438754,-0.197284164425397
"X.R.",-0.0236561809937765,-0.0279967296999332,-0.0162343253713113,-0.017939304000052,-0.0192878268921518,-0.0198574560973167,-0.0215066241049351,-0.0237647807523622,-0.0102157855489824,-0.0112321377021073,-0.0131672651013809,-0.0138195651418131,-0.0111465407178819,-0.0144394309807965,-0.0138677873693177,-0.0141990921027768,-0.0163883400825033,-0.0143128476059178,-0.0153230784949449,-0.01628857285612,-0.0158275187719499,-0.0183265071168288,-0.0174327387054431,-0.0180491741180316,-0.0176073746329914,-0.0193233419278062,-0.01865322002631,-0.0199969040296173,-0.0215778004454059,-0.0362495223045491,-0.0179012326190224,-0.0350965782784944,-0.0272496416985569,-0.02435367108791,-0.0229746722217599,-0.00986590030654956,-0.0466634509247124,-0.0549688272186992,1.00000000000002,-0.0341834854867697,-0.0148119705393755,-0.041732778885682
"X.F.",-0.0654137019852992,-0.0627099246548952,-0.0471178453530275,-0.0520646208473161,-0.0558238959474739,-0.0568917412650482,-0.0607183188839368,-0.060705938439871,-0.0299644706016049,-0.0329561127028575,-0.0386025299874209,-0.040503849084414,-0.0325174724811652,-0.0422880968616117,-0.0405820322042269,-0.04156959155161,-0.0478458128187639,-0.0418290813774634,-0.0447829183270511,-0.0475683488046864,-0.0462033996870393,-0.0531907607592738,-0.0505725725693505,-0.0526523745332094,-0.0512844167569702,-0.0558352280187507,-0.0543416870297533,-0.0574393728818831,-0.0591411308048531,-0.106565611685588,-0.0526256811867777,-0.103176210182766,-0.0801079449109148,-0.0715944291477501,-0.067540476203203,-0.0290035739550853,-0.137180268180488,-0.161596245241138,-0.0341834854867697,1.00000000000002,-0.043543931076835,-0.12268517835707
"X.G.",-0.0308144407815265,-0.0367065365661986,-0.0207468155598689,-0.0229342343204355,-0.0246475461203089,-0.025453845990668,-0.0276311112513132,-0.0305642347931521,-0.0130158721403819,-0.0143123670818672,-0.0167772402926138,-0.0176211375182217,-0.0142031373475009,-0.0184051443712317,-0.0176651961846165,-0.0180937373527,-0.0209028502966428,-0.0182479581455894,-0.0195407563333004,-0.0207488640695054,-0.0201746367717195,-0.0233817819105351,-0.0222417660169371,-0.023031129778802,-0.0224432899460079,-0.0246733958409052,-0.0237897691337508,-0.0255383920611337,-0.0275617456724999,-0.0461757096539606,-0.0228031175947458,-0.044707055580478,-0.0347113965440893,-0.0310224238464595,-0.0292658144566444,-0.012567474522912,-0.0594412787911692,-0.0700209118438754,-0.0148119705393755,-0.043543931076835,1.00000000000004,-0.0531604434587649
"X.P.",0.442806447471414,0.505274927140169,0.32797961599119,0.365146059663752,0.416204176955448,0.409406047534902,0.456809764040156,0.493519582983024,0.214744381655601,0.238425684211144,0.282333243617135,0.300393042573843,0.233639189585744,0.308560728530334,0.29330042156138,0.310200626967681,0.360460854233572,0.293765522428793,0.333837662194415,0.368922673005379,0.344750800987204,0.404539652901167,0.385601907128639,0.397465393127485,0.397990163713941,0.431097424218556,0.42732341429332,0.453091241141597,0.481604281239958,-0.130100223718071,-0.0642478637096897,-0.125962285720881,-0.0977994813679112,-0.0874057878687045,-0.0824565347589477,-0.0354089034961195,-0.167476011235609,-0.197284164425397,-0.041732778885682,-0.12268517835707,-0.0531604434587649,1.00000000000001
