1.000000 0.852380 0.953081 0.930249 0.260681 0.701415 0.551676 0.446748 0.513935 0.515576 0.715148 0.676137 0.695963 0.650978 0.242105 0.291355 0.329743 0.396175 0.131252 0.314350 0.329390 0.280180 0.279364 0.252355 0.054456 0.190279 0.361682 0.608707 0.569548
0.852380 1.000000 0.872551 0.968698 0.475464 0.679388 0.682907 0.682166 0.699275 0.743353 0.799955 0.828319 0.863774 0.786754 0.385929 0.453351 0.403524 0.497917 0.190556 0.395535 0.364175 0.371456 0.367399 0.338334 0.053702 0.188122 0.190575 0.368000 0.336660
0.953081 0.872551 1.000000 0.958601 0.377906 0.862656 0.710584 0.577370 0.665449 0.648558 0.862834 0.824746 0.823105 0.775590 0.404989 0.458452 0.517542 0.579588 0.268005 0.484748 0.505558 0.438947 0.446915 0.423669 0.132575 0.302164 0.294361 0.631005 0.524822
0.930249 0.968698 0.958601 1.000000 0.449909 0.780739 0.717844 0.660363 0.707852 0.728170 0.859087 0.859551 0.884169 0.818194 0.417473 0.481584 0.473477 0.562878 0.238328 0.458880 0.441530 0.424990 0.425830 0.394802 0.085071 0.259858 0.259033 0.498489 0.444126
0.260681 0.475464 0.377906 0.449909 1.000000 0.527708 0.495531 0.948673 0.892780 0.909755 0.684669 0.677118 0.711820 0.785858 0.766419 0.829365 0.526992 0.544154 0.399150 0.396438 0.332417 0.388579 0.450916 0.497317 0.081435 0.143971 0.014806 0.101101 0.060502
0.701415 0.679388 0.862656 0.780739 0.527708 1.000000 0.766920 0.684372 0.813514 0.733703 0.948775 0.869347 0.835683 0.848306 0.660582 0.696662 0.795435 0.792469 0.526992 0.681546 0.722885 0.613985 0.672856 0.686318 0.315774 0.446297 0.178440 0.569529 0.391588
0.551676 0.682907 0.710584 0.717844 0.495531 0.766920 1.000000 0.668434 0.722220 0.726185 0.829152 0.907187 0.837664 0.755073 0.662009 0.707402 0.763432 0.858066 0.564708 0.837335 0.821916 0.813152 0.728944 0.754503 0.340168 0.434504 0.067988 0.316221 0.202012
0.446748 0.682166 0.577370 0.660363 0.948673 0.684372 0.668434 1.000000 0.970014 0.992510 0.846522 0.850060 0.882265 0.921555 0.780801 0.854594 0.618644 0.668437 0.431391 0.517331 0.451577 0.504039 0.545896 0.573476 0.112693 0.229212 0.052306 0.197593 0.139290
0.513935 0.699275 0.665449 0.707852 0.892780 0.813514 0.722220 0.970014 1.000000 0.975731 0.924114 0.893379 0.904654 0.951648 0.817802 0.883596 0.724091 0.747832 0.509663 0.600257 0.557114 0.570505 0.619638 0.662397 0.189435 0.300088 0.073010 0.274772 0.187492
0.515576 0.743353 0.648558 0.728170 0.909755 0.733703 0.726185 0.992510 0.975731 1.000000 0.889235 0.899155 0.924756 0.944222 0.776993 0.851098 0.646316 0.703143 0.450115 0.557992 0.495047 0.539211 0.575606 0.601709 0.132437 0.253137 0.068084 0.237368 0.171138
0.715148 0.799955 0.862834 0.859087 0.684669 0.948775 0.829152 0.846522 0.924114 0.889235 1.000000 0.963714 0.957633 0.961966 0.731146 0.792571 0.774497 0.820133 0.510676 0.695717 0.682472 0.650747 0.677650 0.692346 0.239830 0.423553 0.163854 0.466853 0.344217
0.676137 0.828319 0.824746 0.859551 0.677118 0.869347 0.907187 0.850060 0.893379 0.899155 0.963714 1.000000 0.982826 0.927160 0.751259 0.802103 0.775416 0.855457 0.540556 0.740703 0.699808 0.697584 0.729340 0.713655 0.226800 0.411353 0.121813 0.382689 0.277973
0.695963 0.863774 0.823105 0.884169 0.711820 0.835683 0.837664 0.882265 0.904654 0.924756 0.957633 0.982826 1.000000 0.953475 0.716033 0.778662 0.700281 0.789759 0.460492 0.655855 0.601902 0.623307 0.656638 0.630808 0.152780 0.376382 0.143195 0.377683 0.294605
0.650978 0.786754 0.775590 0.818194 0.785858 0.848306 0.755073 0.921555 0.951648 0.944222 0.961966 0.927160 0.953475 1.000000 0.713343 0.803409 0.678425 0.746991 0.423498 0.615489 0.574908 0.598053 0.584915 0.618452 0.159568 0.370168 0.153578 0.381519 0.301441
0.242105 0.385929 0.404989 0.417473 0.766419 0.660582 0.662009 0.780801 0.817802 0.776993 0.731146 0.751259 0.716033 0.713343 1.000000 0.964013 0.888736 0.863823 0.836083 0.720028 0.653997 0.654924 0.853851 0.841967 0.297412 0.374953 0.012043 0.148058 0.068665
0.291355 0.453351 0.458452 0.481584 0.829365 0.696662 0.707402 0.854594 0.883596 0.851098 0.792571 0.802103 0.778662 0.803409 0.964013 1.000000 0.848851 0.860927 0.741800 0.756823 0.678578 0.730615 0.768594 0.845768 0.299368 0.430750 0.018904 0.164814 0.085273
0.329743 0.403524 0.517542 0.473477 0.526992 0.795435 0.763432 0.618644 0.724091 0.646316 0.774497 0.775416 0.700281 0.678425 0.888736 0.848851 1.000000 0.962600 0.889744 0.874374 0.872931 0.777526 0.948579 0.938783 0.498720 0.539133 0.034761 0.268809 0.136335
0.396175 0.497917 0.579588 0.562878 0.544154 0.792469 0.858066 0.668437 0.747832 0.703143 0.820133 0.855457 0.789759 0.746991 0.863823 0.860927 0.962600 1.000000 0.809453 0.934146 0.895900 0.868077 0.935277 0.926341 0.424589 0.613733 0.049743 0.280066 0.160511
0.131252 0.190556 0.268005 0.238328 0.399150 0.526992 0.564708 0.431391 0.509663 0.450115 0.510676 0.540556 0.460492 0.423498 0.836083 0.741800 0.889744 0.809453 1.000000 0.753482 0.729340 0.638821 0.892281 0.892106 0.540345 0.378302 0.001494 0.106939 0.032659
0.314350 0.395535 0.484748 0.458880 0.396438 0.681546 0.837335 0.517331 0.600257 0.557992 0.695717 0.740703 0.655855 0.615489 0.720028 0.756823 0.874374 0.934146 0.753482 1.000000 0.959908 0.970246 0.819663 0.933583 0.557826 0.690278 0.025542 0.215361 0.110145
0.329390 0.364175 0.505558 0.441530 0.332417 0.722885 0.821916 0.451577 0.557114 0.495047 0.682472 0.699808 0.601902 0.574908 0.653997 0.678578 0.872931 0.895900 0.729340 0.959908 1.000000 0.915697 0.795384 0.910274 0.627847 0.665546 0.035142 0.277415 0.141371
0.280180 0.371456 0.438947 0.424990 0.388579 0.613985 0.813152 0.504039 0.570505 0.539211 0.650747 0.697584 0.623307 0.598053 0.654924 0.730615 0.777526 0.868077 0.638821 0.970246 0.915697 1.000000 0.703454 0.867325 0.486327 0.722855 0.018539 0.178362 0.089354
0.279364 0.367399 0.446915 0.425830 0.450916 0.672856 0.728944 0.545896 0.619638 0.575606 0.677650 0.729340 0.656638 0.584915 0.853851 0.768594 0.948579 0.935277 0.892281 0.819663 0.795384 0.703454 1.000000 0.869835 0.386567 0.478492 0.025186 0.214517 0.107074
0.252355 0.338334 0.423669 0.394802 0.497317 0.686318 0.754503 0.573476 0.662397 0.601709 0.692346 0.713655 0.630808 0.618452 0.841967 0.845768 0.938783 0.926341 0.892106 0.933583 0.910274 0.867325 0.869835 1.000000 0.622992 0.557147 0.014877 0.183596 0.083154
0.054456 0.053702 0.132575 0.085071 0.081435 0.315774 0.340168 0.112693 0.189435 0.132437 0.239830 0.226800 0.152780 0.159568 0.297412 0.299368 0.498720 0.424589 0.540345 0.557826 0.627847 0.486327 0.386567 0.622992 1.000000 0.236464 0.000000 0.059580 0.010318
0.190279 0.188122 0.302164 0.259858 0.143971 0.446297 0.434504 0.229212 0.300088 0.253137 0.423553 0.411353 0.376382 0.370168 0.374953 0.430750 0.539133 0.613733 0.378302 0.690278 0.665546 0.722855 0.478492 0.557147 0.236464 1.000000 0.027911 0.171193 0.094005
0.361682 0.190575 0.294361 0.259033 0.014806 0.178440 0.067988 0.052306 0.073010 0.068084 0.163854 0.121813 0.143195 0.153578 0.012043 0.018904 0.034761 0.049743 0.001494 0.025542 0.035142 0.018539 0.025186 0.014877 0.000000 0.027911 1.000000 0.663490 0.902791
0.608707 0.368000 0.631005 0.498489 0.101101 0.569529 0.316221 0.197593 0.274772 0.237368 0.466853 0.382689 0.377683 0.381519 0.148058 0.164814 0.268809 0.280066 0.106939 0.215361 0.277415 0.178362 0.214517 0.183596 0.059580 0.171193 0.663490 1.000000 0.904495
0.569548 0.336660 0.524822 0.444126 0.060502 0.391588 0.202012 0.139290 0.187492 0.171138 0.344217 0.277973 0.294605 0.301441 0.068665 0.085273 0.136335 0.160511 0.032659 0.110145 0.141371 0.089354 0.107074 0.083154 0.010318 0.094005 0.902791 0.904495 1.000000
