1.000000 0.828906 0.926549 0.933516 0.897477 0.982625 0.951947 0.731605 0.807733 0.870915 0.808099 0.886491 0.876276 0.881246 0.680966 0.882081 0.901931 0.941920 0.925396 0.764202 0.880032 0.879102 0.946638 0.954401 0.849936 0.920807 0.915342 0.888502 0.562986 
0.828906 1.000000 0.645379 0.650116 0.652193 0.775759 0.857717 0.967094 0.474655 0.529026 0.465856 0.548275 0.598623 0.582448 0.390571 0.568357 0.619166 0.722840 0.654265 0.555258 0.599408 0.716609 0.725280 0.726020 0.562904 0.792900 0.681287 0.847493 0.872191 
0.926549 0.645379 1.000000 0.897975 0.955711 0.918347 0.802876 0.514678 0.961808 0.961444 0.807734 0.946841 0.982557 0.852080 0.793023 0.979163 0.864599 0.888023 0.987374 0.813889 0.956238 0.738964 0.878686 0.918709 0.919542 0.779411 0.913952 0.690863 0.326360 
0.933516 0.650116 0.897975 1.000000 0.822839 0.974036 0.873048 0.572349 0.798781 0.935153 0.962901 0.959587 0.852536 0.989903 0.574319 0.871711 0.991844 0.967151 0.907684 0.669498 0.843553 0.887597 0.983616 0.963116 0.829379 0.891212 0.897201 0.801007 0.417954 
0.897477 0.652193 0.955711 0.822839 1.000000 0.880430 0.796630 0.520939 0.900140 0.868011 0.692725 0.878752 0.926529 0.767204 0.856284 0.969149 0.791071 0.844323 0.964021 0.873091 0.986453 0.714118 0.831507 0.887823 0.971070 0.761471 0.936719 0.690617 0.327549 
0.982625 0.775759 0.918347 0.974036 0.880430 1.000000 0.952012 0.700827 0.799310 0.900882 0.881374 0.925435 0.878352 0.945975 0.621300 0.884656 0.961624 0.985673 0.936041 0.750993 0.886089 0.928300 0.987158 0.987755 0.866571 0.950632 0.939459 0.894263 0.547208 
0.951947 0.857717 0.802876 0.873048 0.796630 0.952012 1.000000 0.806623 0.644734 0.739857 0.722983 0.771077 0.764555 0.832693 0.509903 0.751062 0.865598 0.937170 0.833758 0.671039 0.785547 0.955572 0.918778 0.937793 0.759983 0.986006 0.892357 0.984109 0.665212 
0.731605 0.967094 0.514678 0.572349 0.520939 0.700827 0.806623 1.000000 0.319646 0.409491 0.392576 0.440153 0.474855 0.518371 0.217703 0.436477 0.555199 0.665396 0.543461 0.454692 0.479352 0.695660 0.670503 0.652630 0.447066 0.762961 0.586758 0.828915 0.966486 
0.807733 0.474655 0.961808 0.798781 0.900140 0.799310 0.644734 0.319646 1.000000 0.942070 0.736284 0.905237 0.962721 0.755597 0.814499 0.962658 0.766375 0.772219 0.931960 0.723235 0.909964 0.575450 0.750960 0.814605 0.861244 0.620000 0.826560 0.508200 0.114326 
0.870915 0.529026 0.961444 0.935153 0.868011 0.900882 0.739857 0.409491 0.942070 1.000000 0.915143 0.987857 0.948697 0.920832 0.667502 0.944275 0.919332 0.894632 0.952375 0.721095 0.896293 0.728063 0.893510 0.909068 0.868421 0.747382 0.871541 0.623258 0.229214 
0.808099 0.465856 0.807734 0.962901 0.692725 0.881374 0.722983 0.392576 0.736284 0.915143 1.000000 0.939540 0.766829 0.982590 0.433449 0.792279 0.968965 0.892874 0.816408 0.524113 0.734613 0.780499 0.922815 0.878122 0.729726 0.766258 0.791329 0.638807 0.245556 
0.886491 0.548275 0.946841 0.959587 0.878752 0.925435 0.771077 0.440153 0.905237 0.987857 0.939540 1.000000 0.916008 0.948972 0.668962 0.945694 0.947676 0.919990 0.951310 0.755223 0.911307 0.768207 0.929634 0.929131 0.900664 0.783834 0.891023 0.662940 0.266388 
0.876276 0.598623 0.982557 0.852536 0.926529 0.878352 0.764555 0.474855 0.962721 0.948697 0.766829 0.916008 1.000000 0.817278 0.728464 0.954580 0.831844 0.869178 0.977943 0.782153 0.935862 0.716219 0.836304 0.900140 0.889362 0.752336 0.899977 0.653718 0.293125 
0.881246 0.582448 0.852080 0.989903 0.767204 0.945975 0.832693 0.518371 0.755597 0.920832 0.982590 0.948972 0.817278 1.000000 0.483021 0.830817 0.997497 0.959106 0.874353 0.611992 0.802767 0.880299 0.973136 0.947291 0.795832 0.870819 0.874352 0.764459 0.373982 
0.680966 0.390571 0.793023 0.574319 0.856284 0.621300 0.509903 0.217703 0.814499 0.667502 0.433449 0.668962 0.728464 0.483021 1.000000 0.854071 0.509726 0.534592 0.751605 0.618380 0.823189 0.377279 0.542395 0.609837 0.786399 0.439805 0.698068 0.379037 0.000000 
0.882081 0.568357 0.979163 0.871711 0.969149 0.884656 0.751062 0.436477 0.962658 0.944275 0.792279 0.945694 0.954580 0.830817 0.854071 1.000000 0.844233 0.857628 0.974818 0.822855 0.977352 0.696811 0.851991 0.893641 0.953661 0.733601 0.910375 0.631933 0.245946 
0.901931 0.619166 0.864599 0.991844 0.791071 0.961624 0.865598 0.555199 0.766375 0.919332 0.968965 0.947676 0.831844 0.997497 0.509726 0.844233 1.000000 0.974262 0.889231 0.632584 0.823271 0.905868 0.981050 0.965187 0.813928 0.899658 0.898840 0.801858 0.408333 
0.941920 0.722840 0.888023 0.967151 0.844323 0.985673 0.937170 0.665396 0.772219 0.894632 0.892874 0.919990 0.869178 0.959106 0.534592 0.857628 0.974262 1.000000 0.924340 0.722010 0.868832 0.952358 0.984245 0.994242 0.854215 0.959795 0.942663 0.886194 0.523170 
0.925396 0.654265 0.987374 0.907684 0.964021 0.936041 0.833758 0.543461 0.931960 0.952375 0.816408 0.951310 0.977943 0.874353 0.751605 0.974818 0.889231 0.924340 1.000000 0.849819 0.977548 0.792597 0.907343 0.949291 0.953936 0.825667 0.950255 0.734450 0.367772 
0.764202 0.555258 0.813889 0.669498 0.873091 0.750993 0.671039 0.454692 0.723235 0.721095 0.524113 0.755223 0.782153 0.611992 0.618380 0.822855 0.632584 0.722010 0.849819 1.000000 0.883774 0.572990 0.718014 0.743712 0.897464 0.638134 0.757411 0.575171 0.303335 
0.880032 0.599408 0.956238 0.843553 0.986453 0.886089 0.785547 0.479352 0.909964 0.896293 0.734613 0.911307 0.935862 0.802767 0.823189 0.977352 0.823271 0.868832 0.977548 0.883774 1.000000 0.734055 0.850629 0.904790 0.989982 0.771317 0.942540 0.679941 0.294499 
0.879102 0.716609 0.738964 0.887597 0.714118 0.928300 0.955572 0.695660 0.575450 0.728063 0.780499 0.768207 0.716219 0.880299 0.377279 0.696811 0.905868 0.952358 0.792597 0.572990 0.734055 1.000000 0.923166 0.939145 0.718846 0.989455 0.880617 0.948151 0.575469 
0.946638 0.725280 0.878686 0.983616 0.831507 0.987158 0.918778 0.670503 0.750960 0.893510 0.922815 0.929634 0.836304 0.973136 0.542395 0.851991 0.981050 0.984245 0.907343 0.718014 0.850629 0.923166 1.000000 0.975106 0.842519 0.935302 0.910604 0.866674 0.535521 
0.954401 0.726020 0.918709 0.963116 0.887823 0.987755 0.937793 0.652630 0.814605 0.909068 0.878122 0.929131 0.900140 0.947291 0.609837 0.893641 0.965187 0.994242 0.949291 0.743712 0.904790 0.939145 0.975106 1.000000 0.886881 0.950803 0.968053 0.877697 0.495713 
0.849936 0.562904 0.919542 0.829379 0.971070 0.866571 0.759983 0.447066 0.861244 0.868421 0.729726 0.900664 0.889362 0.795832 0.786399 0.953661 0.813928 0.854215 0.953936 0.897464 0.989982 0.718846 0.842519 0.886881 1.000000 0.751841 0.933377 0.654353 0.264665 
0.920807 0.792900 0.779411 0.891212 0.761471 0.950632 0.986006 0.762961 0.620000 0.747382 0.766258 0.783834 0.752336 0.870819 0.439805 0.733601 0.899658 0.959795 0.825667 0.638134 0.771317 0.989455 0.935302 0.950803 0.751841 1.000000 0.895385 0.976187 0.637458 
0.915342 0.681287 0.913952 0.897201 0.936719 0.939459 0.892357 0.586758 0.826560 0.871541 0.791329 0.891023 0.899977 0.874352 0.698068 0.910375 0.898840 0.942663 0.950255 0.757411 0.942540 0.880617 0.910604 0.968053 0.933377 0.895385 1.000000 0.820153 0.408141 
0.888502 0.847493 0.690863 0.801007 0.690617 0.894263 0.984109 0.828915 0.508200 0.623258 0.638807 0.662940 0.653718 0.764459 0.379037 0.631933 0.801858 0.886194 0.734450 0.575171 0.679941 0.948151 0.866674 0.877697 0.654353 0.976187 0.820153 1.000000 0.712485 
0.562986 0.872191 0.326360 0.417954 0.327549 0.547208 0.665212 0.966486 0.114326 0.229214 0.245556 0.266388 0.293125 0.373982 0.000000 0.245946 0.408333 0.523170 0.367772 0.303335 0.294499 0.575469 0.535521 0.495713 0.264665 0.637458 0.408141 0.712485 1.000000 
