1.000000 0.760717 0.934096 0.000000 0.092012 0.507635 0.331165 0.442507 0.406353 0.013070 0.086730 0.107288 0.070048 0.085923 0.060489 0.166579 0.052539 0.070963 0.106511 0.135256 0.060298 0.174685 0.139862 0.166736 0.316953 0.273707 0.286783 0.299436 0.245732
0.760717 1.000000 0.935271 0.152546 0.308312 0.718244 0.513529 0.735679 0.628691 0.225298 0.359290 0.425356 0.316861 0.358350 0.323029 0.464152 0.279869 0.300606 0.416514 0.428062 0.217021 0.422650 0.339245 0.383367 0.687086 0.522498 0.526031 0.601802 0.527106
0.934096 0.935271 1.000000 0.047395 0.206745 0.687101 0.483943 0.650641 0.582109 0.102174 0.229778 0.271378 0.199868 0.225487 0.190512 0.344285 0.167683 0.193734 0.264893 0.295349 0.154116 0.327583 0.268708 0.308246 0.535245 0.442752 0.449574 0.491158 0.425927
0.000000 0.152546 0.047395 1.000000 0.382393 0.143669 0.142340 0.260001 0.193429 0.663408 0.677640 0.733223 0.618423 0.530660 0.729438 0.487299 0.445559 0.447511 0.628885 0.564910 0.187878 0.329843 0.233309 0.259820 0.463715 0.285789 0.294192 0.386014 0.371902
0.092012 0.308312 0.206745 0.382393 1.000000 0.330822 0.328317 0.450293 0.407215 0.523069 0.781057 0.762287 0.805441 0.611763 0.677090 0.573671 0.519977 0.570362 0.662416 0.722192 0.274695 0.448228 0.374534 0.400163 0.584005 0.521298 0.515545 0.563990 0.553108
0.507635 0.718244 0.687101 0.143669 0.330822 1.000000 0.898991 0.968471 0.952942 0.258268 0.462319 0.476951 0.428178 0.427347 0.399339 0.672651 0.388451 0.439490 0.477292 0.539417 0.408074 0.641612 0.584398 0.642977 0.789435 0.785340 0.751123 0.799707 0.770353
0.331165 0.513529 0.483943 0.142340 0.328317 0.898991 1.000000 0.913119 0.979021 0.331143 0.538836 0.509965 0.516739 0.512970 0.485546 0.775487 0.530076 0.590142 0.546068 0.628209 0.609179 0.787829 0.774926 0.820598 0.772820 0.906985 0.852235 0.861741 0.881993
0.442507 0.735679 0.650641 0.260001 0.450293 0.968471 0.913119 1.000000 0.972207 0.415682 0.617084 0.634620 0.577575 0.584544 0.564093 0.796300 0.547388 0.594560 0.644610 0.695152 0.522704 0.762213 0.693377 0.749260 0.906202 0.878288 0.844153 0.906327 0.879455
0.406353 0.628691 0.582109 0.193429 0.407215 0.952942 0.979021 0.972207 1.000000 0.384400 0.594930 0.579838 0.565265 0.566010 0.538170 0.801715 0.558580 0.614395 0.607481 0.681725 0.587151 0.794258 0.758325 0.809385 0.847886 0.921206 0.874791 0.903701 0.904026
0.013070 0.225298 0.102174 0.663408 0.523069 0.258268 0.331143 0.415682 0.384400 1.000000 0.828035 0.810252 0.741742 0.926832 0.926711 0.683202 0.887496 0.819454 0.925075 0.868549 0.542114 0.638051 0.570927 0.587330 0.652433 0.596323 0.563941 0.638896 0.663581
0.086730 0.359290 0.229778 0.677640 0.781057 0.462319 0.538836 0.617084 0.594930 0.828035 1.000000 0.973090 0.980064 0.875837 0.955217 0.888382 0.803340 0.830481 0.914390 0.955601 0.539656 0.711582 0.644435 0.677775 0.774456 0.754870 0.723569 0.785154 0.818646
0.107288 0.425356 0.271378 0.733223 0.762287 0.476951 0.509965 0.634620 0.579838 0.810252 0.973090 1.000000 0.942978 0.858456 0.939250 0.877442 0.753443 0.772206 0.913383 0.929337 0.479869 0.677064 0.588601 0.625794 0.805464 0.712881 0.691404 0.775158 0.788229
0.070048 0.316861 0.199868 0.618423 0.805441 0.428178 0.516739 0.577575 0.565265 0.741742 0.980064 0.942978 1.000000 0.790965 0.909469 0.871193 0.754155 0.811196 0.845558 0.909995 0.532500 0.687870 0.633348 0.662479 0.722391 0.729684 0.709839 0.750945 0.786559
0.085923 0.358350 0.225487 0.530660 0.611763 0.427347 0.512970 0.584544 0.566010 0.926832 0.875837 0.858456 0.790965 1.000000 0.911223 0.809959 0.900025 0.839070 0.965419 0.956372 0.588027 0.726817 0.667944 0.691964 0.767859 0.755470 0.699405 0.771502 0.810252
0.060489 0.323029 0.190512 0.729438 0.677090 0.399339 0.485546 0.564093 0.538170 0.926711 0.955217 0.939250 0.909469 0.911223 1.000000 0.828782 0.891655 0.894336 0.958761 0.950271 0.627705 0.759881 0.690256 0.712729 0.778067 0.735526 0.725889 0.782616 0.798593
0.166579 0.464152 0.344285 0.487299 0.573671 0.672651 0.775487 0.796300 0.801715 0.683202 0.888382 0.877442 0.871193 0.809959 0.828782 1.000000 0.759584 0.793922 0.835308 0.902985 0.626201 0.804970 0.764491 0.807913 0.837851 0.888614 0.829200 0.882584 0.937126
0.052539 0.279869 0.167683 0.445559 0.519977 0.388451 0.530076 0.547388 0.558580 0.887496 0.803340 0.753443 0.754155 0.900025 0.891655 0.759584 1.000000 0.975862 0.924375 0.907019 0.837486 0.874511 0.847931 0.845171 0.758492 0.800366 0.798360 0.811589 0.826405
0.070963 0.300606 0.193734 0.447511 0.570362 0.439490 0.590142 0.594560 0.614395 0.819454 0.830481 0.772206 0.811196 0.839070 0.894336 0.793922 0.975862 1.000000 0.896508 0.904991 0.882735 0.920808 0.900548 0.898090 0.785866 0.846381 0.864220 0.856430 0.863284
0.106511 0.416514 0.264893 0.628885 0.662416 0.477292 0.546068 0.644610 0.607481 0.925075 0.914390 0.913383 0.845558 0.965419 0.958761 0.835308 0.924375 0.896508 1.000000 0.974908 0.652433 0.806360 0.726040 0.747532 0.858493 0.788584 0.772090 0.843360 0.844027
0.135256 0.428062 0.295349 0.564910 0.722192 0.539417 0.628209 0.695152 0.681725 0.868549 0.955601 0.929337 0.909995 0.956372 0.950271 0.902985 0.907019 0.904991 0.974908 1.000000 0.666522 0.823890 0.764493 0.790732 0.856357 0.854404 0.823272 0.876172 0.901154
0.060298 0.217021 0.154116 0.187878 0.274695 0.408074 0.609179 0.522704 0.587151 0.542114 0.539656 0.479869 0.532500 0.588027 0.627705 0.626201 0.837486 0.882735 0.652433 0.666522 1.000000 0.927178 0.965482 0.938894 0.653024 0.797223 0.851587 0.776820 0.771098
0.174685 0.422650 0.327583 0.329843 0.448228 0.641612 0.787829 0.762213 0.794258 0.638051 0.711582 0.677064 0.687870 0.726817 0.759881 0.804970 0.874511 0.920808 0.806360 0.823890 0.927178 1.000000 0.979908 0.983754 0.871452 0.935381 0.967500 0.948747 0.927592
0.139862 0.339245 0.268708 0.233309 0.374534 0.584398 0.774926 0.693377 0.758325 0.570927 0.644435 0.588601 0.633348 0.667944 0.690256 0.764491 0.847931 0.900548 0.726040 0.764493 0.965482 0.979908 1.000000 0.995001 0.776595 0.919884 0.946995 0.894868 0.897360
0.166736 0.383367 0.308246 0.259820 0.400163 0.642977 0.820598 0.749260 0.809385 0.587330 0.677775 0.625794 0.662479 0.691964 0.712729 0.807913 0.845171 0.898090 0.747532 0.790732 0.938894 0.983754 0.995001 1.000000 0.813480 0.949186 0.962460 0.924721 0.931586
0.316953 0.687086 0.535245 0.463715 0.584005 0.789435 0.772820 0.906202 0.847886 0.652433 0.774456 0.805464 0.722391 0.767859 0.778067 0.837851 0.758492 0.785866 0.858493 0.856357 0.653024 0.871452 0.776595 0.813480 1.000000 0.887213 0.896124 0.965551 0.910882
0.273707 0.522498 0.442752 0.285789 0.521298 0.785340 0.906985 0.878288 0.921206 0.596323 0.754870 0.712881 0.729684 0.755470 0.735526 0.888614 0.800366 0.846381 0.788584 0.854404 0.797223 0.935381 0.919884 0.949186 0.887213 1.000000 0.968738 0.971552 0.988518
0.286783 0.526031 0.449574 0.294192 0.515545 0.751123 0.852235 0.844153 0.874791 0.563941 0.723569 0.691404 0.709839 0.699405 0.725889 0.829200 0.798360 0.864220 0.772090 0.823272 0.851587 0.967500 0.946995 0.962460 0.896124 0.968738 1.000000 0.974481 0.950831
0.299436 0.601802 0.491158 0.386014 0.563990 0.799707 0.861741 0.906327 0.903701 0.638896 0.785154 0.775158 0.750945 0.771502 0.782616 0.882584 0.811589 0.856430 0.843360 0.876172 0.776820 0.948747 0.894868 0.924721 0.965551 0.971552 0.974481 1.000000 0.975661
0.245732 0.527106 0.425927 0.371902 0.553108 0.770353 0.881993 0.879455 0.904026 0.663581 0.818646 0.788229 0.786559 0.810252 0.798593 0.937126 0.826405 0.863284 0.844027 0.901154 0.771098 0.927592 0.897360 0.931586 0.910882 0.988518 0.950831 0.975661 1.000000
