"","sig_1","sig_2","sig_3","sig_4","sig_5","sig_6","sig_7","sig_8","sig_9","sig_10","sig_11","sig_12","sig_13","sig_14","sig_15","sig_16","sig_17","sig_18","sig_19","sig_20","sig_21","sig_22","sig_23","sig_24","sig_25","sig_26","sig_27","sig_28","sig_29","EC1","EC2","EC3","EC4","EC5","EC6"
"sig_1",0.999999999999999,0.788773241474259,0.889278112194713,0.910284960588204,0.913484572711958,0.96096835988589,0.850821196010177,0.682514855996364,0.78313363001529,0.768609468864601,0.827580896313825,0.814399741257828,0.830097751266428,0.838512760768416,0.708858748755594,0.788056925385157,0.904574485178882,0.857032651914689,0.841455135754604,0.86618434972656,0.854062880425048,0.830864392965451,0.909435434117342,0.922107270321049,0.778086351005061,0.853693407310974,0.778664977493017,0.650796310318264,0.613004798688297,-0.0568839759668473,0.0121258830555062,0.108388214207779,-0.0429358853827523,-0.0372333059486368,-0.00973695164545093
"sig_2",0.788773241474259,0.999999999999997,0.540164683184724,0.543409838429204,0.619267636877575,0.702381601405393,0.925891150616149,0.975438961075401,0.467607664729513,0.413737401110361,0.44145505956417,0.444545614298399,0.547186584805998,0.471009089366557,0.433484792683892,0.413307812285341,0.570297820125948,0.524617207295792,0.492502584566106,0.530492591597461,0.509226419375783,0.7841883346875,0.656133903190263,0.759989714798852,0.456904660817855,0.889102328425622,0.781834516815528,0.866577895843223,0.94147196912364,-0.00995470864248364,0.0187295452392655,0.0465239169094514,-0.0440721752799966,-0.0665158650993017,0.0156872101699953
"sig_3",0.889278112194713,0.540164683184724,0.999999999999998,0.949494689692287,0.928282439492353,0.934727139153588,0.620760958786637,0.436226473727023,0.961750112312023,0.948887012346715,0.931209710298762,0.927689358369633,0.966274834019515,0.949415542391981,0.778570918505036,0.951625472494975,0.951380498460072,0.925227899502975,0.958157900385407,0.933627551395788,0.962250679366881,0.622330199573989,0.938112627552966,0.790844672600555,0.852702763140095,0.665938671999184,0.606109090124911,0.411717126891446,0.370320936309789,-0.0541533481639768,-0.0135893633425059,0.135369476605235,-0.0323834024807376,-0.019491162647815,-0.0308966338775211
"sig_4",0.910284960588204,0.543409838429204,0.949494689692287,0.999999999999996,0.923479348347408,0.9428376560496,0.637212468898117,0.429530667770683,0.870450237154613,0.916485894408979,0.976210347420876,0.890626851676239,0.895646515647556,0.964213157938164,0.701055452922748,0.933834928154581,0.976933109705013,0.922090613409563,0.900027662206966,0.944858492358042,0.943444994018617,0.710625163246901,0.929194965516964,0.813322971628077,0.835135160299865,0.668250892226863,0.604558982384981,0.412652342609117,0.356908554075265,-0.0473697915109743,-0.0228916487475468,0.136798260626271,-0.0331437750437048,-0.025951793469626,-0.0202036286172537
"sig_5",0.913484572711958,0.619267636877575,0.928282439492353,0.923479348347408,1,0.941037483864584,0.725566905620269,0.529208424009612,0.849231700800332,0.843749304912474,0.884590821157076,0.924946177093894,0.859356051743605,0.906771731090179,0.797298233314464,0.889397932220051,0.945949209500241,0.904152738628407,0.925592759547773,0.964632472459078,0.961125661632963,0.717030264459598,0.925903567307214,0.896650710740829,0.922162949886451,0.758277682248593,0.761389534254634,0.525732764606101,0.470070580400533,-0.0562232644432734,-0.0151916784146657,0.131554608075559,-0.0342085567170592,-0.0318014540187794,-0.00651630014139532
"sig_6",0.96096835988589,0.702381601405393,0.934727139153588,0.9428376560496,0.941037483864584,1,0.772697499236205,0.602444407089095,0.843460805529109,0.838905910112132,0.87951946886342,0.902232849237586,0.896309085531457,0.932186515759929,0.792333408271348,0.852066118249248,0.968283366366708,0.959821780977629,0.921968170466231,0.912023854249894,0.920689371028609,0.741284274771979,0.983971426951215,0.911385893984498,0.876919843807594,0.83203099174141,0.746292809766991,0.561146421090579,0.531257610322082,-0.0646016193151438,-0.0106001338081673,0.148477118242925,-0.044722326989526,-0.038658347866984,-0.00895211243014762
"sig_7",0.850821196010177,0.925891150616149,0.620760958786637,0.637212468898117,0.725566905620269,0.772697499236205,0.999999999999996,0.914454560051856,0.540480970173032,0.486574859384978,0.527109804908956,0.545587729694573,0.610799870257831,0.554860956335417,0.522009347977945,0.499841074743237,0.673996647405344,0.594674892973322,0.587451057017225,0.646574279405094,0.608881896894767,0.917368137360086,0.72384011003675,0.886419873456904,0.541630892981391,0.963392663784519,0.924326981388182,0.942967162900565,0.890350069888498,-0.0201363041334003,0.0044207708980545,0.0805366916967464,-0.0558338788841196,-0.0475311393963639,0.00785380067621451
"sig_8",0.682514855996364,0.975438961075401,0.436226473727023,0.429530667770683,0.529208424009612,0.602444407089095,0.914454560051856,0.99999999999999,0.386997308227901,0.321874501646563,0.332510893392103,0.34804997766466,0.46776428540949,0.368051094331014,0.366156582278216,0.316663924781093,0.473337858035184,0.416908544069329,0.396373823565269,0.442412823503355,0.41776786182717,0.758643437663041,0.571977051685802,0.696876871303447,0.366109584114235,0.873372759621477,0.785086451086958,0.918797748248601,0.991554485502644,0.0135871512758858,0.00390322785973226,0.0358325784052499,-0.0485394312266205,-0.0613084987868173,0.0215819261143115
"sig_9",0.78313363001529,0.467607664729513,0.961750112312023,0.870450237154613,0.849231700800332,0.843460805529109,0.540480970173032,0.386997308227901,0.999999999999999,0.959918079501865,0.87984463997292,0.862877381650805,0.973448525618097,0.893118901390593,0.713300879795814,0.949071384723342,0.869723030621408,0.849990600882919,0.899889503857912,0.876103604235368,0.921320674208549,0.529469763754858,0.86876800502647,0.674535891933532,0.76551256998578,0.585772689191937,0.518763537061318,0.37169346687536,0.332492382329275,-0.0400255828801098,-0.0211673651388937,0.123940321835377,-0.0287934818282332,-0.0190240873435787,-0.0273995401341565
"sig_10",0.768609468864601,0.413737401110361,0.948887012346715,0.916485894408979,0.843749304912474,0.838905910112132,0.486574859384978,0.321874501646563,0.959918079501865,1,0.940673177485075,0.841411465700741,0.941712184214009,0.939229359057206,0.61350502004155,0.981370172772536,0.899717452418695,0.866827770340047,0.882544119850349,0.890433957945848,0.928389484076608,0.527288693233482,0.867824876108977,0.638455339083418,0.759630184953764,0.533922782013319,0.456364483169594,0.299288995500062,0.261409539314327,-0.0456744459116457,-0.0355809013308853,0.142656434090052,-0.0243997152772105,-0.0166409384368224,-0.0246288666392694
"sig_11",0.827580896313825,0.44145505956417,0.931209710298762,0.976210347420876,0.884590821157076,0.87951946886342,0.527109804908956,0.332510893392103,0.87984463997292,0.940673177485075,1,0.868804778662283,0.889464938757907,0.947343688046314,0.644618965164623,0.962970536722183,0.942026140595224,0.883448198849778,0.864206540388337,0.943092313547847,0.940622980804071,0.61306936753559,0.879760205145176,0.722995805786935,0.801338740114667,0.569018186634811,0.491603432393567,0.305736616168328,0.261677819426217,-0.0481009230035129,-0.0228461249468509,0.135057555276008,-0.0245034335292344,-0.0233591086673317,-0.0283758916750621
"sig_12",0.814399741257828,0.444545614298399,0.927689358369633,0.890626851676239,0.924946177093894,0.902232849237586,0.545587729694573,0.34804997766466,0.862877381650805,0.841411465700741,0.868804778662283,1,0.858052995131854,0.920101060559368,0.900903679682479,0.885877829393848,0.930971665031299,0.936340174090608,0.977215633268933,0.921765714408778,0.953162477235221,0.542946902645245,0.910879912152222,0.79394337742977,0.962499753196022,0.626104687610262,0.602799369742651,0.327037410563404,0.286813674159688,-0.0472099109888741,-0.03224251135962,0.148010536551312,-0.0281269679153593,-0.0223351778771942,-0.0275896364825506
"sig_13",0.830097751266428,0.547186584805998,0.966274834019515,0.895646515647556,0.859356051743605,0.896309085531457,0.610799870257831,0.46776428540949,0.973448525618097,0.941712184214009,0.889464938757907,0.858052995131854,1,0.918851101904189,0.724922662388881,0.917533378527611,0.908921458374141,0.889245384136465,0.902056218764526,0.878299669799529,0.908945627830846,0.582718680379606,0.927725369380112,0.723190776978363,0.77452360081292,0.664267398594415,0.581077744186945,0.440240661053228,0.409785685661605,-0.0566992703548325,-0.013144016215836,0.138947136125804,-0.0339029549628209,-0.023476317696604,-0.0278116847589133
"sig_14",0.838512760768416,0.471009089366557,0.949415542391981,0.964213157938164,0.906771731090179,0.932186515759929,0.554860956335417,0.368051094331014,0.893118901390593,0.939229359057206,0.947343688046314,0.920101060559368,0.918851101904189,1,0.749119313747232,0.938159743543821,0.978756529373196,0.969031781340865,0.940061549653077,0.921846739123306,0.952919364434933,0.588176938400147,0.954924180186193,0.759127507602757,0.884774601889536,0.628084185879075,0.567045401006661,0.337516872065004,0.299718305322617,-0.0524498753715228,-0.0444755361771097,0.166962973354175,-0.0331309141826303,-0.0231686252739198,-0.0168265147697522
"sig_15",0.708858748755594,0.433484792683892,0.778570918505036,0.701055452922748,0.797298233314464,0.792333408271348,0.522009347977945,0.366156582278216,0.713300879795814,0.61350502004155,0.644618965164623,0.900903679682479,0.724922662388881,0.749119313747232,0.999999999999994,0.662530257334942,0.780495041115321,0.812732941506358,0.862445943963015,0.742467262454556,0.790014642626336,0.447712617433087,0.802369628933331,0.737345875530125,0.880549555577394,0.612573274782277,0.615700050808763,0.350271727836121,0.323393634830886,-0.0239727625556268,-0.0263605378925837,0.118016716001247,-0.0326545953238132,-0.0225446425475178,-0.0282320284118755
"sig_16",0.788056925385157,0.413307812285341,0.951625472494975,0.933834928154581,0.889397932220051,0.852066118249248,0.499841074743237,0.316663924781093,0.949071384723342,0.981370172772536,0.962970536722183,0.885877829393848,0.917533378527611,0.938159743543821,0.662530257334942,0.999999999999996,0.913095702738354,0.87472667318243,0.895174125929738,0.942088421585168,0.965016149918134,0.554117354615392,0.865416939445659,0.690142658840303,0.812062632814974,0.54576058514497,0.482217500120687,0.300811930272499,0.253382286928784,-0.0446674303302875,-0.028172095773254,0.132243215287575,-0.026260763313759,-0.0174297127959488,-0.0225016666964552
"sig_17",0.904574485178882,0.570297820125948,0.951380498460072,0.976933109705013,0.945949209500241,0.968283366366708,0.673996647405344,0.473337858035184,0.869723030621408,0.899717452418695,0.942026140595224,0.930971665031299,0.908921458374141,0.978756529373196,0.780495041115321,0.913095702738354,0.999999999999999,0.962847269835337,0.943114741836108,0.946714413034215,0.957551463612949,0.706576273704252,0.973709657744441,0.853879467763632,0.899094234245814,0.727722289354289,0.678953579758471,0.462118477914296,0.407362085003536,-0.0523646853942739,-0.0330291360959977,0.162159893760276,-0.0368406892518535,-0.029201186782765,-0.0229183130041044
"sig_18",0.857032651914689,0.524617207295792,0.925227899502975,0.922090613409563,0.904152738628407,0.959821780977629,0.594674892973322,0.416908544069329,0.849990600882919,0.866827770340047,0.883448198849778,0.936340174090608,0.889245384136465,0.969031781340865,0.812732941506358,0.87472667318243,0.962847269835337,1,0.94802545004518,0.894803648737661,0.927949030738792,0.570395370798222,0.971266671111513,0.812227016687322,0.919063464933749,0.697895854776682,0.609526014106263,0.362305024884622,0.341726756936496,-0.0669406373040106,-0.0275024631877079,0.172350530039516,-0.0427414758286961,-0.0300131419932065,-0.0169530205698176
"sig_19",0.841455135754604,0.492502584566106,0.958157900385407,0.900027662206966,0.925592759547773,0.921968170466231,0.587451057017225,0.396373823565269,0.899889503857912,0.882544119850349,0.864206540388337,0.977215633268933,0.902056218764526,0.940061549653077,0.862445943963015,0.895174125929738,0.943114741836108,0.94802545004518,0.999999999999995,0.904734160250029,0.95059830271914,0.571808059394856,0.936525411363024,0.798415173976324,0.936710475493883,0.659415033676993,0.633081696658424,0.37612883140739,0.335970424707144,-0.050553172918111,-0.0422952717332129,0.158871600342907,-0.0239042993717323,-0.0167579372098375,-0.0279227378179469
"sig_20",0.86618434972656,0.530492591597461,0.933627551395788,0.944858492358042,0.964632472459078,0.912023854249894,0.646574279405094,0.442412823503355,0.876103604235368,0.890433957945848,0.943092313547847,0.921765714408778,0.878299669799529,0.921846739123306,0.742467262454556,0.942088421585168,0.946714413034215,0.894803648737661,0.904734160250029,0.999999999999998,0.975533657965896,0.679343571750648,0.903681373944534,0.84095652735667,0.882895448988471,0.686392789672735,0.660999567464839,0.449970675258951,0.381204446605446,-0.0518733183206834,-0.00797258936195834,0.128496991941643,-0.0411574126457518,-0.028414964175119,-0.0182022105817776
"sig_21",0.854062880425048,0.509226419375783,0.962250679366881,0.943444994018617,0.961125661632963,0.920689371028609,0.608881896894767,0.41776786182717,0.921320674208549,0.928389484076608,0.940622980804071,0.953162477235221,0.908945627830846,0.952919364434933,0.790014642626336,0.965016149918134,0.957551463612949,0.927949030738792,0.95059830271914,0.975533657965896,0.999999999999996,0.625588177482517,0.925612766322209,0.813703626391336,0.91359814782456,0.664196302175459,0.629967107942358,0.405642766111961,0.35596910010629,-0.0449820100541582,-0.0339729152139309,0.141722958318253,-0.0310607006686583,-0.0214442220736906,-0.016062225998591
"sig_22",0.830864392965451,0.7841883346875,0.622330199573989,0.710625163246901,0.717030264459598,0.741284274771979,0.917368137360086,0.758643437663041,0.529469763754858,0.527288693233482,0.61306936753559,0.542946902645245,0.582718680379606,0.588176938400147,0.447712617433087,0.554117354615392,0.706576273704252,0.570395370798222,0.571808059394856,0.679343571750648,0.625588177482517,1,0.684578301300644,0.849010241437712,0.515462906343378,0.845426300922497,0.842980956376712,0.848585786648068,0.732527705364681,-0.00130827757211383,-0.0228194451520427,0.0783731246161294,-0.0458513718068572,-0.0356380963943663,0.0112843939528944
"sig_23",0.909435434117342,0.656133903190263,0.938112627552966,0.929194965516964,0.925903567307214,0.983971426951215,0.72384011003675,0.571977051685802,0.86876800502647,0.867824876108977,0.879760205145176,0.910879912152222,0.927725369380112,0.954924180186193,0.802369628933331,0.865416939445659,0.973709657744441,0.971266671111513,0.936525411363024,0.903681373944534,0.925612766322209,0.684578301300644,0.999999999999998,0.860807210954921,0.888892067395024,0.797503550279948,0.719365063206209,0.529664604220691,0.508404023328783,-0.0676469795727126,-0.0266546223665121,0.167152258209011,-0.0381839786681561,-0.0350052700960497,-0.0107706699120199
"sig_24",0.922107270321049,0.759989714798852,0.790844672600555,0.813322971628077,0.896650710740829,0.911385893984498,0.886419873456904,0.696876871303447,0.674535891933532,0.638455339083418,0.722995805786935,0.79394337742977,0.723190776978363,0.759127507602757,0.737345875530125,0.690142658840303,0.853879467763632,0.812227016687322,0.798415173976324,0.84095652735667,0.813703626391336,0.849010241437712,0.860807210954921,0.999999999999995,0.793526129307852,0.909456616245132,0.900827991132107,0.730296955534755,0.647333050568391,-0.0452923555452932,-0.000372754355029938,0.119786028051847,-0.0559688060263607,-0.0376303386978576,-0.00678112918491184
"sig_25",0.778086351005061,0.456904660817855,0.852702763140095,0.835135160299865,0.922162949886451,0.876919843807594,0.541630892981391,0.366109584114235,0.76551256998578,0.759630184953764,0.801338740114667,0.962499753196022,0.77452360081292,0.884774601889536,0.880549555577394,0.812062632814974,0.899094234245814,0.919063464933749,0.936710475493883,0.882895448988471,0.91359814782456,0.515462906343378,0.888892067395024,0.793526129307852,0.999999999999998,0.633806533065252,0.626402554752811,0.321559840406957,0.30677033160357,-0.048635638066343,-0.0427698069861809,0.143417079157951,-0.0216908805284003,-0.0222362027870486,-0.00532411625614226
"sig_26",0.853693407310974,0.889102328425622,0.665938671999184,0.668250892226863,0.758277682248593,0.83203099174141,0.963392663784519,0.873372759621477,0.585772689191937,0.533922782013319,0.569018186634811,0.626104687610262,0.664267398594415,0.628084185879075,0.612573274782277,0.54576058514497,0.727722289354289,0.697895854776682,0.659415033676993,0.686392789672735,0.664196302175459,0.845426300922497,0.797503550279948,0.909456616245132,0.633806533065252,1,0.902347906024934,0.873596395210144,0.840853595647131,-0.0348411624697772,0.00297751196438143,0.101936929404586,-0.0577648889659583,-0.0457342742745494,0.00431208937587793
"sig_27",0.778664977493017,0.781834516815528,0.606109090124911,0.604558982384981,0.761389534254634,0.746292809766991,0.924326981388182,0.785086451086958,0.518763537061318,0.456364483169594,0.491603432393567,0.602799369742651,0.581077744186945,0.567045401006661,0.615700050808763,0.482217500120687,0.678953579758471,0.609526014106263,0.633081696658424,0.660999567464839,0.629967107942358,0.842980956376712,0.719365063206209,0.900827991132107,0.626402554752811,0.902347906024934,1.00000000000001,0.886454569662624,0.775131725055685,-0.0242818125696635,-0.0306742128240054,0.108402541159868,-0.0487625359383832,-0.0410345673403481,0.0282587448728757
"sig_28",0.650796310318264,0.866577895843223,0.411717126891446,0.412652342609117,0.525732764606101,0.561146421090579,0.942967162900565,0.918797748248601,0.37169346687536,0.299288995500062,0.305736616168328,0.327037410563404,0.440240661053228,0.337516872065004,0.350271727836121,0.300811930272499,0.462118477914296,0.362305024884622,0.37612883140739,0.449970675258951,0.405642766111961,0.848585786648068,0.529664604220691,0.730296955534755,0.321559840406957,0.873596395210144,0.886454569662624,1,0.930823949509514,0.00456802458149853,-0.0102737854307273,0.0522314134825321,-0.0548872730140224,-0.043865033766262,0.032797589609206
"sig_29",0.613004798688297,0.94147196912364,0.370320936309789,0.356908554075265,0.470070580400533,0.531257610322082,0.890350069888498,0.991554485502644,0.332492382329275,0.261409539314327,0.261677819426217,0.286813674159688,0.409785685661605,0.299718305322617,0.323393634830886,0.253382286928784,0.407362085003536,0.341726756936496,0.335970424707144,0.381204446605446,0.35596910010629,0.732527705364681,0.508404023328783,0.647333050568391,0.30677033160357,0.840853595647131,0.775131725055685,0.930823949509514,1,0.0261986862020126,-0.00259988379157635,0.0253383636156607,-0.0519633525251045,-0.0564035108848406,0.0284480593189491
"EC1",-0.0568839759668473,-0.00995470864248364,-0.0541533481639768,-0.0473697915109743,-0.0562232644432734,-0.0646016193151438,-0.0201363041334003,0.0135871512758858,-0.0400255828801098,-0.0456744459116457,-0.0481009230035129,-0.0472099109888741,-0.0566992703548325,-0.0524498753715228,-0.0239727625556268,-0.0446674303302875,-0.0523646853942739,-0.0669406373040106,-0.050553172918111,-0.0518733183206834,-0.0449820100541582,-0.00130827757211383,-0.0676469795727126,-0.0452923555452932,-0.048635638066343,-0.0348411624697772,-0.0242818125696635,0.00456802458149853,0.0261986862020126,0.999999999999989,-0.447330111559195,-0.248064109164822,-0.172813751742856,-0.119310137568815,-0.149408764701769
"EC2",0.0121258830555062,0.0187295452392655,-0.0135893633425059,-0.0228916487475468,-0.0151916784146657,-0.0106001338081673,0.0044207708980545,0.00390322785973226,-0.0211673651388937,-0.0355809013308853,-0.0228461249468509,-0.03224251135962,-0.013144016215836,-0.0444755361771097,-0.0263605378925837,-0.028172095773254,-0.0330291360959977,-0.0275024631877079,-0.0422952717332129,-0.00797258936195834,-0.0339729152139309,-0.0228194451520427,-0.0266546223665121,-0.000372754355029938,-0.0427698069861809,0.00297751196438143,-0.0306742128240054,-0.0102737854307273,-0.00259988379157635,-0.447330111559195,0.999999999999996,-0.364070014864577,-0.253629214551232,-0.175104910196069,-0.219279005612737
"EC3",0.108388214207779,0.0465239169094514,0.135369476605235,0.136798260626271,0.131554608075559,0.148477118242925,0.0805366916967464,0.0358325784052499,0.123940321835377,0.142656434090052,0.135057555276008,0.148010536551312,0.138947136125804,0.166962973354175,0.118016716001247,0.132243215287575,0.162159893760276,0.172350530039516,0.158871600342907,0.128496991941643,0.141722958318253,0.0783731246161294,0.167152258209011,0.119786028051847,0.143417079157951,0.101936929404586,0.108402541159868,0.0522314134825321,0.0253383636156607,-0.248064109164822,-0.364070014864577,1,-0.140648490991421,-0.0971033302604434,-0.121599797957427
"EC4",-0.0429358853827523,-0.0440721752799966,-0.0323834024807376,-0.0331437750437048,-0.0342085567170592,-0.044722326989526,-0.0558338788841196,-0.0485394312266205,-0.0287934818282332,-0.0243997152772105,-0.0245034335292344,-0.0281269679153593,-0.0339029549628209,-0.0331309141826303,-0.0326545953238132,-0.026260763313759,-0.0368406892518535,-0.0427414758286961,-0.0239042993717323,-0.0411574126457518,-0.0310607006686583,-0.0458513718068572,-0.0381839786681561,-0.0559688060263607,-0.0216908805284003,-0.0577648889659583,-0.0487625359383832,-0.0548872730140224,-0.0519633525251045,-0.172813751742856,-0.253629214551232,-0.140648490991421,0.999999999999998,-0.067646992003519,-0.0847124453712636
"EC5",-0.0372333059486368,-0.0665158650993017,-0.019491162647815,-0.025951793469626,-0.0318014540187794,-0.038658347866984,-0.0475311393963639,-0.0613084987868173,-0.0190240873435787,-0.0166409384368224,-0.0233591086673317,-0.0223351778771942,-0.023476317696604,-0.0231686252739198,-0.0225446425475178,-0.0174297127959488,-0.029201186782765,-0.0300131419932065,-0.0167579372098375,-0.028414964175119,-0.0214442220736906,-0.0356380963943663,-0.0350052700960497,-0.0376303386978576,-0.0222362027870486,-0.0457342742745494,-0.0410345673403481,-0.043865033766262,-0.0564035108848406,-0.119310137568815,-0.175104910196069,-0.0971033302604434,-0.067646992003519,1,-0.0584852386404726
"EC6",-0.00973695164545093,0.0156872101699953,-0.0308966338775211,-0.0202036286172537,-0.00651630014139532,-0.00895211243014762,0.00785380067621451,0.0215819261143115,-0.0273995401341565,-0.0246288666392694,-0.0283758916750621,-0.0275896364825506,-0.0278116847589133,-0.0168265147697522,-0.0282320284118755,-0.0225016666964552,-0.0229183130041044,-0.0169530205698176,-0.0279227378179469,-0.0182022105817776,-0.016062225998591,0.0112843939528944,-0.0107706699120199,-0.00678112918491184,-0.00532411625614226,0.00431208937587793,0.0282587448728757,0.032797589609206,0.0284480593189491,-0.149408764701769,-0.219279005612737,-0.121599797957427,-0.0847124453712636,-0.0584852386404726,1
