"","sig_1","sig_2","sig_3","sig_4","sig_5","sig_6","sig_7","sig_8","sig_9","sig_10","sig_11","sig_12","sig_13","sig_14","sig_15","sig_16","sig_17","sig_18","sig_19","sig_20","sig_21","sig_22","sig_23","sig_24","sig_25","sig_26","sig_27","sig_28","sig_29","Immune.system","Endocrine.system","Circulatory.system","Digestive.system","Excretory.system","Nervous.system","Sensory.system","Development","Environmental.adaptation"
"sig_1",1,0.878894365652625,0.878406283079457,0.897553692697026,0.763500442649319,0.966661447827141,0.943958025457857,0.813476320720272,0.709088956411857,0.709696108221738,0.732377151437118,0.856295367236298,0.807681394827084,0.865713585745543,0.451408301322147,0.720086039729717,0.948490631281804,0.867029909932352,0.843245954077726,0.689863114790305,0.629191169402304,0.822821741641438,0.90575440008451,0.824114881576281,0.663225400244527,0.841382949019755,0.764817801337285,0.882324726209533,0.745689111516724,0.0312511994458809,0.0635865139723976,0.0759379072263892,0.0483123367043255,-0.0163139032774955,0.126872949339249,0.155708139403674,-0.0347660113292268,0.0401828359437305
"sig_2",0.878894365652625,1,0.69514384532504,0.686594328529552,0.581845641445978,0.887338990224786,0.938034211151329,0.978510044827117,0.551092417748541,0.530402550129059,0.491375005811946,0.672622282444913,0.667431832142232,0.6691328081748,0.422989694295686,0.552117067554721,0.817856174324504,0.822237702933557,0.6942837298918,0.507870804102636,0.527969884934175,0.740404008429517,0.87035753454582,0.790152295948393,0.519865438671728,0.867162767548764,0.651651980027945,0.936284985040369,0.931924394844067,0.124515553531046,0.115537221784062,0.225241592662507,0.143526459764985,-0.023230828837503,0.20662318139553,0.273129173545377,-0.0329285123061496,0.0568682065091283
"sig_3",0.878406283079457,0.69514384532504,1,0.820525568760219,0.883469295193024,0.842635164288796,0.756954607610111,0.625249254041123,0.940555550464554,0.907565604342958,0.736328888131419,0.959463559850855,0.977086680262369,0.795572289405383,0.301814386420358,0.89292870288527,0.828972275624561,0.759379304901877,0.98398541374447,0.872202020505983,0.60306294700068,0.612152790713536,0.795897308763939,0.619175564728509,0.863452360769433,0.613585239951232,0.886028389361809,0.718061588409253,0.563623542415805,-0.0265119027976182,0.0132354642680811,-0.0241280847237785,-0.0306750916667677,-0.0270909726168576,0.0766279740478476,0.0516806897728395,-0.0221293490949694,0.000668317849599486
"sig_4",0.897553692697026,0.686594328529552,0.820525568760219,0.999999999999999,0.75039327806706,0.843027784810826,0.784554676487693,0.624979107889275,0.693660077098611,0.788835096370255,0.943741583669314,0.862543928900889,0.727794583817336,0.974065848871054,0.337481438236936,0.762094191986757,0.937838894468639,0.704322195289447,0.783812902313484,0.75761028314294,0.443364539508869,0.762329591940644,0.779952770911624,0.628032159559837,0.680087192382101,0.652092559758525,0.769788130656015,0.728449869612668,0.565134170351376,-0.0344184892203437,-0.00609227445630545,-0.00163975699253871,-0.0191181004699659,-0.0662611523018874,0.0356811763496925,0.0583689276939582,-0.0415302331410384,-0.0206520627509711
"sig_5",0.763500442649319,0.581845641445978,0.883469295193024,0.75039327806706,0.999999999999999,0.712798731269805,0.621433882543505,0.519667662169891,0.872417012279862,0.880100594307087,0.739575820497747,0.914001173812065,0.882502956507932,0.742121273077914,0.209138252601069,0.948228163787899,0.719630172610313,0.667529362996999,0.859050610111214,0.959400946622048,0.537555735749241,0.422786467726896,0.688535164721208,0.438771182676528,0.947883741716943,0.449186220731507,0.933451763654639,0.620117999806878,0.472099787736045,-0.0314490943093611,-0.0150360808985152,-0.0349494354317883,-0.0328010348395686,-0.0589207724321896,0.0518592843280809,0.0166878548743122,-0.0294024665691399,-0.0272508701411541
"sig_6",0.966661447827141,0.887338990224786,0.842635164288796,0.843027784810826,0.712798731269805,0.999999999999999,0.954695350968874,0.856862740824621,0.681180826036165,0.669294093880092,0.665016574069169,0.841300416961091,0.802420769643888,0.847517575082055,0.496075812189029,0.6839055640785,0.958995250473821,0.955967294568644,0.827518259344275,0.651300618842803,0.65809067454986,0.77681202608591,0.976583916855317,0.895962028016965,0.641325251160928,0.922988965399742,0.760807586192186,0.915582754940582,0.810603066789541,0.0233388610500464,0.0529388289824956,0.0603518063467082,0.0254225969254022,-0.0170433880313464,0.105510198836815,0.161161214936389,-0.0257578747079466,0.0249711242362231
"sig_7",0.943958025457857,0.938034211151329,0.756954607610111,0.784554676487693,0.621433882543505,0.954695350968874,1,0.913217983033343,0.58245292207061,0.568485208923798,0.571932498054297,0.741989596303224,0.715778778235037,0.756133802264116,0.515165126843623,0.582122195452241,0.918681427191279,0.894668990647196,0.752112796038136,0.543736362573221,0.609298467987793,0.864074669473255,0.921295148576805,0.896313204034029,0.541323571365762,0.936671553019124,0.691134923971042,0.969780199559541,0.861212585669186,0.036890975704342,0.0556959218681354,0.0904638929615314,0.0437427861938311,-0.0442285693999129,0.102906824533701,0.170616998609776,-0.0418965025140807,0.0171741145747361
"sig_8",0.813476320720272,0.978510044827117,0.625249254041123,0.624979107889275,0.519667662169891,0.856862740824621,0.913217983033343,1,0.496483317752086,0.488655503936718,0.433529589061934,0.625124218174373,0.615652346020517,0.624265408727297,0.362931472596826,0.50927777946007,0.78403685460323,0.815105674567236,0.645859378862386,0.462320696250981,0.46182423056851,0.68375872605751,0.876864803773508,0.764254266179654,0.484103417690247,0.878721939148736,0.625133958473665,0.952115539473825,0.985200743963803,0.110013608822317,0.0976381638351236,0.218519707919368,0.129462454494565,-0.0493177712303797,0.177516610954041,0.270339613642529,-0.0404916818780647,0.0264269337307685
"sig_9",0.709088956411857,0.551092417748541,0.940555550464554,0.693660077098611,0.872417012279862,0.681180826036165,0.58245292207061,0.496483317752086,0.999999999999998,0.957032955946734,0.668473030372763,0.903168693071565,0.957522066154955,0.691976993559,0.215553349087812,0.935955908303956,0.683345217904695,0.622243194187812,0.937977711716255,0.919521090139497,0.414900991630348,0.426675092031723,0.65360773931455,0.41640680084051,0.930231424090655,0.436185886311341,0.893896944233695,0.582961018763658,0.450260196599273,-0.0255735891439324,0.00388996210473434,-0.0228675957736926,-0.0318783112403853,-0.0261754470471785,0.0745444035540168,0.0319339886724066,-0.0142005138821633,-0.0110776195362757
"sig_10",0.709696108221738,0.530402550129059,0.907565604342958,0.788835096370255,0.880100594307087,0.669294093880092,0.568485208923798,0.488655503936718,0.957032955946734,0.999999999999997,0.813808889101553,0.929194412819248,0.902998362350374,0.778920509044561,0.101015847393503,0.95934255933204,0.725473459817004,0.571297206869715,0.914500260335841,0.960309114744208,0.312988547998868,0.434232492255512,0.654665796604815,0.343258998626434,0.946313207529175,0.404543818258221,0.922006047590354,0.585995182117545,0.455459229674368,-0.038573113935089,-0.00753173638840034,-0.0312146273838545,-0.0365580958472089,-0.0443953435878507,0.0549826049322346,0.026609066061454,-0.0231585457491974,-0.0227181077805122
"sig_11",0.732377151437118,0.491375005811946,0.736328888131419,0.943741583669314,0.739575820497747,0.665016574069169,0.571932498054297,0.433529589061934,0.668473030372763,0.813808889101553,0.999999999999998,0.82293535016656,0.653172008333213,0.933281091756688,0.15882630383176,0.772670874966788,0.801397143413573,0.518077081983318,0.706537747562064,0.797399699840855,0.313368487239707,0.542995615385541,0.614318621175531,0.381000673299808,0.701219187413144,0.411891022073046,0.762291107439705,0.535885383280322,0.38533184534295,-0.045613540944038,-0.0241797121784358,-0.0328957452551243,-0.037590586651524,-0.0570779416028187,0.0182170451170219,0.0131745332666383,-0.0293217709854901,-0.0310314311012438
"sig_12",0.856295367236298,0.672622282444913,0.959463559850855,0.862543928900889,0.914001173812065,0.841300416961091,0.741989596303224,0.625124218174373,0.903168693071565,0.929194412819248,0.82293535016656,1,0.948809532003765,0.842754592329233,0.224129478822615,0.917215311490359,0.861846104139114,0.774233995981635,0.961927844912818,0.925128789710305,0.600559663429733,0.578799418161676,0.825352150630339,0.576848492397799,0.904816050372563,0.600989785249363,0.9490206267054,0.729557180643736,0.579141058937779,-0.0233779493360736,0.0178931032868216,-0.018474940586522,-0.0285977983280132,-0.0235741222203535,0.0763892229313363,0.0650119763240426,-0.0172071930961267,0.00163886814841555
"sig_13",0.807681394827084,0.667431832142232,0.977086680262369,0.727794583817336,0.882502956507932,0.802420769643888,0.715778778235037,0.615652346020517,0.957522066154955,0.902998362350374,0.653172008333213,0.948809532003765,0.999999999999999,0.715790277557363,0.28601748967508,0.897887201719401,0.772267087582643,0.763341331549006,0.984050819110934,0.885098424820594,0.616319662898264,0.530256244952617,0.78317557193045,0.585692689470168,0.896214705382737,0.58090829329057,0.917653452671071,0.702927569921466,0.564450682973719,-0.0298239714119853,0.00471980699985424,-0.0285343065003319,-0.0408810135915675,-0.0344673845824066,0.0637968136731147,0.0407062005930661,-0.0201330416981876,-0.0121595907850968
"sig_14",0.865713585745543,0.6691328081748,0.795572289405383,0.974065848871054,0.742121273077914,0.847517575082055,0.756133802264116,0.624265408727297,0.691976993559,0.778920509044561,0.933281091756688,0.842754592329233,0.715790277557363,1,0.375774361426664,0.767775234917369,0.927115541890928,0.743225379367031,0.755059807376588,0.759077553193084,0.421750503892397,0.667761253228852,0.801905701302009,0.644519087345111,0.680869508449693,0.672272791844781,0.770820658364877,0.714044801619174,0.578656818699246,-0.0449970822970109,-0.0142676182061844,-0.0213959899496802,-0.034891498683477,-0.0616445184314224,0.0238495810582057,0.0558876995552248,-0.0363467793439346,-0.022113295428662
"sig_15",0.451408301322147,0.422989694295686,0.301814386420358,0.337481438236936,0.209138252601069,0.496075812189029,0.515165126843623,0.362931472596826,0.215553349087812,0.101015847393503,0.15882630383176,0.224129478822615,0.28601748967508,0.375774361426664,0.999999999999999,0.192075807448131,0.49151424329439,0.557422556218184,0.225464439388475,0.126653423582462,0.457906967595179,0.550096594792431,0.393010829592982,0.73268483132751,0.136537550216903,0.560098021545707,0.20855632394354,0.401438206081161,0.270787481576575,-0.0271474506246551,-0.0286294110269771,-0.0320830039752633,-0.0477330455769948,-0.0452978857339321,-0.0339568847434507,-0.0330453993226069,-0.0226044146396327,-0.0257052899016018
"sig_16",0.720086039729717,0.552117067554721,0.89292870288527,0.762094191986757,0.948228163787899,0.6839055640785,0.582122195452241,0.50927777946007,0.935955908303956,0.95934255933204,0.772670874966788,0.917215311490359,0.897887201719401,0.767775234917369,0.192075807448131,1,0.718284635678186,0.622205378326687,0.878799397380071,0.982277256842708,0.373018656296741,0.409347586896908,0.670539086648837,0.385002721978529,0.975436892487923,0.424080959626232,0.942046511214525,0.60435305475357,0.475340470395163,-0.0435808331237368,-0.0136959537494643,-0.0393253759343335,-0.0433257242067984,-0.0549180274709208,0.0509143110949509,0.0136343040617698,-0.0274050288226482,-0.0303629223316353
"sig_17",0.948490631281804,0.817856174324504,0.828972275624561,0.937838894468639,0.719630172610313,0.958995250473821,0.918681427191279,0.78403685460323,0.683345217904695,0.725473459817004,0.801397143413573,0.861846104139114,0.772267087582643,0.927115541890928,0.49151424329439,0.718284635678186,1,0.886106596061172,0.811819972321022,0.698867468894716,0.562800258140624,0.834060946221514,0.922738861222234,0.827167605868293,0.661680635390169,0.853022240310491,0.781055286604779,0.877103386323564,0.733823507046803,-0.0124403983413585,0.00906656715375813,0.023114010051351,-0.0108388129472296,-0.0623295225468154,0.0498837618842809,0.10264739950821,-0.0374848198234775,-0.024423691998009
"sig_18",0.867029909932352,0.822237702933557,0.759379304901877,0.704322195289447,0.667529362996999,0.955967294568644,0.894668990647196,0.815105674567236,0.622243194187812,0.571297206869715,0.518077081983318,0.774233995981635,0.763341331549006,0.743225379367031,0.557422556218184,0.622205378326687,0.886106596061172,1,0.753182612989004,0.594700105657738,0.717710153321591,0.66387725361227,0.962253782566301,0.914501196105347,0.603349489401869,0.920108428415245,0.727527620399298,0.874750428361052,0.783674532498541,-0.0022880259885658,0.0218017529200441,0.0210539914879721,-0.0126126429005645,-0.0301539286251544,0.0597982112032346,0.125308675492041,-0.0240804863565143,-0.0103393844789247
"sig_19",0.843245954077726,0.6942837298918,0.98398541374447,0.783812902313484,0.859050610111214,0.827518259344275,0.752112796038136,0.645859378862386,0.937977711716255,0.914500260335841,0.706537747562064,0.961927844912818,0.984050819110934,0.755059807376588,0.225464439388475,0.878799397380071,0.811819972321022,0.753182612989004,1,0.868917080100092,0.584914422226115,0.588236712705817,0.808263318141437,0.593386128816444,0.870822771894564,0.611654676232226,0.904773409109514,0.737687143752284,0.598355227385118,-0.0320494097342207,0.00718346764459316,-0.0272060616965843,-0.0385506610234066,-0.0383638499667799,0.059104630251249,0.0521239037630606,-0.0250490025109312,-0.00802104671278397
"sig_20",0.689863114790305,0.507870804102636,0.872202020505983,0.75761028314294,0.959400946622048,0.651300618842803,0.543736362573221,0.462320696250981,0.919521090139497,0.960309114744208,0.797399699840855,0.925128789710305,0.885098424820594,0.759077553193084,0.126653423582462,0.982277256842708,0.698867468894716,0.594700105657738,0.868917080100092,1,0.394022336074185,0.367350414203404,0.643726187499073,0.331414546282845,0.98251657077864,0.370530586290671,0.959033533835657,0.566270883518823,0.427226396786839,-0.0414626712349121,-0.0160314666286289,-0.038069591494672,-0.0361211296450947,-0.0537503285787306,0.044229618395196,0.0102930362806577,-0.0268223272350212,-0.0305018160568945
"sig_21",0.629191169402304,0.527969884934175,0.60306294700068,0.443364539508869,0.537555735749241,0.65809067454986,0.609298467987793,0.46182423056851,0.414900991630348,0.312988547998868,0.313368487239707,0.600559663429733,0.616319662898264,0.421750503892397,0.457906967595179,0.373018656296741,0.562800258140624,0.717710153321591,0.584914422226115,0.394022336074185,1,0.446432739243469,0.616814811277783,0.690483264009765,0.379298656933187,0.545338853639758,0.5187299920262,0.51870336062256,0.385190983909437,0.0178178391694607,0.030702997456918,0.000884253513642872,-0.0138463093052116,0.0137023937471564,0.0603084533945926,0.0460309321605625,0.00683772729781549,0.0252966244174718
"sig_22",0.822821741641438,0.740404008429517,0.612152790713536,0.762329591940644,0.422786467726896,0.77681202608591,0.864074669473255,0.68375872605751,0.426675092031723,0.434232492255512,0.542995615385541,0.578799418161676,0.530256244952617,0.667761253228852,0.550096594792431,0.409347586896908,0.834060946221514,0.66387725361227,0.588236712705817,0.367350414203404,0.446432739243469,0.999999999999999,0.688805855308543,0.778424001080285,0.338531260735098,0.766977142093278,0.472492413621997,0.778826414717556,0.604143681569842,-0.0206241989667282,-0.0157376599809231,0.0263502825822615,-0.0159013497176935,-0.0934624933031476,0.00492733671208995,0.0550172635705478,-0.0512968534873594,-0.03997292385783
"sig_23",0.90575440008451,0.87035753454582,0.795897308763939,0.779952770911624,0.688535164721208,0.976583916855317,0.921295148576805,0.876864803773508,0.65360773931455,0.654665796604815,0.614318621175531,0.825352150630339,0.78317557193045,0.801905701302009,0.393010829592982,0.670539086648837,0.922738861222234,0.962253782566301,0.808263318141437,0.643726187499073,0.616814811277783,0.688805855308543,0.999999999999999,0.855615478555693,0.645509815302487,0.921674314469068,0.769535841690247,0.923744386787327,0.861082849023131,0.0116853903641077,0.0402615252911942,0.055546498756458,0.0128580971598678,-0.038966783365865,0.0823029116035535,0.164162044005398,-0.0294754944710023,0.00316039309895443
"sig_24",0.824114881576281,0.790152295948393,0.619175564728509,0.628032159559837,0.438771182676528,0.895962028016965,0.896313204034029,0.764254266179654,0.41640680084051,0.343258998626434,0.381000673299808,0.576848492397799,0.585692689470168,0.644519087345111,0.73268483132751,0.385002721978529,0.827167605868293,0.914501196105347,0.593386128816444,0.331414546282845,0.690483264009765,0.778424001080285,0.855615478555693,1,0.336729203654358,0.945821006225994,0.488723109598016,0.82013002985971,0.707527209714283,-0.0225019870731236,0.0137443457343133,-0.0216635978727848,-0.0404876289467175,-0.0290929203441233,0.0179710709519222,0.0845104572134787,-0.0255339850798889,0.00568810220510896
"sig_25",0.663225400244527,0.519865438671728,0.863452360769433,0.680087192382101,0.947883741716943,0.641325251160928,0.541323571365762,0.484103417690247,0.930231424090655,0.946313207529175,0.701219187413144,0.904816050372563,0.896214705382737,0.680869508449693,0.136537550216903,0.975436892487923,0.661680635390169,0.603349489401869,0.870822771894564,0.98251657077864,0.379298656933187,0.338531260735098,0.645509815302487,0.336729203654358,1,0.386176678453655,0.952083007828049,0.577801852050751,0.454998254140316,-0.0267111740424582,-0.00415399516547657,-0.0296625936578149,-0.0361355049995982,-0.0403024780340593,0.062252509264423,0.0253641116115546,-0.0201116213202007,-0.0207810514870286
"sig_26",0.841382949019755,0.867162767548764,0.613585239951232,0.652092559758525,0.449186220731507,0.922988965399742,0.936671553019124,0.878721939148736,0.436185886311341,0.404543818258221,0.411891022073046,0.600989785249363,0.58090829329057,0.672272791844781,0.560098021545707,0.424080959626232,0.853022240310491,0.920108428415245,0.611654676232226,0.370530586290671,0.545338853639758,0.766977142093278,0.921674314469068,0.945821006225994,0.386176678453655,1,0.533394449257438,0.914670640723418,0.855306424902164,0.0313456181543875,0.0570589473966038,0.0652827347871911,0.026354217702588,-0.0209929342301202,0.0837089418467878,0.184322584258725,-0.0239328600382979,0.025069501966193
"sig_27",0.764817801337285,0.651651980027945,0.886028389361809,0.769788130656015,0.933451763654639,0.760807586192186,0.691134923971042,0.625133958473665,0.893896944233695,0.922006047590354,0.762291107439705,0.9490206267054,0.917653452671071,0.770820658364877,0.20855632394354,0.942046511214525,0.781055286604779,0.727527620399298,0.904773409109514,0.959033533835657,0.5187299920262,0.472492413621997,0.769535841690247,0.488723109598016,0.952083007828049,0.533394449257438,1,0.721969427838474,0.5904823451384,-0.0260900946855492,-0.00163171741043725,-0.0157790574615525,-0.0346784814982839,-0.0525682348803128,0.0554778939209986,0.0464194366771379,-0.026232442394504,-0.0274454746757142
"sig_28",0.882324726209533,0.936284985040369,0.718061588409253,0.728449869612668,0.620117999806878,0.915582754940582,0.969780199559541,0.952115539473825,0.582961018763658,0.585995182117545,0.535885383280322,0.729557180643736,0.702927569921466,0.714044801619174,0.401438206081161,0.60435305475357,0.877103386323564,0.874750428361052,0.737687143752284,0.566270883518823,0.51870336062256,0.778826414717556,0.923744386787327,0.82013002985971,0.577801852050751,0.914670640723418,0.721969427838474,1,0.933289978348592,0.0334645850077776,0.0377945660016292,0.0994685718626645,0.0376806333557666,-0.0760120826172369,0.0863404170520516,0.173708960539414,-0.0486668867117585,-0.0214311480062715
"sig_29",0.745689111516724,0.931924394844067,0.563623542415805,0.565134170351376,0.472099787736045,0.810603066789541,0.861212585669186,0.985200743963803,0.450260196599273,0.455459229674368,0.38533184534295,0.579141058937779,0.564450682973719,0.578656818699246,0.270787481576575,0.475340470395163,0.733823507046803,0.783674532498541,0.598355227385118,0.427226396786839,0.385190983909437,0.604143681569842,0.861082849023131,0.707527209714283,0.454998254140316,0.855306424902164,0.5904823451384,0.933289978348592,1,0.0946401322940993,0.0768768878734039,0.205515933620842,0.11256211508156,-0.069120391766282,0.150754431247757,0.260583709814421,-0.0462854701012437,-0.00292475204880116
"Immune.system",0.0312511994458809,0.124515553531046,-0.0265119027976182,-0.0344184892203437,-0.0314490943093611,0.0233388610500464,0.036890975704342,0.110013608822317,-0.0255735891439324,-0.038573113935089,-0.045613540944038,-0.0233779493360736,-0.0298239714119853,-0.0449970822970109,-0.0271474506246551,-0.0435808331237368,-0.0124403983413585,-0.0022880259885658,-0.0320494097342207,-0.0414626712349121,0.0178178391694607,-0.0206241989667282,0.0116853903641077,-0.0225019870731236,-0.0267111740424582,0.0313456181543875,-0.0260900946855492,0.0334645850077776,0.0946401322940993,1,0.720487606294195,0.713401371357132,0.615550200356297,0.704762537064664,0.711810519788358,0.756734811500458,0.771120083589434,0.458557672721494
"Endocrine.system",0.0635865139723976,0.115537221784062,0.0132354642680811,-0.00609227445630545,-0.0150360808985152,0.0529388289824956,0.0556959218681354,0.0976381638351236,0.00388996210473434,-0.00753173638840034,-0.0241797121784358,0.0178931032868216,0.00471980699985424,-0.0142676182061844,-0.0286294110269771,-0.0136959537494643,0.00906656715375813,0.0218017529200441,0.00718346764459316,-0.0160314666286289,0.030702997456918,-0.0157376599809231,0.0402615252911942,0.0137443457343133,-0.00415399516547657,0.0570589473966038,-0.00163171741043725,0.0377945660016292,0.0768768878734039,0.720487606294195,1,0.826918338048894,0.858277614597507,0.761789888483629,0.919451659625933,0.921927010054817,0.321557965873054,0.87752048706027
"Circulatory.system",0.0759379072263892,0.225241592662507,-0.0241280847237785,-0.00163975699253871,-0.0349494354317883,0.0603518063467082,0.0904638929615314,0.218519707919368,-0.0228675957736926,-0.0312146273838545,-0.0328957452551243,-0.018474940586522,-0.0285343065003319,-0.0213959899496802,-0.0320830039752633,-0.0393253759343335,0.023114010051351,0.0210539914879721,-0.0272060616965843,-0.038069591494672,0.000884253513642872,0.0263502825822615,0.055546498756458,-0.0216635978727848,-0.0296625936578149,0.0652827347871911,-0.0157790574615525,0.0994685718626645,0.205515933620842,0.713401371357132,0.826918338048894,0.999999999999999,0.903813183430454,0.538425534852767,0.889991606230091,0.940597420456373,0.178183620058582,0.709032278355286
"Digestive.system",0.0483123367043255,0.143526459764985,-0.0306750916667677,-0.0191181004699659,-0.0328010348395686,0.0254225969254022,0.0437427861938311,0.129462454494565,-0.0318783112403853,-0.0365580958472089,-0.037590586651524,-0.0285977983280132,-0.0408810135915675,-0.034891498683477,-0.0477330455769948,-0.0433257242067984,-0.0108388129472296,-0.0126126429005645,-0.0385506610234066,-0.0361211296450947,-0.0138463093052116,-0.0159013497176935,0.0128580971598678,-0.0404876289467175,-0.0361355049995982,0.026354217702588,-0.0346784814982839,0.0376806333557666,0.11256211508156,0.615550200356297,0.858277614597507,0.903813183430454,1,0.581130079225949,0.880609900393375,0.901960674650237,0.110466353816821,0.796129256647399
"Excretory.system",-0.0163139032774955,-0.023230828837503,-0.0270909726168576,-0.0662611523018874,-0.0589207724321896,-0.0170433880313464,-0.0442285693999129,-0.0493177712303797,-0.0261754470471785,-0.0443953435878507,-0.0570779416028187,-0.0235741222203535,-0.0344673845824066,-0.0616445184314224,-0.0452978857339321,-0.0549180274709208,-0.0623295225468154,-0.0301539286251544,-0.0383638499667799,-0.0537503285787306,0.0137023937471564,-0.0934624933031476,-0.038966783365865,-0.0290929203441233,-0.0403024780340593,-0.0209929342301202,-0.0525682348803128,-0.0760120826172369,-0.069120391766282,0.704762537064664,0.761789888483629,0.538425534852767,0.581130079225949,1,0.72337624873757,0.683087045388887,0.52741176067596,0.664342077210101
"Nervous.system",0.126872949339249,0.20662318139553,0.0766279740478476,0.0356811763496925,0.0518592843280809,0.105510198836815,0.102906824533701,0.177516610954041,0.0745444035540168,0.0549826049322346,0.0182170451170219,0.0763892229313363,0.0637968136731147,0.0238495810582057,-0.0339568847434507,0.0509143110949509,0.0498837618842809,0.0597982112032346,0.059104630251249,0.044229618395196,0.0603084533945926,0.00492733671208995,0.0823029116035535,0.0179710709519222,0.062252509264423,0.0837089418467878,0.0554778939209986,0.0863404170520516,0.150754431247757,0.711810519788358,0.919451659625933,0.889991606230091,0.880609900393375,0.72337624873757,1,0.948396184043249,0.236514607494056,0.843454705063711
"Sensory.system",0.155708139403674,0.273129173545377,0.0516806897728395,0.0583689276939582,0.0166878548743122,0.161161214936389,0.170616998609776,0.270339613642529,0.0319339886724066,0.026609066061454,0.0131745332666383,0.0650119763240426,0.0407062005930661,0.0558876995552248,-0.0330453993226069,0.0136343040617698,0.10264739950821,0.125308675492041,0.0521239037630606,0.0102930362806577,0.0460309321605625,0.0550172635705478,0.164162044005398,0.0845104572134787,0.0253641116115546,0.184322584258725,0.0464194366771379,0.173708960539414,0.260583709814421,0.756734811500458,0.921927010054817,0.940597420456373,0.901960674650237,0.683087045388887,0.948396184043249,1,0.282490266836119,0.831538612666697
"Development",-0.0347660113292268,-0.0329285123061496,-0.0221293490949694,-0.0415302331410384,-0.0294024665691399,-0.0257578747079466,-0.0418965025140807,-0.0404916818780647,-0.0142005138821633,-0.0231585457491974,-0.0293217709854901,-0.0172071930961267,-0.0201330416981876,-0.0363467793439346,-0.0226044146396327,-0.0274050288226482,-0.0374848198234775,-0.0240804863565143,-0.0250490025109312,-0.0268223272350212,0.00683772729781549,-0.0512968534873594,-0.0294754944710023,-0.0255339850798889,-0.0201116213202007,-0.0239328600382979,-0.026232442394504,-0.0486668867117585,-0.0462854701012437,0.771120083589434,0.321557965873054,0.178183620058582,0.110466353816821,0.52741176067596,0.236514607494056,0.282490266836119,0.999999999999999,0.0629639546875539
"Environmental.adaptation",0.0401828359437305,0.0568682065091283,0.000668317849599486,-0.0206520627509711,-0.0272508701411541,0.0249711242362231,0.0171741145747361,0.0264269337307685,-0.0110776195362757,-0.0227181077805122,-0.0310314311012438,0.00163886814841555,-0.0121595907850968,-0.022113295428662,-0.0257052899016018,-0.0303629223316353,-0.024423691998009,-0.0103393844789247,-0.00802104671278397,-0.0305018160568945,0.0252966244174718,-0.03997292385783,0.00316039309895443,0.00568810220510896,-0.0207810514870286,0.025069501966193,-0.0274454746757142,-0.0214311480062715,-0.00292475204880116,0.458557672721494,0.87752048706027,0.709032278355286,0.796129256647399,0.664342077210101,0.843454705063711,0.831538612666697,0.0629639546875539,1
