1.000000 0.280629 0.484573 0.926414 0.230079 0.970155 0.836326 0.118626 0.248143 0.253844 0.806376 0.326033 0.312465 0.908774 0.694092 0.221160 0.839101 0.830104 0.504712 nan 0.201423 0.809608 0.866493 0.563341 0.135483 0.831960 0.225581 0.530142 0.036024 
0.280629 1.000000 0.152488 0.243883 0.025967 0.295475 0.216684 0.894855 0.090522 0.094855 0.180390 0.114897 0.111193 0.255911 0.175951 0.026002 0.192382 0.294126 0.152626 nan 0.020719 0.202759 0.301833 0.091760 0.010971 0.233578 0.025164 0.124191 0.659969 
0.484573 0.152488 1.000000 0.538984 0.011752 0.470559 0.239233 0.067271 0.866863 0.900033 0.416677 0.928406 0.949377 0.514203 0.579301 0.013600 0.379635 0.440348 0.983421 nan 0.007434 0.292244 0.449123 0.131129 0.001551 0.238777 0.010996 0.101104 0.023137 
0.926414 0.243883 0.538984 1.000000 0.264284 0.927962 0.767518 0.110903 0.313423 0.307974 0.908955 0.394149 0.365987 0.980430 0.831710 0.247995 0.928501 0.792693 0.542696 nan 0.237630 0.890129 0.839209 0.570546 0.154205 0.793636 0.259024 0.480652 0.036904 
0.230079 0.025967 0.011752 0.264284 1.000000 0.221608 0.507257 0.007000 0.000516 0.000396 0.362109 0.001677 0.001317 0.269245 0.297787 0.938809 0.474690 0.119634 0.012766 nan 0.932842 0.489700 0.133440 0.760896 0.966606 0.482945 0.999938 0.634094 0.000461 
0.970155 0.295475 0.470559 0.927962 0.221608 1.000000 0.791730 0.138932 0.247331 0.258196 0.767903 0.324752 0.312498 0.946438 0.689050 0.218793 0.825399 0.924496 0.482427 nan 0.188328 0.831079 0.950097 0.509473 0.129264 0.842916 0.217200 0.476779 0.049016 
0.836326 0.216684 0.239233 0.767518 0.507257 0.791730 1.000000 0.084536 0.093423 0.088743 0.780086 0.131629 0.121555 0.755148 0.663162 0.467912 0.857083 0.592710 0.249325 nan 0.472656 0.862629 0.627408 0.808877 0.373766 0.954011 0.501633 0.865708 0.019604 
0.118626 0.894855 0.067271 0.110903 0.007000 0.138932 0.084536 1.000000 0.044142 0.046005 0.074969 0.055514 0.052172 0.122389 0.077018 0.007018 0.081150 0.155687 0.064690 nan 0.005346 0.092255 0.158056 0.027682 0.002264 0.105040 0.006725 0.041296 0.908817 
0.248143 0.090522 0.866863 0.313423 0.000516 0.247331 0.093423 0.044142 1.000000 0.953335 0.245779 0.984406 0.948455 0.290999 0.392437 0.000456 0.189633 0.243090 0.794181 nan 0.000349 0.143076 0.256168 0.034344 0.000000 0.101659 0.000439 0.028074 0.017451 
0.253844 0.094855 0.900033 0.307974 0.000396 0.258196 0.088743 0.046005 0.953335 1.000000 0.206864 0.965354 0.989541 0.299947 0.376192 0.000705 0.177521 0.276471 0.838933 nan 0.000099 0.131897 0.276631 0.030831 0.000000 0.095576 0.000334 0.025768 0.018312 
0.806376 0.180390 0.416677 0.908955 0.362109 0.767903 0.780086 0.074969 0.245779 0.206864 1.000000 0.302121 0.257564 0.840488 0.831017 0.293063 0.951402 0.553019 0.417632 nan 0.381318 0.877042 0.619806 0.697461 0.231856 0.781567 0.356146 0.553616 0.020648 
0.326033 0.114897 0.928406 0.394149 0.001677 0.324752 0.131629 0.055514 0.984406 0.965354 0.302121 1.000000 0.974353 0.370464 0.450226 0.001703 0.246060 0.320389 0.867815 nan 0.001087 0.190009 0.334021 0.053020 0.000016 0.141123 0.001493 0.042993 0.021881 
0.312465 0.111193 0.949377 0.365987 0.001317 0.312498 0.121555 0.052172 0.948455 0.989541 0.257564 0.974353 1.000000 0.353367 0.428349 0.001892 0.224391 0.319999 0.903344 nan 0.000533 0.167774 0.322006 0.049710 0.000007 0.127076 0.001164 0.039791 0.019827 
0.908774 0.255911 0.514203 0.980430 0.269245 0.946438 0.755148 0.122389 0.290999 0.299947 0.840488 0.370464 0.353367 1.000000 0.819539 0.268334 0.904351 0.860456 0.513472 nan 0.227090 0.897892 0.892337 0.541576 0.158672 0.803958 0.263985 0.472011 0.043382 
0.694092 0.175951 0.579301 0.831710 0.297787 0.689050 0.663162 0.077018 0.392437 0.376192 0.831017 0.450226 0.428349 0.819539 1.000000 0.289311 0.859297 0.540659 0.549684 nan 0.258147 0.779452 0.574844 0.582105 0.170918 0.672428 0.291677 0.498557 0.021848 
0.221160 0.026002 0.013600 0.247995 0.938809 0.218793 0.467912 0.007018 0.000456 0.000705 0.293063 0.001703 0.001892 0.268334 0.289311 1.000000 0.433394 0.132621 0.014921 nan 0.763266 0.442970 0.137786 0.694328 0.902296 0.442592 0.938528 0.593293 0.000469 
0.839101 0.192382 0.379635 0.928501 0.474690 0.825399 0.857083 0.081150 0.189633 0.177521 0.951402 0.246060 0.224391 0.904351 0.859297 0.433394 1.000000 0.630153 0.385575 nan 0.445144 0.949574 0.679324 0.786846 0.324184 0.863021 0.468028 0.644444 0.022362 
0.830104 0.294126 0.440348 0.792693 0.119634 0.924496 0.592710 0.155687 0.243090 0.276471 0.553019 0.320389 0.319999 0.860456 0.540659 0.132621 0.630153 1.000000 0.443568 nan 0.088048 0.678709 0.987851 0.304262 0.061305 0.682453 0.116702 0.308177 0.065940 
0.504712 0.152626 0.983421 0.542696 0.012766 0.482427 0.249325 0.064690 0.794181 0.838933 0.417632 0.867815 0.903344 0.513472 0.549684 0.014921 0.385575 0.443568 1.000000 nan 0.008028 0.289459 0.450071 0.145147 0.001890 0.241645 0.011981 0.105691 0.021275 
nan nan nan nan nan nan nan nan nan nan nan nan nan nan nan nan nan nan nan nan nan nan nan nan nan nan nan nan nan 
0.201423 0.020719 0.007434 0.237630 0.932842 0.188328 0.472656 0.005346 0.000349 0.000099 0.381318 0.001087 0.000533 0.227090 0.258147 0.763266 0.445144 0.088048 0.008028 nan 1.000000 0.464481 0.106711 0.723636 0.910126 0.452536 0.933158 0.586383 0.000297 
0.809608 0.202759 0.292244 0.890129 0.489700 0.831079 0.862629 0.092255 0.143076 0.131897 0.877042 0.190009 0.167774 0.897892 0.779452 0.442970 0.949574 0.678709 0.289459 nan 0.464481 1.000000 0.726807 0.713914 0.344971 0.901905 0.483412 0.643913 0.028284 
0.866493 0.301833 0.449123 0.839209 0.133440 0.950097 0.627408 0.158056 0.256168 0.276631 0.619806 0.334021 0.322006 0.892337 0.574844 0.137786 0.679324 0.987851 0.450071 nan 0.106711 0.726807 1.000000 0.333049 0.069646 0.716600 0.130256 0.326757 0.065966 
0.563341 0.091760 0.131129 0.570546 0.760896 0.509473 0.808877 0.027682 0.034344 0.030831 0.697461 0.053020 0.049710 0.541576 0.582105 0.694328 0.786846 0.304262 0.145147 nan 0.723636 0.713914 0.333049 1.000000 0.628653 0.738010 0.755911 0.798711 0.003575 
0.135483 0.010971 0.001551 0.154205 0.966606 0.129264 0.373766 0.002264 0.000000 0.000000 0.231856 0.000016 0.000007 0.158672 0.170918 0.902296 0.324184 0.061305 0.001890 nan 0.910126 0.344971 0.069646 0.628653 1.000000 0.350646 0.969361 0.519783 0.000045 
0.831960 0.233578 0.238777 0.793636 0.482945 0.842916 0.954011 0.105040 0.101659 0.095576 0.781567 0.141123 0.127076 0.803958 0.672428 0.442592 0.863021 0.682453 0.241645 nan 0.452536 0.901905 0.716600 0.738010 0.350646 1.000000 0.477314 0.760829 0.030734 
0.225581 0.025164 0.010996 0.259024 0.999938 0.217200 0.501633 0.006725 0.000439 0.000334 0.356146 0.001493 0.001164 0.263985 0.291677 0.938528 0.468028 0.116702 0.011981 nan 0.933158 0.483412 0.130256 0.755911 0.969361 0.477314 1.000000 0.629747 0.000429 
0.530142 0.124191 0.101104 0.480652 0.634094 0.476779 0.865708 0.041296 0.028074 0.025768 0.553616 0.042993 0.039791 0.472011 0.498557 0.593293 0.644444 0.308177 0.105691 nan 0.586383 0.643913 0.326757 0.798711 0.519783 0.760829 0.629747 1.000000 0.005901 
0.036024 0.659969 0.023137 0.036904 0.000461 0.049016 0.019604 0.908817 0.017451 0.018312 0.020648 0.021881 0.019827 0.043382 0.021848 0.000469 0.022362 0.065940 0.021275 nan 0.000297 0.028284 0.065966 0.003575 0.000045 0.030734 0.000429 0.005901 1.000000 
