"","sig_1","sig_2","sig_3","sig_4","sig_5","sig_6","sig_7","sig_8","sig_9","sig_10","sig_11","sig_12","sig_13","sig_14","sig_15","sig_16","sig_17","sig_18","sig_19","sig_20","sig_21","sig_22","sig_23","sig_24","sig_25","sig_26","sig_27","sig_28","sig_29","EC1","EC2","EC3","EC4","EC5","EC6"
"sig_1",0.999999999999981,-0.0173418904992126,0.235594542785912,0.217048041662567,0.151098727745374,0.185576537814187,0.0909756917034606,-0.0111379794541413,0.0384221611301644,-0.0249550918617289,-0.0546282896598368,-0.0287272706361764,-0.00800782808570647,-0.0475227554381794,0.005099684125546,0.0243962629966059,-0.0164970987010993,-0.0278538787413555,0.00220339914902906,0.0180748605844768,0.0243627227624185,-0.0307519133285302,-0.033015309396731,-0.00545909166596556,0.00668907885073439,-0.0246484184817946,-0.00111852199509149,-0.0238591753681253,-0.0231801641405096,0.00141717575930159,0.024105751272999,0.0570901202110463,0.0155425502488567,-0.0288760229273688,-0.0215389419748861
"sig_2",-0.0173418904992126,0.999999999999987,-0.0449570984205391,-0.0685720496753237,-0.0244785761491249,0.203624779579022,0.242975543135294,0.154588131845812,-0.0500521790041252,-0.07242142701091,-0.058960671019173,-0.0157359722339335,0.000143625996459246,-0.0419165639376355,-0.015694134948043,-0.0443789865068064,0.0137133844976012,-0.00355033813176624,0.0369690914777189,-0.012264454305223,-0.00814010126860172,-0.00554593101523146,0.0373030839560915,0.0414885011348652,0.00841706537044541,0.0469805326089405,0.0247329837557144,0.0684091358463109,0.0108951266642534,0.0480874971091626,-0.0680206788504067,0.0261155553847836,0.0829084955145606,0.0202187920443401,-0.00611237894084518
"sig_3",0.235594542785912,-0.0449570984205391,1.00000000000003,0.178448713055425,0.130207832151027,0.175495043910332,0.117014981311784,0.0228353017105866,0.519032598588631,0.389738485576433,0.0215020742226003,0.241228564024237,0.356055199182246,0.0985564349482006,0.195047623352764,0.313405064823646,0.122492463645188,0.124181047927538,0.33273546879608,0.026179577452685,0.245697952635455,0.0883411627387836,0.0826622603052563,0.176120323787006,0.055867380242858,0.0722479239277891,0.0435862992033458,0.0344167899017527,0.0164632915883632,0.0364637088777228,0.127446262838791,0.0871990826121896,0.00706431481675167,0.0421231608707151,0.0320049480587392
"sig_4",0.217048041662567,-0.0685720496753237,0.178448713055425,1.00000000000002,0.0850607726074576,0.160906610270557,0.0575038824115308,0.0116818189658767,0.119589300824464,0.400825199806758,0.375082779980816,0.164799889589714,0.121716874574646,0.41655855667704,0.0468745919625078,0.202762877428913,0.28219223690687,0.10272425919081,0.084267335681383,0.129656124519105,0.0571565848142218,0.166394667628804,0.0797844621859827,0.093369184824083,0.0745591841969565,0.0675646653516861,0.0394778749698232,0.0341143053521124,0.021799844023752,0.0437295539856365,0.105358505100735,0.140789240099782,0.0449124339951214,0.0216774030519966,0.0683710046599089
"sig_5",0.151098727745374,-0.0244785761491249,0.130207832151027,0.0850607726074576,1.00000000000004,0.0958609595578998,0.119771355317069,0.0201554506400265,0.0475345880469189,0.0277121658968364,-0.014522198281797,0.0567537512141673,0.034797751787113,0.0283167943995346,0.0326978440029406,0.407871616978442,0.0813575595194285,0.0203954851938038,0.0567840914393344,0.482897141262259,0.344646370878667,0.113068731488516,0.00466841110847624,0.107840116558706,0.474688686723154,0.0777331034654058,0.284703177004146,0.0565566138468567,-0.00778421289500856,0.127842055397905,-0.0402032287902749,-0.0360157640382484,-0.0068696690600337,0.00118666616610152,0.00122206144472789
"sig_6",0.185576537814187,0.203624779579022,0.175495043910332,0.160906610270557,0.0958609595578998,1.00000000000001,0.344926137462963,0.24816891484655,0.0570496329944681,0.0930256409148821,0.00479745071746156,0.407090429311329,0.287583196745109,0.301604231045424,0.0379990870175814,0.107393807462287,0.47231239437049,0.29078471290631,0.329140475660475,0.0565607584806674,0.264010662516825,0.169967022872698,0.357294838371474,0.412841363691886,0.182746715443385,0.352025518226941,0.163204224509461,0.156865503867467,0.132967788599052,0.0450248357228876,0.0893653131485812,0.115927474944568,-0.0102242181529039,0.0559533691990736,0.091062496002234
"sig_7",0.0909756917034606,0.242975543135294,0.117014981311784,0.0575038824115308,0.119771355317069,0.344926137462963,1.00000000000003,0.320634515462966,0.0152213334330812,0.0244983551963152,-0.0287694503478798,0.181978717985879,0.137322928443274,0.10491968746899,0.0295884464463664,0.0710903342496402,0.395520224000495,0.168487626215528,0.388572754481479,0.0947296877718854,0.129580026992767,0.295974121284358,0.185521824447466,0.503555983958751,0.305442543987878,0.425988264712966,0.405293547988013,0.371061243877995,0.107517303917825,0.0758207476489851,0.00943528069341816,0.055401665161607,-0.0327686572277637,0.0300077161719518,0.0623742342507199
"sig_8",-0.0111379794541413,0.154588131845812,0.0228353017105866,0.0116818189658767,0.0201554506400265,0.24816891484655,0.320634515462966,0.999999999999994,0.00576944773971315,0.0072540471787464,-0.0149999361188309,0.165654369879425,0.111470843108509,0.0801553446532775,0.00286567678256312,0.0118790511891226,0.203266128843552,0.10940989967287,0.168452229200248,0.0109576158291066,0.0549580291261203,0.13247545933485,0.51366869693476,0.178638500225086,0.0988124883211877,0.504516260406537,0.143111589834065,0.621325659559103,0.311534330141024,-0.00131827721069492,0.0573858050576459,0.117059655130611,0.00529976591560811,0.00952650841215321,0.119164465480888
"sig_9",0.0384221611301644,-0.0500521790041252,0.519032598588631,0.119589300824464,0.0475345880469189,0.0570496329944681,0.0152213334330812,0.00576944773971315,0.999999999999972,0.405738023361033,0.110014530127568,0.233534843096507,0.281158076683376,0.142515045742991,0.287425194562254,0.260959413984411,0.133276144699717,0.115347799353437,0.17378875626207,0.0088048580911728,0.155547362762371,0.0521458756279269,0.08813166531904,0.110464960927881,0.0325347970702768,0.0511934025830792,0.0310235724857127,0.0429798023041103,0.0259138940915317,0.0137533194688094,0.126446986797249,0.077219792255258,0.0512785278537441,0.0383950924820375,0.0791108306498136
"sig_10",-0.0249550918617289,-0.07242142701091,0.389738485576433,0.400825199806758,0.0277121658968364,0.0930256409148821,0.0244983551963152,0.0072540471787464,0.405738023361033,0.99999999999999,0.492488875864972,0.435631759577261,0.368433311698841,0.500618982863677,0.159967473425123,0.311976465528717,0.297187258344261,0.163902610627158,0.252065288525317,0.0369409822847408,0.128526638269757,0.210423782278127,0.153797061774117,0.154565198587781,0.0271262345473233,0.0972782462022986,0.0365952307940325,0.0617493258035533,0.0525955801149731,0.0872691078146404,0.187492409478687,0.172934830177822,0.149935695448537,0.0802691776213651,0.222836479245647
"sig_11",-0.0546282896598368,-0.058960671019173,0.0215020742226003,0.375082779980816,-0.014522198281797,0.00479745071746156,-0.0287694503478798,-0.0149999361188309,0.110014530127568,0.492488875864972,0.999999999999995,0.237883694784346,0.0825573340743585,0.553728108663632,0.0120285209881537,0.108297381763622,0.239018596246742,0.0713077440552805,0.044482191673843,0.0532206449900903,0.0116695537792714,0.142275745187155,0.07717525473603,0.0347887909594903,-0.00393839429911372,0.029912345711021,-0.00417776613720847,0.0162077139146776,0.0253134654365266,0.101608529158213,0.104081690977221,0.163208573810276,0.130868824507386,0.090071401315913,0.244813582864503
"sig_12",-0.0287272706361764,-0.0157359722339335,0.241228564024237,0.164799889589714,0.0567537512141673,0.407090429311329,0.181978717985879,0.165654369879425,0.233534843096507,0.435631759577261,0.237883694784346,0.999999999999993,0.383178536045805,0.499955236982344,0.0864208259330629,0.271627178957801,0.578847913728184,0.387288002023086,0.434366250113232,0.0160525443695969,0.299408292643336,0.270730359131366,0.460286523069443,0.415016016455587,0.131915587300664,0.402095764689636,0.103411569562856,0.177600698923191,0.23973830769356,0.0847931220726062,0.15835743533019,0.184225502247442,0.156963008361539,0.102545995469998,0.27679400425581
"sig_13",-0.00800782808570647,0.000143625996459246,0.356055199182246,0.121716874574646,0.034797751787113,0.287583196745109,0.137322928443274,0.111470843108509,0.281158076683376,0.368433311698841,0.0825573340743585,0.383178536045805,0.999999999999943,0.268503912349751,0.06637676704923,0.212071213544139,0.310764011875131,0.439671911761775,0.384168780716577,0.00399166991892703,0.223290376240881,0.177777339368044,0.279338163990972,0.316237960913968,0.0851821075719521,0.193001140912301,0.0626442891415929,0.127301859023703,0.0844496305743686,0.0786952222639692,0.0836829812896205,0.107422494520962,0.0390138928528961,0.046708810215444,0.145255662338519
"sig_14",-0.0475227554381794,-0.0419165639376355,0.0985564349482006,0.41655855667704,0.0283167943995346,0.301604231045424,0.10491968746899,0.0801553446532775,0.142515045742991,0.500618982863677,0.553728108663632,0.499955236982344,0.268503912349751,1.00000000000004,0.0327803936564064,0.201406503219911,0.647701212406543,0.345999579574293,0.256787024598128,0.0776785452784315,0.146243726274837,0.338582375354791,0.363478289829021,0.297368718740799,0.0996689271337731,0.234293444738781,0.0832364278980278,0.155426566013602,0.146693160470975,0.13763586878149,0.13391917254861,0.2421681456274,0.184997149674897,0.0824539979407168,0.292877717416665
"sig_15",0.005099684125546,-0.015694134948043,0.195047623352764,0.0468745919625078,0.0326978440029406,0.0379990870175814,0.0295884464463664,0.00286567678256312,0.287425194562254,0.159967473425123,0.0120285209881537,0.0864208259330629,0.06637676704923,0.0327803936564064,1.00000000000006,0.0693459072295554,0.0500260467713493,0.0689031115607208,0.106762597260687,0.0073455143929558,0.217513132828912,0.0277993285214783,0.0370091173879066,0.122592985072005,0.0511939226156684,0.0334057311944242,0.01845480912701,0.0310756780583228,0.0164500905248198,0.0477094234588967,0.0282391592219473,0.0143483451033309,-0.0160724025401613,-0.00415322219451814,0.0381572179872721
"sig_16",0.0243962629966059,-0.0443789865068064,0.313405064823646,0.202762877428913,0.407871616978442,0.107393807462287,0.0710903342496402,0.0118790511891226,0.260959413984411,0.311976465528717,0.108297381763622,0.271627178957801,0.212071213544139,0.201406503219911,0.0693459072295554,0.999999999999967,0.23615036902138,0.129574001253553,0.211451898226544,0.256269614184274,0.36368469379097,0.141715102460298,0.0953044665015341,0.180380836780419,0.262394878763462,0.0944922989005891,0.138267424344548,0.0669684887236753,0.0268976887065334,0.122049881890029,0.0308955779008231,0.0536554958009017,0.0519853633932037,0.0808399970175082,0.0835207343545691
"sig_17",-0.0164970987010993,0.0137133844976012,0.122492463645188,0.28219223690687,0.0813575595194285,0.47231239437049,0.395520224000495,0.203266128843552,0.133276144699717,0.297187258344261,0.239018596246742,0.578847913728184,0.310764011875131,0.647701212406543,0.0500260467713493,0.23615036902138,0.999999999999956,0.441723335303219,0.390704492836163,0.0650694938146947,0.251767561491303,0.467953588766476,0.430027942933296,0.535028427791692,0.240160725526357,0.513492088892375,0.275896730994223,0.301297674246063,0.187229252894318,0.143197655825717,0.0917037399663496,0.189601205621439,0.144358076528411,0.0781046674810232,0.2773139518635
"sig_18",-0.0278538787413555,-0.00355033813176624,0.124181047927538,0.10272425919081,0.0203954851938038,0.29078471290631,0.168487626215528,0.10940989967287,0.115347799353437,0.163902610627158,0.0713077440552805,0.387288002023086,0.439671911761775,0.345999579574293,0.0689031115607208,0.129574001253553,0.441723335303219,1.00000000000003,0.298394805160821,0.000605464012682559,0.144818626773515,0.219831229145777,0.245274425744664,0.4011357611536,0.0918826698899289,0.317240565779132,0.0739541421182735,0.100630828081595,0.169738875682743,0.0565187111862641,0.0507431035421035,0.0953593963504293,0.0478243354867221,0.0396091770430486,0.103453921052293
"sig_19",0.00220339914902906,0.0369690914777189,0.33273546879608,0.084267335681383,0.0567840914393344,0.329140475660475,0.388572754481479,0.168452229200248,0.17378875626207,0.252065288525317,0.044482191673843,0.434366250113232,0.384168780716577,0.256787024598128,0.106762597260687,0.211451898226544,0.390704492836163,0.298394805160821,0.999999999999968,0.0308775830308514,0.236587380146005,0.32684864111673,0.357199043380584,0.410783858402973,0.127967942386958,0.358553574093775,0.203654127942038,0.249650482138824,0.175917922553111,0.155154457468121,0.0411602243437096,0.0812263197397617,0.0468591632251874,0.138055106364839,0.131180786782886
"sig_20",0.0180748605844768,-0.012264454305223,0.026179577452685,0.129656124519105,0.482897141262259,0.0565607584806674,0.0947296877718854,0.0109576158291066,0.0088048580911728,0.0369409822847408,0.0532206449900903,0.0160525443695969,0.00399166991892703,0.0776785452784315,0.0073455143929558,0.256269614184274,0.0650694938146947,0.000605464012682559,0.0308775830308514,1.00000000000001,0.102109439115257,0.203599042048729,0.00643773191797857,0.0597343435678676,0.578180630871038,0.0579115952563675,0.198964374625836,0.0441673094180751,-0.00165827178206955,0.0944488392841337,-0.0595146086649472,-0.0328703810090623,-0.0234369755290068,-0.00778306128784779,-0.00402436727585067
"sig_21",0.0243627227624185,-0.00814010126860172,0.245697952635455,0.0571565848142218,0.344646370878667,0.264010662516825,0.129580026992767,0.0549580291261203,0.155547362762371,0.128526638269757,0.0116695537792714,0.299408292643336,0.223290376240881,0.146243726274837,0.217513132828912,0.36368469379097,0.251767561491303,0.144818626773515,0.236587380146005,0.102109439115257,1.00000000000003,0.126573747296424,0.143029371657227,0.313971850198868,0.313710679764672,0.176326633595633,0.176218137909386,0.13106731632989,0.0254956720942162,0.117335984863615,-0.0128539852580824,0.0233466586315214,-0.00238692729701323,0.0536800469094341,0.0730977251330095
"sig_22",-0.0307519133285302,-0.00554593101523146,0.0883411627387836,0.166394667628804,0.113068731488516,0.169967022872698,0.295974121284358,0.13247545933485,0.0521458756279269,0.210423782278127,0.142275745187155,0.270730359131366,0.177777339368044,0.338582375354791,0.0277993285214783,0.141715102460298,0.467953588766476,0.219831229145777,0.32684864111673,0.203599042048729,0.126573747296424,0.999999999999944,0.186724665742551,0.383890375527072,0.281032369491313,0.396345534019989,0.28891139969165,0.297822116016046,0.156432829714014,0.0386736462676617,0.0605179354876386,0.130121535991835,0.0306849438482716,0.0410620867281254,0.134407586797497
"sig_23",-0.033015309396731,0.0373030839560915,0.0826622603052563,0.0797844621859827,0.00466841110847624,0.357294838371474,0.185521824447466,0.51366869693476,0.08813166531904,0.153797061774117,0.07717525473603,0.460286523069443,0.279338163990972,0.363478289829021,0.0370091173879066,0.0953044665015341,0.430027942933296,0.245274425744664,0.357199043380584,0.00643773191797857,0.143029371657227,0.186724665742551,0.999999999999945,0.289652256414074,0.0705489065143817,0.50293105508941,0.0870730645103694,0.369112116345966,0.52855781487212,0.0468884444220124,0.116165848524652,0.173462472706707,0.12103522927109,0.0559337100225024,0.228960296892978
"sig_24",-0.00545909166596556,0.0414885011348652,0.176120323787006,0.093369184824083,0.107840116558706,0.412841363691886,0.503555983958751,0.178638500225086,0.110464960927881,0.154565198587781,0.0347887909594903,0.415016016455587,0.316237960913968,0.297368718740799,0.122592985072005,0.180380836780419,0.535028427791692,0.4011357611536,0.410783858402973,0.0597343435678676,0.313971850198868,0.383890375527072,0.289652256414074,1.00000000000005,0.306193424270839,0.47744792483904,0.392029020499308,0.285602321231346,0.0827772791011743,0.124118817171255,0.0513525950141532,0.0697819459974276,0.0247319692558275,0.0759683931331023,0.130067728476265
"sig_25",0.00668907885073439,0.00841706537044541,0.055867380242858,0.0745591841969565,0.474688686723154,0.182746715443385,0.305442543987878,0.0988124883211877,0.0325347970702768,0.0271262345473233,-0.00393839429911372,0.131915587300664,0.0851821075719521,0.0996689271337731,0.0511939226156684,0.262394878763462,0.240160725526357,0.0918826698899289,0.127967942386958,0.578180630871038,0.313710679764672,0.281032369491313,0.0705489065143817,0.306193424270839,0.99999999999999,0.276768753709066,0.665409990706792,0.20103040462776,0.0144881092875429,0.144383891423977,-0.119678234459431,-0.06028380053182,-0.0368002421464847,0.0375100965472264,0.00899460180034176
"sig_26",-0.0246484184817946,0.0469805326089405,0.0722479239277891,0.0675646653516861,0.0777331034654058,0.352025518226941,0.425988264712966,0.504516260406537,0.0511934025830792,0.0972782462022986,0.029912345711021,0.402095764689636,0.193001140912301,0.234293444738781,0.0334057311944242,0.0944922989005891,0.513492088892375,0.317240565779132,0.358553574093775,0.0579115952563675,0.176326633595633,0.396345534019989,0.50293105508941,0.47744792483904,0.276768753709066,0.999999999999975,0.360915373672877,0.482865408701457,0.480392572381004,0.0617818690917206,0.0576107190142889,0.110560860188075,0.0553075406645256,0.0420092423846371,0.157830324991873
"sig_27",-0.00111852199509149,0.0247329837557144,0.0435862992033458,0.0394778749698232,0.284703177004146,0.163204224509461,0.405293547988013,0.143111589834065,0.0310235724857127,0.0365952307940325,-0.00417776613720847,0.103411569562856,0.0626442891415929,0.0832364278980278,0.01845480912701,0.138267424344548,0.275896730994223,0.0739541421182735,0.203654127942038,0.198964374625836,0.176218137909386,0.28891139969165,0.0870730645103694,0.392029020499308,0.665409990706792,0.360915373672877,1.00000000000001,0.289446853175436,0.0449055719388579,0.112015748582263,-0.083511142963508,-0.0229663632714181,-0.0272134619201091,0.0311744813359632,0.0422903517396101
"sig_28",-0.0238591753681253,0.0684091358463109,0.0344167899017527,0.0341143053521124,0.0565566138468567,0.156865503867467,0.371061243877995,0.621325659559103,0.0429798023041103,0.0617493258035533,0.0162077139146776,0.177600698923191,0.127301859023703,0.155426566013602,0.0310756780583228,0.0669684887236753,0.301297674246063,0.100630828081595,0.249650482138824,0.0441673094180751,0.13106731632989,0.297822116016046,0.369112116345966,0.285602321231346,0.20103040462776,0.482865408701457,0.289446853175436,0.999999999999969,0.272896543568965,0.0432667417811722,0.00895605959066355,0.075337414886127,0.00561527721155718,-5.44181975187243e-05,0.169444683739219
"sig_29",-0.0231801641405096,0.0108951266642534,0.0164632915883632,0.021799844023752,-0.00778421289500856,0.132967788599052,0.107517303917825,0.311534330141024,0.0259138940915317,0.0525955801149731,0.0253134654365266,0.23973830769356,0.0844496305743686,0.146693160470975,0.0164500905248198,0.0268976887065334,0.187229252894318,0.169738875682743,0.175917922553111,-0.00165827178206955,0.0254956720942162,0.156432829714014,0.52855781487212,0.0827772791011743,0.0144881092875429,0.480392572381004,0.0449055719388579,0.272896543568965,0.999999999999983,-0.00257779041978368,0.0740670274225827,0.122037725113862,0.0740788745054102,-0.0191919853707918,0.088402966393105
"EC1",0.00141717575930159,0.0480874971091626,0.0364637088777228,0.0437295539856365,0.127842055397905,0.0450248357228876,0.0758207476489851,-0.00131827721069492,0.0137533194688094,0.0872691078146404,0.101608529158213,0.0847931220726062,0.0786952222639692,0.13763586878149,0.0477094234588967,0.122049881890029,0.143197655825717,0.0565187111862641,0.155154457468121,0.0944488392841337,0.117335984863615,0.0386736462676617,0.0468884444220124,0.124118817171255,0.144383891423977,0.0617818690917206,0.112015748582263,0.0432667417811722,-0.00257779041978368,1.00000000000001,-0.357906602216834,-0.177647037667493,0.107245878728291,0.0295004957507907,-0.0295021794905689
"EC2",0.024105751272999,-0.0680206788504067,0.127446262838791,0.105358505100735,-0.0402032287902749,0.0893653131485812,0.00943528069341816,0.0573858050576459,0.126446986797249,0.187492409478687,0.104081690977221,0.15835743533019,0.0836829812896205,0.13391917254861,0.0282391592219473,0.0308955779008231,0.0917037399663496,0.0507431035421035,0.0411602243437096,-0.0595146086649472,-0.0128539852580824,0.0605179354876386,0.116165848524652,0.0513525950141532,-0.119678234459431,0.0576107190142889,-0.083511142963508,0.00895605959066355,0.0740670274225827,-0.357906602216834,0.999999999999991,0.0255832059092628,0.0104760436233159,-0.0444782521614804,0.0347133869803146
"EC3",0.0570901202110463,0.0261155553847836,0.0871990826121896,0.140789240099782,-0.0360157640382484,0.115927474944568,0.055401665161607,0.117059655130611,0.077219792255258,0.172934830177822,0.163208573810276,0.184225502247442,0.107422494520962,0.2421681456274,0.0143483451033309,0.0536554958009017,0.189601205621439,0.0953593963504293,0.0812263197397617,-0.0328703810090623,0.0233466586315214,0.130121535991835,0.173462472706707,0.0697819459974276,-0.06028380053182,0.110560860188075,-0.0229663632714181,0.075337414886127,0.122037725113862,-0.177647037667493,0.0255832059092628,1.00000000000003,0.0302732478046462,-0.0122323421263823,0.154686482503652
"EC4",0.0155425502488567,0.0829084955145606,0.00706431481675167,0.0449124339951214,-0.0068696690600337,-0.0102242181529039,-0.0327686572277637,0.00529976591560811,0.0512785278537441,0.149935695448537,0.130868824507386,0.156963008361539,0.0390138928528961,0.184997149674897,-0.0160724025401613,0.0519853633932037,0.144358076528411,0.0478243354867221,0.0468591632251874,-0.0234369755290068,-0.00238692729701323,0.0306849438482716,0.12103522927109,0.0247319692558275,-0.0368002421464847,0.0553075406645256,-0.0272134619201091,0.00561527721155718,0.0740788745054102,0.107245878728291,0.0104760436233159,0.0302732478046462,0.999999999999986,0.00396311910290365,0.194181409615535
"EC5",-0.0288760229273688,0.0202187920443401,0.0421231608707151,0.0216774030519966,0.00118666616610152,0.0559533691990736,0.0300077161719518,0.00952650841215321,0.0383950924820375,0.0802691776213651,0.090071401315913,0.102545995469998,0.046708810215444,0.0824539979407168,-0.00415322219451814,0.0808399970175082,0.0781046674810232,0.0396091770430486,0.138055106364839,-0.00778306128784779,0.0536800469094341,0.0410620867281254,0.0559337100225024,0.0759683931331023,0.0375100965472264,0.0420092423846371,0.0311744813359632,-5.44181975187243e-05,-0.0191919853707918,0.0295004957507907,-0.0444782521614804,-0.0122323421263823,0.00396311910290365,0.999999999999968,0.0150726464695192
"EC6",-0.0215389419748861,-0.00611237894084518,0.0320049480587392,0.0683710046599089,0.00122206144472789,0.091062496002234,0.0623742342507199,0.119164465480888,0.0791108306498136,0.222836479245647,0.244813582864503,0.27679400425581,0.145255662338519,0.292877717416665,0.0381572179872721,0.0835207343545691,0.2773139518635,0.103453921052293,0.131180786782886,-0.00402436727585067,0.0730977251330095,0.134407586797497,0.228960296892978,0.130067728476265,0.00899460180034176,0.157830324991873,0.0422903517396101,0.169444683739219,0.088402966393105,-0.0295021794905689,0.0347133869803146,0.154686482503652,0.194181409615535,0.0150726464695192,1.00000000000003
