"","sig_1","sig_2","sig_3","sig_4","sig_5","sig_6","sig_7","sig_8","sig_9","sig_10","sig_11","sig_12","sig_13","sig_14","sig_15","sig_16","sig_17","sig_18","sig_19","sig_20","sig_21","sig_22","sig_23","sig_24","sig_25","sig_26","sig_27","sig_28","sig_29","EC1","EC2","EC3","EC4","EC5","EC6"
"sig_1",0.99999999999999,-0.0362260884037239,0.22375621289741,0.191598777861907,0.0830693071199181,0.137638992507539,0.0865550936935747,-0.0270345871166921,0.0205672006432848,-0.036386662036071,-0.0553380960051232,-0.0265384134034592,0.00813771961911952,-0.0620494313448936,-0.0024221680041408,-0.0108261950165566,-0.0358726823727088,-0.0104113096680987,-0.0184129823317742,-0.013334187734137,-0.0118067825330527,-0.0250292179944539,-0.048623729582566,-0.017486963854077,-0.0152170642806254,-0.0377874692385323,-0.0157959928103358,-0.0330198869565164,-0.0228568789922808,0.0749923544526718,0.168294327417478,0.0517793340781806,0.0549536860926361,-0.0469198295318892,-0.0349401286139554
"sig_2",-0.0362260884037239,0.999999999999991,-0.0322178965889384,-0.0547581728934332,-0.0171227206904625,0.155566334887298,0.249990984215649,0.18532378483421,-0.0313384558016514,-0.059886484957855,-0.0527065538993248,-0.0149001475509435,0.0141501742535051,-0.0401497946310917,-0.00751305198278445,-0.0360196208121711,-0.00684059931456078,0.00472413943274413,0.0109032845639843,-0.011081300832897,-0.00779429589658264,0.00482908039250983,0.0143072132585462,0.023773352633043,-0.000381933093376546,0.0363284815938851,0.00378738648940297,0.0165731024863358,0.0311056044362785,0.112221328896283,-0.0753418659017411,-0.0412861767649565,0.0550479817660175,-0.0230424680987127,0.0508843513669065
"sig_3",0.22375621289741,-0.0322178965889384,1.00000000000002,0.153801603081774,0.124205746463049,0.221332755923922,0.0889153950394065,0.0230534606235431,0.452401096761388,0.33492392410938,0.0279991846597696,0.229977740671352,0.416212044176178,0.0884408824935843,0.136951103680535,0.243546974808946,0.110587443618962,0.0766437324341054,0.30401208806471,0.0629409379093343,0.177604998441895,0.111675500080937,0.108858450702353,0.159342436508097,0.0986860241280249,0.0617683832069448,0.109965105437647,0.0574203714251243,0.0178677872672348,0.0461995597291103,0.118960059218712,0.125267888970831,-0.0329449096602706,0.0204387103930167,0.0631870671723261
"sig_4",0.191598777861907,-0.0547581728934332,0.153801603081774,0.999999999999999,0.0565007035823989,0.192024156239404,0.0861189310070704,0.0124717960096017,0.107499049179599,0.383617443054,0.366206751333056,0.174144641565045,0.101087262636734,0.393356081342772,0.00542533198460193,0.196753301101447,0.337547002436122,0.126701773880115,0.143820316464518,0.0722358386673769,0.0752930172477794,0.243617520247795,0.108328508538813,0.133691433048782,0.0516362849754205,0.11551581615757,0.0757616916493864,0.0779278965869324,0.0247192092940953,0.100270263265925,0.169692609875287,0.160693531296519,0.0452342439929563,0.0536458410608911,0.0918702520619834
"sig_5",0.0830693071199181,-0.0171227206904625,0.124205746463049,0.0565007035823989,0.999999999999996,0.0850598829788215,0.0623585172255921,0.0224163582260497,0.0933970564161069,0.071224359297581,0.00183001890559792,0.0753737318909775,0.0532823908322404,0.0418982939359555,0.0254302508048583,0.42868863376908,0.0873984973214685,0.0397730065333293,0.124760800633786,0.250160071403431,0.375805169769854,0.0517034707364399,0.0496807627669851,0.126923771657425,0.345931452702908,0.0867464127910093,0.235018024469386,0.0457575649582365,0.00844685951600574,0.0620540011866681,0.00716940393936521,0.0229288985512947,-0.0114763195712299,-0.0333147094187697,0.069841339201764
"sig_6",0.137638992507539,0.155566334887298,0.221332755923922,0.192024156239404,0.0850598829788215,0.999999999999989,0.273397125106967,0.175565108345899,0.150741251182703,0.137328357180848,0.0442354220847974,0.455147665717921,0.334127861317921,0.339781576086663,0.0643265154224056,0.145259402362254,0.441343079219699,0.390333513840639,0.29800773989673,0.08483388611187,0.23828680578422,0.236035409568187,0.360716087476548,0.375188356923768,0.181210349526654,0.3111379774752,0.195990933687083,0.212196429601208,0.152966473988631,0.076529494685232,0.103001057891392,0.131973449820085,-0.0310175431355559,0.0388627445320256,0.139710518041832
"sig_7",0.0865550936935747,0.249990984215649,0.0889153950394065,0.0861189310070704,0.0623585172255921,0.273397125106967,0.999999999999973,0.158138823175642,0.0482742943746989,0.059332367657965,-0.000849029890335223,0.113176701761375,0.0780141236663962,0.120347330053925,0.0139369433563313,0.100836836186378,0.317997079085312,0.0920707390580654,0.324789860408187,0.0697066923663579,0.139661319208605,0.355772201368578,0.161338195494305,0.409839812987917,0.159224851101852,0.341202893121634,0.260374943743318,0.281664656703334,0.118543007258905,0.113547040965236,-0.0357665509888183,0.0130705237978508,0.0212718149959273,0.0231297833663036,0.148654892231958
"sig_8",-0.0270345871166921,0.18532378483421,0.0230534606235431,0.0124717960096017,0.0224163582260497,0.175565108345899,0.158138823175642,0.99999999999998,0.0373092173141935,0.0226993649960423,-0.00320761502014663,0.101033577215685,0.114806933619515,0.0728632067449709,0.0112384582644657,0.0229861311856351,0.116211913453364,0.0732009880713014,0.102299212339187,0.0144994251309883,0.0837153982578181,0.151326459491455,0.378675640427056,0.119487143723865,0.0737165140499225,0.450400018460844,0.0868869720312039,0.299833777279021,0.424534036305111,-0.0111536449053962,-0.0190837171245414,-0.00269407009240856,0.0006950917832154,-0.0152390959261142,0.233206308181139
"sig_9",0.0205672006432848,-0.0313384558016514,0.452401096761388,0.107499049179599,0.0933970564161069,0.150741251182703,0.0482742943746989,0.0373092173141935,0.999999999999997,0.3920197958627,0.14937529373928,0.306462318076937,0.415248742158745,0.247558372532585,0.174521992980208,0.304073825524077,0.21704444022263,0.109902764741758,0.286643113484929,0.0625134526080893,0.225539486400944,0.134408017045737,0.180039242794136,0.187393360742274,0.0969521326208977,0.129380221319548,0.0773129942389964,0.0888086688113264,0.0465210966503152,0.158045173460294,0.160804617264488,0.121582451071611,0.018637321699405,0.0714284218086116,0.139070047071126
"sig_10",-0.036386662036071,-0.059886484957855,0.33492392410938,0.383617443054,0.071224359297581,0.137328357180848,0.059332367657965,0.0226993649960423,0.3920197958627,0.99999999999996,0.517033878475688,0.544931387864272,0.334131268876006,0.566176213795734,0.0578671663636619,0.4219366296793,0.415691358636255,0.126109786124879,0.408143774654844,0.135978741047416,0.196903651985872,0.262854899357657,0.276560228312529,0.20735092697475,0.119143219102297,0.175344702971359,0.126251437215111,0.14086284058808,0.078445842859212,0.176140471246763,0.176760761741599,0.196782763781658,0.107629619652186,0.105641980927895,0.268996929693657
"sig_11",-0.0553380960051232,-0.0527065538993248,0.0279991846597696,0.366206751333056,0.00183001890559792,0.0442354220847974,-0.000849029890335223,-0.00320761502014663,0.14937529373928,0.517033878475688,1.00000000000004,0.331740811221618,0.0894185406378976,0.567855922245086,0.0239302021043407,0.191200338828388,0.310093459843429,0.0727521324527535,0.116973576313362,0.0506378333593303,0.0570225997846529,0.169490416816641,0.133465204224689,0.0891825760321777,0.0293573667383229,0.0839772834540923,0.0302776849319457,0.0464193233854579,0.0218333370713455,0.144479099919934,0.133261675931252,0.139377360719149,0.115766087111826,0.0182921867170282,0.18294178125438
"sig_12",-0.0265384134034592,-0.0149001475509435,0.229977740671352,0.174144641565045,0.0753737318909775,0.455147665717921,0.113176701761375,0.101033577215685,0.306462318076937,0.544931387864272,0.331740811221618,0.999999999999969,0.312933658901525,0.547606851938586,0.133240671399009,0.332526530501005,0.52864392110667,0.305401962663259,0.470982602880274,0.137263486434053,0.276011821210794,0.281050083135906,0.513417954855944,0.370490635268526,0.172780252535259,0.338626136510371,0.187028878488681,0.276298162013615,0.148407281077344,0.116313070742116,0.16576476948596,0.186064381390791,0.107711225123281,0.0550656491199065,0.292826736833729
"sig_13",0.00813771961911952,0.0141501742535051,0.416212044176178,0.101087262636734,0.0532823908322404,0.334127861317921,0.0780141236663962,0.114806933619515,0.415248742158745,0.334131268876006,0.0894185406378976,0.312933658901525,1.00000000000001,0.238314798464284,0.205144372415212,0.214957489739262,0.254561483105147,0.246706652794449,0.291772519425437,0.0667108151876113,0.214027061892372,0.138769221339591,0.346239769685578,0.237537697889157,0.146560687718855,0.166380854980379,0.0744172060916845,0.195068466724863,0.0725966656729862,0.0796773291105032,0.16596293168663,0.132973768625985,-0.0094824173432285,0.0126848594854143,0.187298877509347
"sig_14",-0.0620494313448936,-0.0401497946310917,0.0884408824935843,0.393356081342772,0.0418982939359555,0.339781576086663,0.120347330053925,0.0728632067449709,0.247558372532585,0.566176213795734,0.567855922245086,0.547606851938586,0.238314798464284,1.00000000000001,0.0594695516772387,0.311625613617957,0.697982640295349,0.365543141735137,0.333515492132948,0.120111021972339,0.204008703983319,0.389148938410843,0.450656818555151,0.361800139766796,0.130185321108737,0.360094684634873,0.169925037686176,0.246776338827299,0.14051451936435,0.167173711781746,0.201538122967294,0.224674087741136,0.108208742239136,0.0678755260719519,0.268566200102048
"sig_15",-0.0024221680041408,-0.00751305198278445,0.136951103680535,0.00542533198460193,0.0254302508048583,0.0643265154224056,0.0139369433563313,0.0112384582644657,0.174521992980208,0.0578671663636619,0.0239302021043407,0.133240671399009,0.205144372415212,0.0594695516772387,1.00000000000004,0.109046153964407,0.0695542703802514,0.0436904151737496,0.073680208454594,0.0522600336213833,0.11980668620526,0.0501603723064531,0.0618844269552351,0.0912499390110619,0.1087693362329,0.0832916723605025,0.0602875061785138,0.059333338338523,0.028107601464984,0.00269766153807525,0.0508974252698501,0.0691437933461374,-0.0162111973658625,-0.0122238682021744,0.0546659308698381
"sig_16",-0.0108261950165566,-0.0360196208121711,0.243546974808946,0.196753301101447,0.42868863376908,0.145259402362254,0.100836836186378,0.0229861311856351,0.304073825524077,0.4219366296793,0.191200338828388,0.332526530501005,0.214957489739262,0.311625613617957,0.109046153964407,1.00000000000004,0.343806500299035,0.145909957002511,0.358079427553717,0.369703509577261,0.494736459582168,0.198714635687892,0.188527065754597,0.271750316009678,0.414230051714203,0.193913425635256,0.370470882524502,0.131113492643696,0.0613730993567521,0.1627697161868,0.1027046852211,0.114746809432944,0.0311187196234594,-0.0135972575365219,0.155226223897199
"sig_17",-0.0358726823727088,-0.00684059931456078,0.110587443618962,0.337547002436122,0.0873984973214685,0.441343079219699,0.317997079085312,0.116211913453364,0.21704444022263,0.415691358636255,0.310093459843429,0.52864392110667,0.254561483105147,0.697982640295349,0.0695542703802514,0.343806500299035,0.999999999999979,0.371397144156397,0.416560664702393,0.186192853087386,0.276659539472756,0.557190508534375,0.492326714286541,0.544872670718741,0.213833091271135,0.484659919212904,0.367543738557549,0.407372207818026,0.180173828797717,0.156517338536818,0.173869162741853,0.177815631714717,0.0748587467523526,0.0192270885907637,0.246219161397451
"sig_18",-0.0104113096680987,0.00472413943274413,0.0766437324341054,0.126701773880115,0.0397730065333293,0.390333513840639,0.0920707390580654,0.0732009880713014,0.109902764741758,0.126109786124879,0.0727521324527535,0.305401962663259,0.246706652794449,0.365543141735137,0.0436904151737496,0.145909957002511,0.371397144156397,1.00000000000001,0.164901520004698,0.053112642822085,0.151651027715038,0.148154554497056,0.297083981983061,0.248114751491935,0.148773949177178,0.207631895048136,0.121919297604855,0.14454912034366,0.0778138288197918,0.0607861710087004,0.0964003979862486,0.111492728055796,-0.0407850604083123,0.0363350706295831,0.118590849998963
"sig_19",-0.0184129823317742,0.0109032845639843,0.30401208806471,0.143820316464518,0.124760800633786,0.29800773989673,0.324789860408187,0.102299212339187,0.286643113484929,0.408143774654844,0.116973576313362,0.470982602880274,0.291772519425437,0.333515492132948,0.073680208454594,0.358079427553717,0.416560664702393,0.164901520004698,0.999999999999962,0.162554296918429,0.288585248558345,0.39680822010318,0.411897667571483,0.393575884689446,0.266125855888002,0.349848540055854,0.382538298658215,0.291211550235015,0.174276434201912,0.143952831274774,0.0635709498038554,0.108090966529521,0.0442417930943936,0.0433211568429366,0.242139038206109
"sig_20",-0.013334187734137,-0.011081300832897,0.0629409379093343,0.0722358386673769,0.250160071403431,0.08483388611187,0.0697066923663579,0.0144994251309883,0.0625134526080893,0.135978741047416,0.0506378333593303,0.137263486434053,0.0667108151876113,0.120111021972339,0.0522600336213833,0.369703509577261,0.186192853087386,0.053112642822085,0.162554296918429,0.999999999999987,0.250936484229386,0.124941928067058,0.0739973229973341,0.146894324356253,0.520978000881132,0.090855258081239,0.274555565524367,0.0719022896126368,0.0220140307804175,0.0873096622574571,-0.0029609384262282,0.0127764868630822,0.0511532529827754,-0.0159521205945689,0.0480404134318399
"sig_21",-0.0118067825330527,-0.00779429589658264,0.177604998441895,0.0752930172477794,0.375805169769854,0.23828680578422,0.139661319208605,0.0837153982578181,0.225539486400944,0.196903651985872,0.0570225997846529,0.276011821210794,0.214027061892372,0.204008703983319,0.11980668620526,0.494736459582168,0.276659539472756,0.151651027715038,0.288585248558345,0.250936484229386,0.999999999999967,0.161272227977353,0.23792981072218,0.357893750836889,0.695729157509514,0.303896753325591,0.372288873395652,0.18455467680507,0.0713212018471275,0.119623895501721,0.0525794962130533,0.0514757835757799,0.0105537941344876,-0.0224875050865676,0.144564689554445
"sig_22",-0.0250292179944539,0.00482908039250983,0.111675500080937,0.243617520247795,0.0517034707364399,0.236035409568187,0.355772201368578,0.151326459491455,0.134408017045737,0.262854899357657,0.169490416816641,0.281050083135906,0.138769221339591,0.389148938410843,0.0501603723064531,0.198714635687892,0.557190508534375,0.148154554497056,0.39680822010318,0.124941928067058,0.161272227977353,1.00000000000003,0.261444908263713,0.413132913042683,0.144811338666197,0.546792674290738,0.236899615323172,0.452212406751418,0.116263915300642,0.0582989612683351,0.0814200821502816,0.111698835640463,0.0375083540300774,-0.0183310225322696,0.195454989223357
"sig_23",-0.048623729582566,0.0143072132585462,0.108858450702353,0.108328508538813,0.0496807627669851,0.360716087476548,0.161338195494305,0.378675640427056,0.180039242794136,0.276560228312529,0.133465204224689,0.513417954855944,0.346239769685578,0.450656818555151,0.0618844269552351,0.188527065754597,0.492326714286541,0.297083981983061,0.411897667571483,0.0739973229973341,0.23792981072218,0.261444908263713,0.999999999999975,0.352009119818013,0.155715544398472,0.602156805393395,0.211792705994571,0.511948943949733,0.481001425677839,0.0784051614440642,0.091755459311447,0.140567818457853,0.0583918168868503,-0.0235660684667188,0.353426799428188
"sig_24",-0.017486963854077,0.023773352633043,0.159342436508097,0.133691433048782,0.126923771657425,0.375188356923768,0.409839812987917,0.119487143723865,0.187393360742274,0.20735092697475,0.0891825760321777,0.370490635268526,0.237537697889157,0.361800139766796,0.0912499390110619,0.271750316009678,0.544872670718741,0.248114751491935,0.393575884689446,0.146894324356253,0.357893750836889,0.413132913042683,0.352009119818013,1,0.342860452538942,0.461022298537117,0.457945555222115,0.449544420021001,0.144342333078425,0.118825873959186,0.0575221626855457,0.136353369785847,0.0129051656639822,-0.0150205807231984,0.175027136503707
"sig_25",-0.0152170642806254,-0.000381933093376546,0.0986860241280249,0.0516362849754205,0.345931452702908,0.181210349526654,0.159224851101852,0.0737165140499225,0.0969521326208977,0.119143219102297,0.0293573667383229,0.172780252535259,0.146560687718855,0.130185321108737,0.1087693362329,0.414230051714203,0.213833091271135,0.148773949177178,0.266125855888002,0.520978000881132,0.695729157509514,0.144811338666197,0.155715544398472,0.342860452538942,1.00000000000002,0.251047651085018,0.465904677089378,0.15606353023044,0.0383003014438283,0.104727992213742,0.00877753363564214,0.00110453945544019,-0.00243918026771402,-0.0302140318016499,0.119690477466233
"sig_26",-0.0377874692385323,0.0363284815938851,0.0617683832069448,0.11551581615757,0.0867464127910093,0.3111379774752,0.341202893121634,0.450400018460844,0.129380221319548,0.175344702971359,0.0839772834540923,0.338626136510371,0.166380854980379,0.360094684634873,0.0832916723605025,0.193913425635256,0.484659919212904,0.207631895048136,0.349848540055854,0.090855258081239,0.303896753325591,0.546792674290738,0.602156805393395,0.461022298537117,0.251047651085018,0.999999999999987,0.348024104736354,0.63545216974594,0.575262593271425,0.0322563018848684,0.0469809576261323,0.0970459736998789,0.0131624966538871,0.00255538097902179,0.361185539504978
"sig_27",-0.0157959928103358,0.00378738648940297,0.109965105437647,0.0757616916493864,0.235018024469386,0.195990933687083,0.260374943743318,0.0868869720312039,0.0773129942389964,0.126251437215111,0.0302776849319457,0.187028878488681,0.0744172060916845,0.169925037686176,0.0602875061785138,0.370470882524502,0.367543738557549,0.121919297604855,0.382538298658215,0.274555565524367,0.372288873395652,0.236899615323172,0.211792705994571,0.457945555222115,0.465904677089378,0.348024104736354,1,0.283406408771241,0.0891585658855775,0.114082606873447,0.00216231494944901,0.0436208270874717,-0.0363336110758768,-0.0395956083786214,0.0657086472810053
"sig_28",-0.0330198869565164,0.0165731024863358,0.0574203714251243,0.0779278965869324,0.0457575649582365,0.212196429601208,0.281664656703334,0.299833777279021,0.0888086688113264,0.14086284058808,0.0464193233854579,0.276298162013615,0.195068466724863,0.246776338827299,0.059333338338523,0.131113492643696,0.407372207818026,0.14454912034366,0.291211550235015,0.0719022896126368,0.18455467680507,0.452212406751418,0.511948943949733,0.449544420021001,0.15606353023044,0.63545216974594,0.283406408771241,0.999999999999977,0.231661238425801,0.036742341822384,0.0406893862520299,0.0625876431440494,0.0190242270657732,-0.0277910127392304,0.305383274981583
"sig_29",-0.0228568789922808,0.0311056044362785,0.0178677872672348,0.0247192092940953,0.00844685951600574,0.152966473988631,0.118543007258905,0.424534036305111,0.0465210966503152,0.078445842859212,0.0218333370713455,0.148407281077344,0.0725966656729862,0.14051451936435,0.028107601464984,0.0613730993567521,0.180173828797717,0.0778138288197918,0.174276434201912,0.0220140307804175,0.0713212018471275,0.116263915300642,0.481001425677839,0.144342333078425,0.0383003014438283,0.575262593271425,0.0891585658855775,0.231661238425801,0.999999999999974,0.0101661482262454,0.00831983061732008,0.0366641011867667,0.010212743012735,-0.0111777799313012,0.187546650257022
"EC1",0.0749923544526718,0.112221328896283,0.0461995597291103,0.100270263265925,0.0620540011866681,0.076529494685232,0.113547040965236,-0.0111536449053962,0.158045173460294,0.176140471246763,0.144479099919934,0.116313070742116,0.0796773291105032,0.167173711781746,0.00269766153807525,0.1627697161868,0.156517338536818,0.0607861710087004,0.143952831274774,0.0873096622574571,0.119623895501721,0.0582989612683351,0.0784051614440642,0.118825873959186,0.104727992213742,0.0322563018848684,0.114082606873447,0.036742341822384,0.0101661482262454,1,-0.100698076767488,-0.199695274424765,0.0418399909230972,-0.0339726478901905,-0.0531856435134822
"EC2",0.168294327417478,-0.0753418659017411,0.118960059218712,0.169692609875287,0.00716940393936521,0.103001057891392,-0.0357665509888183,-0.0190837171245414,0.160804617264488,0.176760761741599,0.133261675931252,0.16576476948596,0.16596293168663,0.201538122967294,0.0508974252698501,0.1027046852211,0.173869162741853,0.0964003979862486,0.0635709498038554,-0.0029609384262282,0.0525794962130533,0.0814200821502816,0.091755459311447,0.0575221626855457,0.00877753363564214,0.0469809576261323,0.00216231494944901,0.0406893862520299,0.00831983061732008,-0.100698076767488,0.999999999999991,-0.0780803551264908,-0.00107201728732776,0.0180111366850942,-0.00764623727197509
"EC3",0.0517793340781806,-0.0412861767649565,0.125267888970831,0.160693531296519,0.0229288985512947,0.131973449820085,0.0130705237978508,-0.00269407009240856,0.121582451071611,0.196782763781658,0.139377360719149,0.186064381390791,0.132973768625985,0.224674087741136,0.0691437933461374,0.114746809432944,0.177815631714717,0.111492728055796,0.108090966529521,0.0127764868630822,0.0514757835757799,0.111698835640463,0.140567818457853,0.136353369785847,0.00110453945544019,0.0970459736998789,0.0436208270874717,0.0625876431440494,0.0366641011867667,-0.199695274424765,-0.0780803551264908,1.00000000000002,-0.160390890289637,-0.0378158801125929,0.07069144334587
"EC4",0.0549536860926361,0.0550479817660175,-0.0329449096602706,0.0452342439929563,-0.0114763195712299,-0.0310175431355559,0.0212718149959273,0.0006950917832154,0.018637321699405,0.107629619652186,0.115766087111826,0.107711225123281,-0.0094824173432285,0.108208742239136,-0.0162111973658625,0.0311187196234594,0.0748587467523526,-0.0407850604083123,0.0442417930943936,0.0511532529827754,0.0105537941344876,0.0375083540300774,0.0583918168868503,0.0129051656639822,-0.00243918026771402,0.0131624966538871,-0.0363336110758768,0.0190242270657732,0.010212743012735,0.0418399909230972,-0.00107201728732776,-0.160390890289637,0.999999999999998,0.00209279762160929,0.0512502884225297
"EC5",-0.0469198295318892,-0.0230424680987127,0.0204387103930167,0.0536458410608911,-0.0333147094187697,0.0388627445320256,0.0231297833663036,-0.0152390959261142,0.0714284218086116,0.105641980927895,0.0182921867170282,0.0550656491199065,0.0126848594854143,0.0678755260719519,-0.0122238682021744,-0.0135972575365219,0.0192270885907637,0.0363350706295831,0.0433211568429366,-0.0159521205945689,-0.0224875050865676,-0.0183310225322696,-0.0235660684667188,-0.0150205807231984,-0.0302140318016499,0.00255538097902179,-0.0395956083786214,-0.0277910127392304,-0.0111777799313012,-0.0339726478901905,0.0180111366850942,-0.0378158801125929,0.00209279762160929,0.999999999999997,0.0165966386554621
"EC6",-0.0349401286139554,0.0508843513669065,0.0631870671723261,0.0918702520619834,0.069841339201764,0.139710518041832,0.148654892231958,0.233206308181139,0.139070047071126,0.268996929693657,0.18294178125438,0.292826736833729,0.187298877509347,0.268566200102048,0.0546659308698381,0.155226223897199,0.246219161397451,0.118590849998963,0.242139038206109,0.0480404134318399,0.144564689554445,0.195454989223357,0.353426799428188,0.175027136503707,0.119690477466233,0.361185539504978,0.0657086472810053,0.305383274981583,0.187546650257022,-0.0531856435134822,-0.00764623727197509,0.07069144334587,0.0512502884225297,0.0165966386554621,0.999999999999997
