1.000000 0.007802 0.224897 0.285846 0.076813 0.217021 0.099125 0.012564 0.022707 0.003507 -0.034243 0.009664 0.017529 -0.031143 -0.002604 0.008737 -0.011435 -0.007292 0.017100 0.003753 0.006206 -0.012729 -0.017655 -0.012686 0.006096 -0.011528 -0.018481 -0.020267 -0.033549 
0.007802 1.000000 -0.018770 -0.067473 -0.011564 0.226776 0.246953 0.094433 -0.030379 -0.058046 -0.050262 0.000420 0.011940 -0.036812 -0.008489 -0.027949 0.007114 -0.002215 0.043007 -0.006785 -0.000372 -0.002151 0.042151 0.020628 -0.002918 0.047210 -0.003883 0.017783 -0.013820 
0.224897 -0.018770 1.000000 0.185946 0.155331 0.224085 0.133611 0.084183 0.466569 0.445194 0.024698 0.295767 0.432925 0.148476 0.193987 0.268170 0.133390 0.107877 0.366052 -0.003644 0.225356 0.100969 0.114254 0.186630 0.089832 0.110221 0.085477 0.081045 0.054978 
0.285846 -0.067473 0.185946 1.000000 0.063110 0.104590 0.038532 0.009748 0.089112 0.330197 0.384449 0.141743 0.099742 0.379778 0.043476 0.133488 0.252885 0.107067 0.081143 0.059287 0.034317 0.163450 0.058576 0.062446 0.074612 0.062484 0.040707 0.037649 0.038773 
0.076813 -0.011564 0.155331 0.063110 1.000000 0.096984 0.075871 0.039756 0.114978 0.038585 0.001255 0.102392 0.071530 0.058633 0.075675 0.481150 0.098521 0.025811 0.118792 0.511663 0.347716 0.126497 0.054572 0.120784 0.609543 0.080931 0.135784 0.065649 0.031323 
0.217021 0.226776 0.224085 0.104590 0.096984 1.000000 0.213958 0.341253 0.098956 0.099349 0.023019 0.436852 0.295301 0.279264 0.079274 0.137251 0.359442 0.263014 0.278804 0.019013 0.216167 0.130596 0.334382 0.269777 0.138704 0.285817 0.113647 0.166039 0.095817 
0.099125 0.246953 0.133611 0.038532 0.075871 0.213958 1.000000 0.277573 0.042368 0.041816 -0.005275 0.120677 0.121086 0.095148 0.079020 0.099749 0.314003 0.097862 0.414512 0.037699 0.153601 0.257842 0.147821 0.354980 0.142091 0.377735 0.178862 0.233666 0.086840 
0.012564 0.094433 0.084183 0.009748 0.039756 0.341253 0.277573 1.000000 0.034977 0.030743 -0.000840 0.229550 0.176625 0.093191 0.080295 0.076857 0.253830 0.069607 0.236699 0.002139 0.158429 0.114824 0.741070 0.281935 0.102340 0.638699 0.110081 0.473340 0.169199 
0.022707 -0.030379 0.466569 0.089112 0.114978 0.098956 0.042368 0.034977 1.000000 0.444010 0.124660 0.290925 0.458122 0.196468 0.266454 0.362114 0.185265 0.119801 0.202009 0.008438 0.223653 0.061423 0.126371 0.191795 0.072059 0.096977 0.138522 0.060680 0.121686 
0.003507 -0.058046 0.445194 0.330197 0.038585 0.099349 0.041816 0.030743 0.444010 1.000000 0.466642 0.451886 0.349947 0.549984 0.182726 0.354707 0.349375 0.168102 0.295766 0.017720 0.146279 0.187490 0.188882 0.175507 0.067943 0.121711 0.086241 0.100362 0.163992 
-0.034243 -0.050262 0.024698 0.384449 0.001255 0.023019 -0.005275 -0.000840 0.124660 0.466642 1.000000 0.252560 0.077571 0.582047 0.032244 0.166998 0.295477 0.064644 0.072411 0.023685 0.033827 0.171662 0.092683 0.070840 0.029997 0.060077 0.039869 0.041654 0.055199 
0.009664 0.000420 0.295767 0.141743 0.102392 0.436852 0.120677 0.229550 0.290925 0.451886 0.252560 1.000000 0.385982 0.553047 0.140612 0.336244 0.508620 0.366462 0.346895 0.018986 0.297691 0.193758 0.474276 0.357967 0.189529 0.329207 0.217565 0.238118 0.330108 
0.017529 0.011940 0.432925 0.099742 0.071530 0.295301 0.121086 0.176625 0.458122 0.349947 0.077571 0.385982 1.000000 0.308748 0.188670 0.284732 0.311415 0.329932 0.330834 0.005467 0.271800 0.137313 0.284710 0.303294 0.085537 0.153592 0.146528 0.209104 0.161520 
-0.031143 -0.036812 0.148476 0.379778 0.058633 0.279264 0.095148 0.093191 0.196468 0.549984 0.582047 0.553047 0.308748 1.000000 0.080963 0.312302 0.652871 0.368209 0.273445 0.052334 0.169399 0.349836 0.329666 0.295262 0.142918 0.265526 0.155327 0.184830 0.243705 
-0.002604 -0.008489 0.193987 0.043476 0.075675 0.079274 0.079020 0.080295 0.266454 0.182726 0.032244 0.140612 0.188670 0.080963 1.000000 0.127395 0.100902 0.084456 0.235160 0.003986 0.357405 0.048092 0.134604 0.290532 0.131197 0.133805 0.091602 0.132897 0.078427 
0.008737 -0.027949 0.268170 0.133488 0.481150 0.137251 0.099749 0.076857 0.362114 0.354707 0.166998 0.336244 0.284732 0.312302 0.127395 1.000000 0.372094 0.124269 0.293629 0.048260 0.388910 0.155065 0.189033 0.259671 0.417558 0.205507 0.280049 0.144142 0.147681 
-0.011435 0.007114 0.133390 0.252885 0.098521 0.359442 0.314003 0.253830 0.185265 0.349375 0.295477 0.508620 0.311415 0.652871 0.100902 0.372094 1.000000 0.393031 0.359093 0.034207 0.283093 0.476792 0.416514 0.469031 0.225657 0.503564 0.345913 0.372169 0.339383 
-0.007292 -0.002215 0.107877 0.107067 0.025811 0.263014 0.097862 0.069607 0.119801 0.168102 0.064644 0.366462 0.329932 0.368209 0.084456 0.124269 0.393031 1.000000 0.170238 0.007511 0.170340 0.164404 0.169839 0.264100 0.076223 0.204750 0.139148 0.155934 0.230544 
0.017100 0.043007 0.366052 0.081143 0.118792 0.278804 0.414512 0.236699 0.202009 0.295766 0.072411 0.346895 0.330834 0.273445 0.235160 0.293629 0.359093 0.170238 1.000000 0.014417 0.352057 0.330699 0.289794 0.433397 0.213828 0.421716 0.235200 0.271221 0.247260 
0.003753 -0.006785 -0.003644 0.059287 0.511663 0.019013 0.037699 0.002139 0.008438 0.017720 0.023685 0.018986 0.005467 0.052334 0.003986 0.048260 0.034207 0.007511 0.014417 1.000000 0.016724 0.196123 0.015483 0.017392 0.684085 0.016216 0.045032 0.019263 0.014695 
0.006206 -0.000372 0.225356 0.034317 0.347716 0.216167 0.153601 0.158429 0.223653 0.146279 0.033827 0.297691 0.271800 0.169399 0.357405 0.388910 0.283093 0.170340 0.352057 0.016724 1.000000 0.122545 0.244387 0.471826 0.325974 0.313651 0.320673 0.241077 0.198863 
-0.012729 -0.002151 0.100969 0.163450 0.126497 0.130596 0.257842 0.114824 0.061423 0.187490 0.171662 0.193758 0.137313 0.349836 0.048092 0.155065 0.476792 0.164404 0.330699 0.196123 0.122545 1.000000 0.192474 0.316866 0.220312 0.356122 0.262387 0.284515 0.208358 
-0.017655 0.042151 0.114254 0.058576 0.054572 0.334382 0.147821 0.741070 0.126371 0.188882 0.092683 0.474276 0.284710 0.329666 0.134604 0.189033 0.416514 0.169839 0.289794 0.015483 0.244387 0.192474 1.000000 0.326260 0.162796 0.429568 0.195827 0.472484 0.463108 
-0.012686 0.020628 0.186630 0.062446 0.120784 0.269777 0.354980 0.281935 0.191795 0.175507 0.070840 0.357967 0.303294 0.295262 0.290532 0.259671 0.469031 0.264100 0.433397 0.017392 0.471826 0.316866 0.326260 1.000000 0.276129 0.558212 0.514687 0.492320 0.358834 
0.006096 -0.002918 0.089832 0.074612 0.609543 0.138704 0.142091 0.102340 0.072059 0.067943 0.029997 0.189529 0.085537 0.142918 0.131197 0.417558 0.225657 0.076223 0.213828 0.684085 0.325974 0.220312 0.162796 0.276129 1.000000 0.207300 0.284889 0.192690 0.115416 
-0.011528 0.047210 0.110221 0.062484 0.080931 0.285817 0.377735 0.638699 0.096977 0.121711 0.060077 0.329207 0.153592 0.265526 0.133805 0.205507 0.503564 0.204750 0.421716 0.016216 0.313651 0.356122 0.429568 0.558212 0.207300 1.000000 0.315258 0.484974 0.417843 
-0.018481 -0.003883 0.085477 0.040707 0.135784 0.113647 0.178862 0.110081 0.138522 0.086241 0.039869 0.217565 0.146528 0.155327 0.091602 0.280049 0.345913 0.139148 0.235200 0.045032 0.320673 0.262387 0.195827 0.514687 0.284889 0.315258 1.000000 0.292778 0.246787 
-0.020267 0.017783 0.081045 0.037649 0.065649 0.166039 0.233666 0.473340 0.060680 0.100362 0.041654 0.238118 0.209104 0.184830 0.132897 0.144142 0.372169 0.155934 0.271221 0.019263 0.241077 0.284515 0.472484 0.492320 0.192690 0.484974 0.292778 1.000000 0.450240 
-0.033549 -0.013820 0.054978 0.038773 0.031323 0.095817 0.086840 0.169199 0.121686 0.163992 0.055199 0.330108 0.161520 0.243705 0.078427 0.147681 0.339383 0.230544 0.247260 0.014695 0.198863 0.208358 0.463108 0.358834 0.115416 0.417843 0.246787 0.450240 1.000000 
