1.000000 0.555510 0.793248 0.827735 0.812418 0.777462 0.764260 0.000000 0.748788 0.728628 0.741655 0.723009 0.729700 0.704055 0.749399 0.751910 0.685128 0.691591 0.709499 0.761257 0.755745 0.739754 0.661574 0.686368 0.746206 0.671697 0.737013 0.638413 0.595743 
0.555510 1.000000 0.653322 0.617744 0.688667 0.709593 0.772754 0.893286 0.668758 0.650866 0.657898 0.652838 0.653320 0.643445 0.729014 0.670916 0.580038 0.663399 0.661722 0.717635 0.687012 0.678847 0.679274 0.648539 0.701494 0.679021 0.726724 0.729228 0.777241 
0.793248 0.653322 1.000000 0.795900 0.823334 0.856552 0.749172 0.657750 0.930591 0.902570 0.773039 0.885092 0.951890 0.782751 0.851537 0.892571 0.801192 0.783846 0.896342 0.787381 0.872485 0.742493 0.786046 0.833496 0.813037 0.755025 0.749382 0.715684 0.697422 
0.827735 0.617744 0.795900 1.000000 0.824445 0.817904 0.821805 0.650935 0.805364 0.839105 0.926443 0.799868 0.781956 0.881924 0.752146 0.846356 0.882467 0.790851 0.777727 0.857202 0.788310 0.909592 0.786929 0.782239 0.804626 0.777802 0.779397 0.739650 0.702477 
0.812418 0.688667 0.823334 0.824445 1.000000 0.769470 0.812119 0.699251 0.814205 0.809890 0.810802 0.773395 0.783964 0.741496 0.761203 0.899811 0.777410 0.742079 0.777516 0.926478 0.871268 0.809524 0.730662 0.758591 0.905983 0.745933 0.876175 0.767918 0.715517 
0.777462 0.709593 0.856552 0.817904 0.769470 1.000000 0.833123 0.772290 0.804805 0.807681 0.800609 0.863684 0.863557 0.873342 0.789363 0.799673 0.884668 0.918564 0.856784 0.747225 0.832755 0.796838 0.942032 0.873481 0.821518 0.903021 0.761042 0.774902 0.751690 
0.764260 0.772754 0.749172 0.821805 0.812119 0.833123 1.000000 0.836467 0.743449 0.740385 0.781100 0.764017 0.754303 0.766835 0.753485 0.769936 0.838024 0.795732 0.826864 0.784408 0.761625 0.907514 0.799063 0.849673 0.824813 0.900454 0.914067 0.930636 0.828295 
0.000000 0.893286 0.657750 0.650935 0.699251 0.772290 0.836467 1.000000 0.681152 0.677474 0.681882 0.693396 0.707226 0.713485 0.732959 0.685948 0.718242 0.752486 0.727835 0.716708 0.708673 0.760637 0.821409 0.753039 0.730238 0.826862 0.775210 0.899415 0.958132 
0.748788 0.668758 0.930591 0.805364 0.814205 0.804805 0.743449 0.681152 1.000000 0.937862 0.790000 0.892813 0.914737 0.801967 0.869464 0.893762 0.807264 0.799500 0.885315 0.780751 0.834904 0.766641 0.783359 0.822654 0.823852 0.757632 0.742622 0.725603 0.715978 
0.728628 0.650866 0.902570 0.839105 0.809890 0.807681 0.740385 0.677474 0.937862 1.000000 0.866062 0.910175 0.914011 0.863806 0.780436 0.899128 0.859856 0.805090 0.877756 0.807050 0.834301 0.786444 0.804968 0.828144 0.820949 0.770853 0.751563 0.736205 0.717806 
0.741655 0.657898 0.773039 0.926443 0.810802 0.800609 0.781100 0.681882 0.790000 0.866062 1.000000 0.841067 0.784980 0.935363 0.760839 0.829428 0.937834 0.816169 0.801116 0.853222 0.792809 0.878314 0.812650 0.815003 0.797675 0.785670 0.776247 0.750791 0.722364 
0.723009 0.652838 0.885092 0.799868 0.773395 0.863684 0.764017 0.693396 0.892813 0.910175 0.841067 1.000000 0.897701 0.862553 0.855422 0.847196 0.889304 0.851956 0.915274 0.749158 0.887648 0.785988 0.844374 0.881283 0.817033 0.825867 0.762577 0.755743 0.727725 
0.729700 0.653320 0.951890 0.781956 0.783964 0.863557 0.754303 0.707226 0.914737 0.914011 0.784980 0.897701 1.000000 0.816086 0.850214 0.884581 0.838857 0.835398 0.914040 0.765384 0.852827 0.760422 0.859639 0.861029 0.824505 0.803333 0.763547 0.759863 0.740830 
0.704055 0.643445 0.782751 0.881924 0.741496 0.873342 0.766835 0.713485 0.801967 0.863806 0.935363 0.862553 0.816086 1.000000 0.771670 0.810178 0.945083 0.900371 0.822466 0.754342 0.789223 0.844655 0.905093 0.851994 0.759590 0.843350 0.749921 0.766535 0.741489 
0.749399 0.729014 0.851537 0.752146 0.761203 0.789363 0.753485 0.732959 0.869464 0.780436 0.760839 0.855422 0.850214 0.771670 1.000000 0.790489 0.790819 0.774948 0.818614 0.753086 0.827972 0.760863 0.769162 0.819601 0.780980 0.780205 0.761591 0.753517 0.742943 
0.751910 0.670916 0.892571 0.846356 0.899811 0.799673 0.769936 0.685948 0.893762 0.899128 0.829428 0.847196 0.884581 0.810178 0.790489 1.000000 0.825403 0.768390 0.864268 0.898671 0.864636 0.795623 0.771931 0.811033 0.893270 0.759868 0.799310 0.749785 0.717261 
0.685128 0.580038 0.801192 0.882467 0.777410 0.884668 0.838024 0.718242 0.807264 0.859856 0.937834 0.889304 0.838857 0.945083 0.790819 0.825403 1.000000 0.901825 0.875503 0.784490 0.823736 0.893170 0.908366 0.914593 0.827659 0.897415 0.806857 0.849744 0.772274 
0.691591 0.663399 0.783846 0.790851 0.742079 0.918564 0.795732 0.752486 0.799500 0.805090 0.816169 0.851956 0.835398 0.900371 0.774948 0.768390 0.901825 1.000000 0.851373 0.742169 0.804106 0.790938 0.946157 0.884332 0.814890 0.898381 0.777950 0.796164 0.769562 
0.709499 0.661722 0.896342 0.777727 0.777516 0.856784 0.826864 0.727835 0.885315 0.877756 0.801116 0.915274 0.914040 0.822466 0.818614 0.864268 0.875503 0.851373 1.000000 0.747817 0.862735 0.797129 0.859462 0.915961 0.824203 0.849301 0.820219 0.812112 0.755956 
0.761257 0.717635 0.787381 0.857202 0.926478 0.747225 0.784408 0.716708 0.780751 0.807050 0.853222 0.749158 0.765384 0.754342 0.753086 0.898671 0.784490 0.742169 0.747817 1.000000 0.839347 0.837035 0.733144 0.748646 0.869593 0.738432 0.844918 0.738403 0.733911 
0.755745 0.687012 0.872485 0.788310 0.871268 0.832755 0.761625 0.708673 0.834904 0.834301 0.792809 0.887648 0.852827 0.789223 0.827972 0.864636 0.823736 0.804106 0.862735 0.839347 1.000000 0.774218 0.801030 0.870791 0.847020 0.810752 0.780186 0.766418 0.738700 
0.739754 0.678847 0.742493 0.909592 0.809524 0.796838 0.907514 0.760637 0.766641 0.786444 0.878314 0.785988 0.760422 0.844655 0.760863 0.795623 0.893170 0.790938 0.797129 0.837035 0.774218 1.000000 0.814963 0.842919 0.801320 0.880738 0.841926 0.878672 0.808741 
0.661574 0.679274 0.786046 0.786929 0.730662 0.942032 0.799063 0.821409 0.783359 0.804968 0.812650 0.844374 0.859639 0.905093 0.769162 0.771931 0.908366 0.946157 0.859462 0.733144 0.801030 0.814963 1.000000 0.892355 0.803380 0.907924 0.779480 0.842955 0.837927 
0.686368 0.648539 0.833496 0.782239 0.758591 0.873481 0.849673 0.753039 0.822654 0.828144 0.815003 0.881283 0.861029 0.851994 0.819601 0.811033 0.914593 0.884332 0.915961 0.748646 0.870791 0.842919 0.892355 1.000000 0.829391 0.915252 0.814944 0.866876 0.792081 
0.746206 0.701494 0.813037 0.804626 0.905983 0.821518 0.824813 0.730238 0.823852 0.820949 0.797675 0.817033 0.824505 0.759590 0.780980 0.893270 0.827659 0.814890 0.824203 0.869593 0.847020 0.801320 0.803380 0.829391 1.000000 0.822640 0.854968 0.795979 0.744238 
0.671697 0.679021 0.755025 0.777802 0.745933 0.903021 0.900454 0.826862 0.757632 0.770853 0.785670 0.825867 0.803333 0.843350 0.780205 0.759868 0.897415 0.898381 0.849301 0.738432 0.810752 0.880738 0.907924 0.915252 0.822640 1.000000 0.822390 0.909666 0.857371 
0.737013 0.726724 0.749382 0.779397 0.876175 0.761042 0.914067 0.775210 0.742622 0.751563 0.776247 0.762577 0.763547 0.749921 0.761591 0.799310 0.806857 0.777950 0.820219 0.844918 0.780186 0.841926 0.779480 0.814944 0.854968 0.822390 1.000000 0.898734 0.767889 
0.638413 0.729228 0.715684 0.739650 0.767918 0.774902 0.930636 0.899415 0.725603 0.736205 0.750791 0.755743 0.759863 0.766535 0.753517 0.749785 0.849744 0.796164 0.812112 0.738403 0.766418 0.878672 0.842955 0.866876 0.795979 0.909666 0.898734 1.000000 0.934747 
0.595743 0.777241 0.697422 0.702477 0.715517 0.751690 0.828295 0.958132 0.715978 0.717806 0.722364 0.727725 0.740830 0.741489 0.742943 0.717261 0.772274 0.769562 0.755956 0.733911 0.738700 0.808741 0.837927 0.792081 0.744238 0.857371 0.767889 0.934747 1.000000 
