1.000000 0.950650 0.907549 0.947512 0.923046 0.931454 0.819217 0.885046 0.842853 0.879738 0.825915 0.898396 0.794784 0.778110 0.786185 0.855484 0.810551 0.813864 0.820325 0.796563 0.797571 0.806565 0.808761 0.842706 0.805754 0.819124 0.714210 0.789128 0.923571
0.950650 1.000000 0.852819 0.868238 0.820302 0.890998 0.799059 0.823813 0.821642 0.875799 0.807289 0.839609 0.779840 0.763171 0.778350 0.810723 0.787908 0.798526 0.777974 0.792926 0.767316 0.783551 0.800233 0.801279 0.779396 0.796803 0.678100 0.827784 0.968431
0.907549 0.852819 1.000000 0.929801 0.878932 0.909149 0.881068 0.918757 0.838700 0.857736 0.843388 0.879710 0.835124 0.799870 0.819302 0.843619 0.834761 0.814312 0.853438 0.875100 0.931397 0.907271 0.814666 0.846944 0.842423 0.825367 0.797656 0.747875 0.814485
0.947512 0.868238 0.929801 1.000000 0.934832 0.924370 0.819458 0.875875 0.842510 0.845154 0.872030 0.884991 0.798166 0.805260 0.800642 0.867113 0.817198 0.809393 0.855490 0.833502 0.863131 0.830864 0.808735 0.865499 0.821942 0.815279 0.817393 0.824197 0.874655
0.923046 0.820302 0.878932 0.934832 1.000000 0.863591 0.805863 0.851329 0.828349 0.829571 0.814811 0.857721 0.807187 0.805429 0.799974 0.861881 0.816043 0.816821 0.905614 0.881274 0.829505 0.826989 0.815251 0.889124 0.845349 0.830135 0.795438 0.787095 0.826161
0.931454 0.890998 0.909149 0.924370 0.863591 1.000000 0.880047 0.922030 0.922774 0.930116 0.926346 0.935741 0.822676 0.809974 0.812070 0.884700 0.866328 0.848539 0.802647 0.796586 0.828232 0.834507 0.830150 0.863788 0.813868 0.854409 0.741960 0.748018 0.867111
0.819217 0.799059 0.881068 0.819458 0.805863 0.880047 1.000000 0.958523 0.924307 0.927940 0.903417 0.886804 0.896008 0.832180 0.847457 0.863651 0.895034 0.858622 0.799064 0.809425 0.910067 0.951119 0.823329 0.813644 0.853956 0.837336 0.768608 0.718429 0.776316
0.885046 0.823813 0.918757 0.875875 0.851329 0.922030 0.958523 1.000000 0.925426 0.930456 0.912190 0.935235 0.892934 0.846842 0.851651 0.905093 0.915773 0.876528 0.827919 0.833567 0.910487 0.953004 0.838606 0.867738 0.865963 0.864651 0.753059 0.664649 0.780195
0.842853 0.821642 0.838700 0.842510 0.828349 0.922774 0.924307 0.925426 1.000000 0.959339 0.938279 0.911930 0.849930 0.833054 0.845501 0.886318 0.886774 0.873816 0.799535 0.799608 0.838631 0.858687 0.825951 0.857678 0.820703 0.849151 0.758380 0.735074 0.807930
0.879738 0.875799 0.857736 0.845154 0.829571 0.930116 0.927940 0.930456 0.959339 1.000000 0.956201 0.918128 0.849833 0.834807 0.832665 0.892627 0.880848 0.892765 0.790292 0.792304 0.835510 0.855909 0.821322 0.848576 0.823538 0.846713 0.733557 0.748228 0.862819
0.825915 0.807289 0.843388 0.872030 0.814811 0.926346 0.903417 0.912190 0.938279 0.956201 1.000000 0.903525 0.851981 0.890359 0.849704 0.890540 0.895913 0.895815 0.821568 0.803690 0.860056 0.846380 0.837447 0.862905 0.845638 0.871742 0.827960 0.773138 0.823825
0.898396 0.839609 0.879710 0.884991 0.857721 0.935741 0.886804 0.935235 0.911930 0.918128 0.903525 1.000000 0.868119 0.872324 0.863799 0.936284 0.909571 0.893847 0.812842 0.804836 0.831772 0.857767 0.861394 0.869099 0.854632 0.901437 0.754080 0.722690 0.808375
0.794784 0.779840 0.835124 0.798166 0.807187 0.822676 0.896008 0.892934 0.849930 0.849833 0.851981 0.868119 1.000000 0.925999 0.953025 0.906839 0.931845 0.934789 0.853728 0.851482 0.876722 0.897763 0.830334 0.862456 0.923349 0.872955 0.788641 0.724634 0.746740
0.778110 0.763171 0.799870 0.805260 0.805429 0.809974 0.832180 0.846842 0.833054 0.834807 0.890359 0.872324 0.925999 1.000000 0.947478 0.921203 0.912518 0.963696 0.864335 0.835870 0.842643 0.824425 0.886447 0.856215 0.918294 0.902752 0.840537 0.726684 0.730374
0.786185 0.778350 0.819302 0.800642 0.799974 0.812070 0.847457 0.851651 0.845501 0.832665 0.849704 0.863799 0.953025 0.947478 1.000000 0.912690 0.918481 0.935345 0.857137 0.830585 0.850147 0.837954 0.900407 0.864742 0.919214 0.873429 0.804951 0.739523 0.749778
0.855484 0.810723 0.843619 0.867113 0.861881 0.884700 0.863651 0.905093 0.886318 0.892627 0.890540 0.936284 0.906839 0.921203 0.912690 1.000000 0.935757 0.934811 0.828003 0.804167 0.828172 0.846782 0.860616 0.865019 0.896368 0.895175 0.773061 0.733680 0.787997
0.810551 0.787908 0.834761 0.817198 0.816043 0.866328 0.895034 0.915773 0.886774 0.880848 0.895913 0.909571 0.931845 0.912518 0.918481 0.935757 1.000000 0.922250 0.824710 0.805249 0.845792 0.878259 0.889478 0.859369 0.883055 0.914494 0.784075 0.726280 0.759864
0.813864 0.798526 0.814312 0.809393 0.816821 0.848539 0.858622 0.876528 0.873816 0.892765 0.895815 0.893847 0.934789 0.963696 0.935345 0.934811 0.922250 1.000000 0.833148 0.818295 0.831547 0.833957 0.885414 0.865257 0.912123 0.887454 0.789511 0.726682 0.771203
0.820325 0.777974 0.853438 0.855490 0.905614 0.802647 0.799064 0.827919 0.799535 0.790292 0.821568 0.812842 0.853728 0.864335 0.857137 0.828003 0.824710 0.833148 1.000000 0.944336 0.865210 0.854449 0.814939 0.928624 0.923875 0.901808 0.855726 0.755974 0.764671
0.796563 0.792926 0.875100 0.833502 0.881274 0.796586 0.809425 0.833567 0.799608 0.792304 0.803690 0.804836 0.851482 0.835870 0.830585 0.804167 0.805249 0.818295 0.944336 1.000000 0.890866 0.887762 0.808413 0.900507 0.922998 0.876912 0.814983 0.779701 0.778944
0.797571 0.767316 0.931397 0.863131 0.829505 0.828232 0.910067 0.910487 0.838631 0.835510 0.860056 0.831772 0.876722 0.842643 0.850147 0.828172 0.845792 0.831547 0.865210 0.890866 1.000000 0.944309 0.807656 0.849563 0.882398 0.836609 0.867798 0.696797 0.724692
0.806565 0.783551 0.907271 0.830864 0.826989 0.834507 0.951119 0.953004 0.858687 0.855909 0.846380 0.857767 0.897763 0.824425 0.837954 0.846782 0.878259 0.833957 0.854449 0.887762 0.944309 1.000000 0.814647 0.844052 0.869128 0.840188 0.799193 0.730498 0.750381
0.808761 0.800233 0.814666 0.808735 0.815251 0.830150 0.823329 0.838606 0.825951 0.821322 0.837447 0.861394 0.830334 0.886447 0.900407 0.860616 0.889478 0.885414 0.814939 0.808413 0.807656 0.814647 1.000000 0.830768 0.838343 0.867984 0.805443 0.788954 0.792154
0.842706 0.801279 0.846944 0.865499 0.889124 0.863788 0.813644 0.867738 0.857678 0.848576 0.862905 0.869099 0.862456 0.856215 0.864742 0.865019 0.859369 0.865257 0.928624 0.900507 0.849563 0.844052 0.830768 1.000000 0.918834 0.882917 0.802868 0.766510 0.789948
0.805754 0.779396 0.842423 0.821942 0.845349 0.813868 0.853956 0.865963 0.820703 0.823538 0.845638 0.854632 0.923349 0.918294 0.919214 0.896368 0.883055 0.912123 0.923875 0.922998 0.882398 0.869128 0.838343 0.918834 1.000000 0.896654 0.807466 0.741312 0.753735
0.819124 0.796803 0.825367 0.815279 0.830135 0.854409 0.837336 0.864651 0.849151 0.846713 0.871742 0.901437 0.872955 0.902752 0.873429 0.895175 0.914494 0.887454 0.901808 0.876912 0.836609 0.840188 0.867984 0.882917 0.896654 1.000000 0.810553 0.754611 0.772386
0.714210 0.678100 0.797656 0.817393 0.795438 0.741960 0.768608 0.753059 0.758380 0.733557 0.827960 0.754080 0.788641 0.840537 0.804951 0.773061 0.784075 0.789511 0.855726 0.814983 0.867798 0.799193 0.805443 0.802868 0.807466 0.810553 1.000000 0.643456 0.000000
0.789128 0.827784 0.747875 0.824197 0.787095 0.748018 0.718429 0.664649 0.735074 0.748228 0.773138 0.722690 0.724634 0.726684 0.739523 0.733680 0.726280 0.726682 0.755974 0.779701 0.696797 0.730498 0.788954 0.766510 0.741312 0.754611 0.643456 1.000000 0.918847
0.923571 0.968431 0.814485 0.874655 0.826161 0.867111 0.776316 0.780195 0.807930 0.862819 0.823825 0.808375 0.746740 0.730374 0.749778 0.787997 0.759864 0.771203 0.764671 0.778944 0.724692 0.750381 0.792154 0.789948 0.753735 0.772386 0.000000 0.918847 1.000000
