1.000000 0.845768 0.810110 0.870044 0.873041 0.973658 0.912961 0.720011 0.656042 0.801534 0.679904 0.849746 0.716841 0.923179 0.710738 0.870216 0.971029 0.866505 0.820144 0.561524 0.836503 0.962498 0.880647 0.887852 0.864533 0.778263 0.847690 0.719064 0.623503 
0.845768 1.000000 0.745213 0.541853 0.797830 0.903773 0.963976 0.959163 0.574769 0.669710 0.293898 0.751014 0.678706 0.651305 0.690966 0.679115 0.813426 0.902038 0.773022 0.290815 0.798352 0.833391 0.907283 0.928102 0.777491 0.918015 0.935079 0.923656 0.886328 
0.810110 0.745213 1.000000 0.473817 0.866481 0.856053 0.825586 0.650476 0.965596 0.984814 0.178839 0.980375 0.987743 0.577381 0.982192 0.861704 0.754293 0.848911 0.996662 0.284737 0.978447 0.816391 0.875435 0.852164 0.875728 0.757282 0.824151 0.667698 0.579163 
0.870044 0.541853 0.473817 1.000000 0.623700 0.770489 0.644068 0.398723 0.310130 0.520995 0.952974 0.567361 0.351486 0.983898 0.324152 0.696657 0.884298 0.579626 0.485711 0.636695 0.506015 0.826138 0.591051 0.603004 0.625669 0.455888 0.548673 0.400412 0.312691 
0.873041 0.797830 0.866481 0.623700 1.000000 0.875112 0.859797 0.668023 0.773115 0.816432 0.384239 0.814425 0.817629 0.694727 0.851172 0.962339 0.799856 0.820346 0.861955 0.681037 0.938794 0.859665 0.819257 0.831824 0.993542 0.749460 0.867727 0.666110 0.558530 
0.973658 0.903773 0.856053 0.770489 0.875112 1.000000 0.973016 0.826230 0.704327 0.830667 0.542087 0.892165 0.782832 0.861483 0.770880 0.847254 0.970797 0.956667 0.874640 0.457250 0.885898 0.979714 0.964480 0.966917 0.868126 0.896754 0.910358 0.842297 0.750736 
0.912961 0.963976 0.825586 0.644068 0.859797 0.973016 1.000000 0.921675 0.668203 0.771104 0.394504 0.843963 0.764089 0.756130 0.762522 0.783439 0.909757 0.973983 0.853505 0.380435 0.874526 0.935750 0.973495 0.988989 0.849930 0.958977 0.963339 0.932210 0.852693 
0.720011 0.959163 0.650476 0.398723 0.668023 0.826230 0.921675 1.000000 0.482497 0.568311 0.150553 0.667815 0.602625 0.534241 0.600847 0.533781 0.732594 0.884133 0.691600 0.123452 0.706424 0.759602 0.885409 0.900912 0.652362 0.942227 0.891454 0.977009 0.975891 
0.656042 0.574769 0.965596 0.310130 0.773115 0.704327 0.668203 0.482497 1.000000 0.969907 0.015549 0.928450 0.987443 0.407972 0.973816 0.802467 0.591320 0.713307 0.955321 0.200207 0.923145 0.679853 0.744105 0.709931 0.800080 0.605683 0.694623 0.503523 0.421434 
0.801534 0.669710 0.984814 0.520995 0.816432 0.830667 0.771104 0.568311 0.969907 1.000000 0.249103 0.985670 0.974678 0.610082 0.951751 0.853375 0.757482 0.803449 0.980768 0.275445 0.943635 0.812225 0.836706 0.804461 0.837584 0.686021 0.760821 0.589007 0.504707 
0.679904 0.293898 0.178839 0.952974 0.384239 0.542087 0.394504 0.150553 0.015549 0.249103 1.000000 0.294350 0.045574 0.894064 0.012662 0.482875 0.712754 0.312460 0.191806 0.589726 0.216524 0.626349 0.321406 0.340123 0.389066 0.185279 0.295310 0.145177 0.074773 
0.849746 0.751014 0.980375 0.567361 0.814425 0.892165 0.843963 0.667815 0.928450 0.985670 0.294350 1.000000 0.956921 0.667673 0.931472 0.827492 0.824392 0.873375 0.985080 0.234719 0.943458 0.862604 0.904476 0.876808 0.827610 0.773897 0.817908 0.691674 0.609926 
0.716841 0.678706 0.987743 0.351486 0.817629 0.782832 0.764089 0.602625 0.987443 0.974678 0.045574 0.956921 1.000000 0.465292 0.989063 0.818228 0.666150 0.807580 0.984620 0.210009 0.961056 0.748067 0.832387 0.803209 0.836607 0.720012 0.779454 0.626818 0.543409 
0.923179 0.651305 0.577381 0.983898 0.694727 0.861483 0.756130 0.534241 0.407972 0.610082 0.894064 0.667673 0.465292 1.000000 0.434593 0.748621 0.951380 0.713245 0.594219 0.607340 0.612315 0.906428 0.721349 0.727830 0.695899 0.605000 0.655703 0.547001 0.457342 
0.710738 0.690966 0.982192 0.324152 0.851172 0.770880 0.762522 0.600847 0.973816 0.951751 0.012662 0.931472 0.989063 0.434593 1.000000 0.827606 0.637573 0.789049 0.974888 0.241639 0.969353 0.721667 0.811763 0.791358 0.860808 0.708059 0.792992 0.616997 0.528816 
0.870216 0.679115 0.861704 0.696657 0.962339 0.847254 0.783439 0.533781 0.802467 0.853375 0.482875 0.827492 0.818228 0.748621 0.827606 1.000000 0.811312 0.767918 0.850833 0.744482 0.912673 0.871874 0.771173 0.767228 0.972753 0.654167 0.766846 0.543735 0.428712 
0.971029 0.813426 0.754293 0.884298 0.799856 0.970797 0.909757 0.732594 0.591320 0.757482 0.712754 0.824392 0.666150 0.951380 0.637573 0.811312 1.000000 0.894036 0.776316 0.508264 0.784414 0.984782 0.900363 0.902154 0.798713 0.814827 0.823828 0.757986 0.664981 
0.866505 0.902038 0.848911 0.579626 0.820346 0.956667 0.973983 0.884133 0.713307 0.803449 0.312460 0.873375 0.807580 0.713245 0.789049 0.767918 0.894036 1.000000 0.876528 0.309924 0.885649 0.931635 0.994528 0.992795 0.817738 0.975909 0.918343 0.924406 0.832686 
0.820144 0.773022 0.996662 0.485711 0.861955 0.874640 0.853505 0.691600 0.955321 0.980768 0.191806 0.985080 0.984620 0.594219 0.974888 0.850833 0.776316 0.876528 1.000000 0.267536 0.978492 0.837444 0.900502 0.881459 0.873910 0.793473 0.854935 0.712742 0.625296 
0.561524 0.290815 0.284737 0.636695 0.681037 0.457250 0.380435 0.123452 0.200207 0.275445 0.589726 0.234719 0.210009 0.607340 0.241639 0.744482 0.508264 0.309924 0.267536 1.000000 0.422098 0.548615 0.279377 0.306997 0.683702 0.213143 0.350675 0.115376 0.000000 
0.836503 0.798352 0.978447 0.506015 0.938794 0.885898 0.874526 0.706424 0.923145 0.943635 0.216524 0.943458 0.961056 0.612315 0.969353 0.912673 0.784414 0.885649 0.978492 0.422098 1.000000 0.854891 0.897523 0.886248 0.945293 0.810286 0.879928 0.722106 0.627266 
0.962498 0.833391 0.816391 0.826138 0.859665 0.979714 0.935750 0.759602 0.679853 0.812225 0.626349 0.862604 0.748067 0.906428 0.721667 0.871874 0.984782 0.931635 0.837444 0.548615 0.854891 1.000000 0.931793 0.933985 0.865943 0.857184 0.868338 0.791762 0.689451 
0.880647 0.907283 0.875435 0.591051 0.819257 0.964480 0.973495 0.885409 0.744105 0.836706 0.321406 0.904476 0.832387 0.721349 0.811763 0.771173 0.900363 0.994528 0.900502 0.279377 0.897523 0.931793 1.000000 0.991201 0.816495 0.964485 0.915832 0.916118 0.839515 
0.887852 0.928102 0.852164 0.603004 0.831824 0.966917 0.988989 0.900912 0.709931 0.804461 0.340123 0.876808 0.803209 0.727830 0.791358 0.767228 0.902154 0.992795 0.881459 0.306997 0.886248 0.933985 0.991201 1.000000 0.826637 0.972199 0.950054 0.934111 0.842720 
0.864533 0.777491 0.875728 0.625669 0.993542 0.868126 0.849930 0.652362 0.800080 0.837584 0.389066 0.827610 0.836607 0.695899 0.860808 0.972753 0.798713 0.817738 0.873910 0.683702 0.945293 0.865943 0.816495 0.826637 1.000000 0.739508 0.865892 0.653596 0.548501 
0.778263 0.918015 0.757282 0.455888 0.749460 0.896754 0.958977 0.942227 0.605683 0.686021 0.185279 0.773897 0.720012 0.605000 0.708059 0.654167 0.814827 0.975909 0.793473 0.213143 0.810286 0.857184 0.964485 0.972199 0.739508 1.000000 0.912401 0.978826 0.906148 
0.847690 0.935079 0.824151 0.548673 0.867727 0.910358 0.963339 0.891454 0.694623 0.760821 0.295310 0.817908 0.779454 0.655703 0.792992 0.766846 0.823828 0.918343 0.854935 0.350675 0.879928 0.868338 0.915832 0.950054 0.865892 0.912401 1.000000 0.902198 0.821638 
0.719064 0.923656 0.667698 0.400412 0.666110 0.842297 0.932210 0.977009 0.503523 0.589007 0.145177 0.691674 0.626818 0.547001 0.616997 0.543735 0.757986 0.924406 0.712742 0.115376 0.722106 0.791762 0.916118 0.934111 0.653596 0.978826 0.902198 1.000000 0.957203 
0.623503 0.886328 0.579163 0.312691 0.558530 0.750736 0.852693 0.975891 0.421434 0.504707 0.074773 0.609926 0.543409 0.457342 0.528816 0.428712 0.664981 0.832686 0.625296 0.000000 0.627266 0.689451 0.839515 0.842720 0.548501 0.906148 0.821638 0.957203 1.000000 
