1.000000 -0.181099 0.092164 0.182785 0.133332 0.064173 0.034053 -0.215451 -0.005596 -0.038054 -0.018869 -0.042514 -0.034848 -0.071298 -0.010054 0.001862 -0.095180 -0.090064 -0.062967 0.009444 0.007264 -0.018843 -0.116919 -0.093895 -0.014028 -0.110925 -0.029304 -0.142993 -0.168880 
-0.181099 1.000000 -0.132799 -0.158766 -0.097583 -0.070376 0.046727 0.360289 -0.118967 -0.133194 -0.127765 -0.129545 -0.131666 -0.138818 -0.044921 -0.114750 -0.180173 -0.126559 -0.123773 -0.060612 -0.097328 -0.109952 -0.108234 -0.135628 -0.083876 -0.104120 -0.048031 -0.040826 0.024702 
0.092164 -0.132799 1.000000 0.082058 0.148772 0.254615 -0.020821 -0.128863 0.571698 0.437810 0.028073 0.355355 0.678639 0.050677 0.235558 0.396527 0.089041 0.054719 0.409511 0.050081 0.308003 -0.021140 0.054814 0.175720 0.118168 -0.005229 -0.019877 -0.073275 -0.089849 
0.182785 -0.158766 0.082058 1.000000 0.152709 0.135440 0.129705 -0.136560 0.102415 0.194449 0.547307 0.081973 0.052955 0.344799 -0.006645 0.216164 0.342184 0.076506 0.045723 0.255377 0.063815 0.463815 0.056646 0.054095 0.107271 0.023343 0.044078 -0.037143 -0.083384 
0.133332 -0.097583 0.148772 0.152709 1.000000 0.024873 0.124789 -0.082854 0.118071 0.105073 0.122482 0.029045 0.054719 -0.023705 0.008945 0.413302 0.042534 -0.025511 0.038112 0.539325 0.312205 0.125438 -0.047004 0.003757 0.457313 -0.011467 0.329419 0.026503 -0.063130 
0.064173 -0.070376 0.254615 0.135440 0.024873 1.000000 0.162194 0.039920 0.101745 0.114935 0.085051 0.301272 0.273421 0.306248 0.066170 0.085629 0.357841 0.501577 0.258690 -0.012936 0.173707 0.068511 0.621139 0.309996 0.142873 0.413714 0.004955 0.030313 -0.012634 
0.034053 0.046727 -0.020821 0.129705 0.124789 0.162194 1.000000 0.214492 -0.025733 -0.031946 0.045824 0.004814 -0.012207 0.002280 -0.006090 0.018962 0.182195 0.073552 0.149517 0.057699 0.004781 0.429501 0.074044 0.226768 0.164237 0.412774 0.486406 0.565336 0.150594 
-0.215451 0.360289 -0.128863 -0.136560 -0.082854 0.039920 0.214492 1.000000 -0.105863 -0.109317 -0.104618 -0.089310 -0.073871 -0.067452 -0.038833 -0.100750 -0.054268 -0.005778 -0.046457 -0.061205 -0.072499 0.001647 0.165288 -0.001547 -0.039235 0.181953 0.046147 0.449233 0.716069 
-0.005596 -0.118967 0.571698 0.102415 0.118071 0.101745 -0.025733 -0.105863 1.000000 0.602909 0.066400 0.377781 0.491227 0.097485 0.300331 0.398621 0.109080 0.090659 0.363386 0.031831 0.187241 0.024789 0.051329 0.152298 0.154059 0.003855 -0.026049 -0.053825 -0.063550 
-0.038054 -0.133194 0.437810 0.194449 0.105073 0.114935 -0.031946 -0.109317 0.602909 1.000000 0.262196 0.453856 0.491382 0.267515 0.046103 0.407342 0.255996 0.110342 0.340909 0.099021 0.178451 0.062356 0.099394 0.160833 0.141292 0.023362 -0.019201 -0.042174 -0.062033 
-0.018869 -0.127765 0.028073 0.547307 0.122482 0.085051 0.045824 -0.104618 0.066400 0.262196 1.000000 0.162445 0.057192 0.594323 0.009200 0.164606 0.604619 0.136801 0.086581 0.248143 0.069727 0.347041 0.114631 0.135511 0.091456 0.056939 0.040366 -0.009391 -0.054239 
-0.042514 -0.129545 0.355355 0.081973 0.029045 0.301272 0.004814 -0.089310 0.377781 0.453856 0.162445 1.000000 0.397304 0.245776 0.238804 0.207813 0.360496 0.248987 0.493911 -0.012655 0.347734 0.061123 0.223837 0.335065 0.136769 0.154794 0.002679 -0.008424 -0.050853 
-0.034848 -0.131666 0.678639 0.052955 0.054719 0.273421 -0.012207 -0.073871 0.491227 0.491382 0.057192 0.397304 1.000000 0.133972 0.232635 0.358931 0.193414 0.183342 0.484415 0.018175 0.237630 0.010582 0.254321 0.262265 0.145783 0.097151 0.001934 -0.005540 -0.030472 
-0.071298 -0.138818 0.050677 0.344799 -0.023705 0.306248 0.002280 -0.067452 0.097485 0.267515 0.594323 0.245776 0.133972 1.000000 0.030336 0.111426 0.636527 0.430770 0.150686 -0.000330 0.058824 0.202103 0.436385 0.247312 0.013358 0.185038 -0.011204 0.012155 -0.028110 
-0.010054 -0.044921 0.235558 -0.006645 0.008945 0.066170 -0.006090 -0.038833 0.300331 0.046103 0.009200 0.238804 0.232635 0.030336 1.000000 0.068875 0.069311 0.035495 0.133910 -0.005932 0.161412 0.010891 0.021063 0.142151 0.047665 0.048508 0.008295 -0.006321 -0.023234 
0.001862 -0.114750 0.396527 0.216164 0.413302 0.085629 0.018962 -0.100750 0.398621 0.407342 0.164606 0.207813 0.358931 0.111426 0.068875 1.000000 0.149073 0.023348 0.272661 0.400751 0.281174 0.085353 0.019147 0.110548 0.392919 0.005287 0.077249 -0.021587 -0.062751 
-0.095180 -0.180173 0.089041 0.342184 0.042534 0.357841 0.182195 -0.054268 0.109080 0.255996 0.604619 0.360496 0.193414 0.636527 0.069311 0.149073 1.000000 0.455916 0.317468 0.061288 0.145852 0.398544 0.454368 0.489335 0.183165 0.412007 0.103841 0.224476 0.029027 
-0.090064 -0.126559 0.054719 0.076506 -0.025511 0.501577 0.073552 -0.005778 0.090659 0.110342 0.136801 0.248987 0.183342 0.430770 0.035495 0.023348 0.455916 1.000000 0.244229 -0.019529 0.098302 0.082875 0.651169 0.354910 0.126100 0.402887 0.043199 0.085568 0.023274 
-0.062967 -0.123773 0.409511 0.045723 0.038112 0.258690 0.149517 -0.046457 0.363386 0.340909 0.086581 0.493911 0.484415 0.150686 0.133910 0.272661 0.317468 0.244229 1.000000 -0.015963 0.261205 0.084487 0.248762 0.478406 0.137577 0.226480 0.116351 0.100604 -0.010338 
0.009444 -0.060612 0.050081 0.255377 0.539325 -0.012936 0.057699 -0.061205 0.031831 0.099021 0.248143 -0.012655 0.018175 -0.000330 -0.005932 0.400751 0.061288 -0.019529 -0.015963 1.000000 0.202477 0.203539 -0.037219 -0.011246 0.310747 -0.023459 0.217340 -0.027576 -0.035902 
0.007264 -0.097328 0.308003 0.063815 0.312205 0.173707 0.004781 -0.072499 0.187241 0.178451 0.069727 0.347734 0.237630 0.058824 0.161412 0.281174 0.145852 0.098302 0.261205 0.202477 1.000000 0.036062 0.081020 0.298547 0.216213 0.116595 0.034210 0.010021 -0.031986 
-0.018843 -0.109952 -0.021140 0.463815 0.125438 0.068511 0.429501 0.001647 0.024789 0.062356 0.347041 0.061123 0.010582 0.202103 0.010891 0.085353 0.398544 0.082875 0.084487 0.203539 0.036062 1.000000 0.114239 0.222421 0.111575 0.325975 0.221140 0.321666 0.105076 
-0.116919 -0.108234 0.054814 0.056646 -0.047004 0.621139 0.074044 0.165288 0.051329 0.099394 0.114631 0.223837 0.254321 0.436385 0.021063 0.019147 0.454368 0.651169 0.248762 -0.037219 0.081020 0.114239 1.000000 0.367088 0.084382 0.444552 0.026590 0.212917 0.210575 
-0.093895 -0.135628 0.175720 0.054095 0.003757 0.309996 0.226768 -0.001547 0.152298 0.160833 0.135511 0.335065 0.262265 0.247312 0.142151 0.110548 0.489335 0.354910 0.478406 -0.011246 0.298547 0.222421 0.367088 1.000000 0.157454 0.507471 0.120082 0.279801 0.060532 
-0.014028 -0.083876 0.118168 0.107271 0.457313 0.142873 0.164237 -0.039235 0.154059 0.141292 0.091456 0.136769 0.145783 0.013358 0.047665 0.392919 0.183165 0.126100 0.137577 0.310747 0.216213 0.111575 0.084382 0.157454 1.000000 0.173086 0.267343 0.097139 -0.021750 
-0.110925 -0.104120 -0.005229 0.023343 -0.011467 0.413714 0.412774 0.181953 0.003855 0.023362 0.056939 0.154794 0.097151 0.185038 0.048508 0.005287 0.412007 0.402887 0.226480 -0.023459 0.116595 0.325975 0.444552 0.507471 0.173086 1.000000 0.170571 0.468726 0.242983 
-0.029304 -0.048031 -0.019877 0.044078 0.329419 0.004955 0.486406 0.046147 -0.026049 -0.019201 0.040366 0.002679 0.001934 -0.011204 0.008295 0.077249 0.103841 0.043199 0.116351 0.217340 0.034210 0.221140 0.026590 0.120082 0.267343 0.170571 1.000000 0.434039 0.021733 
-0.142993 -0.040826 -0.073275 -0.037143 0.026503 0.030313 0.565336 0.449233 -0.053825 -0.042174 -0.009391 -0.008424 -0.005540 0.012155 -0.006321 -0.021587 0.224476 0.085568 0.100604 -0.027576 0.010021 0.321666 0.212917 0.279801 0.097139 0.468726 0.434039 1.000000 0.578827 
-0.168880 0.024702 -0.089849 -0.083384 -0.063130 -0.012634 0.150594 0.716069 -0.063550 -0.062033 -0.054239 -0.050853 -0.030472 -0.028110 -0.023234 -0.062751 0.029027 0.023274 -0.010338 -0.035902 -0.031986 0.105076 0.210575 0.060532 -0.021750 0.242983 0.021733 0.578827 1.000000 
