1.000000 0.546862 0.653485 0.059614 0.143671 0.170329 0.260031 0.142562 0.172702 0.116974 0.132977 0.172060 0.159500 0.185505 0.407464 0.562900 0.187261 0.361946 0.202200 0.247661 0.352436 0.441908 0.642385 0.534361 0.146701 0.169534 0.257181 0.199065 0.154573
0.546862 1.000000 0.766398 0.000000 0.473684 0.103781 0.139038 0.087321 0.116484 0.071239 0.090162 0.145311 0.094369 0.117613 0.175988 0.326961 0.121765 0.132612 0.210104 0.172507 0.313249 0.178616 0.353732 0.215227 0.064907 0.091187 0.144980 0.109093 0.126905
0.653485 0.766398 1.000000 0.038316 0.197583 0.135421 0.168755 0.126223 0.152190 0.103338 0.124976 0.158145 0.125632 0.150944 0.227062 0.377172 0.154133 0.201142 0.166866 0.196409 0.350509 0.263711 0.301160 0.195141 0.108657 0.132636 0.159366 0.125320 0.147722
0.059614 0.000000 0.038316 1.000000 0.028263 0.142283 0.125455 0.145952 0.148589 0.253087 0.172656 0.168989 0.178792 0.183237 0.100009 0.085998 0.118600 0.098952 0.230058 0.103161 0.081066 0.161757 0.205277 0.153151 0.327645 0.161736 0.165719 0.286958 0.185030
0.143671 0.473684 0.197583 0.028263 1.000000 0.070679 0.075427 0.067677 0.068934 0.068001 0.079382 0.140302 0.082851 0.097185 0.065674 0.091596 0.063049 0.029025 0.119359 0.073135 0.088212 0.086798 0.215705 0.137743 0.046637 0.072143 0.108253 0.096975 0.127392
0.170329 0.103781 0.135421 0.142283 0.070679 1.000000 0.583620 0.550666 0.504138 0.469625 0.488076 0.373734 0.348236 0.463355 0.452932 0.304616 0.379470 0.473854 0.425129 0.382112 0.361420 0.227549 0.181221 0.179465 0.244703 0.310911 0.289786 0.201156 0.166849
0.260031 0.139038 0.168755 0.125455 0.075427 0.583620 1.000000 0.457740 0.575808 0.514181 0.476232 0.287434 0.401589 0.392164 0.570864 0.363595 0.301235 0.438454 0.390095 0.378197 0.381927 0.246771 0.300274 0.272987 0.214879 0.248494 0.290451 0.208617 0.164127
0.142562 0.087321 0.126223 0.145952 0.067677 0.550666 0.457740 1.000000 0.581540 0.537464 0.673297 0.215191 0.512397 0.324079 0.309584 0.196481 0.397355 0.387878 0.271822 0.268043 0.259036 0.228563 0.150977 0.161463 0.337241 0.392979 0.293507 0.263708 0.258729
0.172702 0.116484 0.152190 0.148589 0.068934 0.504138 0.575808 0.581540 1.000000 0.735604 0.581412 0.368659 0.472567 0.372768 0.393036 0.257190 0.287484 0.336390 0.402215 0.328103 0.386500 0.185967 0.167217 0.178851 0.220828 0.224315 0.297202 0.222280 0.192213
0.116974 0.071239 0.103338 0.253087 0.068001 0.469625 0.514181 0.537464 0.735604 1.000000 0.647619 0.371063 0.503499 0.430667 0.321832 0.172958 0.218954 0.250518 0.386742 0.222280 0.222358 0.159868 0.160130 0.160907 0.244773 0.200357 0.274482 0.299661 0.218464
0.132977 0.090162 0.124976 0.172656 0.079382 0.488076 0.476232 0.673297 0.581412 0.647619 1.000000 0.424355 0.505222 0.331311 0.302562 0.180432 0.257465 0.267005 0.260970 0.251849 0.219491 0.197656 0.156089 0.155829 0.261521 0.231890 0.304011 0.274402 0.203449
0.172060 0.145311 0.158145 0.168989 0.140302 0.373734 0.287434 0.215191 0.368659 0.371063 0.424355 1.000000 0.233927 0.310060 0.294213 0.217170 0.202219 0.234285 0.231701 0.206464 0.194589 0.186221 0.172250 0.184085 0.171793 0.184829 0.216477 0.184620 0.172380
0.159500 0.094369 0.125632 0.178792 0.082851 0.348236 0.401589 0.512397 0.472567 0.503499 0.505222 0.233927 1.000000 0.408593 0.268212 0.181610 0.268935 0.299909 0.247711 0.196470 0.193013 0.247484 0.192862 0.240816 0.355107 0.312688 0.500530 0.517300 0.506974
0.185505 0.117613 0.150944 0.183237 0.097185 0.463355 0.392164 0.324079 0.372768 0.430667 0.331311 0.310060 0.408593 1.000000 0.422887 0.273188 0.225658 0.297259 0.320176 0.258137 0.243919 0.206930 0.181194 0.205406 0.229763 0.234628 0.355147 0.434124 0.343846
0.407464 0.175988 0.227062 0.100009 0.065674 0.452932 0.570864 0.309584 0.393036 0.321832 0.302562 0.294213 0.268212 0.422887 1.000000 0.594777 0.380734 0.579855 0.432306 0.469259 0.479278 0.360255 0.363831 0.276057 0.221767 0.288751 0.306804 0.180351 0.168008
0.562900 0.326961 0.377172 0.085998 0.091596 0.304616 0.363595 0.196481 0.257190 0.172958 0.180432 0.217170 0.181610 0.273188 0.594777 1.000000 0.329498 0.516235 0.517639 0.508731 0.543011 0.445453 0.516866 0.317596 0.196466 0.224106 0.319665 0.167826 0.157960
0.187261 0.121765 0.154133 0.118600 0.063049 0.379470 0.301235 0.397355 0.287484 0.218954 0.257465 0.202219 0.268935 0.225658 0.380734 0.329498 1.000000 0.700957 0.429223 0.531672 0.536292 0.343538 0.179136 0.168043 0.460940 0.666234 0.188251 0.157757 0.176989
0.361946 0.132612 0.201142 0.098952 0.029025 0.473854 0.438454 0.387878 0.336390 0.250518 0.267005 0.234285 0.299909 0.297259 0.579855 0.516235 0.700957 1.000000 0.471670 0.552360 0.551087 0.505158 0.327159 0.262695 0.458789 0.674704 0.327957 0.212254 0.227684
0.202200 0.210104 0.166866 0.230058 0.119359 0.425129 0.390095 0.271822 0.402215 0.386742 0.260970 0.231701 0.247711 0.320176 0.432306 0.517639 0.429223 0.471670 1.000000 0.589928 0.688296 0.233627 0.310704 0.181337 0.288692 0.247235 0.294808 0.197725 0.166617
0.247661 0.172507 0.196409 0.103161 0.073135 0.382112 0.378197 0.268043 0.328103 0.222280 0.251849 0.206464 0.196470 0.258137 0.469259 0.508731 0.531672 0.552360 0.589928 1.000000 0.713003 0.245445 0.237775 0.212802 0.240205 0.289812 0.281008 0.156272 0.161193
0.352436 0.313249 0.350509 0.081066 0.088212 0.361420 0.381927 0.259036 0.386500 0.222358 0.219491 0.194589 0.193013 0.243919 0.479278 0.543011 0.536292 0.551087 0.688296 0.713003 1.000000 0.271250 0.238179 0.199137 0.223866 0.271572 0.246685 0.138588 0.146639
0.441908 0.178616 0.263711 0.161757 0.086798 0.227549 0.246771 0.228563 0.185967 0.159868 0.197656 0.186221 0.247484 0.206930 0.360255 0.445453 0.343538 0.505158 0.233627 0.245445 0.271250 1.000000 0.530628 0.359201 0.558859 0.462785 0.269057 0.280463 0.344720
0.642385 0.353732 0.301160 0.205277 0.215705 0.181221 0.300274 0.150977 0.167217 0.160130 0.156089 0.172250 0.192862 0.181194 0.363831 0.516866 0.179136 0.327159 0.310704 0.237775 0.238179 0.530628 1.000000 0.577446 0.283974 0.214962 0.312385 0.279929 0.224732
0.534361 0.215227 0.195141 0.153151 0.137743 0.179465 0.272987 0.161463 0.178851 0.160907 0.155829 0.184085 0.240816 0.205406 0.276057 0.317596 0.168043 0.262695 0.181337 0.212802 0.199137 0.359201 0.577446 1.000000 0.213525 0.210471 0.397214 0.448286 0.356074
0.146701 0.064907 0.108657 0.327645 0.046637 0.244703 0.214879 0.337241 0.220828 0.244773 0.261521 0.171793 0.355107 0.229763 0.221767 0.196466 0.460940 0.458789 0.288692 0.240205 0.223866 0.558859 0.283974 0.213525 1.000000 0.627552 0.265516 0.302900 0.387369
0.169534 0.091187 0.132636 0.161736 0.072143 0.310911 0.248494 0.392979 0.224315 0.200357 0.231890 0.184829 0.312688 0.234628 0.288751 0.224106 0.666234 0.674704 0.247235 0.289812 0.271572 0.462785 0.214962 0.210471 0.627552 1.000000 0.252505 0.278031 0.381418
0.257181 0.144980 0.159366 0.165719 0.108253 0.289786 0.290451 0.293507 0.297202 0.274482 0.304011 0.216477 0.500530 0.355147 0.306804 0.319665 0.188251 0.327957 0.294808 0.281008 0.246685 0.269057 0.312385 0.397214 0.265516 0.252505 1.000000 0.553510 0.432924
0.199065 0.109093 0.125320 0.286958 0.096975 0.201156 0.208617 0.263708 0.222280 0.299661 0.274402 0.184620 0.517300 0.434124 0.180351 0.167826 0.157757 0.212254 0.197725 0.156272 0.138588 0.280463 0.279929 0.448286 0.302900 0.278031 0.553510 1.000000 0.620985
0.154573 0.126905 0.147722 0.185030 0.127392 0.166849 0.164127 0.258729 0.192213 0.218464 0.203449 0.172380 0.506974 0.343846 0.168008 0.157960 0.176989 0.227684 0.166617 0.161193 0.146639 0.344720 0.224732 0.356074 0.387369 0.381418 0.432924 0.620985 1.000000
