1.000000 0.028263 0.253087 0.327645 0.286958 0.230058 0.205277 0.000000 0.172656 0.145952 0.161736 0.142283 0.148589 0.118600 0.168989 0.178792 0.098952 0.103161 0.125455 0.185030 0.183237 0.161757 0.081066 0.100009 0.165719 0.085998 0.153151 0.059614 0.038316 
0.028263 1.000000 0.068001 0.046637 0.096975 0.119359 0.215705 0.473684 0.079382 0.067677 0.072143 0.070679 0.068934 0.063049 0.140302 0.082851 0.029025 0.073135 0.075427 0.127392 0.097185 0.086798 0.088212 0.065674 0.108253 0.091596 0.137743 0.143671 0.197583 
0.253087 0.068001 1.000000 0.244773 0.299661 0.386742 0.160130 0.071239 0.647619 0.537464 0.200357 0.469625 0.735604 0.218954 0.371063 0.503499 0.250518 0.222280 0.514181 0.218464 0.430667 0.159868 0.222358 0.321832 0.274482 0.172958 0.160907 0.116974 0.103338 
0.327645 0.046637 0.244773 1.000000 0.302900 0.288692 0.283974 0.064907 0.261521 0.337241 0.627552 0.244703 0.220828 0.460940 0.171793 0.355107 0.458789 0.240205 0.214879 0.387369 0.229763 0.558859 0.223866 0.221767 0.265516 0.196466 0.213525 0.146701 0.108657 
0.286958 0.096975 0.299661 0.302900 1.000000 0.197725 0.279929 0.109093 0.274402 0.263708 0.278031 0.201156 0.222280 0.157757 0.184620 0.517300 0.212254 0.156272 0.208617 0.620985 0.434124 0.280463 0.138588 0.180351 0.553510 0.167826 0.448286 0.199065 0.125320 
0.230058 0.119359 0.386742 0.288692 0.197725 1.000000 0.310704 0.210104 0.260970 0.271822 0.247235 0.425129 0.402215 0.429223 0.231701 0.247711 0.471670 0.589928 0.390095 0.166617 0.320176 0.233627 0.688296 0.432306 0.294808 0.517639 0.181337 0.202200 0.166866 
0.205277 0.215705 0.160130 0.283974 0.279929 0.310704 1.000000 0.353732 0.156089 0.150977 0.214962 0.181221 0.167217 0.179136 0.172250 0.192862 0.327159 0.237775 0.300274 0.224732 0.181194 0.530628 0.238179 0.363831 0.312385 0.516866 0.577446 0.642385 0.301160 
0.000000 0.473684 0.071239 0.064907 0.109093 0.210104 0.353732 1.000000 0.090162 0.087321 0.091187 0.103781 0.116484 0.121765 0.145311 0.094369 0.132612 0.172507 0.139038 0.126905 0.117613 0.178616 0.313249 0.175988 0.144980 0.326961 0.215227 0.546862 0.766398 
0.172656 0.079382 0.647619 0.261521 0.274402 0.260970 0.156089 0.090162 1.000000 0.673297 0.231890 0.488076 0.581412 0.257465 0.424355 0.505222 0.267005 0.251849 0.476232 0.203449 0.331311 0.197656 0.219491 0.302562 0.304011 0.180432 0.155829 0.132977 0.124976 
0.145952 0.067677 0.537464 0.337241 0.263708 0.271822 0.150977 0.087321 0.673297 1.000000 0.392979 0.550666 0.581540 0.397355 0.215191 0.512397 0.387878 0.268043 0.457740 0.258729 0.324079 0.228563 0.259036 0.309584 0.293507 0.196481 0.161463 0.142562 0.126223 
0.161736 0.072143 0.200357 0.627552 0.278031 0.247235 0.214962 0.091187 0.231890 0.392979 1.000000 0.310911 0.224315 0.666234 0.184829 0.312688 0.674704 0.289812 0.248494 0.381418 0.234628 0.462785 0.271572 0.288751 0.252505 0.224106 0.210471 0.169534 0.132636 
0.142283 0.070679 0.469625 0.244703 0.201156 0.425129 0.181221 0.103781 0.488076 0.550666 0.310911 1.000000 0.504138 0.379470 0.373734 0.348236 0.473854 0.382112 0.583620 0.166849 0.463355 0.227549 0.361420 0.452932 0.289786 0.304616 0.179465 0.170329 0.135421 
0.148589 0.068934 0.735604 0.220828 0.222280 0.402215 0.167217 0.116484 0.581412 0.581540 0.224315 0.504138 1.000000 0.287484 0.368659 0.472567 0.336390 0.328103 0.575808 0.192213 0.372768 0.185967 0.386500 0.393036 0.297202 0.257190 0.178851 0.172702 0.152190 
0.118600 0.063049 0.218954 0.460940 0.157757 0.429223 0.179136 0.121765 0.257465 0.397355 0.666234 0.379470 0.287484 1.000000 0.202219 0.268935 0.700957 0.531672 0.301235 0.176989 0.225658 0.343538 0.536292 0.380734 0.188251 0.329498 0.168043 0.187261 0.154133 
0.168989 0.140302 0.371063 0.171793 0.184620 0.231701 0.172250 0.145311 0.424355 0.215191 0.184829 0.373734 0.368659 0.202219 1.000000 0.233927 0.234285 0.206464 0.287434 0.172380 0.310060 0.186221 0.194589 0.294213 0.216477 0.217170 0.184085 0.172060 0.158145 
0.178792 0.082851 0.503499 0.355107 0.517300 0.247711 0.192862 0.094369 0.505222 0.512397 0.312688 0.348236 0.472567 0.268935 0.233927 1.000000 0.299909 0.196470 0.401589 0.506974 0.408593 0.247484 0.193013 0.268212 0.500530 0.181610 0.240816 0.159500 0.125632 
0.098952 0.029025 0.250518 0.458789 0.212254 0.471670 0.327159 0.132612 0.267005 0.387878 0.674704 0.473854 0.336390 0.700957 0.234285 0.299909 1.000000 0.552360 0.438454 0.227684 0.297259 0.505158 0.551087 0.579855 0.327957 0.516235 0.262695 0.361946 0.201142 
0.103161 0.073135 0.222280 0.240205 0.156272 0.589928 0.237775 0.172507 0.251849 0.268043 0.289812 0.382112 0.328103 0.531672 0.206464 0.196470 0.552360 1.000000 0.378197 0.161193 0.258137 0.245445 0.713003 0.469259 0.281008 0.508731 0.212802 0.247661 0.196409 
0.125455 0.075427 0.514181 0.214879 0.208617 0.390095 0.300274 0.139038 0.476232 0.457740 0.248494 0.583620 0.575808 0.301235 0.287434 0.401589 0.438454 0.378197 1.000000 0.164127 0.392164 0.246771 0.381927 0.570864 0.290451 0.363595 0.272987 0.260031 0.168755 
0.185030 0.127392 0.218464 0.387369 0.620985 0.166617 0.224732 0.126905 0.203449 0.258729 0.381418 0.166849 0.192213 0.176989 0.172380 0.506974 0.227684 0.161193 0.164127 1.000000 0.343846 0.344720 0.146639 0.168008 0.432924 0.157960 0.356074 0.154573 0.147722 
0.183237 0.097185 0.430667 0.229763 0.434124 0.320176 0.181194 0.117613 0.331311 0.324079 0.234628 0.463355 0.372768 0.225658 0.310060 0.408593 0.297259 0.258137 0.392164 0.343846 1.000000 0.206930 0.243919 0.422887 0.355147 0.273188 0.205406 0.185505 0.150944 
0.161757 0.086798 0.159868 0.558859 0.280463 0.233627 0.530628 0.178616 0.197656 0.228563 0.462785 0.227549 0.185967 0.343538 0.186221 0.247484 0.505158 0.245445 0.246771 0.344720 0.206930 1.000000 0.271250 0.360255 0.269057 0.445453 0.359201 0.441908 0.263711 
0.081066 0.088212 0.222358 0.223866 0.138588 0.688296 0.238179 0.313249 0.219491 0.259036 0.271572 0.361420 0.386500 0.536292 0.194589 0.193013 0.551087 0.713003 0.381927 0.146639 0.243919 0.271250 1.000000 0.479278 0.246685 0.543011 0.199137 0.352436 0.350509 
0.100009 0.065674 0.321832 0.221767 0.180351 0.432306 0.363831 0.175988 0.302562 0.309584 0.288751 0.452932 0.393036 0.380734 0.294213 0.268212 0.579855 0.469259 0.570864 0.168008 0.422887 0.360255 0.479278 1.000000 0.306804 0.594777 0.276057 0.407464 0.227062 
0.165719 0.108253 0.274482 0.265516 0.553510 0.294808 0.312385 0.144980 0.304011 0.293507 0.252505 0.289786 0.297202 0.188251 0.216477 0.500530 0.327957 0.281008 0.290451 0.432924 0.355147 0.269057 0.246685 0.306804 1.000000 0.319665 0.397214 0.257181 0.159366 
0.085998 0.091596 0.172958 0.196466 0.167826 0.517639 0.516866 0.326961 0.180432 0.196481 0.224106 0.304616 0.257190 0.329498 0.217170 0.181610 0.516235 0.508731 0.363595 0.157960 0.273188 0.445453 0.543011 0.594777 0.319665 1.000000 0.317596 0.562900 0.377172 
0.153151 0.137743 0.160907 0.213525 0.448286 0.181337 0.577446 0.215227 0.155829 0.161463 0.210471 0.179465 0.178851 0.168043 0.184085 0.240816 0.262695 0.212802 0.272987 0.356074 0.205406 0.359201 0.199137 0.276057 0.397214 0.317596 1.000000 0.534361 0.195141 
0.059614 0.143671 0.116974 0.146701 0.199065 0.202200 0.642385 0.546862 0.132977 0.142562 0.169534 0.170329 0.172702 0.187261 0.172060 0.159500 0.361946 0.247661 0.260031 0.154573 0.185505 0.441908 0.352436 0.407464 0.257181 0.562900 0.534361 1.000000 0.653485 
0.038316 0.197583 0.103338 0.108657 0.125320 0.166866 0.301160 0.766398 0.124976 0.126223 0.132636 0.135421 0.152190 0.154133 0.158145 0.125632 0.201142 0.196409 0.168755 0.147722 0.150944 0.263711 0.350509 0.227062 0.159366 0.377172 0.195141 0.653485 1.000000 
