1.000000 -0.100813 0.150390 0.105210 0.154913 0.756660 0.402405 -0.185645 -0.081648 -0.091733 -0.102601 -0.084014 -0.005933 -0.089390 -0.022771 -0.064939 0.014859 0.101151 0.059229 -0.022912 -0.043151 -0.026034 0.074913 0.033409 -0.042069 0.101976 0.152273 0.096685 -0.227340 
-0.100813 1.000000 -0.290792 -0.379776 -0.048855 -0.311385 -0.189490 0.266570 -0.288408 -0.242027 -0.283263 -0.312510 -0.369045 -0.369673 -0.203205 -0.280905 -0.438542 -0.388737 -0.250148 -0.108714 -0.272494 -0.321574 -0.370161 -0.400535 -0.205715 -0.360782 -0.043996 -0.235486 -0.004990 
0.150390 -0.290792 1.000000 0.405652 0.052019 0.419316 0.196538 -0.273293 0.394282 0.315319 0.285861 0.383067 0.740637 0.356710 0.401711 0.431627 0.436856 0.468664 0.842324 0.162860 0.411828 0.258054 0.311983 0.602848 0.271543 0.235475 0.027230 0.096517 -0.207093 
0.105210 -0.379776 0.405652 1.000000 0.053782 0.387464 0.159338 -0.337598 0.497335 0.434709 0.659918 0.455577 0.546022 0.786956 0.431900 0.591134 0.911018 0.568571 0.235365 0.376858 0.436637 0.674657 0.387785 0.582171 0.247642 0.276724 0.019231 0.141408 -0.223304 
0.154913 -0.048855 0.052019 0.053782 1.000000 -0.041376 0.506591 -0.060563 0.053693 0.028122 0.019880 0.042676 0.033756 0.030683 0.116766 0.148863 0.057132 -0.015185 0.018640 0.057644 0.211080 0.045308 -0.031127 0.116740 0.216985 0.027046 0.993070 0.319571 -0.092829 
0.756660 -0.311385 0.419316 0.387464 -0.041376 1.000000 0.357480 -0.274278 0.090979 0.033667 0.068723 0.114157 0.307244 0.201839 0.106841 0.113545 0.358029 0.566595 0.260589 0.055967 0.159698 0.174794 0.567391 0.404424 0.109857 0.458263 -0.044683 0.122838 -0.246178 
0.402405 -0.189490 0.196538 0.159338 0.506591 0.357480 1.000000 -0.059366 -0.010760 -0.064431 -0.066800 0.031125 0.054745 -0.030113 0.026037 0.006804 0.183680 0.119332 0.087237 -0.038438 0.148775 0.307921 0.185066 0.324431 0.150388 0.543829 0.515460 0.742219 -0.124425 
-0.185645 0.266570 -0.273293 -0.337598 -0.060563 -0.274278 -0.059366 1.000000 -0.265640 -0.232012 -0.270209 -0.276678 -0.333516 -0.327820 -0.192611 -0.260201 -0.366282 -0.308154 -0.231602 -0.109061 -0.217806 -0.228474 -0.192448 -0.302644 -0.153624 -0.154209 -0.052161 0.003693 0.809082 
-0.081648 -0.288408 0.394282 0.497335 0.053693 0.090979 -0.010760 -0.265640 1.000000 0.960328 0.664124 0.938004 0.777777 0.657024 0.598042 0.787161 0.605719 0.315913 0.449473 0.273457 0.491282 0.337343 0.258654 0.450383 0.320696 0.165417 0.027354 0.010259 -0.172331 
-0.091733 -0.242027 0.315319 0.434709 0.028122 0.033667 -0.064431 -0.232012 0.960328 1.000000 0.665977 0.901237 0.726125 0.617111 0.465743 0.688166 0.526090 0.267784 0.399826 0.207622 0.376795 0.296845 0.198196 0.303033 0.212852 0.066571 0.005627 -0.048607 -0.153191 
-0.102601 -0.283263 0.285861 0.659918 0.019880 0.068723 -0.066800 -0.270209 0.664124 0.665977 1.000000 0.666112 0.619483 0.899769 0.358185 0.631117 0.733363 0.371701 0.291381 0.394028 0.313439 0.479806 0.270152 0.356937 0.154651 0.098465 -0.000060 -0.055758 -0.181588 
-0.084014 -0.312510 0.383067 0.455577 0.042676 0.114157 0.031125 -0.276678 0.938004 0.901237 0.666112 1.000000 0.764401 0.655841 0.491657 0.662246 0.644556 0.351035 0.466354 0.116579 0.482849 0.362074 0.312453 0.515909 0.358646 0.275398 0.036376 0.077708 -0.172981 
-0.005933 -0.369045 0.740637 0.546022 0.033756 0.307244 0.054745 -0.333516 0.777777 0.726125 0.619483 0.764401 1.000000 0.705198 0.471537 0.654370 0.662380 0.587293 0.733560 0.248318 0.518124 0.359302 0.493224 0.626078 0.334660 0.268523 0.006595 0.051493 -0.222197 
-0.089390 -0.369673 0.356710 0.786956 0.030683 0.201839 -0.030113 -0.327820 0.657024 0.617111 0.899769 0.655841 0.705198 1.000000 0.397061 0.669564 0.871360 0.618742 0.331073 0.416555 0.398182 0.528157 0.492229 0.501816 0.228543 0.241649 0.006701 0.003267 -0.200829 
-0.022771 -0.203205 0.401711 0.431900 0.116766 0.106841 0.026037 -0.192611 0.598042 0.465743 0.358185 0.491657 0.471537 0.397061 1.000000 0.755248 0.462675 0.200606 0.335863 0.053501 0.581616 0.292567 0.166333 0.471109 0.362069 0.126343 0.051550 0.009091 -0.124446 
-0.064939 -0.280905 0.431627 0.591134 0.148863 0.113545 0.006804 -0.260201 0.787161 0.688166 0.631117 0.662246 0.654370 0.669564 0.755248 1.000000 0.622216 0.303586 0.395111 0.549058 0.738555 0.359068 0.236224 0.528540 0.560593 0.170812 0.102065 0.028070 -0.167418 
0.014859 -0.438542 0.436856 0.911018 0.057132 0.358029 0.183680 -0.366282 0.605719 0.526090 0.733363 0.644556 0.662380 0.871360 0.462675 0.622216 1.000000 0.635278 0.352640 0.263935 0.531864 0.720132 0.534866 0.720500 0.379683 0.454358 0.039482 0.250208 -0.228262 
0.101151 -0.388737 0.468664 0.568571 -0.015185 0.566595 0.119332 -0.308154 0.315913 0.267784 0.371701 0.351035 0.587293 0.618742 0.200606 0.303586 0.635278 1.000000 0.425217 0.128399 0.241939 0.304901 0.754461 0.483921 0.163546 0.415428 -0.023262 0.090622 -0.180725 
0.059229 -0.250148 0.842324 0.235365 0.018640 0.260589 0.087237 -0.231602 0.449473 0.399826 0.291381 0.466354 0.733560 0.331073 0.335863 0.395111 0.352640 0.425217 1.000000 0.101942 0.364985 0.186534 0.311214 0.381364 0.282893 0.188732 0.006331 0.104306 -0.156421 
-0.022912 -0.108714 0.162860 0.376858 0.057644 0.055967 -0.038438 -0.109061 0.273457 0.207622 0.394028 0.116579 0.248318 0.416555 0.053501 0.549058 0.263935 0.128399 0.101942 1.000000 0.246496 0.055006 0.074843 0.145893 0.135629 -0.019081 0.025969 -0.055651 -0.077514 
-0.043151 -0.272494 0.411828 0.436637 0.211080 0.159698 0.148775 -0.217806 0.491282 0.376795 0.313439 0.482849 0.518124 0.398182 0.581616 0.738555 0.531864 0.241939 0.364985 0.246496 1.000000 0.368622 0.274625 0.687833 0.857000 0.388158 0.195981 0.246796 -0.124508 
-0.026034 -0.321574 0.258054 0.674657 0.045308 0.174794 0.307921 -0.228474 0.337343 0.296845 0.479806 0.362074 0.359302 0.528157 0.292567 0.359068 0.720132 0.304901 0.186534 0.055006 0.368622 1.000000 0.295692 0.534253 0.297774 0.491629 0.041566 0.468355 -0.132809 
0.074913 -0.370161 0.311983 0.387785 -0.031127 0.567391 0.185066 -0.192448 0.258654 0.198196 0.270152 0.312453 0.493224 0.492229 0.166333 0.236224 0.534866 0.754461 0.311214 0.074843 0.274625 0.295692 1.000000 0.459414 0.208865 0.500076 -0.036314 0.224116 -0.089571 
0.033409 -0.400535 0.602848 0.582171 0.116740 0.404424 0.324431 -0.302644 0.450383 0.303033 0.356937 0.515909 0.626078 0.501816 0.471109 0.528540 0.720500 0.483921 0.381364 0.145893 0.687833 0.534253 0.459414 1.000000 0.561695 0.659390 0.112701 0.389879 -0.175927 
-0.042069 -0.205715 0.271543 0.247642 0.216985 0.109857 0.150388 -0.153624 0.320696 0.212852 0.154651 0.358646 0.334660 0.228543 0.362069 0.560593 0.379683 0.163546 0.282893 0.135629 0.857000 0.297774 0.208865 0.561695 1.000000 0.378897 0.241023 0.285091 -0.078849 
0.101976 -0.360782 0.235475 0.276724 0.027046 0.458263 0.543829 -0.154209 0.165417 0.066571 0.098465 0.275398 0.268523 0.241649 0.126343 0.170812 0.454358 0.415428 0.188732 -0.019081 0.388158 0.491629 0.500076 0.659390 0.378897 1.000000 0.048834 0.659130 -0.044574 
0.152273 -0.043996 0.027230 0.019231 0.993070 -0.044683 0.515460 -0.052161 0.027354 0.005627 -0.000060 0.036376 0.006595 0.006701 0.051550 0.102065 0.039482 -0.023262 0.006331 0.025969 0.195981 0.041566 -0.036314 0.112701 0.241023 0.048834 1.000000 0.340255 -0.086729 
0.096685 -0.235486 0.096517 0.141408 0.319571 0.122838 0.742219 0.003693 0.010259 -0.048607 -0.055758 0.077708 0.051493 0.003267 0.009091 0.028070 0.250208 0.090622 0.104306 -0.055651 0.246796 0.468355 0.224116 0.389879 0.285091 0.659130 0.340255 1.000000 0.068104 
-0.227340 -0.004990 -0.207093 -0.223304 -0.092829 -0.246178 -0.124425 0.809082 -0.172331 -0.153191 -0.181588 -0.172981 -0.222197 -0.200829 -0.124446 -0.167418 -0.228262 -0.180725 -0.156421 -0.077514 -0.124508 -0.132809 -0.089571 -0.175927 -0.078849 -0.044574 -0.086729 0.068104 1.000000 
