1.000000 0.834316 0.849374 0.850691 0.803149 0.782910 0.656779 0.683324 0.730749 0.634955 0.670503 0.684708 0.683931 0.758520 0.753910 0.737598 0.779712 0.757092 0.752403 0.775609 0.797482 0.763464 0.738418 0.694392 0.831851 0.796414 0.000000 0.914728 0.860775
0.834316 1.000000 0.895227 0.894728 0.935095 0.883745 0.884663 0.879169 0.855438 0.869955 0.885492 0.860541 0.837793 0.844911 0.840092 0.839394 0.837088 0.833763 0.894371 0.875767 0.856281 0.850919 0.977102 0.884832 0.856245 0.851209 0.865605 0.804688 0.786768
0.849374 0.895227 1.000000 0.999397 0.948847 0.923053 0.858219 0.854111 0.872667 0.887818 0.874563 0.870035 0.869325 0.894081 0.874543 0.872072 0.868731 0.866798 0.874171 0.866505 0.887823 0.905404 0.851395 0.868480 0.875418 0.906428 0.875305 0.846142 0.836757
0.850691 0.894728 0.999397 1.000000 0.949956 0.926164 0.856155 0.852744 0.871821 0.887008 0.866645 0.863617 0.863643 0.884851 0.868552 0.870637 0.863382 0.861993 0.868523 0.863553 0.874066 0.902746 0.850506 0.873459 0.868229 0.910518 0.871347 0.848470 0.838588
0.803149 0.935095 0.948847 0.949956 1.000000 0.975618 0.888335 0.900790 0.921267 0.923790 0.896059 0.874777 0.854376 0.863668 0.859335 0.869428 0.845054 0.844384 0.902845 0.881780 0.868245 0.894064 0.928700 0.953442 0.852180 0.894371 0.900540 0.846476 0.826792
0.782910 0.883745 0.923053 0.926164 0.975618 1.000000 0.882487 0.907655 0.943962 0.933343 0.892655 0.874054 0.862808 0.868719 0.864503 0.879766 0.849442 0.847479 0.883710 0.885308 0.864221 0.911481 0.889031 0.966760 0.847509 0.917697 0.912047 0.862912 0.877703
0.656779 0.884663 0.858219 0.856155 0.888335 0.882487 1.000000 0.976877 0.920801 0.945972 0.956411 0.958615 0.962241 0.920597 0.922495 0.927756 0.914925 0.930758 0.944002 0.938229 0.903566 0.910671 0.956176 0.936893 0.890127 0.896845 0.964109 0.740738 0.806629
0.683324 0.879169 0.854111 0.852744 0.900790 0.907655 0.976877 1.000000 0.919367 0.942793 0.933047 0.947159 0.947033 0.909712 0.913438 0.921965 0.903139 0.915307 0.921893 0.921774 0.897362 0.916028 0.956271 0.948027 0.879154 0.905017 0.952350 0.801950 0.837738
0.730749 0.855438 0.872667 0.871821 0.921267 0.943962 0.920801 0.919367 1.000000 0.952275 0.968459 0.928965 0.951527 0.928931 0.925730 0.929368 0.919547 0.945443 0.913340 0.901055 0.918877 0.930315 0.898922 0.946957 0.874834 0.919693 0.973318 0.786239 0.824000
0.634955 0.869955 0.887818 0.887008 0.923790 0.933343 0.945972 0.942793 0.952275 1.000000 0.958016 0.963073 0.948247 0.951574 0.941603 0.950012 0.920511 0.928620 0.960420 0.932138 0.944320 0.969885 0.935375 0.966789 0.893515 0.955592 0.973357 0.744580 0.808490
0.670503 0.885492 0.874563 0.866645 0.896059 0.892655 0.956411 0.933047 0.968459 0.958016 1.000000 0.953707 0.980164 0.959063 0.947681 0.942289 0.939511 0.966847 0.935546 0.909567 0.939133 0.939771 0.933002 0.916364 0.931496 0.911622 0.992050 0.717414 0.788632
0.684708 0.860541 0.870035 0.863617 0.874777 0.874054 0.958615 0.947159 0.928965 0.963073 0.953707 1.000000 0.971741 0.966235 0.979243 0.977891 0.973946 0.962325 0.975455 0.974721 0.944375 0.950287 0.921163 0.915044 0.911734 0.925329 0.967117 0.720978 0.789138
0.683931 0.837793 0.869325 0.863643 0.854376 0.862808 0.962241 0.947033 0.951527 0.948247 0.980164 0.971741 1.000000 0.967904 0.966528 0.966398 0.962055 0.991013 0.928587 0.924792 0.934350 0.934507 0.903784 0.910623 0.937047 0.908411 0.988359 0.725753 0.798484
0.758520 0.844911 0.894081 0.884851 0.863668 0.868719 0.920597 0.909712 0.928931 0.951574 0.959063 0.966235 0.967904 1.000000 0.980184 0.967103 0.969920 0.963641 0.939096 0.934077 0.976958 0.975239 0.887178 0.898190 0.954075 0.955460 0.962635 0.770311 0.811719
0.753910 0.840092 0.874543 0.868552 0.859335 0.864503 0.922495 0.913438 0.925730 0.941603 0.947681 0.979243 0.966528 0.980184 1.000000 0.994509 0.996510 0.967309 0.933961 0.941482 0.959865 0.946912 0.882562 0.897193 0.915840 0.923224 0.960751 0.767334 0.809865
0.737598 0.839394 0.872072 0.870637 0.869428 0.879766 0.927756 0.921965 0.929368 0.950012 0.942289 0.977891 0.966398 0.967103 0.994509 1.000000 0.991149 0.967527 0.932380 0.943701 0.946960 0.945835 0.887301 0.916152 0.887786 0.928870 0.965146 0.761033 0.809618
0.779712 0.837088 0.868731 0.863382 0.845054 0.849442 0.914925 0.903139 0.919547 0.920511 0.939511 0.973946 0.962055 0.969920 0.996510 0.991149 1.000000 0.967512 0.922404 0.934736 0.943622 0.931487 0.870014 0.877371 0.904800 0.905712 0.951272 0.784572 0.816925
0.757092 0.833763 0.866798 0.861993 0.844384 0.847479 0.930758 0.915307 0.945443 0.928620 0.966847 0.962325 0.991013 0.963641 0.967309 0.967527 0.967512 1.000000 0.917819 0.918691 0.928803 0.922116 0.877837 0.884112 0.933926 0.895178 0.974701 0.764770 0.806291
0.752403 0.894371 0.874171 0.868523 0.902845 0.883710 0.944002 0.921893 0.913340 0.960420 0.935546 0.975455 0.928587 0.939096 0.933961 0.932380 0.922404 0.917819 1.000000 0.985593 0.934999 0.936398 0.937425 0.909586 0.896717 0.915532 0.939800 0.763004 0.795823
0.775609 0.875767 0.866505 0.863553 0.881780 0.885308 0.938229 0.921774 0.901055 0.932138 0.909567 0.974721 0.924792 0.934077 0.941482 0.943701 0.934736 0.918691 0.985593 1.000000 0.925509 0.929790 0.913754 0.901450 0.884825 0.917348 0.927992 0.784766 0.815763
0.797482 0.856281 0.887823 0.874066 0.868245 0.864221 0.903566 0.897362 0.918877 0.944320 0.939133 0.944375 0.934350 0.976958 0.959865 0.946960 0.943622 0.928803 0.934999 0.925509 1.000000 0.957951 0.885824 0.889723 0.874501 0.929367 0.943221 0.801884 0.826785
0.763464 0.850919 0.905404 0.902746 0.894064 0.911481 0.910671 0.916028 0.930315 0.969885 0.939771 0.950287 0.934507 0.975239 0.946912 0.945835 0.931487 0.922116 0.936398 0.929790 0.957951 1.000000 0.896126 0.933100 0.911431 0.986998 0.951982 0.791123 0.826764
0.738418 0.977102 0.851395 0.850506 0.928700 0.889031 0.956176 0.956271 0.898922 0.935375 0.933002 0.921163 0.903784 0.887178 0.882562 0.887301 0.870014 0.877837 0.937425 0.913754 0.885824 0.896126 1.000000 0.942642 0.875047 0.886435 0.928780 0.762434 0.777634
0.694392 0.884832 0.868480 0.873459 0.953442 0.966760 0.936893 0.948027 0.946957 0.966789 0.916364 0.915044 0.910623 0.898190 0.897193 0.916152 0.877371 0.884112 0.909586 0.901450 0.889723 0.933100 0.942642 1.000000 0.857227 0.931787 0.942128 0.816560 0.850535
0.831851 0.856245 0.875418 0.868229 0.852180 0.847509 0.890127 0.879154 0.874834 0.893515 0.931496 0.911734 0.937047 0.954075 0.915840 0.887786 0.904800 0.933926 0.896717 0.884825 0.874501 0.911431 0.875047 0.857227 1.000000 0.891538 0.914300 0.831742 0.841303
0.796414 0.851209 0.906428 0.910518 0.894371 0.917697 0.896845 0.905017 0.919693 0.955592 0.911622 0.925329 0.908411 0.955460 0.923224 0.928870 0.905712 0.895178 0.915532 0.917348 0.929367 0.986998 0.886435 0.931787 0.891538 1.000000 0.931899 0.816770 0.840913
0.000000 0.865605 0.875305 0.871347 0.900540 0.912047 0.964109 0.952350 0.973318 0.973357 0.992050 0.967117 0.988359 0.962635 0.960751 0.965146 0.951272 0.974701 0.939800 0.927992 0.943221 0.951982 0.928780 0.942128 0.914300 0.931899 1.000000 0.688053 0.786338
0.914728 0.804688 0.846142 0.848470 0.846476 0.862912 0.740738 0.801950 0.786239 0.744580 0.717414 0.720978 0.725753 0.770311 0.767334 0.761033 0.784572 0.764770 0.763004 0.784766 0.801884 0.791123 0.762434 0.816560 0.831742 0.816770 0.688053 1.000000 0.982359
0.860775 0.786768 0.836757 0.838588 0.826792 0.877703 0.806629 0.837738 0.824000 0.808490 0.788632 0.789138 0.798484 0.811719 0.809865 0.809618 0.816925 0.806291 0.795823 0.815763 0.826785 0.826764 0.777634 0.850535 0.841303 0.840913 0.786338 0.982359 1.000000
