1.000000 0.745344 0.885060 0.917330 0.890171 0.969894 0.929487 0.621219 0.818125 0.823634 0.838010 0.803649 0.845942 0.863487 0.758403 0.819819 0.916508 0.911069 0.842686 0.802878 0.801441 0.961227 0.936550 0.923687 0.838137 0.946911 0.879274 0.765658 0.492703 
0.745344 1.000000 0.503946 0.521221 0.562938 0.654810 0.883339 0.971059 0.442167 0.433120 0.430862 0.424495 0.490306 0.461643 0.397238 0.432139 0.531242 0.562599 0.467518 0.463025 0.439211 0.712955 0.637958 0.570163 0.507821 0.783260 0.711584 0.922279 0.907352 
0.885060 0.503946 1.000000 0.910318 0.935053 0.943675 0.756088 0.395141 0.987878 0.984279 0.860799 0.978641 0.989057 0.916179 0.949989 0.984323 0.949416 0.949468 0.991784 0.887274 0.973864 0.867917 0.934424 0.971256 0.941795 0.845197 0.806570 0.560923 0.283049 
0.917330 0.521221 0.910318 1.000000 0.841316 0.954966 0.765047 0.404289 0.864296 0.899117 0.980199 0.860808 0.880623 0.981130 0.794930 0.889232 0.985283 0.948016 0.874618 0.796680 0.839406 0.929053 0.940895 0.928194 0.812313 0.831158 0.750478 0.563253 0.289021 
0.890171 0.562938 0.935053 0.841316 1.000000 0.905408 0.808963 0.449261 0.908947 0.899755 0.769813 0.898009 0.913669 0.830665 0.868931 0.908273 0.881298 0.891181 0.925117 0.960391 0.908573 0.853326 0.882026 0.937137 0.962967 0.862035 0.904889 0.633572 0.327908 
0.969894 0.654810 0.943675 0.954966 0.905408 1.000000 0.872679 0.542850 0.897558 0.908305 0.891901 0.884738 0.922120 0.937835 0.836509 0.904642 0.974309 0.981374 0.910870 0.835602 0.880471 0.963055 0.990207 0.965659 0.882596 0.939279 0.850566 0.693266 0.422336 
0.929487 0.883339 0.756088 0.765047 0.808963 0.872679 1.000000 0.808694 0.688906 0.683089 0.669075 0.671495 0.727837 0.709886 0.637186 0.686206 0.782864 0.790793 0.718683 0.698013 0.688534 0.923053 0.842383 0.834995 0.751191 0.965189 0.918658 0.939411 0.704601 
0.621219 0.971059 0.395141 0.404289 0.449261 0.542850 0.808694 1.000000 0.347057 0.334849 0.323737 0.327572 0.396776 0.356600 0.304534 0.334336 0.421639 0.458629 0.363979 0.363289 0.345197 0.617099 0.544677 0.458826 0.398985 0.703332 0.618751 0.917484 0.980302 
0.818125 0.442167 0.987878 0.864296 0.908947 0.897558 0.688906 0.347057 1.000000 0.991124 0.821298 0.994571 0.992849 0.883772 0.978046 0.991820 0.913191 0.920284 0.994684 0.880169 0.989640 0.807699 0.897421 0.937842 0.936199 0.790076 0.753772 0.502717 0.247179 
0.823634 0.433120 0.984279 0.899117 0.899755 0.908305 0.683089 0.334849 0.991124 1.000000 0.871388 0.992191 0.987215 0.924704 0.961182 0.998097 0.938850 0.939351 0.988734 0.879996 0.982102 0.825233 0.910028 0.941088 0.923720 0.781143 0.741620 0.490411 0.233100 
0.838010 0.430862 0.860799 0.980199 0.769813 0.891901 0.669075 0.323737 0.821298 0.871388 1.000000 0.826092 0.836777 0.975228 0.745822 0.859244 0.953787 0.902320 0.827907 0.743886 0.796139 0.859498 0.883675 0.872902 0.748097 0.735317 0.661849 0.471289 0.221211 
0.803649 0.424495 0.978641 0.860808 0.898009 0.884738 0.671495 0.327572 0.994571 0.992191 0.826092 1.000000 0.985697 0.880780 0.982914 0.993042 0.905497 0.911289 0.993175 0.879466 0.994496 0.793353 0.881171 0.929308 0.932364 0.768084 0.733847 0.481558 0.227063 
0.845942 0.490306 0.989057 0.880623 0.913669 0.922120 0.727837 0.396776 0.992849 0.987215 0.836777 0.985697 1.000000 0.899194 0.961922 0.986323 0.928400 0.942064 0.988557 0.880892 0.981936 0.837764 0.925381 0.947090 0.933905 0.823035 0.777512 0.548410 0.295972 
0.863487 0.461643 0.916179 0.981130 0.830665 0.937835 0.709886 0.356600 0.883772 0.924704 0.975228 0.880780 0.899194 1.000000 0.810336 0.917583 0.988244 0.962761 0.886266 0.797875 0.860581 0.898437 0.942160 0.924734 0.812709 0.797369 0.716949 0.512437 0.249988 
0.758403 0.397238 0.949989 0.794930 0.868931 0.836509 0.637186 0.304534 0.978046 0.961182 0.745822 0.982914 0.961922 0.810336 1.000000 0.965432 0.846763 0.860018 0.973083 0.852277 0.986466 0.745564 0.829081 0.896153 0.911027 0.736245 0.697329 0.451972 0.208460 
0.819819 0.432139 0.984323 0.889232 0.908273 0.904642 0.686206 0.334336 0.991820 0.998097 0.859244 0.993042 0.986323 0.917583 0.965432 1.000000 0.934003 0.935949 0.990292 0.885938 0.986949 0.822694 0.905407 0.946869 0.928912 0.785060 0.750707 0.494615 0.231879 
0.916508 0.531242 0.949416 0.985283 0.881298 0.974309 0.782864 0.421639 0.913191 0.938850 0.953787 0.905497 0.928400 0.988244 0.846763 0.934003 1.000000 0.980257 0.919181 0.832455 0.891213 0.938607 0.970454 0.962311 0.862256 0.864937 0.785880 0.587104 0.307630 
0.911069 0.562599 0.949468 0.948016 0.891181 0.981374 0.790793 0.458629 0.920284 0.939351 0.902320 0.911289 0.942064 0.962761 0.860018 0.935949 0.980257 1.000000 0.924688 0.844809 0.904904 0.924950 0.989503 0.954320 0.883200 0.884384 0.793894 0.602339 0.346463 
0.842686 0.467518 0.991784 0.874618 0.925117 0.910870 0.718683 0.363979 0.994684 0.988734 0.827907 0.993175 0.988557 0.886266 0.973083 0.990292 0.919181 0.924688 1.000000 0.888975 0.991419 0.826215 0.902438 0.953415 0.948926 0.810029 0.784197 0.527138 0.255857 
0.802878 0.463025 0.887274 0.796680 0.960391 0.835602 0.698013 0.363289 0.880169 0.879996 0.743886 0.879466 0.880892 0.797875 0.852277 0.885938 0.832455 0.844809 0.888975 1.000000 0.884212 0.770844 0.821948 0.869156 0.919174 0.760824 0.795419 0.525047 0.257367 
0.801441 0.439211 0.973864 0.839406 0.908573 0.880471 0.688534 0.345197 0.989640 0.982102 0.796139 0.994496 0.981936 0.860581 0.986466 0.986949 0.891213 0.904904 0.991419 0.884212 1.000000 0.794203 0.875878 0.935481 0.940771 0.784817 0.757101 0.506091 0.244180 
0.961227 0.712955 0.867917 0.929053 0.853326 0.963055 0.923053 0.617099 0.807699 0.825233 0.859498 0.793353 0.837764 0.898437 0.745564 0.822694 0.938607 0.924950 0.826215 0.770844 0.794203 1.000000 0.946543 0.928098 0.802885 0.953573 0.866365 0.782602 0.503929 
0.936550 0.637958 0.934424 0.940895 0.882026 0.990207 0.842383 0.544677 0.897421 0.910028 0.883675 0.881171 0.925381 0.942160 0.829081 0.905407 0.970454 0.989503 0.902438 0.821948 0.875878 0.946543 1.000000 0.946612 0.863036 0.924731 0.817833 0.678198 0.438312 
0.923687 0.570163 0.971256 0.928194 0.937137 0.965659 0.834995 0.458826 0.937842 0.941088 0.872902 0.929308 0.947090 0.924734 0.896153 0.946869 0.962311 0.954320 0.953415 0.869156 0.935481 0.928098 0.946612 1.000000 0.923852 0.909153 0.867183 0.649218 0.336385 
0.838137 0.507821 0.941795 0.812313 0.962967 0.882596 0.751191 0.398985 0.936199 0.923720 0.748097 0.932364 0.933905 0.812709 0.911027 0.928912 0.862256 0.883200 0.948926 0.919174 0.940771 0.802885 0.863036 0.923852 1.000000 0.819836 0.863969 0.570369 0.281819 
0.946911 0.783260 0.845197 0.831158 0.862035 0.939279 0.965189 0.703332 0.790076 0.781143 0.735317 0.768084 0.823035 0.797369 0.736245 0.785060 0.864937 0.884384 0.810029 0.760824 0.784817 0.953573 0.924731 0.909153 0.819836 1.000000 0.911875 0.860878 0.595997 
0.879274 0.711584 0.806570 0.750478 0.904889 0.850566 0.918658 0.618751 0.753772 0.741620 0.661849 0.733847 0.777512 0.716949 0.697329 0.750707 0.785880 0.793894 0.784197 0.795419 0.757101 0.866365 0.817833 0.867183 0.863969 0.911875 1.000000 0.819270 0.500567 
0.765658 0.922279 0.560923 0.563253 0.633572 0.693266 0.939411 0.917484 0.502717 0.490411 0.471289 0.481558 0.548410 0.512437 0.451972 0.494615 0.587104 0.602339 0.527138 0.525047 0.506091 0.782602 0.678198 0.649218 0.570369 0.860878 0.819270 1.000000 0.865098 
0.492703 0.907352 0.283049 0.289021 0.327908 0.422336 0.704601 0.980302 0.247179 0.233100 0.221211 0.227063 0.295972 0.249988 0.208460 0.231879 0.307630 0.346463 0.255857 0.257367 0.244180 0.503929 0.438312 0.336385 0.281819 0.595997 0.500567 0.865098 1.000000 
