1.000000 0.732505 0.846023 0.608423 0.168712 0.048736 0.092262 0.136151 0.080039 0.112368 0.041739 0.055334 0.002950 0.001724 0.015778 0.243846 0.238969 0.313836 0.281660 0.087860 0.214258 0.113475 0.592202 0.505644 0.762214 0.475772 0.394375 0.374303 0.328845
0.732505 1.000000 0.742556 0.265212 0.196388 0.080445 0.125714 0.122925 0.067353 0.102027 0.053864 0.037400 0.000000 0.010091 0.034841 0.156645 0.150367 0.236398 0.208803 0.028316 0.121622 0.050026 0.338547 0.319934 0.587575 0.516440 0.187972 0.165913 0.197273
0.846023 0.742556 1.000000 0.547122 0.347540 0.174030 0.238237 0.300849 0.219367 0.234644 0.164604 0.153862 0.055476 0.069155 0.115685 0.350682 0.439991 0.500879 0.415075 0.142273 0.348255 0.211369 0.743302 0.766167 0.831176 0.605514 0.503279 0.467132 0.403452
0.608423 0.265212 0.547122 1.000000 0.200580 0.068383 0.112110 0.212400 0.198391 0.216659 0.124435 0.208804 0.112573 0.042781 0.063305 0.414677 0.371380 0.417558 0.372362 0.317148 0.480077 0.355447 0.703214 0.547652 0.630702 0.354256 0.627188 0.451635 0.650772
0.168712 0.196388 0.347540 0.200580 1.000000 0.934281 0.970646 0.904515 0.778605 0.813383 0.815798 0.659902 0.514953 0.642702 0.793485 0.758912 0.714294 0.850154 0.851092 0.363126 0.569784 0.557440 0.553369 0.474194 0.502510 0.818537 0.649812 0.529210 0.438098
0.048736 0.080445 0.174030 0.068383 0.934281 1.000000 0.987782 0.887525 0.755992 0.784577 0.828159 0.639666 0.518719 0.693189 0.848264 0.664586 0.606568 0.726262 0.757724 0.304605 0.449162 0.465211 0.364632 0.295732 0.321305 0.682727 0.488196 0.412750 0.280370
0.092262 0.125714 0.238237 0.112110 0.970646 0.987782 1.000000 0.907169 0.779212 0.818572 0.835126 0.655566 0.518895 0.683053 0.840562 0.720257 0.657386 0.786442 0.811322 0.325156 0.499869 0.505981 0.437616 0.362019 0.394935 0.761293 0.555762 0.461013 0.337946
0.136151 0.122925 0.300849 0.212400 0.904515 0.887525 0.907169 1.000000 0.924647 0.921162 0.898219 0.825645 0.696248 0.768909 0.869682 0.859221 0.874818 0.932580 0.928800 0.549975 0.728063 0.716931 0.616810 0.529197 0.522677 0.763503 0.735091 0.648222 0.509529
0.080039 0.067353 0.219367 0.198391 0.778605 0.755992 0.779212 0.924647 1.000000 0.965906 0.965860 0.941402 0.848954 0.907856 0.927989 0.885066 0.848584 0.876678 0.861030 0.661741 0.824860 0.833886 0.557789 0.465325 0.453714 0.671294 0.715287 0.570623 0.569467
0.112368 0.102027 0.234644 0.216659 0.813383 0.784577 0.818572 0.921162 0.965906 1.000000 0.948766 0.933350 0.821441 0.858952 0.908059 0.937047 0.793706 0.880362 0.915092 0.659841 0.787467 0.840473 0.555367 0.425952 0.494204 0.744465 0.743248 0.599373 0.594575
0.041739 0.053864 0.164604 0.124435 0.815798 0.828159 0.835126 0.898219 0.965860 0.948766 1.000000 0.917462 0.838696 0.954049 0.985265 0.824943 0.725222 0.798123 0.807744 0.583700 0.713040 0.756983 0.442779 0.350959 0.372013 0.646644 0.615792 0.482046 0.483438
0.055334 0.037400 0.153862 0.208804 0.659902 0.639666 0.655566 0.825645 0.941402 0.933350 0.917462 1.000000 0.942847 0.876286 0.860933 0.888739 0.735476 0.788709 0.816508 0.825942 0.850162 0.925994 0.500558 0.362780 0.410516 0.562833 0.711556 0.559011 0.657160
0.002950 0.000000 0.055476 0.112573 0.514953 0.518719 0.518895 0.696248 0.848954 0.821441 0.838696 0.942847 1.000000 0.837592 0.785492 0.761289 0.606837 0.638227 0.677014 0.767933 0.730977 0.866844 0.370391 0.247733 0.251132 0.361283 0.598698 0.467957 0.537615
0.001724 0.010091 0.069155 0.042781 0.642702 0.693189 0.683053 0.768909 0.907856 0.858952 0.954049 0.876286 0.837592 1.000000 0.965123 0.681228 0.599642 0.640266 0.648865 0.524983 0.622481 0.672094 0.293565 0.222800 0.240051 0.484782 0.454998 0.352066 0.361050
0.015778 0.034841 0.115685 0.063305 0.793485 0.848264 0.840562 0.869682 0.927989 0.908059 0.985265 0.860933 0.785492 0.965123 1.000000 0.740684 0.655107 0.726388 0.743249 0.487872 0.616099 0.657652 0.351358 0.274953 0.297775 0.602024 0.513064 0.407668 0.372946
0.243846 0.156645 0.350682 0.414677 0.758912 0.664586 0.720257 0.859221 0.885066 0.937047 0.824943 0.888739 0.761289 0.681228 0.740684 1.000000 0.820137 0.915119 0.943180 0.752082 0.863077 0.905713 0.713514 0.543319 0.634580 0.764081 0.892389 0.710676 0.762076
0.238969 0.150367 0.439991 0.371380 0.714294 0.606568 0.657386 0.874818 0.848584 0.793706 0.725222 0.735476 0.606837 0.599642 0.655107 0.820137 1.000000 0.949470 0.857749 0.578034 0.841623 0.737664 0.807473 0.782639 0.633579 0.695617 0.819291 0.706657 0.614264
0.313836 0.236398 0.500879 0.417558 0.850154 0.726262 0.786442 0.932580 0.876678 0.880362 0.798123 0.788709 0.638227 0.640266 0.726388 0.915119 0.949470 1.000000 0.961199 0.608065 0.838163 0.783548 0.828910 0.736626 0.723399 0.834881 0.888340 0.765039 0.681092
0.281660 0.208803 0.415075 0.372362 0.851092 0.757724 0.811322 0.928800 0.861030 0.915092 0.807744 0.816508 0.677014 0.648865 0.743249 0.943180 0.857749 0.961199 1.000000 0.628710 0.779195 0.792643 0.752944 0.597320 0.689266 0.825700 0.883603 0.796919 0.650079
0.087860 0.028316 0.142273 0.317148 0.363126 0.304605 0.325156 0.549975 0.661741 0.659841 0.583700 0.825942 0.767933 0.524983 0.487872 0.752082 0.578034 0.608065 0.628710 1.000000 0.841606 0.896918 0.483626 0.319057 0.404356 0.376134 0.666808 0.506144 0.790834
0.214258 0.121622 0.348255 0.480077 0.569784 0.449162 0.499869 0.728063 0.824860 0.787467 0.713040 0.850162 0.730977 0.622481 0.616099 0.863077 0.841623 0.838163 0.779195 0.841606 1.000000 0.921289 0.729916 0.611437 0.595476 0.604826 0.827148 0.608968 0.868626
0.113475 0.050026 0.211369 0.355447 0.557440 0.465211 0.505981 0.716931 0.833886 0.840473 0.756983 0.925994 0.866844 0.672094 0.657652 0.905713 0.737664 0.783548 0.792643 0.896918 0.921289 1.000000 0.609184 0.444700 0.489668 0.528453 0.817915 0.609058 0.827657
0.592202 0.338547 0.743302 0.703214 0.553369 0.364632 0.437616 0.616810 0.557789 0.555367 0.442779 0.500558 0.370391 0.293565 0.351358 0.713514 0.807473 0.828910 0.752944 0.483626 0.729916 0.609184 1.000000 0.914714 0.877982 0.663208 0.900762 0.826735 0.698710
0.505644 0.319934 0.766167 0.547652 0.474194 0.295732 0.362019 0.529197 0.465325 0.425952 0.350959 0.362780 0.247733 0.222800 0.274953 0.543319 0.782639 0.736626 0.597320 0.319057 0.611437 0.444700 0.914714 1.000000 0.746796 0.572449 0.718595 0.637360 0.529924
0.762214 0.587575 0.831176 0.630702 0.502510 0.321305 0.394935 0.522677 0.453714 0.494204 0.372013 0.410516 0.251132 0.240051 0.297775 0.634580 0.633579 0.723399 0.689266 0.404356 0.595476 0.489668 0.877982 0.746796 1.000000 0.751977 0.768389 0.760251 0.630407
0.475772 0.516440 0.605514 0.354256 0.818537 0.682727 0.761293 0.763503 0.671294 0.744465 0.646644 0.562833 0.361283 0.484782 0.602024 0.764081 0.695617 0.834881 0.825700 0.376134 0.604826 0.528453 0.663208 0.572449 0.751977 1.000000 0.669295 0.553615 0.543337
0.394375 0.187972 0.503279 0.627188 0.649812 0.488196 0.555762 0.735091 0.715287 0.743248 0.615792 0.711556 0.598698 0.454998 0.513064 0.892389 0.819291 0.888340 0.883603 0.666808 0.827148 0.817915 0.900762 0.718595 0.768389 0.669295 1.000000 0.859379 0.786496
0.374303 0.165913 0.467132 0.451635 0.529210 0.412750 0.461013 0.648222 0.570623 0.599373 0.482046 0.559011 0.467957 0.352066 0.407668 0.710676 0.706657 0.765039 0.796919 0.506144 0.608968 0.609058 0.826735 0.637360 0.760251 0.553615 0.859379 1.000000 0.528415
0.328845 0.197273 0.403452 0.650772 0.438098 0.280370 0.337946 0.509529 0.569467 0.594575 0.483438 0.657160 0.537615 0.361050 0.372946 0.762076 0.614264 0.681092 0.650079 0.790834 0.868626 0.827657 0.698710 0.529924 0.630407 0.543337 0.786496 0.528415 1.000000
