1.000000 0.953886 0.968487 0.974137 0.966973 0.989767 0.959455 0.865382 0.909783 0.923786 0.911566 0.956378 0.940664 0.924348 0.911635 0.943063 0.970471 0.938089 0.962261 0.904153 0.943572 0.936278 0.933642 0.962074 0.913535 0.918424 0.843828 0.795621 0.755208 
0.953886 1.000000 0.872911 0.891028 0.912813 0.943331 0.982570 0.950144 0.788893 0.809821 0.817599 0.861117 0.837034 0.840737 0.799173 0.840990 0.909183 0.875498 0.894884 0.826011 0.866798 0.919372 0.902681 0.939105 0.891228 0.945692 0.896056 0.884482 0.826322 
0.968487 0.872911 1.000000 0.984640 0.963302 0.974535 0.898782 0.787433 0.981134 0.985335 0.947812 0.993125 0.993115 0.953111 0.968568 0.988108 0.971178 0.952974 0.976321 0.925420 0.965284 0.902198 0.927760 0.938324 0.901892 0.869486 0.778255 0.713282 0.703931 
0.974137 0.891028 0.984640 1.000000 0.941330 0.986286 0.914184 0.819472 0.950770 0.973038 0.976844 0.983915 0.979106 0.980990 0.933793 0.963475 0.985503 0.980432 0.970789 0.896683 0.938712 0.922081 0.949535 0.942973 0.885572 0.889231 0.784435 0.747697 0.740348 
0.966973 0.912813 0.963302 0.941330 1.000000 0.966219 0.941764 0.836119 0.915624 0.914003 0.868132 0.954976 0.937792 0.882853 0.942012 0.968830 0.953107 0.901976 0.971619 0.966970 0.983942 0.912181 0.911118 0.963805 0.972812 0.908706 0.877200 0.785239 0.739603 
0.989767 0.943331 0.974535 0.986286 0.966219 1.000000 0.964192 0.883139 0.920099 0.940938 0.940908 0.975321 0.957368 0.954745 0.919589 0.955255 0.992166 0.968828 0.982655 0.911950 0.954092 0.949887 0.965501 0.977017 0.930142 0.940236 0.858533 0.824156 0.794567 
0.959455 0.982570 0.898782 0.914184 0.941764 0.964192 1.000000 0.944882 0.816801 0.837168 0.841604 0.898133 0.866221 0.864665 0.843503 0.883048 0.947111 0.897597 0.937904 0.878223 0.912237 0.963715 0.925781 0.979642 0.934382 0.974813 0.935458 0.907856 0.832807 
0.865382 0.950144 0.787433 0.819472 0.836119 0.883139 0.944882 1.000000 0.705309 0.736157 0.766963 0.793844 0.762383 0.795321 0.694338 0.757000 0.857763 0.835877 0.836940 0.750978 0.783988 0.873440 0.911295 0.883816 0.854131 0.964690 0.895913 0.967931 0.944709 
0.909783 0.788893 0.981134 0.950770 0.915624 0.920099 0.816801 0.705309 1.000000 0.992965 0.933059 0.970731 0.990706 0.930616 0.966094 0.974451 0.922240 0.920707 0.930175 0.889868 0.927955 0.837407 0.878555 0.869867 0.840415 0.796063 0.682863 0.616766 0.640328 
0.923786 0.809821 0.985335 0.973038 0.914003 0.940938 0.837168 0.736157 0.992965 1.000000 0.968418 0.981176 0.997043 0.966742 0.954531 0.971158 0.944870 0.956329 0.944275 0.879440 0.924414 0.855454 0.910397 0.886560 0.844340 0.818349 0.700764 0.650386 0.674795 
0.911566 0.817599 0.947812 0.976844 0.868132 0.940908 0.841604 0.766963 0.933059 0.968418 1.000000 0.954324 0.964028 0.997550 0.888134 0.919949 0.948210 0.986638 0.926119 0.820837 0.872877 0.857041 0.930537 0.879533 0.811877 0.826805 0.704721 0.688432 0.713568 
0.956378 0.861117 0.993125 0.983915 0.954976 0.975321 0.898133 0.793844 0.970731 0.981176 0.954324 1.000000 0.989623 0.961915 0.962549 0.986446 0.982649 0.960767 0.987210 0.924953 0.966723 0.909713 0.945152 0.944870 0.908472 0.881247 0.786274 0.734194 0.727878 
0.940664 0.837034 0.993115 0.979106 0.937792 0.957368 0.866221 0.762383 0.990706 0.997043 0.964028 0.989623 1.000000 0.965555 0.966335 0.983144 0.959515 0.961302 0.963320 0.905639 0.948040 0.877768 0.921689 0.913925 0.878168 0.844035 0.741207 0.681850 0.692959 
0.924348 0.840737 0.953111 0.980990 0.882853 0.954745 0.864665 0.795321 0.930616 0.966742 0.997550 0.961915 0.965555 1.000000 0.888183 0.923899 0.960310 0.994088 0.939497 0.828160 0.884577 0.871644 0.949029 0.898239 0.832601 0.851436 0.734040 0.721612 0.741930 
0.911635 0.799173 0.968568 0.933793 0.942012 0.919589 0.843503 0.694338 0.966094 0.954531 0.888134 0.962549 0.966335 0.888183 1.000000 0.988406 0.929152 0.887087 0.949028 0.950547 0.972429 0.873681 0.840492 0.909539 0.893332 0.800534 0.734316 0.621879 0.600163 
0.943063 0.840990 0.988108 0.963475 0.968830 0.955255 0.883048 0.757000 0.974451 0.971158 0.919949 0.986446 0.983144 0.923899 0.988406 1.000000 0.961459 0.924968 0.977101 0.963540 0.984921 0.899109 0.900129 0.937441 0.924293 0.856345 0.782869 0.694217 0.677488 
0.970471 0.909183 0.971178 0.985503 0.953107 0.992166 0.947111 0.857763 0.922240 0.944870 0.948210 0.982649 0.959515 0.960310 0.929152 0.961459 1.000000 0.969031 0.988475 0.917199 0.956140 0.957099 0.963487 0.976010 0.922541 0.932116 0.844149 0.812363 0.782868 
0.938089 0.875498 0.952974 0.980432 0.901976 0.968828 0.897597 0.835877 0.920707 0.956329 0.986638 0.960767 0.961302 0.994088 0.887087 0.924968 0.969031 1.000000 0.948483 0.841104 0.898689 0.891032 0.961908 0.922475 0.864811 0.883599 0.779234 0.764394 0.777353 
0.962261 0.894884 0.976321 0.970789 0.971619 0.982655 0.937904 0.836940 0.930175 0.944275 0.926119 0.987210 0.963320 0.939497 0.949028 0.977101 0.988475 0.948483 1.000000 0.946912 0.980684 0.937232 0.949667 0.977874 0.949208 0.918675 0.857640 0.797606 0.758412 
0.904153 0.826011 0.925420 0.896683 0.966970 0.911950 0.878223 0.750978 0.889868 0.879440 0.820837 0.924953 0.905639 0.828160 0.950547 0.963540 0.917199 0.841104 0.946912 1.000000 0.978832 0.884622 0.845382 0.926663 0.955733 0.854415 0.825335 0.718679 0.667445 
0.943572 0.866798 0.965284 0.938712 0.983942 0.954092 0.912237 0.783988 0.927955 0.924414 0.872877 0.966723 0.948040 0.884577 0.972429 0.984921 0.956140 0.898689 0.980684 0.978832 1.000000 0.912204 0.890823 0.961770 0.963917 0.879954 0.838543 0.734852 0.689593 
0.936278 0.919372 0.902198 0.922081 0.912181 0.949887 0.963715 0.873440 0.837407 0.855454 0.857041 0.909713 0.877768 0.871644 0.873681 0.899109 0.957099 0.891032 0.937232 0.884622 0.912204 1.000000 0.897663 0.970823 0.890813 0.948790 0.868869 0.844784 0.763026 
0.933642 0.902681 0.927760 0.949535 0.911118 0.965501 0.925781 0.911295 0.878555 0.910397 0.930537 0.945152 0.921689 0.949029 0.840492 0.900129 0.963487 0.961908 0.949667 0.845382 0.890823 0.897663 1.000000 0.927271 0.894888 0.946888 0.838144 0.875956 0.887501 
0.962074 0.939105 0.938324 0.942973 0.963805 0.977017 0.979642 0.883816 0.869867 0.886560 0.879533 0.944870 0.913925 0.898239 0.909539 0.937441 0.976010 0.922475 0.977874 0.926663 0.961770 0.970823 0.927271 1.000000 0.954757 0.950651 0.916815 0.851258 0.773515 
0.913535 0.891228 0.901892 0.885572 0.972812 0.930142 0.934382 0.854131 0.840415 0.844340 0.811877 0.908472 0.878168 0.832601 0.893332 0.924293 0.922541 0.864811 0.949208 0.955733 0.963917 0.890813 0.894888 0.954757 1.000000 0.917626 0.922713 0.829450 0.777752 
0.918424 0.945692 0.869486 0.889231 0.908706 0.940236 0.974813 0.964690 0.796063 0.818349 0.826805 0.881247 0.844035 0.851436 0.800534 0.856345 0.932116 0.883599 0.918675 0.854415 0.879954 0.948790 0.946888 0.950651 0.917626 1.000000 0.917700 0.949240 0.906652 
0.843828 0.896056 0.778255 0.784435 0.877200 0.858533 0.935458 0.895913 0.682863 0.700764 0.704721 0.786274 0.741207 0.734040 0.734316 0.782869 0.844149 0.779234 0.857640 0.825335 0.838543 0.868869 0.838144 0.916815 0.922713 0.917700 1.000000 0.912042 0.806074 
0.795621 0.884482 0.713282 0.747697 0.785239 0.824156 0.907856 0.967931 0.616766 0.650386 0.688432 0.734194 0.681850 0.721612 0.621879 0.694217 0.812363 0.764394 0.797606 0.718679 0.734852 0.844784 0.875956 0.851258 0.829450 0.949240 0.912042 1.000000 0.942369 
0.755208 0.826322 0.703931 0.740348 0.739603 0.794567 0.832807 0.944709 0.640328 0.674795 0.713568 0.727878 0.692959 0.741930 0.600163 0.677488 0.782868 0.777353 0.758412 0.667445 0.689593 0.763026 0.887501 0.773515 0.777752 0.906652 0.806074 0.942369 1.000000 
