1.000000 0.782639 0.848584 0.874818 0.841623 0.949470 0.807473 0.439991 0.599642 0.655107 0.606568 0.793706 0.725222 0.657386 0.606837 0.735476 0.857749 0.714294 0.820137 0.578034 0.737664 0.706657 0.695617 0.819291 0.614264 0.633579 0.371380 0.238969 0.150367 
0.782639 1.000000 0.465325 0.529197 0.611437 0.736626 0.914714 0.766167 0.222800 0.274953 0.295732 0.425952 0.350959 0.362019 0.247733 0.362780 0.597320 0.474194 0.543319 0.319057 0.444700 0.637360 0.572449 0.718595 0.529924 0.746796 0.547652 0.505644 0.319934 
0.848584 0.465325 1.000000 0.924647 0.824860 0.876678 0.557789 0.219367 0.907856 0.927989 0.755992 0.965906 0.965860 0.779212 0.848954 0.941402 0.861030 0.778605 0.885066 0.661741 0.833886 0.570623 0.671294 0.715287 0.569467 0.453714 0.198391 0.080039 0.067353 
0.874818 0.529197 0.924647 1.000000 0.728063 0.932580 0.616810 0.300849 0.768909 0.869682 0.887525 0.921162 0.898219 0.907169 0.696248 0.825645 0.928800 0.904515 0.859221 0.549975 0.716931 0.648222 0.763503 0.735091 0.509529 0.522677 0.212400 0.136151 0.122925 
0.841623 0.611437 0.824860 0.728063 1.000000 0.838163 0.729916 0.348255 0.622481 0.616099 0.449162 0.787467 0.713040 0.499869 0.730977 0.850162 0.779195 0.569784 0.863077 0.841606 0.921289 0.608968 0.604826 0.827148 0.868626 0.595476 0.480077 0.214258 0.121622 
0.949470 0.736626 0.876678 0.932580 0.838163 1.000000 0.828910 0.500879 0.640266 0.726388 0.726262 0.880362 0.798123 0.786442 0.638227 0.788709 0.961199 0.850154 0.915119 0.608065 0.783548 0.765039 0.834881 0.888340 0.681092 0.723399 0.417558 0.313836 0.236398 
0.807473 0.914714 0.557789 0.616810 0.729916 0.828910 1.000000 0.743302 0.293565 0.351358 0.364632 0.555367 0.442779 0.437616 0.370391 0.500558 0.752944 0.553369 0.713514 0.483626 0.609184 0.826735 0.663208 0.900762 0.698710 0.877982 0.703214 0.592202 0.338547 
0.439991 0.766167 0.219367 0.300849 0.348255 0.500879 0.743302 1.000000 0.069155 0.115685 0.174030 0.234644 0.164604 0.238237 0.055476 0.153862 0.415075 0.347540 0.350682 0.142273 0.211369 0.467132 0.605514 0.503279 0.403452 0.831176 0.547122 0.846023 0.742556 
0.599642 0.222800 0.907856 0.768909 0.622481 0.640266 0.293565 0.069155 1.000000 0.965123 0.693189 0.858952 0.954049 0.683053 0.837592 0.876286 0.648865 0.642702 0.681228 0.524983 0.672094 0.352066 0.484782 0.454998 0.361050 0.240051 0.042781 0.001724 0.010091 
0.655107 0.274953 0.927989 0.869682 0.616099 0.726388 0.351358 0.115685 0.965123 1.000000 0.848264 0.908059 0.985265 0.840562 0.785492 0.860933 0.743249 0.793485 0.740684 0.487872 0.657652 0.407668 0.602024 0.513064 0.372946 0.297775 0.063305 0.015778 0.034841 
0.606568 0.295732 0.755992 0.887525 0.449162 0.726262 0.364632 0.174030 0.693189 0.848264 1.000000 0.784577 0.828159 0.987782 0.518719 0.639666 0.757724 0.934281 0.664586 0.304605 0.465211 0.412750 0.682727 0.488196 0.280370 0.321305 0.068383 0.048736 0.080445 
0.793706 0.425952 0.965906 0.921162 0.787467 0.880362 0.555367 0.234644 0.858952 0.908059 0.784577 1.000000 0.948766 0.818572 0.821441 0.933350 0.915092 0.813383 0.937047 0.659841 0.840473 0.599373 0.744465 0.743248 0.594575 0.494204 0.216659 0.112368 0.102027 
0.725222 0.350959 0.965860 0.898219 0.713040 0.798123 0.442779 0.164604 0.954049 0.985265 0.828159 0.948766 1.000000 0.835126 0.838696 0.917462 0.807744 0.815798 0.824943 0.583700 0.756983 0.482046 0.646644 0.615792 0.483438 0.372013 0.124435 0.041739 0.053864 
0.657386 0.362019 0.779212 0.907169 0.499869 0.786442 0.437616 0.238237 0.683053 0.840562 0.987782 0.818572 0.835126 1.000000 0.518895 0.655566 0.811322 0.970646 0.720257 0.325156 0.505981 0.461013 0.761293 0.555762 0.337946 0.394935 0.112110 0.092262 0.125714 
0.606837 0.247733 0.848954 0.696248 0.730977 0.638227 0.370391 0.055476 0.837592 0.785492 0.518719 0.821441 0.838696 0.518895 1.000000 0.942847 0.677014 0.514953 0.761289 0.767933 0.866844 0.467957 0.361283 0.598698 0.537615 0.251132 0.112573 0.002950 0.000000 
0.735476 0.362780 0.941402 0.825645 0.850162 0.788709 0.500558 0.153862 0.876286 0.860933 0.639666 0.933350 0.917462 0.655566 0.942847 1.000000 0.816508 0.659902 0.888739 0.825942 0.925994 0.559011 0.562833 0.711556 0.657160 0.410516 0.208804 0.055334 0.037400 
0.857749 0.597320 0.861030 0.928800 0.779195 0.961199 0.752944 0.415075 0.648865 0.743249 0.757724 0.915092 0.807744 0.811322 0.677014 0.816508 1.000000 0.851092 0.943180 0.628710 0.792643 0.796919 0.825700 0.883603 0.650079 0.689266 0.372362 0.281660 0.208803 
0.714294 0.474194 0.778605 0.904515 0.569784 0.850154 0.553369 0.347540 0.642702 0.793485 0.934281 0.813383 0.815798 0.970646 0.514953 0.659902 0.851092 1.000000 0.758912 0.363126 0.557440 0.529210 0.818537 0.649812 0.438098 0.502510 0.200580 0.168712 0.196388 
0.820137 0.543319 0.885066 0.859221 0.863077 0.915119 0.713514 0.350682 0.681228 0.740684 0.664586 0.937047 0.824943 0.720257 0.761289 0.888739 0.943180 0.758912 1.000000 0.752082 0.905713 0.710676 0.764081 0.892389 0.762076 0.634580 0.414677 0.243846 0.156645 
0.578034 0.319057 0.661741 0.549975 0.841606 0.608065 0.483626 0.142273 0.524983 0.487872 0.304605 0.659841 0.583700 0.325156 0.767933 0.825942 0.628710 0.363126 0.752082 1.000000 0.896918 0.506144 0.376134 0.666808 0.790834 0.404356 0.317148 0.087860 0.028316 
0.737664 0.444700 0.833886 0.716931 0.921289 0.783548 0.609184 0.211369 0.672094 0.657652 0.465211 0.840473 0.756983 0.505981 0.866844 0.925994 0.792643 0.557440 0.905713 0.896918 1.000000 0.609058 0.528453 0.817915 0.827657 0.489668 0.355447 0.113475 0.050026 
0.706657 0.637360 0.570623 0.648222 0.608968 0.765039 0.826735 0.467132 0.352066 0.407668 0.412750 0.599373 0.482046 0.461013 0.467957 0.559011 0.796919 0.529210 0.710676 0.506144 0.609058 1.000000 0.553615 0.859379 0.528415 0.760251 0.451635 0.374303 0.165913 
0.695617 0.572449 0.671294 0.763503 0.604826 0.834881 0.663208 0.605514 0.484782 0.602024 0.682727 0.744465 0.646644 0.761293 0.361283 0.562833 0.825700 0.818537 0.764081 0.376134 0.528453 0.553615 1.000000 0.669295 0.543337 0.751977 0.354256 0.475772 0.516440 
0.819291 0.718595 0.715287 0.735091 0.827148 0.888340 0.900762 0.503279 0.454998 0.513064 0.488196 0.743248 0.615792 0.555762 0.598698 0.711556 0.883603 0.649812 0.892389 0.666808 0.817915 0.859379 0.669295 1.000000 0.786496 0.768389 0.627188 0.394375 0.187972 
0.614264 0.529924 0.569467 0.509529 0.868626 0.681092 0.698710 0.403452 0.361050 0.372946 0.280370 0.594575 0.483438 0.337946 0.537615 0.657160 0.650079 0.438098 0.762076 0.790834 0.827657 0.528415 0.543337 0.786496 1.000000 0.630407 0.650772 0.328845 0.197273 
0.633579 0.746796 0.453714 0.522677 0.595476 0.723399 0.877982 0.831176 0.240051 0.297775 0.321305 0.494204 0.372013 0.394935 0.251132 0.410516 0.689266 0.502510 0.634580 0.404356 0.489668 0.760251 0.751977 0.768389 0.630407 1.000000 0.630702 0.762214 0.587575 
0.371380 0.547652 0.198391 0.212400 0.480077 0.417558 0.703214 0.547122 0.042781 0.063305 0.068383 0.216659 0.124435 0.112110 0.112573 0.208804 0.372362 0.200580 0.414677 0.317148 0.355447 0.451635 0.354256 0.627188 0.650772 0.630702 1.000000 0.608423 0.265212 
0.238969 0.505644 0.080039 0.136151 0.214258 0.313836 0.592202 0.846023 0.001724 0.015778 0.048736 0.112368 0.041739 0.092262 0.002950 0.055334 0.281660 0.168712 0.243846 0.087860 0.113475 0.374303 0.475772 0.394375 0.328845 0.762214 0.608423 1.000000 0.732505 
0.150367 0.319934 0.067353 0.122925 0.121622 0.236398 0.338547 0.742556 0.010091 0.034841 0.080445 0.102027 0.053864 0.125714 0.000000 0.037400 0.208803 0.196388 0.156645 0.028316 0.050026 0.165913 0.516440 0.187972 0.197273 0.587575 0.265212 0.732505 1.000000 
