1.000000 0.007636 0.270525 0.243327 0.124119 0.187594 0.090316 -0.026922 0.018953 -0.023441 -0.042911 -0.033195 -0.015770 -0.049837 -0.010129 -0.012540 -0.045959 -0.031509 -0.032923 0.002140 -0.025427 -0.024049 -0.042647 -0.031661 -0.012128 -0.039082 -0.010926 -0.032285 -0.032052 
0.007636 1.000000 -0.031422 -0.044766 -0.012075 0.159803 0.204008 0.295926 -0.058235 -0.076283 -0.058027 -0.040163 -0.016871 -0.047294 -0.025312 -0.055093 -0.019514 0.000155 -0.003055 -0.021691 -0.030009 0.003872 0.032003 0.009456 -0.006277 0.041799 0.020228 0.059196 0.064283 
0.270525 -0.031422 1.000000 0.277713 0.157055 0.269057 0.105286 -0.012011 0.571610 0.461150 0.058986 0.327024 0.440438 0.146982 0.213985 0.327147 0.161099 0.102802 0.306069 0.088738 0.241894 0.032943 0.078495 0.161098 0.118856 0.050716 0.054104 0.007528 -0.015292 
0.243327 -0.044766 0.277713 1.000000 0.108837 0.251654 0.105926 -0.012658 0.224868 0.398079 0.472101 0.235064 0.158628 0.423109 0.065961 0.262789 0.283407 0.114829 0.141428 0.140502 0.123891 0.182219 0.089801 0.120732 0.075080 0.066052 0.047603 0.022343 -0.012259 
0.124119 -0.012075 0.157055 0.108837 1.000000 0.090525 0.103119 0.001330 0.106900 0.098304 0.020094 0.081558 0.078767 0.045940 0.063507 0.421444 0.078805 0.038218 0.104714 0.385746 0.308542 0.041560 0.032879 0.089520 0.374348 0.042728 0.213888 0.028496 0.000351 
0.187594 0.159803 0.269057 0.251654 0.090525 1.000000 0.360097 0.179492 0.177252 0.179028 0.058191 0.435463 0.379344 0.371428 0.068426 0.150301 0.437092 0.405330 0.387563 0.047629 0.265163 0.171176 0.427020 0.386321 0.215867 0.343266 0.154295 0.180143 0.089705 
0.090316 0.204008 0.105286 0.105926 0.103119 0.360097 1.000000 0.306422 0.047901 0.046298 0.004256 0.157853 0.158737 0.131824 0.031671 0.087346 0.363416 0.178026 0.362406 0.043580 0.133371 0.393551 0.264458 0.461443 0.217464 0.485898 0.410367 0.470070 0.173142 
-0.026922 0.295926 -0.012011 -0.012658 0.001330 0.179492 0.306422 1.000000 -0.018591 -0.025463 -0.025310 0.035726 0.064668 0.035769 -0.005054 -0.011125 0.107595 0.115127 0.116239 -0.001753 0.028993 0.123138 0.365365 0.137488 0.060764 0.384192 0.123126 0.479082 0.639767 
0.018953 -0.058235 0.571610 0.224868 0.106900 0.177252 0.047901 -0.018591 1.000000 0.726032 0.201974 0.533267 0.597739 0.333184 0.302598 0.506274 0.301683 0.200587 0.400276 0.124956 0.365224 0.068613 0.137267 0.222309 0.171464 0.081538 0.080769 0.012817 -0.009742 
-0.023441 -0.076283 0.461150 0.398079 0.098304 0.179028 0.046298 -0.025463 0.726032 1.000000 0.454661 0.654338 0.560897 0.574209 0.276147 0.582756 0.448913 0.235185 0.442947 0.161427 0.389283 0.137009 0.169009 0.271091 0.191857 0.106133 0.096452 0.024580 -0.011444 
-0.042911 -0.058027 0.058986 0.472101 0.020094 0.058191 0.004256 -0.025310 0.201974 0.454661 1.000000 0.277265 0.146993 0.596848 0.066903 0.243598 0.324835 0.129875 0.134327 0.107544 0.114830 0.189858 0.084455 0.109190 0.059732 0.057282 0.033731 0.014278 -0.009033 
-0.033195 -0.040163 0.327024 0.235064 0.081558 0.435463 0.157853 0.035726 0.533267 0.654338 0.277265 1.000000 0.610036 0.618406 0.235485 0.470765 0.664427 0.403215 0.629871 0.126855 0.493222 0.206868 0.401443 0.485954 0.299331 0.290010 0.191403 0.123276 0.035544 
-0.015770 -0.016871 0.440438 0.158628 0.078767 0.379344 0.158737 0.064668 0.597739 0.560897 0.146993 0.610036 1.000000 0.419805 0.257278 0.399671 0.463102 0.410248 0.576210 0.094369 0.440378 0.150840 0.385630 0.402076 0.252698 0.261452 0.152049 0.113991 0.063770 
-0.049837 -0.047294 0.146982 0.423109 0.045940 0.371428 0.131824 0.035769 0.333184 0.574209 0.596848 0.618406 0.419805 1.000000 0.151863 0.374946 0.715972 0.453425 0.435000 0.113465 0.341741 0.344888 0.410586 0.420945 0.218021 0.306687 0.154665 0.138663 0.044943 
-0.010129 -0.025312 0.213985 0.065961 0.063507 0.068426 0.031671 -0.005054 0.302598 0.276147 0.066903 0.235485 0.257278 0.151863 1.000000 0.278905 0.169518 0.104460 0.230613 0.073992 0.256036 0.047245 0.076316 0.160942 0.136496 0.061822 0.069665 0.019785 -0.002227 
-0.012540 -0.055093 0.327147 0.262789 0.421444 0.150301 0.087346 -0.011125 0.506274 0.582756 0.243598 0.470765 0.399671 0.374946 0.278905 1.000000 0.385797 0.190920 0.420296 0.456363 0.581152 0.158675 0.148998 0.304882 0.449714 0.131946 0.231450 0.058603 -0.002410 
-0.045959 -0.019514 0.161099 0.283407 0.078805 0.437092 0.363416 0.107595 0.301683 0.448913 0.324835 0.664427 0.463102 0.715972 0.169518 0.385797 1.000000 0.477195 0.609604 0.141388 0.427571 0.513683 0.526076 0.660185 0.337014 0.542381 0.338869 0.325364 0.103632 
-0.031509 0.000155 0.102802 0.114829 0.038218 0.405330 0.178026 0.115127 0.200587 0.235185 0.129875 0.403215 0.410248 0.453425 0.104460 0.190920 0.477195 1.000000 0.399660 0.056908 0.298762 0.223539 0.478563 0.434627 0.208381 0.404661 0.146478 0.192180 0.115849 
-0.032923 -0.003055 0.306069 0.141428 0.104714 0.387563 0.362406 0.116239 0.400276 0.442947 0.134327 0.629871 0.576210 0.435000 0.230613 0.420296 0.609604 0.399660 1.000000 0.127412 0.475181 0.290227 0.460421 0.610686 0.391466 0.451661 0.340494 0.282049 0.097762 
0.002140 -0.021691 0.088738 0.140502 0.385746 0.047629 0.043580 -0.001753 0.124956 0.161427 0.107544 0.126855 0.094369 0.113465 0.073992 0.456363 0.141388 0.056908 0.127412 1.000000 0.277182 0.126692 0.050510 0.110198 0.300252 0.060722 0.168860 0.050620 0.005597 
-0.025427 -0.030009 0.241894 0.123891 0.308542 0.265163 0.133371 0.028993 0.365224 0.389283 0.114830 0.493222 0.440378 0.341741 0.256036 0.581152 0.427571 0.298762 0.475181 0.277182 1.000000 0.154295 0.257453 0.418444 0.533115 0.243315 0.258552 0.108977 0.023878 
-0.024049 0.003872 0.032943 0.182219 0.041560 0.171176 0.393551 0.123138 0.068613 0.137009 0.189858 0.206868 0.150840 0.344888 0.047245 0.158675 0.513683 0.223539 0.290227 0.126692 0.154295 1.000000 0.263243 0.398935 0.191955 0.526029 0.306177 0.470230 0.144527 
-0.042647 0.032003 0.078495 0.089801 0.032879 0.427020 0.264458 0.365365 0.137267 0.169009 0.084455 0.401443 0.385630 0.410586 0.076316 0.148998 0.526076 0.478563 0.460421 0.050510 0.257453 0.263243 1.000000 0.453752 0.239598 0.625773 0.233203 0.436773 0.404979 
-0.031661 0.009456 0.161098 0.120732 0.089520 0.386321 0.461443 0.137488 0.222309 0.271091 0.109190 0.485954 0.402076 0.420945 0.160942 0.304882 0.660185 0.434627 0.610686 0.110198 0.418444 0.398935 0.453752 1.000000 0.381001 0.585041 0.442071 0.393120 0.122908 
-0.012128 -0.006277 0.118856 0.075080 0.374348 0.215867 0.217464 0.060764 0.171464 0.191857 0.059732 0.299331 0.252698 0.218021 0.136496 0.449714 0.337014 0.208381 0.391466 0.300252 0.533115 0.191955 0.239598 0.381001 1.000000 0.272823 0.446580 0.190352 0.063367 
-0.039082 0.041799 0.050716 0.066052 0.042728 0.343266 0.485898 0.384192 0.081538 0.106133 0.057282 0.290010 0.261452 0.306687 0.061822 0.131946 0.542381 0.404661 0.451661 0.060722 0.243315 0.526029 0.625773 0.585041 0.272823 1.000000 0.387835 0.734053 0.404249 
-0.010926 0.020228 0.054104 0.047603 0.213888 0.154295 0.410367 0.123126 0.080769 0.096452 0.033731 0.191403 0.152049 0.154665 0.069665 0.231450 0.338869 0.146478 0.340494 0.168860 0.258552 0.306177 0.233203 0.442071 0.446580 0.387835 1.000000 0.390988 0.132882 
-0.032285 0.059196 0.007528 0.022343 0.028496 0.180143 0.470070 0.479082 0.012817 0.024580 0.014278 0.123276 0.113991 0.138663 0.019785 0.058603 0.325364 0.192180 0.282049 0.050620 0.108977 0.470230 0.436773 0.393120 0.190352 0.734053 0.390988 1.000000 0.542787 
-0.032052 0.064283 -0.015292 -0.012259 0.000351 0.089705 0.173142 0.639767 -0.009742 -0.011444 -0.009033 0.035544 0.063770 0.044943 -0.002227 -0.002410 0.103632 0.115849 0.097762 0.005597 0.023878 0.144527 0.404979 0.122908 0.063367 0.404249 0.132882 0.542787 1.000000 
