1.000000 0.516003 0.575193 0.040879 0.125877 0.097353 0.117909 0.091636 0.084143 0.077870 0.089259 0.247737 0.125326 0.172130 0.082785 0.093715 0.199711 0.185415 0.176788 0.476693 0.752902 0.434153 0.507630 0.507778 0.238252 0.249436 0.436133 0.373179 0.332935
0.516003 1.000000 0.665299 0.045863 0.345828 0.072113 0.069248 0.059115 0.047361 0.059717 0.066180 0.127333 0.060540 0.097815 0.053603 0.047218 0.104110 0.104070 0.130961 0.410345 0.427838 0.185276 0.355580 0.185287 0.237646 0.177844 0.198619 0.170845 0.178877
0.575193 0.665299 1.000000 0.041096 0.130603 0.071203 0.076077 0.059486 0.062484 0.056668 0.068807 0.129752 0.068637 0.093062 0.061825 0.060244 0.112634 0.103901 0.130127 0.447152 0.446474 0.194341 0.231747 0.205160 0.154224 0.178514 0.185074 0.167163 0.161709
0.040879 0.045863 0.041096 1.000000 0.077971 0.186198 0.072865 0.296957 0.031007 0.322228 0.061465 0.059608 0.059226 0.047251 0.088486 0.049097 0.024572 0.040034 0.056224 0.031252 0.034564 0.060725 0.154791 0.048532 0.245175 0.041600 0.041460 0.028175 0.040287
0.125877 0.345828 0.130603 0.077971 1.000000 0.059657 0.050723 0.029283 0.016962 0.041681 0.047358 0.065045 0.019689 0.042994 0.016769 0.000000 0.026934 0.033560 0.055201 0.100612 0.109713 0.089670 0.260425 0.074474 0.219354 0.071021 0.079662 0.052746 0.068038
0.097353 0.072113 0.071203 0.186198 0.059657 1.000000 0.429283 0.171999 0.089546 0.216800 0.129882 0.418692 0.462450 0.357550 0.170200 0.162213 0.113560 0.146654 0.144061 0.101425 0.110576 0.269605 0.166686 0.109490 0.154985 0.106385 0.154052 0.144096 0.168169
0.117909 0.069248 0.076077 0.072865 0.050723 0.429283 1.000000 0.201420 0.170798 0.153325 0.139624 0.349848 0.494894 0.328413 0.186976 0.220862 0.176299 0.188740 0.158557 0.117806 0.127295 0.227768 0.111368 0.188588 0.115129 0.123751 0.173264 0.202243 0.189258
0.091636 0.059115 0.059486 0.296957 0.029283 0.171999 0.201420 1.000000 0.509517 0.328906 0.132162 0.140635 0.315040 0.185987 0.279806 0.440741 0.463997 0.289280 0.218262 0.154313 0.132247 0.115106 0.169295 0.240180 0.304694 0.177567 0.183052 0.334196 0.202281
0.084143 0.047361 0.062484 0.031007 0.016962 0.089546 0.170798 0.509517 1.000000 0.125681 0.133037 0.126375 0.297209 0.177567 0.258535 0.493313 0.625422 0.328490 0.207452 0.149345 0.124099 0.102217 0.074831 0.247278 0.124943 0.191546 0.172327 0.372688 0.195683
0.077870 0.059717 0.056668 0.322228 0.041681 0.216800 0.153325 0.328906 0.125681 1.000000 0.269695 0.181308 0.374836 0.295626 0.601972 0.499342 0.207440 0.374723 0.480098 0.143808 0.117998 0.121146 0.168700 0.101484 0.320863 0.166392 0.220556 0.220557 0.355252
0.089259 0.066180 0.068807 0.061465 0.047358 0.129882 0.139624 0.132162 0.133037 0.269695 1.000000 0.197698 0.330014 0.308766 0.352028 0.327451 0.211976 0.289671 0.309919 0.141784 0.128317 0.135604 0.100302 0.114773 0.134453 0.167933 0.220412 0.228380 0.285144
0.247737 0.127333 0.129752 0.059608 0.065045 0.418692 0.349848 0.140635 0.126375 0.181308 0.197698 1.000000 0.488717 0.566207 0.230187 0.249135 0.273445 0.348992 0.305664 0.293493 0.324363 0.485804 0.272927 0.249227 0.271444 0.264488 0.424873 0.384004 0.434597
0.125326 0.060540 0.068637 0.059226 0.019689 0.462450 0.494894 0.315040 0.297209 0.374836 0.330014 0.488717 1.000000 0.610838 0.541268 0.612329 0.419248 0.508275 0.442220 0.209314 0.193470 0.285922 0.152032 0.218305 0.210525 0.248265 0.354149 0.429330 0.461383
0.172130 0.097815 0.093062 0.047251 0.042994 0.357550 0.328413 0.185987 0.177567 0.295626 0.308766 0.566207 0.610838 1.000000 0.410214 0.432568 0.388396 0.529140 0.480042 0.310082 0.296946 0.311103 0.194794 0.214236 0.317246 0.348463 0.459663 0.468143 0.512378
0.082785 0.053603 0.061825 0.088486 0.016769 0.170200 0.186976 0.279806 0.258535 0.601972 0.352028 0.230187 0.541268 0.410214 1.000000 0.745450 0.380445 0.566348 0.626250 0.198414 0.146635 0.145921 0.115382 0.134626 0.235565 0.257247 0.277429 0.351177 0.442783
0.093715 0.047218 0.060244 0.049097 0.000000 0.162213 0.220862 0.440741 0.493313 0.499342 0.327451 0.249135 0.612329 0.432568 0.745450 1.000000 0.604387 0.678837 0.592019 0.227906 0.169487 0.160493 0.113893 0.198175 0.237216 0.289393 0.322753 0.487972 0.482429
0.199711 0.104110 0.112634 0.024572 0.026934 0.113560 0.176299 0.463997 0.625422 0.207440 0.211976 0.273445 0.419248 0.388396 0.380445 0.604387 1.000000 0.645452 0.460928 0.452361 0.355826 0.214579 0.193357 0.391320 0.415979 0.492165 0.461986 0.736103 0.475045
0.185415 0.104070 0.103901 0.040034 0.033560 0.146654 0.188740 0.289280 0.328490 0.374723 0.289671 0.348992 0.508275 0.529140 0.566348 0.678837 0.645452 1.000000 0.637675 0.443867 0.340331 0.248713 0.217541 0.263083 0.475475 0.445513 0.522388 0.688211 0.656104
0.176788 0.130961 0.130127 0.056224 0.055201 0.144061 0.158557 0.218262 0.207452 0.480098 0.309919 0.305664 0.442220 0.480042 0.626250 0.592019 0.460928 0.637675 1.000000 0.429174 0.313797 0.212149 0.218363 0.211026 0.423334 0.452048 0.444454 0.501156 0.606247
0.476693 0.410345 0.447152 0.031252 0.100612 0.101425 0.117806 0.154313 0.149345 0.143808 0.141784 0.293493 0.209314 0.310082 0.198414 0.227906 0.452361 0.443867 0.429174 1.000000 0.652297 0.287550 0.316590 0.315461 0.467631 0.515521 0.492468 0.559666 0.498664
0.752902 0.427838 0.446474 0.034564 0.109713 0.110576 0.127295 0.132247 0.124099 0.117998 0.128317 0.324363 0.193470 0.296946 0.146635 0.169487 0.355826 0.340331 0.313797 0.652297 1.000000 0.431223 0.522335 0.559622 0.389813 0.446857 0.614452 0.574816 0.490525
0.434153 0.185276 0.194341 0.060725 0.089670 0.269605 0.227768 0.115106 0.102217 0.121146 0.135604 0.485804 0.285922 0.311103 0.145921 0.160493 0.214579 0.248713 0.212149 0.287550 0.431223 1.000000 0.452158 0.355352 0.214235 0.206973 0.481615 0.385728 0.387237
0.507630 0.355580 0.231747 0.154791 0.260425 0.166686 0.111368 0.169295 0.074831 0.168700 0.100302 0.272927 0.152032 0.194794 0.115382 0.113893 0.193357 0.217541 0.218363 0.316590 0.522335 0.452158 1.000000 0.436534 0.405451 0.236284 0.499614 0.408535 0.407597
0.507778 0.185287 0.205160 0.048532 0.074474 0.109490 0.188588 0.240180 0.247278 0.101484 0.114773 0.249227 0.218305 0.214236 0.134626 0.198175 0.391320 0.263083 0.211026 0.315461 0.559622 0.355352 0.436534 1.000000 0.229920 0.278572 0.441536 0.548151 0.340533
0.238252 0.237646 0.154224 0.245175 0.219354 0.154985 0.115129 0.304694 0.124943 0.320863 0.134453 0.271444 0.210525 0.317246 0.235565 0.237216 0.415979 0.475475 0.423334 0.467631 0.389813 0.214235 0.405451 0.229920 1.000000 0.447478 0.429817 0.476989 0.430971
0.249436 0.177844 0.178514 0.041600 0.071021 0.106385 0.123751 0.177567 0.191546 0.166392 0.167933 0.264488 0.248265 0.348463 0.257247 0.289393 0.492165 0.445513 0.452048 0.515521 0.446857 0.206973 0.236284 0.278572 0.447478 1.000000 0.474699 0.514249 0.442210
0.436133 0.198619 0.185074 0.041460 0.079662 0.154052 0.173264 0.183052 0.172327 0.220556 0.220412 0.424873 0.354149 0.459663 0.277429 0.322753 0.461986 0.522388 0.444454 0.492468 0.614452 0.481615 0.499614 0.441536 0.429817 0.474699 1.000000 0.684269 0.638279
0.373179 0.170845 0.167163 0.028175 0.052746 0.144096 0.202243 0.334196 0.372688 0.220557 0.228380 0.384004 0.429330 0.468143 0.351177 0.487972 0.736103 0.688211 0.501156 0.559666 0.574816 0.385728 0.408535 0.548151 0.476989 0.514249 0.684269 1.000000 0.637274
0.332935 0.178877 0.161709 0.040287 0.068038 0.168169 0.189258 0.202281 0.195683 0.355252 0.285144 0.434597 0.461383 0.512378 0.442783 0.482429 0.475045 0.656104 0.606247 0.498664 0.490525 0.387237 0.407597 0.340533 0.430971 0.442210 0.638279 0.637274 1.000000
