"","sig_1","sig_2","sig_3","sig_4","sig_5","sig_6","sig_7","sig_8","sig_9","sig_10","sig_11","sig_12","sig_13","sig_14","sig_15","sig_16","sig_17","sig_18","sig_19","sig_20","sig_21","sig_22","sig_23","sig_24","sig_25","sig_26","sig_27","sig_28","sig_29","EC1","EC2","EC3","EC4","EC5","EC6"
"sig_1",0.999999999999969,0.900908013176985,0.860734863375289,0.904244389897052,0.837111561384641,0.981492234894958,0.950896999545379,0.816475890033258,0.768154069649788,0.844380926897287,0.753085591063276,0.897897055368174,0.807407964488032,0.947308451569532,0.807968207952438,0.84120780678209,0.97914935451788,0.907812598447486,0.859480092894963,0.75810984603748,0.849719551902945,0.978639346220102,0.917470249281582,0.923573770683608,0.83842306688185,0.872570802722468,0.860819896078525,0.810737762050927,0.723957366528146,0.10313477071426,0.0734079844053495,0.0940437195385291,0.131213246884053,-0.0175872356186598,0.197094509432265
"sig_2",0.900908013176985,0.99999999999996,0.830567255165216,0.68039502129452,0.875965316507703,0.940367216063968,0.973708049405797,0.974758715530829,0.709493113552494,0.772930371472573,0.482025094404997,0.849576684501947,0.783653746428988,0.767803001206696,0.80486315301459,0.807553758777611,0.872967150320228,0.926842744040559,0.851068506699306,0.731123685908658,0.874850689012868,0.870723075330882,0.947277193747564,0.954506642405473,0.886831261215801,0.947968891704755,0.955298679344377,0.949271887507483,0.904840959683602,0.129631705658086,0.101131037820929,0.14826829533928,0.17585076751356,-0.0241369123990017,0.331791531377579
"sig_3",0.860734863375289,0.830567255165216,1.00000000000004,0.607732218158463,0.971918271075972,0.887120438873427,0.877318225774271,0.772920484044114,0.976916765946755,0.990165525240747,0.376281006828874,0.987521381681809,0.993627447838369,0.689143652676747,0.986691880599282,0.995919160173453,0.807672625850208,0.907362043905734,0.997357554788488,0.962622810981413,0.983876893286622,0.850684707767216,0.894859591930333,0.888281317160473,0.964601816194701,0.840566613307398,0.888950267324428,0.770739460865979,0.709401335353802,0.0720202163752568,0.0511615482342005,0.08262422813617,0.115909524670141,-0.0122963481772972,0.184152665592105
"sig_4",0.904244389897052,0.68039502129452,0.607732218158463,1.00000000000003,0.546532582907703,0.832973087679535,0.763511958839066,0.573884814525819,0.522095607611202,0.621480682094353,0.960654802432298,0.67711758484227,0.541592096268976,0.985689057593931,0.527728350085093,0.584369560576313,0.917941765616513,0.69099705284336,0.595478767752873,0.485911849103285,0.566584251583353,0.898964831563575,0.7038661289566,0.71339384175903,0.549485705038523,0.649698125485741,0.594216358597296,0.570998348021545,0.481769288551971,0.0798496473898192,0.0563549374015398,0.0578138299970655,0.0901817658977715,-0.0137072996547057,0.0966352812722815
"sig_5",0.837111561384641,0.875965316507703,0.971918271075972,0.546532582907703,0.999999999999966,0.873474067021039,0.890243506042861,0.826826797732182,0.925806914018706,0.933955804930397,0.306930679454759,0.9438862615113,0.959794589436831,0.63438336878627,0.984274965805335,0.973119020583778,0.767792485580578,0.892720520606258,0.976478963584302,0.94963733646878,0.994341792032667,0.804670188063639,0.892704620739986,0.894271843703423,0.997313713137797,0.856571064242545,0.936482974104228,0.817330085180844,0.751178071814816,0.0865931180130507,0.060468070310622,0.093410929074283,0.126440606723253,-0.014884873113239,0.231579311645343
"sig_6",0.981492234894958,0.940367216063968,0.887120438873427,0.832973087679535,0.873474067021039,1,0.98842067667249,0.888547214660539,0.785177327414962,0.860056765250288,0.651657144689008,0.925056491659833,0.840848984507932,0.905724581911042,0.839698316003565,0.863941856790119,0.977499533333099,0.96821452471543,0.897088365901834,0.773737768946963,0.89318492682104,0.978797772181698,0.975722872980432,0.978880026466318,0.879448145288472,0.948025028825118,0.921291557096989,0.897874411974886,0.817134034757191,0.0984213950154219,0.0707677768984009,0.0996585750571757,0.139862965571533,-0.0171337313494006,0.212744631722054
"sig_7",0.950896999545379,0.973708049405797,0.877318225774271,0.763511958839066,0.890243506042861,0.98842067667249,0.999999999999974,0.942386244246008,0.76655021700435,0.836148514915915,0.567805072120677,0.908069011757119,0.834007241717277,0.850454487316415,0.840255016450751,0.853950047917127,0.945187161332484,0.976244335683015,0.895399518199415,0.767968070162194,0.904319813620156,0.947996083401811,0.986850619064762,0.991987389687469,0.901082804413932,0.976085742695544,0.958712690186297,0.947696022528911,0.87585487058599,0.105118089953516,0.0783544899179821,0.114156100763669,0.152322710734116,-0.0189702920579021,0.253795854322894
"sig_8",0.816475890033258,0.974758715530829,0.772920484044114,0.573884814525819,0.826826797732182,0.888547214660539,0.942386244246008,0.999999999999991,0.646735848582284,0.708306241509128,0.369658217199921,0.79602968921891,0.73441143768886,0.681420612239378,0.750626891177093,0.744933734519675,0.812546803781427,0.911994416068666,0.804860573016623,0.662873285700556,0.832288688147051,0.810317764255589,0.934268738467191,0.935807379264203,0.844518508508759,0.95701464154825,0.942726850083453,0.981821356475275,0.970978845807305,0.113379566264361,0.0939352618487283,0.150612315695067,0.175721050481443,-0.023647336634662,0.331320159255288
"sig_9",0.768154069649788,0.709493113552494,0.976916765946755,0.522095607611202,0.925806914018706,0.785177327414962,0.76655021700435,0.646735848582284,0.999999999999979,0.987455754588835,0.29889911878519,0.948816133051974,0.990296999718096,0.593006614142681,0.967271851733222,0.980186455778407,0.704558916846943,0.817985937100571,0.966337119206161,0.974466770297774,0.937523669813758,0.768212978998229,0.792304639468996,0.780342002434707,0.912569784188422,0.72429371797832,0.787520735121912,0.63874257730557,0.590221500088025,0.052202669681868,0.0373719730005562,0.0638750080952936,0.0901318890988683,-0.00894005644581288,0.143458051384709
"sig_10",0.844380926897287,0.772930371472573,0.990165525240747,0.621480682094353,0.933955804930397,0.860056765250288,0.836148514915915,0.708306241509128,0.987455754588835,0.999999999999991,0.402802001806969,0.984173918062239,0.988910410816035,0.693219384413588,0.964601067380983,0.987218507200784,0.797063592526653,0.877188145537824,0.982547804962423,0.956208254093129,0.952044977575158,0.845437817339001,0.856860070058328,0.84786079925398,0.924645867968711,0.791816509376706,0.833706465602483,0.706811490849009,0.647315617503913,0.0613283684754518,0.0434717150724941,0.0729423844563891,0.103533371227799,-0.0105080761922689,0.153460704577544
"sig_11",0.753085591063276,0.482025094404997,0.376281006828874,0.960654802432298,0.306930679454759,0.651657144689008,0.567805072120677,0.369658217199921,0.29889911878519,0.402802001806969,1.00000000000002,0.456721322712428,0.305810765982445,0.907785962590394,0.290422540088911,0.351944856416911,0.781209316825688,0.472858492214289,0.35782647801591,0.253492832777277,0.324808863835748,0.74985075410933,0.490609821420146,0.503138876225987,0.311114110754549,0.437625448360506,0.368687333422482,0.36197709401263,0.282907441976495,0.0636243484405376,0.0453113360762909,0.0364381574398962,0.0614152631335808,-0.0109073247940079,0.036958387885409
"sig_12",0.897897055368174,0.849576684501947,0.987521381681809,0.67711758484227,0.9438862615113,0.925056491659833,0.908069011757119,0.79602968921891,0.948816133051974,0.984173918062239,0.456721322712428,0.99999999999997,0.971804652723288,0.758037658066288,0.954658328761787,0.976091250331067,0.868066764859111,0.937220098794562,0.987733857907354,0.918561348803157,0.965332225042453,0.898540168483854,0.926531519445137,0.920730314956832,0.940632370206098,0.87460308114415,0.8982408914917,0.803007756092139,0.736859537403186,0.0724762199838561,0.0516950750067631,0.0871954906317316,0.122745261490845,-0.0124572044739372,0.177356434242546
"sig_13",0.807407964488032,0.783653746428988,0.993627447838369,0.541592096268976,0.959794589436831,0.840848984507932,0.834007241717277,0.73441143768886,0.990296999718096,0.988910410816035,0.305810765982445,0.971804652723288,1.00000000000004,0.627062142431438,0.985416141733959,0.991416308339773,0.754201939923569,0.880692808372967,0.99074388267284,0.97026749880469,0.973044813842922,0.809047811608117,0.861288210762202,0.850978079084399,0.951085142872165,0.807110671760196,0.857089830284182,0.733682911031392,0.681989239608846,0.0617809879184614,0.0442149540892225,0.0753479547362727,0.105375164365546,-0.0105914195417765,0.171251541658224
"sig_14",0.947308451569532,0.767803001206696,0.689143652676747,0.985689057593931,0.63438336878627,0.905724581911042,0.850454487316415,0.681420612239378,0.593006614142681,0.693219384413588,0.907785962590394,0.758037658066288,0.627062142431438,0.999999999999994,0.611447741156118,0.662863140385165,0.969769391034074,0.796962510991264,0.685461738861004,0.557217783051373,0.660681445647078,0.954461965581696,0.807063823334558,0.814045903897171,0.639978627407283,0.763528636259131,0.69567253056001,0.689411005995026,0.600096761922142,0.0839670334008628,0.059744695535792,0.0686339654040558,0.104517370203535,-0.0144094833399815,0.125294747676742
"sig_15",0.807968207952438,0.80486315301459,0.986691880599282,0.527728350085093,0.984274965805335,0.839698316003565,0.840255016450751,0.750626891177093,0.967271851733222,0.964601067380983,0.290422540088911,0.954658328761787,0.985416141733959,0.611447741156118,1.00000000000003,0.989800215489262,0.741043810481226,0.865790500350057,0.983758845954699,0.970215675745199,0.988105955176368,0.78730315094686,0.85789161814592,0.852660570847859,0.976485358367989,0.807186803958751,0.880879655254599,0.746667411069378,0.687357742003648,0.0675151163466887,0.048238405653559,0.078671387584232,0.111276043295452,-0.0116177243917368,0.187092769556249
"sig_16",0.84120780678209,0.807553758777611,0.995919160173453,0.584369560576313,0.973119020583778,0.863941856790119,0.853950047917127,0.744933734519675,0.980186455778407,0.987218507200784,0.351944856416911,0.976091250331067,0.991416308339773,0.662863140385165,0.989800215489262,0.999999999999983,0.779338137254223,0.88271544660844,0.991916807686807,0.979973027133455,0.981550371266688,0.825656783286538,0.869203650770906,0.863947370833476,0.964261463848986,0.811459426907885,0.872903865346145,0.741561438980216,0.674484370034288,0.067580500655463,0.0482388454661915,0.075420439398042,0.107395852390323,-0.0115736809423023,0.179723879459566
"sig_17",0.97914935451788,0.872967150320228,0.807672625850208,0.917941765616513,0.767792485580578,0.977499533333099,0.945187161332484,0.812546803781427,0.704558916846943,0.797063592526653,0.781209316825688,0.868066764859111,0.754201939923569,0.969769391034074,0.741043810481226,0.779338137254223,1.00000000000004,0.917139852382545,0.813605464581754,0.671250999068337,0.79677973677944,0.991687626883828,0.924878620759749,0.928657096056353,0.775697961779256,0.892629540065432,0.834007390025569,0.829199359491777,0.744332275802722,0.0892776128016332,0.0639485078410279,0.0866689282356035,0.126434979644214,-0.0153604230411773,0.168464640592006
"sig_18",0.907812598447486,0.926842744040559,0.907362043905734,0.69099705284336,0.892720520606258,0.96821452471543,0.976244335683015,0.911994416068666,0.817985937100571,0.877188145537824,0.472858492214289,0.937220098794562,0.880692808372967,0.796962510991264,0.865790500350057,0.88271544660844,0.917139852382545,0.999999999999968,0.927463290655524,0.800513876387359,0.921068707897196,0.932740736834931,0.995403657402705,0.991696145495329,0.900265392747726,0.98269832530945,0.942403202148606,0.938080352039042,0.869669813743031,0.0856540586143294,0.0614521799060445,0.0953994509359946,0.134431808522239,-0.0147543157361214,0.213338457631075
"sig_19",0.859480092894963,0.851068506699306,0.997357554788488,0.595478767752873,0.976478963584302,0.897088365901834,0.895399518199415,0.804860573016623,0.966337119206161,0.982547804962423,0.35782647801591,0.987733857907354,0.99074388267284,0.685461738861004,0.983758845954699,0.991916807686807,0.813605464581754,0.927463290655524,1.00000000000001,0.955293367614419,0.989687047314692,0.855266944907971,0.915510971998894,0.909590744520632,0.972346488629586,0.869572430757376,0.912246274557961,0.807330329734546,0.74550233427702,0.0729951937024721,0.0522185609216454,0.086069104926355,0.120644352844829,-0.0125405149277246,0.194370266857352
"sig_20",0.75810984603748,0.731123685908658,0.962622810981413,0.485911849103285,0.94963733646878,0.773737768946963,0.767968070162194,0.662873285700556,0.974466770297774,0.956208254093129,0.253492832777277,0.918561348803157,0.97026749880469,0.557217783051373,0.970215675745199,0.979973027133455,0.671250999068337,0.800513876387359,0.955293367614419,0.999999999999956,0.946343129237516,0.733678395704733,0.78063801908337,0.774234675766352,0.934376612006191,0.717350785670601,0.806222345235007,0.648968369595127,0.585064719879163,0.0599188902195723,0.0423181388487235,0.0600349671712261,0.0843666530989687,-0.0102748346817859,0.173632835058308
"sig_21",0.849719551902945,0.874850689012868,0.983876893286622,0.566584251583353,0.994341792032667,0.89318492682104,0.904319813620156,0.832288688147051,0.937523669813758,0.952044977575158,0.324808863835748,0.965332225042453,0.973044813842922,0.660681445647078,0.988105955176368,0.981550371266688,0.79677973677944,0.921068707897196,0.989687047314692,0.946343129237516,1.00000000000005,0.832959895625663,0.917358018464707,0.916223747079395,0.992827504533998,0.881418565945013,0.937523967812638,0.833545731834265,0.767557626784246,0.07870791402732,0.0565186109869226,0.0905095702692661,0.125823300910284,-0.0135853426736126,0.215033706707437
"sig_22",0.978639346220102,0.870723075330882,0.850684707767216,0.898964831563575,0.804670188063639,0.978797772181698,0.947996083401811,0.810317764255589,0.768212978998229,0.845437817339001,0.74985075410933,0.898540168483854,0.809047811608117,0.954461965581696,0.78730315094686,0.825656783286538,0.991687626883828,0.932740736834931,0.855266944907971,0.733678395704733,0.832959895625663,1.00000000000005,0.932204925570281,0.93286040507622,0.810391386726725,0.895649193304469,0.843675455874362,0.824279232541833,0.743434536910472,0.0850469220047083,0.061537515764234,0.0825627707590357,0.12022727449809,-0.0147301798902748,0.167388762567118
"sig_23",0.917470249281582,0.947277193747564,0.894859591930333,0.7038661289566,0.892704620739986,0.975722872980432,0.986850619064762,0.934268738467191,0.792304639468996,0.856860070058328,0.490609821420146,0.926531519445137,0.861288210762202,0.807063823334558,0.85789161814592,0.869203650770906,0.924878620759749,0.995403657402705,0.915510971998894,0.78063801908337,0.917358018464707,0.932204925570281,1.00000000000005,0.997314372574283,0.901629504097625,0.990218994943725,0.954655431666229,0.955646916462354,0.892154379178024,0.0918024374476951,0.0667645768106414,0.104540182344773,0.144509081958489,-0.0160811536036366,0.228567212764813
"sig_24",0.923573770683608,0.954506642405473,0.888281317160473,0.71339384175903,0.894271843703423,0.978880026466318,0.991987389687469,0.935807379264203,0.780342002434707,0.84786079925398,0.503138876225987,0.920730314956832,0.850978079084399,0.814045903897171,0.852660570847859,0.863947370833476,0.928657096056353,0.991696145495329,0.909590744520632,0.774234675766352,0.916223747079395,0.93286040507622,0.997314372574283,1.00000000000004,0.905590483327418,0.989481222210875,0.963069383212736,0.957354699961868,0.882378331664466,0.0940567828110834,0.0680186895948233,0.104632648250761,0.146304207012215,-0.0163611724850967,0.230584736820006
"sig_25",0.83842306688185,0.886831261215801,0.964601816194701,0.549485705038523,0.997313713137797,0.879448145288472,0.901082804413932,0.844518508508759,0.912569784188422,0.924645867968711,0.311114110754549,0.940632370206098,0.951085142872165,0.639978627407283,0.976485358367989,0.964261463848986,0.775697961779256,0.900265392747726,0.972346488629586,0.934376612006191,0.992827504533998,0.810391386726725,0.901629504097625,0.905590483327418,0.999999999999956,0.871440238081399,0.951341088336959,0.838024861972211,0.769386738726933,0.0861003068718581,0.0613406332432333,0.0972197406993706,0.13182996126893,-0.0149392836850623,0.234708448846515
"sig_26",0.872570802722468,0.947968891704755,0.840566613307398,0.649698125485741,0.856571064242545,0.948025028825118,0.976085742695544,0.95701464154825,0.72429371797832,0.791816509376706,0.437625448360506,0.87460308114415,0.807110671760196,0.763528636259131,0.807186803958751,0.811459426907885,0.892629540065432,0.98269832530945,0.869572430757376,0.717350785670601,0.881418565945013,0.895649193304469,0.990218994943725,0.989481222210875,0.871440238081399,0.999999999999978,0.951722182898227,0.982989863705762,0.925704531694502,0.0934405253145816,0.0693722377618412,0.110796215818617,0.149329323572072,-0.0167040516955564,0.247533445687752
"sig_27",0.860819896078525,0.955298679344377,0.888950267324428,0.594216358597296,0.936482974104228,0.921291557096989,0.958712690186297,0.942726850083453,0.787520735121912,0.833706465602483,0.368687333422482,0.8982408914917,0.857089830284182,0.69567253056001,0.880879655254599,0.872903865346145,0.834007390025569,0.942403202148606,0.912246274557961,0.806222345235007,0.937523967812638,0.843675455874362,0.954655431666229,0.963069383212736,0.951341088336959,0.951722182898227,0.999999999999982,0.948547409447782,0.877630484521098,0.0998566475674288,0.0734077851494997,0.115987010029337,0.158252059848059,-0.0175889885377963,0.268514267389077
"sig_28",0.810737762050927,0.949271887507483,0.770739460865979,0.570998348021545,0.817330085180844,0.897874411974886,0.947696022528911,0.981821356475275,0.63874257730557,0.706811490849009,0.36197709401263,0.803007756092139,0.733682911031392,0.689411005995026,0.746667411069378,0.741561438980216,0.829199359491777,0.938080352039042,0.807330329734546,0.648968369595127,0.833545731834265,0.824279232541833,0.955646916462354,0.957354699961868,0.838024861972211,0.982989863705762,0.948547409447782,1.00000000000003,0.956794328222789,0.099464201319508,0.0766807453603914,0.125174189864887,0.16206976716527,-0.0184686241798103,0.28548085812512
"sig_29",0.723957366528146,0.904840959683602,0.709401335353802,0.481769288551971,0.751178071814816,0.817134034757191,0.87585487058599,0.970978845807305,0.590221500088025,0.647315617503913,0.282907441976495,0.736859537403186,0.681989239608846,0.600096761922142,0.687357742003648,0.674484370034288,0.744332275802722,0.869669813743031,0.74550233427702,0.585064719879163,0.767557626784246,0.743434536910472,0.892154379178024,0.882378331664466,0.769386738726933,0.925704531694502,0.877630484521098,0.956794328222789,1.00000000000004,0.0928994704054242,0.084580197776167,0.148367424261998,0.167076199287232,-0.0202250261764907,0.305093568747915
"EC1",0.10313477071426,0.129631705658086,0.0720202163752568,0.0798496473898192,0.0865931180130507,0.0984213950154219,0.105118089953516,0.113379566264361,0.052202669681868,0.0613283684754518,0.0636243484405376,0.0724762199838561,0.0617809879184614,0.0839670334008628,0.0675151163466887,0.067580500655463,0.0892776128016332,0.0856540586143294,0.0729951937024721,0.0599188902195723,0.07870791402732,0.0850469220047083,0.0918024374476951,0.0940567828110834,0.0861003068718581,0.0934405253145816,0.0998566475674288,0.099464201319508,0.0928994704054242,0.999999999999993,-0.249283079075073,-0.158736807424313,0.146477815738904,-0.0498092812280282,0.00736705669720131
"EC2",0.0734079844053495,0.101131037820929,0.0511615482342005,0.0563549374015398,0.060468070310622,0.0707677768984009,0.0783544899179821,0.0939352618487283,0.0373719730005562,0.0434717150724941,0.0453113360762909,0.0516950750067631,0.0442149540892225,0.059744695535792,0.048238405653559,0.0482388454661915,0.0639485078410279,0.0614521799060445,0.0522185609216454,0.0423181388487235,0.0565186109869226,0.061537515764234,0.0667645768106414,0.0680186895948233,0.0613406332432333,0.0693722377618412,0.0734077851494997,0.0766807453603914,0.084580197776167,-0.249283079075073,1.00000000000001,-0.045409330840822,-0.0702839402005328,0.0189164601850838,-0.0257213366154682
"EC3",0.0940437195385291,0.14826829533928,0.08262422813617,0.0578138299970655,0.093410929074283,0.0996585750571757,0.114156100763669,0.150612315695067,0.0638750080952936,0.0729423844563891,0.0364381574398962,0.0871954906317316,0.0753479547362727,0.0686339654040558,0.078671387584232,0.075420439398042,0.0866689282356035,0.0953994509359946,0.086069104926355,0.0600349671712261,0.0905095702692661,0.0825627707590357,0.104540182344773,0.104632648250761,0.0972197406993706,0.110796215818617,0.115987010029337,0.125174189864887,0.148367424261998,-0.158736807424313,-0.045409330840822,1.00000000000003,-0.0289270315621415,0.0461793996096369,0.0852447080964305
"EC4",0.131213246884053,0.17585076751356,0.115909524670141,0.0901817658977715,0.126440606723253,0.139862965571533,0.152322710734116,0.175721050481443,0.0901318890988683,0.103533371227799,0.0614152631335808,0.122745261490845,0.105375164365546,0.104517370203535,0.111276043295452,0.107395852390323,0.126434979644214,0.134431808522239,0.120644352844829,0.0843666530989687,0.125823300910284,0.12022727449809,0.144509081958489,0.146304207012215,0.13182996126893,0.149329323572072,0.158252059848059,0.16206976716527,0.167076199287232,0.146477815738904,-0.0702839402005328,-0.0289270315621415,0.99999999999997,-0.000361580036916133,0.158346266664458
"EC5",-0.0175872356186598,-0.0241369123990017,-0.0122963481772972,-0.0137072996547057,-0.014884873113239,-0.0171337313494006,-0.0189702920579021,-0.023647336634662,-0.00894005644581288,-0.0105080761922689,-0.0109073247940079,-0.0124572044739372,-0.0105914195417765,-0.0144094833399815,-0.0116177243917368,-0.0115736809423023,-0.0153604230411773,-0.0147543157361214,-0.0125405149277246,-0.0102748346817859,-0.0135853426736126,-0.0147301798902748,-0.0160811536036366,-0.0163611724850967,-0.0149392836850623,-0.0167040516955564,-0.0175889885377963,-0.0184686241798103,-0.0202250261764907,-0.0498092812280282,0.0189164601850838,0.0461793996096369,-0.000361580036916133,1.00000000000003,-0.0553168630057915
"EC6",0.197094509432265,0.331791531377579,0.184152665592105,0.0966352812722815,0.231579311645343,0.212744631722054,0.253795854322894,0.331320159255288,0.143458051384709,0.153460704577544,0.036958387885409,0.177356434242546,0.171251541658224,0.125294747676742,0.187092769556249,0.179723879459566,0.168464640592006,0.213338457631075,0.194370266857352,0.173632835058308,0.215033706707437,0.167388762567118,0.228567212764813,0.230584736820006,0.234708448846515,0.247533445687752,0.268514267389077,0.28548085812512,0.305093568747915,0.00736705669720131,-0.0257213366154682,0.0852447080964305,0.158346266664458,-0.0553168630057915,1
