1.000000 0.964905 0.970681 0.976172 0.964321 0.981767 0.958419 0.858908 0.919192 0.928316 0.932434 0.937130 0.939128 0.940874 0.912580 0.921037 0.942745 0.930872 0.943969 0.875965 0.931432 0.913912 0.896783 0.943984 0.915932 0.871880 0.930464 0.791439 0.671593 
0.964905 1.000000 0.894294 0.912762 0.909809 0.954520 0.978665 0.939552 0.817561 0.833179 0.855029 0.867813 0.860715 0.885806 0.819559 0.833371 0.912031 0.897290 0.895546 0.796610 0.866563 0.924168 0.907098 0.932434 0.873871 0.914389 0.932678 0.871076 0.779446 
0.970681 0.894294 1.000000 0.981880 0.981698 0.971010 0.917113 0.789744 0.985185 0.986903 0.954400 0.981674 0.990207 0.958150 0.973721 0.980711 0.949742 0.941501 0.975342 0.934995 0.977931 0.889838 0.886301 0.941490 0.949872 0.837809 0.920800 0.739124 0.606921 
0.976172 0.912762 0.981880 1.000000 0.955131 0.984759 0.937865 0.824807 0.949715 0.970450 0.987135 0.973225 0.970377 0.986466 0.927644 0.950352 0.973434 0.967332 0.967138 0.898678 0.950091 0.932031 0.913997 0.956100 0.922703 0.870794 0.923250 0.771147 0.645355 
0.964321 0.909809 0.981698 0.955131 1.000000 0.964527 0.930140 0.813970 0.956792 0.955356 0.911389 0.964786 0.967699 0.930243 0.970409 0.977900 0.938417 0.924151 0.969613 0.963043 0.986836 0.888297 0.886571 0.946218 0.979672 0.851810 0.950866 0.766698 0.637672 
0.981767 0.954520 0.971010 0.984759 0.964527 1.000000 0.980602 0.898671 0.924292 0.945142 0.955470 0.970038 0.961263 0.978017 0.913087 0.937089 0.987361 0.978040 0.980328 0.893639 0.956265 0.966043 0.958925 0.987017 0.947408 0.932478 0.964944 0.854383 0.740903 
0.958419 0.978665 0.917113 0.937865 0.930140 0.980602 1.000000 0.960610 0.850037 0.874639 0.893781 0.919310 0.901456 0.932635 0.845509 0.874661 0.964698 0.945443 0.946899 0.841071 0.910770 0.977093 0.967141 0.982106 0.923744 0.970088 0.976294 0.924782 0.831533 
0.858908 0.939552 0.789744 0.824807 0.813970 0.898671 0.960610 1.000000 0.704502 0.736320 0.775912 0.805413 0.777693 0.833777 0.704303 0.737145 0.888065 0.864328 0.851222 0.703375 0.794395 0.941758 0.942341 0.918880 0.826395 0.975186 0.915330 0.978987 0.939989 
0.919192 0.817561 0.985185 0.949715 0.956792 0.924292 0.850037 0.704502 1.000000 0.992278 0.932748 0.970627 0.988123 0.929320 0.985193 0.985913 0.910298 0.906760 0.952928 0.938833 0.969712 0.829540 0.830355 0.894869 0.929260 0.767792 0.870106 0.658868 0.521311 
0.928316 0.833179 0.986903 0.970450 0.955356 0.945142 0.874639 0.736320 0.992278 1.000000 0.964150 0.987817 0.994007 0.961833 0.968659 0.985871 0.943507 0.938837 0.970707 0.938399 0.973597 0.871499 0.868545 0.923414 0.936989 0.806612 0.892341 0.694986 0.557978 
0.932434 0.855029 0.954400 0.987135 0.911389 0.955470 0.893781 0.775912 0.932748 0.964150 1.000000 0.961281 0.955428 0.989389 0.897449 0.930581 0.962318 0.963561 0.945412 0.872026 0.922631 0.915070 0.893711 0.929596 0.885493 0.838460 0.881525 0.726185 0.601079 
0.937130 0.867813 0.981674 0.973225 0.964786 0.970038 0.919310 0.805413 0.970627 0.987817 0.961281 1.000000 0.992793 0.977700 0.952953 0.980619 0.976888 0.968448 0.994746 0.940500 0.985504 0.922067 0.927910 0.965887 0.965898 0.876008 0.937434 0.777133 0.648531 
0.939128 0.860715 0.990207 0.970377 0.967699 0.961263 0.901456 0.777693 0.988123 0.994007 0.955428 0.992793 1.000000 0.966179 0.972275 0.985724 0.957013 0.956044 0.984515 0.938637 0.984876 0.892935 0.899086 0.944651 0.954564 0.841998 0.915866 0.737986 0.607370 
0.940874 0.885806 0.958150 0.986466 0.930243 0.978017 0.932635 0.833777 0.929320 0.961833 0.989389 0.977700 0.966179 1.000000 0.902029 0.938717 0.989713 0.991166 0.973023 0.888042 0.945682 0.954147 0.943511 0.968028 0.921878 0.896336 0.924737 0.794953 0.675019 
0.912580 0.819559 0.973721 0.927644 0.970409 0.913087 0.845509 0.704303 0.985193 0.968659 0.897449 0.952953 0.972275 0.902029 1.000000 0.987497 0.889628 0.886556 0.940669 0.958140 0.976877 0.807756 0.814667 0.884497 0.943047 0.756727 0.873076 0.655723 0.521737 
0.921037 0.833371 0.980711 0.950352 0.977900 0.937089 0.874661 0.737145 0.985913 0.985871 0.930581 0.980619 0.985724 0.938717 0.987497 1.000000 0.930716 0.922372 0.969335 0.979623 0.992354 0.858157 0.858244 0.922437 0.968515 0.802614 0.911351 0.698231 0.560400 
0.942745 0.912031 0.949742 0.973434 0.938417 0.987361 0.964698 0.888065 0.910298 0.943507 0.962318 0.976888 0.957013 0.989713 0.889628 0.930716 1.000000 0.991485 0.984641 0.889708 0.951285 0.980694 0.976741 0.992863 0.945396 0.945231 0.961366 0.863677 0.751995 
0.930872 0.897290 0.941501 0.967332 0.924151 0.978040 0.945443 0.864328 0.906760 0.938837 0.963561 0.968448 0.956044 0.991166 0.886556 0.922372 0.991485 1.000000 0.973046 0.875003 0.941956 0.965732 0.964283 0.977770 0.926631 0.922644 0.936350 0.829011 0.715991 
0.943969 0.895546 0.975342 0.967138 0.969613 0.980328 0.946899 0.851222 0.952928 0.970707 0.945412 0.994746 0.984515 0.973023 0.940669 0.969335 0.984641 0.973046 1.000000 0.933675 0.985210 0.944063 0.953261 0.983676 0.977105 0.913364 0.963325 0.828136 0.707111 
0.875965 0.796610 0.934995 0.898678 0.963043 0.893639 0.841071 0.703375 0.938833 0.938399 0.872026 0.940500 0.938637 0.888042 0.958140 0.979623 0.889708 0.875003 0.933675 1.000000 0.974126 0.821479 0.814977 0.890526 0.969273 0.767725 0.905830 0.668266 0.529676 
0.931432 0.866563 0.977931 0.950091 0.986836 0.956265 0.910770 0.794395 0.969712 0.973597 0.922631 0.985504 0.984876 0.945682 0.976877 0.992354 0.951285 0.941956 0.985210 0.974126 1.000000 0.892755 0.901471 0.952071 0.988286 0.854895 0.944406 0.762524 0.633571 
0.913912 0.924168 0.889838 0.932031 0.888297 0.966043 0.977093 0.941758 0.829540 0.871499 0.915070 0.922067 0.892935 0.954147 0.807756 0.858157 0.980694 0.965732 0.944063 0.821479 0.892755 1.000000 0.985105 0.983479 0.903482 0.980838 0.958207 0.926541 0.837844 
0.896783 0.907098 0.886301 0.913997 0.886571 0.958925 0.967141 0.942341 0.830355 0.868545 0.893711 0.927910 0.899086 0.943511 0.814667 0.858244 0.976741 0.964283 0.953261 0.814977 0.901471 0.985105 1.000000 0.983628 0.913634 0.986836 0.953320 0.938153 0.859429 
0.943984 0.932434 0.941490 0.956100 0.946218 0.987017 0.982106 0.918880 0.894869 0.923414 0.929596 0.965887 0.944651 0.968028 0.884497 0.922437 0.992863 0.977770 0.983676 0.890526 0.952071 0.983479 0.983628 1.000000 0.958660 0.965592 0.983373 0.899782 0.791528 
0.915932 0.873871 0.949872 0.922703 0.979672 0.947408 0.923744 0.826395 0.929260 0.936989 0.885493 0.965898 0.954564 0.921878 0.943047 0.968515 0.945396 0.926631 0.977105 0.969273 0.988286 0.903482 0.913634 0.958660 1.000000 0.882415 0.968929 0.807044 0.686350 
0.871880 0.914389 0.837809 0.870794 0.851810 0.932478 0.970088 0.975186 0.767792 0.806612 0.838460 0.876008 0.841998 0.896336 0.756727 0.802614 0.945231 0.922644 0.913364 0.767725 0.854895 0.980838 0.986836 0.965592 0.882415 1.000000 0.949586 0.978349 0.914789 
0.930464 0.932678 0.920800 0.923250 0.950866 0.964944 0.976294 0.915330 0.870106 0.892341 0.881525 0.937434 0.915866 0.924737 0.873076 0.911351 0.961366 0.936350 0.963325 0.905830 0.944406 0.958207 0.953320 0.983373 0.968929 0.949586 1.000000 0.896086 0.785714 
0.791439 0.871076 0.739124 0.771147 0.766698 0.854383 0.924782 0.978987 0.658868 0.694986 0.726185 0.777133 0.737986 0.794953 0.655723 0.698231 0.863677 0.829011 0.828136 0.668266 0.762524 0.926541 0.938153 0.899782 0.807044 0.978349 0.896086 1.000000 0.971469 
0.671593 0.779446 0.606921 0.645355 0.637672 0.740903 0.831533 0.939989 0.521311 0.557978 0.601079 0.648531 0.607370 0.675019 0.521737 0.560400 0.751995 0.715991 0.707111 0.529676 0.633571 0.837844 0.859429 0.791528 0.686350 0.914789 0.785714 0.971469 1.000000 
