1.000000 0.764986 0.884349 0.675668 0.290796 0.419989 0.437252 0.498917 0.150654 0.067150 0.103107 0.118868 0.098561 0.027768 0.165399 0.210439 0.232235 0.318653 0.305087 0.000305 0.000000 0.000001 0.005867 0.006668 0.059089 0.054997 0.070632 0.031985 0.032321
0.764986 1.000000 0.914132 0.899012 0.763391 0.842195 0.771463 0.773604 0.474991 0.401975 0.426087 0.406193 0.497383 0.282888 0.513482 0.621447 0.587006 0.689791 0.677527 0.144657 0.146453 0.146135 0.201747 0.203298 0.373780 0.325450 0.352242 0.314459 0.286859
0.884349 0.914132 1.000000 0.911585 0.533881 0.710424 0.716633 0.758291 0.410842 0.272397 0.326783 0.356299 0.318443 0.183176 0.413188 0.484138 0.511534 0.625112 0.612962 0.094245 0.082576 0.078844 0.131634 0.136599 0.262782 0.253919 0.285607 0.207043 0.204886
0.675668 0.899012 0.911585 1.000000 0.674295 0.878932 0.921542 0.945757 0.670783 0.533022 0.613780 0.569059 0.536339 0.438954 0.702915 0.737786 0.784260 0.861407 0.800460 0.264987 0.265131 0.241861 0.355221 0.345335 0.476688 0.485629 0.549046 0.437154 0.448804
0.290796 0.763391 0.533881 0.674295 1.000000 0.912846 0.708263 0.649513 0.611198 0.668726 0.579799 0.542449 0.858745 0.486018 0.616906 0.819007 0.666231 0.737625 0.738502 0.330751 0.383008 0.388193 0.424459 0.424979 0.658673 0.520194 0.523968 0.607115 0.502722
0.419989 0.842195 0.710424 0.878932 0.912846 1.000000 0.906582 0.867425 0.790443 0.757245 0.738347 0.706773 0.833815 0.605447 0.785046 0.920594 0.857946 0.926636 0.903406 0.446211 0.471588 0.458685 0.544815 0.544881 0.729417 0.661938 0.691284 0.683673 0.630655
0.437252 0.771463 0.716633 0.921542 0.708263 0.906582 1.000000 0.938735 0.779946 0.736180 0.817599 0.637395 0.672660 0.676635 0.861950 0.863157 0.920965 0.932163 0.833007 0.393208 0.414611 0.358075 0.535175 0.495171 0.587749 0.602114 0.700895 0.592695 0.602700
0.498917 0.773604 0.758291 0.945757 0.649513 0.867425 0.938735 1.000000 0.814256 0.672951 0.777909 0.671710 0.615244 0.605217 0.856340 0.835750 0.905184 0.932765 0.814476 0.376358 0.416805 0.375562 0.526183 0.495428 0.582234 0.630703 0.721483 0.581372 0.622814
0.150654 0.474991 0.410842 0.670783 0.611198 0.790443 0.779946 0.814256 1.000000 0.867412 0.890464 0.906630 0.779600 0.784931 0.890554 0.919499 0.936859 0.932959 0.852638 0.742086 0.812998 0.767473 0.881358 0.875985 0.877070 0.939162 0.978170 0.899632 0.936350
0.067150 0.401975 0.272397 0.533022 0.668726 0.757245 0.736180 0.672951 0.867412 1.000000 0.944254 0.703121 0.902923 0.946972 0.868166 0.937337 0.892087 0.824991 0.705039 0.621473 0.800940 0.720538 0.880349 0.803325 0.821321 0.802345 0.891261 0.925726 0.880063
0.103107 0.426087 0.326783 0.613780 0.579799 0.738347 0.817599 0.777909 0.890464 0.944254 1.000000 0.700235 0.768223 0.956160 0.963432 0.910262 0.957482 0.870879 0.710265 0.586934 0.726494 0.632559 0.846894 0.760345 0.729786 0.785931 0.908997 0.832791 0.863687
0.118868 0.406193 0.356299 0.569059 0.542449 0.706773 0.637395 0.671710 0.906630 0.703121 0.700235 1.000000 0.679600 0.578803 0.716951 0.792338 0.784872 0.834734 0.874395 0.875742 0.726282 0.776200 0.754061 0.872779 0.916870 0.951658 0.862596 0.801529 0.819174
0.098561 0.497383 0.318443 0.536339 0.858745 0.833815 0.672660 0.615244 0.779600 0.902923 0.768223 0.679600 1.000000 0.737626 0.732032 0.925271 0.775092 0.779653 0.730575 0.548912 0.690875 0.668103 0.722924 0.697298 0.856485 0.734036 0.754573 0.881254 0.761843
0.027768 0.282888 0.183176 0.438954 0.486018 0.605447 0.676635 0.605217 0.784931 0.946972 0.956160 0.578803 0.737626 1.000000 0.853551 0.822605 0.848759 0.727478 0.566258 0.536786 0.738754 0.617431 0.855823 0.730994 0.664041 0.702870 0.844772 0.818554 0.822445
0.165399 0.513482 0.413188 0.702915 0.616906 0.785046 0.861950 0.856340 0.890554 0.868166 0.963432 0.716951 0.732032 0.853551 1.000000 0.910356 0.964742 0.909276 0.751745 0.545937 0.648376 0.582186 0.760780 0.701962 0.708205 0.772189 0.872517 0.770521 0.824782
0.210439 0.621447 0.484138 0.737786 0.819007 0.920594 0.863157 0.835750 0.919499 0.937337 0.910262 0.792338 0.925271 0.822605 0.910356 1.000000 0.947889 0.946492 0.858895 0.604983 0.708701 0.669837 0.783933 0.754424 0.857282 0.825621 0.878736 0.882544 0.844702
0.232235 0.587006 0.511534 0.784260 0.666231 0.857946 0.920965 0.905184 0.936859 0.892087 0.957482 0.784872 0.775092 0.848759 0.964742 0.947889 1.000000 0.970403 0.845096 0.592279 0.660334 0.592020 0.777895 0.731474 0.759253 0.806823 0.905769 0.801041 0.828463
0.318653 0.689791 0.625112 0.861407 0.737625 0.926636 0.932163 0.932765 0.932959 0.824991 0.870879 0.834734 0.779653 0.727478 0.909276 0.946492 0.970403 1.000000 0.931736 0.594909 0.608988 0.575639 0.705616 0.702190 0.787917 0.809774 0.862550 0.770479 0.782115
0.305087 0.677527 0.612962 0.800460 0.738502 0.903406 0.833007 0.814476 0.852638 0.705039 0.710265 0.874395 0.730575 0.566258 0.751745 0.858895 0.845096 0.931736 1.000000 0.645252 0.530925 0.540005 0.600774 0.663914 0.805250 0.781211 0.755677 0.696472 0.679373
0.000305 0.144657 0.094245 0.264987 0.330751 0.446211 0.393208 0.376358 0.742086 0.621473 0.586934 0.875742 0.548912 0.536786 0.545937 0.604983 0.592279 0.594909 0.645252 1.000000 0.760768 0.832751 0.759186 0.916674 0.851550 0.894818 0.766853 0.746847 0.760054
0.000000 0.146453 0.082576 0.265131 0.383008 0.471588 0.414611 0.416805 0.812998 0.800940 0.726494 0.726282 0.690875 0.738754 0.648376 0.708701 0.660334 0.608988 0.530925 0.760768 1.000000 0.939091 0.967998 0.942009 0.827620 0.877457 0.881041 0.939059 0.950992
0.000001 0.146135 0.078844 0.241861 0.388193 0.458685 0.358075 0.375562 0.767473 0.720538 0.632559 0.776200 0.668103 0.617431 0.582186 0.669837 0.592020 0.575639 0.540005 0.832751 0.939091 1.000000 0.873342 0.948445 0.880187 0.905725 0.813093 0.893219 0.887517
0.005867 0.201747 0.131634 0.355221 0.424459 0.544815 0.535175 0.526183 0.881358 0.880349 0.846894 0.754061 0.722924 0.855823 0.760780 0.783933 0.777895 0.705616 0.600774 0.759186 0.967998 0.873342 1.000000 0.941839 0.822172 0.892730 0.949746 0.946030 0.975116
0.006668 0.203298 0.136599 0.345335 0.424979 0.544881 0.495171 0.495428 0.875985 0.803325 0.760345 0.872779 0.697298 0.730994 0.701962 0.754424 0.731474 0.702190 0.663914 0.916674 0.942009 0.948445 0.941839 1.000000 0.909798 0.968309 0.920664 0.921032 0.941242
0.059089 0.373780 0.262782 0.476688 0.658673 0.729417 0.587749 0.582234 0.877070 0.821321 0.729786 0.916870 0.856485 0.664041 0.708205 0.857282 0.759253 0.787917 0.805250 0.851550 0.827620 0.880187 0.822172 0.909798 1.000000 0.945758 0.858285 0.924996 0.869598
0.054997 0.325450 0.253919 0.485629 0.520194 0.661938 0.602114 0.630703 0.939162 0.802345 0.785931 0.951658 0.734036 0.702870 0.772189 0.825621 0.806823 0.809774 0.781211 0.894818 0.877457 0.905725 0.892730 0.968309 0.945758 1.000000 0.940351 0.909920 0.937810
0.070632 0.352242 0.285607 0.549046 0.523968 0.691284 0.700895 0.721483 0.978170 0.891261 0.908997 0.862596 0.754573 0.844772 0.872517 0.878736 0.905769 0.862550 0.755677 0.766853 0.881041 0.813093 0.949746 0.920664 0.858285 0.940351 1.000000 0.924899 0.970117
0.031985 0.314459 0.207043 0.437154 0.607115 0.683673 0.592695 0.581372 0.899632 0.925726 0.832791 0.801529 0.881254 0.818554 0.770521 0.882544 0.801041 0.770479 0.696472 0.746847 0.939059 0.893219 0.946030 0.921032 0.924996 0.909920 0.924899 1.000000 0.959503
0.032321 0.286859 0.204886 0.448804 0.502722 0.630655 0.602700 0.622814 0.936350 0.880063 0.863687 0.819174 0.761843 0.822445 0.824782 0.844702 0.828463 0.782115 0.679373 0.760054 0.950992 0.887517 0.975116 0.941242 0.869598 0.937810 0.970117 0.959503 1.000000
