1.000000 0.477086 0.317678 0.424638 0.357159 0.335757 0.425510 0.362119 0.195386 0.232713 0.327529 0.247007 0.145280 0.170759 0.185489 0.410907 0.181014 0.143923 0.264830 0.275218 0.128431 0.392299 0.329311 0.059410 0.067391 0.099332 0.070254 0.146205 0.125131
0.477086 1.000000 0.389735 0.428255 0.479058 0.338361 0.345286 0.441142 0.224164 0.271819 0.295597 0.362786 0.224841 0.168701 0.160476 0.219865 0.162942 0.133239 0.187662 0.201831 0.130718 0.179710 0.174403 0.040813 0.063637 0.085703 0.066994 0.152326 0.135562
0.317678 0.389735 1.000000 0.533682 0.671505 0.349089 0.306829 0.344651 0.165382 0.382834 0.406114 0.285645 0.203404 0.141636 0.211811 0.534326 0.456105 0.583608 0.255003 0.203439 0.097131 0.155826 0.200097 0.022914 0.028396 0.093423 0.139085 0.159816 0.144435
0.424638 0.428255 0.533682 1.000000 0.607303 0.447377 0.472448 0.454377 0.237231 0.319530 0.496426 0.442180 0.290228 0.221405 0.232499 0.473722 0.221429 0.288957 0.320505 0.346327 0.147184 0.286738 0.284999 0.040337 0.052805 0.119949 0.081579 0.189901 0.163257
0.357159 0.479058 0.671505 0.607303 1.000000 0.508280 0.431791 0.566354 0.436435 0.503545 0.468226 0.546121 0.241239 0.256539 0.347935 0.344717 0.330984 0.290071 0.287476 0.301932 0.113253 0.177695 0.191559 0.051760 0.080400 0.142977 0.127352 0.290930 0.324218
0.335757 0.338361 0.349089 0.447377 0.508280 1.000000 0.374611 0.452572 0.389566 0.225764 0.400479 0.395636 0.190658 0.298526 0.213327 0.154798 0.218460 0.071917 0.167672 0.313499 0.102144 0.225922 0.120795 0.239271 0.257832 0.156755 0.119537 0.237497 0.219207
0.425510 0.345286 0.306829 0.472448 0.431791 0.374611 1.000000 0.450375 0.429790 0.371852 0.400218 0.401519 0.230663 0.223974 0.299697 0.302455 0.146224 0.108461 0.264310 0.287672 0.166145 0.370805 0.229198 0.068944 0.101841 0.119910 0.095378 0.186174 0.256758
0.362119 0.441142 0.344651 0.454377 0.566354 0.452572 0.450375 1.000000 0.536995 0.425066 0.337181 0.512435 0.143732 0.233466 0.333237 0.211492 0.154665 0.099393 0.235301 0.359860 0.180912 0.227115 0.170098 0.061815 0.106019 0.167526 0.122298 0.352474 0.432538
0.195386 0.224164 0.165382 0.237231 0.436435 0.389566 0.429790 0.536995 1.000000 0.343112 0.240144 0.464496 0.166863 0.366024 0.413016 0.090441 0.121541 0.040269 0.133506 0.187943 0.094177 0.172691 0.081431 0.151375 0.294138 0.178794 0.155018 0.351825 0.444933
0.232713 0.271819 0.382834 0.319530 0.503545 0.225764 0.371852 0.425066 0.343112 1.000000 0.240965 0.436624 0.212423 0.190242 0.344551 0.263287 0.222345 0.199488 0.199008 0.184816 0.092352 0.146795 0.115438 0.038140 0.061800 0.172211 0.256499 0.328893 0.336223
0.327529 0.295597 0.406114 0.496426 0.468226 0.400479 0.400218 0.337181 0.240144 0.240965 1.000000 0.536123 0.559811 0.546064 0.411113 0.210525 0.141665 0.138774 0.155744 0.200213 0.100968 0.141535 0.149070 0.036085 0.101844 0.071085 0.072469 0.132455 0.147847
0.247007 0.362786 0.285645 0.442180 0.546121 0.395636 0.401519 0.512435 0.464496 0.436624 0.536123 1.000000 0.514845 0.537532 0.517298 0.157856 0.130341 0.094702 0.155024 0.231318 0.097619 0.131939 0.114642 0.043882 0.110928 0.139308 0.120535 0.324954 0.403464
0.145280 0.224841 0.203404 0.290228 0.241239 0.190658 0.230663 0.143732 0.166863 0.212423 0.559811 0.514845 1.000000 0.357207 0.321127 0.115608 0.086950 0.090039 0.091539 0.090201 0.081637 0.081087 0.090629 0.044887 0.076694 0.059134 0.064744 0.079878 0.108263
0.170759 0.168701 0.141636 0.221405 0.256539 0.298526 0.223974 0.233466 0.366024 0.190242 0.546064 0.537532 0.357207 1.000000 0.646508 0.073642 0.077938 0.052632 0.077765 0.117912 0.069047 0.086730 0.072080 0.056267 0.211094 0.085428 0.076632 0.158758 0.200087
0.185489 0.160476 0.211811 0.232499 0.347935 0.213327 0.299697 0.333237 0.413016 0.344551 0.411113 0.517298 0.321127 0.646508 1.000000 0.124426 0.098785 0.081722 0.129138 0.188917 0.095368 0.097398 0.106764 0.044430 0.130634 0.119368 0.107618 0.254153 0.336674
0.410907 0.219865 0.534326 0.473722 0.344717 0.154798 0.302455 0.211492 0.090441 0.263287 0.210525 0.157856 0.115608 0.073642 0.124426 1.000000 0.441480 0.526487 0.358166 0.186934 0.215819 0.422952 0.445650 0.043867 0.000000 0.092887 0.101085 0.092154 0.100936
0.181014 0.162942 0.456105 0.221429 0.330984 0.218460 0.146224 0.154665 0.121541 0.222345 0.141665 0.130341 0.086950 0.077938 0.098785 0.441480 1.000000 0.417041 0.256456 0.120542 0.110368 0.228830 0.178944 0.268351 0.003945 0.146563 0.187653 0.136542 0.103760
0.143923 0.133239 0.583608 0.288957 0.290071 0.071917 0.108461 0.099393 0.040269 0.199488 0.138774 0.094702 0.090039 0.052632 0.081722 0.526487 0.417041 1.000000 0.167879 0.077628 0.077653 0.085388 0.169501 0.016049 0.012058 0.053184 0.116144 0.062938 0.062680
0.264830 0.187662 0.255003 0.320505 0.287476 0.167672 0.264310 0.235301 0.133506 0.199008 0.155744 0.155024 0.091539 0.077765 0.129138 0.358166 0.256456 0.167879 1.000000 0.406184 0.131178 0.353249 0.310406 0.089396 0.025752 0.447419 0.305695 0.311552 0.195669
0.275218 0.201831 0.203439 0.346327 0.301932 0.313499 0.287672 0.359860 0.187943 0.184816 0.200213 0.231318 0.090201 0.117912 0.188917 0.186934 0.120542 0.077628 0.406184 1.000000 0.269464 0.291199 0.211968 0.089293 0.059432 0.388369 0.161771 0.359411 0.231048
0.128431 0.130718 0.097131 0.147184 0.113253 0.102144 0.166145 0.180912 0.094177 0.092352 0.100968 0.097619 0.081637 0.069047 0.095368 0.215819 0.110368 0.077653 0.131178 0.269464 1.000000 0.245034 0.334739 0.071138 0.051908 0.096939 0.073159 0.114158 0.083579
0.392299 0.179710 0.155826 0.286738 0.177695 0.225922 0.370805 0.227115 0.172691 0.146795 0.141535 0.131939 0.081087 0.086730 0.097398 0.422952 0.228830 0.085388 0.353249 0.291199 0.245034 1.000000 0.541944 0.293982 0.024128 0.185190 0.089956 0.117071 0.105830
0.329311 0.174403 0.200097 0.284999 0.191559 0.120795 0.229198 0.170098 0.081431 0.115438 0.149070 0.114642 0.090629 0.072080 0.106764 0.445650 0.178944 0.169501 0.310406 0.211968 0.334739 0.541944 1.000000 0.102424 0.020495 0.111173 0.074723 0.097038 0.095589
0.059410 0.040813 0.022914 0.040337 0.051760 0.239271 0.068944 0.061815 0.151375 0.038140 0.036085 0.043882 0.044887 0.056267 0.044430 0.043867 0.268351 0.016049 0.089396 0.089293 0.071138 0.293982 0.102424 1.000000 0.050916 0.206843 0.083212 0.072786 0.065512
0.067391 0.063637 0.028396 0.052805 0.080400 0.257832 0.101841 0.106019 0.294138 0.061800 0.101844 0.110928 0.076694 0.211094 0.130634 0.000000 0.003945 0.012058 0.025752 0.059432 0.051908 0.024128 0.020495 0.050916 1.000000 0.044191 0.055169 0.074692 0.089862
0.099332 0.085703 0.093423 0.119949 0.142977 0.156755 0.119910 0.167526 0.178794 0.172211 0.071085 0.139308 0.059134 0.085428 0.119368 0.092887 0.146563 0.053184 0.447419 0.388369 0.096939 0.185190 0.111173 0.206843 0.044191 1.000000 0.517230 0.509667 0.332310
0.070254 0.066994 0.139085 0.081579 0.127352 0.119537 0.095378 0.122298 0.155018 0.256499 0.072469 0.120535 0.064744 0.076632 0.107618 0.101085 0.187653 0.116144 0.305695 0.161771 0.073159 0.089956 0.074723 0.083212 0.055169 0.517230 1.000000 0.606175 0.252132
0.146205 0.152326 0.159816 0.189901 0.290930 0.237497 0.186174 0.352474 0.351825 0.328893 0.132455 0.324954 0.079878 0.158758 0.254153 0.092154 0.136542 0.062938 0.311552 0.359411 0.114158 0.117071 0.097038 0.072786 0.074692 0.509667 0.606175 1.000000 0.687652
0.125131 0.135562 0.144435 0.163257 0.324218 0.219207 0.256758 0.432538 0.444933 0.336223 0.147847 0.403464 0.108263 0.200087 0.336674 0.100936 0.103760 0.062680 0.195669 0.231048 0.083579 0.105830 0.095589 0.065512 0.089862 0.332310 0.252132 0.687652 1.000000
