1.000000 -0.016346 0.243947 0.216498 0.150632 0.185358 0.091233 -0.010616 0.038813 -0.023895 -0.053685 -0.027675 -0.007250 -0.046333 0.005309 0.024861 -0.015442 -0.027165 0.002959 0.018239 0.024750 -0.030028 -0.032228 -0.004674 0.007074 -0.023879 -0.000716 -0.023292 -0.022803 
-0.016346 1.000000 -0.045032 -0.066646 -0.023548 0.205234 0.244113 0.155184 -0.048923 -0.070871 -0.057958 -0.014323 0.001296 -0.040462 -0.015284 -0.043294 0.015227 -0.002723 0.038188 -0.011792 -0.007226 -0.004691 0.038191 0.042662 0.009114 0.047919 0.025360 0.069022 0.011259 
0.243947 -0.045032 1.000000 0.174177 0.127444 0.171062 0.114059 0.022006 0.509482 0.382056 0.020569 0.236189 0.349231 0.095999 0.191529 0.307413 0.119417 0.121575 0.326214 0.025461 0.240966 0.086328 0.080696 0.172341 0.054498 0.070419 0.042459 0.033430 0.015963 
0.216498 -0.066646 0.174177 1.000000 0.086079 0.163072 0.059284 0.012591 0.120756 0.401897 0.375727 0.166251 0.122972 0.417559 0.047319 0.203761 0.283571 0.103620 0.085717 0.130081 0.058214 0.167233 0.080835 0.094755 0.075348 0.068707 0.040243 0.034916 0.022242 
0.150632 -0.023548 0.127444 0.086079 1.000000 0.096993 0.120594 0.020611 0.048181 0.028600 -0.013917 0.057580 0.035502 0.029173 0.032938 0.408258 0.082239 0.020906 0.057538 0.483015 0.345022 0.113546 0.005252 0.108528 0.474916 0.078310 0.284990 0.056957 -0.007546 
0.185358 0.205234 0.171062 0.163072 0.096993 1.000000 0.346304 0.248812 0.058485 0.094898 0.006143 0.408212 0.288681 0.302959 0.038512 0.108684 0.473431 0.291470 0.330289 0.057138 0.264846 0.170894 0.357990 0.413775 0.183458 0.352805 0.163871 0.157575 0.133299 
0.091233 0.244113 0.114059 0.059284 0.120594 0.346304 1.000000 0.321093 0.016331 0.025980 -0.027748 0.183173 0.138362 0.106232 0.029981 0.072097 0.396495 0.169180 0.389378 0.095134 0.130392 0.296558 0.186293 0.504181 0.305889 0.426545 0.405595 0.371416 0.107818 
-0.010616 0.155184 0.022006 0.012591 0.020611 0.248812 0.321093 1.000000 0.006318 0.007991 -0.014508 0.166226 0.111991 0.080803 0.003069 0.012405 0.203849 0.109787 0.168977 0.011193 0.055397 0.132854 0.513894 0.179141 0.099139 0.504757 0.143397 0.621456 0.311652 
0.038813 -0.048923 0.509482 0.120756 0.048181 0.058485 0.016331 0.006318 1.000000 0.406363 0.110643 0.234326 0.281779 0.143408 0.287592 0.261534 0.134264 0.115892 0.174571 0.009148 0.156120 0.052749 0.088765 0.111282 0.033045 0.051897 0.031493 0.043460 0.026181 
-0.023895 -0.070871 0.382056 0.401897 0.028600 0.094898 0.025980 0.007991 0.406363 1.000000 0.492928 0.436425 0.369158 0.501323 0.160244 0.312679 0.298277 0.164577 0.253019 0.037379 0.129311 0.211075 0.154575 0.155610 0.027814 0.098172 0.037219 0.062374 0.052930 
-0.053685 -0.057958 0.020569 0.375727 -0.013917 0.006143 -0.027748 -0.014508 0.110643 0.492928 1.000000 0.238565 0.083253 0.554098 0.012286 0.108906 0.239758 0.071811 0.045277 0.053505 0.012259 0.142755 0.077738 0.035567 -0.003472 0.030543 -0.003749 0.016643 0.025549 
-0.027675 -0.014323 0.236189 0.166251 0.057580 0.408212 0.183173 0.166226 0.234326 0.436425 0.238565 1.000000 0.383862 0.500634 0.086744 0.272349 0.579472 0.387735 0.435060 0.016490 0.300000 0.271305 0.460738 0.415709 0.132489 0.402647 0.103957 0.178106 0.239926 
-0.007250 0.001296 0.349231 0.122972 0.035502 0.288681 0.138362 0.111991 0.281779 0.369158 0.083253 0.383862 1.000000 0.269321 0.066663 0.212728 0.311601 0.440027 0.384795 0.004362 0.223852 0.178334 0.279871 0.316912 0.085696 0.193642 0.063129 0.127764 0.084706 
-0.046333 -0.040462 0.095999 0.417559 0.029173 0.302959 0.106232 0.080803 0.143408 0.501323 0.554098 0.500634 0.269321 1.000000 0.033144 0.202205 0.648224 0.346486 0.257703 0.078071 0.146986 0.339095 0.364025 0.298206 0.100271 0.235018 0.083800 0.155952 0.146949 
0.005309 -0.015284 0.191529 0.047319 0.032938 0.038512 0.029981 0.003069 0.287592 0.160244 0.012286 0.086744 0.066663 0.033144 1.000000 0.069604 0.050409 0.069112 0.107049 0.007473 0.217690 0.028027 0.037253 0.122862 0.051378 0.033667 0.018631 0.031256 0.016552 
0.024861 -0.043294 0.307413 0.203761 0.408258 0.108684 0.072097 0.012405 0.261534 0.312679 0.108906 0.272349 0.212728 0.202205 0.069604 1.000000 0.236979 0.130091 0.212171 0.256489 0.364100 0.142242 0.095911 0.181106 0.262761 0.095140 0.138665 0.067420 0.027156 
-0.015442 0.015227 0.119417 0.283571 0.082239 0.473431 0.396495 0.203849 0.134264 0.298277 0.239758 0.579472 0.311601 0.648224 0.050409 0.236979 1.000000 0.442139 0.391522 0.065507 0.252460 0.468361 0.430538 0.535622 0.240677 0.513954 0.276325 0.301723 0.187465 
-0.027165 -0.002723 0.121575 0.103620 0.020906 0.291470 0.169180 0.109787 0.115892 0.164577 0.071811 0.387735 0.440027 0.346486 0.069112 0.130091 0.442139 1.000000 0.298886 0.000872 0.145264 0.220213 0.245676 0.401536 0.092251 0.317626 0.074299 0.100978 0.169905 
0.002959 0.038188 0.326214 0.085717 0.057538 0.330289 0.389378 0.168977 0.174571 0.253019 0.045277 0.435060 0.384795 0.257703 0.107049 0.212171 0.391522 0.298886 1.000000 0.031267 0.237188 0.327335 0.357711 0.411422 0.128498 0.359105 0.204084 0.250066 0.176140 
0.018239 -0.011792 0.025461 0.130081 0.483015 0.057138 0.095134 0.011193 0.009148 0.037379 0.053505 0.016490 0.004362 0.078071 0.007473 0.256489 0.065507 0.000872 0.031267 1.000000 0.102365 0.203807 0.006735 0.060095 0.578265 0.058207 0.199130 0.044374 -0.001538 
0.024750 -0.007226 0.240966 0.058214 0.345022 0.264846 0.130392 0.055397 0.156120 0.129311 0.012259 0.300000 0.223852 0.146986 0.217690 0.364100 0.252460 0.145264 0.237188 0.102365 1.000000 0.127043 0.143532 0.314493 0.314012 0.176841 0.176552 0.131435 0.025722 
-0.030028 -0.004691 0.086328 0.167233 0.113546 0.170894 0.296558 0.132854 0.052749 0.211075 0.142755 0.271305 0.178334 0.339095 0.028027 0.142242 0.468361 0.220213 0.327335 0.203807 0.127043 1.000000 0.187171 0.384320 0.281331 0.396697 0.289181 0.298099 0.156607 
-0.032228 0.038191 0.080696 0.080835 0.005252 0.357990 0.186293 0.513894 0.088765 0.154575 0.077738 0.460738 0.279871 0.364025 0.037253 0.095911 0.430538 0.245676 0.357711 0.006735 0.143532 0.187171 1.000000 0.290207 0.070972 0.503248 0.087454 0.369378 0.528615 
-0.004674 0.042662 0.172341 0.094755 0.108528 0.413775 0.504181 0.179141 0.111282 0.155610 0.035567 0.415709 0.316912 0.298206 0.122862 0.181106 0.535622 0.401536 0.411422 0.060095 0.314493 0.384320 0.290207 1.000000 0.306583 0.477881 0.392321 0.285983 0.083048 
0.007074 0.009114 0.054498 0.075348 0.474916 0.183458 0.305889 0.099139 0.033045 0.027814 -0.003472 0.132489 0.085696 0.100271 0.051378 0.262761 0.240677 0.092251 0.128498 0.578265 0.314012 0.281331 0.070972 0.306583 1.000000 0.277113 0.665516 0.201295 0.014668 
-0.023879 0.047919 0.070419 0.068707 0.078310 0.352805 0.426545 0.504757 0.051897 0.098172 0.030543 0.402647 0.193642 0.235018 0.033667 0.095140 0.513954 0.317626 0.359105 0.058207 0.176841 0.396697 0.503248 0.477881 0.277113 1.000000 0.361187 0.483089 0.480462 
-0.000716 0.025360 0.042459 0.040243 0.284990 0.163871 0.405595 0.143397 0.031493 0.037219 -0.003749 0.103957 0.063129 0.083800 0.018631 0.138665 0.276325 0.074299 0.204084 0.199130 0.176552 0.289181 0.087454 0.392321 0.665516 0.361187 1.000000 0.289663 0.045065 
-0.023292 0.069022 0.033430 0.034916 0.056957 0.157575 0.371416 0.621456 0.043460 0.062374 0.016643 0.178106 0.127764 0.155952 0.031256 0.067420 0.301723 0.100978 0.250066 0.044374 0.131435 0.298099 0.369378 0.285983 0.201295 0.483089 0.289663 1.000000 0.273015 
-0.022803 0.011259 0.015963 0.022242 -0.007546 0.133299 0.107818 0.311652 0.026181 0.052930 0.025549 0.239926 0.084706 0.146949 0.016552 0.027156 0.187465 0.169905 0.176140 -0.001538 0.025722 0.156607 0.528615 0.083048 0.014668 0.480462 0.045065 0.273015 1.000000 
