1.000000 0.756699 0.851949 0.908737 0.932548 0.980199 0.974686 0.771042 0.734657 0.619061 0.739362 0.645324 0.788118 0.847592 0.837730 0.869628 0.892124 0.945139 0.771607 0.877257 0.901252 0.951816 0.922021 0.965047 0.900451 0.982321 0.920842 0.944199 0.777606 
0.756699 1.000000 0.350582 0.426249 0.690819 0.620803 0.834189 0.994624 0.167723 0.000000 0.142107 0.041038 0.243810 0.310286 0.408816 0.380627 0.394943 0.542985 0.227205 0.515143 0.477115 0.588860 0.479989 0.583269 0.575838 0.718500 0.727585 0.861489 0.983863 
0.851949 0.350582 1.000000 0.967263 0.811137 0.928670 0.719645 0.360077 0.978745 0.935131 0.957955 0.945748 0.991997 0.978413 0.917374 0.977027 0.980130 0.908613 0.990167 0.858444 0.945583 0.835839 0.979327 0.922457 0.856444 0.807521 0.739679 0.643112 0.367767 
0.908737 0.426249 0.967263 1.000000 0.835097 0.968132 0.806457 0.440287 0.914065 0.861874 0.948945 0.872665 0.942553 0.990426 0.886242 0.967050 0.997002 0.957940 0.931386 0.871885 0.939473 0.934127 0.982428 0.963367 0.862120 0.889487 0.786465 0.737603 0.449562 
0.932548 0.690819 0.811137 0.835097 1.000000 0.924599 0.912646 0.713713 0.695922 0.563193 0.667825 0.593356 0.750089 0.783132 0.899853 0.872863 0.835656 0.897917 0.739581 0.959151 0.930084 0.868109 0.882644 0.927762 0.985975 0.923444 0.989041 0.892636 0.726831 
0.980199 0.620803 0.928670 0.968132 0.924599 1.000000 0.921721 0.638680 0.839765 0.744582 0.846829 0.765650 0.884000 0.931180 0.901278 0.943781 0.960798 0.981899 0.868743 0.908369 0.954178 0.963198 0.976481 0.993276 0.922980 0.967061 0.897308 0.876135 0.649547 
0.974686 0.834189 0.719645 0.806457 0.912646 0.921721 1.000000 0.856138 0.569186 0.426689 0.574615 0.457748 0.637561 0.720061 0.743503 0.761385 0.780445 0.895728 0.615229 0.818410 0.818334 0.926379 0.819205 0.912949 0.853466 0.980218 0.930910 0.993339 0.866318 
0.771042 0.994624 0.360077 0.440287 0.713713 0.638680 0.856138 1.000000 0.174995 0.000364 0.147840 0.041830 0.253702 0.323235 0.432188 0.398381 0.409077 0.570957 0.234028 0.536871 0.497987 0.614289 0.494115 0.606289 0.599915 0.745303 0.756247 0.888153 0.997000 
0.734657 0.167723 0.978745 0.914065 0.695922 0.839765 0.569186 0.174995 1.000000 0.969714 0.960725 0.972093 0.994558 0.949812 0.873030 0.935068 0.935405 0.822777 0.990994 0.770772 0.880145 0.723523 0.926011 0.833017 0.762659 0.679037 0.605817 0.479943 0.182956 
0.619061 0.000000 0.935131 0.861874 0.563193 0.744582 0.426689 0.000364 0.969714 1.000000 0.958721 0.998298 0.956692 0.915340 0.770157 0.878942 0.886433 0.729843 0.970735 0.673210 0.797724 0.632467 0.853513 0.739449 0.645453 0.553754 0.459896 0.322308 0.003267 
0.739362 0.142107 0.957955 0.948945 0.667825 0.846829 0.574615 0.147840 0.960725 0.958721 1.000000 0.958727 0.963775 0.980704 0.826895 0.929611 0.959964 0.833722 0.961722 0.765057 0.860791 0.778255 0.923932 0.839024 0.733259 0.694857 0.583907 0.478751 0.153568 
0.645324 0.041038 0.945748 0.872665 0.593356 0.765650 0.457748 0.041830 0.972093 0.998298 0.958727 1.000000 0.962944 0.921937 0.791484 0.892616 0.897582 0.748146 0.978556 0.696767 0.818492 0.649890 0.870602 0.759595 0.672335 0.579638 0.492207 0.356083 0.044909 
0.788118 0.243810 0.991997 0.942553 0.750089 0.884000 0.637561 0.253702 0.994558 0.956692 0.963775 0.962944 1.000000 0.968622 0.896768 0.958449 0.960922 0.871292 0.994785 0.815468 0.912943 0.779337 0.955906 0.879235 0.809317 0.741452 0.670404 0.554405 0.262986 
0.847592 0.310286 0.978413 0.990426 0.783132 0.931180 0.720061 0.323235 0.949812 0.915340 0.980704 0.921937 0.968622 1.000000 0.884646 0.970468 0.995268 0.926363 0.960207 0.844338 0.927071 0.881633 0.973491 0.928711 0.829408 0.822825 0.721115 0.641224 0.333058 
0.837730 0.408816 0.917374 0.886242 0.899853 0.901278 0.743503 0.432188 0.873030 0.770157 0.826895 0.791484 0.896768 0.884646 1.000000 0.957069 0.907577 0.887579 0.890176 0.917820 0.975792 0.797073 0.936789 0.908401 0.943210 0.816778 0.844086 0.693235 0.450418 
0.869628 0.380627 0.977027 0.967050 0.872863 0.943781 0.761385 0.398381 0.935068 0.878942 0.929611 0.892616 0.958449 0.970468 0.957069 1.000000 0.980054 0.941840 0.956409 0.917665 0.986061 0.876012 0.977980 0.953029 0.920356 0.851549 0.815984 0.695852 0.411504 
0.892124 0.394943 0.980130 0.997002 0.835656 0.960798 0.780445 0.409077 0.935405 0.886433 0.959964 0.897582 0.960922 0.995268 0.907577 0.980054 1.000000 0.951539 0.952357 0.879595 0.951586 0.911677 0.988262 0.957913 0.871732 0.869447 0.781289 0.709279 0.419093 
0.945139 0.542985 0.908613 0.957940 0.897917 0.981899 0.895728 0.570957 0.822777 0.729843 0.833722 0.748146 0.871292 0.926363 0.887579 0.941840 0.951539 1.000000 0.850775 0.892768 0.946057 0.973069 0.955343 0.993439 0.907035 0.962926 0.882187 0.853847 0.589475 
0.771607 0.227205 0.990167 0.931386 0.739581 0.868743 0.615229 0.234028 0.990994 0.970735 0.961722 0.978556 0.994785 0.960207 0.890176 0.956409 0.952357 0.850775 1.000000 0.809076 0.910947 0.757272 0.945801 0.864329 0.801996 0.718026 0.654484 0.529201 0.240809 
0.877257 0.515143 0.858444 0.871885 0.959151 0.908369 0.818410 0.536871 0.770772 0.673210 0.765057 0.696767 0.815468 0.844338 0.917820 0.917665 0.879595 0.892768 0.809076 1.000000 0.943870 0.849641 0.902589 0.916564 0.979965 0.865544 0.928664 0.778595 0.550505 
0.901252 0.477115 0.945583 0.939473 0.930084 0.954178 0.818334 0.497987 0.880145 0.797724 0.860791 0.818492 0.912943 0.927071 0.975792 0.986061 0.951586 0.946057 0.910947 0.943870 1.000000 0.883267 0.967975 0.964582 0.964210 0.888106 0.884168 0.766422 0.512661 
0.951816 0.588860 0.835839 0.934127 0.868109 0.963198 0.926379 0.614289 0.723523 0.632467 0.778255 0.649890 0.779337 0.881633 0.797073 0.876012 0.911677 0.973069 0.757272 0.849641 0.883267 1.000000 0.902229 0.970310 0.854357 0.976587 0.867215 0.888937 0.628493 
0.922021 0.479989 0.979327 0.982428 0.882644 0.976481 0.819205 0.494115 0.926011 0.853513 0.923932 0.870602 0.955906 0.973491 0.936789 0.977980 0.988262 0.955343 0.945801 0.902589 0.967975 0.902229 1.000000 0.967152 0.909917 0.890890 0.829849 0.756213 0.504558 
0.965047 0.583269 0.922457 0.963367 0.927762 0.993276 0.912949 0.606289 0.833017 0.739449 0.839024 0.759595 0.879235 0.928711 0.908401 0.953029 0.957913 0.993439 0.864329 0.916564 0.964582 0.970310 0.967152 1.000000 0.933199 0.968709 0.906395 0.869710 0.620566 
0.900451 0.575838 0.856444 0.862120 0.985975 0.922980 0.853466 0.599915 0.762659 0.645453 0.733259 0.672335 0.809317 0.829408 0.943210 0.920356 0.871732 0.907035 0.801996 0.979965 0.964210 0.854357 0.909917 0.933199 1.000000 0.892357 0.960229 0.821334 0.615519 
0.982321 0.718500 0.807521 0.889487 0.923444 0.967061 0.980218 0.745303 0.679037 0.553754 0.694857 0.579638 0.741452 0.822825 0.816778 0.851549 0.869447 0.962926 0.718026 0.865544 0.888106 0.976587 0.890890 0.968709 0.892357 1.000000 0.930509 0.959115 0.760452 
0.920842 0.727585 0.739679 0.786465 0.989041 0.897308 0.930910 0.756247 0.605817 0.459896 0.583907 0.492207 0.670404 0.721115 0.844086 0.815984 0.781289 0.882187 0.654484 0.928664 0.884168 0.867215 0.829849 0.906395 0.960229 0.930509 1.000000 0.924690 0.772358 
0.944199 0.861489 0.643112 0.737603 0.892636 0.876135 0.993339 0.888153 0.479943 0.322308 0.478751 0.356083 0.554405 0.641224 0.693235 0.695852 0.709279 0.853847 0.529201 0.778595 0.766422 0.888937 0.756213 0.869710 0.821334 0.959115 0.924690 1.000000 0.901249 
0.777606 0.983863 0.367767 0.449562 0.726831 0.649547 0.866318 0.997000 0.182956 0.003267 0.153568 0.044909 0.262986 0.333058 0.450418 0.411504 0.419093 0.589475 0.240809 0.550505 0.512661 0.628493 0.504558 0.620566 0.615519 0.760452 0.772358 0.901249 1.000000 
