1.000000 0.994624 0.983863 0.861489 0.834189 0.727585 0.000000 0.041038 0.167723 0.142107 0.243810 0.227205 0.350582 0.310286 0.408816 0.477115 0.380627 0.394943 0.426249 0.479989 0.690819 0.756699 0.718500 0.542985 0.620803 0.583269 0.588860 0.515143 0.575838
0.994624 1.000000 0.997000 0.888153 0.856138 0.756247 0.000364 0.041830 0.174995 0.147840 0.253702 0.234028 0.360077 0.323235 0.432188 0.497987 0.398381 0.409077 0.440287 0.494115 0.713713 0.771042 0.745303 0.570957 0.638680 0.606289 0.614289 0.536871 0.599915
0.983863 0.997000 1.000000 0.901249 0.866318 0.772358 0.003267 0.044909 0.182956 0.153568 0.262986 0.240809 0.367767 0.333058 0.450418 0.512661 0.411504 0.419093 0.449562 0.504558 0.726831 0.777606 0.760452 0.589475 0.649547 0.620566 0.628493 0.550505 0.615519
0.861489 0.888153 0.901249 1.000000 0.993339 0.924690 0.322308 0.356083 0.479943 0.478751 0.554405 0.529201 0.643112 0.641224 0.693235 0.766422 0.695852 0.709279 0.737603 0.756213 0.892636 0.944199 0.959115 0.853847 0.876135 0.869710 0.888937 0.778595 0.821334
0.834189 0.856138 0.866318 0.993339 1.000000 0.930910 0.426689 0.457748 0.569186 0.574615 0.637561 0.615229 0.719645 0.720061 0.743503 0.818334 0.761385 0.780445 0.806457 0.819205 0.912646 0.974686 0.980218 0.895728 0.921721 0.912949 0.926379 0.818410 0.853466
0.727585 0.756247 0.772358 0.924690 0.930910 1.000000 0.459896 0.492207 0.605817 0.583907 0.670404 0.654484 0.739679 0.721115 0.844086 0.884168 0.815984 0.781289 0.786465 0.829849 0.989041 0.920842 0.930509 0.882187 0.897308 0.906395 0.867215 0.928664 0.960229
0.000000 0.000364 0.003267 0.322308 0.426689 0.459896 1.000000 0.998298 0.969714 0.958721 0.956692 0.970735 0.935131 0.915340 0.770157 0.797724 0.878942 0.886433 0.861874 0.853513 0.563193 0.619061 0.553754 0.729843 0.744582 0.739449 0.632467 0.673210 0.645453
0.041038 0.041830 0.044909 0.356083 0.457748 0.492207 0.998298 1.000000 0.972093 0.958727 0.962944 0.978556 0.945748 0.921937 0.791484 0.818492 0.892616 0.897582 0.872665 0.870602 0.593356 0.645324 0.579638 0.748146 0.765650 0.759595 0.649890 0.696767 0.672335
0.167723 0.174995 0.182956 0.479943 0.569186 0.605817 0.969714 0.972093 1.000000 0.960725 0.994558 0.990994 0.978745 0.949812 0.873030 0.880145 0.935068 0.935405 0.914065 0.926011 0.695922 0.734657 0.679037 0.822777 0.839765 0.833017 0.723523 0.770772 0.762659
0.142107 0.147840 0.153568 0.478751 0.574615 0.583907 0.958721 0.958727 0.960725 1.000000 0.963775 0.961722 0.957955 0.980704 0.826895 0.860791 0.929611 0.959964 0.948945 0.923932 0.667825 0.739362 0.694857 0.833722 0.846829 0.839024 0.778255 0.765057 0.733259
0.243810 0.253702 0.262986 0.554405 0.637561 0.670404 0.956692 0.962944 0.994558 0.963775 1.000000 0.994785 0.991997 0.968622 0.896768 0.912943 0.958449 0.960922 0.942553 0.955906 0.750089 0.788118 0.741452 0.871292 0.884000 0.879235 0.779337 0.815468 0.809317
0.227205 0.234028 0.240809 0.529201 0.615229 0.654484 0.970735 0.978556 0.990994 0.961722 0.994785 1.000000 0.990167 0.960207 0.890176 0.910947 0.956409 0.952357 0.931386 0.945801 0.739581 0.771607 0.718026 0.850775 0.868743 0.864329 0.757272 0.809076 0.801996
0.350582 0.360077 0.367767 0.643112 0.719645 0.739679 0.935131 0.945748 0.978745 0.957955 0.991997 0.990167 1.000000 0.978413 0.917374 0.945583 0.977027 0.980130 0.967263 0.979327 0.811137 0.851949 0.807521 0.908613 0.928670 0.922457 0.835839 0.858444 0.856444
0.310286 0.323235 0.333058 0.641224 0.720061 0.721115 0.915340 0.921937 0.949812 0.980704 0.968622 0.960207 0.978413 1.000000 0.884646 0.927071 0.970468 0.995268 0.990426 0.973491 0.783132 0.847592 0.822825 0.926363 0.931180 0.928711 0.881633 0.844338 0.829408
0.408816 0.432188 0.450418 0.693235 0.743503 0.844086 0.770157 0.791484 0.873030 0.826895 0.896768 0.890176 0.917374 0.884646 1.000000 0.975792 0.957069 0.907577 0.886242 0.936789 0.899853 0.837730 0.816778 0.887579 0.901278 0.908401 0.797073 0.917820 0.943210
0.477115 0.497987 0.512661 0.766422 0.818334 0.884168 0.797724 0.818492 0.880145 0.860791 0.912943 0.910947 0.945583 0.927071 0.975792 1.000000 0.986061 0.951586 0.939473 0.967975 0.930084 0.901252 0.888106 0.946057 0.954178 0.964582 0.883267 0.943870 0.964210
0.380627 0.398381 0.411504 0.695852 0.761385 0.815984 0.878942 0.892616 0.935068 0.929611 0.958449 0.956409 0.977027 0.970468 0.957069 0.986061 1.000000 0.980054 0.967050 0.977980 0.872863 0.869628 0.851549 0.941840 0.943781 0.953029 0.876012 0.917665 0.920356
0.394943 0.409077 0.419093 0.709279 0.780445 0.781289 0.886433 0.897582 0.935405 0.959964 0.960922 0.952357 0.980130 0.995268 0.907577 0.951586 0.980054 1.000000 0.997002 0.988262 0.835656 0.892124 0.869447 0.951539 0.960798 0.957913 0.911677 0.879595 0.871732
0.426249 0.440287 0.449562 0.737603 0.806457 0.786465 0.861874 0.872665 0.914065 0.948945 0.942553 0.931386 0.967263 0.990426 0.886242 0.939473 0.967050 0.997002 1.000000 0.982428 0.835097 0.908737 0.889487 0.957940 0.968132 0.963367 0.934127 0.871885 0.862120
0.479989 0.494115 0.504558 0.756213 0.819205 0.829849 0.853513 0.870602 0.926011 0.923932 0.955906 0.945801 0.979327 0.973491 0.936789 0.967975 0.977980 0.988262 0.982428 1.000000 0.882644 0.922021 0.890890 0.955343 0.976481 0.967152 0.902229 0.902589 0.909917
0.690819 0.713713 0.726831 0.892636 0.912646 0.989041 0.563193 0.593356 0.695922 0.667825 0.750089 0.739581 0.811137 0.783132 0.899853 0.930084 0.872863 0.835656 0.835097 0.882644 1.000000 0.932548 0.923444 0.897917 0.924599 0.927762 0.868109 0.959151 0.985975
0.756699 0.771042 0.777606 0.944199 0.974686 0.920842 0.619061 0.645324 0.734657 0.739362 0.788118 0.771607 0.851949 0.847592 0.837730 0.901252 0.869628 0.892124 0.908737 0.922021 0.932548 1.000000 0.982321 0.945139 0.980199 0.965047 0.951816 0.877257 0.900451
0.718500 0.745303 0.760452 0.959115 0.980218 0.930509 0.553754 0.579638 0.679037 0.694857 0.741452 0.718026 0.807521 0.822825 0.816778 0.888106 0.851549 0.869447 0.889487 0.890890 0.923444 0.982321 1.000000 0.962926 0.967061 0.968709 0.976587 0.865544 0.892357
0.542985 0.570957 0.589475 0.853847 0.895728 0.882187 0.729843 0.748146 0.822777 0.833722 0.871292 0.850775 0.908613 0.926363 0.887579 0.946057 0.941840 0.951539 0.957940 0.955343 0.897917 0.945139 0.962926 1.000000 0.981899 0.993439 0.973069 0.892768 0.907035
0.620803 0.638680 0.649547 0.876135 0.921721 0.897308 0.744582 0.765650 0.839765 0.846829 0.884000 0.868743 0.928670 0.931180 0.901278 0.954178 0.943781 0.960798 0.968132 0.976481 0.924599 0.980199 0.967061 0.981899 1.000000 0.993276 0.963198 0.908369 0.922980
0.583269 0.606289 0.620566 0.869710 0.912949 0.906395 0.739449 0.759595 0.833017 0.839024 0.879235 0.864329 0.922457 0.928711 0.908401 0.964582 0.953029 0.957913 0.963367 0.967152 0.927762 0.965047 0.968709 0.993439 0.993276 1.000000 0.970310 0.916564 0.933199
0.588860 0.614289 0.628493 0.888937 0.926379 0.867215 0.632467 0.649890 0.723523 0.778255 0.779337 0.757272 0.835839 0.881633 0.797073 0.883267 0.876012 0.911677 0.934127 0.902229 0.868109 0.951816 0.976587 0.973069 0.963198 0.970310 1.000000 0.849641 0.854357
0.515143 0.536871 0.550505 0.778595 0.818410 0.928664 0.673210 0.696767 0.770772 0.765057 0.815468 0.809076 0.858444 0.844338 0.917820 0.943870 0.917665 0.879595 0.871885 0.902589 0.959151 0.877257 0.865544 0.892768 0.908369 0.916564 0.849641 1.000000 0.979965
0.575838 0.599915 0.615519 0.821334 0.853466 0.960229 0.645453 0.672335 0.762659 0.733259 0.809317 0.801996 0.856444 0.829408 0.943210 0.964210 0.920356 0.871732 0.862120 0.909917 0.985975 0.900451 0.892357 0.907035 0.922980 0.933199 0.854357 0.979965 1.000000
