# Average GCV Distance matrix
#  ER  ER_DD  GEO  SF  STICKY  REAL

0.000 1.134 1.198 0.663 1.172 1.336 
1.134 0.000 1.065 0.819 0.490 0.572 
1.198 1.065 0.000 1.099 0.609 0.873 
0.663 0.819 1.099 0.000 0.896 1.161 
1.172 0.490 0.609 0.896 0.000 0.465 
1.336 0.572 0.873 1.161 0.465 0.000 
