"","sig_1","sig_2","sig_3","sig_4","sig_5","sig_6","sig_7","sig_8","sig_9","sig_10","sig_11","sig_12","sig_13","sig_14","sig_15","sig_16","sig_17","sig_18","sig_19","sig_20","sig_21","sig_22","sig_23","sig_24","sig_25","sig_26","sig_27","sig_28","sig_29","X.D.","X.E.","X.O.","X.B.","X.C.","X.M.","X.A.","X.T.","X.U.","X.R.","X.F.","X.G.","X.P."
"sig_1",1.00000000000003,0.468468666809899,0.895665613898725,0.959655431760218,0.793737607105561,0.974422864670743,0.442108311444787,0.331655417047491,0.848590171293964,0.88504765148863,0.945050158198396,0.92135825434216,0.900669407194413,0.955869024522088,0.862171797500388,0.857469976503301,0.979763184259854,0.899321136668924,0.932115160021733,0.851913070407157,0.767250687822763,0.49911467809111,0.934078218066654,0.465480192183253,0.493020910304255,0.376284583062449,0.292737016881461,0.27319056749935,0.2799381714249,-0.0139317393170349,-0.0124069977005508,-0.0116523581906284,0.00993021561086967,-0.0102532917790928,-0.019037494530579,-0.0139740104915476,0.0262640459442742,-0.0167611352823462,-0.00867124052068111,0.0770049669134063,-0.00996803916875379,-0.00537739701427274
"sig_2",0.468468666809899,1.00000000000001,0.361436448633329,0.310542922184532,0.638909058980807,0.595352399942362,0.890500624787221,0.963010437863579,0.290642024054777,0.292165320035725,0.300350788592496,0.392257052028374,0.387388246656987,0.312336299021137,0.394941321515934,0.307580426261676,0.498011682979763,0.616099376586826,0.607133121105369,0.324892591386141,0.649981836137127,0.67860216516627,0.617033127901434,0.771858077019511,0.712233271748112,0.834080602371513,0.723648410803379,0.848211191692144,0.896557748529008,-0.0324633785726061,-0.0483563931691837,-0.0416496211379389,0.0611060357037053,-0.0360445062008928,-0.0729975500214137,-0.053084598083838,0.198240927483512,-0.0239444590369029,-0.0333550245637177,0.0885884025750625,-0.039337467632575,-0.0202887403820593
"sig_3",0.895665613898725,0.361436448633329,0.999999999999951,0.79745913985579,0.850486009830283,0.84167111266156,0.341818119044714,0.209378247343918,0.992041645917171,0.993027576949215,0.769810439965049,0.995395948613922,0.997651957497813,0.786575808426012,0.99089773120468,0.994956169041617,0.831363311065694,0.748740056819439,0.794619248171242,0.993040174683969,0.807076426839807,0.395000263646772,0.750664186096474,0.376714865914651,0.464235702230732,0.267176592729857,0.223390851318972,0.165839973194206,0.15458117144978,-0.00941046128644635,-0.00646241466347059,-0.00759045519311922,0.00358396094035983,-0.0059315751952143,-0.00991104355593429,-0.0072176786384736,0.00808815081986717,-0.0104903633548006,-0.0046504340780075,0.0568586282045306,-0.00524213237462677,-0.00578847772407545
"sig_4",0.959655431760218,0.310542922184532,0.79745913985579,1.00000000000001,0.620050986872261,0.905384358921749,0.259130366056913,0.204282916858498,0.760347945045023,0.812587919994022,0.998101415559437,0.823003258402707,0.798797262641493,0.999509890998917,0.74252872898616,0.765277740595745,0.942861173968346,0.818234459203043,0.854679564880652,0.753824329158396,0.588717751925398,0.324172385871727,0.891778209604402,0.286945913423932,0.311032456623189,0.20872336195241,0.12214833947941,0.118752632964783,0.181882580135556,-0.00847713685516892,-0.00495127838571214,-0.00746698771657182,-0.00381279794330373,-0.00650145216056349,-0.00756125439775601,-0.00549858370737354,-0.00682483450892027,-0.0146766184772744,-0.00356547519943596,0.0791477108256407,-0.00399259861845219,-0.0068446622491019
"sig_5",0.793737607105561,0.638909058980807,0.850486009830283,0.620050986872261,0.999999999999983,0.839671181096775,0.725553311366001,0.488996684301233,0.80445728717308,0.794569648453655,0.593510890433298,0.868246157183575,0.863638271735587,0.613207438737678,0.892424103171435,0.820810124924808,0.785383743197861,0.784543553423243,0.855027334551538,0.841119568363622,0.981184144274043,0.675931497754167,0.775818139865368,0.746565015493173,0.85417477075089,0.653358169921166,0.684445305428411,0.570057597597431,0.387905061169845,-0.0174412865857696,-0.0180936128594562,-0.0109400230318389,0.00373379170545102,-0.00435084160113475,-0.0279408882590638,-0.0203473939899892,0.0536193814165025,0.0106854515730934,-0.0131895486757768,0.0301625110142391,-0.0147931840152598,-0.0039459595545799
"sig_6",0.974422864670743,0.595352399942362,0.84167111266156,0.905384358921749,0.839671181096775,1.00000000000001,0.608519464300672,0.464531370978666,0.776505240016517,0.809662366222275,0.892451054793918,0.879904891504388,0.857451957502562,0.90499369362106,0.825573369512353,0.790375631679657,0.98888125790329,0.962962535749525,0.982420966320521,0.789893995769086,0.838709336245602,0.653836734878162,0.979837080334763,0.637871453161461,0.624998496772526,0.556555160903351,0.455078961295048,0.444023195444078,0.398961296583835,-0.019599629711874,-0.0161859959129309,-0.0158389059719549,0.0187541433305076,-0.0129972504947169,-0.0247236376342845,-0.018014149066953,0.0433894490681224,-0.0100385526873437,-0.0115519802840749,0.0714774254634287,-0.0130241511616836,-0.00877313199404244
"sig_7",0.442108311444787,0.890500624787221,0.341818119044714,0.259130366056913,0.725553311366001,0.608519464300672,1.00000000000002,0.835210432809993,0.25734555742323,0.252596974323697,0.247290172143235,0.38718978829697,0.373435616000576,0.262110494421818,0.402428763688392,0.280427476465495,0.515685060904285,0.655365506896128,0.662881078784261,0.306153668765685,0.76368413861653,0.837351259073406,0.633476443378585,0.958193103084908,0.888681980783371,0.979671135462672,0.924159319855199,0.956744382211545,0.738754008259606,-0.0249701578603959,-0.0323705834815865,-0.0248511424031981,0.0171869344680936,-0.0242238502571678,-0.049340286211979,-0.0358785409303224,0.127606480436765,0.0161939245259868,-0.0230409228675901,0.0299394036276297,-0.0260824682567798,-0.00773134345266544
"sig_8",0.331655417047491,0.963010437863579,0.209378247343918,0.204282916858498,0.488996684301233,0.464531370978666,0.835210432809993,1.00000000000001,0.145821111053251,0.149000294955382,0.200518664010436,0.240623011248232,0.234283360200992,0.207727364909283,0.243789001053385,0.16119772322445,0.372542676988021,0.487380576184256,0.481994827763196,0.178091564056997,0.510121097104308,0.589321089816388,0.519070187704306,0.700835295516672,0.621588082596587,0.808965353122703,0.679071221033386,0.862557436529018,0.979359865626289,-0.0341081451443624,-0.0405466115413488,-0.0410408919669005,0.0519727691565198,-0.0309791853916804,-0.061054122343305,-0.0445645255242136,0.142934235546174,-0.01591761382324,-0.0283567294278518,0.113636601681519,-0.0327985654832276,-0.0268949808777227
"sig_9",0.848590171293964,0.290642024054777,0.992041645917171,0.760347945045023,0.80445728717308,0.776505240016517,0.25734555742323,0.145821111053251,0.999999999999999,0.996059334831606,0.7335297779486,0.977081997273287,0.985344314282078,0.748528258824864,0.981675895143,0.999428054687766,0.770415299881531,0.672314858901269,0.720078289323717,0.997074066506942,0.749955361078126,0.303731899315629,0.681216194676385,0.287735370606308,0.390953661879764,0.183418733240428,0.147694283184329,0.0918583171777665,0.10004524054996,-0.00617286965704188,-0.00366269492999249,-0.00534586317470275,-0.00235253249548226,-0.00452494977753662,-0.0055989816034497,-0.00406936449592249,-0.00255368491010833,-0.0096743180646427,-0.00264669296532812,0.0533112223048295,-0.00296203283119065,-0.00504993497389279
"sig_10",0.88504765148863,0.292165320035725,0.993027576949215,0.812587919994022,0.794569648453655,0.809662366222275,0.252596974323697,0.149000294955382,0.996059334831606,1.00000000000006,0.787594342969436,0.982360973925301,0.985932848536055,0.80139580544268,0.974496365198935,0.995893879773595,0.809684952852329,0.702580164617614,0.749828146847404,0.991759816894401,0.739823862299763,0.303336293823078,0.720698245286496,0.282308486286336,0.379186080146369,0.179327391797331,0.136229863511032,0.0867528235868729,0.106466963971515,-0.00632802061727286,-0.00366862091336382,-0.00558495376421051,-0.00305973230939728,-0.00483651754665719,-0.00560519546053981,-0.0040739989899194,-0.00509659704684784,-0.0109186074112928,-0.00264841125862947,0.0593523482482859,-0.00296572658320237,-0.00536863969200662
"sig_11",0.945050158198396,0.300350788592496,0.769810439965049,0.998101415559437,0.593510890433298,0.892451054793918,0.247290172143235,0.200518664010436,0.7335297779486,0.787594342969436,0.999999999999939,0.79602573487615,0.772168747193549,0.999153010536318,0.714121787016309,0.738174497316737,0.93375484603588,0.807044268145615,0.84369978238054,0.726822484691455,0.563017499459529,0.307150329774237,0.88790923101972,0.274075058681107,0.294637081029317,0.200254451701113,0.112617499056695,0.113426631475031,0.181203645491674,-0.00789587133996248,-0.00455033318052783,-0.00702565213991537,-0.00556971673456787,-0.00619842817543867,-0.00695203410030006,-0.00505267605635827,-0.00736041855024732,-0.0140739222025064,-0.00328710177094078,0.0774013199273503,-0.00367830931005497,-0.00680459067756005
"sig_12",0.92135825434216,0.392257052028374,0.995395948613922,0.823003258402707,0.868246157183575,0.879904891504388,0.38718978829697,0.240623011248232,0.977081997273287,0.982360973925301,0.79602573487615,1.00000000000005,0.995631681120435,0.813380195304545,0.987130612767122,0.982616437348233,0.871763621368335,0.794239964694758,0.842168208351976,0.98072670229604,0.835455948190141,0.454165238020821,0.795729767623721,0.430172723308584,0.505266461709529,0.317239933238206,0.267191194371455,0.208774481794022,0.183646324519323,-0.0111118735012282,-0.00706964649227614,-0.00871000637586289,0.00699663844379287,-0.00600696388803233,-0.0108061018983336,-0.00785560270053404,0.00563895276269155,-0.00786335516320707,-0.00508012468905672,0.0587782815086092,-0.00571615352353775,-0.00712989920132047
"sig_13",0.900669407194413,0.387388246656987,0.997651957497813,0.798797262641493,0.863638271735587,0.857451957502562,0.373435616000576,0.234283360200992,0.985344314282078,0.985932848536055,0.772168747193549,0.995631681120435,0.999999999999939,0.788982386928601,0.992019552077731,0.989027009136789,0.844317185660969,0.777022785807781,0.817759992896936,0.987167975843215,0.829029514149738,0.425674913821678,0.771435078783967,0.414641984746718,0.488964857359128,0.301873877407575,0.249965622537335,0.19422599127651,0.176006950070911,-0.0106460120199894,-0.00706415944963952,-0.00864208037799123,0.00505576920096485,-0.0070042002104311,-0.0107989398640042,-0.00785484473228663,0.0144922188309088,-0.0109418922417229,-0.00510303675761245,0.0560935070952899,-0.00571722429594019,-0.00659380655126076
"sig_14",0.955869024522088,0.312336299021137,0.786575808426012,0.999509890998917,0.613207438737678,0.90499369362106,0.262110494421818,0.207727364909283,0.748528258824864,0.80139580544268,0.999153010536318,0.813380195304545,0.788982386928601,1.00000000000006,0.731939100346149,0.753693527879622,0.943960175863578,0.820996044367012,0.85605588548537,0.742305933539415,0.583902430239158,0.331570883094483,0.895223177406794,0.290408526305595,0.310544644445776,0.212920203555584,0.124204653757043,0.12231274276374,0.185684668352606,-0.00857216987445679,-0.0049858227887161,-0.00753544119976199,-0.00249057056198857,-0.0065412884001144,-0.00761688939387003,-0.0055363622599296,-0.00649161352186618,-0.0145658521339481,-0.003598464813504,0.0781921469832147,-0.00402602723913151,-0.00716838761917117
"sig_15",0.862171797500388,0.394941321515934,0.99089773120468,0.74252872898616,0.892424103171435,0.825573369512353,0.402428763688392,0.243789001053385,0.981675895143,0.974496365198935,0.714121787016309,0.987130612767122,0.992019552077731,0.731939100346149,1.00000000000007,0.986553640453805,0.806579312293285,0.738916383074464,0.79495024925459,0.989262029568411,0.858733997330403,0.44017970065667,0.735394653581769,0.443551273288827,0.541615228579543,0.332749787558281,0.30364432285641,0.231619878575488,0.181636436850203,-0.00998492852349611,-0.00709677210592229,-0.00609078673762705,0.00310877647733017,-0.00523103705132892,-0.0108657384592337,-0.00789998114269384,0.00962818293799189,-0.00422976622460498,-0.00513996922878242,0.0474851243889482,-0.00575166251341197,-0.00644436088249934
"sig_16",0.857469976503301,0.307580426261676,0.994956169041617,0.765277740595745,0.820810124924808,0.790375631679657,0.280427476465495,0.16119772322445,0.999428054687766,0.995893879773595,0.738174497316737,0.982616437348233,0.989027009136789,0.753693527879622,0.986553640453805,0.99999999999996,0.783292993943239,0.687454954815056,0.737715120270975,0.99847675825939,0.768887868140059,0.328755710313234,0.695710487709224,0.312381091698597,0.41686147866871,0.20626978519855,0.172807335669642,0.11283644273678,0.112995190034345,-0.00689374139164822,-0.00421679252389648,-0.0056205168249941,-0.00108178750588798,-0.00419772743593422,-0.00644786918376202,-0.00468757764968944,-0.00197073743068019,-0.00888977810281002,-0.00304538818880137,0.0534066175115363,-0.00341118381064252,-0.00522219356741862
"sig_17",0.979763184259854,0.498011682979763,0.831363311065694,0.942861173968346,0.785383743197861,0.98888125790329,0.515685060904285,0.372542676988021,0.770415299881531,0.809684952852329,0.93375484603588,0.871763621368335,0.844317185660969,0.943960175863578,0.806579312293285,0.783292993943239,1.00000000000003,0.942314088465546,0.969329756825974,0.779574187940427,0.784422994808617,0.607982854665476,0.971018126485952,0.56011110806965,0.551707506077847,0.468694836290473,0.372850788799045,0.353079764902837,0.318949619837527,-0.0164158551726724,-0.0111473712138768,-0.012349384043084,0.0158001783869166,-0.00945714361999521,-0.0170302294531979,-0.0123815431691757,0.0153837340723029,-0.00645273687560081,-0.00800468886364929,0.0689173868764266,-0.00896794780916804,-0.00960445555570921
"sig_18",0.899321136668924,0.616099376586826,0.748740056819439,0.818234459203043,0.784543553423243,0.962962535749525,0.655365506896128,0.487380576184256,0.672314858901269,0.702580164617614,0.807044268145615,0.794239964694758,0.777022785807781,0.820996044367012,0.738916383074464,0.687454954815056,0.942314088465546,0.999999999999979,0.960908467139899,0.685108230477835,0.817466383256874,0.727981804385908,0.955297561760373,0.714496394620315,0.622461946138814,0.626648985066268,0.480641434816907,0.485052189236814,0.412101746083274,-0.0237316889172298,-0.0164843348550822,-0.0167556198501358,0.0332517673619265,-0.0153455599029917,-0.0251699796974455,-0.0183121355414107,0.0589803434094371,-0.0135461002413894,-0.0118809985265475,0.0582609499537295,-0.0132757094860395,-0.00933101714543592
"sig_19",0.932115160021733,0.607133121105369,0.794619248171242,0.854679564880652,0.855027334551538,0.982420966320521,0.662881078784261,0.481994827763196,0.720078289323717,0.749828146847404,0.84369978238054,0.842168208351976,0.817759992896936,0.85605588548537,0.79495024925459,0.737715120270975,0.969329756825974,0.960908467139899,0.999999999999958,0.740574509275302,0.877338496740616,0.701506278871647,0.973269791592448,0.717683432184022,0.703285694612242,0.623794204341527,0.540401219327356,0.505243978233193,0.41095084625726,-0.0201540219351172,-0.0150472133234135,-0.0147606805358364,0.0134359681127865,-0.00988849747806453,-0.0230037951787568,-0.0167283876661659,0.0372710857451141,-0.00120831101499964,-0.010857366323962,0.0613015049581598,-0.0121780916224112,-0.00901762451964701
"sig_20",0.851913070407157,0.324892591386141,0.993040174683969,0.753824329158396,0.841119568363622,0.789893995769086,0.306153668765685,0.178091564056997,0.997074066506942,0.991759816894401,0.726822484691455,0.98072670229604,0.987167975843215,0.742305933539415,0.989262029568411,0.99847675825939,0.779574187940427,0.685108230477835,0.740574509275302,1,0.786916653269041,0.342289194394395,0.696226579990293,0.336135716809709,0.452857897720075,0.230977310004187,0.210595975119698,0.140125191540452,0.126352083939424,-0.00744058102726424,-0.00479911992515728,-0.00539407842983555,-0.00279517889511567,-0.00243104514115389,-0.00733416758395522,-0.00533324526685587,-0.00112208695500707,-0.00629996277601066,-0.00346468866962787,0.0510310516861587,-0.00388292406299946,-0.00533649131402238
"sig_21",0.767250687822763,0.649981836137127,0.807076426839807,0.588717751925398,0.981184144274043,0.838709336245602,0.76368413861653,0.510121097104308,0.749955361078126,0.739823862299763,0.563017499459529,0.835455948190141,0.829029514149738,0.583902430239158,0.858733997330403,0.768887868140059,0.784422994808617,0.817466383256874,0.877338496740616,0.786916653269041,0.999999999999948,0.743486365216087,0.78769407030439,0.815299733609244,0.876259446153704,0.715294226190515,0.711169789715968,0.612177877509174,0.410954906909696,-0.0188440853616536,-0.0168041080507243,-0.0103850178745013,0.0114313331932147,-0.00568850369454025,-0.0257201279731714,-0.0187007859338888,0.0494727503573592,0.0117801812521234,-0.012149886153879,0.027031804341337,-0.0136044739108184,-0.00811509936117785
"sig_22",0.49911467809111,0.67860216516627,0.395000263646772,0.324172385871727,0.675931497754167,0.653836734878162,0.837351259073406,0.589321089816388,0.303731899315629,0.303336293823078,0.307150329774237,0.454165238020821,0.425674913821678,0.331570883094483,0.44017970065667,0.328755710313234,0.607982854665476,0.727981804385908,0.701506278871647,0.342289194394395,0.743486365216087,0.999999999999984,0.645888994444714,0.86689504706886,0.762290509809992,0.820289629157913,0.733203480059234,0.723095707899789,0.500401589531964,-0.0244557950835991,-0.020945671746381,-0.0175219001030912,0.0706379800160022,-0.0172906183202588,-0.0319899046085519,-0.0232625244709557,0.0550740217754664,0.0128110632189896,-0.0149670902836543,0.0123799596115053,-0.0167229140302305,-0.0120582287130036
"sig_23",0.934078218066654,0.617033127901434,0.750664186096474,0.891778209604402,0.775818139865368,0.979837080334763,0.633476443378585,0.519070187704306,0.681216194676385,0.720698245286496,0.88790923101972,0.795729767623721,0.771435078783967,0.895223177406794,0.735394653581769,0.695710487709224,0.971018126485952,0.955297561760373,0.973269791592448,0.696226579990293,0.78769407030439,0.645888994444714,1.00000000000002,0.661644994327264,0.619303566928347,0.606320319980833,0.481871101728308,0.501572712590426,0.467290019976915,-0.0207820042805356,-0.0156315953263444,-0.0157818152416154,0.011456260949463,-0.0135966721927147,-0.0238449677241637,-0.0173461552417585,0.035472184962576,-0.00405800366762274,-0.0112419116258332,0.0777086357651632,-0.0126344211937026,-0.0107704524259111
"sig_24",0.465480192183253,0.771858077019511,0.376714865914651,0.286945913423932,0.746565015493173,0.637871453161461,0.958193103084908,0.700835295516672,0.287735370606308,0.282308486286336,0.274075058681107,0.430172723308584,0.414641984746718,0.290408526305595,0.443551273288827,0.312381091698597,0.56011110806965,0.714496394620315,0.717683432184022,0.336135716809709,0.815299733609244,0.86689504706886,0.661644994327264,1.00000000000003,0.906760860885265,0.967205481836555,0.913575086298167,0.890262095466264,0.598654400731099,-0.0240386895518029,-0.0229654997000229,-0.0149921390146119,0.0110005450921577,-0.0145212394491274,-0.035089643031239,-0.0255270752472753,0.083731451742394,0.0270438272233242,-0.0165513931452698,0.00803357791471333,-0.0185490794915759,-0.00659733741590734
"sig_25",0.493020910304255,0.712233271748112,0.464235702230732,0.311032456623189,0.85417477075089,0.624998496772526,0.888681980783371,0.621588082596587,0.390953661879764,0.379186080146369,0.294637081029317,0.505266461709529,0.488964857359128,0.310544644445776,0.541615228579543,0.41686147866871,0.551707506077847,0.622461946138814,0.703285694612242,0.452857897720075,0.876259446153704,0.762290509809992,0.619303566928347,0.906760860885265,1.00000000000002,0.856910115459718,0.942766137840634,0.80904646870914,0.515030675302062,-0.0196922594087435,-0.0210835343421619,-0.0104434184575064,-0.00166555984574128,0.00257225340985147,-0.0322801648004395,-0.0234635221445387,0.0587130011826724,0.0332378508183261,-0.0152656466750377,0.00245945914983823,-0.0170801240341247,-0.005547266134938
"sig_26",0.376284583062449,0.834080602371513,0.267176592729857,0.20872336195241,0.653358169921166,0.556555160903351,0.979671135462672,0.808965353122703,0.183418733240428,0.179327391797331,0.200254451701113,0.317239933238206,0.301873877407575,0.212920203555584,0.332749787558281,0.20626978519855,0.468694836290473,0.626648985066268,0.623794204341527,0.230977310004187,0.715294226190515,0.820289629157913,0.606320319980833,0.967205481836555,0.856910115459718,0.999999999999962,0.915317544803584,0.967356381884085,0.727959787203994,-0.0244576794046626,-0.0264004301981789,-0.0178802187177922,0.0120620763655724,-0.0214576844781775,-0.0402523005564809,-0.0293065519051227,0.0899669736124176,0.0269106008970215,-0.0189303779124891,0.0244564917684147,-0.0213232382833101,-0.00836372126290131
"sig_27",0.292737016881461,0.723648410803379,0.223390851318972,0.12214833947941,0.684445305428411,0.455078961295048,0.924159319855199,0.679071221033386,0.147694283184329,0.136229863511032,0.112617499056695,0.267191194371455,0.249965622537335,0.124204653757043,0.30364432285641,0.172807335669642,0.372850788799045,0.480641434816907,0.540401219327356,0.210595975119698,0.711169789715968,0.733203480059234,0.481871101728308,0.913575086298167,0.942766137840634,0.915317544803584,0.999999999999964,0.912506516610665,0.578413524120191,-0.0169638327522513,-0.022686822108162,-0.0127989963134636,-0.0111668758645882,-0.00459414457798898,-0.0346909013150863,-0.0251879233224376,0.0739291786958513,0.0450260806894307,-0.016393340951826,-0.0119468437103321,-0.0183605126130478,-0.00547824088534533
"sig_28",0.27319056749935,0.848211191692144,0.165839973194206,0.118752632964783,0.570057597597431,0.444023195444078,0.956744382211545,0.862557436529018,0.0918583171777665,0.0867528235868729,0.113426631475031,0.208774481794022,0.19422599127651,0.12231274276374,0.231619878575488,0.11283644273678,0.353079764902837,0.485052189236814,0.505243978233193,0.140125191540452,0.612177877509174,0.723095707899789,0.501572712590426,0.890262095466264,0.80904646870914,0.967356381884085,0.912506516610665,0.999999999999969,0.801559747653098,-0.0206465113211719,-0.0282381161335021,-0.0196890913986704,-0.00478728182635187,-0.0238046793863363,-0.0429713067310909,-0.0312575000961822,0.0960973955345218,0.0282975807327868,-0.020249638345472,0.0381921896031697,-0.0228261254851498,-0.0102379644333367
"sig_29",0.2799381714249,0.896557748529008,0.15458117144978,0.181882580135556,0.387905061169845,0.398961296583835,0.738754008259606,0.979359865626289,0.10004524054996,0.106466963971515,0.181203645491674,0.183646324519323,0.176006950070911,0.185684668352606,0.181636436850203,0.112995190034345,0.318949619837527,0.412101746083274,0.41095084625726,0.126352083939424,0.410954906909696,0.500401589531964,0.467290019976915,0.598654400731099,0.515030675302062,0.727959787203994,0.578413524120191,0.801559747653098,0.999999999999921,-0.0339384351391652,-0.0342550711213728,-0.0360919565981828,0.0469196818705663,-0.0262531744137244,-0.0518889843556823,-0.0379070320364484,0.0918481992777803,-0.0173857035764539,-0.02424502690361,0.141532705654882,-0.0276952377940472,-0.0285542607732308
"X.D.",-0.0139317393170349,-0.0324633785726061,-0.00941046128644635,-0.00847713685516892,-0.0174412865857696,-0.019599629711874,-0.0249701578603959,-0.0341081451443624,-0.00617286965704188,-0.00632802061727286,-0.00789587133996248,-0.0111118735012282,-0.0106460120199894,-0.00857216987445679,-0.00998492852349611,-0.00689374139164822,-0.0164158551726724,-0.0237316889172298,-0.0201540219351172,-0.00744058102726424,-0.0188440853616536,-0.0244557950835991,-0.0207820042805356,-0.0240386895518029,-0.0196922594087435,-0.0244576794046626,-0.0169638327522513,-0.0206465113211719,-0.0339384351391652,1,-0.0625187962205727,-0.0965850071459891,-0.0811633002828422,-0.0853069185113246,-0.0955179017857843,-0.0694207691175439,-0.10163476660857,-0.193608185710605,-0.0451672745361597,-0.101463426149705,-0.0505425048710238,-0.0946223294529031
"X.E.",-0.0124069977005508,-0.0483563931691837,-0.00646241466347059,-0.00495127838571214,-0.0180936128594562,-0.0161859959129309,-0.0323705834815865,-0.0405466115413488,-0.00366269492999249,-0.00366862091336382,-0.00455033318052783,-0.00706964649227614,-0.00706415944963952,-0.0049858227887161,-0.00709677210592229,-0.00421679252389648,-0.0111473712138768,-0.0164843348550822,-0.0150472133234135,-0.00479911992515728,-0.0168041080507243,-0.020945671746381,-0.0156315953263444,-0.0229654997000229,-0.0210835343421619,-0.0264004301981789,-0.022686822108162,-0.0282381161335021,-0.0342550711213728,-0.0625187962205727,0.999999999999973,-0.0556487712426293,-0.0467633441690433,-0.0491507464142413,-0.0550339439124202,-0.0399977244322259,-0.0585582591379874,-0.111550000933638,-0.0260237422203335,-0.0584595389920508,-0.0291207546047571,-0.0545179476790902
"X.O.",-0.0116523581906284,-0.0416496211379389,-0.00759045519311922,-0.00746698771657182,-0.0109400230318389,-0.0158389059719549,-0.0248511424031981,-0.0410408919669005,-0.00534586317470275,-0.00558495376421051,-0.00702565213991537,-0.00871000637586289,-0.00864208037799123,-0.00753544119976199,-0.00609078673762705,-0.0056205168249941,-0.012349384043084,-0.0167556198501358,-0.0147606805358364,-0.00539407842983555,-0.0103850178745013,-0.0175219001030912,-0.0157818152416154,-0.0149921390146119,-0.0104434184575064,-0.0178802187177922,-0.0127989963134636,-0.0196890913986704,-0.0360919565981828,-0.0965850071459891,-0.0556487712426293,0.999999999999921,-0.0722444801208578,-0.0759327671137811,-0.0850216924730933,-0.0617923046131668,-0.0904663912168863,-0.172333094823181,-0.0402039623323603,-0.0903138789073694,-0.0449885228383828,-0.0842245322125549
"X.B.",0.00993021561086967,0.0611060357037053,0.00358396094035983,-0.00381279794330373,0.00373379170545102,0.0187541433305076,0.0171869344680936,0.0519727691565198,-0.00235253249548226,-0.00305973230939728,-0.00556971673456787,0.00699663844379287,0.00505576920096485,-0.00249057056198857,0.00310877647733017,-0.00108178750588798,0.0158001783869166,0.0332517673619265,0.0134359681127865,-0.00279517889511567,0.0114313331932147,0.0706379800160022,0.011456260949463,0.0110005450921577,-0.00166555984574128,0.0120620763655724,-0.0111668758645882,-0.00478728182635187,0.0469196818705663,-0.0811633002828422,-0.0467633441690433,-0.0722444801208578,1.00000000000006,-0.0638085988775395,-0.0714462975223366,-0.0519259409165516,-0.0760216424143638,-0.144816707448851,-0.0337846045029452,-0.0758934817117874,-0.0378052152845386,-0.0707764196653987
"X.C.",-0.0102532917790928,-0.0360445062008928,-0.0059315751952143,-0.00650145216056349,-0.00435084160113475,-0.0129972504947169,-0.0242238502571678,-0.0309791853916804,-0.00452494977753662,-0.00483651754665719,-0.00619842817543867,-0.00600696388803233,-0.0070042002104311,-0.0065412884001144,-0.00523103705132892,-0.00419772743593422,-0.00945714361999521,-0.0153455599029917,-0.00988849747806453,-0.00243104514115389,-0.00568850369454025,-0.0172906183202588,-0.0135966721927147,-0.0145212394491274,0.00257225340985147,-0.0214576844781775,-0.00459414457798898,-0.0238046793863363,-0.0262531744137244,-0.0853069185113246,-0.0491507464142413,-0.0759327671137811,-0.0638085988775395,1.00000000000005,-0.0750938350145214,-0.0545769084666931,-0.0799027643274693,-0.152210013865449,-0.0355094050294427,-0.079768060655076,-0.0397352794716651,-0.074389757980259
"X.M.",-0.019037494530579,-0.0729975500214137,-0.00991104355593429,-0.00756125439775601,-0.0279408882590638,-0.0247236376342845,-0.049340286211979,-0.061054122343305,-0.0055989816034497,-0.00560519546053981,-0.00695203410030006,-0.0108061018983336,-0.0107989398640042,-0.00761688939387003,-0.0108657384592337,-0.00644786918376202,-0.0170302294531979,-0.0251699796974455,-0.0230037951787568,-0.00733416758395522,-0.0257201279731714,-0.0319899046085519,-0.0238449677241637,-0.035089643031239,-0.0322801648004395,-0.0402523005564809,-0.0346909013150863,-0.0429713067310909,-0.0518889843556823,-0.0955179017857843,-0.0550339439124202,-0.0850216924730933,-0.0714462975223366,-0.0750938350145214,1.00000000000003,-0.0611096013508222,-0.089466886492107,-0.170429097767531,-0.0397597747200773,-0.0893160591925864,-0.0444914737073939,-0.0832939897563282
"X.A.",-0.0139740104915476,-0.053084598083838,-0.0072176786384736,-0.00549858370737354,-0.0203473939899892,-0.018014149066953,-0.0358785409303224,-0.0445645255242136,-0.00406936449592249,-0.0040739989899194,-0.00505267605635827,-0.00785560270053404,-0.00785484473228663,-0.0055363622599296,-0.00789998114269384,-0.00468757764968944,-0.0123815431691757,-0.0183121355414107,-0.0167283876661659,-0.00533324526685587,-0.0187007859338888,-0.0232625244709557,-0.0173461552417585,-0.0255270752472753,-0.0234635221445387,-0.0293065519051227,-0.0251879233224376,-0.0312575000961822,-0.0379070320364484,-0.0694207691175439,-0.0399977244322259,-0.0617923046131668,-0.0519259409165516,-0.0545769084666931,-0.0611096013508222,0.999999999999985,-0.0650229952157352,-0.123864938674687,-0.0288967208178224,-0.0649133765270727,-0.0323356383064906,-0.0605366399768827
"X.T.",0.0262640459442742,0.198240927483512,0.00808815081986717,-0.00682483450892027,0.0536193814165025,0.0433894490681224,0.127606480436765,0.142934235546174,-0.00255368491010833,-0.00509659704684784,-0.00736041855024732,0.00563895276269155,0.0144922188309088,-0.00649161352186618,0.00962818293799189,-0.00197073743068019,0.0153837340723029,0.0589803434094371,0.0372710857451141,-0.00112208695500707,0.0494727503573592,0.0550740217754664,0.035472184962576,0.083731451742394,0.0587130011826724,0.0899669736124176,0.0739291786958513,0.0960973955345218,0.0918481992777803,-0.10163476660857,-0.0585582591379874,-0.0904663912168863,-0.0760216424143638,-0.0799027643274693,-0.089466886492107,-0.0650229952157352,0.999999999999916,-0.181343195893887,-0.0423059483985196,-0.0950357646129423,-0.0473406603556234,-0.0886280482559896
"X.U.",-0.0167611352823462,-0.0239444590369029,-0.0104903633548006,-0.0146766184772744,0.0106854515730934,-0.0100385526873437,0.0161939245259868,-0.01591761382324,-0.0096743180646427,-0.0109186074112928,-0.0140739222025064,-0.00786335516320707,-0.0109418922417229,-0.0145658521339481,-0.00422976622460498,-0.00888977810281002,-0.00645273687560081,-0.0135461002413894,-0.00120831101499964,-0.00629996277601066,0.0117801812521234,0.0128110632189896,-0.00405800366762274,0.0270438272233242,0.0332378508183261,0.0269106008970215,0.0450260806894307,0.0282975807327868,-0.0173857035764539,-0.193608185710605,-0.111550000933638,-0.172333094823181,-0.144816707448851,-0.152210013865449,-0.170429097767531,-0.123864938674687,-0.181343195893887,0.999999999999967,-0.0805903155733045,-0.181037479381375,-0.0901811424145111,-0.168831160817237
"X.R.",-0.00867124052068111,-0.0333550245637177,-0.0046504340780075,-0.00356547519943596,-0.0131895486757768,-0.0115519802840749,-0.0230409228675901,-0.0283567294278518,-0.00264669296532812,-0.00264841125862947,-0.00328710177094078,-0.00508012468905672,-0.00510303675761245,-0.003598464813504,-0.00513996922878242,-0.00304538818880137,-0.00800468886364929,-0.0118809985265475,-0.010857366323962,-0.00346468866962787,-0.012149886153879,-0.0149670902836543,-0.0112419116258332,-0.0165513931452698,-0.0152656466750377,-0.0189303779124891,-0.016393340951826,-0.020249638345472,-0.02424502690361,-0.0451672745361597,-0.0260237422203335,-0.0402039623323603,-0.0337846045029452,-0.0355094050294427,-0.0397597747200773,-0.0288967208178224,-0.0423059483985196,-0.0805903155733045,0.99999999999988,-0.0422346271287097,-0.0210385547618836,-0.0393869885351335
"X.F.",0.0770049669134063,0.0885884025750625,0.0568586282045306,0.0791477108256407,0.0301625110142391,0.0714774254634287,0.0299394036276297,0.113636601681519,0.0533112223048295,0.0593523482482859,0.0774013199273503,0.0587782815086092,0.0560935070952899,0.0781921469832147,0.0474851243889482,0.0534066175115363,0.0689173868764266,0.0582609499537295,0.0613015049581598,0.0510310516861587,0.027031804341337,0.0123799596115053,0.0777086357651632,0.00803357791471333,0.00245945914983823,0.0244564917684147,-0.0119468437103321,0.0381921896031697,0.141532705654882,-0.101463426149705,-0.0584595389920508,-0.0903138789073694,-0.0758934817117874,-0.079768060655076,-0.0893160591925864,-0.0649133765270727,-0.0950357646129423,-0.181037479381375,-0.0422346271287097,1.00000000000007,-0.0472608513420442,-0.0884786351076829
"X.G.",-0.00996803916875379,-0.039337467632575,-0.00524213237462677,-0.00399259861845219,-0.0147931840152598,-0.0130241511616836,-0.0260824682567798,-0.0327985654832276,-0.00296203283119065,-0.00296572658320237,-0.00367830931005497,-0.00571615352353775,-0.00571722429594019,-0.00402602723913151,-0.00575166251341197,-0.00341118381064252,-0.00896794780916804,-0.0132757094860395,-0.0121780916224112,-0.00388292406299946,-0.0136044739108184,-0.0167229140302305,-0.0126344211937026,-0.0185490794915759,-0.0170801240341247,-0.0213232382833101,-0.0183605126130478,-0.0228261254851498,-0.0276952377940472,-0.0505425048710238,-0.0291207546047571,-0.0449885228383828,-0.0378052152845386,-0.0397352794716651,-0.0444914737073939,-0.0323356383064906,-0.0473406603556234,-0.0901811424145111,-0.0210385547618836,-0.0472608513420442,1.00000000000008,-0.0440743232868248
"X.P.",-0.00537739701427274,-0.0202887403820593,-0.00578847772407545,-0.0068446622491019,-0.0039459595545799,-0.00877313199404244,-0.00773134345266544,-0.0268949808777227,-0.00504993497389279,-0.00536863969200662,-0.00680459067756005,-0.00712989920132047,-0.00659380655126076,-0.00716838761917117,-0.00644436088249934,-0.00522219356741862,-0.00960445555570921,-0.00933101714543592,-0.00901762451964701,-0.00533649131402238,-0.00811509936117785,-0.0120582287130036,-0.0107704524259111,-0.00659733741590734,-0.005547266134938,-0.00836372126290131,-0.00547824088534533,-0.0102379644333367,-0.0285542607732308,-0.0946223294529031,-0.0545179476790902,-0.0842245322125549,-0.0707764196653987,-0.074389757980259,-0.0832939897563282,-0.0605366399768827,-0.0886280482559896,-0.168831160817237,-0.0393869885351335,-0.0884786351076829,-0.0440743232868248,0.999999999999948
