1.000000 0.754975 0.931428 0.931125 0.908279 0.967762 0.931178 0.499671 0.753727 0.829518 0.785192 0.884873 0.824420 0.891522 0.800652 0.848364 0.907170 0.829549 0.890981 0.816705 0.850513 0.884537 0.860682 0.889323 0.829812 0.889249 0.840232 0.804042 0.236606 
0.754975 1.000000 0.589588 0.560042 0.606950 0.757635 0.830391 0.920430 0.414224 0.449770 0.396722 0.548763 0.550739 0.548425 0.483757 0.492528 0.600764 0.626289 0.614556 0.488742 0.558962 0.607054 0.816874 0.645068 0.567720 0.791151 0.628164 0.897628 0.740526 
0.931428 0.589588 1.000000 0.929022 0.933530 0.927176 0.839309 0.349372 0.922540 0.957292 0.818579 0.962983 0.946128 0.910033 0.931130 0.955400 0.908372 0.814401 0.952377 0.874700 0.919119 0.829382 0.815838 0.878728 0.867823 0.818437 0.826330 0.695949 0.109824 
0.931125 0.560042 0.929022 1.000000 0.879883 0.912994 0.824078 0.313200 0.784302 0.912439 0.946483 0.932699 0.802308 0.972494 0.790729 0.903790 0.946893 0.780829 0.877668 0.874900 0.835555 0.904345 0.774148 0.854727 0.804215 0.794802 0.788229 0.655123 0.079315 
0.908279 0.606950 0.933530 0.879883 1.000000 0.928881 0.909732 0.365809 0.792549 0.845673 0.743800 0.937327 0.839730 0.857228 0.924079 0.946725 0.930026 0.778505 0.955725 0.950434 0.975134 0.905395 0.812265 0.952611 0.975149 0.895797 0.954911 0.784253 0.105675 
0.967762 0.757635 0.927176 0.912994 0.928881 1.000000 0.964329 0.534024 0.745943 0.821409 0.760857 0.923122 0.857868 0.920293 0.832719 0.872511 0.955430 0.904186 0.948991 0.849134 0.908487 0.924782 0.937682 0.955488 0.889509 0.956821 0.898170 0.862274 0.277295 
0.931178 0.830391 0.839309 0.824078 0.909732 0.964329 1.000000 0.625110 0.630229 0.698418 0.645278 0.838399 0.759614 0.820609 0.769524 0.794014 0.902551 0.828237 0.893688 0.811040 0.873616 0.915538 0.913496 0.947109 0.888411 0.985257 0.931550 0.943740 0.360336 
0.499671 0.920430 0.349372 0.313200 0.365809 0.534024 0.625110 1.000000 0.216727 0.234315 0.185761 0.329477 0.350614 0.316812 0.275868 0.273428 0.372477 0.406853 0.397565 0.275023 0.341570 0.374711 0.699858 0.419657 0.354643 0.613812 0.416676 0.802230 0.941264 
0.753727 0.414224 0.922540 0.784302 0.792549 0.745943 0.630229 0.216727 1.000000 0.951463 0.713410 0.863596 0.946424 0.768618 0.911294 0.895628 0.733788 0.647916 0.835449 0.751807 0.800472 0.614142 0.648161 0.686885 0.721452 0.608495 0.646400 0.500870 0.027914 
0.829518 0.449770 0.957292 0.912439 0.845673 0.821409 0.698418 0.234315 0.951463 1.000000 0.881787 0.942059 0.911764 0.896092 0.884740 0.949403 0.851481 0.704636 0.881722 0.852777 0.837582 0.745025 0.702674 0.763473 0.775666 0.675913 0.709375 0.545144 0.032223 
0.785192 0.396722 0.818579 0.946483 0.743800 0.760857 0.645278 0.185761 0.713410 0.881787 1.000000 0.852504 0.679345 0.916975 0.665627 0.836829 0.848533 0.626503 0.745948 0.817931 0.699477 0.787215 0.617863 0.696558 0.667377 0.613603 0.630238 0.472589 0.000000 
0.884873 0.548763 0.962983 0.932699 0.937327 0.923122 0.838399 0.329477 0.863596 0.942059 0.852504 1.000000 0.896243 0.940640 0.918571 0.978255 0.959164 0.808095 0.974834 0.934980 0.947917 0.878018 0.830983 0.915119 0.912339 0.841293 0.866385 0.704464 0.098578 
0.824420 0.550739 0.946128 0.802308 0.839730 0.857868 0.759614 0.350614 0.946424 0.911764 0.679345 0.896243 1.000000 0.820831 0.916005 0.885759 0.808903 0.815114 0.919555 0.757743 0.865994 0.701626 0.800943 0.804912 0.792196 0.758183 0.739954 0.650372 0.135718 
0.891522 0.548425 0.910033 0.972494 0.857228 0.920293 0.820609 0.316812 0.768618 0.896092 0.916975 0.940640 0.820831 1.000000 0.780236 0.893212 0.966371 0.853728 0.895852 0.856390 0.842545 0.908481 0.807897 0.877712 0.801928 0.813918 0.787172 0.660675 0.085741 
0.800652 0.483757 0.931130 0.790729 0.924079 0.832719 0.769524 0.275868 0.911294 0.884740 0.665627 0.918571 0.916005 0.780236 1.000000 0.948319 0.830176 0.723762 0.934830 0.869720 0.956107 0.745710 0.740142 0.856177 0.905463 0.772374 0.836998 0.655012 0.053420 
0.848364 0.492528 0.955400 0.903790 0.946725 0.872511 0.794014 0.273428 0.895628 0.949403 0.836829 0.978255 0.885759 0.893212 0.948319 1.000000 0.918093 0.733589 0.948051 0.958320 0.947967 0.842464 0.759062 0.878001 0.913468 0.787165 0.852397 0.653786 0.049393 
0.907170 0.600764 0.908372 0.946893 0.930026 0.955430 0.902551 0.372477 0.733788 0.851481 0.848533 0.959164 0.808903 0.966371 0.830176 0.918093 1.000000 0.845760 0.945425 0.918075 0.920402 0.969800 0.856667 0.959329 0.906057 0.907038 0.903374 0.767870 0.125187 
0.829549 0.626289 0.814401 0.780829 0.778505 0.904186 0.828237 0.406853 0.647916 0.704636 0.626503 0.808095 0.815114 0.853728 0.723762 0.733589 0.845760 1.000000 0.860130 0.681432 0.803630 0.790605 0.858378 0.864670 0.757987 0.848225 0.754280 0.714072 0.159923 
0.890981 0.614556 0.952377 0.877668 0.955725 0.948991 0.893688 0.397565 0.835449 0.881722 0.745948 0.974834 0.919555 0.895852 0.934830 0.948051 0.945425 0.860130 1.000000 0.907245 0.977502 0.877972 0.879865 0.957379 0.948756 0.905044 0.916208 0.783980 0.150876 
0.816705 0.488742 0.874700 0.874900 0.950434 0.849134 0.811040 0.275023 0.751807 0.852777 0.817931 0.934980 0.757743 0.856390 0.869720 0.958320 0.918075 0.681432 0.907245 1.000000 0.930552 0.886268 0.732481 0.888190 0.942577 0.805550 0.899341 0.679856 0.048250 
0.850513 0.558962 0.919119 0.835555 0.975134 0.908487 0.873616 0.341570 0.800472 0.837582 0.699477 0.947917 0.865994 0.842545 0.956107 0.947967 0.920402 0.803630 0.977502 0.930552 1.000000 0.869345 0.821533 0.958629 0.981416 0.887642 0.941099 0.762802 0.095574 
0.884537 0.607054 0.829382 0.904345 0.905395 0.924782 0.915538 0.374711 0.614142 0.745025 0.787215 0.878018 0.701626 0.908481 0.745710 0.842464 0.969800 0.790605 0.877972 0.886268 0.869345 1.000000 0.810655 0.947350 0.882619 0.912071 0.911973 0.784098 0.120317 
0.860682 0.816874 0.815838 0.774148 0.812265 0.937682 0.913496 0.699858 0.648161 0.702674 0.617863 0.830983 0.800943 0.807897 0.740142 0.759062 0.856667 0.858378 0.879865 0.732481 0.821533 0.810655 1.000000 0.873181 0.803952 0.938396 0.817527 0.907484 0.508894 
0.889323 0.645068 0.878728 0.854727 0.952611 0.955488 0.947109 0.419657 0.686885 0.763473 0.696558 0.915119 0.804912 0.877712 0.856177 0.878001 0.959329 0.864670 0.957379 0.888190 0.958629 0.947350 0.873181 1.000000 0.957034 0.962094 0.965941 0.842762 0.155249 
0.829812 0.567720 0.867823 0.804215 0.975149 0.889509 0.888411 0.354643 0.721452 0.775666 0.667377 0.912339 0.792196 0.801928 0.905463 0.913468 0.906057 0.757987 0.948756 0.942577 0.981416 0.882619 0.803952 0.957034 1.000000 0.900565 0.978576 0.793451 0.103833 
0.889249 0.791151 0.818437 0.794802 0.895797 0.956821 0.985257 0.613812 0.608495 0.675913 0.613603 0.841293 0.758183 0.813918 0.772374 0.787165 0.907038 0.848225 0.905044 0.805550 0.887642 0.912071 0.938396 0.962094 0.900565 1.000000 0.938800 0.947313 0.366652 
0.840232 0.628164 0.826330 0.788229 0.954911 0.898170 0.931550 0.416676 0.646400 0.709375 0.630238 0.866385 0.739954 0.787172 0.836998 0.852397 0.903374 0.754280 0.916208 0.899341 0.941099 0.911973 0.817527 0.965941 0.978576 0.938800 1.000000 0.856293 0.155467 
0.804042 0.897628 0.695949 0.655123 0.784253 0.862274 0.943740 0.802230 0.500870 0.545144 0.472589 0.704464 0.650372 0.660675 0.655012 0.653786 0.767870 0.714072 0.783980 0.679856 0.762802 0.784098 0.907484 0.842762 0.793451 0.947313 0.856293 1.000000 0.598736 
0.236606 0.740526 0.109824 0.079315 0.105675 0.277295 0.360336 0.941264 0.027914 0.032223 0.000000 0.098578 0.135718 0.085741 0.053420 0.049393 0.125187 0.159923 0.150876 0.048250 0.095574 0.120317 0.508894 0.155249 0.103833 0.366652 0.155467 0.598736 1.000000 
