1.000000 0.784854 0.939790 0.939524 0.919464 0.971693 0.939570 0.560682 0.783758 0.850307 0.811386 0.898912 0.845830 0.904750 0.824961 0.866854 0.918490 0.850334 0.904275 0.839057 0.868742 0.898617 0.877671 0.902819 0.850565 0.902754 0.859715 0.827938 0.329696 
0.784854 1.000000 0.639635 0.613692 0.654879 0.787189 0.851073 0.930133 0.485655 0.516867 0.470287 0.603788 0.605523 0.603491 0.546709 0.554411 0.649448 0.671860 0.661558 0.551086 0.612743 0.654971 0.839205 0.688349 0.620434 0.816619 0.673506 0.910111 0.772167 
0.939790 0.639635 1.000000 0.937678 0.941635 0.936057 0.858904 0.428711 0.931986 0.962500 0.840702 0.967497 0.952698 0.921004 0.939528 0.960838 0.919545 0.837033 0.958184 0.889979 0.928982 0.850188 0.838295 0.893516 0.883941 0.840577 0.847508 0.733026 0.218375 
0.939524 0.613692 0.937678 1.000000 0.894530 0.923603 0.845531 0.396950 0.810604 0.923116 0.953009 0.940906 0.826415 0.975848 0.816248 0.915522 0.953369 0.807555 0.892585 0.890155 0.855608 0.916010 0.801689 0.872442 0.828089 0.819825 0.814053 0.697178 0.191586 
0.919464 0.654879 0.941635 0.894530 1.000000 0.937553 0.920739 0.443144 0.817846 0.864492 0.775042 0.944970 0.859274 0.874638 0.933337 0.953222 0.938559 0.805515 0.961124 0.956479 0.978166 0.916931 0.835158 0.958390 0.978179 0.908504 0.960409 0.810562 0.214731 
0.971693 0.787189 0.936057 0.923603 0.937553 1.000000 0.968679 0.590846 0.776924 0.843187 0.790019 0.932497 0.875200 0.930013 0.853118 0.888057 0.960865 0.915870 0.955211 0.867531 0.919646 0.933954 0.945281 0.960916 0.902982 0.962086 0.910588 0.879069 0.365423 
0.939570 0.851073 0.858904 0.845531 0.920739 0.968679 1.000000 0.670826 0.675320 0.735194 0.688533 0.858105 0.788927 0.842485 0.797629 0.819132 0.914434 0.849182 0.906652 0.834082 0.889027 0.925838 0.924044 0.953559 0.902018 0.987055 0.939897 0.950600 0.438338 
0.560682 0.930133 0.428711 0.396950 0.443144 0.590846 0.670826 1.000000 0.312242 0.327684 0.285052 0.411242 0.429802 0.400121 0.364171 0.362028 0.448999 0.479183 0.471028 0.363429 0.421861 0.450960 0.736458 0.490426 0.433339 0.660904 0.487808 0.826347 0.948426 
0.783758 0.485655 0.931986 0.810604 0.817846 0.776924 0.675320 0.312242 1.000000 0.957382 0.748357 0.880230 0.952958 0.796833 0.922111 0.908355 0.766251 0.690850 0.855515 0.782072 0.824803 0.661194 0.691065 0.725068 0.755419 0.656236 0.689519 0.561735 0.146453 
0.850307 0.516867 0.962500 0.923116 0.864492 0.843187 0.735194 0.327684 0.957382 1.000000 0.896202 0.949125 0.922524 0.908763 0.898795 0.955573 0.869592 0.740654 0.896145 0.870729 0.857388 0.776117 0.738930 0.792316 0.803022 0.715433 0.744814 0.600611 0.150236 
0.811386 0.470287 0.840702 0.953009 0.775042 0.790019 0.688533 0.285052 0.748357 0.896202 1.000000 0.870490 0.718446 0.927099 0.706402 0.856727 0.867004 0.672048 0.776928 0.840133 0.736124 0.813163 0.664462 0.733560 0.707938 0.660721 0.675328 0.536903 0.121943 
0.898912 0.603788 0.967497 0.940906 0.944970 0.932497 0.858105 0.411242 0.880230 0.949125 0.870490 1.000000 0.908896 0.947878 0.928500 0.980907 0.964144 0.831496 0.977903 0.942908 0.954268 0.892893 0.851593 0.925470 0.923028 0.860646 0.882679 0.740502 0.208500 
0.845830 0.605523 0.952698 0.826415 0.859274 0.875200 0.788927 0.429802 0.952958 0.922524 0.718446 0.908896 1.000000 0.842679 0.926247 0.899690 0.832206 0.837659 0.929365 0.787285 0.882335 0.738011 0.825216 0.828701 0.817536 0.787671 0.771665 0.693007 0.241111 
0.904750 0.603491 0.921004 0.975848 0.874638 0.930013 0.842485 0.400121 0.796833 0.908763 0.927099 0.947878 0.842679 1.000000 0.807034 0.906234 0.970472 0.871565 0.908552 0.873902 0.861745 0.919641 0.831323 0.892624 0.826081 0.836609 0.813125 0.702053 0.197229 
0.824961 0.546709 0.939528 0.816248 0.933337 0.853118 0.797629 0.364171 0.922111 0.898795 0.706402 0.928500 0.926247 0.807034 1.000000 0.954621 0.850885 0.757447 0.942777 0.885606 0.961460 0.776718 0.771830 0.873715 0.916991 0.800131 0.856875 0.697080 0.168849 
0.866854 0.554411 0.960838 0.915522 0.953222 0.888057 0.819132 0.362028 0.908355 0.955573 0.856727 0.980907 0.899690 0.906234 0.954621 1.000000 0.928081 0.766076 0.954386 0.963403 0.954312 0.861674 0.788442 0.892878 0.924020 0.813119 0.870396 0.696004 0.165312 
0.918490 0.649448 0.919545 0.953369 0.938559 0.960865 0.914434 0.448999 0.766251 0.869592 0.867004 0.964144 0.832206 0.970472 0.850885 0.928081 1.000000 0.864569 0.952080 0.928065 0.930109 0.973482 0.874145 0.964289 0.917513 0.918374 0.915157 0.796176 0.231864 
0.850334 0.671860 0.837033 0.807555 0.805515 0.915870 0.849182 0.479183 0.690850 0.740654 0.672048 0.831496 0.837659 0.871565 0.757447 0.766076 0.864569 1.000000 0.877186 0.720279 0.827576 0.816139 0.875648 0.881173 0.787498 0.866733 0.784244 0.748939 0.262364 
0.904275 0.661558 0.958184 0.892585 0.961124 0.955211 0.906652 0.471028 0.855515 0.896145 0.776928 0.977903 0.929365 0.908552 0.942777 0.954386 0.952080 0.877186 1.000000 0.918556 0.980246 0.892852 0.894515 0.962577 0.955004 0.916623 0.926426 0.810322 0.254421 
0.839057 0.551086 0.889979 0.890155 0.956479 0.867531 0.834082 0.363429 0.782072 0.870729 0.840133 0.942908 0.787285 0.873902 0.885606 0.963403 0.928065 0.720279 0.918556 1.000000 0.939020 0.900137 0.765103 0.901825 0.949579 0.829262 0.911615 0.718896 0.164309 
0.868742 0.612743 0.928982 0.855608 0.978166 0.919646 0.889027 0.421861 0.824803 0.857388 0.736124 0.954268 0.882335 0.861745 0.961460 0.954312 0.930109 0.827576 0.980246 0.939020 1.000000 0.885278 0.843296 0.963674 0.983682 0.901343 0.948282 0.791727 0.205862 
0.898617 0.654971 0.850188 0.916010 0.916931 0.933954 0.925838 0.450960 0.661194 0.776117 0.813163 0.892893 0.738011 0.919641 0.776718 0.861674 0.973482 0.816139 0.892852 0.900137 0.885278 1.000000 0.833744 0.953770 0.896932 0.922793 0.922707 0.810426 0.227588 
0.877671 0.839205 0.838295 0.801689 0.835158 0.945281 0.924044 0.736458 0.691065 0.738930 0.664462 0.851593 0.825216 0.831323 0.771830 0.788442 0.874145 0.875648 0.894515 0.765103 0.843296 0.833744 1.000000 0.888645 0.827859 0.945908 0.839778 0.918766 0.568781 
0.902819 0.688349 0.893516 0.872442 0.958390 0.960916 0.953559 0.490426 0.725068 0.792316 0.733560 0.925470 0.828701 0.892624 0.873715 0.892878 0.964289 0.881173 0.962577 0.901825 0.963674 0.953770 0.888645 1.000000 0.962274 0.966716 0.970094 0.861936 0.258260 
0.850565 0.620434 0.883941 0.828089 0.978179 0.902982 0.902018 0.433339 0.755419 0.803022 0.707938 0.923028 0.817536 0.826081 0.916991 0.924020 0.917513 0.787498 0.955004 0.949579 0.983682 0.896932 0.827859 0.962274 1.000000 0.912691 0.981189 0.818638 0.213114 
0.902754 0.816619 0.840577 0.819825 0.908504 0.962086 0.987055 0.660904 0.656236 0.715433 0.660721 0.860646 0.787671 0.836609 0.800131 0.813119 0.918374 0.866733 0.916623 0.829262 0.901343 0.922793 0.945908 0.966716 0.912691 1.000000 0.946263 0.953738 0.443884 
0.859715 0.673506 0.847508 0.814053 0.960409 0.910588 0.939897 0.487808 0.689519 0.744814 0.675328 0.882679 0.771665 0.813125 0.856875 0.870396 0.915157 0.784244 0.926426 0.911615 0.948282 0.922707 0.839778 0.970094 0.981189 0.946263 1.000000 0.873817 0.258451 
0.827938 0.910111 0.733026 0.697178 0.810562 0.879069 0.950600 0.826347 0.561735 0.600611 0.536903 0.740502 0.693007 0.702053 0.697080 0.696004 0.796176 0.748939 0.810322 0.718896 0.791727 0.810426 0.918766 0.861936 0.818638 0.953738 0.873817 1.000000 0.647667 
0.329696 0.772167 0.218375 0.191586 0.214731 0.365423 0.438338 0.948426 0.146453 0.150236 0.121943 0.208500 0.241111 0.197229 0.168849 0.165312 0.231864 0.262364 0.254421 0.164309 0.205862 0.227588 0.568781 0.258260 0.213114 0.443884 0.258451 0.647667 1.000000 
