1.000000 0.714072 0.907484 0.943740 0.947313 0.500870 0.472589 0.767870 0.793451 0.783980 0.784253 0.762802 0.804042 0.862274 0.784098 0.842762 0.856293 0.655123 0.660675 0.679856 0.653786 0.695949 0.704464 0.545144 0.650372 0.655012 0.598736 0.897628 0.802230
0.714072 1.000000 0.858378 0.828237 0.848225 0.647916 0.626503 0.845760 0.757987 0.860130 0.778505 0.803630 0.829549 0.904186 0.790605 0.864670 0.754280 0.780829 0.853728 0.681432 0.733589 0.814401 0.808095 0.704636 0.815114 0.723762 0.159923 0.626289 0.406853
0.907484 0.858378 1.000000 0.913496 0.938396 0.648161 0.617863 0.856667 0.803952 0.879865 0.812265 0.821533 0.860682 0.937682 0.810655 0.873181 0.817527 0.774148 0.807897 0.732481 0.759062 0.815838 0.830983 0.702674 0.800943 0.740142 0.508894 0.816874 0.699858
0.943740 0.828237 0.913496 1.000000 0.985257 0.630229 0.645278 0.902551 0.888411 0.893688 0.909732 0.873616 0.931178 0.964329 0.915538 0.947109 0.931550 0.824078 0.820609 0.811040 0.794014 0.839309 0.838399 0.698418 0.759614 0.769524 0.360336 0.830391 0.625110
0.947313 0.848225 0.938396 0.985257 1.000000 0.608495 0.613603 0.907038 0.900565 0.905044 0.895797 0.887642 0.889249 0.956821 0.912071 0.962094 0.938800 0.794802 0.813918 0.805550 0.787165 0.818437 0.841293 0.675913 0.758183 0.772374 0.366652 0.791151 0.613812
0.500870 0.647916 0.648161 0.630229 0.608495 1.000000 0.713410 0.733788 0.721452 0.835449 0.792549 0.800472 0.753727 0.745943 0.614142 0.686885 0.646400 0.784302 0.768618 0.751807 0.895628 0.922540 0.863596 0.951463 0.946424 0.911294 0.027914 0.414224 0.216727
0.472589 0.626503 0.617863 0.645278 0.613603 0.713410 1.000000 0.848533 0.667377 0.745948 0.743800 0.699477 0.785192 0.760857 0.787215 0.696558 0.630238 0.946483 0.916975 0.817931 0.836829 0.818579 0.852504 0.881787 0.679345 0.665627 0.000000 0.396722 0.185761
0.767870 0.845760 0.856667 0.902551 0.907038 0.733788 0.848533 1.000000 0.906057 0.945425 0.930026 0.920402 0.907170 0.955430 0.969800 0.959329 0.903374 0.946893 0.966371 0.918075 0.918093 0.908372 0.959164 0.851481 0.808903 0.830176 0.125187 0.600764 0.372477
0.793451 0.757987 0.803952 0.888411 0.900565 0.721452 0.667377 0.906057 1.000000 0.948756 0.975149 0.981416 0.829812 0.889509 0.882619 0.957034 0.978576 0.804215 0.801928 0.942577 0.913468 0.867823 0.912339 0.775666 0.792196 0.905463 0.103833 0.567720 0.354643
0.783980 0.860130 0.879865 0.893688 0.905044 0.835449 0.745948 0.945425 0.948756 1.000000 0.955725 0.977502 0.890981 0.948991 0.877972 0.957379 0.916208 0.877668 0.895852 0.907245 0.948051 0.952377 0.974834 0.881722 0.919555 0.934830 0.150876 0.614556 0.397565
0.784253 0.778505 0.812265 0.909732 0.895797 0.792549 0.743800 0.930026 0.975149 0.955725 1.000000 0.975134 0.908279 0.928881 0.905395 0.952611 0.954911 0.879883 0.857228 0.950434 0.946725 0.933530 0.937327 0.845673 0.839730 0.924079 0.105675 0.606950 0.365809
0.762802 0.803630 0.821533 0.873616 0.887642 0.800472 0.699477 0.920402 0.981416 0.977502 0.975134 1.000000 0.850513 0.908487 0.869345 0.958629 0.941099 0.835555 0.842545 0.930552 0.947967 0.919119 0.947917 0.837582 0.865994 0.956107 0.095574 0.558962 0.341570
0.804042 0.829549 0.860682 0.931178 0.889249 0.753727 0.785192 0.907170 0.829812 0.890981 0.908279 0.850513 1.000000 0.967762 0.884537 0.889323 0.840232 0.931125 0.891522 0.816705 0.848364 0.931428 0.884873 0.829518 0.824420 0.800652 0.236606 0.754975 0.499671
0.862274 0.904186 0.937682 0.964329 0.956821 0.745943 0.760857 0.955430 0.889509 0.948991 0.928881 0.908487 0.967762 1.000000 0.924782 0.955488 0.898170 0.912994 0.920293 0.849134 0.872511 0.927176 0.923122 0.821409 0.857868 0.832719 0.277295 0.757635 0.534024
0.784098 0.790605 0.810655 0.915538 0.912071 0.614142 0.787215 0.969800 0.882619 0.877972 0.905395 0.869345 0.884537 0.924782 1.000000 0.947350 0.911973 0.904345 0.908481 0.886268 0.842464 0.829382 0.878018 0.745025 0.701626 0.745710 0.120317 0.607054 0.374711
0.842762 0.864670 0.873181 0.947109 0.962094 0.686885 0.696558 0.959329 0.957034 0.957379 0.952611 0.958629 0.889323 0.955488 0.947350 1.000000 0.965941 0.854727 0.877712 0.888190 0.878001 0.878728 0.915119 0.763473 0.804912 0.856177 0.155249 0.645068 0.419657
0.856293 0.754280 0.817527 0.931550 0.938800 0.646400 0.630238 0.903374 0.978576 0.916208 0.954911 0.941099 0.840232 0.898170 0.911973 0.965941 1.000000 0.788229 0.787172 0.899341 0.852397 0.826330 0.866385 0.709375 0.739954 0.836998 0.155467 0.628164 0.416676
0.655123 0.780829 0.774148 0.824078 0.794802 0.784302 0.946483 0.946893 0.804215 0.877668 0.879883 0.835555 0.931125 0.912994 0.904345 0.854727 0.788229 1.000000 0.972494 0.874900 0.903790 0.929022 0.932699 0.912439 0.802308 0.790729 0.079315 0.560042 0.313200
0.660675 0.853728 0.807897 0.820609 0.813918 0.768618 0.916975 0.966371 0.801928 0.895852 0.857228 0.842545 0.891522 0.920293 0.908481 0.877712 0.787172 0.972494 1.000000 0.856390 0.893212 0.910033 0.940640 0.896092 0.820831 0.780236 0.085741 0.548425 0.316812
0.679856 0.681432 0.732481 0.811040 0.805550 0.751807 0.817931 0.918075 0.942577 0.907245 0.950434 0.930552 0.816705 0.849134 0.886268 0.888190 0.899341 0.874900 0.856390 1.000000 0.958320 0.874700 0.934980 0.852777 0.757743 0.869720 0.048250 0.488742 0.275023
0.653786 0.733589 0.759062 0.794014 0.787165 0.895628 0.836829 0.918093 0.913468 0.948051 0.946725 0.947967 0.848364 0.872511 0.842464 0.878001 0.852397 0.903790 0.893212 0.958320 1.000000 0.955400 0.978255 0.949403 0.885759 0.948319 0.049393 0.492528 0.273428
0.695949 0.814401 0.815838 0.839309 0.818437 0.922540 0.818579 0.908372 0.867823 0.952377 0.933530 0.919119 0.931428 0.927176 0.829382 0.878728 0.826330 0.929022 0.910033 0.874700 0.955400 1.000000 0.962983 0.957292 0.946128 0.931130 0.109824 0.589588 0.349372
0.704464 0.808095 0.830983 0.838399 0.841293 0.863596 0.852504 0.959164 0.912339 0.974834 0.937327 0.947917 0.884873 0.923122 0.878018 0.915119 0.866385 0.932699 0.940640 0.934980 0.978255 0.962983 1.000000 0.942059 0.896243 0.918571 0.098578 0.548763 0.329477
0.545144 0.704636 0.702674 0.698418 0.675913 0.951463 0.881787 0.851481 0.775666 0.881722 0.845673 0.837582 0.829518 0.821409 0.745025 0.763473 0.709375 0.912439 0.896092 0.852777 0.949403 0.957292 0.942059 1.000000 0.911764 0.884740 0.032223 0.449770 0.234315
0.650372 0.815114 0.800943 0.759614 0.758183 0.946424 0.679345 0.808903 0.792196 0.919555 0.839730 0.865994 0.824420 0.857868 0.701626 0.804912 0.739954 0.802308 0.820831 0.757743 0.885759 0.946128 0.896243 0.911764 1.000000 0.916005 0.135718 0.550739 0.350614
0.655012 0.723762 0.740142 0.769524 0.772374 0.911294 0.665627 0.830176 0.905463 0.934830 0.924079 0.956107 0.800652 0.832719 0.745710 0.856177 0.836998 0.790729 0.780236 0.869720 0.948319 0.931130 0.918571 0.884740 0.916005 1.000000 0.053420 0.483757 0.275868
0.598736 0.159923 0.508894 0.360336 0.366652 0.027914 0.000000 0.125187 0.103833 0.150876 0.105675 0.095574 0.236606 0.277295 0.120317 0.155249 0.155467 0.079315 0.085741 0.048250 0.049393 0.109824 0.098578 0.032223 0.135718 0.053420 1.000000 0.740526 0.941264
0.897628 0.626289 0.816874 0.830391 0.791151 0.414224 0.396722 0.600764 0.567720 0.614556 0.606950 0.558962 0.754975 0.757635 0.607054 0.645068 0.628164 0.560042 0.548425 0.488742 0.492528 0.589588 0.548763 0.449770 0.550739 0.483757 0.740526 1.000000 0.920430
0.802230 0.406853 0.699858 0.625110 0.613812 0.216727 0.185761 0.372477 0.354643 0.397565 0.365809 0.341570 0.499671 0.534024 0.374711 0.419657 0.416676 0.313200 0.316812 0.275023 0.273428 0.349372 0.329477 0.234315 0.350614 0.275868 0.941264 0.920430 1.000000
