1.000000 0.384283 0.237801 0.164024 0.151513 0.609818 0.686787 0.266535 0.137163 0.148636 0.149776 0.138724 0.129853 0.137972 0.153663 0.131553 0.138077 0.128998 0.179916 0.161736 0.133444 0.133155 0.221703 0.153510 0.147223 0.157176 0.149257 0.216375 0.158033 
0.384283 1.000000 0.095201 0.024396 0.061698 0.184489 0.307904 0.469872 0.052386 0.077489 0.080267 0.054571 0.031878 0.052555 0.071350 0.036631 0.019346 0.025691 0.055420 0.087701 0.030388 0.014506 0.060520 0.009737 0.057605 0.000000 0.059463 0.075303 0.134075 
0.237801 0.095201 1.000000 0.620815 0.525875 0.537003 0.409487 0.223936 0.628075 0.578580 0.559586 0.621684 0.657285 0.607915 0.586825 0.649247 0.657523 0.613813 0.926170 0.538572 0.655010 0.615046 0.663507 0.809478 0.577725 0.665671 0.524007 0.509198 0.261659 
0.164024 0.024396 0.620815 1.000000 0.575321 0.441776 0.322456 0.104674 0.861451 0.816189 0.831585 0.855727 0.868933 0.895972 0.669384 0.867461 0.964200 0.867518 0.745602 0.650345 0.826498 0.948257 0.650852 0.856629 0.662743 0.778469 0.573703 0.525413 0.227364 
0.151513 0.061698 0.525875 0.575321 1.000000 0.359966 0.367898 0.239365 0.509746 0.421834 0.392827 0.489492 0.575332 0.474350 0.784318 0.683313 0.604121 0.548006 0.598758 0.830041 0.774135 0.615115 0.546946 0.727062 0.903585 0.727575 0.991440 0.724459 0.432154 
0.609818 0.184489 0.537003 0.441776 0.359966 1.000000 0.360201 0.332905 0.327556 0.299721 0.295214 0.338763 0.361175 0.329076 0.349982 0.351375 0.404979 0.375216 0.473869 0.335619 0.385380 0.390541 0.694968 0.468371 0.364431 0.539256 0.356101 0.396198 0.334880 
0.686787 0.307904 0.409487 0.322456 0.367898 0.360201 1.000000 0.493514 0.189573 0.170170 0.165284 0.187063 0.221307 0.185549 0.267624 0.221057 0.253558 0.252905 0.304982 0.273100 0.263598 0.305354 0.325145 0.364840 0.300376 0.434450 0.364456 0.642458 0.401746 
0.266535 0.469872 0.223936 0.104674 0.239365 0.332905 0.493514 1.000000 0.040096 0.050549 0.047057 0.055989 0.058345 0.036005 0.114441 0.048206 0.052844 0.073891 0.141613 0.133058 0.079230 0.111520 0.348355 0.127079 0.147325 0.258068 0.233507 0.519288 0.779737 
0.137163 0.052386 0.628075 0.861451 0.509746 0.327556 0.189573 0.040096 1.000000 0.968074 0.947301 0.975249 0.968491 0.970131 0.738804 0.937371 0.936869 0.881012 0.817105 0.640272 0.839950 0.839266 0.557666 0.821486 0.639731 0.628935 0.512588 0.350429 0.144785 
0.148636 0.077489 0.578580 0.816189 0.421834 0.299721 0.170170 0.050549 0.968074 1.000000 0.980873 0.981147 0.923779 0.957317 0.636320 0.874337 0.887243 0.803537 0.764187 0.573063 0.748772 0.766480 0.500803 0.719840 0.550483 0.524729 0.420216 0.274487 0.127072 
0.149776 0.080267 0.559586 0.831585 0.392827 0.295214 0.165284 0.047057 0.947301 0.980873 1.000000 0.955542 0.895813 0.975794 0.605123 0.859913 0.892913 0.813958 0.730933 0.538947 0.723414 0.794357 0.485201 0.711182 0.515427 0.517814 0.392855 0.259322 0.117305 
0.138724 0.054571 0.621684 0.855727 0.489492 0.338763 0.187063 0.055989 0.975249 0.981147 0.955542 1.000000 0.942885 0.960131 0.678833 0.906863 0.930085 0.829083 0.808735 0.626502 0.806728 0.808613 0.585600 0.786269 0.620508 0.611316 0.485863 0.334195 0.157352 
0.129853 0.031878 0.657285 0.868933 0.575332 0.361175 0.221307 0.058345 0.968491 0.923779 0.895813 0.942885 1.000000 0.938691 0.741764 0.926202 0.941046 0.912526 0.835974 0.666712 0.878225 0.852578 0.627943 0.861333 0.688427 0.709467 0.577448 0.433669 0.197976 
0.137972 0.052555 0.607915 0.895972 0.474350 0.329076 0.185549 0.036005 0.970131 0.957317 0.975794 0.960131 0.938691 1.000000 0.674396 0.919234 0.957280 0.892939 0.778591 0.615331 0.810127 0.880382 0.555924 0.809822 0.606917 0.626520 0.476157 0.332104 0.134728 
0.153663 0.071350 0.586825 0.669384 0.784318 0.349982 0.267624 0.114441 0.738804 0.636320 0.605123 0.678833 0.741764 0.674396 1.000000 0.867961 0.734873 0.708681 0.717082 0.790982 0.907975 0.687996 0.552111 0.806267 0.863565 0.677032 0.777624 0.502087 0.245546 
0.131553 0.036631 0.649247 0.867461 0.683313 0.351375 0.221057 0.048206 0.937371 0.874337 0.859913 0.906863 0.926202 0.919234 0.867961 1.000000 0.942880 0.871085 0.821261 0.813768 0.950921 0.876399 0.597439 0.891178 0.825944 0.712828 0.687532 0.441372 0.180942 
0.138077 0.019346 0.657523 0.964200 0.604121 0.404979 0.253558 0.052844 0.936869 0.887243 0.892913 0.930085 0.941046 0.957280 0.734873 0.942880 1.000000 0.916263 0.811633 0.709573 0.890387 0.941259 0.662736 0.900999 0.721534 0.777484 0.605798 0.468543 0.189770 
0.128998 0.025691 0.613813 0.867518 0.548006 0.375216 0.252905 0.073891 0.881012 0.803537 0.813958 0.829083 0.912526 0.892939 0.708681 0.871085 0.916263 1.000000 0.736186 0.616861 0.842130 0.920067 0.604127 0.879969 0.640619 0.797269 0.557766 0.505712 0.229816 
0.179916 0.055420 0.926170 0.745602 0.598758 0.473869 0.304982 0.141613 0.817105 0.764187 0.730933 0.808735 0.835974 0.778591 0.717082 0.821261 0.811633 0.736186 1.000000 0.646601 0.796363 0.728441 0.693407 0.870942 0.688764 0.699189 0.599704 0.479521 0.238195 
0.161736 0.087701 0.538572 0.650345 0.830041 0.335619 0.273100 0.133058 0.640272 0.573063 0.538947 0.626502 0.666712 0.615331 0.790982 0.813768 0.709573 0.616861 0.646601 1.000000 0.842823 0.675965 0.525345 0.733442 0.928967 0.629673 0.834440 0.493816 0.245459 
0.133444 0.030388 0.655010 0.826498 0.774135 0.385380 0.263598 0.079230 0.839950 0.748772 0.723414 0.806728 0.878225 0.810127 0.907975 0.950921 0.890387 0.842130 0.796363 0.842823 1.000000 0.841527 0.648508 0.906163 0.899019 0.779397 0.772557 0.527820 0.237317 
0.133155 0.014506 0.615046 0.948257 0.615115 0.390541 0.305354 0.111520 0.839266 0.766480 0.794357 0.808613 0.852578 0.880382 0.687996 0.876399 0.941259 0.920067 0.728441 0.675965 0.841527 1.000000 0.609515 0.895764 0.688333 0.815129 0.628543 0.589593 0.269201 
0.221703 0.060520 0.663507 0.650852 0.546946 0.694968 0.325145 0.348355 0.557666 0.500803 0.485201 0.585600 0.627943 0.555924 0.552111 0.597439 0.662736 0.604127 0.693407 0.525345 0.648508 0.609515 1.000000 0.697934 0.590317 0.760224 0.540163 0.511710 0.485109 
0.153510 0.009737 0.809478 0.856629 0.727062 0.468371 0.364840 0.127079 0.821486 0.719840 0.711182 0.786269 0.861333 0.809822 0.806267 0.891178 0.900999 0.879969 0.870942 0.733442 0.906163 0.895764 0.697934 1.000000 0.802950 0.895260 0.739619 0.647855 0.288487 
0.147223 0.057605 0.577725 0.662743 0.903585 0.364431 0.300376 0.147325 0.639731 0.550483 0.515427 0.620508 0.688427 0.606917 0.863565 0.825944 0.721534 0.640619 0.688764 0.928967 0.899019 0.688333 0.590317 0.802950 1.000000 0.732138 0.912124 0.600994 0.319418 
0.157176 0.000000 0.665671 0.778469 0.727575 0.539256 0.434450 0.258068 0.628935 0.524729 0.517814 0.611316 0.709467 0.626520 0.677032 0.712828 0.777484 0.797269 0.699189 0.629673 0.779397 0.815129 0.760224 0.895260 0.732138 1.000000 0.739162 0.788783 0.479607 
0.149257 0.059463 0.524007 0.573703 0.991440 0.356101 0.364456 0.233507 0.512588 0.420216 0.392855 0.485863 0.577448 0.476157 0.777624 0.687532 0.605798 0.557766 0.599704 0.834440 0.772557 0.628543 0.540163 0.739619 0.912124 0.739162 1.000000 0.734363 0.434052 
0.216375 0.075303 0.509198 0.525413 0.724459 0.396198 0.642458 0.519288 0.350429 0.274487 0.259322 0.334195 0.433669 0.332104 0.502087 0.441372 0.468543 0.505712 0.479521 0.493816 0.527820 0.589593 0.511710 0.647855 0.600994 0.788783 0.734363 1.000000 0.703237 
0.158033 0.134075 0.261659 0.227364 0.432154 0.334880 0.401746 0.779737 0.144785 0.127072 0.117305 0.157352 0.197976 0.134728 0.245546 0.180942 0.189770 0.229816 0.238195 0.245459 0.237317 0.269201 0.485109 0.288487 0.319418 0.479607 0.434052 0.703237 1.000000 
