1.000000 0.899187 0.852492 0.818027 0.810847 0.946528 0.959112 0.863366 0.801932 0.809122 0.809809 0.802941 0.797066 0.802456 0.812117 0.798219 0.802524 0.796482 0.826476 0.816751 0.799486 0.799294 0.845878 0.812028 0.808263 0.814159 0.809496 0.843595 0.814652 
0.899187 1.000000 0.770044 0.661932 0.733814 0.828783 0.877319 0.919503 0.720593 0.752631 0.755582 0.723874 0.681901 0.720852 0.745760 0.692513 0.645090 0.665746 0.725116 0.763055 0.678285 0.624781 0.732243 0.597711 0.728238 0.015160 0.730811 0.750242 0.799905 
0.852492 0.770044 1.000000 0.948409 0.931080 0.933249 0.905557 0.846821 0.949635 0.941014 0.937530 0.948557 0.954444 0.946199 0.942494 0.953140 0.954482 0.947215 0.991514 0.933551 0.954076 0.947426 0.955444 0.976789 0.940859 0.955789 0.930712 0.927752 0.861596 
0.818027 0.661932 0.948409 1.000000 0.940423 0.913226 0.881832 0.778204 0.983566 0.977685 0.979717 0.982837 0.984511 0.987869 0.956380 0.984326 0.995957 0.984333 0.967908 0.953319 0.979050 0.994114 0.953402 0.982952 0.955321 0.972558 0.940129 0.930989 0.848251 
0.810847 0.733814 0.931080 0.940423 1.000000 0.892680 0.894844 0.853114 0.927863 0.908551 0.901387 0.923692 0.940425 0.920473 0.973368 0.958571 0.945541 0.935354 0.944605 0.979515 0.971955 0.947438 0.935153 0.965204 0.988798 0.965280 0.999045 0.964819 0.910994 
0.946528 0.828783 0.933249 0.913226 0.892680 1.000000 0.892745 0.884962 0.883371 0.874697 0.873225 0.886678 0.893013 0.883825 0.889894 0.890287 0.904443 0.896805 0.920369 0.885761 0.899472 0.900803 0.960374 0.919176 0.893904 0.933683 0.891610 0.902243 0.885544 
0.959112 0.877319 0.905557 0.881832 0.894844 0.892745 1.000000 0.924532 0.831291 0.821377 0.818723 0.830060 0.845711 0.829312 0.863757 0.845604 0.858591 0.858345 0.876389 0.865703 0.862304 0.876508 0.882646 0.894015 0.874909 0.911530 0.893910 0.952027 0.903638 
0.863366 0.919503 0.846821 0.778204 0.853114 0.884962 0.924532 1.000000 0.699503 0.717742 0.712055 0.725939 0.729271 0.691188 0.785956 0.713966 0.721292 0.748666 0.804782 0.799229 0.754491 0.783701 0.889434 0.795157 0.808326 0.860275 0.850768 0.929777 0.972734 
0.801932 0.720593 0.949635 0.983566 0.927863 0.883371 0.831291 0.699503 1.000000 0.996401 0.994003 0.997219 0.996449 0.996636 0.966924 0.992840 0.992780 0.986023 0.977807 0.951667 0.980807 0.980719 0.937172 0.978388 0.951577 0.949780 0.928436 0.890020 0.806765 
0.809122 0.752631 0.941014 0.977685 0.908551 0.874697 0.821377 0.717742 0.996401 1.000000 0.997856 0.997887 0.991230 0.995165 0.951012 0.985190 0.986795 0.975989 0.970560 0.940012 0.968364 0.970883 0.926040 0.964134 0.935823 0.930854 0.908163 0.866191 0.795151 
0.809809 0.755582 0.937530 0.979717 0.901387 0.873225 0.818723 0.712055 0.994003 0.997856 1.000000 0.994960 0.987850 0.997281 0.945715 0.983371 0.987494 0.977388 0.965773 0.933623 0.964665 0.974744 0.922789 0.962838 0.929006 0.929483 0.901394 0.860738 0.788117 
0.802941 0.723874 0.948557 0.982837 0.923692 0.886678 0.830060 0.725939 0.997219 0.997887 0.994960 1.000000 0.993487 0.995490 0.957871 0.989196 0.991979 0.979389 0.976689 0.949371 0.976419 0.976672 0.942275 0.973636 0.948357 0.946786 0.922929 0.885342 0.814261 
0.797066 0.681901 0.954444 0.984511 0.940425 0.893013 0.845711 0.729271 0.996449 0.991230 0.987850 0.993487 1.000000 0.992995 0.967353 0.991518 0.993271 0.989881 0.980290 0.955955 0.985676 0.982435 0.949613 0.983551 0.959366 0.962580 0.940809 0.911348 0.835306 
0.802456 0.720852 0.946199 0.987869 0.920473 0.883825 0.829312 0.691188 0.996636 0.995165 0.997281 0.995490 0.992995 1.000000 0.957173 0.990686 0.995161 0.987497 0.972575 0.947475 0.976876 0.985944 0.936846 0.976835 0.946026 0.949374 0.920862 0.884725 0.800337 
0.812117 0.745760 0.942494 0.956380 0.973368 0.889894 0.863757 0.785956 0.966924 0.951012 0.945715 0.957871 0.967353 0.957173 1.000000 0.984389 0.966351 0.962462 0.963723 0.974283 0.989331 0.959299 0.936130 0.976357 0.983834 0.957588 0.972441 0.926303 0.855534 
0.798219 0.692513 0.953140 0.984326 0.958571 0.890287 0.845604 0.713966 0.992840 0.985190 0.983371 0.989196 0.991518 0.990686 0.984389 1.000000 0.993486 0.984782 0.978358 0.977362 0.994424 0.985448 0.944373 0.987280 0.978976 0.963086 0.959227 0.913133 0.826998 
0.802524 0.645090 0.954482 0.995957 0.945541 0.904443 0.858591 0.721292 0.992780 0.986795 0.987494 0.991979 0.993271 0.995161 0.966351 0.993486 1.000000 0.990330 0.977077 0.962596 0.987183 0.993296 0.955320 0.988483 0.964386 0.972422 0.945832 0.919214 0.831387 
0.796482 0.665746 0.947215 0.984333 0.935354 0.896805 0.858345 0.748666 0.986023 0.975989 0.977388 0.979389 0.989881 0.987497 0.962462 0.984782 0.990330 1.000000 0.966542 0.947736 0.981090 0.990786 0.945542 0.985893 0.951724 0.975141 0.937191 0.927044 0.849263 
0.826476 0.725116 0.991514 0.967908 0.944605 0.920369 0.876389 0.804782 0.977807 0.970560 0.965773 0.976689 0.980290 0.972575 0.963723 0.978358 0.977077 0.966542 1.000000 0.952707 0.975017 0.965407 0.960134 0.984764 0.959418 0.961021 0.944771 0.921582 0.852649 
0.816751 0.763055 0.933551 0.953319 0.979515 0.885761 0.865703 0.799229 0.951667 0.940012 0.933623 0.949371 0.955955 0.947475 0.974283 0.977362 0.962596 0.947736 0.952707 1.000000 0.981180 0.957420 0.930976 0.966141 0.991846 0.949903 0.980090 0.924595 0.855500 
0.799486 0.678285 0.954076 0.979050 0.971955 0.899472 0.862304 0.754491 0.980807 0.968364 0.964665 0.976419 0.985676 0.976876 0.989331 0.994424 0.987183 0.981090 0.975017 0.981180 1.000000 0.981012 0.953019 0.989111 0.988242 0.972687 0.971735 0.931462 0.852299 
0.799294 0.624781 0.947426 0.994114 0.947438 0.900803 0.876508 0.783701 0.980719 0.970883 0.974744 0.976672 0.982435 0.985944 0.959299 0.985448 0.993296 0.990786 0.965407 0.957420 0.981012 1.000000 0.946476 0.987844 0.959351 0.977544 0.949714 0.942987 0.864321 
0.845878 0.732243 0.955444 0.953402 0.935153 0.960374 0.882646 0.889434 0.937172 0.926040 0.922789 0.942275 0.949613 0.936846 0.936130 0.944373 0.955320 0.945542 0.960134 0.930976 0.953019 0.946476 1.000000 0.960829 0.943116 0.969999 0.933857 0.928259 0.922770 
0.812028 0.597711 0.976789 0.982952 0.965204 0.919176 0.894015 0.795157 0.978388 0.964134 0.962838 0.973636 0.983551 0.976835 0.976357 0.987280 0.988483 0.985893 0.984764 0.966141 0.989111 0.987844 0.960829 1.000000 0.975910 0.987782 0.967042 0.952913 0.870992 
0.808263 0.728238 0.940859 0.955321 0.988798 0.893904 0.874909 0.808326 0.951577 0.935823 0.929006 0.948357 0.959366 0.946026 0.983834 0.978976 0.964386 0.951724 0.959418 0.991846 0.988242 0.959351 0.943116 0.975910 1.000000 0.965950 0.989832 0.944996 0.880905 
0.814159 0.000000 0.955789 0.972558 0.965280 0.933683 0.911530 0.860275 0.949780 0.930854 0.929483 0.946786 0.962580 0.949374 0.957588 0.963086 0.972422 0.975141 0.961021 0.949903 0.972687 0.977544 0.969999 0.987782 0.965950 1.000000 0.966976 0.973982 0.921601 
0.809496 0.730811 0.930712 0.940129 0.999045 0.891610 0.893910 0.850768 0.928436 0.908163 0.901394 0.922929 0.940809 0.920862 0.972441 0.959227 0.945832 0.937191 0.944771 0.980090 0.971735 0.949714 0.933857 0.967042 0.989832 0.966976 1.000000 0.966276 0.911437 
0.843595 0.750242 0.927752 0.930989 0.964819 0.902243 0.952027 0.929777 0.890020 0.866191 0.860738 0.885342 0.911348 0.884725 0.926303 0.913133 0.919214 0.927044 0.921582 0.924595 0.931462 0.942987 0.928259 0.952913 0.944996 0.973982 0.966276 1.000000 0.961637 
0.814652 0.799905 0.861596 0.848251 0.910994 0.885544 0.903638 0.972734 0.806765 0.795151 0.788117 0.814261 0.835306 0.800337 0.855534 0.826998 0.831387 0.849263 0.852649 0.855500 0.852299 0.864321 0.922770 0.870992 0.880905 0.921601 0.911437 0.961637 1.000000 
