1.000000 0.072804 0.277245 0.161114 0.229097 0.201842 0.138870 0.095507 0.071338 0.014998 0.049876 0.000000 0.003316 0.020672 0.167648 0.042449 0.015045 0.044620 0.012174 0.148324 0.079153 0.110668 0.050342 0.043102 0.121627 0.063456 0.126351 0.116208 0.139741 
0.072804 1.000000 0.013067 0.051545 0.184836 0.261965 0.335592 0.454033 0.057855 0.031117 0.103256 0.065041 0.074892 0.075775 0.157039 0.076142 0.095113 0.124216 0.100193 0.165923 0.107572 0.157590 0.191476 0.165486 0.172738 0.235919 0.175162 0.281074 0.275391 
0.277245 0.013067 1.000000 0.479451 0.308058 0.209958 0.178210 0.115895 0.606032 0.519457 0.292392 0.408210 0.464196 0.300548 0.391639 0.473421 0.285021 0.267308 0.399846 0.289842 0.433052 0.268449 0.210080 0.241328 0.257297 0.172390 0.259452 0.163112 0.173317 
0.161114 0.051545 0.479451 1.000000 0.261296 0.330081 0.217221 0.128494 0.410546 0.656605 0.552011 0.491064 0.401970 0.653365 0.359962 0.448726 0.524573 0.398561 0.386469 0.337644 0.385756 0.427172 0.271791 0.307524 0.259874 0.233513 0.246672 0.191085 0.171597 
0.229097 0.184836 0.308058 0.261296 1.000000 0.229672 0.222354 0.193076 0.327171 0.288893 0.235530 0.285546 0.297211 0.256815 0.314034 0.499982 0.257681 0.248668 0.306341 0.368845 0.544417 0.215316 0.229471 0.253789 0.410139 0.237855 0.306021 0.232249 0.196177 
0.201842 0.261965 0.209958 0.330081 0.229672 1.000000 0.355861 0.337323 0.182870 0.235451 0.246739 0.525942 0.350663 0.400474 0.178214 0.259696 0.437979 0.407056 0.373331 0.273579 0.320486 0.298631 0.535630 0.429651 0.315939 0.448365 0.295930 0.315699 0.387389 
0.138870 0.335592 0.178210 0.217221 0.222354 0.355861 1.000000 0.513232 0.161096 0.167385 0.213701 0.250270 0.232259 0.221108 0.176477 0.200161 0.410111 0.267602 0.442132 0.198892 0.245081 0.423789 0.343740 0.618126 0.337873 0.680876 0.369348 0.712949 0.343705 
0.095507 0.454033 0.115895 0.128494 0.193076 0.337323 0.513232 1.000000 0.142969 0.116700 0.172637 0.226565 0.206338 0.172831 0.185435 0.153096 0.225247 0.256591 0.228786 0.194224 0.182040 0.225136 0.538619 0.355303 0.268805 0.577119 0.236055 0.602837 0.669678 
0.071338 0.057855 0.606032 0.410546 0.327171 0.182870 0.161096 0.142969 1.000000 0.731508 0.441055 0.509273 0.661183 0.403924 0.444830 0.682499 0.366248 0.348732 0.491951 0.292641 0.477303 0.247313 0.254275 0.299136 0.304855 0.223814 0.311745 0.185966 0.190435 
0.014998 0.031117 0.519457 0.656605 0.288893 0.235451 0.167385 0.116700 0.731508 1.000000 0.701769 0.688640 0.719719 0.664453 0.497083 0.700850 0.520796 0.439626 0.574288 0.408686 0.532720 0.393329 0.288233 0.347388 0.329605 0.232939 0.310168 0.184023 0.174450 
0.049876 0.103256 0.292392 0.552011 0.235530 0.246739 0.213701 0.172637 0.441055 0.701769 1.000000 0.567373 0.456534 0.730792 0.397399 0.501700 0.596824 0.479861 0.458678 0.265135 0.358857 0.420197 0.350681 0.390498 0.309327 0.298379 0.289047 0.237990 0.207109 
0.000000 0.065041 0.408210 0.491064 0.285546 0.525942 0.250270 0.226565 0.509273 0.688640 0.567373 1.000000 0.667569 0.678417 0.309690 0.555109 0.641997 0.575561 0.645813 0.382263 0.522664 0.401470 0.603586 0.487041 0.416756 0.407995 0.384038 0.265380 0.295683 
0.003316 0.074892 0.464196 0.401970 0.297211 0.350663 0.232259 0.206338 0.661183 0.719719 0.456534 0.667569 1.000000 0.535898 0.328611 0.599299 0.528687 0.579490 0.635792 0.358096 0.511117 0.322152 0.453736 0.439914 0.371773 0.344264 0.392370 0.252468 0.294662 
0.020672 0.075775 0.300548 0.653365 0.256815 0.400474 0.221108 0.172831 0.403924 0.664453 0.730792 0.678417 0.535898 1.000000 0.263704 0.506198 0.709820 0.714803 0.497150 0.461082 0.462226 0.436663 0.452711 0.493477 0.325948 0.356090 0.331427 0.260012 0.210684 
0.167648 0.157039 0.391639 0.359962 0.314034 0.178214 0.176477 0.185435 0.444830 0.497083 0.397399 0.309690 0.328611 0.263704 1.000000 0.471644 0.241516 0.236273 0.275938 0.244534 0.417479 0.220320 0.219138 0.227790 0.238018 0.203889 0.223951 0.197030 0.202736 
0.042449 0.076142 0.473421 0.448726 0.499982 0.259696 0.200161 0.153096 0.682499 0.700850 0.501700 0.555109 0.599299 0.506198 0.471644 1.000000 0.443638 0.391980 0.543317 0.533560 0.833366 0.310459 0.286811 0.353840 0.482889 0.283600 0.409718 0.227808 0.187788 
0.015045 0.095113 0.285021 0.524573 0.257681 0.437979 0.410111 0.225247 0.366248 0.520796 0.596824 0.641997 0.528687 0.709820 0.241516 0.443638 1.000000 0.653214 0.660369 0.301334 0.404571 0.629715 0.528350 0.668361 0.423372 0.558710 0.440389 0.379264 0.261381 
0.044620 0.124216 0.267308 0.398561 0.248668 0.407056 0.267602 0.256591 0.348732 0.439626 0.479861 0.575561 0.579490 0.714803 0.236273 0.391980 0.653214 1.000000 0.469139 0.403795 0.410409 0.387854 0.567441 0.534257 0.324473 0.405218 0.383594 0.320140 0.309863 
0.012174 0.100193 0.399846 0.386469 0.306341 0.373331 0.442132 0.228786 0.491951 0.574288 0.458678 0.645813 0.635792 0.497150 0.275938 0.543317 0.660369 0.469139 1.000000 0.306442 0.514813 0.642615 0.505945 0.638526 0.464443 0.504576 0.541795 0.367555 0.278894 
0.148324 0.165923 0.289842 0.337644 0.368845 0.273579 0.198892 0.194224 0.292641 0.408686 0.265135 0.382263 0.358096 0.461082 0.244534 0.533560 0.301334 0.403795 0.306442 1.000000 0.723712 0.296696 0.244821 0.270124 0.336817 0.263875 0.325930 0.229458 0.214495 
0.079153 0.107572 0.433052 0.385756 0.544417 0.320486 0.245081 0.182040 0.477303 0.532720 0.358857 0.522664 0.511117 0.462226 0.417479 0.833366 0.404571 0.410409 0.514813 0.723712 1.000000 0.274814 0.315804 0.362342 0.531657 0.311383 0.402935 0.259246 0.201842 
0.110668 0.157590 0.268449 0.427172 0.215316 0.298631 0.423789 0.225136 0.247313 0.393329 0.420197 0.401470 0.322152 0.436663 0.220320 0.310459 0.629715 0.387854 0.642615 0.296696 0.274814 1.000000 0.386125 0.511671 0.314910 0.454096 0.402300 0.344328 0.244638 
0.050342 0.191476 0.210080 0.271791 0.229471 0.535630 0.343740 0.538619 0.254275 0.288233 0.350681 0.603586 0.453736 0.452711 0.219138 0.286811 0.528350 0.567441 0.505945 0.244821 0.315804 0.386125 1.000000 0.529669 0.417669 0.577691 0.339867 0.381183 0.712760 
0.043102 0.165486 0.241328 0.307524 0.253789 0.429651 0.618126 0.355303 0.299136 0.347388 0.390498 0.487041 0.439914 0.493477 0.227790 0.353840 0.668361 0.534257 0.638526 0.270124 0.362342 0.511671 0.529669 1.000000 0.458208 0.707175 0.550488 0.652635 0.268704 
0.121627 0.172738 0.257297 0.259874 0.410139 0.315939 0.337873 0.268805 0.304855 0.329605 0.309327 0.416756 0.371773 0.325948 0.238018 0.482889 0.423372 0.324473 0.464443 0.336817 0.531657 0.314910 0.417669 0.458208 1.000000 0.423518 0.397783 0.415108 0.236208 
0.063456 0.235919 0.172390 0.233513 0.237855 0.448365 0.680876 0.577119 0.223814 0.232939 0.298379 0.407995 0.344264 0.356090 0.203889 0.283600 0.558710 0.405218 0.504576 0.263875 0.311383 0.454096 0.577691 0.707175 0.423518 1.000000 0.469512 0.669923 0.544766 
0.126351 0.175162 0.259452 0.246672 0.306021 0.295930 0.369348 0.236055 0.311745 0.310168 0.289047 0.384038 0.392370 0.331427 0.223951 0.409718 0.440389 0.383594 0.541795 0.325930 0.402935 0.402300 0.339867 0.550488 0.397783 0.469512 1.000000 0.300575 0.217589 
0.116208 0.281074 0.163112 0.191085 0.232249 0.315699 0.712949 0.602837 0.185966 0.184023 0.237990 0.265380 0.252468 0.260012 0.197030 0.227808 0.379264 0.320140 0.367555 0.229458 0.259246 0.344328 0.381183 0.652635 0.415108 0.669923 0.300575 1.000000 0.395950 
0.139741 0.275391 0.173317 0.171597 0.196177 0.387389 0.343705 0.669678 0.190435 0.174450 0.207109 0.295683 0.294662 0.210684 0.202736 0.187788 0.261381 0.309863 0.278894 0.214495 0.201842 0.244638 0.712760 0.268704 0.236208 0.544766 0.217589 0.395950 1.000000 
