1.000000 0.001698 0.192138 0.271949 0.230889 0.231572 0.219031 0.000000 0.097284 0.093517 0.105777 0.085338 0.096922 0.072132 0.077383 0.098815 0.079988 0.102841 0.100133 0.159423 0.104807 0.167937 0.065472 0.089253 0.128568 0.090779 0.090545 0.081552 0.011150 
0.001698 1.000000 0.034141 0.041957 0.057752 0.070212 0.193264 0.438614 0.043719 0.020571 0.030202 0.029498 0.029589 0.009852 0.058400 0.034644 0.008038 0.034972 0.046342 0.063749 0.043507 0.063990 0.037296 0.037952 0.070338 0.064659 0.089682 0.148198 0.194087 
0.192138 0.034141 1.000000 0.193749 0.153852 0.382070 0.161690 0.069785 0.530211 0.527834 0.135764 0.374465 0.707025 0.175967 0.293883 0.371820 0.265900 0.190270 0.494200 0.106190 0.378696 0.123580 0.273172 0.305789 0.149093 0.176195 0.118688 0.116254 0.079688 
0.271949 0.041957 0.193749 1.000000 0.187817 0.244657 0.329324 0.042480 0.155079 0.296232 0.642513 0.179576 0.154425 0.525659 0.147782 0.230498 0.457162 0.175926 0.163432 0.257428 0.161164 0.608227 0.213114 0.229417 0.112844 0.253017 0.123366 0.118444 0.067920 
0.230889 0.057752 0.153852 0.187817 1.000000 0.190654 0.185238 0.084495 0.117288 0.114689 0.097659 0.144686 0.115824 0.097878 0.098657 0.292975 0.140740 0.122342 0.105173 0.626103 0.296653 0.100365 0.129900 0.151403 0.543827 0.126258 0.282458 0.172775 0.083505 
0.231572 0.070212 0.382070 0.244657 0.190654 1.000000 0.277942 0.155546 0.254152 0.218117 0.281479 0.389599 0.402935 0.384998 0.155714 0.250515 0.439354 0.698968 0.344176 0.105387 0.245603 0.218971 0.640637 0.397028 0.305404 0.493969 0.153103 0.189379 0.136500 
0.219031 0.193264 0.161690 0.329324 0.185238 0.277942 1.000000 0.337593 0.122246 0.127194 0.165550 0.126503 0.129617 0.175669 0.111319 0.161316 0.289783 0.150105 0.259944 0.120365 0.141091 0.514127 0.193917 0.323367 0.220967 0.514075 0.473104 0.700659 0.211216 
0.000000 0.438614 0.069785 0.042480 0.084495 0.155546 0.337593 1.000000 0.084532 0.071729 0.061331 0.082303 0.122390 0.090911 0.088526 0.066079 0.105009 0.109027 0.099460 0.082344 0.079111 0.093368 0.244158 0.124876 0.109728 0.255475 0.215674 0.468561 0.795228 
0.097284 0.043719 0.530211 0.155079 0.117288 0.254152 0.122246 0.084532 1.000000 0.464698 0.184618 0.451745 0.546962 0.242539 0.554919 0.317958 0.262154 0.173700 0.430234 0.106579 0.220946 0.114623 0.255223 0.278582 0.133450 0.163516 0.138664 0.118969 0.096809 
0.093517 0.020571 0.527834 0.296232 0.114689 0.218117 0.127194 0.071729 0.464698 1.000000 0.367392 0.432637 0.490682 0.423513 0.443532 0.439338 0.459564 0.209492 0.413676 0.128828 0.288124 0.195026 0.289223 0.331893 0.142760 0.213962 0.151055 0.138117 0.107514 
0.105777 0.030202 0.135764 0.642513 0.097659 0.281479 0.165550 0.061331 0.184618 0.367392 1.000000 0.277972 0.168622 0.777821 0.199412 0.274856 0.604489 0.231140 0.197243 0.119806 0.204547 0.357279 0.246397 0.272480 0.109931 0.263058 0.137365 0.114438 0.078519 
0.085338 0.029498 0.374465 0.179576 0.144686 0.389599 0.126503 0.082303 0.451745 0.432637 0.277972 1.000000 0.460203 0.405530 0.276633 0.437701 0.410626 0.397557 0.352215 0.111917 0.309972 0.162703 0.458523 0.349578 0.164706 0.268768 0.111421 0.098909 0.102421 
0.096922 0.029589 0.707025 0.154425 0.115824 0.402935 0.129617 0.122390 0.546962 0.490682 0.168622 0.460203 1.000000 0.287708 0.353308 0.330314 0.363690 0.309189 0.459876 0.116751 0.352757 0.121516 0.495553 0.258984 0.135137 0.222115 0.134586 0.172721 0.163348 
0.072132 0.009852 0.175967 0.525659 0.097878 0.384998 0.175669 0.090911 0.242539 0.423513 0.777821 0.405530 0.287708 1.000000 0.209457 0.335474 0.732855 0.453617 0.262016 0.120773 0.247628 0.370073 0.546652 0.415508 0.121734 0.390719 0.149220 0.132245 0.135514 
0.077383 0.058400 0.293883 0.147782 0.098657 0.155714 0.111319 0.088526 0.554919 0.443532 0.199412 0.276633 0.353308 0.209457 1.000000 0.258134 0.212304 0.123820 0.398086 0.118686 0.159467 0.157565 0.192621 0.231541 0.105808 0.167005 0.117532 0.111350 0.111173 
0.098815 0.034644 0.371820 0.230498 0.292975 0.250515 0.161316 0.066079 0.317958 0.439338 0.274856 0.437701 0.330314 0.335474 0.258134 1.000000 0.424911 0.194483 0.349030 0.163387 0.533457 0.183739 0.235295 0.453358 0.342678 0.204711 0.234643 0.130154 0.091305 
0.079988 0.008038 0.265900 0.457162 0.140740 0.439354 0.289783 0.105009 0.262154 0.459564 0.604489 0.410626 0.363690 0.732855 0.212304 0.424911 1.000000 0.478549 0.368637 0.166682 0.354280 0.390525 0.500848 0.570217 0.190873 0.467824 0.224302 0.279789 0.128923 
0.102841 0.034972 0.190270 0.175926 0.122342 0.698968 0.150105 0.109027 0.173700 0.209492 0.231140 0.397557 0.309189 0.453617 0.123820 0.194483 0.478549 1.000000 0.303516 0.101749 0.178842 0.149546 0.704010 0.342265 0.239808 0.397886 0.122966 0.138348 0.120687 
0.100133 0.046342 0.494200 0.163432 0.105173 0.344176 0.259944 0.099460 0.430234 0.413676 0.197243 0.352215 0.459876 0.262016 0.398086 0.349030 0.368637 0.303516 1.000000 0.117874 0.232406 0.196607 0.320585 0.378714 0.142719 0.335550 0.168750 0.193788 0.100777 
0.159423 0.063749 0.106190 0.257428 0.626103 0.105387 0.120365 0.082344 0.106579 0.128828 0.119806 0.111917 0.116751 0.120773 0.118686 0.163387 0.166682 0.101749 0.117874 1.000000 0.222886 0.140808 0.105957 0.155900 0.186041 0.151666 0.233726 0.131719 0.093086 
0.104807 0.043507 0.378696 0.161164 0.296653 0.245603 0.141091 0.079111 0.220946 0.288124 0.204547 0.309972 0.352757 0.247628 0.159467 0.533457 0.354280 0.178842 0.232406 0.222886 1.000000 0.158754 0.216944 0.328910 0.324722 0.251686 0.241197 0.151653 0.114481 
0.167937 0.063990 0.123580 0.608227 0.100365 0.218971 0.514127 0.093368 0.114623 0.195026 0.357279 0.162703 0.121516 0.370073 0.157565 0.183739 0.390525 0.149546 0.196607 0.140808 0.158754 1.000000 0.178969 0.275365 0.129580 0.449959 0.189742 0.266407 0.106497 
0.065472 0.037296 0.273172 0.213114 0.129900 0.640637 0.193917 0.244158 0.255223 0.289223 0.246397 0.458523 0.495553 0.546652 0.192621 0.235295 0.500848 0.704010 0.320585 0.105957 0.216944 0.178969 1.000000 0.371645 0.257601 0.454060 0.128041 0.213398 0.292676 
0.089253 0.037952 0.305789 0.229417 0.151403 0.397028 0.323367 0.124876 0.278582 0.331893 0.272480 0.349578 0.258984 0.415508 0.231541 0.453358 0.570217 0.342265 0.378714 0.155900 0.328910 0.275365 0.371645 1.000000 0.200825 0.532265 0.231817 0.297207 0.142241 
0.128568 0.070338 0.149093 0.112844 0.543827 0.305404 0.220967 0.109728 0.133450 0.142760 0.109931 0.164706 0.135137 0.121734 0.105808 0.342678 0.190873 0.239808 0.142719 0.186041 0.324722 0.129580 0.257601 0.200825 1.000000 0.175799 0.310900 0.206619 0.098762 
0.090779 0.064659 0.176195 0.253017 0.126258 0.493969 0.514075 0.255475 0.163516 0.213962 0.263058 0.268768 0.222115 0.390719 0.167005 0.204711 0.467824 0.397886 0.335550 0.151666 0.251686 0.449959 0.454060 0.532265 0.175799 1.000000 0.348884 0.459596 0.242255 
0.090545 0.089682 0.118688 0.123366 0.282458 0.153103 0.473104 0.215674 0.138664 0.151055 0.137365 0.111421 0.134586 0.149220 0.117532 0.234643 0.224302 0.122966 0.168750 0.233726 0.241197 0.189742 0.128041 0.231817 0.310900 0.348884 1.000000 0.583772 0.191202 
0.081552 0.148198 0.116254 0.118444 0.172775 0.189379 0.700659 0.468561 0.118969 0.138117 0.114438 0.098909 0.172721 0.132245 0.111350 0.130154 0.279789 0.138348 0.193788 0.131719 0.151653 0.266407 0.213398 0.297207 0.206619 0.459596 0.583772 1.000000 0.443354 
0.011150 0.194087 0.079688 0.067920 0.083505 0.136500 0.211216 0.795228 0.096809 0.107514 0.078519 0.102421 0.163348 0.135514 0.111173 0.091305 0.128923 0.120687 0.100777 0.093086 0.114481 0.106497 0.292676 0.142241 0.098762 0.242255 0.191202 0.443354 1.000000 
