1.000000 0.438614 0.194087 0.089682 0.193264 0.148198 0.001698 0.070338 0.057752 0.063749 0.034644 0.043507 0.043719 0.058400 0.020571 0.029498 0.046342 0.034141 0.029589 0.063990 0.041957 0.030202 0.009852 0.008038 0.070212 0.034972 0.037296 0.037952 0.064659
0.438614 1.000000 0.795228 0.215674 0.337593 0.468561 0.000000 0.109728 0.084495 0.082344 0.066079 0.079111 0.084532 0.088526 0.071729 0.082303 0.099460 0.069785 0.122390 0.093368 0.042480 0.061331 0.090911 0.105009 0.155546 0.109027 0.244158 0.124876 0.255475
0.194087 0.795228 1.000000 0.191202 0.211216 0.443354 0.011150 0.098762 0.083505 0.093086 0.091305 0.114481 0.096809 0.111173 0.107514 0.102421 0.100777 0.079688 0.163348 0.106497 0.067920 0.078519 0.135514 0.128923 0.136500 0.120687 0.292676 0.142241 0.242255
0.089682 0.215674 0.191202 1.000000 0.473104 0.583772 0.090545 0.310900 0.282458 0.233726 0.234643 0.241197 0.138664 0.117532 0.151055 0.111421 0.168750 0.118688 0.134586 0.189742 0.123366 0.137365 0.149220 0.224302 0.153103 0.122966 0.128041 0.231817 0.348884
0.193264 0.337593 0.211216 0.473104 1.000000 0.700659 0.219031 0.220967 0.185238 0.120365 0.161316 0.141091 0.122246 0.111319 0.127194 0.126503 0.259944 0.161690 0.129617 0.514127 0.329324 0.165550 0.175669 0.289783 0.277942 0.150105 0.193917 0.323367 0.514075
0.148198 0.468561 0.443354 0.583772 0.700659 1.000000 0.081552 0.206619 0.172775 0.131719 0.130154 0.151653 0.118969 0.111350 0.138117 0.098909 0.193788 0.116254 0.172721 0.266407 0.118444 0.114438 0.132245 0.279789 0.189379 0.138348 0.213398 0.297207 0.459596
0.001698 0.000000 0.011150 0.090545 0.219031 0.081552 1.000000 0.128568 0.230889 0.159423 0.098815 0.104807 0.097284 0.077383 0.093517 0.085338 0.100133 0.192138 0.096922 0.167937 0.271949 0.105777 0.072132 0.079988 0.231572 0.102841 0.065472 0.089253 0.090779
0.070338 0.109728 0.098762 0.310900 0.220967 0.206619 0.128568 1.000000 0.543827 0.186041 0.342678 0.324722 0.133450 0.105808 0.142760 0.164706 0.142719 0.149093 0.135137 0.129580 0.112844 0.109931 0.121734 0.190873 0.305404 0.239808 0.257601 0.200825 0.175799
0.057752 0.084495 0.083505 0.282458 0.185238 0.172775 0.230889 0.543827 1.000000 0.626103 0.292975 0.296653 0.117288 0.098657 0.114689 0.144686 0.105173 0.153852 0.115824 0.100365 0.187817 0.097659 0.097878 0.140740 0.190654 0.122342 0.129900 0.151403 0.126258
0.063749 0.082344 0.093086 0.233726 0.120365 0.131719 0.159423 0.186041 0.626103 1.000000 0.163387 0.222886 0.106579 0.118686 0.128828 0.111917 0.117874 0.106190 0.116751 0.140808 0.257428 0.119806 0.120773 0.166682 0.105387 0.101749 0.105957 0.155900 0.151666
0.034644 0.066079 0.091305 0.234643 0.161316 0.130154 0.098815 0.342678 0.292975 0.163387 1.000000 0.533457 0.317958 0.258134 0.439338 0.437701 0.349030 0.371820 0.330314 0.183739 0.230498 0.274856 0.335474 0.424911 0.250515 0.194483 0.235295 0.453358 0.204711
0.043507 0.079111 0.114481 0.241197 0.141091 0.151653 0.104807 0.324722 0.296653 0.222886 0.533457 1.000000 0.220946 0.159467 0.288124 0.309972 0.232406 0.378696 0.352757 0.158754 0.161164 0.204547 0.247628 0.354280 0.245603 0.178842 0.216944 0.328910 0.251686
0.043719 0.084532 0.096809 0.138664 0.122246 0.118969 0.097284 0.133450 0.117288 0.106579 0.317958 0.220946 1.000000 0.554919 0.464698 0.451745 0.430234 0.530211 0.546962 0.114623 0.155079 0.184618 0.242539 0.262154 0.254152 0.173700 0.255223 0.278582 0.163516
0.058400 0.088526 0.111173 0.117532 0.111319 0.111350 0.077383 0.105808 0.098657 0.118686 0.258134 0.159467 0.554919 1.000000 0.443532 0.276633 0.398086 0.293883 0.353308 0.157565 0.147782 0.199412 0.209457 0.212304 0.155714 0.123820 0.192621 0.231541 0.167005
0.020571 0.071729 0.107514 0.151055 0.127194 0.138117 0.093517 0.142760 0.114689 0.128828 0.439338 0.288124 0.464698 0.443532 1.000000 0.432637 0.413676 0.527834 0.490682 0.195026 0.296232 0.367392 0.423513 0.459564 0.218117 0.209492 0.289223 0.331893 0.213962
0.029498 0.082303 0.102421 0.111421 0.126503 0.098909 0.085338 0.164706 0.144686 0.111917 0.437701 0.309972 0.451745 0.276633 0.432637 1.000000 0.352215 0.374465 0.460203 0.162703 0.179576 0.277972 0.405530 0.410626 0.389599 0.397557 0.458523 0.349578 0.268768
0.046342 0.099460 0.100777 0.168750 0.259944 0.193788 0.100133 0.142719 0.105173 0.117874 0.349030 0.232406 0.430234 0.398086 0.413676 0.352215 1.000000 0.494200 0.459876 0.196607 0.163432 0.197243 0.262016 0.368637 0.344176 0.303516 0.320585 0.378714 0.335550
0.034141 0.069785 0.079688 0.118688 0.161690 0.116254 0.192138 0.149093 0.153852 0.106190 0.371820 0.378696 0.530211 0.293883 0.527834 0.374465 0.494200 1.000000 0.707025 0.123580 0.193749 0.135764 0.175967 0.265900 0.382070 0.190270 0.273172 0.305789 0.176195
0.029589 0.122390 0.163348 0.134586 0.129617 0.172721 0.096922 0.135137 0.115824 0.116751 0.330314 0.352757 0.546962 0.353308 0.490682 0.460203 0.459876 0.707025 1.000000 0.121516 0.154425 0.168622 0.287708 0.363690 0.402935 0.309189 0.495553 0.258984 0.222115
0.063990 0.093368 0.106497 0.189742 0.514127 0.266407 0.167937 0.129580 0.100365 0.140808 0.183739 0.158754 0.114623 0.157565 0.195026 0.162703 0.196607 0.123580 0.121516 1.000000 0.608227 0.357279 0.370073 0.390525 0.218971 0.149546 0.178969 0.275365 0.449959
0.041957 0.042480 0.067920 0.123366 0.329324 0.118444 0.271949 0.112844 0.187817 0.257428 0.230498 0.161164 0.155079 0.147782 0.296232 0.179576 0.163432 0.193749 0.154425 0.608227 1.000000 0.642513 0.525659 0.457162 0.244657 0.175926 0.213114 0.229417 0.253017
0.030202 0.061331 0.078519 0.137365 0.165550 0.114438 0.105777 0.109931 0.097659 0.119806 0.274856 0.204547 0.184618 0.199412 0.367392 0.277972 0.197243 0.135764 0.168622 0.357279 0.642513 1.000000 0.777821 0.604489 0.281479 0.231140 0.246397 0.272480 0.263058
0.009852 0.090911 0.135514 0.149220 0.175669 0.132245 0.072132 0.121734 0.097878 0.120773 0.335474 0.247628 0.242539 0.209457 0.423513 0.405530 0.262016 0.175967 0.287708 0.370073 0.525659 0.777821 1.000000 0.732855 0.384998 0.453617 0.546652 0.415508 0.390719
0.008038 0.105009 0.128923 0.224302 0.289783 0.279789 0.079988 0.190873 0.140740 0.166682 0.424911 0.354280 0.262154 0.212304 0.459564 0.410626 0.368637 0.265900 0.363690 0.390525 0.457162 0.604489 0.732855 1.000000 0.439354 0.478549 0.500848 0.570217 0.467824
0.070212 0.155546 0.136500 0.153103 0.277942 0.189379 0.231572 0.305404 0.190654 0.105387 0.250515 0.245603 0.254152 0.155714 0.218117 0.389599 0.344176 0.382070 0.402935 0.218971 0.244657 0.281479 0.384998 0.439354 1.000000 0.698968 0.640637 0.397028 0.493969
0.034972 0.109027 0.120687 0.122966 0.150105 0.138348 0.102841 0.239808 0.122342 0.101749 0.194483 0.178842 0.173700 0.123820 0.209492 0.397557 0.303516 0.190270 0.309189 0.149546 0.175926 0.231140 0.453617 0.478549 0.698968 1.000000 0.704010 0.342265 0.397886
0.037296 0.244158 0.292676 0.128041 0.193917 0.213398 0.065472 0.257601 0.129900 0.105957 0.235295 0.216944 0.255223 0.192621 0.289223 0.458523 0.320585 0.273172 0.495553 0.178969 0.213114 0.246397 0.546652 0.500848 0.640637 0.704010 1.000000 0.371645 0.454060
0.037952 0.124876 0.142241 0.231817 0.323367 0.297207 0.089253 0.200825 0.151403 0.155900 0.453358 0.328910 0.278582 0.231541 0.331893 0.349578 0.378714 0.305789 0.258984 0.275365 0.229417 0.272480 0.415508 0.570217 0.397028 0.342265 0.371645 1.000000 0.532265
0.064659 0.255475 0.242255 0.348884 0.514075 0.459596 0.090779 0.175799 0.126258 0.151666 0.204711 0.251686 0.163516 0.167005 0.213962 0.268768 0.335550 0.176195 0.222115 0.449959 0.253017 0.263058 0.390719 0.467824 0.493969 0.397886 0.454060 0.532265 1.000000
