0.0000 15.0333 14.9666 13.0384 13.6382 17.4929 13.4907 18.3848 12.8841 13.4907 15.2971 10.0000 13.6382 15.0997 15.6205 13.5647 11.9164 14.2127 16.0624 13.4907 15.5563 14.1421 13.4164 13.4164 14.1421 10.2956 11.4018 19.4422 15.2315 11.4891 35.0143 37.6563 34.1760 36.9324 36.0000 36.7696 35.8608 34.1174 37.6032 36.6060 36.7967 35.1283 36.6060 35.6090 36.0971 37.9737 37.0810 35.7211 34.2637 35.5809 36.9865 36.9053 34.5977 37.3631 37.2022 39.5474 35.7491 34.8999 34.8569 36.1386 14.0712 14.4222 18.9209 12.8841 13.7113 15.1658 19.1833 17.8885 18.8680 17.2627 18.4391 18.1659 19.3391 18.3848 19.7990 19.4422 16.6132 15.2315 17.4356 17.5499 13.8564 15.8745 16.8523 11.7047 18.7617 16.6132 16.9115 18.0555 16.4317 12.3288 23.4094 25.1794 26.9815 25.1794 21.1187 24.3311 23.6643 22.7596 21.4476 24.7386 27.7489 29.5296 21.3542 26.1534 24.0416 24.3311 27.8568 21.7715 27.6405 22.0454 29.4958 25.7682 21.8174 25.8844 22.6274 29.6311 23.5372 23.4947 22.0454 23.9165 34.2929 38.2230 33.8231 35.9722 35.2846 36.3043 33.4963 33.9411 37.9210 35.4542 36.9865 35.4119 35.8608 39.9375 33.8231 36.2767 32.1248 37.7359 35.2704 33.8821 35.0428 35.2136 37.5500 34.5109 35.4683 35.2278 34.5543 39.1791 37.5366 34.2783
15.0333 0.0000 16.7929 12.1655 14.2829 15.2315 18.8149 14.2829 13.7840 15.6205 13.6382 13.1149 16.3707 16.1864 14.4914 16.6733 15.3623 14.8324 12.0830 16.7332 16.6132 12.5698 12.1655 14.8997 17.1464 16.1864 16.3095 18.7617 19.4422 10.9545 32.2800 34.8138 32.1248 34.3802 32.8938 34.1760 33.5261 32.7109 34.9857 34.1467 33.9706 33.5559 32.0624 32.4654 34.5398 33.7343 31.5753 34.0000 31.5278 33.3467 33.4664 34.8425 33.0000 35.2420 33.8231 35.7491 33.1662 32.8634 32.5730 32.9242 13.8564 15.0333 15.7480 13.7840 11.7473 13.4907 18.2209 17.6068 16.1245 18.5472 14.0000 14.8324 20.1990 16.9115 16.4317 9.0554 11.4018 14.0000 17.6068 16.7332 15.0333 12.9615 15.1658 10.8167 16.6132 15.3623 18.8680 16.8523 18.1659 15.2971 26.8701 22.9783 26.1151 24.2899 20.6398 23.7487 18.9737 23.4094 20.0000 24.5357 24.4949 25.0200 24.0000 27.6043 20.4939 21.9089 24.5764 22.0907 25.6125 22.9783 27.4226 22.7596 21.6333 24.1247 24.4540 25.7682 21.7256 23.7065 21.4009 23.5797 32.6803 34.2199 31.7175 32.9848 30.7734 32.9545 30.7246 32.1870 34.1467 32.4808 34.0588 32.2490 31.4643 36.0694 31.6544 33.0757 29.3598 34.7851 31.5278 29.6311 32.1870 31.4325 33.6155 30.9354 32.9848 31.6386 32.5269 35.1994 34.1906 30.4795
14.9666 16.7929 0.0000 11.8322 7.8740 11.8322 14.6287 19.6469 12.3288 13.3417 12.2474 12.0830 14.2127 10.2956 12.4097 11.6619 14.0000 14.3527 11.6619 12.8841 9.8995 10.8628 15.9374 9.2736 10.7703 11.0454 16.7332 13.4907 12.3288 10.0000 35.6651 37.1484 35.6090 37.0945 37.2559 36.5513 35.7771 35.8329 37.6032 37.0135 37.2827 34.6121 36.4143 34.5543 36.3731 37.2827 35.7071 36.7151 34.0881 35.6651 36.4692 36.6606 34.7131 38.0000 37.4700 37.4433 35.6090 34.8425 35.1710 35.9166 14.1421 12.8062 16.0000 15.4919 13.2665 12.8841 15.3623 20.3961 12.9615 15.6844 19.5448 18.0000 19.1833 14.7648 13.7113 17.8326 17.3781 14.8324 16.3707 12.8841 12.3288 16.0000 13.6382 13.6748 14.7648 15.5563 17.1464 17.3781 17.7764 13.5647 24.4131 24.2899 24.2899 26.0384 22.0907 22.1811 22.5389 20.8806 19.0263 23.9583 25.1794 25.8844 21.2603 24.2074 24.6982 20.5426 23.4947 21.5407 25.6905 22.5389 28.4956 27.3861 24.2074 24.5764 21.6333 25.0998 23.6643 22.3159 22.0000 25.0998 34.5543 37.6165 33.0454 35.2136 34.9428 36.5513 32.7414 33.7046 37.1753 34.8855 36.1939 35.1283 35.5528 39.2810 33.8526 35.7491 31.8748 37.3095 36.8782 32.5576 33.7639 35.2704 36.0832 34.3657 35.1852 33.4813 35.2420 36.9459 37.7492 33.7787
13.0384 12.1655 11.8322 0.0000 9.4868 14.4222 17.3781 18.4391 5.8310 15.7480 13.6382 12.7279 16.6733 10.3923 9.5917 15.2971 13.8564 15.3623 13.4164 14.6969 14.4914 10.1980 13.7113 13.2665 13.0384 15.0333 14.0712 15.8114 14.4914 8.6023 33.2866 36.1109 33.2866 35.4119 35.8887 34.6699 34.7275 33.6452 35.8887 35.0428 35.2704 34.2929 34.0588 33.2866 35.1141 35.5809 33.6303 35.5528 32.8938 33.4365 34.4093 35.4683 33.3617 36.1386 35.6090 36.0555 34.6410 33.1662 33.0303 34.2053 11.9164 13.1909 17.5499 12.4097 11.5758 9.5917 17.3205 16.4924 16.3707 14.7648 16.1864 14.8997 18.6548 16.0000 17.5499 16.4924 16.0000 15.5563 17.2047 17.0294 10.2956 13.1909 13.8564 10.7238 15.1658 13.5647 19.0788 18.6011 18.2209 12.3288 24.4949 22.0907 22.3607 24.1247 20.1990 21.9089 20.1990 20.4450 19.3907 22.2261 23.1948 22.3159 22.2261 24.4131 20.9284 19.2354 23.4947 20.2978 24.2074 20.0000 26.9815 23.0217 21.8632 22.2711 22.8035 25.2587 22.1359 23.4094 20.4939 22.0907 33.0757 36.0139 31.8748 34.2053 32.5730 34.6121 30.9192 32.1559 35.6371 33.1210 34.7851 34.0588 33.7343 38.2230 32.7109 34.4384 29.8329 35.0714 33.7639 31.1769 32.4962 33.2265 34.4964 32.3265 33.9706 32.1092 33.0151 36.1525 36.2905 31.1288
13.6382 14.2829 7.8740 9.4868 0.0000 11.7473 16.3095 17.8326 9.4868 12.4900 12.4097 10.5830 14.4914 9.1652 11.2250 12.1655 11.8322 14.6287 10.9545 12.3288 11.7473 10.0000 14.5602 8.4853 12.9615 12.7279 16.1864 13.1149 12.2474 8.2462 35.2704 37.9210 35.8050 37.4967 37.8946 36.7151 36.5240 35.8887 37.7094 36.3043 37.4967 35.5246 36.2491 34.9857 37.2693 38.6523 35.6511 37.2022 34.8712 36.2491 36.9324 36.7967 35.6230 37.8418 37.9473 38.5227 36.4692 34.9571 35.7071 36.4143 12.4097 14.7648 17.2047 14.3527 11.7473 13.1909 16.8523 19.6469 13.8564 16.6733 19.2873 18.0555 20.8327 16.3707 15.4272 16.9115 17.4929 15.6844 18.2209 15.6844 12.5698 16.2481 15.8745 13.7477 16.6132 14.0712 16.7929 18.3848 17.1464 13.0384 26.7582 25.1794 25.0200 26.0384 23.1084 23.9583 23.4521 22.5832 21.0713 25.1396 26.0768 26.6458 23.1084 26.2298 25.3377 21.9545 25.0599 22.5389 26.9072 22.8910 29.6648 27.8568 24.6982 26.0384 22.9783 26.1916 24.4949 24.0416 22.2711 25.1396 34.7275 38.4057 33.7046 35.6090 35.1141 36.3593 32.5269 33.6452 37.3363 35.1710 36.3868 36.0555 36.0000 40.3113 34.9571 36.6060 31.8748 37.2827 36.4143 33.6155 34.3511 36.1939 36.6879 34.3074 35.2420 33.9853 35.2704 37.9605 38.4578 33.8378
17.4929 15.2315 11.8322 14.4222 11.7473 0.0000 15.8114 12.8062 15.6844 13.9284 12.5698 14.1421 11.9164 14.7648 11.5758 18.0555 14.0712 12.0830 6.0000 13.7840 11.0454 9.4868 13.7113 11.2250 15.4272 13.1909 19.3907 10.2956 15.6205 11.6619 36.5787 38.3406 36.8239 38.2361 37.9210 38.4968 37.8946 36.1663 37.8418 37.9210 38.2099 35.2987 36.3868 36.7967 37.9078 38.9615 35.6511 37.1214 35.6651 36.4143 38.0000 37.9737 36.8646 38.8844 37.2290 38.7040 36.5787 36.3318 35.4542 37.3095 15.6205 14.0712 13.5647 17.2047 13.7113 14.9666 15.6844 18.5472 14.5602 20.3470 18.8149 17.4929 23.9165 18.0000 14.6287 17.7200 18.9209 17.1464 21.4476 17.5499 13.8564 19.1833 18.3303 15.4596 16.7929 18.1108 21.5407 18.4932 19.6469 13.1149 27.1293 25.7682 26.8701 24.6171 23.2379 24.3721 20.6398 21.4476 21.9089 25.8070 28.5657 27.3496 24.8193 28.7750 24.7790 23.4947 27.1662 24.0000 27.1293 24.6982 31.3688 25.7294 26.1151 25.5734 24.3311 27.6767 24.1661 22.8910 22.7596 26.3818 35.8608 38.5616 34.2637 35.4683 35.2846 37.0135 33.2265 33.8526 38.2623 36.7560 36.8239 36.0555 35.4401 39.6358 35.0143 35.7211 32.3728 37.2290 37.3631 33.0454 34.0294 36.4143 36.9594 34.9714 35.5809 33.4515 35.7771 38.5876 38.0132 34.6266
13.4907 18.8149 14.6287 17.3781 16.3095 15.8114 0.0000 19.9499 18.3303 13.7840 11.8322 13.4907 11.7473 16.6733 16.9115 13.6382 13.6382 9.7980 16.5529 14.8324 13.7840 13.4907 11.4018 12.3288 12.4097 10.6771 16.0624 15.4272 18.6548 16.5529 34.0294 35.4401 33.1059 34.1174 34.7275 35.0999 34.0588 32.4654 35.4965 35.1852 35.6371 32.7109 35.2987 33.1662 33.9264 35.5246 34.7994 34.0588 31.6544 33.3766 35.6090 35.4683 32.2645 36.1386 35.2987 35.9722 33.2265 32.6190 32.9393 34.0294 13.8564 12.6491 15.0997 14.7648 16.4924 15.1658 13.7840 18.0555 14.8324 17.4356 18.6011 17.7764 19.6469 17.8326 15.8114 21.7715 18.6011 14.8997 16.6132 15.1658 15.3623 16.7332 18.0000 15.7162 16.0624 15.8114 18.9737 16.7929 13.1909 11.5758 24.3721 28.0000 28.4253 26.6083 22.9347 23.8328 24.1247 23.0217 21.7256 26.9444 29.0861 28.7750 21.9545 24.2074 26.1534 25.2587 27.2029 24.2899 27.3496 24.6982 28.8097 27.7849 23.9165 26.2679 24.0000 29.0172 24.6982 23.4521 21.4009 24.9399 31.8748 35.9026 31.4643 33.9411 33.7491 33.6452 32.4037 31.3688 35.8329 34.1028 34.8712 33.6452 33.9116 36.7831 31.2730 33.9411 30.8545 35.8050 34.0588 32.0936 32.0624 34.1760 34.7275 32.8177 32.9848 33.3916 33.1662 36.0971 34.8855 32.6343
18.3848 14.2829 19.6469 18.4391 17.8326 12.8062 19.9499 0.0000 18.8680 15.8745 15.0333 18.3303 14.0712 20.5426 17.4929 22.1811 16.4317 14.0000 12.0830 17.7764 15.8745 15.6844 14.6969 16.3095 19.8997 17.3205 20.8327 16.3095 21.5407 16.6132 39.0128 40.0000 37.8682 40.2244 39.0896 40.4228 39.3446 37.6032 40.3237 40.2492 40.2492 38.0263 38.2099 39.1918 40.2616 40.8167 37.9868 39.2428 37.6298 37.8946 40.1995 40.0500 38.7427 41.0366 40.0500 41.9047 38.8587 38.1838 37.4566 38.9358 19.6977 18.9737 15.5563 19.2873 15.5563 19.2873 20.3470 18.9737 19.4936 23.7908 19.8494 19.1311 27.4955 21.6795 19.9499 17.3781 18.1659 18.5472 25.2190 22.6716 20.5913 19.3907 22.4944 15.0000 20.4450 21.6333 23.9583 19.4936 22.8910 17.0294 28.0000 26.2679 28.2135 23.7487 23.1517 26.0000 21.2603 23.4094 23.5372 26.7955 30.8221 28.0357 26.9072 30.6594 23.6220 23.7908 28.9482 25.2190 27.0555 26.5330 31.5278 24.5357 25.4558 26.2679 27.6043 29.1204 23.6643 23.2809 21.6795 26.0384 37.7359 40.5093 35.6931 38.3927 36.7560 38.9872 35.9166 37.0135 39.9750 38.7169 39.9750 37.6829 37.0675 41.7253 37.2290 37.6563 34.7851 39.1152 38.4708 34.9857 36.8782 38.7040 39.7744 36.8646 37.4967 36.4829 37.5766 40.4351 39.4588 36.6197
12.8841 13.7840 12.3288 5.8310 9.4868 15.6844 18.3303 18.8680 0.0000 17.0880 15.4919 13.6382 16.0000 8.9443 13.1909 14.8324 15.1658 15.8745 14.8324 15.3623 15.6844 12.5698 15.4919 12.5698 15.1658 16.3095 14.2829 15.8114 15.4272 9.8995 35.5809 37.5766 35.2420 37.7094 38.1576 36.4966 36.6333 35.2136 38.3145 36.9053 37.5500 35.6651 36.0832 35.1568 37.1618 37.8153 36.0416 37.6298 34.4384 35.9722 36.7423 37.2290 35.0856 37.8153 37.4967 38.0263 36.5787 34.9571 35.1426 35.6651 14.3527 16.4317 19.2354 14.1421 12.8062 12.9615 19.4422 18.5472 18.0000 16.4924 18.4932 16.8523 20.7364 17.3781 20.0000 17.8326 18.5472 15.7480 19.1311 18.1659 14.0712 15.3623 17.1464 12.2066 18.0555 15.2971 20.5913 20.6398 19.1311 14.8997 25.2190 23.4947 22.6716 25.4558 22.2711 22.7596 22.4944 21.8632 20.3961 23.5372 24.8998 22.9783 23.2379 24.9800 22.9347 19.4936 23.4947 21.4009 25.5343 21.6333 28.4253 24.9399 23.1517 24.0000 23.2379 25.9615 23.8328 24.8193 21.2132 22.9347 35.2420 38.2230 33.5857 35.9166 34.8281 36.5787 33.1059 33.5261 37.6829 35.4260 37.0135 35.7211 36.0278 40.6571 34.4093 36.4143 31.4325 37.0675 35.4401 33.4963 34.3220 35.8329 36.7151 34.1028 35.8608 33.8969 35.0999 37.8286 38.4057 33.0303
13.4907 15.6205 13.3417 15.7480 12.4900 13.9284 13.7840 15.8745 17.0880 0.0000 11.1355 12.2474 14.7648 15.9374 14.2829 13.9284 11.9164 13.1909 14.0000 11.5758 9.7980 13.1909 13.1909 11.6619 11.3137 8.1240 16.6132 15.6205 15.1658 13.4164 32.8634 34.5832 32.3728 33.4664 33.9706 33.8231 33.2265 32.4037 33.4963 33.1059 33.7935 32.2800 34.2053 32.2800 34.1906 35.8887 33.1210 33.0151 31.8434 32.9242 33.9411 34.0588 33.2415 35.2704 35.1852 35.9722 32.9242 31.6544 32.3883 33.2265 12.8062 11.8322 14.6287 12.8841 12.0830 15.4919 13.7840 17.9444 15.0333 14.9666 16.3707 15.4272 19.2354 14.1421 12.0000 17.2047 13.3417 14.2829 16.1245 15.2971 14.6287 13.4907 15.4919 12.4499 13.5647 13.2665 13.1909 12.8062 17.6068 10.0995 23.8328 24.4540 26.8701 22.2261 18.9209 23.2379 21.5870 21.2603 18.6011 24.0832 27.3496 27.6043 19.7484 24.3721 23.6220 22.1359 24.6171 20.8327 25.3377 21.6795 27.1293 24.7790 21.8174 24.4131 22.6716 25.9230 21.4009 20.0499 18.9737 24.0000 31.0805 35.2278 31.0805 33.2265 32.6650 33.6452 29.8664 31.5595 35.4119 32.0156 33.2566 32.9848 32.5576 37.0810 32.0936 32.6803 29.7321 33.8231 33.6749 30.4959 32.0624 33.6155 33.7639 32.2025 32.7109 31.4166 32.7109 35.5668 34.3074 31.6070
15.2971 13.6382 12.2474 13.6382 12.4097 12.5698 11.8322 15.0333 15.4919 11.1355 0.0000 13.0384 14.8324 14.4914 11.8322 12.6491 9.7980 8.1240 12.0000 12.6491 10.9545 8.6023 9.4868 10.5830 9.5917 11.0454 15.6844 14.7648 15.8745 13.4164 33.7343 35.2420 33.5261 34.2929 34.7275 34.7275 33.8231 33.3167 35.3270 35.0143 35.3836 33.7046 34.3802 32.2180 34.8569 34.5543 33.3317 35.5246 32.0312 32.9242 34.4674 35.4683 33.0000 37.2827 35.8050 34.9285 33.1662 32.3419 32.6343 33.3167 11.3137 11.6619 11.4891 12.3288 10.5830 12.1655 12.6491 16.2481 10.7703 15.0333 15.5563 15.1658 18.8149 17.2627 13.4164 15.2971 13.1909 13.9284 15.0997 14.4222 13.1909 12.4097 15.4272 10.8167 11.4018 12.0830 18.8680 15.1658 14.2127 11.1355 23.9165 23.2379 23.7487 22.0000 19.7484 20.4939 17.7764 19.3391 17.7764 22.7156 24.0000 23.0651 21.2132 22.4499 20.5913 19.3907 23.1948 20.6398 22.3159 20.8327 24.5764 24.0416 20.1494 22.2711 23.7908 22.3159 19.7990 18.8680 17.4929 21.6333 32.1870 36.0139 31.2730 34.2637 32.4808 34.1467 31.6228 32.3419 35.2704 33.2716 35.0714 33.3167 33.0757 37.1618 32.3110 33.7935 30.8869 35.1283 34.0881 30.8869 32.4345 33.5261 34.5543 32.6343 33.1361 32.9697 33.6452 35.2562 35.3129 31.2570
10.0000 13.1149 12.0830 12.7279 10.5830 14.1421 13.4907 18.3303 13.6382 12.2474 13.0384 0.0000 14.2127 13.7113 12.0830 10.7703 11.2250 12.9615 13.4164 8.3666 13.2665 10.0000 13.7840 10.2956 11.0454 10.9545 16.1245 17.9444 11.0454 9.7980 35.0999 37.8418 35.2136 37.1214 36.4966 37.0135 36.4417 35.2987 37.0945 36.0000 37.0945 35.2704 36.5513 34.8712 36.5377 37.8418 36.0416 36.0278 34.5254 36.2491 36.5240 37.2827 35.1426 37.4433 36.6879 38.6264 35.4401 34.7563 34.7994 36.7967 11.2250 12.2474 18.8680 14.6969 13.0384 15.4919 18.9209 21.3542 15.8114 18.6011 19.7484 18.0555 21.6795 17.6068 16.3095 18.0000 15.6844 16.9115 18.3303 14.9666 10.9545 16.6733 16.4317 12.6886 17.7764 15.1658 17.5499 18.9737 16.9115 12.3288 28.1780 28.0357 29.8664 28.2843 23.7487 27.0555 24.4131 25.9230 23.1084 28.0357 29.5296 30.5287 24.7386 28.7750 26.2679 25.8070 28.9482 25.3377 30.4302 24.9800 31.6544 28.3549 25.2982 28.5657 25.7294 30.2985 26.3818 25.8844 24.8596 27.8209 34.4093 37.5633 34.2637 35.6371 35.0000 35.8887 32.5576 33.5857 37.7094 35.0286 36.5787 35.4119 35.5246 39.0256 34.6987 35.9444 31.8434 37.2827 36.0278 33.3467 34.4384 34.9857 36.8511 34.4529 35.4683 34.6266 35.2704 38.5357 37.2961 34.0441
13.6382 16.3707 14.2127 16.6733 14.4914 11.9164 11.7473 14.0712 16.0000 14.7648 14.8324 14.2127 0.0000 15.5563 18.0555 16.7332 16.0000 11.3137 11.6619 15.8114 13.1149 13.7840 13.1909 10.6771 16.9115 12.6491 18.2757 11.3137 19.0788 13.3417 38.0789 39.4462 37.0945 39.2173 38.7040 38.8330 38.1838 36.8511 40.0000 39.6989 39.8246 36.7696 38.3667 38.3406 38.5616 40.5956 38.0132 37.6032 36.0555 38.1051 40.2492 39.2428 36.6197 39.4968 39.4715 41.2795 38.4187 37.4700 37.2693 38.5487 17.8885 16.7332 15.2971 17.4929 17.2047 17.5499 17.4929 19.6977 16.9706 21.6333 19.6469 20.1990 23.8747 18.4932 17.4929 19.1311 20.3470 14.8997 20.9762 17.3781 18.2757 19.5959 19.5448 16.0312 18.7617 19.8494 19.6977 18.2757 18.3303 15.0997 26.1916 27.7849 28.9482 27.1662 24.4540 25.6905 24.6577 23.4521 23.0651 27.9285 30.3974 30.2324 24.6171 28.8097 26.9072 25.0599 28.0357 24.9800 28.7054 27.2029 32.5269 28.1425 26.2679 27.7128 23.5372 30.4631 26.1916 25.4951 23.3238 26.6458 36.4417 39.4842 34.8425 37.4700 37.1080 38.1051 35.8050 35.1852 39.2428 38.0920 38.7814 37.6032 37.3095 40.6817 35.4965 38.1314 33.9706 39.5727 37.5766 35.2420 36.1386 38.0526 38.7814 35.9583 37.0135 36.2629 37.0405 40.2368 39.1535 36.7287
15.0997 16.1864 10.2956 10.3923 9.1652 14.7648 16.6733 20.5426 8.9443 15.9374 14.4914 13.7113 15.5563 0.0000 13.9284 14.6969 14.4222 14.4222 13.7840 14.1421 15.0997 11.0454 16.3095 9.5917 14.2127 14.2127 15.3623 14.9666 13.2665 10.0995 34.3220 35.6931 34.6410 36.4143 36.5787 35.3836 35.2987 34.3220 36.6333 35.5809 36.4417 33.7046 35.3270 33.3766 35.7631 37.0945 34.6554 36.4143 32.7414 35.3270 35.8887 35.9722 33.5112 36.6060 36.3868 36.1939 34.7275 33.6452 33.6303 34.5543 12.0830 15.4272 17.7200 14.2829 11.8322 13.4164 18.0000 19.0263 13.0384 15.9374 19.7990 17.9444 19.6977 17.0880 16.9706 17.9444 19.2873 15.1658 17.0294 14.8997 13.4907 16.3095 17.2047 13.2288 16.6132 15.4919 19.1833 19.9499 16.5529 14.7648 23.8747 23.2379 22.0000 24.4949 22.4054 21.2132 22.4499 20.7846 18.5472 22.1359 23.9583 23.8747 21.4942 23.6643 24.3721 19.6469 22.0454 20.8806 24.9800 20.1494 27.6405 25.6905 22.9783 23.4521 20.5913 24.6171 23.1948 23.3666 21.4942 22.7596 33.5261 36.7560 31.9374 34.1760 33.7787 35.4119 32.2490 31.2410 36.4417 34.3074 35.5246 34.1467 35.0714 38.4838 33.2265 35.2987 29.8998 35.7211 34.7563 32.3110 32.8634 35.1852 35.0143 32.5115 34.2929 32.9697 34.5254 36.5923 37.5633 31.8904
15.6205 14.4914 12.4097 9.5917 11.2250 11.5758 16.9115 17.4929 13.1909 14.2829 11.8322 12.0830 18.0555 13.9284 0.0000 16.7929 12.1655 14.2127 12.2474 12.0830 12.0000 8.2462 14.4222 14.0000 10.9545 13.9284 16.1864 16.4924 11.7473 10.7703 33.0454 35.6931 33.2265 34.8999 35.2136 35.2987 34.8712 33.3467 34.6121 33.9411 34.7851 33.2265 33.4365 32.8634 34.7994 35.4401 33.0303 35.0714 33.0454 32.2800 33.6749 34.6121 33.6006 35.6651 34.8999 35.2136 33.3467 32.3110 32.1714 34.6121 11.0454 10.9545 16.3095 13.1149 11.4018 11.0454 16.1864 17.1464 15.4272 16.3707 18.1108 14.8997 20.5426 17.0294 15.5563 17.8885 15.8745 18.3303 18.9737 16.9115 7.0711 15.8114 14.9666 11.7047 14.8997 14.3527 20.4450 18.4932 19.0788 10.6771 25.7682 23.4094 24.7386 23.3238 20.4939 23.0217 19.1833 20.6882 20.3961 23.5372 25.7682 24.4949 23.1517 26.0768 22.0000 21.4476 26.2298 21.8632 25.3772 20.6398 28.2843 23.0651 23.1517 23.1084 24.7386 26.0000 21.6795 22.0454 21.1660 24.0000 32.4962 35.5106 31.5278 33.6452 32.1403 34.3802 29.5635 31.0805 35.0143 32.8786 34.0881 33.7046 32.9545 37.2156 33.0757 33.3766 29.7993 33.9116 34.6121 30.1993 31.4960 33.1361 34.1467 32.6343 32.8024 31.3209 32.6190 35.3695 35.4824 31.1609
13.5647 16.6733 11.6619 15.2971 12.1655 18.0555 13.6382 22.1811 14.8324 13.9284 12.6491 10.7703 16.7332 14.6969 16.7929 0.0000 15.0333 14.4222 17.5499 12.6491 14.2127 14.2127 15.1658 12.3288 11.8322 13.0384 17.5499 18.4932 15.4272 14.2127 34.8425 36.7696 34.9571 36.0000 36.6060 35.4119 34.7563 34.7851 37.0405 35.8329 36.3593 34.9285 36.3043 33.3467 35.8748 35.8329 35.7071 36.0555 33.1662 35.8887 35.8050 36.9324 33.9559 37.8946 36.6879 36.9324 34.8712 33.7046 34.7419 34.8712 14.4222 14.5602 18.6548 14.7648 15.4919 17.0294 16.7332 23.3238 16.2481 15.0997 18.8149 18.4391 19.5959 16.6733 16.6132 19.1311 17.4356 16.5529 15.6844 15.7480 15.3623 15.9374 17.4356 15.0000 16.3095 13.4907 16.8523 19.0263 17.2047 14.5602 27.9643 27.8927 28.7054 28.7750 24.3721 25.9615 25.0998 25.4951 21.8174 28.1069 27.7849 28.2489 23.8328 25.0200 26.0000 23.3666 25.4165 24.0416 28.4253 25.4165 28.9828 29.4279 24.5357 28.2135 26.6083 26.7582 26.1534 25.0200 22.9347 26.6083 34.0000 37.5100 33.4963 35.4119 34.5688 35.4401 32.6190 34.0588 37.6563 34.0441 36.1386 34.7275 35.0428 39.2301 33.3766 35.5809 32.1248 37.5233 35.2420 33.3467 34.0294 34.6987 36.0000 34.0441 35.4965 34.3366 35.0143 36.7831 36.9188 33.1813
11.9164 15.3623 14.0000 13.8564 11.8322 14.0712 13.6382 16.4317 15.1658 11.9164 9.7980 11.2250 16.0000 14.4222 12.1655 15.0333 0.0000 11.1355 13.1909 12.6491 14.9666 10.0000 11.0454 10.4881 12.6491 10.1980 13.0384 17.4356 14.0712 13.2665 34.6410 37.0945 34.8425 36.3868 35.8050 37.0945 36.0000 34.1760 36.9324 36.1386 37.0135 34.7851 36.2215 34.3511 36.1248 37.6829 35.8469 36.7423 34.1467 34.6987 36.3318 36.4143 35.0571 38.1576 36.9865 37.7624 34.5543 34.3802 34.1906 35.4683 10.1980 13.8564 16.6733 13.6382 9.6954 13.1149 17.4356 15.7480 13.4164 18.3303 19.2873 18.1108 20.6398 20.6882 17.3205 18.6011 15.7480 16.3707 17.8885 16.6132 12.9615 15.5563 18.0000 12.4499 17.5499 14.3527 20.0998 17.6635 12.3288 11.6619 24.5764 25.2587 25.0599 23.2379 21.4942 22.5389 21.4942 21.6333 21.1187 23.5372 26.5707 27.3496 21.9545 25.5734 23.6643 24.0416 27.5681 22.6274 26.1151 20.4939 27.6767 26.6083 21.3542 24.8998 23.5372 26.7582 21.9545 20.5426 20.7364 23.2379 33.4365 38.3536 33.2866 35.1283 34.8281 35.4965 33.1964 32.9848 36.9865 35.3129 36.5240 34.6987 35.5809 39.1791 34.2053 35.2987 32.0312 36.6606 35.8050 33.1964 34.0881 35.2704 37.2290 34.2199 33.9411 35.0286 34.7851 38.5357 37.1887 33.2716
14.2127 14.8324 14.3527 15.3623 14.6287 12.0830 9.7980 14.0000 15.8745 13.1909 8.1240 12.9615 11.3137 14.4222 14.2127 14.4222 11.1355 0.0000 12.4900 12.0830 12.6491 9.2736 8.3666 10.2956 12.2474 11.3137 15.7480 13.2665 16.4317 14.2829 34.8425 36.2767 34.4674 35.6651 35.9166 36.0000 35.2987 33.7343 36.4692 36.0832 36.7696 34.4384 35.4401 33.9411 35.7631 36.4966 34.7994 35.6931 32.8329 34.5543 36.4143 37.0135 33.8083 37.7624 36.1663 36.3043 34.3220 33.6749 33.2716 34.7275 12.0000 12.3288 11.9164 13.2665 12.2474 14.3527 14.6969 16.8523 12.5698 17.7764 16.6733 15.6844 21.4476 18.8149 15.4919 17.9444 16.6733 15.0333 18.2209 15.2971 14.4222 16.0000 19.4422 12.1244 14.2829 14.6287 21.0713 16.4317 15.0333 11.1355 24.6577 25.2982 26.1916 23.0651 21.1187 22.3607 19.7484 21.1187 19.9499 24.9399 27.5318 25.0599 23.2379 24.7386 22.6716 21.8632 25.6515 23.3238 25.2587 22.8910 27.5318 24.4540 22.3607 23.9583 24.7386 25.6905 22.5389 21.2132 19.3391 22.6716 33.2866 37.0270 32.2800 34.8712 33.7787 34.8138 33.0151 32.2800 37.0135 35.1141 36.3043 34.4093 34.2637 37.8814 32.8938 34.4964 31.2410 36.0000 34.9857 32.2800 33.0151 34.9857 35.8050 33.4215 34.4384 33.8674 34.5832 37.1887 36.7015 32.2955
16.0624 12.0830 11.6619 13.4164 10.9545 6.0000 16.5529 12.0830 14.8324 14.0000 12.0000 13.4164 11.6619 13.7840 12.2474 17.5499 13.1909 12.4900 0.0000 14.7648 12.2474 9.0554 12.8841 10.5830 15.8745 12.4900 17.8326 12.7279 15.7480 8.7178 35.6931 37.8418 36.0832 37.8153 36.4417 37.7359 36.8511 35.9722 37.8153 37.7889 37.5766 35.4119 35.6090 36.1939 37.3765 38.1576 34.9142 36.7423 35.0143 36.1386 37.4166 37.4166 36.0139 38.5227 37.2827 38.7556 36.2491 36.1663 35.3129 36.8239 15.0997 14.5602 13.1149 16.0000 12.3288 13.7113 16.1864 17.7200 13.0384 20.0499 17.6635 18.1108 21.9545 18.0555 14.3527 13.5647 16.6733 15.2971 19.3907 16.0624 13.8564 17.5499 16.0624 13.6015 16.1245 17.8326 19.4936 17.2047 18.0000 14.2127 25.6125 23.3238 25.1396 23.4094 21.7715 22.7596 18.9737 20.1990 20.1990 23.7908 25.4951 26.9815 23.3666 28.2135 22.7596 22.2711 25.8457 21.9089 25.3772 23.1084 29.6648 24.6982 23.7065 24.2074 22.0907 26.0000 22.2261 21.6795 22.1359 24.6171 35.4119 37.9342 33.7046 35.3836 34.4819 36.7151 33.4066 34.0588 37.0945 36.1525 36.7151 35.5246 34.9571 38.8973 34.5254 36.0278 32.2180 37.6563 36.3318 32.4962 34.4674 35.3553 36.7151 34.1614 35.2136 33.9853 35.5528 38.4057 37.9078 34.2783
13.4907 16.7332 12.8841 14.6969 12.3288 13.7840 14.8324 17.7764 15.3623 11.5758 12.6491 8.3666 15.8114 14.1421 12.0830 12.6491 12.6491 12.0830 14.7648 0.0000 12.2474 10.0995 15.6205 11.7473 9.7980 11.4891 19.3391 17.3781 7.6158 12.6491 36.7696 38.7814 36.7967 38.3145 38.3927 38.1576 37.9210 36.4692 37.7094 36.9865 38.3927 36.2215 38.0263 36.0000 38.3275 39.1663 37.2693 37.5766 35.8608 37.0135 37.4967 38.8844 36.6742 39.2683 38.1838 39.0384 36.5240 35.2704 35.1426 37.8682 12.6491 11.5758 18.7083 16.1245 13.1909 17.8326 18.9737 22.9783 16.3095 17.9444 20.8327 18.1108 24.0416 18.5472 16.6733 21.0238 18.1108 19.8494 20.3470 17.7200 12.1655 18.1659 19.6469 13.0000 16.4924 16.2481 19.4936 20.0000 20.6882 11.4018 28.2135 28.2135 30.0333 26.9072 23.4094 27.3861 23.9583 25.1396 23.0217 27.7128 30.8545 29.6648 25.8457 28.4956 26.1916 24.4131 28.9482 25.6905 29.7321 24.7790 31.8119 27.3496 26.1916 28.1069 27.7489 29.7658 26.4953 24.8596 24.3721 27.8927 35.6931 39.2556 35.0428 37.0135 36.0416 37.4967 33.0454 34.6699 39.7492 36.3180 37.9737 36.6333 36.5787 40.6325 36.3043 36.6333 32.7414 37.2827 37.9737 34.3802 35.2420 37.1214 37.8682 35.9305 36.9865 35.2278 36.6879 39.1024 38.7685 34.5688
15.5563 16.6132 9.8995 14.4914 11.7473 11.0454 13.7840 15.8745 15.6844 9.7980 10.9545 13.2665 13.1149 15.0997 12.0000 14.2127 14.9666 12.6491 12.2474 12.2474 0.0000 12.0830 14.8997 11.5758 9.8995 11.0454 17.4929 12.8841 14.7648 12.3288 34.5254 36.0555 33.6749 35.0999 36.3318 34.6987 34.3220 34.3511 35.4119 34.7851 35.9444 33.6155 35.0143 33.4365 35.1426 36.8239 34.1614 34.6410 33.0454 33.7343 35.4119 35.2420 33.3617 36.2767 36.4966 36.6879 34.6699 32.5883 33.4515 34.9857 15.0997 12.4900 12.7279 14.1421 14.1421 14.6969 13.1909 19.2354 15.1658 15.8745 17.8885 15.7480 20.1494 13.2665 12.5698 17.4929 15.4272 14.4222 18.1108 13.7113 13.4907 15.8745 14.6287 12.7671 12.7279 15.0333 16.6132 14.4222 20.1494 11.9164 23.8328 23.5797 25.7294 23.2809 19.6977 22.2711 20.5913 20.0000 18.2209 24.6982 27.0924 25.7294 20.9284 23.9165 23.5372 19.8494 23.7065 21.1187 24.5764 22.9783 28.0000 24.6577 23.5797 23.4521 22.4054 24.6982 21.8174 20.7846 19.0263 24.2487 32.4345 35.6791 31.3050 34.5832 33.3017 35.0999 30.5941 32.3728 35.7771 33.0908 34.6699 34.6121 33.4365 38.0657 32.8329 34.3220 30.5287 34.8999 35.6931 31.0805 32.4654 34.4384 34.6121 33.3317 33.8821 31.6702 33.5559 35.5387 36.1525 32.5115
14.1421 12.5698 10.8628 10.1980 10.0000 9.4868 13.4907 15.6844 12.5698 13.1909 8.6023 10.0000 13.7840 11.0454 8.2462 14.2127 10.0000 9.2736 9.0554 10.0995 12.0830 0.0000 10.8628 9.3808 10.5830 11.4018 16.4924 13.8564 11.3137 9.0554 34.0294 36.5513 34.5543 35.9722 35.8887 35.8050 35.4965 34.3220 36.0278 35.8050 36.3868 34.6121 34.9285 33.9706 35.7631 36.6333 33.9264 35.9444 33.4664 34.4384 35.6090 36.3868 34.0147 37.2559 36.3043 36.1663 34.5832 33.8231 33.2415 35.4965 9.7980 10.4881 13.9284 13.5647 10.3923 11.6619 15.6844 17.6068 11.1355 16.9706 16.8523 16.4924 20.5426 17.7200 13.9284 16.1864 16.1245 16.4317 16.9706 14.6969 9.1652 15.5563 15.8114 11.0905 13.2665 13.7113 20.0998 18.0555 16.0624 10.4881 25.7682 24.1661 25.3377 23.9165 21.4942 23.0651 19.0263 20.8327 20.1494 23.9583 25.3772 25.4165 23.7908 26.3439 22.4054 21.6795 25.9615 22.3607 25.6125 21.4942 28.6007 24.6982 23.0217 24.1661 24.0416 25.8457 22.5389 22.2261 21.7256 24.0416 33.4365 36.7287 32.3110 34.6699 33.2716 35.2136 31.8748 32.0624 36.1109 34.4819 35.6090 34.5254 34.1174 37.4833 33.6749 35.0714 30.8221 35.4965 35.0143 31.6228 33.0151 34.3511 35.4683 33.1210 34.2637 33.2716 34.4674 37.1618 36.6742 32.2955
13.4164 12.1655 15.9374 13.7113 14.5602 13.7113 11.4018 14.6969 15.4919 13.1909 9.4868 13.7840 13.1909 16.3095 14.4222 15.1658 11.0454 8.3666 12.8841 15.6205 14.8997 10.8628 0.0000 12.5698 14.4222 12.4097 14.3527 13.9284 19.2354 13.9284 31.5595 34.4674 31.6860 32.7109 33.1059 33.1361 32.5883 31.1127 33.8821 33.7046 33.4963 33.1361 32.4654 31.8748 33.2114 34.0881 31.7333 32.6497 30.7571 32.1248 33.6749 34.4964 31.9218 35.3270 34.0000 34.4384 32.4654 31.7490 31.5119 32.2180 11.5758 12.4097 12.4900 11.2250 12.4097 11.4018 12.7279 14.0000 14.1421 16.6733 12.0830 14.2829 18.4391 17.8326 14.8997 15.9374 14.7648 14.2127 16.3707 16.3095 14.4914 13.3417 17.3781 12.6095 13.5647 11.4891 18.9737 13.7113 13.2665 10.3923 24.2899 23.8328 25.4558 22.2711 19.1311 21.8174 18.8149 20.7364 19.8494 24.2487 24.9800 24.2074 22.1359 24.3721 20.3470 22.2261 25.0998 21.8174 23.8747 21.9089 25.5343 23.1948 20.1990 22.8910 24.1247 25.0200 21.4009 20.8327 18.0000 20.6398 31.1448 34.9428 30.5614 32.8634 31.5753 32.1248 31.1448 30.9192 34.4093 32.6956 33.4664 32.6803 31.9061 35.8469 30.4631 32.3728 29.6311 34.4093 31.7490 30.0666 31.5278 32.2490 33.3766 30.9031 32.3728 31.9218 32.0000 35.8469 34.2491 30.4795
13.4164 14.8997 9.2736 13.2665 8.4853 11.2250 12.3288 16.3095 12.5698 11.6619 10.5830 10.2956 10.6771 9.5917 14.0000 12.3288 10.4881 10.2956 10.5830 11.7473 11.5758 9.3808 12.5698 0.0000 12.0830 10.7703 15.9374 12.1655 13.7113 10.5830 35.8329 37.3631 35.8050 37.2559 37.2827 36.7423 36.3318 35.5528 37.9737 36.9865 38.1838 35.1283 36.9324 34.8138 36.8917 38.6264 35.8190 36.9865 34.2053 36.4966 37.3095 37.1214 34.9428 38.2884 37.8946 38.0789 35.9444 34.8425 35.1710 36.1663 12.6491 14.8324 15.9374 15.2971 12.2474 14.3527 16.4924 19.3907 12.0830 18.7083 19.6977 18.8680 21.2603 17.7764 14.8997 16.9706 17.4356 13.8564 17.7764 13.1149 14.8997 16.0000 17.2627 13.3791 16.3095 14.2829 18.7617 17.5499 14.4914 13.9284 25.1794 25.9230 25.5343 25.6515 22.8910 22.9347 22.8473 22.3159 20.2485 25.3377 26.8701 26.9444 22.5389 25.6905 25.3772 22.3607 24.9399 23.1084 26.6458 23.5372 29.0861 28.0000 23.7065 25.9615 22.2711 26.2679 24.3311 23.0651 21.5870 24.8998 34.2345 38.1182 33.1361 35.6651 35.4260 36.1109 33.7046 33.0151 37.0945 35.7351 36.9053 35.5809 36.1386 39.4588 34.3220 36.3043 31.8748 37.3631 36.2491 33.5261 34.3511 36.2767 36.9053 34.2783 35.0428 34.7419 36.0000 38.1969 37.9868 33.8969
14.1421 17.1464 10.7703 13.0384 12.9615 15.4272 12.4097 19.8997 15.1658 11.3137 9.5917 11.0454 16.9115 14.2127 10.9545 11.8322 12.6491 12.2474 15.8745 9.7980 9.8995 10.5830 14.4222 12.0830 0.0000 10.8628 16.4924 17.2627 11.7473 13.2665 34.4674 36.0555 33.8821 34.6987 36.0000 34.9285 34.5543 34.3511 35.4683 34.7851 35.7771 34.1760 35.7771 32.4962 35.1141 35.4683 34.6843 35.4965 32.8329 33.3766 34.4384 35.9444 33.2716 37.1753 36.5513 35.4119 33.9411 32.4345 33.0908 34.6699 11.7473 9.6954 16.7332 13.2665 13.5647 13.6382 15.5563 19.8494 15.0333 14.1421 18.6011 15.9374 18.9209 16.1864 14.6969 19.5448 14.6287 16.4924 16.0624 13.8564 10.6771 13.3417 14.2829 11.3578 11.9164 12.7279 17.8885 16.7929 18.1659 11.0454 24.0416 24.7386 25.8070 24.6982 19.7484 22.6274 20.8806 21.1660 18.8149 24.2899 26.2298 25.0599 21.3073 22.7156 22.6716 20.2978 24.6577 21.9089 25.0599 21.5870 26.4197 25.0599 22.1811 23.6643 24.5764 25.2982 22.7596 21.6333 20.1990 24.2074 32.4654 36.2353 32.1248 35.4965 33.6898 35.1852 31.3688 32.9242 36.2491 33.2415 35.4683 34.5832 34.2637 38.0657 33.2566 34.4674 31.1769 35.5528 35.5528 31.7175 33.0454 34.0294 34.8425 33.9559 34.6121 33.3617 34.3802 35.8748 36.3456 31.9844
10.2956 16.1864 11.0454 15.0333 12.7279 13.1909 10.6771 17.3205 16.3095 8.1240 11.0454 10.9545 12.6491 14.2127 13.9284 13.0384 10.1980 11.3137 12.4900 11.4891 11.0454 11.4018 12.4097 10.7703 10.8628 0.0000 13.7113 16.1864 13.2665 11.4891 33.3467 35.1283 33.0151 34.5254 33.6155 35.0143 33.7639 32.6497 34.8138 34.9285 34.5832 32.4037 34.8138 33.2866 34.1321 35.7491 34.3657 33.6452 32.0936 33.4365 34.8712 34.8999 33.1512 36.1939 35.2136 36.4966 32.9848 33.0151 32.6343 33.9116 12.3288 10.0995 13.9284 12.2474 11.6619 13.7840 13.8564 16.6132 13.4164 14.8997 16.6132 16.6733 17.1464 15.6205 13.1909 17.6635 14.7648 13.5647 13.7840 13.4907 12.0830 14.7648 14.1421 11.6190 13.7840 15.1658 14.3527 13.7840 14.7648 9.5917 21.1660 23.2809 25.4558 21.9545 18.8149 21.4476 20.4939 19.0788 17.7764 22.0454 25.6515 28.1069 18.1659 23.7908 22.8473 22.3607 25.0599 19.4936 24.8596 19.8997 27.0185 24.4540 20.4450 23.3238 20.0499 26.0768 20.4939 18.7083 19.9499 22.8910 32.0312 36.0139 31.6228 33.4066 33.3017 34.6121 31.4006 31.8748 36.1109 33.3317 34.2929 33.0151 33.3467 37.0540 31.8119 33.4963 30.4631 35.4119 34.3220 31.0161 32.6497 33.2566 34.8712 32.7261 33.2265 32.6343 33.2265 36.7015 35.1710 32.4191
11.4018 16.3095 16.7332 14.0712 16.1864 19.3907 16.0624 20.8327 14.2829 16.6132 15.6844 16.1245 18.2757 15.3623 16.1864 17.5499 13.0384 15.7480 17.8326 19.3391 17.4929 16.4924 14.3527 15.9374 16.4924 13.7113 0.0000 20.9284 20.0998 14.8324 31.1448 32.9545 30.1662 32.6803 32.1248 33.1059 31.7175 29.8998 33.8821 32.6190 32.7414 30.8221 32.2490 30.5614 31.7017 33.4066 33.1512 32.8024 29.6648 31.2410 32.8938 32.4962 30.5450 33.5857 32.6497 34.3802 30.8545 30.8545 30.9031 30.4631 13.3417 16.4317 17.1464 10.0995 12.0000 11.3137 17.4929 11.5758 17.7200 15.6844 17.3781 15.2971 14.4914 18.3848 20.1990 17.7764 14.6969 11.4891 15.3623 15.2971 14.6969 13.8564 15.7480 12.1244 18.6548 15.4272 19.2354 16.1864 12.8062 14.6969 17.8885 19.7484 19.7990 20.0499 17.5499 16.7332 19.8494 18.3848 16.1864 18.7083 22.0907 23.1517 15.3623 19.6977 20.5426 20.6882 22.2711 17.3781 22.1359 15.8745 22.7596 22.0000 16.3707 19.4422 17.1464 23.5372 17.4356 18.7083 16.6733 17.3205 30.3315 34.0441 30.0000 31.5911 31.5436 32.3419 30.8545 29.4618 33.7935 31.7648 32.9242 30.9839 32.2180 36.4555 29.2233 31.7805 28.3901 33.8526 31.4643 29.7658 30.9839 31.1448 33.2566 30.5778 31.0483 31.1609 30.5941 34.9714 34.1614 29.6479
19.4422 18.7617 13.4907 15.8114 13.1149 10.2956 15.4272 16.3095 15.8114 15.6205 14.7648 17.9444 11.3137 14.9666 16.4924 18.4932 17.4356 13.2665 12.7279 17.3781 12.8841 13.8564 13.9284 12.1655 17.2627 16.1864 20.9284 0.0000 19.7990 15.6205 36.9324 38.5487 36.8511 37.7889 39.4208 37.3095 37.5766 36.3318 38.3406 37.9737 38.5746 36.2491 36.9053 36.7151 38.1182 39.8748 35.8469 37.1214 35.3836 36.7423 38.7040 38.1838 36.5923 38.8072 38.7298 38.6523 37.7359 36.0555 36.3731 37.0675 17.4929 16.9115 15.1658 17.7764 17.4929 16.2481 14.8997 19.6977 16.4924 20.3470 19.0263 18.6548 24.4949 17.7764 15.7480 20.7364 22.1811 17.6635 22.4054 18.8680 18.4391 19.8997 20.8806 18.4662 16.9706 17.4356 21.2603 18.0555 20.3961 14.7648 27.8568 27.6043 27.3130 26.4953 24.3311 25.0998 24.4131 22.8035 23.1084 27.8927 29.5296 26.0768 25.6125 27.5318 26.7582 23.1517 25.9615 25.5343 27.3496 26.9444 31.2090 27.9643 27.5318 26.4575 25.4165 27.7489 26.6833 25.3772 21.9089 25.8070 35.5246 38.8716 33.8821 36.3043 36.2077 36.8239 34.0588 33.8821 38.5227 36.8103 36.9053 37.4166 36.4143 40.3856 35.0714 36.4966 32.9545 37.6563 37.3095 34.0881 34.3802 37.9210 36.7696 35.0571 36.1939 33.9559 36.1939 38.5876 38.8201 34.9714
15.2315 19.4422 12.3288 14.4914 12.2474 15.6205 18.6548 21.5407 15.4272 15.1658 15.8745 11.0454 19.0788 13.2665 11.7473 15.4272 14.0712 16.4317 15.7480 7.6158 14.7648 11.3137 19.2354 13.7113 11.7473 13.2665 20.0998 19.7990 0.0000 12.0000 37.5500 40.0250 38.1576 39.8748 39.4715 39.3192 39.0896 38.0789 39.0896 38.4187 39.4968 37.4967 39.1152 37.2827 39.3573 40.6202 38.4578 39.1152 37.4433 38.0526 38.4187 39.5474 37.7492 40.3733 39.8748 40.1497 37.8946 36.7696 36.4005 39.5727 14.4222 13.9284 21.5407 17.7200 14.7648 18.2209 21.4009 24.3721 17.6068 19.1311 23.4094 21.3542 24.1247 20.6398 18.7083 22.4499 20.7846 22.3607 21.0238 18.8149 11.5758 20.4939 19.4936 14.8661 18.1659 18.4391 20.6882 22.4944 22.3159 14.4222 28.0357 27.4226 28.9137 27.3496 24.2487 27.3861 24.5764 24.4949 23.5372 26.6833 29.5635 30.4959 26.0000 29.4279 26.7955 24.6982 29.6648 25.0998 29.9666 23.7065 32.5883 28.2135 26.6458 28.1425 26.9815 29.8664 26.7955 25.2982 26.3439 28.3901 36.9324 40.6079 36.0278 38.2623 37.2961 39.4208 34.1467 35.6371 40.4228 37.3765 39.0384 38.0789 38.2099 41.7732 37.8682 38.4708 34.0588 38.7298 39.5980 35.4683 36.7151 38.0263 39.2428 37.2156 38.1314 36.6470 38.0263 40.5832 40.7308 35.9583
11.4891 10.9545 10.0000 8.6023 8.2462 11.6619 16.5529 16.6132 9.8995 13.4164 13.4164 9.7980 13.3417 10.0995 10.7703 14.2127 13.2665 14.2829 8.7178 12.6491 12.3288 9.0554 13.9284 10.5830 13.2665 11.4891 14.8324 15.6205 12.0000 0.0000 33.9116 36.7696 34.2929 36.4143 35.4683 35.5809 35.2987 34.7275 36.5240 35.8050 35.8608 34.6121 34.6121 34.4674 35.9305 36.9053 34.1614 35.3553 33.6452 35.0999 35.6090 36.0555 34.2199 36.6879 36.3593 37.6829 35.3270 34.4093 34.1028 35.6371 12.9615 13.1149 16.1864 12.7279 11.5758 12.3288 17.1464 18.3303 14.8997 16.6132 16.6733 17.0880 18.6548 15.8114 15.3623 13.4907 15.4272 14.5602 16.4317 14.5602 10.3923 15.2971 12.8841 10.8167 14.9666 15.2971 16.0000 17.2627 18.0000 13.0384 24.1247 21.7256 24.2074 23.6220 20.1494 22.4499 19.5959 20.0998 18.7617 22.6274 23.5797 26.3818 21.5407 26.4575 21.7715 20.6882 24.3721 19.6977 25.1396 20.8806 28.5307 23.6220 21.9089 23.4947 20.5913 25.6515 21.9545 22.5389 21.9089 23.4094 34.0000 36.5923 32.7719 34.8425 33.4215 35.8050 31.7805 32.9242 36.0832 34.2199 35.4401 34.8425 34.2053 38.3797 33.5261 35.6371 30.7571 36.6606 34.6410 31.8119 33.8821 33.8526 35.4683 33.0303 34.8425 33.1512 34.3511 37.5100 37.2961 32.8177
35.0143 32.2800 35.6651 33.2866 35.2704 36.5787 34.0294 39.0128 35.5809 32.8634 33.7343 35.0999 38.0789 34.3220 33.0454 34.8425 34.6410 34.8425 35.6931 36.7696 34.5254 34.0294 31.5595 35.8329 34.4674 33.3467 31.1448 36.9324 37.5500 33.9116 0.0000 14.2829 10.2956 10.3923 13.2665 11.8322 11.9164 12.1655 12.8062 12.3288 12.2474 16.1864 11.7473 11.7473 11.3578 18.0000 10.4403 12.0830 12.0000 14.1421 13.0384 12.6491 13.0000 13.4164 15.8745 15.8114 13.8564 11.4891 12.9228 14.7648 29.1548 29.9666 30.5941 27.6043 31.0161 28.5657 27.0924 29.7321 31.2730 27.3861 26.4953 27.5681 24.4131 27.5318 27.7849 31.2730 30.1662 31.3688 27.1293 30.5287 31.3050 28.9828 30.0000 31.4802 29.3258 27.5681 30.6268 27.2397 31.2090 30.5941 31.4006 28.6007 32.9545 29.1890 26.7208 29.5973 30.4959 31.5595 27.9643 31.4325 29.6311 32.2490 28.1780 29.2233 30.0333 32.7109 29.2916 28.6356 30.7896 27.6767 27.9285 28.5307 28.3196 28.6705 31.6860 30.6594 27.3130 29.7993 28.3901 27.8568 12.0830 13.6015 14.0000 13.6382 11.6190 12.8841 13.7113 14.2829 15.4919 11.7047 10.1980 15.8745 11.8322 15.1327 12.9615 15.8745 12.7279 14.5602 12.5698 13.6382 14.9666 14.4914 12.8841 11.0000 14.5602 14.4568 12.7279 18.7350 16.5831 14.5945
37.6563 34.8138 37.1484 36.1109 37.9210 38.3406 35.4401 40.0000 37.5766 34.5832 35.2420 37.8418 39.4462 35.6931 35.6931 36.7696 37.0945 36.2767 37.8418 38.7814 36.0555 36.5513 34.4674 37.3631 36.0555 35.1283 32.9545 38.5487 40.0250 36.7696 14.2829 0.0000 11.8322 12.4097 13.7113 15.2315 12.0000 9.4868 13.1149 15.0333 11.5758 10.5830 12.9615 12.1655 11.1803 15.8114 13.7477 14.4222 8.0000 14.7648 13.7840 12.2474 13.8203 12.8841 15.2315 11.7473 9.2736 12.0830 13.6748 11.1355 32.0000 32.0312 31.8434 30.2655 32.6190 31.1127 28.6705 30.9192 32.8024 28.6007 29.0861 28.2489 26.5330 27.9285 29.3939 33.0151 31.6860 31.8119 28.8444 32.2490 34.5832 29.8664 31.9687 32.6343 31.6544 30.8869 33.5559 29.6985 32.8938 33.1059 30.4959 29.2575 31.7805 29.3258 28.0713 28.6705 31.3050 31.5595 27.0185 30.5614 30.7896 30.8221 27.2029 27.2029 30.5941 31.5595 27.0924 28.3901 29.8329 28.0357 26.7208 28.3196 28.2843 28.0713 32.0936 30.0998 26.5330 28.8097 27.3496 28.4253 15.8114 13.1529 13.4164 14.4914 14.3875 16.5529 17.6068 13.9284 16.7332 15.3948 12.8841 11.9164 13.1909 13.8203 13.1149 12.9615 15.0997 14.7648 14.3527 12.4900 14.6287 18.9209 12.7279 12.6886 14.5602 13.6748 16.4317 14.6629 13.3791 17.5784
34.1760 32.1248 35.6090 33.2866 35.8050 36.8239 33.1059 37.8682 35.2420 32.3728 33.5261 35.2136 37.0945 34.6410 33.2265 34.9571 34.8425 34.4674 36.0832 36.7967 33.6749 34.5543 31.6860 35.8050 33.8821 33.0151 30.1662 36.8511 38.1576 34.2929 10.2956 11.8322 0.0000 11.1355 12.1655 13.1149 11.0454 9.5917 14.6287 12.3288 13.3417 14.0000 11.2250 12.7279 10.5357 16.9706 12.8452 13.0384 9.7980 10.6771 12.0830 9.4868 11.7047 10.8628 16.6132 16.3707 12.7279 10.0000 13.9642 14.2127 29.8329 29.6311 30.0000 27.5318 31.0483 28.2489 27.0924 28.6356 31.7805 26.9815 26.6833 26.6083 24.4540 26.0768 27.9285 31.3369 29.0861 29.8664 27.0555 30.0666 32.0000 27.5681 29.1204 30.1496 29.4958 28.2489 30.5941 26.3439 31.4643 30.3315 29.2575 28.2135 32.3419 28.7054 25.5734 28.4605 30.6594 30.9192 26.9444 30.7246 30.5614 31.3050 26.7582 27.6043 29.6648 31.4960 28.5307 27.7849 29.9666 27.6405 27.2764 27.4226 27.6043 27.5681 30.9192 31.0805 25.8457 29.1548 26.7582 27.2764 12.0000 11.8743 11.7473 14.2829 11.9583 12.3288 14.8324 14.0712 12.8841 12.3693 11.8322 14.9666 11.7473 15.3297 11.0454 15.2315 13.3417 13.6382 12.4900 13.3417 14.0000 15.8745 14.4914 13.3041 12.3288 14.3178 12.5698 15.2643 13.8203 15.1327
