0.0000 7.2699 6.9596 5.6351 4.9193 7.9864 8.0757 9.1363 5.3988 6.9143 5.5780 6.0732 4.6199 9.9039 6.7498 6.4563 6.4237 6.8005 8.9662 4.6391 11.1333 4.8263 10.5400 5.9013 5.6842 6.6065 8.1522 5.9362 5.0760 7.7221 27.6385 28.8492 28.6265 27.8800 28.3726 28.8089 26.9891 28.5485 28.7456 27.8958 26.8677 28.5661 27.8921 27.2898 27.5851 27.8134 28.6652 27.4879 27.1767 26.9000 28.1873 27.6365 27.4405 27.3829 27.2297 27.8260 26.9553 26.7900 29.6579 28.2816 14.4616 13.4461 13.8693 13.1472 14.8127 13.2735 15.4548 16.2693 12.2098 16.0472 14.0063 17.2918 17.4760 14.8376 13.8925 12.6986 12.9486 15.1654 16.3526 14.3498 9.0923 15.5606 15.1241 13.2759 13.7594 14.8867 13.4368 15.5771 15.4228 11.7443 16.0962 18.5819 17.9329 20.7854 21.5607 16.4447 20.4416 21.9454 15.1632 13.8754 23.6573 18.8739 19.3228 21.3347 18.4932 16.5107 17.4262 19.4822 15.1426 18.7641 20.5295 15.1754 20.3949 18.2284 16.8279 15.8558 16.3527 20.7168 16.0367 21.4797 22.7384 24.4026 23.4612 23.9654 22.0829 22.2438 24.2821 22.9279 24.8147 23.9889 23.0810 24.1935 24.2657 24.4093 20.6599 23.5763 25.0140 24.4389 24.4007 23.6300 22.1859 23.2102 22.0991 25.1952 24.1493 25.2004 23.0917 24.3714 24.7462 26.1506
7.2699 0.0000 3.9569 3.7652 5.0021 3.5636 4.1395 6.0637 4.3601 4.0640 5.8275 9.9331 8.0178 5.1313 4.2711 5.3786 4.5268 3.8449 5.4900 7.0327 5.7523 4.5944 7.5724 4.6801 4.7772 6.9986 5.9558 3.7524 7.5719 7.6725 27.7155 29.0664 28.7037 28.0110 28.2852 28.9264 27.2497 28.7651 29.1117 28.2203 27.2463 28.8199 27.9079 27.2765 27.7209 28.0129 28.7914 27.6859 27.4325 27.2460 28.2331 27.9529 27.2504 27.5572 27.5575 27.9346 26.9520 26.9824 29.8903 28.3540 10.9316 8.9503 9.8256 9.1874 10.3600 8.9672 10.4533 11.8701 8.2361 11.5986 9.3850 12.7806 13.3437 11.1534 9.9932 9.0046 9.6138 11.0479 11.7187 9.8905 7.9846 11.1028 11.1045 9.7035 9.3285 10.2919 9.4389 11.2543 11.2486 9.2509 13.0821 16.0296 16.5070 19.3252 19.3722 12.8534 19.9821 20.1216 11.8034 11.4180 22.6013 16.0939 16.5129 18.5962 15.8628 13.3187 13.2433 17.1581 12.1840 17.0116 17.7235 11.2005 18.0320 15.2366 14.2166 12.8688 12.4951 18.5693 12.9908 19.4911 20.2597 22.8270 21.6221 22.1467 20.0156 19.9853 22.6455 20.6136 23.0398 21.7442 20.9044 21.9734 22.5640 22.2795 18.1438 20.8962 23.4160 22.4070 22.1298 21.8348 20.4083 21.0797 20.0116 23.6568 21.9815 23.5239 21.0442 22.6279 23.1775 24.4589
6.9596 3.9569 0.0000 3.6925 4.8906 3.4789 4.6898 6.4267 3.6439 5.1932 6.0087 9.5711 8.5602 4.4271 4.9538 6.2331 5.5756 5.5255 5.2936 7.2997 5.8379 3.7412 6.8300 5.2890 5.1025 8.1423 6.6395 4.4461 8.8648 8.3687 27.2321 28.5588 28.2665 27.6068 27.8554 28.5002 26.6863 28.3357 28.6321 27.7572 26.6403 28.3526 27.4681 26.7689 27.1457 27.5715 28.3817 27.2100 26.9279 26.7109 27.7890 27.4644 26.7904 27.0486 27.0704 27.4274 26.5042 26.4607 29.4568 27.8689 9.8164 8.3707 9.0195 8.4434 10.0813 8.2916 10.2971 11.1255 7.8157 11.0769 9.1011 12.3863 12.9644 10.4451 9.4987 8.0432 8.4220 10.3863 11.2138 9.1438 7.2038 10.5629 10.3231 8.7113 8.7427 9.7236 8.4991 10.5316 10.6962 8.1070 12.9340 15.8654 16.2896 19.1226 19.2542 12.6829 19.8502 19.9518 11.7146 11.2718 22.3854 16.0161 16.4045 18.4489 15.6588 12.8478 13.1151 16.8774 11.8281 16.8767 17.5572 11.1345 17.8783 15.0687 13.7315 12.5895 12.4637 18.5065 12.7723 19.2714 20.0170 22.6097 21.3526 21.8325 19.5013 19.6234 22.3875 20.3294 22.7219 21.4719 20.5467 21.7490 22.2521 22.0366 17.7946 20.6638 23.1464 22.1806 21.9019 21.5208 20.0931 20.7745 19.6560 23.3168 21.7311 23.1866 20.7615 22.3423 22.9173 24.2459
5.6351 3.7652 3.6925 0.0000 3.8639 4.4169 4.9869 6.6341 4.4614 4.4901 5.3874 8.4525 6.4688 6.2760 4.2406 5.5522 5.1881 4.6519 5.7559 5.3006 7.0981 3.2045 7.5357 4.9736 4.7629 6.5798 6.2386 3.9504 6.6991 8.0440 27.9026 29.1836 28.8698 28.1227 28.5507 29.0796 27.3969 28.9122 29.2095 28.3522 27.3513 28.9503 28.0832 27.4745 27.8942 28.0917 28.8994 27.8571 27.5737 27.2980 28.4426 27.9707 27.5357 27.7140 27.6375 28.0859 27.1810 27.1245 29.9580 28.5652 11.2353 9.6153 10.2842 9.8246 11.2370 9.5181 11.5685 12.6852 8.7756 12.6130 10.3885 13.8643 14.1962 11.6174 10.4589 9.4468 9.7548 11.7008 12.8011 10.6865 7.0847 11.9760 11.7671 10.0241 10.3235 11.1948 9.9474 11.9782 12.1981 9.0286 14.1866 16.8650 17.0581 19.8672 20.1601 14.0313 20.3419 20.7900 12.8311 12.3616 23.0311 17.0623 17.4821 19.4391 16.8240 14.2649 14.5456 17.8962 13.3116 17.6436 18.5887 12.6623 18.7392 16.2802 15.0356 14.0377 13.6261 19.3472 13.8268 20.2605 21.0535 23.3451 22.2298 22.7682 20.6610 20.7884 23.1496 21.4035 23.6366 22.5264 21.6463 22.6619 23.0886 22.9900 19.0234 21.7312 23.8306 23.0699 22.9103 22.4740 20.9622 21.7851 20.7328 24.1764 22.6468 24.0341 21.6409 23.2129 23.6534 24.9886
4.9193 5.0021 4.8906 3.8639 0.0000 5.9526 5.7751 7.7481 4.4688 4.7936 4.3991 6.7795 5.4778 8.0913 4.8543 4.7198 6.1094 5.1975 6.2496 4.2808 8.3854 3.9943 8.6204 4.8276 3.9801 6.2495 7.1701 4.7213 6.4167 7.5331 28.6687 29.9273 29.6805 28.9336 29.3368 29.9005 28.0936 29.6687 29.9483 29.0931 28.0275 29.6897 28.9434 28.2698 28.6446 28.9167 29.7246 28.5881 28.3296 28.0290 29.2347 28.7461 28.3357 28.4364 28.3944 28.9082 27.9991 27.9022 30.7344 29.3479 12.2480 11.1727 11.6590 11.4003 12.6692 11.0806 13.1302 14.0090 10.2037 14.0540 11.9564 15.1595 15.6977 13.0315 11.8859 10.7134 11.1165 12.8912 14.0591 12.0622 8.1708 13.3747 12.9918 11.4029 11.8378 12.5802 11.3416 13.5428 13.4604 10.2824 15.2914 18.0983 18.1149 20.8927 21.2687 15.4399 21.1227 21.8745 14.2376 13.5241 24.0067 18.3019 18.7760 20.7690 18.0148 15.6506 15.9589 19.0933 14.5225 18.6862 19.8983 14.0654 19.9459 17.6336 16.2846 15.2949 14.9782 20.4728 15.2505 21.3563 22.3376 24.4832 23.4115 23.8825 21.7897 21.9535 24.3436 22.6282 24.7694 23.7309 22.7901 23.9257 24.2402 24.1879 20.2908 23.0200 25.0083 24.2496 24.0792 23.6233 22.1456 23.0111 21.8832 25.2693 23.8622 25.1562 22.8508 24.3432 24.8335 26.1747
7.9864 3.5636 3.4789 4.4169 5.9526 0.0000 4.6262 5.4742 4.3505 5.2882 7.0666 11.0074 9.3137 3.2515 5.5605 6.8932 5.6431 5.4093 5.7035 8.3791 5.1301 5.1793 6.8783 5.4744 6.2455 8.8452 6.4853 4.6274 8.9677 8.9466 26.6149 27.9469 27.5428 26.9029 27.1574 27.8146 26.1018 27.6443 28.0075 27.1034 26.1145 27.7220 26.7614 26.1190 26.6143 26.8790 27.6656 26.6105 26.3165 26.1275 27.1141 26.8153 26.1211 26.3797 26.4351 26.7918 25.8092 25.8295 28.7793 27.2091 10.2119 8.6877 9.2655 8.5376 9.6394 8.3512 9.7819 10.9542 8.0373 10.5380 8.7781 11.9021 12.2729 10.2041 9.7394 8.4080 9.0469 10.5580 10.9356 9.1076 8.3358 10.3650 10.1138 8.8489 8.2969 9.4678 8.8145 10.1735 10.2851 8.9310 11.7696 14.5863 15.1741 17.8604 17.9782 11.4158 18.6866 18.7108 10.3470 10.2577 21.2018 14.5953 14.9684 17.1212 14.3285 11.7202 11.9630 15.5316 10.5947 15.7510 16.3050 9.7995 16.5768 13.6548 12.4730 11.1611 11.2990 17.2457 11.4106 18.0114 18.9635 21.6380 20.3108 20.9101 18.7084 18.6972 21.3974 19.3264 21.8043 20.4574 19.6563 20.7494 21.3395 21.0448 16.8460 19.6510 22.2211 21.1609 20.8841 20.5215 19.1358 19.7665 18.7002 22.4220 20.7532 22.3021 19.7849 21.3919 21.9285 23.3192
8.0757 4.1395 4.6898 4.9869 5.7751 4.6262 0.0000 5.5599 4.9243 3.2980 5.5829 9.6755 8.5356 5.6675 4.9743 4.4993 4.6816 4.1130 3.3444 7.3424 4.7912 5.2320 7.7043 4.6686 5.0451 6.7332 5.9930 3.9579 8.7015 6.6761 28.0210 29.3604 28.9245 28.1954 28.5532 29.1531 27.6107 29.0574 29.4309 28.5676 27.6798 29.1335 28.0970 27.5349 28.1027 28.1788 28.9483 28.0550 27.7645 27.5766 28.5066 28.1525 27.5289 27.8905 27.8570 28.2121 27.2083 27.2850 30.0690 28.6607 10.9910 9.0033 9.8882 9.4441 9.9925 8.8394 9.9535 11.5883 8.3334 11.4021 9.0452 12.4532 12.7750 10.9766 9.8181 9.1426 10.1477 10.9681 11.6695 9.9299 9.0564 11.0564 10.9549 10.0600 9.3237 9.9631 9.6870 10.7833 11.1886 10.0527 12.8116 15.7038 16.6806 19.1668 19.0840 12.4656 19.8046 19.8238 11.5046 11.3851 22.3463 15.7457 16.0360 18.2236 15.6261 13.0775 12.8540 16.7039 12.1464 16.6806 17.2989 10.7125 17.6069 14.8805 13.9400 12.6117 11.7849 18.2417 12.6665 19.2451 19.9305 22.6584 21.4034 22.0166 19.9844 19.8911 22.4274 20.4433 22.8857 21.5310 20.8247 21.7064 22.4023 22.0548 18.0889 20.5743 23.1134 22.1381 21.8879 21.7150 20.1984 20.9142 19.9570 23.5298 21.6970 23.3297 20.7459 22.4731 22.9170 24.2563
9.1363 6.0637 6.4267 6.6341 7.7481 5.4742 5.5599 0.0000 6.4085 5.9056 8.2166 11.7230 9.8062 5.9437 7.0601 7.8399 5.9464 7.0190 6.8706 9.2660 6.0725 6.8829 8.3441 5.6268 7.7594 9.7824 7.9901 6.0007 9.3895 9.0225 25.7629 27.0418 26.4256 25.5317 26.1567 26.7087 25.3845 26.4900 26.9607 26.2263 25.5395 26.8026 25.5679 25.2562 25.9670 25.4934 26.2748 25.8210 25.4762 25.0990 26.1343 25.4755 25.3395 25.5035 25.3912 25.8731 24.9379 24.9354 27.4191 26.4114 12.1675 10.4536 11.0875 10.0177 10.2156 9.9509 10.9429 12.4240 9.1988 11.3778 9.9938 12.7715 11.9262 10.7164 11.1473 10.1041 10.7473 12.0331 12.5665 10.7312 10.0537 11.6722 11.3259 10.5987 9.3222 10.7669 10.5879 10.6860 11.1383 10.4071 11.6097 13.2406 14.1602 16.4190 16.5089 10.8204 16.6978 17.2082 9.5513 10.5651 19.1999 13.1977 13.5016 15.8038 13.4756 11.6091 11.9396 13.7262 10.7836 14.1514 15.0058 9.5215 14.9058 12.5142 11.9802 10.6235 10.2291 15.6990 10.2926 16.5799 17.8337 20.0320 18.8580 19.7300 18.1266 18.0272 19.9127 18.4316 20.5337 19.4325 18.7919 19.4694 20.0061 19.8072 16.4519 18.5724 20.4855 19.7018 19.6309 19.3583 17.7634 18.7851 17.9554 21.1148 19.4259 20.9199 18.3436 20.0294 20.2470 21.8416
5.3988 4.3601 3.6439 4.4614 4.4688 4.3505 4.9243 6.4085 0.0000 5.0688 5.3206 8.5096 7.5201 5.8188 5.5147 5.2737 4.9819 5.1160 6.1270 6.5181 7.4431 3.7709 8.2903 3.7347 4.4568 7.3315 6.4300 3.7347 7.1539 6.9682 26.4416 27.7786 27.5088 26.8218 27.1007 27.6748 25.8672 27.5173 27.7967 26.8368 25.7968 27.5229 26.6888 26.0225 26.3844 26.7789 27.6127 26.3515 26.0570 25.9346 26.9903 26.6721 26.0428 26.2742 26.2005 26.6399 25.6468 25.6078 28.6871 27.0416 11.6271 10.4555 10.8319 9.9979 11.5844 10.0991 11.8987 12.8561 9.2599 12.5979 10.5592 13.8607 14.3606 11.9363 11.1451 9.6447 10.3421 12.1469 12.8700 10.9714 8.4159 12.3015 11.9032 10.4734 10.2611 11.5559 10.3804 12.2196 12.0781 9.7679 12.8048 15.8707 15.7299 18.6110 18.9990 12.8708 18.7768 19.6002 11.8651 10.7851 21.8433 15.9252 16.4139 18.5895 15.3010 13.1286 13.8596 16.8227 11.7241 16.3800 17.7248 11.2106 17.8514 15.0249 13.6959 12.3079 12.8136 18.2253 12.9560 18.9541 20.1195 22.4348 21.2146 21.7396 19.6397 19.6409 22.2847 20.3600 22.6612 21.4803 20.6540 21.8368 22.2276 22.0860 17.8160 20.9507 23.1159 22.1789 21.9585 21.3739 19.9365 20.7827 19.6303 23.1852 21.8350 23.1993 20.7907 22.2656 22.7833 24.2032
6.9143 4.0640 5.1932 4.4901 4.7936 5.2882 3.2980 5.9056 5.0688 0.0000 4.2029 8.5952 6.8241 6.5621 3.5656 3.5871 4.2996 3.0288 3.9640 5.8180 5.7653 4.4905 8.0035 4.1659 4.1989 5.2817 5.8797 3.6208 6.9279 6.1679 28.4548 29.7980 29.3981 28.6534 29.0416 29.6636 27.9764 29.4751 29.8383 28.9741 28.0119 29.5451 28.6485 28.0058 28.5338 28.6829 29.4420 28.4572 28.1936 27.8909 28.9905 28.5725 28.0014 28.2656 28.2740 28.6731 27.7124 27.7171 30.5192 29.1376 11.6477 9.8873 10.7435 10.3664 10.9034 9.8249 10.9483 12.5873 9.1445 12.4465 9.9860 13.4527 13.7102 11.7215 10.5642 9.9282 10.9283 11.7048 12.5819 10.9696 8.8268 11.9005 12.0278 10.6011 10.3119 10.9485 10.5353 11.8160 12.0527 10.4145 13.5684 16.3757 17.0605 19.7017 19.8740 13.5768 20.1990 20.5459 12.3298 11.9891 22.9473 16.5479 16.8691 19.1379 16.5737 14.0086 13.8632 17.4458 12.8429 17.2768 18.2165 11.9271 18.3551 15.9409 14.7986 13.5548 12.9318 19.0523 13.4575 19.9941 20.8369 23.3740 22.1757 22.7205 20.6010 20.6530 23.1509 21.3026 23.6516 22.3698 21.5203 22.5720 23.0917 22.8274 18.9418 21.4891 23.8736 22.9220 22.6929 22.4530 20.9390 21.6883 20.6278 24.2292 22.4849 24.0345 21.5321 23.1820 23.6652 25.0440
5.5780 5.8275 6.0087 5.3874 4.3991 7.0666 5.5829 8.2166 5.3206 4.2029 0.0000 5.9829 5.7880 8.6425 4.3459 3.1474 4.9169 4.5487 5.3278 4.6587 8.4978 4.5733 9.5008 5.3052 3.5030 4.3029 6.7084 4.4755 6.3114 4.9369 29.2164 30.5370 30.2124 29.4868 29.8588 30.4466 28.6483 30.2495 30.5254 29.6628 28.6208 30.2649 29.4858 28.8021 29.2034 29.5132 30.2885 29.1648 28.8914 28.6297 29.7711 29.3623 28.8129 29.0154 29.0119 29.4380 28.5048 28.4652 31.3220 29.8736 12.9409 11.4689 12.1996 11.8949 12.9562 11.5520 13.1372 14.3238 10.7299 14.4264 12.0027 15.3381 15.9690 13.6224 12.0946 11.2356 12.0993 13.2429 14.3554 12.6091 9.1243 13.6573 13.6926 11.9994 12.2951 12.8516 12.0053 13.9773 13.8470 11.2374 15.2728 18.2857 18.5428 21.2946 21.6313 15.6001 21.4483 22.2045 14.5279 13.3877 24.4314 18.5629 18.8983 21.0651 18.3497 15.9418 16.0051 19.3194 14.5150 18.8745 20.1776 14.0136 20.2936 17.9385 16.5650 15.3655 15.2279 20.8015 15.5881 21.6498 22.5781 24.8868 23.7763 24.2331 22.0953 22.1971 24.7042 22.9406 25.1538 23.9998 23.0895 24.2493 24.5911 24.4651 20.5545 23.2614 25.4285 24.5565 24.3410 23.9885 22.5041 23.3073 22.2049 25.6612 24.1608 25.5576 23.2064 24.6961 25.2118 26.5419
6.0732 9.9331 9.5711 8.4525 6.7795 11.0074 9.6755 11.7230 8.5096 8.5952 5.9829 0.0000 6.4736 12.8620 8.7333 6.7453 8.9953 8.6699 9.6604 5.4542 13.0882 7.6106 12.6727 8.4895 7.0369 7.0805 10.5480 8.2845 7.6774 7.1047 30.2642 31.3816 31.1873 30.4525 30.9671 31.4051 29.6874 31.1528 31.3101 30.6071 29.6224 31.1722 30.5319 29.9100 30.2471 30.4213 31.1888 30.1599 29.9294 29.5321 30.7872 30.2234 30.0986 30.0194 29.9288 30.4883 29.7340 29.5745 32.1168 30.9719 16.2477 15.2916 15.8039 15.4866 16.7812 15.4002 17.3886 18.1343 14.3324 18.2345 16.1677 19.1842 19.6162 17.0530 15.7576 14.7754 15.0615 16.9000 18.2600 16.3232 11.3318 17.4998 17.0754 15.4508 16.2229 16.8512 15.5220 17.8089 17.5155 13.8520 18.8020 21.3338 21.0160 23.6081 24.1746 19.2196 23.2816 24.6300 18.1356 16.9828 26.3240 21.6960 21.9822 23.8692 21.4740 19.4350 19.8156 22.2724 18.2336 21.4420 23.0940 17.9843 22.9622 21.0604 19.7583 18.9849 18.8671 23.3183 18.9480 24.2114 25.2567 26.8548 26.0607 26.4601 24.5965 24.8213 26.7367 25.5021 27.2399 26.5094 25.5415 26.5895 26.6604 26.8340 23.4454 25.9265 27.3346 26.8500 26.8035 26.2308 24.8603 25.7584 24.7378 27.6285 26.5254 27.5312 25.5697 26.8175 27.2055 28.4223
4.6199 8.0178 8.5602 6.4688 5.4778 9.3137 8.5356 9.8062 7.5201 6.8241 5.7880 6.4736 0.0000 11.2651 6.7352 6.4487 7.1556 6.8343 8.8878 3.8727 11.4446 6.2215 11.2990 6.4120 5.9550 5.5682 8.6503 6.5141 4.7615 8.1874 29.4743 30.6125 30.3614 29.6095 30.1439 30.6522 28.8565 30.3146 30.5259 29.8390 28.8213 30.3887 29.7251 29.1042 29.5048 29.5944 30.3788 29.3664 29.1080 28.6761 29.9901 29.3972 29.2859 29.1594 29.0977 29.7047 28.9041 28.7577 31.3436 30.2102 15.4291 14.1198 14.7067 14.2408 15.4511 14.0700 15.9872 17.0624 13.0890 16.9641 14.7428 17.9908 18.1725 15.7807 14.4200 13.7841 14.1770 15.8521 17.1657 15.3476 10.0581 16.2730 16.1341 14.2795 14.8211 15.4939 14.4552 16.4144 16.4202 12.9903 17.3655 19.6731 19.4438 22.1778 22.7991 17.6784 21.8353 23.1740 16.3602 15.2658 24.9274 20.0569 20.4222 22.3932 20.0052 17.8936 18.3260 20.6114 16.6253 19.9490 21.6183 16.5418 21.4628 19.6193 18.2883 17.4851 17.3016 21.9296 17.2341 22.7928 23.9817 25.6642 24.8149 25.3113 23.4077 23.6397 25.5326 24.2793 26.1094 25.3138 24.3327 25.4105 25.4647 25.5950 22.1720 24.6581 26.1613 25.6183 25.5889 25.0447 23.6055 24.5268 23.4736 26.4991 25.2890 26.3762 24.3069 25.6207 26.0239 27.3136
9.9039 5.1313 4.4271 6.2760 8.0913 3.2515 5.6675 5.9437 5.8188 6.5621 8.6425 12.8620 11.2651 0.0000 6.6943 8.4951 6.7385 6.8167 6.4315 10.3841 4.5026 6.4877 6.9670 6.9048 7.7036 10.3534 7.4596 6.0914 10.8607 10.0722 26.1525 27.5480 27.1299 26.5214 26.6643 27.4075 25.6607 27.2682 27.6601 26.7385 25.6958 27.3477 26.3048 25.6320 26.0935 26.5255 27.2901 26.2012 25.8961 25.7422 26.6634 26.4721 25.5614 25.9645 26.0900 26.3366 25.3436 25.3970 28.4295 26.7305 9.4449 7.7637 8.4188 7.3928 8.5971 7.4690 8.3144 9.6402 7.3929 9.1216 7.4492 10.5234 10.9706 9.0436 8.7922 7.5167 8.3767 9.4943 9.5277 8.0390 8.8996 9.0483 9.1943 7.9026 6.8031 8.1909 7.8609 8.7819 8.9898 8.6531 10.6132 13.5763 14.4937 17.2101 17.1561 10.0314 18.3327 17.9645 9.1172 9.2467 20.6665 13.5475 13.8717 16.0928 13.2452 10.3409 10.3936 14.4869 9.1683 14.9933 15.2846 8.2589 15.7491 12.4696 11.2632 9.7953 10.0983 16.5186 10.2191 17.1026 17.8153 20.8498 19.3962 19.9423 17.5362 17.5231 20.5810 18.2318 20.8814 19.3639 18.5216 19.7569 20.4484 20.0284 15.5833 18.4894 21.4645 20.2022 19.8259 19.5849 18.1921 18.7029 17.6044 21.5578 19.7462 21.4593 18.7898 20.4649 21.1315 22.5362
6.7498 4.2711 4.9538 4.2406 4.8543 5.5605 4.9743 7.0601 5.5147 3.5656 4.3459 8.7333 6.7352 6.6943 0.0000 4.9225 4.5708 3.9901 5.2116 5.8234 6.4006 3.9880 7.8763 5.2517 3.9351 5.2493 5.8225 4.5933 7.3103 7.3732 28.7879 30.1884 29.7767 29.0631 29.3904 30.1309 28.2139 29.8704 30.1733 29.3512 28.2184 29.9435 29.0994 28.3546 28.8076 29.1429 29.9156 28.7630 28.5091 28.1929 29.3784 29.0108 28.3315 28.5516 28.6634 29.0594 28.1140 28.1041 30.9821 29.4969 11.0204 9.1731 10.1865 9.8483 10.8545 9.3588 10.8490 12.2584 8.6451 12.4010 9.8363 13.3042 14.1139 11.4923 9.7491 9.1747 10.1597 11.1121 12.1974 10.5513 7.4104 11.3892 11.9157 9.8254 10.0875 10.6008 9.9116 11.7838 11.8842 9.4738 14.0573 16.9544 17.5954 20.3767 20.6629 14.2228 20.8516 21.2456 12.9620 12.2812 23.6298 17.2695 17.6059 19.8459 17.2494 14.5487 14.3399 17.9372 13.1142 17.9983 19.0200 12.6750 19.1577 16.7183 15.3669 14.1146 13.8278 19.9156 14.1265 20.6307 21.3728 23.9256 22.7431 23.1599 20.8779 20.9864 23.7255 21.7702 24.1771 22.8399 21.8629 23.1627 23.5857 23.3285 19.2817 21.9992 24.4999 23.4501 23.1544 22.9568 21.4355 22.1813 21.0064 24.7271 22.9947 24.5804 22.0651 23.6504 24.2556 25.6519
6.4563 5.3786 6.2331 5.5522 4.7198 6.8932 4.4993 7.8399 5.2737 3.5871 3.1474 6.7453 6.4487 8.4951 4.9225 0.0000 5.0832 4.0830 4.9255 5.0745 7.9929 4.9942 9.6125 4.9936 3.7850 4.5111 6.5732 4.1224 6.8104 5.2240 29.6065 30.9326 30.5574 29.8416 30.2051 30.7827 29.1190 30.6460 30.9320 30.0707 29.1149 30.6756 29.8199 29.1808 29.6507 29.8643 30.6143 29.5714 29.3056 29.1109 30.1367 29.7667 29.1735 29.4531 29.4213 29.8262 28.8576 28.8748 31.6752 30.2418 12.9042 11.2194 11.9712 11.8954 12.5960 11.2677 12.7208 14.0931 10.3747 14.1977 11.7083 15.0315 15.7660 13.5671 11.9653 11.1534 12.1348 13.0934 14.1107 12.3819 9.6724 13.5074 13.4478 12.1562 12.1748 12.5993 11.9141 13.7666 13.7539 11.4682 15.2754 18.3210 18.7852 21.3964 21.5701 15.4219 21.5694 22.1712 14.4473 13.4846 24.5073 18.5178 18.8487 20.9792 18.2970 15.9787 15.8556 19.3626 14.7206 18.9215 20.0916 13.8333 20.2688 17.8520 16.6669 15.4032 14.8826 20.7288 15.6036 21.6701 22.5936 25.0048 23.8890 24.3753 22.3631 22.3496 24.8304 22.9889 25.2735 24.0439 23.2633 24.2663 24.7661 24.5444 20.6660 23.2569 25.5115 24.6321 24.3859 24.1188 22.6487 23.4232 22.3923 25.8322 24.2239 25.6856 23.2911 24.8445 25.3232 26.6038
6.4237 4.5268 5.5756 5.1881 6.1094 5.6431 4.6816 5.9464 4.9819 4.2996 4.9169 8.9953 7.1556 6.7385 4.5708 5.0832 0.0000 4.1136 5.8080 6.7610 7.2509 4.9445 8.6327 4.3631 4.5906 5.7245 5.9700 3.5681 6.5838 5.8004 27.3019 28.5911 28.1628 27.4125 27.8303 28.4312 26.7924 28.1911 28.5327 27.7691 26.8230 28.3259 27.3712 26.8297 27.3137 27.3999 28.1654 27.2740 26.9817 26.6722 27.7500 27.3336 26.8768 27.0498 27.0394 27.4518 26.5420 26.5213 29.2676 27.9626 12.5998 10.6411 11.5777 10.4886 11.5578 10.5301 11.8788 13.4149 9.6872 12.8004 10.5999 14.0209 14.0415 12.2232 11.1245 10.5951 11.2112 12.5411 13.2895 11.6523 8.8018 12.5003 12.6022 11.0885 10.5095 11.6013 11.1136 12.4329 12.3664 10.5336 13.1680 15.7886 16.2108 18.9162 19.1296 13.1444 19.1898 19.7622 12.0248 11.3834 21.9075 15.9435 16.1943 18.4858 16.0205 13.6168 13.7634 16.6889 12.1459 16.5049 17.6567 11.5544 17.7503 15.2234 14.1328 12.8469 12.9580 18.2544 13.0591 19.1031 20.1358 22.3961 21.3172 21.9020 19.9024 19.9072 22.2280 20.5927 22.7177 21.6453 20.7131 21.7715 22.1391 22.0243 18.2623 20.8425 22.9646 22.0674 21.9355 21.5746 20.1464 20.8958 19.9373 23.2791 21.7326 23.1535 20.7501 22.2524 22.6850 24.0570
6.8005 3.8449 5.5255 4.6519 5.1975 5.4093 4.1130 7.0190 5.1160 3.0288 4.5487 8.6699 6.8343 6.8167 3.9901 4.0830 4.1136 0.0000 4.8571 5.9525 6.6808 4.8113 8.4570 4.6166 4.4861 4.8911 5.8906 3.4079 6.3580 5.9609 28.5881 29.9133 29.5462 28.8550 29.1864 29.8208 28.0822 29.6263 29.9313 29.0884 28.1174 29.6942 28.8024 28.1494 28.6468 28.8837 29.6451 28.5560 28.3144 28.0635 29.1111 28.8026 28.1778 28.3933 28.4264 28.8249 27.8667 27.8989 30.7201 29.2815 12.2167 10.3019 11.2144 10.6176 11.5319 10.3255 11.5255 13.0945 9.6910 12.9225 10.4575 13.9694 14.3536 12.3299 11.0183 10.4606 11.2003 12.2101 13.0007 11.4401 8.9114 12.3721 12.5058 11.0393 10.8335 11.5768 10.9422 12.5376 12.5338 10.7154 13.8761 16.9316 17.3082 20.0832 20.2640 13.9648 20.5734 20.9394 12.7847 12.1509 23.3648 17.0146 17.3959 19.5161 16.8994 14.3258 14.2995 18.0134 13.0961 17.6801 18.6413 12.3173 18.8390 16.2863 15.1048 13.9192 13.5435 19.3998 13.9493 20.3607 21.2695 23.7399 22.5939 23.1291 20.9944 21.0211 23.5291 21.6859 24.0122 22.7768 21.8748 22.9697 23.4592 23.2329 19.2598 21.9135 24.3180 23.3371 23.1257 22.8201 21.3886 22.0587 21.0112 24.5955 22.9371 24.4565 21.9889 23.5535 24.0708 25.3618
8.9662 5.4900 5.2936 5.7559 6.2496 5.7035 3.3444 6.8706 6.1270 3.9640 5.3278 9.6604 8.8878 6.4315 5.2116 4.9255 5.8080 4.8571 0.0000 7.7153 4.9703 5.9847 7.9283 6.0452 5.4283 6.8333 6.7632 4.7908 9.3683 6.9140 29.1060 30.4296 30.0529 29.3558 29.6582 30.3378 28.6574 30.2087 30.5377 29.7565 28.7524 30.2609 29.2960 28.6060 29.1797 29.3815 30.1244 29.1639 28.9149 28.6352 29.6291 29.2962 28.6126 28.9572 29.0136 29.3202 28.4044 28.4541 31.2050 29.8061 11.0547 9.1761 10.1134 9.8470 10.2900 9.1729 10.0876 11.5953 9.0057 11.7245 9.3082 12.5937 12.9435 11.4068 10.0694 9.5221 10.4912 10.9897 11.7184 10.1799 9.5955 11.1825 11.2532 10.2225 9.8216 10.0609 9.9454 11.0668 11.5435 10.4517 13.6144 16.5320 17.6713 20.1880 20.0463 13.3200 21.0087 20.8083 12.4594 12.3387 23.4528 16.6843 16.8660 18.9993 16.6626 13.7854 13.2747 17.6166 12.9010 17.6218 18.0451 11.6476 18.4248 15.8918 14.7749 13.6757 12.6448 19.2339 13.5330 20.1964 20.8048 23.6453 22.3727 22.8959 20.6245 20.6928 23.3594 21.3213 23.7735 22.3965 21.5410 22.5801 23.2432 22.8587 18.9785 21.2909 24.0461 23.0043 22.7015 22.6621 21.1841 21.7615 20.7490 24.4157 22.5028 24.1335 21.6502 23.3656 23.9175 25.1558
4.6391 7.0327 7.2997 5.3006 4.2808 8.3791 7.3424 9.2660 6.5181 5.8180 4.6587 5.4542 3.8727 10.3841 5.8234 5.0745 6.7610 5.9525 7.7153 0.0000 10.3401 5.0896 10.6599 5.9487 4.9907 5.1778 7.9726 5.8165 5.3259 7.4408 29.4592 30.6956 30.3810 29.6163 30.1374 30.6288 28.8976 30.3969 30.6299 29.8295 28.8471 30.4287 29.7158 29.0848 29.5153 29.6246 30.4048 29.3680 29.1032 28.7737 30.0052 29.4488 29.1822 29.2274 29.1408 29.6778 28.8044 28.7112 31.3960 30.1454 14.1911 12.8387 13.4069 13.2843 14.4113 12.8638 14.8873 15.9206 11.8215 16.0689 13.6977 17.0101 17.5195 14.8994 13.3836 12.4905 13.0929 14.7326 16.1105 14.1087 9.1520 15.2330 15.0778 13.2646 13.9438 14.4943 13.2850 15.4465 15.4753 11.8419 16.8203 19.4195 19.3261 21.9901 22.5481 17.1568 21.7947 22.9905 15.9107 14.8715 24.9037 19.7382 20.1450 22.1599 19.5380 17.4369 17.8143 20.3790 16.2596 19.7741 21.3385 15.8246 21.2504 19.2112 17.9577 16.9706 16.6741 21.7049 16.8621 22.5953 23.6712 25.5503 24.6056 25.0970 23.1836 23.3228 25.4206 23.9630 25.9672 25.0061 24.1498 25.1658 25.3909 25.4078 21.7801 24.3832 26.0540 25.4350 25.3306 24.8359 23.3416 24.3037 23.2410 26.3854 25.0686 26.2907 24.0851 25.4928 25.8885 27.2107
11.1333 5.7523 5.8379 7.0981 8.3854 5.1301 4.7912 6.0725 7.4431 5.7653 8.4978 13.0882 11.4446 4.5026 6.4006 7.9929 7.2509 6.6808 4.9703 10.3401 0.0000 7.5333 7.3935 7.3279 7.8208 9.8056 7.6029 6.8668 11.6190 10.0875 27.9863 29.4111 28.8627 28.2013 28.4234 29.2180 27.5888 29.1048 29.5288 28.6956 27.7314 29.2281 28.1187 27.4401 28.0953 28.2793 28.9869 28.1143 27.8223 27.6053 28.4941 28.2334 27.3461 27.8334 27.9832 28.1894 27.2008 27.3272 30.1273 28.6229 9.4598 7.1949 8.3342 8.0701 7.9069 7.0728 7.2993 9.2675 7.3666 9.1868 6.9877 10.0612 10.4919 9.2110 8.4178 7.7792 9.1562 9.1566 9.3628 8.0089 9.8549 8.8367 9.3390 8.5523 7.2602 7.5773 8.1288 8.2719 9.2932 9.5745 11.6160 14.3340 16.1028 18.4558 18.1119 10.9450 19.6977 18.9210 10.1007 10.7879 21.7606 14.3430 14.5396 16.8658 14.5022 11.5789 10.7645 15.2924 10.7504 16.0505 15.9151 9.0888 16.4171 13.5567 12.7941 11.3180 10.1887 17.4295 11.2540 18.2253 18.6464 21.8951 20.4274 21.0019 18.7197 18.6325 21.5837 19.2222 21.9639 20.2750 19.5978 20.6007 21.5089 20.8716 16.8495 19.1337 22.3223 21.0471 20.6074 20.7434 19.2636 19.7813 18.7576 22.6754 20.5014 22.3787 19.6805 21.5207 22.1232 23.4713
4.8263 4.5944 3.7412 3.2045 3.9943 5.1793 5.2320 6.8829 3.7709 4.4905 4.5733 7.6106 6.2215 6.4877 3.9880 4.9942 4.9445 4.8113 5.9847 5.0896 7.5333 0.0000 8.0018 4.5136 3.9892 6.3455 6.1844 3.7352 6.7018 7.4981 27.7240 29.0597 28.7520 28.0442 28.4109 28.9986 27.1362 28.7946 29.0576 28.1563 27.0713 28.8147 28.0007 27.3195 27.6877 28.0412 28.8587 27.6521 27.3697 27.1328 28.3116 27.9090 27.3659 27.5266 27.4942 27.9692 27.0091 26.9520 29.9143 28.3887 11.2907 9.8482 10.5118 10.0123 11.5874 9.8415 11.8421 12.8392 8.9034 12.9128 10.5944 14.0218 14.6812 11.8444 10.5267 9.3353 9.9869 11.8199 12.9534 10.9609 7.1959 12.1747 12.0883 10.1719 10.6093 11.4373 10.1320 12.3109 12.3468 9.1556 14.1066 17.0393 17.0807 19.9327 20.3800 14.2044 20.1656 20.9273 13.0174 12.0466 23.1213 17.2552 17.7202 19.7901 16.8495 14.3875 14.8541 17.9490 13.1511 17.6708 18.9647 12.7736 19.0403 16.4848 15.0322 13.9333 13.9208 19.6080 14.0644 20.3548 21.2440 23.5431 22.3962 22.8691 20.7091 20.8206 23.3572 21.5420 23.8228 22.6456 21.7509 22.9494 23.2873 23.1896 19.0398 22.0094 24.1346 23.2769 23.0713 22.5811 21.0714 21.9451 20.7900 24.3340 22.8781 24.2767 21.8391 23.3617 23.8652 25.2940
10.5400 7.5724 6.8300 7.5357 8.6204 6.8783 7.7043 8.3441 8.2903 8.0035 9.5008 12.6727 11.2990 6.9670 7.8763 9.6125 8.6327 8.4570 7.9283 10.6599 7.3935 8.0018 0.0000 8.7805 8.8139 10.7497 6.4196 8.1721 11.6531 11.2715 26.5574 27.9012 27.5596 26.8202 27.1181 27.8182 26.0749 27.6684 28.0617 27.2158 26.1524 27.7715 26.6740 26.0233 26.5621 26.7983 27.5954 26.6538 26.3959 26.0433 27.1631 26.6848 26.0859 26.3244 26.4421 26.8290 25.9336 25.9003 28.6998 27.2544 6.2024 6.4875 6.4627 5.3050 6.2780 5.8610 7.5574 7.5358 5.9225 6.9241 6.3288 8.4214 8.6348 5.8936 6.5851 6.4161 5.2265 6.5289 7.4991 5.9720 6.0866 6.7941 5.9577 4.9622 5.7659 6.7118 5.3553 7.0986 6.4617 5.6770 10.8621 14.1322 14.6724 17.4300 17.1510 10.8828 20.8906 18.1070 9.7821 10.3333 21.3285 14.4386 16.6793 16.2189 14.5039 10.5622 10.2450 15.6532 11.3082 15.1217 15.3076 12.2273 15.8099 14.1363 11.8357 13.6196 9.9794 16.4590 10.7829 17.7786 17.6937 20.7119 19.2810 19.8223 17.3165 17.6806 20.4588 18.1329 20.7202 19.3818 18.3459 19.4874 20.2439 19.9411 15.7594 18.1835 21.1026 20.0335 19.7109 19.5595 18.0611 18.6425 17.6234 21.5105 19.5269 21.1777 18.4853 20.3775 20.9641 22.3831
5.9013 4.6801 5.2890 4.9736 4.8276 5.4744 4.6686 5.6268 3.7347 4.1659 5.3052 8.4895 6.4120 6.9048 5.2517 4.9936 4.3631 4.6166 6.0452 5.9487 7.3279 4.5136 8.7805 0.0000 4.2010 6.5027 6.6990 3.5962 6.6722 6.3559 26.6614 27.9334 27.6217 26.9064 27.2645 27.8707 26.1290 27.6246 27.9359 27.1237 26.1473 27.7040 26.8622 26.2228 26.6968 26.8986 27.6670 26.6100 26.3519 26.0652 27.1602 26.7773 26.2916 26.4373 26.4170 26.8715 25.9586 25.9248 28.7310 27.3482 12.6423 11.1425 11.7261 10.7415 11.8831 10.8416 12.2874 13.5863 9.9225 13.1346 11.0363 14.3278 14.4145 12.4296 11.6434 10.6127 11.3476 12.8134 13.5799 11.8484 9.0321 12.8814 12.6769 11.2926 10.8550 12.0162 11.2604 12.6240 12.6216 10.6009 12.9791 15.6029 15.6762 18.4923 18.8110 13.0317 18.4908 19.3690 11.8878 11.1947 21.4926 15.7018 16.0761 18.3811 15.5038 13.4074 13.9127 16.5853 12.0674 16.1236 17.5218 11.4213 17.4948 14.9974 13.9279 12.6603 12.7116 17.9752 12.9403 18.8103 20.0734 22.2253 21.1194 21.6834 19.6817 19.7245 22.0837 20.3934 22.5341 21.4545 20.5802 21.7045 22.0332 21.9143 18.0765 20.8181 22.8480 21.9682 21.8141 21.3405 19.9411 20.7457 19.6642 23.0405 21.6284 22.9628 20.6481 22.0919 22.5831 23.9548
5.6842 4.7772 5.1025 4.7629 3.9801 6.2455 5.0451 7.7594 4.4568 4.1989 3.5030 7.0369 5.9550 7.7036 3.9351 3.7850 4.5906 4.4861 5.4283 4.9907 7.8208 3.9892 8.8139 4.2010 0.0000 4.7802 6.5058 4.0376 6.9473 6.0303 28.5135 29.8419 29.5637 28.8435 29.1482 29.7857 27.9259 29.5868 29.8563 29.0087 27.9067 29.5942 28.8048 28.0813 28.4493 28.8702 29.6482 28.4661 28.1947 27.9434 29.0666 28.6920 28.0944 28.3088 28.3340 28.7578 27.8331 27.7805 30.6831 29.1771 12.0662 10.6791 11.4327 10.9082 12.2295 10.7402 12.3683 13.5263 9.8453 13.5802 11.1279 14.5610 15.2816 12.7754 11.1688 10.3614 11.1104 12.4194 13.4265 11.7647 8.1998 12.8274 12.9245 11.0933 11.2414 11.9746 11.0437 13.0970 12.9559 10.3487 14.5357 17.6115 17.8353 20.7036 20.9587 14.8379 20.9216 21.5805 13.7728 12.7326 23.8579 17.8444 18.2125 20.4352 17.6596 15.1356 15.1614 18.6697 13.6653 18.2957 19.5456 13.1883 19.7098 17.1676 15.8235 14.5857 14.4941 20.1699 14.9060 20.9567 21.8039 24.1808 23.0642 23.4527 21.1693 21.3188 24.0374 22.1454 24.3713 23.2273 22.2151 23.4849 23.8469 23.7195 19.6795 22.4753 24.7662 23.8154 23.5790 23.2465 21.7422 22.5230 21.3770 24.8943 23.4093 24.8194 22.4384 23.9304 24.5399 25.8482
6.6065 6.9986 8.1423 6.5798 6.2495 8.8452 6.7332 9.7824 7.3315 5.2817 4.3029 7.0805 5.5682 10.3534 5.2493 4.5111 5.7245 4.8911 6.8333 5.1778 9.8056 6.3455 10.7497 6.5027 4.7802 0.0000 7.2974 5.8593 6.3095 5.8123 30.3611 31.6632 31.3453 30.6237 31.0205 31.6246 29.8012 31.3908 31.6352 30.8465 29.8009 31.4338 30.6539 29.9553 30.3887 30.6534 31.4328 30.3068 30.0587 29.7505 30.9224 30.5248 30.0206 30.1621 30.1659 30.6206 29.7150 29.6866 32.4555 31.0801 14.2723 12.5298 13.4495 13.0387 14.0081 12.6688 14.0659 15.5426 11.8007 15.6702 12.9383 16.4718 16.9924 14.7624 12.7860 12.5633 13.4280 14.3326 15.4969 13.9734 9.8581 14.7980 15.1074 13.3535 13.5034 13.9516 13.2826 15.1398 15.1922 12.5542 16.5017 19.4309 19.6915 22.4957 22.8430 16.8916 22.5980 23.3412 15.7120 14.5529 25.5637 19.7531 20.0516 22.2142 19.6978 17.2190 17.0976 20.5777 15.8128 20.0041 21.3315 15.3714 21.4145 19.2257 17.9143 16.8405 16.4275 21.9464 16.8274 22.8904 23.7109 25.9605 24.9320 25.3549 23.2549 23.3725 25.7510 24.0853 26.2762 25.1395 24.1858 25.3371 25.6555 25.5307 21.7362 24.3357 26.4806 25.6285 25.4603 25.1498 23.6500 24.4345 23.3373 26.7758 25.2199 26.6242 24.3051 25.7914 26.2914 27.5711
8.1522 5.9558 6.6395 6.2386 7.1701 6.4853 5.9930 7.9901 6.4300 5.8797 6.7084 10.5480 8.6503 7.4596 5.8225 6.5732 5.9700 5.8906 6.7632 7.9726 7.6029 6.1844 6.4196 6.6990 6.5058 7.2974 0.0000 5.9183 8.4258 8.4304 27.3635 28.8306 28.4071 27.6920 27.9775 28.6172 26.8550 28.5417 28.8754 27.8615 26.8458 28.5354 27.5838 26.9154 27.4149 27.6962 28.5341 27.3212 27.0423 26.9904 27.9760 27.6693 26.8338 27.2526 27.2058 27.6018 26.4899 26.5733 29.6746 27.9643 9.5132 8.1211 8.4773 8.0649 8.9475 7.5996 9.3102 10.4819 6.9510 10.3476 8.0349 11.2335 12.2432 9.8868 8.2839 7.9404 8.7846 9.4553 10.4870 8.9477 6.9996 9.8021 9.6993 8.5011 8.6614 9.2360 8.3813 10.2132 10.0829 8.3925 11.7950 15.5284 15.8061 18.6319 18.7209 12.2472 20.5444 19.3633 11.2345 9.9462 22.3014 15.7692 17.4692 18.1090 15.2766 12.5541 12.4943 16.8651 11.8967 16.0834 17.2091 12.2357 17.5770 15.3815 13.5624 13.6506 11.6143 17.9619 12.5696 19.0070 19.5498 22.4315 21.0127 21.5752 19.5072 19.3866 22.2138 19.8912 22.6355 21.0650 20.4320 21.4858 22.1940 21.7682 17.3118 20.3127 23.0293 21.9056 21.5249 21.2672 19.7025 20.5088 19.4020 23.2900 21.4593 23.1845 20.4609 22.2180 22.7304 24.2062
5.9362 3.7524 4.4461 3.9504 4.7213 4.6274 3.9579 6.0007 3.7347 3.6208 4.4755 8.2845 6.5141 6.0914 4.5933 4.1224 3.5681 3.4079 4.7908 5.8165 6.8668 3.7352 8.1721 3.5962 4.0376 5.8593 5.9183 0.0000 6.2303 5.9481 27.5096 28.7427 28.4360 27.7797 28.1042 28.7059 27.0063 28.4750 28.7733 27.9955 27.0261 28.5524 27.6799 27.0578 27.5204 27.7578 28.5046 27.4753 27.2334 26.9512 27.9852 27.6678 27.1418 27.2842 27.3022 27.7096 26.8163 26.8041 29.5694 28.2003 12.1369 10.3030 11.0669 10.2119 11.4528 10.2371 11.7225 13.0469 9.4386 12.6810 10.4991 13.9165 14.1247 12.1417 11.0322 10.1303 10.6768 12.2327 13.0499 11.2752 8.4539 12.3190 12.1635 10.7330 10.5126 11.4564 10.6704 12.3759 12.3193 10.0923 13.3719 16.1526 16.3862 19.1667 19.3588 13.2112 19.4939 19.9893 12.1601 11.5241 22.2768 16.2583 16.5589 18.6377 16.0568 13.5967 13.8393 17.1871 12.4536 16.7684 17.8031 11.7360 17.9645 15.4010 14.2406 13.1750 13.0150 18.4774 13.2064 19.4029 20.5157 22.8221 21.7241 22.2872 20.1938 20.2697 22.6197 20.8954 23.0622 21.9927 21.0454 22.1367 22.5351 22.4068 18.5556 21.1647 23.3874 22.4993 22.3514 21.9306 20.5846 21.2282 20.2296 23.6349 22.1256 23.4822 21.1772 22.6436 23.1540 24.3913
5.0760 7.5719 8.8648 6.6991 6.4167 8.9677 8.7015 9.3895 7.1539 6.9279 6.3114 7.6774 4.7615 10.8607 7.3103 6.8104 6.5838 6.3580 9.3683 5.3259 11.6190 6.7018 11.6531 6.6722 6.9473 6.3095 8.4258 6.2303 0.0000 7.6065 28.4117 29.5843 29.3273 28.5407 29.0893 29.5143 27.8512 29.2325 29.4826 28.6799 27.7802 29.2748 28.6137 28.0740 28.4521 28.5163 29.2838 28.2507 28.0271 27.6745 28.8946 28.3528 28.1906 28.1579 27.9973 28.5803 27.7279 27.6154 30.2794 29.0977 15.9309 14.5502 15.0506 14.2768 15.5033 14.3514 16.0365 17.3016 13.3016 16.8942 14.7325 18.0847 18.0905 15.8844 14.8592 14.1446 14.5302 16.2030 17.3090 15.5494 10.6919 16.4367 16.2477 14.5212 14.7927 15.8715 14.7744 16.5623 16.2998 13.3815 16.5392 18.8904 18.2787 21.0325 21.7394 16.8572 20.6138 22.1925 15.5222 14.3569 23.9122 19.0870 19.5300 21.4960 18.8743 17.0778 17.7912 19.8117 15.7593 18.8583 20.7833 15.6355 20.5511 18.6045 17.3992 16.4150 16.6853 20.8634 16.3905 21.7409 23.1914 24.7606 23.9069 24.4742 22.7426 22.8478 24.6679 23.4775 25.2727 24.4974 23.5751 24.5822 24.6705 24.7975 21.3068 23.9876 25.3851 24.8083 24.8063 24.1341 22.7581 23.6631 22.6680 25.6671 24.5412 25.6264 23.5217 24.7963 25.1172 26.4605
7.7221 7.6725 8.3687 8.0440 7.5331 8.9466 6.6761 9.0225 6.9682 6.1679 4.9369 7.1047 8.1874 10.0722 7.3732 5.2240 5.8004 5.9609 6.9140 7.4408 10.0875 7.4981 11.2715 6.3559 6.0303 5.8123 8.4304 5.9481 7.6065 0.0000 28.5457 29.7515 29.5096 28.7690 29.1534 29.6622 28.0794 29.4736 29.7682 28.9927 28.1146 29.5203 28.6884 28.1343 28.5650 28.7338 29.4721 28.4864 28.2866 27.9954 28.9964 28.6439 28.2149 28.3853 28.3142 28.7365 27.8698 27.8576 30.5078 29.2448 14.9953 13.4068 14.1390 13.1941 14.2063 13.4051 14.4476 15.8295 12.5369 15.4243 13.2798 16.4898 16.5369 14.9071 13.8368 13.2001 13.8792 14.9402 15.7291 14.2261 11.3899 15.1256 15.0084 13.8148 13.4782 14.4312 13.7707 15.1962 14.8537 13.1714 15.2219 17.9947 18.0821 20.7414 20.9238 15.4109 20.7406 21.5735 14.5039 13.6040 23.6701 18.0996 18.3278 20.4762 17.9572 15.8595 15.9986 19.1009 14.6097 18.2392 19.6069 13.7746 19.6625 17.3437 16.3597 15.1811 15.1476 20.0036 15.4900 21.0331 22.0891 24.1400 23.1625 23.6970 21.7863 21.8208 23.9972 22.4819 24.4391 23.5106 22.5678 23.5777 23.9235 23.8517 20.2646 22.7465 24.7123 23.8985 23.8083 23.3961 22.0541 22.7403 21.8139 24.9676 23.5766 24.8554 22.6622 24.0399 24.4787 25.6671
27.6385 27.7155 27.2321 27.9026 28.6687 26.6149 28.0210 25.7629 26.4416 28.4548 29.2164 30.2642 29.4743 26.1525 28.7879 29.6065 27.3019 28.5881 29.1060 29.4592 27.9863 27.7240 26.5574 26.6614 28.5135 30.3611 27.3635 27.5096 28.4117 28.5457 0.0000 3.9149 4.6739 5.5979 3.5397 6.0421 3.4405 4.8633 4.2561 4.3560 4.5013 4.1157 5.6325 2.2274 3.4412 6.6813 7.1567 2.3681 3.4494 3.4074 3.2984 6.5453 4.0362 3.5841 3.8094 4.1425 4.6898 5.0280 7.1527 4.2898 27.8567 28.2339 27.5419 25.4790 26.3890 27.3087 27.4606 27.4619 26.8098 25.6543 26.6008 26.6791 25.3156 25.2693 27.5758 26.5975 26.4951 27.9175 27.5974 27.0259 26.8566 27.0502 26.1341 26.1954 25.3217 27.2607 26.8230 25.9248 25.3417 26.0081 19.9013 17.7785 15.3260 14.5166 16.4551 20.3641 16.0507 15.4794 20.5327 20.5241 14.1303 18.0564 19.3456 18.0802 17.1383 20.0945 22.3980 18.0304 20.1697 15.9889 18.5490 21.9053 17.8285 18.1576 18.5481 20.1764 21.6747 16.8493 19.7511 15.4650 15.3781 13.1176 13.1417 12.4277 14.6558 13.8172 13.0664 13.8014 13.5952 13.6141 14.6208 15.4284 13.8742 14.1713 14.7035 16.4608 15.0081 14.5361 14.4498 12.2835 13.2477 13.8684 13.2490 12.5367 14.9135 14.4289 14.8414 13.3573 13.9475 15.3431
28.8492 29.0664 28.5588 29.1836 29.9273 27.9469 29.3604 27.0418 27.7786 29.7980 30.5370 31.3816 30.6125 27.5480 30.1884 30.9326 28.5911 29.9133 30.4296 30.6956 29.4111 29.0597 27.9012 27.9334 29.8419 31.6632 28.8306 28.7427 29.5843 29.7515 3.9149 0.0000 4.5009 6.3199 4.3019 5.9134 5.4520 3.9862 3.2970 5.3889 6.3749 4.0289 5.6118 4.0053 4.5988 6.6993 6.5160 4.6189 5.7050 4.1128 3.1537 6.3847 6.4129 3.9337 4.8568 4.8047 6.9216 6.6076 5.9431 5.7202 29.4768 29.7762 29.1270 26.9749 27.9106 28.8836 29.0831 29.0642 28.3908 27.1391 28.2216 28.2684 26.7082 26.8364 29.1792 28.2102 27.9352 29.5376 29.2360 28.5874 28.2286 28.6145 27.5823 27.7127 26.8417 28.7912 28.3627 27.4971 26.8881 27.3979 21.5398 18.9510 16.5307 15.4843 17.1498 21.7335 16.9856 16.2710 21.9971 22.1733 14.4687 19.2802 20.2744 18.6859 18.7115 21.4940 23.6914 19.2624 21.7396 17.1341 19.3057 23.3594 18.6006 19.2617 19.8648 21.6872 23.1254 17.5142 21.0501 16.2967 16.5042 13.4663 14.0851 13.5405 15.6709 15.2451 13.3972 15.0907 13.8043 14.9168 15.4226 15.8741 14.0187 14.9004 16.4307 17.2595 15.0521 15.1444 15.4534 13.1398 14.7600 14.6320 14.5621 12.7728 15.6510 14.4260 15.6885 13.8309 14.2383 14.9208
28.6265 28.7037 28.2665 28.8698 29.6805 27.5428 28.9245 26.4256 27.5088 29.3981 30.2124 31.1873 30.3614 27.1299 29.7767 30.5574 28.1628 29.5462 30.0529 30.3810 28.8627 28.7520 27.5596 27.6217 29.5637 31.3453 28.4071 28.4360 29.3273 29.5096 4.6739 4.5009 0.0000 4.8881 2.8979 5.6227 6.0406 4.2355 3.2956 5.8377 7.5535 5.4833 4.7180 3.8233 6.2526 5.8292 5.3987 5.7623 5.9892 4.5347 3.0144 5.8531 6.1805 4.0401 5.5438 5.3128 6.7660 6.8697 5.2250 5.7152 29.0592 29.2612 28.6347 26.5753 27.2924 28.3525 28.4953 28.5574 27.8537 26.6053 27.6953 27.6223 26.1057 26.2675 28.6740 27.6964 27.5761 29.0770 28.7580 28.0958 27.9571 28.0728 27.1339 27.2872 26.3407 28.2598 27.9591 26.9219 26.3751 27.0349 20.8934 18.0873 16.1129 14.5204 16.2871 21.1615 15.8023 15.3120 21.3542 21.6980 13.0562 18.3997 19.3996 17.8476 18.0060 21.1001 23.2281 17.8760 21.2204 16.3384 18.6169 22.7552 17.8059 18.5252 19.2906 20.9662 22.4714 16.7447 20.3602 15.2545 15.4345 12.2504 12.9235 12.5124 15.1986 14.4381 12.2563 14.2143 13.0385 13.8159 14.8703 14.9811 13.1998 13.9507 15.8580 16.4480 13.9111 13.9224 14.2672 12.1837 13.5403 13.8469 14.0151 11.8631 14.5979 13.7889 14.5564 12.7837 12.9214 14.0681
27.8800 28.0110 27.6068 28.1227 28.9336 26.9029 28.1954 25.5317 26.8218 28.6534 29.4868 30.4525 29.6095 26.5214 29.0631 29.8416 27.4125 28.8550 29.3558 29.6163 28.2013 28.0442 26.8202 26.9064 28.8435 30.6237 27.6920 27.7797 28.5407 28.7690 5.5979 6.3199 4.8881 0.0000 4.7588 3.9891 7.3800 4.1101 5.7183 5.7610 8.4533 5.4464 3.2929 5.3951 7.0471 2.8122 3.2026 6.7039 5.5656 5.4415 4.8879 2.9132 5.9782 6.2596 4.4161 4.9470 5.8976 5.8759 4.0216 5.6843 28.3863 28.6405 28.0257 25.9576 26.6256 27.7030 27.8575 27.9491 27.1406 25.9705 27.0162 27.0900 25.2527 25.4938 28.0348 27.1201 26.9127 28.4287 28.1736 27.4510 27.2467 27.4838 26.4886 26.6924 25.6739 27.6539 27.3134 26.1725 25.6736 26.3778 20.4961 17.6842 15.7325 14.1562 15.7574 20.5896 15.7143 15.0750 20.7373 21.3510 12.8052 17.8289 19.1436 17.5705 17.6005 20.6036 22.7510 17.3664 20.8763 15.8605 18.1007 22.2597 17.2763 18.0500 18.8769 20.4954 21.7106 16.1866 19.7307 14.9753 14.7003 11.4788 11.9931 11.9809 14.9836 14.1632 11.9675 13.8661 12.5240 13.4573 14.6624 14.2519 12.8017 13.5865 15.5161 15.9193 12.9431 13.3986 13.8412 11.8331 12.2947 13.5909 13.8011 11.4321 14.0950 13.2695 13.6639 12.2453 11.9386 13.6760
