0.0000 15.2957 20.5568 9.6152 13.3902 10.0434 15.7433 16.4689 15.7655 15.6134 18.3340 10.6628 13.6890 17.3814 13.0681 10.9260 13.1692 14.6473 20.8796 12.5100 21.3119 13.9464 19.4578 11.8500 11.9398 11.8589 11.8752 11.7476 12.9656 14.9339 34.6897 31.7751 31.0334 31.0498 27.2101 35.3582 31.0398 35.8973 35.2288 33.1222 31.4940 27.6646 31.4447 29.0827 33.6186 38.0516 32.9298 31.9686 38.1887 34.9455 30.4653 26.2672 35.4955 37.0154 32.3043 35.9363 28.3285 27.7294 38.2492 32.6465 20.2792 18.8326 19.0424 19.3635 21.9042 19.4891 26.7145 22.6200 16.9144 19.4789 20.8996 24.3840 23.0453 18.4020 22.3418 19.1181 19.1512 21.7791 22.8791 23.6305 16.4303 25.9079 19.5922 22.8070 19.7745 22.4650 22.3330 22.9860 21.2988 17.9247 27.6592 31.3746 22.7536 19.9477 23.0264 25.0121 32.1688 21.0120 25.2230 25.3254 21.9291 17.0373 19.6121 32.4150 30.2355 20.5854 23.0832 25.9396 15.4957 18.1976 16.0975 21.3156 29.0655 31.6050 25.6944 17.0911 22.2561 29.6331 26.3296 28.7430 25.3772 27.4386 23.1016 27.3427 27.2645 26.3236 26.1370 30.1992 29.3375 24.7680 25.8805 21.2397 31.9096 32.0721 23.9800 29.0865 27.0104 31.2086 28.4532 30.2765 26.5353 27.9096 36.9400 30.6924 28.8268 29.3459 26.8055 27.3620 32.8277 32.5491
15.2957 0.0000 9.6615 16.0811 10.6152 13.5865 11.4654 11.2861 11.8848 12.0787 12.0145 14.0660 19.0405 8.2096 11.6382 16.9850 13.0592 17.3618 12.7443 15.6449 13.0284 13.8751 12.0538 14.6859 10.3229 12.1556 12.8962 16.3039 13.9472 10.6200 32.6838 25.3417 26.4801 27.8739 22.5217 34.3162 25.4272 32.9424 31.4720 29.7942 26.1199 20.7864 27.3829 22.9853 29.7524 37.2888 27.8844 28.4914 36.8303 32.7381 24.1648 22.4286 33.6939 36.0983 29.0727 34.0412 25.3483 24.2622 36.0629 31.0904 14.5609 11.3511 11.4942 12.2104 13.2355 11.7017 15.3493 12.8281 11.1476 10.3859 13.6924 14.2156 14.4456 10.5104 14.4988 11.7944 10.5521 13.8600 15.2336 12.9887 10.6800 16.1517 13.7017 14.4765 13.8241 11.9162 12.4909 13.7328 12.7674 15.5350 18.9552 25.6731 16.2716 13.7568 13.4675 17.9015 29.5519 16.9746 14.2460 19.2478 15.6239 15.0826 12.8886 25.1288 23.9009 13.2005 14.7440 18.9977 17.8113 11.4210 9.5182 11.5561 24.6329 25.2488 16.5927 10.0967 12.5486 25.0132 16.3602 22.9102 17.1522 17.7597 19.2454 20.0815 21.3234 20.2024 18.2774 22.5912 22.6884 18.3059 16.4427 17.5558 27.1005 23.0338 16.8090 19.5008 20.9068 24.7287 19.1223 23.0414 19.0543 22.0684 32.4788 24.8392 22.4455 22.5334 19.7778 20.7758 29.9541 26.7745
20.5568 9.6615 0.0000 20.5714 14.4989 17.6869 13.2145 13.4686 13.5248 15.3507 10.8997 18.6942 24.9082 7.5950 15.0646 21.5786 16.8373 22.5779 10.3290 20.8430 10.9486 16.0670 10.8530 19.9056 14.9258 15.6386 15.7896 21.1384 16.2948 13.8687 33.3013 24.3097 25.9567 28.5482 22.2640 35.8042 24.8912 33.4807 31.9698 29.7160 25.0711 19.4028 27.7431 21.9490 30.5979 38.4848 26.7612 29.0367 37.6224 33.3230 23.7085 23.6076 34.4800 37.2283 30.0879 35.1287 26.2754 24.8631 36.5732 32.3802 14.0594 10.5440 9.9605 10.8960 10.1504 9.9676 7.8553 7.4948 10.8139 8.6598 11.7350 7.4137 11.6577 10.4627 10.8556 10.0868 9.1216 10.5809 12.6838 8.8080 12.7416 11.0393 13.9720 10.6671 13.4536 5.9550 9.8100 9.6155 9.6818 17.2650 14.8867 24.0055 13.9083 14.6594 11.0068 15.5141 29.4875 18.1604 9.4900 17.9089 14.2058 18.2027 11.7660 22.0616 21.6962 12.2718 11.9820 15.6632 21.4498 11.4410 11.7854 5.7159 24.3291 23.5405 13.3644 10.8150 8.2097 24.3869 11.2789 21.3360 14.7195 13.0386 19.6112 17.6660 20.2805 18.6332 15.3314 19.6145 20.5964 16.6407 12.2881 18.3572 26.4809 18.1687 15.4632 15.2692 19.6492 22.5678 14.1181 19.9592 17.3603 21.0642 30.9510 23.6388 20.4726 20.2630 18.3140 18.6054 30.1528 25.2263
9.6152 16.0811 20.5714 0.0000 13.9231 10.2038 16.0427 16.7642 15.5691 16.0767 19.2129 10.9436 13.9797 17.6071 12.8328 11.5570 13.7195 15.8101 20.9430 13.7814 21.4558 12.8665 19.3220 11.9632 12.0689 12.5696 13.9146 12.9496 13.7679 15.3530 35.5807 33.2924 31.7863 32.7672 28.3825 36.7519 32.7395 36.8898 37.2118 33.6529 31.5241 28.6359 33.6068 29.3802 35.9203 39.1281 33.3671 33.4014 39.3212 35.7261 32.3048 28.0242 36.8411 37.7980 34.1044 37.5519 31.2006 29.8295 38.9923 34.4635 20.1252 18.9472 19.3156 19.6815 21.8029 20.2617 26.6417 22.7573 16.6182 20.3082 22.0837 24.5848 24.4819 18.4423 22.5568 19.0993 18.9643 22.2930 22.2352 24.1172 16.9876 25.6559 19.3555 23.0090 19.2397 22.1941 22.9728 23.4744 20.9963 17.5859 27.5969 31.0267 21.6135 22.2976 23.5705 24.9074 33.0995 21.7738 26.2465 26.5463 21.9859 18.1196 18.7576 32.3850 30.9640 21.2732 22.5737 24.7288 17.5686 17.9397 16.0145 21.7114 29.2034 32.0890 24.6742 16.0097 22.5822 30.0884 26.2957 29.1327 27.3581 27.1260 23.2007 27.2955 26.9021 26.5282 25.1675 29.9435 29.7841 25.1719 26.2004 19.8130 31.5571 31.6759 24.3202 29.6809 27.9903 30.5489 27.0510 29.8635 27.9516 28.5759 36.1526 30.5789 28.9949 29.7180 26.8551 27.5306 33.1392 31.8600
13.3902 10.6152 14.4989 13.9231 0.0000 12.1750 10.4303 14.4782 11.6974 11.9304 12.5978 10.8359 16.9725 12.0821 12.1944 14.9845 12.9829 19.0772 15.1292 13.3917 13.9465 10.4034 13.6510 15.3185 10.7151 9.1487 10.4873 15.8445 11.4201 11.9195 34.6074 29.2922 29.3401 30.5222 25.5103 36.1935 29.0845 35.5210 34.6046 32.3305 29.3714 24.7015 30.4365 26.2527 32.7404 38.9152 31.0042 31.3859 38.7563 35.0380 28.0329 24.4018 35.8113 37.6083 31.9388 36.4098 27.9358 26.8541 38.3442 33.1096 16.9100 13.6330 14.0244 14.6933 16.5926 14.4671 20.0283 16.8484 13.1698 13.9232 16.3822 18.1857 18.2273 13.7660 16.9569 13.6018 13.7657 16.5719 17.1886 17.5143 13.8256 19.6908 15.1742 17.3398 14.3313 16.0933 17.1737 17.6578 15.4744 16.6900 23.0467 28.9186 19.3771 17.0594 17.7370 21.4683 31.8567 19.1944 19.7587 22.5450 19.1441 16.5514 15.2831 28.7900 27.3585 17.7589 18.5760 22.0678 17.1455 13.8220 12.7205 15.3920 27.3619 29.0333 20.5819 12.0776 16.6889 27.9523 20.4735 26.4224 21.4050 21.9891 20.3291 23.7287 24.2663 23.2731 21.4389 26.1970 26.3792 21.2707 20.3749 18.6117 30.0649 26.7870 20.4533 24.1743 24.1994 27.9388 22.6913 26.4844 22.7264 25.3824 34.9652 28.0231 25.9235 26.3059 23.3181 23.9198 32.2789 29.7104
10.0434 13.5865 17.6869 10.2038 12.1750 0.0000 14.7930 14.6831 15.3694 14.5700 17.6753 10.3167 13.2821 14.9376 11.9962 12.8536 11.6773 17.0841 17.6241 12.6843 17.5399 12.6984 14.9245 13.8251 10.1520 11.9651 11.7623 11.3906 13.5445 14.9647 35.0906 31.7011 30.8285 31.6141 26.8805 36.3324 31.1702 36.5452 36.2726 33.2777 30.8380 26.9657 32.0006 28.2286 34.2646 38.8687 32.4324 32.5244 38.8624 35.4856 30.5136 25.8201 36.1248 37.7338 33.0721 36.9961 28.8994 27.8636 38.8852 33.4802 17.8427 15.2060 16.2123 17.1048 18.7295 16.2277 23.6778 19.5583 13.5448 16.9542 18.8393 21.2053 20.9748 16.0203 19.3928 15.4973 15.9367 18.7177 19.1495 21.0371 14.2779 22.7822 16.3535 19.7142 15.7224 19.0741 20.1483 20.6430 17.5790 15.2351 25.7963 30.4558 20.4425 20.1103 20.9825 24.0112 32.4567 19.8881 23.1765 25.1151 20.0843 16.5840 16.7966 31.3993 29.5375 19.5638 21.0677 23.4380 17.8975 15.2551 12.9525 18.6697 28.6201 31.3534 23.4709 14.6437 20.0646 29.1479 23.8136 28.3934 24.0315 24.8726 21.0765 25.9383 26.0083 25.0530 23.6917 28.4926 28.3719 23.2485 23.2426 18.7214 31.2585 29.6961 22.7759 27.2501 26.1748 29.7221 25.3241 28.6235 25.2632 27.2937 35.8729 29.8026 27.7296 28.2005 25.6521 25.7955 32.8535 31.4311
15.7433 11.4654 13.2145 16.0427 10.4303 14.7930 0.0000 11.8487 11.2836 9.7414 9.1231 13.5329 21.5237 11.7261 10.4952 18.8492 16.8134 19.3976 11.0102 15.8435 16.0038 12.6331 11.9269 15.1813 12.6076 8.9877 11.1136 19.3556 11.5830 8.9812 35.0225 28.7008 29.4285 31.4836 25.8479 37.5807 28.9378 36.3316 35.1344 32.7830 29.0729 24.0403 31.0067 26.2213 33.1827 39.9840 30.4348 31.8190 39.7557 35.8559 27.9897 25.8995 36.8352 39.0308 32.5152 37.4645 28.2371 27.1834 39.2309 34.1908 18.2326 14.3873 14.4668 15.3784 15.6659 14.9497 17.5157 15.4153 14.1813 13.0739 16.7730 15.4179 16.4690 15.4138 16.1783 14.8222 14.4158 15.5774 16.9052 16.3499 15.4300 18.1512 17.3241 16.7930 15.7163 14.7690 16.3239 16.6828 14.4066 19.5717 21.4468 28.3079 18.3442 15.7875 16.8750 20.3583 31.6906 19.0833 17.8259 22.0435 17.2305 18.0948 15.7653 27.6444 26.6141 16.9528 17.9603 20.1033 19.9059 15.2184 10.8913 13.6446 28.0357 28.4404 19.3981 11.7184 14.7742 27.7243 18.8427 25.8002 20.1750 19.4675 21.8596 23.0606 24.6770 23.0513 20.6547 25.1036 25.6638 21.4392 18.5447 20.1334 30.2296 24.6926 20.4963 22.0183 24.4321 27.1567 20.6394 25.2192 22.1158 25.3312 34.5937 28.1333 25.1215 25.1012 23.2981 23.3312 33.0039 29.5159
16.4689 11.2861 13.4686 16.7642 14.4782 14.6831 11.8487 0.0000 13.7879 10.2722 12.5557 15.1958 21.3200 12.7363 9.3791 18.6865 18.1768 15.6266 11.1947 15.3120 17.4511 15.4835 11.6811 13.8402 14.0407 11.5310 13.8129 18.4118 15.3342 9.3008 36.3103 29.9097 30.7281 32.9174 27.1391 39.2700 29.9648 37.5984 36.4054 34.1227 30.1615 24.8311 32.4232 27.1440 34.1315 41.4312 31.4761 33.2384 40.9816 37.2717 29.1536 26.8127 38.2193 40.2850 34.0432 39.0159 29.4639 28.7338 40.5153 35.7977 19.8580 15.0223 15.4950 16.6299 16.8722 15.2424 17.5144 15.7695 15.0555 14.7520 17.5189 15.2027 17.4632 16.4445 17.0651 16.0002 14.7697 16.4028 17.1905 17.2661 15.6902 18.5483 18.8359 17.4168 15.8479 14.4996 17.0167 17.9172 14.6267 20.3887 21.5891 28.9908 18.9259 17.2715 18.0771 21.6256 32.9563 20.4736 18.0496 23.4935 18.0561 19.3712 17.2440 28.0710 27.4641 18.3021 19.2880 20.5301 22.3260 16.0098 9.0777 14.9545 29.3184 29.3966 20.3251 13.2347 15.6745 29.1248 19.5124 26.9377 20.8591 19.7616 23.3322 23.8545 25.7283 24.2667 21.4533 25.8229 26.5883 22.8074 18.4396 21.4325 31.2204 24.7823 21.7372 22.1662 25.6040 27.9355 20.4784 25.8851 22.9237 26.7204 35.3747 29.2072 26.1296 25.8543 24.5560 24.4670 34.4284 30.4673
15.7655 11.8848 13.5248 15.5691 11.6974 15.3694 11.2836 13.7879 0.0000 13.2621 11.2702 14.5634 20.9155 12.4604 13.3114 15.5516 15.1519 18.8176 15.7503 15.1334 15.0952 10.4055 15.0188 14.8133 14.3803 11.7870 14.0306 18.5321 13.2473 13.3675 35.1039 29.5960 30.0060 31.9497 26.1478 37.8205 29.4220 36.8075 35.7785 33.1160 29.3284 24.6492 31.5961 26.8064 33.8207 39.8353 30.7770 32.1403 39.5370 35.8901 29.1216 26.1232 36.9276 38.8472 33.1938 37.8034 28.9947 28.0792 39.2325 34.4566 17.4076 14.6732 14.8133 15.9946 16.5489 15.4610 18.3014 15.5709 13.8523 14.9329 17.5334 16.3809 18.0207 15.0545 16.7737 14.8638 14.0899 16.2014 17.0728 16.9407 14.8502 18.4887 16.9417 16.8461 15.2149 15.0408 16.9462 17.5846 14.7567 18.2223 22.0483 28.7684 18.1547 15.8874 17.3205 20.7757 32.4067 20.4436 18.7901 22.1785 18.5137 18.1489 15.0121 28.1026 27.1009 17.5247 18.3268 20.8529 19.6633 14.9011 14.3047 14.8446 28.1211 29.0175 19.2921 11.4201 16.0702 28.1024 19.3032 26.1687 21.0882 20.4419 21.4957 23.6044 24.8191 23.5400 21.0829 25.6262 26.0220 22.1998 19.1058 19.0739 30.1370 25.4035 21.1083 22.5982 25.0443 27.4047 20.8894 25.6749 22.7056 25.9073 34.5827 28.3210 25.5119 25.6536 23.8472 23.9167 33.0512 29.7018
15.6134 12.0787 15.3507 16.0767 11.9304 14.5700 9.7414 10.2722 13.2621 0.0000 11.5275 14.3788 20.4928 14.0748 10.7370 18.7055 18.0390 16.6784 13.0558 12.9337 16.8892 14.3250 14.2211 14.7648 13.4815 9.5682 13.7742 18.4369 14.2755 8.8613 37.3179 31.1307 32.0642 33.8156 28.6550 40.0262 31.1740 38.7014 37.2854 35.4318 31.8056 26.4419 33.2049 28.4369 35.1091 42.3730 32.7987 34.2874 41.9044 38.3843 30.1553 27.3952 39.1007 41.2416 34.9932 39.8767 30.3828 29.8274 41.7187 36.5989 21.1880 15.8517 16.4913 18.0235 18.4149 16.6624 19.5796 17.8566 15.5960 16.1646 19.1052 17.3284 18.8944 17.4752 18.6264 16.5661 15.8750 18.0124 18.6332 18.7414 16.6252 20.1459 19.0501 18.3883 16.0135 16.4301 17.9538 19.4641 15.8763 21.0312 23.7774 30.7857 21.3927 17.2276 19.4953 23.6629 34.2918 22.4009 19.6699 24.8820 20.5411 20.4091 18.8871 29.7324 28.9731 20.7438 21.2644 23.1195 22.1703 16.8411 11.4828 16.3824 30.6813 31.1206 22.2901 14.6247 17.5391 30.5473 21.0833 28.7784 22.6594 21.6791 23.8419 25.5725 27.1393 25.5883 23.2109 27.4798 28.0306 24.2967 20.0974 22.5332 32.4500 26.5110 23.2522 24.1539 26.8732 29.6227 22.5956 27.8319 24.2282 28.0661 36.9788 30.6276 27.5020 27.3794 25.8349 25.9353 35.6044 31.7634
18.3340 12.0145 10.8997 19.2129 12.5978 17.6753 9.1231 12.5557 11.2702 11.5275 0.0000 16.8962 24.3178 11.0268 13.3674 20.6878 18.7913 20.6752 11.5899 18.5109 15.1584 14.7643 13.5345 17.6126 14.9111 12.3323 13.2046 20.6434 12.6699 10.7811 35.0857 27.1903 28.7101 30.8337 25.1019 37.8238 27.4958 36.0143 34.1954 32.4595 28.6235 22.3183 29.9173 25.2035 32.1785 40.2682 29.6389 31.4167 39.5333 35.8753 26.4708 25.2407 36.5670 39.2487 32.2751 37.2579 27.1120 26.6085 39.1926 34.1356 18.6945 13.9128 13.2486 15.3408 15.1110 13.3139 14.2412 13.4221 14.3651 12.4189 15.3468 12.3453 14.3399 15.5019 14.9307 14.4052 13.8708 14.0536 16.2461 14.4712 15.8868 16.0868 17.8990 14.8679 15.4285 12.4666 15.0106 14.7892 13.4541 20.7750 19.1410 27.4871 18.1685 13.1229 15.6349 19.2118 31.4352 19.9002 14.6333 20.2912 17.2339 19.1962 16.3415 25.8679 24.8333 16.6233 17.2826 19.3323 20.4961 14.9470 13.2163 11.0288 27.7713 27.1122 18.6884 12.4310 12.2934 27.3509 16.6856 24.8004 17.3762 17.4881 22.1087 21.7527 24.2048 22.1916 19.9164 23.7158 24.2933 20.4219 15.8887 21.5524 29.9013 22.2878 19.5540 19.1347 22.9643 26.3707 19.1017 23.9197 19.9230 24.4477 34.2654 27.5094 23.9680 23.6392 22.4384 22.2789 33.0006 29.0961
10.6628 14.0660 18.6942 10.9436 10.8359 10.3167 13.5329 15.1958 14.5634 14.3788 16.8962 0.0000 13.3639 15.5462 11.3638 12.1943 14.1239 17.0179 18.9533 12.6372 18.5026 11.9207 16.6643 12.1227 10.7230 9.9512 9.8898 12.3942 13.0803 13.8582 35.3387 31.8198 30.9665 31.9319 27.0452 36.6123 31.5474 36.4595 36.3712 33.2091 30.5952 27.4241 32.3181 28.3106 34.7858 39.0539 32.4619 32.8024 39.3094 35.4836 30.8063 25.9883 36.5682 37.8343 33.1733 37.1830 29.5298 28.5169 38.6935 34.1557 19.3584 16.6248 17.6481 18.4797 19.7805 17.8500 24.4949 20.8672 15.2867 18.1572 19.6120 22.4525 21.9204 17.1012 20.9199 17.3405 17.3338 20.0530 20.1614 21.9766 16.2980 23.8681 17.6929 21.2586 16.9142 20.2211 21.2621 21.7301 19.3142 17.2365 26.0753 30.3029 20.8098 19.7941 21.4795 23.3163 32.2147 19.5909 24.2552 24.6804 20.7580 16.0781 17.1335 30.9929 29.6665 19.7111 20.6311 23.3099 16.4415 16.0551 13.9919 19.5343 28.3907 30.8805 23.5754 14.4022 20.4054 29.2449 24.1762 27.9703 25.1283 25.5077 21.2730 26.3339 25.9175 25.7271 23.8972 28.7042 28.6241 23.9825 24.4143 19.0448 31.1535 29.9717 23.1827 27.6496 26.7036 29.8404 25.6576 28.4961 26.2170 27.6624 35.6553 29.6826 28.0833 28.3477 25.6645 26.3332 32.9808 31.2119
13.6890 19.0405 24.9082 13.9797 16.9725 13.2821 21.5237 21.3200 20.9155 20.4928 24.3178 13.3639 0.0000 21.4746 17.9757 14.3195 15.6072 19.0713 26.1232 15.8863 23.9609 18.3653 22.9036 16.1232 14.9956 17.3538 17.4265 13.6285 19.1513 19.9748 35.9966 34.4323 32.9764 32.4889 29.3387 35.7236 33.5960 36.7341 36.8821 34.3502 32.9483 30.8539 33.2432 31.0031 35.6413 38.4345 34.7272 33.5943 38.9464 35.4362 32.8970 27.6564 36.2925 37.3491 33.7269 36.7065 31.0866 30.1860 38.5365 33.9835 23.5274 22.4035 23.0366 23.3780 25.3783 23.4098 30.8184 26.6725 19.7306 23.9282 25.1876 29.3196 27.8202 21.4144 26.4979 22.0069 22.1866 25.6607 26.4095 27.7438 19.6292 29.6629 21.5699 26.6456 22.1749 26.2762 26.0025 27.0164 24.9006 19.2043 31.0351 33.0577 26.3809 23.9823 26.2650 28.0510 33.6301 23.6660 29.2932 28.6160 25.6200 19.1950 22.5619 34.9524 32.8532 24.3903 25.9847 28.8222 18.1398 21.0168 19.3968 25.8386 30.1477 33.7658 29.0328 20.5970 26.2793 31.4952 29.4915 31.4475 29.4099 31.0635 24.5239 30.0000 28.6573 28.9036 28.7873 32.6005 31.6942 27.6003 29.7656 23.3640 32.7271 35.0703 26.9916 32.8717 29.5004 33.0624 31.3805 32.6852 30.1901 30.2627 37.7838 31.9971 31.2095 31.8693 28.9941 29.9661 33.4909 33.7048
17.3814 8.2096 7.5950 17.6071 12.0821 14.9376 11.7261 12.7363 12.4604 14.0748 11.0268 15.5462 21.4746 0.0000 12.0494 18.2900 14.6363 20.3477 11.8070 18.3497 11.5334 13.9412 12.0459 16.5843 11.4110 12.5954 13.0536 17.5537 15.0682 12.7717 32.5798 25.2153 25.5537 27.8307 21.9600 34.4148 25.6925 32.9813 31.9973 29.3739 25.4139 20.4320 27.7565 21.9136 30.1702 37.6023 27.4900 28.7466 37.1904 32.8655 24.0506 22.2547 33.7486 35.9896 29.2072 34.4462 25.3855 23.6333 36.3054 31.1470 12.9250 9.2014 8.2012 9.8511 10.4360 9.1830 12.6514 9.8561 8.3007 7.2987 11.6480 11.1239 12.8795 8.9156 11.5289 8.7046 8.3618 11.1409 12.4928 11.4848 11.5075 13.5477 12.1336 12.0041 12.1633 9.0915 11.0456 10.6384 10.0584 15.9914 17.5240 25.0049 13.9790 13.5304 12.1115 16.0980 28.8743 15.7061 13.3070 18.3547 14.5326 14.5447 10.6516 23.9573 22.8309 12.6933 12.7309 16.3084 18.6314 10.5695 10.4222 8.4627 24.1476 24.6986 15.5261 9.1746 10.0799 24.6446 14.2918 22.1264 16.6783 15.5469 18.0371 18.6437 20.2241 18.9516 15.8076 21.0988 22.0131 16.2680 14.3374 16.3400 26.7819 20.9843 15.5549 18.4723 19.8681 23.3676 16.8466 21.3800 17.6409 21.0707 31.6131 24.1806 21.4605 21.6644 18.3987 18.7964 29.7741 25.9148
13.0681 11.6382 15.0646 12.8328 12.1944 11.9962 10.4952 9.3791 13.3114 10.7370 13.3674 11.3638 17.9757 12.0494 0.0000 14.1117 15.0000 15.4839 13.6582 13.2144 17.2291 11.5118 13.9753 10.4165 9.6030 7.3692 10.5533 15.5199 14.0345 9.6799 35.6993 30.8779 30.3671 32.1884 26.6962 38.1439 30.7697 36.8645 36.5335 33.4883 29.8833 25.4986 32.3765 27.0584 34.6598 40.6932 31.7268 33.1974 40.5057 36.5674 29.6017 26.3730 37.4793 39.0903 33.6265 38.4050 29.2807 28.2964 39.9629 34.9632 18.2126 14.6602 14.6995 15.4094 16.5865 14.8939 19.6815 16.6079 12.9611 14.7229 17.6886 17.9311 18.6538 15.2986 17.5189 14.7629 14.5601 16.9633 17.3442 18.9546 14.8448 19.6435 16.8297 18.0018 15.8192 15.7934 18.2514 18.1110 15.1702 18.9012 23.0526 29.2298 17.5882 17.3879 18.6404 21.2120 32.1491 19.2538 20.7423 23.3807 17.7936 16.4553 15.8357 29.0319 27.9102 18.3423 18.6235 19.7100 18.7524 15.0554 10.0439 15.7157 28.7566 29.8860 20.6575 12.1310 16.1583 29.1462 20.7756 27.0952 22.7410 21.3218 22.0281 23.7961 24.9222 24.1284 20.9980 26.7669 27.1921 22.1675 20.2625 19.1110 30.9206 26.3823 21.1998 24.1841 25.2230 28.1770 21.7029 26.3717 23.7834 26.3598 35.2339 29.0550 26.2788 26.4100 23.8978 24.2864 33.7742 30.5591
10.9260 16.9850 21.5786 11.5570 14.9845 12.8536 18.8492 18.6865 15.5516 18.7055 20.6878 12.1943 14.3195 18.2900 14.1117 0.0000 12.4396 17.1960 23.4545 13.3961 20.8398 11.4428 21.4542 12.5443 13.9089 13.9609 15.1547 14.4570 17.4209 17.9801 35.7412 33.7382 31.9020 32.8421 28.4933 36.6557 33.2225 37.1260 37.5191 34.0152 31.7456 29.2344 33.7497 29.6699 36.0874 39.2690 33.6488 33.6633 39.5664 35.9724 32.6087 27.7458 36.7805 37.7438 34.1243 37.7532 31.2603 29.7231 39.2696 34.2956 20.1081 19.3352 19.5488 19.7848 22.0650 20.2638 27.1194 22.9539 16.8875 20.9433 22.1727 25.3519 25.0188 18.2789 23.0278 19.0933 19.3239 22.6376 22.6010 24.7217 17.5788 25.9234 18.9567 23.3668 19.8867 22.5977 23.5101 23.6641 21.3764 18.0523 28.4663 31.8661 21.7557 22.3972 23.9019 25.2060 33.3315 22.3754 27.1026 26.6341 22.8026 18.2433 18.6186 32.9296 31.2747 22.0751 22.9554 25.0766 16.9255 18.5821 18.3837 22.1968 29.4897 32.7781 25.6557 17.2373 22.9400 30.7260 26.4909 29.6442 27.6909 27.7968 23.0818 27.7100 27.1119 26.9886 25.3861 30.4715 30.3236 25.3604 26.6975 19.7172 32.0302 32.1248 24.5715 30.2495 28.1659 31.0393 27.7100 30.2378 28.0224 28.8119 36.5210 30.9323 29.3694 30.0927 26.9951 27.5753 33.4957 32.4246
13.1692 13.0592 16.8373 13.7195 12.9829 11.6773 16.8134 18.1768 15.1519 18.0390 18.7913 14.1239 15.6072 14.6363 15.0000 12.4396 0.0000 20.2499 20.0987 16.5883 16.0055 12.1143 17.2839 16.7083 12.5116 15.1143 13.7210 15.1157 14.8465 17.1459 32.1540 28.5966 27.7999 28.4800 24.1031 33.1478 27.7532 33.2073 32.6045 30.3116 28.0969 23.9762 28.9577 25.6031 31.1513 36.1147 29.8971 29.2197 35.9907 32.4225 27.4454 24.0637 33.1751 34.6791 29.6745 33.6239 26.7171 25.3178 35.9744 30.3409 15.5138 15.2078 15.7143 15.2796 17.9743 16.1024 22.5903 18.2917 13.5458 15.9099 17.6289 21.1011 20.2531 13.0428 18.7488 14.5793 15.0841 18.4556 19.4096 19.2340 12.4908 21.6613 14.0970 18.8229 17.3228 18.5848 18.1171 18.8348 17.4892 13.3275 23.8711 28.2595 18.5282 18.9345 18.9086 21.5182 30.0808 19.2526 21.2246 22.4634 18.0248 16.1865 14.9605 29.2156 26.7901 16.1231 19.0391 22.4110 15.7856 14.1979 15.6993 17.6678 25.6356 28.4311 21.2483 14.7729 18.3215 26.8867 22.2708 25.0706 21.7676 23.4372 19.9045 23.3902 23.7836 22.7369 22.0488 26.6375 25.8008 21.0055 22.1882 17.3187 28.9292 28.4387 19.7438 25.3831 23.5482 27.5729 24.4282 26.6258 23.2692 24.2954 34.0930 27.2417 25.2478 25.7560 23.1056 23.7068 30.1114 29.3528
14.6473 17.3618 22.5779 15.8101 19.0772 17.0841 19.3976 15.6266 18.8176 16.6784 20.6752 17.0179 19.0713 20.3477 15.4839 17.1960 20.2499 0.0000 22.4733 14.0225 24.9846 20.0151 22.8036 11.5665 16.9704 16.2305 18.7130 16.5171 19.6387 14.6713 38.0666 34.2712 34.1378 34.9760 30.8094 39.6708 33.9566 39.4842 38.5424 36.4408 34.1787 30.2948 35.1144 31.9105 36.6593 41.7520 35.2992 35.5528 41.9112 38.5876 33.4889 29.7480 39.3304 40.7427 36.1378 40.0803 32.3083 31.7221 41.6727 36.9581 25.4851 22.8433 22.8994 23.5274 24.8815 22.8345 27.6514 25.0819 21.4278 23.0893 25.0106 25.6562 25.8660 22.5739 25.6106 23.8911 22.3443 25.1985 25.7121 26.0429 21.1569 27.7588 24.3511 25.5303 22.2587 24.1558 24.8442 25.8518 23.6390 24.1005 29.1933 33.4282 26.0833 21.7263 25.6456 27.3147 34.9972 24.3465 26.7024 28.1789 25.1835 21.1766 23.7260 33.7908 32.3976 24.4475 25.7828 27.9035 21.7389 21.4829 17.3533 24.0176 32.4048 33.7853 27.2043 19.9935 24.2920 32.5436 27.7774 31.3597 28.0469 28.7730 27.0470 29.8652 30.1542 29.3478 28.5208 31.8178 31.5733 28.2337 27.3922 26.1829 34.2468 32.6300 27.3182 30.2374 30.2334 33.0939 29.4136 31.8287 28.9362 31.0908 38.8313 33.2109 31.0993 31.4558 29.5541 29.8967 36.3771 34.4090
20.8796 12.7443 10.3290 20.9430 15.1292 17.6241 11.0102 11.1947 15.7503 13.0558 11.5899 18.9533 26.1232 11.8070 13.6582 23.4545 20.0987 22.4733 0.0000 19.8418 14.9998 17.4457 8.9875 19.8178 16.3324 13.8758 14.8601 22.9669 15.9974 12.1227 37.0032 28.5045 30.2185 32.9678 26.8272 40.0684 29.3918 37.8521 36.2800 34.1610 29.7838 23.8350 32.1598 26.5263 34.2434 42.4577 31.0656 33.3991 41.8691 37.9169 27.9397 27.3196 38.8484 41.2862 34.1319 39.5393 29.5282 28.4236 41.0834 36.4150 18.6509 14.1609 13.9736 14.5774 13.8511 12.8915 12.7945 12.1602 15.1411 12.2229 15.2117 10.4517 13.9913 15.5166 14.0933 14.7329 13.9833 14.0574 15.4844 13.6028 16.5157 14.5143 18.0741 14.4592 16.0763 11.0413 14.2166 14.5820 12.4471 21.6716 19.2832 28.5082 17.9331 18.6201 15.8572 20.4943 33.1916 20.6108 14.8799 22.7152 17.6016 21.1725 17.0427 26.4171 26.3137 17.6354 17.9304 19.2546 24.9256 16.1907 10.5135 11.0341 29.1022 28.3635 17.7986 13.9729 13.0744 28.6763 16.3548 25.7746 18.9568 16.9615 23.7144 22.6465 25.1946 23.2530 19.6578 24.1899 25.5343 21.3389 16.1637 21.7420 31.3038 21.9206 20.4148 19.5535 24.4890 27.1769 18.0509 24.4501 21.5123 25.8194 35.2154 28.5334 25.3159 24.8664 23.2828 23.1210 34.8595 29.6699
12.5100 15.6449 20.8430 13.7814 13.3917 12.6843 15.8435 15.3120 15.1334 12.9337 18.5109 12.6372 15.8863 18.3497 13.2144 13.3961 16.5883 14.0225 19.8418 0.0000 20.4199 14.5419 19.4027 12.8463 14.6518 11.7534 15.4152 15.2828 16.9766 14.6028 39.0109 35.1965 34.8128 35.9592 31.4888 40.7951 34.9675 40.6734 39.9704 37.3709 34.8094 30.7869 36.1195 31.9950 38.0915 43.0784 36.0805 36.6400 43.0580 39.7670 34.2094 30.0242 40.4931 42.0095 37.2951 41.3008 33.1945 32.3354 43.0291 37.9350 23.2522 19.5592 20.3790 20.7152 22.6180 20.3086 26.3297 22.5949 18.5567 20.9484 22.8749 23.7361 24.0977 20.4309 22.6031 20.2340 19.6778 22.5477 23.2465 24.2154 18.9023 25.5941 21.1551 23.1972 19.3813 21.8721 23.0706 24.2667 20.6983 22.0318 29.0557 34.1499 24.7937 22.0660 24.5646 27.5505 36.3811 24.7806 26.3467 28.7389 24.7444 21.1908 21.8819 34.2588 33.0788 24.5282 25.3425 27.1612 21.4503 20.3178 15.9685 22.0333 32.8694 34.9510 26.8485 18.6563 23.4195 33.1833 26.5694 32.1607 28.1064 27.6867 26.0973 29.6684 30.1629 28.9312 27.3266 31.7802 31.9924 27.5986 26.3011 24.0204 35.0126 32.1765 26.9813 30.2536 30.3326 33.2104 27.9335 32.0257 29.0198 31.3770 39.4054 33.5854 31.3055 31.7820 29.5499 29.6122 37.0912 34.6660
21.3119 13.0284 10.9486 21.4558 13.9465 17.5399 16.0038 17.4511 15.0952 16.8892 15.1584 18.5026 23.9609 11.5334 17.2291 20.8398 16.0055 24.9846 14.9998 20.4199 0.0000 15.2653 12.7324 21.9289 16.8302 16.9373 16.8796 21.0622 17.9624 18.4523 34.1993 26.9022 27.5151 29.7590 23.8597 36.5768 27.0603 34.9053 33.7522 31.4348 27.1706 21.5912 29.1204 23.8312 31.6695 39.3077 28.7653 30.6197 38.7243 34.7052 25.8770 23.5800 35.4423 37.6965 31.3660 36.4089 27.0323 25.9369 38.1255 32.9988 15.5006 11.9940 12.9827 14.1919 13.5063 12.0016 13.5064 12.3172 13.2270 11.7039 14.1552 12.7366 14.9559 12.1512 14.4106 11.5209 12.6153 13.6677 14.4635 13.3336 15.1367 14.6375 13.4336 13.5845 13.2695 11.9564 13.2921 13.5092 12.6783 18.5408 18.5438 26.8890 15.9542 17.1885 13.4055 18.4836 30.9635 19.4984 14.6656 20.2083 17.1800 18.4177 12.9174 25.2368 24.1276 16.1043 15.0772 18.3076 21.7090 11.6173 14.7622 11.4942 26.2862 26.4271 16.8262 13.5944 12.0979 26.6441 15.0449 24.0435 17.6741 16.9512 18.7250 20.4593 22.1689 20.9875 17.8262 22.7991 23.5191 18.6965 15.5648 18.2979 28.4517 21.5798 17.8191 18.8350 21.5509 25.0334 17.9981 22.7893 18.9226 23.0476 33.1088 25.9269 22.8995 22.9422 20.5368 20.7241 31.8221 27.8181
13.9464 13.8751 16.0670 12.8665 10.4034 12.6984 12.6331 15.4835 10.4055 14.3250 14.7643 11.9207 18.3653 13.9412 11.5118 11.4428 12.1143 20.0151 17.4457 14.5419 15.2653 0.0000 15.4808 14.6081 12.6543 10.6592 12.6844 17.4228 13.8831 14.4331 35.2081 31.4658 30.4415 32.2439 26.7562 37.4481 31.0552 36.7844 36.7824 33.3178 29.8920 25.9635 32.4953 27.2674 35.0459 39.9851 31.8281 32.9170 39.8523 36.0092 30.3711 26.5496 36.9974 38.4332 33.6933 37.9571 29.9694 28.6293 39.5667 34.3886 16.6212 14.6269 15.0561 15.7187 17.2305 15.9828 20.9000 17.0442 12.9452 15.9285 18.2307 19.2102 20.0418 14.2228 17.8577 14.0092 14.8564 17.3394 17.1824 19.3005 14.5954 20.0021 15.2372 18.0006 15.5291 16.9180 18.7524 18.5306 15.4630 16.8035 23.9969 29.6809 17.2642 19.2558 19.1421 21.7958 32.6418 20.6382 21.9804 23.7443 18.4124 17.6109 14.2883 29.8571 28.4008 18.5394 18.7810 20.6930 18.1248 14.8988 14.6027 16.5318 28.5173 30.5682 21.0062 12.1286 17.4912 29.1859 21.4336 27.3940 23.5487 22.2981 20.7172 24.1790 24.8452 24.0670 21.1121 27.1848 27.5140 22.2519 21.2017 16.6147 30.6853 27.4136 21.3718 25.2357 25.5802 28.2431 22.1595 26.8626 24.4129 26.4638 35.1178 29.0158 26.4210 26.8778 24.1608 24.5882 33.1325 30.5510
19.4578 12.0538 10.8530 19.3220 13.6510 14.9245 11.9269 11.6811 15.0188 14.2211 13.5345 16.6643 22.9036 12.0459 13.9753 21.4542 17.2839 22.8036 8.9875 19.4027 12.7324 15.4808 0.0000 19.6990 15.1693 14.5527 14.1962 20.6396 14.3313 13.7694 34.1430 27.1267 28.1010 30.3877 24.3857 36.8850 27.1390 35.1625 33.9683 31.5319 27.3665 22.2411 29.6953 24.5403 31.8098 39.0665 28.8734 30.6042 38.4599 34.7349 26.3442 24.7548 35.6328 38.0586 31.6309 36.5145 27.3910 26.2332 37.9635 33.3122 17.0356 13.0829 14.0164 14.5764 14.1375 13.3477 14.3992 13.3255 13.7924 12.2394 15.0101 12.7620 15.0781 14.1376 14.7863 12.6656 13.0164 13.4895 14.9764 13.9134 14.8557 15.6456 16.0061 14.8642 14.6020 12.4011 14.6410 14.9436 12.8094 17.8161 18.6003 26.3876 17.0535 18.2354 14.7922 19.3179 30.7853 18.7643 14.6799 21.2126 15.5356 19.2436 14.5106 25.5029 24.6685 15.3582 16.1950 18.6172 22.7808 13.5495 9.4109 12.1952 26.6006 26.5685 17.4063 12.3787 13.3659 26.3538 16.3724 24.4020 17.5345 17.1441 20.6021 21.0849 23.0578 21.4478 18.9979 22.8894 23.6630 19.7729 16.2234 19.5970 28.7650 22.0976 18.9567 19.3798 22.6019 25.2166 18.1575 23.1591 20.2168 23.8451 32.7809 26.2922 23.4595 23.2166 21.8829 21.6063 31.8305 27.9382
11.8500 14.6859 19.9056 11.9632 15.3185 13.8251 15.1813 13.8402 14.8133 14.7648 17.6126 12.1227 16.1232 16.5843 10.4165 12.5443 16.7083 11.5665 19.8178 12.8463 21.9289 14.6081 19.6990 0.0000 12.4788 11.4633 14.2199 14.6236 16.5202 12.5547 35.2628 31.9059 30.9013 32.2229 27.3580 36.9577 31.6972 36.5452 36.4409 33.4275 30.6587 27.6409 32.6916 28.6161 34.8106 39.2336 32.2776 32.9764 39.5639 35.7393 31.0646 26.7463 36.6821 37.9157 33.2552 37.5310 29.7739 28.5860 38.9424 34.3324 21.3345 19.3449 19.0606 19.6712 20.9943 19.3762 24.9378 21.7392 16.7949 19.4769 21.5829 23.2778 22.8435 18.5555 22.3006 19.8539 18.9633 21.7695 22.1116 23.3196 17.6169 24.6971 20.2341 22.5466 19.2168 21.0884 22.1188 22.3832 20.3871 20.3988 26.3936 30.2969 20.9499 19.5112 22.1445 23.2172 31.7451 20.0118 24.7196 24.7711 20.7180 16.3837 18.7946 31.0197 29.5930 20.3795 21.4210 23.0668 17.4375 17.7765 13.8208 20.5447 28.8742 30.8114 23.7908 15.5425 20.6752 29.4310 24.6066 27.9244 25.5447 25.6745 23.1588 26.4736 26.3257 26.2254 24.3285 28.9814 28.8739 24.6505 24.7997 21.0315 31.3048 29.9307 23.5549 27.8210 27.1489 29.9188 26.0599 28.4679 26.3927 27.7921 35.6744 30.0684 28.1290 28.3534 25.8422 26.4720 33.4336 31.5054
11.9398 10.3229 14.9258 12.0689 10.7151 10.1520 12.6076 14.0407 14.3803 13.4815 14.9111 10.7230 14.9956 11.4110 9.6030 13.9089 12.5116 16.9704 16.3324 14.6518 16.8302 12.6543 15.1693 12.4788 0.0000 9.7871 11.5715 12.5718 13.7610 12.0710 33.9261 29.0236 28.3944 29.4143 24.5562 34.8368 28.8760 34.3849 33.8655 31.1696 28.2546 24.5184 29.5830 25.5993 32.4684 37.9182 30.3685 30.6208 37.8052 33.7609 27.4740 24.1170 34.5865 36.5218 30.8978 35.2927 27.1662 25.7271 37.1308 32.0024 15.9647 13.1084 12.9411 13.5495 15.8046 13.3837 20.5472 16.8683 10.2378 13.6932 16.5642 19.0541 18.3970 13.1126 16.9699 12.4302 12.6216 16.4251 17.2402 18.2998 11.8046 20.1679 14.1883 17.4980 14.7281 15.8831 17.2680 17.1038 15.2805 15.0740 23.0209 27.9855 18.0827 16.4540 17.8950 20.5824 30.4897 17.8380 20.1782 21.8432 17.9410 14.1971 14.6899 28.5258 26.9272 16.6504 17.6557 20.5282 15.2781 13.5214 11.2294 15.5298 26.3544 28.2546 20.6286 12.0961 16.5175 27.2005 20.9035 25.7937 21.7068 22.0536 20.1701 22.8734 23.0864 22.7500 20.6913 25.9293 25.9263 20.4231 20.6056 17.7883 28.8895 26.9121 19.4018 24.5005 23.1912 27.3326 22.7499 25.9996 22.8313 24.4998 33.9517 27.0856 25.2915 25.8743 22.2458 23.0864 31.0359 28.9918
11.8589 12.1556 15.6386 12.5696 9.1487 11.9651 8.9877 11.5310 11.7870 9.5682 12.3323 9.9512 17.3538 12.5954 7.3692 13.9609 15.1143 16.2305 13.8758 11.7534 16.9373 10.6592 14.5527 11.4633 9.7871 0.0000 9.9155 15.9696 12.4136 9.3759 36.5845 31.5936 31.4285 32.9941 27.6667 38.7750 31.5887 37.9269 37.2191 34.5752 31.3216 26.7520 33.0456 28.3065 35.2148 41.3250 32.9160 33.9232 41.2370 37.5212 30.4089 26.8795 38.2873 39.9057 34.3348 39.0896 29.8211 28.8572 40.8650 35.5278 18.6365 14.9151 14.7688 15.7072 17.1414 14.8571 20.7573 17.3172 13.5119 15.1483 17.8010 18.3695 18.9925 15.7434 17.6110 15.1375 14.8753 17.3091 17.6622 19.2419 15.0725 20.3128 17.0301 18.1522 15.5656 16.4901 18.5459 18.8117 15.5409 19.0341 24.3852 30.7096 19.7522 17.4070 19.4718 22.7164 33.3731 20.1300 21.4657 24.3150 19.8652 17.2887 16.8771 30.3155 29.2068 19.6075 20.2488 21.9840 18.7863 15.9455 11.3665 16.1740 29.7541 31.2000 21.9514 12.9041 17.5312 30.0768 21.7809 28.2820 23.4241 22.6962 22.5083 25.3596 26.2692 25.1184 22.4496 27.8893 28.3713 23.1454 21.1864 19.7448 32.1751 27.7021 22.3894 25.3994 26.3181 29.6422 23.2421 27.8611 24.5667 27.4962 36.6047 30.2596 27.6857 27.9263 25.1970 25.4653 34.6938 31.5990
11.8752 12.8962 15.7896 13.9146 10.4873 11.7623 11.1136 13.8129 14.0306 13.7742 13.2046 9.8898 17.4265 13.0536 10.5533 15.1547 13.7210 18.7130 14.8601 15.4152 16.8796 12.6844 14.1962 14.2199 11.5715 9.9155 0.0000 15.3577 10.0374 12.2261 33.8333 28.8228 28.7527 30.0800 24.9710 35.6357 28.9325 34.9845 34.1792 31.6467 29.0702 24.4597 30.3274 26.2114 32.3243 38.1309 30.4665 30.9273 38.2642 34.5352 27.9863 24.5503 35.2518 36.9319 31.1686 35.8260 26.9513 25.9158 37.7863 32.5828 17.7645 15.1398 15.1546 16.1040 17.1245 14.7743 21.0230 17.8376 14.4572 15.2164 16.1248 18.9283 18.2164 15.3583 18.1393 15.7986 15.7959 17.2595 18.4376 18.8809 15.5170 20.8876 17.0151 18.4128 16.8240 17.5576 18.2697 18.4876 17.1893 17.4579 23.0054 28.6047 19.0729 17.5643 18.8317 21.0618 30.4456 17.9189 20.7072 22.2777 18.1962 16.2429 16.5293 28.5450 26.9206 17.1326 19.0321 21.3984 16.6057 14.9772 13.3504 15.9299 26.8686 28.5128 21.4038 13.3911 16.6923 27.4028 21.4292 25.3609 21.2303 22.6106 20.8891 24.0379 24.7569 23.5143 22.0740 26.4313 26.3104 21.4665 21.5563 19.3460 30.2273 27.0818 20.7732 24.4320 24.2838 28.1934 23.7316 26.2286 23.1590 25.4044 34.6611 28.2391 25.9656 25.8650 23.7146 23.9377 32.0790 29.8781
11.7476 16.3039 21.1384 12.9496 15.8445 11.3906 19.3556 18.4118 18.5321 18.4369 20.6434 12.3942 13.6285 17.5537 15.5199 14.4570 15.1157 16.5171 22.9669 15.2828 21.0622 17.4228 20.6396 14.6236 12.5718 15.9696 15.3577 0.0000 16.7376 18.5504 35.2123 32.3430 31.2791 31.3048 27.1876 35.6987 31.5690 36.1662 35.7391 33.4385 31.6191 28.1921 31.5628 29.1815 33.8467 38.4629 33.2716 32.6785 38.7102 35.2256 30.9423 25.1344 35.8745 37.1615 32.6239 36.4074 28.2881 27.9652 38.4922 33.2446 20.8430 18.4592 19.2555 20.3999 22.2446 19.5292 27.1629 23.3003 16.7034 20.0476 21.4424 24.8767 23.6588 18.8461 22.9798 19.0779 19.3040 22.0356 22.5300 24.3681 17.3793 26.5130 19.1929 23.2162 17.7246 22.8190 23.2191 23.6514 21.3777 18.0683 27.9369 31.6234 23.0028 20.1632 23.2843 24.9015 32.2133 20.0769 25.8837 25.5308 22.3075 14.8824 18.8850 32.6433 30.4033 21.0443 22.5097 25.4870 16.2886 16.4210 16.8958 22.1387 29.1971 31.7841 26.1899 17.3898 22.8299 30.1060 26.4931 29.0675 25.7657 27.6991 21.4038 27.6435 27.0544 26.9942 26.1388 30.5440 29.7485 25.0678 25.8015 20.8488 31.9998 32.2269 24.2742 29.2722 27.2134 31.4520 28.5175 30.2599 26.6141 28.3760 37.0116 30.8926 29.2048 29.6015 26.9065 27.6605 33.2065 32.8853
12.9656 13.9472 16.2948 13.7679 11.4201 13.5445 11.5830 15.3342 13.2473 14.2755 12.6699 13.0803 19.1513 15.0682 14.0345 17.4209 14.8465 19.6387 15.9974 16.9766 17.9624 13.8831 14.3313 16.5202 13.7610 12.4136 10.0374 16.7376 0.0000 12.9698 33.7259 28.3491 28.9706 30.0626 25.3087 35.4160 28.0786 34.7145 33.4428 31.4335 28.9869 24.1860 29.7778 26.7533 32.0491 37.5721 30.1473 30.3317 37.3326 33.7827 27.9332 25.7555 34.8580 36.9047 31.2197 35.1584 27.3615 26.5274 37.0047 32.4866 19.3907 16.9004 17.3114 17.7362 19.0498 17.0326 21.7530 19.2014 16.5601 16.7780 18.1197 19.8787 19.3135 17.3918 19.3475 17.1160 16.9825 18.5316 20.6878 19.1367 16.3075 21.9579 18.8138 19.6774 18.4981 18.7876 18.9878 19.7234 18.8315 18.0997 22.7297 28.1320 20.6242 17.9727 19.4496 21.7113 30.6562 20.0105 20.1080 22.1260 18.8231 18.9104 18.1374 28.3414 26.8453 17.0285 20.1653 22.9032 17.8378 16.5373 14.6296 17.0496 26.7520 27.9169 21.4029 14.6393 17.9120 26.9174 21.9785 25.1466 21.0485 23.1043 22.5607 24.3394 25.1978 23.8074 23.3180 26.3786 25.9129 22.5022 22.1172 21.7241 29.7828 27.4676 21.4568 24.3866 24.5981 28.0776 24.3014 26.5490 23.7783 25.5617 34.3336 28.0156 25.8802 25.9202 24.5064 24.6630 31.4311 29.7125
14.9339 10.6200 13.8687 15.3530 11.9195 14.9647 8.9812 9.3008 13.3675 8.8613 10.7811 13.8582 19.9748 12.7717 9.6799 17.9801 17.1459 14.6713 12.1227 14.6028 18.4523 14.4331 13.7694 12.5547 12.0710 9.3759 12.2261 18.5504 12.9698 0.0000 35.1805 28.7480 29.6092 31.5196 26.3326 37.5323 28.9947 36.2046 34.8510 32.7480 29.4082 24.4386 31.1902 26.4450 33.1098 39.9104 30.6291 31.7829 39.6081 35.7901 28.0255 26.2311 36.7528 38.9130 32.6029 37.3371 28.7915 27.6483 39.0390 34.3504 19.9596 15.9024 15.5748 16.2744 17.1067 15.7396 18.5585 16.8409 15.0099 14.9576 17.9512 16.7893 18.0536 15.9773 17.8098 16.4044 14.8059 17.2973 18.6500 17.5479 15.3600 19.3890 18.5179 17.8417 16.7985 15.3819 16.8420 17.8070 15.7524 19.8259 21.8725 28.2200 20.0438 16.0593 18.2206 21.1242 31.7254 19.8038 18.1227 22.6712 18.3787 18.7871 17.8204 27.6319 26.8198 17.8281 19.1323 21.4740 20.0121 16.2261 9.8274 14.9675 27.9862 28.4263 20.1914 12.9758 15.7486 27.9483 19.8177 25.9803 20.9778 20.5909 23.1317 23.5366 25.0026 23.4574 21.6965 25.3366 25.7626 22.1206 19.6518 21.8844 30.1245 25.1462 21.0586 22.8697 24.7639 27.4793 21.5706 25.6879 22.9263 25.7605 34.6492 28.1940 25.4639 25.4471 23.6694 23.9475 32.9894 29.3166
34.6897 32.6838 33.3013 35.5807 34.6074 35.0906 35.0225 36.3103 35.1039 37.3179 35.0857 35.3387 35.9966 32.5798 35.6993 35.7412 32.1540 38.0666 37.0032 39.0109 34.1993 35.2081 34.1430 35.2628 33.9261 36.5845 33.8333 35.2123 33.7259 35.1805 0.0000 19.8353 14.9962 15.9811 17.7574 17.6911 17.9342 15.7309 19.5625 14.8121 19.2623 21.1352 22.2683 19.0050 18.4940 14.3742 16.0028 13.3004 14.2498 17.8562 22.9789 23.9017 14.6168 11.2905 16.6437 16.6930 23.1260 17.9333 20.6136 12.8464 31.0528 33.1475 32.3742 31.4992 31.8677 33.2307 34.4790 33.8283 32.2115 32.5964 30.3173 35.5452 31.8047 30.7416 32.6915 31.9424 32.9367 31.8946 34.5942 31.5699 30.9841 34.2817 31.1288 33.2925 33.7201 34.3262 30.7373 30.0637 35.2418 29.0939 27.4157 20.4693 30.5603 31.2075 28.4243 25.4052 17.8764 26.2412 30.4681 24.5516 26.3939 29.9759 30.5068 24.1448 19.8671 26.2706 27.9190 30.3155 30.0826 30.2635 32.6501 31.7403 19.1094 23.1356 29.8451 32.0371 30.8376 18.1529 29.2071 22.1488 27.2202 29.0948 24.9766 22.1453 22.1485 19.6238 27.3985 23.5033 19.9306 21.9938 31.1257 31.4553 21.6771 28.9581 23.8745 29.9349 21.4532 21.1764 31.5446 22.6487 24.1880 18.0976 22.1469 21.0943 19.9109 20.1151 23.3578 20.9905 18.7292 23.6235
31.7751 25.3417 24.3097 33.2924 29.2922 31.7011 28.7008 29.9097 29.5960 31.1307 27.1903 31.8198 34.4323 25.2153 30.8779 33.7382 28.5966 34.2712 28.5045 35.1965 26.9022 31.4658 27.1267 31.9059 29.0236 31.5936 28.8228 32.3430 28.3491 28.7480 19.8353 0.0000 10.8534 13.5935 11.9193 21.0143 8.4438 16.2332 12.4062 14.4672 13.3727 12.3168 13.3599 12.2882 15.0698 24.0736 13.3408 11.9050 22.7608 18.5174 9.8413 19.1655 18.8068 22.4730 12.8829 17.6631 18.6907 13.8623 21.0696 18.1008 23.8257 25.3827 24.6459 23.6632 23.2188 25.0591 24.5801 24.7097 26.3811 24.6219 21.1672 26.2471 21.3963 23.2830 24.2380 25.1917 24.9624 23.4067 27.0887 20.6374 24.5459 24.1285 24.7814 23.8753 27.4761 25.3433 20.3001 20.7105 26.9752 25.1476 16.4121 15.1477 24.1930 24.2089 19.0362 16.5472 20.4195 22.3898 19.8012 14.0894 22.0885 26.6409 24.9946 14.5047 11.9191 18.7619 20.5106 24.6998 25.9930 24.2515 26.4776 22.8867 15.1151 15.3614 20.5147 26.5630 22.0892 14.2790 19.2419 12.0671 18.2504 19.7778 22.0936 14.8310 15.9889 15.1477 20.1417 15.0618 12.0983 14.9051 21.7247 27.3617 17.5378 19.1647 14.5383 18.1960 12.9897 16.8935 23.2535 15.5054 16.3982 11.8929 21.8642 14.3491 14.3368 13.1221 14.9925 15.1729 19.0099 18.2642
31.0334 26.4801 25.9567 31.7863 29.3401 30.8285 29.4285 30.7281 30.0060 32.0642 28.7101 30.9665 32.9764 25.5537 30.3671 31.9020 27.7999 34.1378 30.2185 34.8128 27.5151 30.4415 28.1010 30.9013 28.3944 31.4285 28.7527 31.2791 28.9706 29.6092 14.9962 10.8534 0.0000 12.0944 10.3365 17.4945 12.2744 13.5331 15.3177 10.2610 10.8811 14.2292 15.0752 8.9034 16.6239 19.8833 10.9410 10.5306 19.1864 15.6972 13.4723 18.6039 14.8569 17.0713 12.2267 16.0966 19.1393 11.5558 19.0513 14.3000 23.6806 25.9192 24.9024 23.9222 23.7981 25.7226 26.4758 26.0158 25.7116 25.5836 22.3285 28.1819 23.7337 23.6577 25.0596 24.8443 25.5822 24.2376 27.4673 23.2004 24.9021 25.8928 24.1435 25.3224 27.4230 26.5884 22.4658 21.3288 28.0438 24.1035 17.9534 12.3619 23.0642 25.6238 20.1572 15.8237 15.8731 20.3602 22.7040 14.8256 21.1053 25.2576 24.2203 14.7501 11.3287 19.3353 19.8455 22.7810 24.7034 23.9602 26.7111 23.8506 11.3669 14.9329 21.4148 26.2135 22.9675 11.6834 20.3779 11.8054 20.9059 20.7578 20.1051 13.4073 13.0000 12.9060 18.5527 14.6365 12.5080 12.8407 23.3687 25.7273 15.0385 19.8014 14.2918 21.6721 11.6798 13.6792 23.3106 14.0116 16.8558 9.0301 17.9672 12.4819 12.7718 12.9066 13.1994 12.1475 15.2579 16.6212
