0.0000 17.2688 10.9819 14.6652 11.2173 19.5220 12.4656 11.2005 11.1476 12.6950 4.3275 9.3374 3.2059 12.8586 6.4206 10.4148 5.8338 11.4776 17.1466 11.7824 16.2198 12.6937 21.3825 12.6614 11.5915 9.8533 13.1388 10.8846 10.3462 12.3267 20.5964 27.2400 26.1485 27.3653 26.3099 25.1432 25.2965 27.7356 27.6724 27.5743 27.2978 26.9808 23.0635 22.8752 27.7385 25.1939 26.3962 23.8232 27.3380 27.6689 26.3503 26.1886 25.3833 27.3309 26.7906 26.9935 24.3653 25.5419 26.5384 24.8465 22.3290 19.1410 22.9976 15.5058 24.3971 18.2854 20.6504 21.9414 15.9200 27.2512 20.2643 14.0580 21.0590 26.9492 24.8629 16.6829 22.8912 25.0707 23.3941 22.5750 15.7692 24.0540 26.1521 23.3563 20.3768 23.0056 22.1617 23.0901 25.3955 21.2474 23.2814 20.0508 8.5892 12.6587 25.3223 20.4585 18.6197 18.0184 14.4247 8.0507 25.3037 8.0216 20.2022 13.8692 24.2569 18.8022 18.2354 20.2704 16.8634 10.9570 25.7950 15.1572 25.6376 21.6062 14.7115 17.3099 24.1585 15.2922 9.0150 9.5057 26.0008 27.7331 27.1702 27.3850 25.1462 27.6957 27.4505 21.6680 26.7273 26.1581 27.1753 24.6290 16.7930 24.9484 25.2197 23.4140 26.8894 24.7853 26.8399 26.4251 27.1629 26.5013 27.3278 26.8146 25.2275 25.0664 24.2170 27.1799 22.5799 27.3640
17.2688 0.0000 13.1284 10.5933 11.7404 12.2990 10.2732 11.7206 11.1414 11.5003 16.5318 13.0394 16.6927 9.2817 15.0136 12.2531 15.1200 12.5544 11.9438 11.9187 8.4242 9.4720 13.3091 12.6174 9.6226 13.0196 14.2134 12.9709 12.8694 11.6555 14.2256 20.6941 19.3682 20.7227 19.4233 19.1685 18.7386 21.0461 20.9960 20.9318 20.5987 20.2246 16.6036 16.6306 21.0481 18.8078 19.5790 16.5582 20.6655 21.0015 19.4070 19.3493 18.3873 20.6597 20.2772 20.2739 16.9357 18.6331 20.3086 17.6503 16.7012 11.4482 16.3118 16.2655 16.9874 14.0535 12.4474 15.6364 10.0812 20.6493 15.1929 10.8417 13.2329 20.1101 18.6246 10.3627 16.4680 18.0414 16.1810 16.0497 14.1690 17.5833 19.7918 18.1799 14.9187 15.5347 15.6540 15.0320 18.0863 14.3204 14.9509 9.1441 15.9944 11.2501 17.8675 12.3743 8.5950 10.1801 7.0043 14.0182 18.0309 15.8364 9.2474 8.0673 17.1873 9.2973 9.3348 15.4494 11.7354 14.6358 19.4575 7.2703 18.1928 12.5028 8.8325 8.2616 16.1322 10.0999 15.6259 17.3023 19.3626 21.0437 20.3067 20.7340 18.7342 21.0167 20.8056 14.1272 20.2136 19.1630 20.5266 17.4811 16.3333 18.0813 18.9185 16.4265 20.3003 18.4673 20.1030 19.9085 20.5384 19.8125 20.6459 20.1265 18.3647 19.2283 17.4232 20.5284 16.7970 20.7495
10.9819 13.1284 0.0000 8.1861 6.8607 14.6638 10.8574 7.9845 7.7684 12.7596 11.5517 10.2248 11.2113 9.6223 9.9736 11.1316 11.1371 10.6832 13.3401 6.3539 10.4568 10.6467 17.2127 9.8783 9.7440 10.2867 11.2909 8.3655 10.9244 12.7042 17.3686 23.8683 22.6551 23.9823 22.8188 21.6339 21.8193 24.3379 24.2819 24.1960 23.8933 23.5575 19.2436 19.5444 24.3403 21.6344 22.9455 20.1249 23.9476 24.2809 22.8255 22.7433 21.7594 23.9434 23.3313 23.5803 20.6727 22.0598 23.0948 21.2244 18.4620 15.4355 19.0336 14.4807 20.6326 14.0600 16.4610 18.2971 12.3161 23.8377 15.9012 10.8094 16.6548 23.4706 21.2263 13.0402 19.1570 21.4371 19.5997 18.9902 12.9951 20.4875 22.7319 19.5174 16.3750 19.3414 18.5985 19.1761 21.6874 17.4505 19.1820 15.1260 10.5864 10.4989 21.5923 16.3620 13.4088 12.9179 10.2099 9.9015 21.5569 10.0444 15.2761 10.3919 20.5192 14.7060 13.4676 16.6542 14.3433 9.6421 21.8919 10.8758 21.9171 17.2346 9.3299 12.0551 20.2088 13.0507 9.1699 8.9087 22.5397 24.3353 23.6966 24.0074 21.5987 24.2999 24.0689 17.6661 23.3153 22.6020 23.7181 20.9644 14.2390 21.4997 21.8550 19.8749 23.5258 21.2222 23.4093 22.9932 23.7892 23.0267 23.9349 23.4048 21.7375 21.5446 20.6479 23.7963 19.2607 23.9564
14.6652 10.5933 8.1861 0.0000 9.5951 11.6266 9.8545 9.0668 9.0681 13.6349 15.0488 12.8127 14.4670 8.8725 12.6903 11.3297 14.3090 11.8433 13.1111 9.6506 6.4279 11.3553 14.7017 11.0820 10.6030 12.3344 13.1943 11.1230 12.3918 13.6848 15.7465 21.9674 20.6434 22.0469 20.7947 20.1305 19.9684 22.3931 22.3386 22.2608 21.9389 21.5805 17.7151 17.9147 22.3954 19.6480 20.9488 18.0123 22.0004 22.3412 20.7826 20.7281 19.6679 21.9968 21.5061 21.6138 18.4749 20.0495 21.1953 19.1357 16.6677 13.1264 17.0561 15.5097 18.4212 13.4143 14.0252 16.4820 10.8000 21.9160 14.0358 10.2326 14.1639 21.4916 19.1755 11.5902 17.5523 19.3498 17.4438 17.3419 13.0210 18.6624 20.8194 17.7712 14.1769 17.1766 16.8298 16.8374 19.5393 15.5357 16.7240 11.8374 14.0625 11.3456 19.4122 13.8946 10.4905 9.3702 8.5677 12.7776 19.3639 13.8263 11.9694 9.4592 18.3492 12.0936 11.0648 15.7541 13.3700 12.1206 19.8023 9.4481 19.7354 14.5159 7.6478 9.4539 17.8384 12.3044 13.1188 13.3425 20.5401 22.3907 21.6969 22.0651 19.6811 22.3592 22.1303 15.6819 21.4424 20.5684 21.7462 18.9066 13.9397 19.4973 20.2421 17.7667 21.6267 19.2122 21.4740 21.1437 21.8634 21.0592 22.0005 21.4473 19.7065 20.2215 18.7514 21.8476 17.7052 22.0082
11.2173 11.7404 6.8607 9.5951 0.0000 14.6933 9.5572 5.9190 8.7300 11.4431 11.7519 9.7478 11.2159 8.0367 9.6670 10.2527 11.1285 9.2691 12.0250 4.1629 10.9896 9.1340 17.5364 10.0259 7.5794 8.7277 12.3440 8.9215 9.5315 11.4003 17.4732 24.0444 22.8368 24.1619 22.9989 21.8615 21.9201 24.5228 24.4643 24.3767 24.0741 23.7357 19.4715 19.5358 24.5254 21.8687 23.1229 20.3233 24.1263 24.4629 23.0106 22.9151 21.9574 24.1214 23.5135 23.7581 20.8527 22.2214 23.2471 21.4055 18.8513 15.5010 19.2468 14.9402 20.8063 14.6994 16.6575 18.4491 12.2783 24.0314 15.8903 10.4037 17.0163 23.6566 21.4677 12.5269 19.2718 21.5992 19.7651 19.1659 12.8375 20.6078 22.9799 19.7869 16.9261 19.4465 18.7488 19.3332 21.8849 17.4762 19.4305 15.4073 11.7100 9.4795 21.7924 16.5166 13.7538 13.1222 8.5826 10.6609 21.7762 11.5493 15.5623 10.0468 20.7732 14.6597 13.7518 16.8440 14.3588 9.5807 22.0887 11.0461 22.1223 17.4544 9.5408 12.3475 20.4265 12.4808 10.6790 10.5000 22.7329 24.5202 23.8856 24.1837 21.7290 24.4845 24.2492 17.7210 23.4959 22.7868 23.9014 21.1578 14.6415 21.6534 22.0028 20.0053 23.6937 21.4425 23.5852 23.1725 23.9623 23.2137 24.1126 23.5788 21.8820 21.7548 20.8093 23.9686 19.3040 24.1374
19.5220 12.2990 14.6638 11.6266 14.6933 0.0000 15.1085 14.8261 15.6782 16.3131 19.1715 16.7028 19.2696 12.6692 17.4411 16.5629 18.3374 16.4328 12.4315 15.1675 11.9455 14.6145 13.5447 16.8802 14.0372 16.9550 16.9100 17.0740 16.8830 16.3633 12.7962 18.6852 17.1608 18.7261 17.3010 17.5680 17.0085 19.0607 19.0075 18.9542 18.5743 18.1706 14.8762 14.9800 19.0628 16.8881 17.4805 14.0854 18.6790 19.0176 17.2201 17.2482 16.1242 18.6487 18.4273 18.2510 14.5376 16.5414 17.8637 15.3435 15.4234 9.8594 14.2503 16.4284 14.7759 15.0104 9.7645 13.9328 10.4428 18.6488 10.7185 12.4408 10.2423 18.0730 16.3356 11.1274 14.6428 15.7922 13.7957 14.3235 14.0699 15.9632 17.7925 17.0905 12.7620 14.1791 14.2285 13.8571 17.2828 12.7670 15.0372 9.3266 16.8706 14.2467 15.4975 8.9125 9.2628 10.9793 13.7038 17.2246 15.6777 17.8580 9.3824 12.8181 14.9361 8.2581 7.8701 14.5478 14.0145 17.6822 15.9595 10.9856 15.8544 9.2088 13.0044 8.9674 13.9691 14.8705 16.1644 18.4650 17.1555 19.0588 18.2422 18.7265 16.2298 19.0325 18.8082 11.4293 18.1926 17.0266 18.4047 15.2499 16.2771 15.9293 17.2711 14.4802 18.3240 16.8650 18.0981 17.8222 18.5660 17.7703 18.6686 18.0653 16.3650 17.0552 15.4224 18.5159 15.3537 18.7017
12.4656 10.2732 10.8574 9.8545 9.5572 15.1085 0.0000 8.7229 8.9335 8.4366 12.6989 8.6262 11.8264 8.0843 10.0782 5.3880 11.2013 6.4450 12.5237 10.0192 9.3756 7.6169 16.2740 10.6156 7.8578 6.8080 11.9910 10.3587 6.9630 8.6625 16.5419 23.2477 22.0147 23.3176 22.1341 21.3215 21.1814 23.6636 23.6087 23.5289 23.2203 22.8777 19.0040 18.9684 23.6659 21.0980 22.2476 19.4421 23.2715 23.6099 22.1343 22.0269 21.0812 23.2700 22.7668 22.9038 19.9032 21.3437 22.6749 20.4830 18.1569 13.9505 18.6351 14.1311 19.9001 14.5508 15.5921 17.6725 11.1703 23.1935 16.3917 9.8605 16.1047 22.7949 20.6262 11.7540 18.7299 20.7018 18.9278 18.5639 13.6762 19.8912 22.1530 19.1407 16.3512 18.3877 17.9558 18.2193 20.9829 16.7483 18.3780 14.0380 13.1964 9.8979 20.8420 15.6445 12.6214 11.5446 6.6191 10.8150 20.8271 12.7466 14.1643 8.0988 19.7988 12.9612 12.5826 16.3800 11.8920 11.1674 21.8569 9.0465 21.1660 16.2697 9.1955 11.6787 19.3840 10.5708 12.9634 13.4364 21.8944 23.6611 23.0048 23.3361 21.1333 23.6288 23.4025 17.2117 22.7463 21.9058 23.1053 20.2371 14.9458 20.7477 21.3630 18.9432 22.8762 20.6466 22.7337 22.4402 23.1229 22.3783 23.2565 22.7478 21.0227 21.5054 20.0035 23.1143 18.7274 23.3223
11.2005 11.7206 7.9845 9.0668 5.9190 14.8261 8.7229 0.0000 8.2171 11.4523 11.7819 9.4337 11.1831 8.3845 9.0767 9.0263 11.1458 9.3740 13.4317 5.9204 10.8838 9.9724 17.5667 10.4765 9.1201 8.9695 12.6036 9.2961 9.4274 11.5571 17.3231 24.0790 22.8763 24.1887 23.0430 21.7707 21.8558 24.5466 24.4916 24.4038 24.1077 23.7717 19.6347 19.4653 24.5489 21.8240 23.1530 20.3738 24.1543 24.4901 23.0462 22.9524 21.9948 24.1544 23.5019 23.7911 20.9024 22.2446 23.3165 21.4228 18.7834 15.3645 19.2466 14.7679 20.8502 14.5144 16.5933 18.4334 12.4440 24.0604 16.0841 9.8734 17.1361 23.6822 21.4366 12.2941 19.3120 21.6450 19.7821 19.2219 13.0776 20.6887 22.9573 19.8885 16.9285 19.4369 18.7231 19.3494 21.9256 17.5631 19.4706 15.4348 11.7635 9.7754 21.8322 16.6242 13.8217 13.2179 8.6662 9.6239 21.7985 11.6787 15.6026 9.8138 20.7792 14.6294 13.5861 16.6557 13.8501 9.2827 22.1227 11.1024 22.1486 17.4848 10.2160 12.4203 20.4571 12.1834 11.0068 10.9962 22.7616 24.5438 23.9114 24.2181 21.7953 24.5082 24.2793 17.8822 23.4988 22.8123 23.9284 21.1641 14.3489 21.6739 21.9209 19.9940 23.7252 21.4405 23.6271 23.1711 23.9910 23.2347 24.1333 23.6214 21.8943 21.8539 20.8120 24.0079 19.0670 24.1666
11.1476 11.1414 7.7684 9.0681 8.7300 15.6782 8.9335 8.2171 0.0000 12.1853 11.4561 10.2843 11.0056 8.6024 10.4965 9.0608 10.7927 10.5383 12.7462 8.3229 9.9892 10.2864 16.9454 7.2045 9.6508 10.1156 12.0296 5.7402 10.5348 12.1262 16.9942 23.7429 22.5363 23.8307 22.6604 21.5588 21.6375 24.1882 24.1316 24.0449 23.7427 23.4020 19.3786 19.4415 24.1907 21.4704 22.7828 19.9734 23.7964 24.1314 22.6813 22.5744 21.6091 23.7911 23.2196 23.4277 20.4867 21.8885 23.1501 21.0600 18.0196 15.0781 18.9067 14.7476 20.4649 14.0441 16.1050 18.1189 12.0373 23.6975 16.9090 10.3689 16.5130 23.3237 21.1889 12.6348 19.0947 21.3683 19.4783 18.8991 13.2570 20.3116 22.5278 19.5388 16.3513 19.0971 18.5373 18.9224 21.5450 17.3291 19.0074 14.8899 12.0229 10.1727 21.4295 16.1639 13.2752 12.4768 8.1985 9.1004 21.3886 10.6293 15.0309 9.6336 20.3248 13.9801 13.1142 16.6261 13.4907 8.2499 22.3454 10.5657 21.7508 17.0165 9.5550 12.0145 20.0250 12.0850 11.2205 10.6122 22.4278 24.1857 23.5429 23.8560 21.6342 24.1503 23.9188 17.7026 23.2187 22.4447 23.6323 20.8105 13.4128 21.3084 21.7313 19.6288 23.3793 20.9694 23.2646 22.9134 23.6379 22.8742 23.7885 23.2610 21.5693 21.8058 20.5240 23.6432 19.1131 23.8422
12.6950 11.5003 12.7596 13.6349 11.4431 16.3131 8.4366 11.4523 12.1853 0.0000 11.7102 6.2015 11.9197 10.5719 10.4704 7.6607 9.5945 5.9892 13.7057 11.9814 12.9971 4.9256 17.2229 12.8032 7.2585 6.2980 11.2794 12.5194 5.7271 1.8214 17.0201 23.7927 22.6284 23.8788 22.7246 22.1233 21.9256 24.2157 24.1610 24.0839 23.7832 23.4461 19.6736 19.5467 24.2180 21.9586 22.8274 20.0818 23.8310 24.1630 22.7268 22.5986 21.7775 23.8283 23.4245 23.4717 20.5358 21.9166 23.2895 21.0920 19.6130 14.7657 19.7165 14.5732 20.5996 16.3019 16.5371 18.6122 12.1510 23.7869 17.7410 11.8237 17.1219 23.3721 21.5895 13.1700 19.6335 21.3363 19.6922 19.1040 14.8785 20.6160 22.8367 20.7566 17.5421 19.0466 18.6361 18.9115 21.6157 17.6092 19.0697 14.9590 12.6743 9.6332 21.4606 16.4638 13.9163 14.5984 10.7244 10.9200 21.5616 12.8762 15.0570 9.1276 20.5230 13.9099 13.7520 17.6773 12.7075 12.8982 22.6065 10.0929 21.7816 17.0618 11.6397 13.2680 20.0480 9.9040 13.3946 15.0585 22.5110 24.2134 23.5725 23.8925 21.8732 24.1832 23.9607 17.7766 23.3390 22.5188 23.7031 20.8710 16.9534 21.3231 21.9727 19.6511 23.4111 21.5985 23.2914 23.0326 23.6838 23.0343 23.8041 23.3176 21.6495 21.8733 20.6368 23.6853 19.6576 23.8970
4.3275 16.5318 11.5517 15.0488 11.7519 19.1715 12.6989 11.7819 11.4561 11.7102 0.0000 8.6836 4.9246 13.2000 6.3847 10.8333 3.8158 11.8046 17.2430 12.2830 16.3675 11.9042 20.8396 13.1495 11.4410 10.1268 12.3489 11.3421 10.6060 11.2328 20.0774 26.7480 25.6520 26.8648 25.7983 24.7424 24.8662 27.2267 27.1651 27.0708 26.7901 26.4718 22.6058 22.4213 27.2294 24.7724 25.8840 23.2821 26.8338 27.1621 25.8281 25.6779 24.8874 26.8259 26.3283 26.4878 23.8213 25.0232 26.0952 24.3119 21.9862 18.5703 22.5525 15.2687 23.8622 18.0436 20.1012 21.4546 15.3322 26.7550 20.1599 13.9010 20.5696 26.4347 24.4593 16.2923 22.5774 24.5446 22.9124 22.0759 15.8169 23.5825 25.6704 23.3172 19.9600 22.4680 21.6632 22.5107 24.8635 20.7634 22.6875 19.3595 8.1432 12.2874 24.7707 19.9245 18.0338 18.1535 14.5593 6.7108 24.7996 6.8900 19.5039 13.3534 23.7267 18.1278 17.6526 19.9344 16.2206 11.5220 25.4105 14.3956 25.0861 20.9811 14.8418 16.9156 23.5765 14.5607 8.8881 10.3156 25.4966 27.2241 26.6514 26.8811 24.6793 27.1881 26.9472 21.1158 26.2399 25.6362 26.6844 24.0953 17.0846 24.4369 24.7597 22.8851 26.3913 24.4138 26.3269 25.9393 26.6625 26.0263 26.8162 26.3134 24.7364 24.5988 23.7141 26.6800 22.2816 26.8685
9.3374 13.0394 10.2248 12.8127 9.7478 16.7028 8.6262 9.4337 10.2843 6.2015 8.6836 0.0000 9.0192 10.6641 7.0808 6.6550 6.9275 6.7931 14.1968 9.8182 13.2229 7.5037 18.2749 11.1356 7.8371 5.7179 11.3218 10.2302 5.7555 6.4001 17.9340 24.6801 23.5233 24.7867 23.6623 22.7482 22.7297 25.1346 25.0785 24.9929 24.7015 24.3717 20.4219 20.2448 25.1370 22.6975 23.7615 21.0493 24.7459 25.0778 23.6710 23.5446 22.6921 24.7438 24.2480 24.3896 21.5539 22.8696 24.0516 22.0644 19.9121 15.9179 20.3701 14.3503 21.5640 16.0473 17.5232 19.2965 12.8082 24.6721 17.7905 11.4804 17.9920 24.3003 22.3161 13.6707 20.3612 22.2868 20.5815 19.8981 14.5182 21.3767 23.6016 21.1229 17.9587 20.0957 19.4440 20.0185 22.5936 18.3786 20.1847 16.3544 10.7286 9.6788 22.4790 17.4810 14.9883 15.1962 11.0272 8.3626 22.5126 10.3787 16.4857 9.8934 21.4562 15.2535 14.6060 17.7389 13.6901 10.4495 23.1799 11.2939 22.7986 18.2706 11.8995 14.0364 21.1433 11.4712 10.8792 11.8629 23.4018 25.1320 24.5140 24.8058 22.6005 25.0984 24.8695 18.6289 24.1741 23.4597 24.5769 21.8342 15.8368 22.2758 22.7500 20.6213 24.3157 22.3027 24.2138 23.8544 24.5889 23.9102 24.7205 24.2266 22.5759 22.5386 21.5095 24.5974 20.2526 24.7868
3.2059 16.6927 11.2113 14.4670 11.2159 19.2696 11.8264 11.1831 11.0056 11.9197 4.9246 9.0192 0.0000 12.3457 6.6465 9.9833 5.7949 10.8102 16.5638 11.6815 15.7044 12.1056 20.9388 12.4898 11.0602 9.1948 12.9632 10.7590 9.4265 11.5587 20.2558 26.8672 25.7756 26.9886 25.9260 24.7996 24.9194 27.3527 27.2911 27.1961 26.9172 26.5994 22.6968 22.5493 27.3555 24.8303 26.0122 23.4290 26.9583 27.2878 25.9578 25.8068 24.9983 26.9520 26.4174 26.6149 23.9634 25.1562 26.1991 24.4501 21.9837 18.6939 22.6089 15.4628 23.9878 18.0032 20.2262 21.5516 15.5135 26.8747 20.0697 13.7869 20.6181 26.5609 24.4926 16.2607 22.4919 24.6781 22.9964 22.1944 15.4315 23.6675 25.7903 22.9676 20.0649 22.5948 21.7829 22.6477 24.9902 20.8263 22.8361 19.5327 8.7186 12.2872 24.9085 20.0518 18.1127 17.5057 13.8662 8.0664 24.8977 8.2121 19.6798 13.3891 23.8506 18.3230 17.8049 19.9480 16.4721 10.7961 25.5265 14.6263 25.2229 21.1288 14.0953 16.8275 23.7220 14.8317 9.3983 9.9966 25.6313 27.3501 26.7801 27.0075 24.7841 27.3136 27.0734 21.2997 26.3639 25.7629 26.8028 24.2270 16.6884 24.5665 24.8559 23.0184 26.5161 24.4266 26.4536 26.0680 26.7865 26.1228 26.9432 26.4412 24.8441 24.7238 23.8474 26.8013 22.2439 26.9905
12.8586 9.2817 9.6223 8.8725 8.0367 12.6692 8.0843 8.3845 8.6024 10.5719 13.2000 10.6641 12.3457 0.0000 11.2066 9.4379 12.0053 8.7531 9.4271 8.7849 8.2503 8.2071 14.6664 10.3178 7.6130 9.3092 11.9344 10.2154 9.3591 10.5819 14.8002 21.9561 20.6765 22.0471 20.7913 20.0407 19.8853 22.4055 22.3473 22.2705 21.9378 21.5750 17.5046 17.5111 22.4079 19.8556 20.9135 17.9051 21.9949 22.3501 20.7863 20.6982 19.6808 21.9919 21.5199 21.6183 18.4067 19.9512 21.3270 19.0469 17.0200 12.5203 17.1727 13.8207 18.4528 13.4904 13.7878 16.3868 10.1149 21.9267 14.6747 8.7297 14.2232 21.4957 19.2756 10.1543 17.1679 19.3454 17.3933 16.9558 11.7760 18.4472 20.9357 17.6519 14.9578 17.0632 16.4185 16.6031 20.0881 15.1354 16.7345 11.8466 12.3347 9.3285 19.4082 13.5624 10.2627 10.6304 6.3726 11.1909 19.4034 12.0524 11.9668 8.3799 18.3699 10.9115 10.2619 15.1819 11.3717 11.4854 20.3582 8.9026 19.7496 14.4318 7.5015 8.9117 17.8364 10.3063 11.8258 13.3208 20.5390 22.4032 21.7089 22.0603 19.7549 22.3711 22.1364 15.3338 21.4570 20.5542 21.8153 18.7819 14.2506 19.3467 20.0346 17.4522 21.5695 19.5106 21.4438 21.1080 21.8510 21.0786 21.9886 21.4443 19.6573 20.0387 18.5718 21.8373 17.3906 22.0557
6.4206 15.0136 9.9736 12.6903 9.6670 17.4411 10.0782 9.0767 10.4965 10.4704 6.3847 7.0808 6.6465 11.2066 0.0000 8.2990 6.0464 9.3928 15.9311 10.1942 14.3840 10.6902 19.7385 12.7088 10.0785 7.8307 12.2956 11.1360 8.3359 10.2734 19.1326 25.8494 24.7231 25.9746 24.8835 23.7705 23.8594 26.3344 26.2750 26.1834 25.8976 25.5747 21.5977 21.3937 26.3370 23.7862 24.9737 22.3295 25.9396 26.2726 24.8986 24.7668 23.9143 25.9369 25.3849 25.5900 22.8560 24.0953 25.1270 23.3502 20.8965 17.3479 21.4670 14.6595 22.8627 16.8783 18.9567 20.4162 14.1160 25.8517 18.4825 12.1796 19.3921 25.5177 23.3672 14.7999 21.4430 23.5389 21.8480 21.0691 14.6169 22.5923 24.7642 22.0255 18.8141 21.4341 20.5745 21.4465 23.8844 19.6200 21.6257 18.0877 9.0089 11.1238 23.8000 18.7841 16.6555 16.3385 12.2488 6.8485 23.7903 8.7693 18.2492 11.8548 22.7137 16.9068 16.2644 18.7941 15.1027 10.9611 24.1974 13.1841 24.1147 19.8262 13.0728 15.3504 22.5476 13.4314 9.0951 10.1719 24.5673 26.3316 25.7406 25.9941 23.6912 26.2955 26.0587 19.9962 25.3273 24.6996 25.7504 23.1129 16.1943 23.5116 23.8507 21.8643 25.4995 23.4323 25.4273 25.0143 25.7735 25.0930 25.9159 25.4173 23.7816 23.6632 22.7364 25.7883 21.2174 25.9587
10.4148 12.2531 11.1316 11.3297 10.2527 16.5629 5.3880 9.0263 9.0608 7.6607 10.8333 6.6550 9.9833 9.4379 8.2990 0.0000 9.3637 6.2985 13.9204 10.5262 11.1831 8.6355 17.5635 10.9423 8.7332 5.6260 12.3226 10.3473 5.7915 7.7539 17.4787 24.2343 23.0475 24.3137 23.1709 22.2487 22.1686 24.6712 24.6146 24.5276 24.2318 23.8948 20.0913 19.8958 24.6737 22.0893 23.2732 20.5452 24.2748 24.6140 23.1875 23.0487 22.1543 24.2740 23.7711 23.9151 21.0214 22.3807 23.6878 21.5572 19.0547 15.1999 19.7648 14.6564 21.0284 15.4974 16.8496 18.7484 12.4516 24.2002 17.5221 10.6478 17.3493 23.8267 21.6996 12.7972 19.7804 21.8189 20.0304 19.5452 14.2247 20.9404 23.1171 20.1964 17.3676 19.5203 18.9822 19.4358 22.0884 17.9114 19.6245 15.6310 12.4658 10.3792 21.9675 16.9302 14.1945 13.2947 8.8575 10.2382 21.9420 12.2763 15.7714 9.3307 20.9189 14.4731 13.9604 17.2365 12.9909 10.5659 22.9664 10.6234 22.2868 17.6504 10.6130 13.2482 20.5914 11.5051 12.4451 12.8677 22.9419 24.6686 24.0390 24.3385 22.1771 24.6342 24.4033 18.3947 23.7404 22.9644 24.1320 21.3399 15.2276 21.7581 22.3045 20.0620 23.8616 21.6170 23.7478 23.4286 24.1152 23.3908 24.2623 23.7548 22.0567 22.4148 21.0364 24.1228 19.5873 24.3356
5.8338 15.1200 11.1371 14.3090 11.1285 18.3374 11.2013 11.1458 10.7927 9.5945 3.8158 6.9275 5.7949 12.0053 6.0464 9.3637 0.0000 10.0666 15.9406 11.7217 15.1793 10.1149 19.7503 12.1291 9.9950 8.4612 11.3512 10.6261 8.7019 9.2716 19.1150 25.8696 24.7523 25.9809 24.8868 23.9041 23.9670 26.3405 26.2795 26.1881 25.9006 25.5753 21.6841 21.5265 26.3432 23.8976 24.9751 22.3227 25.9460 26.2778 24.9132 24.7625 23.9563 25.9384 25.4526 25.5940 22.8440 24.0944 25.2587 23.3575 21.1993 17.4226 21.6696 14.5871 22.8998 17.3525 19.0025 20.5813 14.1947 25.8727 19.4410 13.0552 19.4946 25.5311 23.5618 15.2965 21.6268 23.6006 21.9398 21.1427 15.1588 22.6446 24.8101 22.4263 19.0976 21.4505 20.6960 21.4589 23.9083 19.7842 21.6347 18.1168 8.2490 11.1207 23.8018 18.8508 16.8108 16.9449 13.2273 6.0437 23.8413 6.6981 18.2526 11.9293 22.7560 16.8656 16.4915 19.1840 15.0122 11.2044 24.6111 12.9722 24.1215 19.8466 13.5930 15.7136 22.5513 13.1321 8.7929 10.7324 24.5988 26.3380 25.7464 25.9959 23.8558 26.3030 26.0635 20.1006 25.3704 24.7155 25.8061 23.1322 16.5043 23.5011 23.8924 21.8942 25.5038 23.5231 25.4287 25.0707 25.7795 25.1330 25.9256 25.4230 23.8084 23.7567 22.7802 25.7906 21.4214 25.9911
11.4776 12.5544 10.6832 11.8433 9.2691 16.4328 6.4450 9.3740 10.5383 5.9892 11.8046 6.7931 10.8102 8.7531 9.3928 6.2985 10.0666 0.0000 12.6979 9.8584 11.8193 6.3140 17.8001 11.5111 6.8506 4.4352 11.3878 11.1054 4.0166 6.3041 17.6506 24.3750 23.2082 24.4730 23.3343 22.4910 22.3869 24.8155 24.7599 24.6801 24.3807 24.0524 20.1658 20.0691 24.8178 22.3517 23.4371 20.7203 24.4287 24.7604 23.3370 23.2205 22.3334 24.4267 23.9444 24.0739 21.2027 22.5422 23.7462 21.7370 19.5394 15.4397 19.9895 14.3575 21.2151 15.9241 17.1344 18.9967 12.5998 24.3511 17.3394 11.3436 17.5166 23.9787 21.8379 13.2316 19.9062 21.9346 20.2190 19.6367 14.1750 21.0588 23.3480 20.2932 17.5548 19.7034 19.1277 19.6158 22.2452 18.0288 19.8073 15.8797 12.4572 9.6584 22.1243 17.0592 14.4560 13.6124 9.2757 10.6949 22.1208 12.4861 15.9975 9.4384 21.0675 14.7291 14.2210 17.5605 13.2989 11.2665 22.9071 10.7895 22.4465 17.8370 10.3735 13.4174 20.7644 10.9006 12.7050 13.3736 23.0720 24.8131 24.1871 24.4892 22.3113 24.7814 24.5556 18.4077 23.8992 23.1263 24.2590 21.4918 16.0474 21.9580 22.5128 20.2317 24.0090 21.9257 23.8968 23.5857 24.2776 23.5783 24.4062 23.9145 22.2374 22.3739 21.2123 24.2719 19.9388 24.4696
17.1466 11.9438 13.3401 13.1111 12.0250 12.4315 12.5237 13.4317 12.7462 13.7057 17.2430 14.1968 16.5638 9.4271 15.9311 13.9204 15.9406 12.6979 0.0000 12.2747 11.2770 11.8277 15.5185 12.0916 11.6181 13.2547 15.6427 12.6935 12.8928 13.9500 14.7722 20.7215 19.4175 20.7607 19.4649 19.1069 18.8779 21.0778 21.0273 20.9732 20.6253 20.2601 16.5136 17.0017 21.0798 18.7241 19.6189 16.5647 20.7248 21.0336 19.4340 19.4269 18.3255 20.6910 20.3295 20.3363 17.0263 18.7609 20.2808 17.7023 16.1883 12.7360 16.2108 16.5957 17.2795 15.2472 12.5657 15.6908 11.4961 20.6299 14.6412 12.7868 12.3240 20.1654 18.2546 11.7883 16.0043 18.2618 16.2309 16.2059 14.1419 17.3301 19.8515 16.9944 14.3068 16.5119 16.2150 16.1338 19.3167 14.6266 17.2645 12.6298 16.4746 11.4708 17.8829 12.0816 11.4270 10.3041 10.4481 15.6253 17.8998 16.0502 12.7116 12.4287 17.0332 10.5813 10.2013 15.2138 14.2287 14.4062 19.5288 11.1155 18.2296 12.6575 10.4989 10.8098 16.5648 14.1781 15.7251 17.2428 19.4105 21.0757 20.3393 20.7669 18.7224 21.0477 20.8402 13.9856 20.2797 19.1990 20.5961 17.4802 15.2661 18.1684 19.1269 16.5799 20.3387 18.4980 20.1297 19.9532 20.5961 19.7875 20.6992 20.1655 18.6467 18.9816 17.5931 20.5541 17.2038 20.8236
11.7824 11.9187 6.3539 9.6506 4.1629 15.1675 10.0192 5.9204 8.3229 11.9814 12.2830 9.8182 11.6815 8.7849 10.1942 10.5262 11.7217 9.8584 12.2747 0.0000 11.1191 9.7895 17.7085 9.7811 8.6600 9.1534 12.7346 8.3662 9.9985 12.0561 17.7275 24.1733 22.9812 24.2881 23.1457 21.8715 22.0538 24.6418 24.5874 24.5009 24.2062 23.8739 19.6069 19.7138 24.6441 21.9433 23.2698 20.5084 24.2565 24.5856 23.1519 23.0709 22.1034 24.2542 23.5956 23.8939 21.0366 22.3865 23.4145 21.5598 18.8717 15.8940 19.3681 15.3682 20.9821 14.5115 16.8272 18.5684 12.6758 24.1519 16.1693 10.4929 17.1728 23.7805 21.6022 12.8592 19.4189 21.7649 19.9506 19.3827 13.3497 20.7708 23.0829 19.8361 17.0182 19.6527 19.0162 19.5042 22.0213 17.7260 19.5810 15.5951 12.3863 9.5459 21.9335 16.7920 13.8625 13.4064 8.6452 10.9653 21.9029 11.9904 15.7593 10.6166 20.9183 14.9503 13.9072 16.8487 14.6928 8.6854 22.2242 11.3343 22.2541 17.6463 9.7048 12.5056 20.5751 12.9464 11.4486 11.0996 22.8926 24.6390 24.0090 24.3183 21.8968 24.6031 24.3771 17.9954 23.6139 22.9218 24.0296 21.3059 14.6890 21.8257 22.0871 20.2423 23.8350 21.5588 23.7141 23.2955 24.0955 23.3330 24.2437 23.7221 22.0583 21.8210 20.9638 24.1102 19.4042 24.2698
16.2198 8.4242 10.4568 6.4279 10.9896 11.9455 9.3756 10.8838 9.9892 12.9971 16.3675 13.2229 15.7044 8.2503 14.3840 11.1831 15.1793 11.8193 11.2770 11.1191 0.0000 11.0231 12.7764 11.3893 10.7276 12.1989 13.8859 11.7549 12.1501 13.1709 14.4695 20.6508 19.2892 20.6836 19.3676 18.8163 18.5789 21.0232 20.9707 20.9022 20.5620 20.1861 16.2378 16.7660 21.0253 18.3907 19.5316 16.4258 20.6299 20.9751 19.3612 19.3058 18.2029 20.6237 20.1707 20.2376 16.8855 18.6125 20.1985 17.6125 15.4129 11.4585 15.6233 16.0526 16.8715 12.3126 12.2420 15.1553 9.4565 20.5614 14.3357 10.5043 12.3237 20.0794 17.9827 10.0170 16.0094 18.0176 15.9091 15.9744 12.9154 17.2324 19.6295 16.3203 13.6603 15.6311 15.4241 15.0498 18.1267 14.0219 14.8975 9.0656 15.4471 11.5500 17.8316 12.2764 7.5275 6.5478 6.4939 14.1725 17.8176 15.1934 9.1811 8.2007 16.9074 9.9139 8.7977 14.4563 12.2620 13.3810 19.3423 8.0345 18.1663 12.4066 4.7903 6.8912 16.0980 11.5615 14.5873 15.3634 19.2736 21.0207 20.2821 20.7007 18.4960 20.9909 20.7711 14.1895 20.1516 19.0995 20.4671 17.3793 14.0977 18.0409 18.9028 16.2643 20.2659 17.8754 20.0787 19.8445 20.4984 19.6629 20.6321 20.0786 18.2979 19.1503 17.3219 20.4763 16.4887 20.7095
12.6937 9.4720 10.6467 11.3553 9.1340 14.6145 7.6169 9.9724 10.2864 4.9256 11.9042 7.5037 12.1056 8.2071 10.6902 8.6355 10.1149 6.3140 11.8277 9.7895 11.0231 0.0000 15.8483 10.9169 4.8150 7.4982 9.8401 10.8510 7.3281 4.8985 15.6861 22.8215 21.5815 22.9133 21.6930 21.1256 20.9266 23.2724 23.2114 23.1290 22.8084 22.4534 18.5162 18.3915 23.2751 20.8811 21.8053 18.8880 22.8648 23.2139 21.7072 21.5660 20.6928 22.8562 22.4607 22.4820 19.3724 20.8487 22.2560 19.9972 18.4176 13.4178 18.5110 13.4716 19.4733 14.9274 15.1173 17.4324 10.5188 22.8152 16.3038 10.2765 15.6771 22.3931 20.4853 11.7708 18.5207 20.2554 18.5013 17.9602 13.5518 19.5210 21.8515 19.5561 15.9996 17.8568 17.4943 17.7019 20.5439 16.3448 17.8567 13.3933 11.8479 8.1363 20.3833 14.9185 12.2223 12.7062 8.6364 9.9844 20.4784 11.7607 13.4852 7.5807 19.3798 12.2135 12.1422 16.5511 11.4867 11.7267 21.4524 8.0511 20.7280 15.7009 9.6165 11.4759 18.8958 8.2687 12.2572 13.8470 21.4471 23.2704 22.6009 22.9215 20.8362 23.2389 22.9962 16.4239 22.3482 21.4977 22.7232 19.7694 15.7550 20.2343 20.9775 18.4664 22.4211 20.5092 22.3063 22.0242 22.7128 22.0344 22.8547 22.3118 20.5780 20.8736 19.5210 22.7036 18.5932 22.9263
21.3825 13.3091 17.2127 14.7017 17.5364 13.5447 16.2740 17.5667 16.9454 17.2229 20.8396 18.2749 20.9388 14.6664 19.7385 17.5635 19.7503 17.8001 15.5185 17.7085 12.7764 15.8483 0.0000 17.7081 16.0272 18.2681 15.2748 18.1137 18.1020 17.2924 12.2749 14.8795 13.3507 14.8332 13.2854 13.8904 13.0277 15.1337 15.0880 15.0328 14.6525 14.1721 11.3650 11.8289 15.1353 12.9009 13.5210 10.8508 14.7252 15.0952 12.9212 13.3739 12.4220 14.7576 14.5231 14.3725 10.9827 12.8818 14.6592 11.2793 11.7911 13.4106 10.3866 17.1146 9.4648 11.1602 10.9377 10.4707 12.0983 14.6876 11.3404 12.9003 12.4375 13.9620 13.1774 10.0651 11.6573 11.6406 10.2168 11.1101 12.6269 11.4909 14.0988 12.5718 11.6531 10.0998 9.8231 5.2083 13.1817 8.8945 3.4826 10.0487 19.1631 16.9755 10.6042 13.5451 10.0962 14.1977 14.7011 19.0304 10.6427 19.6001 10.0505 13.9548 9.9569 11.6110 11.2126 12.0959 11.4075 19.3092 13.4818 13.5515 10.8197 13.2578 13.7936 10.5050 6.8589 13.7140 18.7089 19.9634 13.5024 15.1316 14.1080 14.8267 12.5768 15.1081 14.9059 11.7713 14.4267 12.8627 14.6527 11.5418 15.2043 12.1602 13.6850 11.3004 14.4936 12.6851 14.1756 14.1055 14.6559 13.7469 14.7793 14.1936 12.6137 13.8578 11.8828 14.6434 12.5656 14.9157
12.6614 12.6174 9.8783 11.0820 10.0259 16.8802 10.6156 10.4765 7.2045 12.8032 13.1495 11.1356 12.4898 10.3178 12.7088 10.9423 12.1291 11.5111 12.0916 9.7811 11.3893 10.9169 17.7081 0.0000 10.2589 11.5994 13.3250 3.9478 11.4225 12.9601 18.1532 24.3382 23.1852 24.4323 23.2891 22.3811 22.2899 24.7775 24.7220 24.6370 24.3466 24.0112 20.0801 20.2624 24.7800 22.1062 23.4209 20.7429 24.3996 24.7217 23.3162 23.2127 22.2835 24.3926 23.8587 24.0392 21.1977 22.5707 23.8144 21.7682 18.8965 16.2520 19.6342 16.2885 21.1692 15.8446 17.0275 18.9646 13.2634 24.3060 17.9325 11.8504 17.2232 23.9440 21.9847 13.9180 19.8758 22.0707 20.2154 19.6748 14.1487 20.8903 23.1580 20.0314 17.2680 19.9275 19.4621 19.7000 22.1929 18.1220 19.7396 15.8438 14.0877 10.4215 22.0882 17.0964 14.4828 13.5607 10.2691 11.9230 22.0475 12.3053 15.9677 10.9967 21.0305 15.1310 14.5610 17.9637 15.0539 7.4299 23.1197 12.1009 22.4044 17.8511 10.5306 13.4624 20.7361 13.4597 13.3333 12.0330 23.1026 24.7752 24.1476 24.4557 22.3919 24.7413 24.5145 18.3612 23.8562 23.0992 24.2539 21.5229 13.4600 22.0084 22.4853 20.4324 23.9873 21.5328 23.8800 23.6003 24.2443 23.4983 24.3909 23.8757 22.2475 22.5054 21.3267 24.2445 20.0173 24.4552
11.5915 9.6226 9.7440 10.6030 7.5794 14.0372 7.8578 9.1201 9.6508 7.2585 11.4410 7.8371 11.0602 7.6130 10.0785 8.7332 9.9950 6.8506 11.6181 8.6600 10.7276 4.8150 16.0272 10.2589 0.0000 7.4753 10.7839 10.1132 7.5386 7.3042 15.7720 22.9126 21.6672 23.0196 21.7950 21.1412 20.9378 23.3907 23.3275 23.2402 22.9214 22.5624 18.5420 18.3622 23.3935 20.9362 21.9135 18.9815 22.9735 23.3291 21.8169 21.6697 20.7898 22.9665 22.5373 22.5886 19.4822 20.9482 22.2469 20.1075 18.3611 13.5181 18.4854 13.8336 19.5474 14.6481 15.2199 17.4388 10.5018 22.9261 15.7489 9.9365 15.7589 22.5074 20.5859 11.4926 18.4088 20.3490 18.5248 17.9476 12.6131 19.5755 21.9060 19.4641 16.0825 17.9570 17.5335 17.8550 20.6564 16.2920 17.9939 13.5792 11.2050 8.0764 20.5139 14.9393 12.3113 12.5395 8.4180 10.0829 20.5935 11.4362 13.6861 7.7228 19.5432 12.5073 12.3043 16.4746 12.2177 11.0224 21.3629 8.7278 20.8606 15.8636 9.2740 11.2381 19.0403 9.2186 11.2052 12.7328 21.5562 23.3885 22.7219 23.0309 20.7700 23.3554 23.1067 16.4265 22.4261 21.6014 22.8074 19.9025 15.2298 20.3217 21.0093 18.6287 22.5186 20.5091 22.4207 22.0955 22.8119 22.1152 22.9678 22.4107 20.6274 20.8830 19.6053 22.8091 18.4386 23.0191
9.8533 13.0196 10.2867 12.3344 8.7277 16.9550 6.8080 8.9695 10.1156 6.2980 10.1268 5.7179 9.1948 9.3092 7.8307 5.6260 8.4612 4.4352 13.2547 9.1534 12.1989 7.4982 18.2681 11.5994 7.4753 0.0000 11.6502 10.3840 3.2962 6.4889 18.0042 24.7144 23.5660 24.8165 23.6952 22.6113 22.6783 25.1658 25.1101 25.0262 24.7322 24.4048 20.3240 20.3774 25.1681 22.6483 23.7940 21.0804 24.7774 25.1090 23.7051 23.5816 22.6964 24.7755 24.2170 24.4244 21.5947 22.9072 24.1051 22.1106 19.7237 15.9327 20.2482 14.4912 21.5924 15.5620 17.5574 19.1687 12.7736 24.6902 17.8652 11.3983 17.9540 24.3261 22.2109 13.3816 20.1117 22.3334 20.5991 19.9423 14.1293 21.3659 23.6661 20.5744 17.9483 20.1172 19.4424 20.0480 22.6260 18.3427 20.2321 16.3935 11.6475 9.3652 22.5128 17.5184 14.8036 14.1971 9.3500 9.9704 22.5081 11.6506 16.5348 10.0914 21.4673 15.3117 14.6474 17.5332 13.8014 10.6682 23.3650 11.3559 22.8330 18.3040 10.6681 13.6484 21.1811 11.6270 11.7560 12.4099 23.4484 25.1631 24.5460 24.8386 22.5694 25.1288 24.9035 18.8381 24.2178 23.4771 24.6161 21.8558 15.9481 22.3164 22.7156 20.6349 24.3513 22.2443 24.2420 23.9000 24.6192 23.9065 24.7543 24.2627 22.5990 22.5847 21.5299 24.6252 20.1007 24.8227
13.1388 14.2134 11.2909 13.1943 12.3440 16.9100 11.9910 12.6036 12.0296 11.2794 12.3489 11.3218 12.9632 11.9344 12.2956 12.3226 11.3512 11.3878 15.6427 12.7346 13.8859 9.8401 15.2748 13.3250 10.7839 11.6502 0.0000 12.6504 11.9010 10.9160 15.5960 22.3324 21.1799 22.4431 21.2652 20.3943 20.3914 22.7883 22.7328 22.6497 22.3384 21.9972 18.1199 18.1817 22.7907 20.2659 21.3724 18.7686 22.3960 22.7331 21.1901 21.2062 20.3198 22.4027 21.9171 22.0467 19.2337 20.4934 21.6891 19.6468 17.2972 15.2590 17.8458 9.8358 18.9411 13.4309 15.7323 17.0279 11.6734 22.3028 16.0047 11.5742 16.8795 21.9028 19.8201 12.7923 18.1212 19.7234 18.2272 17.4130 11.9180 18.8936 21.1798 18.7811 15.2823 17.5882 16.7145 17.1988 20.0163 16.0459 17.1889 16.3638 11.7200 11.7564 19.8854 17.4100 15.1799 15.5439 13.0431 10.6688 19.8880 10.7333 16.4602 11.2910 18.6325 15.2718 14.9622 15.6229 10.0512 13.5674 20.8022 11.5449 20.1826 18.2734 13.0479 14.3648 18.3102 8.4043 11.6979 11.2959 20.9076 22.7862 22.1062 22.4546 20.2483 22.7535 22.5224 17.1544 21.8509 21.0238 22.2255 19.4200 14.1863 19.9566 20.4321 18.1163 21.9754 19.8053 21.8479 21.5312 22.2381 21.5399 22.3614 21.8840 20.1928 20.2216 19.1227 22.2592 18.1333 22.4189
10.8846 12.9709 8.3655 11.1230 8.9215 17.0740 10.3587 9.2961 5.7402 12.5194 11.3421 10.2302 10.7590 10.2154 11.1360 10.3473 10.6261 11.1054 12.6935 8.3662 11.7549 10.8510 18.1137 3.9478 10.1132 10.3840 12.6504 0.0000 10.8003 12.5953 18.2913 24.6606 23.5097 24.7601 23.6320 22.4547 22.5561 25.1117 25.0561 24.9680 24.6791 24.3483 20.2393 20.4363 25.1142 22.3897 23.7540 21.0521 24.7309 25.0543 23.6569 23.5530 22.6252 24.7244 24.1128 24.3716 21.5591 22.8983 24.0945 22.0958 19.0418 16.5028 19.8480 15.6629 21.5159 15.2021 17.3846 19.0814 13.2633 24.6240 18.0359 11.5120 17.6497 24.2708 22.2522 13.7823 20.0353 22.3953 20.5511 19.8835 13.7465 21.1917 23.4567 20.3353 17.5089 20.2495 19.6432 20.0759 22.5546 18.3848 20.1447 16.3225 12.5046 9.9436 22.4555 17.4639 14.7243 14.0986 9.9321 10.2585 22.4176 10.6624 16.4752 10.9673 21.3823 15.5290 14.7206 17.6089 14.9489 5.7838 23.3783 12.1354 22.7733 18.2756 10.5886 13.5728 21.1302 13.4499 11.7520 10.2257 23.4208 25.1091 24.4900 24.7875 22.5759 25.0731 24.8454 18.7163 24.1409 23.4281 24.5752 21.8387 13.4544 22.3291 22.6428 20.7574 24.3093 21.8865 24.2008 23.8616 24.5684 23.8172 24.7177 24.2041 22.5797 22.6037 21.5610 24.5769 20.0868 24.7784
10.3462 12.8694 10.9244 12.3918 9.5315 16.8830 6.9630 9.4274 10.5348 5.7271 10.6060 5.7555 9.4265 9.3591 8.3359 5.7915 8.7019 4.0166 12.8928 9.9985 12.1501 7.3281 18.1020 11.4225 7.5386 3.2962 11.9010 10.8003 0.0000 6.2414 17.9758 24.5777 23.4401 24.6764 23.5552 22.6489 22.5550 25.0147 24.9612 24.8819 24.5889 24.2628 20.3510 20.3309 25.0170 22.5570 23.6560 20.9837 24.6331 24.9611 23.5581 23.4427 22.5578 24.6336 24.1296 24.2851 21.4567 22.7748 23.9823 21.9779 19.7357 15.7789 20.1845 14.7747 21.4440 16.1087 17.4176 19.2110 12.9280 24.5562 17.8203 11.6566 17.7975 24.1834 22.0973 13.4336 20.0557 22.1933 20.4591 19.8385 14.1568 21.2426 23.5491 20.4871 17.9080 19.9793 19.3492 19.8807 22.4679 18.2520 20.0524 16.1815 11.8711 9.8675 22.3511 17.3830 14.7558 13.9905 9.6668 10.1220 22.3462 11.9264 16.3105 9.8750 21.3188 15.1491 14.6243 17.7615 13.7799 11.0280 23.2589 11.2479 22.6665 18.1157 10.6046 13.5913 21.0053 11.5387 12.0817 13.0936 23.3166 25.0121 24.3920 24.6966 22.5204 24.9801 24.7608 18.6876 24.1066 23.3381 24.4716 21.7275 15.9176 22.1914 22.6805 20.4950 24.2187 22.1009 24.1041 23.8075 24.4806 23.7763 24.6043 24.1306 22.4550 22.5714 21.4573 24.4827 20.1039 24.6785
12.3267 11.6555 12.7042 13.6848 11.4003 16.3633 8.6625 11.5571 12.1262 1.8214 11.2328 6.4001 11.5587 10.5819 10.2734 7.7539 9.2716 6.3041 13.9500 12.0561 13.1709 4.8985 17.2924 12.9601 7.3042 6.4889 10.9160 12.5953 6.2414 0.0000 17.0206 23.8613 22.6877 23.9487 22.7905 22.1937 22.0209 24.2911 24.2345 24.1552 23.8526 23.5137 19.7213 19.6014 24.2935 22.0420 22.8927 20.1232 23.9014 24.2362 22.7965 22.6618 21.8443 23.8968 23.5043 23.5394 20.5962 21.9780 23.3397 21.1594 19.6732 14.8256 19.8031 14.3652 20.6724 16.3078 16.6206 18.6647 12.1607 23.8574 17.8245 11.8635 17.2187 23.4472 21.6566 13.2473 19.7485 21.4094 19.7695 19.1681 14.9087 20.6974 22.9037 20.8889 17.5636 19.1116 18.6964 18.9934 21.6961 17.6632 19.1594 15.0730 12.3395 9.7408 21.5409 16.5070 14.0290 14.7632 10.9269 10.6958 21.6472 12.5259 15.1716 9.3030 20.6017 13.9693 13.7784 17.7006 12.6830 12.8727 22.6760 10.1129 21.8654 17.1585 11.8342 13.4005 20.1354 9.8865 13.0345 14.7920 22.5708 24.2888 23.6492 23.9605 21.9164 24.2581 24.0304 17.8510 23.4088 22.5924 23.7766 20.9445 17.0361 21.3803 22.0375 19.7106 23.4759 21.6828 23.3604 23.0945 23.7530 23.1099 23.8779 23.3819 21.7194 21.9217 20.6915 23.7528 19.7439 23.9682
20.5964 14.2256 17.3686 15.7465 17.4732 12.7962 16.5419 17.3231 16.9942 17.0201 20.0774 17.9340 20.2558 14.8002 19.1326 17.4787 19.1150 17.6506 14.7722 17.7275 14.4695 15.6861 12.2749 18.1532 15.7720 18.0042 15.5960 18.2913 17.9758 17.0206 0.0000 12.0355 10.7673 12.0985 11.1830 10.2695 10.1196 12.5375 12.4723 12.4048 12.0105 11.7241 9.0508 7.4473 12.5401 10.5069 10.8728 9.5573 12.1005 12.4806 12.3036 10.6069 10.2361 12.0557 11.6952 11.6681 9.5419 9.5008 11.6503 9.3592 10.6134 9.7191 10.2270 13.0560 11.7323 11.3783 8.4844 9.3730 10.4116 12.1488 11.2035 14.1319 10.6529 11.7814 9.7353 10.3165 9.3289 11.0169 9.0280 8.8680 12.1453 10.9062 11.1973 11.6360 8.6204 9.1149 8.7546 11.6778 12.4991 10.0099 13.5751 12.6437 18.2356 15.9693 12.3911 11.0642 12.4356 13.7143 15.3338 18.3966 12.5505 18.9883 12.6639 13.7834 11.5045 10.3038 11.2071 9.3690 11.0893 19.2986 12.6181 12.8586 12.5513 11.2993 15.0998 12.3984 12.4347 13.3386 18.1901 19.4310 10.3732 12.5365 12.0037 12.1405 11.7622 12.5059 12.2528 8.3836 11.4661 11.0240 12.0221 8.6290 13.4633 9.0288 9.7356 6.8926 11.4830 10.8336 11.4909 10.9542 11.8849 11.4091 12.0980 11.5456 9.4082 10.1760 8.1435 11.9157 7.2730 12.1941
27.2400 20.6941 23.8683 21.9674 24.0444 18.6852 23.2477 24.0790 23.7429 23.7927 26.7480 24.6801 26.8672 21.9561 25.8494 24.2343 25.8696 24.3750 20.7215 24.1733 20.6508 22.8215 14.8795 24.3382 22.9126 24.7144 22.3324 24.6606 24.5777 23.8613 12.0355 0.0000 2.3880 0.4446 4.1328 4.2149 3.6839 0.7743 0.6919 0.6032 0.7839 1.7962 7.6755 7.0845 0.7787 3.7767 2.5489 9.7284 0.5919 0.6901 7.4633 2.4153 5.0652 0.6026 1.5542 0.8270 8.8015 3.3594 2.0995 6.8277 10.3324 17.4635 9.4654 20.5580 10.5433 15.5319 14.0764 9.3167 18.2193 0.7485 14.2964 20.6061 15.3172 2.2328 4.3001 16.2422 9.2657 7.7764 8.9395 8.9080 16.6742 8.1647 1.9467 8.4760 12.4817 9.3237 9.3669 12.8672 8.7573 11.6484 14.5175 18.6005 25.2702 22.8544 10.4638 16.1718 18.7616 19.7110 21.9753 25.2653 10.4797 25.7463 18.6008 20.9098 10.5963 17.5124 18.2299 12.3549 18.6239 25.6001 8.8718 20.1802 10.4580 16.0353 21.3133 19.0139 12.7415 21.1345 24.9221 26.0604 2.3007 0.7736 2.3655 0.5395 7.8525 0.7350 0.5260 11.6918 1.1467 4.7109 0.8764 5.6973 18.1011 4.3330 3.7986 7.3148 0.8024 4.9060 1.2262 1.7098 0.5096 2.5611 0.6977 1.5065 3.9377 3.8456 5.2137 0.6405 8.1054 0.5281
26.1485 19.3682 22.6551 20.6434 22.8368 17.1608 22.0147 22.8763 22.5363 22.6284 25.6520 23.5233 25.7756 20.6765 24.7231 23.0475 24.7523 23.2082 19.4175 22.9812 19.2892 21.5815 13.3507 23.1852 21.6672 23.5660 21.1799 23.5097 23.4401 22.6877 10.7673 2.3880 0.0000 2.2812 2.8643 4.0988 2.9229 2.7584 2.6736 2.6257 2.0288 1.7410 6.1583 5.9459 2.7619 2.7836 1.2455 7.5802 2.2270 2.6951 6.2412 0.8439 3.2854 2.1337 2.5336 1.7399 6.6249 1.6434 2.8426 4.7263 9.0083 15.9183 7.7278 19.5798 8.6810 14.4901 12.3663 7.7357 16.6939 2.4912 12.6960 19.2084 13.7177 2.0252 3.6797 14.7484 7.8329 6.3497 6.9863 7.4518 15.5131 6.8056 2.4788 7.9659 10.6930 7.4313 7.7221 11.2408 7.6948 9.8697 13.0835 17.1136 24.1202 21.6145 9.3459 14.5688 17.2741 18.2966 20.6891 24.1304 9.4045 24.6284 17.1143 19.5724 8.7895 15.9374 16.6867 11.0682 17.2482 24.4614 7.6999 18.7891 8.7255 14.4378 20.0073 17.5580 11.1331 19.8898 23.7744 24.9642 1.5104 2.7583 2.2771 2.2735 6.5502 2.7296 2.4552 10.1265 1.8872 3.3503 2.2699 3.7731 17.0147 2.8060 3.6069 5.7194 1.9862 4.0386 1.6294 1.7668 2.1358 1.9928 2.3793 1.4325 2.4785 3.6158 3.4044 2.0535 7.0546 2.4997
