0.0000 8.8434 6.8747 4.2860 9.5537 9.0845 3.3614 11.1621 7.9494 10.1156 4.5880 10.5333 3.7417 8.4266 5.5531 10.7007 9.2604 7.7290 5.9209 5.7791 5.9636 3.5407 8.4329 5.1437 5.0779 8.2574 8.0609 6.0080 8.3698 10.6139 40.6066 41.4433 41.1086 38.0694 39.1827 40.1007 38.2755 36.4494 39.8683 39.8923 37.8508 37.9799 39.1867 40.2239 39.7567 39.1047 39.5873 39.1849 39.1099 42.4193 39.4719 40.1625 44.9352 41.2782 39.4451 39.3763 38.7976 39.8390 38.3934 40.6084 8.7575 7.8541 7.8099 14.2977 13.1786 8.2872 9.8295 9.7380 11.3356 14.1260 11.4354 10.6702 17.6134 8.6897 15.0695 9.2345 9.0253 8.9553 8.1213 6.6650 2.8848 9.8402 9.3148 11.3582 13.5064 12.6143 11.7506 11.8666 11.2689 10.5087 13.2764 21.1298 23.6865 14.1713 10.1860 6.0982 10.5799 8.3716 15.2126 12.6603 7.0469 7.5154 17.5957 11.7968 23.0332 8.4729 25.0328 14.8422 16.3953 5.3578 17.0848 16.9584 10.6736 9.6168 12.7638 17.1517 16.8194 14.6622 7.0161 14.5378 44.2851 41.0799 41.4840 38.7395 40.6380 43.4276 44.2550 39.1476 41.9008 43.4315 42.7593 42.5603 41.5147 45.5503 39.1179 43.0318 44.0526 40.6653 43.9209 40.8711 42.7486 44.5511 44.2521 39.1476 42.7593 40.2143 41.1545 41.5996 40.8930 41.7537
8.8434 0.0000 5.9284 10.0148 3.8001 4.3759 9.5808 12.3758 4.1089 5.0627 9.4851 6.7986 6.0102 10.6807 12.8100 7.0495 10.3408 8.3883 13.5807 3.8243 9.9674 8.7769 7.4301 4.6277 4.3619 11.8527 8.0354 6.9703 3.2766 4.2565 32.5586 33.3781 32.9505 29.8957 31.1229 31.9657 30.1030 28.4212 31.7553 31.7053 29.7018 29.9524 31.0013 32.1341 31.6240 30.9963 31.4812 31.0571 31.0733 34.3454 31.3302 32.2352 36.7793 33.2528 31.3874 31.3079 30.7930 31.7021 30.3304 32.4679 7.0135 11.7726 9.4915 13.0798 10.9532 11.6103 12.7463 3.7460 10.3688 18.3472 11.0033 8.3056 19.9823 13.7193 7.8587 7.7394 6.9937 11.0113 13.5374 8.4235 9.3658 12.2477 9.1931 14.4808 6.7309 12.9890 10.8507 16.8395 9.3346 9.2716 20.6313 27.6392 28.6906 21.2508 17.8326 11.7669 16.2443 9.2590 22.4004 20.4024 11.7206 12.5993 24.1706 17.3392 28.3763 11.9946 31.7549 20.5789 23.7614 7.2862 24.6056 24.1663 14.8418 17.2037 19.8436 24.2522 24.3515 19.8771 14.2898 21.5950 36.1633 32.9638 33.3598 30.6737 32.4216 35.3983 36.0934 30.9742 33.7802 35.3231 34.5530 34.4377 33.4127 37.3726 31.0964 34.9964 35.9380 32.3722 35.7341 32.7554 34.6223 36.4861 36.0702 30.9742 34.5530 32.0835 33.0783 33.5976 32.9473 33.5514
6.8747 5.9284 0.0000 6.4632 5.4050 4.9150 5.9390 9.0684 2.3948 4.9539 6.7131 6.5109 4.9056 6.7060 9.7055 5.1335 6.9865 3.7290 10.0913 3.9254 6.7980 6.0373 6.0386 3.9334 4.5388 8.0942 5.3688 3.2839 4.7307 6.0671 36.2237 37.0119 36.7255 33.7418 35.0347 35.7693 33.8962 31.9651 35.6112 35.5363 33.5416 33.4676 34.8999 35.6272 35.4421 34.6785 35.3053 34.8899 34.8830 37.9659 34.9337 36.0120 40.5746 37.0127 35.2178 35.2405 34.7630 35.5894 33.9545 35.8914 4.1983 8.5492 5.5461 10.9721 10.1005 6.6666 7.6067 4.8511 7.4367 13.6011 7.6521 4.7976 15.5613 9.3919 9.6401 3.8508 5.1142 8.2587 9.7825 5.6202 6.6692 7.1454 6.1861 10.0122 8.1993 8.6182 9.3127 12.0391 5.7898 7.2731 16.9049 23.1253 24.3819 17.6173 13.7611 8.4567 12.0004 4.8891 18.0422 16.7745 9.5564 9.1111 20.2065 12.6160 23.2957 8.6222 27.8371 16.2451 19.5862 4.4595 20.4764 20.6289 10.9169 13.9154 16.1083 19.9936 20.2341 15.6582 10.1075 17.6131 39.9906 36.8158 37.0670 33.9372 36.0303 39.0575 39.7184 34.7240 37.4819 39.0243 38.3840 38.3461 37.0564 41.1827 34.8817 38.7025 39.8382 36.1968 39.3675 36.5213 38.4206 40.1998 39.8182 34.7240 38.3840 35.8313 36.6957 37.3242 36.7019 37.2201
4.2860 10.0148 6.4632 0.0000 10.7351 9.5703 3.9213 10.2162 8.1174 9.6944 4.5508 9.5248 5.2154 5.5130 5.4272 10.0338 8.4766 6.6303 4.8448 6.4863 6.3988 3.1720 7.6699 6.1088 6.2450 5.3234 7.3087 4.8322 9.4425 11.3441 41.9025 42.6701 42.3440 39.3375 40.5468 41.3802 39.4489 37.7043 41.1788 41.1587 39.0348 39.2522 40.4301 41.3467 41.0334 40.3323 40.9211 40.4744 40.4489 43.6456 40.6327 41.6586 46.1800 42.5866 40.7777 40.7712 40.2519 41.1110 39.5805 41.6422 7.9836 5.2593 4.8024 11.6738 12.3080 5.6018 7.4730 10.4577 10.7249 10.7323 10.0914 10.0481 14.3247 5.5749 15.7291 7.7141 7.2444 6.5624 5.0236 4.4648 2.2321 6.8246 7.2887 8.1855 12.8976 9.7026 9.8873 8.9459 10.5341 9.5549 11.3199 19.5562 22.2424 11.8997 8.4314 3.7489 8.7875 7.2489 13.3948 11.7188 4.8529 4.1891 17.0105 9.4142 20.4397 5.0031 22.3768 12.4658 14.7960 3.9745 15.1083 14.9770 7.1212 8.4381 10.6260 15.1120 14.7123 11.7690 5.8040 12.8370 45.6037 42.3848 42.6757 39.7447 41.7499 44.7261 45.3989 40.3341 43.1198 44.7171 43.9613 43.8525 42.7326 46.7914 40.5027 44.3432 45.3775 41.7300 45.0775 42.0899 44.0013 45.8726 45.4407 40.3341 43.9613 41.4192 42.3832 42.9936 42.2916 42.8982
9.5537 3.8001 5.4050 10.7351 0.0000 3.8712 9.8928 12.1400 3.9556 5.1851 9.7996 7.4669 7.0258 11.4602 13.6545 6.6501 10.4197 7.9480 14.2275 4.9965 9.9365 9.7229 8.6227 5.3542 5.5839 12.4843 8.4019 7.7410 2.6658 3.1836 31.6544 32.4552 32.0651 29.1234 30.3673 31.0994 29.2775 27.4154 30.9543 30.8897 28.9857 28.8880 30.2490 31.2105 30.8249 30.1278 30.6133 30.2490 30.2353 33.3818 30.3372 31.3237 35.9655 32.3781 30.5647 30.5315 30.0362 30.9543 29.3968 31.4488 6.5919 12.1806 10.0839 14.0848 10.8544 11.7333 12.4112 2.0040 9.4239 18.5092 10.3829 7.3015 19.9561 14.0167 6.3699 7.7317 7.6948 12.0215 14.5275 9.1419 10.1339 12.0897 9.7707 14.4986 7.2311 12.5231 11.9857 17.1425 8.1635 8.8572 21.4409 27.7297 28.5153 22.0434 18.3609 12.9489 16.4280 9.0447 22.7530 21.0142 13.4420 13.7126 24.0843 17.4908 28.0092 13.3069 32.7198 20.8638 24.1808 8.2372 25.1329 25.2601 15.7332 18.2054 20.7974 24.6645 24.8787 20.4436 14.5896 22.1911 35.3553 32.1295 32.4988 29.6130 31.5332 34.4654 35.2185 30.1690 32.8686 34.4118 33.8083 33.6923 32.4660 36.5787 30.2112 34.0760 35.1994 31.7105 34.8904 32.0027 33.8256 35.5833 35.2870 30.1690 33.8083 31.3588 32.1322 32.6663 32.0311 32.7593
9.0845 4.3759 4.9150 9.5703 3.8712 0.0000 9.5236 9.2963 3.5027 2.6966 7.8545 4.4468 6.9125 9.1619 12.7030 5.1305 7.6390 6.4929 12.8246 5.0963 7.8473 8.2700 6.3045 4.3016 5.6519 10.2757 5.4746 6.3024 2.6913 2.3570 32.7789 33.7153 33.5372 30.5834 31.7678 32.5157 30.6401 28.9182 32.4102 32.3058 30.2037 30.3634 31.5807 32.4787 32.1767 31.4998 32.0823 31.6168 31.5709 34.7390 31.7060 32.7064 37.3059 33.8123 31.9406 32.0667 31.5955 32.3391 30.6333 32.7388 4.6180 10.3777 8.1228 11.2070 8.4064 9.8115 10.6702 3.5629 7.0231 16.3080 7.5834 6.0728 17.5302 11.9880 7.1691 5.5648 5.4954 9.6460 12.8135 7.0860 9.4221 10.2296 6.9449 12.1621 5.7374 10.0876 9.2549 15.0485 6.5869 6.6857 20.2109 25.6515 26.1013 20.2645 16.9903 11.1029 14.1737 6.8765 20.8606 19.4010 11.6012 11.9671 22.0887 15.5270 26.3886 11.2011 30.6943 18.7192 22.7809 6.6752 23.5703 23.4988 13.7785 16.7567 19.1262 22.9633 23.2839 18.0022 13.7717 20.4064 36.6671 33.5871 33.7768 30.8039 32.8005 35.9280 36.5222 31.5122 34.2891 35.7677 35.0574 35.0876 33.8127 37.8991 31.5608 35.4165 36.5423 32.8779 36.1441 33.2256 35.1190 36.8691 36.5413 31.5122 35.0574 32.4792 33.4058 34.0410 33.3560 33.9186
3.3614 9.5808 5.9390 3.9213 9.8928 9.5236 0.0000 10.2900 7.5305 10.1439 5.7087 10.8429 4.2980 7.3505 4.3216 10.2421 8.4236 6.7045 5.5762 6.4160 6.0759 4.0170 8.7864 6.1035 6.0098 7.6664 7.8281 4.8138 8.9106 11.0101 41.2907 42.1254 41.7922 38.7725 39.9949 40.8110 38.9927 37.0326 40.6174 40.5654 38.6380 38.5454 39.9483 40.8341 40.4875 39.7706 40.2908 39.9339 39.8844 43.0818 40.0740 40.9053 45.6528 42.0388 40.2199 40.1523 39.6225 40.6039 39.1084 41.1505 8.7308 8.3039 6.6851 13.5860 13.8188 6.3618 7.7787 9.6535 10.9214 12.3383 10.5120 9.6063 15.7727 7.4922 14.9619 8.0699 8.7258 8.7992 6.7706 6.6468 3.6910 8.1793 8.4142 10.0268 13.5946 11.3014 11.8410 10.2304 9.8520 10.9542 12.1610 19.6735 22.1996 13.7304 9.1046 5.4140 9.4658 6.9934 14.0217 11.9388 7.2629 6.5027 16.6795 9.9786 20.8045 7.4529 24.1624 13.3723 14.8910 5.0202 16.0518 16.0822 9.0804 8.9036 11.7297 15.7787 16.1080 13.3286 4.9999 13.2594 45.0303 41.8266 42.1944 39.2340 41.2099 44.1020 44.8823 39.8398 42.5811 44.0856 43.4887 43.3551 42.1759 46.2674 39.8757 43.7587 44.8493 41.3768 44.5311 41.6227 43.4883 45.2495 44.9419 39.8398 43.4887 40.9436 41.8311 42.3158 41.6891 42.4020
11.1621 12.3758 9.0684 10.2162 12.1400 9.2963 10.2900 0.0000 9.5291 9.4611 7.8848 8.7917 11.0248 7.7699 11.1712 9.0995 3.1074 6.8793 10.7859 11.2459 5.7719 9.3804 8.9925 9.6720 11.3500 8.5002 6.0139 8.0290 10.9678 10.8924 39.2643 40.3897 40.6144 37.7948 38.8331 39.4890 37.7565 35.7673 39.6005 39.3479 37.1274 37.1781 38.6528 39.1459 39.1881 38.3589 39.1408 38.7317 38.5218 41.4922 38.5383 39.4574 44.2201 40.8352 38.9579 39.3563 38.9245 39.4964 37.4166 39.3678 8.4259 9.9496 7.9522 9.3862 10.0985 6.3702 5.9598 11.3754 5.4213 10.8187 4.2941 7.9735 11.6344 8.3623 13.6756 7.2035 9.0076 9.2450 10.5053 8.6846 11.0277 7.1838 5.8656 7.6702 12.2994 7.2389 9.7562 9.6561 6.1729 9.1323 16.7948 18.0482 17.2952 16.1650 13.0652 9.1275 7.6282 4.6394 14.8367 14.6578 10.8064 10.7170 14.7641 9.5512 19.4558 9.3275 25.1562 12.3743 17.4339 9.1151 18.6652 18.8600 10.8251 13.5334 15.0736 17.2957 18.4453 11.8362 11.4539 14.7717 43.4827 40.6926 40.6234 37.2303 39.4721 42.7709 43.2592 38.5519 41.2474 42.5266 41.9440 42.1343 40.6050 44.7649 38.4788 42.1866 43.5466 39.7958 42.6947 40.0895 42.0175 43.5342 43.3211 38.5519 41.9440 39.1102 40.1197 40.8027 40.1580 40.5351
7.9494 4.1089 2.3948 8.1174 3.9556 3.5027 7.5305 9.5291 0.0000 3.5817 7.7861 5.6736 5.4109 7.9766 11.1481 4.5038 7.4552 4.8746 11.7087 3.7522 7.7125 7.1607 5.8804 3.7988 4.3552 9.3563 5.6645 4.2350 3.2020 4.2692 34.3170 35.1230 34.8428 31.8478 33.1205 33.8626 31.9955 30.1111 33.7048 33.6223 31.6176 31.6214 32.9808 33.7773 33.5239 32.8013 33.4024 32.9902 32.9839 36.0967 33.0509 34.1162 38.6814 35.1294 33.3210 33.3453 32.8660 33.6685 32.0863 34.0484 4.2527 9.8466 6.7890 10.9877 9.5813 8.3237 9.1705 3.3142 7.4422 15.1905 8.0924 4.8661 16.8506 10.9898 7.7979 4.4311 5.0519 8.9663 11.3357 6.4588 8.0342 8.8559 6.6725 11.3280 6.5801 9.6521 9.2338 13.6993 5.8168 7.2720 18.6454 24.8060 25.6899 19.2792 15.5501 9.8212 13.4425 5.8879 19.7845 18.3948 10.5012 10.5811 21.6411 14.3694 24.9367 9.8397 29.5166 17.8811 21.2965 5.3620 22.3051 22.2507 12.3807 15.4742 17.7916 21.7558 22.0440 17.1053 11.9408 19.2330 38.0772 34.9284 35.1856 32.1139 34.1355 37.1989 37.8533 32.8373 35.5919 37.1453 36.4643 36.4233 35.1634 39.2822 32.9778 36.8274 37.9232 34.2716 37.4777 34.6151 36.5039 38.2945 37.9185 32.8373 36.4643 33.9007 34.8273 35.4422 34.8061 35.3124
10.1156 5.0627 4.9539 9.6944 5.1851 2.6966 10.1439 9.4611 3.5817 0.0000 8.8174 3.4652 7.7605 8.4135 13.3185 3.4530 7.5695 6.2700 13.4077 5.7418 8.7206 8.7961 5.3600 5.5018 6.5108 9.7185 5.4138 6.1867 4.2030 3.7474 32.8318 33.6788 33.5298 30.5694 31.7843 32.5321 30.5780 28.8904 32.4207 32.3032 30.1449 30.3807 31.5751 32.3589 32.1547 31.4520 32.1087 31.6447 31.6039 34.7022 31.6785 32.8418 37.2642 33.7975 31.9613 32.1152 31.6551 32.2971 30.6185 32.5926 4.2485 10.4025 7.5151 9.6173 7.9802 9.4441 10.2694 4.3692 7.0798 15.8136 7.6354 5.3451 16.8328 11.9571 7.0581 4.7513 4.6095 9.0935 12.5453 7.0889 9.9851 9.4868 6.4522 11.5735 3.9478 9.0972 8.1381 14.4665 6.2468 6.4811 20.3285 25.8765 26.3113 20.4385 17.2325 11.0536 14.3852 6.7335 21.0816 19.9921 11.4328 11.6928 22.7732 15.4795 26.0818 10.5449 30.3034 18.8334 22.9972 6.8345 23.7461 23.5107 13.2509 17.0852 19.1760 23.1291 23.3779 17.7180 14.1349 20.6208 36.6839 33.6079 33.7179 30.6500 32.6983 35.8886 36.3979 31.4336 34.2572 35.7797 34.9998 35.0480 33.7922 37.8500 31.6633 35.4347 36.5304 32.7377 36.0346 33.1323 35.0703 36.9027 36.4461 31.4336 34.9998 32.3821 33.4105 34.1380 33.4421 33.8307
4.5880 9.4851 6.7131 4.5508 9.7996 7.8545 5.7087 7.8848 7.7861 8.8174 0.0000 8.2254 5.9639 6.4642 7.1014 9.4551 6.6544 6.0970 5.8596 6.7808 3.5110 3.6903 7.1356 5.0897 6.4360 6.2361 5.7185 5.6260 8.3320 9.7334 40.1681 41.0840 40.9322 37.9658 39.0494 39.8915 38.0441 36.2772 39.7569 39.7370 37.5066 37.7745 38.9589 39.8508 39.5517 38.8627 39.4760 38.9848 38.8902 42.1165 39.1530 39.9983 44.7088 41.1109 39.2595 39.3928 38.8606 39.7060 37.9676 40.1812 6.7683 5.1454 5.9827 11.6528 10.1081 6.3921 7.7344 9.8198 8.2746 11.7650 8.1399 9.3030 14.7064 6.3928 14.4515 7.5713 7.3764 6.9254 7.6329 4.6525 4.3964 7.5302 6.7907 8.4754 12.2282 9.4769 9.3718 10.0292 9.4645 7.6771 13.6714 19.5758 21.2617 13.1352 10.0650 5.5105 8.1607 6.3374 14.0424 12.3146 6.6291 7.1354 15.9438 10.0928 21.4990 7.1675 24.0556 12.8546 16.2626 4.9834 16.5886 16.7909 9.4057 10.1347 12.5198 16.3512 16.0129 12.4453 8.0164 13.8359 44.0312 40.9435 41.1613 38.2163 40.2823 43.2678 43.9575 38.9183 41.6608 43.1845 42.4645 42.4023 41.1919 45.3008 38.8757 42.7524 43.8736 40.2919 43.5658 40.5720 42.4969 44.2443 43.9519 38.9183 42.4645 39.8275 40.7729 41.3582 40.6158 41.3276
10.5333 6.7986 6.5109 9.5248 7.4669 4.4468 10.8429 8.7917 5.6736 3.4652 8.2254 0.0000 8.5816 7.6617 13.3446 5.0682 7.5606 6.3932 12.9126 6.8029 8.7797 8.5586 5.0959 6.0926 7.3388 8.6399 5.3555 6.7036 6.0369 5.8158 34.2630 35.1095 34.9863 32.0948 33.2308 33.9537 31.9938 30.4767 33.8796 33.8188 31.4351 31.9667 32.9516 33.7472 33.6086 32.9278 33.6325 33.0687 33.0826 36.1387 33.1291 34.4197 38.6690 35.2431 33.4428 33.6605 33.2093 33.7400 32.0017 34.0039 4.5208 8.7639 6.8516 7.4722 5.9612 9.1337 9.9021 6.9196 6.6376 14.5765 7.1248 6.6694 15.5384 11.0751 9.3225 5.3090 3.6473 7.4529 12.0144 6.3504 9.8562 8.9977 5.4321 10.2502 5.1577 7.9053 5.9310 13.7664 7.2548 5.0026 19.5943 25.0974 25.3633 18.9879 16.5801 10.5355 13.4747 6.9908 20.1856 19.2149 10.2106 10.9974 22.2025 14.9879 25.3071 9.5093 28.7638 17.8280 22.3770 6.8332 22.7034 22.5133 12.2867 16.5559 18.3405 22.2358 22.1593 16.3608 14.2015 19.8852 38.0572 35.0602 35.1135 32.0972 34.1158 37.4079 37.8300 32.8738 35.6797 37.2649 36.3292 36.4270 35.2139 39.2497 33.1349 36.8714 37.9384 34.0333 37.4042 34.5280 36.4705 38.3344 37.8596 32.8738 36.3292 33.7115 34.8200 35.6501 34.8780 35.1882
3.7417 6.0102 4.9056 5.2154 7.0258 6.9125 4.2980 11.0248 5.4109 7.7605 5.9639 8.5816 0.0000 8.0017 7.3261 8.7866 8.9786 6.9633 8.2467 2.9109 6.9914 4.2122 7.4285 3.2706 2.4395 8.4589 6.9164 4.3945 5.8218 8.2945 38.1891 39.0165 38.5607 35.5574 36.7724 37.5913 35.7377 34.0054 37.3816 37.3544 35.4293 35.5009 36.6828 37.7891 37.2709 36.6640 37.0668 36.6992 36.7144 39.9467 36.9249 37.8079 42.4369 38.8557 37.0295 36.9237 36.3774 37.3475 35.9676 38.0678 7.5939 8.7452 6.7291 13.0593 12.4963 8.4364 9.8594 6.9133 10.7680 14.7252 10.4773 9.2237 17.4320 9.6954 12.5900 7.5858 6.9397 8.6912 8.7976 5.9601 4.1857 9.7418 7.9411 11.4050 11.0014 11.7979 10.9098 13.0218 9.6731 9.8335 15.0537 23.1531 25.1780 16.2388 12.4721 7.2513 12.2365 7.5932 17.4301 15.0835 7.7528 8.0383 19.8486 13.2246 24.0280 8.4702 26.9240 16.2254 18.3220 4.1839 19.1886 18.9539 10.7693 11.7429 14.6011 19.0052 19.2416 15.8821 8.7652 16.4379 41.8235 38.5929 39.0162 36.2979 38.0860 40.9962 41.7505 36.6304 39.3957 40.9521 40.2533 40.0890 39.0306 43.0351 36.7198 40.6096 41.6026 38.1340 41.4232 38.4354 40.2811 42.1215 41.7673 36.6304 40.2533 37.7994 38.7144 39.2099 38.5452 39.2767
8.4266 10.6807 6.7060 5.5130 11.4602 9.1619 7.3505 7.7699 7.9766 8.4135 6.4642 7.6617 8.0017 0.0000 8.5954 8.0238 6.0910 5.5310 7.5722 8.3471 6.9493 5.3967 5.9530 7.6927 8.5519 3.2443 4.9478 5.0708 9.7438 10.9669 40.9133 41.7546 41.5899 38.5955 39.8658 40.6187 38.6576 36.9520 40.4302 40.4108 38.2120 38.4227 39.6739 40.2882 40.1901 39.5232 40.2018 39.6487 39.7167 42.7485 39.7667 40.9491 45.3185 41.8291 40.0572 40.2049 39.7108 40.3559 38.6512 40.5699 6.7251 6.2667 2.8479 7.5535 10.3913 4.0997 5.4883 10.7613 8.5184 8.6567 7.4170 8.0068 11.0301 5.9329 14.6816 5.5994 6.2152 4.3201 5.4318 5.2598 6.9789 4.3116 4.8560 5.2511 11.1252 6.0317 6.7838 6.9574 8.3978 7.9608 13.1183 19.0577 20.5250 13.1070 10.3775 4.9401 8.3598 5.1856 13.7636 13.3336 6.1231 5.0044 17.2211 9.0870 19.4209 3.5513 22.3771 11.9730 15.9302 5.4400 16.1216 16.1180 5.7975 10.5742 11.6362 15.8037 15.9406 10.3947 8.5220 13.5303 44.7268 41.7037 41.7801 38.6052 40.7544 43.9418 44.4275 39.4327 42.2804 43.8730 43.0351 43.1059 41.8245 45.8838 39.7184 43.4976 44.5557 40.7529 44.0450 41.1152 43.1189 44.9759 44.4888 39.4327 43.0351 40.3827 41.4287 42.2221 41.5123 41.8042
5.5531 12.8100 9.7055 5.4272 13.6545 12.7030 4.3216 11.1712 11.1481 13.3185 7.1014 13.3446 7.3261 8.5954 0.0000 13.5585 9.9417 9.7183 3.5458 9.7439 7.5232 5.8487 11.3399 9.2410 9.2534 8.5059 9.9444 7.5889 12.4426 14.3828 44.8345 45.7712 45.4546 42.4322 43.6271 44.4458 42.6478 40.7438 44.2968 44.1903 42.2400 42.2483 43.5501 44.5373 44.1357 43.4315 43.9346 43.5807 43.5140 46.7552 43.7343 44.5006 49.2938 45.7408 43.8606 43.8177 43.2942 44.2622 42.7474 44.8445 11.9763 9.3157 8.3300 14.7286 16.2319 7.4457 8.9049 13.2361 13.3821 11.3663 12.1454 12.9117 15.1538 6.9905 18.5530 10.7995 11.1994 9.9695 5.4486 8.5215 5.4787 9.6150 9.8422 10.3555 16.7382 12.9068 13.5521 9.5606 12.6036 13.6974 8.8636 16.7902 19.9787 10.7795 6.2103 4.5861 7.9835 9.1625 11.0472 8.2439 6.6159 5.8942 14.0182 8.3066 18.9567 7.2891 21.0730 10.7749 11.5191 7.4849 12.8010 12.3988 8.0044 5.1310 8.3440 12.4356 13.2913 11.2934 3.1087 9.7439 48.6396 45.4733 45.8391 42.9337 44.8369 47.8057 48.5489 43.5049 46.2738 47.7100 47.0967 46.9993 45.8466 49.8881 43.5042 47.4018 48.4812 44.9670 48.1516 45.2662 47.1335 48.8703 48.5680 43.5049 47.0967 44.5359 45.4732 45.9339 45.3253 46.0036
10.7007 7.0495 5.1335 10.0338 6.6501 5.1305 10.2421 9.0995 4.5038 3.4530 9.4551 5.0682 8.7866 8.0238 13.5585 0.0000 7.0738 5.1255 13.5347 7.1888 8.7525 9.2052 4.8893 6.9924 7.9246 9.2191 5.6250 6.7279 5.9028 5.9998 33.5652 34.3375 34.3050 31.3626 32.4998 33.2764 31.3594 29.4524 33.1729 33.1359 30.8993 30.9755 32.4059 32.8595 32.8842 32.1126 32.8515 32.4154 32.3488 35.3237 32.4152 33.5358 37.9919 34.4380 32.7052 32.9087 32.3916 33.0587 31.3085 33.1560 4.2666 10.5311 7.7563 9.2588 7.9277 8.8778 9.1012 6.0385 6.2156 15.3724 7.9563 3.3498 16.4881 12.1335 7.5157 4.9899 6.1227 9.0518 12.5434 8.4007 10.5268 8.4607 7.2427 10.9976 5.7034 8.5075 7.9048 13.3600 5.3441 6.2781 20.1885 25.2159 25.5133 20.4289 16.8633 11.0817 13.9782 6.0201 20.6391 19.9440 11.6933 11.8857 22.4147 15.0628 25.1806 10.5833 29.7528 18.7681 22.6225 7.9340 23.3920 23.4359 13.3105 17.0833 19.0649 22.8982 22.9219 17.4607 13.8427 20.4243 37.3911 34.3848 34.4178 31.1687 33.3767 36.4686 37.0195 32.1293 34.9579 36.4988 35.7511 35.7640 34.4751 38.5765 32.4162 36.0908 37.2660 33.5628 36.6193 33.7761 35.7809 37.6083 37.1543 32.1293 35.7511 32.9954 34.0840 34.8588 34.1200 34.5113
9.2604 10.3408 6.9865 8.4766 10.4197 7.6390 8.4236 3.1074 7.4552 7.5695 6.6544 7.5606 8.9786 6.0910 9.9417 7.0738 0.0000 5.2131 9.7615 9.1988 4.3153 7.4369 6.5404 7.7518 9.3220 7.0579 3.9214 5.9652 9.0416 9.3788 38.4309 39.4818 39.6384 36.7053 37.7762 38.5356 36.7341 34.7596 38.5275 38.3459 36.1560 36.2136 37.6652 38.2001 38.1574 37.3779 38.1181 37.7025 37.5137 40.5784 37.6424 38.4927 43.2599 39.7990 37.9301 38.2340 37.7547 38.4131 36.5064 38.4909 6.6642 9.1902 6.5673 8.9493 9.5926 5.3252 5.6654 9.6604 5.2596 11.3010 4.9993 6.3174 12.8300 8.0329 12.3780 5.5213 7.5794 7.8423 9.2734 7.2838 9.3505 6.4256 5.0347 7.7212 10.7003 7.3377 8.4994 9.1471 5.4310 8.1275 16.3023 19.0883 19.1403 16.2105 12.5691 7.5749 8.0978 2.9002 15.1656 14.6623 9.3880 9.2761 15.8819 9.7617 20.5219 8.0131 25.4007 13.2383 17.5586 7.2040 18.7774 18.6802 10.1570 12.7247 14.6326 17.7063 18.5484 12.3392 10.3749 14.9522 42.5590 39.6884 39.6773 36.3724 38.5853 41.7790 42.3213 37.5111 40.2854 41.6209 40.9960 41.1114 39.6940 43.8210 37.5073 41.2660 42.5259 38.8364 41.8269 39.0624 41.0290 42.6522 42.3708 37.5111 40.9960 38.1581 39.2338 39.8865 39.2135 39.6448
7.7290 8.3883 3.7290 6.6303 7.9480 6.4929 6.7045 6.8793 4.8746 6.2700 6.0970 6.3932 6.9633 5.5310 9.7183 5.1255 5.2131 0.0000 9.4750 6.5192 5.7018 6.0708 5.3291 5.6099 6.7321 6.4425 4.9262 4.1324 6.9548 7.9286 37.6422 38.4270 38.3417 35.4079 36.5561 37.3030 35.4581 33.4497 37.2059 37.1794 34.9412 34.9885 36.4560 36.9640 36.9816 36.1617 36.9184 36.4642 36.4027 39.4176 36.4478 37.5395 42.1083 38.5043 36.7653 36.9158 36.4203 37.1592 35.3804 37.2912 3.7932 7.0158 5.1014 9.1218 8.3013 4.9144 5.1451 7.5911 5.0849 11.6787 6.5686 4.0630 13.9048 8.0395 10.9815 4.0073 5.5442 6.7153 9.2392 5.7966 7.1696 5.1706 5.5078 7.8102 9.3355 6.7160 7.5722 9.8558 5.0152 5.6963 16.1230 21.2282 22.0553 16.1880 12.4863 7.7036 9.8071 3.3201 16.3104 15.6028 8.7055 8.6646 18.4672 11.0522 21.3439 7.6486 25.9998 14.7606 18.3172 5.3504 19.0935 19.4962 10.0876 13.2239 15.1325 18.6508 18.4948 13.6636 9.6709 16.3231 41.4657 38.4174 38.5392 35.2517 37.4828 40.5543 41.1869 36.2683 38.9968 40.5623 39.8628 39.8541 38.5197 42.7197 36.4028 40.1701 41.3783 37.6875 40.7449 37.9597 39.9019 41.6559 41.3111 36.2683 39.8628 37.1519 38.1411 38.8484 38.1382 38.6262
5.9209 13.5807 10.0913 4.8448 14.2275 12.8246 5.5762 10.7859 11.7087 13.4077 5.8596 12.9126 8.2467 7.5722 3.5458 13.5347 9.7615 9.4750 0.0000 10.3193 7.1005 5.2773 10.8327 9.4411 9.8436 6.9094 9.4735 8.1992 12.7525 14.6668 45.3968 46.3009 46.0327 43.0194 44.1973 45.0313 43.1764 41.3726 44.8353 44.8327 42.7365 42.8583 44.1166 45.0093 44.6732 44.0184 44.5585 44.0920 44.0747 47.2888 44.3023 45.1479 49.8580 46.2529 44.4213 44.4525 43.9040 44.8130 43.1944 45.3356 11.3447 7.2579 7.7603 14.0127 15.0021 7.1323 8.5105 14.0274 12.7267 9.9100 11.6715 13.0050 14.0122 5.6060 19.1618 10.9179 11.0662 8.5733 4.6156 7.9135 5.1305 8.7492 9.7459 8.7456 16.8005 11.8016 12.4543 8.0376 12.9585 12.3995 8.1220 15.9637 19.1819 8.7055 4.9532 3.9431 6.6815 9.2314 9.6310 7.3098 5.9133 4.9979 13.2718 7.6850 18.2285 6.5719 19.5995 9.6651 11.1580 7.6437 11.4002 11.6900 7.0697 4.7406 7.2019 11.5285 11.4742 9.7700 3.7709 9.0714 49.2008 46.0684 46.3539 43.4086 45.4320 48.3980 49.1101 44.0204 46.7952 48.3364 47.6327 47.5491 46.3621 50.4471 44.0413 47.9430 49.0154 45.4705 48.7379 45.7371 47.6623 49.4418 49.1239 44.0204 47.6327 45.0384 45.9698 46.5326 45.8337 46.5146
5.7791 3.8243 3.9254 6.4863 4.9965 5.0963 6.4160 11.2459 3.7522 5.7418 6.7808 6.8029 2.9109 8.3471 9.7439 7.1888 9.1988 6.5192 10.3193 0.0000 7.9313 5.7892 6.6060 2.3248 1.4631 9.1957 6.8015 4.5948 4.0693 6.1580 35.9260 36.6952 36.2388 33.2315 34.4678 35.2831 33.3944 31.6903 35.0820 35.0517 33.0379 33.2226 34.3405 35.4198 34.9719 34.3112 34.8038 34.3910 34.4097 37.6320 34.6035 35.5971 40.1132 36.5467 34.7196 34.6373 34.1197 35.0382 33.6139 35.7070 6.0806 8.8296 6.8897 12.3210 10.9239 9.0482 10.3853 4.9105 9.8838 15.6195 10.0114 8.0150 17.8436 10.7224 10.4692 6.5936 5.5942 8.9061 10.4499 5.8011 5.7995 9.7873 7.6471 11.9875 8.5902 11.2528 10.0615 14.1386 8.9265 8.4335 17.2303 24.9203 26.5861 17.9389 14.4971 8.8465 13.6201 7.6558 19.3303 17.3074 8.9750 9.4961 21.6897 14.5409 25.5414 9.3135 28.5804 17.7253 20.5717 4.4789 21.2331 21.0054 11.9642 14.0523 16.6339 21.0325 20.9827 17.1694 10.9693 18.5592 39.5270 36.2731 36.6679 33.9135 35.7440 38.6911 39.4005 34.2913 37.0709 38.6555 37.9113 37.7714 36.7153 40.7189 34.4449 38.3100 39.3004 35.7272 39.0767 36.1064 37.9694 39.8420 39.4242 34.2913 37.9113 35.4662 36.3863 36.9378 36.2733 36.9217
5.9636 9.9674 6.7980 6.3988 9.9365 7.8473 6.0759 5.7719 7.7125 8.7206 3.5110 8.7797 6.9914 6.9493 7.5232 8.7525 4.3153 5.7018 7.1005 7.9313 0.0000 5.3127 7.2382 6.2288 7.7288 6.9593 4.9947 5.8549 8.6253 9.7296 39.6178 40.6327 40.6562 37.7034 38.7194 39.5604 37.7800 35.8179 39.5059 39.3984 37.2317 37.2991 38.6915 39.4386 39.2158 38.4709 39.1066 38.7174 38.5060 41.6978 38.7755 39.4590 44.3695 40.7877 38.9080 39.1183 38.5789 39.4281 37.6034 39.7594 7.1807 7.7035 6.9102 11.7500 10.6328 5.9455 6.7676 9.7055 7.1427 12.0806 7.2222 8.2266 14.6495 7.2491 13.6816 7.3074 8.3588 8.1861 8.4178 6.5538 6.6509 7.4076 6.7725 8.6784 12.3794 9.5080 10.0863 9.5940 7.8914 8.5531 14.6043 18.7294 19.8034 14.5709 10.6207 6.1812 7.4639 4.7803 14.0479 12.6442 8.1933 8.4175 14.7574 9.5228 20.9561 8.1360 24.7705 12.8706 16.2489 6.3342 17.2899 17.4075 10.3038 10.6697 13.2638 16.5880 16.9457 12.6330 8.2505 13.7662 43.6530 40.6564 40.8009 37.7177 39.8461 42.8367 43.5405 38.6129 41.3578 42.7389 42.1495 42.1166 40.8163 44.9481 38.4964 42.3286 43.5612 40.0481 43.0995 40.2040 42.1412 43.7846 43.5627 38.6129 42.1495 39.3830 40.3684 40.9023 40.1944 40.9178
3.5407 8.7769 6.0373 3.1720 9.7229 8.2700 4.0170 9.3804 7.1607 8.7961 3.6903 8.5586 4.2122 5.3967 5.8487 9.2052 7.4369 6.0708 5.2773 5.7892 5.3127 0.0000 6.2850 4.7749 5.2482 5.2349 5.8705 4.4025 7.8964 10.1181 40.6119 41.4530 41.1733 38.1403 39.3036 40.1626 38.2629 36.5523 39.9134 39.9714 37.8285 38.0492 39.2200 40.1260 39.7688 39.1687 39.6903 39.1922 39.2175 42.4407 39.4608 40.3701 44.9601 41.3472 39.5566 39.5526 38.9946 39.8650 38.3718 40.4963 7.1518 6.0492 5.2402 11.2567 11.2899 6.2889 7.9532 9.6330 9.7279 11.7319 9.5986 9.2972 15.1394 6.8983 14.6332 7.3417 6.9303 5.6203 6.1703 4.6997 2.9692 7.8137 6.9451 8.5900 12.0882 10.0265 8.8024 9.7258 9.8784 8.5856 12.5799 20.2287 22.3700 13.0319 9.5820 4.2742 9.0900 6.6154 14.1899 12.2726 4.9314 5.1374 17.2578 10.6122 21.5100 5.7808 23.6242 13.4813 15.7829 3.5169 16.2041 16.1112 8.1971 9.1714 11.6965 16.2566 16.0111 12.4932 6.9117 13.6969 44.3187 41.1957 41.4775 38.6100 40.5722 43.5443 44.2321 39.1128 41.9096 43.5142 42.7107 42.6197 41.5059 45.5673 39.2058 43.1084 44.1046 40.5531 43.8771 40.8183 42.7396 44.5971 44.2412 39.1128 42.7107 40.1275 41.1501 41.7531 40.9977 41.6573
8.4329 7.4301 6.0386 7.6699 8.6227 6.3045 8.7864 8.9925 5.8804 5.3600 7.1356 5.0959 7.4285 5.9530 11.3399 4.8893 6.5404 5.3291 10.8327 6.6060 7.2382 6.2850 0.0000 5.8204 6.7607 6.3866 4.7107 5.7599 6.6879 7.9710 36.5523 37.3225 37.2857 34.2447 35.2847 36.2189 34.2469 32.5691 35.9805 36.0776 33.6718 34.1259 35.2357 35.8806 35.7399 35.1027 35.7954 35.2450 35.2055 38.3644 35.5001 36.4746 40.8940 37.2971 35.5609 35.6991 35.1251 35.8306 34.2905 36.3318 4.6240 8.0306 6.5223 8.1198 7.4144 7.9063 8.9682 8.3869 7.3737 13.9162 9.0085 6.4937 16.2080 10.2021 11.2263 5.9273 5.5705 5.6172 10.0804 6.4730 8.1668 8.2339 6.6677 9.6604 7.7869 8.9649 5.0967 11.4357 8.2161 5.7208 17.5425 23.5491 24.5147 17.4285 14.3012 8.1679 11.9765 6.3582 18.2335 17.2715 8.0200 8.9992 20.7881 13.6559 24.3405 7.8710 26.7678 17.1019 20.4001 5.9435 20.7833 20.4106 11.2178 14.1849 16.2529 20.6972 20.1204 15.1294 12.0269 18.0799 40.2667 37.2802 37.3573 34.3755 36.4565 39.4824 40.0506 35.0385 37.9144 39.5308 38.5899 38.5525 37.4769 41.4976 35.2896 39.0614 40.0475 36.3838 39.6658 36.5949 38.6179 40.5551 40.0804 35.0385 38.5899 35.8212 37.0993 37.8435 36.9856 37.4710
5.1437 4.6277 3.9334 6.1088 5.3542 4.3016 6.1035 9.6720 3.7988 5.5018 5.0897 6.0926 3.2706 7.6927 9.2410 6.9924 7.7518 5.6099 9.4411 2.3248 6.2288 4.7749 5.8204 0.0000 2.0563 8.3161 5.6124 4.1275 3.8371 5.8185 36.2399 37.0764 36.7609 33.7618 34.9288 35.7535 33.8830 32.1611 35.5668 35.5499 33.4424 33.6750 34.8111 35.8277 35.4226 34.7697 35.3031 34.8472 34.8251 38.0687 35.0474 35.9815 40.5869 37.0017 35.1664 35.1624 34.6447 35.5188 33.9986 36.1528 5.0771 7.8481 6.4555 11.6274 9.6075 8.2160 9.5485 5.4676 8.3761 14.7280 8.8011 7.5081 17.1031 9.6785 10.5938 6.0635 5.2101 7.8764 10.0428 4.8140 5.4289 9.2069 6.7647 10.9713 8.7026 10.4350 9.0973 13.2346 8.2077 7.1669 16.8388 23.7712 25.1757 17.1217 13.7469 8.1419 12.2045 6.6493 18.2481 16.3242 8.4068 9.0563 20.2723 13.6017 24.7031 8.8425 27.9073 16.7335 19.8292 3.7464 20.5088 20.3760 11.5388 13.4272 16.0357 20.2317 20.1450 16.0434 10.5250 17.6818 39.9521 36.7798 37.1043 34.2772 36.1884 39.1720 39.8750 34.7815 37.5335 39.1040 38.3526 38.2537 37.1290 41.1990 34.8268 38.7296 39.7604 36.1834 39.5159 36.5246 38.3955 40.2149 39.8758 34.7815 38.3526 35.8258 36.7783 37.3390 36.6287 37.3143
5.0779 4.3619 4.5388 6.2450 5.5839 5.6519 6.0098 11.3500 4.3552 6.5108 6.4360 7.3388 2.4395 8.5519 9.2534 7.9246 9.3220 6.7321 9.8436 1.4631 7.7288 5.2482 6.7607 2.0563 0.0000 9.0908 7.1445 4.6701 4.4269 6.7628 36.5074 37.2648 36.8202 33.8108 35.0107 35.8461 33.9655 32.2775 35.6151 35.6210 33.5904 33.8152 34.9051 36.0150 35.5238 34.8993 35.3686 34.9491 34.9646 38.2169 35.1852 36.1478 40.6856 37.0861 35.2788 35.1733 34.6445 35.5719 34.2131 36.3335 6.4348 8.6605 7.1489 12.5812 11.0216 9.1504 10.5453 5.7622 10.0997 15.5519 10.4698 8.6147 18.1347 10.5031 11.1613 7.1815 5.9610 8.6342 10.2960 5.6633 5.2723 10.1859 7.9906 11.9770 9.3416 11.6828 10.0744 14.0523 9.4452 8.5811 16.7923 24.6999 26.4514 17.4891 14.0405 8.5934 13.3049 7.9986 18.9189 16.7847 8.5503 9.2349 21.3467 14.4701 25.3160 9.2606 28.2254 17.5852 20.0852 4.1950 20.8112 20.5540 11.8986 13.5740 16.2652 20.6659 20.5099 16.8776 10.6025 18.1615 40.0831 36.8410 37.2553 34.5384 36.3469 39.2667 40.0086 34.8830 37.6241 39.2449 38.4756 38.3072 37.2757 41.3048 34.9867 38.8876 39.8472 36.3125 39.6816 36.6748 38.5126 40.3891 40.0120 34.8830 38.4756 36.0271 36.9794 37.5063 36.8067 37.5171
8.2574 11.8527 8.0942 5.3234 12.4843 10.2757 7.6664 8.5002 9.3563 9.7185 6.2361 8.6399 8.4589 3.2443 8.5059 9.2191 7.0579 6.4425 6.9094 9.1957 6.9593 5.2349 6.3866 8.3161 9.0908 0.0000 6.1229 6.4474 10.6434 12.3232 42.1588 42.9434 42.8143 39.8744 41.0037 41.8008 39.8144 38.1758 41.6140 41.6674 39.3684 39.6696 40.8645 41.5217 41.3802 40.7626 41.3822 40.8666 40.8900 43.9346 40.9794 42.1558 46.5269 42.9512 41.2382 41.3858 40.8397 41.4944 39.8643 41.8057 7.8400 5.3968 4.3917 8.2246 10.5060 5.2124 6.2263 12.0823 9.3798 8.6630 9.0477 9.5987 12.0027 5.7264 16.1307 7.6899 7.2259 3.4583 5.2545 5.8408 6.6842 5.6759 6.4361 4.6608 12.6277 7.1889 6.9313 6.4571 9.9572 8.2519 12.1282 18.7468 20.4665 11.8917 9.2924 4.7201 7.7128 6.6691 12.9122 12.4801 5.1785 4.5205 16.7511 9.3468 18.8392 3.9618 21.0695 11.9919 14.9711 6.1767 15.0020 15.1163 6.0496 9.6844 10.9048 15.0017 14.6111 9.7917 8.1659 12.8004 45.9267 42.8969 42.9749 39.9027 42.0149 45.1297 45.6643 40.6574 43.4694 45.1337 44.2401 44.2227 43.0281 47.1147 40.9342 44.6870 45.7403 42.0149 45.3016 42.2966 44.2787 46.1889 45.7367 40.6574 44.2401 41.5597 42.6816 43.4778 42.6486 43.1102
8.0609 8.0354 5.3688 7.3087 8.4019 5.4746 7.8281 6.0139 5.6645 5.4138 5.7185 5.3555 6.9164 4.9478 9.9444 5.6250 3.9214 4.9262 9.4735 6.8015 4.9947 5.8705 4.7107 5.6124 7.1445 6.1229 0.0000 4.8867 6.5830 7.4784 37.1781 38.1740 38.1033 35.1500 36.3138 37.0715 35.1857 33.4512 36.9652 36.8875 34.7500 34.8605 36.1644 36.8659 36.6623 36.0327 36.6178 36.1403 36.1163 39.1917 36.2376 37.2009 41.8088 38.3258 36.4882 36.7092 36.1879 36.8805 35.0849 37.1126 5.0798 8.2006 5.0336 8.7644 8.8939 6.3400 7.1329 7.7462 6.2337 12.3011 5.4828 6.1560 13.6823 8.6284 11.2716 4.7499 5.6764 6.5981 8.7910 5.8297 7.8872 6.8038 4.4115 8.0229 8.8252 7.3733 7.4403 10.4336 6.0995 6.7251 16.4220 21.2553 21.8097 16.4675 13.2428 7.3017 10.0969 3.7386 16.5942 15.5731 8.5467 8.4665 18.1442 11.6049 22.3148 7.4565 26.2521 14.5848 18.7457 5.7142 19.4205 19.4313 9.8172 12.9952 14.9763 18.7905 19.3891 13.7104 10.6193 16.1414 41.1476 38.1870 38.2565 35.1671 37.2558 40.4170 40.9527 35.9739 38.8110 40.2788 39.5457 39.6127 38.2924 42.3520 36.0913 39.8851 41.0275 37.3674 40.5440 37.6083 39.5963 41.3500 40.9872 35.9739 39.5457 36.8432 37.8558 38.5626 37.8477 38.3059
6.0080 6.9703 3.2839 4.8322 7.7410 6.3024 4.8138 8.0290 4.2350 6.1867 5.6260 6.7036 4.3945 5.0708 7.5889 6.7279 5.9652 4.1324 8.1992 4.5948 5.8549 4.4025 5.7599 4.1275 4.6701 6.4474 4.8867 0.0000 6.4678 7.8548 38.3316 39.1725 38.9150 35.9135 37.1771 37.9266 36.0433 34.2041 37.7840 37.6651 35.6187 35.7282 37.0073 37.8437 37.5878 36.8559 37.4798 37.0614 37.0370 40.1753 37.1102 38.1833 42.7301 39.2188 37.3818 37.4135 36.9490 37.7181 36.1455 38.1114 5.4458 7.4757 3.8055 9.6586 10.4861 4.9684 6.5347 6.9797 7.9840 11.7187 7.4247 6.5122 14.1151 7.2655 11.7534 3.9930 4.5083 6.5906 7.4124 3.9089 5.3746 6.3993 4.5354 8.4587 9.3595 8.2268 8.4031 10.3032 6.6555 8.0237 14.7184 21.2539 22.7053 15.4181 11.7224 5.9671 9.9703 4.3539 15.9562 14.5946 7.0062 6.7252 18.4739 10.7140 21.5952 6.0224 25.5164 14.1361 17.3808 2.4699 18.4049 18.1104 8.5433 11.6017 13.7615 17.7926 18.2276 13.2884 8.4071 15.2685 42.1293 38.9919 39.2323 36.1549 38.1620 41.2892 41.8999 36.9014 39.6711 41.1986 40.4861 40.4733 39.2365 43.3292 37.0530 40.9014 41.9773 38.2486 41.5064 38.6600 40.5496 42.3459 41.9454 36.9014 40.4861 37.9082 38.8942 39.5122 38.8823 39.3304
8.3698 3.2766 4.7307 9.4425 2.6658 2.6913 8.9106 10.9678 3.2020 4.2030 8.3320 6.0369 5.8218 9.7438 12.4426 5.9028 9.0416 6.9548 12.7525 4.0693 8.6253 7.8964 6.6879 3.8371 4.4269 10.6434 6.5830 6.4678 0.0000 3.2973 32.9208 33.7631 33.4298 30.4465 31.6590 32.4359 30.5602 28.8508 32.2203 32.2375 30.2309 30.2925 31.5337 32.4847 32.0792 31.4937 31.9497 31.4932 31.5424 34.7200 31.6987 32.6758 37.2548 33.6726 31.8792 31.8638 31.3378 32.1940 30.6944 32.7861 5.4467 10.8413 8.6813 12.4775 9.7144 10.5898 11.4753 3.2097 8.6148 17.1476 9.5151 6.8812 18.8381 12.7317 7.5735 6.7284 6.3346 9.9247 12.9750 7.7042 8.8966 11.1617 8.3703 13.0115 6.8237 11.4708 10.0286 15.6892 7.8504 7.5764 20.0522 26.5125 27.3422 20.5199 17.0386 11.3425 15.0455 7.9421 21.3286 19.5927 11.6416 12.0017 22.9688 16.4139 26.9915 11.6493 31.1069 19.6237 22.8994 6.6789 23.6998 23.7213 14.1766 16.7107 19.2635 23.3470 23.5151 18.8446 13.5178 20.7999 36.6237 33.4804 33.7900 30.9556 32.8566 35.8452 36.5376 31.4296 34.1888 35.7751 35.0381 34.9637 33.7823 37.8650 31.5034 35.4032 36.4425 32.9314 36.2044 33.1971 35.0626 36.8806 36.5681 31.4296 35.0381 32.5379 33.4437 34.0393 33.3209 34.0066
10.6139 4.2565 6.0671 11.3441 3.1836 2.3570 11.0101 10.8924 4.2692 3.7474 9.7334 5.8158 8.2945 10.9669 14.3828 5.9998 9.3788 7.9286 14.6668 6.1580 9.7296 10.1181 7.9710 5.8185 6.7628 12.3232 7.4784 7.8548 3.2973 0.0000 30.9130 31.8302 31.6028 28.6295 29.8865 30.6075 28.7626 26.9835 30.4877 30.3689 28.3303 28.4313 29.6885 30.5844 30.2775 29.5769 30.1847 29.7037 29.6825 32.8470 29.7918 30.8075 35.4132 31.9231 30.0418 30.1478 29.7031 30.4626 28.7398 30.8477 5.7382 12.0853 9.8376 12.6171 9.1918 11.5209 12.2550 3.1505 8.0098 18.0156 8.8534 6.7015 18.9640 13.7989 5.4467 6.8465 7.0135 11.5050 14.6990 8.7900 11.0403 11.7765 8.7145 13.9950 5.2644 11.4985 10.7228 16.8907 7.3699 7.7761 22.0615 27.4218 27.7093 22.1583 18.8589 13.0295 16.0650 8.5257 22.7431 21.2730 13.5079 13.8873 23.7980 17.2577 28.0033 13.0471 32.6945 20.4777 24.6245 8.3755 25.4802 25.4563 15.5716 18.6768 21.0244 24.8386 25.1404 19.8792 15.4638 22.2983 34.7751 31.6736 31.8985 28.8892 30.9019 34.0198 34.6367 29.6175 32.3610 33.8521 33.1780 33.2111 31.8909 36.0032 29.6341 33.5268 34.6499 30.9798 34.2536 31.3657 33.2445 34.9653 34.6460 29.6175 33.1780 30.6393 31.4906 32.1030 31.4719 32.0029
40.6066 32.5586 36.2237 41.9025 31.6544 32.7789 41.2907 39.2643 34.3170 32.8318 40.1681 34.2630 38.1891 40.9133 44.8345 33.5652 38.4309 37.6422 45.3968 35.9260 39.6178 40.6119 36.5523 36.2399 36.5074 42.1588 37.1781 38.3316 32.9208 30.9130 0.0000 2.6458 4.5826 5.1962 4.3589 3.7417 4.8990 5.7375 5.0000 3.8730 5.0000 4.3589 4.1231 4.2177 3.8730 3.7645 4.0000 4.3589 3.3166 3.7417 3.7417 2.8284 5.7892 4.6904 3.6096 5.1962 5.7446 4.7958 3.6056 4.1439 35.2927 41.9457 40.0829 39.1733 34.6918 41.6763 41.7749 31.9951 35.7033 47.7534 37.4117 34.6072 47.0351 44.3695 26.9482 36.4932 36.5216 40.9154 45.2095 39.2609 41.4426 41.2938 38.4212 43.4937 30.3721 39.7615 38.0934 46.6192 35.2800 35.7200 52.8110 56.8576 55.2875 52.8529 49.5597 43.5176 46.1131 38.2033 53.2420 51.8933 43.5007 44.3481 52.8058 47.3520 56.9224 43.1989 62.9072 50.6545 55.1909 38.9294 56.2641 56.1088 45.8223 49.2515 51.7777 55.4846 55.7575 49.8835 45.9745 52.8411 4.8990 4.3044 3.3166 4.5854 3.1623 5.0291 5.0990 4.3589 4.6904 3.8730 4.3589 5.2915 3.6363 6.1644 3.2206 3.7417 5.5678 4.6008 4.5826 3.8730 4.3589 4.5826 4.8990 4.3589 4.3589 3.3682 2.6303 2.8140 3.0482 3.1623
41.4433 33.3781 37.0119 42.6701 32.4552 33.7153 42.1254 40.3897 35.1230 33.6788 41.0840 35.1095 39.0165 41.7546 45.7712 34.3375 39.4818 38.4270 46.3009 36.6952 40.6327 41.4530 37.3225 37.0764 37.2648 42.9434 38.1740 39.1725 33.7631 31.8302 2.6458 0.0000 3.1623 4.6904 3.4641 2.6458 4.1231 5.5398 3.7417 3.1623 4.4721 4.2426 3.4641 2.8607 2.8284 2.8885 3.3166 3.7417 2.8284 1.7321 3.0000 3.3166 4.2055 2.6458 2.7724 4.2426 4.8990 3.4641 3.4641 2.8586 36.0400 42.6487 40.8970 39.9647 35.3886 42.5510 42.6427 32.8589 36.6237 48.6117 38.5012 35.4332 48.0162 45.2333 27.8158 37.3716 37.2922 41.6600 46.0704 40.0593 42.2023 42.1042 39.3916 44.3198 31.1216 40.5839 38.8107 47.4586 36.2417 36.4181 53.6528 58.0358 56.5963 53.6999 50.4201 44.4050 47.1114 39.1759 54.2254 52.9200 44.2996 45.1596 54.0463 48.3447 57.8004 44.0170 63.7124 51.7216 56.1375 39.7383 57.1614 57.0384 46.6674 50.1953 52.6937 56.4688 56.5497 50.8158 46.8358 53.8659 3.6056 2.8795 1.4142 4.2073 2.2361 3.0093 3.3166 3.4641 2.6458 2.8284 2.8284 3.3166 1.7797 4.7958 3.1397 2.2361 4.0000 3.4881 3.1623 2.4495 2.4495 3.4641 3.3166 3.4641 2.8284 2.6615 1.6398 2.3852 2.0717 2.2361
41.1086 32.9505 36.7255 42.3440 32.0651 33.5372 41.7922 40.6144 34.8428 33.5298 40.9322 34.9863 38.5607 41.5899 45.4546 34.3050 39.6384 38.3417 46.0327 36.2388 40.6562 41.1733 37.2857 36.7609 36.8202 42.8143 38.1033 38.9150 33.4298 31.6028 4.5826 3.1623 0.0000 3.4641 3.4641 1.7321 3.3166 5.6431 2.4495 2.0000 4.8990 4.2426 2.8284 4.0974 2.4495 3.3933 2.2361 2.8284 3.4641 2.6458 2.6458 4.3589 4.3029 2.6458 2.9180 3.1623 4.0000 2.8284 4.0000 3.3680 35.9382 42.4394 40.6147 40.0339 35.5774 42.4770 42.6186 32.4887 36.8400 48.5322 38.5340 35.4531 47.9538 45.0951 27.7291 37.2492 37.0304 41.5179 45.7770 39.7913 41.8011 42.0198 39.2741 44.2501 30.9676 40.5637 38.8337 47.4954 36.2709 36.4031 53.2715 58.2197 57.0140 53.4457 50.2249 44.2100 47.2007 39.1623 54.2021 52.7617 44.0462 44.8584 54.2647 48.3516 57.7926 43.7918 63.6154 51.6437 55.9525 39.4403 56.9219 56.8354 46.3638 49.9431 52.4280 56.2930 56.4005 50.8283 46.5377 53.7392 4.1231 1.5139 2.4495 5.4796 3.0000 3.6133 4.1231 2.8284 1.7321 3.4641 3.1623 3.0000 2.1409 4.7958 3.3933 3.3166 4.0000 3.4461 4.4721 3.4641 3.1623 4.6904 4.1231 2.8284 3.1623 4.5571 2.8008 3.2931 3.5060 3.6056
38.0694 29.8957 33.7418 39.3375 29.1234 30.5834 38.7725 37.7948 31.8478 30.5694 37.9658 32.0948 35.5574 38.5955 42.4322 31.3626 36.7053 35.4079 43.0194 33.2315 37.7034 38.1403 34.2447 33.7618 33.8108 39.8744 35.1500 35.9135 30.4465 28.6295 5.1962 4.6904 3.4641 0.0000 2.8284 3.0000 2.2361 3.6687 2.4495 2.4495 3.4641 3.1623 2.4495 4.2642 2.4495 2.7413 2.6458 2.0000 2.8284 5.1962 3.3166 4.5826 7.1074 4.1231 2.5524 2.4495 2.8284 2.8284 3.1623 4.5826 32.9658 39.5298 37.6861 37.2111 32.7676 39.5298 39.7548 29.5499 34.0059 45.6794 35.7369 32.5120 45.2435 42.1723 24.8159 34.2841 34.1255 38.5533 42.7804 36.8378 38.8014 39.1207 36.3819 41.4358 27.9952 37.7896 35.8888 44.5381 33.4487 33.5225 50.2923 55.3235 54.2812 50.4937 47.2368 41.1745 44.2876 36.2352 51.2377 49.7720 41.0266 41.8466 51.4082 45.4095 55.1155 40.7938 60.6683 48.7614 53.0233 36.4308 53.9715 53.8155 43.4228 46.9136 49.4082 53.3816 53.4400 47.9180 43.5532 50.7871 6.7082 3.5060 4.2426 4.9017 4.1231 6.0243 6.7082 2.0000 4.3589 6.0000 5.2915 5.1962 4.3109 7.6811 2.7413 5.7446 6.3246 3.9247 6.7823 4.0000 5.2915 7.2111 6.5574 2.0000 5.2915 4.5571 4.2243 4.7391 4.5046 4.7958
