0.0000 9.2965 18.5595 9.9643 11.1939 11.4464 14.3151 19.3504 16.0720 11.9218 13.7679 8.7161 9.2414 13.4093 9.5193 10.8683 10.1475 9.4531 15.8177 6.9957 18.3401 12.2970 13.3268 9.8451 10.2448 8.9274 11.5736 8.5963 9.4732 11.7874 32.2398 27.4576 28.8363 35.2832 30.4186 34.9841 33.6957 34.9523 32.3845 35.2975 31.4840 30.7441 30.0310 31.6087 31.0394 33.6004 28.3931 32.3628 35.4937 30.5419 33.9078 25.2408 32.3353 34.7873 33.9425 33.2796 31.8595 26.4925 34.1915 33.5531 17.6939 16.4919 18.2682 16.9456 18.1961 17.9877 22.9498 22.6128 16.6122 16.2284 21.1028 21.0752 23.1317 19.4987 20.1839 17.5828 17.3004 21.7521 23.1688 19.5152 13.3660 21.3569 17.9036 18.9693 21.1665 18.1517 17.1129 22.0351 20.3467 17.6438 25.6708 26.2949 20.9754 24.4850 20.4604 21.4891 29.3298 18.7258 21.4111 21.8565 22.6502 20.3857 21.9101 26.8389 28.0926 18.1462 20.4144 22.6872 21.2850 14.6337 26.6888 19.6178 25.4862 27.2449 21.2331 14.0710 20.6693 28.5348 23.9974 26.2219 26.9496 23.1816 22.5412 26.3838 28.5383 26.2886 24.1572 27.6059 31.1434 25.8776 24.9690 30.8769 29.2652 29.9322 28.1100 29.2991 24.5449 27.2565 27.1933 28.7551 25.8799 26.5509 27.7700 30.0146 28.9347 26.7140 27.7063 23.5936 31.0589 30.5246
9.2965 0.0000 14.8530 8.1037 10.2748 8.7816 13.0867 16.3642 13.1502 11.3071 13.5478 13.2263 10.1599 10.1836 8.2414 9.7735 7.2160 8.6902 13.2210 10.1654 14.4818 11.6399 11.9290 8.3529 7.9970 11.3122 9.9068 8.8129 10.8104 10.5514 29.9029 24.0875 25.8770 33.7574 27.2729 33.1554 31.3348 32.3876 29.6197 33.4683 29.2817 28.1034 27.0595 29.3076 28.3428 31.6466 25.1900 29.5865 33.6780 27.9586 31.9362 22.2993 29.9597 32.8601 32.2218 30.8709 29.6136 23.5682 31.7304 31.4463 14.6420 13.5189 15.1515 13.3894 14.6226 14.9020 18.5895 18.7106 13.4895 13.5328 17.4358 17.4677 19.0130 15.4886 16.5383 14.8371 13.3434 18.2775 19.1044 15.6858 10.9285 17.5605 14.9421 15.2913 16.8107 14.4084 13.4145 17.8327 16.8555 15.0597 21.2629 22.9564 17.2689 20.5145 15.8823 17.3382 27.0601 15.3026 16.7591 18.0096 18.5127 16.1333 18.0051 23.5840 24.4465 13.5543 15.8004 18.6498 18.5799 11.3046 22.9496 15.4397 22.2723 23.4786 16.9191 10.9290 16.3454 25.4855 19.7181 22.2592 22.9589 18.8194 19.1091 22.5975 25.4086 22.7590 20.3838 24.5630 27.9709 22.5666 20.8767 28.0228 26.1453 26.6851 24.7549 25.2389 20.8021 23.6971 23.7661 25.1890 21.9189 23.2135 24.6544 26.9667 25.6196 23.0717 24.2437 19.8742 28.2751 27.6361
18.5595 14.8530 0.0000 13.4136 12.0440 10.7659 10.2446 10.1778 6.0089 11.3664 10.8859 18.8885 19.4142 8.0437 13.7452 11.7831 13.2636 12.6353 6.8057 15.9377 5.3621 9.4202 12.9758 13.9022 13.0230 14.3342 12.6690 15.1979 16.7081 14.5145 30.6461 23.3275 25.5606 36.1677 26.7181 35.4845 32.1159 33.1542 30.3659 35.3698 31.4853 28.1229 27.2542 30.4296 28.9762 33.1122 23.8654 29.6462 35.9881 29.2046 34.3934 22.5472 30.5754 34.9057 34.7774 32.4657 31.0611 23.8859 32.5448 32.7876 11.9874 9.5960 9.7712 9.5484 8.9249 8.4990 9.7828 9.9411 10.5789 13.1855 8.8762 9.3058 10.4594 8.9179 9.2925 10.7250 9.3681 9.5647 10.0788 8.6512 14.2602 11.1075 11.1112 9.3069 10.4444 8.3973 9.7360 8.1261 9.7629 14.8341 13.2426 21.5537 16.1456 16.5414 11.7910 11.9491 27.5855 16.4935 9.6781 12.8816 13.4096 12.9009 13.2189 20.7114 20.1256 12.8255 8.8161 11.8433 20.3258 14.2777 18.2229 8.9433 20.4082 19.9403 10.3771 14.0632 6.7888 23.1606 11.7985 19.6337 17.8230 11.8491 17.2826 19.4756 24.4960 20.7375 16.6398 23.4183 25.6859 21.0110 16.1882 26.7287 25.5778 23.6449 23.7589 17.9280 17.5703 20.0289 20.6514 22.2566 17.6151 21.3456 22.2599 26.0973 22.8073 19.2288 21.3872 17.0553 27.1524 26.1280
9.9643 8.1037 13.4136 0.0000 8.4165 6.6330 10.8293 16.1820 12.2396 9.6611 11.1684 12.2416 10.5021 8.5614 7.6343 8.3862 8.1964 9.0471 11.1235 8.3061 12.3904 9.3312 10.6215 9.2286 7.7404 9.9873 10.6181 7.5152 10.5632 11.8062 31.4402 25.9267 27.2231 35.3448 28.8513 35.0900 32.9994 34.2894 31.7909 35.1169 31.0500 29.5035 29.0037 30.8121 30.0899 33.0754 26.3214 31.3648 35.5341 29.7804 33.8798 23.3614 31.3864 34.5974 34.1036 33.0515 31.5735 25.1205 33.5643 33.1811 12.9725 11.4329 12.9924 12.1942 12.7993 12.8446 17.4271 17.2735 11.5284 11.8690 15.9069 15.4118 17.7427 14.2818 15.0665 12.7180 12.0898 16.3280 17.7441 14.4459 10.3783 16.5411 13.1958 12.8098 15.9006 12.3432 12.7240 16.4600 15.0530 14.5972 20.9814 24.0092 17.3009 20.7483 16.6410 17.2618 28.6846 16.7154 17.0322 18.0210 18.5550 17.0032 18.3075 24.0193 25.0638 15.0708 15.5802 17.8869 20.7267 10.8230 23.0452 15.3264 22.9256 24.5102 15.9281 11.0108 15.8213 26.2566 19.0565 23.3750 23.0873 18.4283 18.9318 23.1469 26.3660 23.7947 20.5484 25.5705 28.7757 23.5213 21.0241 28.8960 27.3131 27.0904 26.4414 24.8087 21.2066 24.0849 24.1890 26.0493 22.3237 23.8910 25.0379 28.0962 26.0857 23.4831 24.8309 19.8642 29.1170 28.3208
11.1939 10.2748 12.0440 8.4165 0.0000 6.5493 10.5906 15.0653 10.8089 9.7356 11.1156 9.5684 11.1939 8.2801 9.1515 9.5585 9.6813 10.0860 10.8701 9.8845 11.8598 8.6019 9.2171 10.4475 8.6829 8.9163 9.0616 9.0787 10.2047 12.5127 30.2729 24.3343 26.1846 34.3216 27.5236 33.7940 31.7830 33.0759 30.3960 33.9470 29.4277 28.4014 27.4172 29.6005 28.5906 32.0632 25.2522 30.1260 34.3887 28.4822 32.6433 21.6181 30.2401 33.3543 32.9221 31.6943 30.0961 23.5857 32.3452 31.8841 12.0462 10.3565 12.3087 11.5820 12.7394 11.8235 17.5532 16.6724 11.4317 10.5795 14.9548 15.2435 17.1159 13.8059 14.5840 11.3688 11.6751 15.6264 17.2012 13.4639 10.2347 15.7172 11.8517 13.0426 14.9882 12.3173 11.9714 15.8893 14.2692 13.0309 20.2414 23.0069 17.1347 20.0179 15.1338 16.4465 27.4625 15.1300 16.0588 17.0084 17.8671 15.8870 17.0627 23.2351 24.0147 13.8989 14.4207 17.5153 19.3813 9.9928 22.4176 14.1316 21.8685 23.4148 15.2167 10.2349 14.7162 25.3460 18.1339 22.4170 22.1722 17.8394 17.6228 22.3334 25.4322 22.7929 19.5586 24.4003 28.0018 22.2598 20.3187 28.1277 26.3689 26.4331 24.9902 24.3265 20.0473 23.2136 23.3175 24.9222 21.0826 22.9529 24.1086 26.8726 25.4381 22.5780 23.9580 19.1932 28.3495 27.7482
11.4464 8.7816 10.7659 6.6330 6.5493 0.0000 10.0109 14.4555 9.6945 8.9801 10.7548 12.0747 11.2705 6.6313 7.3790 7.7453 7.9368 8.6527 8.9593 9.7459 10.2531 7.5141 8.3983 9.2893 6.3765 9.1803 9.5619 8.9913 10.4930 12.3893 30.6332 24.6015 26.2479 34.7686 27.7188 34.2847 32.2115 33.2951 30.7813 34.4223 30.3307 28.6498 27.9478 30.0363 29.2066 32.4159 25.2206 30.3595 34.8647 28.7147 33.1764 22.3410 30.5540 33.8144 33.4084 32.1409 30.6534 24.1518 32.6628 32.3642 10.0912 8.6334 10.7330 9.6805 10.2707 10.4603 15.7802 15.3026 9.1060 9.2917 13.9741 13.5762 15.6424 11.8431 13.2937 9.3315 9.7492 14.0506 15.4362 11.9398 8.7738 14.3853 10.5387 11.0659 13.7287 10.1036 10.4433 14.1984 12.3431 11.8339 19.2827 22.7190 15.6486 19.2726 14.4592 15.3371 27.8527 14.9707 15.2809 16.5836 16.6115 15.1703 16.4400 22.9063 23.7920 12.9683 13.1554 15.6524 20.1314 9.3468 21.8406 13.4121 21.6488 23.1983 13.7674 8.8145 13.5019 25.0958 17.1445 21.9867 21.4967 16.5331 17.4517 21.6596 25.0649 22.5102 18.8721 24.2584 27.6056 22.1086 19.4363 27.7750 26.1253 26.0298 25.1895 23.1820 19.7039 22.6580 22.8220 24.7308 20.8943 22.4887 23.7820 26.8983 24.8599 21.9560 23.4709 18.4741 28.0307 27.2195
14.3151 13.0867 10.2446 10.8293 10.5906 10.0109 0.0000 13.8917 9.7024 9.4309 6.3503 14.9967 17.0069 9.4773 10.8121 9.2902 10.1915 11.4656 9.2160 11.0811 10.5794 7.5115 13.4358 11.8309 10.1531 9.2751 11.1920 12.2082 14.5507 10.8570 32.1201 25.9086 27.5789 37.0107 29.0398 36.6634 33.7284 35.0670 32.4028 36.4691 32.6011 29.9328 29.3817 31.8213 30.7047 34.1099 26.1294 31.7786 37.0482 30.8876 35.5216 24.2682 32.1516 36.1429 35.7507 34.1488 32.4486 25.7531 34.3006 34.2445 14.3727 11.4451 12.7841 12.1657 11.5261 11.9476 14.1020 14.7516 12.3339 14.5059 13.8086 13.2861 14.9119 13.2084 12.5944 12.9667 11.9964 13.9227 14.7958 13.0636 13.8689 15.4116 13.1508 11.7680 14.3816 11.3496 13.0603 13.6349 13.6861 17.0324 17.9243 23.9230 17.6884 19.6584 15.2928 15.3854 28.9274 17.0666 14.5201 15.6842 16.5356 14.8746 16.1425 23.3582 23.6064 14.7174 13.5128 15.3208 19.6832 13.7238 21.4560 12.9111 22.7734 23.2605 14.6394 13.1660 12.1708 25.6020 16.4152 22.6465 21.6570 16.1928 19.3407 22.5028 26.7257 23.5611 19.6209 25.8212 28.3626 23.6511 19.6438 28.8894 27.8509 26.2248 26.3107 22.1236 20.5609 23.1044 23.4125 25.2182 20.8986 23.8372 24.7289 28.3830 25.4658 22.4045 24.2706 19.6571 29.1842 28.3413
19.3504 16.3642 10.1778 16.1820 15.0653 14.4555 13.8917 0.0000 8.5095 12.5884 12.8502 19.9275 20.6459 11.7677 15.2503 12.8157 14.3681 12.6625 10.3477 16.8834 11.0356 12.1900 13.7251 12.9211 14.5999 15.7698 12.6585 16.0299 16.3011 12.6619 27.7616 21.7027 22.9115 32.9720 24.3102 33.1496 29.4037 30.4750 28.3389 32.5585 30.1928 24.8789 26.0799 27.9583 27.4360 29.5670 20.9113 26.8658 33.3046 26.6840 31.6643 22.3676 27.7440 32.3160 31.9401 30.3483 28.9645 23.3860 29.3650 30.5549 16.9078 14.6807 15.0454 13.8082 13.3299 13.8365 12.0084 13.3176 15.2561 17.4024 12.7274 13.9991 14.5203 13.0679 13.5447 16.0120 13.8803 14.4683 13.7261 13.5721 17.5650 14.2666 16.2243 13.8668 11.5922 13.5364 13.2909 11.7988 14.8239 17.1847 14.1379 18.2367 16.0331 14.3984 12.4163 11.8620 23.5084 15.8191 9.7740 12.8573 12.2902 11.0804 11.4289 17.1694 17.9959 12.8070 10.4860 12.1862 18.5536 16.1243 15.2250 9.6704 17.1331 15.7880 12.6822 15.3301 8.9635 19.1948 12.0649 17.6094 16.8251 12.8278 17.5285 17.5539 22.0702 18.7700 16.0471 21.0565 22.4282 19.7169 14.7183 23.1477 22.8734 20.1527 22.2767 17.0460 16.2164 17.6594 18.2752 19.9926 17.1995 19.1129 19.6046 23.3466 19.7239 17.0850 18.8821 15.9883 23.5009 22.6531
16.0720 13.1502 6.0089 12.2396 10.8089 9.6945 9.7024 8.5095 0.0000 10.0149 9.4386 16.6408 17.3933 7.3739 12.2357 9.8542 11.2457 9.8611 5.7242 13.7907 7.2174 7.1338 11.1769 10.9339 11.2385 12.1379 10.5451 13.2387 13.5756 11.5851 29.4108 22.5035 24.8304 34.7142 26.1681 34.3136 31.0011 32.5008 29.5926 34.0942 30.5589 26.9382 26.6860 29.3428 28.0694 31.6091 23.1986 28.8109 34.5956 28.1987 33.0532 22.2279 29.5046 33.7685 33.2701 31.4907 29.8477 23.2485 31.5048 31.7070 12.6627 10.5218 10.9487 9.9779 10.1240 9.8886 11.4158 11.7118 11.1162 13.4286 10.8323 11.1261 12.6691 10.3406 10.8372 11.9283 10.0449 11.7693 12.1187 9.9605 13.5259 12.1324 12.1722 10.6163 11.1472 9.9107 9.8204 10.4389 11.2096 14.1137 14.8530 21.0254 15.6533 16.4543 11.9173 12.4331 26.2796 14.9656 10.3330 13.0438 13.7525 12.2898 13.0247 20.0286 20.3794 11.4969 10.2451 12.9880 18.6617 13.5957 18.1524 9.4703 19.7225 19.5023 11.5575 12.2108 8.3033 22.4976 13.2996 19.5256 18.8021 13.2446 17.3766 19.7652 24.2520 20.5450 16.9262 22.9895 25.6081 20.8508 16.5110 26.1479 25.2746 23.4706 23.3101 19.5484 17.7458 20.1565 20.4811 22.2970 18.0127 21.1588 21.9555 25.7453 22.7162 19.4439 21.3825 17.4766 26.5364 25.7485
11.9218 11.3071 11.3664 9.6611 9.7356 8.9801 9.4309 12.5884 10.0149 0.0000 8.4053 13.5817 14.9213 9.9218 8.4900 7.4429 9.6609 7.3688 8.4000 8.5364 11.5258 7.1378 9.4272 8.5848 8.7884 8.3223 9.2429 8.9103 11.5072 10.0643 32.2076 26.4400 28.0838 36.8623 29.3714 36.6492 33.8264 35.3106 32.6835 36.4344 32.2900 30.1818 29.7176 31.8818 30.6761 34.1945 26.6351 32.0235 37.0211 31.0701 35.3965 24.0406 32.2779 36.0856 35.6287 34.3000 32.5227 25.6775 34.5592 34.2430 14.2959 11.5903 13.7057 12.5415 11.9546 12.6948 15.8761 15.9613 12.7668 13.3501 14.7210 13.8160 16.1109 14.4393 13.9627 13.4419 12.7615 15.0050 16.3455 14.4696 12.9771 16.7277 13.9190 12.6120 15.3864 12.1257 13.3708 15.4121 14.6486 17.0342 19.6213 24.5636 18.8261 20.6265 16.4016 17.1630 29.0434 17.3038 15.6255 17.0281 17.7401 16.1599 17.3966 24.2051 24.5623 15.9444 14.8656 17.0613 20.8138 13.1337 22.6297 14.4224 23.5076 24.1369 16.0066 13.3479 13.2457 26.2508 17.9540 23.8988 22.5663 17.5336 19.4431 23.3307 27.3253 24.2062 20.6189 26.3088 28.9897 24.2403 20.6893 29.4973 28.2072 26.9538 26.8188 23.4666 21.3977 24.0470 24.2534 25.9373 21.5579 24.5991 25.4422 28.7008 26.1825 23.2893 24.8588 20.2963 29.7244 28.9400
13.7679 13.5478 10.8859 11.1684 11.1156 10.7548 6.3503 12.8502 9.4386 8.4053 0.0000 14.9318 16.8051 10.0400 10.5544 8.4707 10.7069 10.1123 8.9449 10.1705 11.4792 6.4773 13.1735 11.2542 10.3678 9.0402 10.4955 11.4935 13.6167 9.6484 32.7610 26.5458 28.3015 37.7228 29.7028 37.3870 34.3525 35.7548 32.9426 37.1190 33.2225 30.5052 30.0428 32.5540 31.2819 34.8325 26.8306 32.3148 37.6843 31.5783 36.1837 24.8716 32.7648 36.8627 36.4377 34.7961 33.1241 26.2895 34.9065 34.8851 15.4349 12.1471 13.5132 12.7892 12.1698 12.8211 14.6376 15.4527 13.2843 15.2552 14.1400 13.6136 15.4729 14.0703 13.0830 13.9923 13.0793 14.5499 15.5377 14.0873 14.5426 16.1378 14.4694 12.6133 15.1772 12.1300 13.8402 14.5123 14.6100 17.7903 18.4074 24.6427 18.8156 20.2199 16.4513 16.2438 29.4602 18.1806 15.1102 16.2358 17.5994 15.8339 17.0616 23.8733 24.0461 16.2256 14.4791 16.4472 20.2078 14.8149 22.0155 13.6349 23.4086 23.7397 15.9367 14.3317 12.7622 26.1449 17.3199 23.5453 22.3095 17.0441 20.3547 23.3277 27.4987 24.2376 20.6414 26.5651 28.8828 24.5367 20.3864 29.5983 28.5498 26.9130 27.0177 22.6238 21.4237 23.8642 24.2322 25.8465 21.6204 24.6859 25.5245 29.0654 26.1224 23.1242 24.9229 20.4079 29.8429 28.9303
8.7161 13.2263 18.8885 12.2416 9.5684 12.0747 14.9967 19.9275 16.6408 13.5817 14.9318 0.0000 9.4333 14.2022 11.5811 12.8486 12.6402 12.6273 16.6563 10.0308 18.6891 12.8304 12.9095 12.2261 11.7268 9.7728 12.3407 10.9063 10.3404 14.5677 31.8509 27.1094 28.4829 34.7676 30.0267 34.3460 33.3321 34.3821 31.9881 34.7194 30.8095 30.3570 29.5153 31.2299 30.8356 33.0997 28.1331 31.9895 34.8680 29.7603 33.2812 24.7643 31.9039 34.1150 33.3819 32.6945 31.2983 26.2373 33.5915 33.1137 17.2989 16.3687 18.5144 17.4689 18.7845 18.1917 23.7736 22.8852 16.7150 15.6303 21.3509 21.7295 23.5874 19.8870 20.8640 16.9475 17.6515 21.9106 23.5087 19.5609 13.6801 21.4594 17.4650 19.5064 21.1005 18.6777 17.2664 22.4101 20.4815 16.3981 25.9249 25.8024 20.7291 24.3238 20.2825 21.5255 29.0331 18.6147 21.7683 22.1557 22.5999 20.4114 21.9688 26.7013 28.1034 18.1684 20.3597 22.7382 21.4329 14.0473 26.7496 19.6899 24.9053 27.0926 20.9573 13.7296 21.0577 28.2992 23.9860 25.8411 26.8501 23.6271 21.9285 26.1953 27.8995 26.1715 24.0816 27.2466 30.8238 25.6043 24.9579 30.5600 28.7507 29.9127 27.9209 29.4418 24.3723 27.0686 27.0644 28.5196 26.0399 26.1085 27.3027 29.5148 28.8266 26.4870 27.5873 23.4716 30.6229 30.2636
9.2414 10.1599 19.4142 10.5021 11.1939 11.2705 17.0069 20.6459 17.3933 14.9213 16.8051 9.4333 0.0000 13.4932 10.2195 12.7303 11.0152 12.3908 17.4267 11.5081 18.6043 14.1450 13.7263 11.7085 10.4892 12.0710 12.4025 10.4539 10.3899 15.1709 30.4761 25.6809 27.0687 33.0679 28.4687 32.2852 31.8412 32.6068 30.1362 32.9249 28.8181 29.1776 27.7032 29.5089 29.1662 31.8017 27.0421 30.4831 33.0629 28.0426 31.3191 23.2089 30.4127 32.1827 31.5883 30.7591 29.5689 24.5272 32.0980 31.3007 16.4695 16.1376 17.8683 16.6351 18.5878 18.1184 23.7140 23.1718 15.4607 14.5779 21.2192 21.8633 23.5866 19.0269 20.6916 16.3285 16.9800 22.0322 23.3245 19.3957 11.7991 20.7958 17.2667 19.2877 20.7417 18.2190 16.6394 22.0203 20.3258 15.0948 25.6303 24.6328 19.4535 23.6302 19.6264 20.7103 27.6417 17.1185 21.3763 21.7404 21.9843 19.9240 21.4932 26.0898 27.2229 16.9695 19.9033 22.2489 20.4552 12.4709 26.4508 19.2833 24.1191 26.4160 20.5899 12.1584 20.9429 27.7105 23.7848 24.6842 26.0567 23.0149 20.9850 25.1330 26.5239 24.8441 23.1109 25.9668 29.8295 24.0658 24.3147 29.5405 27.2677 29.2590 26.3214 29.2432 23.2246 26.3975 26.2061 27.4033 25.1569 24.9017 26.5132 28.1410 27.9015 25.7176 26.5962 22.3042 29.6558 29.2821
13.4093 10.1836 8.0437 8.5614 8.2801 6.6313 9.4773 11.7677 7.3739 9.9218 10.0400 14.2022 13.4932 0.0000 9.1818 8.4303 8.9568 9.0984 8.1398 11.9511 7.8116 7.8184 11.1443 10.2236 8.7772 10.8864 8.9382 10.4169 12.1518 12.0189 28.8082 22.0366 23.9922 33.3695 25.3882 32.7069 30.2693 31.2637 28.5834 32.8631 28.8963 26.6035 25.7616 28.1784 27.2006 30.8319 22.8784 28.2081 33.4274 27.0213 31.6854 20.5741 28.6792 32.2226 31.9782 30.2806 28.9126 22.1716 30.7282 30.6246 10.7991 8.5281 9.3859 8.6666 9.8181 9.1005 13.4076 13.1257 8.7423 10.3513 11.3021 12.2263 13.5245 9.8069 10.9528 9.6283 8.6490 12.2649 13.1880 9.9978 10.5781 12.0767 10.1949 10.3553 11.5480 9.0689 9.1479 11.2146 11.4718 11.9212 16.2808 20.3426 14.5587 16.8365 12.0801 12.1569 25.5608 13.4368 11.9393 13.3121 14.1981 12.4324 13.1013 20.2302 20.6380 10.4065 10.1416 13.3031 17.7115 10.3810 18.9691 9.9195 19.3572 20.0928 11.7270 9.8299 10.3032 22.6399 14.2099 19.1453 18.7433 13.4886 15.8929 19.2078 23.1636 19.9537 16.2437 21.9318 25.2421 19.5630 16.9069 25.6319 24.1724 23.4471 22.6433 20.4796 16.9605 20.0346 20.2897 22.0582 17.9961 20.2445 21.5661 24.7579 22.4642 19.3943 21.0017 16.1595 26.0370 25.1626
9.5193 8.2414 13.7452 7.6343 9.1515 7.3790 10.8121 15.2503 12.2357 8.4900 10.5544 11.5811 10.2195 9.1818 0.0000 5.9426 6.7252 8.2357 11.6044 7.9515 13.1128 8.7260 10.6917 7.6717 6.3527 7.5732 9.0670 6.7297 9.4909 10.8894 31.6583 26.0961 27.5874 35.6065 28.9201 35.3046 33.2905 34.1982 31.8911 35.2592 31.3406 29.8869 29.2303 31.0116 30.4493 33.3480 26.5864 31.6344 35.8942 29.9997 34.2107 23.8421 31.7337 34.6768 34.3741 33.3012 31.7181 25.4337 33.8405 33.4241 13.9032 11.6802 13.8871 12.5588 12.6617 13.3221 18.0873 18.2393 11.7190 12.4812 16.3909 16.2808 18.0239 14.6168 15.4805 12.6548 12.8285 16.6644 17.7987 15.2740 10.6208 17.0635 13.5345 14.1629 16.5507 12.9373 13.5980 16.6884 15.5417 15.3827 21.1772 23.9031 17.0945 20.9890 16.6252 16.7530 28.0933 15.9355 17.3948 18.0194 17.7590 15.9364 17.6968 24.3900 25.1426 14.9169 15.5861 17.0548 20.1093 11.1826 23.4173 15.2517 23.0025 24.5940 16.4181 10.6228 15.4509 26.2365 19.2080 23.1923 23.2362 18.5630 19.4578 23.1850 26.3877 24.0278 20.5671 25.8276 28.8467 23.6503 21.3615 29.0124 27.3862 27.3069 26.5791 24.7280 21.2790 24.3641 24.3179 26.0655 22.6187 23.9338 25.3507 28.2067 26.1986 23.3881 24.9656 20.1228 29.2609 28.4516
10.8683 9.7735 11.7831 8.3862 9.5585 7.7453 9.2902 12.8157 9.8542 7.4429 8.4707 12.8486 12.7303 8.4303 5.9426 0.0000 7.0595 6.6487 9.3199 7.9019 11.6742 7.1435 10.5112 7.3370 6.5577 7.4431 8.8608 7.6383 10.5136 9.5209 31.9095 25.9236 27.4242 36.1248 28.8378 35.8394 33.5250 34.5017 32.1756 35.6665 32.0799 29.7586 29.4842 31.3332 30.6820 33.6103 26.3012 31.5545 36.3766 30.2773 34.7319 24.2417 31.7735 35.2460 34.9404 33.7399 32.1052 25.6889 33.9069 33.7612 13.9358 11.2581 12.8500 11.9000 11.4846 12.3179 16.2038 16.6694 11.5902 13.5211 14.8320 14.6851 16.5797 13.3976 14.1450 12.4605 12.2849 15.2550 16.0285 14.0508 12.0172 15.9757 13.4587 13.0491 15.3169 11.9501 13.2009 14.8965 14.5327 15.6955 19.5540 23.4322 16.4930 20.0469 15.8200 15.6270 28.1008 15.9560 16.2242 16.7433 16.7041 14.8129 16.5046 23.5396 24.3082 14.6790 14.3377 15.3885 20.0097 12.5166 22.2396 13.8006 22.6117 23.6308 15.1950 10.7951 13.4207 25.4955 17.8577 22.5276 22.2874 17.2838 19.4997 22.5442 26.0645 23.6081 19.9367 25.5163 28.2620 23.4192 20.4576 28.4804 27.3063 26.5656 26.4395 23.2971 20.6539 23.5452 23.6713 25.5085 21.8420 23.5022 24.7353 27.9454 25.5069 22.7437 24.3083 19.6118 28.8459 27.8684
10.1475 7.2160 13.2636 8.1964 9.6813 7.9368 10.1915 14.3681 11.2457 9.6609 10.7069 12.6402 11.0152 8.9568 6.7252 7.0595 0.0000 8.0467 11.0322 8.9216 12.8227 8.6909 11.3985 7.2404 7.1746 8.5199 8.9951 8.8996 10.1718 8.8236 29.7829 23.9517 25.4888 33.8074 27.0128 33.3468 31.2667 32.2080 29.7131 33.4921 29.7683 27.7692 27.1533 29.3098 28.5890 31.5067 24.7148 29.4382 33.8135 27.9551 32.2094 22.7317 29.7656 32.8978 32.4290 31.0054 29.7057 23.7415 31.6526 31.5023 14.0587 12.1636 13.9278 12.3228 13.2102 13.5726 16.8840 17.5045 11.9872 13.6930 15.9118 16.1557 17.8547 13.9868 15.1166 13.3091 12.3226 16.7778 17.3225 14.4427 10.8690 16.1487 13.9147 14.1015 15.6644 12.9912 12.5260 15.9945 15.4254 14.5137 19.6879 22.1015 15.7670 19.4804 15.0333 15.5392 26.4024 14.8294 15.4087 16.6548 16.3115 14.6018 16.4345 22.6227 23.3196 12.8594 14.4621 16.3837 17.5939 11.3235 21.7138 13.5956 21.3357 22.4328 15.4052 9.8340 14.2861 24.5109 18.2901 21.1684 21.9168 17.4905 18.9511 21.6777 24.8379 22.0484 19.3410 24.1785 27.1863 22.0482 19.7656 27.2964 25.7708 25.8376 24.4528 23.8049 19.9687 22.8018 22.7336 24.4420 21.3413 22.4094 23.7922 26.6576 24.6100 21.9399 23.5183 19.1617 27.5274 26.9122
9.4531 8.6902 12.6353 9.0471 10.0860 8.6527 11.4656 12.6625 9.8611 7.3688 10.1123 12.6273 12.3908 9.0984 8.2357 6.6487 8.0467 0.0000 9.5802 7.7938 12.7623 8.2265 9.8603 6.2415 8.0100 8.9034 8.5918 7.3582 8.8861 8.7575 31.1020 25.0311 26.8535 35.3195 28.3171 34.9067 32.6112 33.8330 31.0927 34.9454 31.1038 28.9718 28.4136 30.6911 29.7197 32.8582 25.8037 30.7248 35.3454 29.3642 33.6666 23.5410 31.0940 34.5089 33.9426 32.5832 31.0811 24.8862 32.9396 32.9008 14.7128 12.8515 14.3438 13.0123 13.4603 13.8927 17.2403 17.3131 13.2777 14.0507 15.9060 15.8436 17.6548 14.8270 15.4593 14.5440 13.3314 16.7610 17.6314 14.8327 12.4909 16.7971 14.7869 14.3611 16.0066 13.6620 13.2596 16.5469 15.9025 15.7446 20.1940 23.3164 17.3659 20.0658 15.9360 16.7381 27.5905 15.9943 15.9408 17.2057 17.8874 15.4932 17.3820 23.3219 24.1732 14.4666 15.1358 17.4190 19.5908 12.5129 22.2328 14.3282 22.4366 23.2154 16.0664 11.7296 14.5256 25.4121 18.6911 22.5300 22.7527 18.2362 19.5059 22.9099 26.1115 23.3973 20.5459 25.2985 28.2178 23.4121 20.6936 28.4714 27.1289 26.6918 25.8186 24.2185 21.0368 23.6978 23.9218 25.4618 21.9612 23.7184 24.8423 27.7867 25.7533 23.0365 24.5053 20.1749 28.7720 27.9323
15.8177 13.2210 6.8057 11.1235 10.8701 8.9593 9.2160 10.3477 5.7242 8.4000 8.9449 16.6563 17.4267 8.1398 11.6044 9.3199 11.0322 9.5802 0.0000 12.8022 7.1391 6.9072 10.2747 10.7803 10.8285 11.4409 11.5627 12.8551 13.7107 11.6353 31.5889 24.8282 26.7216 36.6615 28.2606 36.2339 33.1649 34.3383 31.6622 36.1683 32.3750 29.1495 28.7544 31.4478 30.2159 33.7107 25.1489 30.9005 36.6948 30.0142 35.0450 23.7824 31.6228 35.7108 35.3327 33.4850 32.1184 25.3369 33.5159 33.8186 12.2856 10.3307 11.0308 10.1722 9.5648 10.2615 11.7839 12.0162 10.8987 13.2685 11.7208 10.7238 12.9215 11.0853 11.4454 11.6510 10.3277 11.7541 12.7189 10.6776 13.4552 12.9495 12.0263 9.7926 12.2247 9.3363 10.2843 11.5733 11.1604 15.0048 16.0827 22.8860 16.6302 17.9960 13.7235 14.2520 28.6098 16.9084 12.4937 14.9608 15.4657 14.4310 15.3587 22.0424 22.3879 14.1767 11.7220 14.1970 20.9196 13.7544 19.8782 11.4030 21.6427 21.7682 12.0372 13.0232 9.7674 24.4529 14.4332 21.4968 20.1762 14.4876 18.4260 21.2171 25.6055 22.4510 18.6402 24.8153 27.0910 22.8120 17.9843 27.8432 26.6996 25.1788 25.5974 20.2534 19.5849 21.7347 22.3869 24.2597 20.0097 22.8203 23.6109 27.5048 24.3317 21.0612 23.0494 18.4664 28.2270 27.0468
6.9957 10.1654 15.9377 8.3061 9.8845 9.7459 11.0811 16.8834 13.7907 8.5364 10.1705 10.0308 11.5081 11.9511 7.9515 7.9019 8.9216 7.7938 12.8022 0.0000 15.9614 9.6732 11.3131 8.7952 8.7402 6.9201 10.0937 6.9188 9.0516 9.9026 33.0764 27.9994 29.2504 36.7226 30.9261 36.6302 34.6980 36.2271 33.6125 36.6389 32.9420 31.1674 30.9428 32.6259 31.9001 34.5073 28.3464 33.1147 36.9613 31.5605 35.4566 25.7384 33.0483 36.3743 35.4988 34.7255 33.0020 27.1441 35.1490 34.7570 16.5581 14.4538 16.6498 15.4589 15.6245 16.0392 20.1536 20.2775 15.2015 15.3185 18.8866 18.2971 20.6540 17.8029 17.8808 16.1070 15.6723 19.2704 20.7159 17.7380 13.3453 19.8403 16.5790 16.4686 19.1136 15.9552 16.1323 19.7384 18.2618 17.8259 23.6459 26.1788 20.1543 23.2365 19.4955 20.2968 30.0057 18.8572 19.6946 20.4434 21.0894 18.9904 20.6467 26.2007 27.3992 17.9939 18.7382 20.6186 21.6039 13.9869 25.4527 17.7958 25.1856 26.6805 19.5026 13.6827 18.1895 28.1520 21.9764 25.9256 25.8034 21.4852 21.8731 25.8349 28.6291 26.1815 23.4326 27.8317 30.9039 26.0935 23.6765 30.8617 29.6090 29.2543 28.5313 27.3764 23.9681 26.4636 26.5958 28.3354 24.8885 26.3588 27.2705 30.2195 28.3218 25.8797 27.1246 22.8555 31.0390 30.3647
18.3401 14.4818 5.3621 12.3904 11.8598 10.2531 10.5794 11.0356 7.2174 11.5258 11.4792 18.6891 18.6043 7.8116 13.1128 11.6742 12.8227 12.7623 7.1391 15.9614 0.0000 9.7405 12.9332 13.3853 12.6674 14.2483 13.1002 14.8654 16.1000 14.7543 30.1934 23.2690 25.2026 35.5298 26.3473 35.0843 31.7399 32.7534 30.3131 34.7740 30.8222 27.8035 27.1625 29.7865 28.7059 32.4665 23.4911 29.5461 35.6037 28.8280 33.8544 22.0193 30.2009 34.2139 34.2913 32.3154 30.8238 23.6818 32.2889 32.4698 11.6434 9.8183 9.7122 9.6867 9.1817 8.9934 10.5912 10.5143 9.7371 12.5340 9.6021 10.2205 10.8841 9.1367 10.0954 10.4526 9.3809 9.9827 10.5003 9.1911 13.7242 11.2153 10.6524 9.1198 10.0326 8.1840 9.7161 8.5264 10.3292 14.5173 13.7027 21.0115 15.0813 16.0960 11.2545 11.2442 26.9814 15.3276 10.4270 12.6995 12.9824 11.8844 12.4968 20.3509 20.1680 12.1563 8.7218 11.2844 19.8716 12.7479 17.9828 9.3403 19.8820 19.7540 9.0437 12.9893 7.6966 22.8014 11.4659 19.1612 17.6923 11.9053 16.2636 18.9728 23.8876 20.5996 16.0980 23.0569 25.3374 20.5679 16.0946 26.2715 24.9741 23.1640 23.7664 17.8668 16.9987 19.7826 20.2372 21.9945 17.3992 20.7530 21.7550 25.5649 22.4266 18.8735 21.0747 16.1445 26.7195 25.6321
12.2970 11.6399 9.4202 9.3312 8.6019 7.5141 7.5115 12.1900 7.1338 7.1378 6.4773 12.8304 14.1450 7.8184 8.7260 7.1435 8.6909 8.2265 6.9072 9.6732 9.7405 0.0000 9.9009 9.1735 8.4937 7.6591 9.3850 9.9350 11.4709 10.1989 30.8966 24.8455 26.6663 35.6962 28.1322 35.3501 32.5600 33.9941 31.2761 35.2038 31.3179 28.8032 28.2328 30.6618 29.6150 32.9768 25.3478 30.6604 35.6289 29.6304 34.1557 23.2668 31.0060 34.8068 34.3241 32.8151 31.1228 24.5232 33.2247 32.9084 12.3221 9.8739 11.4545 10.5590 10.6450 10.6278 14.3898 14.4454 10.4196 12.2870 13.0916 12.6791 14.9726 12.0615 12.4343 11.0851 10.8694 13.4306 14.6039 12.0333 11.3630 14.3188 11.9035 11.1967 13.8691 10.4684 11.0538 13.3458 12.5476 14.4115 18.0163 23.1428 16.6894 19.0961 14.6318 14.9617 27.8755 15.9093 13.8135 15.5026 15.8265 14.7501 15.8145 22.6815 23.0737 13.6473 12.9632 15.1328 19.5520 12.1973 21.2778 12.3722 21.9638 22.7093 13.9607 11.1327 11.8133 24.9799 16.5189 22.1474 21.3092 16.0446 18.4410 21.9573 25.9444 22.5918 18.9834 24.9479 27.8294 22.6730 19.1041 28.2382 26.9861 25.9250 25.2796 22.4665 19.9954 22.6915 22.7565 24.6433 20.5040 23.0581 23.9644 27.6322 24.8922 21.8393 23.6338 19.1801 28.4165 27.7997
13.3268 11.9290 12.9758 10.6215 9.2171 8.3983 13.4358 13.7251 11.1769 9.4272 13.1735 12.9095 13.7263 11.1443 10.6917 10.5112 11.3985 9.8603 10.2747 11.3131 12.9332 9.9009 0.0000 9.7279 9.9659 11.3463 11.5176 10.6910 10.2914 13.1934 30.8761 25.6160 26.8129 34.9054 28.4950 34.7728 32.5578 33.9475 31.5276 34.7802 31.0317 28.7208 28.7895 30.6278 29.9002 32.3271 25.5794 30.7651 35.0112 28.9729 33.4548 23.6103 30.8000 34.3488 33.5976 32.6553 31.0494 25.3154 32.7778 32.8575 12.9625 12.0537 14.7489 12.9784 12.7826 13.5596 17.2666 16.6799 12.8780 12.2414 16.4059 15.3681 17.9871 14.8832 15.9319 12.8861 12.7465 16.2421 17.7624 14.7705 11.7450 16.9967 13.7553 13.3953 14.9511 13.1741 12.6370 16.7971 14.8580 14.0890 20.7800 23.2505 17.5309 19.8469 15.9504 17.6200 28.1506 16.8382 16.2222 18.3764 17.6936 16.6176 17.9051 23.3346 24.7261 14.9712 15.2477 17.5874 21.7651 11.3378 22.4106 15.5759 22.1483 23.5991 15.5959 11.5924 15.3218 25.4292 18.4746 23.2912 22.7519 18.4951 18.5968 22.8274 25.8358 23.5358 20.5817 25.1860 28.0689 23.6322 20.1379 28.2057 26.8026 26.4309 26.1885 24.1975 21.1493 23.3255 23.6601 25.6321 22.2647 23.5373 24.0892 27.5943 25.4276 22.8071 24.2262 20.0710 28.1864 27.6795
9.8451 8.3529 13.9022 9.2286 10.4475 9.2893 11.8309 12.9211 10.9339 8.5848 11.2542 12.2261 11.7085 10.2236 7.6717 7.3370 7.2404 6.2415 10.7803 8.7952 13.3853 9.1735 9.7279 0.0000 7.9944 9.3753 9.2202 8.4655 8.8824 8.2456 30.2430 24.7503 26.0741 34.2594 27.6066 34.1100 31.8687 32.7146 30.4605 34.0308 30.4649 28.1893 28.1669 29.9331 29.4230 31.7523 25.0081 30.0401 34.4945 28.3381 32.7849 23.2914 30.3349 33.4567 32.9954 31.8606 30.5466 24.7551 32.0492 32.3700 14.9522 13.5317 15.2709 13.4946 13.6541 14.7250 17.6388 17.8015 13.2875 14.4339 16.7588 16.7059 18.4427 15.3205 16.3236 14.8441 13.6589 17.5034 18.1914 15.7067 12.0852 17.2727 15.2444 14.5827 15.9943 14.0051 13.3349 17.0382 16.3376 15.3874 20.6033 22.1841 16.2106 19.4774 15.6356 16.2572 26.5634 15.2230 16.0861 17.3246 16.9674 14.6324 16.8516 22.5884 23.9277 13.4392 15.1603 16.8036 19.0813 11.8730 21.6071 14.6759 21.1911 22.4439 15.6801 10.5228 15.1038 24.2575 18.5695 21.6368 22.4478 18.2191 19.0616 22.0605 25.0176 22.8832 20.0244 24.5765 27.2302 22.9764 20.0916 27.3694 25.9339 25.8170 25.5525 23.9010 20.5422 23.0529 23.1755 24.9424 22.0666 22.7822 23.9568 26.9546 24.8629 22.2460 23.8246 19.4606 27.5004 26.7289
10.2448 7.9970 13.0230 7.7404 8.6829 6.3765 10.1531 14.5999 11.2385 8.7884 10.3678 11.7268 10.4892 8.7772 6.3527 6.5577 7.1746 8.0100 10.8285 8.7402 12.6674 8.4937 9.9659 7.9944 0.0000 7.7409 8.2982 8.4983 10.2677 9.9808 30.7817 24.7306 26.3367 34.6730 27.8057 34.0813 32.2392 33.1732 30.6420 34.2587 30.3995 28.7505 27.9673 30.1067 29.3275 32.4298 25.5753 30.2903 34.6973 28.7079 32.9992 22.8899 30.5684 33.7390 33.3008 32.0089 30.5801 24.3100 32.4857 32.2895 12.8400 10.7995 12.9587 11.1350 11.9683 12.6304 17.1769 17.2714 11.0621 11.6886 15.7499 15.5430 17.4143 13.5363 14.5259 11.6642 11.4904 16.0249 17.1255 13.9566 9.5853 16.2207 12.9184 13.3693 15.3797 11.9481 12.2574 15.7640 14.8044 13.7519 20.2621 22.7873 16.8551 20.0217 15.5350 16.1750 27.4330 15.3807 16.3463 17.1507 17.6616 15.3376 17.1074 23.3211 24.2601 13.8972 14.5646 16.8434 18.9388 10.8848 22.5352 14.1720 22.0926 23.3156 15.8836 10.0514 14.4288 25.2940 18.5848 22.2990 22.3279 17.7737 18.8923 22.1992 25.1987 22.8768 19.8528 24.5421 27.7442 22.5477 20.4103 27.9034 26.2508 26.4669 25.3401 24.1081 20.3692 23.2432 23.5108 25.1181 21.7811 22.8970 24.3675 26.9867 25.3066 22.7019 23.9260 19.1185 28.2154 27.3086
8.9274 11.3122 14.3342 9.9873 8.9163 9.1803 9.2751 15.7698 12.1379 8.3223 9.0402 9.7728 12.0710 10.8864 7.5732 7.4431 8.5199 8.9034 11.4409 6.9201 14.2483 7.6591 11.3463 9.3753 7.7409 0.0000 9.2935 9.1822 9.8640 9.8814 32.2259 26.7394 28.3858 36.1674 29.8079 35.8797 33.8399 35.1738 32.6508 35.9146 32.0802 30.4690 29.8248 31.7009 30.9078 33.9205 27.4340 32.2465 36.3817 30.8561 34.8066 24.7494 32.3424 35.4619 34.8680 33.8916 32.1658 26.1023 34.5039 33.8698 15.1817 13.0031 14.8446 13.8025 14.4710 14.2195 19.0167 19.0616 13.6165 14.2528 17.3388 17.2037 19.1864 16.0330 16.3707 14.0300 14.4051 17.6564 18.9104 15.9844 12.3027 17.9906 14.7439 15.5606 17.8212 14.4577 14.7741 17.8698 16.5208 16.4256 22.0915 25.1917 19.2360 22.3278 17.8412 18.4549 29.0761 17.2458 18.3474 18.9149 19.4521 17.5916 18.9762 25.3253 26.1578 16.5585 17.0451 18.9919 20.2135 13.4134 24.4379 16.1244 24.2918 25.5754 17.8755 12.4429 16.1693 27.2753 20.4796 24.6589 24.4198 19.8362 20.7690 24.5041 27.6590 24.9581 21.7709 26.7465 30.0311 24.6006 22.5140 30.0214 28.6272 28.3274 27.2621 26.0911 22.5423 25.3736 25.3767 27.1531 23.4785 25.1651 26.2970 29.2235 27.3350 24.6443 26.0243 21.6246 30.2882 29.6300
11.5736 9.9068 12.6690 10.6181 9.0616 9.5619 11.1920 12.6585 10.5451 9.2429 10.4955 12.3407 12.4025 8.9382 9.0670 8.8608 8.9951 8.5918 11.5627 10.0937 13.1002 9.3850 11.5176 9.2202 8.2982 9.2935 0.0000 9.1973 10.9641 9.4664 28.4837 22.4842 24.5666 32.8917 25.6995 32.2401 29.9894 31.5162 28.4823 32.2337 28.0314 26.6183 25.4041 27.8620 26.4653 30.5255 23.6728 28.2522 32.7819 27.3579 31.1629 20.4049 28.4700 32.0102 31.4358 29.9431 27.9295 21.3634 30.8015 29.9614 14.9116 11.9292 13.7524 12.5986 13.7493 12.6589 17.2426 17.3198 13.1907 13.2260 14.7740 16.0208 17.2431 14.3166 14.2874 13.9632 13.0477 16.5172 17.2349 14.2714 11.6585 16.2241 14.2454 14.7904 15.3005 13.5083 13.1635 15.6341 15.9418 15.0938 19.4556 21.5674 17.6416 19.2723 14.9839 15.5701 24.8209 13.2812 14.5326 15.4393 16.7221 13.9201 15.4235 21.8854 22.0341 12.6274 14.1206 17.0676 15.9755 12.1723 21.2249 12.2300 20.7570 21.5951 16.7660 11.7199 12.8062 23.8469 17.8708 21.2570 21.1783 16.9035 17.6270 21.4956 24.8739 21.2353 18.5117 23.1590 26.8944 20.7703 19.6518 26.9688 25.6236 25.1246 22.7617 23.8061 18.6841 22.3113 22.0106 23.0605 19.2045 22.1038 23.3780 25.6690 24.2149 21.4787 22.7998 18.7497 27.3415 26.9728
8.5963 8.8129 15.1979 7.5152 9.0787 8.9913 12.2082 16.0299 13.2387 8.9103 11.4935 10.9063 10.4539 10.4169 6.7297 7.6383 8.8996 7.3582 12.8551 6.9188 14.8654 9.9350 10.6910 8.4655 8.4983 9.1822 9.1973 0.0000 9.3257 11.3926 32.1181 26.8054 28.4206 36.0793 29.7016 35.8106 33.7646 35.1668 32.5146 35.6721 31.3251 30.4278 29.6114 31.4652 30.5917 33.8010 27.4015 32.3357 36.1926 30.7203 34.5791 23.7788 32.2109 35.2956 34.7953 33.8516 31.9521 25.5232 34.4657 33.8085 15.5357 13.2086 15.5067 14.4287 14.5738 14.8157 19.5999 19.4265 13.9410 13.3610 17.5068 17.4142 19.2275 16.5460 16.7717 14.9152 14.4853 18.1849 19.4934 16.8503 12.0759 18.8004 15.2409 15.4059 17.7663 14.8694 15.3225 18.5205 17.3372 17.0027 22.5489 25.0521 18.5343 22.0780 17.9614 18.5956 28.7679 16.3974 18.4166 18.8827 19.3305 17.1817 19.0809 25.3524 26.1392 15.8796 17.0856 18.9921 20.6784 11.6579 24.4739 16.6240 24.1027 25.7014 18.1677 11.7703 16.9900 27.3182 20.6540 24.4996 24.5839 20.1657 19.8105 24.7318 27.7295 25.1946 21.8804 26.8847 30.1918 24.7930 22.7220 30.2606 28.7319 28.4627 27.2784 26.4755 22.4255 25.7077 25.5293 27.0413 23.2541 25.2860 26.4637 29.1825 27.5261 24.8149 26.2725 21.6028 30.4171 29.9037
9.4732 10.8104 16.7081 10.5632 10.2047 10.4930 14.5507 16.3011 13.5756 11.5072 13.6167 10.3404 10.3899 12.1518 9.4909 10.5136 10.1718 8.8861 13.7107 9.0516 16.1000 11.4709 10.2914 8.8824 10.2677 9.8640 10.9641 9.3257 0.0000 11.9862 30.7944 25.8489 27.2359 34.2018 28.8202 34.0313 32.3218 33.7017 31.2011 34.1001 30.5732 28.9270 28.8880 30.3393 29.7930 32.0295 26.5154 30.9104 34.3495 28.9818 32.7518 24.3306 30.8320 33.6618 32.8835 32.2032 30.6358 25.4640 32.6420 32.5011 16.6748 15.4883 17.4349 15.9962 16.9102 16.7908 20.9880 20.8016 15.9070 15.4944 19.5510 19.7023 21.6101 18.0826 19.1003 16.6912 15.9944 20.2579 21.4203 17.8646 13.4766 19.6646 17.1024 17.7006 18.8505 17.0963 15.6609 20.3179 18.7715 15.7711 23.4926 24.1547 18.7561 22.0160 18.3172 19.4806 27.6910 17.1735 19.1477 20.0581 20.2751 18.0334 19.6876 24.5048 26.1337 16.0829 18.5835 20.5431 20.1266 13.2788 24.1403 17.5511 23.0639 24.7765 18.8185 12.5107 18.5439 26.3097 21.7639 24.0141 25.1694 21.3598 21.0909 24.5952 26.7912 24.6963 22.4125 26.0502 29.2937 24.5190 22.8040 29.0485 27.6657 27.9218 26.6874 27.2401 22.6925 25.2768 25.2610 26.8894 24.1662 24.7748 25.7182 28.3553 27.0258 24.6809 25.8990 22.1178 29.0899 28.6700
11.7874 10.5514 14.5145 11.8062 12.5127 12.3893 10.8570 12.6619 11.5851 10.0643 9.6484 14.5677 15.1709 12.0189 10.8894 9.5209 8.8236 8.7575 11.6353 9.9026 14.7543 10.1989 13.1934 8.2456 9.9808 9.8814 9.4664 11.3926 11.9862 0.0000 30.4345 24.6142 26.1800 34.8683 27.7416 34.5374 31.8379 33.0854 30.2994 34.4977 31.0011 28.2406 28.0221 30.3285 29.2051 32.2045 25.1453 29.8816 34.8213 28.9576 33.2195 23.8781 30.5488 34.1654 33.4870 31.9485 30.6802 24.8691 32.1481 32.4981 17.7837 15.5203 16.8161 15.0152 15.4678 16.1600 17.0495 18.1079 16.0916 17.3740 17.3219 17.2640 18.8472 16.4907 16.3767 17.4224 15.0931 18.4654 18.7635 16.4264 15.2167 17.9190 17.4020 15.8580 16.8289 15.4082 14.7507 17.5206 17.7721 18.0189 19.9884 22.9564 18.9190 19.9583 16.6615 17.2510 26.9462 17.0256 15.5717 17.1666 18.4363 15.7063 17.6671 22.6769 23.5352 15.2426 16.0625 18.6531 17.5269 15.2816 21.5101 14.5483 21.9612 22.1245 17.7447 14.3109 14.8674 24.7220 18.9344 22.3132 22.6431 18.5370 20.7797 22.7364 26.0111 23.0006 20.9463 25.0253 27.5262 23.5471 20.5082 27.8345 26.7658 26.0014 25.3727 23.8856 21.1598 23.2869 23.6602 24.9979 21.9873 23.6938 24.6718 27.4524 25.2819 22.7763 24.2380 20.3958 28.2108 27.2900
32.2398 29.9029 30.6461 31.4402 30.2729 30.6332 32.1201 27.7616 29.4108 32.2076 32.7610 31.8509 30.4761 28.8082 31.6583 31.9095 29.7829 31.1020 31.5889 33.0764 30.1934 30.8966 30.8761 30.2430 30.7817 32.2259 28.4837 32.1181 30.7944 30.4345 0.0000 13.6919 11.2488 10.9633 9.8392 13.2337 5.0854 13.0753 12.1416 9.0823 14.2724 9.0976 13.4321 6.5243 11.4560 8.7846 11.7169 9.4034 10.7132 12.9915 10.5775 17.7385 8.2128 10.0841 9.9553 12.0416 10.0930 14.9941 12.9264 8.4340 29.2666 29.9333 29.2486 28.4925 30.7166 29.4845 28.5516 28.6493 28.9078 29.4841 28.0412 31.0474 30.4594 27.5359 29.0815 29.9007 28.7573 30.4312 29.5737 28.0846 28.6521 26.5262 29.4422 30.2229 25.4627 30.1144 26.8690 28.1018 29.9579 25.3276 26.1303 16.5006 25.3148 21.0325 23.3393 23.9744 15.6842 22.6566 24.6122 22.8145 24.6777 24.6047 22.5480 17.0776 18.0907 23.3442 25.9696 27.5067 20.8822 27.4033 21.0601 24.8964 17.4529 19.7680 27.2144 27.7356 27.8404 17.4786 25.0836 19.6234 20.1801 24.1471 20.9918 18.0323 17.4950 14.4431 18.9064 13.9317 17.8283 14.5643 20.4337 16.0666 15.9746 16.2138 12.2969 26.1477 17.6714 18.1248 15.1670 14.2987 18.9300 16.0626 15.4644 13.9891 16.4751 17.7425 16.5831 20.1274 16.3691 19.3695
27.4576 24.0875 23.3275 25.9267 24.3343 24.6015 25.9086 21.7027 22.5035 26.4400 26.5458 27.1094 25.6809 22.0366 26.0961 25.9236 23.9517 25.0311 24.8282 27.9994 23.2690 24.8455 25.6160 24.7503 24.7306 26.7394 22.4842 26.8054 25.8489 24.6142 13.6919 0.0000 8.4913 19.3546 8.2599 16.7659 14.0387 15.6050 10.5195 17.1877 16.1503 11.3503 8.5983 13.1661 12.6077 16.9181 9.7622 10.4224 17.8010 12.3986 15.9607 13.7083 13.1477 16.8770 16.7566 12.4716 12.8207 10.9282 14.2178 14.4421 22.2509 22.7345 21.6482 20.9233 23.6237 21.9851 21.3851 20.9921 22.0777 23.0732 20.1846 23.5075 22.8555 19.8356 21.2984 23.1447 21.2158 22.8554 21.9386 20.0024 22.5383 18.7008 22.1856 23.2683 18.4117 22.8159 19.2917 20.6181 22.5461 18.7279 18.1201 12.4827 19.1221 14.7649 15.6910 16.7930 16.8290 17.3600 17.9061 15.1409 19.4262 18.5710 17.3340 13.0595 12.4093 17.0069 19.1238 21.5313 15.3296 22.0829 15.1769 17.4902 13.0802 15.4014 20.3417 22.2824 20.6806 14.3967 18.4951 12.3836 14.5282 17.0830 16.2427 13.2822 13.9627 10.4055 13.8624 11.1226 15.3850 10.4769 14.6704 15.1551 14.0293 15.1445 7.9562 20.3419 12.2656 13.5122 12.9078 11.1065 14.0312 12.6109 13.3340 12.6739 14.4748 13.5791 13.4243 14.7002 16.2840 16.9721
28.8363 25.8770 25.5606 27.2231 26.1846 26.2479 27.5789 22.9115 24.8304 28.0838 28.3015 28.4829 27.0687 23.9922 27.5874 27.4242 25.4888 26.8535 26.7216 29.2504 25.2026 26.6663 26.8129 26.0741 26.3367 28.3858 24.5666 28.4206 27.2359 26.1800 11.2488 8.4913 0.0000 14.7087 6.6753 13.6190 11.9078 12.3418 10.5273 13.9033 16.7585 7.6415 10.5805 10.9462 14.2194 12.2913 6.3724 6.5966 14.5169 8.4818 12.8274 16.0195 8.8711 14.0109 13.4741 10.5705 12.0923 14.0417 9.4952 12.2231 24.2997 24.9602 24.0445 23.2151 25.4777 24.4429 22.9010 23.0376 23.9110 25.1940 22.7216 25.9138 25.4632 21.9436 23.8483 24.8216 23.4661 25.1239 24.2169 22.6163 24.4487 21.1310 24.5482 25.0188 19.8361 24.8293 21.5208 22.4198 24.8705 20.2300 20.2201 9.1521 19.7355 14.4115 17.6559 18.0833 14.3458 19.3942 19.6558 17.2969 19.8297 19.4256 17.7309 10.6177 12.4175 18.8847 20.4137 22.0366 17.3156 23.3959 14.6696 19.1016 10.9249 13.7133 21.5995 23.5502 22.6753 10.9057 19.4167 12.4547 14.4239 18.6530 17.2756 11.5393 9.8502 8.5627 14.4525 7.4986 10.9267 9.5245 14.3021 9.5028 9.5670 11.1679 8.9611 20.3380 12.2905 11.0531 11.0016 9.7246 15.8186 9.6030 9.2735 8.3456 10.4602 12.4203 10.5390 13.7754 10.5187 12.0541
