0.0000 12.2597 8.7328 10.1501 9.5981 14.6546 7.7096 8.1325 8.0238 6.8810 4.6285 5.0693 6.2604 8.8411 6.0497 5.9765 10.1537 10.8611 12.3314 6.7277 11.8982 7.1241 18.4399 8.4248 8.2902 4.3976 11.2198 8.0184 6.0203 7.0824 25.3117 25.1459 24.1522 24.8481 25.3818 21.6805 23.2763 25.5837 24.7529 23.9189 24.6977 25.2023 22.7494 20.0166 24.9387 22.5515 24.6114 22.3275 24.6261 22.3485 22.6404 24.2680 25.4811 23.6110 24.2063 24.7741 20.9037 23.4036 25.2794 23.4265 19.7565 16.5195 19.0313 18.1102 20.6912 15.2574 22.1215 20.0289 18.9512 23.6044 22.1901 19.0708 25.2267 24.4562 18.7368 12.7874 21.3029 22.1762 20.2018 19.7514 14.4050 20.3467 22.5728 22.1213 17.4549 18.7171 19.8913 18.2478 22.0689 17.3270 16.2395 14.4494 21.6651 24.2341 22.0708 18.0943 15.4926 12.9549 24.4370 16.0943 22.7353 16.0067 16.3446 24.3267 20.6047 19.0847 19.7374 21.4288 12.1211 15.8755 21.9870 11.7118 22.9242 19.3894 18.3635 13.0705 21.6259 22.2091 9.3337 15.8372 24.1366 24.8974 24.0815 25.1672 25.0422 25.3286 25.2916 25.4207 25.2018 23.9538 24.4051 25.2279 25.1021 22.0685 22.7676 24.7203 24.7780 25.4289 24.5408 24.1610 24.6123 25.2646 23.2132 24.7300 23.1370 25.4232 22.4223 24.7585 20.5099 24.4915
12.2597 0.0000 9.4385 8.5566 9.3063 9.4799 7.4934 9.3203 9.1352 10.0967 12.0831 11.5394 14.9087 8.7365 10.3689 8.9548 7.5243 8.1967 10.4365 9.3956 8.0719 9.0249 13.1948 9.7779 7.9592 11.8179 11.5078 8.8640 11.8246 9.4857 20.9463 20.7992 19.8161 20.4470 20.9967 17.9454 19.0281 21.2109 20.3675 19.4775 20.3056 20.9196 18.5997 15.9436 20.6461 18.4060 20.2065 17.8177 20.2368 18.1926 18.0713 19.9264 21.1150 19.4520 19.9009 20.3756 16.2153 18.8687 20.9208 19.0849 15.7060 11.1568 14.7841 15.7850 16.0090 12.1487 17.6466 15.7440 13.5271 19.3490 17.8478 14.5566 20.8770 20.0049 15.3924 9.5403 16.7393 17.7543 15.6136 15.1130 14.4102 16.2900 18.3077 17.9932 14.0573 13.8429 15.7065 13.1419 17.6984 13.5766 11.9910 8.5095 18.1576 19.6018 17.2096 12.4014 8.7093 10.9287 19.8165 11.3544 18.0593 12.7080 8.5210 19.7263 15.7693 14.4703 14.5205 17.0185 10.5492 12.8625 17.1024 6.8804 17.9710 13.7199 14.1297 9.1856 16.3087 17.5635 12.9458 12.7026 19.7423 20.5486 19.8249 20.8105 20.7547 20.9684 20.9617 21.0570 20.8753 19.3486 20.0738 20.8699 20.7417 17.5753 18.3594 20.2824 20.5273 21.0727 20.1407 19.7902 20.2079 20.9300 18.7623 20.4319 18.6459 21.0586 17.9874 20.4114 16.8308 20.1897
8.7328 9.4385 0.0000 6.7401 6.2837 11.7147 6.5123 6.8783 6.3194 9.8077 8.6936 8.6591 11.0011 7.0540 6.9133 5.9952 5.4009 7.0270 9.8268 5.3652 7.4080 6.9162 15.5185 6.5571 6.8193 8.3758 10.4045 7.0260 8.1642 9.9106 23.0133 22.8505 21.8410 22.5219 23.0778 19.2659 20.9405 23.2899 22.4356 21.5620 22.3493 22.9183 20.4806 17.7212 22.6496 20.1402 22.2823 19.9036 22.3035 20.0139 20.1648 21.9528 23.1864 21.2714 21.8570 22.4511 18.3506 20.9987 22.9817 21.0857 17.2123 13.7920 16.3096 15.8787 18.1090 12.9882 19.5699 17.5036 15.9977 21.2621 19.8437 16.5321 22.9255 22.0958 16.3406 10.0192 18.7640 19.7006 17.6050 17.1956 13.2681 17.8841 20.1864 19.6753 15.0275 16.0458 17.4923 15.4417 19.5418 14.9537 13.3407 11.5702 19.6075 21.8141 19.4684 15.0810 11.6919 9.9298 22.0262 14.1394 20.1711 14.1903 12.8143 21.9249 17.9080 16.4184 16.9475 19.0935 11.5472 13.3901 19.4187 9.3933 20.3522 16.4843 15.8568 9.7368 18.8973 19.6203 9.2999 13.6467 21.7867 22.5966 21.7346 22.8684 22.7508 23.0356 23.0001 23.1224 22.9177 21.5260 22.1069 22.9338 22.8030 19.6276 20.3812 22.3743 22.4827 23.1373 22.2070 21.8291 22.2805 22.9730 20.8886 22.4280 20.7349 23.1273 20.0062 22.4465 18.2323 22.2283
10.1501 8.5566 6.7401 0.0000 5.7557 9.8801 8.2280 7.5439 7.5172 11.1170 11.1484 11.1363 12.8456 6.9942 8.3687 7.5124 8.0406 8.3084 10.3975 8.2169 5.3856 9.1781 14.0897 8.6506 8.9589 10.1199 11.0889 9.5309 10.5254 10.6563 21.8891 21.7401 20.7242 21.4014 21.9485 18.1359 19.8719 22.1587 21.2915 20.4564 21.2110 21.7900 19.5678 16.7815 21.5247 18.9695 21.1681 18.7017 21.1962 19.0398 19.0405 20.8281 22.0617 20.1904 20.7797 21.3260 17.3512 19.8856 21.8625 20.1244 16.0481 12.3581 15.1102 15.2909 16.7329 12.1928 18.3712 16.4593 14.7688 20.0789 18.6713 15.6692 21.7962 20.9486 15.3313 9.9796 17.6064 18.5881 16.3962 16.1687 12.9729 17.0653 18.9487 18.6618 13.7297 14.8431 16.4767 14.0274 18.3306 14.4522 12.3455 10.2718 18.5566 20.6195 18.1985 13.6993 9.9532 8.4468 20.8271 13.9639 18.8848 13.6640 10.9354 20.7308 16.5475 15.0949 15.7410 17.9046 11.5881 13.0964 18.1623 8.5126 19.0664 14.9063 14.7330 8.2691 17.5142 18.3366 11.1640 12.7718 20.6567 21.4745 20.5883 21.7536 21.6562 21.9150 21.8897 21.9974 21.7800 20.3424 20.9154 21.8141 21.6814 18.5741 19.3756 21.2333 21.4012 22.0118 21.1096 20.7142 21.1648 21.8583 19.8028 21.2988 19.6003 22.0018 18.9403 21.3425 17.4454 21.0553
9.5981 9.3063 6.2837 5.7557 0.0000 11.4089 7.7805 6.6112 5.9743 11.1346 10.4859 10.2536 11.9773 8.0017 7.7875 7.1915 8.1484 8.8501 10.6505 7.7204 6.2718 9.3188 14.9901 7.7499 9.3204 9.6614 11.0830 8.4275 10.0867 10.5252 22.6111 22.4596 21.4301 22.1246 22.6714 18.7363 20.5110 22.8783 22.0303 21.1706 21.9303 22.5025 20.1357 17.4564 22.2446 19.6937 21.8912 19.5370 21.9162 19.6717 19.8037 21.5316 22.7807 20.8886 21.4406 22.0530 17.9890 20.6304 22.5786 20.6766 16.7713 13.3849 15.7896 15.4874 17.6227 12.5612 19.0967 17.0369 15.7056 20.8506 19.4798 16.4084 22.5072 21.6821 15.9414 10.4098 18.3564 19.4342 17.1769 16.8485 13.1769 17.4695 19.7280 19.3401 14.7318 15.7187 17.1549 15.0580 19.0739 14.8101 13.1365 10.9558 19.2033 21.3863 19.0365 14.5067 11.0528 9.2716 21.5889 14.1165 19.6943 14.2934 12.2369 21.4910 17.4416 16.0405 16.3711 18.7534 11.6519 13.6669 18.9915 9.6785 19.8910 15.9699 15.5036 9.1627 18.4066 19.1191 10.7213 13.1185 21.3836 22.2055 21.2778 22.4747 22.3620 22.6220 22.5966 22.7166 22.5071 21.0950 21.7058 22.5256 22.4055 19.2696 19.9975 21.9673 22.0711 22.7289 21.8280 21.4169 21.8868 22.5648 20.5135 22.0105 20.3578 22.7211 19.6367 22.0694 17.9510 21.8415
14.6546 9.4799 11.7147 9.8801 11.4089 0.0000 11.4138 12.6901 12.4753 13.4622 14.6466 14.2031 17.0664 9.8120 13.1682 12.2312 11.5075 9.8627 9.1812 12.4284 9.0988 12.2318 11.7375 13.0571 11.4007 14.2131 13.8153 12.3535 13.9545 13.0179 18.3305 18.1780 17.1478 17.7884 18.3829 15.8091 16.4979 18.6188 17.6855 16.8407 17.6564 18.2811 16.2029 13.4530 18.0375 15.7490 17.5435 14.9324 17.5997 15.7473 15.1792 17.3646 18.5176 16.9373 17.3254 17.7499 13.3244 16.1090 18.3237 16.5271 12.7641 7.5062 11.9361 13.5074 12.9039 9.9713 14.7086 13.0845 10.1015 16.6871 14.9853 12.5219 18.3143 17.3077 12.9805 8.5131 13.6631 14.7913 12.3628 12.4149 13.2889 13.8749 15.4804 15.3240 11.6704 11.1847 13.2281 10.2229 15.1827 11.2114 11.0398 6.9398 15.8382 16.7803 14.0659 7.9004 6.4169 10.6004 17.0206 12.6434 14.9554 11.4110 6.7635 16.9342 12.4167 11.4307 11.3919 14.1489 12.5494 11.6994 13.8414 7.4092 14.8669 9.6502 13.6290 6.8912 13.1947 14.4084 13.3507 11.7728 17.0260 17.8976 17.2073 18.1893 18.1566 18.3935 18.3525 18.4560 18.2529 16.5178 17.4489 18.2710 18.1176 14.8487 15.7813 17.5866 17.9404 18.4814 17.4793 17.1250 17.5571 18.3259 16.2050 17.7877 15.9869 18.4579 15.2157 17.7793 14.5551 17.5046
7.7096 7.4934 6.5123 8.2280 7.7805 11.4138 0.0000 7.2434 6.1858 5.7909 7.3012 6.6462 11.1411 7.7477 5.9411 4.9555 5.8785 7.3934 10.0560 5.5880 9.0740 4.8098 15.1704 6.1499 5.4721 7.1962 8.8476 4.0130 7.3211 5.9024 22.7151 22.5571 21.5746 22.2324 22.7755 19.3257 20.7429 22.9846 22.1435 21.2798 22.0803 22.6469 20.2495 17.4792 22.3743 20.0147 21.9929 19.6328 22.0147 19.8637 19.8908 21.6855 22.8854 21.1204 21.6430 22.1576 18.0667 20.7018 22.6876 20.8264 17.1067 13.1775 16.3242 16.1726 17.8358 12.7306 19.3461 17.3279 15.6175 20.9971 19.5806 16.2313 22.6376 21.8094 16.4361 9.8780 18.5568 19.4205 17.4053 16.8704 13.4650 17.7885 19.9711 19.5654 14.8678 15.6522 17.2465 15.0694 19.3625 14.7811 13.1289 10.8087 19.4887 21.4903 19.1710 14.7605 11.4976 10.8750 21.7030 13.0759 19.9294 13.4679 12.0833 21.6015 17.5962 16.1328 16.6556 18.7301 9.5794 12.9162 19.0503 7.5606 20.0095 16.0614 15.7349 9.7951 18.5166 19.4052 10.3191 13.4912 21.5165 22.3095 21.5360 22.5749 22.4815 22.7363 22.7038 22.8250 22.6277 21.2230 21.8183 22.6309 22.5031 19.3963 20.1495 22.0791 22.2387 22.8372 21.9074 21.5524 21.9924 22.6859 20.5556 22.1659 20.4686 22.8272 19.7346 22.1551 18.2906 21.9203
8.1325 9.3203 6.8783 7.5439 6.6112 12.6901 7.2434 0.0000 5.4950 10.0663 9.1861 9.0973 10.4980 7.8702 6.7731 5.7346 8.4658 10.1342 10.6219 6.9690 9.0722 8.5543 16.5220 6.5768 8.8286 8.1934 11.6547 8.4182 8.8726 9.2898 23.7426 23.5882 22.5578 23.2658 23.8062 19.8153 21.6058 24.0089 23.1783 22.3123 23.0768 23.6414 21.1668 18.4738 23.3748 20.8190 23.0319 20.7249 23.0535 20.7351 21.0116 22.6596 23.9102 21.9990 22.5714 23.1937 19.2061 21.7953 23.7075 21.8182 18.0433 14.7600 17.0832 16.7597 18.9234 13.8198 20.3836 18.3045 17.1850 22.0169 20.6143 17.4945 23.6327 22.8462 17.1719 11.2582 19.5760 20.6312 18.4739 18.0653 13.7922 18.7063 20.9266 20.5170 15.8601 17.0123 18.3854 16.3657 20.3138 15.8462 14.3925 12.5571 20.2865 22.5822 20.3257 16.0721 13.0945 10.3011 22.7827 14.2778 20.9687 14.9863 13.8976 22.6826 18.7923 17.3857 17.8315 19.8885 11.6890 14.7474 20.2638 10.8245 21.1733 17.4500 16.8313 10.8036 19.7770 20.4365 10.7272 14.0850 22.5392 23.3334 22.4132 23.6043 23.4842 23.7528 23.7292 23.8476 23.6265 22.2988 22.8342 23.6596 23.5398 20.4341 21.1249 23.1253 23.1920 23.8575 22.9693 22.5691 23.0286 23.6925 21.6369 23.1360 21.5074 23.8511 20.8297 23.2025 18.8402 22.9557
8.0238 9.1352 6.3194 7.5172 5.9743 12.4753 6.1858 5.4950 0.0000 9.8072 8.2327 8.6746 10.4025 7.6874 6.1767 5.9419 7.0477 9.9180 10.7741 6.3505 8.7577 7.4965 16.3708 6.5467 8.3791 8.2342 10.5830 6.8494 8.8782 9.3695 23.6605 23.5027 22.4868 23.1817 23.7247 19.8668 21.5884 23.9307 23.0933 22.2338 23.0056 23.5480 21.1200 18.4055 23.2984 20.7924 22.9463 20.6276 22.9659 20.7284 20.9134 22.5943 23.8301 21.9517 22.5118 23.1092 19.0634 21.6948 23.6279 21.7115 17.8383 14.6001 16.9964 16.1762 18.8220 13.4444 20.2572 18.1143 16.9898 21.9016 20.5323 17.3806 23.5655 22.7655 16.9301 11.0903 19.5093 20.4829 18.3629 17.9259 13.7721 18.4998 20.8283 20.3806 15.6411 16.8357 18.2325 16.2189 20.2314 15.7454 14.0105 12.4449 20.1497 22.4950 20.1967 15.8992 12.7962 10.6252 22.7012 13.7662 20.8799 14.6458 13.7374 22.6005 18.6537 17.1845 17.6521 19.7667 11.6395 14.2528 20.1525 10.3109 21.0820 17.3343 16.5402 10.4126 19.6762 20.3209 9.9009 14.1565 22.4497 23.2536 22.3672 23.5199 23.4012 23.6757 23.6457 23.7688 23.5536 22.2061 22.7615 23.5800 23.4550 20.3551 21.0523 23.0397 23.1217 23.7810 22.8771 22.4785 22.9489 23.6135 21.5621 23.0667 21.4374 23.7709 20.7000 23.1031 18.9187 22.8722
6.8810 10.0967 9.8077 11.1170 11.1346 13.4622 5.7909 10.0663 9.8072 0.0000 6.1623 5.4110 10.5723 9.8278 8.3992 7.2233 9.4818 9.1469 12.3132 7.6838 11.8605 6.0564 16.7242 9.2011 7.1011 6.6090 9.9310 6.7383 7.0379 3.7231 23.8009 23.6410 22.6965 23.3313 23.8628 20.7096 21.9266 24.0684 23.2490 22.3990 23.2135 23.7548 21.3714 18.6820 23.4778 21.2709 23.0911 20.8250 23.1092 21.0368 21.0824 22.8021 23.9685 22.2906 22.7888 23.2585 19.3013 21.8304 23.7751 21.9523 18.5553 14.6205 17.9388 17.6460 19.2195 14.3372 20.6658 18.6888 17.0171 22.1677 20.7930 17.4583 23.7384 22.9374 17.8699 11.6558 19.8493 20.6303 18.7713 18.1856 14.6431 19.0855 21.2068 20.8277 16.3296 17.0084 18.4785 16.6006 20.6776 16.0777 14.8865 12.2915 20.6270 22.6381 20.4368 16.3358 13.5312 13.2439 22.8487 14.6874 21.2197 14.4242 13.9824 22.7462 18.9745 17.5823 18.0803 19.9097 10.1885 14.5377 20.2935 8.9294 21.2387 17.5197 17.0987 12.1640 19.8272 20.7378 11.4322 15.1380 22.6454 23.4042 22.7099 23.6605 23.5737 23.8263 23.7986 23.9130 23.7250 22.3840 22.9483 23.7220 23.5920 20.5578 21.2958 23.1947 23.3595 23.9258 23.0127 22.6857 23.0981 23.7765 21.6656 23.2929 21.6206 23.9138 20.9088 23.2476 19.4750 23.0159
4.6285 12.0831 8.6936 11.1484 10.4859 14.6466 7.3012 9.1861 8.2327 6.1623 0.0000 3.7229 7.2197 9.7205 6.5846 6.9577 9.3376 10.2358 12.7398 7.0744 12.3478 6.1359 18.3062 8.3851 7.8267 5.4451 10.7273 7.4507 6.4655 6.8625 25.1633 24.9965 24.0171 24.6996 25.2323 21.7188 23.1776 25.4354 24.6108 23.7716 24.5607 25.0624 22.6145 19.9300 24.8040 22.4851 24.4621 22.2258 24.4771 22.2716 22.4937 24.1299 25.3325 23.5414 24.0782 24.6253 20.7147 23.2453 25.1320 23.2563 19.6845 16.3788 18.9891 18.0500 20.5865 15.1695 21.9994 19.8730 18.7183 23.4762 22.0943 18.9239 25.0861 24.3106 18.7469 12.7199 21.1912 22.0112 20.1071 19.6108 14.6589 20.2218 22.4947 22.0314 17.4028 18.5749 19.7836 18.1518 21.9834 17.2176 16.1022 14.2908 21.5933 24.0771 21.8999 17.8980 15.2906 13.5432 24.2822 15.8190 22.6212 15.8156 16.1211 24.1725 20.4668 18.9628 19.5598 21.2947 12.1033 15.6124 21.8200 11.4409 22.7583 19.2350 18.3471 13.1351 21.4499 22.0924 9.0338 15.9888 23.9954 24.7592 23.9697 25.0179 24.9024 25.1794 25.1433 25.2742 25.0624 23.7995 24.2922 25.0778 24.9534 21.9434 22.6197 24.5716 24.6405 25.2821 24.3849 24.0248 24.4649 25.1202 23.0684 24.5950 23.0093 25.2747 22.2716 24.6073 20.5187 24.3572
5.0693 11.5394 8.6591 11.1363 10.2536 14.2031 6.6462 9.0973 8.6746 5.4110 3.7229 0.0000 7.8406 9.8360 6.8141 6.7216 9.2646 9.6026 12.4042 6.9239 12.1765 6.0117 17.9320 7.7880 7.2345 5.7556 10.7393 6.9312 6.2742 6.1506 24.8362 24.6715 23.6685 24.3728 24.9027 21.4641 22.8551 25.1045 24.2826 23.4401 24.2324 24.7367 22.2555 19.5655 24.4832 22.1816 24.1353 21.8956 24.1504 21.9538 22.1489 23.8016 25.0037 23.2492 23.7561 24.2961 20.3541 22.9129 24.8051 22.8981 19.4345 15.9916 18.7284 18.0009 20.2236 14.8177 21.6693 19.5773 18.3141 23.1687 21.7649 18.5689 24.7571 23.9796 18.5554 12.3785 20.8692 21.6572 19.7745 19.2608 14.4907 19.8778 22.1606 21.7190 17.1759 18.2193 19.4736 17.7667 21.6776 16.8699 15.8884 13.8187 21.3867 23.7310 21.5653 17.5121 14.8594 13.3717 23.9352 15.5239 22.2821 15.5096 15.6209 23.8273 20.1275 18.6320 19.1560 20.9637 11.6727 15.1364 21.4548 10.9308 22.3929 18.8080 18.0293 12.8758 21.0626 21.7646 9.6493 15.6907 23.6729 24.4333 23.6495 24.6935 24.5813 24.8491 24.8121 24.9445 24.7285 23.4579 23.9561 24.7464 24.6255 21.6139 22.2898 24.2407 24.3129 24.9539 24.0544 23.6902 24.1371 24.7919 22.7303 24.2615 22.6802 24.9466 21.9320 24.2831 20.2349 24.0281
6.2604 14.9087 11.0011 12.8456 11.9773 17.0664 11.1411 10.4980 10.4025 10.5723 7.2197 7.8406 0.0000 11.2897 8.2224 9.4653 12.5187 13.2240 14.4807 9.8198 14.5722 9.6263 20.5390 10.0323 10.9021 7.8660 13.2568 10.5784 8.8202 10.9899 26.9924 26.8211 25.8381 26.5414 27.0658 23.4071 25.0015 27.2652 26.4544 25.6270 26.3987 26.8792 24.4037 21.8261 26.6223 24.2857 26.3068 24.1650 26.3195 24.0722 24.4408 25.9419 27.1600 25.3372 25.8865 26.4680 22.7248 25.1490 26.9564 25.1220 21.6439 18.7819 20.9704 19.8128 22.6097 17.2879 23.9713 21.8453 21.0154 25.3414 23.9557 21.0390 26.9047 26.1743 20.6619 15.1301 23.1458 24.0015 22.1318 21.6581 15.9025 22.1289 24.3648 23.8988 19.3911 20.7745 21.7779 20.3909 23.8972 19.1725 18.5078 17.0080 23.2629 25.9942 23.9263 20.2132 17.9453 15.2775 26.1928 18.0797 24.5928 18.0077 18.8074 26.0785 22.5689 21.1134 21.7204 23.2554 14.7780 18.0380 23.8616 14.7148 24.7710 21.5144 20.3118 15.6089 23.5768 24.0857 9.2676 17.8197 25.8468 26.5882 25.7623 26.8432 26.7144 27.0055 26.9734 27.1028 26.8820 25.7127 26.1438 26.9082 26.7854 23.8488 24.4721 26.4301 26.4378 27.1073 26.2392 25.8837 26.3099 26.9404 24.9677 26.4017 24.8992 27.1019 24.2062 26.4548 22.1988 26.2001
8.8411 8.7365 7.0540 6.9942 8.0017 9.8120 7.7477 7.8702 7.6874 9.8278 9.7205 9.8360 11.2897 0.0000 7.6206 6.8120 7.6617 8.8697 8.4880 6.7304 7.8637 7.6904 14.6251 8.5573 7.4166 8.5929 11.0605 8.5049 8.8390 9.7985 22.2937 22.1327 21.1221 21.8029 22.3588 18.8602 20.2192 22.5728 21.6924 20.8591 21.6397 22.1928 19.8046 16.9026 21.9283 19.5280 21.5615 19.1082 21.5777 19.3025 19.4136 21.2711 22.4706 20.5803 21.1727 21.7379 17.5278 20.2371 22.2706 20.3497 16.4697 12.5970 15.5818 15.4397 17.2728 12.0877 18.8339 16.7992 15.1508 20.5502 19.0545 15.7940 22.2259 21.3545 15.6120 9.3075 17.9489 18.9316 16.7145 16.3386 12.6631 17.1774 19.3927 18.9528 14.4805 15.1802 16.5733 14.4028 18.9876 14.0134 12.6391 10.3673 18.8420 21.0488 18.6546 14.1258 10.5546 10.6152 21.2666 12.5814 19.3789 12.9924 11.3379 21.1646 17.0818 15.6489 16.0470 18.1634 10.7735 13.0169 18.5787 8.3117 19.5353 15.4401 16.0146 9.3550 18.0147 18.8305 9.4928 13.0216 21.0543 21.8631 21.0469 22.1510 22.0470 22.3254 22.2900 22.4042 22.1929 20.7637 21.3398 22.2155 22.0808 18.8428 19.6458 21.6481 21.7907 22.4220 21.4897 21.0704 21.5646 22.2616 20.0702 21.7163 19.9964 22.4118 19.2469 21.7083 17.5633 21.4360
6.0497 10.3689 6.9133 8.3687 7.7875 13.1682 5.9411 6.7731 6.1767 8.3992 6.5846 6.8141 8.2224 7.6206 0.0000 5.3795 7.6130 9.4481 10.6513 6.2037 10.4110 6.3520 17.1872 5.3026 7.2461 6.1264 10.3547 6.6248 7.4564 8.6944 24.3253 24.1651 23.1472 23.8586 24.3925 20.5994 22.2521 24.5943 23.7596 22.9186 23.6776 24.2087 21.7429 18.9870 23.9446 21.4880 23.6237 21.3218 23.6426 21.3519 21.5921 23.2547 24.4948 22.6405 23.1801 23.7824 19.8222 22.3953 24.2930 22.4104 18.6539 15.3283 17.7946 17.1283 19.5342 14.1631 21.0245 18.8408 17.7177 22.5622 21.1499 18.0428 24.2300 23.4365 17.7853 11.4664 20.1906 21.0900 19.0963 18.6109 13.4724 19.2561 21.5235 21.0562 16.2275 17.5936 18.8326 17.0338 20.9844 16.2155 14.9770 13.3401 20.6382 23.1967 20.9634 16.7965 13.9715 11.6271 23.3982 14.7709 21.6405 15.1352 14.8150 23.2903 19.4109 17.8844 18.5335 20.3491 11.7787 14.6469 20.8967 10.6207 21.8239 18.1395 17.2948 11.3938 20.4659 21.1095 8.3251 14.8040 23.1314 23.9162 23.0122 24.1844 24.0619 24.3342 24.3005 24.4303 24.2020 22.9139 23.4082 24.2330 24.1121 21.0612 21.7204 23.7181 23.7537 24.4387 23.5467 23.1565 23.6177 24.2773 22.1947 23.7002 22.1299 24.4347 21.4110 23.7657 19.5853 23.4829
5.9765 8.9548 5.9952 7.5124 7.1915 12.2312 4.9555 5.7346 5.9419 7.2233 6.9577 6.7216 9.4653 6.8120 5.3795 0.0000 7.1546 8.6774 9.7393 3.7545 8.6142 6.0554 16.1165 6.0470 6.3507 5.4314 10.0646 6.4286 5.9782 6.4389 23.5192 23.3564 22.3499 23.0359 23.5843 19.7609 21.4393 23.7917 22.9413 22.0818 22.8668 23.4206 20.9885 18.1683 23.1482 20.6696 22.7963 20.4023 22.8159 20.5273 20.7252 22.4563 23.6903 21.7742 22.3880 22.9626 18.9458 21.5360 23.4876 21.6208 17.7699 14.1992 16.8966 16.5433 18.6692 13.4459 20.1394 18.0328 16.7087 21.7744 20.3613 17.0365 23.4276 22.6205 16.7867 10.5110 19.3455 20.2949 18.1585 17.7631 13.1666 18.4709 20.6676 20.2519 15.5461 16.5345 18.0346 15.9574 20.0927 15.5256 13.9273 11.9036 20.1277 22.3451 20.0668 15.7774 12.6620 10.2821 22.5546 13.9755 20.7327 14.3851 13.4805 22.4500 18.5125 17.0088 17.5970 19.5763 10.1843 14.1417 19.9704 8.9165 20.9214 17.0942 16.4559 10.4053 19.4978 20.1953 10.1600 13.8630 22.3049 23.1001 22.2455 23.3762 23.2618 23.5374 23.5074 23.6278 23.4184 22.0635 22.5915 23.4363 23.3121 20.1639 20.9186 22.8919 22.9966 23.6392 22.7236 22.3385 22.7947 23.4764 21.3809 22.9347 21.2570 23.6314 20.5433 22.9649 18.7202 22.7087
10.1537 7.5243 5.4009 8.0406 8.1484 11.5075 5.8785 8.4658 7.0477 9.4818 9.3376 9.2646 12.5187 7.6617 7.6130 7.1546 0.0000 7.4286 8.9833 6.5714 8.2301 7.0459 15.0928 6.7945 6.4630 9.9671 10.9302 6.5914 9.2746 9.8235 22.5464 22.3955 21.4446 22.0668 22.6019 19.1188 20.6001 22.8093 21.9830 21.1332 21.9058 22.4849 20.1901 17.5355 22.2150 19.8626 21.8352 19.5335 21.8624 19.7467 19.7368 21.5433 22.7126 20.9346 21.4816 21.9971 17.9652 20.5681 22.5182 20.7180 17.0303 13.4197 16.1707 16.1718 17.7452 13.2839 19.1275 17.2735 15.4476 20.8687 19.4704 16.2729 22.4681 21.6345 16.4259 10.0485 18.4070 19.2877 17.2586 16.7889 14.0306 17.7038 19.8739 19.3464 14.9974 15.6560 17.2069 15.0722 19.1605 14.8770 12.8547 11.3793 19.4046 21.3102 18.9854 14.6239 11.1220 10.9159 21.5178 13.0563 19.6917 14.1643 11.8279 21.4230 17.4323 15.9910 16.5520 18.6930 11.8824 13.1976 18.9420 8.8772 19.8129 15.9274 15.7220 9.8603 18.3185 19.1619 10.9058 13.6527 21.3655 22.1540 21.3798 22.4102 22.3155 22.5646 22.5361 22.6519 22.4744 21.0447 21.6867 22.4587 22.3362 19.3028 20.0257 21.9056 22.0880 22.6641 21.7526 21.4069 21.8313 22.5195 20.4391 22.0211 20.3395 22.6537 19.6419 21.9971 18.3102 21.8041
10.8611 8.1967 7.0270 8.3084 8.8501 9.8627 7.3934 10.1342 9.9180 9.1469 10.2358 9.6026 13.2240 8.8697 9.4481 8.6774 7.4286 0.0000 10.7788 7.7640 7.8538 7.4304 13.8176 8.8098 6.2824 10.2814 10.8118 7.7998 9.9697 9.8800 21.5290 21.3748 20.3521 21.0309 21.5844 18.2934 19.5204 21.7969 20.9406 20.0633 20.8698 21.4498 19.0299 16.3781 21.1876 18.8293 20.7901 18.3890 20.8200 18.6306 18.5979 20.4625 21.6995 19.9573 20.4000 20.9606 16.8302 19.4773 21.5021 19.5815 16.0498 11.9616 15.1289 15.8394 16.5037 12.0968 18.2135 16.1211 14.0128 19.8641 18.3469 14.9461 21.4491 20.5875 15.4999 9.3202 17.2160 18.0899 16.1156 15.7126 13.2964 16.5837 18.8052 18.3769 14.1581 14.5341 16.1294 13.8867 18.2107 13.7426 12.5926 8.8524 18.5158 20.2327 17.8192 13.1165 9.3424 10.8116 20.4416 13.6615 18.6810 13.2716 10.3157 20.3467 16.3798 14.9178 15.1469 17.5686 11.1918 12.2296 17.7477 7.5589 18.6465 14.4913 14.3676 9.2757 17.0539 18.1442 10.6170 13.0529 20.3012 21.1224 20.2766 21.3911 21.3040 21.5434 21.5179 21.6330 21.4269 19.9564 20.6157 21.4450 21.3136 18.1355 18.8667 20.8672 21.0086 21.6534 20.7059 20.3526 20.7829 21.4981 19.3861 20.9362 19.2328 21.6421 18.5119 20.9726 17.0484 20.7211
12.3314 10.4365 9.8268 10.3975 10.6505 9.1812 10.0560 10.6219 10.7741 12.3132 12.7398 12.4042 14.4807 8.4880 10.6513 9.7393 8.9833 10.7788 0.0000 9.8663 9.9000 10.8614 14.9788 9.9205 10.2533 12.0611 13.9630 10.6415 11.1038 12.2478 20.8662 20.7206 19.7718 20.3768 20.9200 17.7364 18.9830 21.1332 20.2924 19.4832 20.1987 20.8196 18.6520 16.0753 20.5576 18.1998 20.1509 17.8289 20.1994 18.2233 17.9927 19.9369 21.0388 19.3412 19.8109 20.3382 16.1847 18.8673 20.8533 19.0960 15.3956 11.8095 14.6244 15.1902 16.1118 12.8967 17.3213 15.7229 13.6706 19.2632 17.7615 15.3156 20.8095 19.9177 15.2772 9.6702 16.5242 17.5862 15.3738 15.2399 13.7118 16.2308 18.1664 17.6870 13.9481 14.1955 15.9379 13.7450 17.6377 13.6012 12.9305 11.3065 18.2064 19.5167 17.1163 12.2713 10.9679 11.0066 19.7348 13.4519 17.7488 13.9072 11.5669 19.6512 15.4919 14.4110 14.8142 17.0886 13.2113 13.3368 16.9603 9.6822 17.8971 13.7920 15.8411 9.1629 16.5444 17.2402 13.2178 13.2498 19.6594 20.4731 19.6882 20.7341 20.6650 20.9049 20.8690 20.9747 20.7984 19.2608 20.1051 20.7871 20.6636 17.6548 18.3876 20.1957 20.4202 20.9921 20.0548 19.7263 20.1513 20.8490 18.8561 20.3322 18.7516 20.9795 17.9874 20.3418 16.9398 20.1766
6.7277 9.3956 5.3652 8.2169 7.7204 12.4284 5.5880 6.9690 6.3505 7.6838 7.0744 6.9239 9.8198 6.7304 6.2037 3.7545 6.5714 7.7640 9.8663 0.0000 8.6813 5.5064 16.4324 6.8553 5.8517 5.9264 10.3155 6.2284 6.1360 7.8773 23.6869 23.5262 22.5131 23.2091 23.7514 20.0182 21.5966 23.9564 23.1185 22.2623 23.0332 23.5721 21.0855 18.3414 23.3215 20.8695 22.9717 20.6237 22.9902 20.6805 20.8966 22.6269 23.8566 21.9640 22.5182 23.1375 19.0638 21.7109 23.6561 21.6930 17.9509 14.5246 17.1038 16.5492 18.8850 13.5686 20.3397 18.1098 16.8835 21.9610 20.5422 17.2069 23.5954 22.7866 16.9574 10.6211 19.5043 20.4064 18.3533 17.9246 13.3220 18.4589 20.8751 20.3482 15.8321 16.7748 18.1682 16.2451 20.3142 15.5617 14.1310 12.0600 20.2675 22.5215 20.2368 15.9491 12.7665 11.0401 22.7271 13.9646 20.9392 14.4569 13.7788 22.6260 18.7302 17.2013 17.6755 19.7448 10.8590 13.9860 20.1743 9.4486 21.1088 17.3248 16.4748 10.6075 19.7029 20.3868 9.8505 14.1236 22.4760 23.2763 22.3829 23.5469 23.4256 23.6986 23.6670 23.7908 23.5776 22.2313 22.7738 23.5995 23.4771 20.3470 21.0302 23.0671 23.1264 23.8063 22.8869 22.4927 22.9706 23.6399 21.5465 23.0846 21.4563 23.7981 20.6976 23.1215 18.8341 22.8747
11.8982 8.0719 7.4080 5.3856 6.2718 9.0988 9.0740 9.0722 8.7577 11.8605 12.3478 12.1765 14.5722 7.8637 10.4110 8.6142 8.2301 7.8538 9.9000 8.6813 0.0000 10.4812 12.8304 10.3325 9.8976 11.3100 12.0653 10.3275 11.5886 11.0027 20.9104 20.7665 19.7581 20.4089 20.9645 17.2715 18.8718 21.1780 20.3048 19.4597 20.2159 20.8130 18.6098 15.9459 20.5569 18.0489 20.1742 17.7155 20.2047 18.0885 17.9834 19.8521 21.0827 19.2132 19.7560 20.3422 16.2081 18.8639 20.8850 19.0277 15.1108 11.2387 14.0411 14.5350 15.7769 11.4751 17.2905 15.3190 13.4736 19.1715 17.7721 14.6515 20.8211 19.9396 14.3264 9.2556 16.5642 17.6592 15.2770 15.1590 12.9688 15.8579 17.9978 17.6701 13.4477 13.7509 15.5063 12.9869 17.3510 13.5040 11.2475 8.0040 17.9318 19.5712 17.0837 12.2194 7.6243 8.5429 19.7803 12.9952 17.7917 13.3892 9.0325 19.6937 15.4960 14.1708 14.3289 17.0756 11.3824 13.1118 17.0509 7.6848 17.9305 13.6356 14.1675 7.3334 16.2760 17.1944 12.4221 12.2613 19.6568 20.5057 19.5862 20.7787 20.6904 20.9320 20.9196 21.0173 20.8282 19.2819 19.9933 20.8374 20.7100 17.5162 18.3228 20.2317 20.4170 21.0376 20.1080 19.7057 20.1723 20.8782 18.8416 20.3412 18.6151 21.0245 17.8845 20.3801 16.5184 20.1580
7.1241 9.0249 6.9162 9.1781 9.3188 12.2318 4.8098 8.5543 7.4965 6.0564 6.1359 6.0117 9.6263 7.6904 6.3520 6.0554 7.0459 7.4304 10.8614 5.5064 10.4812 0.0000 16.2359 6.6744 4.7243 6.9830 9.1435 4.7873 6.4498 7.2846 23.5016 23.3315 22.3262 23.0169 23.5682 20.2076 21.5520 23.7829 22.9346 22.0582 22.8812 23.4248 20.9285 18.1126 23.1593 20.8244 22.7725 20.4350 22.7904 20.6039 20.7009 22.4572 23.6762 21.9168 22.4124 22.9415 18.8453 21.4801 23.4732 21.5616 17.9598 14.1867 17.2770 16.7637 18.6864 13.3616 20.2661 18.1277 16.5446 21.7811 20.3412 16.9829 23.4342 22.6129 17.2058 10.6674 19.3897 20.1554 18.2897 17.7368 13.7892 18.5113 20.7997 20.2849 15.6038 16.5554 18.0242 16.0144 20.2607 15.4426 14.2654 12.0292 20.1001 22.3302 20.0313 15.7826 12.8112 12.0729 22.5487 13.9306 20.8388 13.8894 13.4663 22.4408 18.5506 17.0331 17.5812 19.4794 10.5367 13.2477 19.9231 8.8239 20.9067 17.0804 16.4066 11.0757 19.4782 20.3367 9.0074 14.3414 22.2958 23.0887 22.3181 23.3509 23.2545 23.5291 23.4857 23.6172 23.3985 22.0590 22.6005 23.4237 23.2873 20.1664 20.9005 22.8812 22.9919 23.6305 22.6930 22.3442 22.7802 23.4704 21.3460 22.9220 21.2561 23.6179 20.4986 22.9219 18.9085 22.6722
18.4399 13.1948 15.5185 14.0897 14.9901 11.7375 15.1704 16.5220 16.3708 16.7242 18.3062 17.9320 20.5390 14.6251 17.1872 16.1165 15.0928 13.8176 14.9788 16.4324 12.8304 16.2359 0.0000 16.7446 15.5461 18.0313 13.5607 16.0086 17.9224 16.2877 14.8736 14.7588 13.8529 14.3618 14.9083 12.7918 13.1194 15.1152 14.2334 13.4786 14.2139 14.8885 13.1462 11.1146 14.5875 12.4804 14.1341 12.3521 14.1760 12.7820 11.4811 13.9817 15.0317 13.6100 13.9767 14.3047 11.0228 12.9777 14.8571 13.3734 9.9031 12.2594 9.6829 12.5079 8.7559 10.5552 11.2954 10.4799 8.0597 13.2795 11.8242 8.8760 14.8236 13.7928 10.6387 11.5779 10.8178 11.2942 9.7507 10.6263 13.7318 10.5027 12.1467 11.8913 10.9884 8.5393 9.8131 6.9856 11.4812 10.4807 4.9612 10.4519 12.9279 12.8445 9.9640 13.3737 10.0005 12.2286 13.0995 7.9700 10.5259 10.8395 9.9942 13.0230 8.3117 8.5963 6.3527 11.2751 12.8438 8.7634 10.3071 12.0768 10.5284 9.1819 11.2791 12.8158 6.8462 10.2951 17.3596 9.2615 13.6496 14.4921 13.7742 14.7467 14.6969 14.8988 14.8962 14.9684 14.8564 12.8636 14.0211 14.8108 14.6948 11.8960 12.8982 14.0651 14.6098 14.9807 14.0515 13.8334 14.1135 14.8470 13.2036 14.4560 12.7464 14.9895 12.2435 14.3853 12.5649 14.2338
8.4248 9.7779 6.5571 8.6506 7.7499 13.0571 6.1499 6.5768 6.5467 9.2011 8.3851 7.7880 10.0323 8.5573 5.3026 6.0470 6.7945 8.8098 9.9205 6.8553 10.3325 6.6744 16.7446 0.0000 7.1105 8.5171 11.0931 6.5352 8.2015 9.4728 23.9487 23.7915 22.7827 23.4784 24.0104 20.2055 21.9039 24.2123 23.3920 22.5400 23.2921 23.8582 21.4241 18.7092 23.5858 21.1208 23.2466 20.9752 23.2705 21.0160 21.2042 22.8840 24.1144 22.2874 22.8123 23.4053 19.4832 22.0275 23.9158 22.0755 18.3718 15.0758 17.4645 17.2760 19.1622 14.2702 20.6406 18.5704 17.2546 22.2213 20.8497 17.6942 23.8465 23.0643 17.6547 11.3347 19.8427 20.7207 18.7850 18.2936 13.8956 18.9972 21.1858 20.6772 16.0300 17.2332 18.6707 16.6418 20.5796 16.1295 14.7446 13.1373 20.6091 22.7959 20.5796 16.4069 13.4918 11.3280 22.9977 14.6815 21.2275 15.2766 14.2380 22.8949 19.0298 17.5793 18.1609 20.0826 12.0354 14.1236 20.4859 10.5995 21.3981 17.7021 17.0728 11.2682 20.0158 20.7269 10.3592 14.6104 22.7636 23.5480 22.6540 23.8090 23.6951 23.9558 23.9246 24.0508 23.8328 22.5269 23.0529 23.8568 23.7399 20.7087 21.3829 23.3344 23.3954 24.0605 23.1718 22.8103 23.2416 23.9042 21.8585 23.3321 21.7548 24.0543 21.0711 23.3997 19.3146 23.1562
8.2902 7.9592 6.8193 8.9589 9.3204 11.4007 5.4721 8.8286 8.3791 7.1011 7.8267 7.2345 10.9021 7.4166 7.2461 6.3507 6.4630 6.2824 10.2533 5.8517 9.8976 4.7243 15.5461 7.1105 0.0000 7.8161 10.2077 6.1174 7.2915 7.9394 22.9288 22.7591 21.7678 22.4367 22.9934 19.6918 20.9501 23.2107 22.3426 21.4693 22.3112 22.8515 20.4196 17.5826 22.5862 20.2878 22.1900 19.7882 22.2105 19.9879 20.0825 21.8976 23.1039 21.3074 21.8641 22.3621 18.2708 20.8815 22.9004 21.0514 17.4456 13.4526 16.6278 16.6980 18.0687 13.1362 19.6853 17.6279 15.8036 21.2523 19.7498 16.3401 22.8666 22.0286 16.7523 10.1471 18.7559 19.5731 17.5886 17.0854 13.5202 18.0765 20.1822 19.7629 15.2720 15.9300 17.4591 15.3435 19.6784 14.8727 13.7769 11.4582 19.6871 21.7249 19.4214 15.0524 11.9530 11.5829 21.9447 13.5929 20.2185 13.7279 12.4805 21.8350 17.9392 16.3769 16.9825 18.8889 10.6982 12.9876 19.3124 8.4513 20.2583 16.3205 15.9143 10.7050 18.7843 19.6923 9.9577 13.6856 21.7220 22.5034 21.7953 22.7777 22.6837 22.9589 22.9195 23.0450 22.8415 21.4515 22.0115 22.8512 22.7131 19.5470 20.3311 22.2926 22.4530 23.0581 22.1169 21.7585 22.1939 22.9020 20.7371 22.3768 20.6309 23.0459 19.9284 22.3542 18.3766 22.0917
4.3976 11.8179 8.3758 10.1199 9.6614 14.2131 7.1962 8.1934 8.2342 6.6090 5.4451 5.7556 7.8660 8.5929 6.1264 5.4314 9.9671 10.2814 12.0611 5.9264 11.3100 6.9830 18.0313 8.5171 7.8161 0.0000 10.9268 7.7458 6.1260 6.7023 24.9922 24.8279 23.8415 24.5288 25.0611 21.4122 22.9340 25.2622 24.4242 23.6001 24.3723 24.8693 22.4305 19.7107 24.6169 22.2378 24.2918 21.9846 24.3060 22.0453 22.3116 23.9473 25.1613 23.3006 23.8727 24.4548 20.5387 23.0686 24.9619 23.0792 19.4034 16.0681 18.6351 17.8402 20.3563 14.7706 21.7798 19.5705 18.5495 23.2875 21.8878 18.7034 24.9050 24.1249 18.3814 12.3591 20.9521 21.8472 19.8293 19.3785 14.0038 19.9566 22.2038 21.8003 17.1885 18.3096 19.5439 17.8538 21.7396 16.9442 15.8820 13.7469 21.4254 23.8963 21.7183 17.6691 14.9274 12.6137 24.0988 15.6931 22.3955 15.6791 15.8476 23.9913 20.2355 18.7194 19.3192 21.0701 11.4158 15.7637 21.6224 11.0322 22.5689 18.9708 18.0440 12.5718 21.2489 21.8491 9.8733 15.6281 23.8103 24.5789 23.7368 24.8501 24.7251 25.0062 24.9761 25.0997 24.8845 23.6107 24.0821 24.9083 24.7828 21.7298 22.4091 24.3974 24.4494 25.1090 24.2117 23.8254 24.2914 24.9465 22.8760 24.4099 22.8097 25.1043 22.0777 24.4396 20.1783 24.1520
11.2198 11.5078 10.4045 11.0889 11.0830 13.8153 8.8476 11.6547 10.5830 9.9310 10.7273 10.7393 13.2568 11.0605 10.3547 10.0646 10.9302 10.8118 13.9630 10.3155 12.0653 9.1435 13.5607 11.0931 10.2077 10.9268 0.0000 9.4201 10.8582 10.1062 21.4703 21.3108 20.3347 20.9951 21.5361 18.1755 19.5013 21.7384 20.9014 20.0543 20.8349 21.3979 18.9859 16.3393 21.1267 18.7822 20.7606 18.4811 20.7684 18.7077 18.6244 20.4596 21.6400 19.9369 20.4117 20.9200 16.8907 19.4702 21.4424 19.5358 15.6925 13.9246 15.2729 14.3789 16.5187 11.7576 18.1616 16.2690 15.0379 19.6551 18.3328 14.9487 21.3915 20.5417 15.1046 10.7434 17.3629 18.0452 16.3482 15.8549 12.2601 16.3644 18.6554 18.3159 13.6361 14.5481 15.7780 14.0019 18.0235 13.7892 11.7255 13.0348 17.7779 20.1578 17.7349 16.4986 13.7270 10.9213 20.3815 12.5435 18.5358 11.3602 14.2789 20.2791 16.2172 14.9223 15.2333 17.3384 7.2576 12.3380 17.7317 10.2744 18.6521 15.9202 13.9336 12.4601 16.9618 18.0957 11.4425 12.3599 20.2540 21.0602 20.2563 21.3256 21.2249 21.4922 21.4591 21.5783 21.3805 19.9436 20.5507 21.3935 21.2602 18.1728 18.9287 20.8296 20.9904 21.5903 20.6507 20.3136 20.7391 21.4369 19.3086 20.9186 19.2226 21.5848 18.4864 20.8802 17.0920 20.6313
8.0184 8.8640 7.0260 9.5309 8.4275 12.3535 4.0130 8.4182 6.8494 6.7383 7.4507 6.9312 10.5784 8.5049 6.6248 6.4286 6.5914 7.7998 10.6415 6.2284 10.3275 4.7873 16.0086 6.5352 6.1174 7.7458 9.4201 0.0000 7.5045 7.7777 23.3402 23.1744 22.1759 22.8568 23.4044 20.0106 21.3908 23.6181 22.7807 21.8951 22.7182 23.2706 20.7824 18.0626 23.0088 20.6623 22.6132 20.3447 22.6334 20.4741 20.5514 22.2986 23.5130 21.7725 22.2572 22.7810 18.6712 21.3278 23.3096 21.3952 17.7999 14.1366 17.0709 16.7463 18.5519 13.2079 20.0604 17.9600 16.3618 21.6479 20.2447 16.9180 23.2684 22.4508 17.1465 10.5369 19.2280 20.0708 18.1443 17.5687 13.9337 18.3483 20.6764 20.1797 15.5925 16.4390 17.9433 15.9285 20.0703 15.3126 14.0562 11.8355 20.0900 22.1585 19.8642 15.5927 12.5042 12.0484 22.3744 13.7783 20.6572 14.0688 13.2094 22.2684 18.3714 16.8920 17.3613 19.4006 10.7924 13.2670 19.7601 8.9415 20.7218 16.9332 16.4470 10.9606 19.2849 20.1438 10.2702 14.3400 22.1460 22.9404 22.1736 23.1923 23.0914 23.3646 23.3274 23.4561 23.2506 21.8840 22.4879 23.2586 23.1277 20.0348 20.7491 22.7178 22.8463 23.4665 22.5310 22.1863 22.6216 23.3073 21.2056 22.7844 21.1216 23.4543 20.3618 22.7736 18.8587 22.5606
6.0203 11.8246 8.1642 10.5254 10.0867 13.9545 7.3211 8.8726 8.8782 7.0379 6.4655 6.2742 8.8202 8.8390 7.4564 5.9782 9.2746 9.9697 11.1038 6.1360 11.5886 6.4498 17.9224 8.2015 7.2915 6.1260 10.8582 7.5045 0.0000 7.4647 24.5841 24.4189 23.4623 24.1165 24.6524 21.0645 22.5732 24.8573 24.0199 23.1891 23.9668 24.4990 22.0884 19.3196 24.2227 21.8841 23.8781 21.5542 23.8932 21.6345 21.8654 23.5730 24.7549 22.8906 23.4930 24.0471 20.1253 22.6394 24.5573 22.7046 19.0356 15.5686 18.3750 17.5985 19.9868 14.8583 21.3511 19.3121 18.0487 22.8884 21.4957 18.2669 24.5039 23.7202 18.1164 12.0230 20.5397 21.4005 19.4181 18.9804 13.9628 19.6434 21.8423 21.3957 16.8077 17.8237 19.1829 17.4425 21.3116 16.6015 15.6722 13.9774 21.1350 23.4696 21.2774 17.2468 14.9120 12.5573 23.6772 15.8247 21.9531 15.1438 15.7182 23.5701 19.7776 18.2895 18.9578 20.6853 11.5132 15.1531 21.1656 10.4368 22.1185 18.4844 17.6285 12.2699 20.8104 21.4314 10.5154 15.2994 23.4090 24.1687 23.3933 24.4412 24.3253 24.6070 24.5724 24.6962 24.4970 23.1951 23.7019 24.5046 24.3749 21.2994 22.0290 23.9821 24.0793 24.7066 23.8011 23.4407 23.8828 24.5489 22.4573 24.0303 22.3798 24.6984 21.6630 24.0235 19.8528 23.7873
7.0824 9.4857 9.9106 10.6563 10.5252 13.0179 5.9024 9.2898 9.3695 3.7231 6.8625 6.1506 10.9899 9.7985 8.6944 6.4389 9.8235 9.8800 12.2478 7.8773 11.0027 7.2846 16.2877 9.4728 7.9394 6.7023 10.1062 7.7777 7.4647 0.0000 23.5011 23.3402 22.3912 23.0239 23.5623 20.2757 21.5915 23.7692 22.9377 22.0869 22.9027 23.4476 21.1035 18.3977 23.1684 20.9226 22.7834 20.4543 22.8024 20.7213 20.7722 22.4926 23.6691 21.9313 22.4802 22.9518 19.0085 21.5236 23.4738 21.6742 18.1798 14.1919 17.4956 17.3182 18.8707 13.9697 20.2966 18.3728 16.7621 21.8684 20.4832 17.1681 23.4340 22.6323 17.3881 11.5344 19.5372 20.4067 18.3820 17.9201 14.5281 18.8128 20.8505 20.5577 16.1243 16.6379 18.2012 16.1750 20.3038 15.9118 14.4984 11.7084 20.4088 22.3211 20.1079 15.9405 13.0562 12.3481 22.5331 14.3755 20.8458 14.3866 13.4674 22.4308 18.6491 17.2829 17.7157 19.6557 9.4498 14.8583 19.9477 8.4968 20.9016 17.1301 16.8719 11.6966 19.4660 20.3444 11.9910 14.6823 22.3293 23.0954 22.3936 23.3597 23.2763 23.5273 23.5028 23.6145 23.4296 22.0649 22.6263 23.4252 23.2995 20.2289 21.0123 22.8834 23.0684 23.6256 22.7115 22.3724 22.7887 23.4748 21.3819 22.9962 21.2910 23.6139 20.5863 22.9664 19.1134 22.7288
25.3117 20.9463 23.0133 21.8891 22.6111 18.3305 22.7151 23.7426 23.6605 23.8009 25.1633 24.8362 26.9924 22.2937 24.3253 23.5192 22.5464 21.5290 20.8662 23.6869 20.9104 23.5016 14.8736 23.9487 22.9288 24.9922 21.4703 23.3402 24.5841 23.5011 0.0000 0.3060 1.9731 0.8805 0.1875 6.0091 3.2033 0.4856 1.1356 2.1845 1.1795 0.6348 4.2906 7.5422 0.6469 4.3832 1.2023 4.7687 1.1648 4.8281 7.6226 1.6682 0.3241 2.6246 1.9209 0.8062 7.5930 3.2079 0.1820 3.5357 9.3651 16.2696 10.2983 10.9845 10.7771 14.9300 7.8327 9.1898 12.3930 2.3604 7.7302 10.2309 0.4611 2.1385 9.0612 17.5638 8.3830 7.8680 9.2686 9.4160 16.3366 9.2600 4.1355 4.5878 11.4357 10.6375 9.1518 11.5723 7.9714 12.2637 15.4637 19.1107 5.4223 7.3200 10.4941 16.0989 18.7795 18.7638 7.3192 16.9474 10.4313 15.3187 18.6562 7.3156 10.9698 11.5664 13.1204 8.2502 20.0396 16.7553 8.5719 19.8606 10.3373 12.4845 13.6741 18.3416 12.6772 10.4464 24.3157 14.6681 1.8032 0.7152 2.7626 0.3062 0.6835 0.3916 0.3977 0.3486 0.4643 4.5964 1.5601 0.4441 0.3267 4.9757 3.8888 1.4984 1.1946 0.3704 1.2228 1.7010 1.1854 0.4048 3.1860 1.0830 3.6505 0.2379 4.4150 0.8401 7.9024 1.4632
25.1459 20.7992 22.8505 21.7401 22.4596 18.1780 22.5571 23.5882 23.5027 23.6410 24.9965 24.6715 26.8211 22.1327 24.1651 23.3564 22.3955 21.3748 20.7206 23.5262 20.7665 23.3315 14.7588 23.7915 22.7591 24.8279 21.3108 23.1744 24.4189 23.3402 0.3060 0.0000 1.8128 0.7528 0.4420 5.8809 3.1047 0.7429 1.0735 2.0070 1.1595 0.7213 4.1261 7.3443 0.6149 4.2542 1.0292 4.5977 1.0020 4.6568 7.5548 1.5218 0.5683 2.4596 1.8126 0.6129 7.4315 3.0230 0.3216 3.4131 9.2487 16.1218 10.1765 10.8331 10.6877 14.7636 7.7763 9.0879 12.2571 2.2438 7.6656 10.0945 0.5983 2.1149 8.8958 17.4042 8.2905 7.8020 9.1429 9.3023 16.1850 9.1590 3.9979 4.4564 11.2631 10.4924 9.0372 11.4274 7.9104 12.1112 15.3424 18.9648 5.2931 7.3161 10.4162 15.9761 18.6407 18.6084 7.3273 16.8278 10.3784 15.1686 18.5220 7.3180 10.8734 11.4596 13.0156 8.1615 19.8786 16.6293 8.4709 19.7039 10.2872 12.3804 13.5746 18.1990 12.5983 10.3875 24.1482 14.5245 1.6341 0.5827 2.7439 0.2161 0.6801 0.5873 0.5450 0.5870 0.5662 4.5678 1.5115 0.5603 0.3569 4.7903 3.7279 1.4657 1.1547 0.5911 1.0722 1.5631 1.0485 0.5236 3.0468 1.0262 3.4921 0.4826 4.2307 0.7271 7.7231 1.3804
24.1522 19.8161 21.8410 20.7242 21.4301 17.1478 21.5746 22.5578 22.4868 22.6965 24.0171 23.6685 25.8381 21.1221 23.1472 22.3499 21.4446 20.3521 19.7718 22.5131 19.7581 22.3262 13.8529 22.7827 21.7678 23.8415 20.3347 22.1759 23.4623 22.3912 1.9731 1.8128 0.0000 1.3407 2.0271 4.7471 2.1765 2.3385 1.5961 1.0699 1.5331 2.0534 2.7189 5.9771 1.7917 2.8915 1.1180 3.7152 1.1192 3.3876 6.5962 0.8876 2.1974 1.8725 1.1354 1.4377 5.9787 1.9002 1.9141 2.1989 8.0824 15.1320 9.0046 9.7405 9.7005 13.5848 6.8574 7.8883 11.1822 2.0798 6.7122 8.9335 2.0237 1.8899 7.8949 16.2698 7.1801 6.8706 7.9488 8.2030 15.3005 7.9231 3.3899 3.9323 10.0832 9.3097 7.8922 10.2947 6.9737 10.8177 14.3754 17.9709 4.6398 6.6430 9.5942 15.0467 17.6821 17.5195 6.6935 15.8508 9.6767 14.0939 17.6145 6.6725 9.9085 10.4570 11.9905 7.1710 18.8619 15.6706 7.4247 18.7217 9.4794 11.4074 12.5816 17.1682 11.7757 9.5242 23.1347 13.4591 1.0814 1.5895 2.4060 1.8041 1.9061 2.1346 2.0922 2.1730 1.8923 3.7625 1.9376 2.0339 1.8122 3.5648 2.4959 1.6188 1.7725 2.2147 1.2731 1.0393 1.2717 1.9869 2.3418 1.5130 2.4395 2.1330 3.0124 1.5242 6.4294 1.9120
24.8481 20.4470 22.5219 21.4014 22.1246 17.7884 22.2324 23.2658 23.1817 23.3313 24.6996 24.3728 26.5414 21.8029 23.8586 23.0359 22.0668 21.0309 20.3768 23.2091 20.4089 23.0169 14.3618 23.4784 22.4367 24.5288 20.9951 22.8568 24.1165 23.0239 0.8805 0.7528 1.3407 0.0000 0.9329 5.5722 2.6651 1.3160 0.6240 1.4292 0.7875 1.2138 3.8145 6.9228 0.8718 3.6876 0.3850 4.1112 0.4073 4.2514 6.9191 1.0728 1.1566 2.2289 1.4459 0.5958 6.8244 2.4334 0.8554 3.0332 8.6816 15.6801 9.6112 10.4395 10.1475 14.4145 7.1798 8.5045 11.7145 2.0137 7.0543 9.5546 1.0775 1.5487 8.6199 16.9905 7.6556 7.2044 8.5285 8.7327 15.9076 8.5861 3.6381 4.3053 10.7973 9.9093 8.4534 10.8963 7.3144 11.5986 14.9487 18.5833 5.1587 6.7349 9.9782 15.5254 18.2565 18.2311 6.7522 16.4677 9.9733 14.7844 18.1406 6.7418 10.3375 10.9480 12.5657 7.5735 19.5310 16.2763 7.8357 19.3399 9.7416 11.8715 13.1280 17.7947 12.1662 9.8391 23.8391 14.1207 1.0382 0.5445 2.4290 0.6829 1.0036 1.1304 1.1075 1.1554 1.0350 3.9076 1.4180 1.0557 0.7262 4.2846 3.3145 0.8956 1.3295 1.1836 0.6110 1.1995 0.4708 1.0209 2.6764 0.9790 2.8903 1.0794 3.6633 0.6326 7.3267 1.3933
