0.0000 27.0471 29.5027 29.4888 24.3159 25.7101 24.4650 16.5193 50.9323 20.5293 26.0259 18.7886 33.3649 20.3503 20.6527 23.6677 23.8247 24.0348 19.0234 32.8168 8.4645 18.6117 11.7337 33.3461 23.1761 12.7506 28.9071 9.8991 54.8284 13.8809 41.3541 34.1581 35.3206 78.9379 25.1407 153.1263 49.9635 32.4714 31.0173 37.4920 71.1862 46.9114 37.6624 16.0167 33.4972 34.7687 43.3355 31.8194 38.1876 41.2410 32.5644 78.9379 30.9151 45.2136 46.1898 84.1410 24.7302 39.3272 23.7765 21.7758 15.2769 15.5754 33.8057 48.1546 24.6897 58.2374 37.8745 20.4383 15.4997 26.3283 30.0041 33.3923 13.0308 22.7100 29.5408 15.3978 20.2207 31.5393 15.2173 17.5473 32.7902 14.4981 24.3126 31.1814 26.2693 17.6142 13.4736 24.7696 21.5102 28.9098 20.9118 28.0406 26.2756 23.9663 15.7787 21.1280 22.0573 16.9782 13.6288 17.3283 30.7074 15.8751 34.0790 11.3601 41.5472 24.7941 15.4452 25.5023 25.2313 16.1991 15.4462 18.5928 16.4253 18.1883 17.1799 39.9763 67.2398 20.8358 25.6330 10.9400 41.1532 17.3130 24.1223 36.1337 34.2507 30.4509 41.8181 35.2213 30.9125 22.8550 28.3903 25.8214 46.1446 34.8664 31.6587 32.6676 38.3408 57.3059 25.6494 32.0001 69.7183 114.4584 26.9231 38.0325 33.4494 26.2114 122.3652 31.9272 54.6623 27.3310
27.0471 0.0000 15.7621 8.7425 12.6575 21.6948 10.8132 17.5741 37.0774 16.2398 19.8233 17.7323 9.0821 18.7233 24.6531 9.7689 3.6420 21.1490 27.1030 13.9348 23.7263 14.5583 19.6397 10.9502 8.3986 24.9449 9.0992 20.1316 45.7134 34.3481 50.8215 37.0376 44.8857 71.9227 33.5921 145.5347 52.4632 38.2740 37.1924 36.5927 64.1711 41.3618 42.1482 28.1588 38.1557 43.9956 27.9200 42.1086 40.4752 40.5667 36.9065 71.9227 36.8143 42.5235 47.5237 99.0813 32.3358 29.8019 38.2381 22.5049 19.7166 22.7498 20.1658 35.7195 23.7030 48.1481 19.2299 31.3082 19.8902 7.8799 7.1119 32.9090 21.7293 23.0464 25.1992 27.5221 31.2434 16.4855 27.2999 20.8879 14.0813 16.6461 24.7802 23.2441 11.5823 18.9597 27.6350 33.3268 23.4482 30.1215 29.7123 15.6690 32.9741 34.7821 29.0323 13.6090 7.4006 30.5510 15.3082 27.9316 37.5864 15.6987 19.2255 18.8537 25.8650 35.4496 15.9185 14.4581 25.5471 32.5300 25.5447 22.3939 22.6905 39.4862 23.6815 29.0367 59.1719 30.8518 14.1951 24.6273 23.8681 34.5328 17.4896 37.3715 39.8421 30.3186 39.9339 37.5946 33.4210 26.7536 37.8719 35.8794 35.1784 38.3827 38.4200 35.9052 39.6769 47.4822 33.5033 23.5222 61.6021 106.9154 30.1841 42.0607 38.4073 25.8433 114.7735 36.0074 44.9598 33.8151
29.5027 15.7621 0.0000 9.8115 5.8478 10.3147 5.6921 19.3464 32.1002 18.4500 14.4919 16.6488 15.8753 10.3898 21.9180 8.2845 13.8390 13.9122 18.3197 15.3128 22.7410 19.2748 23.7828 16.7513 12.2216 21.8028 14.5490 20.3091 33.0014 31.6325 50.5668 26.1503 43.6055 56.9283 23.2790 132.1526 48.7427 29.8648 28.6619 24.1360 50.1884 32.8212 33.9859 32.4729 28.8286 40.7852 28.1822 42.4660 35.2750 28.1783 27.2637 56.9283 28.7042 35.7785 44.5277 109.4435 26.2261 23.1227 38.9242 12.3171 19.2096 20.8568 11.4783 25.2014 16.7276 36.5845 19.2394 23.4679 20.0145 14.1074 16.6169 19.8095 20.8442 18.3958 16.6112 17.6356 22.3566 6.3213 20.0642 17.2622 13.3211 17.4733 20.2778 17.8113 9.7951 17.1770 24.7060 23.5299 19.3322 21.5456 20.9174 11.2680 21.4460 25.6362 25.3333 11.2002 15.7113 22.5923 20.7169 18.8106 31.8311 19.5522 16.5578 27.0702 21.3632 28.8132 14.2564 12.9555 15.9661 27.8679 17.9527 19.4213 17.2831 37.6219 21.1293 17.5733 46.9567 23.7118 28.9284 25.6367 26.5770 36.3827 14.4120 24.9182 29.1630 18.7924 30.9031 29.8109 28.5977 36.4965 27.8564 26.7089 24.6003 29.7819 28.1519 26.9924 26.8534 38.2751 23.4853 14.4670 48.1530 93.0487 22.1028 38.3338 32.5144 16.6301 101.3915 26.3098 32.7331 29.6077
29.4888 8.7425 9.8115 0.0000 9.6786 17.7887 7.6718 17.5395 33.4365 16.4991 15.6431 17.7571 10.7350 15.5680 22.5764 8.8092 8.2684 17.5112 23.1647 12.4958 22.2471 13.9052 22.2129 11.5064 8.6734 23.4499 8.9330 19.6227 39.0735 32.4734 53.0524 30.9141 46.3572 63.4632 29.7087 137.7236 51.2030 35.4403 33.9361 30.2823 56.1729 35.8734 40.1887 29.3972 33.5863 45.0993 26.4728 44.0234 39.8476 34.9880 33.1270 63.4632 32.9945 40.3141 46.8441 106.1245 30.2391 27.3094 40.9311 18.6434 19.7754 22.0910 16.0446 27.4328 19.4235 43.3072 17.6057 27.3489 19.9204 10.7377 8.9505 24.8121 20.8278 21.0696 22.8115 22.7486 27.7262 11.2536 24.4186 19.2853 12.3605 17.3115 22.5785 19.7857 10.5488 17.1847 25.1659 28.5621 21.4388 25.7840 24.6301 14.1001 28.1106 31.1241 27.9169 13.6032 9.0613 27.2981 17.4868 23.7974 35.2653 16.2424 15.2508 20.7844 22.7727 32.3567 15.7389 14.7618 21.7049 30.2620 22.8447 21.0641 21.1608 39.4519 23.4899 23.4245 51.9185 28.3064 21.3627 23.7839 22.2942 34.2946 16.6195 30.0243 35.7631 25.4949 34.8774 33.7477 31.3227 30.0308 33.6923 32.3734 31.3020 34.6033 34.1811 31.2012 33.9651 41.8506 28.9323 19.1357 54.0292 98.7820 27.1383 40.4545 35.8675 21.1616 106.9624 30.8655 39.1371 31.5094
24.3159 12.6575 5.8478 9.6786 0.0000 9.7208 3.8954 15.4520 35.1951 15.7288 11.9171 11.1775 17.1359 8.2453 18.3674 4.1227 9.7518 13.6497 18.8365 15.8619 19.3904 16.1736 19.2248 18.4452 9.3514 17.6124 14.0764 16.4551 35.4668 28.6894 46.5849 26.4548 39.9295 60.9178 23.8511 135.7720 46.1287 29.4076 27.2044 25.8373 54.3168 32.2622 34.2131 30.4881 27.5876 37.0973 29.2457 38.4849 33.0515 30.5354 27.5556 60.9178 27.6889 34.3905 41.4313 104.2777 23.9161 22.6358 34.5347 11.7448 16.8829 15.9775 16.3089 28.8032 14.0193 40.0929 20.3891 21.1355 17.8487 13.6234 16.2652 21.1879 19.4200 14.4906 15.0538 16.1288 21.9186 9.0248 16.6534 12.0906 14.2499 12.4329 16.1808 15.2871 9.6880 14.8234 22.4943 22.7641 15.3534 19.9359 18.1241 10.9810 21.9548 26.2204 21.3090 5.7166 11.5973 20.1505 15.9457 16.6613 28.5596 16.0830 16.4867 23.2839 23.5553 26.4171 9.7026 12.0782 13.5897 24.7528 15.7328 15.2034 12.6399 34.9643 16.8940 21.5723 50.9550 21.6858 23.8880 22.5025 27.4239 32.6242 9.5425 25.9634 29.7301 19.4881 29.5970 27.8317 25.4506 34.4539 26.9068 26.9143 27.0851 29.1009 28.9055 25.7309 27.9853 41.6981 22.3370 14.4009 52.6311 96.6680 20.8852 35.0262 29.7064 14.4578 105.0108 25.8353 35.7600 26.5018
25.7101 21.6948 10.3147 17.7887 9.7208 0.0000 12.2998 19.3577 37.0189 18.5081 17.4892 14.1487 24.5556 6.1475 18.4533 12.2809 19.3436 16.4876 20.3894 22.3226 19.8307 18.0107 22.1793 25.7063 16.6538 20.2883 22.6676 17.5098 35.6693 29.2225 50.5348 24.2768 43.8745 60.6044 23.3235 134.9576 48.5270 28.4639 25.7592 26.7934 54.3368 36.9690 36.0853 32.6885 28.4689 38.9661 33.2753 42.5949 36.1380 28.9756 28.3041 60.6044 29.5625 35.6960 44.8549 106.1880 26.1398 28.2158 38.2016 8.7625 18.7073 17.8636 18.1386 30.1679 16.2205 39.8817 25.1953 22.5120 18.8535 22.5382 24.6307 20.4963 19.0320 16.9819 13.0088 16.2753 22.5415 15.1441 15.8667 14.1252 20.0498 16.6075 20.9229 18.9270 16.2925 17.1371 23.6099 23.6287 18.6438 20.7895 14.7584 18.6489 22.3036 26.4242 23.1650 12.3899 17.4287 18.7703 17.8309 16.9146 29.5678 17.5819 22.6444 24.8992 26.5611 29.5907 10.6692 20.4475 10.7397 25.9261 14.9691 17.3123 14.9562 33.7300 19.5957 23.8104 51.9108 23.5481 26.7073 24.4788 32.9612 34.9699 16.9159 24.6461 29.5776 21.7652 31.4541 30.0949 28.8356 35.2319 25.5022 25.6732 27.2951 31.1118 30.2229 26.5981 27.1736 43.3286 22.0967 18.7568 51.8365 95.8537 23.5522 39.0045 30.4799 17.6308 104.1964 27.4801 36.7059 28.4878
24.4650 10.8132 5.6921 7.6718 3.8954 12.2998 0.0000 14.1175 32.9001 14.6594 11.6155 12.1813 13.5334 9.5109 18.7266 3.5292 8.2552 12.0592 17.0553 12.5991 18.0147 14.7082 18.2388 14.6980 7.9035 18.0607 11.6176 15.3067 35.8937 27.6374 47.2237 26.6177 40.5747 61.1404 23.5443 135.6642 47.3666 29.1564 28.1244 26.1264 53.3887 32.6995 33.9692 29.0654 28.3830 37.9304 27.1285 38.7145 33.4079 30.6763 27.4113 61.1404 28.0506 34.9976 42.6617 104.6243 23.8745 22.7334 35.0563 12.4783 15.4601 17.0263 12.8769 27.7686 14.4935 39.3846 17.6150 21.6706 16.4005 10.8011 12.5180 22.4329 17.8961 17.1225 18.0003 17.4189 21.7250 7.2745 17.9180 13.7684 12.3995 12.1032 19.0045 17.7786 7.3418 13.0030 20.8960 23.1021 17.6075 22.4974 20.5801 8.8910 22.6823 25.0121 22.9387 7.5713 10.2215 21.1969 15.3752 18.2172 29.5054 14.9354 13.6894 22.0564 21.3684 26.3352 9.6480 9.7889 16.0035 24.6821 16.4017 15.6618 15.6756 33.9911 17.7676 19.2819 48.7387 21.8129 23.4137 20.9785 23.8568 31.9250 11.2511 26.9164 29.6906 20.1031 31.4268 28.5561 26.9136 33.0311 28.0897 26.5568 27.0602 29.7373 28.6273 26.7898 29.3132 39.2183 23.5097 14.4547 51.1237 96.5603 21.2162 36.5402 31.3013 15.9151 104.9031 26.1016 35.3481 28.0624
16.5193 17.5741 19.3464 17.5395 15.4520 19.3577 14.1175 0.0000 41.4436 13.1842 15.3693 14.7390 21.2909 14.2432 13.2661 13.1964 14.5706 11.0752 16.2001 20.2988 12.4052 10.7358 8.4132 22.4254 12.3064 9.2510 19.0435 8.7226 46.7227 23.3438 42.8310 29.0004 35.0626 71.7641 23.2402 145.9352 46.5149 29.7547 29.0836 28.6568 64.0125 36.9496 32.7829 23.6601 27.8913 33.1981 34.9513 31.8433 31.7181 35.1258 28.0231 71.7641 25.3408 38.5375 41.5758 95.4746 21.2785 31.8325 26.4539 18.1706 10.7776 11.9968 22.5857 38.5957 13.7538 49.4954 25.6147 18.1561 11.2100 18.5925 20.4473 26.2450 12.5451 16.1175 17.5115 15.2111 18.4475 17.5832 16.2546 13.0267 21.2625 8.5739 14.3875 21.9750 15.3152 5.8621 14.9437 20.5761 13.3163 24.1252 19.2709 18.7000 22.8688 24.3080 17.7132 15.8195 15.1691 18.1480 8.4213 14.0455 27.8667 11.4770 22.6901 12.6394 30.1317 24.0686 10.9981 19.0408 13.8632 19.6896 11.5179 12.0548 12.1162 29.0170 12.1989 29.2542 59.5152 19.6179 22.8846 11.5271 31.6659 24.6696 16.5179 30.6393 29.4988 21.0503 34.8996 28.7965 25.4580 25.3632 26.3652 25.3863 37.2853 28.5048 29.0229 27.3127 32.0676 48.8614 22.1212 24.0526 61.9217 107.1582 18.9576 34.3669 30.6324 15.2621 115.1741 26.8536 45.7509 26.7187
50.9323 37.0774 32.1002 33.4365 35.1951 37.0189 32.9001 41.4436 0.0000 39.7684 34.6832 43.5143 33.3049 38.8723 39.2725 34.0806 34.3813 34.1186 38.7293 24.3022 45.5207 39.4691 46.6249 33.0651 34.9350 48.1292 30.2158 44.4631 11.2045 56.1253 66.0653 42.3569 58.9062 37.9966 44.3639 111.8939 53.7794 45.4366 42.4355 36.3827 29.6696 37.6821 52.0146 54.0827 44.1542 59.6321 20.2025 62.1306 50.0888 35.2805 45.8461 37.9966 50.3759 40.8516 51.1477 129.5566 48.5495 31.6921 60.8344 39.1216 42.6106 45.3584 23.7755 15.9638 40.0872 12.2127 20.8365 46.6752 41.4243 33.4552 38.6297 33.6736 42.1917 37.0117 35.4375 46.3685 44.6086 28.4017 48.7498 45.8332 28.9824 42.0150 38.7331 34.0601 30.3035 37.4973 46.9625 44.9390 41.4570 34.5260 42.7645 27.0573 43.7750 43.6430 44.7721 39.1719 34.5306 43.6811 42.8348 40.1802 48.5369 41.3298 22.5241 48.3102 14.5477 45.7333 38.5662 32.0566 40.2069 50.9949 43.3075 41.8691 41.2412 60.4139 43.3046 18.1828 25.1896 47.3719 48.8028 45.8330 30.5381 60.4695 37.3113 37.3342 47.0698 37.8178 36.0199 45.1357 42.3650 56.1165 46.9695 47.3747 13.7091 46.6176 48.0604 45.8065 41.3134 13.6760 43.6855 26.3362 25.9751 73.3649 40.6161 47.8986 44.5357 37.7138 81.1327 44.8023 10.1963 43.0716
20.5293 16.2398 18.4500 16.4991 15.7288 18.5081 14.6594 13.1842 39.7684 0.0000 16.6236 14.0734 18.1157 13.0708 20.6238 12.8552 12.7854 13.5542 19.3201 20.5286 14.2420 7.9100 9.9413 17.2930 8.9104 16.9633 18.6063 12.7886 47.5572 22.8763 46.4646 31.8087 42.0078 69.7546 25.9779 143.7649 50.3192 34.2143 34.8463 30.7895 62.5783 39.0914 34.3426 17.4915 32.8327 39.0544 31.5033 37.9688 34.5131 34.7352 30.6068 69.7546 30.2398 42.2700 44.9982 94.7906 24.8643 32.0559 32.9786 12.4933 6.7679 17.6186 23.6731 34.3643 15.8992 49.9921 26.1056 25.0764 7.9958 14.2038 14.7588 29.5575 12.1854 20.9534 24.0358 20.6491 23.1655 20.7564 18.6157 12.8272 23.5054 10.9126 22.6209 26.9784 19.3212 13.1196 18.8231 25.9625 22.3955 31.0218 24.0262 20.6525 26.0742 27.1531 26.7822 15.0205 12.5906 25.2245 13.9221 23.0474 34.0198 6.2380 24.3206 13.8706 31.8738 30.4562 9.4809 18.5657 19.6864 24.5562 20.3385 18.8128 20.8627 26.0031 20.9616 28.4669 58.4482 25.9086 17.1061 17.3540 28.5352 24.6982 19.4878 34.6096 32.5379 23.5890 38.9237 33.8555 30.3942 21.3951 32.7810 27.5432 38.9476 32.7403 30.5487 32.5399 33.6256 47.7820 27.5274 25.8441 61.4092 104.7430 23.7184 40.2646 36.3484 19.4425 113.0038 30.1109 46.9873 32.3607
26.0259 19.8233 14.4919 15.6431 11.9171 17.4892 11.6155 15.3693 34.6832 16.6236 0.0000 12.5452 21.3985 15.3335 11.5307 11.9941 16.7188 12.2291 14.1228 20.4586 22.1132 14.1565 19.2752 20.7317 12.9488 15.6341 16.9721 18.4788 35.4333 30.1104 42.4495 20.1491 33.9772 57.0155 17.3919 132.4729 40.7247 23.0484 22.2543 19.5873 49.2638 26.5150 27.7856 30.0950 21.4031 32.1934 27.4919 33.7003 27.0231 24.6040 20.6896 57.0155 22.7811 30.1036 35.4185 104.1898 18.4644 20.9589 30.4946 13.4767 17.8221 15.3635 19.7711 27.3932 8.6492 39.4126 24.2221 17.2750 20.1051 17.6010 19.2155 17.9757 22.5179 10.0233 15.2211 19.3225 19.8550 10.0897 19.1924 13.0857 20.3797 13.7006 13.8232 15.7871 12.4820 13.9522 23.3903 16.9472 15.8018 19.2042 21.1192 16.9185 17.8594 18.5126 17.8061 10.4989 16.3336 17.3634 20.0549 16.4064 22.3657 16.4812 19.6621 22.7752 25.4572 19.2900 13.6647 15.1600 16.8168 24.0272 18.4447 12.3074 17.4581 34.8882 13.2540 21.9131 45.3637 17.2930 24.7208 19.8215 26.1545 30.9478 7.7083 21.6419 22.7686 12.6830 25.8258 22.3344 20.3781 32.7780 21.2135 23.0641 28.7704 22.6491 24.0514 19.9894 23.5865 37.5436 16.0804 14.2645 48.4197 93.3689 14.1507 29.1859 24.9680 8.4346 101.7117 18.8109 35.3282 20.7160
18.7886 17.7323 16.6488 17.7571 11.1775 14.1487 12.1813 14.7390 43.5143 14.0734 12.5452 0.0000 24.4980 11.5369 15.8101 11.6873 14.9287 16.4815 19.8768 23.9498 18.8812 13.6984 13.9227 24.3609 14.3091 13.4628 18.8648 14.1471 43.6132 27.3600 41.8302 29.1656 33.5994 68.4910 25.5761 143.1097 42.2271 31.2754 29.3769 29.4184 60.7393 36.4512 35.6802 28.5008 29.9830 36.1034 33.9459 33.6165 34.0333 34.9020 29.8078 68.4910 28.5853 36.9533 38.7147 93.9652 24.8723 25.7976 26.7877 10.7855 15.2764 10.8606 24.9338 36.2608 13.6283 48.9994 26.9483 21.1529 17.7867 17.3307 20.9468 27.0947 20.1996 12.6405 19.1848 18.1775 23.9111 18.7591 15.8390 7.3301 19.6258 7.1119 14.1139 15.2398 15.3272 16.3912 23.0005 24.1523 11.5673 24.2203 19.7051 17.8828 24.7640 26.7101 19.4744 7.5143 16.4093 20.8943 12.4031 20.3292 27.8545 13.6865 23.6698 19.0001 31.0990 26.6466 8.5577 13.5046 16.0448 24.7582 17.8489 12.8059 16.0080 32.0707 12.9604 29.2574 56.8303 22.2725 14.9565 21.0987 32.4599 27.6239 10.8337 30.8825 31.8481 22.1141 32.4630 29.8515 25.9642 30.8112 28.8647 27.7234 35.1586 31.3296 30.4889 27.6706 32.6262 48.2112 24.0240 20.6464 59.4790 104.4612 22.4122 34.0411 29.6550 15.9547 112.3486 28.1280 44.8765 24.4447
33.3649 9.0821 15.8753 10.7350 17.1359 24.5556 13.5334 21.2909 33.3049 18.1157 21.3985 24.4980 0.0000 22.0235 27.6361 14.4764 10.2543 21.3258 26.9413 10.2150 26.7310 17.0479 24.3169 2.2012 11.9189 28.8377 7.2694 24.3033 42.0484 36.9216 52.9342 36.2913 48.8412 66.8644 33.4915 140.5923 53.8366 38.4433 38.2289 34.7175 59.1128 39.6115 42.3631 28.8554 38.2802 47.1559 23.2250 45.5919 39.9325 38.2046 36.2343 66.8644 37.7346 43.9246 49.3090 103.5127 33.7384 25.0860 43.3894 24.5246 21.6580 28.3500 15.8180 30.6612 24.7801 44.1960 16.2995 32.7895 22.0581 8.0012 6.0214 31.6567 24.4150 27.3794 29.3288 28.9052 32.0247 16.3018 30.1226 26.0381 12.7356 22.6944 29.7819 27.1970 15.2675 20.0491 29.2690 33.5631 28.2475 33.0160 32.1956 13.2491 32.8177 34.5563 32.9975 19.7178 11.9438 32.4995 22.1332 29.7708 39.7988 18.7180 15.8363 23.0744 23.1390 36.1152 19.6278 12.8788 28.2028 34.6608 27.7781 26.6233 27.4538 40.9592 28.7406 23.9784 54.0859 32.4741 17.9385 26.8947 17.1923 38.8762 22.6404 36.1318 38.9406 29.9300 40.8890 38.8792 35.9417 26.2638 38.6458 36.3613 32.0073 38.7406 37.9718 36.8838 38.8548 42.8775 34.1979 20.3693 56.7673 101.8554 30.7897 45.0217 41.2520 26.6897 109.8312 35.8708 41.3385 36.8550
20.3503 18.7233 10.3898 15.5680 8.2453 6.1475 9.5109 14.2432 38.8723 13.0708 15.3335 11.5369 22.0235 0.0000 18.1446 9.1651 16.3445 12.6921 17.4229 20.3782 14.0848 12.7840 17.1408 23.2535 13.4448 16.0719 20.5060 12.0815 40.2851 24.2403 47.9093 27.1750 41.9581 64.7448 23.2259 139.5117 50.1649 29.5454 28.1900 28.9084 57.9093 37.2819 35.1065 27.8783 29.8609 38.1841 34.1496 39.9694 34.2839 33.0705 27.4639 64.7448 28.2391 39.1438 44.5871 102.8457 23.8942 29.3406 34.9300 8.2710 13.8337 14.3615 17.2466 32.5284 14.7950 43.8147 23.7418 21.4752 13.8261 20.0576 21.5707 22.4699 14.5541 14.7259 15.5733 15.4095 19.7051 13.3179 14.9738 10.4878 18.4387 11.5407 18.2362 18.6652 13.4963 12.2619 18.3993 23.2375 16.3091 20.8156 17.7146 16.6008 21.8535 24.4753 20.0804 11.6002 14.0048 18.6068 12.3995 13.7059 30.6113 12.3934 21.3584 19.5424 27.2967 26.0318 5.6799 18.4673 14.2103 21.4716 12.7565 16.2240 11.8197 30.0790 17.1095 25.2871 54.4695 21.8931 23.3595 19.4101 31.7271 31.0837 16.3379 27.4964 31.3226 22.2471 34.0573 30.6299 28.6255 30.4217 27.5234 24.7139 31.4061 30.9161 29.5985 28.5264 30.6417 45.2681 23.8865 19.2844 55.9285 100.4469 21.8420 38.4347 33.0186 15.8247 108.7506 27.5983 39.9089 28.2634
20.6527 24.6531 21.9180 22.5764 18.3674 18.4533 18.7266 13.2661 39.2725 20.6238 11.5307 15.8101 27.6361 18.1446 0.0000 18.6437 21.6373 14.8946 14.5113 24.4139 19.9752 15.4143 16.1117 27.1026 20.8322 12.8383 21.1552 15.3916 39.0961 27.8425 40.4476 19.4636 30.7529 61.5927 15.9164 136.8478 38.3876 20.3552 18.3800 22.4219 54.5812 32.6099 29.0742 28.4415 20.5180 26.7399 30.6472 29.8339 26.1806 25.9700 21.9337 61.5927 22.0508 30.7878 36.2725 97.7491 16.4840 22.8390 25.2742 15.5560 17.6745 9.4831 25.5568 31.8187 7.9487 44.9213 27.8636 14.1381 19.1624 21.6965 26.1015 20.1313 20.7747 10.7627 14.6365 16.5583 18.6798 17.8725 14.4287 12.3226 24.3030 13.9351 13.8294 20.2131 16.3906 12.1250 21.4942 16.0584 11.5159 20.0910 14.1599 21.5751 18.2207 19.9552 13.1291 15.3213 21.1325 10.3573 15.8300 13.4516 19.1139 16.8228 23.4877 17.6453 29.4977 19.6516 15.4540 19.9436 12.5270 21.3203 14.8435 5.2128 12.5216 31.5893 5.6963 27.6757 51.5201 13.5683 26.0001 15.8611 29.6603 28.4593 11.9001 22.1974 23.0215 16.1763 27.4670 22.5741 20.1094 29.2792 18.4176 21.7787 32.7723 24.5318 23.3419 19.1065 25.0361 43.1226 15.3212 17.1474 54.0949 97.7439 14.2662 28.9247 21.9267 11.3378 106.0866 21.0155 41.1015 18.0314
23.6677 9.7689 8.2845 8.8092 4.1227 12.2809 3.5292 13.1964 34.0806 12.8552 11.9941 11.6873 14.4764 9.1651 18.6437 0.0000 7.3057 12.6851 18.4829 13.0527 17.0570 13.4251 16.6676 15.7856 5.9544 17.9468 12.3286 14.6990 38.8087 27.0837 47.4103 28.5670 40.9917 64.5229 25.2280 138.7969 48.5554 30.8412 29.8083 28.3840 56.7712 34.7953 35.2246 27.7955 29.9776 38.3295 28.3994 38.9541 34.5262 33.1343 29.0676 64.5229 29.1056 36.5743 43.6500 102.8222 25.0945 25.3840 35.0425 13.0701 14.3857 16.8016 14.0858 30.3236 15.4403 42.3816 17.8449 22.6463 15.4425 11.4991 13.6707 24.7934 16.3996 17.6022 17.9148 18.5950 22.7800 9.0849 18.0919 13.2833 12.2256 11.1616 19.3122 18.1548 7.2141 12.3610 20.2619 24.4787 18.0704 23.5886 21.2834 10.9546 24.2150 26.4247 23.2620 6.8841 8.2970 22.3730 13.0861 19.1746 30.3843 13.3382 14.4090 20.3454 21.9419 27.3904 9.2355 11.7405 16.4525 24.6775 16.9868 16.1700 15.4462 34.0622 18.2762 22.7207 52.1267 22.9891 21.2755 19.6698 25.5052 30.8194 11.2659 29.1895 31.5473 21.8486 32.9086 30.0577 27.9019 31.7613 29.4663 27.7329 29.8727 31.1932 30.2043 28.3668 31.3065 41.4195 24.7552 17.0767 54.4649 99.8324 22.6671 37.5286 32.3525 17.0912 108.0358 27.7865 38.2015 29.0508
23.8247 3.6420 13.8390 8.2684 9.7518 19.3436 8.2552 14.5706 34.3813 12.7854 16.7188 14.9287 10.2543 16.3445 21.6373 7.3057 0.0000 18.2518 24.1735 12.6426 20.5589 12.9699 16.0252 11.6870 5.4714 21.7776 9.0225 16.9422 43.1618 31.1808 47.8959 34.2229 42.0024 69.3712 30.6625 143.1096 49.6476 35.4594 34.3777 33.8056 61.6195 38.6021 39.2510 25.6400 35.3135 40.8853 26.1624 39.1555 37.2133 37.8071 34.0643 69.3712 33.9171 39.6813 44.6806 98.7082 29.4386 27.1444 35.2575 19.4977 16.1571 20.0547 18.3487 33.2450 20.7783 45.7831 18.0105 28.2509 16.5788 6.1139 8.7183 30.2300 18.6067 20.5130 23.2226 24.4648 28.3187 14.5475 24.1601 17.6931 14.1240 13.6396 22.1323 21.2772 9.8520 15.9024 24.6298 30.4296 20.9954 27.5497 26.7876 13.2699 30.1044 31.7799 25.9910 10.5193 6.4974 27.5604 13.3620 25.0875 34.5566 12.7826 17.5174 16.9600 24.3860 32.4473 12.7786 12.2333 22.5949 29.4451 22.6731 19.3971 19.9910 35.9267 20.9335 26.4851 56.7263 27.8984 15.8867 21.5424 22.9006 31.3380 14.3222 34.6119 36.9999 27.3164 37.1468 34.7524 30.2402 28.0814 35.0022 32.8496 33.1206 35.4312 35.4452 33.0630 36.8457 45.0366 30.4735 20.9706 59.2371 104.3372 27.2869 39.5229 35.9563 22.8264 112.3484 33.1295 42.4888 31.3642
24.0348 21.1490 13.9122 17.5112 13.6497 16.4876 12.0592 11.0752 34.1186 13.5542 12.2291 16.4815 21.3258 12.6921 14.8946 12.6851 18.2518 0.0000 9.8261 19.6219 16.4219 13.1392 17.9049 21.0695 14.0813 15.6239 18.7368 14.8561 37.1245 25.6229 46.1217 23.3241 38.6746 60.6890 16.5641 135.7197 47.2744 26.1784 26.1983 24.1060 53.2283 34.6186 26.6438 25.1720 26.5715 34.1561 29.3150 36.7933 30.9584 25.4087 22.4053 60.6890 23.6337 36.6869 42.0461 104.6857 18.8144 26.8316 31.9188 12.5675 12.8338 15.3831 17.0368 28.0966 10.7973 40.7060 23.1612 16.6210 12.5653 19.8348 21.6993 20.7116 13.9135 14.3750 14.8978 15.6078 13.3623 12.5160 18.2437 15.6322 20.4003 12.3886 15.8827 20.1950 14.2177 8.0760 17.5698 17.9578 14.8115 21.2347 19.1304 16.4621 16.5057 17.9884 18.6901 15.6552 17.8753 16.6220 15.5061 12.2876 27.7744 13.7634 19.4189 20.7483 23.8100 22.5213 12.2364 18.4659 13.6643 21.2483 13.2180 13.7786 13.4754 31.6211 14.0392 20.3024 49.5351 17.9161 26.7038 16.8073 28.7984 30.7965 15.2820 26.1914 24.0230 15.1276 32.5369 27.1807 25.5157 28.6282 23.9333 19.3800 28.8258 26.9200 20.5394 25.6130 24.5858 40.5608 20.0350 18.5764 51.8043 96.6158 16.4722 35.4402 30.2012 12.3664 104.9586 22.7213 36.2973 26.0595
19.0234 27.1030 18.3197 23.1647 18.8365 20.3894 17.0553 16.2001 38.7293 19.3201 14.1228 19.8768 26.9413 17.4229 14.5113 18.4829 24.1735 9.8261 0.0000 24.7805 14.8664 17.2234 20.2540 25.7203 20.2999 14.6640 23.2669 15.3820 40.4920 20.2064 40.7731 18.9296 34.2191 62.1560 10.2851 137.1442 45.0127 21.8730 21.5706 21.6269 54.9797 34.4132 22.4954 21.4252 22.8642 30.1638 32.1996 32.6177 28.7805 24.1734 17.4163 62.1560 22.4902 35.6466 41.2969 100.5576 14.2562 28.0327 27.7067 14.1948 16.3145 16.1387 21.3927 30.8730 14.0724 44.0720 28.2896 12.5950 15.7002 24.0695 26.2948 18.0031 14.0078 15.4093 18.7669 12.7937 8.1641 17.2881 16.9417 18.7973 25.6489 17.3647 17.7602 24.4177 18.4944 11.5506 13.6421 11.6389 17.0198 20.0862 18.4798 21.0139 9.8193 9.9993 12.8098 18.9387 22.4802 11.3393 20.3405 9.7048 23.6551 17.9713 24.0079 20.3182 29.0763 15.9280 15.9377 21.1168 18.0155 16.6991 11.4732 14.3430 13.6826 25.5847 14.3157 23.8570 51.2261 12.6567 30.9436 12.4052 31.1768 26.3365 17.8101 22.0009 17.7503 12.5065 31.1618 24.6315 23.3425 27.6583 17.3895 13.3874 32.4434 22.6847 16.3161 22.9239 20.4386 43.1599 12.9795 20.1305 53.5683 98.0402 14.2462 33.1241 27.2683 12.5957 106.3830 18.3096 40.2522 21.6192
32.8168 13.9348 15.3128 12.4958 15.8619 22.3226 12.5991 20.2988 24.3022 20.5286 20.4586 23.9498 10.2150 20.3782 24.4139 13.0527 12.6426 19.6219 24.7805 0.0000 26.4160 17.2398 25.2816 10.5800 13.3266 28.3246 9.4588 24.0895 33.2288 37.0378 52.9750 32.1758 45.3514 58.4444 31.5454 132.5668 49.3914 34.0404 33.8268 30.7278 50.6928 33.9621 40.1510 33.2764 34.1546 44.1158 17.8575 45.0588 38.0065 33.2533 33.4237 58.4444 34.6128 38.2734 45.6575 110.7635 32.4498 18.0897 43.0649 23.9013 23.0440 26.7458 6.8486 23.0522 23.5363 35.0976 7.3050 30.7692 22.5484 12.1891 15.6277 27.5654 24.4343 24.4316 25.3593 27.8157 30.6001 13.5647 28.9624 25.4899 7.3177 22.1357 26.8890 22.4448 12.5467 18.6496 28.9482 31.0692 25.1169 28.6182 28.7361 6.8688 30.7169 32.3805 30.3821 19.0394 13.3482 29.4599 21.6001 27.0158 35.8941 19.3628 6.4698 25.3148 14.0120 32.1844 18.6076 11.8960 25.9112 33.6627 25.2122 24.5827 24.2046 41.9344 26.7058 15.5584 45.5962 30.4940 26.3331 25.5715 14.2147 39.2681 21.0117 31.4327 35.7741 27.3977 34.9144 34.6328 32.5135 35.1740 35.1634 35.2000 23.1735 35.3057 35.9448 33.0095 35.3840 34.0293 31.0570 12.1124 48.1099 93.6058 27.8689 40.4512 36.5365 24.0238 101.8056 32.5339 32.3098 32.4895
8.4645 23.7263 22.7410 22.2471 19.3904 19.8307 18.0147 12.4052 45.5207 14.2420 22.1132 18.8812 26.7310 14.0848 19.9752 17.0570 20.5589 16.4219 14.8664 26.4160 0.0000 14.3013 10.8948 26.2253 16.4572 11.8123 25.2970 4.7648 50.6527 12.0339 44.9204 30.3703 40.6862 74.1381 22.4956 148.3987 51.8811 30.4895 30.4186 32.4119 66.3864 43.5128 35.0173 15.0805 31.3442 36.5080 39.6397 36.4246 36.2330 37.5664 28.9850 74.1381 28.9439 44.6770 47.9711 91.3382 22.4458 37.3291 29.7712 16.6957 9.2229 15.2018 25.9512 41.0226 20.5364 53.5135 31.8717 19.1805 8.3990 23.4623 24.1395 27.6881 5.0426 22.4899 25.8522 12.2225 16.6299 24.3243 11.2762 17.0463 27.4278 14.2928 23.9165 29.8833 22.1464 10.2315 9.2379 22.0502 20.9370 26.0274 17.4146 24.0567 22.8479 21.7499 18.6554 20.2333 17.1180 16.9853 11.5813 12.1889 31.0179 11.0021 27.8911 9.6212 35.6064 23.6512 11.6198 23.7641 20.2710 15.0476 10.2261 17.5319 13.2091 18.2641 18.7280 33.3439 62.2987 20.3715 25.8560 9.6034 36.2141 18.9135 24.1377 32.4020 31.6056 25.3708 40.6724 33.5087 29.9861 20.2040 27.3663 23.4344 41.9131 32.3248 29.0924 31.3699 34.0761 52.4772 23.7734 28.4258 64.6946 109.5064 22.5024 39.7983 34.7840 22.0218 117.6375 28.6530 49.5338 28.7170
18.6117 14.5583 19.2748 13.9052 16.1736 18.0107 14.7082 10.7358 39.4691 7.9100 14.1565 13.6984 17.0479 12.7840 15.4143 13.4251 12.9699 13.1392 17.2234 17.2398 14.3013 0.0000 11.6234 16.0361 9.1161 13.7561 15.3561 11.7605 46.6693 23.5080 45.8378 28.9391 39.7447 68.6399 23.7646 143.0967 49.9761 30.6323 31.2062 30.5859 61.0547 37.9280 34.4489 20.8274 31.5935 37.9664 29.5959 36.6652 34.1271 34.2087 27.7801 68.6399 29.0006 41.0914 44.5693 97.3590 22.9177 29.8776 31.5061 12.8224 9.7311 13.7345 21.8022 34.7689 14.4716 49.1042 23.1320 23.1167 10.8853 14.4015 13.8469 27.2627 13.2252 16.5908 23.3906 19.4269 21.3713 19.3888 18.4777 11.8172 20.0666 10.4442 20.2054 23.7502 16.0970 10.2566 17.7498 24.8137 18.5820 28.2362 21.1499 19.3199 24.4538 24.9621 22.1952 14.4952 9.3710 21.3991 10.6460 20.0686 32.2898 4.9525 20.3274 10.4200 29.2618 26.8722 8.4860 16.7602 19.0071 21.1344 17.2650 15.7920 18.0739 27.8033 16.2237 28.0158 56.9771 23.3116 15.1267 13.3830 24.9045 25.0896 16.5079 31.2568 32.2993 23.2167 37.7299 32.6315 29.3549 20.5334 30.2691 25.8061 37.5908 31.6259 30.0079 31.0932 34.0022 46.9092 25.7974 23.1033 59.8856 104.0595 21.6241 38.6758 35.1092 17.7879 112.3355 28.2638 46.0843 28.6845
11.7337 19.6397 23.7828 22.2129 19.2248 22.1793 18.2388 8.4132 46.6249 9.9413 19.2752 13.9227 24.3169 17.1408 16.1117 16.6676 16.0252 17.9049 20.2540 25.2816 10.8948 11.6234 0.0000 24.2591 14.6813 9.2368 22.6461 7.3202 52.9021 20.1977 42.0969 32.9948 36.6804 76.2513 26.9411 150.4157 47.8164 33.4037 32.4508 32.5797 68.4997 40.9802 36.5453 17.2105 31.7427 35.0939 37.0338 32.2696 33.6176 39.2633 32.0176 76.2513 29.2637 41.5688 43.0204 87.6850 24.7084 34.1298 26.2283 18.3312 5.6324 12.3606 29.0495 43.7374 18.2085 55.3329 31.6695 21.8781 8.2891 17.6045 20.3330 31.8150 12.0954 20.8134 23.9164 18.5917 23.3971 24.6810 13.9560 11.5932 27.2367 9.0397 19.4672 28.0455 21.4824 11.4153 17.5737 24.6500 18.6633 29.6449 20.3042 23.8339 27.4840 27.9147 21.7389 16.1135 16.7427 21.5973 9.7733 20.0945 30.5000 8.1749 28.5349 8.0102 37.4047 27.6155 11.7769 20.4057 18.8825 22.0485 17.3393 13.9763 17.5018 22.5693 14.6780 35.5626 64.0197 23.0117 18.6593 14.3559 33.1313 20.0911 19.4506 35.0918 33.2786 24.7032 38.1856 32.3574 27.3713 18.7865 30.2690 29.4353 43.8194 31.5738 32.6359 30.4293 37.0382 53.5190 25.7830 28.8676 67.1363 111.8004 22.2988 37.1914 33.6013 19.5255 119.6545 30.7765 52.2931 29.6160
33.3461 10.9502 16.7513 11.5064 18.4452 25.7063 14.6980 22.4254 33.0651 17.2930 20.7317 24.3609 2.2012 23.2535 27.1026 15.7856 11.6870 21.0695 25.7203 10.5800 26.2253 16.0361 24.2591 0.0000 12.2563 28.6213 7.3050 24.4489 41.3268 36.2814 52.5971 34.9135 48.4175 64.8939 32.1037 138.8073 53.1750 37.4601 37.7549 33.1360 57.1423 38.3113 41.1439 27.7643 37.3794 46.7322 21.9707 45.3267 39.3605 36.5097 34.9879 64.8939 36.8512 43.1838 48.7267 103.7233 32.7543 23.6803 43.3621 23.5433 20.7254 28.0544 15.7646 28.7584 24.0212 43.4028 16.6645 32.4226 21.2682 8.0227 5.8544 30.5597 24.1297 27.2706 30.3209 28.2194 31.1996 17.3732 29.8270 25.9010 13.2518 22.5606 29.6512 28.0305 16.4182 20.4170 28.4134 32.6588 28.7506 33.4803 32.0355 12.9094 31.8341 33.2403 32.8581 19.6906 12.5512 32.0994 23.5306 30.4852 39.1067 17.9086 14.9229 22.8374 23.3788 35.5078 19.6079 11.8460 28.6693 33.8053 28.5108 26.2483 28.5252 40.0266 28.3657 22.6269 52.6263 32.0200 18.1185 26.3598 15.8645 38.1023 22.3448 35.5081 37.4835 28.4424 40.0688 38.2969 35.4371 25.5691 38.2584 35.3134 31.9473 37.9954 36.4924 36.3016 37.7254 41.7474 33.2625 19.1618 55.4118 99.8994 29.7736 44.4394 40.5905 26.1214 108.0462 34.5381 40.7241 36.2727
23.1761 8.3986 12.2216 8.6734 9.3514 16.6538 7.9035 12.3064 34.9350 8.9104 12.9488 14.3091 11.9189 13.4448 20.8322 5.9544 5.4714 14.0813 20.2999 13.3266 16.4572 9.1161 14.6813 12.2563 0.0000 19.3258 12.3343 14.3729 42.8775 26.5166 48.3927 31.0455 42.4568 66.8629 26.9791 141.0185 50.7948 33.5730 33.8552 30.2855 59.1659 36.4854 35.0901 23.4817 32.9149 40.5797 27.9569 39.5885 35.9900 34.4496 30.4188 66.8629 31.1352 40.1013 45.6652 100.5476 25.8455 28.5716 35.4291 14.6767 11.9060 19.8970 16.8303 31.8008 17.5267 45.2028 19.5607 25.8602 12.3434 10.3096 10.0239 27.1200 13.8986 20.4994 23.3648 21.1954 24.2268 13.9716 21.2878 15.8492 15.5944 13.1826 22.2610 22.0031 11.8584 12.6824 20.4717 26.5642 21.1124 28.2092 25.3432 14.2729 26.0965 28.0469 26.1133 9.6421 5.1432 25.9476 13.0951 22.8341 34.3488 9.1836 17.5583 16.0561 24.5306 30.5203 10.7929 13.6394 20.5204 25.9927 20.2511 19.2991 20.2291 31.8687 21.1270 23.9841 54.8032 26.2402 17.9332 18.8384 24.6799 27.6471 14.0891 32.4904 33.1546 23.7756 37.4215 33.6010 30.8450 25.9709 32.9592 28.8861 33.2166 33.0225 31.8069 31.8837 33.3649 43.9244 27.8289 21.2998 57.2339 102.1202 24.2448 39.9971 36.4306 20.4415 110.2573 29.5902 42.1275 31.8384
12.7506 24.9449 21.8028 23.4499 17.6124 20.2883 18.0607 9.2510 48.1292 16.9633 15.6341 13.4628 28.8377 16.0719 12.8383 17.9468 21.7776 15.6239 14.6640 28.3246 11.8123 13.7561 9.2368 28.6213 19.3258 0.0000 25.6001 8.4932 48.4539 20.1462 37.9655 26.4647 32.0247 70.9644 19.9129 145.7799 44.1225 26.9661 26.0312 25.8138 63.7032 36.1558 31.0853 21.9768 24.8865 29.9112 39.3501 28.6045 29.7745 33.8488 25.9100 70.9644 23.1409 37.2560 39.6716 90.6447 18.7888 31.7372 21.8985 16.1956 13.1096 8.9841 29.0782 40.0833 13.4234 52.8089 34.0511 14.9805 15.3386 23.2204 25.7108 25.7050 14.0548 16.6632 19.8451 12.1178 16.2378 22.5530 9.1093 9.8598 28.3194 11.2002 15.8207 24.5574 21.5467 12.2413 16.2787 17.4600 15.0838 23.7228 12.4617 23.0341 20.3354 21.2113 15.0353 14.4960 21.6166 13.6246 13.8895 12.6409 24.0555 14.6494 28.7606 10.5773 36.9707 20.0092 12.6032 21.1698 13.6994 15.9616 10.5088 9.6982 12.2833 25.0464 9.7409 33.5695 60.0828 15.2748 26.2253 12.8744 36.0176 20.1971 16.0143 28.6628 26.4753 18.0493 32.2404 26.2194 22.6198 23.3685 22.4710 22.3869 40.0983 25.8429 25.6889 23.5760 30.3692 52.0501 18.2812 24.4159 62.6351 106.7921 16.7939 31.8400 27.8385 14.0165 115.0188 24.3106 48.9891 23.9536
28.9071 9.0992 14.5490 8.9330 14.0764 22.6676 11.6176 19.0435 30.2158 18.6063 16.9721 18.8648 7.2694 20.5060 21.1552 12.3286 9.0225 18.7368 23.2669 9.4588 25.2970 15.3561 22.6461 7.3050 12.3343 25.6001 0.0000 21.9451 37.5262 35.4752 51.6520 32.0694 43.5764 62.9317 29.7826 137.0615 48.3256 33.7392 32.1625 30.5379 55.1800 34.8565 39.5037 30.5369 33.2577 42.4564 21.0461 42.6289 37.6861 34.0391 32.8093 62.9317 33.4846 37.5492 44.1664 104.7498 30.2294 21.6483 40.3363 21.8586 21.5173 22.7918 15.2285 27.1460 20.0121 40.4061 14.3343 28.0146 21.7664 6.0935 10.2842 27.7914 23.7814 20.5501 23.8717 26.0277 29.0754 13.0779 26.9984 21.3025 9.4983 17.3654 23.0927 21.8884 10.1786 17.9371 27.8399 29.7702 23.0120 27.3112 27.5778 9.9973 29.2356 31.0483 26.6667 14.7939 11.0968 26.8475 19.5345 25.7890 33.6012 17.5796 11.9258 21.5218 19.5717 31.3788 16.2426 8.8594 24.7637 32.4550 25.1054 21.0160 21.9827 40.9621 21.9184 20.8566 50.3708 27.6958 19.7555 23.4899 17.9962 36.2470 15.5816 31.6904 35.0946 25.5740 34.1170 32.9280 29.7300 30.8957 33.4521 33.4182 28.0817 34.4090 34.5115 31.2241 34.8685 38.6810 29.2384 14.5311 53.2737 98.0061 26.3044 37.9991 34.2435 21.6438 106.3004 31.4100 37.0378 29.8324
9.8991 20.1316 20.3091 19.6227 16.4551 17.5098 15.3067 8.7226 44.4631 12.7886 18.4788 14.1471 24.3033 12.0815 15.3916 14.6990 16.9422 14.8561 15.3820 24.0895 4.7648 11.7605 7.3202 24.4489 14.3729 8.4932 21.9451 0.0000 48.7330 14.9148 43.4803 29.5557 38.8331 72.7331 22.6792 146.9616 49.6074 29.2512 28.8909 31.3620 64.9815 40.9499 34.9338 18.3520 30.3891 35.7092 37.8067 34.9035 33.9234 36.4869 28.3357 72.7331 28.1119 42.2183 45.0831 92.0798 22.6482 34.0021 28.5822 14.8455 8.0288 10.7478 24.7563 39.5148 17.3727 51.5783 29.8161 18.8690 7.5482 19.8480 21.5010 26.3035 6.9398 17.9863 22.4395 13.5759 17.1958 22.1073 10.6759 12.3121 24.3705 9.8264 19.3462 25.4163 18.4584 8.0946 11.8165 22.5658 16.4700 24.7512 15.6859 20.6410 23.0315 23.0443 17.5408 15.5629 14.9080 16.7856 7.8969 13.6001 29.4842 9.0781 25.5963 7.4971 33.8899 23.1448 8.0326 19.6969 17.2075 16.7920 10.7781 12.9740 11.9414 21.3632 14.0575 31.3936 60.4824 19.8398 22.2508 10.6152 33.9787 20.0863 19.4035 30.6616 31.7892 23.3497 38.1487 31.7139 28.3431 20.0389 26.8109 24.4615 40.0584 31.2608 29.2123 29.6730 33.6052 50.5153 23.6906 25.3518 63.0986 108.0824 20.1815 37.4594 33.2563 18.8334 116.2004 28.3592 47.8825 26.8485
54.8284 45.7134 33.0014 39.0735 35.4668 35.6693 35.8937 46.7227 11.2045 47.5572 35.4333 43.6132 42.0484 40.2851 39.0961 38.8087 43.1618 37.1245 40.4920 33.2288 50.6527 46.6693 52.9021 41.3268 42.8775 48.4539 37.5262 48.7330 0.0000 60.1909 62.7350 38.1597 54.9847 30.2671 42.2613 106.4539 49.2893 43.0374 39.1839 31.5677 25.3440 33.3784 50.0744 60.4349 40.5932 56.0107 26.9693 59.0391 46.3545 30.8602 42.9148 30.2671 47.4493 35.5967 46.8090 130.8327 46.9884 27.6358 58.3552 37.8724 49.0206 44.5544 28.5888 14.9560 37.8032 12.3101 29.2790 45.2673 47.8368 41.0793 46.5699 31.4565 49.0289 35.7899 34.8713 45.5519 45.8683 31.1148 46.0405 43.3779 35.3009 45.4157 38.1194 32.0126 35.0337 43.1012 51.6622 43.5934 40.8920 32.4361 38.6501 30.2322 42.2221 43.0912 44.1903 38.5504 42.4826 42.7831 48.6486 40.5901 44.6334 48.2856 27.1632 55.6178 20.5103 45.6060 41.8994 35.6347 36.7965 52.5863 43.8998 40.6384 41.6511 63.7065 41.8872 20.2602 21.2039 45.4290 56.3926 51.2181 33.8785 62.1247 35.0195 33.2879 43.7753 34.9338 28.5917 40.2021 38.6288 62.9737 43.1071 46.7257 12.8278 42.8867 44.7615 41.2173 37.5277 16.6812 40.3038 25.5026 24.1667 67.3500 39.2779 42.8937 39.4061 35.3652 75.6928 40.7037 8.0572 39.4159
13.8809 34.3481 31.6325 32.4734 28.6894 29.2225 27.6374 23.3438 56.1253 22.8763 30.1104 27.3600 36.9216 24.2403 27.8425 27.0837 31.1808 25.6229 20.2064 37.0378 12.0339 23.5080 20.1977 36.2814 26.5166 20.1462 35.4752 14.9148 60.1909 0.0000 42.3362 33.7137 39.4330 82.0939 22.0417 156.1031 54.6211 32.5173 32.1053 39.3184 74.9176 50.1909 33.2335 17.0024 35.2436 34.7533 48.1302 36.8943 39.9731 40.1163 30.7393 82.0939 28.4651 50.9068 52.4520 81.8371 22.7617 45.6328 30.9586 23.8855 17.1919 23.4450 36.3285 48.9392 28.7756 63.5965 41.9077 18.5522 17.8609 32.9725 34.1002 33.2729 14.6236 31.6788 34.8594 17.7702 15.0359 34.1046 18.9765 25.0523 37.9404 23.8364 33.2828 39.3313 32.3855 20.5766 10.8342 21.4736 30.5669 35.4657 25.1349 34.4563 20.8601 19.2684 23.1894 28.7756 28.6358 21.0760 21.9064 21.8961 32.0752 20.2542 37.8188 18.8009 45.6563 21.9574 21.5354 32.6684 28.9618 11.4353 18.9599 25.7712 22.9805 7.6293 26.9878 41.7671 70.8839 21.3527 35.1208 15.0494 44.8151 14.3461 32.1437 36.4835 29.5841 32.1755 47.8892 37.0189 38.0393 28.1197 26.2328 20.9218 51.7789 36.3698 25.5712 33.8127 33.5438 61.4796 27.3165 37.8219 73.3136 117.3690 30.5676 44.4548 38.3135 29.7663 125.3419 30.8345 59.7767 36.2297
41.3541 50.8215 50.5668 53.0524 46.5849 50.5348 47.2237 42.8310 66.0653 46.4646 42.4495 41.8302 52.9342 47.9093 40.4476 47.4103 47.8959 46.1217 40.7731 52.9750 44.9204 45.8378 42.0969 52.5971 48.3927 37.9655 51.6520 43.4803 62.7350 42.3362 0.0000 37.7827 16.3071 83.5233 39.2105 156.5993 21.0788 30.7460 34.4162 40.8706 78.7418 38.4785 30.2848 44.5010 32.2914 19.7963 53.6195 17.1654 25.2808 41.3670 32.7703 83.5233 29.2488 36.4401 24.2743 72.6033 31.9996 42.1686 20.5673 45.2850 45.0248 37.0495 54.9439 60.3679 39.2368 69.9476 54.6496 36.9647 48.0781 47.9716 51.1321 45.2885 48.1064 39.7815 44.1528 42.1178 39.2697 48.9811 41.4559 40.0854 52.1728 41.3169 40.0096 47.6150 48.7788 43.4800 41.3800 34.8136 39.8654 45.2263 44.2666 47.8819 38.0244 34.4875 34.5595 42.3822 50.6236 39.4047 44.9064 42.2021 30.0834 46.2488 52.9192 45.4693 58.0819 29.0275 43.8580 44.7008 43.6657 36.2773 42.6989 37.3826 42.2788 39.5278 37.7212 56.4428 75.3331 32.8392 48.3090 39.2832 49.3986 35.3818 41.5451 46.1030 33.3649 37.7682 41.8851 30.9558 35.0860 53.0822 34.7258 38.0355 59.0023 28.9330 36.9299 31.1794 38.7134 70.5776 36.8169 47.7193 80.6240 118.1356 31.8563 25.5252 33.8670 39.6216 125.9030 34.6699 66.5432 35.0565
34.1581 37.0376 26.1503 30.9141 26.4548 24.2768 26.6177 29.0004 42.3569 31.8087 20.1491 29.1656 36.2913 27.1750 19.4636 28.5670 34.2229 23.3241 18.9296 32.1758 30.3703 28.9391 32.9948 34.9135 31.0455 26.4647 32.0694 29.5557 38.1597 33.7137 37.7827 0.0000 30.3630 55.8226 15.4873 130.5871 30.7877 11.3093 15.4265 17.3754 51.1738 23.6936 19.7150 35.1411 18.6716 23.0553 34.5079 28.5000 20.9724 14.9920 9.8304 55.8226 15.1508 22.1233 28.1215 103.1832 15.8662 25.7978 30.4620 22.1406 29.5878 24.6390 29.9388 33.1512 17.7572 42.6070 34.2208 19.9928 31.3611 33.2629 35.7282 15.6790 30.7228 21.6581 21.7284 22.3312 21.3600 24.4193 22.2865 24.7469 33.6007 29.0105 25.3787 27.8771 27.7949 25.3629 28.7352 16.2457 26.4231 21.9824 18.5412 28.5554 15.7261 18.6376 22.2712 25.2403 33.3434 18.2195 33.3463 21.8237 13.0503 29.6416 30.1547 33.2541 34.2091 20.4871 27.1526 29.2496 20.1423 26.2145 22.6098 20.1912 24.8228 34.5406 21.3451 28.8116 48.5510 17.1093 40.0021 26.7231 33.3740 33.7954 22.2960 13.4055 13.0378 16.3465 22.7348 11.3807 17.4691 41.9507 14.5593 20.2864 32.5626 15.0868 18.8317 12.3335 17.7147 44.2110 13.7784 23.5559 51.3797 91.4832 16.0369 21.5916 14.0792 17.3342 99.8260 9.9022 39.3586 15.8653
35.3206 44.8857 43.6055 46.3572 39.9295 43.8745 40.5747 35.0626 58.9062 42.0078 33.9772 33.5994 48.8412 41.9581 30.7529 40.9917 42.0024 38.6746 34.2191 45.3514 40.6862 39.7447 36.6804 48.4175 42.4568 32.0247 43.5764 38.8331 54.9847 39.4330 16.3071 30.3630 0.0000 75.6627 31.0903 148.9904 19.2831 24.7845 25.8531 31.0849 71.3011 32.1459 26.9203 41.6828 22.5057 17.4176 46.1233 16.0424 20.1519 31.6403 27.2609 75.6627 22.7811 28.0968 20.7719 81.2857 24.3378 35.1272 13.5624 39.0313 40.6797 31.5192 47.1133 51.7888 30.6263 62.3895 46.0925 28.8355 43.3195 42.5321 47.4237 35.5028 43.7255 30.9962 36.0276 34.7061 34.3845 40.8528 35.0038 33.5290 43.9937 33.8205 29.9122 37.3739 40.7031 36.6680 37.1267 26.5414 29.9065 38.1080 37.5043 41.0218 30.1578 29.2319 26.2100 35.7322 44.6878 31.1585 38.8729 35.4623 22.9872 41.1531 44.5924 39.4357 49.1329 21.4270 38.5961 37.2406 36.3173 30.2917 35.0439 29.7050 34.1791 39.1673 28.3210 47.3504 67.5485 24.9732 43.0650 33.7218 42.9234 31.5455 33.0293 36.8525 25.8247 29.3380 32.8908 20.8478 27.9751 49.3222 24.8424 35.0167 50.2132 20.6400 33.7635 22.6822 31.4270 62.8151 27.8125 39.1041 72.8497 109.8865 24.6997 19.5991 23.2032 31.3793 118.2293 26.2043 58.9851 25.5780
