0.0000 5.5345 5.4062 4.9863 3.7802 5.9401 5.5657 8.1472 5.2963 4.9221 4.4682 5.6565 4.7267 8.8287 3.9258 5.7470 5.9010 5.3526 6.9221 4.3685 6.2943 5.1110 4.7975 5.1867 2.0539 4.5846 7.0451 4.4807 4.1719 6.6714 45.7318 47.1813 45.6103 47.9224 50.1020 68.8400 43.5642 42.9331 46.3162 42.9900 44.6611 43.2377 41.3933 44.6172 46.8033 42.5645 42.7574 44.2029 40.1149 43.8364 42.7959 47.3786 47.4066 42.8196 44.1825 41.7483 44.8668 45.8548 68.1567 43.4172 7.6155 8.1801 7.4017 10.9971 9.0110 8.1275 12.1377 9.1192 9.3724 15.8497 13.2936 7.0788 16.2739 12.1449 13.8694 8.5596 4.0633 6.1926 11.0139 5.0964 3.0012 11.1955 10.1521 9.3188 9.8706 12.7443 10.1929 12.9142 10.7800 6.7698 14.3503 30.3226 34.2237 32.8130 18.7695 16.0896 39.4894 24.1438 18.1767 19.1651 30.7281 27.2772 28.2154 24.4688 32.0817 12.6384 26.1713 31.5359 25.5746 25.3720 24.6651 21.3652 21.4267 21.9342 21.3491 27.9332 22.0746 27.7803 17.5763 24.2985 46.5278 49.1192 45.3890 44.5092 47.4071 45.5165 49.8393 46.8203 50.8014 50.8154 48.9985 49.3782 46.2119 48.8855 45.7384 46.3577 54.3009 44.8513 50.0190 44.4077 48.6023 48.2000 47.5760 44.1095 46.3263 51.1184 47.1640 44.0479 45.9097 46.5642
5.5345 0.0000 8.5107 7.7296 4.1146 3.1004 9.5839 10.4292 5.7303 3.4002 7.4748 4.6468 7.1200 10.4379 7.2606 7.6294 7.3570 5.5561 10.5737 3.5212 7.4409 7.1355 9.6404 7.1450 5.6474 8.0979 7.3175 7.4370 3.7410 6.5985 41.7834 43.3407 41.5742 44.0713 46.1379 67.2139 39.6684 38.8687 42.3805 38.9676 40.8572 39.1675 37.4668 40.7896 42.9221 38.6774 38.7213 40.2627 36.1516 40.0101 38.8187 43.3137 43.5236 38.8421 40.2222 37.7622 40.9424 41.9171 66.5662 39.6607 7.7643 12.9081 8.8962 12.2441 12.0713 10.8738 13.2602 9.2023 10.0445 19.3142 15.9668 7.0799 17.0683 14.0222 13.2245 9.7196 7.2822 8.9052 14.3088 8.0881 5.5802 12.8858 9.4191 11.4612 8.0878 15.5970 11.8937 16.5532 12.5821 7.3702 16.6259 31.5019 34.5058 34.3596 21.2100 17.0885 40.2765 24.5376 20.0148 20.7191 31.4307 28.6724 28.9483 24.9392 33.2104 12.6994 28.5135 32.6107 27.0662 25.7223 26.5311 23.4348 22.2755 22.9847 23.0378 29.2401 24.6885 28.9457 19.6613 25.6816 42.5324 45.1890 41.3977 40.5953 43.3746 41.4422 45.9924 42.8675 46.8959 46.7613 45.1124 45.4056 42.2527 44.9385 41.7470 42.4105 51.7116 40.9929 46.1367 40.5867 44.6157 44.3214 43.7022 40.2183 42.4669 48.4802 43.2472 40.0181 41.9975 42.6511
5.4062 8.5107 0.0000 2.8959 5.7695 9.0292 5.1874 9.0113 5.7174 8.0224 5.7152 9.3328 7.6435 6.6559 5.4674 6.0190 8.2212 8.0045 4.7499 8.2164 7.9473 7.6736 4.7726 5.8859 4.9193 3.6563 7.6564 3.5840 6.9281 8.6964 49.5586 51.0519 49.2421 51.7339 53.8294 71.7506 47.4651 46.7254 50.0835 46.7703 48.6999 46.9441 45.2437 48.4672 50.5521 46.4308 46.5822 48.0760 43.8856 47.6377 46.5849 51.0727 51.1152 46.5266 48.0631 45.6007 48.6410 49.7060 71.0277 47.3119 9.4951 7.3365 5.8390 10.7345 9.9576 5.8266 10.5392 9.6746 10.0318 13.7031 10.9108 9.4154 14.8468 11.5758 15.0190 6.8591 5.1580 5.3809 8.4430 6.2269 5.7568 11.0613 11.2313 8.1095 11.8022 9.9309 10.3385 10.6768 10.3769 10.0859 11.4669 28.8915 33.1850 31.8743 17.5852 16.2500 39.5724 25.0647 15.8958 17.8633 31.1225 26.3382 27.3979 24.0611 30.4443 12.3301 22.2990 31.0375 24.0694 26.2466 22.7656 18.7445 20.6146 21.5298 19.8539 26.3311 19.5924 26.4645 17.6114 23.0129 50.1832 52.8437 48.8484 48.2223 51.0308 49.1089 53.7657 50.6004 54.5347 54.4422 52.8110 53.1141 49.8233 52.5254 49.5907 50.1068 57.6353 48.6187 53.7373 48.1404 52.3453 52.0272 51.4012 47.9865 50.0155 54.6418 50.9319 47.7331 49.8232 50.3115
4.9863 7.7296 2.8959 0.0000 4.9201 8.3288 4.8734 7.9636 4.6556 7.3658 4.5159 8.8628 7.6263 6.7447 4.2254 5.9389 6.9137 7.1573 4.3877 8.0162 6.1372 7.1642 5.2600 4.1979 4.6416 2.8167 6.8388 3.5910 5.9349 6.9334 48.9043 50.5556 48.7736 51.3554 53.4574 70.4839 46.9307 46.1731 49.6761 46.1908 48.0966 46.4503 44.5565 47.9104 50.1514 45.8530 45.9521 47.5538 43.1761 47.0992 45.9870 50.5867 50.6224 45.9320 47.4329 45.0199 48.2295 49.1810 69.6950 46.8130 8.9894 7.8299 5.6796 10.4775 10.0217 5.0666 9.7662 8.9413 9.3506 13.3791 10.4687 8.6891 14.1704 10.7995 14.4086 6.4770 5.2566 5.2873 8.6886 5.8291 4.9253 10.5465 10.7398 7.4558 10.9403 10.0764 10.4128 10.0453 9.2445 9.5734 11.1742 27.6223 31.7950 31.0521 16.4163 14.8939 38.2643 23.5645 14.8323 16.8807 30.0548 25.1756 25.9517 22.7438 29.5709 11.3785 22.3167 29.9661 23.0727 25.0215 22.0749 18.3901 19.7452 20.4751 18.9723 25.3729 18.9806 25.4991 16.3946 22.0639 49.5587 52.4081 48.3732 47.6571 50.5171 48.3588 53.1318 50.0534 54.0988 53.9709 52.3120 52.6189 49.3771 52.0181 49.0115 49.5550 56.4677 47.9565 53.2762 47.6270 51.7874 51.3644 50.7304 47.4714 49.2221 53.4210 50.2547 47.1645 49.0120 49.6912
3.7802 4.1146 5.7695 4.9201 0.0000 4.5203 6.9344 9.3108 4.5377 4.1047 5.5995 5.5251 6.0630 8.7065 5.6011 5.9704 6.7231 6.0756 8.0509 4.6197 6.5778 5.9052 7.1381 5.3773 3.9641 5.6182 6.7015 4.7164 3.4624 6.5304 44.8852 46.4116 44.6396 47.0975 49.2410 68.9857 42.7559 42.0118 45.4666 42.1456 44.0160 42.2996 40.5918 43.8807 45.9558 41.7674 41.8558 43.4222 39.2178 43.0700 41.9467 46.3813 46.5651 41.9394 43.3659 40.9246 44.0115 45.0452 68.2565 42.7634 7.4677 10.1863 7.1214 10.8420 10.6407 8.4603 11.9687 8.4493 9.3678 16.5362 13.7499 6.9734 15.8157 12.4364 13.4845 7.9080 5.5828 6.6393 11.7627 6.0533 3.7794 11.4827 9.4911 9.6520 8.9230 13.0680 10.6374 13.8764 11.0120 7.4621 14.3616 30.1434 33.8015 33.2667 19.3492 16.2300 39.7723 24.3995 17.7540 19.3132 31.0458 27.4053 28.0932 24.4161 31.8285 11.8580 25.8640 31.8100 25.5003 25.6562 24.8413 21.5250 21.4248 22.0819 21.4897 27.8722 22.5621 27.7509 18.4289 24.3650 45.5660 48.2581 44.3773 43.6536 46.4418 44.4493 49.0732 45.9129 49.9174 49.8470 48.2132 48.4815 45.2859 47.9813 44.8832 45.5091 54.0021 44.0935 49.1771 43.5777 47.7201 47.3736 46.8257 43.3419 45.5175 50.8832 46.3151 43.0988 45.1311 45.7690
5.9401 3.1004 9.0292 8.3288 4.5203 0.0000 9.7769 10.0944 5.8271 2.2841 7.3511 3.1780 6.2978 9.7255 7.6850 7.0961 7.3434 5.7265 10.7829 4.5091 7.9415 5.6444 9.9259 7.3242 6.3984 8.2069 6.7554 7.0911 4.8168 6.4111 40.9160 42.5408 40.8107 43.3676 45.5103 66.2713 38.8729 38.1087 41.7255 38.1785 40.0263 38.4288 36.5847 39.8789 42.2137 37.8292 37.9849 39.5267 35.2342 39.0269 38.0229 42.6160 42.6204 38.0279 39.4060 36.9754 40.2831 41.1382 65.5914 38.7661 6.3864 12.6572 8.2036 10.6121 10.7999 10.7382 12.4556 7.5391 8.3334 18.3523 15.4973 5.3967 15.8563 12.8440 11.1357 8.8674 6.6796 7.9952 13.5893 7.2343 5.6151 11.4220 7.3967 10.7505 6.1737 14.7576 10.1016 16.2711 11.6619 5.5510 16.0399 30.9965 34.1943 33.4859 20.6577 16.2617 39.5991 23.7839 19.3797 20.0488 30.4499 28.0400 28.6921 24.1608 32.5598 11.2760 27.8779 31.7320 26.3026 24.9039 25.6735 22.7249 21.4734 21.8908 22.4177 28.5109 24.1287 28.3283 19.0138 24.8710 41.6477 44.4417 40.4463 39.5911 42.5755 40.5312 45.1167 42.0367 46.1200 45.9912 44.3523 44.6255 41.3909 44.0244 41.0334 41.5128 50.5156 39.9771 45.3282 39.6882 43.8506 43.3367 42.7981 39.4725 41.4406 47.3682 42.2694 39.1258 41.1371 41.7665
5.5657 9.5839 5.1874 4.8734 6.9344 9.7769 0.0000 8.7912 7.1981 9.1716 5.1021 9.1129 6.1591 8.9156 5.6123 7.5805 8.2311 8.3663 5.1357 8.6658 7.5601 6.3854 4.5635 5.8019 5.3266 4.4150 8.7248 5.0574 7.1180 8.6494 49.9006 51.3841 49.7202 52.0750 54.2695 71.0516 47.7793 47.0985 50.4671 47.1989 48.8460 47.3870 45.5040 48.7659 51.0093 46.7846 46.9547 48.3819 44.1605 48.0061 46.9376 51.5335 51.5848 46.8029 48.2888 45.9534 49.0936 50.0751 70.2461 47.6239 10.4386 6.2130 8.0972 12.2412 8.0492 6.3498 11.7032 10.8394 10.5076 13.4145 11.5088 9.5091 15.8442 11.8565 15.3389 8.8471 6.0476 6.9640 9.5077 6.7467 5.2332 10.9160 12.5332 8.8003 12.8307 10.7130 11.6103 9.8204 10.1700 9.0171 12.6151 28.2723 32.8815 31.7082 16.6126 15.9121 38.8391 24.1274 15.7800 18.0324 30.7754 25.8435 26.8848 23.9084 30.3890 13.4069 23.4100 30.4629 24.0529 25.6740 22.9498 19.3958 20.8949 21.4275 19.8683 26.5638 19.6684 26.3898 16.7551 22.9258 50.5800 53.2771 49.4181 48.6196 51.5318 49.4705 54.0816 51.0120 54.9912 54.9660 53.1788 53.4808 50.3081 53.0308 49.8761 50.4650 57.3766 48.9414 54.2140 48.5805 52.7030 52.3625 51.7203 48.3292 50.2626 54.2436 51.2446 48.1750 49.8764 50.6707
8.1472 10.4292 9.0113 7.9636 9.3108 10.0944 8.7912 0.0000 7.5180 9.3459 6.1706 10.4100 10.1380 8.7774 5.3013 8.3733 3.7383 7.5718 5.9641 11.1366 5.7399 8.5731 8.2466 5.1715 7.8731 6.5231 7.0784 7.7032 9.4209 6.9041 47.7391 49.9150 48.6273 51.3336 53.4842 63.6901 46.1833 45.4053 49.6210 45.1733 46.7967 45.9894 43.3495 46.7833 50.1571 44.9709 45.3313 46.7890 42.0200 45.8033 45.3065 50.4566 49.8345 45.3392 46.1400 44.0736 48.1791 48.3650 62.9103 45.6028 9.8620 10.1203 7.5362 10.3738 9.7731 6.7028 8.9795 7.2177 7.5003 12.9413 9.3170 9.0578 11.9435 9.4219 12.4176 8.5444 6.9293 7.4206 9.9924 7.6227 8.4202 9.5864 10.0101 7.2854 10.1548 10.2387 10.0662 9.8107 6.7235 9.9157 10.4707 24.6069 28.7313 25.1535 12.1202 9.1628 31.9661 17.0976 13.4876 13.1786 23.1623 20.7871 22.2282 17.7765 26.4514 8.8511 22.5205 24.5450 19.1286 18.1010 18.2893 15.7483 14.2641 14.8136 14.5953 21.1991 16.3450 20.7073 10.8063 17.6921 48.7877 52.1944 47.9386 46.4059 50.1379 47.4237 51.8808 49.3948 53.8375 53.6533 51.7402 52.1645 49.0204 51.2187 48.4326 48.5595 50.9256 46.2193 52.8629 47.0156 51.2331 49.7616 49.2359 46.8955 46.9950 48.0429 48.7467 46.3301 47.1292 48.5503
5.2963 5.7303 5.7174 4.6556 4.5377 5.8271 7.1981 7.5180 0.0000 4.8702 4.2786 6.2052 7.1466 5.7734 4.5579 4.3089 5.7326 4.3544 6.6823 7.0576 4.7133 6.0034 7.0628 3.6506 5.2966 4.3922 4.1109 3.9813 4.5504 4.7034 45.4416 47.2625 45.5152 48.2552 50.3172 67.7749 43.6209 42.7768 46.4579 42.7154 44.7605 43.0609 41.0663 44.4802 47.0090 42.4847 42.6649 44.2186 39.6570 43.6359 42.6665 47.3072 47.2005 42.4112 43.9190 41.6010 45.0325 45.8612 66.9910 43.4268 6.3652 9.7259 4.1771 8.6489 9.3989 6.0395 8.4853 6.0760 6.8389 14.4568 10.9008 5.3614 12.4325 9.3326 10.9049 4.9885 4.7910 4.9467 9.5288 4.9812 4.1667 8.8616 7.3090 6.5644 7.2723 10.5383 8.7502 11.7937 7.9493 7.1923 11.4308 26.8157 30.3328 30.3956 16.8353 13.6133 37.1469 21.9273 14.9393 15.9780 28.6590 24.2359 24.8634 21.1045 28.9374 9.0036 23.1930 28.5759 22.5488 23.4566 21.7057 18.2418 18.4661 19.0875 18.4830 24.7126 19.6986 24.7327 15.8408 21.1582 45.9817 49.1764 44.8837 44.1073 47.1110 44.6798 49.7215 46.6681 50.8339 50.6240 48.9967 49.2566 45.9913 48.5186 45.6503 46.0342 53.0343 44.3971 49.9585 44.2092 48.3641 47.8322 47.1681 44.2152 45.4085 49.9882 46.6706 43.6629 45.3924 46.1801
4.9221 3.4002 8.0224 7.3658 4.1047 2.2841 9.1716 9.3459 4.8702 0.0000 6.4560 3.4528 5.8006 8.7247 6.5557 6.0077 6.8286 4.5490 9.7850 4.2454 7.2344 5.1766 8.6677 6.6999 5.6382 7.0562 5.7166 6.1382 4.6947 6.0868 41.8860 43.4476 41.7714 44.3163 46.4538 66.9544 39.8361 39.1209 42.6543 39.1120 41.0063 39.4127 37.5604 40.8060 43.1168 38.7444 38.9549 40.4966 36.2275 39.9683 38.9450 43.6043 43.4950 38.9469 40.4310 37.9553 41.1955 42.0915 66.2652 39.6530 5.3275 11.5163 7.1896 9.5742 9.9994 9.8014 11.7294 7.1053 7.8954 17.3642 14.4083 4.8218 15.3031 11.8804 11.1492 8.0218 5.4814 6.8226 12.3727 5.9309 4.8632 10.5764 7.0612 9.8079 6.1253 13.8524 9.0022 15.2757 10.8462 5.3164 15.1886 30.5342 33.7870 33.0975 20.1020 16.0033 39.4873 23.8014 18.7695 19.2643 30.4184 27.5116 28.1785 23.8753 32.2682 11.0857 27.1281 31.4013 25.8269 25.0244 25.0208 21.9468 21.2718 21.5244 21.9387 27.9860 23.2716 28.0236 18.4799 24.3194 42.5241 45.3611 41.3434 40.5552 43.4984 41.4116 46.0205 42.9941 47.0397 46.9177 45.2374 45.5906 42.3222 44.9206 41.9976 42.4719 51.3268 40.9118 46.2008 40.5485 44.7596 44.2888 43.6680 40.4167 42.3510 48.1831 43.2499 40.0709 42.1414 42.6660
4.4682 7.4748 5.7152 4.5159 5.5995 7.3511 5.1021 6.1706 4.2786 6.4560 0.0000 7.0384 5.9842 6.6997 3.1144 5.0507 4.9262 5.0475 5.2807 7.7832 4.2594 5.0573 4.7517 2.7207 4.4791 3.4479 5.4520 3.6697 5.3342 4.7235 46.8961 48.6654 47.1209 49.6990 51.8883 67.6443 45.0612 44.3381 47.9621 44.2880 46.0375 44.6649 42.5045 45.8116 48.5015 43.9140 44.1274 45.6080 41.0933 45.0372 44.1268 48.9420 48.7031 43.9221 45.3633 43.0792 46.5946 47.2732 66.8260 44.7530 6.9431 6.7280 5.3711 9.1144 7.5591 5.3112 8.8124 7.0711 6.9462 12.6798 10.0893 6.2170 12.9552 8.7433 11.8315 6.3124 3.5803 4.5753 8.5182 3.6102 3.9052 8.3469 8.8216 5.8996 8.8688 9.8116 8.7347 9.8368 7.1322 6.9204 11.2769 26.4683 30.6053 29.5754 15.3531 12.7751 36.3120 21.1067 14.5736 15.5779 28.0331 23.5908 24.6777 20.8998 28.5649 9.7483 23.2031 27.9824 21.9035 22.8334 21.1018 17.8898 18.2951 18.6365 17.9201 24.3798 18.6373 24.2768 14.1157 20.6520 47.5666 50.7022 46.5882 45.6114 48.7574 46.3364 51.0994 48.1874 52.3526 52.2780 50.4549 50.8009 47.5851 50.1131 47.1301 47.5499 53.5603 45.7748 51.4941 45.6996 49.8823 49.2243 48.5907 45.6048 46.8405 50.4528 48.0912 45.2648 46.7158 47.6330
5.6565 4.6468 9.3328 8.8628 5.5251 3.1780 9.1129 10.4100 6.2052 3.4528 7.0384 0.0000 4.9957 10.0380 7.7113 6.7789 7.9049 5.3997 10.9054 4.3809 8.1359 4.6755 9.2093 7.6669 6.3984 8.2178 7.2897 7.1912 4.9177 6.9329 41.0757 42.5763 40.9472 43.3854 45.5734 66.7193 38.9717 38.2735 41.7422 38.3470 40.1273 38.5486 36.6988 39.9475 42.2764 37.9546 38.1908 39.6096 35.3902 39.1759 38.1798 42.7365 42.7094 38.0047 39.4941 37.1210 40.3104 41.2703 66.0283 38.8362 6.1043 11.7566 8.6498 10.7217 9.3616 10.7974 12.8431 8.3494 8.4857 18.1260 15.6331 4.6578 16.2418 12.6104 10.9464 9.3274 6.4264 8.0216 13.3916 6.7392 4.8386 10.9941 7.8736 10.7132 7.0599 14.6827 9.9358 16.0563 11.6230 3.7699 16.3553 31.0438 34.3439 33.9166 20.8458 16.7360 40.0166 24.0730 19.7182 20.3266 30.9852 28.1441 28.9371 24.5236 32.8063 12.0668 28.2357 31.7498 26.7135 25.4409 25.9997 23.0058 22.0158 22.3386 22.7742 28.9659 24.3420 28.7905 19.0029 25.1415 41.7406 44.5240 40.5609 39.7603 42.6788 40.6781 45.2740 42.1488 46.1971 46.1444 44.3977 44.6647 41.4683 44.1543 41.0862 41.5919 50.9274 40.1799 45.3870 39.7219 43.8986 43.5585 42.9297 39.5711 41.6058 47.6847 42.4427 39.3061 41.2477 41.8775
4.7267 7.1200 7.6435 7.6263 6.0630 6.2978 6.1591 10.1380 7.1466 5.8006 5.9842 4.9957 0.0000 9.4916 6.9657 7.0932 8.5273 6.4731 9.0412 5.5002 8.5350 2.8654 6.8195 7.4957 5.4870 6.7039 7.7558 5.9114 6.1073 8.1114 44.7405 45.9692 44.3858 46.6075 48.8720 69.3654 42.4629 41.8872 45.0616 41.9765 43.5564 42.1245 40.3811 43.4260 45.5446 41.4450 41.7110 43.0800 39.0851 42.6783 41.6150 46.2505 46.1808 41.5338 43.1995 40.7368 43.7236 44.7451 68.6292 42.2140 7.4951 8.5415 8.4410 11.0403 6.8848 9.6557 12.8995 9.5857 9.1957 16.0873 14.2752 6.4313 16.7124 12.3543 12.8888 9.3007 5.0809 7.1243 11.5934 5.7877 4.5277 10.3684 9.9874 10.1509 9.7968 13.2858 9.6672 13.9321 11.3480 4.4785 15.5255 31.0627 35.0586 33.9083 19.9411 17.2990 40.6877 25.1988 18.9810 20.0160 31.9054 28.1811 29.2053 25.3808 33.0341 13.3949 27.0286 32.2766 26.5996 26.6021 25.4880 22.2161 22.7708 22.6920 22.7014 29.0502 23.0756 29.0362 18.8672 25.0443 45.2777 47.8325 44.0759 43.3408 46.2222 44.3316 48.7644 45.7184 49.5524 49.5786 47.7926 48.1582 44.9197 47.6621 44.6047 45.1803 54.2623 43.7688 48.7786 43.1931 47.3701 47.1621 46.4953 42.9657 45.3547 51.0490 46.0990 42.8795 44.9627 45.4100
8.8287 10.4379 6.6559 6.7447 8.7065 9.7255 8.9156 8.7774 5.7734 8.7247 6.6997 10.0380 9.4916 0.0000 7.3849 5.4870 8.9013 7.8892 6.8531 11.2575 8.2946 8.1148 8.2965 6.9028 8.8382 5.7709 5.8112 5.4935 9.2859 7.9096 48.0937 49.9783 48.1763 51.1106 53.1649 69.1558 46.4887 45.6708 49.3331 45.4872 47.5765 45.9059 43.7526 47.0708 49.7515 45.1998 45.4934 47.0326 42.2632 46.1498 45.3435 50.1404 49.6908 45.0250 46.7268 44.4396 47.9388 48.6190 68.3105 46.0461 7.4566 9.1124 2.4707 6.0895 8.7006 5.2222 5.6006 6.2230 5.8519 10.8814 7.7730 7.5007 9.4127 6.8289 10.1343 3.1451 5.9895 3.9493 5.7890 6.0059 7.9602 6.6097 7.3068 4.4673 8.8711 6.5437 6.2100 9.5489 6.6686 9.4386 7.9113 24.9331 28.9519 28.3364 15.1924 13.1989 36.2782 22.0372 12.5291 13.6034 27.9518 22.4714 23.6656 19.6154 26.4079 7.9795 19.2020 26.8599 20.0581 23.5436 18.6569 14.7263 17.0117 17.3349 16.5954 22.2526 16.2836 22.8801 14.8585 18.7100 48.4661 51.8199 47.2050 46.5795 49.7000 47.1509 52.3715 49.3689 53.4633 53.2369 51.6598 51.9557 48.5070 50.9322 48.5032 48.6039 54.6503 46.7928 52.5080 46.6752 51.0013 50.3564 49.6364 46.9911 47.7655 51.8562 49.1699 46.2657 48.0920 48.6578
3.9258 7.2606 5.4674 4.2254 5.6011 7.6850 5.6123 5.3013 4.5579 6.5557 3.1144 7.7113 6.9657 7.3849 0.0000 5.2218 3.9201 5.2533 4.4340 7.4144 4.1238 6.2219 4.8694 2.9066 3.6270 3.2898 5.9707 4.3539 5.6058 5.6651 47.2817 49.0516 47.5650 50.0788 52.2295 67.3992 45.3981 44.6654 48.3806 44.5931 46.3129 45.0594 42.8675 46.2596 48.8942 44.2747 44.5221 45.9927 41.5721 45.4361 44.5304 49.3263 49.1274 44.4849 45.7040 43.4211 46.9324 47.6282 66.6578 45.1113 7.9635 7.8902 6.1616 10.2263 8.8430 5.7576 9.9046 7.9205 8.1418 13.7602 10.6091 7.3509 13.9261 10.0743 13.1242 7.3429 4.3264 5.3202 9.4087 5.0364 4.2949 9.8589 9.8372 7.1227 9.7900 10.6818 9.6446 10.3553 8.2688 7.9349 11.6780 27.1911 31.1675 29.5898 15.5622 13.1146 36.3277 21.2767 15.2952 16.0436 27.8558 24.0794 25.0518 21.3552 29.1570 10.7037 23.6993 28.3635 22.4142 22.5973 21.5957 18.3624 18.2883 18.9566 18.0739 24.6860 18.9316 24.4887 14.4494 21.1103 48.0931 51.1030 47.1119 46.0363 49.1906 46.8921 51.4451 48.5860 52.7816 52.6993 50.8573 51.2376 48.0722 50.5703 47.5397 47.9825 53.6367 46.1806 51.8853 46.1463 50.3521 49.6103 48.9703 45.9897 47.2780 50.5676 48.5387 45.6980 47.0940 48.0856
5.7470 7.6294 6.0190 5.9389 5.9704 7.0961 7.5805 8.3733 4.3089 6.0077 5.0507 6.7789 7.0932 5.4870 5.2218 0.0000 7.2283 5.7684 7.1011 7.9189 7.0155 6.0553 6.5276 5.6510 6.0378 4.9893 5.8029 4.2330 6.1096 7.1031 45.8121 47.5458 45.8718 48.5492 50.6570 68.4776 43.9783 43.2305 46.8046 43.1444 45.1711 43.4586 41.4260 44.7719 47.2790 42.8654 43.1691 44.5851 40.0642 43.9821 43.0923 47.6714 47.4219 42.8097 44.3236 42.0284 45.3501 46.2036 67.7243 43.7850 5.3601 8.7088 4.5678 7.7088 8.1664 6.5134 8.9521 6.7147 6.6407 13.5809 11.0530 5.3698 12.3520 8.6731 10.5656 5.1008 4.6045 3.8879 8.4394 4.5037 4.5616 8.1882 7.4597 6.1553 8.0222 9.6537 7.1575 11.5473 8.4778 6.8601 11.0225 27.5548 31.3523 30.6996 17.2974 14.4357 37.8774 22.7689 15.5981 16.6330 29.2319 24.9130 26.1025 21.8369 28.7895 9.5044 22.9092 28.8293 22.8204 24.2716 21.7442 18.4924 18.7849 19.6225 18.8130 25.0541 19.6288 25.4095 15.9380 21.5284 46.3816 49.4482 45.1235 44.4276 47.4162 45.2411 50.1145 46.9559 51.0941 51.0044 49.2945 49.5384 46.2321 48.8368 46.0823 46.3780 53.5886 44.8182 50.1438 44.3628 48.7147 48.2142 47.5519 44.5722 45.8910 50.5970 47.0312 44.1314 45.8764 46.5202
5.9010 7.3570 8.2212 6.9137 6.7231 7.3434 8.2311 3.7383 5.7326 6.8286 4.9262 7.9049 8.5273 8.9013 3.9201 7.2283 0.0000 5.6290 6.6983 8.3629 3.8661 7.3215 7.6985 3.6902 5.6349 6.0567 6.1342 6.6521 6.5961 4.7777 45.4903 47.5383 46.1935 48.7899 50.9513 63.9761 43.7879 43.0111 47.0823 42.8902 44.5171 43.5494 41.1155 44.5585 47.6334 42.6409 42.9010 44.3930 39.7853 43.6308 42.9713 47.9330 47.5818 42.9960 43.8670 41.7190 45.6377 46.0054 63.2394 43.3871 8.5229 10.3635 7.2992 10.6125 10.2294 7.5780 10.1025 6.8329 7.5640 14.9692 11.4326 7.4736 13.4993 10.6052 12.1920 8.3932 5.9158 7.1457 11.3265 6.6591 6.3800 10.4385 9.1475 8.1533 8.6201 12.0041 10.2995 11.8837 8.1469 8.3571 12.4735 26.5872 30.3164 27.9197 14.9285 11.0386 34.0817 18.7227 15.4954 15.4252 25.2252 22.9751 24.0186 19.7099 28.5134 9.3773 24.6746 26.8637 21.5114 19.7680 21.0161 18.3385 16.5244 17.1546 17.0964 23.7091 19.1921 23.0888 13.1986 20.1532 46.5190 49.7543 45.6969 44.2472 47.7604 45.2188 49.6505 47.0114 51.3866 51.2519 49.3903 49.7608 46.6615 48.9699 45.9848 46.2964 50.4133 44.2063 50.4950 44.6986 48.8669 47.6609 47.1313 44.4602 45.1393 47.3944 46.6276 44.0418 45.0501 46.3786
5.3526 5.5561 8.0045 7.1573 6.0756 5.7265 8.3663 7.5718 4.3544 4.5490 5.0475 5.3997 6.4731 7.8892 5.2533 5.7684 5.6290 0.0000 8.4342 6.5053 5.0032 5.6903 7.5039 5.3012 6.0257 5.8466 4.3471 6.4793 5.2119 4.3342 43.4199 45.1961 43.6145 46.3169 48.4026 66.1990 41.6084 40.8694 44.5391 40.7152 42.6034 41.1959 39.0434 42.3567 45.0755 40.4599 40.6399 42.1277 37.6148 41.5653 40.5693 45.5089 45.2053 40.3808 41.8939 39.5925 43.1553 43.8054 65.4322 41.2205 5.2137 10.2400 6.3901 9.1991 8.4307 8.0409 9.8428 7.0993 6.7630 15.7393 12.2077 4.4095 13.6775 10.0776 10.5052 7.4534 4.8471 6.6636 11.0034 5.4687 4.9483 8.8153 7.6733 7.8260 6.6364 12.3177 8.7645 13.0518 8.7746 5.5415 13.4543 27.9021 31.0122 30.8960 17.7287 14.1445 37.1532 21.6086 16.9461 16.7822 28.7762 24.9086 25.3462 21.4020 29.6708 10.4710 25.8926 28.8300 23.5462 23.3888 22.7071 19.9659 19.3465 19.5509 19.8657 25.7204 20.9510 25.7505 15.8541 21.8520 44.0206 47.1792 43.0551 42.1340 45.2425 42.7946 47.6159 44.7517 48.8946 48.7443 46.8950 47.3146 44.0616 46.5658 43.6441 44.0568 51.2275 42.2809 47.9882 42.1799 46.3338 45.8021 44.9967 42.1379 43.3592 48.0156 44.6554 41.7650 43.2354 44.0433
6.9221 10.5737 4.7499 4.3877 8.0509 10.7829 5.1357 5.9641 6.6823 9.7850 5.2807 10.9054 9.0412 6.8531 4.4340 7.1011 6.6983 8.4342 0.0000 10.5744 6.7075 8.3138 5.0999 4.8504 6.3085 3.6099 7.5959 5.0700 8.7149 8.3485 51.0266 52.8238 51.2426 53.8134 55.9602 69.3683 49.1601 48.4050 52.1429 48.3259 50.0930 48.7893 46.6289 49.9868 52.6377 48.0256 48.2905 49.7774 45.2794 49.0903 48.2670 53.0722 52.8264 48.2044 49.4587 47.1879 50.7033 51.3956 68.5759 48.8134 10.5390 6.8435 6.2500 10.7099 9.1624 3.8486 9.1831 9.2111 9.2794 11.2778 8.0644 9.9688 13.1054 10.0107 14.6737 7.2055 5.8592 5.7006 7.3005 6.6655 7.1209 10.0060 11.6859 6.7608 12.3113 8.1736 10.3515 7.4174 7.9560 10.7236 9.1413 25.7114 30.3468 28.0320 13.5326 12.9627 35.7284 21.6223 13.0326 14.6332 27.5120 22.7911 24.1093 20.8764 27.6912 11.0814 20.3993 27.4875 20.7673 22.8026 19.4769 15.7737 17.3647 18.1215 16.3168 23.0162 16.1695 22.9567 13.9158 19.6182 51.7841 54.8259 50.6916 49.6733 52.8935 50.5380 55.2108 52.3404 56.5119 56.3825 54.6166 54.9688 51.7280 54.2214 51.3338 51.6740 56.3715 49.7972 55.6199 49.8718 54.1042 53.3002 52.6769 49.7694 50.8657 53.4752 52.2206 49.3632 50.8329 51.7929
4.3685 3.5212 8.2164 8.0162 4.6197 4.5091 8.6658 11.1366 7.0576 4.2454 7.7832 4.3809 5.5002 11.2575 7.4144 7.9189 8.3629 6.5053 10.5744 0.0000 8.7752 6.5444 8.6050 8.1446 4.7884 8.1576 8.7474 7.3687 4.4567 8.4128 42.6518 43.8698 42.2008 44.3817 46.5291 68.8093 40.2592 39.6063 42.8255 39.7771 41.4852 39.8609 38.3460 41.5039 43.3285 39.3595 39.4903 40.9158 37.1578 40.7687 39.5405 43.9254 44.2080 39.6661 41.0699 38.5274 41.3645 42.5618 68.2182 40.2734 8.5146 11.9061 9.8867 13.0716 11.3286 11.4942 14.7530 10.7600 11.2354 19.5916 16.8024 7.8932 18.7279 15.0189 14.6483 10.8565 6.9839 9.0829 14.4487 8.0103 5.1975 13.6247 10.8587 12.4027 10.0081 16.1245 12.1579 16.8318 13.7525 6.9906 17.6662 33.3010 36.6840 35.8448 22.2963 18.7461 42.0904 26.3426 21.3917 22.2580 33.0394 30.3513 30.9160 26.9789 35.0270 14.6043 29.4563 34.2912 28.7554 27.3820 27.9507 24.6628 24.0387 24.6283 24.5356 30.9981 25.6972 30.7211 20.8569 27.3248 43.4311 45.7073 42.1982 41.4545 44.0942 42.5451 46.7280 43.5666 47.4198 47.4245 45.6927 46.0363 42.9173 45.7132 42.4248 43.2028 53.3757 41.9538 46.6987 41.2584 45.3449 45.2421 44.6132 40.8015 43.7029 50.0945 44.2147 40.8504 43.0725 43.5192
6.2943 7.4409 7.9473 6.1372 6.5778 7.9415 7.5601 5.7399 4.7133 7.2344 4.2594 8.1359 8.5350 8.2946 4.1238 7.0155 3.8661 5.0032 6.7075 8.7752 0.0000 7.4314 7.7301 2.8827 6.1913 5.5511 5.7736 6.5064 5.9078 3.6147 46.2117 48.2418 46.7584 49.4524 51.5806 65.5136 44.5535 43.7341 47.6551 43.6252 45.4077 44.1922 41.8175 45.3054 48.2565 43.3924 43.5457 45.0889 40.3874 44.4914 43.5866 48.5107 48.2906 43.3555 44.6020 42.4539 46.2702 46.7602 64.6634 44.2570 8.4691 10.0627 6.9116 10.6125 10.2386 6.6696 9.3206 7.5739 7.8643 14.3261 10.6642 7.0501 12.9194 9.7228 12.1925 7.6765 6.5251 7.3199 10.8869 6.5407 5.8686 9.7015 9.5065 7.2821 8.8940 11.4480 10.7216 10.9501 7.4292 8.4346 11.8416 25.0904 28.5718 28.4002 14.6255 11.3335 34.3439 19.0947 14.2040 14.5739 26.3702 22.0928 22.5047 19.3572 27.5719 9.5554 23.8909 26.5110 20.9160 20.8896 20.6425 17.8385 16.9890 17.3938 16.9125 23.2145 18.6254 22.8215 13.2791 19.5414 46.9391 50.3555 46.2030 45.0275 48.3254 45.5138 50.4365 47.6846 51.9959 51.8388 50.0233 50.3588 47.2334 49.6048 46.5498 46.9742 51.7525 45.0679 51.1422 45.2931 49.3594 48.4904 47.8311 45.1630 45.8104 48.6508 47.3722 44.6850 45.6781 46.9973
5.1110 7.1355 7.6736 7.1642 5.9052 5.6444 6.3854 8.5731 6.0034 5.1766 5.0573 4.6755 2.8654 8.1148 6.2219 6.0553 7.3215 5.6903 8.3138 6.5444 7.4314 0.0000 7.1330 6.2986 5.9276 5.8889 6.2162 5.2266 6.1858 6.6823 44.4227 45.9471 44.3547 46.8132 49.0561 67.7422 42.3869 41.7421 45.2120 41.7482 43.4025 42.0552 40.0240 43.2148 45.6857 41.2785 41.5829 43.0184 38.6783 42.3919 41.4815 46.2510 46.0067 41.3458 42.9067 40.5560 43.8427 44.6544 66.9525 42.0659 6.1674 8.7117 6.9813 9.1849 5.9660 8.2895 10.9784 7.4930 7.0257 14.6586 12.7452 4.7075 14.5231 10.2623 10.7845 7.7730 4.4061 5.7360 10.3784 4.6840 4.1672 8.3582 8.0294 8.4232 8.0058 11.7371 8.0652 12.7190 9.2531 3.2920 13.8193 29.0558 33.0028 31.8241 18.0538 15.1769 38.5708 23.0835 17.0317 18.0270 29.7947 26.1297 27.2378 23.1030 30.9316 11.1032 25.4904 30.0848 24.4705 24.5776 23.4793 20.3764 20.5958 20.4572 20.6880 26.8703 21.3089 26.9271 16.9150 22.9047 45.0016 47.8832 43.8257 43.0056 46.0903 43.8839 48.5250 45.5654 49.5865 49.5396 47.7476 48.1006 44.8282 47.4439 44.5427 44.9366 52.7460 43.3053 48.7373 43.0242 47.2533 46.7424 46.1204 42.9565 44.6584 49.6221 45.6725 42.6295 44.4593 45.1078
4.7975 9.6404 4.7726 5.2600 7.1381 9.9259 4.5635 8.2466 7.0628 8.6677 4.7517 9.2093 6.8195 8.2965 4.8694 6.5276 7.6985 7.5039 5.0999 8.6050 7.7301 7.1330 0.0000 6.1981 5.0484 4.0271 8.1413 4.8892 7.6203 8.7459 49.4716 50.9226 49.3706 51.7344 53.9175 70.7813 47.3717 46.7750 50.0833 46.7598 48.4654 47.0268 45.1365 48.2787 50.5667 46.3139 46.5728 47.9649 43.7898 47.5104 46.5648 51.2066 51.0553 46.4636 47.9437 45.5520 48.6735 49.6332 70.0325 47.0802 9.0475 4.2329 7.2894 10.7233 7.8461 6.4844 11.3020 10.2601 10.0465 12.8935 10.8752 9.1922 15.4776 11.0312 15.0322 8.4581 4.4771 5.7722 8.1521 5.1062 5.6194 10.4211 11.8509 8.1223 12.2367 10.2836 10.0725 9.8648 9.8357 9.1910 12.2982 28.7638 33.2410 31.4598 17.0175 15.9147 38.8458 24.2496 16.4625 17.6976 30.5493 25.8168 27.2158 23.8064 30.4653 13.1574 23.5467 30.4587 23.9780 25.7233 22.6693 19.1789 20.8054 21.2768 19.9333 26.4410 19.5600 26.5523 16.2889 22.8449 50.1549 52.8675 49.0011 48.1809 51.1122 49.1373 53.5824 50.5821 54.5413 54.5702 52.6888 53.1148 49.8841 52.5375 49.5355 50.0532 56.9320 48.4578 53.7086 48.0285 52.2819 51.8918 51.1993 47.8833 49.8225 53.8184 50.8178 47.7801 49.5882 50.2016
5.1867 7.1450 5.8859 4.1979 5.3773 7.3242 5.8019 5.1715 3.6506 6.6999 2.7207 7.6669 7.4957 6.9028 2.9066 5.6510 3.6902 5.3012 4.8504 8.1446 2.8827 6.2986 6.1981 0.0000 4.7647 3.6788 5.2964 4.3520 5.1827 4.2113 47.0245 48.9690 47.3915 50.0586 52.1949 66.7302 45.2762 44.4560 48.3060 44.4082 46.2171 44.8594 42.6292 46.0789 48.8773 44.1534 44.3168 45.8459 41.2157 45.2379 44.3495 49.1623 48.9916 44.2006 45.4357 43.2274 46.9019 47.4988 65.9145 45.0188 7.9796 8.6419 5.4230 9.8747 9.1895 4.9281 8.5643 6.7900 7.2027 13.3525 9.9278 6.9021 12.5172 9.2969 12.0907 6.3236 4.9503 5.5455 9.3989 5.4076 4.5826 9.1642 9.0252 6.1609 8.8895 10.0275 9.8284 9.9676 7.1008 8.0546 10.7630 25.6587 29.6178 28.6437 14.5326 11.7589 35.1946 20.0295 13.7918 14.9483 26.9009 22.8186 23.6498 19.9518 27.7416 9.0799 22.7491 27.1649 21.0989 21.5703 20.4850 17.3331 17.0362 17.7565 16.8512 23.4637 18.1620 23.1061 13.5922 19.8896 47.8030 51.0281 46.8538 45.7718 49.0029 46.4776 51.2866 48.4050 52.6758 52.5275 50.7625 51.0544 47.8844 50.3495 47.3482 47.7459 52.9490 45.8921 51.8205 46.0249 50.1614 49.3353 48.7491 45.8872 46.8225 49.9008 48.2001 45.4415 46.7068 47.8331
2.0539 5.6474 4.9193 4.6416 3.9641 6.3984 5.3266 7.8731 5.2966 5.6382 4.4791 6.3984 5.4870 8.8382 3.6270 6.0378 5.6349 6.0257 6.3085 4.7884 6.1913 5.9276 5.0484 4.7647 0.0000 4.7248 7.3661 4.3117 4.1672 6.9596 46.4228 47.8972 46.3352 48.6162 50.7923 68.7999 44.2600 43.5570 47.0124 43.6505 45.3170 43.8793 42.0669 45.3183 47.5334 43.2710 43.4536 44.8728 40.8186 44.5395 43.5081 48.0553 48.1276 43.5536 44.8125 42.3975 45.5639 46.5173 68.1474 44.1266 8.5963 8.5232 7.5441 11.7620 9.7620 7.8930 12.2057 9.3021 9.7680 16.0656 13.2566 7.9705 16.3812 12.6232 14.4472 8.6780 4.5946 6.5119 11.2943 5.8617 3.6205 11.8521 10.6647 9.4553 10.4739 12.7421 10.9005 12.8783 10.9717 7.7480 14.1869 30.1865 34.1749 32.4872 18.5380 15.8270 39.2105 23.9401 17.9748 19.1081 30.4105 27.1549 28.1213 24.3585 32.0273 12.6458 25.8417 31.3707 25.4131 24.9678 24.5329 21.0627 20.9945 21.8295 20.9446 27.7283 21.8540 27.3439 17.4939 24.1630 47.2696 49.8616 46.1513 45.1880 48.1170 46.2438 50.5517 47.5205 51.5409 51.5221 49.7506 50.0856 46.9495 49.6223 46.4268 47.0396 54.5702 45.5159 50.7666 45.1892 49.3386 48.8688 48.2920 44.8220 46.9566 51.4273 47.8230 44.7347 46.5392 47.2983
4.5846 8.0979 3.6563 2.8167 5.6182 8.2069 4.4150 6.5231 4.3922 7.0562 3.4479 8.2178 6.7039 5.7709 3.2898 4.9893 6.0567 5.8466 3.6099 8.1576 5.5511 5.8889 4.0271 3.6788 4.7248 0.0000 5.5879 3.2419 6.3192 6.3138 48.4336 50.1369 48.4451 51.0820 53.1930 69.4040 46.5389 45.8138 49.3898 45.7483 47.5977 46.1193 44.0557 47.3870 49.8646 45.4196 45.6111 47.1307 42.6521 46.5478 45.5700 50.3339 50.1467 45.4613 46.9396 44.5971 47.9575 48.7756 68.6045 46.2509 7.6653 6.6035 4.5997 9.0272 7.7095 3.8694 8.6758 7.8640 7.7042 12.1827 9.2046 7.4079 13.0169 9.2218 12.9343 5.7640 3.6343 3.9701 7.2952 4.4016 4.4195 8.5625 9.6830 5.9350 10.0454 8.7281 8.7382 8.9072 7.6600 8.1154 10.2634 26.8084 30.9914 29.8767 15.3573 13.9017 37.1937 22.4320 14.2179 15.6866 28.9397 24.0924 25.0830 21.5879 28.5110 10.5798 22.0519 28.6520 22.0653 23.9884 20.9030 17.4371 18.6873 19.2339 18.0913 24.3935 17.9865 24.5830 14.9952 20.8472 49.0906 52.0501 47.9245 47.1187 50.1533 47.8850 52.6499 49.6747 53.7580 53.6371 51.8726 52.2411 48.9607 51.5428 48.6486 49.0635 55.4194 47.3363 52.8811 47.1402 51.3649 50.8222 50.1359 47.0837 48.5290 52.3742 49.7156 46.7321 48.4067 49.1510
7.0451 7.3175 7.6564 6.8388 6.7015 6.7554 8.7248 7.0784 4.1109 5.7166 5.4520 7.2897 7.7558 5.8112 5.9707 5.8029 6.1342 4.3471 7.5959 8.7474 5.7736 6.2162 8.1413 5.2964 7.3661 5.5879 0.0000 5.7522 7.1996 4.9126 44.8559 46.7654 45.0777 47.9539 50.0171 66.4919 43.1696 42.3770 46.1453 42.1779 44.1604 42.6921 40.5328 43.8355 46.6506 41.9116 42.1540 43.7265 39.0122 42.8730 42.0836 47.0464 46.5448 41.8452 43.4335 41.1282 44.7901 45.3516 65.6584 42.6683 5.5062 10.2275 4.2159 6.9671 8.1983 6.5845 7.4648 4.8183 5.2243 13.7060 9.7313 4.9250 11.2351 8.2187 9.3570 5.2350 4.9255 5.1005 9.1111 5.1957 6.3872 7.0570 6.1602 6.4328 5.9482 10.0666 7.1923 11.5661 6.4602 7.0187 11.0666 25.9798 29.4514 29.0290 16.0580 12.6557 35.8716 20.8066 14.3802 14.4906 27.4712 23.0386 23.6346 19.6856 28.0048 8.1311 23.1519 27.3400 21.4309 22.5639 20.4059 17.2830 17.5860 17.4976 17.8166 23.5623 18.7362 23.8029 14.9642 19.7209 45.3131 48.6978 44.2748 43.4140 46.6464 43.9269 49.0418 46.2073 50.4059 50.1168 48.4487 48.8189 45.4598 47.8364 45.2363 45.4256 51.6933 43.5048 49.4353 43.6104 47.8041 47.0731 46.3099 43.7358 44.5120 48.7235 45.9882 43.0552 44.7051 45.4651
4.4807 7.4370 3.5840 3.5910 4.7164 7.0911 5.0574 7.7032 3.9813 6.1382 3.6697 7.1912 5.9114 5.4935 4.3539 4.2330 6.6521 6.4793 5.0700 7.3687 6.5064 5.2266 4.8892 4.3520 4.3117 3.2419 5.7522 0.0000 5.6939 6.8934 47.5028 49.1136 47.3976 49.9427 52.0903 69.5841 45.5067 44.7680 48.2435 44.7889 46.6593 45.0267 43.1550 46.4044 48.7443 44.4026 44.6725 46.1352 41.7881 45.5558 44.6516 49.2188 49.1108 44.5012 46.0024 43.6138 46.8414 47.7596 68.8225 45.3075 7.3199 7.0971 4.3821 8.7581 8.1395 5.4390 9.2913 7.1276 7.6682 13.0013 10.4569 6.8612 13.2951 9.5219 12.3507 5.4032 3.4865 3.3180 7.9446 3.9539 4.0975 8.9868 8.5703 6.6253 9.3207 9.3881 8.3748 10.5590 8.3955 7.5893 11.0518 27.8164 32.0788 30.8172 16.7575 14.4810 38.1781 23.2919 15.0399 16.7157 29.4990 25.1193 26.2941 22.5529 29.6963 10.1506 22.3816 29.6160 23.0115 24.5432 21.9069 18.0876 19.3543 19.8682 18.8382 25.4117 19.3080 25.4464 16.2439 21.8592 48.0902 51.0057 46.8538 46.1123 49.0965 46.9402 51.6981 48.6118 52.6458 52.5572 50.8936 51.1923 47.9069 50.4978 47.6497 48.0494 55.1682 46.4606 51.8200 46.1351 50.3754 49.8577 49.2786 46.0770 47.7251 52.1947 48.7738 45.6782 47.6416 48.2712
4.1719 3.7410 6.9281 5.9349 3.4624 4.8168 7.1180 9.4209 4.5504 4.6947 5.3342 4.9177 6.1073 9.2859 5.6058 6.1096 6.5961 5.2119 8.7149 4.4567 5.9078 6.1858 7.6203 5.1827 4.1672 6.3192 7.1996 5.6939 0.0000 5.8374 44.0636 45.6680 43.9766 46.4362 48.5502 68.1203 42.0194 41.2359 44.7060 41.3587 43.2196 41.5064 39.7118 43.0910 45.3112 41.0623 41.1130 42.5995 38.3679 42.3784 41.1791 45.6459 45.8768 41.0557 42.4571 40.1144 43.3079 44.2994 67.3934 42.0555 7.6740 10.6470 7.8307 11.8778 10.6893 8.9573 12.0767 8.9280 9.4687 17.3891 14.3820 6.6978 15.9973 12.5623 13.0671 8.6091 6.2342 7.7456 12.6664 6.9451 3.1819 11.8038 9.6377 9.6277 8.9123 13.8229 11.5439 14.2892 11.2583 7.0365 14.8975 29.7804 33.2501 33.3494 19.4518 16.0498 39.3983 23.7327 18.2435 19.5213 30.8613 27.3180 27.7515 23.9876 31.6823 12.0811 26.6293 31.3994 25.6734 25.2090 25.1190 21.9184 21.2884 22.0805 21.4513 28.0682 22.9406 27.6867 18.0688 24.4616 44.8022 47.5781 43.7035 42.9139 45.6967 43.7189 48.3477 45.1666 49.2227 49.1680 47.4647 47.6753 44.5837 47.2755 44.0219 44.7150 53.1308 43.3338 48.4716 42.8615 46.9272 46.6469 46.0291 42.5618 44.6033 49.8737 45.4639 42.4105 44.1391 44.9053
6.6714 6.5985 8.6964 6.9334 6.5304 6.4111 8.6494 6.9041 4.7034 6.0868 4.7235 6.9329 8.1114 7.9096 5.6651 7.1031 4.7777 4.3342 8.3485 8.4128 3.6147 6.6823 8.7459 4.2113 6.9596 6.3138 4.9126 6.8934 5.8374 0.0000 44.1113 46.1798 44.5876 47.4273 49.5401 64.9852 42.5463 41.7411 45.6418 41.6128 43.4158 42.1461 39.7465 43.2077 46.1768 41.3295 41.4023 43.0510 38.2285 42.3747 41.4429 46.4578 46.1588 41.2171 42.6344 40.4257 44.2729 44.7147 64.1263 42.1770 6.8368 10.8082 6.4734 9.3275 9.8149 7.4948 8.5104 6.3538 6.2390 14.7230 11.3690 5.5533 12.4454 9.4090 10.2681 7.1423 6.1488 7.0327 11.0717 6.1980 6.0340 8.9034 7.6295 7.3131 6.6168 11.8070 9.5093 12.1141 7.4205 7.1964 12.5328 25.7533 29.0859 29.0504 15.7072 11.7878 34.9611 19.3835 14.9668 15.1393 26.8462 22.8733 23.2861 19.2920 27.9008 8.6224 24.6035 26.9997 21.4982 21.3918 21.1350 18.5094 17.5198 17.6490 17.9561 23.7860 19.4176 23.5941 14.0217 20.0737 44.8160 48.2372 44.0033 42.9111 46.1801 43.3837 48.3804 45.6083 49.9056 49.6999 47.9244 48.2612 45.0548 47.4490 44.5006 44.8687 50.4959 42.9084 49.0280 43.1601 47.2478 46.4270 45.7338 43.0738 43.8068 47.3442 45.2609 42.5722 43.7329 44.8420
45.7318 41.7834 49.5586 48.9043 44.8852 40.9160 49.9006 47.7391 45.4416 41.8860 46.8961 41.0757 44.7405 48.0937 47.2817 45.8121 45.4903 43.4199 51.0266 42.6518 46.2117 44.4227 49.4716 47.0245 46.4228 48.4336 44.8559 47.5028 44.0636 44.1113 0.0000 5.8125 7.2587 10.4124 11.1637 58.4205 5.1145 5.0030 9.0025 4.1792 4.9964 5.9835 4.7568 3.3518 9.3840 4.9835 5.2052 4.6678 6.3070 4.1739 5.2746 7.6057 5.1307 6.2116 3.3334 4.8488 8.7231 4.3320 58.3649 5.6350 42.2701 51.5881 47.1243 45.6922 47.1993 50.3223 48.7220 44.0166 44.2853 55.6687 53.2851 42.1729 49.2741 48.2353 40.9161 47.3360 46.1974 47.3144 51.9609 46.2008 45.3621 46.8606 41.6100 48.5547 39.9560 52.8135 45.4342 55.0849 48.3535 41.8109 53.5602 61.1298 60.3514 61.9615 56.1169 49.2077 62.6279 50.0419 55.6172 53.7153 54.8638 58.3239 57.8420 52.3451 61.4312 45.6227 64.2991 58.2929 58.0242 50.5706 58.5344 57.8987 52.5483 52.1063 56.0904 59.3077 59.9100 58.9013 52.1383 56.2804 5.4563 8.6732 6.7893 3.5969 6.0921 7.1065 5.3897 4.1530 9.1994 8.7576 6.7536 6.8411 6.4775 5.7089 4.8020 3.0679 35.3623 4.7775 8.1345 5.4242 6.0739 4.3899 4.2255 5.5678 8.7526 32.3493 3.6184 4.3592 6.3358 3.3151
47.1813 43.3407 51.0519 50.5556 46.4116 42.5408 51.3841 49.9150 47.2625 43.4476 48.6654 42.5763 45.9692 49.9783 49.0516 47.5458 47.5383 45.1961 52.8238 43.8698 48.2418 45.9471 50.9226 48.9690 47.8972 50.1369 46.7654 49.1136 45.6680 46.1798 5.8125 0.0000 4.7698 5.1503 6.3278 63.0996 4.4197 5.8986 4.6595 6.3523 5.8288 5.4739 8.4941 4.9782 4.5375 5.6474 5.7854 4.0827 10.1221 6.5020 5.5580 4.4662 3.5531 7.3191 7.2207 6.7461 4.8793 2.8002 63.1260 5.9070 44.0207 53.0175 49.0199 47.6877 48.7693 52.2927 51.0854 46.1922 46.4552 57.7658 55.4985 44.0019 51.9840 50.5148 43.3516 49.2875 47.7982 49.0493 53.8082 47.8408 46.9195 48.9218 43.7218 50.6697 42.0930 54.9014 47.2249 57.1718 50.6559 43.3717 55.9307 64.5797 64.1214 65.6267 58.9408 52.1643 66.8511 53.6834 58.2571 56.5468 58.7122 61.7029 61.3022 55.9076 65.0842 48.2297 66.8361 62.0622 61.3456 54.2138 61.6319 60.6372 55.8736 55.3671 59.1921 62.7591 62.6425 62.4367 55.0616 59.5051 6.5613 4.1174 6.8986 6.8111 4.3093 9.8191 5.5463 3.0977 4.8971 5.4154 3.0886 3.8550 4.4736 5.1268 3.3452 4.7188 40.2991 9.0710 4.3111 5.0886 4.2273 7.9255 7.4830 3.6342 13.6825 37.2856 8.0937 5.8201 11.1607 6.1134
45.6103 41.5742 49.2421 48.7736 44.6396 40.8107 49.7202 48.6273 45.5152 41.7714 47.1209 40.9472 44.3858 48.1763 47.5650 45.8718 46.1935 43.6145 51.2426 42.2008 46.7584 44.3547 49.3706 47.3915 46.3352 48.4451 45.0777 47.3976 43.9766 44.5876 7.2587 4.7698 0.0000 5.7951 6.2905 65.1288 5.4401 5.9329 4.3559 6.7996 8.3064 4.5293 8.7911 6.7108 4.0975 6.3400 5.4487 5.1304 9.6488 7.7751 5.2921 3.7183 5.3600 6.4626 8.5200 6.9817 4.2454 5.0603 65.0776 7.6697 42.3363 51.5168 47.2494 45.9723 47.2576 50.5620 49.3220 44.6333 44.8780 56.1962 53.8982 42.3915 50.3277 48.9454 41.7814 47.4555 46.2077 47.3588 52.0723 46.2463 45.2764 47.2836 42.0665 49.0352 40.4460 53.1708 45.6460 55.5910 49.1246 41.8382 54.2225 63.2297 62.7552 64.8547 57.6686 51.0398 66.4780 53.0136 56.5886 55.1831 58.3339 60.6095 60.0562 54.7583 63.5584 46.6596 64.9532 61.2245 60.0140 53.7095 60.2454 59.1271 54.7170 54.3344 57.9610 61.4609 61.1840 61.2793 54.0188 58.2536 6.8287 4.3844 5.1072 7.6944 3.6999 9.4830 8.9135 4.7313 6.1949 5.7897 4.8720 5.1439 3.0409 6.2805 4.7027 6.1868 42.1695 10.3973 5.8600 5.1285 5.0775 10.2018 9.4878 4.5107 15.0646 39.1366 9.8455 5.5756 12.7223 7.4831
47.9224 44.0713 51.7339 51.3554 47.0975 43.3676 52.0750 51.3336 48.2552 44.3163 49.6990 43.3854 46.6075 51.1106 50.0788 48.5492 48.7899 46.3169 53.8134 44.3817 49.4524 46.8132 51.7344 50.0586 48.6162 51.0820 47.9539 49.9427 46.4362 47.4273 10.4124 5.1503 5.7951 0.0000 3.3933 67.3235 7.2898 8.6217 3.4702 9.9995 9.4931 7.5498 12.3346 9.3896 2.7861 9.0422 8.6685 7.3968 13.7688 10.6197 8.7771 4.7420 7.7125 10.3612 11.2021 9.9678 4.1003 6.7212 67.4017 9.6359 45.2171 53.8748 50.1488 49.0833 49.8389 53.4229 52.6192 47.6109 47.9201 59.1844 56.9582 45.1588 53.8383 52.1132 45.1004 50.4266 48.7460 50.0791 54.9822 48.8432 47.7253 50.3710 45.1294 52.0336 43.5015 56.2105 48.5215 58.4859 52.2070 44.3626 57.4165 67.0030 66.8216 68.3649 60.8437 54.1948 70.0582 56.3540 59.9194 58.5765 61.6091 64.1675 63.7752 58.5135 67.6369 49.9110 68.3646 64.9150 63.6915 56.8549 63.8487 62.5113 58.1629 57.7526 61.2899 65.2224 64.5384 64.8929 57.1793 61.8445 10.3384 4.2769 9.6311 11.0479 6.9407 13.4409 9.7896 6.9081 5.1829 6.3970 6.0154 6.0147 6.7629 8.8659 6.6321 9.0328 44.8067 13.6749 6.1566 8.6044 7.3948 12.4992 12.2976 6.4730 18.3759 41.8022 12.7369 9.3526 15.5987 10.8019
