0.0000 12.1084 7.1901 10.2710 9.5207 14.5756 6.5872 8.6128 7.8107 6.6087 4.5226 4.0790 6.0198 14.3732 8.7303 7.3037 9.9735 11.7573 12.8304 7.4835 10.8124 7.2957 18.1602 8.3352 7.0701 4.4409 10.9476 7.6052 7.7184 6.2999 24.6859 25.0378 23.6590 24.7244 23.8667 22.3062 23.0612 25.0606 24.7468 24.5533 24.5464 24.9276 25.0777 24.8953 23.8584 21.7299 24.4331 24.8408 24.3110 22.3842 24.9093 23.9822 24.6907 23.5958 24.2232 24.5190 20.4273 23.3676 25.0699 23.4261 21.0886 16.1611 19.6749 20.4731 20.0687 15.9736 21.9139 19.6355 16.7054 23.5561 17.9376 19.1292 24.7906 23.5677 17.9370 13.5305 21.3843 21.4026 20.4573 19.8764 13.9977 20.0817 21.8862 19.4041 16.9763 18.0609 18.5715 18.0343 21.2096 17.8386 16.1282 14.3373 18.8731 22.6635 21.6671 17.6543 13.9391 15.2949 24.1043 14.4971 18.7863 20.3152 15.4643 24.0498 20.6636 18.8767 21.8307 21.2025 12.1882 15.9366 19.5278 14.5524 22.9101 18.9979 18.2749 12.8797 21.4092 21.9360 10.8326 21.0050 23.8040 24.7219 23.3119 24.1742 24.7369 24.8844 24.0397 24.8860 25.1812 23.6096 24.3693 25.1095 24.9761 21.3103 22.8403 23.3978 24.6004 24.4786 24.3779 24.2106 24.5491 25.1075 22.6714 24.3732 23.1016 25.3951 23.0967 24.3470 20.5536 24.6737
12.1084 0.0000 9.8849 8.4539 8.8762 9.4477 7.9009 7.5376 7.3398 10.0138 12.2208 12.2251 14.7277 9.3283 9.5275 8.3474 7.4723 8.2899 10.3158 7.6624 7.9089 8.8586 12.9618 6.7052 8.7883 12.0416 10.9058 9.9302 11.5260 9.6267 20.3921 20.6891 19.5405 20.3559 19.4405 17.9758 18.8436 20.7444 20.3871 20.1873 20.1613 20.6935 20.7241 20.5400 19.5612 17.4740 20.0660 20.5931 19.9293 18.2493 20.5860 19.7050 20.4629 19.4277 19.9611 20.1471 15.8020 18.8761 20.7963 18.8940 16.9095 11.6657 15.1936 17.0420 15.8388 13.4799 17.4381 15.4617 12.4148 19.3330 14.3346 14.5804 20.4379 19.1895 14.6983 9.0961 16.9091 17.1043 15.8949 15.4388 14.0150 16.1910 17.8068 15.6353 13.7432 13.1805 14.4761 12.9902 17.0918 13.6735 11.6865 9.0373 16.2046 17.8794 16.8203 12.1756 7.8583 11.7257 19.4567 10.0066 14.0558 15.0929 7.3022 19.4637 15.8568 14.2263 17.3063 16.8748 9.7674 13.0593 14.6844 7.8556 17.9859 13.2160 13.7980 8.6786 16.1260 17.3070 12.5556 15.5959 19.5017 20.4154 19.0699 19.8216 20.4713 20.5677 19.6682 20.5002 20.8895 19.0007 20.0804 20.8590 20.6738 16.8593 18.4795 18.9278 20.3991 20.1124 20.0159 19.8658 20.1680 20.8088 18.2647 20.1670 18.6727 21.0572 18.6584 20.0631 17.0349 20.4012
7.1901 9.8849 0.0000 7.7110 6.8246 11.6009 5.8249 6.9616 6.0741 8.4732 7.0582 7.0352 9.0429 10.6904 5.9516 6.1493 6.3847 8.6226 9.6769 6.8932 7.2740 4.8098 15.3301 7.0453 6.7343 7.2171 8.9712 6.5596 6.6620 8.1044 22.4803 22.8194 21.5033 22.5072 21.6225 20.0127 20.8460 22.8618 22.5296 22.3440 22.3097 22.7541 22.8747 22.6879 21.6401 19.4383 22.2115 22.6325 22.0800 20.1936 22.7115 21.7881 22.5174 21.4021 22.0335 22.2922 17.9290 21.0742 22.8932 21.1017 18.7510 13.5571 17.1218 18.0200 17.6257 13.7136 19.4489 17.1915 13.7186 21.3038 15.5368 16.7001 22.5873 21.2936 15.5949 10.5795 18.9895 19.0573 17.9783 17.3734 12.3738 17.6341 19.6249 17.0231 14.5222 15.4556 15.9994 15.3005 18.8723 15.3479 13.1456 11.3504 16.7659 20.2457 19.1870 14.7139 10.2659 12.7426 21.7756 11.8844 16.1729 17.7167 12.0749 21.7388 18.0516 16.3280 19.4372 18.8839 9.8372 13.3190 16.9847 11.3331 20.4536 16.1474 15.6456 10.0537 18.7915 19.4579 8.7576 18.3271 21.5792 22.5288 21.0717 21.9537 22.5266 22.6734 21.8041 22.6617 23.0035 21.2724 22.1714 22.9232 22.7716 18.9555 20.5755 21.1061 22.4194 22.2499 22.1462 21.9725 22.3179 22.9184 20.3728 22.1767 20.8594 23.2025 20.8009 22.1428 18.4637 22.4915
10.2710 8.4539 7.7110 0.0000 5.9184 9.9035 7.9537 6.4269 7.8096 10.8900 10.9977 11.0052 12.3745 7.3716 8.2647 6.9336 7.6397 7.2881 10.2123 8.8729 4.8310 8.8927 13.8156 7.4241 8.9398 10.0148 10.4966 10.1484 9.9726 10.2297 21.3399 21.6523 20.3116 21.3262 20.4609 18.7490 19.7003 21.6881 21.3293 21.1646 21.0907 21.5575 21.6937 21.5093 20.5355 18.1903 21.0376 21.4524 20.9120 19.1070 21.5402 20.6141 21.4076 20.1862 20.8459 21.0974 16.9373 19.8968 21.7383 19.9277 17.6085 12.3649 15.7646 17.2531 16.4597 12.8899 18.1834 15.9426 13.0338 20.1376 14.5545 15.5966 21.3820 20.1297 14.9143 9.9620 17.7411 17.9124 16.6729 16.3324 12.6236 16.8117 18.1885 15.7450 13.3698 14.2025 14.9804 13.8930 17.3419 14.6549 12.1168 10.0961 16.6215 19.0169 17.8241 13.1903 8.9805 11.0400 20.5042 12.3296 14.8244 16.2618 10.2190 20.4865 16.6622 14.8860 18.1921 17.7446 10.1948 12.5354 15.5357 9.2966 19.1020 14.4719 13.8620 10.2065 17.3528 18.0713 10.9665 16.8329 20.4478 21.3515 19.8808 20.8312 21.4064 21.5132 20.6068 21.4695 21.8144 20.0285 20.9221 21.7887 21.6244 17.8993 19.5017 19.9276 21.3001 21.0756 20.9890 20.8084 21.1378 21.7493 19.2379 21.0582 19.6312 22.0183 19.6759 20.9691 17.5560 21.3114
9.5207 8.8762 6.8246 5.9184 0.0000 11.1012 7.1047 6.0305 6.6994 10.5420 10.0298 9.7522 11.7281 9.1595 8.2340 7.0374 7.8543 8.0988 10.7321 8.1795 5.2559 8.3059 14.5216 7.2357 8.4034 9.4868 10.1703 8.8147 9.7072 9.7843 21.8648 22.1991 20.9042 21.8891 21.0268 19.3108 20.1819 22.2351 21.9089 21.7121 21.6559 22.1179 22.2556 22.0762 21.0338 18.7451 21.6009 22.0040 21.4758 19.5867 22.0963 21.1405 21.9207 20.7494 21.3764 21.6605 17.3919 20.4712 22.2787 20.4612 18.0251 13.1516 16.3265 17.4797 17.0747 12.9510 18.7714 16.3934 13.6508 20.6869 15.1483 16.1450 21.9420 20.6682 15.1973 10.4467 18.3283 18.5369 17.2834 16.7937 12.6622 17.0094 18.7945 16.2883 14.1792 14.8723 15.4275 14.6979 17.9919 14.9398 12.7722 10.6841 16.7727 19.6398 18.4861 13.8905 9.6991 11.7741 21.1037 12.4955 15.5336 16.9484 11.2286 21.0835 17.3742 15.6312 18.7369 18.4041 10.0797 13.3117 16.1315 10.5363 19.7462 15.3332 14.5270 10.5228 18.0426 18.7137 10.9085 17.5535 21.0001 21.9231 20.3799 21.3380 21.9127 22.0361 21.2134 22.0383 22.3784 20.6155 21.5461 22.3064 22.1613 18.4239 19.9553 20.5033 21.7853 21.6524 21.5477 21.3484 21.7116 22.2972 19.7996 21.5414 20.2149 22.5797 20.2335 21.5182 17.9553 21.8931
14.5756 9.4477 11.6009 9.9035 11.1012 0.0000 11.6692 11.5391 11.5564 13.4119 14.8298 14.8525 16.9864 7.2712 9.6945 11.8584 11.4364 9.8045 9.0095 11.5501 9.4605 11.4674 11.4970 10.8456 12.1163 14.4657 13.4228 11.8809 12.6587 13.1195 17.7004 17.9882 16.6869 17.6285 16.6847 15.2562 16.2265 18.0769 17.6443 17.5191 17.4253 18.0008 18.0396 17.8341 16.9335 14.7080 17.3350 17.8979 17.1992 15.7336 17.9041 17.0847 17.8858 16.8481 17.3245 17.4399 12.8398 16.0584 18.1350 16.0383 14.1136 8.2728 12.0730 14.5369 12.8221 11.3129 14.4059 12.7841 9.1019 16.6376 11.7553 12.4039 17.7687 16.4458 12.4316 8.6144 13.7510 14.2173 12.7788 12.6109 12.8431 13.8006 15.1872 13.3614 11.3765 10.5496 12.0007 9.9906 14.5239 11.1102 10.6734 5.6006 14.3777 15.0570 13.6675 7.6636 6.2357 8.7838 16.5398 11.1994 11.9147 11.6839 6.5652 16.5689 12.4469 11.1154 14.4322 13.9287 9.3263 10.3000 11.2638 5.1969 14.8043 8.8144 11.2269 7.2747 12.9686 14.0090 13.6382 11.8112 16.8078 17.6998 16.3780 17.2104 17.7943 17.9142 16.9303 17.7716 18.2064 16.0770 17.3909 18.1785 18.0051 14.0858 15.8208 16.0656 17.7708 17.4430 17.2799 17.1423 17.4432 18.1358 15.5089 17.4750 15.9569 18.3922 15.8817 17.4044 14.7305 17.6827
6.5872 7.9009 5.8249 7.9537 7.1047 11.6692 0.0000 5.5556 3.9111 5.6883 7.0918 7.0820 10.2263 11.0073 7.4500 4.8842 6.7316 8.5414 10.2639 3.1076 7.4812 5.2533 15.2644 4.1139 5.1197 6.4482 8.6387 5.8574 6.9527 5.0391 22.4150 22.7506 21.4554 22.4293 21.5360 19.9273 20.7824 22.7860 22.4584 22.2539 22.2305 22.6825 22.7945 22.6111 21.5714 19.3616 22.1338 22.5822 22.0033 20.1398 22.6382 21.6987 22.4514 21.3315 21.9483 22.2128 17.9117 20.9975 22.8171 21.0312 18.7318 13.5095 17.1216 18.3004 17.6275 13.8263 19.4470 17.1308 14.0804 21.2785 15.6446 16.5378 22.4992 21.2482 15.6906 10.4492 18.9653 19.0178 17.9382 17.4038 12.9496 17.7360 19.5423 17.0494 14.6352 15.2830 16.0829 15.2016 18.7900 15.3815 13.2178 11.0397 17.1948 20.1450 19.1029 14.7172 10.3476 12.6981 21.6856 11.7120 16.0216 17.5991 11.6263 21.6559 18.0286 16.2549 19.3356 18.8519 9.2576 13.6683 16.8552 11.0273 20.3622 16.0183 15.5164 9.4260 18.6856 19.4392 10.4931 18.2348 21.5077 22.4561 20.9978 21.8661 22.4729 22.5947 21.7203 22.5850 22.9253 21.1935 22.0969 22.8616 22.7075 18.8925 20.5061 21.0366 22.3571 22.1737 22.0706 21.9064 22.2454 22.8440 20.3205 22.1261 20.7571 23.1218 20.7294 22.0679 18.4558 22.4190
8.6128 7.5376 6.9616 6.4269 6.0305 11.5391 5.5556 0.0000 5.4786 9.2161 9.2815 8.9786 10.6352 9.5418 8.5945 4.8920 7.0001 9.0085 9.0908 6.8728 6.3438 7.5234 15.1201 5.4322 6.9562 8.0598 10.4797 8.3236 8.2233 8.0105 22.3059 22.6377 21.3683 22.3193 21.4399 19.7780 20.6019 22.6681 22.3393 22.1420 22.0940 22.5630 22.6822 22.5009 21.4608 19.1840 22.0304 22.4346 21.9022 19.9724 22.5276 21.5859 22.3413 21.1280 21.8162 22.0886 17.8632 20.9041 22.7105 20.9209 18.5011 13.5600 16.8635 18.0780 17.5690 13.7915 19.2715 16.9831 14.4153 21.1288 15.6135 16.5305 22.3717 21.1221 15.6546 10.7112 18.8136 18.9821 17.7483 17.3121 13.0611 17.6068 19.2566 16.8188 14.7195 15.2226 15.9555 15.1205 18.4298 15.3911 13.0655 11.1142 17.3009 20.0681 18.9770 14.5815 10.3602 12.1551 21.5592 11.7316 15.7682 17.4737 11.4992 21.5369 17.9058 16.1872 19.2278 18.8414 10.0833 13.7779 16.6039 11.1672 20.2307 15.8991 14.9847 10.5546 18.5586 19.2324 10.9565 18.0885 21.4307 22.3416 20.8617 21.7695 22.3738 22.4787 21.6314 22.4707 22.8107 21.0745 21.9671 22.7650 22.6002 18.8202 20.4041 20.9452 22.2446 22.0706 21.9767 21.7895 22.1425 22.7294 20.2254 22.0252 20.6307 23.0048 20.6629 21.9400 18.3336 22.3261
7.8107 7.3398 6.0741 7.8096 6.6994 11.5564 3.9111 5.4786 0.0000 7.0529 7.7180 7.9219 10.5376 10.9024 8.1263 6.1565 6.9523 9.2664 10.6789 4.3893 7.4811 5.8028 15.0552 5.2853 6.7679 7.7841 8.4078 6.3496 7.8614 6.3398 22.2195 22.5572 21.3066 22.2376 21.3368 19.7769 20.6225 22.6025 22.2679 22.0676 22.0454 22.5082 22.6028 22.4159 21.3918 19.2263 21.9397 22.3964 21.8063 20.0011 22.4483 21.5372 22.2704 21.1816 21.7837 22.0277 17.6637 20.7858 22.6383 20.8280 18.5769 13.3608 16.9455 18.1235 17.4929 13.5849 19.2621 17.0166 13.9983 21.0918 15.5844 16.4098 22.3143 21.0628 15.5772 10.4129 18.7920 18.8879 17.7722 17.1978 13.2385 17.5840 19.4227 16.9704 14.5046 15.0999 15.9330 15.0071 18.6836 15.2405 13.0010 11.1038 16.9784 19.9413 18.8634 14.5477 10.2655 12.8210 21.4852 11.3819 15.9140 17.3587 11.2586 21.4578 17.8230 16.0951 19.1659 18.6708 9.2335 13.6678 16.6867 10.8433 20.1469 15.7907 15.4174 9.1560 18.4534 19.2548 10.6681 17.9958 21.3186 22.2689 20.8649 21.6830 22.2969 22.4099 21.5318 22.3925 22.7442 20.9868 21.9299 22.6862 22.5225 18.7033 20.3261 20.8350 22.1936 21.9841 21.8832 21.7190 22.0467 22.6570 20.1355 21.9573 20.5691 22.9325 20.5280 21.8937 18.3855 22.2440
6.6087 10.0138 8.4732 10.8900 10.5420 13.4119 5.6883 9.2161 7.0529 0.0000 6.4722 6.7709 10.3522 13.3064 8.9666 7.8243 9.2521 10.3012 12.2436 5.3240 10.6110 6.6366 16.4730 7.3757 6.3907 7.1264 9.8013 6.9303 8.0219 3.6481 23.2188 23.5374 22.3491 23.2209 22.3322 20.9297 21.7178 23.5828 23.2498 23.0559 23.0628 23.5046 23.5733 23.3894 22.4089 20.4090 22.9278 23.4022 22.7970 21.0780 23.4220 22.5616 23.2510 22.2513 22.8108 23.0294 18.8423 21.8150 23.6118 21.8849 19.8694 14.6516 18.3830 19.5096 18.6604 15.5585 20.4407 18.3923 14.8870 22.1603 16.8197 17.5710 23.3047 22.0954 16.9608 11.8860 19.9637 19.9435 19.0268 18.4474 14.3781 18.9503 20.6766 18.3465 15.8969 16.3781 17.2720 16.3945 20.0012 16.5066 14.6341 12.6125 17.9486 20.9901 20.0343 15.9909 12.1587 14.7023 22.5082 13.0768 17.2574 18.5896 13.0178 22.4764 19.0427 17.3762 20.3237 19.7371 10.4434 15.0512 18.0478 12.4226 21.2322 17.0986 17.0581 10.3779 19.6208 20.4598 12.2338 19.2038 22.3306 23.2470 21.9771 22.6927 23.2843 23.4095 22.5225 23.3732 23.7197 22.0342 22.9325 23.6653 23.4980 19.8025 21.3949 21.8619 23.2097 22.9612 22.8710 22.7399 23.0328 23.6336 21.1775 22.9950 21.6119 23.8944 21.5590 22.9027 19.5484 23.2163
4.5226 12.2208 7.0582 10.9977 10.0298 14.8298 7.0918 9.2815 7.7180 6.4722 0.0000 2.9467 6.3797 14.5188 8.9478 7.7094 9.0841 11.4497 12.8371 7.4258 10.8898 6.3459 18.2170 8.8842 6.9034 5.2741 10.5561 7.3887 7.3181 6.2283 24.7024 25.0520 23.7431 24.7457 23.8852 22.3866 23.1304 25.0876 24.7730 24.5805 24.5774 24.9637 25.0964 24.9147 23.8909 21.8309 24.4542 24.8636 24.3292 22.4612 24.9330 24.0319 24.7208 23.6562 24.2751 24.5459 20.4116 23.3819 25.1003 23.4441 21.1859 16.3070 19.7369 20.4591 20.1544 16.1437 21.9451 19.7099 16.5876 23.6045 18.0322 19.1643 24.8211 23.5985 17.9835 13.5329 21.4513 21.4526 20.5393 19.9127 14.3885 20.1317 22.0164 19.4913 17.1221 18.1016 18.6422 18.1263 21.3158 17.9026 16.0699 14.5297 18.9417 22.6783 21.6724 17.7210 14.0205 15.7033 24.1265 14.4448 18.8853 20.3459 15.4933 24.0703 20.7108 18.9460 21.8813 21.2799 12.2489 16.1468 19.6559 14.6578 22.9311 19.0566 18.4383 12.8502 21.4304 21.9759 10.7651 21.0267 23.8390 24.7540 23.3887 24.2014 24.7534 24.9070 24.0798 24.9082 25.2175 23.6286 24.4309 25.1332 24.9940 21.3564 22.8787 23.4205 24.6373 24.5033 24.3960 24.2402 24.5685 25.1311 22.7190 24.4080 23.1512 25.4157 23.1164 24.3903 20.7397 24.7160
4.0790 12.2251 7.0352 11.0052 9.7522 14.8525 7.0820 8.9786 7.9219 6.7709 2.9467 0.0000 5.8197 14.6586 8.9398 7.5760 9.4471 11.4714 12.8050 7.5537 10.8755 6.5312 18.3043 8.8916 6.6579 5.0758 10.8791 7.3744 7.3318 6.5578 24.7669 25.1158 23.7723 24.8134 23.9581 22.4344 23.1728 25.1488 24.8406 24.6422 24.6388 25.0241 25.1632 24.9836 23.9443 21.8805 24.5235 24.9299 24.3999 22.5065 24.9971 24.0820 24.7767 23.7260 24.3249 24.6099 20.4826 23.4573 25.1588 23.5062 21.2131 16.4015 19.8136 20.4963 20.2160 16.1697 22.0194 19.7657 16.7182 23.6645 18.1156 19.2311 24.8823 23.6595 18.0672 13.6458 21.5097 21.5083 20.6024 19.9572 14.2568 20.1257 22.0576 19.5444 17.2505 18.1920 18.7161 18.2147 21.3912 17.9217 16.2676 14.5715 18.9561 22.7556 21.7627 17.7960 14.1336 15.6418 24.1926 14.5231 18.9645 20.4260 15.6081 24.1390 20.8060 19.0458 21.9392 21.3491 12.3385 16.2577 19.6993 14.7584 23.0030 19.1338 18.5194 13.0313 21.5087 22.0552 10.7789 21.1094 23.8992 24.8197 23.4209 24.2581 24.8056 24.9654 24.1462 24.9732 25.2749 23.6987 24.4851 25.1845 25.0550 21.4201 22.9210 23.4932 24.6783 24.5718 24.4626 24.3019 24.6386 25.1937 22.7803 24.4455 23.2156 25.4803 23.1893 24.4517 20.7319 24.7738
6.0198 14.7277 9.0429 12.3745 11.7281 16.9864 10.2263 10.6352 10.5376 10.3522 6.3797 5.8197 0.0000 16.4044 10.7198 9.6257 11.8482 13.9464 14.3522 10.7599 12.9555 9.3819 20.2053 11.4724 9.5793 6.9061 12.9110 10.2070 9.1800 9.9636 26.3387 26.6940 25.3580 26.3903 25.5626 24.0515 24.7611 26.7180 26.4144 26.2276 26.2221 26.5873 26.7317 26.5533 25.5378 23.4939 26.1045 26.4862 25.9867 24.0744 26.5629 25.6568 26.3340 25.2571 25.8927 26.1901 22.2498 25.0862 26.7196 25.1595 22.8228 18.2928 21.5360 22.0813 21.9507 17.9160 23.7022 21.4931 18.7236 25.2363 19.7959 21.0783 26.4544 25.2657 19.7326 15.8769 23.1875 23.2234 22.3158 21.7166 15.4917 21.8433 23.6315 21.2345 18.9253 20.0658 20.4727 20.1304 22.9766 19.7509 18.2193 16.8099 20.4837 24.4725 23.4905 19.7739 16.3964 17.3737 25.8437 16.6099 20.7982 22.2543 17.9650 25.7752 22.5729 20.8688 23.6582 23.0212 14.6271 18.0511 21.4873 17.1093 24.7240 21.1166 20.2018 15.5453 23.3292 23.7534 11.7266 22.9439 25.5134 26.3820 25.0241 25.8580 26.3876 26.5494 25.7562 26.5557 26.8402 25.3505 26.0711 26.7562 26.6219 23.0965 24.5471 25.1196 26.2431 26.1649 26.0522 25.9017 26.2241 26.7557 24.4260 26.0291 24.8308 27.0440 24.8279 26.0249 22.2882 26.3535
14.3732 9.3283 10.6904 7.3716 9.1595 7.2712 11.0073 9.5418 10.9024 13.3064 14.5188 14.6586 16.4044 0.0000 9.7458 10.1964 10.0623 8.1451 9.0919 11.3871 6.2533 11.4760 11.3454 9.9796 11.9350 13.6908 12.9803 12.2112 12.1197 12.5407 19.0685 19.3572 18.2720 19.0174 18.1267 16.5701 17.5401 19.4111 19.0225 18.9019 18.7912 19.3628 19.4054 19.2160 18.3139 16.0349 18.7292 19.1765 18.5918 17.0019 19.2704 18.4234 19.2048 17.9761 18.6507 18.8002 14.5229 17.5312 19.5007 17.5151 15.4655 10.2821 13.3655 15.3026 14.2630 12.1932 15.7106 13.9060 10.8154 17.9450 12.9495 13.4603 19.1187 17.8247 13.1972 8.7398 15.4126 15.7722 14.2627 14.0747 13.1150 14.7922 16.1495 13.9511 12.3335 11.8275 12.8273 11.3532 15.2396 12.6100 10.0888 6.9170 15.6333 16.4640 15.2565 10.1651 5.5748 9.4731 18.0279 11.4982 12.3791 13.5611 6.7772 18.0519 14.0417 12.7084 15.8196 15.6534 9.7348 11.4277 13.0022 6.1767 16.4290 11.1971 11.5541 8.6533 14.4771 15.5055 13.7711 13.7863 18.2446 19.0790 17.7153 18.5644 19.1735 19.2507 18.3620 19.1549 19.5916 17.5667 18.7251 19.5709 19.3653 15.5395 17.2881 17.5476 19.1386 18.8100 18.6878 18.5238 18.8278 19.4910 16.9782 18.9140 17.3619 19.7413 17.3187 18.7436 15.9267 19.1183
8.7303 9.5275 5.9516 8.2647 8.2340 9.6945 7.4500 8.5945 8.1263 8.9666 8.9478 8.9398 10.7198 9.7458 0.0000 7.3931 7.7524 7.3468 9.5679 8.0355 7.7850 6.4583 13.5534 7.6506 7.5757 8.8974 10.2567 7.7628 8.5872 9.2669 21.0479 21.3699 20.0522 21.0425 20.1486 18.5418 19.4319 21.4128 21.0668 20.8834 20.8415 21.3450 21.4182 21.2321 20.2002 17.9852 20.7432 21.2273 20.6123 18.7412 21.2543 20.3158 21.0938 20.0058 20.5750 20.8270 16.4691 19.5870 21.4437 19.5938 17.3059 12.0884 15.6564 17.0940 16.1799 13.1374 18.0216 15.8360 11.8602 19.8882 14.3363 15.2371 21.1305 19.8250 14.5335 9.5774 17.4310 17.5757 16.4590 15.9380 12.0139 16.4535 18.3417 15.8525 13.5093 14.0172 14.7551 13.7104 17.6782 13.9575 12.0203 9.1396 15.9451 18.6687 17.6022 12.6421 8.1729 11.6357 20.2213 11.4582 14.9495 16.0110 9.9648 20.1976 16.4600 14.7722 17.9650 17.4161 9.8874 12.4871 15.4027 8.9897 18.7961 14.1939 14.4200 9.4013 17.0120 17.9442 9.2625 16.4893 20.1631 21.0824 19.5875 20.4954 21.0763 21.2481 20.3639 21.1948 21.5533 19.7349 20.7409 21.4770 21.3229 17.4858 19.1099 19.6111 20.9796 20.8070 20.6786 20.5326 20.8551 21.4773 18.9072 20.7243 19.3907 21.7556 19.3355 20.7109 17.2419 21.0482
7.3037 8.3474 6.1493 6.9336 7.0374 11.8584 4.8842 4.8920 6.1565 7.8243 7.7094 7.5760 9.6257 10.1964 7.3931 0.0000 5.9388 7.9378 8.8548 5.8585 6.4894 6.2040 15.5334 4.4625 5.8303 6.3013 10.0988 7.3178 6.7544 7.2297 22.6192 22.9490 21.6599 22.6401 21.7680 20.1198 20.9434 22.9818 22.6553 22.4656 22.4217 22.8601 23.0000 22.8209 21.7737 19.5489 22.3508 22.7471 22.2246 20.3150 22.8440 21.8998 22.6539 21.4707 22.1379 22.4108 18.2003 21.2363 23.0207 21.2506 18.8636 13.8041 17.2079 18.3027 17.8271 14.0602 19.6101 17.2270 14.2781 21.4552 15.7058 16.7755 22.6971 21.4298 15.8423 10.7373 19.1384 19.2351 18.1057 17.6054 12.5950 17.8283 19.6276 17.0779 14.9783 15.5458 16.2652 15.5085 18.8064 15.6224 13.3782 11.4514 17.4699 20.4000 19.3339 14.9238 10.4783 12.6756 21.8957 11.9583 16.1600 17.8367 12.0468 21.8669 18.2669 16.4233 19.5580 19.1069 10.3784 13.8748 17.0864 11.4853 20.5863 16.2983 15.5032 10.6904 18.9411 19.5735 10.4207 18.4834 21.7310 22.6616 21.1633 22.0844 22.6590 22.7896 21.9468 22.7891 23.1255 21.4062 22.2787 23.0528 22.8993 19.1584 20.7078 21.2674 22.5395 22.3822 22.2856 22.1018 22.4606 23.0434 20.5490 22.3152 20.9776 23.3212 20.9778 22.2656 18.6462 22.6166
9.9735 7.4723 6.3847 7.6397 7.8543 11.4364 6.7316 7.0001 6.9523 9.2521 9.0841 9.4471 11.8482 10.0623 7.7524 5.9388 0.0000 6.4214 8.9274 7.4490 7.0899 6.0238 14.9006 5.9833 6.7746 9.8115 10.0161 7.9935 8.7241 9.3468 22.0361 22.3447 21.1836 22.0359 21.1674 19.6262 20.4686 22.3968 22.0592 21.8698 21.8280 22.3034 22.3917 22.2128 21.2208 19.0804 21.7534 22.1723 21.6270 19.8509 22.2458 21.3723 22.0987 20.9715 21.6077 21.8204 17.6166 20.6260 22.4438 20.6506 18.4837 13.4751 16.7648 18.0036 17.3135 14.1996 18.9878 16.8703 13.2878 20.9224 15.3414 16.3174 22.1025 20.8508 15.7777 10.2227 18.5948 18.6603 17.6023 17.0848 13.6168 17.5194 19.2326 16.6514 14.5880 15.0425 15.8642 14.9243 18.3453 15.3077 12.6773 11.2467 17.1912 19.7492 18.6638 14.1816 9.9411 12.8261 21.2411 11.5116 15.6608 17.1463 10.9871 21.2205 17.5804 15.8352 19.0012 18.5650 10.8337 13.4689 16.5651 10.8224 19.8933 15.5526 15.1371 10.6947 18.2073 18.9521 10.0588 17.7186 21.1720 22.0735 20.7049 21.5235 22.0787 22.2061 21.3614 22.1778 22.5394 20.7780 21.7187 22.4821 22.3019 18.6700 20.1929 20.6700 22.0053 21.7757 21.6828 21.5356 21.8543 22.4515 19.9813 21.7902 20.4096 22.7104 20.4023 21.7016 18.4838 22.0516
11.7573 8.2899 8.6226 7.2881 8.0988 9.8045 8.5414 9.0085 9.2664 10.3012 11.4497 11.4714 13.9464 8.1451 7.3468 7.9378 6.4214 0.0000 9.9889 8.8897 6.2769 8.4001 13.1855 7.7854 7.8931 11.5421 10.8627 9.6111 10.2368 10.7594 20.7107 20.9973 19.8375 20.6788 19.8092 18.2544 19.1327 21.0494 20.6922 20.5211 20.4605 20.9573 21.0453 20.8640 19.8934 17.7152 20.3961 20.8488 20.2683 18.5178 20.9037 20.0081 20.7832 19.6417 20.2555 20.4620 16.2926 19.2432 21.1105 19.2526 17.1043 12.0783 15.3280 16.9701 15.9528 13.4442 17.6232 15.5385 11.6106 19.6123 14.1723 14.8299 20.7469 19.4814 14.6906 9.2562 17.1257 17.2381 16.1548 15.7532 13.2626 16.2907 17.8690 15.3959 13.6887 13.6354 14.6029 13.4507 17.0312 14.0612 11.8563 9.1307 16.4735 18.2887 17.1381 12.2894 8.0627 11.5160 19.7980 12.3025 14.3418 15.5298 9.1736 19.7956 16.1107 14.3798 17.6245 17.2700 10.5715 12.9068 14.9935 8.5366 18.3491 13.6623 13.6532 10.2381 16.5452 17.4852 11.4083 16.0028 19.8535 20.7259 19.3229 20.1789 20.7328 20.8837 20.0121 20.8154 21.1991 19.3427 20.3426 21.1452 20.9629 17.2728 18.8396 19.2799 20.6763 20.4461 20.3289 20.1887 20.4985 21.1196 18.6494 20.4462 19.0079 21.3712 19.0389 20.3597 17.2554 20.7088
12.8304 10.3158 9.6769 10.2123 10.7321 9.0095 10.2639 9.0908 10.6789 12.2436 12.8371 12.8050 14.3522 9.0919 9.5679 8.8548 8.9274 9.9889 0.0000 10.7343 9.2776 9.4635 14.6759 9.0978 10.2709 12.2232 13.3342 10.0720 9.5285 12.1099 20.2456 20.5359 19.4326 20.2251 19.3534 17.8769 18.7429 20.6137 20.2504 20.0989 19.9932 20.5568 20.5962 20.4108 19.4719 17.2948 19.9518 20.3775 19.8307 18.2139 20.4633 19.6590 20.3926 19.2589 19.8508 20.0129 15.7373 18.8028 20.6678 18.7730 16.6346 11.9088 14.9071 16.3792 15.5439 13.5674 17.0569 15.2270 11.7239 19.1529 14.0718 15.2115 20.3151 19.0511 14.6058 10.4294 16.6054 16.9472 15.6734 15.3651 13.2836 16.0123 17.5923 15.4938 13.5796 13.5017 14.5175 13.4224 16.6788 13.8546 12.5691 9.9661 16.4042 17.9580 16.7219 11.7345 9.7816 11.2256 19.3092 11.7446 14.2879 15.1370 10.9195 19.3144 15.5104 14.1612 17.1174 16.8723 10.8299 12.2388 14.5235 10.6386 17.8410 13.1921 13.5033 10.0809 16.3210 16.8868 12.9246 15.3956 19.4432 20.2808 18.9287 19.7926 20.2986 20.4198 19.5940 20.3554 20.7517 18.8657 20.0212 20.7034 20.5150 16.9435 18.4354 18.8208 20.2402 20.0171 19.8658 19.7383 20.0598 20.6662 18.2188 20.0168 18.7029 20.9181 18.6213 19.9388 17.1335 20.2969
7.4835 7.6624 6.8932 8.8729 8.1795 11.5501 3.1076 6.8728 4.3893 5.3240 7.4258 7.5537 10.7599 11.3871 8.0355 5.8585 7.4490 8.8897 10.7343 0.0000 8.2104 5.2846 15.1228 4.7334 5.3744 7.1272 8.4142 5.8257 7.1523 5.0218 22.2607 22.5917 21.3125 22.2702 21.3645 19.8498 20.6774 22.6381 22.2998 22.1024 22.0854 22.5395 22.6344 22.4470 21.4261 19.3141 21.9717 22.4472 21.8363 20.0297 22.4816 21.5781 22.3050 21.2431 21.8267 22.0625 17.7143 20.8177 22.6683 20.8647 18.6842 13.3440 17.0637 18.2981 17.5159 13.8809 19.3504 17.1500 13.9592 21.1579 15.6029 16.3874 22.3506 21.0989 15.6668 10.3868 18.8333 18.8719 17.8490 17.2772 13.2545 17.7146 19.5422 17.1344 14.7725 15.1170 16.0456 15.0428 18.8446 15.2518 13.2931 11.0044 17.0873 19.9541 18.9221 14.6491 10.3636 13.0431 21.5193 11.6207 15.9618 17.4153 11.3160 21.4896 17.9266 16.1744 19.2244 18.6844 9.0702 13.8300 16.7763 10.7496 20.1820 15.8011 15.6526 8.9281 18.4885 19.3334 11.0179 18.0388 21.3483 22.2995 20.9122 21.7075 22.3284 22.4478 21.5550 22.4241 22.7731 21.0245 21.9523 22.7133 22.5553 18.7216 20.3646 20.8656 22.2263 22.0127 21.9082 21.7544 22.0783 22.6926 20.1655 21.9861 20.6011 22.9651 20.5520 21.9358 18.4242 22.2626
10.8124 7.9089 7.2740 4.8310 5.2559 9.4605 7.4812 6.3438 7.4811 10.6110 10.8898 10.8755 12.9555 6.2533 7.7850 6.4894 7.0899 6.2769 9.2776 8.2104 0.0000 8.3863 13.2616 7.0039 8.7420 10.0164 10.4645 9.4123 9.4526 9.8800 20.8656 21.1895 19.8882 20.8820 20.0019 18.2749 19.1886 21.2304 20.8928 20.7103 20.6341 21.1144 21.2541 21.0728 20.0268 17.7008 20.5912 20.9923 20.4598 18.6019 21.1013 20.1390 20.9434 19.7293 20.3721 20.6387 16.2704 19.4242 21.2852 19.3930 17.0273 11.9695 15.1433 16.4570 15.9792 12.2519 17.6793 15.2940 12.4577 19.6963 14.1576 14.9513 20.9410 19.6419 14.1266 9.0527 17.2441 17.4401 16.1691 15.6900 12.1700 15.9370 17.7697 15.2287 13.3221 13.6398 14.3196 13.3960 16.8967 13.8381 11.3927 8.9932 16.2345 18.5088 17.3166 12.4978 7.5587 10.5349 20.0296 11.4440 14.2114 15.7385 9.3127 20.0253 16.2107 14.4405 17.6453 17.3770 9.3544 12.3792 15.0573 8.6854 18.5988 13.8993 13.3215 9.4225 16.7975 17.5497 11.2561 16.2729 19.9847 20.9262 19.3177 20.3165 20.9097 21.0298 20.1931 21.0241 21.3812 19.5380 20.5165 21.3067 21.1585 17.3540 18.9292 19.4574 20.7883 20.6434 20.5320 20.3246 20.6988 21.3058 18.7753 20.5321 19.1919 21.5835 19.1842 20.5208 17.0285 20.8894
7.2957 8.8586 4.8098 8.8927 8.3059 11.4674 5.2533 7.5234 5.8028 6.6366 6.3459 6.5312 9.3819 11.4760 6.4583 6.2040 6.0238 8.4001 9.4635 5.2846 8.3863 0.0000 15.2651 6.2309 5.0617 7.4100 8.9734 5.1672 6.0311 7.2225 22.3506 22.6819 21.3787 22.3642 21.4626 19.9535 20.7875 22.7366 22.3962 22.2076 22.1856 22.6420 22.7317 22.5420 21.5177 19.4084 22.0658 22.5365 21.9310 20.1229 22.5739 21.6763 22.3911 21.3535 21.9284 22.1610 17.7656 20.9158 22.7606 20.9619 18.7619 13.4549 17.1527 18.1889 17.5112 13.9817 19.4114 17.2309 13.4085 21.2229 15.6045 16.5567 22.4564 21.1775 15.6858 10.4161 18.8947 18.9108 17.9402 17.2970 12.9124 17.6848 19.6938 17.1589 14.6140 15.2894 16.0803 15.1575 19.0013 15.2707 13.2467 11.3148 16.8684 20.0697 19.0367 14.6237 10.2538 13.1903 21.6300 11.3495 16.1489 17.5682 11.6348 21.5926 17.9742 16.2346 19.3296 18.7366 9.8456 13.4849 16.9567 11.0515 20.2961 15.9610 15.8738 9.5673 18.6160 19.4072 9.3276 18.1526 21.4376 22.3950 21.0014 21.8107 22.3961 22.5497 21.6645 22.5213 22.8671 21.1306 22.0600 22.7929 22.6348 18.8229 20.4562 20.9555 22.3016 22.1086 21.9991 21.8548 22.1708 22.7862 20.2471 22.0476 20.7269 23.0644 20.6408 22.0297 18.4987 22.3545
18.1602 12.9618 15.3301 13.8156 14.5216 11.4970 15.2644 15.1201 15.0552 16.4730 18.2170 18.3043 20.2053 11.3454 13.5534 15.5334 14.9006 13.1855 14.6759 15.1228 13.2616 15.2651 0.0000 14.5139 15.8582 18.0413 12.6745 16.1110 17.0215 16.2273 14.4449 14.6406 13.7136 14.3180 13.5223 12.1548 12.9619 14.7075 14.2900 14.1859 14.0910 14.7402 14.6959 14.5148 13.7221 11.7744 14.0444 14.5752 13.9006 12.8087 14.5603 13.8137 14.5781 13.6056 14.0049 14.1033 10.6285 12.9917 14.8338 12.7111 11.0329 10.7081 9.2834 12.3322 9.2331 11.2324 11.1392 10.0295 9.0687 13.3983 9.8503 8.6094 14.3955 13.1600 10.4030 8.9679 10.8928 10.8292 9.9449 9.6178 13.1322 10.5436 11.9487 10.3691 10.9094 8.7404 9.3969 6.9763 11.1661 9.2163 4.8215 11.0790 12.6682 11.1943 9.7319 13.1618 10.1295 8.0775 12.9584 7.9968 8.1924 10.2053 9.9391 12.8713 8.4129 8.3950 10.8131 11.1134 11.7285 7.2892 9.3904 9.9424 10.5863 9.5781 8.3100 12.2921 6.6951 10.1461 13.5957 10.5509 13.6038 14.4148 13.0908 13.8479 14.4703 14.5635 13.7273 14.3931 14.8996 12.5540 14.0257 14.8816 14.6937 11.4081 12.9677 12.9164 14.5431 14.0994 13.9527 13.9255 14.1083 14.7719 12.6634 14.2995 12.7988 15.0244 12.6747 14.1373 12.4967 14.4427
8.3352 6.7052 7.0453 7.4241 7.2357 10.8456 4.1139 5.4322 5.2853 7.3757 8.8842 8.8916 11.4724 9.9796 7.6506 4.4625 5.9833 7.7854 9.0978 4.7334 7.0039 6.2309 14.5139 0.0000 6.1942 7.8966 9.5916 6.8804 8.2667 6.9783 21.8212 22.1436 20.8844 21.8206 20.9289 19.3437 20.1899 22.1820 21.8386 21.6489 21.6126 22.0810 22.1843 22.0013 20.9882 18.7958 21.5297 21.9697 21.3994 19.5719 22.0328 21.1187 21.8714 20.7328 21.3619 21.6022 17.3488 20.3891 22.2231 20.4139 18.1625 12.9172 16.4486 17.9031 17.0031 13.4782 18.7964 16.5768 13.4809 20.6893 15.0342 15.9674 21.8877 20.6332 15.3889 9.8831 18.3226 18.4339 17.2910 16.8209 13.0499 17.2762 18.9370 16.5119 14.3309 14.6467 15.5967 14.5226 18.1511 14.9048 12.6285 10.4241 17.0389 19.4875 18.4354 13.9586 9.4112 12.2356 21.0271 11.2904 15.2853 16.8644 10.5051 21.0089 17.3656 15.5735 18.7093 18.2626 9.7360 13.2637 16.1696 10.1533 19.6637 15.2023 14.8207 9.4958 17.9416 18.7488 10.9847 17.4690 20.9288 21.8495 20.4312 21.2820 21.8798 21.9915 21.1164 21.9678 22.3206 20.5497 21.4819 22.2742 22.1072 18.3321 19.9339 20.4254 21.7869 21.5632 21.4643 21.3009 21.6363 22.2422 19.7261 21.5592 20.1426 22.5092 20.1399 21.4731 18.0667 21.8164
7.0701 8.7883 6.7343 8.9398 8.4034 12.1163 5.1197 6.9562 6.7679 6.3907 6.9034 6.6579 9.5793 11.9350 7.5757 5.8303 6.7746 7.8931 10.2709 5.3744 8.7420 5.0617 15.8582 6.1942 0.0000 6.8073 9.8065 6.2125 6.3608 6.9016 22.8349 23.1672 21.8601 22.8394 21.9334 20.4251 21.1940 23.2080 22.8643 22.6729 22.6637 23.0871 23.2063 23.0145 21.9750 19.8569 22.5420 23.0028 22.4097 20.4756 23.0476 22.1342 22.8466 21.7289 22.3893 22.6350 18.3580 21.4058 23.2318 21.4768 19.1916 13.8610 17.6564 18.8071 18.0864 14.5779 19.9562 17.7465 14.1664 21.7160 16.0352 16.9449 22.9226 21.6555 16.1932 10.9345 19.3782 19.3858 18.4151 17.8879 13.2314 18.2796 20.0420 17.5112 15.3021 15.7763 16.6410 15.7490 19.3395 15.7841 14.0053 11.8065 17.4205 20.5995 19.5888 15.2850 11.2980 13.4681 22.1329 12.3573 16.6108 18.0944 12.3837 22.0909 18.5832 16.7501 19.8749 19.2549 10.3240 14.3555 17.3621 11.6706 20.8318 16.5582 16.1763 10.5975 19.1949 19.9217 10.1765 18.7418 21.9253 22.8495 21.4964 22.2937 22.8819 23.0392 22.1386 23.0016 23.3435 21.6356 22.4966 23.2771 23.1159 19.2841 20.9266 21.4499 22.7838 22.5875 22.4872 22.3288 22.6580 23.2596 20.7348 22.5519 21.1407 23.5370 21.1484 22.4814 18.8331 22.8181
4.4409 12.0416 7.2171 10.0148 9.4868 14.4657 6.4482 8.0598 7.7841 7.1264 5.2741 5.0758 6.9061 13.6908 8.8974 6.3013 9.8115 11.5421 12.2232 7.1272 10.0164 7.4100 18.0413 7.8966 6.8073 0.0000 10.9564 7.5925 6.7824 6.6599 24.6149 24.9685 23.6179 24.6640 23.8048 22.2273 22.9624 24.9945 24.6762 24.4924 24.4756 24.8509 25.0157 24.8330 23.7832 21.6628 24.3722 24.7538 24.2483 22.3093 24.8495 23.9219 24.6297 23.5024 24.1539 24.4490 20.3280 23.2975 25.0119 23.3470 20.9713 15.9945 19.5084 20.2540 19.9853 15.7891 21.8190 19.4633 16.6703 23.4841 17.7818 19.0045 24.7265 23.4808 17.7346 13.3706 21.2933 21.3369 20.3486 19.7610 13.7271 19.9056 21.7502 19.2943 16.9956 17.9350 18.4154 17.9526 21.0576 17.6873 15.9541 14.1971 18.8113 22.5914 21.5842 17.5881 13.6555 15.1161 24.0357 14.2645 18.6213 20.2247 15.3637 23.9835 20.5837 18.7897 21.7424 21.1322 11.8864 15.9495 19.4503 14.4179 22.8392 18.9044 18.0904 12.7112 21.3326 21.8289 11.1827 20.9295 23.7331 24.6612 23.2253 24.1022 24.6637 24.8072 23.9725 24.8221 25.1245 23.5322 24.3042 25.0419 24.9057 21.2252 22.7484 23.3306 24.5239 24.4101 24.3118 24.1297 24.4869 25.0450 22.6029 24.3028 23.0384 25.3327 23.0267 24.2835 20.4595 24.6076
10.9476 10.9058 8.9712 10.4966 10.1703 13.4228 8.6387 10.4797 8.4078 9.8013 10.5561 10.8791 12.9110 12.9803 10.2567 10.0988 10.0161 10.8627 13.3342 8.4142 10.4645 8.9734 12.6745 9.5916 9.8065 10.9564 0.0000 9.7384 10.6423 9.7383 20.3785 20.6883 19.4653 20.3922 19.5323 17.9121 18.7693 20.7471 20.4059 20.2069 20.1778 20.6396 20.7507 20.5609 19.5406 17.4130 20.0973 20.5493 19.9636 18.2634 20.5898 19.7101 20.4201 19.3861 19.9333 20.1853 15.9381 18.9694 20.7938 18.9659 16.6891 12.9408 15.1896 16.3011 15.4074 12.1192 17.4036 15.3220 12.4756 19.2093 13.5112 14.4212 20.4498 19.1901 13.7646 9.2004 16.9322 16.8125 15.9726 15.2669 11.5770 15.6098 17.4859 15.1617 12.8059 13.6018 14.0868 13.2799 16.7106 13.6311 10.7652 12.9252 14.7673 17.9981 16.8127 15.8570 12.1893 11.4425 19.5763 10.3137 14.1986 16.0934 13.0484 19.4894 15.7090 14.2016 17.1908 16.7058 8.3905 11.3088 15.2481 12.4487 18.0782 15.2795 13.5423 11.0205 16.1197 17.2457 7.8719 16.8273 19.4217 20.4145 18.9787 19.8279 20.4202 20.5384 19.6214 20.5169 20.8799 19.0690 20.0261 20.8218 20.6597 16.9305 18.5444 18.9993 20.3350 20.0876 20.0070 19.8760 20.1784 20.7922 18.3231 20.0965 18.7269 21.0689 18.6789 20.0331 16.5786 20.3588
7.6052 9.9302 6.5596 10.1484 8.8147 11.8809 5.8574 8.3236 6.3496 6.9303 7.3887 7.3744 10.2070 12.2112 7.7628 7.3178 7.9935 9.6111 10.0720 5.8257 9.4123 5.1672 16.1110 6.8804 6.2125 7.5925 9.7384 0.0000 5.9578 7.5924 22.5527 22.8971 21.5925 22.5749 21.6549 20.1722 20.9532 22.9420 22.6138 22.4112 22.4030 22.8438 22.9457 22.7524 21.6974 19.5893 22.2699 22.7552 22.1368 20.2483 22.7859 21.8803 22.5854 21.5243 22.1278 22.3735 17.9615 21.1078 22.9647 21.1673 18.9321 13.7470 17.4045 18.4236 17.7754 14.0682 19.6762 17.4536 13.8206 21.4608 15.8373 16.7513 22.6681 21.3929 15.8118 10.7655 19.1065 19.1261 18.1813 17.5708 13.1123 17.8942 19.9112 17.3264 14.8880 15.5769 16.3746 15.5806 19.2187 15.4212 13.8694 11.7436 17.0999 20.3341 19.2803 14.9212 11.4625 13.3776 21.8618 12.5109 16.4875 17.8173 12.7113 21.8241 18.2749 16.5376 19.5813 19.0069 10.0049 14.0021 17.1290 11.9630 20.5429 16.2716 16.1435 9.8837 18.9507 19.6542 10.7521 18.4253 21.6511 22.5990 21.2082 22.0066 22.6060 22.7652 21.8850 22.7400 23.0831 21.3527 22.2943 23.0008 22.8496 18.9892 20.6223 21.1602 22.5022 22.3334 22.2119 22.0596 22.3886 22.9975 20.4651 22.2628 20.8995 23.2812 20.8454 22.2262 18.6223 22.5701
7.7184 11.5260 6.6620 9.9726 9.7072 12.6587 6.9527 8.2233 7.8614 8.0219 7.3181 7.3318 9.1800 12.1197 8.5872 6.7544 8.7241 10.2368 9.5285 7.1523 9.4526 6.0311 17.0215 8.2667 6.3608 6.7824 10.6423 5.9578 0.0000 8.0545 23.2441 23.5832 22.2841 23.2729 22.3853 20.8657 21.5996 23.6200 23.2878 23.1142 23.0814 23.4948 23.6369 23.4444 22.3936 20.2789 22.9774 23.3868 22.8495 20.9114 23.4788 22.5861 23.2753 22.1243 22.8068 23.0601 18.8105 21.8546 23.6500 21.8999 19.5578 14.3800 18.0655 18.8302 18.4653 14.8105 20.3323 18.1247 14.8176 22.0980 16.3598 17.5364 23.3503 22.0725 16.3243 11.8624 19.7935 19.8270 18.8486 18.2830 12.9895 18.5228 20.4174 17.9277 15.5424 16.3259 16.9587 16.3840 19.6820 16.2120 14.6938 12.6639 17.5316 21.1041 20.0637 15.8391 12.5599 13.8565 22.5806 13.3430 17.1319 18.6373 14.0712 22.5374 19.0065 17.2997 20.2918 19.6967 10.3027 14.4664 17.8855 13.0420 21.3076 17.1286 16.5974 10.7675 19.7898 20.3055 10.7742 19.2644 22.3319 23.2746 21.8784 22.7182 23.2927 23.4405 22.5539 23.4278 23.7599 22.0782 22.9266 23.6845 23.5279 19.7253 21.3497 21.8858 23.1753 23.0108 22.9156 22.7407 23.0857 23.6788 21.1615 22.9519 21.6154 23.9583 21.5778 22.8948 19.1579 23.2384
6.2999 9.6267 8.1044 10.2297 9.7843 13.1195 5.0391 8.0105 6.3398 3.6481 6.2283 6.5578 9.9636 12.5407 9.2669 7.2297 9.3468 10.7594 12.1099 5.0218 9.8800 7.2225 16.2273 6.9783 6.9016 6.6599 9.7383 7.5924 8.0545 0.0000 23.0850 23.4192 22.2075 23.0907 22.2001 20.7401 21.5484 23.4566 23.1191 22.9301 22.9287 23.3647 23.4502 23.2666 22.2824 20.2014 22.7967 23.2550 22.6638 20.9139 23.2986 22.4138 23.1224 22.0543 22.6663 22.8956 18.7070 21.6854 23.4870 21.7526 19.6609 14.4803 18.1127 19.2673 18.5576 15.1354 20.2493 18.1724 15.2305 22.0122 16.6524 17.4062 23.1743 21.9689 16.6708 11.7923 19.8217 19.8511 18.8161 18.3046 14.1190 18.7680 20.4147 18.0614 15.7433 16.1784 17.0478 16.1689 19.6879 16.3520 14.3351 12.2755 17.9535 20.8531 19.8798 15.8557 11.9069 14.1205 22.3850 12.9140 16.9486 18.4381 12.7967 22.3510 18.8927 17.2308 20.1584 19.6430 10.0900 14.8976 17.7798 12.2384 21.1000 16.9357 16.6444 10.2263 19.4748 20.2617 12.2104 19.0514 22.2113 23.1124 21.8178 22.5634 23.1755 23.2812 22.4012 23.2513 23.6010 21.9014 22.7910 23.5531 23.3867 19.6302 21.2748 21.7243 23.0875 22.8475 22.7453 22.6046 22.9079 23.5078 21.0567 22.8760 21.4601 23.7757 21.4200 22.7664 19.3462 23.1045
24.6859 20.3921 22.4803 21.3399 21.8648 17.7004 22.4150 22.3059 22.2195 23.2188 24.7024 24.7669 26.3387 19.0685 21.0479 22.6192 22.0361 20.7107 20.2456 22.2607 20.8656 22.3506 14.4449 21.8212 22.8349 24.6149 20.3785 22.5527 23.2441 23.0850 0.0000 0.6079 2.0893 0.7105 1.6699 3.6626 2.6280 0.6942 1.0211 0.7055 1.1483 1.0268 0.6697 0.6234 1.4882 4.6046 0.8809 0.7890 1.1163 4.0007 0.6394 1.3274 0.7894 2.0356 1.0633 0.6138 7.2537 2.4992 0.7132 3.1777 7.9184 13.3084 9.2887 6.6044 8.6454 12.0899 7.4640 8.7509 13.0650 1.6353 10.1945 9.4905 0.6332 2.1462 9.1072 15.6458 7.7458 7.7000 8.3229 8.6806 15.4814 8.8866 4.3875 7.3057 11.1207 10.6417 9.5333 10.8389 8.1671 10.4810 14.9051 16.8702 9.3731 7.3121 9.4937 15.6452 18.5433 14.5493 7.0980 16.7961 10.8574 10.4147 18.2675 7.0798 10.4513 11.1317 7.5209 7.8463 17.8933 14.4902 9.3964 18.1845 9.9855 12.6187 12.0437 18.2350 12.3095 10.0708 20.9016 10.7488 1.4392 0.6729 3.0431 1.1090 0.7710 0.7878 1.4843 0.8360 0.9136 4.2954 1.4177 0.9155 0.6697 5.4553 2.9202 2.7037 1.0494 0.9000 0.9236 0.9672 0.8202 0.7810 3.0969 1.2524 2.9509 1.0528 2.6633 0.8256 6.3463 0.9538
25.0378 20.6891 22.8194 21.6523 22.1991 17.9882 22.7506 22.6377 22.5572 23.5374 25.0520 25.1158 26.6940 19.3572 21.3699 22.9490 22.3447 20.9973 20.5359 22.5917 21.1895 22.6819 14.6406 22.1436 23.1672 24.9685 20.6883 22.8971 23.5832 23.4192 0.6079 0.0000 2.3401 0.7032 1.9935 3.9199 2.9059 0.4489 0.8515 0.7613 1.0195 0.9528 0.3638 0.4635 1.8662 4.9024 1.0595 0.7412 1.2903 4.3759 0.4100 1.6023 1.0012 2.3960 1.2940 0.8257 7.5598 2.7813 0.6310 3.2917 8.0407 13.5750 9.4711 6.9824 8.7881 12.4649 7.5029 8.9260 13.3168 1.8890 10.4056 9.6862 0.5159 2.2931 9.5164 15.9657 7.8284 7.7569 8.4626 8.8459 15.8013 9.0797 4.6429 7.6490 11.4324 10.8838 9.7579 11.0674 8.2462 10.7644 15.1494 17.1542 9.7407 7.3042 9.5776 15.8687 18.8346 14.8530 6.9719 17.0646 11.0171 10.5810 18.5245 6.9607 10.5852 11.3126 7.5766 7.9272 18.2281 14.7284 9.5853 18.4527 10.0203 12.8041 12.2518 18.5386 12.4296 10.1536 21.1999 10.8867 1.7540 0.7196 3.1737 1.4511 0.7733 0.6920 1.6352 0.5098 0.6228 4.2641 1.3776 0.7408 0.4532 5.8144 3.2989 2.8908 1.2275 0.9568 1.0374 1.2361 0.8477 0.5225 3.3696 1.4256 3.1881 0.6779 2.9694 1.0919 6.7356 0.9227
23.6590 19.5405 21.5033 20.3116 20.9042 16.6869 21.4554 21.3683 21.3066 22.3491 23.7431 23.7723 25.3580 18.2720 20.0522 21.6599 21.1836 19.8375 19.4326 21.3125 19.8882 21.3787 13.7136 20.8844 21.8601 23.6179 19.4653 21.5925 22.2841 22.2075 2.0893 2.3401 0.0000 2.0956 1.9575 2.8021 2.2772 2.4065 2.2331 2.0114 2.1306 2.3473 2.4175 2.2637 1.7802 3.5767 1.9250 2.4079 1.8808 3.3621 2.2615 1.5052 2.2001 2.2836 1.6787 1.9774 6.2500 2.2257 2.3473 2.7888 7.0622 12.3221 8.3453 5.8850 7.6642 10.8753 6.8652 7.8361 12.2040 1.9327 9.1976 8.5434 2.2559 2.2047 8.1077 14.6465 6.9148 6.8184 7.4378 7.8121 14.4355 7.9396 3.8418 6.4839 9.9851 9.6664 8.5752 9.8422 7.4866 9.4111 14.1124 16.0048 8.6107 6.7455 8.8698 14.9331 17.6997 13.4590 6.7610 15.9348 10.1058 9.6574 17.5206 6.7302 9.7834 10.2831 6.8128 6.9684 16.9702 13.4882 8.4674 17.3220 9.5230 11.9007 11.2741 17.3765 11.7485 9.4588 19.8313 10.1090 1.6919 2.1611 2.4167 1.8394 2.1888 2.4218 2.0194 2.2838 2.4694 3.9419 2.0357 2.3816 2.4276 4.6145 2.4261 2.4225 2.1301 2.1668 1.9811 1.7503 2.0737 2.5066 2.5246 1.6568 2.4309 2.8001 2.3253 1.8725 5.2097 2.0296
24.7244 20.3559 22.5072 21.3262 21.8891 17.6285 22.4293 22.3193 22.2376 23.2209 24.7457 24.8134 26.3903 19.0174 21.0425 22.6401 22.0359 20.6788 20.2251 22.2702 20.8820 22.3642 14.3180 21.8206 22.8394 24.6640 20.3922 22.5749 23.2729 23.0907 0.7105 0.7032 2.0956 0.0000 1.4582 3.4721 2.6205 0.9227 0.6516 0.6206 0.8352 1.3579 0.6974 0.4180 1.6501 4.4304 0.4462 1.1006 0.6997 4.0027 0.5730 1.2266 1.1828 2.1275 1.0910 0.6746 7.0860 2.2406 1.0509 2.8502 7.6651 13.1537 9.0453 6.7859 8.3894 12.2095 7.1367 8.5503 12.9195 1.7635 10.0230 9.2843 0.6764 1.9164 9.2518 15.5952 7.4106 7.3771 8.0215 8.4845 15.5356 8.7512 4.4164 7.3233 11.0210 10.3900 9.3786 10.6338 7.8824 10.3498 14.8300 16.7779 9.5431 6.8909 9.2529 15.4907 18.4917 14.4831 6.6490 16.7789 10.7062 10.1129 18.1730 6.6363 10.1923 10.9350 7.1882 7.5309 17.8819 14.4125 9.1278 18.0987 9.6646 12.3992 11.8874 18.1765 12.1203 9.7897 20.9232 10.4285 1.6113 0.5727 2.9613 1.2970 1.1347 1.2034 1.5193 0.5493 1.1966 3.8437 1.4733 1.3075 0.9618 5.3456 3.0016 2.3413 1.5109 1.0269 0.6801 1.0875 0.4877 1.0120 2.9876 1.5432 2.6695 1.2460 2.4613 0.9637 6.4523 1.1522
