0.0000 9.0146 15.3632 9.7674 9.1230 10.1847 10.2084 17.2486 13.7895 10.7450 10.5278 7.4814 7.9018 11.8354 9.5575 8.3961 8.0205 9.3697 13.4716 6.6846 14.8192 9.6644 13.1658 9.0749 8.4424 7.5945 11.6881 8.0156 7.6063 8.7473 30.9876 25.7799 31.2680 33.9455 28.5680 33.7886 31.7115 32.0250 32.1667 32.2099 30.2727 30.2056 29.8268 30.0286 29.8169 32.0809 29.1728 32.1403 33.9120 28.4017 33.0706 25.8899 30.4228 31.2393 32.1653 33.4484 30.3189 27.3638 33.2224 31.6595 17.9560 15.5130 17.0981 16.9031 17.9024 17.9684 21.0601 19.3049 15.1925 20.6236 19.9439 18.9340 20.6716 20.3768 16.8983 16.7840 15.7177 21.2899 21.2881 19.0259 13.2603 20.8517 17.3336 19.9472 18.9431 16.1950 15.9458 19.8114 19.3437 15.5289 22.4451 25.5518 16.4304 22.6141 26.5440 18.2978 26.8911 16.7214 19.4806 18.8716 21.2634 23.1257 22.5829 25.6681 25.6843 18.7253 18.4676 19.8613 19.0046 18.0016 22.5620 17.9802 24.3730 23.7814 22.1128 18.4850 17.3087 26.9858 21.1504 23.9751 24.3062 26.5746 22.2103 24.9703 28.2762 25.8638 24.6105 27.8234 29.5277 26.6148 24.5602 29.5048 27.8034 29.1798 25.4649 27.2724 25.4351 25.2014 27.6480 27.8592 25.8434 26.2773 27.2184 27.9447 27.8894 27.8018 28.8277 26.6399 30.1212 29.8827
9.0146 0.0000 12.0005 6.9142 8.2020 6.8157 9.8396 15.5783 12.4776 10.5276 11.3026 12.1524 7.0749 8.1281 7.8113 8.7213 7.1453 7.3685 12.4335 8.3785 11.3220 8.4993 9.8578 7.4377 6.6465 9.6063 10.4782 6.6276 9.2149 10.1920 29.5886 23.6464 29.3546 33.0493 26.5722 32.6190 30.3298 30.3667 30.7129 31.0664 28.8424 28.6296 28.1752 28.5025 28.3412 30.8280 27.3828 30.8762 32.9157 26.6290 31.8421 23.6354 28.8960 29.6959 31.1651 32.2504 29.1549 25.6329 31.8187 30.4440 14.4137 11.8763 13.7245 13.3463 14.2285 14.7224 17.4170 15.6519 11.8971 16.9920 16.7599 15.3799 17.5121 16.7028 13.3899 13.3802 12.1731 17.9904 17.7193 15.7008 9.8930 17.3032 13.8951 16.2456 14.8965 12.1018 12.1624 15.9019 15.5730 12.0007 19.1305 22.9557 12.8781 19.2657 24.3417 14.8513 25.6526 13.4694 16.2438 16.2111 17.9049 20.0817 19.5852 23.0281 23.1026 15.5896 14.5607 16.1573 17.8934 15.0189 19.5233 15.1520 21.6937 21.2523 18.7870 15.2248 13.7753 24.7025 17.3900 21.3446 21.1191 23.9092 18.7039 21.9660 25.7300 23.3927 21.5665 25.4826 27.0980 24.3221 21.2782 27.0914 25.4168 26.8060 23.0978 24.1943 22.7381 22.1142 24.7730 25.3643 23.0796 23.6291 24.6045 25.5324 25.6022 25.3341 26.4599 24.1534 27.9801 27.7157
15.3632 12.0005 0.0000 10.2814 9.6379 9.4767 10.5183 9.2693 5.4465 10.5645 10.2207 15.8792 15.4772 6.0960 11.4146 10.6704 10.9468 9.5522 6.8305 14.6720 4.6122 8.5878 7.4210 12.0808 10.5051 12.0523 9.6652 13.1846 13.2496 12.8898 29.1082 21.2863 27.9402 33.7647 25.1598 32.9111 29.7225 29.7929 30.3335 31.5968 29.3889 27.4494 27.1747 27.9460 28.8050 30.4842 26.1418 31.2241 33.8317 26.3136 32.3035 22.4942 28.2503 29.5432 31.8508 32.5137 28.7263 25.0172 31.1268 30.3672 10.4097 7.5993 8.5004 8.4496 8.3319 7.9077 9.6134 8.4537 9.2980 10.5486 9.3820 10.5201 12.6970 9.4362 9.4428 8.9510 9.5466 10.5577 10.2140 8.7073 12.5106 10.4188 9.3454 9.5051 9.7936 9.0427 9.0726 8.5348 9.9688 11.6963 12.7643 20.0715 15.7321 14.7695 20.9553 9.0887 24.2473 14.0436 9.1674 13.0981 14.7472 16.2489 15.2069 19.4623 18.0658 11.6948 9.5174 10.9473 16.5789 12.6787 14.5583 8.1312 17.9799 16.9690 13.4782 9.1437 7.0956 21.1787 10.8316 17.8622 16.4418 20.8534 15.8169 18.4500 23.4828 20.5998 17.0493 22.8970 24.3070 22.2327 16.5587 23.7445 23.6141 23.6089 20.7882 18.8845 19.1790 17.7827 20.3954 22.5223 18.6684 21.1119 20.7863 23.3429 23.1445 22.2946 23.8731 21.9981 25.6234 25.6581
9.7674 6.9142 10.2814 0.0000 6.0493 5.1577 7.4984 14.0083 10.1692 8.4824 8.9538 11.0770 8.4565 6.3798 7.1834 7.0619 7.3608 7.0074 9.9963 7.3807 9.0469 7.0442 7.3891 7.9026 5.9470 7.8879 9.4695 6.7866 8.2825 9.9156 30.4989 24.3233 30.0086 34.1690 27.4580 33.9105 31.1920 31.6224 32.1137 32.3047 30.0962 29.5924 29.3220 29.2781 29.5226 31.4672 28.1827 32.0411 34.2877 27.7857 33.1110 24.4907 29.6190 30.6604 32.4270 33.5219 30.2106 26.7293 32.7574 31.4660 12.8718 10.2947 11.9636 12.0122 12.1700 12.5783 15.4531 13.7631 10.5702 15.8675 14.8258 13.0678 16.5330 15.1738 11.7437 12.2902 11.3249 15.8934 16.0772 14.0111 9.5686 16.0196 12.0919 14.1844 13.9655 10.4983 11.1098 13.6609 13.7952 11.7027 18.1989 23.1253 14.4746 18.9279 24.2984 14.1221 26.0891 14.2389 15.2497 15.8483 17.6919 19.8814 19.1124 22.7393 22.7128 15.4998 13.7383 15.5009 18.3118 14.6366 18.7928 14.0077 21.3385 21.1588 18.0958 14.6040 12.3754 24.5023 16.0222 21.7667 20.6378 23.9703 18.2192 21.8874 26.1461 23.8339 21.0650 25.6273 27.2887 24.7570 20.8732 26.9500 25.9038 26.5160 23.6511 23.2797 22.4957 21.8086 24.2010 25.5674 22.7236 23.9594 24.2540 25.7207 25.6514 25.1377 26.4478 24.2948 28.1321 27.8387
9.1230 8.2020 9.6379 6.0493 0.0000 6.3134 7.6519 13.3650 9.0750 8.0796 8.1311 9.4541 9.8372 7.0481 7.7156 7.2334 7.5043 7.3875 9.0928 8.4237 9.4820 6.8412 8.0357 8.7621 6.8611 7.1085 8.5497 7.6858 8.6484 9.2972 30.3742 23.9693 30.2232 34.2774 27.1672 33.8522 31.0184 31.4828 31.8578 32.0787 29.5122 29.3112 28.9981 29.0865 29.2010 31.5914 28.1277 31.9206 34.2046 27.7297 33.0945 24.1719 29.5956 30.6495 32.3910 33.4961 29.8375 26.3036 32.8143 31.3312 13.1414 10.3929 12.0633 12.1880 12.3394 12.5383 15.7215 13.8508 11.2204 15.7897 14.4805 12.8350 16.8857 15.1661 11.8410 12.1740 11.6878 15.6934 16.0392 13.8950 10.2885 15.9831 12.1228 14.3290 14.0696 11.1456 11.5913 13.9113 13.8025 12.4036 17.6464 23.2461 14.4214 19.1164 24.2765 13.7883 25.8541 13.7248 14.8968 15.3769 17.7414 20.1661 19.3080 22.9529 22.4361 14.9919 13.8599 15.6405 17.3274 14.6058 18.7997 13.5272 21.5007 20.9771 18.2058 13.9222 12.1998 24.6826 15.8148 21.6044 20.5564 24.3315 18.0144 21.8928 26.4238 23.7397 21.1859 25.8052 27.5808 24.7777 21.1350 27.3270 26.1557 26.8011 23.3766 23.6384 22.6385 21.9172 24.5357 25.6035 22.3881 24.1764 24.4632 25.8365 26.0870 25.3761 26.8787 24.6811 28.4906 28.3300
10.1847 6.8157 9.4767 5.1577 6.3134 0.0000 8.2463 13.8196 9.8170 9.0282 9.2669 10.9585 8.8580 6.3763 7.7165 6.9144 7.5469 6.8019 9.2040 8.7183 8.3152 6.6954 6.4861 7.7343 5.6710 8.1957 9.4455 7.8102 9.2122 10.7255 30.1617 23.8735 29.7098 33.8555 27.0134 33.4921 30.9176 31.1626 31.6287 31.8533 29.6596 29.2139 28.8764 28.9532 29.1654 31.2443 27.7768 31.6556 33.8986 27.2353 32.7384 23.9711 29.2804 30.2954 32.0565 33.1491 29.7647 26.2892 32.4124 31.0791 11.4804 8.9551 11.0743 11.1632 11.5975 12.1318 15.2673 13.1402 9.3024 15.0685 14.4584 12.3344 15.9705 14.4913 11.4699 10.7690 10.2206 15.2686 15.3093 13.1935 8.5029 15.4132 11.0024 13.6504 13.0961 9.4857 10.1235 13.1123 12.6247 10.1284 17.8320 22.7565 14.1114 18.4735 24.0149 13.4721 25.8374 13.3272 14.8388 15.5659 17.1398 19.6059 18.7613 22.4668 22.4604 15.0450 13.1981 14.7130 18.2775 13.6718 18.5315 13.5499 21.0187 20.8426 17.6616 13.9255 11.7169 24.2695 15.4680 21.2707 20.2285 23.6289 17.4751 21.4852 25.7211 23.5205 20.6932 25.3135 27.0211 24.3558 20.3916 26.7814 25.5373 26.3595 23.1755 23.1705 22.1994 21.4535 23.9169 25.1546 22.4108 23.4906 23.9678 25.3694 25.3636 24.9136 26.1988 24.0426 27.8800 27.6398
10.2084 9.8396 10.5183 7.4984 7.6519 8.2463 0.0000 13.6020 9.5280 7.8869 5.8348 12.1465 11.0293 7.6860 7.2451 7.2511 6.9093 8.4647 9.1460 9.1158 10.0404 7.6686 7.8239 9.2257 6.6497 6.9962 10.3637 8.7333 9.1159 8.2078 31.4631 24.9346 30.8928 35.4169 28.1943 35.1014 32.0832 32.5410 33.0937 33.4220 31.2928 30.3720 30.0969 30.2863 30.7787 32.3674 28.9788 33.2380 35.5505 28.8126 34.3436 25.4430 30.6579 31.7790 33.5985 34.6678 31.0391 27.6045 33.7036 32.5774 14.1060 11.1785 12.8574 12.6347 11.8741 12.6087 14.6444 13.6628 11.9205 15.9811 15.0466 13.7089 16.5255 14.9787 11.9171 13.1440 12.5927 15.4566 15.7377 14.2669 11.8034 15.9408 12.8012 14.1748 14.3409 11.6366 12.4054 13.6149 14.4341 13.8076 17.6602 23.5747 15.5327 18.8394 24.6000 14.0631 26.5524 14.8601 14.7256 15.4356 17.9351 19.8949 19.2148 23.1020 22.5982 15.4539 13.9201 15.1432 17.7328 15.0575 18.8231 13.6553 21.7161 21.3737 18.0905 14.6047 12.2359 24.7638 16.0609 22.0967 20.9270 24.4497 19.0448 22.3123 26.8915 24.3210 21.2444 26.3397 27.8280 25.5989 21.0150 27.3628 26.7752 26.8964 24.3122 23.2492 22.9344 21.9732 24.3527 26.0930 22.7940 24.6550 24.6597 26.5792 26.2955 25.7381 27.0320 25.0471 28.6850 28.6134
17.2486 15.5783 9.2693 14.0083 13.3650 13.8196 13.6020 0.0000 7.9461 11.1501 12.0882 17.6584 17.5102 10.5300 13.3290 12.7778 13.5803 11.6341 9.4816 16.5817 9.1333 10.9325 11.1877 12.9499 13.1983 13.9988 11.9893 15.1469 13.6944 12.4813 27.0425 20.1032 25.7627 31.4108 23.5739 31.1833 27.5006 28.1003 29.0637 29.6986 28.6632 25.6802 25.8494 25.9958 27.5122 27.5331 23.9779 29.3899 32.0981 24.4202 30.2072 21.4747 25.9831 27.4845 29.6434 30.5810 26.9881 24.0878 28.5812 28.5888 16.0261 13.1444 12.9988 13.0959 12.7653 12.3990 11.9093 12.3899 13.1158 12.1680 12.8683 14.2122 12.4137 12.9264 12.9948 13.3684 13.4290 14.3131 13.5216 12.8446 16.8793 13.3771 14.5561 12.9303 11.6649 13.9699 13.2698 12.4898 14.5405 15.5959 14.0938 17.9188 16.6668 13.4881 17.7430 10.7697 20.4163 14.4374 9.1796 13.2626 14.7274 13.3690 13.2747 16.5594 16.3142 10.7552 10.5580 11.5006 15.2127 12.5743 12.6779 8.7332 15.3906 13.8883 12.0373 9.1152 10.3697 18.1216 11.5770 16.5284 15.9966 18.5459 16.1996 17.2314 21.7377 19.3104 15.6429 20.6928 22.0287 20.7579 15.5781 21.0698 21.5504 20.6768 19.6409 16.8464 17.0058 16.1313 18.2910 20.5643 17.2921 19.4745 18.6822 21.2584 20.5212 19.7895 21.2005 19.5621 22.6044 22.7189
13.7895 12.4776 5.4465 10.1692 9.0750 9.8170 9.5280 7.9461 0.0000 8.5674 8.0587 14.5207 14.8781 6.9229 10.1728 9.0714 10.1425 8.5536 4.8695 13.2446 6.5779 6.8354 7.7688 10.8672 9.6033 10.0401 8.7474 12.1380 11.1021 10.6106 29.7584 22.2480 29.1831 34.3310 26.1528 33.7429 30.3169 30.8771 31.3552 32.1212 30.1213 28.2369 28.1317 28.6012 29.5604 30.8960 27.0816 31.8818 34.5257 27.2351 33.0531 23.5523 28.9821 30.3820 32.3386 33.3114 29.1806 25.8055 31.9725 31.0407 12.5270 9.4386 10.2512 10.1590 9.6944 9.4708 11.2339 10.4279 10.3968 12.3852 11.1401 11.7729 13.7161 11.5092 10.5718 10.8805 11.1658 12.2270 12.0851 10.5453 13.3118 12.4040 11.2542 11.4637 11.8405 10.7783 10.7424 10.7517 11.9547 13.3571 14.4628 21.5098 16.1530 16.3262 21.7954 11.0670 24.4782 14.4151 10.6837 13.6719 16.3893 17.3961 16.8328 20.5335 19.1743 12.7728 11.5692 12.7628 16.3438 13.6459 15.6658 9.4120 19.1624 18.0080 14.9739 10.4544 8.8529 22.1676 12.9728 19.2610 18.2326 22.2866 17.3300 20.0678 25.1407 21.9941 18.5579 24.1717 25.7895 23.5773 18.4007 25.0880 25.0282 24.7419 22.0015 20.5097 20.5048 19.4450 21.9458 23.9238 19.7952 22.6941 22.2325 24.6850 24.3395 23.5809 25.1670 23.2605 26.7112 26.7882
10.7450 10.5276 10.5645 8.4824 8.0796 9.0282 7.8869 11.1501 8.5674 0.0000 7.6715 12.6464 11.4000 8.2827 7.2978 7.4633 8.6133 6.7755 7.4234 9.2182 10.1110 6.7506 8.2565 9.1791 7.7957 7.7501 9.9870 8.6501 7.8257 7.6209 31.2648 24.8004 30.9084 35.3937 28.0540 35.0911 31.8204 32.5479 33.0953 33.3374 31.1047 30.1187 30.0386 30.0889 30.5759 32.2305 28.9033 33.0235 35.5265 28.8015 34.2388 25.2317 30.4452 31.6954 33.5106 34.6223 30.8414 27.4163 33.6181 32.5007 14.7649 11.8598 13.4102 13.1978 12.2564 13.1693 14.8395 13.8579 12.3189 16.1341 15.0427 13.3776 16.4552 15.3709 12.4373 13.9273 13.0139 15.5467 16.1084 14.7412 12.7423 16.2641 13.7279 14.6479 14.5693 12.4593 12.8390 13.9887 14.7449 14.6390 17.4538 23.6684 16.1179 18.9280 24.2703 14.7775 26.1859 15.4409 14.4830 16.0252 18.4523 19.9142 19.4437 23.1257 22.3700 15.5748 14.3374 15.9446 18.0748 14.7397 18.7125 13.7553 21.6812 21.0444 18.0002 14.2585 12.4726 24.6306 16.1505 22.3213 21.0022 24.5232 18.8594 22.3454 27.0975 24.3495 21.3213 26.2982 27.8230 25.7424 21.2175 27.3114 26.8640 26.7939 24.3041 23.1309 22.9504 22.0509 24.3980 26.0888 22.4847 24.9273 24.5941 26.5641 26.3246 25.6270 27.0240 25.0523 28.6197 28.5847
10.5278 11.3026 10.2207 8.9538 8.1311 9.2669 5.8348 12.0882 8.0587 7.6715 0.0000 11.8633 11.8854 8.1628 7.7492 6.9264 7.5701 8.2187 7.9234 9.9607 10.0291 7.2588 8.3712 9.7669 7.3092 6.2307 9.6565 9.8760 8.4762 7.5155 31.1066 24.3770 30.4937 35.2217 27.7523 34.7525 31.7328 32.1398 32.5935 33.1474 31.0165 29.7736 29.5713 29.9840 30.4917 32.1629 28.5879 32.9104 35.2741 28.5109 34.0144 25.1101 30.2681 31.5391 33.3566 34.3381 30.5762 27.1734 33.2556 32.2167 14.6228 11.4216 12.8657 12.5973 12.1123 12.6106 14.2927 13.6475 12.1960 15.7815 14.5576 13.8716 16.5303 14.6640 12.1354 13.0934 13.2101 15.2817 15.4745 14.1459 12.8837 15.5063 13.3901 14.1855 14.3053 12.3658 12.8649 13.8028 14.5183 14.3144 17.0373 23.1947 16.1619 18.4862 23.9564 13.7394 26.0027 15.3968 14.0904 15.0447 17.9708 19.6198 18.8438 22.7392 21.8477 15.2164 13.7122 15.1518 16.8076 14.7573 18.4111 12.7172 21.3383 20.6205 17.7532 13.7322 11.8447 24.2720 15.9057 21.6136 20.4921 24.1329 19.1796 21.9721 26.5744 23.7674 21.0020 25.9532 27.3799 25.2612 20.7113 26.9679 26.4916 26.6312 23.8226 22.9092 22.5902 21.7100 24.0797 25.6915 22.2560 24.3666 24.2644 26.2752 26.0035 25.3908 26.7344 24.8185 28.3262 28.3370
7.4814 12.1524 15.8792 11.0770 9.4541 10.9585 12.1465 17.6584 14.5207 12.6464 11.8633 0.0000 10.3698 13.2804 12.3224 10.1483 10.9647 11.7478 14.1332 9.6748 15.3330 11.1052 13.5454 10.5153 10.5224 9.5491 12.9016 11.2082 10.4338 11.3860 31.0113 25.9245 31.0638 33.8242 28.5646 33.6402 31.8163 31.8930 32.1168 32.0972 30.2471 30.2140 29.8765 30.1226 29.7022 31.9691 29.1202 32.0820 33.7791 28.1298 32.9307 25.8840 30.3879 31.1182 32.1327 33.3297 30.4176 27.5062 32.9891 31.6840 17.8158 15.8101 17.4351 17.6038 18.7196 18.5011 21.8861 19.6852 15.4771 20.7116 20.3279 18.9822 20.8588 20.9384 17.6616 16.6987 15.7568 21.6318 21.6635 19.3082 13.9512 21.2763 17.4182 20.2752 19.0228 16.6633 16.1358 20.2603 19.4469 15.1169 22.9593 25.4210 17.8333 22.7845 26.5543 18.5598 26.9791 17.2009 20.0372 19.5620 21.4378 23.3723 22.6721 25.6036 26.0325 19.2431 18.6768 20.1216 19.8773 17.9387 22.8652 18.4012 24.1708 23.7858 22.1597 18.9239 18.0449 26.9334 21.1978 23.9492 24.4073 26.4563 22.0430 25.0659 27.9476 26.1208 24.7128 27.7920 29.4111 26.6433 24.5899 29.4404 27.5748 29.1937 25.6451 27.3581 25.4576 25.1960 27.6420 27.7873 26.3071 26.0476 27.0699 27.7974 27.7636 27.6845 28.6862 26.6169 29.9334 29.7151
7.9018 7.0749 15.4772 8.4565 9.8372 8.8580 11.0293 17.5102 14.8781 11.4000 11.8854 10.3698 0.0000 11.1313 7.7822 8.4478 8.0226 9.3286 14.4888 6.5127 13.9877 9.8403 12.1631 7.2746 7.7817 9.2326 12.3453 6.2910 8.2320 10.6006 31.0669 25.8895 30.9026 34.0062 28.4425 33.8235 31.8630 31.8426 32.1891 32.1814 30.1408 30.3160 29.9455 30.0053 29.7331 32.1026 29.0273 32.1026 33.8913 28.1393 33.0203 25.6444 30.3135 31.0263 32.3222 33.5137 30.5989 27.4055 33.1254 31.7487 17.1686 14.6842 16.6115 16.4549 17.0389 17.7859 20.4789 18.8093 14.1336 20.0517 19.8667 17.9475 20.2535 19.8603 16.2117 16.0320 14.9180 20.8634 20.7587 18.9706 11.6267 20.4082 16.6710 19.1821 17.9223 14.9111 15.1481 18.9719 18.4820 14.2591 22.0879 24.7716 15.0601 21.7112 26.3369 17.8205 26.7456 15.6245 19.3950 18.6351 20.2774 22.4136 21.8884 25.2038 25.5692 18.3574 17.5437 18.6911 19.5625 16.6066 22.2241 17.9907 23.7730 23.6599 21.4758 18.2188 16.8916 26.6607 20.3645 23.6234 23.7194 25.9780 21.2614 24.3673 27.5127 25.6610 24.1741 27.5118 28.9382 26.4151 23.8624 29.0691 27.2131 28.7765 25.3599 26.6883 24.9597 24.6575 27.0038 27.3108 25.6711 25.6206 26.7519 27.4012 27.4675 27.2692 28.2659 26.1140 29.6937 29.4057
11.8354 8.1281 6.0960 6.3798 7.0481 6.3763 7.6860 10.5300 6.9229 8.2827 8.1628 13.2804 11.1313 0.0000 7.7410 7.7432 7.5492 6.2437 7.7406 10.5386 5.6509 5.7953 6.2022 8.8517 7.0465 8.9276 7.9316 8.7172 9.6652 10.0490 28.6515 21.6167 27.9738 32.8689 25.1368 32.2915 29.2920 29.5963 30.0814 30.7764 28.5047 27.3419 27.0543 27.4076 27.9378 29.9199 26.0525 30.4904 32.9391 25.9153 31.5976 22.2590 27.7604 28.9555 31.0098 31.8771 28.2880 24.6582 30.9139 29.7568 11.2176 7.7607 9.2168 9.1097 9.3954 9.4362 11.7303 10.4860 8.8111 12.3012 11.3113 11.0317 13.6859 11.4816 8.9809 9.4290 9.2458 12.6754 12.5786 10.7830 10.1223 12.5084 9.9006 10.9994 10.7081 8.5392 9.0848 10.3547 11.2835 10.7099 14.5958 20.5373 13.3581 15.8351 21.6843 10.3176 23.9375 12.3413 10.9564 12.7219 14.9316 16.9794 15.9849 20.0430 19.2435 11.9025 10.2718 12.2202 15.6225 12.6778 15.6687 9.9810 18.7093 17.9400 14.9833 10.8160 8.4103 21.9444 12.5672 18.7807 17.4771 21.4080 15.8996 19.0052 23.9130 20.9857 18.0082 23.1512 24.8375 22.2720 17.7926 24.4467 23.7327 24.0455 20.8830 20.3110 19.7460 18.7834 21.4078 23.0059 19.4674 21.5444 21.5474 23.4524 23.3900 22.7083 24.1833 22.0085 25.9049 25.7991
9.5575 7.8113 11.4146 7.1834 7.7156 7.7165 7.2451 13.3290 10.1728 7.2978 7.7492 12.3224 7.7822 7.7410 0.0000 5.8755 6.2853 7.0994 9.9869 7.5197 10.3882 6.5831 8.8824 7.3759 5.8614 6.6215 9.5411 5.9029 7.1600 8.1287 31.4379 25.0376 31.0903 35.3620 28.2901 35.0529 32.0456 32.4100 32.9420 33.2564 30.9341 30.4256 30.1850 30.1615 30.6887 32.5569 29.0564 33.1052 35.4232 28.8624 34.2370 25.4675 30.6610 31.6499 33.5445 34.6836 30.9932 27.5277 33.7745 32.4932 14.9107 11.7262 13.5726 13.2249 12.3439 13.7098 15.7668 14.8083 12.1540 16.8108 15.8400 13.8933 17.6208 15.8032 12.6945 13.6668 13.4354 16.4880 16.5826 15.3638 11.1652 16.7606 13.6271 15.2642 15.1658 12.0934 13.0996 14.5918 15.0316 14.2447 18.3980 23.6969 14.3354 19.3338 24.9136 14.6294 26.2086 14.2511 15.7442 15.9086 18.2257 20.2780 19.7661 23.5156 23.0437 15.6605 14.5014 15.4191 17.7894 14.6112 19.3371 14.3094 22.0839 21.8702 18.6987 14.8720 12.8266 25.1670 16.7774 22.2664 21.3629 24.8582 19.2498 22.6633 27.1114 24.5750 21.8945 26.6938 28.1471 25.8608 21.6628 27.8646 26.9852 27.3775 24.5335 24.0266 23.3965 22.6325 24.9131 26.2507 23.1645 24.9192 25.3040 26.7211 26.8137 26.0736 27.5040 25.4213 29.1275 28.9619
8.3961 8.7213 10.6704 7.0619 7.2334 6.9144 7.2511 12.7778 9.0714 7.4633 6.9264 10.1483 8.4478 7.7432 5.8755 0.0000 5.8229 6.7018 8.5571 7.1750 9.7858 5.8305 8.4976 7.2893 5.0782 5.1178 9.0882 7.0018 7.1282 8.5294 31.1544 24.8492 30.5267 34.7609 28.1529 34.5004 31.8918 32.1002 32.6548 32.9713 31.0524 30.2036 29.9785 29.9724 30.5821 32.1011 28.7194 32.8071 34.9482 28.3910 33.7719 25.4698 30.2021 31.3261 33.0542 34.1593 30.7221 27.5622 33.2030 32.0073 14.0518 11.1437 12.7719 12.7247 12.4624 13.3927 15.9226 14.7633 11.2307 16.5754 15.6214 14.1957 17.3839 15.5619 12.9407 12.6680 12.9185 16.4455 16.2610 14.7264 11.0254 16.5814 12.9466 15.1954 15.0336 11.8629 12.7837 14.5489 14.6640 13.2448 18.8132 23.4171 15.5192 19.3344 24.5488 14.4839 25.9505 14.6531 15.9584 16.2648 18.2692 20.1580 19.3859 23.2098 23.2104 16.0165 14.5836 15.0564 18.0499 14.3950 19.2902 13.9279 21.9089 21.6936 18.4589 14.7372 12.6706 24.7295 17.0279 21.9164 21.2582 24.4165 19.5131 22.4876 26.4962 24.3781 21.6125 26.1573 27.7587 25.3088 21.2881 27.3785 26.4984 26.9944 24.2271 23.8029 23.0372 22.3808 24.5279 25.9601 23.2750 24.3393 24.7796 26.2414 26.0783 25.7077 26.9050 24.9962 28.5835 28.3622
8.0205 7.1453 10.9468 7.3608 7.5043 7.5469 6.9093 13.5803 10.1425 8.6133 7.5701 10.9647 8.0226 7.5492 6.2853 5.8229 0.0000 7.3390 9.9709 7.9063 10.1687 6.7396 9.1737 7.0446 5.3041 6.2036 9.2255 7.1052 7.6171 7.6437 29.7561 23.4769 29.3764 33.4265 26.6508 33.0139 30.4523 30.5305 30.9568 31.5142 29.4764 28.5972 28.2999 28.7011 28.9879 30.9346 27.3912 31.3301 33.3901 26.9784 32.2870 24.0746 29.0306 29.9621 31.6019 32.6190 29.2352 25.9018 31.8786 30.6798 14.5387 11.4153 13.0482 12.6917 13.1637 13.5973 15.8950 14.7894 11.4231 16.3255 15.6842 15.1430 16.9168 15.5409 12.7026 12.8083 12.3329 16.8991 16.4245 14.7822 11.0963 16.2384 13.4292 15.3761 14.5414 12.1106 12.3385 14.9575 15.1947 12.8376 18.1407 22.4324 14.1966 18.5335 23.7138 13.7297 24.9704 13.7404 14.9791 15.1940 17.2397 19.3226 18.6208 22.5641 22.0584 14.8046 13.9851 14.6716 16.3116 14.2036 18.7638 13.3608 21.0952 20.5899 17.9873 13.9092 12.4697 24.0110 16.8264 20.6258 20.5637 23.5943 19.1539 21.6286 25.5960 23.0268 20.9673 25.3413 26.8258 24.2388 20.6675 26.6379 25.4692 26.3656 22.9776 23.4200 22.2884 21.6792 24.0550 25.0798 22.5093 23.4104 24.1110 25.5266 25.2875 24.9682 26.2054 24.1199 27.6683 27.6647
9.3697 7.3685 9.5522 7.0074 7.3875 6.8019 8.4647 11.6341 8.5536 6.7755 8.2187 11.7478 9.3286 6.2437 7.0994 6.7018 7.3390 0.0000 8.3700 8.3170 9.0047 6.0273 8.1762 7.1700 6.6754 7.4562 8.9896 6.6484 7.0956 8.5874 30.1881 23.6288 29.6871 34.0574 26.9253 33.6977 30.8280 31.1757 31.6359 32.0037 29.9074 29.0604 28.7871 29.0194 29.3458 31.2090 27.6777 31.8107 34.1725 27.3214 32.8424 24.0363 29.3697 30.4462 32.1616 33.2731 29.7664 26.3092 32.3195 31.2523 13.8215 10.8230 12.5672 12.2889 12.3684 12.9358 15.1786 13.7778 11.1956 15.4474 14.7248 13.5606 15.9154 14.9737 12.4384 12.6718 11.9610 15.8348 15.7230 14.0945 11.2490 15.7905 12.9955 14.5067 13.7028 11.6380 11.7937 14.0605 14.2560 12.7820 17.3113 22.5381 13.8272 17.9981 23.4155 13.4573 25.2073 13.8206 14.1877 15.1373 17.3259 18.9209 18.5587 22.0192 21.8494 14.4391 13.2355 14.7235 17.4458 13.7665 17.8976 13.1688 20.7454 20.0490 17.0614 13.4705 11.9598 23.7661 15.5288 20.7714 20.2342 23.4551 17.8995 21.5346 25.7507 23.3715 20.6300 25.2926 26.8234 24.5155 20.3498 26.4841 25.5816 26.1639 23.2039 22.8072 22.1065 21.2438 23.8069 25.0774 22.1345 23.5602 23.8658 25.4674 25.3465 24.7805 26.1326 24.0141 27.6915 27.5025
13.4716 12.4335 6.8305 9.9963 9.0928 9.2040 9.1460 9.4816 4.8695 7.4234 7.9234 14.1332 14.4888 7.7406 9.9869 8.5571 9.9709 8.3700 0.0000 12.5808 7.4371 7.1810 7.7820 10.8604 9.2530 9.4438 9.9571 11.9977 10.8546 10.5944 31.2331 23.9577 30.4634 35.6021 27.6750 35.0787 31.8673 32.2824 32.8058 33.5471 31.4779 29.8591 29.6565 30.1071 30.9124 32.3448 28.5216 33.2469 35.8416 28.5685 34.4134 24.9275 30.4626 31.7392 33.7247 34.6769 30.7927 27.3361 33.4038 32.4873 12.2008 9.5534 10.8221 10.7185 9.8301 10.3330 12.2478 10.9997 10.4799 13.7228 12.4268 11.9876 14.5371 12.6474 11.1808 11.3971 11.5087 12.7071 13.0185 11.5982 12.8174 13.4658 11.4140 12.1906 12.7307 10.7497 10.9528 11.3963 12.1488 13.2193 15.6625 22.8761 17.3012 17.6604 23.4418 12.5545 26.1366 15.5306 12.6403 15.4322 17.5916 18.9093 18.2140 22.1298 21.0137 14.7127 12.7337 14.0135 18.1899 14.1447 17.3650 11.3253 20.6870 19.9601 16.1816 12.4548 10.1830 23.6736 14.1470 20.9702 19.6047 23.5129 18.1849 21.3994 26.2040 23.5474 19.8913 25.5691 27.0241 25.0132 19.5306 26.3797 26.1943 26.1068 23.6410 21.6672 21.9449 20.6818 23.1299 25.2770 21.5076 23.9697 23.5303 25.9944 25.5967 24.9241 26.3298 24.4691 28.0616 28.0071
6.6846 8.3785 14.6720 7.3807 8.4237 8.7183 9.1158 16.5817 13.2446 9.2182 9.9607 9.6748 6.5127 10.5386 7.5197 7.1750 7.9063 8.3170 12.5808 0.0000 13.6449 8.9179 11.4769 8.2475 7.2809 7.0236 11.3589 5.7985 6.4667 8.9877 32.3891 26.9729 32.2234 35.4369 29.7745 35.4207 33.1371 33.5836 33.9332 33.7461 31.8858 31.6277 31.3680 31.3144 31.2845 33.0989 30.3240 33.6453 35.5698 29.6386 34.6428 26.9917 31.5724 32.5865 33.7394 35.0398 31.8438 28.7951 34.5139 33.1464 17.0108 14.3435 16.1936 16.1920 16.1657 16.8885 19.8175 18.2046 13.9694 19.9324 19.3512 17.0884 20.0198 19.6063 15.5787 16.1684 14.9602 20.1043 20.4567 18.3979 11.8823 20.2566 16.2820 18.7355 18.1981 14.8069 15.1271 18.4207 18.2505 15.0059 22.1523 25.9280 16.5088 22.3446 27.0003 18.3223 27.8136 16.9122 19.2494 19.1069 21.2295 23.0142 22.6446 25.8202 26.0979 19.1037 18.0317 19.3670 20.2843 17.4448 22.4433 17.8052 24.4753 24.2245 21.7375 18.5118 16.6681 27.3179 20.4503 24.7453 24.4000 26.8619 21.9712 25.2836 28.8281 26.7635 24.6452 28.4056 30.0479 27.5327 24.4412 29.8324 28.4913 29.3860 26.4360 26.8976 25.6513 25.2108 27.5718 28.4469 26.1713 26.8223 27.3718 28.5004 28.2367 28.1360 29.1003 27.0224 30.6100 30.3223
14.8192 11.3220 4.6122 9.0469 9.4820 8.3152 10.0404 9.1333 6.5779 10.1110 10.0291 15.3330 13.9877 5.6509 10.3882 9.7858 10.1687 9.0047 7.4371 13.6449 0.0000 7.8903 6.9914 10.5496 9.6333 11.3676 9.4666 12.1717 12.2197 12.4386 28.0963 20.6896 26.7560 32.4351 24.3476 31.8575 28.7380 28.7980 29.5692 30.4834 28.5602 26.7227 26.5491 26.8300 27.8832 29.1580 25.0581 30.1278 32.6818 25.2007 31.1149 21.7236 27.0520 28.2635 30.6933 31.4472 27.9335 24.3728 29.9565 29.2964 10.5339 7.6133 8.4202 8.6621 8.7375 8.4277 10.1327 9.1436 8.4304 10.7414 10.0063 10.7673 12.0831 10.0912 9.4434 8.6726 9.2855 11.4457 10.8301 9.3129 11.6148 11.0065 9.3314 9.6662 9.4671 8.3983 8.8330 8.6425 10.3940 10.7126 13.3270 18.8326 14.5343 13.9021 19.9274 8.6417 22.8127 12.6070 9.4651 12.4953 13.6146 14.9732 13.8467 18.2120 17.7094 10.7951 8.8524 9.9079 15.9172 11.5251 13.7746 7.8640 16.8030 16.2335 12.6794 8.9861 7.1034 20.0592 10.3673 17.1838 15.8353 19.7134 14.9632 17.5494 22.2601 19.9070 16.1967 21.7863 23.2193 21.1934 15.8060 22.6304 22.3662 22.3495 20.1064 18.2041 18.0826 17.0364 19.2948 21.4016 18.1623 19.9273 19.7699 22.0592 21.8508 21.0347 22.5691 20.7056 24.3348 24.2565
9.6644 8.4993 8.5878 7.0442 6.8412 6.6954 7.6686 10.9325 6.8354 6.7506 7.2588 11.1052 9.8403 5.7953 6.5831 5.8305 6.7396 6.0273 7.1810 8.9179 7.8903 0.0000 7.5166 7.2637 5.8115 6.6593 7.3704 7.8393 7.7847 8.1634 29.4542 22.8725 29.3485 33.5528 26.2765 33.1377 30.1803 30.6154 31.0221 31.4122 29.1591 28.2630 28.0367 28.2807 28.8457 30.7562 27.1130 31.1995 33.5952 26.9056 32.4381 23.4368 28.7604 29.8896 31.6467 32.7526 28.8594 25.4615 31.9078 30.4996 12.6426 9.4047 10.8789 10.8019 11.0599 11.3177 14.0107 12.6190 9.6330 14.5885 13.2876 12.5435 15.3745 13.5826 10.7901 10.9841 10.8935 14.5637 14.5079 12.6399 9.9858 14.4794 11.3844 13.2143 13.0673 10.2644 10.5565 12.5932 12.9982 11.9794 16.6028 22.0773 14.1499 17.6507 23.0595 12.3378 24.4844 12.8907 13.0953 14.2092 16.5999 18.6845 17.9156 21.8091 20.8451 13.6255 12.7549 13.9525 16.4628 13.3663 17.5034 11.6874 20.3131 19.6531 16.9216 12.4078 10.2873 23.4301 14.9710 20.3820 19.4085 23.1675 17.5383 20.8456 25.5484 22.4824 19.8965 24.7611 26.5085 23.7396 19.8007 26.1926 25.2527 25.6947 22.2927 22.4413 21.4921 20.8379 23.2855 24.5138 21.1051 23.1472 23.3667 25.0077 24.9217 24.3398 25.8199 23.6422 27.3739 27.3678
13.1658 9.8578 7.4210 7.3891 8.0357 6.4861 7.8239 11.1877 7.7688 8.2565 8.3712 13.5454 12.1631 6.2022 8.8824 8.4976 9.1737 8.1762 7.7820 11.4769 6.9914 7.5166 0.0000 9.2963 7.7253 9.8168 10.1336 10.5002 10.6143 10.5177 29.9145 23.1372 29.0525 34.0915 26.3340 33.5992 30.5645 30.9652 31.5755 31.9958 29.9703 28.5687 28.4203 28.8360 29.2151 30.8501 27.2480 31.6874 34.1529 26.9403 32.8263 23.4395 28.9597 30.2264 32.2254 33.1527 29.5972 26.0168 32.0158 31.1603 11.2324 8.6573 10.4576 10.2462 9.7066 10.3599 12.0833 10.6801 9.3005 12.7924 12.7164 10.7291 13.6117 12.2122 9.7872 10.2483 9.4847 12.8202 13.0222 11.5516 10.6690 13.3242 10.4486 11.3681 10.7608 9.0831 9.3790 10.8207 11.3041 10.9485 15.4048 21.5901 15.0634 16.3104 22.5168 12.0637 25.3457 13.8038 11.8302 14.1664 16.0937 17.7846 17.0881 20.9731 20.4771 13.5889 11.2026 13.0470 17.5919 12.7051 16.5181 11.6861 19.4259 18.9071 15.4577 11.8224 9.8800 22.7466 13.1249 20.2003 18.6363 22.2866 16.5145 20.1227 24.8843 22.4282 18.9643 24.2860 25.7654 23.7803 18.5128 25.2866 24.7950 24.9151 22.3725 20.8387 20.7419 19.6134 22.1404 24.1278 20.6980 22.6502 22.2557 24.6713 24.1678 23.6581 24.9256 23.0124 26.5824 26.6857
9.0749 7.4377 12.0808 7.9026 8.7621 7.7343 9.2257 12.9499 10.8672 9.1791 9.7669 10.5153 7.2746 8.8517 7.3759 7.2893 7.0446 7.1700 10.8604 8.2475 10.5496 7.2637 9.2963 0.0000 6.7878 8.5056 10.4876 7.4288 7.5996 8.4362 29.2549 23.3839 28.7069 32.6189 26.2702 32.4428 29.9809 30.0271 30.6112 30.7556 29.0786 28.2814 28.1036 28.2205 28.3147 29.9811 26.7996 30.6343 32.7427 26.0551 31.5369 23.5389 28.4131 29.2728 30.8126 32.0077 28.8925 25.6463 31.1064 30.2815 15.1847 12.4901 14.2765 14.0320 14.3761 14.8932 17.2645 15.7139 11.8469 16.6432 17.0142 15.7661 16.3665 17.0137 13.9360 13.7926 12.4806 18.0956 17.6804 15.9895 11.2808 17.4411 14.6098 16.3294 14.6386 12.8519 12.5015 16.0085 16.0649 12.5236 19.1099 21.7647 13.5406 18.1931 22.9996 14.3559 24.0295 13.0925 15.6653 15.7951 17.3224 18.5591 18.4613 21.6891 22.3346 14.7252 14.0555 14.9763 17.0927 13.6330 18.4906 14.3213 20.2334 19.9959 17.4729 14.6213 13.8651 23.2477 16.8053 20.3046 20.7953 22.8854 18.5407 21.5767 24.9783 23.2044 20.9094 24.9178 26.2668 24.1303 20.5977 26.0969 24.7092 25.8371 23.0379 23.2978 21.9118 21.3988 23.8548 24.6545 22.8176 22.8733 23.7331 24.9534 24.6541 24.4036 25.4839 23.4271 26.8196 26.6499
8.4424 6.6465 10.5051 5.9470 6.8611 5.6710 6.6497 13.1983 9.6033 7.7957 7.3092 10.5224 7.7817 7.0465 5.8614 5.0782 5.3041 6.6754 9.2530 7.2809 9.6333 5.8115 7.7253 6.7878 0.0000 5.8029 8.9843 7.0135 7.6002 7.8666 29.9690 23.6233 29.4345 33.5915 26.8828 33.1901 30.6993 30.8679 31.2861 31.7013 29.6248 28.9664 28.5492 28.8082 29.1014 31.0758 27.5773 31.5046 33.6445 27.1457 32.4566 24.0403 29.1033 30.1911 31.7846 32.8449 29.4704 26.0991 32.0955 30.7927 13.3950 10.2502 12.0259 11.8454 12.2492 12.9804 15.5456 14.0276 10.4482 15.7491 15.2558 13.7444 16.7726 15.0919 11.7987 11.7560 11.4748 16.1384 16.0441 14.1378 9.4584 15.9762 12.4817 14.6532 13.9953 10.7882 11.3494 14.0988 14.1292 11.7048 17.9979 22.6860 14.3385 18.6795 23.8299 13.7619 25.3473 13.6529 15.0827 15.2917 17.6162 19.6284 18.7890 22.5625 22.4274 14.9752 13.6404 15.0589 17.0176 14.0614 18.7798 13.3571 21.2237 20.6807 18.0577 14.1279 12.1503 24.1257 16.4100 21.1696 20.4429 23.5833 18.5598 21.5331 25.5951 23.2334 20.9067 25.1999 26.8243 24.2156 20.5780 26.6156 25.4164 26.3198 23.0440 23.2734 22.2415 21.5374 24.0123 25.1035 22.4174 23.4500 24.0509 25.3177 25.3002 24.9507 26.1157 23.9609 27.7889 27.4967
7.5945 9.6063 12.0523 7.8879 7.1085 8.1957 6.9962 13.9988 10.0401 7.7501 6.2307 9.5491 9.2326 8.9276 6.6215 5.1178 6.2036 7.4562 9.4438 7.0236 11.3676 6.6593 9.8168 8.5056 5.8029 0.0000 9.3068 7.8222 7.1169 7.9878 31.5544 25.3613 31.3462 35.2088 28.6579 34.9443 32.2768 32.6259 33.0533 33.2965 31.1692 30.6629 30.3297 30.3923 30.8491 32.6305 29.3484 33.1842 35.3336 29.0143 34.2515 25.8973 30.7977 31.8399 33.4354 34.5966 31.0294 27.8067 33.8535 32.4135 15.1119 12.0856 13.7037 13.5992 13.5948 14.2321 16.9828 15.7185 12.4465 17.6616 16.3855 15.0174 18.4578 16.6767 13.3916 13.6757 13.9008 17.3130 17.4455 15.6651 11.3128 17.5835 13.9745 16.2683 16.1305 12.8790 13.6491 15.6317 15.7612 14.1993 19.5385 24.4878 15.9161 20.5102 25.5284 15.4449 26.6406 15.2235 16.7206 16.7174 19.1986 21.3100 20.5957 24.2457 23.9173 16.6746 15.7121 16.6216 18.1120 15.6903 20.2494 14.8545 22.9126 22.5555 19.7547 15.8221 13.7138 25.7690 18.0911 22.9180 22.1862 25.4903 20.2235 23.4151 27.5658 25.1110 22.6038 27.0632 28.7714 26.0535 22.4416 28.4262 27.3995 27.9613 24.8878 24.9877 24.0774 23.4371 25.6913 26.8683 24.0126 25.3791 25.8252 27.1554 27.1272 26.6610 27.9829 25.9105 29.5590 29.3745
11.6881 10.4782 9.6652 9.4695 8.5497 9.4455 10.3637 11.9893 8.7474 9.9870 9.6565 12.9016 12.3453 7.9316 9.5411 9.0882 9.2255 8.9896 9.9571 11.3589 9.4666 7.3704 10.1336 10.4876 8.9843 9.3068 0.0000 10.3875 10.3549 10.4531 26.9956 19.9192 27.0393 31.3794 23.6337 30.7473 27.7530 28.2658 28.5375 29.0966 26.9673 25.5767 25.3183 25.7661 26.5878 28.5101 24.6125 29.0142 31.4522 24.5781 30.2507 20.8001 26.2439 27.5788 29.4117 30.3791 26.3320 22.9499 29.5364 27.9695 11.1535 8.6329 8.6892 8.8734 10.3824 9.1834 12.4127 10.9864 8.1748 11.9508 10.6694 10.9705 13.4037 11.3967 9.0347 9.6132 9.5621 12.6639 12.4122 10.1047 10.0830 11.7040 9.7816 11.2464 11.1037 9.6600 9.1578 11.9706 11.2012 10.8687 13.9598 19.8796 12.4474 15.6546 20.4694 11.1551 23.7252 11.8691 13.0763 11.7232 14.3270 17.1380 17.6929 19.3843 17.9855 13.5021 11.9715 13.8285 14.6108 11.8425 14.7804 11.5022 18.0267 18.9589 15.1606 12.2645 8.8716 20.9839 13.5085 17.9407 16.5920 20.8681 15.2332 18.2376 23.3671 19.8828 17.2048 22.1076 24.2000 20.9678 17.3630 23.8126 22.9825 23.2754 19.3648 20.0857 18.8199 18.3115 20.8848 21.9301 18.2300 20.7207 20.8234 22.5204 22.5690 21.7780 23.6253 21.3746 25.0986 25.2316
8.0156 6.6276 13.1846 6.7866 7.6858 7.8102 8.7333 15.1469 12.1380 8.6501 9.8760 11.2082 6.2910 8.7172 5.9029 7.0018 7.1052 6.6484 11.9977 5.7985 12.1717 7.8393 10.5002 7.4288 7.0135 7.8222 10.3875 0.0000 6.8413 8.8976 31.2235 25.4123 31.2225 34.7031 28.3534 34.5511 31.9083 32.3786 32.7998 32.6630 30.4346 30.3871 30.0829 29.9755 30.0890 32.1831 29.1066 32.6581 34.7118 28.5512 33.7003 25.4669 30.4360 31.4240 32.8561 34.1632 30.6295 27.3566 33.5794 32.0713 16.1082 13.2971 15.0169 14.8687 14.6994 15.5568 18.0348 16.7002 13.1127 18.3160 17.5476 15.6319 18.6711 17.7553 14.2839 15.0769 14.0334 18.5668 18.6675 17.0009 11.4661 18.5907 15.0487 17.0505 16.4185 13.6326 14.2018 16.6990 16.7080 14.6054 19.9785 24.3503 13.6873 20.4687 25.5257 16.1359 26.4218 14.4862 17.2838 16.8799 19.0593 21.2312 20.7959 24.2662 24.2252 16.6710 15.8549 17.0770 18.4069 15.6244 20.5214 16.0317 22.9733 22.6459 19.9215 16.2235 14.6723 25.9083 18.2462 22.9265 22.4803 25.5782 19.7483 23.5224 27.5823 25.1505 22.9676 27.1466 28.7831 26.1370 22.8906 28.6167 27.2952 28.0279 24.8241 25.3410 24.1338 23.6163 26.0671 26.8956 24.1548 25.4101 26.0276 27.0822 27.1885 26.6629 27.9851 25.8060 29.5114 29.3200
7.6063 9.2149 13.2496 8.2825 8.6484 9.2122 9.1159 13.6944 11.1021 7.8257 8.4762 10.4338 8.2320 9.6652 7.1600 7.1282 7.6171 7.0956 10.8546 6.4667 12.2197 7.7847 10.6143 7.5996 7.6002 7.1169 10.3549 6.8413 0.0000 7.0974 30.9520 25.1870 30.7911 34.3609 28.0761 34.2131 31.5571 32.0879 32.5113 32.4371 30.6326 29.9311 29.7983 29.8543 30.0377 31.7090 28.7648 32.3427 34.4756 28.2542 33.3621 25.4484 30.1629 31.2008 32.5636 33.7917 30.3729 27.2985 33.0651 31.8896 17.0811 14.1568 15.4806 15.5169 15.5774 15.8706 18.2304 17.1325 13.8207 18.4241 17.9984 16.7445 18.5941 18.2733 14.9507 15.7309 14.6550 19.1245 19.1313 17.2619 13.1895 18.7559 16.1740 17.4765 16.8176 14.7305 14.6647 17.5172 17.6632 15.0330 20.2707 24.1787 15.7881 20.4739 24.9846 16.6840 25.8930 15.7701 17.0196 17.2512 19.7568 21.0270 20.8407 23.8460 23.8478 17.0152 16.5187 17.8043 18.0043 16.0522 20.3355 15.7827 22.5157 21.9387 19.7893 16.2373 15.1601 25.4117 18.8483 22.7971 22.7980 25.2460 20.9112 23.6663 27.4038 25.0357 22.9351 26.8669 28.4486 26.0938 22.8521 28.1538 27.0661 27.7360 24.7887 25.1538 23.9172 23.5577 25.9126 26.7972 24.2594 25.3498 25.7402 27.1014 26.7967 26.5272 27.6705 25.5829 28.9946 28.8571
8.7473 10.1920 12.8898 9.9156 9.2972 10.7255 8.2078 12.4813 10.6106 7.6209 7.5155 11.3860 10.6006 10.0490 8.1287 8.5294 7.6437 8.5874 10.5944 8.9877 12.4386 8.1634 10.5177 8.4362 7.8666 7.9878 10.4531 8.8976 7.0974 0.0000 29.6247 23.6139 29.4116 33.3613 26.5370 33.0719 30.2353 30.6864 31.0560 31.3887 29.5469 28.3540 28.1916 28.6789 28.7988 30.5435 27.3062 31.1271 33.4511 26.9745 32.2149 23.9957 28.9879 30.1221 31.4279 32.5704 29.0277 25.7450 31.7102 30.8047 17.3948 14.2901 15.4705 15.1599 15.3603 15.5696 17.0306 16.1858 14.0357 17.3701 17.2878 16.6105 17.2141 17.4776 14.5257 15.6729 14.4051 18.4548 18.3270 16.7336 14.3586 17.8075 16.4118 16.9730 15.8009 14.9786 14.2807 17.0235 17.4319 15.4127 18.6427 22.8376 15.4719 18.9594 23.3956 15.4841 24.6286 15.2003 15.0419 15.7033 18.6105 19.5008 19.3659 22.5557 22.0137 15.4553 14.9896 17.0630 16.0996 15.4331 18.8670 14.1812 21.1328 20.0526 18.5992 14.7358 14.1673 23.9123 17.5512 21.3769 21.2473 23.7718 19.7528 22.1457 26.1714 23.3361 21.5163 25.4533 26.8768 24.7778 21.4405 26.5899 25.7043 26.3389 23.3139 23.5356 22.5319 21.9888 24.5622 25.3286 22.6170 24.1002 24.3117 25.8477 25.4452 25.1276 26.3014 24.1531 27.5889 27.5265
30.9876 29.5886 29.1082 30.4989 30.3742 30.1617 31.4631 27.0425 29.7584 31.2648 31.1066 31.0113 31.0669 28.6515 31.4379 31.1544 29.7561 30.1881 31.2331 32.3891 28.0963 29.4542 29.9145 29.2549 29.9690 31.5544 26.9956 31.2235 30.9520 29.6247 0.0000 12.3013 12.7937 9.2486 8.6743 10.3595 4.4109 9.0998 10.6759 7.6754 11.6993 7.3987 9.7241 5.4847 9.6786 9.6582 8.6807 6.6802 9.5031 9.7114 8.9433 11.3669 6.4081 5.3479 8.0266 9.5096 8.1708 9.6320 10.5754 6.2683 29.5445 28.9096 27.0462 27.5737 30.6749 28.4218 28.2126 28.1251 26.9890 24.7086 27.1460 30.2703 23.7824 27.3083 27.6964 26.6666 26.1692 29.9579 28.3566 27.1650 29.7726 26.2938 28.8767 27.7879 24.4022 28.9095 26.6908 28.9453 29.1543 26.1773 24.9882 16.5709 23.8831 21.0198 16.1749 23.8793 15.9167 22.9306 24.1640 21.2905 20.5799 20.1126 20.6045 17.6803 17.6649 21.9112 23.9869 25.7630 19.6311 23.5850 21.0463 24.4617 18.3316 19.0705 22.9965 23.8204 26.0586 17.5937 24.3063 18.1339 18.6536 16.7421 20.9841 15.9944 16.5000 12.7362 17.9251 12.7399 15.9098 11.6746 20.0746 16.8800 13.8382 14.9560 11.6155 21.0074 15.6171 18.5261 18.4272 13.5048 16.6514 15.1205 15.7565 13.3833 15.1259 14.7051 15.8298 14.1797 15.2114 16.2750
25.7799 23.6464 21.2863 24.3233 23.9693 23.8735 24.9346 20.1032 22.2480 24.8004 24.3770 25.9245 25.8895 21.6167 25.0376 24.8492 23.4769 23.6288 23.9577 26.9729 20.6896 22.8725 23.1372 23.3839 23.6233 25.3613 19.9192 25.4123 25.1870 23.6139 12.3013 0.0000 12.4993 17.8986 7.8211 15.9073 13.1768 12.2969 12.4465 14.9688 15.0197 9.7773 9.4450 11.6331 13.0949 15.5253 9.6566 15.2087 17.5122 10.3121 15.3893 7.7560 12.0309 13.2826 15.3650 15.3961 12.2734 8.8584 14.1137 13.3815 21.8239 21.1240 19.2197 19.4866 22.6066 20.1848 19.8135 19.7167 19.6334 16.2416 18.5998 22.3904 16.5310 18.8707 19.9939 19.0797 18.8385 21.5300 19.7291 18.8052 23.3723 17.6894 21.1441 19.6704 16.2773 21.3447 19.0979 20.9117 21.2313 19.5203 16.0599 11.1634 17.8914 13.2430 11.0334 15.6429 15.7565 17.0019 16.7435 13.4242 13.3598 13.6572 14.8945 12.3061 10.8735 14.9050 16.0344 18.2016 13.5208 16.5121 13.3142 16.4912 12.3165 13.3986 15.2281 16.4855 17.9241 12.6278 16.4062 9.9173 11.1936 11.8139 14.7204 9.8567 12.2454 8.2246 11.4724 10.5026 12.3740 9.2530 12.7655 13.1760 11.0237 13.0664 7.4873 14.6853 10.1423 11.6355 13.4683 9.9715 10.6303 10.2113 11.0975 10.9674 12.8635 11.1198 13.4992 11.4091 13.8680 14.4574
31.2680 29.3546 27.9402 30.0086 30.2232 29.7098 30.8928 25.7627 29.1831 30.9084 30.4937 31.0638 30.9026 27.9738 31.0903 30.5267 29.3764 29.6871 30.4634 32.2234 26.7560 29.3485 29.0525 28.7069 29.4345 31.3462 27.0393 31.2225 30.7911 29.4116 12.7937 12.4993 0.0000 14.0854 9.7427 11.8557 14.1149 8.8899 10.8076 14.8809 18.1726 11.0763 10.9570 13.3847 13.8104 13.3942 7.4670 13.6832 14.7391 8.4475 11.5553 12.3143 10.2858 12.0211 14.0443 11.3163 15.1463 13.8272 6.8947 12.9129 28.4723 27.9304 26.1844 26.4719 29.2643 27.3215 26.4153 26.6279 26.1764 23.0833 26.1472 29.3560 22.0470 25.9278 26.9328 25.4987 25.2392 28.6346 26.8361 26.0301 29.3989 24.9305 27.9827 26.3881 22.5933 27.8335 25.6725 27.5028 28.0652 24.9788 23.5121 11.8100 24.4799 17.8077 12.1757 22.1585 16.4766 23.8490 23.1800 20.7514 18.9963 16.8224 17.2287 13.7215 16.6916 21.2035 21.6719 23.5427 20.4107 22.4414 18.5412 22.8255 14.8521 16.2214 19.9279 23.2323 24.8849 12.3628 22.2551 14.9648 16.3920 10.9558 20.8119 13.0892 8.3324 11.2877 15.3477 8.5595 7.5954 9.8332 16.0290 9.3719 7.1461 11.3544 11.8344 16.5729 11.9622 14.4801 14.0955 9.5147 16.6851 9.8613 11.0179 9.1837 9.7068 10.7358 9.4873 10.0760 8.4659 8.5289
33.9455 33.0493 33.7647 34.1690 34.2774 33.8555 35.4169 31.4108 34.3310 35.3937 35.2217 33.8242 34.0062 32.8689 35.3620 34.7609 33.4265 34.0574 35.6021 35.4369 32.4351 33.5528 34.0915 32.6189 33.5915 35.2088 31.3794 34.7031 34.3609 33.3613 9.2486 17.8986 14.0854 0.0000 14.3366 8.0289 10.7771 12.3604 13.4240 9.5258 16.7200 12.5403 13.6987 11.6497 13.1010 9.3905 12.2483 10.3994 7.6535 11.8794 7.8071 16.6096 8.8448 9.6964 5.7249 7.0180 11.9709 15.7633 9.9570 8.0553 34.0892 33.4088 31.7658 32.3770 35.6070 33.4403 33.5458 33.2640 31.2399 29.7969 32.5258 35.2723 28.4061 32.6710 32.4909 31.0991 30.4160 35.3283 33.7364 32.2375 33.5030 31.6734 33.5248 32.9643 29.2662 33.3585 31.1550 33.9436 34.1592 29.8127 30.9044 20.7556 28.3233 25.9286 20.1539 28.9378 19.0250 27.4971 29.3023 26.8048 25.8735 24.4562 24.7720 21.8773 23.7364 26.7333 28.9145 30.4195 24.4475 28.3632 26.1361 29.2321 22.8373 23.0278 27.6984 28.8376 31.2412 21.4630 29.6141 22.8968 24.1920 20.2808 26.5290 21.1806 19.3329 17.9791 23.1945 16.5154 18.7972 15.7562 24.7332 19.9167 16.6632 18.5768 17.1559 25.6015 19.9311 23.0613 22.9898 18.2990 22.6663 18.9216 20.0062 16.8583 17.4097 18.5593 18.1499 17.1109 17.0813 17.6746
