0.0000 18.4410 17.7747 17.1749 18.1344 11.7545 12.5173 7.3540 16.9301 10.9788 14.8882 9.1516 19.1697 14.4389 9.3143 10.1345 8.1038 14.5767 13.0440 14.8150 12.2916 12.0810 9.0996 8.4515 12.7257 11.0844 12.4414 10.8675 17.5393 13.5882 39.1892 41.3281 43.7088 39.2286 28.0366 20.4460 41.4948 41.7441 39.6001 41.6072 33.5040 48.7252 37.8305 39.1420 41.0810 44.6012 40.5035 47.0532 48.8361 47.5370 44.5125 36.1164 47.1661 45.4056 52.1745 55.7544 38.1914 37.7662 32.2960 34.1085 9.9678 16.3858 19.6184 19.2054 23.2210 21.0091 27.5669 28.3017 14.9196 15.3797 11.8556 38.5200 11.9617 12.5190 23.1813 11.8572 17.4473 20.7910 24.5395 12.8277 17.6709 15.0835 19.7853 30.7640 13.2281 14.2850 22.0543 26.3436 23.3230 31.1000 18.1829 10.9340 25.7168 32.9175 13.2195 12.7036 12.4883 17.6855 8.9217 22.0502 39.4261 12.0267 10.5537 22.4905 11.9196 21.3757 15.0269 19.7178 8.9149 20.4860 18.7275 18.1452 14.4388 11.0438 19.0408 11.6270 9.6965 27.6552 15.6291 30.8868 24.8189 24.4385 27.3016 42.9657 31.9554 36.7000 41.7438 43.2083 44.6061 31.9428 45.3588 27.8372 19.9245 34.0762 38.6332 38.2870 38.0613 20.4135 40.6680 26.0923 24.7518 18.1149 40.1146 50.2134 39.5308 14.2099 22.5903 38.0263 28.2701 39.4606
18.4410 0.0000 9.3381 7.3751 5.4530 16.0302 10.4102 23.0307 19.5874 17.9183 6.5530 13.3118 24.2245 7.7674 10.5737 24.9252 15.6350 15.7975 12.7104 17.0524 21.4411 20.5288 16.3658 14.7522 26.3419 11.7217 10.7898 11.2093 20.4995 24.2021 30.7736 29.0532 30.5684 29.5378 20.0713 19.5054 30.8802 31.3220 27.8133 28.7749 19.7252 35.9982 35.0553 30.1273 28.9473 32.4307 28.0013 36.0575 36.4830 33.9046 31.9524 34.9124 34.5110 32.4976 43.8904 70.0855 27.3768 28.3416 24.5772 29.2521 12.6798 12.7835 6.6020 16.8656 12.0982 20.6445 12.1612 17.6488 29.6286 18.2484 20.0821 23.6020 12.5613 10.9335 13.1102 9.0735 14.1978 10.0035 12.8960 7.8051 12.3250 6.6653 10.5036 17.2366 11.5756 11.5396 14.5221 11.0103 9.2108 18.0788 12.7649 19.6926 18.8518 24.1934 20.0217 10.3323 14.0390 16.4280 14.9100 15.7613 27.1235 8.4300 22.8574 30.5636 12.7408 17.5801 6.2581 25.1866 15.3842 20.9926 14.0860 11.1741 11.1813 25.5181 14.9285 12.6524 21.6449 18.0830 22.5224 20.5392 18.3026 20.9834 17.1409 29.5728 22.2152 27.0181 28.5525 30.0373 30.6266 25.7075 31.4344 20.4298 20.4548 21.6979 27.8581 25.8359 25.8267 12.4751 26.8473 21.5372 18.7348 23.1672 28.8856 36.6514 30.5059 10.7355 19.2376 25.5629 17.8748 27.7616
17.7747 9.3381 0.0000 6.9003 11.0470 20.4987 11.6681 22.7298 23.1156 18.1104 6.5809 14.1661 28.7989 9.4898 12.5857 24.9091 16.0366 19.4298 17.1565 22.3620 25.1525 20.2388 19.4768 18.3039 26.8665 13.3322 15.6015 11.7031 24.4512 24.1088 29.9697 29.6408 31.4034 27.7159 19.0390 23.9107 30.1553 30.6864 27.9318 30.0078 20.1660 37.2311 39.3609 30.4626 29.5902 32.8265 27.9916 37.2415 37.3252 34.6984 32.8133 38.1147 34.7213 32.6289 42.6080 70.5859 29.0317 28.4628 22.2352 29.2314 14.8297 9.5218 9.8597 21.2303 10.6042 24.3576 12.8447 15.9110 30.2077 21.3818 23.6976 22.5924 12.9823 13.3619 7.5645 9.1879 14.2270 9.3118 10.5926 11.9326 12.4685 11.5314 16.1938 15.9544 16.8412 14.4780 12.1964 11.5776 10.0975 15.4261 8.0029 18.9853 19.0468 23.2031 20.5842 14.7336 14.0591 17.7340 15.4708 16.6365 27.2004 10.0685 23.5755 34.1809 17.2025 20.4244 10.7766 30.1939 14.8553 22.3287 17.0440 12.5378 6.5876 25.3475 13.2394 13.2394 20.7448 15.9834 27.0699 19.9298 21.8777 21.2569 16.4226 30.6088 21.9335 25.7087 28.0457 31.2031 31.4267 30.9140 32.2141 20.2111 25.0245 21.2858 28.9449 25.3297 25.4315 18.6229 27.6608 23.5420 21.3027 26.8838 29.3244 37.4395 27.7644 11.9339 21.8910 26.3974 17.2624 28.0802
17.1749 7.3751 6.9003 0.0000 5.5707 15.5985 11.6534 21.7636 20.3208 14.2958 6.2335 11.1253 24.3496 6.1400 8.7413 21.3909 11.9311 15.7436 11.0845 17.4618 20.9992 17.5523 17.3185 15.2926 23.9386 11.2270 12.9976 12.0281 21.7874 20.5972 28.6810 28.6691 30.0302 30.3037 16.6007 20.8521 29.6538 30.0198 27.2051 27.4879 18.6581 35.0194 34.5329 28.2215 30.2617 32.6861 26.8787 34.9465 36.0989 33.3934 31.4401 33.1416 34.8967 33.2130 44.8247 67.5132 25.4813 28.5305 24.6290 27.9078 11.4510 10.5742 8.4330 16.4913 11.5322 19.1940 13.7517 14.6078 26.7058 18.4633 21.2041 22.8362 10.0817 10.5194 12.6388 8.6492 11.4942 8.9899 12.5534 9.4236 12.4519 9.7222 11.4125 15.6746 14.5894 9.9137 9.7229 11.2079 6.5771 18.8250 9.7637 15.7497 15.6919 21.1625 16.6788 12.6434 10.8855 14.8217 12.4883 13.0191 26.5987 7.3078 21.6230 32.6027 13.2552 20.0272 8.5016 26.6811 12.4967 18.8116 13.1418 13.0634 8.1477 22.7224 10.6964 8.9334 20.3258 17.6745 25.1762 18.2739 17.9895 17.1550 15.0950 28.8042 20.0312 24.6247 28.9045 28.9280 30.0536 26.4166 30.8410 17.0836 19.9403 19.8885 25.9421 24.7668 24.2545 12.2562 26.2877 19.3656 17.4653 21.9315 27.0491 36.2682 31.6769 8.1362 17.1850 24.9100 18.1514 25.8462
18.1344 5.4530 11.0470 5.5707 0.0000 12.4361 12.3972 22.7896 18.3787 15.0276 6.9826 12.1520 22.1927 8.2665 10.1236 20.8681 11.9461 12.8563 9.3755 13.4999 19.6608 18.8197 16.1453 14.1741 24.6087 12.3497 10.0184 12.7040 19.5536 20.1650 31.1733 29.0515 30.3043 33.5349 19.1025 17.9112 31.0765 31.6785 27.9106 27.7116 21.0162 35.0968 34.5791 30.1643 31.7599 33.4499 28.3200 35.9600 36.4813 33.5614 31.6840 31.7587 35.7276 34.8401 46.9003 67.1279 27.3389 29.1134 27.5526 31.9775 12.5289 14.7796 6.9836 14.9857 15.3814 18.2639 14.5648 18.2381 26.0923 16.8778 19.8345 23.9757 10.2482 11.1374 14.9862 9.9185 11.3519 12.7081 15.9357 7.2473 11.7190 6.7446 9.9096 18.9256 11.5293 9.5766 12.2103 13.7760 8.8888 20.9709 12.6991 15.6630 17.9524 23.0235 16.9222 9.5989 11.9239 16.1707 12.7761 15.2260 28.2499 9.2390 22.3947 30.5607 11.5912 20.8859 8.2333 23.9640 13.6428 18.8692 14.6236 14.3573 10.8978 23.8963 13.3897 8.5158 21.2098 21.1339 22.7849 20.6374 17.9671 18.9436 17.3820 30.1991 22.2308 26.4062 31.3425 29.2802 30.1680 25.7481 31.2035 19.0303 17.5368 21.6742 26.5052 26.8470 25.4739 8.6352 26.6447 18.5505 16.8878 18.5559 29.0108 36.7413 34.5788 9.4330 16.3933 25.2649 19.7357 26.3761
11.7545 16.0302 20.4987 15.5985 12.4361 0.0000 17.9963 11.4769 13.6767 14.5143 15.6456 11.4047 14.4708 15.0556 12.2641 11.7222 10.4636 10.8108 9.1100 9.3645 7.5148 15.6237 8.8557 5.7504 13.3209 18.1769 9.7274 19.3908 14.9712 16.0334 38.9634 37.6230 39.6672 39.3293 26.7663 17.0261 39.4196 39.7088 36.6351 36.9536 30.6687 43.9848 38.3939 37.6401 41.4565 42.0252 37.2050 42.6546 44.5543 42.5309 39.9455 31.2216 44.6628 44.7645 52.9956 56.0149 35.5937 36.9061 33.9431 36.7106 16.3206 21.8603 17.0782 16.5065 25.7367 18.5082 24.3532 27.8197 14.3702 14.8204 9.3186 35.1912 12.6547 14.3944 25.2462 13.6461 19.5842 22.8412 26.7486 9.6166 15.1750 13.3086 17.6601 29.2934 11.7571 16.2968 21.0866 24.1448 19.2358 30.6877 19.3554 12.0680 25.3927 31.8013 16.1166 10.2746 13.0729 20.1548 12.5614 23.3780 37.7870 16.1121 15.8048 20.0537 11.0133 26.4550 14.7069 15.3538 12.6752 22.7359 21.1199 24.1035 15.9859 12.5240 18.3849 10.0595 15.0251 30.3430 12.2992 29.5544 25.5846 24.2935 25.4002 40.4070 30.1644 34.3096 41.3784 39.1557 40.1201 31.4202 41.5321 26.5394 17.9406 30.4126 34.1693 37.0485 34.7752 15.6613 36.7040 24.5002 23.6513 11.5807 38.0085 46.2895 41.9534 15.3613 18.6229 33.6497 30.0191 35.8864
12.5173 10.4102 11.6681 11.6534 12.3972 17.9963 0.0000 15.5686 22.9425 13.7657 9.6528 11.3018 27.6082 7.0222 8.9199 18.7567 11.6143 16.5322 14.5131 19.4454 21.8349 15.1979 16.0474 15.2298 21.0987 8.6506 13.8179 5.3732 22.7830 18.2120 33.5307 35.9209 37.6870 31.5868 22.3928 21.7066 35.8139 36.3673 33.7591 35.9102 27.6607 43.0283 34.2907 34.2392 35.1417 38.1792 34.8082 42.4965 43.6054 41.8401 39.0934 38.9106 40.2159 38.8794 43.9070 64.5126 32.5028 31.9897 22.8697 28.6971 8.9641 7.3776 13.7441 22.5397 16.0993 25.2877 19.4658 21.8420 23.4430 19.8406 20.4384 30.6783 8.1931 8.6844 16.4837 7.0693 12.8155 14.0408 17.2405 10.7428 15.4184 10.0409 13.9936 23.4598 14.2813 9.2304 16.9175 17.8481 16.0346 20.7564 11.4443 14.5151 20.7006 27.4617 14.4883 12.2807 10.5354 12.9656 8.3402 16.1951 33.5923 6.7310 16.9675 29.8302 14.7672 13.1238 10.0819 27.8391 9.3746 18.4599 13.8303 11.4242 8.2557 19.6771 11.7462 12.0776 15.6266 21.3263 23.7802 24.5259 19.1178 20.4668 21.9749 36.9930 26.2858 31.2298 35.5124 37.3747 38.4466 27.3797 39.2097 22.5087 24.1026 28.2622 33.1953 32.1464 31.8812 16.6727 34.4065 24.8489 22.1928 26.5330 35.0798 44.5164 30.6036 11.8027 23.8076 32.4283 21.8534 33.7019
7.3540 23.0307 22.7298 21.7636 22.7896 11.4769 15.5686 0.0000 16.7433 15.8294 19.8478 13.0479 18.2174 18.7990 14.1129 10.0899 12.5615 15.3772 16.1595 15.4245 10.4595 15.3070 11.9240 10.4286 6.4586 16.7678 15.0055 16.2536 18.2162 15.8737 45.2321 46.5738 49.1935 43.8655 33.2593 24.9825 47.3135 47.5269 45.5077 46.6036 38.9081 53.7216 42.2630 44.6241 47.3447 50.6994 45.4993 52.0496 53.8324 52.5334 49.5089 39.9482 53.2643 51.9922 56.9482 51.4538 43.1916 43.4355 36.4642 39.8858 13.5346 21.1593 24.1451 22.7328 29.2328 24.7308 31.7293 33.7903 7.9846 18.6959 9.7962 43.1491 13.3297 15.5747 28.5278 15.5621 21.8236 25.0676 29.7727 16.6332 21.4442 19.4142 23.2263 35.6508 15.8230 18.0648 27.0414 30.5446 27.8846 34.8230 21.8593 14.2398 31.2559 38.5822 16.2435 17.0275 15.9001 22.2031 12.4151 27.6255 45.7385 17.0296 11.4950 20.9597 17.3781 25.8972 21.0401 16.7853 12.6669 25.6467 24.2218 24.5878 18.0725 8.0100 22.8122 16.6712 11.5664 33.7055 14.8172 36.3812 30.0730 29.4407 32.6559 48.6808 37.1065 41.9975 48.1480 48.6931 50.0908 36.9468 50.8436 33.3276 24.7643 38.9579 43.7638 44.3740 43.5479 25.0272 46.1527 32.7724 30.8934 19.2576 45.1550 55.2424 44.3044 20.0865 27.1586 43.1251 34.8478 44.9453
16.9301 19.5874 23.1156 20.3208 18.3787 13.6767 22.9425 16.7433 0.0000 22.4536 21.1288 16.3830 7.8036 22.1695 18.7059 21.9317 19.2497 15.3645 15.8232 14.1194 15.1857 24.3577 14.0080 14.3322 15.4678 21.9491 11.1170 21.8361 6.8413 25.1555 44.7041 41.3419 43.3716 42.7078 32.9510 23.8256 44.0790 44.4041 40.7763 40.7308 33.2186 47.3308 47.1947 42.9082 41.2942 44.1420 41.2253 47.7363 47.8848 46.1427 44.4560 31.1700 46.3188 44.8541 54.5287 61.7320 40.8560 34.9638 37.2083 40.1708 19.2747 24.2810 14.7985 10.2002 28.6531 14.1086 25.9117 32.9169 20.0346 8.8884 14.5996 36.7446 19.5472 18.1029 25.7117 19.9324 26.3569 25.9163 29.4700 16.4728 12.7888 16.1405 20.6996 31.5747 13.1474 21.8472 27.0604 25.6076 24.3705 31.5786 25.3817 23.2942 31.9790 36.5034 25.4271 14.3040 22.0732 29.6826 19.4605 29.9183 39.3323 22.8322 23.9698 20.5562 15.9318 31.6883 21.3792 12.9820 21.4626 31.0734 29.2629 29.3948 21.1001 21.0081 25.0215 18.8151 22.5351 34.3698 15.3865 34.5455 33.4097 31.1833 32.3903 42.2063 36.5490 39.4948 42.7178 42.0855 43.4833 38.9825 44.3090 33.6144 21.5832 35.5731 39.5505 39.8377 40.1718 20.6429 40.0138 22.4912 21.3312 11.7549 40.0814 49.1230 44.3871 22.9187 17.6142 38.5370 30.2937 38.4846
10.9788 17.9183 18.1104 14.2958 15.0276 14.5143 13.7657 15.8294 22.4536 0.0000 14.3166 10.2798 24.9583 13.5200 9.5184 9.5682 4.7647 15.0658 11.6791 17.0533 18.4797 5.5385 17.3919 14.1015 18.3268 14.0842 15.7108 11.6703 24.5517 7.2854 35.0294 37.5552 38.7001 40.8702 21.1699 23.2110 38.3278 37.8352 36.5601 36.9623 30.4991 43.5637 30.2382 34.3007 42.7219 42.5515 36.8059 42.6292 44.1332 42.4664 39.5945 38.1970 45.2468 43.8208 53.5295 56.1599 31.7523 39.1881 34.2887 31.9503 8.7918 18.1829 19.1264 21.9407 22.1580 24.8613 26.5139 22.7157 19.5067 20.9566 20.0297 33.1350 9.2689 13.2542 22.2831 13.6801 7.8502 17.4448 24.6862 14.0831 19.7015 16.4596 18.0275 26.5554 16.8915 11.3258 14.5915 23.7196 19.4257 31.2161 16.4072 4.9253 18.4276 27.0749 7.4450 15.5550 10.1063 10.4727 7.9334 14.8572 36.2445 10.5025 16.0244 32.1094 14.8390 20.7714 15.7014 26.8629 8.7721 12.8346 11.4851 18.9108 16.0679 17.7893 12.8167 9.4861 16.9262 26.1729 25.0153 25.0779 21.9096 17.9678 22.8737 39.1232 25.5100 30.7399 40.7958 38.5473 39.3556 25.0934 40.8749 20.3059 21.7306 30.4132 33.4334 34.0542 32.0505 17.0041 36.0927 27.2143 25.9927 21.7010 37.7936 46.2217 39.4281 13.1566 24.1113 33.1245 29.5298 34.6601
14.8882 6.5530 6.5809 6.2335 6.9826 15.6456 9.6528 19.8478 21.1288 14.3166 0.0000 10.4760 25.4061 6.9897 8.9414 21.6350 12.1235 15.2750 12.2093 17.7491 20.4731 16.7983 14.8101 13.3108 23.6772 10.4133 12.0903 10.2936 21.7778 20.7592 31.6629 31.2569 33.0194 29.9908 20.8555 19.9030 32.4029 32.9889 29.8843 31.4712 21.7198 38.6944 34.9986 31.2988 31.7256 35.3711 29.9959 38.5911 38.9878 36.3529 34.4293 37.8072 37.4068 34.8831 46.0269 66.8049 29.2070 30.1022 25.7012 31.1396 12.0021 12.8090 8.7243 19.3344 13.0644 22.4905 14.1395 17.8283 26.9759 19.0614 19.1099 25.4074 10.4352 9.6963 11.3411 5.4935 11.7983 10.9892 13.4856 7.4398 13.4174 8.1935 12.8729 17.9080 12.7327 11.7923 14.5599 13.3789 10.7525 19.4306 9.1608 15.3389 19.3669 25.4597 17.5242 11.1956 10.1513 14.6160 11.9566 15.7279 29.1430 6.3527 19.9723 30.5760 12.5306 18.4153 5.4586 26.1428 11.3202 18.1860 12.8956 10.0184 7.8805 21.9680 13.7834 8.1945 17.7358 18.5245 23.0935 21.4551 18.0725 20.9333 18.5624 32.1106 23.3312 28.1298 30.4556 32.7049 33.0428 27.2084 33.8302 20.1404 20.5363 23.2908 30.2538 27.4863 27.3956 14.3926 29.2769 23.0993 18.9749 23.0474 31.0889 39.0556 31.8493 7.5825 19.6549 27.8620 19.7299 29.8146
9.1516 13.3118 14.1661 11.1253 12.1520 11.4047 11.3018 13.0479 16.3830 10.2798 10.4760 0.0000 17.9090 9.4878 4.4130 13.5963 6.9654 8.9561 7.3783 10.2720 12.5744 12.2530 9.5220 7.9790 15.3922 9.0225 9.0471 10.0488 17.1456 13.2964 35.9416 36.0678 37.9779 35.1984 23.2086 17.4269 37.2018 37.4152 34.7965 35.5750 27.6236 42.6930 34.9550 35.3493 37.4370 40.1934 35.0593 41.4833 43.0797 41.5048 38.4803 32.8173 42.7583 41.2810 48.8172 58.7070 32.9517 31.7311 29.0820 32.1038 7.5081 15.4634 13.7454 17.0174 20.2451 18.6071 22.3347 23.7927 17.2976 13.1363 12.9913 33.0703 6.9147 7.5585 20.7466 8.8891 14.2929 16.9006 22.0380 9.4606 14.8992 9.8584 13.1621 25.2630 8.7775 10.0098 17.7160 20.0242 17.2892 27.3285 13.7394 11.6166 21.9310 28.5400 11.3264 10.1730 9.2533 14.8662 7.5010 18.6003 35.0274 8.4956 12.4588 24.1831 6.8410 19.2141 10.7763 19.2861 9.4218 17.9151 14.9599 17.4309 10.9623 14.6476 14.6886 7.3682 11.1696 25.3581 17.0209 26.2332 21.0843 19.8321 22.4533 37.9697 26.7927 31.4224 37.0522 37.5085 38.9175 27.8531 39.8093 23.2903 17.2095 27.8396 32.6010 34.0572 32.7086 14.7298 34.9584 22.8251 19.2410 18.6012 34.2745 44.7343 37.1714 8.9407 21.0308 31.9941 25.9173 33.7439
19.1697 24.2245 28.7989 24.3496 22.1927 14.4708 27.6082 18.2174 7.8036 24.9583 25.4061 17.9090 0.0000 26.0280 21.2090 22.7711 21.6837 16.2909 17.3558 11.7764 12.0903 26.4624 15.1493 14.5635 16.4496 23.7786 15.0852 26.5502 7.9370 25.1769 46.9231 43.9482 46.3341 45.2874 35.6184 23.9578 46.4683 47.1930 43.9238 43.2480 36.4559 49.8233 48.1804 44.6887 45.0520 47.1862 43.8715 49.2485 49.8969 47.8735 46.9378 30.9879 49.7845 48.9357 57.1318 57.3768 43.1362 35.8459 39.7819 42.2820 23.4112 28.5411 19.8988 15.6180 32.5874 17.6382 29.8666 36.0678 16.1716 9.9690 12.7783 41.8941 23.2457 21.3835 31.2353 23.8481 31.1535 31.3358 33.2207 19.9162 18.8385 20.0835 23.7240 35.6021 14.6163 24.4365 30.7386 29.6983 29.0139 36.7938 28.4307 25.2796 34.5488 39.8292 25.8853 17.6874 24.3405 31.6891 22.3660 33.1088 42.6821 25.8339 21.7986 14.8904 16.4714 34.6296 24.1841 7.7004 23.9815 33.0375 31.5302 32.8867 25.5067 19.5113 27.9026 21.3339 21.5231 37.1726 12.2892 37.8035 35.9951 32.8491 34.7382 45.6244 39.0964 42.2972 46.4374 45.1575 46.1751 40.8140 47.5318 35.8795 20.5325 37.6479 41.8271 43.2118 42.6057 23.0590 42.9940 27.1983 23.5146 11.0475 42.6770 51.7448 47.9637 25.4565 21.1893 41.0082 33.8512 42.0925
14.4389 7.7674 9.4898 6.1400 8.2665 15.0556 7.0222 18.7990 22.1695 13.5200 6.9897 9.4878 26.0280 0.0000 7.6724 18.7938 11.2664 14.1332 11.9607 16.8920 18.9011 15.6199 15.0850 14.0833 21.0968 10.2954 13.4246 8.7361 22.2688 18.2011 31.2936 31.8008 33.5634 29.8973 19.7630 18.6901 32.4297 32.7957 29.9849 31.2868 22.4853 38.5525 33.8358 31.2619 32.2867 34.7724 30.6881 38.5896 39.4853 37.2167 34.9733 35.4334 36.7599 35.4616 44.2615 64.3542 28.9999 29.8416 23.9474 29.2999 10.2728 9.1477 10.3408 20.3086 14.3060 22.3542 16.1686 18.1868 23.7567 18.9263 19.2333 27.0101 7.2788 6.8294 15.9717 5.3554 12.1670 12.8721 16.4551 9.0061 15.0973 8.8798 11.2564 19.8707 13.5792 9.7208 13.3202 14.8435 11.2778 19.8359 9.9869 13.7997 17.8827 23.8317 13.6859 11.5507 8.6086 11.3811 9.4353 13.9006 29.3333 5.7913 18.3837 30.1231 12.2958 14.7028 7.1715 27.1067 9.7060 17.6810 12.2626 11.6800 7.7440 19.4723 11.1272 8.1170 16.6943 20.4633 23.0348 21.4204 17.2048 19.0153 18.3451 32.3696 23.3604 27.4962 31.5400 32.7513 33.8232 25.6032 34.5863 19.8623 21.0678 23.6557 29.3691 28.0263 27.7680 13.1167 29.8208 21.3571 19.2005 23.6362 30.7259 39.8930 31.2094 7.4836 20.1593 28.3082 20.6146 29.0798
9.3143 10.5737 12.5857 8.7413 10.1236 12.2641 8.9199 14.1129 18.7059 9.5184 8.9414 4.4130 21.2090 7.6724 0.0000 15.1174 6.4244 12.5002 8.1238 13.6946 16.0702 12.1303 12.0435 10.0509 17.1299 7.5998 10.1402 9.2638 19.7065 14.7344 32.9602 33.4355 35.5089 33.3818 20.7836 18.6067 34.4123 34.6911 32.1360 33.4231 25.1920 40.5411 31.7624 32.4943 34.7555 37.5420 32.5750 39.4040 40.8474 39.3529 36.3355 33.1567 40.1069 38.3306 47.5368 60.7311 30.5236 32.1968 27.1265 28.6517 5.8131 13.7124 12.6673 18.2255 16.6430 19.9994 20.0995 20.6506 20.0602 16.3417 16.2964 30.5850 6.1574 7.5229 19.0203 7.5863 11.4856 13.6578 18.5809 8.7017 14.7907 10.2435 12.9379 22.5587 11.0750 8.9518 15.2499 18.0441 14.9570 25.2454 11.2319 10.8661 19.3373 26.0118 11.3160 10.2255 7.3990 11.8654 7.4922 15.7819 32.0770 4.9240 13.2350 27.5317 8.9177 17.0158 8.1402 22.5557 7.5904 15.4577 11.8531 13.5526 10.2771 15.5666 12.7745 7.1432 12.4694 21.9934 20.0947 23.3372 17.7974 18.6696 19.6338 35.0193 24.2876 29.3180 34.2302 35.0084 36.4062 25.2214 37.1589 20.5648 18.3165 25.5211 30.7044 30.9687 30.1195 13.8982 32.4681 21.8211 20.2679 20.7845 33.1004 42.1377 34.9262 7.3795 19.3811 29.8421 23.4331 31.5087
10.1345 24.9252 24.9091 21.3909 20.8681 11.7222 18.7567 10.0899 21.9317 9.5682 21.6350 13.5963 22.7711 18.7938 15.1174 0.0000 10.0621 15.6770 14.5315 15.8062 13.9859 10.2217 14.5687 11.9893 12.9887 18.9803 17.4872 17.5141 22.9292 7.5060 41.0685 43.5764 44.6724 46.0977 27.0005 23.7658 44.2043 44.4909 42.2961 42.7854 37.8818 49.5658 35.8726 40.4605 49.3245 48.7001 43.2554 48.0504 50.1070 48.4826 45.6157 38.0519 51.4625 51.1841 59.0901 48.8390 38.1318 44.4189 39.0436 38.6307 13.5008 22.6856 25.3460 23.5965 29.4989 25.9354 32.9844 30.1023 11.7867 21.4359 15.7812 40.6154 13.1560 16.8569 30.0967 18.2213 15.4821 25.3040 31.8033 17.9648 23.4940 21.5536 22.1420 34.4897 18.4225 15.4845 22.1814 31.1162 25.9839 36.7676 21.8648 7.3217 24.6488 33.2680 9.6913 19.0506 14.7037 16.2270 10.5427 22.1563 43.8051 17.4710 13.1032 27.5737 18.0175 24.9050 22.2333 23.4689 10.9591 19.9628 18.8281 26.0985 20.5604 11.9533 18.3055 14.2653 14.4301 33.8257 20.6734 31.8953 27.7268 23.4025 29.2294 46.4064 31.8895 36.8263 47.9942 44.7948 45.2186 30.6455 46.8519 26.7062 24.9401 36.7014 39.3406 41.4814 38.1684 21.6966 42.4356 31.6133 31.0163 19.3529 44.2363 52.2430 45.1647 19.3361 27.9368 39.0861 36.1130 40.8611
8.1038 15.6350 16.0366 11.9311 11.9461 10.4636 11.6143 12.5615 19.2497 4.7647 12.1235 6.9654 21.6837 11.2664 6.4244 10.0621 0.0000 11.1607 8.2563 13.2071 15.4876 8.5820 14.0404 10.7805 15.4436 11.5178 12.3666 11.2794 21.4011 9.2269 34.3036 35.7395 37.2471 38.6774 21.0548 19.7543 36.4321 36.6455 34.4591 34.8719 28.4701 41.9031 31.4233 33.6966 40.3788 40.4435 34.2895 40.4287 42.4726 40.6908 37.8637 34.7001 43.2059 42.3285 52.2193 57.7689 31.4510 37.0373 32.2214 32.3074 7.2692 16.7393 16.5885 19.2825 20.2846 21.8556 24.2872 22.7389 15.7583 17.5232 16.7283 31.7567 6.5260 11.0319 21.2623 10.7531 10.0290 15.5868 22.5294 10.6543 16.6720 13.7606 14.8260 25.7395 14.0309 8.4174 14.8953 21.7683 16.6263 29.2735 14.6091 6.4265 18.8920 26.3666 9.3229 12.6662 8.2148 13.0844 6.2946 15.5404 35.3509 8.2098 13.0334 28.7778 11.1378 20.3811 13.3631 23.5614 6.9472 14.4574 13.0725 16.9594 13.2310 14.7613 13.2565 5.9596 13.9026 25.9263 21.6517 24.6925 19.2857 18.3188 21.1158 37.9710 25.2031 29.8086 38.7883 36.9392 37.9167 25.4173 39.2668 21.0123 18.9421 27.6171 31.7869 33.5820 31.3268 14.0162 34.4846 24.2565 23.3992 18.1196 35.5303 44.4060 39.4852 10.6437 21.2964 31.4638 27.7529 33.0520
14.5767 15.7975 19.4298 15.7436 12.8563 10.8108 16.5322 15.3772 15.3645 15.0658 15.2750 8.9561 16.2909 14.1332 12.5002 15.6770 11.1607 0.0000 7.4532 6.5826 9.2956 17.3394 9.1644 9.1794 16.3926 15.7428 9.4226 15.5504 16.3933 13.1860 39.4570 38.7247 41.2022 38.6016 27.9654 15.4541 40.1600 40.7312 37.7062 38.5878 31.9495 45.6074 39.2552 38.5414 42.2648 43.1525 38.7518 44.0065 45.9781 44.4192 41.3947 32.9013 45.7845 46.0084 52.4553 58.6890 36.8567 33.8950 33.8394 37.0471 12.2261 20.3068 15.9802 15.7322 26.5298 18.9541 25.3474 28.9292 14.6457 11.9813 8.5092 34.9465 10.7994 9.0233 24.8028 13.3871 18.6860 22.5320 27.4023 11.5191 14.9103 12.1951 12.9149 30.0448 7.0667 13.3833 21.2214 24.3880 18.7714 30.3772 19.6760 15.2108 25.9000 32.1845 13.8838 11.3354 14.5540 21.2358 11.7919 23.7075 39.1565 16.5046 15.0474 20.9534 7.0165 25.9664 15.3688 16.1470 14.9665 23.2700 22.4289 24.7628 15.7079 17.1121 18.9034 11.2114 14.5256 31.5445 13.8301 30.8264 26.0838 24.5848 26.9407 41.8533 31.4620 35.3819 42.5286 40.6970 42.0947 32.4690 42.9280 28.0005 16.9910 31.8191 35.9432 38.3331 36.4984 15.6452 38.3321 23.2519 21.9323 18.9387 38.2190 47.4071 42.1624 16.0946 23.0994 35.1900 30.8984 36.9492
13.0440 12.7104 17.1565 11.0845 9.3755 9.1100 14.5131 16.1595 15.8232 11.6791 12.2093 7.3783 17.3558 11.9607 8.1238 14.5315 8.2563 7.4532 0.0000 8.5969 11.9585 15.7993 9.7658 8.8171 17.5588 11.5996 9.9050 13.7548 16.4250 13.6316 35.9514 34.7331 35.9840 37.6644 22.4056 16.1238 36.2270 36.5571 33.3396 33.6727 26.9611 40.6661 35.0630 34.9287 37.8702 38.9165 34.0137 39.8342 41.5532 39.2757 36.7603 30.2612 41.4674 41.2156 52.0482 61.0754 31.9627 32.7028 32.4369 34.1212 9.0049 18.9333 14.2160 14.0161 21.6310 16.2021 22.6012 23.5187 17.8221 12.5422 13.0453 30.6779 9.3602 7.9575 22.4639 12.2186 14.3469 17.7867 22.6711 10.1209 14.0182 11.5061 9.7205 25.0016 8.5712 8.2383 15.9683 21.2292 14.4138 28.5335 16.8071 13.6127 21.1083 27.2111 12.4732 10.9633 11.2941 17.9268 10.1068 18.5189 34.2381 11.7591 16.5045 24.8920 7.7204 23.8814 11.1048 19.3818 12.9277 19.5523 16.5862 19.8806 14.6885 17.3715 16.0465 8.1604 15.9138 26.4071 17.6362 25.2940 21.7600 19.6558 21.7309 36.8581 26.2278 29.7889 37.6709 35.7655 36.3308 28.0189 38.0931 22.2498 16.3227 27.0640 30.6665 33.3409 30.7881 10.4240 33.3108 20.0490 20.0292 16.7379 33.6828 43.2584 40.3302 11.8557 18.4467 30.2269 26.4923 31.8783
14.8150 17.0524 22.3620 17.4618 13.4999 9.3645 19.4454 15.4245 14.1194 17.0533 17.7491 10.2720 11.7764 16.8920 13.6946 15.8062 13.2071 6.5826 8.5969 0.0000 9.9209 19.6473 8.6226 9.2440 16.5460 17.3266 9.2266 18.8931 14.3344 16.1096 40.0745 38.1753 40.5348 39.7596 27.9418 16.5321 40.2120 41.3459 37.8014 37.8085 32.4717 44.6877 40.1524 38.7731 42.7037 43.5084 38.8722 43.8085 45.2488 43.4550 40.6784 28.9830 46.1405 46.4473 53.2892 57.4629 36.5073 34.6250 34.8368 38.6230 15.5927 22.6228 17.6904 15.1048 27.6907 15.8773 25.6667 29.6836 14.1030 9.7010 9.0455 36.6387 13.7573 13.4053 26.7492 15.9897 21.6763 24.7128 28.4918 12.0783 15.8214 12.8917 16.8731 30.9543 7.5800 15.8616 23.0049 25.7679 21.2238 32.3960 21.4672 16.9090 26.8395 32.7963 15.6987 10.9836 15.3764 22.5517 13.7336 25.3888 39.4698 18.2843 17.3384 18.6414 9.8122 27.5193 17.0907 12.6645 16.2216 25.3784 23.5324 26.2947 18.4450 17.7354 20.0707 12.6654 15.6562 32.3861 11.5950 31.3893 26.9060 24.5278 27.2703 42.0899 31.3976 35.5651 43.1814 40.5926 41.2136 32.8295 42.2607 27.9208 17.8429 32.0216 35.2758 38.8514 36.0449 15.3618 38.2432 23.6474 21.8636 15.5543 38.6346 46.8418 43.2428 17.6210 21.9810 34.5227 31.3374 37.1108
12.2916 21.4411 25.1525 20.9992 19.6608 7.5148 21.8349 10.4595 15.1857 18.4797 20.4731 12.5744 12.0903 18.9011 16.0702 13.9859 15.4876 9.2956 11.9585 9.9209 0.0000 18.7295 8.5504 7.4121 11.4487 19.7468 12.9256 21.3858 15.1085 16.9747 44.6558 44.0556 46.3900 42.7912 32.9216 18.7726 45.2175 45.9867 43.2460 43.5949 36.2502 50.5308 43.1933 43.4219 46.2325 47.7097 43.6657 48.4980 50.4873 48.8184 46.4648 33.7838 50.5793 49.9761 56.6366 52.9793 41.7861 38.1727 37.4946 40.1393 17.3429 24.3985 21.8758 18.8497 30.7430 21.0917 30.0522 33.5100 10.3939 13.5189 4.4887 41.2658 16.0001 14.1839 30.3101 17.8776 25.1842 27.6737 32.1009 14.9174 19.5383 17.5520 19.2197 34.3537 11.3393 19.3447 26.7539 29.5867 25.9328 36.0051 23.5637 17.3742 31.0239 37.2547 18.2007 14.9694 18.1316 25.3676 15.8301 28.5429 43.4768 20.5479 13.3107 14.5651 11.1234 30.0536 19.3677 10.9543 16.9991 27.4569 26.0034 28.9277 20.4495 10.0514 23.6503 15.4076 14.2392 35.3482 9.0712 35.7465 31.7873 29.4121 31.9016 46.4191 36.5551 40.4364 46.5005 45.8432 47.1828 37.4628 48.2830 32.9899 18.6902 36.4017 40.9243 43.0061 41.4836 21.1302 43.3886 28.6055 26.0795 15.4198 42.4712 52.5396 46.2313 20.1905 24.1319 40.3091 34.8662 42.1484
12.0810 20.5288 20.2388 17.5523 18.8197 15.6237 15.1979 15.3070 24.3577 5.5385 16.7983 12.2530 26.4624 15.6199 12.1303 10.2217 8.5820 17.3394 15.7993 19.6473 18.7295 0.0000 16.5892 13.3637 18.8364 16.1818 16.4096 14.0747 25.7231 6.8660 36.8316 40.5540 41.7299 42.2699 25.3687 24.9416 41.1818 40.3794 39.2736 41.0275 34.2387 47.0711 30.4106 36.0797 45.1970 45.1432 40.5847 45.8121 47.2869 46.4192 42.8584 42.6743 47.8385 46.4705 54.2461 52.2646 35.0913 41.1586 35.6884 32.2894 11.5003 19.7683 21.5701 25.2499 24.6828 28.1895 28.1066 25.9533 20.5567 22.8184 19.6188 36.3675 12.4608 14.9598 24.9363 14.1373 12.1010 20.8637 27.0302 13.9582 20.8633 17.9137 21.5788 29.3672 18.3379 14.8522 18.6841 26.0802 23.5028 32.4913 17.8085 5.5510 20.7917 30.4578 9.1804 16.1888 12.6127 12.0753 9.2431 16.2430 39.1541 12.7872 14.8303 31.4855 17.1275 22.0538 18.2020 27.1701 8.1876 13.0059 14.7305 21.2743 16.5384 16.9284 14.4322 11.8219 15.7337 27.3702 24.4846 27.2086 25.6565 21.0264 26.6040 41.8968 28.3607 33.7855 43.4258 41.6226 42.5333 25.8750 43.5801 22.2042 22.9215 34.3683 36.9791 37.2746 34.7281 21.2020 38.7906 30.7350 28.7286 23.4909 41.2006 49.2205 40.5797 15.7989 27.1194 36.3721 31.6169 37.8056
9.0996 16.3658 19.4768 17.3185 16.1453 8.8557 16.0474 11.9240 14.0080 17.3919 14.8101 9.5220 15.1493 15.0850 12.0435 14.5687 14.0404 9.1644 9.7658 8.6226 8.5504 16.5892 0.0000 5.0905 15.1237 14.4605 8.1749 15.6887 11.3709 17.1993 41.5527 41.1648 43.5826 35.7986 30.7835 17.4125 42.0269 42.5304 39.2205 41.4439 32.9645 48.5619 42.8174 41.2309 40.5383 44.2576 41.2406 47.4386 48.7996 47.3737 44.3492 34.3194 46.8225 45.0991 50.6346 57.4534 39.8339 32.5586 32.4000 37.1093 14.5343 19.3423 17.5038 15.5424 25.6457 16.6127 24.6672 30.2847 16.8611 9.1854 5.9401 38.5888 14.1828 11.1800 24.5657 11.7295 23.0113 23.9330 26.5597 9.4688 14.2668 11.5310 18.0075 30.8958 7.1670 17.0527 24.9921 25.3187 22.6574 29.7264 19.6771 15.3874 29.3780 35.4764 17.6782 7.7651 14.7417 21.6910 12.4467 26.5360 39.2393 16.4443 13.2788 16.2064 8.4353 23.9856 14.0068 13.3832 12.9079 26.1438 23.2198 23.1241 14.2813 14.0392 20.7540 12.9248 9.7790 30.0282 8.7027 32.8018 28.7041 27.6037 28.9440 42.8395 34.1814 38.5306 41.6747 43.0822 44.4975 35.7524 45.2514 30.5491 17.6372 34.6035 38.6566 39.0637 38.9062 19.1184 40.5418 24.7442 22.0768 17.5601 39.9680 50.0501 40.4894 16.3817 21.5396 37.8630 28.9366 39.6273
8.4515 14.7522 18.3039 15.2926 14.1741 5.7504 15.2298 10.4286 14.3322 14.1015 13.3108 7.9790 14.5635 14.0833 10.0509 11.9893 10.7805 9.1794 8.8171 9.2440 7.4121 13.3637 5.0905 0.0000 13.6947 14.3849 8.0619 15.8579 15.5833 15.2133 39.1978 38.2944 40.8601 36.3239 27.5256 16.7491 39.8058 40.1793 37.4848 38.1206 30.4659 45.0867 38.4181 37.9871 39.2559 42.3210 37.8814 43.2830 45.2546 43.7147 40.9040 32.4972 44.8859 43.9693 50.2155 57.3176 36.1803 34.5369 31.0504 34.5528 13.7212 18.7732 16.0689 16.4502 24.1218 18.1837 23.2458 27.7405 16.2168 12.7330 7.5522 36.1917 12.1790 11.7187 23.3895 10.9199 20.3061 21.3706 25.0311 8.0792 14.0716 11.4252 17.2864 28.5395 8.9813 16.0511 22.3945 23.4490 20.4485 28.9353 17.4370 11.8104 26.2438 32.6340 14.5559 8.9194 12.2087 19.5375 10.6526 23.7350 37.7156 14.2853 11.4269 18.9548 8.6753 23.3914 12.0523 14.8639 10.9136 22.5806 20.2595 21.7026 13.3262 12.0445 18.0469 9.9725 9.7679 28.1924 11.6433 30.2251 25.9106 23.9887 26.1148 40.6579 30.9380 35.5119 40.2135 40.2298 41.7997 31.7651 42.6151 27.5046 16.3577 30.8840 35.4570 37.2218 35.9933 16.4492 37.7582 24.3567 21.9923 14.3971 36.9321 46.8620 39.4146 14.3285 20.1771 34.7039 27.6956 36.8350
12.7257 26.3419 26.8665 23.9386 24.6087 13.3209 21.0987 6.4586 15.4678 18.3268 23.6772 15.3922 16.4496 21.0968 17.1299 12.9887 15.4436 16.3926 17.5588 16.5460 11.4487 18.8364 15.1237 13.6947 0.0000 21.4471 17.8184 21.3449 16.8223 18.1818 48.0526 49.1010 51.3732 47.7762 35.8063 26.8646 49.9874 50.2008 48.1082 48.6909 41.1564 55.7553 45.3778 47.4446 51.5597 53.2266 47.8706 54.1293 56.1940 54.5671 51.5851 41.2983 55.7915 54.9022 61.6409 47.8240 45.5599 45.7784 40.8476 43.4786 16.4924 26.0224 26.7783 24.0287 33.1946 26.6227 35.3479 36.5373 8.9550 20.7776 12.7318 45.0562 14.7784 17.3309 33.3429 19.7582 24.5346 28.5393 34.8101 20.2573 24.2293 22.5157 24.5804 38.1840 18.5352 20.3295 28.7825 33.1792 29.6637 38.9701 25.0548 17.3966 33.7543 40.6394 19.1167 20.1773 18.3282 25.6211 15.9364 30.2379 48.3391 20.5186 15.6587 19.0264 19.2704 30.5100 24.9375 14.9448 16.6522 28.8814 27.2228 29.9417 22.1375 10.4236 25.7160 18.6775 15.6478 38.7376 15.5578 39.1284 32.9138 31.9693 35.3239 51.2814 39.5363 44.2512 51.1683 50.8603 52.1978 39.7129 53.0991 35.8747 26.6799 40.8596 45.8709 47.1212 45.8016 26.8550 48.4154 34.5392 32.7858 17.2983 47.5084 57.7676 49.3638 22.5880 29.4244 45.3611 39.7922 47.1174
11.0844 11.7217 13.3322 11.2270 12.3497 18.1769 8.6506 16.7678 21.9491 14.0842 10.4133 9.0225 23.7786 10.2954 7.5998 18.9803 11.5178 15.7428 11.5996 17.3266 19.7468 16.1818 14.4605 14.3849 21.4471 0.0000 14.1152 7.7682 21.5801 17.9191 31.1636 32.2571 34.1144 34.9536 19.7705 19.6389 32.8105 33.1765 30.7932 32.2394 24.4407 39.3575 31.1250 30.9468 32.0745 36.0607 31.2133 38.5335 39.8503 38.1693 35.3383 35.7477 38.4801 36.6067 44.9923 63.4677 28.9837 29.2102 26.2436 28.1351 9.3654 11.7353 13.7248 19.0208 15.2255 20.6596 19.8370 18.9021 23.2842 18.2188 18.7636 29.2803 10.2824 10.0230 17.2454 10.7740 13.4635 14.8065 15.9919 12.0676 18.4706 11.6362 11.7591 21.1853 13.1311 7.7538 17.6864 19.0816 16.4773 25.8784 12.7342 15.4457 17.7149 24.3756 13.6875 14.0121 10.9677 14.3288 9.3907 14.6504 30.4505 7.9445 15.6282 29.8747 11.6864 14.0419 9.9525 25.4039 11.2092 15.4273 12.7841 10.8317 12.4876 18.4675 12.7472 11.5759 14.6245 18.4342 22.4283 21.6447 15.8341 16.4485 20.3075 33.3712 23.5301 27.9743 32.6344 33.7039 35.0130 23.7200 35.7668 20.1663 19.4713 24.7078 29.4402 29.0223 28.5469 15.9410 31.0735 22.4413 18.8852 23.7777 30.5261 40.8456 32.0745 8.9704 20.8222 28.6732 20.3039 30.2972
12.4414 10.7898 15.6015 12.9976 10.0184 9.7274 13.8179 15.0055 11.1170 15.7108 12.0903 9.0471 15.0852 13.4246 10.1402 17.4872 12.3666 9.4226 9.9050 9.2266 12.9256 16.4096 8.1749 8.0619 17.8184 14.1152 0.0000 14.0147 11.9999 18.1959 39.2624 36.6971 38.1965 35.9869 27.0471 18.4356 38.9438 39.3856 35.6671 36.2935 28.2537 43.4115 40.4424 37.9119 36.6683 40.5617 36.5299 43.1676 44.1269 42.2233 39.5936 31.4708 42.7965 40.9230 49.3979 62.9199 35.5628 31.6051 30.1329 34.9820 12.0314 16.9900 10.1151 12.4169 21.9742 15.1179 19.5448 26.0429 20.6765 9.4224 11.2803 31.9294 11.2789 10.1658 19.7611 10.4698 18.5620 18.7031 22.3926 6.4795 8.4702 6.7311 14.5611 25.9283 6.0123 14.2794 20.0967 19.2710 17.6082 25.3983 16.5486 15.7484 25.6139 30.8877 18.7477 4.7487 14.3545 20.5966 12.2979 22.9506 34.7061 13.6380 17.6147 22.4342 9.4694 23.1364 12.3085 14.7672 12.6743 24.0076 21.0031 21.0565 12.1056 18.5425 17.5542 11.0710 15.3849 26.7860 14.8052 28.2481 25.8810 25.4536 25.2895 37.5252 30.4695 34.3076 37.5873 37.7579 38.9969 32.8006 39.7497 26.9168 16.3515 30.3325 34.3053 34.4715 34.3026 13.5554 35.0588 21.0725 19.1581 16.4446 35.8107 44.9893 38.2223 14.4142 18.5912 32.9118 24.9865 34.3267
10.8675 11.2093 11.7031 12.0281 12.7040 19.3908 5.3732 16.2536 21.8361 11.6703 10.2936 10.0488 26.5502 8.7361 9.2638 17.5141 11.2794 15.5504 13.7548 18.8931 21.3858 14.0747 15.6887 15.8579 21.3449 7.7682 14.0147 0.0000 22.3672 16.6045 33.9329 36.5912 38.5045 35.0533 22.3175 21.9677 36.3701 36.7423 34.4590 36.7277 28.9149 43.8457 34.2005 34.5905 36.3959 39.2466 35.6435 43.5628 44.2757 42.6575 39.7637 39.0025 41.6341 39.9395 46.0810 63.4987 32.7296 32.6915 26.8871 30.2558 6.4471 9.4537 13.6386 21.5243 17.3062 24.6304 21.4467 22.0118 23.5018 19.3092 19.5962 31.0440 9.1372 8.5981 15.6997 9.6346 10.6001 14.3206 18.4143 12.4460 16.9920 10.8637 13.5834 24.2203 13.9620 7.6312 16.1906 19.1186 16.7019 23.7154 14.1148 14.3235 20.0881 27.4202 13.2140 13.2365 12.9416 13.0939 8.5478 15.4218 34.4098 8.0605 17.4238 30.5192 13.4053 13.9350 11.2270 27.2868 10.8616 17.1391 12.9592 12.5083 10.8281 20.9775 13.3840 12.7402 16.2944 21.8484 23.3184 24.7322 20.5708 19.5968 21.8996 37.8104 26.4936 31.5294 36.7202 38.1921 39.2640 26.9866 40.0272 22.2921 23.2708 29.4870 33.8656 32.6685 32.4033 16.9897 35.2239 25.1725 22.1327 26.6247 35.5255 45.3339 32.7222 12.2156 25.1339 33.1467 22.5428 34.5193
17.5393 20.4995 24.4512 21.7874 19.5536 14.9712 22.7830 18.2162 6.8413 24.5517 21.7778 17.1456 7.9370 22.2688 19.7065 22.9292 21.4011 16.3933 16.4250 14.3344 15.1085 25.7231 11.3709 15.5833 16.8223 21.5801 11.9999 22.3672 0.0000 25.3007 45.1493 42.5481 44.9978 40.1341 35.2141 21.6357 44.6248 45.5170 41.9261 41.8914 34.4725 48.8823 48.2590 43.9577 41.6317 44.8496 42.4659 49.5125 49.7166 47.6941 46.4891 33.8593 46.5210 45.2844 53.4273 57.7288 41.9641 30.8833 36.1116 40.0582 20.8918 24.4635 16.6049 13.2320 28.8870 13.7771 26.7506 34.2818 20.0721 7.5579 12.5876 40.0509 21.6530 18.0996 27.2068 19.1339 29.1663 29.1505 29.5586 16.1640 13.8983 14.5093 21.6963 33.8679 11.2458 22.5013 29.1235 26.2917 26.8660 31.6947 25.8914 24.6977 34.1006 38.9159 26.5647 12.1688 22.7494 29.6135 20.4628 31.8548 39.9641 23.5516 22.5492 16.7821 14.7696 31.0425 20.5715 10.4037 21.8299 32.9235 30.4227 29.4801 20.5194 20.3302 26.7129 20.1503 20.3204 33.8216 11.5810 36.3351 33.7328 33.3605 32.5451 43.2456 37.5949 42.0951 42.4493 43.6502 45.2998 40.2891 46.1481 35.5947 19.8727 36.7337 40.9596 40.0850 41.2456 21.7702 40.9665 23.8197 20.3759 12.0099 41.1933 50.3705 43.5904 23.2429 18.6837 40.0789 30.9976 41.0269
13.5882 24.2021 24.1088 20.5972 20.1650 16.0334 18.2120 15.8737 25.1555 7.2854 20.7592 13.2964 25.1769 18.2011 14.7344 7.5060 9.2269 13.1860 13.6316 16.1096 16.9747 6.8660 17.1993 15.2133 18.1818 17.9191 18.1959 16.6045 25.3007 0.0000 38.5203 41.9504 43.0218 45.7508 25.6511 23.2145 42.5783 42.8123 41.0974 41.8343 37.3698 47.9397 31.7251 37.8629 48.9776 47.6723 42.7435 46.4244 48.4810 46.9870 43.9897 39.8630 50.4347 50.4591 58.0624 50.2643 35.9921 42.9173 38.8514 36.1990 12.5408 22.5850 24.6619 25.1049 28.9599 27.9610 32.1472 29.0166 15.3060 21.8655 18.4885 38.8941 12.4034 14.8537 29.0563 17.5492 13.8158 24.3316 30.9378 17.7804 23.3855 20.8235 19.3798 33.3012 16.9509 13.6818 19.6347 30.1509 24.9369 35.8254 21.4298 8.2494 22.3298 31.6101 7.8028 19.2024 15.0397 14.4641 10.9766 19.3082 42.6123 16.7164 14.7650 30.6527 15.9056 25.1811 21.9370 26.0225 12.0142 16.4177 18.0807 25.5620 19.8752 16.3943 16.8583 13.8039 16.5011 32.1226 23.6656 30.1922 26.9207 20.8688 28.6931 45.1891 29.2918 34.3640 47.4578 43.5775 43.2176 26.9908 45.2014 23.2477 23.7321 36.1895 37.4136 40.4033 35.9039 20.0757 41.2183 31.7753 30.4799 23.1528 43.7243 50.6169 44.1483 18.9822 29.6259 37.4600 35.6967 39.6683
39.1892 30.7736 29.9697 28.6810 31.1733 38.9634 33.5307 45.2321 44.7041 35.0294 31.6629 35.9416 46.9231 31.2936 32.9602 41.0685 34.3036 39.4570 35.9514 40.0745 44.6558 36.8316 41.5527 39.1978 48.0526 31.1636 39.2624 33.9329 45.1493 38.5203 0.0000 12.6155 20.8940 25.5795 18.4427 28.7815 9.3122 13.8620 13.4495 17.1732 20.4819 22.4918 20.9342 7.0241 26.2468 13.8905 17.6420 15.6903 18.7074 20.6606 17.2987 40.5269 14.8602 23.4602 28.8155 64.9817 12.9133 27.2054 20.0193 12.5972 35.3387 29.2653 33.6645 40.1866 20.9460 39.0415 30.2280 19.2681 48.3174 42.0224 45.4199 29.0003 34.9930 36.3341 30.2402 34.8926 31.0803 28.3793 23.7162 36.0793 37.8050 35.1448 33.6446 25.4518 39.9802 32.2183 28.2487 27.2648 26.4834 34.3987 27.9845 34.8628 18.6688 17.9737 33.3034 37.2194 31.0454 27.4137 34.2842 23.0142 18.0785 30.5145 38.7141 52.8377 35.0750 24.2041 29.1029 49.9813 34.5944 25.4079 25.2840 25.2668 33.2924 40.8567 24.8503 32.2817 37.5359 17.4598 45.9006 15.2032 16.9978 19.8984 19.1492 26.6524 12.6440 20.4309 20.4891 25.0549 27.3871 19.7054 24.2106 19.8594 31.2535 16.3167 16.2190 18.6838 17.2356 33.9083 21.0283 33.8535 28.6689 38.2464 19.1486 22.1761 21.4108 27.8655 33.2240 17.0136 25.9652 24.6970
41.3281 29.0532 29.6408 28.6691 29.0515 37.6230 35.9209 46.5738 41.3419 37.5552 31.2569 36.0678 43.9482 31.8008 33.4355 43.5764 35.7395 38.7247 34.7331 38.1753 44.0556 40.5540 41.1648 38.2944 49.1010 32.2571 36.6971 36.5912 42.5481 41.9504 12.6155 0.0000 10.3689 25.8559 18.5935 29.0617 7.8264 8.7726 5.3087 10.7976 12.6485 11.5609 27.4001 9.9299 18.1614 8.9706 11.1747 11.5167 8.6118 10.7736 6.1078 34.6419 10.5709 13.8174 27.9194 72.4676 12.7658 27.0199 22.6899 20.8397 36.8248 31.8706 30.3923 36.0687 21.5154 34.9269 24.4357 17.7721 49.7078 39.0846 44.6187 18.4163 35.7262 36.4059 25.8877 35.5570 33.0215 28.5523 21.6044 34.4824 35.0838 33.6871 30.8808 17.8537 38.1950 33.4292 25.6125 22.1043 24.8079 27.7568 27.4286 37.0967 22.1145 14.6091 36.1018 35.8362 31.4901 30.2145 36.4204 25.9355 9.6091 31.2693 40.6721 53.3745 34.7892 27.1620 28.2619 48.1719 36.4872 29.2417 26.6582 27.0440 33.3216 42.9102 27.3251 31.8747 39.9849 18.1591 45.6743 16.4938 18.8518 22.3064 16.7276 15.4388 15.6777 16.3778 17.8653 13.6975 16.0158 20.8989 13.4222 22.3906 30.4950 12.3594 10.5441 12.3617 13.2709 29.9901 9.9160 30.0011 28.5890 35.7967 14.2122 13.1281 19.8624 28.1545 29.5671 8.5736 18.4910 13.3976
43.7088 30.5684 31.4034 30.0302 30.3043 39.6672 37.6870 49.1935 43.3716 38.7001 33.0194 37.9779 46.3341 33.5634 35.5089 44.6724 37.2471 41.2022 35.9840 40.5348 46.3900 41.7299 43.5826 40.8601 51.3732 34.1144 38.1965 38.5045 44.9978 43.0218 20.8940 10.3689 0.0000 35.6116 18.8820 36.5163 14.1830 11.4587 9.3588 13.0613 15.0569 8.8607 34.8074 17.3300 17.1902 14.3704 13.7023 16.3008 9.8381 10.2231 6.0405 35.8722 14.6963 13.7941 36.1510 79.9819 14.2060 34.1461 31.3449 30.4133 38.5131 33.6331 31.9577 37.5037 23.1807 37.9173 25.3772 18.1358 51.6435 41.4932 47.6622 14.0397 37.0430 38.3388 28.1292 37.3196 34.0223 29.4032 23.3675 36.2035 36.6840 35.8722 32.0573 17.3666 40.0944 34.3356 26.1950 22.6708 26.0719 28.3758 29.0031 38.6940 22.7624 11.6835 38.2782 37.6877 33.9379 32.6737 38.5532 26.7074 8.3298 32.8715 44.0959 56.9113 38.1803 28.0255 31.0186 50.9254 38.5431 31.8713 28.0998 27.8269 35.0842 46.5451 29.0366 33.3111 43.7906 19.1951 49.2032 16.4501 25.4494 25.2903 19.1279 12.6049 19.3938 13.4222 19.8953 8.7181 10.8014 24.6236 7.4391 22.3360 36.8785 15.4669 12.5075 11.3526 10.0608 29.7024 6.6369 31.7880 32.8019 38.7118 17.3309 11.4245 25.3340 30.4014 31.9420 7.2437 18.9724 9.0994
