0.0000 4.4974 5.9916 7.6863 6.4413 6.0192 6.7853 9.8998 5.7640 6.2696 6.2308 2.8205 3.7800 10.6170 6.2032 5.3358 6.3031 3.5979 8.6914 3.5479 6.4241 5.6439 6.5065 6.0208 3.7175 6.6716 7.9701 8.0854 5.7870 6.2011 84.7844 81.3240 72.3825 76.7709 76.7886 97.1337 72.0905 72.6831 77.1998 79.9220 78.9592 75.7046 67.4809 80.7448 83.9936 81.5965 76.3450 82.5262 66.1617 79.5995 72.8406 79.5668 70.2912 71.4271 82.5229 74.2162 67.3424 69.4235 96.6997 73.8083 6.9584 8.0041 7.1000 9.1860 10.8742 9.0043 11.2000 13.7689 7.5415 17.0258 17.5642 9.5030 17.6251 13.5064 12.1109 7.8302 7.1149 7.1713 12.5197 6.3473 5.6724 9.9000 7.2567 10.0667 6.5110 15.5575 7.2749 15.0157 11.2436 4.2517 17.2471 31.9069 35.3232 34.9036 19.6667 18.7970 40.1715 26.1457 19.7690 20.9539 31.0153 28.9634 28.8854 26.7039 33.1974 15.2928 26.5723 33.0022 26.7897 27.0884 26.4934 22.5362 24.2258 23.3529 23.2938 29.9792 22.4779 29.0815 19.1805 25.5398 60.0578 61.3634 60.4652 65.2454 56.0286 60.0237 63.5157 63.3552 62.1230 64.9695 58.7646 61.3915 59.8939 58.9334 61.0301 61.2230 75.3137 57.5230 61.0071 61.2753 65.0740 63.1252 60.2084 65.7849 61.5155 70.9711 60.5405 61.4697 61.4076 66.5992
4.4974 0.0000 7.6611 10.5311 8.3140 7.5074 9.9568 12.4795 6.6554 7.1267 8.4817 3.8450 5.8988 11.6549 8.3428 6.9707 7.5384 6.8486 11.3304 5.3444 7.7143 8.4582 9.6138 7.1200 6.5046 8.3620 10.2838 10.8806 6.6796 7.2587 84.5599 80.7355 71.7926 76.1868 76.0701 97.3755 71.5441 72.1096 76.6469 79.6739 78.5556 75.1746 66.8661 80.5195 83.6618 81.4597 75.9103 82.2939 65.5452 79.4105 72.4221 79.0909 69.5021 70.9617 82.2666 73.8202 66.4717 68.5559 96.9665 73.3758 8.3022 10.3488 7.6838 10.1998 13.1273 11.0574 11.6907 15.7451 8.1157 19.1734 19.5885 10.8567 17.5124 14.8463 11.5495 8.2284 9.6129 9.5789 13.4414 7.9208 7.6289 12.0657 7.2516 12.2875 5.9003 17.4702 8.5315 17.3042 12.8418 4.5804 16.2732 31.5701 34.9095 34.7470 19.8024 18.0800 40.3119 25.5174 19.3263 20.3792 31.1374 28.9076 28.8403 25.8689 33.0110 13.4653 26.5949 32.5967 26.5468 26.6572 26.0265 22.1665 23.3935 22.7630 22.8982 29.5979 22.6608 28.9291 19.0223 25.1469 59.1438 60.4207 59.6313 64.6713 54.8485 59.4683 62.2443 62.4319 60.9682 63.7973 57.7386 60.3677 58.8920 57.9015 60.2347 60.3471 74.8797 56.6824 59.8774 60.6142 64.2432 62.3153 59.1329 65.1633 60.7558 70.4927 59.4238 60.8587 60.3881 65.8734
5.9916 7.6611 0.0000 4.6125 2.1187 5.2786 6.2789 8.6135 5.9328 5.9972 5.6684 6.1127 6.8040 8.5597 4.5426 3.8610 7.1845 5.6633 5.2839 6.2172 8.4740 5.9892 6.7270 5.3447 4.3524 3.1034 6.8843 4.8659 5.0882 6.4362 82.7446 79.5887 70.6772 74.9807 75.1241 95.2850 70.2115 70.7357 75.2606 77.8317 77.0952 73.7157 65.8531 78.8448 82.0416 79.5625 74.3905 80.4654 64.3394 77.7096 70.9548 77.6893 68.9005 69.5581 80.4599 72.3357 65.7464 67.8875 94.8438 72.1241 6.8986 8.6676 6.5525 10.1647 12.1109 7.0804 10.1928 11.1588 8.2914 15.0093 15.5648 9.1486 16.7114 13.5330 13.5277 8.6220 8.6765 5.4242 12.2855 7.9633 6.6353 10.1307 8.8886 8.1688 8.3870 13.3885 9.6596 14.0069 9.9821 7.9654 17.3556 31.5934 35.0549 35.1379 19.9850 20.3538 40.5846 27.5521 19.4661 21.2055 31.7558 29.5412 28.9433 27.4293 32.7188 16.4903 24.8543 33.3663 26.3326 28.5051 25.9178 21.7628 24.9535 24.0949 23.3244 29.8829 21.3802 29.2096 20.6368 25.3628 59.0337 60.4023 59.5617 63.8561 55.1310 58.6581 62.6140 62.0072 61.2726 64.0226 57.9595 60.2830 58.8512 58.1708 59.7864 60.1101 73.7585 56.6707 59.9941 60.0363 63.9325 61.9747 59.4607 64.4949 60.2686 69.3778 59.6772 60.2048 60.2524 65.3586
7.6863 10.5311 4.6125 0.0000 4.4956 6.6728 4.1529 7.4289 7.6123 7.8232 5.0505 8.3171 7.2233 8.7739 5.0102 5.6790 8.7469 6.5571 3.9096 7.8770 9.1552 4.5561 4.6121 7.3890 5.5156 4.5832 6.4545 2.7595 7.7984 8.0991 82.4754 79.7190 70.8023 75.1834 75.4685 94.6526 70.3615 70.9198 75.4084 77.6846 77.1102 73.8662 65.9864 78.6229 81.9628 79.2316 74.4291 80.2890 64.5051 77.4837 70.9552 77.8024 69.1880 69.6099 80.2860 72.3655 66.1860 68.3377 94.1946 72.1833 7.1006 6.8604 7.9448 10.2823 10.2980 6.0587 10.5991 9.2286 9.2090 11.9573 13.3069 8.8987 17.2146 12.4478 14.3946 9.4071 7.5825 4.4903 12.2467 8.1602 7.0994 8.1869 10.3993 6.0391 10.4914 11.2560 9.7436 11.0586 8.9429 9.5815 18.5867 31.8589 35.4364 35.3424 20.1306 21.6693 40.6078 28.5065 20.2528 22.0700 32.1272 29.6305 29.0506 28.3675 32.8054 18.8625 24.6676 33.7231 26.7412 29.4562 26.4416 22.3641 26.0930 24.9465 23.9935 30.2009 21.1482 29.4041 20.9927 25.9384 59.5386 60.9930 59.9604 64.0198 55.9802 58.8109 63.4677 62.5269 62.0700 64.7975 58.5991 60.9622 59.5148 58.8110 60.2449 60.6574 73.7349 57.1440 60.7317 60.2194 64.2938 62.3915 60.0939 64.7911 60.5077 69.3869 60.4191 60.4757 60.7032 65.7261
6.4413 8.3140 2.1187 4.4956 0.0000 5.8091 6.3580 8.0662 7.0770 6.6827 5.9334 6.6173 7.1380 9.5413 4.5865 4.5342 7.2527 5.9450 4.9064 6.3832 8.9391 6.3362 6.7754 5.5181 4.1844 3.8860 7.4423 4.2933 4.9633 6.6890 83.6343 80.5215 71.5757 75.9622 76.1050 96.0591 71.1506 71.6841 76.2110 78.7602 78.1147 74.6213 66.6945 79.7754 82.9967 80.4442 75.3191 81.4066 65.2032 78.6473 71.8844 78.6731 69.7861 70.5251 81.3660 73.2163 66.6313 68.7655 95.6082 73.0780 7.7239 8.9414 7.8081 11.0288 12.5737 7.5461 10.9557 11.5343 9.1037 15.2186 15.8488 10.0104 17.6364 14.2897 14.6857 9.6993 9.0988 5.8015 13.1623 8.7103 7.3004 10.7095 9.9018 8.4295 9.3644 13.8900 10.3838 14.2667 10.5434 8.8386 18.4823 32.2722 35.6977 35.6040 20.5695 21.0187 40.8052 27.9089 20.5173 22.0011 31.9454 30.1807 29.4583 28.0558 33.5960 17.5378 25.9184 33.8739 27.1177 28.7814 26.7379 22.6177 25.6563 24.7304 23.9866 30.6258 21.9953 29.8200 21.1938 26.0614 60.1177 61.5022 60.6207 64.8689 56.2441 59.7060 63.6523 63.0593 62.3692 65.1288 59.0792 61.4352 59.9856 59.2515 60.8202 61.2242 74.7360 57.8215 61.1439 61.0897 64.9868 63.1015 60.5119 65.4696 61.3080 70.3837 60.7912 61.2487 61.3840 66.3474
6.0192 7.5074 5.2786 6.6728 5.8091 0.0000 7.2670 6.6878 4.0434 2.5264 4.2295 6.5205 5.6479 7.4291 2.8935 5.4435 4.2329 4.5324 5.7383 7.5048 5.7072 6.5377 6.5255 3.1105 5.7523 3.7755 5.3648 7.0283 6.9057 4.1862 80.6469 77.3662 68.3660 72.8532 72.8867 92.6221 68.1844 68.6859 73.2387 75.8878 75.0066 71.7468 63.4476 76.7278 79.9967 77.4349 72.2188 78.4349 62.3339 75.6304 68.8172 75.5556 66.5321 67.5339 78.3648 70.0826 63.5340 65.7334 92.2064 69.9268 5.4681 8.2030 4.6626 7.7354 9.3431 5.2225 6.7520 9.7808 4.4907 13.7246 13.6371 6.1152 13.5713 10.8226 10.3358 6.4485 7.3975 5.2335 10.1153 5.7725 5.1897 8.0295 5.9366 6.9298 5.3433 12.3345 7.6450 12.1432 6.9196 6.6715 14.1983 27.6420 31.3092 30.8554 15.4775 15.8414 36.2107 23.0674 15.7627 17.0610 27.5131 25.2071 24.7643 23.0021 29.2419 13.1424 22.6097 29.1328 22.3961 24.2365 22.1297 18.2589 20.9067 19.7423 19.2204 25.8454 17.6691 25.0777 15.9770 21.2958 56.4259 57.6932 56.6121 61.3625 52.6274 56.1796 60.2352 59.5853 58.6061 61.3975 55.1787 57.8165 56.3981 55.4346 57.0709 57.6170 71.2932 53.8889 57.6693 57.4644 61.1866 59.5206 56.6719 61.7542 57.7285 66.9791 57.0004 57.5027 57.6557 62.8512
6.7853 9.9568 6.2789 4.1529 6.3580 7.2670 0.0000 8.1250 7.2787 8.2241 4.5276 7.6339 6.1028 9.1865 5.9891 5.3205 8.7884 5.5815 6.0956 7.4625 8.8287 3.7898 2.4848 7.9644 4.8563 5.9520 6.7661 4.7689 8.2778 8.2890 82.5853 79.6951 70.9558 75.1903 75.4656 94.8805 70.3974 71.0395 75.4740 77.7460 77.0681 73.9663 66.1335 78.6085 81.9451 79.2920 74.4976 80.3531 64.6547 77.4601 70.9746 77.8367 69.1739 69.6410 80.4229 72.4043 66.2805 68.3778 94.4112 72.0720 5.8946 4.7570 7.9214 9.2528 9.2887 6.7791 10.6750 10.1878 9.0194 12.4763 13.7711 8.8880 17.3695 11.4873 13.2970 8.5273 5.7845 4.7724 11.8280 6.6190 5.5857 7.2860 9.6092 5.7187 9.9835 11.4250 7.8581 11.1666 9.1474 8.7234 18.3474 31.8444 35.4886 35.2970 19.9262 21.1794 40.5653 28.1357 20.2052 21.9623 31.8261 29.2345 29.1578 28.1656 32.8722 18.3048 24.6120 33.5186 26.8952 29.0169 26.5986 22.3371 25.7702 24.5850 23.8088 30.1564 21.5859 29.1434 20.5885 26.0273 59.3161 60.8211 59.8500 63.9795 55.7869 58.8347 63.2698 62.4208 61.8083 64.6762 58.3269 60.8320 59.2256 58.5827 60.2400 60.4221 73.6844 56.9403 60.4642 60.0512 64.1862 62.2154 59.8959 64.6051 60.5014 69.2809 60.1933 60.4217 60.6746 65.5282
9.8998 12.4795 8.6135 7.4289 8.0662 6.6878 8.1250 0.0000 9.6508 7.9157 6.6847 10.7159 8.5195 10.6542 6.0264 8.3917 6.3437 7.9987 4.6056 10.5357 8.6693 8.6042 7.7427 6.9160 7.9754 7.1853 8.2263 7.1823 9.8944 7.7352 81.2799 78.2722 69.2897 73.8300 73.9774 92.1134 69.1563 69.6986 74.1630 76.5845 75.9572 72.5953 64.5035 77.3856 80.7580 77.9289 73.0050 79.0795 63.4578 76.2787 69.6725 76.5105 67.8340 68.5310 78.9221 70.7379 64.8622 67.0491 91.6381 70.7386 9.0608 9.8181 9.7498 11.5198 9.9607 7.2958 10.1812 10.2333 8.7612 12.4851 13.2616 8.5573 16.1412 12.5573 14.5658 10.9235 9.9206 7.1044 13.3684 9.8709 8.7830 9.4812 10.9815 6.9446 10.8360 12.2899 10.9384 11.3147 7.9513 11.2630 17.7644 28.8810 32.4715 30.3742 16.2629 17.8405 34.7098 23.3822 18.6426 19.3288 25.8382 25.9405 25.6107 24.5347 30.0854 17.1373 24.1754 29.2751 23.2161 23.6698 23.3851 19.9504 22.0464 20.6904 20.1763 26.6789 18.6011 25.1040 17.1049 22.3978 58.2670 59.2956 58.1562 62.6791 54.7789 57.6948 62.3312 61.2332 60.5130 63.3691 57.0607 59.8163 58.3846 57.3469 58.4018 59.3905 72.2817 55.8458 59.8120 59.0054 62.8044 61.3739 58.5349 62.7237 59.4004 67.9869 58.9716 58.7256 59.4679 64.0836
5.7640 6.6554 5.9328 7.6123 7.0770 4.0434 7.2787 9.6508 0.0000 3.7325 4.8202 6.2412 6.1121 6.2625 5.2589 5.2227 6.7115 5.0605 8.1063 7.8982 6.9604 6.6240 6.4701 5.6342 6.3968 4.7651 5.4657 8.4075 7.8465 6.1175 79.8447 76.4953 67.5878 71.8921 71.9211 92.4339 67.2543 67.7645 72.3026 74.9732 73.9707 70.8695 62.7301 75.8436 79.0423 76.6667 71.4007 77.5689 61.4705 74.7019 67.9171 74.6210 65.6431 66.5752 77.6000 69.3273 62.6823 64.8497 92.0526 68.9983 4.0200 7.3139 3.0977 5.9352 9.5133 5.8663 6.5708 10.2578 4.6782 14.3376 13.9373 6.1290 12.9045 9.7495 8.5885 4.4866 6.2994 5.6257 8.7035 3.9896 4.1112 7.6551 4.3437 7.6498 4.1367 12.0232 5.8833 12.7345 7.6263 5.9846 12.9253 27.8089 31.6251 31.7644 16.1231 16.2859 37.7567 24.2173 15.1362 17.1661 29.0543 25.5843 25.5543 23.3827 29.1948 12.3373 21.5441 29.8866 22.7600 25.5836 22.2289 18.0907 21.2261 20.2714 19.6037 26.0414 18.0733 25.6726 16.5429 21.7570 55.2542 56.6150 55.6858 60.3503 51.3456 55.2190 59.0074 58.4781 57.4324 60.2514 54.0149 56.5821 55.1112 54.2650 56.2338 56.3796 70.3543 52.6764 56.2105 56.3471 60.1675 58.2240 55.5602 60.9781 56.6374 66.0343 55.8253 56.5887 56.5683 61.8713
6.2696 7.1267 5.9972 7.8232 6.6827 2.5264 8.2241 7.9157 3.7325 0.0000 4.6886 6.5926 6.4723 7.6794 3.7365 5.5810 4.4190 4.9032 7.1322 8.1259 5.7616 7.6139 7.3904 3.5957 6.6183 4.3249 6.0310 8.4951 7.2082 4.1899 80.4582 76.9098 67.7784 72.4917 72.4228 92.5952 67.8169 68.2610 72.8969 75.6766 74.7706 71.3582 62.8836 76.5511 79.8038 77.2929 71.8262 78.2743 61.7952 75.4712 68.4540 75.3051 65.8971 67.2059 78.2059 69.7476 62.8804 65.0680 92.2158 69.5642 5.4657 8.8557 4.5623 7.4007 10.2071 5.9799 6.4406 10.5026 4.4045 14.4983 14.2206 6.2230 13.0192 10.8907 9.5063 6.0632 7.8687 6.1370 10.0108 5.8850 5.7920 8.4308 5.3314 7.7259 4.6928 12.9887 7.5596 12.9854 7.1727 6.7415 13.2599 26.8594 30.3661 30.4299 14.8625 15.0603 35.7890 22.3536 14.9831 16.2582 27.2592 24.5269 24.0025 22.0898 28.2607 12.0300 22.4040 28.4503 21.6580 23.7331 21.4277 17.7727 20.0878 19.1369 18.6302 25.0953 17.3690 24.4555 15.3015 20.5379 55.9055 57.0335 55.9437 60.9175 51.9679 55.7864 59.4265 59.0736 57.9644 60.5596 54.5557 57.2449 55.8631 54.7532 56.6064 57.1428 70.9507 53.2282 57.0491 57.0653 60.6246 59.0578 55.8771 61.3815 57.1427 66.6735 56.3163 57.0216 56.9482 62.3821
6.2308 8.4817 5.6684 5.0505 5.9334 4.2295 4.5276 6.6847 4.8202 4.6886 0.0000 6.8769 5.3861 7.2097 3.4334 4.4528 6.0701 4.4537 5.4548 7.7302 6.8133 5.0951 3.4258 5.4605 4.9948 4.0734 5.2575 5.9088 7.6766 5.9167 80.8832 77.7881 68.8436 73.3603 73.4725 92.9430 68.5960 69.1517 73.6778 76.1173 75.3740 72.1616 63.9566 76.9679 80.3134 77.6545 72.6381 78.7196 62.7274 75.8681 69.1608 76.0093 67.0285 67.8755 78.6933 70.5319 64.1222 66.2850 92.5243 70.2870 3.9829 5.0430 5.3715 7.0589 8.7052 4.6711 7.5870 9.0061 5.8972 12.0615 12.7385 6.2502 14.4044 9.8078 10.6839 6.3237 5.3306 3.6380 9.9564 4.6219 4.5309 6.2093 6.7093 4.9631 7.0439 10.8155 6.3794 10.8475 6.5406 7.6968 15.2319 28.7431 32.4080 32.1153 16.5295 17.7813 37.5076 24.8115 17.0783 18.4886 28.9169 26.2204 25.9000 24.6945 30.0353 15.0970 22.7516 30.3619 23.6505 25.8900 23.3113 19.3442 22.4580 21.2269 20.5327 26.9157 18.5478 26.1040 17.2573 22.6538 57.0720 58.4363 57.3084 61.8865 53.4218 56.6873 60.9685 60.2349 59.4439 62.2024 55.9073 58.5528 57.0753 56.1705 57.8536 58.2954 71.6874 54.5697 58.2844 57.9208 61.8506 60.1075 57.4000 62.4309 58.2335 67.3529 57.7880 58.1454 58.2586 63.4086
2.8205 3.8450 6.1127 8.3171 6.6173 6.5205 7.6339 10.7159 6.2412 6.5926 6.8769 0.0000 4.3271 11.4071 6.4925 4.9858 6.6384 4.8139 9.2210 3.0958 6.1039 6.7893 7.5993 5.7530 4.2305 6.8257 9.4677 8.7663 4.4900 5.6398 85.0560 81.4000 72.4954 76.8692 76.8622 97.5800 72.2566 72.8004 77.3370 80.1756 79.0603 75.8632 67.4887 81.0095 84.1549 81.8532 76.4932 82.7407 66.2369 79.9130 73.0351 79.7271 70.3454 71.6738 82.7734 74.3838 67.2254 69.3690 97.1663 74.0087 7.6079 9.1117 7.4743 10.5012 12.3073 10.0432 11.5110 14.6873 8.2801 17.8542 18.7376 10.5368 18.2011 14.4757 12.3030 8.5524 8.7802 8.3266 13.8565 7.3653 6.8389 10.9207 8.1414 10.6998 7.0943 16.6283 8.6007 16.1020 11.9066 4.3067 17.5932 31.7718 34.9544 35.3845 20.0816 19.0155 40.3575 26.0937 19.8297 21.0438 31.3884 29.1206 28.7665 26.6956 33.3903 15.0516 26.8407 33.0801 26.9242 27.2017 26.7341 22.7603 24.4527 23.4931 23.5326 30.2137 23.0281 29.2677 19.7056 25.6602 60.2381 61.5047 60.6677 65.4961 56.1591 60.4588 63.4051 63.4741 62.1530 64.9487 58.8496 61.4933 59.9824 59.1408 61.2020 61.3615 75.5611 57.7018 61.0910 61.4581 65.1921 63.3361 60.2663 65.8858 61.8041 71.1766 60.6009 61.7548 61.4924 66.8110
3.7800 5.8988 6.8040 7.2233 7.1380 5.6479 6.1028 8.5195 6.1121 6.4723 5.3861 4.3271 0.0000 10.2396 5.8767 5.5789 5.8557 4.8427 7.9656 4.2814 5.2946 4.5072 5.6366 5.8555 4.1009 6.6153 8.0318 7.5605 6.7924 6.0502 83.5806 80.2292 71.3796 75.6527 75.7499 95.5570 71.0314 71.6643 76.0953 78.7776 77.7558 74.6831 66.4464 79.5061 82.7910 80.3223 75.2543 81.2909 65.2445 78.3880 71.7422 78.4241 69.3529 70.3642 81.2766 73.0638 66.4385 68.5593 95.1150 72.6888 6.3018 6.9449 6.7902 9.0211 9.0433 8.3686 10.4069 12.8057 6.6866 15.2345 16.4558 8.4363 16.8478 12.3410 11.2787 7.4276 6.7460 6.7046 12.3766 6.0626 5.3125 8.4557 7.3378 8.7705 6.7380 14.3079 6.7760 13.2276 9.8627 4.2886 16.7076 30.8288 34.3825 33.4666 18.3240 17.9671 38.6391 24.9894 18.8967 20.0282 29.5158 27.6901 27.7825 25.7431 32.1472 15.0134 25.3236 31.6487 25.5605 25.8208 25.3592 21.4339 23.2273 22.0727 22.0754 28.7120 21.2033 27.6063 17.9436 24.4164 59.0778 60.3591 59.4160 64.1986 55.2375 59.0482 62.7723 62.3718 61.1986 64.1716 57.7659 60.4839 58.9898 58.0655 59.8985 60.2288 74.1250 56.6171 60.1706 60.1374 64.0079 62.1454 59.3073 64.5504 60.5514 69.7318 59.6343 60.3749 60.3712 65.5513
10.6170 11.6549 8.5597 8.7739 9.5413 7.4291 9.1865 10.6542 6.2625 7.6794 7.2097 11.4071 10.2396 0.0000 8.3494 9.0761 10.7135 9.4217 8.9391 12.4964 11.1218 8.7388 8.3653 9.6978 10.1596 7.1964 5.7991 9.3165 12.4735 10.8385 75.3052 72.8825 64.0578 68.0649 68.2887 88.0667 63.3322 63.9008 68.3262 70.5323 69.9302 66.9673 59.4061 71.4014 74.8154 72.2399 67.5498 73.1395 57.9511 70.2549 63.9099 70.4842 62.4419 62.4546 73.1062 65.4059 59.6986 61.7983 87.6306 65.1747 5.9606 8.0540 5.0041 5.8688 9.4553 5.1093 6.1068 6.2919 6.9204 10.7838 9.9661 5.5359 10.0733 7.1741 9.6363 6.0629 7.2846 5.5568 5.9730 6.6156 6.8281 7.4503 6.9745 7.3362 7.9604 7.3969 7.9015 10.3568 6.2141 10.9925 11.7641 26.8814 31.3317 30.2594 15.3415 17.4608 37.5231 25.6564 14.0220 16.3519 29.0235 24.7602 25.1147 23.6753 28.1891 14.1272 17.7080 29.3838 21.4598 26.6632 20.1920 15.6164 21.1445 20.0478 18.5877 24.5500 15.2804 24.7186 17.2277 20.5737 51.7308 53.4846 52.5460 56.4924 48.1795 51.0816 56.4803 54.9730 54.4758 57.6557 50.8104 53.1413 51.7749 51.1684 52.5976 52.8772 66.3051 49.4533 52.9051 52.4932 56.7055 54.4472 52.7831 57.4981 52.8306 62.0113 52.7860 52.9815 53.2072 58.1838
6.2032 8.3428 4.5426 5.0102 4.5865 2.8935 5.9891 6.0264 5.2589 3.7365 3.4334 6.4925 5.8767 8.3494 0.0000 4.4597 4.8611 4.1725 4.1988 7.1359 5.9441 6.0149 5.5381 3.1405 4.9696 2.9402 5.8014 5.4960 5.9382 3.8271 81.7353 78.4627 69.4738 74.0481 74.1283 93.6953 69.3449 69.8046 74.3878 76.9621 76.1515 72.8417 64.5481 77.8542 81.1003 78.4860 73.2868 79.5308 63.4080 76.7738 69.9376 76.7565 67.7569 68.7084 79.4942 71.1923 64.6542 66.9041 93.2810 71.0950 5.8951 7.8378 6.1040 8.9914 10.0161 5.2133 7.9366 9.7317 6.3769 13.3120 13.7493 7.2706 15.0985 11.6511 11.9086 7.6761 7.6347 5.0742 11.4021 6.6274 5.9929 8.0551 7.7781 6.0863 7.4438 12.3766 8.6920 11.9284 7.3024 7.6895 16.0086 28.6099 31.9882 32.3407 16.8630 17.7422 37.1844 24.4122 17.2720 18.6204 28.7624 26.3893 25.5521 24.5084 30.1331 15.1925 23.7017 30.3490 23.6424 25.6490 23.6234 19.7650 22.6309 21.3472 20.7595 27.1926 18.8993 26.3107 17.5275 22.6381 57.9538 59.1655 58.0482 62.6886 54.2330 57.6383 61.6611 61.0042 60.1542 62.7930 56.7567 59.3479 57.8875 56.9971 58.5889 59.1161 72.5342 55.3748 59.1820 58.8473 62.6136 61.0163 58.1642 63.1051 59.1299 68.2131 58.5296 58.9167 59.0574 64.2677
5.3358 6.9707 3.8610 5.6790 4.5342 5.4435 5.3205 8.3917 5.2227 5.5810 4.4528 4.9858 5.5789 9.0761 4.4597 0.0000 6.1804 4.6691 6.2237 5.9283 7.0781 5.9359 5.6089 4.9008 3.7332 3.7047 7.5718 6.3525 4.8055 5.2876 82.6784 79.0231 70.1107 74.5386 74.6242 95.0560 69.8653 70.3703 74.9029 77.6996 76.7501 73.3449 65.1999 78.6486 81.7870 79.4177 73.9623 80.3133 63.8045 77.5334 70.5777 77.4858 68.2022 69.2783 80.3688 71.9095 64.9994 67.1801 94.6348 71.6037 5.4386 7.5123 6.2771 9.6417 11.4001 7.4367 9.5822 11.8327 7.6730 15.0960 15.8965 8.6167 16.4054 12.5834 12.0661 7.5805 7.9712 5.9211 12.3808 6.7340 5.6356 9.2036 8.1171 7.3503 7.7413 13.5176 8.1397 13.8973 9.3880 7.0165 16.6250 30.4538 33.8010 34.2543 18.9278 19.1501 39.3649 26.0311 18.6440 20.3620 30.5181 28.2915 27.9281 26.1966 31.5742 15.2746 24.3447 32.0390 25.4247 27.0670 25.2079 21.1524 23.7110 22.8810 22.2397 28.8721 21.1168 27.9384 19.3485 24.4934 58.5886 59.7033 58.9148 63.4521 54.5956 58.5656 61.7462 61.5318 60.5492 63.1827 57.3048 59.8186 58.3415 57.5348 59.3611 59.6189 73.3458 56.0399 59.4030 59.6077 63.4081 61.6213 58.6133 63.9026 59.9148 68.9982 59.0031 59.7207 59.7258 64.8313
6.3031 7.5384 7.1845 8.7469 7.2527 4.2329 8.7884 6.3437 6.7115 4.4190 6.0701 6.6384 5.8557 10.7135 4.8611 6.1804 0.0000 5.4927 7.1765 7.3839 5.3407 8.3781 8.2174 3.1215 6.1122 6.2440 8.3461 8.8588 6.5986 3.5638 82.7635 78.9771 69.8665 74.5604 74.4833 94.1052 69.9690 70.4742 75.0325 77.9518 76.9379 73.4897 64.9314 78.7603 81.9680 79.4827 73.9697 80.4751 63.9564 77.6673 70.6845 77.4731 67.9692 69.4683 80.3667 71.7789 64.8772 67.0725 93.6957 71.5989 7.6840 10.0127 7.5663 10.2037 10.9405 8.3078 9.3329 12.9565 6.4164 16.1423 16.4402 8.2495 15.5655 13.1290 11.7997 8.7368 9.5355 7.8888 12.9950 8.0128 7.1924 10.2447 7.6912 9.0277 6.5565 15.0604 9.0050 14.4394 9.1648 7.1741 15.6713 28.3011 31.6002 30.5258 15.8149 15.1470 34.9792 21.4249 17.1871 17.8107 25.8875 25.4017 25.0569 22.7677 29.6010 13.0701 24.8678 28.6704 22.7528 22.2474 22.9400 19.6244 20.2968 19.3247 19.3704 26.1907 19.2764 24.8704 15.5386 21.6543 58.1826 59.0292 58.0302 63.1796 54.1879 58.2246 61.4592 61.2777 59.9668 62.6581 56.6716 59.5045 58.1337 56.8904 58.5758 59.3461 73.1144 55.5378 59.3447 59.3640 62.8625 61.4338 57.9138 63.2155 59.6083 68.8431 58.4447 59.0806 59.2822 64.4278
3.5979 6.8486 5.6633 6.5571 5.9450 4.5324 5.5815 7.9987 5.0605 4.9032 4.4537 4.8139 4.8427 9.4217 4.1725 4.6691 5.4927 0.0000 6.9042 5.8853 5.8622 5.6316 5.0432 4.8798 4.1117 5.1357 6.2742 7.0243 6.0870 5.0464 83.1139 79.6935 70.8344 75.2774 75.3300 95.4101 70.5721 71.0986 75.6692 78.2900 77.4272 74.1139 65.9341 79.1430 82.3975 79.8662 74.6242 80.9092 64.7156 77.9942 71.1834 78.0514 68.8856 69.9172 80.9154 72.5240 65.9171 68.0665 94.9754 72.2165 5.7517 7.1818 6.5145 8.3780 9.7687 6.9177 9.3877 11.6676 6.8742 15.1417 15.3131 8.1127 16.2453 11.8938 11.6196 7.1480 6.2443 5.8451 11.3427 5.4393 4.9303 8.2840 6.9664 7.7051 6.7546 13.7424 6.9961 13.2603 9.1503 6.1276 16.4987 29.9557 33.3213 33.4935 18.0616 18.0258 38.5248 25.1431 18.3375 19.5359 29.7259 27.2790 26.9248 25.3927 31.5254 15.1612 25.0085 31.4404 25.1520 26.2479 24.9870 20.9836 23.3084 22.2096 21.8922 28.4359 20.6869 27.4994 18.1028 23.9732 58.8229 60.1512 59.1224 63.8126 55.0025 58.6995 62.4959 62.0555 60.9816 63.7303 57.6359 60.2884 58.7162 57.7926 59.7832 60.0070 73.7534 56.2588 59.9458 59.9205 63.7061 61.9562 59.0754 64.2752 60.2035 69.4445 59.3738 60.0518 60.2034 65.2405
8.6914 11.3304 5.2839 3.9096 4.9064 5.7383 6.0956 4.6056 8.1063 7.1322 5.4548 9.2210 7.9656 8.9391 4.1988 6.2237 7.1765 6.9042 0.0000 8.9536 8.6620 6.7418 6.3669 6.0522 6.3069 4.4651 6.6664 3.8116 7.9059 7.1068 81.5511 78.6230 69.7099 74.0825 74.3368 93.1201 69.3480 69.8781 74.3579 76.7795 76.1698 72.8081 64.8888 77.6924 81.0043 78.2681 73.3160 79.3244 63.6046 76.5763 69.9546 76.7917 68.2411 68.7073 79.2564 71.1517 65.1250 67.3419 92.6625 71.1314 7.8438 8.7569 8.2637 11.0032 10.6173 5.7643 9.8679 9.0023 8.7697 12.0808 13.0048 8.5023 16.3071 12.5837 14.5185 10.0471 9.0448 5.2044 12.6358 9.0868 7.7817 9.0127 10.5477 5.9446 10.3851 11.4300 10.7039 11.2996 8.0089 10.4315 18.0041 30.1568 33.6814 33.0832 18.3666 19.9030 37.9135 26.2301 19.0739 20.5087 29.3647 27.8581 27.1638 26.5535 31.4002 17.8149 24.0489 31.6234 24.8158 26.9727 24.7469 20.8531 24.2185 22.9360 22.0519 28.4181 19.6903 27.3718 19.4767 24.0192 58.6792 59.8773 58.8865 63.0366 55.0935 58.0241 62.6177 61.5680 61.0167 63.8031 57.5998 60.0520 58.6964 57.8785 59.0170 59.7440 72.6926 56.2538 59.9848 59.3636 63.2872 61.5977 59.1140 63.5067 59.7322 68.4243 59.4173 59.3459 59.8492 64.6530
3.5479 5.3444 6.2172 7.8770 6.3832 7.5048 7.4625 10.5357 7.8982 8.1259 7.7302 3.0958 4.2814 12.4964 7.1359 5.9283 7.3839 5.8853 8.9536 0.0000 7.2008 6.2778 7.8548 6.6666 3.8773 7.5114 9.9981 7.9717 4.6882 6.7495 86.5056 83.0954 74.2680 78.4964 78.5768 98.8130 73.8483 74.4452 78.9257 81.6082 80.5751 77.4579 69.3220 82.4589 85.6318 83.2615 78.1178 84.1688 67.9905 81.3325 74.6389 81.2245 72.2115 73.2285 84.1856 75.9803 69.1204 71.2477 98.3747 75.6257 8.9397 9.6126 9.0141 11.8483 12.5987 10.6958 13.1443 15.2960 9.5270 18.1439 19.3162 11.5773 19.8228 15.8103 14.2382 10.1167 9.4149 8.7174 15.0379 8.8197 7.8601 11.7055 9.8350 11.2885 8.8517 17.1566 9.8853 16.2872 12.9499 5.3217 19.4634 33.6874 36.8894 36.7751 21.6748 20.7174 41.5785 27.5718 21.7581 22.9423 32.4248 30.8805 30.5554 28.5522 35.0240 17.0809 28.2991 34.7297 28.5849 28.4315 28.4631 24.4792 26.1209 25.1292 25.1750 31.9314 24.4032 30.8424 21.1813 27.3967 62.0057 63.3169 62.4633 67.2106 58.0381 62.0491 65.4344 65.2221 64.0528 66.9196 60.7395 63.3121 61.7412 61.0215 62.9196 63.0888 77.1810 59.5932 62.9500 63.1601 67.0164 65.0585 62.2497 67.5501 63.5588 72.7239 62.5048 63.4301 63.3040 68.5508
6.4241 7.7143 8.4740 9.1552 8.9391 5.7072 8.8287 8.6693 6.9604 5.7616 6.8133 6.1039 5.2946 11.1218 5.9441 7.0781 5.3407 5.8622 8.6620 7.2008 0.0000 7.7689 8.2435 4.9593 7.2799 7.3730 9.0570 9.9643 7.7989 4.5559 82.2753 78.2573 69.2430 73.9608 73.9273 94.0254 69.4465 69.8979 74.4951 77.5237 76.3247 72.9634 64.1568 78.2126 81.4496 79.0079 73.3761 79.9914 63.3018 77.1840 70.0878 77.0145 67.2706 68.8731 79.9492 71.2331 64.1567 66.4086 93.5895 71.0159 7.3393 9.8177 7.2416 10.0810 9.5130 8.9384 9.1693 13.0545 6.1921 15.5691 16.5357 8.1395 15.4925 12.3711 10.1813 7.8690 9.2095 8.8136 13.0029 7.5701 7.4027 8.6905 7.8383 9.3713 7.1785 15.2237 8.6839 13.2774 8.9199 5.4269 15.2284 27.1809 30.2597 30.7850 15.8189 15.1631 35.2509 21.6206 16.2900 17.0253 26.8655 24.2133 23.7881 22.3592 28.9689 13.0858 24.1666 28.1878 22.4783 22.9717 22.7902 19.2245 20.5133 19.2452 19.3545 25.7906 19.1688 24.4905 15.2368 21.1785 57.5124 58.4114 57.3127 62.4779 53.5723 57.7294 60.7249 60.6869 59.2321 61.8385 55.9782 58.7999 57.3830 56.2436 58.1672 58.6651 72.4750 54.6586 58.6268 58.6672 62.1049 60.8100 57.2051 62.6858 58.9305 68.2484 57.6541 58.5752 58.5122 63.8775
5.6439 8.4582 5.9892 4.5561 6.3362 6.5377 3.7898 8.6042 6.6240 7.6139 5.0951 6.7893 4.5072 8.7388 6.0149 5.9359 8.3781 5.6316 6.7418 6.2778 7.7689 0.0000 3.6764 7.5689 4.8589 5.9716 6.3002 5.2922 8.3166 8.1085 82.4914 79.6157 70.7482 75.0288 75.2838 94.8469 70.2605 70.9149 75.3295 77.7330 77.0143 73.8735 65.9558 78.5226 81.9334 79.2893 74.4577 80.3062 64.4553 77.3761 70.8616 77.7229 68.9076 69.4386 80.3204 72.3614 66.1085 68.1515 94.3760 72.0032 5.7212 5.1313 6.7847 8.4106 8.0033 6.6332 10.2019 10.2447 7.6431 12.4887 13.9825 7.8291 16.6241 11.1498 12.2454 7.2563 5.2609 4.6677 10.9675 6.0456 4.9566 6.8098 8.3581 6.8341 8.6459 11.6431 7.0084 10.6663 8.9520 6.7627 17.2857 31.6479 35.4219 34.6810 19.3940 20.2580 40.4076 27.6130 19.5686 21.2125 31.5696 28.7958 28.8951 27.5284 32.5563 17.2633 24.3861 33.0849 26.4444 28.5182 25.9434 21.7783 25.0010 23.9340 23.3058 29.6088 20.9682 28.7801 19.6829 25.4527 58.8035 60.3138 59.3602 63.6234 55.1974 58.2626 62.8281 62.0414 61.3115 64.2107 57.8153 60.3088 58.7916 58.0042 59.7322 59.9999 73.4715 56.4383 59.9832 59.6671 63.7506 61.7254 59.3699 64.4016 59.9457 69.0935 59.6521 60.0453 60.0524 65.1883
6.5065 9.6138 6.7270 4.6121 6.7754 6.5255 2.4848 7.7427 6.4701 7.3904 3.4258 7.5993 5.6366 8.3653 5.5381 5.6089 8.2174 5.0432 6.3669 7.8548 8.2435 3.6764 0.0000 7.6713 5.1602 5.9146 5.8175 5.4586 8.7965 8.0266 81.7998 78.9473 70.1353 74.4701 74.7073 94.0412 69.6773 70.3097 74.7660 77.0301 76.3704 73.2618 65.2908 77.8523 81.2405 78.5311 73.7701 79.6468 63.9035 76.7055 70.2021 77.0877 68.2967 68.8825 79.6718 71.6592 65.5106 67.5940 93.5854 71.3264 5.0322 3.2822 7.0705 7.8277 8.0070 5.7318 9.5076 9.3754 7.8176 11.7262 12.8204 7.6038 16.1496 10.0646 12.1428 7.3828 4.2149 4.0937 10.5234 5.1452 4.6600 5.9455 8.3124 5.2561 8.9335 10.6217 6.4571 10.2568 8.0308 8.3340 17.1280 30.7468 34.4903 33.9981 18.5760 19.9510 39.4915 27.0359 19.1008 20.6953 30.7945 28.0025 28.0031 26.9175 31.8800 17.3479 23.8260 32.3529 25.7963 27.9731 25.3866 21.2128 24.5992 23.3742 22.6365 28.9160 20.3203 28.0283 19.1521 24.8497 58.3249 59.8794 58.8095 63.0754 54.8302 57.8070 62.3973 61.5364 60.8858 63.7608 57.3572 59.9336 58.3440 57.5611 59.2873 59.5336 72.8034 55.9550 59.5646 59.0863 63.2121 61.2876 58.8971 63.7346 59.4793 68.4487 59.2379 59.4785 59.7070 64.6227
6.0208 7.1200 5.3447 7.3890 5.5181 3.1105 7.9644 6.9160 5.6342 3.5957 5.4605 5.7530 5.8555 9.6978 3.1405 4.9008 3.1215 4.8798 6.0522 6.6666 4.9593 7.5689 7.6713 0.0000 5.4442 4.4708 7.5312 7.5679 5.0801 2.2082 82.1917 78.5012 69.4983 74.0769 74.0573 94.1000 69.4674 69.9116 74.5012 77.3573 76.3534 72.9519 64.5148 78.2302 81.3738 78.9244 73.4501 79.8980 63.4629 77.1642 70.1700 76.9251 67.6434 68.9435 79.8440 71.3081 64.4230 66.6776 93.6839 71.2046 6.9041 9.7258 6.4939 10.0498 11.1083 7.3559 8.5027 11.9307 6.3205 15.5575 15.8552 8.1435 15.3051 12.9339 11.6805 8.1555 9.3301 7.1509 12.5884 7.6431 6.6822 9.7791 7.7047 8.2454 6.6493 14.4259 9.3293 13.9295 8.6991 6.8098 15.6127 28.2013 31.4155 31.6385 16.5967 16.3042 36.2573 22.8420 16.9335 17.9602 27.5679 25.8628 25.1383 23.4133 29.8754 13.5126 24.2233 29.4483 23.1149 24.0163 23.2365 19.5005 21.3707 20.2399 19.9744 26.6978 19.2230 25.6246 16.7430 21.9967 57.8656 58.9073 57.9040 62.8101 53.9473 57.9163 61.1974 60.8876 59.7434 62.4085 56.5118 59.1708 57.7146 56.7563 58.4326 58.9799 72.7308 55.2888 58.9841 58.9815 62.5593 61.0601 57.8362 62.9551 59.2777 68.4138 58.2077 58.8944 59.0048 64.1929
3.7175 6.5046 4.3524 5.5156 4.1844 5.7523 4.8563 7.9754 6.3968 6.6183 4.9948 4.2305 4.1009 10.1596 4.9696 3.7332 6.1122 4.1117 6.3069 3.8773 7.2799 4.8589 5.1602 5.4442 0.0000 5.1694 7.7899 5.3983 4.6895 5.9793 84.4858 81.2429 72.4939 76.6652 76.7901 96.6896 71.9235 72.5547 77.0232 79.5996 78.7742 75.5095 67.6160 80.4929 83.7213 81.2359 76.1606 82.1951 66.2436 79.3471 72.6684 79.3959 70.5918 71.2962 82.1877 73.9965 67.5593 69.6644 96.2486 73.6886 6.8421 7.1748 7.5214 10.1153 11.1991 8.1190 11.1876 12.6413 8.2875 15.6540 16.6797 9.6817 18.0662 13.6065 13.5049 8.8156 7.4019 5.8375 13.1526 6.9895 5.8690 9.8338 8.6430 8.4592 8.1538 14.4105 8.3623 14.2502 10.6298 6.5923 18.3355 32.4384 35.9117 35.3430 20.1436 20.0765 40.3729 26.9976 20.5275 21.8163 31.1666 29.7232 29.4678 27.6795 33.8002 16.7128 26.4085 33.5922 27.2186 27.6978 26.9594 22.7969 25.1204 24.0537 23.7808 30.5837 22.5455 29.4611 20.2619 26.1079 60.4635 61.8197 60.9731 65.4371 56.5783 60.3194 64.1876 63.5893 62.6597 65.6259 59.2915 61.8441 60.3151 59.5595 61.2918 61.5751 75.3393 58.1327 61.4889 61.4939 65.4189 63.5118 60.8793 65.8559 61.9104 70.9211 61.1015 61.7195 61.8563 66.7913
6.6716 8.3620 3.1034 4.5832 3.8860 3.7755 5.9520 7.1853 4.7651 4.3249 4.0734 6.8257 6.6153 7.1964 2.9402 3.7047 6.2440 5.1357 4.4651 7.5114 7.3730 5.9716 5.9146 4.4708 5.1694 0.0000 5.8253 5.2580 6.1073 5.4395 80.8848 77.6214 68.7437 73.1105 73.2289 93.2226 68.3656 68.8496 73.4055 75.9986 75.2313 71.8553 63.9227 76.9882 80.2011 77.6597 72.4284 78.6168 62.5673 75.8578 69.0155 75.8661 67.0301 67.7271 78.6085 70.3655 63.9090 66.1058 92.8143 70.1774 5.4690 7.9118 5.3063 8.8604 10.6216 5.3610 7.9124 9.3712 6.7946 13.2663 13.6669 7.2589 14.7733 11.5584 11.9079 7.2958 7.8758 4.4030 10.9936 6.7512 5.9006 8.4104 7.8477 6.1233 7.5949 11.7857 8.6478 12.2948 7.5901 7.9732 15.6456 29.1400 32.6919 32.9856 17.5854 18.5467 38.3457 25.6137 17.3182 19.1031 29.7646 27.2124 26.5842 25.2229 30.4162 15.1376 22.8074 31.1035 24.0201 26.7113 23.6985 19.6263 23.0362 22.0285 21.1407 27.5902 19.1285 26.8902 18.5657 23.1544 57.1877 58.4703 57.5150 61.9318 53.4020 56.9026 60.9146 60.1550 59.4296 62.1006 56.0790 58.5085 57.0546 56.2995 57.9047 58.2746 71.7950 54.7307 58.2648 58.1418 61.9533 60.2024 57.5552 62.4758 58.3782 67.4330 57.8186 58.2195 58.3346 63.4745
7.9701 10.2838 6.8843 6.4545 7.4423 5.3648 6.7661 8.2263 5.4657 6.0310 5.2575 9.4677 8.0318 5.7991 5.8014 7.5718 8.3461 6.2742 6.6664 9.9981 9.0570 6.3002 5.8175 7.5312 7.7899 5.8253 0.0000 7.1447 10.3575 8.4671 79.0666 76.3400 67.3154 71.7927 71.9643 91.4830 66.9728 67.5307 72.0566 74.3512 73.8295 70.5310 62.6334 75.2189 78.6607 75.9078 71.0525 77.0351 61.2279 74.0548 67.5044 74.3549 65.5957 66.1444 76.9767 68.9513 62.8887 64.9557 91.0372 68.7654 5.2983 6.9175 5.7097 5.7613 7.7074 3.0766 7.2031 7.1704 5.9930 11.5327 10.4252 5.4773 12.7533 8.8220 10.9082 6.2930 5.2994 4.1390 7.0336 5.7192 4.8572 6.1042 6.7397 6.2535 7.4063 9.2774 6.9496 9.6573 6.5760 9.0571 14.2179 28.3984 32.3687 31.5228 16.4004 17.8123 37.7848 25.5681 16.3423 18.0358 29.2736 25.8343 25.8902 24.6100 29.3673 15.4594 21.4185 30.2688 23.1282 26.7406 22.4463 18.3998 22.3481 21.3362 20.1893 26.2453 17.1862 25.9540 17.1346 22.1808 55.4311 57.0333 55.8816 60.1859 51.9198 54.6287 59.7386 58.6877 58.0961 60.8920 54.5802 57.0484 55.5567 54.6155 56.3581 56.7092 70.0249 53.0358 56.8102 56.3670 60.3536 58.3520 56.1255 61.0897 56.4498 65.7984 56.3825 56.5072 56.8370 61.8757
8.0854 10.8806 4.8659 2.7595 4.2933 7.0283 4.7689 7.1823 8.4075 8.4951 5.9088 8.7663 7.5605 9.3165 5.4960 6.3525 8.8588 7.0243 3.8116 7.9717 9.9643 5.2922 5.4586 7.5679 5.3983 5.2580 7.1447 0.0000 7.7637 8.4775 82.9111 80.3565 71.6859 75.7109 76.0632 94.8667 70.9087 71.5327 75.9181 78.1238 77.5783 74.4476 66.9014 79.0516 82.3815 79.6566 75.0328 80.6791 65.4344 77.8993 71.5414 78.2151 70.1457 70.1649 80.6743 72.8839 67.1269 69.2889 94.4160 72.7479 8.1694 7.5988 8.8109 11.2003 11.1782 6.7722 11.4581 9.7865 10.0231 12.6538 13.9469 9.9006 17.9842 13.2958 15.4270 10.3825 8.3318 5.0776 13.0272 8.9483 7.6612 9.5494 11.0330 6.9080 10.9939 11.7604 10.6566 11.9240 9.8049 10.3850 19.4659 32.6583 36.2898 35.7643 20.7231 22.1669 40.9260 28.9470 21.0388 22.6754 32.2168 30.3618 29.7384 29.0657 33.9063 19.4158 25.4337 34.4062 27.4086 29.6722 27.1047 22.8815 26.7089 25.3397 24.5538 30.9248 21.8125 30.0398 21.7674 26.5795 60.1444 61.6581 60.7089 64.6374 56.6487 59.4322 64.4465 63.1393 62.7310 65.7095 59.2469 61.5675 60.1275 59.5420 60.7619 61.2076 74.2523 57.9115 61.4064 60.7690 64.9465 62.9459 60.9942 65.2633 61.2574 69.8788 61.1060 61.0869 61.4864 66.3001
5.7870 6.6796 5.0882 7.7984 4.9633 6.9057 8.2778 9.8944 7.8465 7.2082 7.6766 4.4900 6.7924 12.4735 5.9382 4.8055 6.5986 6.0870 7.9059 4.6882 7.7989 8.3166 8.7965 5.0801 4.6895 6.1073 10.3575 7.7637 0.0000 5.0221 85.9821 82.2150 73.3903 77.7433 77.7572 98.2549 73.1044 73.5704 78.1445 81.0294 79.9764 76.5975 68.4044 82.0074 85.0278 82.7028 77.2066 83.5970 67.1614 80.9089 73.9027 80.6377 71.4735 72.6384 83.6322 75.1411 68.0975 70.3498 97.8631 74.9243 9.3584 11.0301 9.2950 12.9307 14.4145 10.5087 12.5208 15.0214 10.1960 18.4472 19.2295 12.0323 19.5399 16.4089 14.9922 10.9284 11.1554 9.1083 15.7975 9.9175 8.8998 12.7476 10.6985 10.7650 9.5062 17.3457 11.5286 17.1098 12.7002 7.7238 19.4795 32.4854 35.4114 36.4004 21.2548 20.5910 40.6520 26.8892 21.1070 22.4453 31.8746 30.4687 29.4834 27.7529 34.0786 16.8328 27.8947 33.9737 27.6826 27.9861 27.7739 23.9204 25.7281 24.7292 24.6021 31.3208 23.8891 30.2183 21.2842 26.6379 61.7190 62.8070 62.0009 66.7125 57.6285 61.9140 64.7741 64.6659 63.5242 66.1609 60.3548 62.8999 61.4104 60.6500 62.4426 62.7429 76.6841 59.1818 62.5656 62.8536 66.4946 64.8181 61.7168 66.9370 63.2142 72.2668 62.0219 62.9231 62.8503 68.0831
6.2011 7.2587 6.4362 8.0991 6.6890 4.1862 8.2890 7.7352 6.1175 4.1899 5.9167 5.6398 6.0502 10.8385 3.8271 5.2876 3.5638 5.0464 7.1068 6.7495 4.5559 8.1085 8.0266 2.2082 5.9793 5.4395 8.4671 8.4775 5.0221 0.0000 83.0431 79.1502 70.1246 74.8308 74.7763 94.7803 70.2594 70.6725 75.2957 78.2246 77.0952 73.7444 65.0924 79.0737 82.1884 79.7535 74.1335 80.7293 64.1367 78.0249 70.9154 77.7431 68.2530 69.7421 80.7140 72.0587 64.9973 67.3037 94.4033 71.9308 7.5025 10.1060 7.3868 10.6195 11.6244 8.2105 9.0660 12.8001 6.9755 16.1562 16.5566 8.9345 16.0943 13.4560 11.7895 8.6953 9.8508 8.2243 13.4116 7.9789 7.4700 10.1558 8.2463 8.6717 7.2140 15.3133 9.7467 14.4032 9.2700 6.7621 16.1323 28.0949 31.1122 32.0236 16.7457 16.3820 36.1726 22.5780 17.1552 18.2484 27.7660 25.8687 24.9163 23.3273 29.7296 13.7239 24.8971 29.4924 23.2965 24.0160 23.6459 20.1324 21.6454 20.4376 20.3454 26.9329 19.7755 25.7575 16.7050 22.2405 58.5652 59.4607 58.3974 63.5047 54.6235 58.7009 61.7237 61.5838 60.3371 62.8189 57.0929 59.8348 58.3796 57.3567 59.1389 59.6770 73.4389 55.7902 59.6589 59.6523 63.1364 61.7825 58.3049 63.6087 59.9609 69.1280 58.7759 59.5403 59.5278 64.9429
84.7844 84.5599 82.7446 82.4754 83.6343 80.6469 82.5853 81.2799 79.8447 80.4582 80.8832 85.0560 83.5806 75.3052 81.7353 82.6784 82.7635 83.1139 81.5511 86.5056 82.2753 82.4914 81.7998 82.1917 84.4858 80.8848 79.0666 82.9111 85.9821 83.0431 0.0000 27.0709 30.9222 23.8238 25.3374 32.4364 26.2711 24.7569 22.7270 8.0013 13.6451 25.7699 35.7934 6.6422 9.5155 5.9159 23.0782 7.3004 36.1800 8.1910 21.5055 11.8353 35.7464 23.0105 6.1954 22.8897 38.8734 38.5825 31.3377 24.7401 78.9103 80.6471 78.1472 77.0683 77.5716 78.1009 74.7726 74.4210 78.4539 73.8841 71.9356 76.3581 68.4967 72.9585 74.9428 77.7651 80.3150 79.8922 74.1583 79.4824 80.0758 77.5111 78.6414 78.3159 79.8172 72.6597 79.4978 75.2461 75.5501 83.2707 69.8971 63.0470 65.0572 63.4248 70.4232 74.0692 70.2504 75.5847 68.1781 68.7060 72.3475 65.4760 68.1746 69.0845 63.3548 74.9968 59.0543 66.0545 64.8584 75.7920 63.2157 64.3820 69.6619 69.4765 67.3734 62.6695 65.6901 65.4437 73.5572 66.0983 30.6232 35.6613 34.7713 27.2637 39.5444 29.5278 42.7803 29.6876 35.9817 39.0617 35.7752 33.3362 31.6495 37.4539 31.8778 30.0101 17.8324 36.5416 34.0818 27.4565 29.2438 28.0278 40.5863 25.9499 30.3149 17.5087 36.3517 30.3785 33.4677 27.4551
81.3240 80.7355 79.5887 79.7190 80.5215 77.3662 79.6951 78.2722 76.4953 76.9098 77.7881 81.4000 80.2292 72.8825 78.4627 79.0231 78.9771 79.6935 78.6230 83.0954 78.2573 79.6157 78.9473 78.5012 81.2429 77.6214 76.3400 80.3565 82.2150 79.1502 27.0709 0.0000 18.9162 9.6494 9.1448 41.2020 11.9663 10.6402 9.5771 24.9947 25.0054 8.6204 24.8248 24.9394 25.6428 27.3432 8.2544 26.3196 26.3370 25.7511 12.3166 25.1618 24.5431 14.1677 25.7592 10.4245 25.9426 25.3044 40.8430 10.0898 75.4934 78.0073 74.8213 74.3134 74.6853 75.4400 71.3657 72.3130 74.9957 72.0980 70.2028 73.2039 65.0811 70.0734 70.9766 74.3573 77.7113 77.2772 71.7299 76.4546 76.8229 74.5154 75.2957 75.4378 76.3430 70.8581 76.1755 72.9626 72.5028 79.4819 66.0303 57.0518 58.2945 58.5977 66.5418 69.2263 64.1119 69.5045 63.9072 64.4203 67.4124 60.2769 62.7784 63.2569 56.8311 70.2689 56.2734 59.1840 60.0243 70.2548 58.9582 60.3843 64.0598 64.7062 62.6353 57.4517 62.4414 59.4742 68.8509 61.3058 28.2257 25.5973 27.8728 20.3877 30.3834 31.8775 31.1937 21.7667 25.6244 26.4997 29.7564 26.1780 30.3157 28.0008 27.6829 28.0946 19.6632 30.0669 26.9483 29.6536 22.4154 28.9131 30.9586 24.7246 26.6601 24.1079 26.4808 24.7431 27.2882 19.5354
72.3825 71.7926 70.6772 70.8023 71.5757 68.3660 70.9558 69.2897 67.5878 67.7784 68.8436 72.4954 71.3796 64.0578 69.4738 70.1107 69.8665 70.8344 69.7099 74.2680 69.2430 70.7482 70.1353 69.4983 72.4939 68.7437 67.3154 71.6859 73.3903 70.1246 30.9222 18.9162 0.0000 18.7842 16.8676 44.0166 18.8828 16.2040 18.9301 28.5353 27.6100 17.4605 9.3073 28.0397 30.5964 30.5274 16.2413 30.1348 10.6895 28.8088 17.3044 28.4207 9.6955 18.4116 29.5511 16.9076 11.5379 11.1475 43.2586 18.0505 66.4398 69.2185 65.8640 65.2401 65.7542 66.4143 62.2351 63.4683 65.8269 63.2228 61.1900 63.9582 55.6133 61.2040 61.7730 65.2702 68.8709 68.3866 62.5601 67.5970 67.8665 65.5181 66.3020 66.5399 67.2679 62.1299 67.1484 63.9602 63.3533 70.4817 56.5071 47.6082 48.9341 48.7084 56.9872 59.7138 54.9061 59.8448 54.6888 55.1253 58.1810 50.7037 53.4494 53.6144 46.2908 61.0267 47.5828 49.2156 50.3429 60.8597 49.1080 51.5008 54.1858 55.4205 52.9661 47.4554 52.8433 50.0482 59.1700 51.5388 23.5233 19.5778 20.2677 17.0989 24.8942 24.4140 18.5515 18.8527 20.5708 16.8894 23.2213 21.7963 25.4510 20.9682 20.7919 23.9817 19.9775 22.4361 22.5171 24.0989 18.4747 24.0962 18.9200 21.7524 18.8271 23.5895 20.8356 19.1311 19.6905 17.0502
76.7709 76.1868 74.9807 75.1834 75.9622 72.8532 75.1903 73.8300 71.8921 72.4917 73.3603 76.8692 75.6527 68.0649 74.0481 74.5386 74.5604 75.2774 74.0825 78.4964 73.9608 75.0288 74.4701 74.0769 76.6652 73.1105 71.7927 75.7109 77.7433 74.8308 23.8238 9.6494 18.7842 0.0000 5.1064 39.3445 7.9991 7.2731 3.9465 20.7150 19.8096 7.9794 24.0409 20.3988 21.4472 23.5906 8.3748 21.8801 24.9131 20.6694 9.0135 20.3432 24.3321 10.0878 21.5206 7.3933 25.2444 25.0775 38.9607 6.7763 71.0480 73.4736 70.2007 69.7723 70.2165 70.9101 66.9830 67.7922 70.5111 67.6804 65.7957 68.6917 60.5572 65.5443 66.5861 69.8514 73.1329 72.6379 67.1014 71.9216 72.2397 70.1860 70.7227 71.0634 71.7037 66.1676 71.6534 68.6585 68.1013 74.9598 61.5705 54.0028 55.8967 54.9636 62.4099 65.0380 61.4058 65.9509 59.5523 60.3023 63.5991 56.8297 59.7068 59.7737 54.0240 65.8012 51.5012 56.2531 56.1208 66.4497 54.8240 56.0127 60.1017 60.5804 58.5682 53.7238 58.3000 56.0066 64.9413 57.4704 23.0420 21.2603 24.8200 15.2379 25.7726 26.8262 28.9152 17.0657 21.4719 25.0405 24.6743 20.7212 25.1711 24.1503 21.7912 22.1514 14.9574 25.7955 21.6884 23.7240 18.2175 22.2740 27.8820 19.7032 22.4415 18.9905 22.5021 19.9528 23.5042 14.5578
