0.0000 7.2111 8.8318 7.7460 8.1240 7.6158 9.3808 9.8995 7.3485 8.4853 8.7178 9.5917 7.0711 8.0000 8.7178 8.9443 8.7178 9.1652 7.0711 6.7823 10.0000 9.3808 9.7980 7.3485 6.6332 5.0990 7.7460 9.7980 6.0000 7.8740 16.5831 17.0880 16.8523 14.8997 14.5602 17.2337 15.3297 12.5300 14.8997 16.4621 15.9687 14.7309 16.7332 14.4568 16.4621 14.7309 16.5831 16.6132 16.2481 14.1421 17.0294 17.2047 15.5242 16.9411 14.6629 15.0997 15.2643 11.7047 14.0357 12.7279 9.0554 8.1240 8.2462 6.4807 7.0711 6.1644 9.3808 8.3666 9.7980 8.1240 8.1240 11.0454 7.8740 9.0554 8.2462 10.1980 9.5917 11.3137 8.1240 8.9443 8.3666 9.8995 9.6954 7.3485 8.9443 10.5830 10.3923 8.8318 7.7460 7.8740 11.5758 9.5917 11.1355 12.8841 10.1980 10.5830 8.6023 7.6158 9.5917 11.4018 10.5830 11.5758 11.4891 14.3527 10.3923 7.7460 14.2127 10.2956 12.4097 9.6954 14.4914 11.6619 9.3808 13.1149 10.7703 11.9164 9.7980 10.6771 11.3137 10.1980 15.3623 16.3707 14.0000 15.2315 14.5602 16.0312 15.1658 13.9642 14.2127 14.0000 13.2665 15.1658 14.5602 17.2627 14.6969 15.0333 16.2481 16.4317 13.8564 12.7279 15.4272 13.8564 15.4272 15.6205 14.1421 13.6382 15.9374 16.9706 16.0935 14.4222
7.2111 0.0000 11.6619 8.4853 10.7703 7.4833 12.6491 9.0554 8.7178 10.2956 10.0000 12.4097 7.3485 9.8995 6.7823 11.4891 10.4881 8.8318 7.7460 7.7460 9.6954 11.4891 9.1652 9.8995 8.7178 7.8740 8.4853 10.6771 7.3485 10.4881 15.6525 16.5529 15.6844 13.9284 13.5647 15.9060 14.3875 13.2288 13.8564 14.9332 13.8203 14.1067 14.9666 13.0767 15.9687 14.1067 14.7986 15.1658 15.0333 12.4900 15.7480 15.8114 14.7309 16.0312 14.6629 13.9284 14.2478 11.7047 13.1529 12.0000 7.8740 10.0000 6.6332 7.7460 9.3808 7.3485 8.2462 7.3485 11.7473 8.2462 5.4772 9.0554 8.3666 8.7178 9.6954 9.3808 9.2736 10.6771 9.7980 10.8628 9.7980 8.6023 8.9443 9.4868 9.1652 10.8628 10.9545 6.9282 10.8628 10.7703 10.9545 8.0000 11.9164 10.4881 7.2111 9.7980 9.6954 7.8740 8.6023 10.9545 11.1355 9.6954 11.7473 14.2829 8.3666 7.7460 14.4222 9.5917 12.8841 9.2736 12.8062 9.3808 10.0995 11.4018 10.5830 10.2956 8.2462 9.5917 11.4891 9.0554 14.7648 15.2315 13.6382 15.0333 13.4164 14.3178 14.0000 14.3178 13.2665 12.8062 12.8062 13.7113 12.8841 15.6844 13.7840 13.5647 15.0333 15.0997 12.4097 11.4018 14.6287 13.1149 14.5602 14.9666 12.8062 12.5698 14.5602 15.5563 14.9332 13.3417
8.8318 11.6619 0.0000 10.2956 6.3246 8.7178 9.1652 7.6158 8.9443 7.2111 10.1980 10.1980 7.4833 7.2111 11.0454 10.5830 9.8995 12.1655 8.0000 9.5917 10.0000 9.1652 12.0000 5.2915 6.4807 6.0000 11.5758 8.0000 8.3666 7.7460 17.8045 18.3848 18.1108 16.1245 15.5563 17.9165 17.0587 15.1987 16.2481 17.2916 17.4642 15.1327 18.2757 15.0000 17.4642 16.1555 17.7482 17.3205 18.0000 14.8324 18.1659 18.1659 16.9411 17.4069 15.2643 16.0624 17.1756 13.1529 15.8430 12.9615 9.4868 8.6023 9.3808 8.6023 9.4868 9.7980 11.2250 10.0995 6.9282 11.0454 12.0000 13.4164 9.0554 9.2736 8.0000 10.1980 12.0830 9.7980 10.0995 7.4833 10.0995 10.4881 9.1652 9.7980 9.3808 10.4881 10.2956 9.5917 6.6332 9.1652 13.4164 13.4907 11.4018 14.4222 11.6619 10.3923 9.3808 10.0000 10.8628 11.0454 11.5758 11.8322 9.4868 15.2315 14.2127 8.8318 13.0384 11.4891 12.0000 11.4018 14.3527 15.5563 11.4891 14.0000 11.0454 12.8062 13.9284 10.9545 11.9164 12.6491 15.6205 18.1108 13.4907 16.1864 16.0000 16.2173 15.6844 12.8452 15.8745 15.4919 13.9284 16.2481 16.3707 18.4391 17.6068 16.3707 16.7332 17.3205 15.8745 14.6287 16.7929 16.4317 16.0000 16.1245 15.3623 14.0000 17.9444 17.8326 18.1934 15.7480
7.7460 8.4853 10.2956 0.0000 8.7178 8.9443 13.0384 11.4018 6.3246 9.2736 12.0000 10.0995 9.1652 9.1652 9.2736 8.0000 11.8322 9.4868 10.3923 9.8995 11.9164 12.2474 10.5830 9.1652 7.7460 8.0000 10.9545 9.5917 8.2462 8.8318 15.5885 15.9374 15.0333 13.2665 14.3527 14.5258 13.6748 12.6095 14.6969 15.1327 14.1774 13.8203 15.3623 12.5300 14.8661 13.0767 14.3875 15.1658 15.7480 12.3288 14.2829 15.0997 13.8203 15.9687 14.1067 13.0384 15.0000 10.5357 13.1529 11.1355 9.2736 10.0000 9.4868 7.8740 10.1980 7.4833 9.6954 11.4018 10.9545 7.6158 8.8318 10.0000 8.1240 8.6023 9.5917 10.1980 10.4881 11.7473 8.3666 9.3808 8.9443 10.8628 7.8740 9.3808 9.2736 10.6771 9.1652 9.1652 10.0995 11.6619 11.5758 10.0995 10.3923 12.3288 9.3808 9.6954 10.0995 7.2111 9.8995 8.7178 7.2111 8.6023 7.7460 11.5758 8.9443 4.4721 9.8995 8.9443 9.0554 8.9443 10.0995 10.9545 9.6954 10.9545 9.3808 8.9443 10.7703 10.9545 8.7178 9.5917 14.0000 15.7480 13.0384 14.8324 13.1909 13.9642 13.7840 13.3041 13.7840 12.1655 11.4891 14.3527 13.1909 16.2481 13.5647 13.7113 14.0000 14.4222 11.8322 13.1149 14.6969 12.6491 13.7840 13.6382 14.3527 12.7279 14.9666 15.3623 16.0312 13.4907
8.1240 10.7703 6.3246 8.7178 0.0000 7.2111 9.0554 8.7178 7.3485 5.0990 9.8995 6.9282 7.8740 6.4807 9.8995 8.1240 10.3923 11.6619 9.1652 9.0554 9.7980 7.8740 9.7980 4.0000 5.0990 7.8740 12.0830 6.7823 6.3246 6.7823 17.8045 18.9209 18.0000 16.3707 16.1245 17.8045 16.5831 15.3297 16.5529 17.0000 17.9165 15.7162 18.2757 14.5945 17.3494 16.5831 17.3494 17.8326 17.3781 15.2971 17.6635 17.8326 16.6433 17.7482 15.8430 16.1864 17.0000 12.5300 16.0935 14.3527 8.0000 6.0000 10.2956 7.6158 8.7178 8.9443 11.6619 11.5758 7.0711 9.4868 11.3137 12.0000 10.5830 9.0554 7.8740 12.0000 10.3923 11.3137 10.7703 7.7460 8.3666 11.0454 9.5917 9.2736 8.1240 10.6771 8.9443 10.0000 8.4853 8.1240 15.2315 13.4907 13.6382 15.3623 11.8322 12.6491 11.5758 9.7980 11.5758 12.8062 12.6491 11.9164 10.7703 14.8324 13.5647 8.9443 13.5647 12.7279 13.9284 12.2474 14.1421 14.8324 12.6491 14.6969 12.6491 12.4900 14.6287 12.5698 12.8841 13.4907 15.7480 18.4391 15.0333 16.5529 16.0000 16.0935 15.4919 13.8203 16.2481 14.9666 13.5647 16.6733 16.2481 18.4391 17.2047 15.9374 16.3707 17.0294 15.1658 15.3623 17.0880 15.8745 16.2481 16.6132 15.9374 14.0000 17.3781 17.7200 18.0278 14.9666
7.6158 7.4833 8.7178 8.9443 7.2111 0.0000 11.0454 7.0711 8.2462 7.3485 10.7703 9.3808 5.6569 8.2462 7.4833 10.2956 12.1655 10.3923 7.4833 8.1240 9.0554 9.0554 10.1980 6.4807 6.6332 7.2111 10.1980 7.4833 6.1644 6.7823 17.7482 18.4932 18.0000 16.2481 16.1864 17.9165 16.7631 15.3948 15.6205 17.0587 16.7033 15.6525 17.1464 14.9332 17.4642 16.2788 17.2337 17.4356 16.9115 14.6287 18.3303 18.0555 16.8819 17.1756 15.7162 16.1245 17.0000 13.5277 15.8430 14.1421 6.4807 8.3666 7.4833 8.6023 10.2956 9.5917 9.3808 9.7980 10.0995 9.7980 9.5917 9.5917 10.5830 8.0000 8.7178 10.9545 9.3808 10.0995 11.4018 9.4868 8.4853 11.5758 9.6954 10.5830 8.7178 12.4097 10.0995 9.6954 10.0000 10.4881 14.1421 11.3137 12.7279 13.9284 9.8995 11.4018 10.1980 7.2111 10.2956 12.8062 12.4900 11.7473 11.4018 15.7480 12.5698 8.4853 14.4914 11.1355 14.1421 11.4018 14.4914 11.8322 12.6491 14.4914 12.0000 10.9545 12.3288 11.1355 13.5647 12.6491 16.1864 17.2627 15.0333 16.4924 15.4919 15.8430 15.2315 14.5945 15.9374 14.6969 13.9284 15.8745 14.9666 17.6635 16.4317 15.4919 16.4924 16.9115 14.7648 13.4164 16.3095 15.4919 15.6205 16.4317 14.8324 12.8841 16.3707 17.0880 16.7631 15.0333
9.3808 12.6491 9.1652 13.0384 9.0554 11.0454 0.0000 12.7279 10.2956 9.0554 10.8628 13.0384 9.6954 7.7460 12.7279 10.8628 11.1355 12.1655 11.7473 11.3137 10.9545 6.6332 12.7279 8.8318 9.4868 9.0554 11.4018 10.8628 9.7980 8.0000 17.8045 19.0263 18.9209 16.1245 15.7480 19.1572 17.4642 14.3875 16.3095 17.8045 18.3576 15.7162 18.6548 16.4621 17.5784 17.4069 17.5784 18.2209 17.3781 15.6844 19.0263 18.4932 17.6352 17.9165 15.1987 16.9706 17.0000 14.1774 16.5227 14.9666 11.3137 7.8740 11.6619 9.2736 9.7980 10.5830 12.8841 12.0830 7.6158 12.5698 11.8322 13.4907 11.3137 11.7473 10.0000 14.2829 14.0000 11.8322 11.7473 8.3666 8.7178 12.0830 12.7279 11.4018 11.4891 12.3288 13.5647 12.1655 8.7178 5.8310 15.9374 15.3623 15.2315 16.4924 13.6382 14.2127 12.4097 12.1655 12.9615 15.4919 15.0333 13.5647 14.3527 16.0624 15.2971 12.9615 16.9115 15.4272 15.8114 14.0712 17.2627 15.8745 13.1909 14.7648 13.6382 16.2481 15.4272 14.1421 14.0712 14.1421 16.5529 18.3303 15.0997 16.3707 16.4924 17.2916 16.4924 13.8924 16.0000 16.7929 14.8324 16.6733 17.2627 18.5472 17.6068 16.6733 17.7200 17.7200 16.6132 15.4272 16.5529 16.0000 16.3707 17.8326 15.6844 14.8997 17.6635 18.7617 17.6918 15.7480
9.8995 9.0554 7.6158 11.4018 8.7178 7.0711 12.7279 0.0000 10.0000 10.0995 11.1355 12.3288 7.3485 9.1652 10.0000 13.5647 10.8628 11.4018 5.2915 9.3808 10.3923 10.8628 9.7980 6.6332 9.2736 8.4853 11.3137 8.9443 9.1652 9.4868 18.4120 19.1833 18.8680 17.0880 16.0624 18.3576 17.5784 16.8226 16.6733 17.3494 17.7482 15.9060 18.1108 14.7309 18.1934 16.6433 18.0278 17.7764 18.0000 15.6844 19.0788 18.6548 17.7482 17.9722 16.3401 16.7332 17.4642 14.1067 16.2173 13.9284 8.4853 11.0454 8.3666 9.8995 10.1980 10.5830 10.7703 9.0554 10.3923 11.9164 10.8628 13.1149 10.9545 9.1652 10.3923 8.7178 11.6619 9.0554 12.3288 11.1355 11.7473 10.1980 10.2956 11.8322 9.6954 11.2250 11.6619 8.6023 9.1652 12.0000 14.4222 12.4900 12.6491 13.7113 10.9545 10.5830 9.7980 10.2956 11.0454 12.0000 13.1909 12.0830 11.4018 16.8523 13.7113 9.2736 14.6969 11.3137 13.8564 12.5698 14.1421 14.4222 12.9615 14.9666 12.3288 11.9164 13.7113 10.4881 13.6382 12.8062 16.7929 18.2757 14.6969 16.9115 16.2481 15.8430 16.1245 14.5258 16.6733 15.8114 15.5563 16.3095 16.2481 18.6548 17.5499 16.6733 16.6733 17.7200 15.7480 14.4914 17.3781 17.1464 16.6733 16.5529 15.4272 14.0000 17.6635 18.0000 18.0278 15.5563
7.3485 8.7178 8.9443 6.3246 7.3485 8.2462 10.2956 10.0000 0.0000 8.7178 12.4900 9.6954 8.6023 6.9282 8.7178 9.1652 10.3923 10.0000 9.1652 10.0995 12.0000 10.1980 11.4891 8.0000 7.8740 7.8740 9.4868 9.6954 7.4833 7.4833 16.4621 17.3205 16.9115 14.7648 14.9666 16.6433 15.1327 13.6748 15.2315 15.5885 16.0935 14.3178 16.7332 13.8203 16.0312 14.8661 15.7162 16.7929 16.5529 14.1421 16.1864 16.1245 15.5242 15.9060 13.6748 14.4914 15.9060 12.1244 14.0357 11.8322 8.4853 9.1652 10.5830 8.0000 9.3808 7.3485 11.9164 11.5758 9.1652 9.4868 9.7980 10.7703 7.7460 7.6158 9.8995 11.2250 10.3923 11.0454 9.5917 8.2462 8.9443 10.3923 8.9443 8.7178 10.5830 11.2250 11.1355 9.4868 9.2736 10.2956 11.9164 11.3137 9.6954 13.2665 9.7980 9.6954 8.4853 8.2462 11.0454 10.2956 9.6954 8.7178 9.1652 12.8062 10.9545 7.0711 11.4018 10.8628 10.9545 9.4868 11.8322 12.0830 11.0454 11.4891 9.0554 11.1355 11.8322 11.6619 10.5830 10.1980 14.8997 17.0294 13.3417 15.0333 14.5602 14.6629 14.6287 12.6886 14.3527 14.0000 11.9164 15.4919 15.2315 17.6068 15.6844 14.4914 15.2315 15.2971 13.4164 13.7840 14.8324 14.9666 14.8324 14.8324 14.8324 13.0384 16.1245 16.9706 16.7033 14.1421
8.4853 10.2956 7.2111 9.2736 5.0990 7.3485 9.0554 10.0995 8.7178 0.0000 10.4881 8.1240 6.4807 7.8740 9.7980 9.2736 12.2474 11.5758 10.2956 8.2462 8.0000 8.7178 10.2956 6.1644 5.0990 7.4833 12.9615 6.9282 6.7823 8.0000 17.1756 18.3848 17.2047 15.9374 15.4272 17.2916 15.8430 14.4568 15.2971 16.9411 16.8226 15.5885 17.8326 14.9332 16.7033 16.6433 16.3401 16.6132 16.7929 14.6287 17.6635 17.6068 15.8430 16.7631 15.7162 16.1864 17.0587 12.5300 15.9687 13.7840 8.8318 6.0000 8.7178 7.3485 10.3923 10.0995 10.5830 10.3923 8.2462 8.2462 10.3923 11.2250 10.2956 7.8740 7.0711 12.9615 10.8628 11.1355 10.2956 7.6158 8.3666 11.4891 9.4868 9.3808 7.2111 12.0000 7.6158 9.4868 9.2736 8.0000 14.1421 12.8841 14.2127 14.8997 10.9545 12.7279 12.0830 9.5917 10.8628 13.4907 13.1909 12.0830 11.2250 15.4919 13.6382 9.5917 14.3527 12.5698 14.7648 11.6619 15.0333 14.4914 12.5698 14.2127 12.4900 12.8062 13.7840 12.1655 12.9615 13.5647 14.7648 17.4929 14.5602 16.2481 15.5563 16.1555 14.8324 13.3791 15.8745 14.3527 12.3288 15.6205 15.6844 17.0294 16.4317 15.3623 16.0000 16.6132 14.6287 14.1421 16.1864 15.0333 15.8114 16.5529 14.9666 12.8841 16.4317 17.0294 16.9411 15.0997
8.7178 10.0000 10.1980 12.0000 9.8995 10.7703 10.8628 11.1355 12.4900 10.4881 0.0000 13.0384 10.5830 10.0995 9.7980 10.0995 8.4853 11.6619 10.2956 7.8740 9.1652 10.0995 10.0000 9.5917 7.8740 8.2462 10.4881 10.0995 7.4833 11.8322 16.8819 17.7764 17.6068 14.8997 15.1658 17.2337 16.5227 13.7477 15.8114 16.5831 16.1555 15.4596 18.0555 13.9642 17.1172 16.1555 16.8819 16.2481 17.0880 13.4907 16.6132 17.7764 16.2173 19.1572 16.1555 14.8324 15.1987 11.8743 13.8203 14.8997 10.0995 7.2111 9.1652 9.4868 6.3246 8.6023 9.4868 8.7178 10.2956 9.5917 9.6954 12.4900 11.1355 12.4900 8.0000 11.3137 12.0830 12.4900 10.2956 10.5830 9.8995 9.5917 11.1355 9.4868 9.1652 7.2111 13.0384 9.5917 10.4881 7.3485 13.9284 11.2250 14.8324 12.2474 11.4891 12.3288 12.5698 10.4881 8.8318 12.6491 13.7113 12.5698 13.2665 14.2127 10.8628 10.4881 15.7480 10.9545 14.2829 11.7473 14.7648 12.8062 9.5917 13.7113 14.4914 12.5698 11.6619 9.8995 12.4097 11.6619 15.6844 17.4929 14.6969 16.6733 15.6205 16.7631 15.8745 15.4596 15.4272 14.6969 15.0997 15.7480 14.8324 17.4356 16.1245 15.2315 16.9706 16.6733 15.4919 13.7840 17.0294 14.3527 16.1245 16.7929 15.2315 14.9666 17.7764 16.9706 16.7631 15.2315
9.5917 12.4097 10.1980 10.0995 6.9282 9.3808 13.0384 12.3288 9.6954 8.1240 13.0384 0.0000 10.0000 10.3923 11.6619 9.6954 12.8841 15.0333 11.2250 11.4891 12.3288 11.0454 14.0712 8.7178 7.7460 10.2956 14.2127 11.5758 8.4853 10.6771 18.6815 19.6469 18.0555 18.3848 17.5499 19.0000 17.1756 16.5831 17.7200 18.4120 18.8414 17.8606 19.0788 16.3401 19.0000 17.6918 19.1572 18.9737 18.0000 17.0294 18.4391 18.9209 16.7631 18.1384 17.3494 17.5499 17.9722 14.1774 17.5214 15.9374 9.7980 9.2736 12.9615 10.2956 12.4097 10.5830 13.7113 14.7648 10.1980 11.1355 13.9284 13.6382 12.5698 11.0454 10.0000 14.0712 8.2462 14.7648 11.5758 9.3808 11.3137 13.8564 10.2956 9.1652 10.4881 14.5602 9.5917 12.7279 12.2474 12.0830 15.3623 14.0712 14.6969 17.4356 13.2665 14.6287 12.7279 12.0830 13.3417 14.2127 13.1909 15.2315 12.8062 17.4929 15.3623 11.0454 15.0333 14.9666 16.1245 13.0384 16.9115 16.0624 14.6969 16.8523 13.2665 14.5602 15.2315 15.2971 15.5563 15.8114 16.7929 18.7083 16.7929 17.7764 16.9706 17.9722 16.6132 15.6525 16.7332 15.1658 14.4222 18.0000 17.0880 18.9737 18.0555 17.2047 17.9444 18.8149 16.1864 16.3707 18.2757 16.9115 18.0555 17.5499 17.0880 15.4919 18.2757 18.7083 19.2094 16.7332
7.0711 7.3485 7.4833 9.1652 7.8740 5.6569 9.6954 7.3485 8.6023 6.4807 10.5830 10.0000 0.0000 8.6023 9.1652 10.6771 11.5758 8.4853 6.9282 7.0711 6.4807 9.2736 9.7980 6.3246 7.0711 5.6569 10.0995 8.8318 6.9282 7.3485 16.8226 17.6068 16.9115 15.6205 14.6287 17.2337 15.3948 14.5258 14.7648 16.7631 16.3401 15.1327 16.8523 14.4568 16.5227 15.5885 16.3401 16.2481 16.2481 14.1421 17.8885 17.4929 15.5885 16.0935 15.1987 16.0624 16.4621 12.6886 15.3297 12.7279 8.4853 8.4853 5.6569 7.6158 10.2956 8.9443 8.7178 8.6023 9.3808 9.1652 8.8318 11.1355 9.3808 6.9282 8.7178 10.3923 9.1652 7.2111 10.0000 7.6158 9.4868 10.3923 8.9443 9.3808 7.4833 11.9164 8.7178 7.0711 7.3485 9.6954 12.1655 11.4018 12.8841 13.7113 9.6954 10.7703 9.8995 8.6023 9.4868 12.0000 12.0000 12.0830 10.8628 14.9666 12.7279 8.4853 14.0712 11.5758 13.4907 10.8628 14.6969 13.1149 11.5758 13.3417 10.1980 12.4097 12.1655 10.7703 12.4900 12.4097 14.9666 16.3707 13.4907 15.8745 14.5602 15.5242 14.6969 13.3791 14.6969 14.0712 13.4907 14.7648 14.8997 16.6733 15.7480 15.4919 15.6844 16.6132 14.0712 13.0384 15.2971 14.7648 15.3623 15.8114 13.7840 12.4900 15.6205 16.5529 16.1555 15.0333
8.0000 9.8995 7.2111 9.1652 6.4807 8.2462 7.7460 9.1652 6.9282 7.8740 10.0995 10.3923 8.6023 0.0000 9.2736 9.5917 9.2736 11.8322 9.1652 10.3923 11.4891 6.1644 10.5830 6.0000 7.4833 7.3485 10.5830 8.1240 7.7460 6.9282 16.4621 17.6068 17.2627 15.0333 14.8997 16.8226 15.9060 13.3041 15.2971 16.0935 16.0312 14.4568 17.0880 13.6748 15.9687 15.2643 15.6525 16.7929 16.0000 14.0000 17.1464 16.4317 15.3297 16.3401 13.8924 14.0000 15.5885 12.2882 14.1774 13.0384 6.6332 7.4833 9.2736 7.2111 7.4833 7.7460 11.0454 10.1980 4.8990 9.8995 9.5917 11.3137 8.9443 8.4853 7.2111 10.5830 12.1655 11.4891 9.1652 8.1240 6.4807 10.0995 9.1652 9.2736 9.2736 10.3923 11.4018 10.1980 8.3666 7.3485 14.4222 12.0000 11.3137 13.6382 11.1355 10.9545 9.2736 8.9443 10.7703 11.4891 11.3137 10.0000 10.7703 14.7648 12.4900 8.7178 13.4164 11.8322 12.9615 11.1355 13.7113 12.9615 11.5758 13.4907 11.6619 11.4018 12.2474 11.3137 11.9164 11.1355 14.8324 16.6132 13.4164 14.7648 14.4222 15.1327 14.8324 11.7898 15.0997 13.9284 12.4900 14.6287 15.0997 16.7929 15.9374 14.7648 15.5563 15.8745 13.7840 13.4164 15.1658 14.7648 14.5602 15.3623 14.0712 12.6491 16.0000 16.8523 16.5831 13.5647
8.7178 6.7823 11.0454 9.2736 9.8995 7.4833 12.7279 10.0000 8.7178 9.7980 9.7980 11.6619 9.1652 9.2736 0.0000 10.8628 11.8322 10.3923 10.1980 7.8740 10.2956 11.9164 11.3137 10.3923 8.2462 8.6023 10.5830 9.7980 5.4772 11.4018 16.8819 17.7200 17.4929 15.5563 15.6205 16.9411 16.3401 14.5945 15.2315 15.7797 15.0000 15.3948 16.9706 13.8924 16.9411 16.1555 16.0312 16.3707 17.3205 13.7113 16.6132 16.9706 16.0312 17.5784 15.1987 14.7648 16.0312 12.6095 13.3791 13.6382 7.7460 8.1240 8.2462 10.2956 9.4868 8.4853 10.2956 8.9443 11.4891 8.8318 9.3808 9.4868 9.7980 8.3666 9.3808 11.8322 11.3137 12.6491 11.3137 11.2250 8.4853 11.8322 9.7980 8.0000 8.7178 11.1355 12.8062 9.3808 12.6491 11.0454 11.2250 7.4833 10.5830 9.5917 7.4833 9.5917 10.9545 6.0000 8.1240 10.4881 11.7473 9.2736 11.2250 13.3417 8.7178 8.3666 13.7113 8.9443 13.4164 7.6158 12.5698 8.6023 10.1980 12.0000 11.9164 8.3666 8.0000 8.2462 12.4900 8.9443 15.5563 17.0880 14.2127 16.4317 15.1658 15.8430 15.1658 14.5258 15.4919 13.9284 13.5647 14.9666 14.6287 17.2047 16.3095 14.0000 16.3707 15.6844 14.5602 11.8322 15.6844 14.9666 15.4272 15.7480 14.8324 12.8841 16.9115 16.7929 16.4621 14.7648
8.9443 11.4891 10.5830 8.0000 8.1240 10.2956 10.8628 13.5647 9.1652 9.2736 10.0995 9.6954 10.6771 9.5917 10.8628 0.0000 10.9545 11.7473 12.8062 10.4881 11.0454 10.8628 12.6491 9.4868 7.2111 9.1652 10.3923 9.2736 7.3485 9.7980 15.8430 16.3707 16.5529 13.5647 15.4272 16.2788 14.7309 13.1529 14.9666 15.4596 15.6525 14.3875 16.7332 13.3041 15.4596 14.1774 15.5242 16.7332 15.9374 12.4900 14.7648 16.6132 15.2643 17.1172 14.0357 14.3527 15.1327 11.3578 13.8924 13.8564 9.4868 7.0711 11.1355 8.9443 8.6023 7.6158 11.0454 13.2665 9.6954 7.8740 11.2250 9.6954 10.6771 10.9545 8.1240 13.8564 10.2956 12.8841 10.0995 8.8318 8.6023 11.7473 10.5830 9.7980 10.9545 9.8995 10.5830 11.2250 10.3923 8.8318 14.6969 13.4164 14.5602 15.1658 12.6491 13.2665 13.3417 9.5917 11.1355 12.4097 11.8322 11.4018 10.4881 10.3923 12.1655 9.4868 11.4018 12.2474 12.2474 11.8322 13.1149 12.9615 11.5758 13.1909 13.0384 12.1655 13.3417 12.8841 11.8322 12.7279 14.5602 17.0880 14.2127 15.2971 14.1421 15.0000 14.3527 14.2478 14.5602 13.4164 12.5698 15.5563 14.0712 17.3781 15.4919 13.4907 15.0997 14.5602 13.7113 14.2127 15.1658 13.6382 13.9284 15.2971 15.1658 13.7840 16.3095 15.3623 16.0312 14.3527
8.7178 10.4881 9.8995 11.8322 10.3923 12.1655 11.1355 10.8628 10.3923 12.2474 8.4853 12.8841 11.5758 9.2736 11.8322 10.9545 0.0000 13.3417 8.4853 10.6771 12.4097 11.0454 11.8322 9.4868 9.1652 8.8318 7.8740 11.8322 9.4868 11.5758 15.6525 17.4356 17.2627 14.0712 13.8564 17.0000 15.0665 13.1529 14.6969 15.0000 16.1555 14.5945 17.5499 13.6748 16.5227 14.7986 16.3401 16.6733 16.1864 13.6382 16.1864 16.5529 15.6525 16.8819 13.9642 14.3527 14.0357 11.0000 13.5277 12.9615 9.8995 10.5830 12.0000 8.0000 6.4807 7.0711 12.0830 10.0000 9.4868 10.8628 10.5830 13.1909 8.0000 13.1149 8.9443 10.1980 11.3137 13.1149 10.0995 10.6771 11.8322 6.9282 11.4891 9.8995 12.6491 8.7178 12.6491 9.4868 8.7178 8.6023 13.9284 12.7279 12.8841 13.4907 12.3288 11.9164 9.7980 12.4097 11.9164 12.0000 12.6491 12.0000 12.7279 15.0997 12.2474 10.7703 14.8324 12.7279 12.3288 12.0000 14.2127 14.8997 10.6771 13.3417 12.0830 14.2127 12.4097 12.3288 11.6619 10.7703 15.1658 17.0880 13.3417 14.5602 14.8997 15.0665 15.0997 13.6015 13.6382 14.5602 13.7113 15.2971 14.9666 17.8326 15.9374 14.4914 16.1245 15.8745 14.0712 13.7840 15.9374 15.2315 15.7480 15.4919 14.0000 14.7648 16.9115 16.9115 16.5831 14.3527
9.1652 8.8318 12.1655 9.4868 11.6619 10.3923 12.1655 11.4018 10.0000 11.5758 11.6619 15.0333 8.4853 11.8322 10.3923 11.7473 13.3417 0.0000 10.9545 7.8740 9.4868 13.5647 8.9443 10.7703 11.3137 8.9443 10.3923 11.7473 9.3808 10.5830 17.2916 17.4929 18.0555 14.8324 15.1658 17.1756 15.7162 14.9332 15.6844 16.6433 16.9411 15.0000 17.4929 14.5945 16.2788 15.6525 15.8430 16.6132 17.4929 14.7648 17.2627 17.5499 16.7033 17.9165 15.9060 16.3707 16.8226 12.9228 14.5945 13.4907 12.6491 11.1355 8.8318 10.8628 10.6771 9.7980 10.2956 10.3923 13.7840 10.3923 9.7980 12.5698 11.4018 10.0995 12.8062 12.5698 13.3417 8.2462 12.1655 11.4891 11.1355 12.5698 12.6491 11.1355 10.0000 11.0454 13.1909 8.2462 9.3808 12.2474 12.1655 11.4018 13.7113 12.3288 10.8628 10.9545 12.5698 9.2736 10.0995 11.6619 12.5698 11.4018 11.5758 11.0454 10.4881 9.1652 13.4164 11.0454 12.4097 11.0454 12.6491 11.6619 10.3923 11.7473 11.7473 12.2474 12.1655 10.8628 11.2250 10.9545 16.1864 17.6635 14.1421 17.1464 15.3623 15.9060 15.9374 15.2643 15.6205 15.6205 15.6844 15.6844 15.8745 18.3303 15.8745 16.0000 16.0000 16.1245 14.4222 14.7648 15.8114 14.9666 15.6205 16.3707 15.9374 14.5602 16.9115 17.2047 16.7631 15.7480
7.0711 7.7460 8.0000 10.3923 9.1652 7.4833 11.7473 5.2915 9.1652 10.2956 10.2956 11.2250 6.9282 9.1652 10.1980 12.8062 8.4853 10.9545 0.0000 8.4853 10.0995 10.3923 9.8995 6.9282 8.3666 6.6332 8.9443 10.1980 8.7178 8.7178 16.8226 17.8326 17.2627 15.6205 14.3527 17.2337 15.7162 14.5945 15.0997 16.2788 16.5831 15.0665 16.9706 14.3875 17.2916 15.3297 17.2337 16.3707 16.4924 14.7648 17.7764 17.3205 16.1555 16.5227 15.2643 15.4272 15.7162 12.3693 15.2643 12.4900 8.6023 11.0454 8.7178 7.7460 9.5917 8.9443 9.5917 8.2462 10.3923 11.1355 9.4868 12.6491 8.7178 9.8995 9.6954 6.9282 9.3808 9.4868 9.8995 9.6954 11.4891 8.6023 9.4868 10.1980 9.8995 11.0454 10.6771 7.8740 7.7460 11.0454 12.4097 10.9545 11.4018 12.8841 9.8995 9.8995 6.9282 10.0995 10.2956 11.4018 11.4018 12.2474 11.3137 17.1464 12.3288 8.4853 14.7648 11.1355 12.5698 11.4018 14.2127 13.7113 11.2250 13.7113 9.8995 12.5698 12.0830 10.8628 12.0830 11.3137 15.8745 16.5529 13.6382 15.5563 15.0997 15.5242 15.2315 13.6015 14.6287 14.4222 14.2127 15.4919 14.8997 17.4929 15.6205 15.8114 16.3095 17.1464 14.3527 13.1909 16.4317 15.4919 16.1245 15.6205 14.2829 13.5647 16.6132 17.4356 16.8226 14.9666
6.7823 7.7460 9.5917 9.8995 9.0554 8.1240 11.3137 9.3808 10.0995 8.2462 7.8740 11.4891 7.0711 10.3923 7.8740 10.4881 10.6771 7.8740 8.4853 0.0000 6.6332 11.7473 7.8740 8.6023 7.6158 6.3246 10.0000 8.8318 5.4772 10.8628 16.0935 17.0880 17.3781 14.4914 13.9284 16.7631 15.0000 13.7477 13.7113 15.1987 15.8430 14.5945 17.0880 14.1774 16.2788 15.5885 15.6525 15.5563 16.4317 14.0712 16.6733 17.3205 15.9687 16.8226 15.1327 15.8745 15.7162 11.5326 14.1067 13.1149 9.5917 7.7460 7.2111 8.3666 8.3666 9.0554 8.8318 7.0711 11.9164 7.3485 9.3808 10.6771 10.3923 9.0554 8.3666 11.8322 10.6771 10.2956 10.2956 10.3923 9.3808 11.3137 11.2250 8.1240 7.0711 10.0000 10.0995 7.0711 9.1652 9.4868 11.4018 9.3808 13.1149 10.9545 9.1652 10.7703 11.3137 8.3666 8.2462 11.6619 12.9615 12.0000 11.2250 13.8564 10.6771 9.0554 14.1421 10.0995 13.7840 9.3808 13.9284 11.3137 10.0995 12.8841 12.0830 11.4891 10.0995 9.2736 12.2474 10.5830 14.9666 16.9115 13.7113 15.8745 15.1658 15.7797 14.4914 14.1774 15.2315 14.4914 13.7840 14.6287 14.7648 17.3205 15.5563 14.4914 15.7480 15.6844 14.0712 12.5698 15.7480 14.5602 15.4272 15.8745 14.7648 13.1149 16.7332 16.5529 15.8430 14.7648
10.0000 9.6954 10.0000 11.9164 9.7980 9.0554 10.9545 10.3923 12.0000 8.0000 9.1652 12.3288 6.4807 11.4891 10.2956 11.0454 12.4097 9.4868 10.0995 6.6332 0.0000 11.2250 10.0995 9.1652 8.1240 8.1240 11.4891 9.0554 7.8740 10.7703 16.0312 17.6635 16.7332 14.8997 14.4222 16.4621 14.8661 14.7309 14.1421 15.9060 16.5227 15.2643 17.3781 14.1067 16.2173 16.5831 15.6525 15.3623 16.1864 13.4907 16.9115 17.1464 15.4596 16.5831 15.7797 16.0000 16.0935 11.7047 15.3297 13.9284 10.3923 8.2462 7.3485 9.2736 11.2250 10.9545 8.6023 9.6954 11.8322 8.9443 10.0995 11.5758 11.7473 9.8995 9.2736 12.8841 10.0995 7.8740 11.2250 8.6023 11.4018 11.3137 11.1355 10.5830 8.1240 10.9545 10.0000 7.0711 9.4868 9.8995 13.0384 12.4097 16.2481 13.3417 10.4881 12.6491 13.1149 10.6771 8.9443 14.0000 14.6969 13.2665 12.0830 14.6969 13.1909 10.8628 14.8324 12.6491 14.8997 12.4097 14.6969 14.0000 12.1655 13.2665 12.4097 13.4907 13.5647 11.3137 13.1149 13.4907 14.4222 16.6733 13.4907 16.3707 14.8324 15.7162 14.2127 13.7477 14.8997 13.8564 13.5647 15.1658 14.6287 16.6733 15.9374 14.9666 15.6205 16.0000 14.4222 13.3417 15.6844 14.5602 15.4919 16.4317 14.5602 12.8841 16.4924 16.1245 15.7797 15.4919
9.3808 11.4891 9.1652 12.2474 7.8740 9.0554 6.6332 10.8628 10.1980 8.7178 10.0995 11.0454 9.2736 6.1644 11.9164 10.8628 11.0454 13.5647 10.3923 11.7473 11.2250 0.0000 11.8322 7.4833 8.7178 9.2736 11.9164 9.8995 9.3808 7.3485 18.4120 19.7990 18.7617 16.9706 16.8523 18.9473 17.9165 15.0665 17.1464 18.4662 18.4662 16.7631 18.7617 15.9687 18.4120 17.8045 18.0831 18.4391 17.2047 15.8114 19.1311 18.5472 17.1756 18.5203 16.2788 16.2481 17.2916 14.3178 16.8226 15.9374 8.2462 7.7460 10.5830 8.9443 9.6954 10.2956 11.9164 12.5698 6.0000 12.1655 10.6771 13.0384 12.0830 11.3137 8.8318 12.3288 11.8322 11.9164 10.7703 7.8740 8.2462 11.3137 10.5830 11.8322 10.1980 12.0830 12.7279 12.0830 10.0000 6.9282 16.6132 14.4914 15.4272 16.7332 13.3417 14.2127 11.4018 11.8322 12.3288 15.1658 14.3527 13.7840 14.2829 17.4929 15.0997 11.9164 16.9706 14.6969 16.3095 14.6287 17.0880 15.1658 14.0000 15.9374 13.9284 14.8997 15.4272 14.0712 14.8997 14.8997 16.9706 18.2757 16.0624 17.0294 16.4924 17.4642 16.6132 14.5945 16.5529 15.8745 14.7648 16.9706 16.7332 18.1659 17.3205 17.2047 17.7200 18.4932 16.3095 15.6205 17.6068 16.1245 16.7929 17.9444 16.0000 14.8324 17.6068 18.8680 18.0278 15.5563
9.7980 9.1652 12.0000 10.5830 9.7980 10.1980 12.7279 9.7980 11.4891 10.2956 10.0000 14.0712 9.7980 10.5830 11.3137 12.6491 11.8322 8.9443 9.8995 7.8740 10.0995 11.8322 0.0000 8.9443 10.3923 10.1980 12.7279 9.2736 9.7980 10.8628 17.0000 18.5472 18.0000 14.9666 14.7648 16.5227 15.3948 14.7986 15.2971 15.9687 17.0587 15.4596 17.6068 14.2478 16.5227 16.2173 15.3948 16.3095 16.4317 15.2971 17.3205 17.1464 16.4012 17.9165 16.8226 15.9374 16.3401 11.8743 15.7162 14.5602 10.6771 10.4881 9.3808 8.4853 9.4868 10.7703 10.0995 9.2736 12.5698 9.4868 8.8318 12.4900 12.4097 11.3137 10.6771 11.4891 13.4907 11.4018 12.0000 12.6491 10.3923 11.2250 12.6491 12.4900 8.1240 10.3923 10.5830 8.6023 10.0995 10.6771 15.8114 12.2474 15.9374 13.2665 11.6619 13.4907 13.4164 11.3137 11.4891 13.7840 14.3527 12.4097 13.1909 15.8114 11.8322 10.2956 15.8114 12.4900 15.0333 13.4907 13.5647 13.5647 12.5698 14.4914 14.3527 12.4900 13.8564 12.1655 12.7279 12.3288 16.1864 17.8885 15.4272 16.8523 15.7480 15.7797 15.4919 15.0665 16.7929 15.1658 14.9666 15.3623 15.5563 17.7200 15.2971 15.8745 15.6844 16.4317 13.7113 15.0333 17.3781 14.9666 16.2481 16.9706 15.8745 14.2127 16.6132 17.3781 16.7631 14.4914
7.3485 9.8995 5.2915 9.1652 4.0000 6.4807 8.8318 6.6332 8.0000 6.1644 9.5917 8.7178 6.3246 6.0000 10.3923 9.4868 9.4868 10.7703 6.9282 8.6023 9.1652 7.4833 8.9443 0.0000 6.0000 6.3246 10.7703 7.0711 7.2111 5.8310 17.6918 18.4932 17.9444 16.0000 15.4919 17.9165 16.4621 15.0000 16.0000 17.0587 17.6352 15.0665 17.8885 14.3178 17.1756 15.7797 17.1756 17.6068 16.8523 15.0333 18.1108 17.9444 16.6433 17.3494 15.3948 16.1245 16.5227 12.3693 15.7797 13.6382 7.8740 7.7460 8.8318 6.7823 8.2462 8.4853 10.3923 10.0000 7.0711 9.7980 10.4881 12.2474 9.7980 8.8318 7.8740 10.1980 10.3923 9.2736 10.2956 8.0000 9.0554 9.7980 9.6954 9.7980 8.3666 10.3923 8.9443 8.7178 5.8310 8.2462 14.8997 13.1909 13.3417 15.0997 11.9164 11.7473 10.0995 9.7980 11.0454 12.4900 12.4097 12.0000 10.6771 15.3623 13.7840 8.4853 13.7113 12.2474 13.3417 12.4900 14.3527 14.7648 12.0830 14.7648 12.1655 12.6491 14.1421 12.1655 12.6491 13.1149 15.7480 17.6635 14.4222 15.9374 15.4919 15.5242 15.3623 13.3041 15.6205 14.8324 13.8564 16.0000 15.8114 18.1659 16.6132 16.0000 16.0624 17.0880 14.6287 14.7648 16.6132 15.6205 15.6205 16.3095 14.9666 13.7840 16.6733 17.3205 17.4069 14.5602
6.6332 8.7178 6.4807 7.7460 5.0990 6.6332 9.4868 9.2736 7.8740 5.0990 7.8740 7.7460 7.0711 7.4833 8.2462 7.2111 9.1652 11.3137 8.3666 7.6158 8.1240 8.7178 10.3923 6.0000 0.0000 5.6569 10.0000 6.4807 4.8990 7.3485 16.2788 17.4356 16.3095 14.5602 14.7648 16.3401 15.1327 13.3791 14.7648 15.8430 15.5242 14.6629 16.8523 13.8203 16.2788 15.2643 16.1555 16.0000 16.3095 12.8062 16.1245 16.6132 15.1987 16.6433 14.9332 14.4222 15.4596 11.0905 14.5945 12.8062 7.3485 5.6569 8.3666 6.0000 8.3666 7.8740 9.2736 9.1652 8.0000 7.4833 9.1652 9.8995 8.0000 9.0554 5.8310 10.6771 8.8318 11.1355 8.8318 6.9282 8.2462 9.1652 8.0000 8.2462 8.1240 9.7980 7.8740 8.6023 8.6023 7.2111 12.8841 11.4018 12.3288 13.1149 9.5917 11.1355 10.2956 7.8740 9.4868 11.5758 11.1355 10.6771 9.8995 14.0712 11.3137 7.4833 13.1909 10.5830 12.1655 10.0995 13.3417 13.0384 10.4881 12.7279 11.0454 11.2250 11.8322 10.6771 10.9545 11.4018 14.3527 16.7332 13.6382 15.4272 14.6287 15.3948 14.2127 13.3041 14.4222 13.2665 11.7473 15.3623 14.0712 16.7929 15.6205 14.2829 15.8114 15.7480 13.9284 13.0384 15.7480 14.0000 15.0997 15.5563 14.1421 12.8841 16.2481 16.2481 16.4012 14.4914
5.0990 7.8740 6.0000 8.0000 7.8740 7.2111 9.0554 8.4853 7.8740 7.4833 8.2462 10.2956 5.6569 7.3485 8.6023 9.1652 8.8318 8.9443 6.6332 6.3246 8.1240 9.2736 10.1980 6.3246 5.6569 0.0000 8.1240 8.6023 6.3246 7.4833 15.8430 15.9374 16.3707 13.6382 13.4164 16.4621 14.7986 12.2066 13.6382 15.5885 14.7309 13.3791 16.3095 13.5277 15.7797 13.7477 15.6525 15.2315 15.6844 12.7279 16.1864 16.7332 15.1987 15.9060 13.6748 14.2829 14.7986 11.1803 13.3791 11.0454 8.3666 8.0000 6.7823 6.3246 7.8740 7.2111 8.2462 7.2111 8.6023 8.4853 8.7178 10.4881 6.9282 8.1240 7.0711 8.8318 9.7980 8.8318 7.4833 7.2111 8.4853 8.9443 8.4853 7.4833 8.3666 9.5917 9.5917 7.0711 6.0000 8.3666 10.4881 10.0000 10.2956 11.6619 9.1652 8.4853 7.7460 7.4833 7.8740 9.5917 9.6954 10.3923 8.8318 13.4907 10.8628 6.4807 12.4097 9.3808 10.5830 8.6023 13.3417 11.4891 8.2462 11.7473 9.3808 11.4018 9.7980 9.3808 10.0000 9.6954 14.2829 15.4919 12.2474 14.4914 14.0712 15.0665 14.1421 12.3693 13.5647 13.4164 12.3288 14.0712 13.8564 16.4317 14.9666 14.2127 15.4272 15.4272 13.4164 11.9164 14.6287 13.5647 13.9284 14.6969 13.3417 12.6491 15.8745 15.9374 15.3297 14.2829
7.7460 8.4853 11.5758 10.9545 12.0830 10.1980 11.4018 11.3137 9.4868 12.9615 10.4881 14.2127 10.0995 10.5830 10.5830 10.3923 7.8740 10.3923 8.9443 10.0000 11.4891 11.9164 12.7279 10.7703 10.0000 8.1240 0.0000 11.9164 8.9443 10.2956 15.9060 17.0294 17.6635 13.8564 14.6969 17.5784 15.3297 13.2288 14.2127 15.4596 15.9060 14.3178 16.7929 14.3875 16.1555 14.5258 16.2788 17.3205 16.2481 12.9615 16.8523 17.0294 16.4012 16.4012 13.3791 14.8997 14.6629 12.2882 13.3791 12.8841 10.0995 11.4891 10.3923 9.2736 8.2462 7.4833 11.0454 10.0995 12.1655 10.6771 9.5917 10.9545 8.6023 12.0000 10.5830 11.5758 10.6771 11.0454 11.0454 11.0454 11.7473 9.3808 12.4900 11.1355 13.7840 10.7703 13.7840 9.6954 9.1652 10.1980 13.0384 12.1655 12.6491 13.4164 11.8322 11.4018 9.6954 10.0000 11.4891 12.5698 12.7279 11.6619 12.6491 13.1909 11.6619 10.2956 14.3527 11.7473 11.7473 11.5758 14.2829 12.2474 11.0454 12.8062 11.4891 13.5647 11.0454 12.0000 12.0000 10.4881 15.4919 16.6132 13.2665 14.6287 14.3527 14.8661 14.9666 14.3178 13.4164 14.8997 13.8564 15.2971 14.3527 18.0555 15.6844 14.3527 16.1245 15.2315 13.8564 12.8841 14.3527 14.9666 14.7648 15.5563 13.4164 14.1421 16.0624 16.2481 15.2643 14.7648
9.7980 10.6771 8.0000 9.5917 6.7823 7.4833 10.8628 8.9443 9.6954 6.9282 10.0995 11.5758 8.8318 8.1240 9.7980 9.2736 11.8322 11.7473 10.1980 8.8318 9.0554 9.8995 9.2736 7.0711 6.4807 8.6023 11.9164 0.0000 7.7460 8.2462 16.2788 17.8326 17.2627 14.3527 15.2971 15.7162 15.5885 14.3875 14.6287 15.3297 16.0312 14.3178 16.7332 13.6748 15.6525 15.7797 15.2643 16.1864 16.4317 13.1149 16.6733 16.5529 16.0312 16.5831 14.9332 14.5602 16.4012 11.9583 15.4596 13.6382 7.7460 7.6158 8.2462 7.8740 9.4868 10.8628 9.2736 9.8995 9.7980 8.0000 9.8995 9.4868 10.9545 8.9443 6.9282 12.0830 12.4900 10.9545 10.8628 9.7980 8.4853 11.4891 10.3923 12.0830 8.7178 10.0000 9.1652 9.8995 9.7980 8.8318 15.4919 12.8841 14.1421 13.4907 10.9545 12.2474 12.2474 8.2462 10.5830 13.1909 13.2665 10.4881 10.0000 14.6969 12.9615 9.1652 12.9615 10.7703 13.2665 12.5698 12.4900 13.6382 13.0384 13.9284 13.1909 10.0995 13.7840 10.5830 12.0830 12.4097 14.6287 17.4356 13.8564 15.4272 14.6969 14.7309 13.8564 12.7671 16.3095 13.9284 12.0830 15.2971 14.2127 17.2047 15.7480 14.1421 14.9666 15.0333 14.0000 13.3417 15.8745 14.8324 14.4222 15.6844 14.9666 11.9164 16.4317 16.1245 16.4012 14.0000
6.0000 7.3485 8.3666 8.2462 6.3246 6.1644 9.7980 9.1652 7.4833 6.7823 7.4833 8.4853 6.9282 7.7460 5.4772 7.3485 9.4868 9.3808 8.7178 5.4772 7.8740 9.3808 9.7980 7.2111 4.8990 6.3246 8.9443 7.7460 0.0000 8.9443 16.4621 17.7200 17.2047 15.0997 15.0997 17.0000 15.5885 14.1067 14.8997 15.5885 16.0312 15.0000 17.0880 13.8924 16.5227 15.8430 16.1555 16.6733 16.7332 13.5647 16.5529 16.9706 15.6525 17.0587 14.7986 15.1658 15.7162 11.7047 13.8924 13.6382 6.9282 4.6904 7.7460 7.8740 7.0711 6.7823 9.6954 8.9443 9.1652 6.9282 9.2736 9.5917 9.2736 8.3666 6.9282 11.9164 8.9443 11.0454 10.0000 8.4853 7.3485 10.6771 9.3808 6.6332 7.4833 9.6954 10.0995 8.3666 9.4868 7.7460 12.0830 9.6954 11.9164 11.9164 9.0554 10.7703 10.6771 6.6332 8.7178 11.1355 11.9164 10.7703 10.7703 12.5698 10.2956 8.1240 13.2665 10.0995 13.2665 8.8318 13.4164 11.1355 10.4881 12.7279 11.5758 10.2956 10.0995 9.5917 12.2474 10.5830 14.8997 17.2627 13.9284 15.8745 14.8324 15.5242 14.5602 14.0357 14.8324 14.0000 13.1149 15.2315 14.6969 17.4929 16.1245 14.2829 15.9374 15.7480 14.2127 12.8841 15.5563 14.6969 15.4272 15.7480 14.5602 13.0384 16.5529 16.5529 16.5831 14.3527
7.8740 10.4881 7.7460 8.8318 6.7823 6.7823 8.0000 9.4868 7.4833 8.0000 11.8322 10.6771 7.3485 6.9282 11.4018 9.7980 11.5758 10.5830 8.7178 10.8628 10.7703 7.3485 10.8628 5.8310 7.3485 7.4833 10.2956 8.2462 8.9443 0.0000 18.0278 18.9209 18.1108 16.0000 16.3707 17.9722 16.8226 14.7986 16.5529 17.8606 17.9165 15.5885 17.7764 15.5885 17.1756 16.3401 17.5214 18.1108 17.2047 15.0333 18.6011 17.7764 16.9411 17.2916 15.7162 15.9374 17.2337 13.3791 16.7033 14.0000 9.2736 9.3808 10.0000 7.7460 10.4881 9.8995 11.0454 11.7473 8.6023 11.4891 10.2956 12.0000 10.0000 10.0000 9.8995 11.1355 11.5758 9.7980 10.8628 7.7460 8.9443 11.3137 10.4881 12.0000 10.6771 12.4097 10.6771 10.9545 7.4833 9.1652 15.6205 14.2127 13.2665 16.0624 12.3288 12.5698 10.1980 9.3808 12.4900 13.6382 12.0830 12.0830 11.5758 15.6205 13.9284 9.0554 14.5602 13.1149 12.8062 13.3417 14.6969 14.6287 12.8841 14.4914 11.4891 13.4164 14.9666 13.4164 12.1655 13.4164 16.3707 17.7764 14.8324 16.4317 15.6844 16.2788 15.8745 13.7477 15.8745 15.4272 13.8564 16.7929 15.9374 18.3303 16.6132 16.7332 16.9115 17.3781 15.0333 15.2971 16.5529 15.5563 15.8745 16.8523 15.3623 14.0000 16.6733 17.9444 17.5214 15.4919
16.5831 15.6525 17.8045 15.5885 17.8045 17.7482 17.8045 18.4120 16.4621 17.1756 16.8819 18.6815 16.8226 16.4621 16.8819 15.8430 15.6525 17.2916 16.8226 16.0935 16.0312 18.4120 17.0000 17.6918 16.2788 15.8430 15.9060 16.2788 16.4621 18.0278 0.0000 8.7750 8.3066 7.2801 6.5574 6.7823 5.8310 8.3666 7.1414 6.9282 8.8318 10.0995 10.2470 8.8318 6.3246 10.0995 6.4807 7.8102 7.6811 8.0623 8.3066 8.4261 7.3485 7.3485 8.1240 8.4261 8.1240 8.8318 9.2736 9.0000 14.9332 16.5227 15.9060 13.9642 15.7797 14.5258 12.9228 15.8430 16.6433 13.8203 14.1774 13.0767 14.5945 14.8661 13.3791 15.7797 16.2788 17.2337 12.2066 15.1327 15.5242 14.8661 15.0665 15.1987 16.2788 14.1774 16.0935 14.3875 16.7631 16.9411 15.5242 14.7986 17.5784 14.1067 13.2288 14.8661 15.7162 16.4621 14.1774 15.3948 15.0665 13.7477 14.2478 17.6352 14.7309 15.3948 14.3875 15.9060 15.0000 14.6629 13.7477 14.8661 14.4568 12.5300 14.3875 15.9687 15.1327 14.7986 12.6095 13.5277 6.7082 8.1854 7.5498 7.5498 7.2801 9.1652 7.6811 8.7178 9.8489 8.5440 9.2195 7.8102 8.1854 8.3066 8.7750 7.1414 8.1854 6.5574 8.4261 9.4340 8.0623 8.8882 9.8489 8.5440 9.4340 8.5440 11.0905 7.9373 9.0554 10.4403
17.0880 16.5529 18.3848 15.9374 18.9209 18.4932 19.0263 19.1833 17.3205 18.3848 17.7764 19.6469 17.6068 17.6068 17.7200 16.3707 17.4356 17.4929 17.8326 17.0880 17.6635 19.7990 18.5472 18.4932 17.4356 15.9374 17.0294 17.8326 17.7200 18.9209 8.7750 0.0000 11.1355 8.4853 8.7178 10.7238 9.3274 8.8882 9.3808 10.6301 7.2801 9.5394 11.0454 9.6437 9.4340 6.7082 10.2470 8.6023 8.9443 10.0995 8.7178 12.9615 11.7047 11.5326 10.0499 10.0995 9.3274 12.2066 10.0499 9.2736 16.6733 17.6635 16.4317 15.5563 16.4924 15.0997 13.2665 16.4924 17.5499 15.4919 15.3623 13.4164 15.4272 14.6969 15.0333 15.5563 17.4929 17.7200 12.6491 16.4317 16.3095 15.6205 15.3623 15.5563 17.3205 14.6969 17.7764 15.5563 17.4929 18.6011 15.1658 15.1658 17.4356 14.8324 14.4222 14.0712 16.4924 16.7929 13.6382 14.6287 14.1421 13.6382 13.4907 17.0294 14.8324 15.0333 13.4164 15.4919 14.3527 14.6287 14.3527 13.4907 12.9615 12.8062 15.6205 16.3707 15.0333 14.6287 12.5698 14.0000 10.8628 8.4853 10.3923 10.1980 10.0000 11.9583 11.3137 11.6190 11.7473 10.0000 12.0830 9.6954 9.2736 9.2736 10.3923 8.1240 11.0454 8.4853 11.1355 10.2956 9.8995 9.2736 8.7178 10.2956 12.2474 10.9545 13.7113 8.8318 8.5440 13.2665
16.8523 15.6844 18.1108 15.0333 18.0000 18.0000 18.9209 18.8680 16.9115 17.2047 17.6068 18.0555 16.9115 17.2627 17.4929 16.5529 17.2627 18.0555 17.2627 17.3781 16.7332 18.7617 18.0000 17.9444 16.3095 16.3707 17.6635 17.2627 17.2047 18.1108 8.3066 11.1355 0.0000 10.3923 8.7178 7.5498 9.4340 11.2694 12.1655 10.2470 10.5357 10.4403 7.7460 9.3274 9.8489 10.7238 10.1489 10.4881 8.4853 8.4853 8.4853 7.3485 6.8557 9.7468 11.8743 8.6023 7.9373 10.0499 11.2694 9.8995 16.1245 17.3205 16.0624 14.5602 17.3781 14.8324 13.0384 17.1464 17.2627 14.4914 14.4222 15.0997 15.0997 15.4272 14.8997 15.4919 16.0624 17.6068 11.9164 15.0997 16.9115 15.4272 13.5647 15.3623 16.1864 15.0997 16.1864 14.9666 17.6068 18.0555 15.1658 14.9666 18.0000 15.2971 13.2665 14.9666 16.1245 16.5529 14.5602 15.6205 14.3527 14.5602 14.8997 18.5472 14.8324 14.8324 15.1658 15.7480 15.2971 15.4919 14.2829 16.3095 14.8997 13.3417 14.6287 16.0624 15.8114 15.6844 13.0384 14.8324 8.1240 8.2462 9.6954 9.8995 6.4807 9.8489 8.4853 10.4403 8.0000 7.8740 10.0000 10.6771 7.8740 9.3808 8.1240 10.8628 9.8995 10.4881 9.6954 12.0000 10.3923 8.1240 11.7473 10.0000 9.6954 11.4891 10.5830 8.8318 12.7671 9.6954
14.8997 13.9284 16.1245 13.2665 16.3707 16.2481 16.1245 17.0880 14.7648 15.9374 14.8997 18.3848 15.6205 15.0333 15.5563 13.5647 14.0712 14.8324 15.6205 14.4914 14.8997 16.9706 14.9666 16.0000 14.5602 13.6382 13.8564 14.3527 15.0997 16.0000 7.2801 8.4853 10.3923 0.0000 6.7823 8.5440 8.0623 7.8102 7.2111 7.0000 7.9373 7.0000 9.6954 9.0000 9.0000 7.6811 7.1414 8.4853 8.6023 6.7823 6.9282 9.4868 10.6301 10.5357 8.7750 7.8740 8.0623 8.5440 9.6437 7.8740 13.7840 15.0333 14.2127 11.9164 13.9284 12.8062 10.6771 14.1421 15.2971 12.2474 12.0000 10.4881 12.3288 14.1421 12.2474 13.6382 15.5563 15.0997 10.6771 13.8564 13.6382 12.4900 13.4164 14.6287 15.0333 11.3137 14.6969 12.4900 14.5602 15.1658 14.0712 13.6382 16.0624 12.3288 11.6619 12.4900 14.2127 14.4914 12.0000 13.1149 12.6491 10.6771 11.5758 14.5602 12.4097 12.8841 12.0000 13.3417 11.5758 13.1909 10.8628 12.5698 11.6619 9.5917 12.9615 13.9284 13.7113 13.3417 9.7980 10.9545 9.6954 10.0000 8.8318 8.9443 8.7178 9.0000 8.1240 10.1489 9.4868 9.4868 9.1652 9.0554 7.4833 10.8628 8.6023 6.7823 9.2736 6.7823 8.2462 10.0000 10.1980 8.3666 7.3485 9.5917 11.2250 10.1980 11.9164 9.3808 9.8489 10.1980
