0.0000 8.2338 11.0510 8.9963 7.2706 7.9822 10.3079 13.5213 9.7611 10.1126 10.3830 9.3286 9.4916 9.2809 11.1797 8.5083 7.5333 9.8649 13.3538 9.3135 12.4055 7.5551 11.0397 10.0300 10.0102 9.9832 9.7510 9.6084 9.1405 9.6275 27.1949 23.2348 28.4975 30.3766 25.0546 31.3846 27.5013 29.4960 28.5574 28.4121 27.2470 26.2335 26.1436 26.7505 26.5573 27.2912 27.1163 28.6137 28.7992 26.1489 29.8662 22.7668 26.8968 28.3005 28.8617 28.3221 26.7939 23.8725 30.1003 28.1350 16.6998 13.0848 13.0121 13.4381 15.8882 14.4231 16.3354 15.5589 11.8872 17.3727 14.5803 17.0471 16.8565 15.9911 15.6577 13.0327 12.9281 16.1848 17.8594 14.8372 11.9854 15.7021 15.3073 16.3175 14.9619 14.4418 13.4744 15.0727 15.1152 11.9850 17.3881 21.4970 19.8692 19.6833 22.8211 16.1609 22.1592 13.9811 13.8821 14.2741 17.1637 18.5102 18.7505 21.3051 20.2610 13.6303 14.9371 17.7013 15.3483 14.5465 18.4876 13.4794 19.6662 18.4884 17.0758 14.8958 16.1718 21.6495 16.3856 18.3350 23.6338 25.6645 20.7771 22.9619 22.7915 22.9399 23.1381 23.0226 25.5658 21.7671 21.5821 25.5026 26.8797 25.5620 21.1075 24.5926 23.2797 22.2016 23.7771 22.7582 21.3360 22.9891 23.1915 25.2567 23.5784 25.0160 24.8595 23.7025 25.6622 26.5258
8.2338 0.0000 10.4686 6.4310 6.6803 5.1765 8.6001 13.2426 9.1512 8.0624 8.6980 11.7028 6.6575 7.3830 7.4800 6.7527 5.4603 6.2918 11.7215 7.6272 11.3661 6.5851 8.2746 7.1550 6.7796 7.8441 9.4598 5.2486 8.7972 9.2524 29.2774 24.9574 30.4002 32.7334 26.6529 33.7642 29.6228 31.5749 30.8097 30.6759 29.1000 28.3757 28.1947 28.7365 28.5624 29.2921 29.0421 30.7456 31.0761 27.9465 32.0759 24.3073 28.8233 30.3277 31.2617 30.5723 29.0964 25.7547 32.2537 30.3958 14.8989 11.4662 11.2796 12.0230 13.3010 13.0874 14.6561 14.2428 10.5953 16.4058 13.0405 15.1389 16.5671 14.2052 13.4741 11.8038 12.0236 14.4843 16.3463 14.2466 9.2045 14.6710 13.7209 14.8926 13.4999 12.0769 11.6815 13.3562 13.4945 11.6604 16.9204 22.0937 21.1765 20.1488 23.8301 16.0978 24.1072 13.5689 13.6380 13.8964 17.2448 18.7619 18.9379 22.2500 21.4063 13.8168 14.0663 16.9573 16.8205 14.2486 18.8408 13.3153 20.6546 19.5608 17.5560 15.3293 16.7060 22.8441 15.6067 19.6532 24.5273 26.7271 20.9163 23.7672 23.3880 23.9371 23.7656 24.0310 26.5738 22.6317 21.8761 26.2680 27.8742 26.3257 22.0997 25.0597 24.1810 22.5387 23.9750 23.4467 21.5902 23.7085 23.8254 26.4526 24.4672 25.9847 25.5908 24.3096 26.9555 27.2778
11.0510 10.4686 0.0000 11.6583 9.1089 8.9516 6.8725 7.8185 5.1986 10.1843 9.8907 15.0747 14.3955 5.3781 9.0277 9.8253 10.3145 9.8865 6.9532 12.2836 4.3788 8.2103 8.9776 12.0657 8.9946 11.4267 8.6592 13.0229 12.1469 12.0378 28.6267 23.3608 29.7864 32.8658 25.2022 33.7067 28.5902 31.2131 30.0448 30.5221 29.1661 27.0229 26.7458 28.3842 28.5329 28.8453 27.5567 30.4273 31.0664 28.3640 31.9144 22.7773 27.8142 29.7753 31.5947 30.1181 28.3581 24.7034 31.2296 30.1473 10.0925 7.4373 8.2135 8.3035 8.3254 7.5021 8.8093 8.4524 8.8751 10.3778 8.1281 10.2378 12.0623 9.4117 9.2735 7.6910 9.4342 9.7867 10.0600 8.4831 14.0945 9.6030 9.7057 9.0990 8.9271 8.1382 7.4980 8.1852 9.4750 11.3314 12.0829 18.8317 18.9039 16.1456 20.3742 10.7355 22.5933 13.2828 8.2439 11.7746 14.4844 15.0693 14.6461 18.7996 17.0322 9.9821 9.3228 11.5181 15.9600 11.1982 14.3091 7.6692 17.1145 15.2168 13.6721 11.3950 12.5361 19.6585 10.4418 16.2325 21.7898 24.7973 17.2568 20.8645 20.3451 20.9345 20.4667 21.2190 23.7971 19.5762 19.0114 22.7629 25.8857 23.5187 19.4101 21.6763 21.4525 18.5062 19.9030 20.1123 17.7951 20.9455 20.1569 24.4981 21.5956 23.1539 22.6970 21.5324 24.3583 24.4681
8.9963 6.4310 11.6583 0.0000 6.6456 5.7673 10.0135 14.7220 10.9042 8.7754 9.4913 10.3828 7.0983 9.3113 9.7704 8.5851 7.4657 9.1014 12.5153 7.8664 12.5255 7.8924 8.4431 8.5365 8.5701 8.7312 11.2922 7.0549 9.6532 10.5579 30.0275 26.0214 30.9304 33.2791 27.6007 34.4285 30.5555 32.3301 31.7819 31.4424 29.8566 29.3952 29.3076 29.2817 29.3034 29.8343 29.9302 31.5537 31.7373 28.3911 32.7977 25.3038 29.6328 30.9796 31.9781 31.2972 30.1954 26.9148 32.9891 31.2887 15.4905 12.4757 12.1707 13.2749 14.5718 13.8619 16.0841 15.1414 11.0315 17.4436 14.4825 15.9317 17.1796 15.7444 14.2198 12.9242 12.0375 15.2869 17.6834 15.3368 8.3340 15.7873 14.4456 15.8326 14.4511 13.0129 12.5567 14.3045 14.5902 11.6347 18.3873 23.0463 22.4178 21.2652 24.8055 17.6029 25.1532 15.0414 15.3325 15.8219 18.3581 19.7906 19.9344 23.0435 22.7445 15.2853 15.2876 18.2924 18.6644 15.5437 19.9471 15.1113 21.3456 20.6626 18.6129 17.2905 18.0426 23.7697 16.5146 21.1007 25.3026 27.2008 21.7921 24.7766 24.1311 25.1107 24.4279 24.9007 27.3022 23.6880 22.6997 26.9956 28.2984 26.8752 23.4086 25.5196 24.7980 23.3840 24.7524 24.4569 22.9118 24.5088 24.6455 27.0372 25.0315 26.5764 26.1016 24.9062 27.5915 27.6966
7.2706 6.6803 9.1089 6.6456 0.0000 5.2728 7.1549 12.2712 7.3056 6.8063 6.8323 8.7689 8.2060 7.5709 8.3028 6.1257 6.1333 7.6392 9.8428 6.5415 10.4895 5.6085 8.6136 8.3714 6.5629 6.5649 8.2642 7.6350 7.9068 8.5372 29.7441 25.1367 30.9742 33.3641 27.1365 34.4230 29.9738 32.2599 31.5018 31.1489 29.4415 28.7770 28.7120 29.1587 29.0355 29.7381 29.5908 31.2901 31.6492 28.4101 32.7004 24.6589 29.2295 30.8020 31.8968 31.1451 29.5149 26.1405 32.8447 30.9203 14.2637 11.1008 11.0948 11.9851 13.0453 12.3595 14.3531 13.7125 10.2433 16.1289 12.7637 14.3269 16.4380 14.0004 13.0648 11.3295 11.7967 13.8881 15.9000 13.6338 10.4412 14.4213 13.2143 14.4066 13.5651 11.9318 11.6497 13.0432 13.1189 11.8912 16.6079 22.3794 21.5460 20.4174 24.0230 15.8966 24.2637 13.9918 13.5323 14.0489 17.5403 19.1034 19.1127 22.4641 21.3392 13.7724 14.1061 16.9069 16.7314 14.2511 18.8026 12.8155 20.7560 19.5494 17.4928 15.1842 16.4386 23.0631 15.2616 19.9651 24.9529 27.2546 20.9321 24.1195 23.8215 24.3797 24.0836 24.3745 27.0338 22.8777 22.1757 26.6353 28.4738 26.6554 22.4149 25.3693 24.5423 22.7483 24.1841 23.7214 21.5485 24.2134 24.0191 26.8765 24.8405 26.3222 25.9420 24.7508 27.3799 27.7163
7.9822 5.1765 8.9516 5.7673 5.2728 0.0000 7.4161 12.4123 7.9363 7.5708 7.4469 9.8740 7.5413 6.5978 7.6806 5.9413 5.5483 7.3921 10.1210 7.2680 9.9810 5.3850 6.9193 8.1234 6.2265 7.3564 9.0799 6.9190 8.7111 9.5317 29.6122 25.1622 30.6575 33.1767 26.9365 34.2323 30.0541 31.9944 31.3070 31.1367 29.5658 28.7780 28.6284 29.0802 29.0725 29.6377 29.3301 31.2427 31.5668 28.2776 32.5416 24.5786 29.1192 30.6174 31.8138 30.9954 29.5540 26.2155 32.5926 30.8795 13.3520 9.9650 10.1029 11.1149 12.1430 11.7949 13.8109 12.9830 9.0191 15.2739 12.2523 13.6934 15.7367 13.2201 12.5468 10.3007 10.7425 13.0279 15.2596 13.0299 8.8031 13.7552 12.1451 13.6827 12.6410 10.9161 10.5397 12.1120 12.1512 10.5067 16.5295 21.9038 21.3127 19.9108 23.6506 15.4600 24.2193 13.4165 13.2753 13.9097 16.8931 18.4506 18.4937 21.9670 21.2715 13.4710 13.3225 16.1742 17.1796 13.6999 18.3973 12.6618 20.2860 19.3430 17.1883 15.1448 16.2783 22.6904 14.6512 19.6041 24.4262 26.6004 20.5025 23.7498 23.1914 24.0592 23.4854 23.9479 26.5410 22.5671 21.7137 26.0863 27.8106 26.1330 22.2356 24.7446 24.0483 22.2426 23.5564 23.3024 21.4391 23.5178 23.6202 26.3946 24.2993 25.8059 25.4176 24.1636 26.9430 27.0746
10.3079 8.6001 6.8725 10.0135 7.1549 7.4161 0.0000 9.0586 4.7284 6.2457 5.1861 12.4462 11.3278 5.6579 5.4054 6.0813 7.0722 6.8041 5.0837 7.9741 7.4006 5.9648 8.4302 8.9172 4.7463 6.4471 7.5064 9.4880 8.4984 8.1188 29.8680 25.1123 31.0361 33.8726 26.7994 34.8550 29.9329 32.4629 31.5801 31.6700 30.3423 28.5656 28.4035 29.4842 29.7162 29.8498 29.1563 31.6414 32.1500 29.2662 33.0726 24.4125 29.1302 31.0562 32.5968 31.3617 29.6648 26.0990 32.6279 31.3799 12.4818 9.6060 9.9222 10.4705 9.9696 10.0996 10.7930 11.2501 10.0075 13.3920 10.1643 12.1985 14.1164 11.4185 10.5172 9.9917 11.5300 11.9443 12.8242 11.5878 12.9136 12.3636 12.0307 11.8280 11.2918 9.9168 9.8368 10.7641 11.6991 12.9348 14.0896 20.5114 20.4208 18.1999 22.2110 13.0395 23.4448 13.7193 10.5007 11.9534 15.9412 16.7152 16.4804 20.6126 19.2639 11.7259 11.3916 13.7872 15.6342 12.8054 16.3258 9.5755 18.9696 17.3791 15.5837 13.0674 14.1479 21.2731 12.6826 18.4552 23.5720 26.2824 19.1245 22.7757 22.3021 22.9088 22.2696 23.0874 25.6011 21.4819 20.7890 24.6958 27.5035 25.0944 21.2742 23.4257 23.0897 20.5763 21.9394 22.1290 19.6159 22.8080 22.2361 25.9996 23.2563 24.9651 24.3311 23.1997 26.0229 26.1110
13.5213 13.2426 7.8185 14.7220 12.2712 12.4123 9.0586 0.0000 7.5265 11.2725 12.0077 16.9911 16.1651 8.9317 10.2573 11.7219 12.5420 11.0308 8.6976 13.8100 6.2739 10.3450 11.7129 12.1896 11.2328 13.4314 10.3953 14.5130 12.5922 11.9932 26.1137 21.9582 27.2063 30.2392 23.1314 31.3374 26.1640 28.7148 28.2234 28.3021 27.8721 24.7782 24.8208 26.0236 26.9130 25.8800 25.1758 28.3308 28.8101 26.4280 29.4766 21.0459 25.2667 27.4609 29.2509 27.6803 26.3076 23.1442 28.5379 28.0924 14.3472 11.5930 11.7271 11.8989 11.6267 11.4810 10.2951 11.5585 12.0249 11.5283 10.6056 13.1490 11.2609 11.5155 11.9990 11.1356 12.6393 13.2785 12.5991 11.3658 17.1654 12.0666 13.6576 11.9918 10.1921 12.0032 11.1763 10.9855 12.1688 14.2390 12.4056 16.0759 15.8446 14.1827 17.2868 9.6551 18.6623 12.8569 7.7810 11.3572 13.4922 11.7982 12.0276 15.5634 14.9452 8.4420 9.2554 11.1620 13.8803 11.3379 11.8761 6.7313 14.3070 11.7078 11.5226 10.0827 9.6685 16.5111 10.3455 14.7586 19.1867 21.6847 15.0882 18.7245 18.2052 18.9364 17.5973 18.8474 21.0583 17.4771 16.9035 20.0378 23.3291 20.4415 17.5698 18.6679 18.6265 16.1126 17.4966 18.0677 15.7220 18.6504 17.7649 21.6220 18.5722 20.4497 19.5991 18.6304 21.2607 21.3204
9.7611 9.1512 5.1986 10.9042 7.3056 7.9363 4.7284 7.5265 0.0000 7.5361 7.6969 13.0496 12.3972 5.6649 7.1841 7.3055 8.3594 7.4376 6.1021 9.6442 6.3907 5.8497 8.8595 9.9443 6.8962 8.8498 6.8304 10.5980 9.1501 9.1966 29.0944 24.0359 30.4362 33.2459 25.9919 34.2003 29.0506 31.7690 30.7792 30.8351 29.5255 27.6606 27.5472 28.8112 28.9583 29.1556 28.4035 30.8455 31.5012 28.6915 32.3796 23.4454 28.4092 30.3456 31.8282 30.6696 28.7627 25.1780 31.9448 30.5850 12.2907 9.3133 9.7522 9.9772 9.9080 9.7114 10.5841 10.6982 9.7288 12.6851 9.9321 11.8026 13.4214 10.9768 10.7591 9.5542 11.0732 11.6654 12.2725 10.6869 13.7405 11.7297 11.7136 11.4350 11.0186 9.9594 9.4842 10.4491 11.2029 12.5711 13.5884 20.0404 19.5023 17.5711 21.4608 12.2694 22.6851 13.1040 9.7533 11.7397 15.6186 16.1713 16.2130 19.9028 18.3162 10.9097 10.9912 13.4349 15.3779 12.2672 15.4959 8.6540 18.2972 16.4313 14.8596 12.1227 13.2314 20.5837 12.2329 17.5269 23.1222 25.8086 18.4292 22.2082 21.9156 22.3565 21.8398 22.4771 25.0923 20.8805 20.3187 24.2346 27.1388 24.7458 20.5179 23.1221 22.6741 20.1202 21.5569 21.4795 18.8631 22.4052 21.7234 25.5299 22.8703 24.4670 23.9785 22.8296 25.5076 25.7014
10.1126 8.0624 10.1843 8.7754 6.8063 7.5708 6.2457 11.2725 7.5361 0.0000 6.5099 11.1298 9.1706 8.8286 7.1277 6.1660 7.1899 6.2975 8.4016 6.7371 10.6659 5.9786 8.7764 7.7624 6.5529 6.2726 8.9268 7.7790 6.7958 6.9848 30.4620 26.2158 31.6770 34.1688 27.8184 35.2534 30.6043 33.0480 32.4065 32.0354 30.6866 29.4202 29.4635 29.8920 30.1226 30.2253 30.1663 32.0354 32.4957 29.5050 33.5207 25.3655 29.8652 31.6446 32.7870 31.9179 30.3585 26.9330 33.4087 31.9069 15.0348 12.2138 12.5184 13.1300 13.1091 13.2746 14.1707 14.2513 11.5813 16.5142 13.4130 14.9599 16.1285 14.5626 13.3084 12.8641 12.8932 14.6889 16.2103 14.6404 11.9738 15.1948 14.5700 14.9850 13.9260 12.7489 12.3459 13.7548 14.2516 13.7931 16.7910 22.3873 21.9286 20.3385 23.9971 16.2610 24.4661 15.2285 13.3930 14.5499 18.0815 18.7734 18.9694 22.5194 21.5633 14.3466 14.4885 16.9753 17.3545 14.7313 18.7176 12.7856 20.8683 19.4619 17.8524 15.8893 16.2399 23.0320 15.6582 20.6918 25.2202 27.4882 20.9698 24.5196 24.1319 24.7724 24.0904 24.7521 27.1634 23.3474 22.4615 26.5459 28.7767 26.6371 23.0348 25.1515 24.6376 22.7183 24.0935 23.9949 21.7021 24.5967 24.1133 27.2519 24.7676 26.4844 25.8285 24.7462 27.4121 27.5630
10.3830 8.6980 9.8907 9.4913 6.8323 7.4469 5.1861 12.0077 7.6969 6.5099 0.0000 10.6611 9.8580 8.0695 6.5375 5.9532 6.9035 7.3819 7.5999 6.3251 10.5355 6.7796 9.1815 9.0995 5.1933 5.2067 8.8275 8.9311 7.3204 6.7645 30.7694 26.2859 31.9225 34.5175 27.9406 35.5219 30.8538 33.3218 32.5067 32.3175 30.8754 29.5964 29.4930 30.2428 30.3277 30.7044 30.2905 32.3269 32.7829 29.7841 33.7863 25.5273 30.0850 31.8772 33.2074 32.1998 30.5349 27.0403 33.6171 32.1071 14.5517 11.6516 11.8650 12.6290 12.6283 12.7329 13.5726 13.7601 11.5438 15.9768 12.8062 14.4486 16.3431 13.8716 12.7808 12.0981 13.0359 14.0633 15.5744 14.0764 12.5585 14.6439 14.1036 14.2261 13.6312 12.2686 12.0025 13.4261 13.7598 13.7053 16.2731 22.3783 22.0305 20.2466 24.0749 15.7032 24.7835 15.1980 13.1172 13.6411 17.8653 18.9205 18.7679 22.5258 21.2609 14.1329 13.8851 16.5124 16.5620 14.6345 18.6427 12.3508 20.8631 19.5522 17.7118 15.2375 16.4706 23.1176 15.1253 20.4818 25.2127 27.6793 20.9943 24.3909 24.0549 24.5577 24.1692 24.7240 27.1613 23.2224 22.4496 26.5283 28.8592 26.7176 22.8740 25.2477 24.7140 22.6222 23.9730 23.8736 21.5771 24.5291 24.0924 27.3994 24.9157 26.5444 25.9551 24.8234 27.5590 27.7021
9.3286 11.7028 15.0747 10.3828 8.7689 9.8740 12.4462 16.9911 13.0496 11.1298 10.6611 0.0000 9.4728 13.5743 14.2162 9.4141 10.2888 12.8351 15.3653 9.3035 16.1689 9.8469 12.9716 11.5795 11.4983 10.2146 13.3601 11.1039 10.4695 10.5933 30.5971 27.0516 31.6230 33.4126 28.6189 34.4730 31.3118 32.6360 32.1022 31.7116 30.3329 30.0201 30.0424 29.9840 29.8152 30.4815 30.7096 32.0281 32.0614 28.9040 33.0702 26.5847 30.3904 31.5765 32.0063 31.6415 30.5429 27.8018 33.3680 31.5855 19.3542 16.2599 16.3372 17.0744 18.8447 18.0402 20.0138 18.9759 14.5883 20.9511 18.4035 19.7370 20.4760 19.4694 18.7496 16.2064 15.8838 19.0119 21.4366 18.6979 12.4963 19.4009 17.9430 19.8281 18.4494 17.5419 16.8782 18.4528 18.0384 14.4587 21.5337 25.1789 24.0814 23.7426 26.5546 20.4203 25.9032 17.4490 18.7712 18.4418 21.0433 22.4596 22.6864 25.1736 24.8718 18.1963 18.7284 21.4789 19.4269 17.9103 22.7386 17.8270 23.5447 22.9245 21.1537 19.6951 20.1020 25.4545 20.1229 22.8448 27.1812 28.6797 24.4805 26.7367 26.1653 26.9502 26.6361 26.8071 29.0691 25.8467 25.1774 29.0445 29.7898 28.8817 25.3311 27.8547 26.7808 25.9252 27.2822 26.5512 25.5411 26.3316 26.8477 28.5317 27.0570 28.3839 28.1819 27.1173 29.1584 29.6910
9.4916 6.6575 14.3955 7.0983 8.2060 7.5413 11.3278 16.1651 12.3972 9.1706 9.8580 9.4728 0.0000 11.4816 10.0812 7.4798 6.7253 8.7881 14.4565 6.7187 14.8578 8.4361 10.8456 7.4794 9.1432 8.2593 12.1471 4.9433 8.3456 9.7529 30.7571 27.0591 31.6943 33.6999 28.5103 34.8311 31.3570 32.7741 32.2977 31.9128 30.4079 30.1548 30.1252 30.0591 29.9392 30.6138 30.7329 32.0925 32.2547 28.9608 33.2527 26.4168 30.4134 31.6279 32.3320 31.9258 30.7460 27.7058 33.6046 31.7793 18.4226 14.9921 14.8623 15.8215 17.0457 16.9469 18.4420 18.0037 13.3570 20.0406 16.9174 18.6735 19.6685 18.0536 17.1147 15.3972 15.0479 18.0086 20.2521 18.1358 9.9996 18.4332 17.1779 18.6769 17.1079 15.9087 15.4436 17.1033 17.1540 13.9420 20.4556 24.3616 23.4729 22.9555 26.1393 19.5436 25.5884 16.0474 17.4992 17.0277 19.9691 21.4449 21.7693 24.6697 24.3342 17.1900 17.5487 20.2435 18.9000 16.9073 21.8953 16.9500 22.9661 22.4735 20.5564 18.8899 19.6536 25.0893 19.0209 22.3667 26.7823 28.3897 23.7333 26.2263 25.7100 26.4884 26.1752 26.4630 28.6487 25.4297 24.4960 28.5719 29.4990 28.4169 24.8841 27.3251 26.3593 25.2921 26.5789 26.0103 24.7545 25.9286 26.3938 28.2884 26.6899 28.0221 27.7232 26.5247 28.9546 29.2298
9.2809 7.3830 5.3781 9.3113 7.5709 6.5978 5.6579 8.9317 5.6649 8.8286 8.0695 13.5743 11.4816 0.0000 6.6224 7.8545 7.3427 7.4438 7.5175 9.9945 6.4034 6.5222 7.4844 9.4038 6.8627 9.3033 7.6474 9.8165 10.1379 10.1699 27.8754 22.8905 29.0204 31.9011 24.7118 32.8611 27.9426 30.3959 29.4589 29.6081 28.1458 26.5330 26.3272 27.4748 27.5277 28.0114 27.1695 29.6028 30.1315 27.1624 31.0538 22.2714 27.1068 28.9729 30.5875 29.3039 27.6460 24.0363 30.7319 29.2547 11.4166 8.0561 8.1496 8.6412 9.3331 8.9051 9.8530 9.9238 8.5753 11.7192 8.5518 11.1335 12.7118 9.8468 9.5332 7.9684 9.6492 10.6908 11.5032 9.9435 12.0937 10.6164 10.4640 10.3797 9.3034 8.3768 8.1138 9.0933 9.8906 10.7280 12.6157 18.8591 18.4534 16.4682 20.6609 11.2862 21.9607 11.6908 8.7442 10.3635 13.9006 15.1487 14.7833 18.8738 17.4580 9.4657 9.2954 12.3083 14.3764 11.2812 14.7852 8.5126 17.3259 15.6826 13.5924 10.9285 12.9718 19.7942 10.8781 16.3793 21.6857 24.4697 17.3387 20.7636 20.4615 20.9334 20.5765 21.1074 23.8001 19.4049 18.7796 23.0781 25.7186 23.4068 19.0672 21.8966 21.3686 18.9124 20.3330 20.2419 17.7872 20.9016 20.4320 24.1357 21.5850 23.1459 22.7045 21.4404 24.2917 24.5151
11.1797 7.4800 9.0277 9.7704 8.3028 7.6806 5.4054 10.2573 7.1841 7.1277 6.5375 14.2162 10.0812 6.6224 0.0000 6.8643 6.4646 5.9495 7.3409 7.8238 8.7388 7.1642 8.8419 8.3711 5.6593 7.0072 8.3026 7.9562 8.1002 8.5411 30.1286 25.4761 31.2616 34.0789 27.1004 35.1404 30.0934 32.6709 31.9430 31.8033 30.4284 28.8938 28.7942 29.6831 29.9407 30.0577 29.5063 31.7480 32.2900 29.3459 33.2511 24.7483 29.3581 31.1346 32.7962 31.7226 29.9095 26.3096 33.0314 31.5607 13.8728 10.7484 10.8400 11.7300 10.8899 11.4615 11.6272 12.5986 10.9191 14.5134 11.1180 13.3085 15.1516 12.1549 11.4431 11.3157 12.7325 13.2112 13.9066 13.0371 12.9054 13.4720 13.3807 12.8271 12.1371 10.9807 10.8790 11.8404 12.8617 13.9251 14.7013 20.6744 20.5768 18.7034 22.7686 13.9066 23.4183 13.6163 11.0511 12.0862 16.1459 17.0816 16.9866 21.0673 19.7292 12.3887 12.1930 14.3788 15.6668 13.2929 16.8579 10.5923 19.3515 18.0906 16.3172 13.5404 15.1500 21.8646 13.3929 19.0256 24.0551 26.6554 19.5484 23.1433 22.8783 23.3456 22.8763 23.6047 26.0349 22.0079 21.2169 25.2608 27.9798 25.4777 21.7231 24.0235 23.6020 21.1882 22.4288 22.5480 19.9976 23.3526 22.8231 26.3927 23.8324 25.4316 24.8289 23.6139 26.5645 26.5981
8.5083 6.7527 9.8253 8.5851 6.1257 5.9413 6.0813 11.7219 7.3055 6.1660 5.9532 9.4141 7.4798 7.8545 6.8643 0.0000 4.6269 6.4313 9.1017 5.7142 10.2289 5.1862 9.1479 7.8782 5.3497 5.5084 8.6016 6.8862 6.6630 7.5601 30.2514 26.0087 31.3010 33.7571 27.6614 34.8071 30.6308 32.5772 31.9284 31.8763 30.5883 29.3121 29.2337 29.8525 29.9877 30.2731 29.8460 31.9559 32.2397 29.2595 33.1577 25.5109 29.6648 31.3037 32.5176 31.5930 30.1560 26.9936 33.0134 31.5476 14.8846 11.4944 11.7207 12.5531 12.9722 13.0636 14.2154 14.2616 10.9174 16.2827 12.9645 15.1028 16.6901 14.1903 13.7633 11.9616 13.0218 14.3966 15.9877 14.2771 11.5876 14.9303 13.8276 14.8384 14.0088 12.5043 12.2800 13.5008 13.6943 12.9106 17.0603 22.1918 21.7571 20.3387 23.8732 15.8435 24.2092 14.4952 13.8408 14.2869 17.6606 18.7574 18.7704 22.3998 21.5855 14.2954 14.3218 16.4236 16.8357 14.2392 18.7505 12.6875 20.7771 19.7268 17.8445 15.6446 16.3260 22.8494 15.7332 19.9242 24.8899 27.0980 21.3442 24.3035 23.6827 24.4458 23.9221 24.5272 26.9379 23.1871 22.4953 26.3584 28.3123 26.5218 22.9113 25.1175 24.5120 22.6931 23.9124 23.8832 21.9772 23.9824 24.0354 26.9148 24.7014 26.2648 25.8063 24.6610 27.3194 27.4642
7.5333 5.4603 10.3145 7.4657 6.1333 5.5483 7.0722 12.5420 8.3594 7.1899 6.9035 10.2888 6.7253 7.3427 6.4646 4.6269 0.0000 6.7187 10.1935 6.2328 10.7845 5.8456 8.9650 6.8531 5.6739 6.2477 8.9010 5.8367 7.0652 7.4980 29.3832 25.1985 30.5061 32.8435 26.8123 33.9033 29.7129 31.6698 30.9398 30.8664 29.4505 28.4087 28.3283 28.8741 28.8779 29.3746 29.0568 30.9277 31.2284 28.2252 32.2216 24.6205 28.8762 30.3861 31.4628 30.6976 29.1968 25.9392 32.2615 30.5673 15.2213 11.6732 11.7043 12.4383 13.3659 13.1198 14.4554 14.4135 10.9213 16.4057 13.0255 15.4079 16.4394 14.3286 13.6717 12.0462 12.6148 14.7286 16.2400 14.3220 10.7043 14.8584 14.0263 14.9387 13.6909 12.4888 12.0999 13.5660 13.8811 12.3230 16.7242 21.6929 21.0389 19.8813 23.5708 15.6254 23.5875 13.4619 13.3919 13.5553 16.8228 18.3711 18.4034 22.0038 21.0185 13.5321 13.9517 16.2920 15.7442 13.8115 18.5492 12.8094 20.2193 19.3882 17.3730 14.9946 16.3359 22.4936 15.4520 19.2421 24.4737 26.6944 20.9808 23.7245 23.3418 23.8600 23.6171 24.0848 26.4829 22.7008 22.0505 26.0904 27.8733 26.1659 22.2664 24.9249 24.0927 22.3894 23.7202 23.4293 21.6171 23.6139 23.7303 26.4398 24.3552 25.8551 25.5008 24.2817 26.8212 27.2207
9.8649 6.2918 9.8865 9.1014 7.6392 7.3921 6.8041 11.0308 7.4376 6.2975 7.3819 12.8351 8.7881 7.4438 5.9495 6.4313 6.7187 0.0000 9.1516 7.1216 10.3490 6.6756 9.0337 6.9770 6.2988 6.8373 8.6517 6.2750 6.9861 8.0018 30.0753 25.5227 31.1576 33.8109 27.2030 34.8536 30.1379 32.5150 31.6985 31.6109 30.1576 28.9764 28.8252 29.5325 29.6334 30.0137 29.5828 31.6105 32.1310 29.0509 33.0112 24.8016 29.4512 31.1316 32.4464 31.5259 29.9557 26.4232 32.9187 31.4194 15.2557 11.9365 11.9323 12.5385 12.7693 13.0650 13.6638 14.0365 11.8493 15.9012 12.6493 14.7217 16.1990 13.8297 13.1057 12.5259 13.2151 14.5202 15.6665 14.2735 12.3560 14.6930 14.4487 14.5317 13.4770 12.3748 12.2455 13.5176 13.8771 13.7491 16.0303 21.7429 21.0253 19.6853 23.3743 15.3657 23.9474 14.2297 12.7245 13.2714 17.3021 18.2001 18.3564 21.7003 20.7826 13.2552 13.4810 16.2382 16.4040 14.1059 17.8439 12.2562 20.2597 18.7859 16.9380 14.8556 16.1042 22.3824 14.9000 19.6495 24.6260 26.9472 20.5006 23.8661 23.4645 24.0580 23.5831 24.1307 26.5304 22.7029 21.8617 25.9610 28.1862 26.1988 22.2864 24.7482 24.1750 22.2042 23.5431 23.3441 21.1254 23.9380 23.6229 26.7669 24.4546 25.9611 25.4796 24.2598 26.9871 27.0386
13.3538 11.7215 6.9532 12.5153 9.8428 10.1210 5.0837 8.6976 6.1021 8.4016 7.5999 15.3653 14.4565 7.5175 7.3409 9.1017 10.1935 9.1516 0.0000 10.7509 6.7902 8.7322 10.2596 11.8107 7.4836 9.2320 9.1588 12.5372 10.8929 10.6813 30.7092 25.6315 31.7869 34.9636 27.4061 35.9100 30.5902 33.3835 32.4665 32.6780 31.2690 29.2616 29.0794 30.3235 30.7552 30.7969 29.7286 32.5322 33.2017 30.3291 34.0250 25.0202 29.7942 31.7959 33.8436 32.3445 30.5655 26.8592 33.3869 32.3664 12.0503 9.7771 10.2547 10.8870 9.2068 9.7682 9.7535 10.6436 11.1142 12.6875 9.6033 11.4785 14.0601 10.9360 10.0292 10.3245 12.4139 11.5116 11.6333 11.3501 15.2424 12.0276 12.1172 10.9661 11.2102 9.8349 9.9437 10.3609 11.6717 14.3238 13.5410 20.4062 20.9388 18.0731 22.1849 12.5456 24.0656 14.9361 10.3519 12.6381 16.2165 16.7618 16.0648 20.6481 18.9906 12.1491 11.2212 12.9933 16.6783 13.2178 16.0433 9.2722 19.0092 17.3843 15.6493 13.3695 14.2958 21.4163 12.0921 18.8226 23.6215 26.5773 18.8648 22.7383 22.2869 22.9200 22.1913 23.1766 25.5780 21.4691 20.6962 24.4098 27.7453 24.9789 21.5040 23.1984 23.2047 20.2196 21.3411 21.9465 19.2183 22.9389 21.9735 26.2929 23.3443 24.8990 24.2472 23.1327 26.2323 25.9720
9.3135 7.6272 12.2836 7.8664 6.5415 7.2680 7.9741 13.8100 9.6442 6.7371 6.3251 9.3035 6.7187 9.9945 7.8238 5.7142 6.2328 7.1216 10.7509 0.0000 12.7670 6.8621 10.4461 8.3043 6.5159 4.6124 9.6835 6.2012 5.8151 7.4436 31.0167 27.0419 32.0392 34.3471 28.6403 35.4174 31.3539 33.3930 32.7713 32.4062 31.0587 30.1855 30.1677 30.4140 30.5213 30.8788 30.8347 32.4985 32.7482 29.6661 33.7835 26.4116 30.4976 32.0186 33.0738 32.3439 30.8854 27.7144 33.8625 32.2290 16.8698 13.3809 13.2236 14.4846 15.0220 14.8735 16.1892 16.1543 12.3885 18.4819 15.0169 16.8476 18.4531 16.1944 15.0777 13.9417 14.4516 16.3566 18.3185 16.3243 11.3541 16.8953 15.9810 16.7903 15.9135 14.3577 14.0238 15.5473 15.8670 14.3111 18.7921 23.6786 23.0061 22.0248 25.3995 17.9179 25.0919 16.0419 15.6186 15.5537 19.3338 20.4643 20.6109 23.8178 23.0809 15.9905 16.2594 18.7469 17.7515 16.1663 20.5014 14.6349 22.1826 21.1895 19.5213 17.4193 18.0959 24.2771 17.5529 21.7951 26.3133 28.3366 22.7964 25.7508 25.2639 25.9086 25.4452 25.8621 28.2903 24.6035 23.9029 27.8733 29.5679 27.8180 24.2310 26.5771 25.7845 24.3243 25.6222 25.3574 23.4656 25.5898 25.6106 28.0895 26.0348 27.6524 27.1255 26.0218 28.5578 28.7568
12.4055 11.3661 4.3788 12.5255 10.4895 9.9810 7.4006 6.2739 6.3907 10.6659 10.5355 16.1689 14.8578 6.4034 8.7388 10.2289 10.7845 10.3490 6.7902 12.7670 0.0000 9.0306 9.9176 11.9215 9.4648 12.0198 9.3670 13.4238 12.4277 12.4459 27.4289 22.4750 28.3249 31.6449 24.0253 32.5612 27.5137 29.8905 29.0250 29.5344 28.4244 25.9743 25.7489 27.1774 27.7210 27.6482 26.2084 29.4433 29.9643 27.2419 30.6678 21.9081 26.4793 28.4518 30.6447 28.9527 27.4116 23.9088 29.8525 29.1281 11.0352 8.1644 8.5228 8.9599 8.5350 8.2368 8.2013 8.9671 9.3816 9.9410 7.7489 10.7028 11.4753 9.2192 9.5339 7.8973 10.5197 10.3982 10.0377 8.8868 14.9517 9.7740 10.4523 9.2443 8.5173 8.5607 8.2467 7.9159 9.7278 11.9585 11.4159 16.8057 17.3918 14.6479 18.5698 9.1325 20.6448 12.3298 7.4809 10.8214 13.0366 13.0764 12.3680 16.9888 15.6677 8.6039 8.0998 9.8772 14.6577 10.3590 12.7529 5.9073 15.3387 13.5239 12.1816 10.2097 10.9877 17.8615 9.1084 14.9355 20.0254 22.9422 15.8443 19.2978 18.5922 19.3979 18.6354 19.6419 22.0453 18.0867 17.4489 20.9264 24.1187 21.5448 18.1785 19.8155 19.6724 16.8346 17.9409 18.5095 16.3528 19.1587 18.4604 22.6821 19.8796 21.3502 20.8462 19.7103 22.6866 22.5680
7.5551 6.5851 8.2103 7.8924 5.6085 5.3850 5.9648 10.3450 5.8497 5.9786 6.7796 9.8469 8.4361 6.5222 7.1642 5.1862 5.8456 6.6756 8.7322 6.8621 9.0306 0.0000 7.7399 7.7152 6.0307 6.7803 7.4658 7.4889 7.3812 7.7377 28.7682 24.3393 30.0617 32.4876 26.1614 33.5165 29.0745 31.3307 30.5620 30.3071 28.9328 27.6892 27.6604 28.3632 28.3964 28.8073 28.4912 30.3870 30.8234 27.8156 31.8377 23.7123 28.2584 29.9504 31.0606 30.2258 28.5265 25.2167 31.7765 30.0674 13.4932 9.9651 10.0792 10.8063 11.9104 11.4817 12.9548 12.5854 8.9969 14.9360 11.7033 13.6581 14.9464 12.7767 12.1407 10.1389 10.8048 13.0220 14.7338 12.5513 10.2853 13.2819 12.5075 13.3780 12.3624 10.9610 10.3151 11.8125 12.2101 10.9913 15.6551 21.0918 20.2933 18.9685 22.7554 14.4653 22.9407 13.0848 11.9447 12.8845 16.4263 17.5789 17.7063 21.1721 19.9807 12.5515 12.8758 15.5221 15.9298 13.1486 17.5086 11.1692 19.4280 18.1167 16.3912 14.0600 14.7048 21.7127 14.3344 18.8041 23.7923 26.1179 19.7527 23.0191 22.6952 23.1627 22.8237 23.1946 25.8484 21.7409 21.1120 25.3716 27.3914 25.4802 21.2987 24.1477 23.3429 21.4917 22.9428 22.5429 20.3950 23.0334 22.8484 25.8259 23.5281 25.1769 24.7251 23.5293 26.1052 26.5027
11.0397 8.2746 8.9776 8.4431 8.6136 6.9193 8.4302 11.7129 8.8595 8.7764 9.1815 12.9716 10.8456 7.4844 8.8419 9.1479 8.9650 9.0337 10.2596 10.4461 9.9176 7.7399 0.0000 9.7831 8.6367 10.2750 8.7850 10.1358 10.7815 10.6710 28.4078 23.8088 29.4680 32.2976 25.2658 33.2569 28.6709 30.9728 30.1380 30.0323 28.6015 27.1931 27.0594 27.8494 27.9232 28.2300 27.8273 30.0930 30.5142 27.3486 31.5759 22.7416 27.7346 29.5267 30.9094 29.7514 28.4934 24.7979 31.2258 29.9008 10.6641 8.2863 8.5478 8.8359 9.7936 9.6793 10.9750 10.1596 7.2874 12.1956 10.2343 10.8615 12.2235 10.6627 9.4013 8.8250 7.3548 10.4833 12.6249 10.5079 8.8151 10.7572 9.8888 10.7385 9.0102 8.5464 7.5811 9.8910 9.7145 8.5851 13.8601 19.8391 19.4451 17.2643 21.4156 13.8265 24.1021 12.6484 11.3378 12.3431 14.9599 16.3458 17.4557 19.6495 19.0349 12.8303 11.3129 14.0842 16.8797 11.5517 15.7376 12.2826 18.0421 17.9275 15.0817 14.7605 14.0917 20.5913 12.3631 18.0060 22.4158 24.8595 17.7873 21.6411 21.0224 22.0740 21.1210 21.8990 24.4560 20.5064 19.3489 23.7902 26.0100 24.0251 20.2672 22.2731 21.8048 19.6266 21.1243 21.1038 19.1758 21.5595 21.1534 24.7444 21.9275 23.7006 23.1134 21.9734 24.6939 24.9092
10.0300 7.1550 12.0657 8.5365 8.3714 8.1234 8.9172 12.1896 9.9443 7.7624 9.0995 11.5795 7.4794 9.4038 8.3711 7.8782 6.8531 6.9770 11.8107 8.3043 11.9215 7.7152 9.7831 0.0000 7.5646 8.3471 10.8730 6.3646 8.8985 7.9497 28.1404 24.2572 29.0141 31.4483 25.5725 32.6149 28.5327 30.2253 29.7735 29.5643 28.2099 27.4104 27.3781 27.3947 27.6039 27.8515 27.8744 29.6959 29.9680 26.6982 30.8359 23.4701 27.6843 29.0915 30.0916 29.4016 28.2959 25.0703 30.9315 29.4986 17.1142 13.6867 13.4306 13.9093 14.9473 14.9479 15.7519 15.7731 12.6291 17.0607 14.4220 16.6209 16.4293 15.7717 14.7651 13.7068 13.5543 16.3195 17.7489 15.8561 11.5180 16.0392 15.8616 16.4146 14.1685 13.9989 13.5395 14.7463 15.1242 13.1387 17.2772 20.7699 19.9609 19.3917 22.4335 15.9247 22.2840 13.2185 13.9538 13.7409 16.8036 17.5710 17.8617 20.8091 20.8123 12.9952 13.8821 16.9912 15.3066 14.1780 18.1310 13.5043 19.3283 18.4066 16.5920 15.1693 15.9998 21.4245 15.4954 19.0125 23.3683 25.0749 20.1636 22.8448 22.3819 23.2100 22.5602 23.1123 25.2099 22.0322 20.9970 25.0246 26.4033 24.9231 21.5685 23.7138 22.9345 21.6357 22.9871 22.5902 21.1824 22.6419 22.8492 25.0898 23.2647 24.6051 24.1918 22.9943 25.5252 25.6506
10.0102 6.7796 8.9946 8.5701 6.5629 6.2265 4.7463 11.2328 6.8962 6.5529 5.1933 11.4983 9.1432 6.8627 5.6593 5.3497 5.6739 6.2988 7.4836 6.5159 9.4648 6.0307 8.6367 7.5646 0.0000 5.2272 8.4584 7.5648 8.4256 7.6124 30.1002 25.4162 31.1830 33.8681 27.2298 34.8481 30.2264 32.5430 31.6629 31.7682 30.2409 29.0229 28.7790 29.6260 29.6923 30.2126 29.5389 31.7297 32.1948 29.1968 33.0629 24.8929 29.4792 31.1706 32.5741 31.5486 29.9250 26.4475 32.9204 31.4413 13.7265 10.4328 10.3943 11.1626 11.4053 11.6414 12.6821 12.7629 10.4825 14.9773 11.4960 13.5735 15.8960 12.7315 11.7709 10.7846 12.0735 13.0764 14.5306 12.9855 11.4755 13.6213 12.9545 13.3330 12.6087 10.7908 10.6828 12.0923 12.5998 12.6558 15.6823 21.7351 21.3716 19.6654 23.3570 14.6960 24.2498 14.1515 12.4929 13.0123 17.0989 18.3005 18.0231 21.8673 20.7113 13.1685 12.9190 15.5385 16.1826 13.8172 17.9902 11.5793 20.2510 18.8765 17.0603 14.5983 15.8184 22.4151 14.4044 19.4606 24.3380 26.8540 20.4272 23.5611 23.1139 23.7312 23.3634 23.8855 26.3647 22.4013 21.6465 25.6966 27.9642 26.0354 22.1128 24.5216 24.0070 21.8163 23.1228 23.0899 20.9347 23.5625 23.3310 26.5851 24.2670 25.7670 25.2694 24.0156 26.9371 26.9211
9.9832 7.8441 11.4267 8.7312 6.5649 7.3564 6.4471 13.4314 8.8498 6.2726 5.2067 10.2146 8.2593 9.3033 7.0072 5.5084 6.2477 6.8373 9.2320 4.6124 12.0198 6.7803 10.2750 8.3471 5.2272 0.0000 9.2191 7.2225 7.2372 7.6502 31.5100 27.1381 32.6316 35.0970 28.9229 36.1519 31.7686 33.9670 33.2523 33.0452 31.4909 30.6099 30.4701 30.9840 31.0612 31.4980 31.2227 33.0731 33.4406 30.3469 34.4466 26.5974 30.9861 32.5400 33.7762 32.9830 31.3511 28.0033 34.4655 32.7873 15.6944 12.6041 12.5608 13.5618 13.6854 13.7914 15.1056 15.1702 12.1330 17.6336 13.8993 15.7422 18.0044 15.1272 13.9515 13.0849 14.1717 15.2150 17.0401 15.4719 11.6891 16.0502 15.0078 15.7890 15.1646 13.2034 13.2263 14.5155 14.9590 14.3956 17.9256 23.5878 23.2155 21.7849 25.4380 17.1787 25.5594 15.7071 14.9008 14.9564 18.9967 20.3405 20.2167 23.8951 22.8301 15.5517 15.5438 17.8531 17.6682 15.8533 20.1649 13.9615 22.2313 21.2215 19.2509 16.9224 17.8841 24.3785 16.7811 21.6978 26.3454 28.6483 22.4556 25.6347 25.2106 25.8149 25.3889 25.8689 28.3799 24.4357 23.7065 27.8029 29.8155 27.8852 24.1355 26.5531 25.9290 24.0207 25.2880 25.1490 23.0028 25.6062 25.4412 28.3421 26.1763 27.7307 27.2047 26.0403 28.7899 28.8985
9.7510 9.4598 8.6592 11.2922 8.2642 9.0799 7.5064 10.3953 6.8304 8.9268 8.8275 13.3601 12.1471 7.6474 8.3026 8.6016 8.9010 8.6517 9.1588 9.6835 9.3670 7.4658 8.7850 10.8730 8.4584 9.2191 0.0000 10.8140 9.6032 10.0490 27.3696 22.2908 28.9459 31.5968 24.4864 32.5291 27.3551 30.2676 29.2411 29.1117 27.8679 25.8935 25.8115 27.2229 27.2556 27.6184 26.8621 29.1991 29.8069 27.1154 30.8204 21.8001 26.6229 28.6671 30.1911 28.9769 26.9276 23.4461 30.4389 28.7620 11.1585 8.3059 8.4115 8.6790 9.5774 8.7732 9.6517 9.7961 8.0650 11.8760 8.7928 10.5722 12.5010 9.6449 9.5656 9.0615 9.9386 10.3657 11.5263 9.4820 12.5173 10.1033 10.3507 10.3548 10.3906 9.3370 8.8385 10.1242 9.7265 11.1685 11.8761 19.0527 17.9384 16.4248 20.3275 11.9543 22.6898 12.0936 10.2917 10.3529 14.1143 15.9570 17.2264 18.9099 16.9649 12.2068 11.3977 13.1102 14.3827 11.0216 14.3660 10.3124 17.3482 17.4067 14.2172 12.9803 12.1119 19.3884 12.1319 16.4952 21.7357 24.6336 16.9643 20.7349 20.7553 20.8874 20.6114 20.8728 23.8850 19.1358 18.7567 23.1009 26.0768 23.5132 18.7504 22.0968 21.3470 18.9011 20.4508 20.0604 17.2470 21.1268 20.4643 24.1381 21.5306 23.1642 22.7930 21.6300 24.1992 24.7433
9.6084 5.2486 13.0229 7.0549 7.6350 6.9190 9.4880 14.5130 10.5980 7.7790 8.9311 11.1039 4.9433 9.8165 7.9562 6.8862 5.8367 6.2750 12.5372 6.2012 13.4238 7.4889 10.1358 6.3646 7.5648 7.2225 10.8140 0.0000 7.6285 8.7948 30.6487 26.5760 31.6702 33.9292 28.1748 35.0729 31.0698 32.8366 32.3047 31.9484 30.3937 29.9347 29.8640 29.9798 29.9484 30.5050 30.5297 32.0832 32.3967 29.0547 33.3390 25.9471 30.2317 31.5998 32.5196 31.9693 30.6061 27.3190 33.5894 31.8181 17.3378 13.9362 13.7342 14.6526 15.3693 15.5164 16.7119 16.6326 12.7067 18.5997 15.3198 17.0762 18.4696 16.4294 15.4609 14.4479 14.4343 16.7286 18.6111 16.8440 10.3019 17.1180 16.1314 17.1787 15.8531 14.4856 14.2868 15.7690 15.8635 14.0629 18.8692 23.4903 22.5734 21.8405 25.2673 18.0475 25.0539 14.8647 15.8038 15.4249 18.7825 20.2657 20.5695 23.6607 23.2176 15.6223 16.0014 18.7845 17.9106 15.8625 20.3999 15.3094 22.0498 21.2967 19.1624 17.3120 18.4319 24.2015 17.3880 21.4312 26.1295 27.9763 22.5511 25.5041 25.0532 25.7956 25.3436 25.7617 28.0601 24.5443 23.5858 27.8153 29.2185 27.7310 24.0254 26.5429 25.7110 24.2996 25.6074 25.1595 23.4401 25.3279 25.5926 27.8514 26.0431 27.4305 27.0690 25.8172 28.4450 28.5820
9.1405 8.7972 12.1469 9.6532 7.9068 8.7111 8.4984 12.5922 9.1501 6.7958 7.3204 10.4695 8.3456 10.1379 8.1002 6.6630 7.0652 6.9861 10.8929 5.8151 12.4277 7.3812 10.7815 8.8985 8.4256 7.2372 9.6032 7.6285 0.0000 6.7732 30.3269 26.3458 31.4549 33.7129 27.7934 34.7502 30.5086 32.6722 32.0004 31.6292 30.4772 29.2102 29.3156 29.7584 29.8538 30.0374 30.0246 31.7084 32.1197 29.2155 33.1009 25.5447 29.7480 31.4113 32.3274 31.5885 30.0905 26.8468 33.0514 31.5393 17.6007 14.1913 14.1068 15.0270 15.5979 15.3601 16.1732 16.4453 13.3311 18.3216 15.3305 17.3537 17.8744 16.4202 15.6372 14.7197 14.9358 17.0320 18.4149 16.3969 13.3214 16.9507 16.7885 16.8816 15.8480 15.1533 14.5434 16.0769 16.3566 14.9395 18.2785 22.8810 21.9424 21.1628 24.4238 17.4120 24.1264 15.9020 14.8423 15.0842 18.8962 19.5854 20.0149 22.8437 22.0153 15.3203 15.9416 18.4596 16.8152 15.7282 19.5208 14.0307 21.2367 20.0785 18.7390 16.5768 17.3101 23.3201 17.2870 20.9374 25.8005 27.7542 22.2131 25.1316 24.7515 25.2420 24.8050 25.3054 27.5541 24.0814 23.4452 27.1473 29.0097 27.2117 23.5372 25.9592 25.1126 23.7455 25.0983 24.7132 22.8099 25.1242 24.9549 27.5693 25.3842 27.0107 26.5175 25.4644 27.7187 28.0662
9.6275 9.2524 12.0378 10.5579 8.5372 9.5317 8.1188 11.9932 9.1966 6.9848 6.7645 10.5933 9.7529 10.1699 8.5411 7.5601 7.4980 8.0018 10.6813 7.4436 12.4459 7.7377 10.6710 7.9497 7.6124 7.6502 10.0490 8.7948 6.7732 0.0000 28.8815 25.0035 30.1067 32.3222 26.2605 33.3357 29.0541 31.2073 30.3810 30.2754 29.2034 27.6642 27.6735 28.3192 28.4565 28.5698 28.4279 30.2313 30.7367 28.0511 31.6738 24.0015 28.4211 30.1347 30.8602 30.1367 28.6770 25.3451 31.4980 30.2377 17.6390 14.3433 14.2952 14.7549 15.5902 15.3846 15.7704 15.9625 13.5921 17.5518 15.1230 17.2041 16.6086 16.3138 15.4137 14.6022 14.4193 16.9595 18.0431 15.9735 13.7462 16.4859 16.8626 16.6632 14.9778 15.0999 14.0464 15.8397 16.1084 14.5393 17.3102 21.6873 20.6621 19.8148 22.9888 16.4360 23.0399 15.2702 13.6472 14.1537 17.9708 18.2972 18.7569 21.5835 20.7072 14.1321 14.7905 17.8745 15.4479 14.8993 18.4537 13.0807 19.9300 18.4894 17.5079 15.4600 16.1063 21.9028 16.3336 19.6654 24.2946 26.3306 20.8611 23.6188 23.3477 23.7034 23.4497 23.8523 25.9583 22.7555 22.0331 25.6003 27.4997 25.8557 22.1679 24.4908 23.6782 22.2565 23.7999 23.2265 21.7064 23.7765 23.5087 26.1649 23.8721 25.5022 24.9869 23.8739 26.1329 26.5436
27.1949 29.2774 28.6267 30.0275 29.7441 29.6122 29.8680 26.1137 29.0944 30.4620 30.7694 30.5971 30.7571 27.8754 30.1286 30.2514 29.3832 30.0753 30.7092 31.0167 27.4289 28.7682 28.4078 28.1404 30.1002 31.5100 27.3696 30.6487 30.3269 28.8815 0.0000 10.5728 6.2670 7.8349 8.7482 9.6660 5.8812 6.8880 10.2093 6.8467 11.3239 6.5737 9.1775 4.8828 9.0121 7.3031 8.4356 6.5524 6.7967 8.5782 6.6697 10.5962 5.1216 5.0666 7.4432 7.2745 7.3910 9.8206 9.6381 6.7879 29.9344 28.0849 27.1498 26.9610 29.6334 28.3131 27.1947 27.4959 26.9504 25.5265 26.6837 28.9149 23.3773 27.1717 28.1434 26.5193 26.2751 28.8112 28.4610 26.3159 29.5337 26.0008 28.4110 27.5997 24.8808 28.5047 27.2534 26.9694 26.7702 25.0182 23.5628 17.0634 14.2007 18.6678 16.6008 22.3910 15.3904 22.3022 24.0543 22.0845 19.8364 19.8370 20.8528 16.6780 17.5019 22.1602 23.4581 24.5637 19.2460 22.6748 20.5693 24.5130 17.7628 19.2669 19.4088 21.9018 19.9788 16.2948 23.5981 18.1935 13.6932 13.2897 17.1487 13.4532 16.0173 13.6969 15.6228 12.4074 14.2383 13.5250 14.8223 16.4604 14.9191 14.0570 12.8827 17.0310 14.0003 17.5265 17.7774 14.6194 17.2735 15.1418 15.1753 11.3068 14.8715 14.0735 15.0637 14.7215 13.4580 16.3169
23.2348 24.9574 23.3608 26.0214 25.1367 25.1622 25.1123 21.9582 24.0359 26.2158 26.2859 27.0516 27.0591 22.8905 25.4761 26.0087 25.1985 25.5227 25.6315 27.0419 22.4750 24.3393 23.8088 24.2572 25.4162 27.1381 22.2908 26.5760 26.3458 25.0035 10.5728 0.0000 12.2539 16.0728 7.1282 16.5872 10.5323 12.7310 11.8500 11.8427 10.0157 8.8592 9.3415 10.2415 10.0357 14.0497 10.9529 11.9119 13.9191 10.9952 13.3558 6.4751 10.4111 10.9812 14.2503 13.2264 10.6173 7.4469 14.9419 11.4871 24.2505 22.6271 21.7072 21.3704 23.9582 22.7696 21.7188 21.7992 22.0804 20.0419 20.8961 22.8319 19.3604 21.3562 22.5863 21.2400 21.4064 23.0958 22.3989 20.7395 25.5393 20.2987 22.7795 21.8054 19.6637 22.8495 21.8483 21.4669 21.2074 20.4964 17.4130 14.2281 11.4627 14.6670 14.3270 17.1368 16.0302 17.4936 19.0819 16.4592 14.9603 17.0095 17.6976 14.5783 13.1642 17.4948 17.9289 19.5630 15.1379 17.3630 16.3333 19.5509 14.7855 16.5919 14.7982 16.9519 16.3177 14.3328 18.0901 13.4542 12.7702 14.3695 13.1402 10.5468 13.5712 11.2116 14.3886 10.7268 13.4708 10.9098 11.4020 15.1732 15.2628 14.4999 8.6116 16.2750 13.4598 14.7661 15.0873 10.8713 12.9481 13.4024 12.8095 12.5285 15.2643 13.3704 15.2343 14.0228 14.7899 16.3130
28.4975 30.4002 29.7864 30.9304 30.9742 30.6575 31.0361 27.2063 30.4362 31.6770 31.9225 31.6230 31.6943 29.0204 31.2616 31.3010 30.5061 31.1576 31.7869 32.0392 28.3249 30.0617 29.4680 29.0141 31.1830 32.6316 28.9459 31.6702 31.4549 30.1067 6.2670 12.2539 0.0000 8.0153 9.2911 9.3242 9.0317 6.4002 9.9069 9.3944 12.8121 9.2167 10.5035 6.1899 10.3891 9.4199 8.1355 9.1982 8.1979 8.6296 5.9805 12.2925 6.8657 5.9563 9.6809 7.6060 11.0829 12.7276 8.3430 9.0883 31.2311 29.2634 28.3207 28.2469 30.7961 29.6190 28.4154 28.7808 28.2651 26.5926 27.8274 30.2277 24.6277 28.4653 29.3765 27.6694 27.5295 30.1064 29.7630 27.7205 30.5992 27.3074 29.6496 28.8141 25.8980 29.6671 28.4747 28.1247 28.0319 26.0063 24.9821 17.0142 15.2789 19.4311 16.4929 23.4413 15.7630 23.6214 25.3166 23.3790 20.7336 20.3362 20.8962 16.6037 18.7990 23.1526 24.2487 25.4171 20.4656 23.8063 21.3885 25.5774 18.0726 19.7130 20.0945 23.2188 21.3013 16.2818 24.4070 18.9473 12.9985 11.3646 18.2766 13.5688 15.2059 13.9720 15.2440 12.3332 12.9095 14.2481 15.0476 15.4950 12.4959 12.9090 14.0410 16.1474 13.2841 17.7229 17.4575 14.8719 18.7450 14.3651 15.0414 9.8154 14.4657 13.0191 14.0810 14.0292 12.5684 14.3588
30.3766 32.7334 32.8658 33.2791 33.3641 33.1767 33.8726 30.2392 33.2459 34.1688 34.5175 33.4126 33.6999 31.9011 34.0789 33.7571 32.8435 33.8109 34.9636 34.3471 31.6449 32.4876 32.2976 31.4483 33.8681 35.0970 31.5968 33.9292 33.7129 32.3222 7.8349 16.0728 8.0153 0.0000 13.3038 5.6222 10.9734 6.8469 11.4383 8.8765 14.8595 11.2146 12.4246 9.0055 11.6142 8.6294 11.2149 10.2854 6.6323 11.1814 6.6954 15.2951 8.4923 9.3610 6.6105 6.3064 10.5798 14.7399 9.2124 8.1480 34.5266 32.4002 31.4330 31.3622 34.2669 32.8754 31.9252 32.1368 30.9995 30.3013 31.2528 33.7611 27.8627 31.9244 32.7600 30.7892 30.3760 33.4163 33.3755 30.9637 32.7483 30.6770 32.8947 32.3546 29.3677 32.9527 31.6436 31.4877 31.2840 28.6458 28.6842 21.3832 18.8356 23.3988 20.6151 27.0721 18.5074 26.7031 28.5820 26.8459 24.6066 24.0577 24.9136 20.9438 22.5189 26.4600 28.0069 29.3240 23.2420 27.2907 25.2726 28.8290 22.0630 23.1241 23.9881 26.3534 24.4160 20.2712 28.3949 22.5345 17.2005 15.8194 22.4171 17.9899 19.7548 17.9998 19.6188 16.9562 17.3338 18.2728 19.6239 19.9155 16.9695 17.7290 18.0848 20.3485 17.5222 21.9176 22.3249 19.5329 22.5297 18.7868 19.6706 14.2425 18.1450 17.5110 18.2673 18.2796 16.1694 18.9813
