0.0000 6.9147 15.7278 11.5938 8.9605 6.8939 14.8110 11.2134 8.0491 6.9924 12.4414 6.6990 4.9111 6.7999 5.6748 8.5466 4.6335 9.3725 4.9954 9.5623 7.9904 10.3479 11.9384 8.6220 12.0304 11.3578 12.2954 12.5841 11.7609 11.2902 49.8351 46.6985 52.4384 47.3275 48.2580 25.5253 44.7178 54.8356 38.4134 46.1555 38.9609 49.7350 39.9304 36.9746 52.7392 44.5730 54.8377 53.2850 50.2698 41.3150 48.2692 49.5980 45.5462 49.5923 53.0817 36.5469 37.9190 27.9119 28.6773 45.0022 14.3238 21.4261 30.4672 22.7304 27.6334 18.3759 27.7034 28.0946 15.3857 19.8633 13.3074 36.2892 15.3842 14.3452 33.8945 8.2712 19.0855 26.6158 20.8058 15.3786 21.6115 18.1953 17.2082 35.3319 29.9552 9.5642 24.6922 20.1730 26.3765 34.6880 12.3372 7.4518 21.6459 30.9089 10.4686 13.9723 7.3300 18.0643 6.9249 18.0338 38.0246 21.2667 16.7634 16.2906 19.2698 21.2514 20.6683 13.2113 7.1576 19.3968 20.8614 18.4787 22.2142 12.5159 16.2537 13.9791 9.9415 26.6029 11.0033 33.8021 33.4565 40.1697 33.7267 48.1245 37.3331 41.4253 49.7520 43.2462 45.5124 35.5035 48.9547 46.1804 28.7415 39.2971 41.7822 34.2104 44.2558 22.9858 44.0172 47.4943 43.0258 24.1035 48.7502 45.9578 42.0832 14.4136 23.8631 39.3763 33.4876 37.0285
6.9147 0.0000 14.9403 8.3445 11.0074 10.8788 14.7352 11.7937 8.3966 2.4410 9.1529 3.5637 7.2296 4.4814 9.0691 7.5586 5.7195 5.2645 5.8704 12.5343 11.8938 7.6346 16.4930 10.1797 12.6122 8.9597 12.0285 11.6931 15.2426 10.6014 50.3880 47.8868 52.9417 47.9406 48.6096 27.1769 45.6630 55.8401 39.7103 46.2266 39.5119 49.7651 40.4461 37.4846 55.2188 45.5784 57.8029 54.0397 50.7453 41.7618 48.8169 51.6346 47.0570 50.8936 56.1644 37.6083 38.4616 30.7970 29.2948 45.7493 10.9360 21.0355 30.2489 22.8692 28.1658 19.9854 28.1552 26.9670 11.3149 19.8713 13.6919 34.3103 13.2783 13.7619 33.6807 9.1635 16.3783 25.8708 19.3673 14.4570 21.2646 17.8171 15.9371 33.7748 28.4148 6.8815 22.1441 20.3307 23.9606 35.0179 13.1021 7.4478 20.8193 30.0082 9.3019 18.7744 6.6257 17.0965 5.2299 16.8173 39.6764 20.5931 18.0932 21.6337 19.0663 21.9713 22.6104 15.8760 9.0897 18.5253 20.4551 16.1544 21.1360 11.5135 14.9161 12.8444 11.4204 27.6928 11.6958 33.7412 33.3268 40.6708 34.4817 49.1477 37.0032 41.2020 50.9817 43.2524 45.6162 36.0606 48.3771 46.1585 29.9224 40.0007 41.8794 33.4227 44.5639 21.5947 44.6087 47.5952 45.5331 24.7284 49.4152 46.5966 44.0633 16.6153 24.0238 40.2591 34.9548 37.1237
15.7278 14.9403 0.0000 11.4536 18.1113 15.1549 11.6180 23.5912 15.0793 16.2719 11.8842 16.8824 15.9690 13.0438 18.1448 19.9385 15.7322 12.6521 14.1595 18.0275 18.5989 20.5957 25.7201 22.3760 25.1619 11.9191 10.5723 7.9616 23.1067 23.9683 37.6376 35.4600 40.3750 35.5225 35.8789 18.3711 32.8383 43.2829 26.9828 33.6079 26.3670 37.1503 28.2591 28.7118 41.7498 32.6191 43.9495 41.6822 38.2916 29.1446 36.1262 39.1116 34.2488 37.8923 42.8000 37.8020 26.9974 23.0049 16.8038 32.9932 14.6375 8.5901 17.1206 12.0857 16.0587 15.4213 17.4319 14.6000 9.1999 12.5917 6.4320 21.8486 7.5461 14.7328 19.8880 13.3967 5.4259 12.0216 8.6103 7.7103 11.4003 11.3232 7.3403 20.9495 16.1279 11.5438 9.8569 8.1120 13.5096 21.5473 9.2608 19.2873 12.6605 18.3160 16.4475 22.4286 11.9411 18.6964 15.7715 11.1971 25.8242 12.8159 11.3022 26.5047 11.1432 12.5454 17.4107 18.7370 13.8403 16.5973 12.2564 16.3321 15.7073 9.9208 10.2679 16.3936 14.4647 14.0600 16.1066 20.9186 20.4739 28.0283 21.6057 36.1465 24.3451 28.6423 37.9804 30.4350 33.2220 23.4182 35.6524 33.8392 17.1060 27.2538 29.1975 20.5406 31.7951 16.4368 31.3436 34.9096 31.3578 15.9463 36.0920 33.4180 29.8880 13.9721 17.1022 27.6166 20.5384 24.4553
11.5938 8.3445 11.4536 0.0000 12.6113 10.0288 13.8316 15.0235 12.3525 8.5209 15.4913 9.0939 12.5465 10.0386 11.5295 12.6974 11.5597 10.8591 8.2964 10.7875 12.4467 11.3541 18.4133 13.5916 16.2772 14.3326 16.8453 7.0941 16.8151 12.8887 47.3022 44.7405 49.6233 44.9501 45.1845 24.3272 42.5772 52.7543 35.6918 42.9593 36.0869 46.4299 36.8187 34.4260 51.5241 42.0893 53.9551 50.9404 47.1416 38.5602 45.3918 47.7920 43.0388 47.8078 52.0590 34.2094 34.7654 26.2178 26.0869 42.2827 16.7252 18.2208 27.2191 19.8541 25.7328 21.2335 25.2657 23.8381 8.0064 14.7848 10.1164 31.7730 11.8997 14.3087 31.3191 10.2052 13.4965 23.4286 16.5791 13.2483 18.6833 14.7648 13.5177 30.7529 26.0920 6.5538 19.2205 18.1556 20.9100 32.7326 13.0780 12.0134 18.0970 26.5269 13.1449 18.7972 12.8009 21.9419 9.5256 14.0358 36.0632 17.6885 14.9557 21.3368 15.9974 19.6312 23.2810 19.1432 13.4082 17.7912 17.6874 21.6534 20.5180 10.3398 12.1667 17.8015 8.5027 24.0519 16.3308 30.5136 29.5624 37.5733 30.8729 46.1919 33.9342 37.9980 47.8959 39.9600 42.8865 32.5122 45.3081 43.4288 26.3391 36.9150 38.4771 30.0144 41.6757 19.5190 41.4607 44.3056 41.3461 22.1845 46.0749 43.1715 40.4250 20.5186 21.9223 37.1598 31.9425 33.7234
8.9605 11.0074 18.1113 12.6113 0.0000 10.2255 18.2094 13.6055 6.7203 11.6726 17.5770 11.4844 7.2586 11.4652 5.3873 13.9569 6.1158 13.2245 7.3330 9.5071 4.5603 14.3756 10.1599 9.8474 11.0373 15.2195 14.5047 14.9624 5.5314 14.1861 53.0355 49.5442 55.6587 49.9663 51.5584 29.4194 47.6647 57.2636 41.6268 49.4433 42.2305 53.0228 43.6317 41.1755 54.5795 47.2294 55.1788 55.9329 53.9711 44.6028 51.7200 51.6720 48.3301 51.4325 54.2009 40.2492 41.3036 29.4992 32.6142 48.3108 17.7010 22.6483 32.4252 20.2778 28.6336 17.0258 26.2319 30.8996 16.9049 17.0178 16.9420 38.0940 17.5728 10.2001 34.8182 8.0825 21.3974 27.7997 23.2597 19.2365 20.2568 15.2728 18.2055 37.5895 31.9918 11.9914 27.0648 20.3131 29.8102 34.7556 17.2134 14.9638 26.5908 34.9757 17.2632 9.5156 13.6823 23.5261 10.4532 23.4163 40.6384 26.6461 20.7003 11.2140 24.6884 24.0383 20.0634 14.1967 10.6541 25.0651 25.8147 23.9458 27.0268 17.0907 21.7420 20.6999 14.1155 29.8312 14.2594 37.0719 37.3934 43.4083 37.0932 50.7017 40.6021 44.6659 51.7975 46.5152 48.1082 38.5090 51.9943 48.6506 31.9610 42.5849 45.0701 38.1284 46.7710 28.2208 46.7658 50.7821 44.6776 28.0899 51.7919 49.2456 43.6446 18.5921 28.9264 42.4392 36.1438 40.3163
6.8939 10.8788 15.1549 10.0288 10.2255 0.0000 16.0155 13.6492 9.3353 11.7954 17.4644 10.9377 8.0935 11.6742 7.7103 11.7456 7.7114 13.8183 8.4440 6.7590 7.8259 13.1321 12.9312 9.6160 13.5685 15.8789 16.6005 11.8869 11.2666 14.8648 49.3310 46.3160 51.9343 46.5446 47.6632 25.5998 44.3353 54.1796 37.9472 45.4995 38.5590 49.0790 39.3281 37.4284 52.2049 44.1906 54.7546 52.5009 49.6510 40.6590 47.7651 49.1890 45.1637 49.0580 52.9731 38.1543 37.3311 27.7664 28.2749 44.4981 18.9251 21.1603 29.9563 21.2506 27.1905 21.8105 26.7775 27.3631 14.2990 18.3278 13.2265 35.5047 14.5500 17.1485 33.7094 7.3844 18.3716 26.5465 20.1870 15.7352 18.2534 15.2794 16.0230 34.5474 29.1707 10.0487 24.0390 19.4782 25.8957 34.4921 12.6799 12.4245 21.5267 30.5314 15.9052 13.6156 12.7041 23.6481 10.4706 17.9600 37.8757 21.3565 16.9888 16.2850 19.4230 22.2930 23.5908 14.2454 11.6964 21.6297 21.1081 23.6131 23.6593 13.0356 16.6990 19.3296 9.0821 26.8347 15.9526 33.3716 32.9966 39.6656 33.4961 47.6744 36.8157 40.8835 49.3562 42.7288 44.8190 34.9993 48.3724 45.4462 28.6367 38.6411 41.1262 33.8448 43.5216 23.5887 43.7733 46.8383 43.0945 23.6637 48.5063 45.4533 42.0265 19.3881 23.6484 38.7203 33.5695 36.3725
14.8110 14.7352 11.6180 13.8316 18.2094 16.0155 0.0000 20.5240 15.4541 15.6453 9.9726 16.0366 15.7312 12.1815 17.5822 16.9987 15.3308 10.4609 13.7847 17.8570 18.2690 16.4565 24.1315 21.2784 23.0446 8.9935 12.5174 8.6863 22.6604 20.9599 42.4814 39.2803 44.6584 40.6446 39.8221 19.2013 37.1170 47.7823 29.3403 38.8435 30.7429 41.2991 31.4233 25.4508 45.6802 35.7211 47.3748 46.4565 42.3380 34.2159 39.7929 42.5467 36.7403 42.3477 45.4744 31.4305 29.1064 21.9821 23.5321 36.1203 10.9135 13.2505 22.3448 16.6811 21.6390 13.7865 21.5131 18.4229 17.6099 18.0358 9.9118 26.7889 10.3493 12.1737 24.9620 12.5174 13.1741 17.9558 13.4899 9.6675 20.7846 14.3539 14.7640 25.9867 22.4482 11.0403 14.3247 14.7599 18.9935 26.9131 9.9272 16.9845 11.5530 20.8205 11.2599 22.6951 13.1607 12.9069 12.9877 9.9361 29.1002 11.9023 9.5107 25.6017 11.5043 10.8803 15.6807 13.7395 11.2326 8.7925 11.5208 12.7929 10.0180 8.6111 7.9173 9.9204 14.1641 16.0177 10.5412 24.7929 24.4264 32.9102 24.5431 41.0295 28.5232 32.8598 42.5706 34.6465 38.2858 26.8790 39.8971 38.8282 21.0503 32.6297 33.3464 23.8618 36.9486 16.7529 35.7989 39.5616 34.6509 17.8964 41.0118 37.5220 32.9308 14.4932 18.5010 32.4792 25.4563 29.2543
11.2134 11.7937 23.5912 15.0235 13.6055 13.6492 20.5240 0.0000 14.8394 11.0844 19.3764 12.0634 12.3807 13.6980 10.8070 8.3532 10.8799 14.8785 13.0747 9.3130 12.8796 9.2767 9.8081 7.0378 6.7186 17.4179 21.9748 17.8926 11.3672 8.9380 59.7824 56.9569 62.0414 57.9192 57.8125 36.0058 54.7936 65.1289 47.5873 55.8854 48.7482 59.2896 49.4138 44.1318 63.1711 54.0870 64.7094 63.7575 59.7768 51.2646 57.7834 59.9053 55.0602 60.0242 62.7935 40.2928 46.5120 37.1062 38.5491 54.3782 20.7204 29.7686 39.6914 31.2424 37.5977 27.8659 36.8803 37.0866 21.8182 28.8069 22.0619 45.1494 24.1379 21.4422 42.7760 14.2266 26.8912 35.0588 29.3152 24.2698 28.5392 24.9874 26.3302 44.1921 39.6066 16.6101 32.6935 29.8047 34.3990 44.2629 21.5087 8.3882 30.1843 39.5923 15.0818 15.0323 16.8253 22.6200 10.2208 26.1579 47.7713 29.7462 24.9615 16.1954 27.9053 28.8267 30.3167 20.9746 15.9227 26.0044 28.8663 24.1764 29.8287 19.5682 23.1117 19.7839 16.6387 35.0584 17.8424 43.3902 42.0931 50.2240 42.9091 58.8714 47.1205 51.1843 60.4167 53.0336 56.1936 44.8788 58.4944 56.7360 37.8321 49.5856 51.3828 43.0799 54.8564 31.0263 53.9846 57.0593 52.0626 35.0511 58.6512 55.5124 51.2035 25.4404 34.7518 49.7802 43.4542 46.6333
8.0491 8.3966 15.0793 12.3525 6.7203 9.3353 15.4541 14.8394 0.0000 9.9264 13.5866 10.0234 4.5718 7.9000 7.1018 13.1299 5.2210 9.8444 5.7922 12.6009 8.1477 13.2633 13.2013 12.4269 14.5358 12.1934 10.9845 11.8487 10.2221 17.0636 50.4906 47.6145 53.2846 47.4349 48.8325 27.0127 45.3490 55.0915 39.3864 46.6734 39.5618 50.2530 40.9695 38.7688 52.9180 45.2996 53.9174 53.4080 51.2687 41.8330 49.1252 50.0542 46.4115 49.7441 53.3893 40.4177 38.9850 28.4868 29.6933 45.9922 14.9409 20.1174 29.7646 18.8883 26.5094 14.8386 23.7943 27.9207 15.0717 18.1739 14.1066 35.5277 14.7853 10.3843 32.6640 7.1883 18.5158 24.8352 20.4549 16.0364 17.5510 12.0595 16.1458 34.7463 29.1937 9.9855 24.1832 17.9012 26.4901 32.7007 13.7370 13.6727 23.1077 31.7572 14.0138 12.0398 9.6105 20.0665 8.7388 19.7735 38.5146 23.1621 18.0573 16.4126 21.4293 21.5290 16.4961 10.1891 7.4615 21.8003 22.6372 20.2059 23.7762 13.5922 18.1992 16.8318 13.5344 27.2188 10.4619 34.3332 34.4149 40.8252 34.9087 48.2199 37.7017 41.7655 49.8322 43.6148 45.4463 36.1589 49.1511 45.9887 29.7716 39.8151 42.3002 34.9896 44.1091 24.7356 44.4302 48.0123 43.3942 24.9155 49.1632 46.6129 41.3236 15.1526 25.3107 39.8754 33.7928 37.5515
6.9924 2.4410 16.2719 8.5209 11.6726 11.7954 15.6453 11.0844 9.9264 0.0000 10.5889 3.3892 8.4138 5.5217 9.3530 6.9500 6.9852 6.3113 6.4153 12.7813 12.0758 6.4943 16.7251 10.4636 12.7268 9.5733 13.5425 12.6208 15.6599 9.1238 51.1616 48.5999 53.5819 48.7142 49.2498 27.9023 46.4366 56.6137 40.1689 46.8668 40.1522 50.3116 40.8030 37.6764 56.2931 46.5193 58.8772 54.6634 51.1023 42.4220 49.4571 52.5316 47.9979 51.6672 57.1054 36.3271 38.8553 31.3323 30.0201 46.3481 11.6820 22.2159 31.3294 25.0124 29.4718 21.6232 29.6209 27.6569 11.1914 20.3567 14.7200 35.1826 14.6429 14.9639 35.1083 10.1507 17.5157 27.1457 20.5280 15.6655 23.4154 19.9307 17.0854 34.5309 29.2460 6.9957 22.8623 21.8240 24.3301 36.4644 14.6845 6.3932 21.3126 30.4813 8.5114 19.2396 7.9776 17.9610 4.7526 17.0742 40.6173 21.1446 19.6031 21.8658 19.6388 22.7270 24.4382 17.5899 10.9900 18.4941 20.7711 16.4264 21.2972 12.5264 15.2229 12.7288 11.7343 28.6196 13.2796 34.3476 33.8336 41.4327 35.4226 49.9564 37.5752 41.5722 51.7553 43.9304 46.2359 36.6525 48.8634 46.7783 30.7332 40.7744 42.3698 33.8176 45.4021 21.5575 45.6855 48.2355 46.4740 25.2543 50.0555 47.2368 45.0042 17.7465 24.6134 40.9259 36.0611 37.6808
12.4414 9.1529 11.8842 15.4913 17.5770 17.4644 9.9726 19.3764 13.5866 10.5889 0.0000 11.0217 12.8862 7.5678 15.7938 14.9250 12.3703 5.2886 11.8151 19.9084 18.3407 15.5665 23.3946 17.5607 20.3308 4.8469 7.7382 12.2377 21.7682 18.8691 41.9760 39.6733 44.8957 39.8138 40.4437 19.6603 37.1372 47.5748 31.4600 38.1802 31.0235 41.7597 32.8878 29.7931 46.4330 37.1024 49.0170 45.9271 42.8799 33.4541 40.7363 43.5888 38.7261 42.2377 47.8864 35.8069 31.1180 24.0691 23.4005 37.6033 6.2267 15.2079 22.5936 17.2978 20.3456 13.1322 21.1365 19.1166 16.6128 18.2920 9.6750 26.7281 10.2284 11.9447 25.2660 13.5364 12.3265 17.8973 12.5774 8.0578 20.0331 15.0318 14.8151 25.5681 20.4587 10.5558 15.3105 14.3993 15.7546 26.5306 8.7790 14.2353 13.1659 22.6449 7.8204 23.9369 6.0439 9.2268 9.8102 11.4420 30.9023 12.9250 11.6756 27.2130 12.7303 12.9753 14.6113 12.5165 8.7841 12.0667 12.7396 9.1210 14.1294 10.7391 8.7620 7.6224 15.3237 18.9113 7.4688 25.7526 25.0341 32.3667 26.0829 40.4918 28.9545 33.4948 42.3258 35.0445 37.5132 28.2171 40.2619 38.1305 21.9076 31.5451 33.8070 25.4682 36.0864 15.3292 35.9247 39.5190 36.7435 16.8669 40.7555 38.0746 35.2737 10.6153 16.2017 31.9550 25.9759 29.2379
6.6990 3.5637 16.8824 9.0939 11.4844 10.9377 16.0366 12.0634 10.0234 3.3892 11.0217 0.0000 8.5785 6.8597 9.1084 7.2665 7.7120 7.6704 6.3621 12.2812 11.7797 7.8520 15.8991 9.6865 12.7355 10.0765 14.6188 13.4418 15.4143 8.3632 49.9961 48.3898 52.5604 47.5487 48.2283 27.5222 45.2711 55.4482 39.0511 45.8453 39.5724 49.2900 39.6872 37.4146 56.0205 46.5351 58.6045 53.4412 49.9209 41.3298 48.4356 52.2589 47.8692 51.4199 56.8915 35.1293 37.8926 30.6922 28.7808 45.3265 13.0851 23.5219 32.2042 25.2223 30.3352 21.4604 30.5289 27.5299 12.5447 20.7291 14.7527 35.7604 15.9489 15.7808 36.0306 10.8724 19.0706 28.2418 21.7383 15.8098 23.7824 20.3063 18.6038 35.0707 29.2265 7.8849 24.3412 22.8158 24.9262 37.3427 14.2869 6.8625 21.2131 29.5968 8.8166 18.1533 7.7486 18.0390 5.1496 17.1155 40.5090 21.4336 18.5913 20.6711 19.5833 22.9773 23.6643 16.5201 9.9712 19.1240 20.9193 17.1554 20.6927 12.2979 15.6708 13.2126 10.6221 28.8437 12.1798 33.9410 32.9560 40.3187 35.3187 49.7319 36.3792 40.2717 51.3148 43.0043 44.7973 35.6376 47.6156 45.3396 30.8820 40.5307 41.1422 32.8110 44.3276 20.6036 45.8029 47.2140 46.3453 24.1509 49.7928 46.2153 44.8755 17.5987 23.2110 39.7604 36.1775 37.0196
4.9111 7.2296 15.9690 12.5465 7.2586 8.0935 15.7312 12.3807 4.5718 8.4138 12.8862 8.5785 0.0000 7.4727 5.0721 10.3904 2.9896 9.5154 6.0530 10.1388 8.6805 11.2141 11.9140 10.1332 12.0557 12.0970 12.0719 12.1635 9.7993 14.0165 51.6580 48.2091 54.2429 49.1737 50.1683 26.9144 46.3454 56.4570 40.2664 48.0658 40.8529 51.6453 42.2131 38.6705 53.9304 45.8943 54.9298 55.1312 52.5525 43.2253 50.3015 50.9207 47.0392 50.7234 54.0465 39.5413 39.9433 28.2460 30.6517 46.9505 14.9599 21.2877 30.8484 19.8656 27.0165 16.0494 24.8473 29.3442 15.8490 19.9247 14.3709 36.8511 15.4969 11.8692 33.4760 6.1952 19.6412 25.2636 21.3759 16.4231 19.2500 13.5891 17.1891 35.8232 30.3191 10.3924 25.3085 18.6557 26.9346 33.0766 13.4291 11.0028 23.7116 32.8961 13.7604 12.8668 9.0470 18.9323 8.0207 20.1669 39.2656 23.4127 17.8918 16.1471 21.5159 21.2866 18.6511 11.9360 6.3920 22.2287 23.2422 20.0728 24.3054 14.3305 18.3394 16.7460 12.5166 27.6003 9.9384 35.5013 35.4309 42.0308 35.1569 49.7042 38.8788 43.3503 51.0049 44.9300 46.9698 37.1554 50.2527 47.5122 30.0577 41.2074 43.6925 35.8795 45.6326 25.0885 45.1890 49.4046 44.0601 26.0477 50.2547 47.8681 41.9564 15.8058 25.5411 41.1538 34.5502 38.9388
6.7999 4.4814 13.0438 10.0386 11.4652 11.6742 12.1815 13.6980 7.9000 5.5217 7.5678 6.8597 7.4727 0.0000 9.8813 10.9355 6.4439 3.4379 5.8420 13.7187 12.0521 10.7270 17.2473 11.8119 14.3336 6.8396 9.2538 9.2575 15.8403 13.7485 48.0131 45.3427 50.6942 45.8382 46.4094 24.4132 42.9388 53.3728 36.9289 44.3069 37.0940 47.8864 38.3795 34.7715 51.3525 42.8421 53.8920 51.7957 48.7189 39.4664 46.5348 48.2621 43.9428 48.1694 52.9290 36.7090 36.3946 28.0259 26.5873 43.4018 8.7378 17.8804 26.8226 20.3044 24.7990 16.8188 24.3900 24.8995 11.9025 17.3002 10.0938 32.5401 10.9387 11.5652 30.6019 7.8488 14.6191 22.9279 16.7755 11.8533 19.8266 15.3529 13.8102 31.8123 26.2272 6.0775 20.0819 17.1758 22.0164 31.8044 10.5535 10.5929 18.8266 28.2111 8.2882 18.7012 5.0189 15.0721 5.0670 14.8374 36.3293 18.2996 15.3382 21.5605 16.9587 18.5006 19.9335 13.4283 6.4636 16.6123 18.5596 14.2804 19.3157 10.6219 13.2181 11.1973 11.8087 24.5025 9.0198 31.3887 31.2486 38.3477 31.7090 46.4379 35.0812 39.3784 48.2575 41.1711 43.5376 33.6814 46.3886 44.1548 26.7902 37.5694 39.9336 31.6972 42.1672 20.0593 41.9587 45.6457 41.7207 22.7632 46.7895 44.1354 40.6911 13.2443 22.1018 37.9135 31.6009 35.1799
5.6748 9.0691 18.1448 11.5295 5.3873 7.7103 17.5822 10.8070 7.1018 9.3530 15.7938 9.1084 5.0721 9.8813 0.0000 11.5153 5.8437 11.8518 5.1654 7.6440 5.3550 11.7079 8.3941 7.1722 9.3138 14.0522 13.7214 14.0949 6.6031 11.0913 53.0697 49.9337 55.6662 50.3982 51.4561 29.2697 47.9530 57.8087 41.5385 49.3536 42.3997 52.9331 43.0600 40.6089 55.7197 47.8082 56.2893 56.2285 53.4204 44.5131 51.4970 52.4280 48.7814 52.5728 54.8001 37.9933 41.0367 29.0229 32.1300 48.2300 16.7029 23.4773 32.8792 22.1957 29.4207 18.6520 27.8139 31.3294 16.8402 18.6637 17.1402 38.7466 17.5081 12.3860 35.7762 8.6339 21.7272 28.1658 23.4619 18.8233 21.8292 16.4853 18.5352 37.7809 32.1617 11.5842 27.3945 20.7788 29.3008 36.0259 16.3823 11.0312 25.8114 34.8397 14.7483 10.4176 11.8177 22.2119 8.6381 22.4172 41.5005 25.7688 19.8812 12.7631 23.8170 24.3658 21.6378 14.0546 9.6376 23.8660 24.8788 22.7959 26.1861 16.0048 20.3905 18.3220 12.0836 29.9601 13.3341 37.3363 36.9092 43.4183 37.2165 51.3384 40.7720 45.1017 52.9733 46.6851 48.6726 38.7312 52.1604 49.2150 32.2312 42.4952 45.0344 37.9039 47.3354 27.1764 47.4932 50.7108 45.4234 27.3361 52.2261 49.1853 44.4106 17.6127 27.9131 42.4478 36.9801 40.2849
8.5466 7.5586 19.9385 12.6974 13.9569 11.7456 16.9987 8.3532 13.1299 6.9500 14.9250 7.2665 10.3904 10.9355 11.5153 0.0000 9.3103 11.5581 11.8290 12.6564 13.2458 3.9922 16.3093 10.2969 13.0060 14.2969 18.5058 15.3627 16.4058 6.6125 54.4254 52.0131 56.7465 52.0554 51.9446 31.5419 49.7004 59.8775 42.5871 50.1194 42.8470 53.0917 43.3331 38.9475 59.8465 49.5037 62.4305 57.8705 53.7604 45.7814 52.1519 56.0850 50.9823 55.0432 60.5146 36.9943 41.2167 35.3803 33.3947 49.0429 17.4361 26.6566 35.7660 29.1723 34.3124 25.8088 34.8154 30.5181 17.2759 26.4973 18.5808 39.0395 20.3869 20.9473 39.5626 13.1162 21.9582 31.9602 25.0760 19.7161 26.4903 23.3362 23.0290 38.0427 33.9916 12.9975 26.9078 26.8010 28.7536 41.3784 17.9215 3.8123 23.3454 32.5407 10.3348 18.8355 11.5762 18.7450 7.8196 19.2483 43.6017 23.3405 22.6241 21.1703 21.5738 25.5622 27.8174 19.5816 13.2121 19.8722 23.2163 17.3010 22.5809 13.8971 16.4371 13.9871 13.2908 30.8578 15.5725 36.9455 36.0781 44.6965 38.4070 53.2291 40.2435 44.4184 55.0191 46.5875 49.5588 39.3950 51.6174 50.1012 34.0583 44.3491 44.9736 35.9606 48.5736 24.7449 48.9975 51.0477 49.6457 28.9316 53.0264 49.9316 47.9886 21.4764 28.2668 44.1897 39.4745 40.5073
4.6335 5.7195 15.7322 11.5597 6.1158 7.7114 15.3308 10.8799 5.2210 6.9852 12.3703 7.7120 2.9896 6.4439 5.8437 9.3103 0.0000 8.4392 5.4980 9.0125 8.0588 9.9119 11.9494 8.5831 11.2352 11.4030 11.7726 12.2878 10.0518 13.0977 51.4876 48.2479 54.1108 49.0794 49.9978 26.8432 46.2895 56.4435 40.1343 47.8953 40.6825 51.4749 41.9666 38.5571 54.0699 45.9331 55.8866 55.0369 52.3059 43.0549 50.0549 51.0602 47.0338 50.9145 54.4269 39.4188 39.8112 29.0115 30.4052 46.8184 13.9795 20.8792 30.6060 20.6939 27.0799 17.8312 26.2313 29.1835 14.8930 19.4586 14.2098 36.4425 14.7276 12.3832 33.2610 5.1178 19.1565 25.8291 20.8912 16.1285 18.4777 14.4832 16.4830 35.6880 30.0903 9.4799 24.8238 19.0279 26.6217 33.8149 13.0693 10.2422 23.3580 32.6186 12.9697 13.5884 8.4916 18.5683 6.8567 19.7371 39.2624 22.9849 17.6177 16.5644 21.0287 21.7172 20.3622 12.5707 6.1949 21.6780 22.8453 19.6450 23.9245 13.9082 17.8679 16.1775 11.7665 27.5378 10.9270 35.3000 35.1844 41.8603 35.1196 49.6098 38.7790 43.1545 51.0251 44.7596 46.9462 37.0994 50.1529 47.4886 30.0425 41.0370 43.5221 35.6443 45.6090 24.6896 45.1330 49.2342 44.1234 25.9554 50.0843 47.6977 42.9800 15.7134 25.3430 41.0595 34.5395 38.7684
9.3725 5.2645 12.6521 10.8591 13.2245 13.8183 10.4609 14.8785 9.8444 6.3113 5.2886 7.6704 9.5154 3.4379 11.8518 11.5581 8.4392 0.0000 7.8301 15.6923 14.0375 11.3797 19.2401 13.7433 15.9013 5.3830 8.7502 8.8923 17.7467 14.2129 46.7855 44.2945 49.5220 44.6460 45.0922 23.4588 41.7888 52.2238 35.7558 42.9897 35.8104 46.5693 37.2069 33.7647 50.8885 41.9195 53.4256 50.6035 47.5062 38.1493 45.3626 47.1097 42.9966 47.0195 52.0690 36.9154 35.2976 26.7109 25.4147 42.2296 6.7943 17.1904 26.2453 18.8190 24.3561 15.5770 23.8959 23.5939 12.7997 17.0880 9.5975 31.1219 10.2170 10.2599 29.9758 9.5475 13.4930 22.1130 15.9183 10.5681 19.6023 14.4493 13.3426 30.5067 25.0675 7.0185 18.6522 16.7015 20.4839 31.2637 10.6782 11.1525 17.4862 26.8707 7.7131 20.2765 6.2681 12.9115 5.6265 13.5096 35.7405 17.0267 13.8559 23.4672 15.6798 17.7194 18.5031 12.4011 6.8493 15.0836 17.1126 12.5383 17.8687 9.8542 11.6048 9.5455 12.4584 23.8069 8.0252 30.2741 29.8065 37.1762 30.7480 45.2890 33.7641 38.0613 47.1076 39.8540 42.3698 32.4075 45.1043 42.9626 26.0934 36.3772 38.6165 30.2551 41.0326 18.3674 40.8557 44.3286 41.1294 21.6135 45.5147 42.8615 40.1022 12.9273 20.9096 36.7645 31.0697 33.8627
4.9954 5.8704 14.1595 8.2964 7.3330 8.4440 13.7847 13.0747 5.7922 6.4153 11.8151 6.3621 6.0530 5.8420 5.1654 11.8290 5.4980 7.8301 0.0000 11.0560 7.3783 11.0289 12.2006 10.1051 13.3480 9.4680 9.8197 10.7668 11.2352 12.9091 49.0889 46.1720 51.6922 46.1088 47.4212 25.4064 44.1265 53.8532 37.9439 45.1730 38.2697 48.7526 39.2792 36.9776 51.9116 43.9817 53.8588 52.1745 49.5784 40.3826 47.5230 48.7842 44.9579 48.7647 52.3674 37.2430 37.2947 26.5676 28.1173 44.3188 12.5706 19.7038 29.1632 20.2367 25.8915 16.1786 25.1425 26.6080 12.5608 15.9738 12.7573 34.5941 13.2399 10.1003 32.4253 8.1763 17.2685 25.3468 19.3754 14.7217 19.1497 15.4800 14.5442 33.6368 28.2601 7.7737 22.9059 18.0192 25.1538 33.2080 12.3099 10.8030 21.2298 30.0680 10.6339 14.4794 7.9040 18.4129 6.4645 17.4800 37.5245 21.2221 16.6674 17.0141 19.3360 20.9208 19.0037 12.5028 7.4735 19.3930 20.6522 18.2258 21.7928 12.1718 16.0923 14.3235 11.4044 26.1720 11.3918 33.0093 32.8389 39.4236 33.3716 47.3339 36.4420 40.5057 49.0157 42.3551 44.3609 34.7573 47.9256 44.9150 28.3864 38.3687 40.7998 33.5555 43.0948 22.7911 43.5171 46.5119 42.2831 23.0031 48.2501 45.2113 41.3267 13.6803 23.5279 38.4738 32.8797 36.0461
9.5623 12.5343 18.0275 10.7875 9.5071 6.7590 17.8570 9.3130 12.6009 12.7813 19.9084 12.2812 10.1388 13.7187 7.6440 12.6564 9.0125 15.6923 11.0560 0.0000 9.2312 13.8590 9.7553 6.5461 8.3259 17.9797 20.1834 13.3419 9.3991 12.8615 53.2950 49.5251 55.5918 51.1894 51.6725 28.8311 47.7820 58.2195 41.0221 49.6245 42.7422 53.2095 43.2738 39.8568 55.7394 47.3791 56.6711 56.8937 53.6368 44.7296 51.6434 52.4476 48.3522 52.5924 54.6260 38.1751 40.6990 28.8195 31.8977 48.0907 21.0745 23.5439 33.3783 23.4742 30.1273 23.8844 29.2589 31.2116 16.2498 20.0573 15.6765 39.2905 17.5991 18.0565 36.0148 7.8620 21.5820 28.4854 23.6130 18.8436 21.2113 16.9599 19.1991 38.3332 32.9565 12.0802 27.2494 22.1833 28.9895 36.6384 14.3743 12.8412 25.2901 34.3101 18.0682 11.3607 15.6970 25.5256 11.8156 21.0993 41.1973 24.4639 18.2367 13.6082 22.6230 24.1722 26.5270 18.1181 13.7558 24.2939 24.7496 26.8885 27.2401 16.4595 19.9861 22.4220 11.0130 29.4904 16.5063 37.3841 36.6769 43.6818 36.3386 52.0572 41.1144 45.1782 53.1531 47.0275 49.4638 38.6358 52.5292 50.0062 31.3533 42.7117 45.3768 37.7976 48.1266 27.0061 47.2687 51.0533 44.9943 28.4346 52.3043 49.3724 44.4696 23.3900 27.8385 42.9164 36.6467 40.6273
7.9904 11.8938 18.5989 12.4467 4.5603 7.8259 18.2690 12.8796 8.1477 12.0758 18.3407 11.7797 8.6805 12.0521 5.3550 13.2458 8.0588 14.0375 7.3783 9.2312 0.0000 13.3751 9.8541 8.2741 10.3743 15.5762 15.8111 15.6412 6.5402 13.1632 52.8789 49.3818 55.2269 49.7549 51.0624 29.7142 47.4820 56.8712 40.8645 49.1370 42.2546 52.7219 42.6636 40.9314 54.6696 47.2563 56.0457 55.4381 53.0267 44.1194 51.0577 51.8659 48.2295 51.6124 54.6735 38.5619 40.4753 30.3337 32.2345 47.7907 18.5598 23.6024 32.8564 22.3475 29.9269 18.4076 28.2811 31.0354 17.5520 17.4706 17.5430 38.7687 18.4191 12.0432 36.1016 9.8253 21.9597 29.5397 24.1170 19.6402 21.3485 17.6929 19.0644 37.8114 32.4347 12.5506 27.5756 22.1532 30.3616 36.8844 17.9532 13.1294 26.6586 34.8018 16.6495 8.9536 14.1637 24.3997 10.4122 23.2527 41.1972 26.7582 21.4313 10.3398 24.8027 25.7204 21.4451 14.4762 12.2897 24.4256 25.6962 24.5569 26.9200 16.7798 21.7479 20.3485 12.8811 30.4802 15.9535 37.0218 37.0137 43.2276 37.1628 50.6495 40.6269 44.6907 52.1718 46.5400 48.0293 38.2919 52.1904 48.6632 32.2148 42.1730 44.8892 38.2570 46.7386 28.5259 47.1898 50.5657 45.0730 28.1874 51.9228 48.7622 44.9138 19.1353 29.2626 42.0627 36.5524 40.1397
10.3479 7.6346 20.5957 11.3541 14.3756 13.1321 16.4565 9.2767 13.2633 6.4943 15.5665 7.8520 11.2141 10.7270 11.7079 3.9922 9.9119 11.3797 11.0289 13.8590 13.3751 0.0000 17.5077 11.4967 13.7463 14.1270 19.1849 15.5590 17.5741 8.1860 55.8594 53.2977 58.1805 53.5731 53.0666 32.7743 51.1344 61.3115 43.5446 51.6958 44.0699 54.2587 44.5089 39.2129 60.5675 50.0020 63.1345 59.3057 55.2482 47.2629 53.2739 56.9408 51.3743 56.3650 61.2186 36.4031 42.0994 35.5692 34.8047 50.1649 17.1813 27.1857 36.2015 29.6195 34.9548 26.3182 35.0997 31.6244 17.3847 25.8299 19.3721 39.7985 20.4659 20.0508 40.0231 12.9673 22.5022 32.5177 25.6335 20.5336 26.9276 23.5021 22.9108 38.7603 35.1931 12.4471 27.2191 27.4197 29.9820 41.8384 19.0649 6.0149 24.3329 33.9389 11.1664 20.5989 12.8342 19.6264 7.4347 20.1248 43.9936 24.1191 23.4363 22.9638 22.6521 26.5411 28.6854 20.3518 14.1075 20.0373 24.4247 18.5528 23.2637 15.1538 17.8219 15.2572 13.5625 31.5113 16.3587 38.2450 37.5122 46.1305 38.7989 54.7394 41.6416 45.7054 56.4531 47.8324 51.2690 40.3944 53.0155 51.8114 34.9878 45.7648 46.1943 37.0468 50.1850 26.3751 50.0387 52.5253 50.3496 30.5081 54.6103 51.0536 48.3806 22.4976 30.0654 45.6237 40.6030 41.9970
11.9384 16.4930 25.7201 18.4133 10.1599 12.9312 24.1315 9.8081 13.2013 16.7251 23.3946 15.8991 11.9140 17.2473 8.3941 16.3093 11.9494 19.2401 12.2006 9.7553 9.8541 17.5077 0.0000 7.1210 5.4247 21.1031 21.6248 21.1128 6.4562 13.7461 60.2556 56.6138 62.3791 57.7563 58.3724 35.8395 54.6342 64.5768 47.9886 56.5851 49.7027 60.1700 49.9736 46.7678 62.4550 54.4883 62.7516 63.1999 60.3366 51.4294 58.3432 59.1633 55.4615 59.5360 60.8444 41.5267 47.2481 34.9467 38.9911 54.9429 24.1671 30.9576 40.7304 29.8974 37.3336 25.7795 35.4412 38.3198 24.4148 25.8909 23.7792 46.5896 25.1522 19.5447 43.4823 14.9022 29.3054 35.5974 31.3056 26.0525 27.8753 23.1585 26.3779 45.6323 40.2556 18.7261 34.9728 28.8095 37.0757 43.5190 22.8647 16.0186 32.7568 41.6642 20.9943 10.7790 18.8448 29.0028 15.1156 29.1430 48.5673 32.5461 26.6565 7.6291 30.4568 31.2717 28.4138 18.3427 16.1126 30.1108 32.0021 29.7642 33.2341 22.7574 27.5086 25.1463 18.0954 36.9969 19.2815 44.4404 43.8395 50.6423 43.8414 58.6242 48.0750 52.1388 60.0953 53.9881 56.0307 45.5069 59.6112 56.6375 38.9393 49.6211 52.3373 45.1517 54.7129 34.3138 54.5600 58.0138 52.1036 34.6119 59.4078 56.1071 51.1131 24.7713 35.0505 49.4582 43.9225 47.5878
8.6220 10.1797 22.3760 13.5916 9.8474 9.6160 21.2784 7.0378 12.4269 10.4636 17.5607 9.6865 10.1332 11.8119 7.1722 10.2969 8.5831 13.7433 10.1051 6.5461 8.2741 11.4967 7.1210 0.0000 4.6188 16.0180 19.5452 18.6380 7.6739 9.2100 57.1814 54.2468 59.7048 54.8900 55.4337 33.2429 52.1644 62.3772 45.5199 53.2440 46.5048 56.8289 47.0986 43.4808 60.4611 52.0196 62.6293 60.6986 57.4215 48.4019 55.5356 57.1693 52.9928 57.3141 60.7133 38.7023 44.7956 34.2523 35.6433 52.3108 19.0370 28.8086 37.4841 29.0604 35.2344 25.4208 34.6525 35.1561 20.0706 23.7044 20.3142 43.0369 21.0890 18.9735 41.2474 12.3258 25.4875 33.6488 27.2552 21.9041 26.3998 22.6510 23.1774 41.9716 36.5949 13.8477 31.1549 27.4925 32.4655 42.2498 19.6403 10.5715 28.5704 38.1286 15.5324 11.6054 13.6012 24.2576 9.8826 24.9858 45.8992 28.3612 23.4324 11.8094 26.6657 28.6605 27.9686 17.9170 13.7564 25.9332 27.7895 24.5028 28.9528 18.8812 22.6528 20.0681 14.0219 34.4310 16.0659 41.3050 40.3399 47.5300 40.8979 56.1060 44.7339 48.9206 57.7878 50.6470 53.1644 42.7698 56.1300 53.7068 36.0577 46.4241 48.9962 41.3359 51.8415 29.5484 51.7776 54.6727 50.5420 31.7456 56.5106 53.2238 49.9977 22.6783 31.5392 46.9180 41.5930 44.2467
12.0304 12.6122 25.1619 16.2772 11.0373 13.5685 23.0446 6.7186 14.5358 12.7268 20.3308 12.7355 12.0557 14.3336 9.3138 13.0060 11.2352 15.9013 13.3480 8.3259 10.3743 13.7463 5.4247 4.6188 0.0000 18.7982 22.5317 19.7596 7.6282 10.6399 60.9896 57.7202 63.2949 59.1168 59.3756 36.7163 55.6184 66.1554 48.8417 57.3191 50.4367 60.9040 50.9769 46.3681 63.9345 55.3414 64.3978 64.8296 61.3399 52.4327 59.3465 60.6427 56.3145 60.7875 62.5846 40.6965 48.1105 36.0837 39.6212 55.8563 21.7297 30.9654 40.7454 30.9307 38.0690 27.2620 36.6530 38.7936 23.0172 27.1975 23.0431 46.6577 24.8041 20.4477 43.4330 14.1424 28.6690 35.2924 30.7473 25.2314 28.6977 24.0844 26.8074 45.7064 40.4040 16.9008 34.2265 29.6558 35.8910 44.1059 22.3016 13.0609 32.3638 41.7718 18.6234 12.8601 17.7158 26.4546 12.4598 28.3476 49.1511 31.9257 25.7250 10.9341 30.0848 30.5424 30.1853 19.4069 16.0842 28.8124 31.4957 27.8288 32.4991 22.2387 26.2731 23.4529 17.6370 37.0146 17.6687 45.0787 44.1472 51.4216 44.1634 59.9846 48.8090 52.8728 61.3055 54.7221 57.3912 46.3575 60.1829 57.9336 39.0828 50.6034 53.0713 45.2593 56.0540 33.1686 55.1438 58.7478 52.9566 36.0114 60.0814 57.0755 51.9550 26.1764 35.7659 50.8523 44.5063 48.3218
11.3578 8.9597 11.9191 14.3326 15.2195 15.8789 8.9935 17.4179 12.1934 9.5733 4.8469 10.0765 12.0970 6.8396 14.0522 14.2969 11.4030 5.3830 9.4680 17.9797 15.5762 14.1270 21.1031 16.0180 18.7982 0.0000 9.3016 11.8245 19.7734 17.3451 43.4133 40.9841 46.0949 41.2691 41.6880 20.3955 38.5059 48.8515 32.5650 39.5854 32.4107 43.1650 33.7798 30.6638 47.3035 38.3312 49.8875 47.2266 44.0791 34.7450 41.9355 44.2887 39.8311 43.7365 48.5035 35.8409 31.8866 25.0275 24.8388 38.8025 4.0745 15.8888 22.7496 18.3830 23.9161 12.6604 22.8560 21.0035 16.1811 15.5685 11.3395 28.3690 9.3850 9.7851 26.6272 12.3008 13.2237 19.3523 15.3870 10.8849 21.7622 15.0696 12.1893 27.4117 22.2636 9.5756 16.6232 16.5000 20.2056 27.9576 10.6600 13.5877 15.7978 23.4203 7.8675 20.8380 8.4349 12.0103 7.9740 14.4546 31.7130 16.1635 13.4807 24.3175 15.8189 14.6509 16.2780 12.4702 8.5194 14.4455 14.5446 10.8333 14.9041 11.2679 11.9991 8.7765 15.2106 19.7193 7.3368 26.8704 26.3748 33.8039 27.1981 41.9907 30.3598 34.6570 43.8246 36.4497 39.0163 29.0078 41.7234 39.5858 24.3461 33.0004 35.2122 26.8234 37.6792 19.3292 37.3735 40.9243 37.5639 18.9297 42.2043 39.4618 36.0941 11.2156 19.7825 33.3923 27.0656 30.4585
12.2954 12.0285 10.5723 16.8453 14.5047 16.6005 12.5174 21.9748 10.9845 13.5425 7.7382 14.6188 12.0719 9.2538 13.7214 18.5058 11.7726 8.7502 9.8197 20.1834 15.8111 19.1849 21.6248 19.5452 22.5317 9.3016 0.0000 12.7709 19.2899 22.4545 41.8134 40.0449 45.0889 38.5374 40.6369 21.3768 37.2285 47.0373 32.3445 37.6345 30.7401 41.2140 33.2220 32.1816 45.2755 37.6355 47.5763 45.3538 43.0731 34.1778 40.9296 43.9869 39.2652 41.5419 47.8278 41.6596 32.4596 26.4438 22.7059 37.7965 9.7079 13.1570 22.4127 12.7659 18.1422 11.6796 19.2684 18.5109 15.8924 15.9701 11.0329 25.1089 8.3135 10.3747 22.7956 12.7882 9.3765 15.8284 11.2330 8.0412 15.6557 14.0693 11.2537 24.8729 19.2918 12.0900 15.2504 9.4410 17.7202 24.4014 10.4806 17.9423 16.1646 23.2405 13.6552 20.7956 8.4931 14.9577 13.3188 13.5707 30.9069 16.2895 15.7164 24.2736 14.7252 14.4659 13.1627 13.5614 9.5013 16.9700 15.6783 10.9333 15.3321 12.5608 12.8386 12.8913 17.7891 19.0516 12.4312 25.8326 25.9937 32.3158 27.2672 39.4378 28.6263 32.8139 41.2717 34.5652 36.2368 29.4585 39.7162 36.8540 22.7387 31.2459 33.6358 26.1996 34.9561 17.6608 35.6014 38.9733 35.7988 16.2218 40.4322 37.7724 34.0934 7.2076 17.5591 31.9181 24.6115 29.5638
12.5841 11.6931 7.9616 7.0941 14.9624 11.8869 8.6863 17.8926 11.8487 12.6208 12.2377 13.4418 12.1635 9.2575 14.0949 15.3627 12.2878 8.8923 10.7668 13.3419 15.6412 15.5590 21.1128 18.6380 19.7596 11.8245 12.7709 0.0000 19.3464 18.6545 43.6174 40.6608 45.8373 41.6350 41.5793 20.6382 38.4975 48.9248 31.5306 39.7204 32.2639 43.0563 33.2193 30.4121 46.9358 37.7227 48.1796 47.5925 43.5587 35.0997 41.5501 43.9261 38.7408 43.7281 46.6471 33.8639 30.9896 21.5421 22.3882 38.1052 14.8788 12.7548 22.6752 14.5595 20.6745 16.2088 19.7314 20.1608 10.2858 14.9008 5.2583 28.0751 9.0205 12.4601 25.5612 9.1389 9.9697 17.5116 12.3910 9.6913 15.5218 10.7159 10.8419 27.1178 22.6895 7.3049 15.7057 12.4193 17.5065 26.6933 8.1549 15.1891 14.3672 22.7013 11.7975 19.4995 11.2905 16.8675 10.4122 10.3502 31.1018 13.4819 9.8453 23.1834 11.5120 13.7957 18.7435 14.7923 9.4193 14.4839 14.4022 18.3501 17.1944 7.5292 8.4346 14.7266 9.9645 18.0363 12.1290 26.5675 25.7916 34.0462 26.5448 42.1655 30.2978 34.5483 43.8163 36.3410 39.4392 28.6065 41.6717 39.9816 21.5360 33.5024 35.1035 26.2401 38.1020 16.6303 37.1794 40.8156 36.0285 19.4232 41.9829 39.2791 34.2466 16.2560 18.5257 33.6152 26.5688 30.3498
11.7609 15.2426 23.1067 16.8151 5.5314 11.2666 22.6604 11.3672 10.2221 15.6599 21.7682 15.4143 9.7993 15.8403 6.6031 16.4058 10.0518 17.7467 11.2352 9.3991 6.5402 17.5741 6.4562 7.6739 7.6282 19.7734 19.2899 19.3464 0.0000 15.4408 57.6640 53.6933 60.0936 54.7801 56.1743 33.5533 52.2197 62.0194 45.9113 54.0718 47.0348 57.6513 47.9898 45.1291 59.1402 51.5005 59.4368 60.6936 58.3292 49.2313 56.1451 56.0915 52.4791 56.1102 58.3229 41.7889 45.6385 33.0201 37.1013 52.5953 22.3447 27.8127 37.4607 24.8645 33.1575 21.2501 30.6161 36.0383 21.9758 21.8008 21.8087 43.3760 22.6437 15.1439 40.0009 12.5122 26.6097 32.2249 28.3444 24.0044 24.9098 19.1733 23.4177 42.4898 36.8155 16.6858 32.2770 25.0939 34.5159 39.3789 21.7634 16.8883 31.0040 39.7791 21.0661 7.8302 17.7323 27.4828 14.6128 27.9007 45.3699 31.2144 24.7058 8.6075 29.1076 28.6222 24.2400 15.6747 14.5842 29.4887 30.0498 28.5172 31.5804 21.5143 25.9526 24.3420 17.8761 34.4419 17.6460 41.9747 41.8805 48.0368 41.2950 55.6480 45.4071 49.7880 56.7438 51.3202 53.0545 43.1375 56.8180 53.5969 36.3746 47.2134 49.6985 42.7921 51.7174 32.5707 51.4972 55.4106 49.0971 32.4985 56.5969 53.8741 47.6699 22.7709 33.3074 47.0677 41.0912 44.9448
11.2902 10.6014 23.9683 12.8887 14.1861 14.8648 20.9599 8.9380 17.0636 9.1238 18.8691 8.3632 14.0165 13.7485 11.0913 6.6125 13.0977 14.2129 12.9091 12.8615 13.1632 8.1860 13.7461 9.2100 10.6399 17.3451 22.4545 18.6545 15.4408 0.0000 57.4345 55.5188 59.5147 55.1075 54.8750 34.5930 52.4686 62.6457 45.1824 52.9100 46.6439 56.1048 46.2197 42.0666 62.7491 53.1135 64.7922 60.6387 56.4771 48.4515 55.0823 58.7056 54.0630 58.6243 62.8763 33.7963 43.7140 36.5113 35.9782 51.9733 20.0761 30.6510 39.7230 32.2805 38.2897 28.5731 37.8725 34.3635 19.2853 26.3722 22.0602 42.9731 23.4870 21.7366 43.7428 16.3685 25.7599 35.9657 29.1163 23.6960 31.0893 26.8305 26.0975 42.2322 37.3477 14.9294 31.0701 30.7099 32.3943 45.2698 22.0825 6.3097 27.8134 36.1415 12.9536 19.4335 15.6651 22.7479 10.0090 23.2831 47.6347 27.9267 25.5588 20.1022 26.1182 29.4445 30.9978 22.8512 17.2334 24.1702 27.1529 22.0463 26.6014 18.0403 21.1633 17.7329 14.9372 35.4440 18.7320 41.0920 39.0521 47.7196 41.8971 57.4336 43.6550 47.7187 58.9904 50.2193 52.8081 42.2160 55.0289 53.3505 37.5641 47.8112 48.0771 39.5362 52.0977 27.6407 53.2545 54.1133 52.0074 32.1117 57.0577 52.8620 51.7332 25.5152 31.4063 46.9977 43.7362 43.8904
49.8351 50.3880 37.6376 47.3022 53.0355 49.3310 42.4814 59.7824 50.4906 51.1616 41.9760 49.9961 51.6580 48.0131 53.0697 54.4254 51.4876 46.7855 49.0889 53.2950 52.8789 55.8594 60.2556 57.1814 60.9896 43.4133 41.8134 43.6174 57.6640 57.4345 0.0000 13.7042 5.2444 8.9672 7.8277 29.7434 9.3075 7.5136 20.3276 7.9272 12.1735 5.9353 20.1575 28.5536 14.0956 13.9775 18.6519 7.4055 9.8821 16.1202 9.4912 17.7926 15.6153 7.4240 25.0025 50.1252 22.2006 36.1415 25.6553 11.8659 41.0416 32.6080 22.8595 38.0602 27.3538 40.2418 30.8103 25.3987 41.1622 38.3694 39.0276 20.0126 38.6892 45.3184 21.3604 48.9242 35.8647 29.9683 33.1729 37.2632 36.5837 43.0583 37.9130 19.0857 23.5465 45.5421 30.9040 34.7515 28.2381 23.1551 39.6319 52.2566 32.2867 23.5925 45.3638 53.9490 44.2877 38.7937 50.3535 36.2969 14.8778 32.2482 35.9645 58.3067 33.4655 33.2445 38.5773 48.6978 46.3283 37.2944 31.5561 37.9115 34.3512 41.0005 38.3467 40.7979 44.2351 26.5241 45.9247 19.5094 21.0585 9.8142 21.9080 10.2564 15.5385 14.2988 10.9344 8.5303 11.0596 17.1577 9.2100 9.5234 24.7609 12.4921 10.9981 19.8448 9.2790 30.8030 7.6582 5.9566 18.9775 27.1082 7.2824 7.6450 12.3730 36.1656 27.7754 11.2517 18.1715 14.1718
46.6985 47.8868 35.4600 44.7405 49.5442 46.3160 39.2803 56.9569 47.6145 48.5999 39.6733 48.3898 48.2091 45.3427 49.9337 52.0131 48.2479 44.2945 46.1720 49.5251 49.3818 53.2977 56.6138 54.2468 57.7202 40.9841 40.0449 40.6608 53.6933 55.5188 13.7042 0.0000 12.7656 16.7569 10.2888 22.0059 8.0717 15.7085 13.2790 14.2669 15.1389 15.8038 16.2411 19.0333 15.7214 8.5702 11.5752 13.0319 10.2294 12.5254 12.2272 6.6580 4.8963 11.0886 12.9877 42.4251 16.5768 24.1129 21.7443 10.5104 38.7806 30.4011 22.4338 34.7086 26.0014 36.7796 28.3255 27.0985 39.6592 35.8223 36.2234 24.8708 36.4480 42.4955 23.4137 45.5908 34.7380 28.5429 32.5149 35.5671 34.3768 39.4016 35.6339 21.3934 24.8480 43.2576 29.9424 32.0902 29.1248 22.5730 36.6725 49.6376 30.6505 24.8366 42.7178 50.0556 41.7769 35.9946 47.6079 34.9656 13.2305 30.5374 32.5566 52.7461 31.8599 30.4879 34.1503 43.5789 42.9266 35.0218 29.5382 37.1439 33.7658 38.4015 36.0311 38.3545 41.2585 24.5368 41.9187 20.7382 18.8756 12.0785 15.1927 18.7916 19.3141 21.4659 17.2326 15.5454 19.8732 16.7513 21.3441 20.0374 20.0703 13.2235 14.4663 23.4189 17.0714 32.2084 13.4164 14.2142 10.1441 27.0815 14.7108 12.9444 13.5138 33.6443 28.6004 13.3143 18.2828 16.6952
52.4384 52.9417 40.3750 49.6233 55.6587 51.9343 44.6584 62.0414 53.2846 53.5819 44.8957 52.5604 54.2429 50.6942 55.6662 56.7465 54.1108 49.5220 51.6922 55.5918 55.2269 58.1805 62.3791 59.7048 63.2949 46.0949 45.0889 45.8373 60.0936 59.5147 5.2444 12.7656 0.0000 12.8160 6.7614 30.4813 10.1835 5.8156 19.8452 11.5289 15.7781 8.1466 18.6914 27.3913 17.1037 13.5936 18.3352 4.0257 7.0553 16.2044 8.2584 17.0756 14.0371 9.4070 23.3080 47.6811 21.1577 36.2416 26.8722 11.5425 44.0157 35.6014 25.8825 41.2803 30.7057 43.3435 34.1308 28.3665 43.8787 41.6449 41.7031 22.9446 41.6848 48.5504 24.9884 51.8033 38.8345 33.1475 36.2134 40.5264 40.0146 46.1601 41.1885 22.0790 26.8220 48.1913 33.6224 38.0270 31.3214 26.7982 42.2971 54.3934 34.6078 25.9516 47.5505 56.1479 47.0222 41.1554 52.7350 38.6180 17.2258 34.5861 38.3963 60.2460 35.7243 36.0120 41.2974 51.1274 48.9176 39.6155 33.8772 40.5069 36.6723 43.3513 40.6678 43.1190 46.4918 29.0443 48.3820 21.9576 22.0751 13.3816 22.7284 14.7356 18.1718 16.6494 14.9168 12.3019 15.0738 18.6698 12.6965 13.3954 26.7932 15.9748 13.6587 23.0567 13.7793 33.5173 11.2090 8.7329 19.3614 30.4444 11.5627 10.1522 15.9928 39.2803 31.1195 14.2512 21.3821 17.5894
