0.0000 9.5917 9.4868 7.4833 7.8740 9.2736 10.8628 11.6619 8.0000 9.5917 10.9545 10.0000 8.8318 9.1652 9.6954 9.2736 9.7980 8.4853 7.2111 9.1652 11.9164 11.1355 9.8995 9.4868 6.9282 6.4807 7.8740 11.2250 8.1240 8.4853 19.0526 20.9284 20.4450 19.2873 18.4391 21.8861 18.0831 16.0935 18.7617 20.0749 20.8327 17.7764 19.0526 17.3205 19.7231 18.9473 20.6155 19.0788 19.6469 17.9165 20.3715 19.1050 18.8149 20.1742 18.7083 18.6011 18.3030 15.8430 18.0555 16.8523 8.8318 9.2736 11.0454 6.9282 8.4853 7.4833 11.4018 10.1980 12.0830 9.8995 9.4868 11.8322 8.2462 10.6771 10.1980 10.8628 11.0454 12.7279 10.8628 11.1355 7.3485 11.4018 11.9164 7.2111 10.0995 11.9164 10.5830 12.7279 9.0554 7.3485 14.8997 11.9164 12.5698 16.0000 12.8841 13.1149 10.7703 9.2736 11.9164 12.3288 13.2665 12.4900 14.0000 15.6844 11.7473 10.5830 14.4914 12.0830 14.0712 11.5758 16.9706 13.7840 12.2474 14.2829 11.3137 14.5602 12.0000 11.5758 13.0384 11.5758 18.5472 20.3470 17.2047 18.7617 18.3303 18.9473 17.4356 17.5214 18.4932 16.1864 16.3095 17.6068 18.7617 21.8174 17.8326 17.3781 18.4932 18.9737 17.0880 17.0294 20.3961 17.8326 19.1833 19.4422 18.6548 16.4317 18.6011 21.4942 19.5192 16.9706
9.5917 0.0000 12.8062 10.7703 11.5758 8.2462 14.7648 9.5917 11.1355 11.0454 12.1655 14.6969 9.3808 13.4164 10.0995 14.5602 12.8841 8.2462 9.0554 10.2956 11.2250 12.8062 8.2462 12.4097 8.9443 10.6771 10.4881 11.9164 11.6619 10.9545 18.6815 20.9284 19.7484 18.1659 17.6635 20.5183 17.1756 16.5831 17.6068 19.2614 19.3391 17.6068 17.3494 16.0624 19.5192 18.3576 18.7350 17.7200 18.2757 16.4012 19.5192 18.4662 18.0000 18.8944 18.9209 18.2757 17.4069 15.9060 17.9444 16.1245 8.2462 11.4018 9.3808 8.4853 12.5698 9.1652 10.0995 7.4833 14.1421 11.9164 6.1644 9.3808 9.4868 11.3137 10.8628 9.3808 10.5830 10.7703 12.7279 13.8564 11.0454 8.9443 11.8322 11.4891 10.6771 12.7279 12.3288 9.4868 12.0830 11.2250 15.5563 12.4097 15.3623 14.7648 11.3137 13.6382 11.2250 10.8628 11.8322 13.5647 15.3623 11.3137 15.5563 17.5499 10.9545 11.1355 15.9374 11.9164 15.2315 12.9615 15.7480 13.2665 13.3417 13.1149 12.3288 13.9284 11.8322 12.0000 12.6491 11.7473 18.2757 19.2873 17.2627 18.4391 16.7332 17.4069 16.6132 17.8045 17.6635 15.7480 15.7480 16.7929 17.0294 19.8997 16.7929 16.4317 17.4929 18.0000 15.8745 15.8745 19.1311 17.1464 18.0555 18.7083 17.2047 15.1658 16.7332 19.9499 17.9722 16.3095
9.4868 12.8062 0.0000 10.2956 6.7823 9.7980 9.8995 8.8318 10.5830 6.9282 10.7703 8.2462 8.2462 8.1240 10.0000 10.7703 9.3808 11.7473 8.4853 11.6619 9.1652 10.5830 12.7279 7.6158 7.4833 8.1240 11.6619 7.7460 7.2111 8.3666 19.4165 21.5407 20.9762 19.9499 19.1833 22.5167 19.1050 17.8606 19.7484 20.3224 21.1660 18.1659 20.6155 17.4356 20.3715 19.7737 21.2838 19.5448 20.7364 17.3494 20.8567 19.7231 19.1833 20.8087 19.1833 18.6548 19.6723 16.5831 19.2354 17.0880 9.6954 8.8318 9.8995 8.6023 9.7980 11.1355 11.3137 11.4891 8.0000 11.2250 12.9615 12.3288 8.8318 9.5917 7.8740 11.4891 11.7473 12.0830 11.7473 9.1652 10.0000 11.5758 9.6954 9.0554 8.7178 12.0830 9.3808 12.4900 8.6023 9.0554 15.6205 14.3527 12.2474 16.9706 13.0384 13.2665 11.2250 9.4868 11.7473 11.6619 13.7840 13.0384 11.6619 15.9374 14.8997 10.8628 14.3527 12.0830 14.4914 12.0830 17.0880 16.3095 13.9284 13.1909 10.5830 14.4222 13.8564 9.4868 13.6382 13.9284 18.8149 20.9762 16.6733 18.8680 18.8149 19.0526 17.7200 17.0000 19.5448 17.3205 15.8745 18.4932 19.3391 22.1359 19.6977 18.3303 19.1833 19.3391 18.7083 17.7764 21.2132 19.2873 19.1311 19.3907 18.6011 15.6205 19.5959 21.4476 20.5670 18.1108
7.4833 10.7703 10.2956 0.0000 10.0995 11.2250 12.1655 13.4164 9.4868 9.8995 12.0830 11.7473 11.1355 9.8995 8.0000 9.5917 12.7279 9.1652 11.0454 11.2250 12.6491 13.7840 12.0830 12.7279 8.0000 7.6158 10.7703 10.5830 9.3808 10.3923 17.9165 19.9499 19.0788 17.6068 17.9444 20.1246 17.2916 15.7162 17.4356 18.4120 18.5472 17.0880 18.1934 15.8745 18.1384 17.4642 18.7350 17.8326 19.1311 15.5885 18.3030 17.9722 16.8523 19.7737 17.9444 16.6733 18.0278 14.6629 16.1245 15.5563 8.8318 9.8995 10.1980 8.7178 10.2956 8.1240 11.3137 10.6771 13.4164 8.7178 10.3923 10.5830 8.0000 9.6954 10.6771 11.4018 11.8322 14.2829 10.7703 12.0830 7.8740 11.8322 10.1980 6.7823 8.9443 11.7473 10.1980 12.8841 11.8322 9.6954 12.8062 9.5917 10.2956 13.7113 10.0995 11.0454 11.2250 7.6158 10.2956 9.5917 10.2956 9.6954 11.7473 12.6491 9.6954 7.6158 10.7703 10.0000 12.3288 8.9443 13.8564 11.0454 11.6619 11.9164 11.2250 11.1355 9.1652 9.6954 10.4881 9.5917 17.4356 19.1833 15.8114 18.6548 16.9115 17.5214 16.1245 17.0000 17.7200 14.8324 14.4914 16.0000 17.2627 20.4450 17.2047 15.8114 17.2047 16.9706 15.3623 16.0000 19.0788 16.7332 17.7200 17.8885 18.0000 15.0997 17.6068 19.8494 18.6815 15.8745
7.8740 11.5758 6.7823 10.0995 0.0000 8.2462 10.4881 10.0995 8.8318 6.3246 10.2956 6.7823 8.0000 8.6023 9.8995 8.3666 10.4881 11.4018 9.4868 9.6954 9.0554 9.5917 9.7980 6.0000 5.8310 9.2736 11.6619 7.0711 6.3246 7.3485 20.7605 22.6274 22.1811 20.6882 20.2485 22.9129 19.3649 18.5203 20.4939 20.7123 22.2711 19.2873 21.0950 18.3303 21.0950 20.8087 21.4709 20.5426 21.1187 18.6279 21.7025 20.4695 19.9499 21.3307 20.3470 19.7484 20.5670 16.7631 20.0998 18.9209 8.9443 7.6158 11.7473 8.4853 9.0554 10.9545 11.7473 12.8841 10.0995 10.0000 11.5758 11.6619 10.9545 9.7980 9.0554 13.4164 11.4018 12.7279 13.4907 10.6771 9.3808 12.7279 11.8322 9.4868 8.7178 12.2474 9.5917 12.8841 10.1980 7.7460 18.4932 15.2971 15.4919 18.8149 15.0333 16.2481 13.7113 10.5830 13.3417 14.8997 16.0000 14.0712 14.7648 16.9115 15.0333 11.8322 16.0624 14.4914 17.2627 14.5602 17.8326 17.0880 15.5563 15.4919 13.3417 15.5563 15.6844 12.0830 14.8997 14.8997 19.0788 22.0000 18.4391 20.0998 19.4936 19.7231 17.7764 18.0831 20.7846 17.1464 16.7929 19.3391 20.0499 22.8910 19.9499 18.8149 19.3391 19.9499 19.0263 19.2354 21.8174 19.7990 20.0998 20.6882 19.4422 16.5529 19.8997 22.0000 21.1896 18.0000
9.2736 8.2462 9.7980 11.2250 8.2462 0.0000 13.8564 7.2111 8.8318 9.3808 13.4907 11.0454 8.4853 10.4881 8.7178 13.3417 13.4907 10.5830 7.7460 10.4881 9.8995 10.7703 10.0995 9.5917 8.4853 10.2956 10.5830 8.8318 9.5917 7.7460 20.6155 22.3159 22.3159 20.8327 20.2485 23.3880 19.6723 18.9473 19.7484 20.9523 21.0713 19.0788 20.1742 18.1659 21.4243 20.2237 21.1896 20.1990 20.7364 18.6815 22.2935 20.8087 20.4939 20.5183 19.1311 20.0998 20.2731 18.4662 20.0000 18.0555 7.0711 10.9545 10.1980 10.0000 12.1655 10.9545 11.2250 10.6771 12.6491 13.4907 10.2956 10.0995 11.2250 9.7980 10.5830 10.5830 10.2956 12.4097 14.8997 12.9615 9.7980 12.3288 12.4097 11.4891 10.6771 14.4222 12.4097 13.3417 11.7473 11.4891 17.7764 13.7840 14.4914 17.3781 13.7113 14.8324 10.7703 10.7703 12.8841 14.4914 15.5563 13.1149 15.2315 19.0788 14.4222 12.1655 16.1864 12.9615 17.0880 14.0712 18.0555 15.0333 16.0624 14.5602 12.9615 14.9666 14.0000 11.6619 15.2971 14.4914 20.0998 20.9762 18.7083 19.4422 19.2354 19.2614 18.0555 18.3030 20.5913 17.6635 17.3781 18.9737 19.0788 22.0000 19.1311 18.5472 19.3391 19.7484 18.6548 17.6635 21.0713 19.6469 19.3391 20.0998 18.8680 15.1658 18.9737 21.8632 20.1246 18.0000
10.8628 14.7648 9.8995 12.1655 10.4881 13.8564 0.0000 13.7840 12.1655 10.4881 10.9545 11.3137 8.6023 8.8318 13.0384 10.4881 9.7980 12.0830 12.8841 13.5647 11.1355 9.8995 12.4097 8.6023 9.3808 10.5830 11.6619 11.5758 8.8318 9.2736 20.2237 20.8327 21.2132 19.4422 18.8680 22.9565 19.4679 17.0587 19.5448 20.2731 21.5870 17.9444 20.6640 17.9444 19.6723 20.1742 20.7605 19.5448 20.0998 17.6918 20.9523 20.0749 18.9737 20.9523 18.6548 18.4391 19.2614 16.8819 19.2873 18.0000 12.5698 8.3666 12.3288 9.8995 9.3808 9.7980 12.8841 13.2665 8.3666 12.1655 14.2829 13.5647 11.3137 12.1655 10.2956 15.4919 15.5563 12.6491 12.0830 9.0554 7.7460 12.5698 14.0712 11.2250 9.3808 12.2474 12.4097 13.8564 8.9443 8.1240 16.5529 16.4924 15.4272 18.4932 15.2315 15.7480 14.5602 11.5758 13.7840 13.7113 16.3707 14.3527 15.2971 14.2829 15.9374 13.6382 16.5529 15.9374 16.6733 15.0333 18.6548 15.9374 14.2127 14.6287 11.6619 17.4356 16.6132 13.5647 15.4272 14.5602 18.6011 21.4476 16.7332 19.2354 18.6011 19.5704 18.0000 17.1172 19.0263 18.3848 17.2627 18.2209 20.3470 21.8174 20.1494 18.5472 18.8149 19.5959 19.2873 18.7083 20.1494 18.8149 18.6548 20.2485 18.7617 17.3781 19.9499 21.9089 20.5183 17.8885
11.6619 9.5917 8.8318 13.4164 10.0995 7.2111 13.7840 0.0000 11.4891 10.2956 12.9615 12.3288 8.2462 11.3137 10.9545 15.7480 12.4900 10.4881 7.0711 11.4891 9.2736 11.5758 10.7703 9.1652 10.0995 11.2250 12.6491 10.2956 10.1980 10.3923 20.6640 22.7156 22.0454 21.1660 19.8494 23.0434 19.8242 19.7737 20.4939 20.9045 22.1359 19.1311 20.7605 17.4929 21.6564 20.7123 21.6564 19.9499 21.1187 19.0526 22.0227 20.4206 20.0000 20.9523 19.9499 20.1494 20.3224 18.3576 20.0000 17.8885 9.3808 11.6619 9.6954 10.8628 12.1655 12.1655 11.4891 10.1980 10.7703 15.0997 12.1655 12.2474 11.0454 10.3923 10.5830 9.0554 11.4018 9.3808 14.2127 12.0830 12.4900 11.3137 12.0000 12.2474 9.8995 12.8841 13.2665 10.7703 10.4881 13.0384 16.4317 14.3527 14.2127 16.4317 13.1149 13.4164 9.8995 11.7473 12.2474 12.8062 15.6205 12.8841 13.7840 18.4391 14.8997 11.5758 15.8114 12.0000 15.8745 13.7113 17.0294 16.1864 14.7648 13.4907 11.9164 14.3527 14.6969 10.9545 15.0333 14.3527 20.0998 21.5870 17.8885 19.5959 19.0788 19.1050 18.7083 18.2483 20.3470 18.6548 18.2209 19.0263 19.8997 22.4944 20.0499 19.2873 19.5448 20.0000 19.1833 18.3848 21.7256 20.4450 19.7990 19.7990 19.1833 15.8114 20.0998 22.2261 20.9045 18.6548
8.0000 11.1355 10.5830 9.4868 8.8318 8.8318 12.1655 11.4891 0.0000 10.7703 15.1658 12.6491 9.7980 8.2462 11.1355 11.5758 12.8062 10.4881 9.8995 13.8564 13.4164 12.6491 11.4891 10.1980 9.4868 11.5758 9.4868 10.3923 11.3137 7.8740 20.4695 22.4499 21.6333 20.2978 20.1494 22.6053 19.4679 17.9722 20.2978 20.4206 22.0454 18.4391 20.1742 18.1659 20.5183 19.9750 21.0000 20.1990 20.9284 19.0526 21.6102 19.7231 20.0000 20.1742 19.0263 19.0788 20.1742 17.4069 20.0000 17.1464 10.2956 12.2474 13.1149 9.4868 11.2250 10.0995 13.0384 12.7279 13.1149 12.7279 10.5830 12.2474 9.6954 10.6771 13.0384 12.4097 13.1149 13.4907 13.0384 12.0830 9.0554 12.0000 13.9284 11.3137 11.5758 14.1421 12.6491 13.9284 11.0454 11.1355 17.7200 14.8997 11.9164 18.4932 14.4222 14.4914 11.9164 11.0454 15.3623 12.8841 13.3417 11.6619 14.4914 16.6733 13.9284 10.8628 14.5602 13.1149 14.9666 14.1421 16.3707 15.4272 14.8997 13.2665 11.7473 15.4272 14.6969 13.4907 13.6382 13.1909 19.2354 21.6333 18.0555 19.2873 19.3907 19.2094 17.8885 17.2337 19.8997 17.7764 16.7332 19.0788 20.0000 22.7596 18.9209 18.5472 18.8149 19.2354 17.8885 19.0263 20.6882 20.0000 19.3907 20.0499 19.2354 16.1864 19.0788 22.3607 20.4695 17.7764
9.5917 11.0454 6.9282 9.8995 6.3246 9.3808 10.4881 10.2956 10.7703 0.0000 10.8628 8.2462 7.3485 8.9443 9.3808 10.9545 10.9545 11.3137 9.7980 8.9443 7.0711 10.3923 9.8995 8.3666 7.2111 7.7460 12.7279 6.0000 6.9282 8.7178 18.5742 21.1187 20.3470 18.5472 17.8885 20.8087 17.3494 16.4012 17.4356 18.8944 19.8997 17.6068 19.7231 16.9115 19.4679 19.9750 18.8944 17.8885 19.1311 16.5831 20.1246 18.4120 18.0000 18.7350 18.6548 18.0555 19.0526 15.1987 18.6011 17.0294 7.8740 7.0711 9.2736 8.0000 10.9545 11.2250 10.9545 11.1355 10.0000 8.8318 11.3137 10.3923 9.4868 7.7460 6.1644 13.1909 11.2250 12.0830 11.4018 9.6954 9.3808 12.0000 10.2956 8.6023 7.4833 12.1655 8.0000 10.7703 10.5830 7.6158 15.7480 13.4164 15.0333 16.1864 12.5698 14.7648 12.1655 9.8995 10.9545 13.6382 15.5563 13.0384 13.4164 16.9115 14.3527 11.4018 15.0997 12.8841 16.8523 12.5698 17.2047 15.8745 14.8997 13.2665 11.2250 14.2829 13.6382 10.4881 14.0000 14.0000 17.1464 20.0998 16.3095 18.4391 17.8885 18.3030 15.9374 15.7162 19.0263 15.6844 13.6382 17.4356 18.4391 20.2485 18.6011 17.1464 17.7764 18.0555 17.1464 16.9115 19.8997 18.3848 18.2209 18.9737 17.5499 13.9284 18.4932 20.6882 19.2614 16.6132
10.9545 12.1655 10.7703 12.0830 10.2956 13.4907 10.9545 12.9615 15.1658 10.8628 0.0000 12.4900 11.0454 12.8062 11.2250 11.5758 9.0554 11.9164 12.7279 10.5830 10.9545 10.0995 10.1980 10.3923 7.2111 10.7703 12.7279 11.8322 8.6023 12.5698 19.8746 20.7846 21.3542 18.8149 19.1311 21.7486 19.2094 16.8226 19.4936 20.3715 20.7364 19.0263 20.3224 17.2047 19.6723 19.5192 20.6155 19.0263 19.9499 16.3401 19.7737 20.5670 18.8680 22.7376 20.6398 17.9444 18.7350 15.4596 17.6068 18.8680 11.7473 7.8740 10.9545 9.4868 8.6023 10.7703 10.5830 11.0454 10.6771 10.0000 12.0000 12.5698 12.1655 13.7113 9.3808 13.5647 14.3527 12.6491 12.6491 12.8062 11.5758 11.4891 12.4097 10.5830 9.7980 8.6023 13.3417 12.6491 11.5758 7.8740 16.6733 14.5602 17.0880 15.8745 14.3527 15.2971 14.5602 10.5830 11.4891 14.8997 17.1464 13.6382 15.8745 14.6969 12.5698 12.8062 17.0880 14.2127 15.8114 14.0712 17.0294 14.9666 11.8322 15.7480 15.0333 14.9666 14.5602 11.3137 12.9615 13.0384 18.6548 21.0713 17.6068 20.3961 18.5472 19.6723 18.5472 19.0526 19.5448 17.2627 17.3781 18.1659 19.0263 21.6333 19.3907 17.4929 19.4936 19.3391 18.5472 17.7200 21.4942 17.2627 19.4422 20.1990 19.2354 18.0000 20.0998 20.8806 19.6214 18.0555
10.0000 14.6969 8.2462 11.7473 6.7823 11.0454 11.3137 12.3288 12.6491 8.2462 12.4900 0.0000 10.5830 9.5917 11.9164 9.5917 12.4097 14.2829 10.7703 11.0454 10.5830 10.5830 13.5647 8.6023 9.2736 9.1652 14.3527 10.9545 7.0711 10.1980 20.5670 22.3159 21.9089 21.7256 20.2978 23.6432 19.3649 19.4165 20.9284 21.2368 22.2711 20.0000 21.8861 18.8680 21.7945 21.5174 22.2486 21.0238 21.1660 19.5704 21.6564 20.7605 19.8494 21.6564 20.3470 20.2978 20.7123 17.9165 20.1494 19.6977 10.0000 8.8318 13.6382 10.7703 10.8628 12.2474 14.2829 15.7480 10.2956 12.4097 15.0333 14.0000 12.6491 10.3923 9.5917 15.0333 9.8995 14.6969 14.0000 9.2736 10.6771 14.7648 10.8628 9.4868 10.0000 14.2829 10.0995 14.8997 11.6619 10.4881 18.1108 15.6205 16.7332 19.6977 15.9374 17.0880 14.4222 13.1909 12.5698 15.3623 16.3095 16.7332 14.9666 18.4391 17.1464 13.6382 16.4924 16.4924 18.9209 15.2315 19.9499 17.7200 17.0294 17.0294 13.7113 17.0880 16.6733 13.5647 17.4356 17.3205 19.7484 21.6795 18.7083 20.4939 20.0000 20.3715 18.4932 18.7350 20.7846 17.0294 17.4929 19.7484 20.5426 22.6274 20.8806 19.5448 20.0000 20.8806 19.8494 19.5959 22.3607 20.0000 20.8327 20.7846 20.2978 17.3781 20.9762 22.6274 21.7486 18.7083
8.8318 9.3808 8.2462 11.1355 8.0000 8.4853 8.6023 8.2462 9.7980 7.3485 11.0454 10.5830 0.0000 9.7980 11.4018 11.4018 11.1355 8.4853 8.0000 9.3808 6.1644 10.0000 8.8318 6.3246 7.2111 8.1240 10.6771 8.7178 8.4853 5.6569 19.5192 21.3073 20.5426 19.2873 18.2757 21.9317 18.0278 17.0000 18.7083 20.1246 21.1660 17.8326 19.7231 17.2627 19.7231 19.8746 19.9249 18.4932 19.4422 17.5214 21.4243 19.3649 18.2757 19.2094 18.7617 19.0788 19.2614 16.4621 19.2873 17.1464 9.2736 8.7178 8.0000 7.8740 10.7703 10.0000 9.3808 9.6954 9.3808 11.0454 10.3923 10.9545 9.1652 8.7178 8.0000 11.5758 11.9164 8.1240 11.4018 9.1652 8.6023 10.9545 11.7473 10.7703 7.2111 12.7279 9.3808 10.0995 7.0711 8.9443 16.0624 14.8324 15.2971 17.6068 13.6382 14.5602 12.0000 9.7980 11.7473 13.4164 15.7480 13.5647 13.7840 16.2481 14.6969 11.4018 15.7480 13.1149 16.0000 13.9284 17.7200 15.6844 14.1421 13.5647 9.5917 15.7480 15.0333 11.6619 14.4222 14.0712 18.0000 20.1990 16.4924 18.8149 17.7764 18.6279 17.0294 16.4012 18.8149 16.9115 16.1245 17.4356 18.9209 20.7364 18.4932 18.1659 17.8885 18.8680 17.7764 17.5499 19.8997 18.6548 18.4391 19.3391 17.5499 14.8997 18.2209 21.0713 19.3132 17.5499
9.1652 13.4164 8.1240 9.8995 8.6023 10.4881 8.8318 11.3137 8.2462 8.9443 12.8062 9.5917 9.7980 0.0000 10.0995 11.4891 10.0995 12.7279 10.6771 13.8564 12.4097 8.4853 11.9164 8.2462 9.4868 10.3923 10.4881 9.3808 8.3666 8.8318 19.4679 21.1660 21.1660 19.8997 19.2354 22.3383 19.2614 17.4069 19.5959 19.6723 21.0713 18.0000 20.4206 17.2627 19.8242 19.9750 20.3224 19.7990 20.1494 17.8606 20.9523 19.0526 18.8680 20.0250 17.9444 17.4356 19.2614 16.8819 18.4932 17.3781 8.7178 10.0000 11.9164 9.0554 8.4853 9.2736 13.1909 12.8841 8.0000 12.3288 12.7279 13.0384 10.0000 10.0000 10.1980 12.6491 13.1149 13.9284 11.5758 9.6954 7.6158 12.0000 12.4900 9.2736 10.1980 12.4097 12.5698 14.5602 10.0000 9.1652 16.9115 14.0000 11.7473 17.2047 14.4914 14.2829 10.8628 10.9545 13.3417 11.8322 13.4907 12.3288 14.2829 16.3095 14.7648 11.9164 14.3527 13.5647 15.7480 13.4164 17.3781 15.1658 14.8324 13.7840 11.8322 14.6969 13.7840 12.0000 14.6287 13.4164 18.4391 20.6882 16.5529 18.3848 18.3303 18.7350 17.5499 15.9687 19.3391 17.4929 16.0000 18.0555 19.5448 21.5870 19.4936 18.1108 18.7617 18.9209 17.7764 18.1108 20.2978 19.1833 18.8149 19.4422 18.2757 15.6844 19.4936 21.9089 20.2237 16.9115
9.6954 10.0995 10.0000 8.0000 9.8995 8.7178 13.0384 10.9545 11.1355 9.3808 11.2250 11.9164 11.4018 10.0995 0.0000 12.6491 12.3288 9.8995 11.1355 10.5830 10.7703 11.9164 11.6619 12.4900 7.7460 9.1652 10.1980 8.7178 7.3485 11.1355 19.2614 20.7364 21.0713 19.1311 19.3391 21.8861 19.1572 17.3494 17.8885 18.9473 19.1833 18.0000 19.5704 16.7332 19.5704 19.3132 19.7231 19.1833 20.3961 15.9687 19.8242 19.4165 19.0263 20.7123 18.0000 17.7764 18.7883 16.4012 16.9706 17.2627 7.6158 8.6023 9.0554 10.6771 9.8995 8.8318 11.5758 9.1652 13.3417 11.2250 11.4018 9.4868 10.2956 9.4868 10.1980 11.9164 12.0000 14.2829 13.7113 13.4164 9.1652 12.4097 11.8322 7.3485 9.6954 11.2250 13.5647 13.1909 13.7840 9.5917 13.7113 9.1652 11.7473 12.0830 9.6954 11.7473 10.4881 7.8740 10.2956 11.8322 14.1421 9.5917 14.0712 14.8324 11.0454 10.1980 13.5647 10.7703 14.8997 9.5917 15.4272 10.7703 13.1149 12.7279 13.4164 11.0454 9.4868 7.4833 12.2474 10.3923 18.7083 20.4450 16.6132 19.0263 18.0555 18.6815 17.0880 17.4642 19.2873 16.6733 15.6844 17.4356 18.2209 21.3073 19.0263 16.3707 18.9209 17.5499 17.4929 15.8114 19.4422 18.1659 18.2757 18.9737 18.2209 14.5602 18.9209 20.4450 19.0000 16.8523
9.2736 14.5602 10.7703 9.5917 8.3666 13.3417 10.4881 15.7480 11.5758 10.9545 11.5758 9.5917 11.4018 11.4891 12.6491 0.0000 12.0830 12.5698 13.3417 12.5698 12.5698 13.3417 13.2665 10.1980 7.7460 10.2956 11.7473 11.8322 9.4868 9.8995 19.7231 20.7846 20.6882 18.8680 19.7484 22.2486 18.2483 17.0587 19.5959 19.6723 20.8327 18.3303 20.2731 17.7200 19.6214 18.6279 20.4695 20.1990 19.9499 17.1172 19.7737 20.1742 18.6548 21.2368 19.2354 18.5472 19.3132 15.6525 19.0788 18.4391 12.0830 8.9443 14.0000 9.7980 9.3808 10.5830 12.4900 15.2315 12.8062 8.2462 13.2665 12.0830 11.4891 12.2474 11.3137 16.3095 12.6491 14.1421 12.9615 10.7703 10.0000 13.6382 12.5698 10.4881 10.8628 12.6491 9.8995 14.9666 10.8628 9.5917 18.4391 16.7332 16.7332 20.0499 16.1864 16.9115 16.7332 11.6619 14.2127 15.1658 15.6205 15.2315 14.2127 13.3417 15.6844 12.1655 14.6287 16.0000 16.1864 15.2971 17.0880 16.0624 15.0997 16.2481 13.9284 16.7332 16.3707 14.3527 14.6287 15.3623 18.2209 20.8806 17.8326 19.8494 18.6011 19.1050 17.2627 17.8606 19.2873 15.4272 16.4317 18.4932 18.9737 22.1811 18.9737 17.4356 18.2757 18.8680 18.1659 19.0788 20.6398 18.2757 18.7617 20.0499 19.4936 17.5499 19.0788 20.4939 20.0749 17.6635
9.7980 12.8841 9.3808 12.7279 10.4881 13.4907 9.7980 12.4900 12.8062 10.9545 9.0554 12.4097 11.1355 10.0995 12.3288 12.0830 0.0000 12.2474 10.5830 13.2665 13.3417 10.2956 11.2250 9.3808 9.0554 11.1355 9.3808 12.8062 9.2736 12.3288 18.7350 20.9762 21.0713 18.3848 17.8885 21.8403 18.3576 15.9060 18.5472 19.4165 21.1187 17.6635 20.0749 16.9115 19.7737 19.3649 20.2731 19.0788 19.5448 17.0000 19.8242 19.1050 19.1311 20.3224 18.4932 18.0000 17.4642 15.0665 18.2757 17.4356 11.6619 9.4868 13.1909 8.1240 7.3485 9.2736 13.3417 11.0454 8.6023 11.8322 12.4900 13.6382 9.6954 14.0712 10.0000 13.4164 14.1421 12.8062 11.9164 11.0454 11.0454 9.2736 13.7113 10.5830 12.2474 10.0995 12.8841 12.1655 8.8318 7.2111 16.8523 15.9374 14.8324 16.7929 14.7648 15.0333 13.0384 12.7279 14.5602 13.4907 16.4924 13.6382 15.5563 15.9374 14.6969 13.7840 17.0880 14.6287 14.7648 13.4164 17.4356 16.7332 12.5698 14.8324 12.8841 16.8523 14.6287 13.0384 13.7113 13.2665 17.9444 21.1187 16.7332 17.8885 18.6011 18.5203 18.0000 17.0587 18.0000 17.8885 16.4924 18.0555 19.4422 21.9545 19.4936 17.3205 18.9209 19.1311 18.2209 17.5499 20.6882 18.5472 19.0788 19.6469 18.0555 17.4929 19.4936 21.4942 19.6723 17.6068
8.4853 8.2462 11.7473 9.1652 11.4018 10.5830 12.0830 10.4881 10.4881 11.3137 11.9164 14.2829 8.4853 12.7279 9.8995 12.5698 12.2474 0.0000 8.8318 8.9443 10.3923 14.7648 9.8995 11.6619 8.2462 8.3666 9.4868 12.2474 9.8995 10.7703 19.3649 20.8806 20.2485 18.5472 18.0555 21.5174 18.0831 16.8226 17.8326 19.0526 20.4939 17.0880 19.1050 16.4924 19.2614 18.7350 19.7231 18.2757 19.8997 17.2916 20.0749 19.0526 18.2209 19.8242 18.4932 19.0263 18.4662 16.0312 17.7200 16.4924 11.0454 10.2956 9.1652 10.0000 10.7703 8.6023 10.7703 7.2111 14.2829 11.6619 10.7703 10.5830 8.7178 10.5830 11.5758 11.4018 12.9615 9.2736 12.5698 12.5698 10.2956 11.0454 13.4907 9.4868 9.3808 11.0454 12.4097 9.0554 10.0995 10.8628 12.1655 11.5758 12.9615 13.4164 10.0995 10.5830 11.4891 9.0554 11.2250 11.0454 14.4222 10.3923 12.5698 12.6491 11.1355 8.6023 13.0384 10.3923 12.8841 9.8995 14.4914 11.8322 10.4881 12.0830 10.6771 13.1909 11.9164 10.7703 11.5758 10.0995 18.1659 20.5913 16.1245 19.0788 17.7764 18.3030 17.2627 17.4069 17.9444 16.9115 17.0294 16.9115 19.0263 21.7256 18.3303 16.9706 17.8885 17.7764 17.0294 17.0880 19.1833 18.4391 18.2757 18.9737 18.3848 15.8745 18.6011 20.7364 19.1572 17.4356
7.2111 9.0554 8.4853 11.0454 9.4868 7.7460 12.8841 7.0711 9.8995 9.7980 12.7279 10.7703 8.0000 10.6771 11.1355 13.3417 10.5830 8.8318 0.0000 9.6954 10.5830 12.1655 10.5830 9.0554 8.9443 7.6158 10.0995 11.9164 9.6954 9.3808 18.9473 21.5870 20.5913 19.8494 18.0555 22.0681 18.1384 17.4642 18.9209 20.3224 21.2132 17.7764 19.3649 17.0294 20.7123 19.3649 21.0476 18.7083 19.6977 18.6279 20.8087 19.0526 19.0263 19.4679 18.9209 19.4422 18.5742 16.5831 19.0263 16.4317 9.0554 11.3137 10.6771 8.1240 11.3137 10.0995 11.4018 9.4868 11.4018 13.4164 11.1355 12.4900 8.2462 10.7703 10.0000 8.3666 9.6954 10.1980 12.0000 10.4881 10.6771 10.6771 11.1355 9.7980 10.3923 12.8841 10.5830 10.6771 7.7460 11.1355 14.4914 12.8841 12.6491 15.8745 12.4097 12.0830 8.4853 11.0454 11.4891 11.7473 13.4907 13.1149 12.4900 18.0000 13.4907 10.7703 14.7648 11.3137 13.7840 11.5758 17.0294 15.3623 12.8062 13.2665 9.4868 14.8324 12.9615 11.5758 14.0000 13.1909 19.1311 20.2978 17.0294 18.4391 18.7083 18.5203 17.8326 17.3494 18.3848 16.9115 16.8523 18.0555 19.0788 21.8632 18.4391 18.2209 18.7083 19.6469 17.6068 17.1464 21.0713 18.9737 19.2873 19.0788 18.6011 15.9374 19.0788 21.8174 19.9249 17.8326
9.1652 10.2956 11.6619 11.2250 9.6954 10.4881 13.5647 11.4891 13.8564 8.9443 10.5830 11.0454 9.3808 13.8564 10.5830 12.5698 13.2665 8.9443 9.6954 0.0000 8.8318 13.6382 9.2736 11.4018 8.8318 7.0711 13.4907 11.3137 8.4853 12.0830 20.1742 21.4942 21.8174 19.8494 18.6548 22.4277 18.5203 17.4642 17.9444 20.1742 20.7364 18.6011 20.2731 18.0000 20.8087 20.2731 20.6155 18.9209 20.0998 18.6815 21.0476 20.5670 19.7990 20.8567 20.0000 20.6882 19.7737 16.9411 18.9737 18.4391 10.1980 8.7178 10.0000 10.6771 11.9164 12.3288 11.8322 10.3923 14.3527 10.9545 12.3288 11.2250 12.2474 10.6771 9.4868 13.3417 12.2474 12.2474 13.7840 13.5647 11.3137 14.4222 13.2665 9.3808 9.4868 12.4900 11.1355 11.1355 12.1655 10.0995 14.7648 12.4097 17.2047 14.8997 12.8841 14.5602 13.4907 11.1355 10.2956 15.1658 17.4356 14.5602 14.6287 17.2047 13.7113 12.2474 16.1245 13.2665 17.5499 12.3288 18.1659 14.6969 13.8564 15.8745 13.9284 15.0333 13.7840 11.6619 15.2971 13.8564 19.1311 21.2603 18.2209 20.0998 19.1311 19.9249 17.7764 18.5742 20.3961 16.9115 17.4356 18.0000 19.5959 21.9089 19.3907 18.0555 19.0788 19.2873 18.6548 17.4356 21.2603 18.8149 19.4936 20.1990 19.6977 16.3707 20.2978 21.7256 20.1246 17.8885
11.9164 11.2250 9.1652 12.6491 9.0554 9.8995 11.1355 9.2736 13.4164 7.0711 10.9545 10.5830 6.1644 12.4097 10.7703 12.5698 13.3417 10.3923 10.5830 8.8318 0.0000 11.6619 10.6771 8.9443 7.8740 9.0554 13.6382 8.1240 8.1240 8.7178 19.7737 21.7715 20.8806 19.5448 19.0263 21.6102 18.4662 18.1384 18.6548 19.8746 21.1660 18.6548 20.4695 17.6068 20.1742 20.9045 19.9750 18.6548 19.9499 17.0587 21.1896 19.6214 18.3848 19.8746 19.7484 19.2354 20.0250 16.4012 19.5448 18.4391 10.0000 7.8740 8.2462 10.5830 12.5698 12.4097 9.5917 11.1355 11.6619 11.4891 12.8062 10.8628 11.5758 8.9443 8.0000 13.7113 11.9164 9.1652 13.4164 10.0995 11.3137 13.4907 11.4018 11.2250 6.6332 12.7279 10.3923 10.5830 10.9545 10.7703 15.9374 14.5602 17.1464 16.8523 13.1149 15.2315 13.4164 9.8995 10.4881 14.9666 17.2047 14.5602 13.8564 16.6132 15.3623 12.0000 16.0624 13.7840 17.4356 14.2127 17.6635 15.9374 15.4272 14.0000 11.3137 14.7648 15.4919 10.7703 15.0997 15.1658 18.2757 20.6882 16.6733 20.0000 18.3303 19.3132 16.9706 17.0000 19.5959 16.6733 16.0624 18.2757 19.0263 20.9762 19.5448 18.3848 18.5472 18.9209 18.6011 17.7764 20.3961 19.1311 18.8149 19.6469 18.3848 14.6969 19.3391 20.8806 19.8746 18.2209
11.1355 12.8062 10.5830 13.7840 9.5917 10.7703 9.8995 11.5758 12.6491 10.3923 10.0995 10.5830 10.0000 8.4853 11.9164 13.3417 10.2956 14.7648 12.1655 13.6382 11.6619 0.0000 10.5830 8.3666 9.4868 12.4900 11.9164 10.7703 8.9443 9.5917 21.3776 22.8910 23.1084 21.3542 20.9762 23.7276 20.9045 18.8944 21.2603 22.0681 22.8035 20.6398 21.6102 19.2354 21.8403 22.0681 21.9773 21.1660 20.9762 18.9473 22.5610 21.3307 20.6398 22.2935 20.5913 19.1833 20.5183 18.3030 20.1990 20.1494 9.4868 9.5917 12.5698 9.8995 9.8995 10.8628 13.0384 13.7113 8.1240 13.5647 12.4097 13.9284 13.4164 13.2665 10.2956 13.7840 13.2665 13.9284 13.7113 11.1355 9.5917 12.4097 13.1909 12.5698 11.0454 13.1909 14.4914 15.6205 11.8322 8.8318 19.7990 16.3707 17.2047 19.2873 16.9706 18.0000 13.0384 12.8062 14.2829 16.3095 17.6635 15.6844 18.4932 19.3907 16.0000 15.5563 19.3907 16.6733 19.1311 17.2047 20.3961 17.2047 16.8523 16.8523 14.5602 17.4356 16.6733 13.9284 17.1464 16.1864 20.4450 22.2261 19.3391 20.6882 19.8494 20.7605 19.3907 19.2094 21.0713 19.2873 18.2209 20.0998 20.4939 22.3607 20.8327 20.0000 20.6398 21.3542 20.0499 19.2873 22.4944 19.7484 20.7846 21.6333 19.7990 17.8885 20.8327 23.2809 21.2838 18.6548
9.8995 8.2462 12.7279 12.0830 9.7980 10.0995 12.4097 10.7703 11.4891 9.8995 10.1980 13.5647 8.8318 11.9164 11.6619 13.2665 11.2250 9.8995 10.5830 9.2736 10.6771 10.5830 0.0000 9.5917 8.9443 11.5758 11.7473 10.4881 10.3923 10.8628 19.0000 21.0713 21.2132 17.5499 17.6635 19.7231 17.2337 15.8430 17.0294 18.3030 20.1990 17.7200 18.4120 16.3095 19.2094 19.1050 17.9722 17.2627 17.9444 17.2337 19.7231 18.4662 18.2209 18.8944 19.0263 17.8885 18.3030 14.5945 18.4932 17.4356 8.7178 9.2736 11.2250 8.2462 10.4881 10.5830 10.0995 10.0000 12.0000 11.0454 8.3666 10.2956 11.6619 12.0830 10.0000 11.8322 13.6382 10.7703 12.7279 13.1909 10.0995 11.3137 14.2829 12.0830 9.3808 10.3923 12.4097 10.4881 10.8628 9.4868 17.7200 14.2127 17.0294 16.0000 14.2829 15.9374 12.6491 11.5758 13.0384 15.0997 16.6132 12.4900 16.2481 17.3781 12.4097 12.5698 16.6733 13.4164 16.5529 14.7648 15.7480 15.2971 13.8564 14.2127 13.4907 14.4914 14.5602 13.1909 13.7840 12.4097 17.5499 20.5426 17.4356 18.8680 17.5499 17.8606 16.5529 16.8226 19.1833 16.4924 16.3095 17.0294 18.1659 20.3470 17.5499 16.8523 17.2627 18.1108 16.4317 17.2047 20.3961 17.8885 18.0000 19.1833 18.0555 15.4272 18.6548 20.8806 18.7883 16.1245
9.4868 12.4097 7.6158 12.7279 6.0000 9.5917 8.6023 9.1652 10.1980 8.3666 10.3923 8.6023 6.3246 8.2462 12.4900 10.1980 9.3808 11.6619 9.0554 11.4018 8.9443 8.3666 9.5917 0.0000 7.6158 10.4881 11.4018 9.5917 8.0000 7.3485 20.5183 22.0454 21.8174 20.3961 19.5448 23.0434 19.2094 18.3030 20.5913 20.7123 22.5389 18.7083 21.1424 17.7200 20.7123 20.5183 21.2368 20.1990 20.4450 18.6815 21.9773 20.3224 19.2873 20.7605 19.5959 19.3907 19.9249 16.8226 19.9499 18.7617 10.2956 9.0554 11.8322 8.6023 8.7178 10.8628 11.3137 12.8841 7.2111 12.0000 12.5698 12.8841 11.0454 10.8628 9.0554 13.2665 12.5698 10.0995 12.9615 9.1652 10.0995 11.7473 12.9615 11.4018 9.2736 11.9164 10.9545 12.4097 6.9282 9.1652 19.0263 17.0294 16.4317 19.7990 16.4924 16.4924 13.6382 12.0830 13.8564 14.9666 16.8523 14.9666 14.9666 17.0294 16.5529 12.8841 16.6733 15.2971 17.0880 15.9374 18.4391 17.8326 15.2315 15.7480 12.5698 17.0294 17.2047 13.4907 15.8114 15.8114 18.6548 21.3542 17.5499 19.3391 18.9209 19.1050 18.0555 17.0587 19.8997 17.6068 17.4356 18.8680 20.1494 22.3607 19.7990 19.0263 18.8680 20.0499 18.9737 19.3907 21.4009 19.6977 19.5448 20.3470 18.6548 16.7929 19.6977 21.7715 20.7123 18.0555
6.9282 8.9443 7.4833 8.0000 5.8310 8.4853 9.3808 10.0995 9.4868 7.2111 7.2111 9.2736 7.2111 9.4868 7.7460 7.7460 9.0554 8.2462 8.9443 8.8318 7.8740 9.4868 8.9443 7.6158 0.0000 7.4833 8.8318 8.1240 5.6569 7.0711 18.8414 20.6398 20.1494 18.2209 18.4932 21.1424 17.8606 16.2788 18.3848 19.1572 20.0998 17.6068 19.1572 16.4924 19.0526 18.7350 19.6214 18.4932 19.2873 15.7162 19.4679 19.0000 17.9444 20.2237 18.8149 17.4929 18.2483 14.7309 17.6635 17.1464 8.2462 6.0000 9.1652 6.6332 7.8740 7.7460 9.0554 9.4868 10.3923 8.1240 9.4868 9.3808 8.6023 9.7980 8.0000 11.9164 10.2956 10.4881 11.5758 9.4868 8.1240 9.7980 10.0000 8.0000 7.3485 9.7980 9.5917 10.8628 9.1652 6.3246 15.4272 12.9615 14.0000 15.8114 12.0000 13.4164 12.0830 7.6158 10.7703 12.7279 14.3527 11.5758 13.1909 13.7113 11.7473 9.4868 14.3527 12.2474 14.2829 11.9164 15.4919 13.4164 12.1655 13.0384 11.2250 13.5647 12.8841 9.8995 11.5758 12.0000 17.5499 20.0499 16.3707 18.9737 17.6635 18.2483 16.4924 17.1172 18.1659 15.4919 15.2315 17.4929 18.0000 21.0238 18.1659 16.6132 17.9444 18.0555 17.0294 16.9706 19.7484 17.3205 18.2209 19.0788 17.8326 15.4919 18.1108 20.0499 18.8414 16.8523
6.4807 10.6771 8.1240 7.6158 9.2736 10.2956 10.5830 11.2250 11.5758 7.7460 10.7703 9.1652 8.1240 10.3923 9.1652 10.2956 11.1355 8.3666 7.6158 7.0711 9.0554 12.4900 11.5758 10.4881 7.4833 0.0000 10.7703 10.4881 7.2111 9.4868 18.1384 19.8997 19.5448 18.5472 17.3205 21.4243 17.3494 15.7797 17.1464 19.3649 19.2354 16.9115 18.8944 16.6132 19.2614 18.4662 19.8242 17.8326 18.9737 16.7033 19.5192 18.7350 17.8885 19.5192 18.0555 18.3303 18.0278 15.6525 17.4356 16.0000 8.8318 8.1240 8.2462 8.0000 10.3923 9.2736 10.6771 9.2736 11.8322 9.4868 11.6619 10.9545 7.8740 8.8318 7.8740 11.1355 10.3923 11.7473 10.0995 9.8995 8.2462 12.1655 9.6954 6.0000 8.1240 12.0000 8.4853 11.2250 9.0554 8.4853 11.4891 10.3923 12.6491 13.7840 10.4881 11.2250 10.3923 8.2462 8.1240 10.9545 13.1149 12.6491 11.1355 14.8324 12.3288 9.6954 12.8841 10.8628 13.9284 9.1652 16.7929 12.7279 11.8322 13.0384 9.4868 13.3417 10.6771 9.3808 13.1149 11.8322 18.0555 19.3391 15.8745 18.3303 17.6068 18.5742 16.6733 16.6433 17.9444 15.2971 15.1658 16.6132 18.0555 20.6398 18.0000 16.7929 18.0000 18.2209 16.9706 15.6844 19.6977 17.2627 18.0000 18.4932 18.2209 15.0997 18.6011 20.6882 19.0000 16.8523
7.8740 10.4881 11.6619 10.7703 11.6619 10.5830 11.6619 12.6491 9.4868 12.7279 12.7279 14.3527 10.6771 10.4881 10.1980 11.7473 9.3808 9.4868 10.0995 13.4907 13.6382 11.9164 11.7473 11.4018 8.8318 10.7703 0.0000 12.8062 10.4881 9.8995 19.2094 21.0238 20.9762 18.7083 19.0788 22.6936 19.0526 16.2173 18.3848 19.6723 20.8806 17.4929 19.3132 17.4929 19.6723 18.8414 20.2731 20.0000 20.0000 16.8819 20.8567 19.5192 19.5448 19.6723 17.0880 18.3848 17.8045 16.4621 18.2757 17.0294 10.5830 11.2250 11.8322 9.3808 8.8318 6.7823 12.3288 9.5917 13.1149 12.2474 10.6771 11.7473 9.2736 13.1909 12.1655 12.7279 13.2665 12.5698 12.8841 12.4900 9.2736 10.3923 14.6287 10.8628 13.1149 12.5698 14.2829 14.0712 10.1980 9.3808 16.3095 14.4222 13.0384 16.5529 13.9284 13.8564 11.6619 10.7703 14.8997 13.1909 15.3623 12.4900 15.7480 15.0997 13.7840 12.7279 15.8114 13.1909 13.9284 12.8841 17.1464 13.5647 13.4164 14.2829 12.2474 16.0624 12.8841 12.8062 13.5647 12.1655 18.6548 20.6398 16.9115 17.9444 18.2209 18.5203 17.7200 17.0587 17.8326 17.8326 16.7332 17.9444 18.7617 22.0907 18.4932 17.2047 18.7083 18.3848 17.6635 16.9115 19.1833 18.7083 18.4932 19.6977 17.6635 16.3707 18.0555 20.9762 18.8414 17.4356
11.2250 11.9164 7.7460 10.5830 7.0711 8.8318 11.5758 10.2956 10.3923 6.0000 11.8322 10.9545 8.7178 9.3808 8.7178 11.8322 12.8062 12.2474 11.9164 11.3137 8.1240 10.7703 10.4881 9.5917 8.1240 10.4881 12.8062 0.0000 8.3666 8.2462 19.7737 21.7715 21.6795 19.1311 19.7484 21.3307 19.0526 17.6352 18.5472 19.2614 20.3961 18.3848 20.0749 17.6635 19.8242 20.1742 19.4679 19.0263 20.2485 16.6433 21.0950 19.5192 19.2873 20.0250 19.1311 18.1108 20.4206 16.4621 19.6469 17.7200 8.2462 8.1240 9.0554 9.8995 11.4891 12.4097 10.1980 11.5758 11.2250 10.0000 11.3137 9.6954 11.3137 8.7178 8.4853 13.1909 13.6382 13.1149 13.2665 12.2474 9.4868 13.6382 12.0830 10.8628 8.1240 12.5698 10.9545 13.3417 12.3288 9.3808 17.4929 14.0712 14.4914 16.6733 13.3417 15.3623 12.6491 8.4853 12.5698 14.2127 15.4919 12.3288 14.0712 16.6733 14.4222 11.7473 15.0997 12.4097 16.9115 13.8564 16.4924 15.8114 16.1864 13.1909 12.8062 12.9615 13.9284 9.5917 13.9284 13.5647 18.3848 21.1660 17.2627 19.3391 18.3848 19.0526 16.6132 16.4621 20.7846 17.0880 15.0333 18.3303 18.5472 21.3073 19.1311 17.7764 18.5472 18.2209 18.1659 17.4929 20.5426 19.2873 18.2757 19.5448 18.3848 13.7840 19.1311 21.0713 20.1246 17.2047
8.1240 11.6619 7.2111 9.3808 6.3246 9.5917 8.8318 10.1980 11.3137 6.9282 8.6023 7.0711 8.4853 8.3666 7.3485 9.4868 9.2736 9.8995 9.6954 8.4853 8.1240 8.9443 10.3923 8.0000 5.6569 7.2111 10.4881 8.3666 0.0000 9.1652 19.9750 21.6333 21.4942 20.0000 19.4422 22.6495 19.2094 17.9722 19.1311 19.7231 21.4009 18.6011 20.8087 17.6068 20.4206 20.6640 20.8567 20.0000 20.7846 17.5214 20.8087 19.7737 19.0263 21.0476 19.0788 18.9209 19.5192 16.4621 18.3303 18.6548 8.3666 4.6904 9.8995 9.3808 7.2111 8.7178 11.9164 11.0454 9.7980 10.1980 12.7279 11.3137 10.5830 9.4868 8.0000 13.4164 11.0454 12.0830 12.8841 9.5917 8.3666 12.4097 11.3137 6.7823 7.6158 10.2956 11.2250 12.3288 10.5830 6.6332 14.9666 12.4097 14.2127 15.4272 12.4097 13.9284 11.9164 9.2736 10.7703 12.9615 15.6844 13.0384 14.2127 14.5602 13.7840 11.3137 15.0333 13.2665 16.4924 11.7473 17.3781 14.2829 13.9284 14.4222 12.4097 13.9284 13.3417 9.7980 14.4222 13.1909 18.6548 21.5870 17.0294 19.6469 18.6548 19.3649 17.4356 17.8606 19.5448 17.3205 16.6733 18.3848 19.7484 22.3159 20.1990 18.0555 19.1833 19.0788 18.8149 18.0000 20.6398 19.1833 19.5448 20.0998 18.9737 16.1245 20.0499 21.5870 20.7123 17.4929
8.4853 10.9545 8.3666 10.3923 7.3485 7.7460 9.2736 10.3923 7.8740 8.7178 12.5698 10.1980 5.6569 8.8318 11.1355 9.8995 12.3288 10.7703 9.3808 12.0830 8.7178 9.5917 10.8628 7.3485 7.0711 9.4868 9.8995 8.2462 9.1652 0.0000 20.4695 22.4499 21.5870 20.2978 20.1990 22.7816 19.5192 18.1384 20.2485 21.2368 22.0907 19.0788 20.3224 18.7083 20.7123 20.5670 21.1896 20.0998 20.5426 18.1384 22.2935 20.2237 19.4936 20.3224 19.6977 19.2354 20.4695 17.3494 20.5913 18.2209 9.2736 9.7980 10.4881 8.3666 11.4891 10.1980 10.2956 12.0830 10.6771 11.6619 10.8628 11.6619 10.1980 10.2956 10.0995 12.4900 12.0000 11.4891 12.8841 9.5917 7.6158 12.4900 11.9164 11.6619 8.8318 14.4222 10.0000 13.8564 8.8318 9.4868 18.0555 15.6205 14.5602 19.3907 14.9666 15.8114 12.4900 9.3808 13.5647 14.3527 14.6969 14.2829 14.6969 17.0880 15.0997 12.0830 16.1245 14.2127 16.3095 15.1658 18.2757 16.2481 16.0000 14.2829 10.2956 16.0624 15.5563 12.6491 14.9666 14.8997 19.4422 21.1187 17.9444 20.0499 19.0788 19.7737 17.7764 17.6352 19.8997 17.4929 16.7332 19.1311 19.4422 22.0454 19.2354 19.2354 19.1311 20.1494 18.6011 18.7083 21.0713 19.4936 19.4422 20.4939 18.8149 15.9374 18.8680 22.0454 20.6155 18.4391
19.0526 18.6815 19.4165 17.9165 20.7605 20.6155 20.2237 20.6640 20.4695 18.5742 19.8746 20.5670 19.5192 19.4679 19.2614 19.7231 18.7350 19.3649 18.9473 20.1742 19.7737 21.3776 19.0000 20.5183 18.8414 18.1384 19.2094 19.7737 19.9750 20.4695 0.0000 9.7468 8.1854 7.6811 7.1414 8.7178 7.0711 8.3666 9.2195 8.6023 10.2470 11.0000 10.4881 9.5394 7.4833 11.4018 8.1240 7.2801 8.4261 8.7178 10.0995 8.8318 8.8882 9.4868 10.2470 8.7750 8.3666 9.6954 10.9087 9.7468 16.2788 17.9722 17.6918 15.8430 18.5742 17.0587 15.0665 17.4069 18.5742 16.7631 16.5831 15.7162 15.2643 16.3401 14.7309 17.4069 18.4662 18.9473 13.6015 17.3494 17.9165 17.0587 16.6433 16.6433 17.7482 16.6433 17.5784 17.4642 18.3576 19.5192 17.6352 17.3494 18.8944 17.2337 15.6525 16.8819 17.3494 17.7482 16.1555 16.4621 16.2173 16.2788 16.0312 19.9249 16.6433 16.9411 15.8430 15.9687 15.8430 16.5227 15.4596 16.4012 16.2788 14.4568 16.2173 17.1756 15.5242 16.5227 13.8203 15.9060 8.0623 8.4261 8.4261 10.0499 10.4403 10.1980 11.0905 9.1652 9.9499 9.7468 9.6437 9.2195 8.3066 9.0000 8.6603 8.5440 10.0499 8.5440 8.8882 9.5394 11.1803 9.4340 11.7047 8.4261 9.9499 10.4403 12.1244 11.4455 9.0554 11.7047
20.9284 20.9284 21.5407 19.9499 22.6274 22.3159 20.8327 22.7156 22.4499 21.1187 20.7846 22.3159 21.3073 21.1660 20.7364 20.7846 20.9762 20.8806 21.5870 21.4942 21.7715 22.8910 21.0713 22.0454 20.6398 19.8997 21.0238 21.7715 21.6333 22.4499 9.7468 0.0000 11.1355 10.7703 10.0000 14.5258 11.1803 10.2470 12.1655 11.0000 8.3666 10.0995 11.4455 10.4881 8.8882 9.2195 11.5326 10.8628 9.4868 10.9087 11.1803 14.3875 13.1149 14.3178 10.5830 10.8628 9.1104 14.7309 12.4900 10.7703 18.9737 19.4422 18.9209 18.3303 19.3907 18.6548 16.4924 19.2354 20.0499 18.5472 18.8680 16.3095 17.9444 17.6635 16.7332 19.5959 21.2603 20.8806 15.8114 20.1494 19.0263 19.0263 19.3391 18.2757 19.7990 17.7200 20.5913 20.0998 20.1494 21.2603 18.9737 19.2873 20.8806 18.7083 17.9444 17.9444 20.2978 19.4422 17.2047 18.1659 18.8149 17.2047 17.5499 19.7484 18.4391 18.6011 16.9115 18.1659 17.8885 18.6548 17.6068 15.6205 16.6132 17.1464 19.7484 19.4422 17.7200 18.0000 15.9374 17.2627 12.0830 9.3808 11.1355 11.2250 11.4891 12.6886 13.7113 11.3578 12.9615 11.9164 13.8564 10.3923 10.4881 10.0995 10.4881 8.7178 12.6491 10.0000 12.4900 11.1355 11.0454 9.0554 10.4881 10.9545 12.4097 13.2665 14.3527 11.1355 8.8882 12.9615
20.4450 19.7484 20.9762 19.0788 22.1811 22.3159 21.2132 22.0454 21.6333 20.3470 21.3542 21.9089 20.5426 21.1660 21.0713 20.6882 21.0713 20.2485 20.5913 21.8174 20.8806 23.1084 21.2132 21.8174 20.1494 19.5448 20.9762 21.6795 21.4942 21.5870 8.1854 11.1355 0.0000 10.5830 8.4853 11.3578 10.3441 12.4499 14.1421 10.8167 13.4907 10.6771 9.1104 9.6954 8.7750 12.1244 11.7898 11.4018 9.6954 9.8489 10.4403 9.0000 7.3485 11.1803 13.3417 10.2956 8.4261 11.8743 12.0830 10.1980 18.7083 19.8494 18.8680 17.6635 20.0998 18.0000 16.3095 19.4936 20.4450 18.0000 18.2209 17.7200 16.6132 17.3781 16.5529 19.1833 19.3907 19.4422 14.6287 18.4391 19.8997 18.3848 17.1464 17.7764 18.8149 18.0555 18.9209 18.4932 19.7990 21.4009 18.3303 18.8680 20.5913 19.3907 16.7332 17.4929 19.4936 18.9737 17.3205 17.6068 17.7764 17.7200 17.5499 19.7484 18.1659 17.4929 16.7929 17.6635 17.2627 18.6011 16.7929 17.4929 17.5499 16.1245 17.6635 18.7617 17.4929 18.2757 15.6205 17.6068 9.7980 9.0554 8.7178 11.2250 8.0000 9.7468 10.5830 11.6190 7.7460 10.4881 11.0454 10.4881 9.6954 11.4891 9.1652 11.1355 10.1980 10.2956 10.0995 13.0384 9.2736 10.0000 13.1909 10.5830 9.7980 13.7113 11.1355 8.9443 11.9583 10.8628
19.2873 18.1659 19.9499 17.6068 20.6882 20.8327 19.4422 21.1660 20.2978 18.5472 18.8149 21.7256 19.2873 19.8997 19.1311 18.8680 18.3848 18.5472 19.8494 19.8494 19.5448 21.3542 17.5499 20.3961 18.2209 18.5472 18.7083 19.1311 20.0000 20.2978 7.6811 10.7703 10.5830 0.0000 8.3666 9.3274 9.2195 7.8102 8.3666 7.8102 10.0000 9.1652 9.5394 8.7178 8.0623 9.5394 7.0000 8.1240 7.8740 7.4162 8.6603 10.2470 9.6954 11.1803 11.0454 8.2462 8.7750 8.5440 11.8322 9.2736 16.7332 17.2627 17.4929 15.4272 18.0555 16.7929 13.9284 16.8523 19.0263 15.2315 15.6205 13.7113 15.2971 17.1464 14.9666 18.1659 19.5959 17.9444 13.6382 17.9444 17.5499 16.3095 17.4356 17.3781 17.2627 14.8997 17.5499 16.5529 18.0555 18.8680 17.8885 17.8326 19.6977 16.8523 15.6205 16.7332 18.2209 17.1464 16.5529 16.7929 16.9706 14.9666 16.0624 17.6068 16.0000 16.4924 15.4919 15.7480 15.0997 16.9706 13.2665 15.4919 15.3623 13.5647 16.5529 16.6132 15.8114 16.8523 13.0384 14.5602 9.0554 10.7703 9.6954 10.5830 9.7980 9.2195 9.4868 10.1489 10.0000 10.4881 9.4868 9.3808 8.1240 11.0454 8.7178 7.3485 8.6023 8.0000 8.9443 10.4881 11.1355 9.3808 8.8318 9.4868 11.3137 11.7473 11.7473 10.3923 10.1489 10.0995
