0.0000 10.6263 6.7882 9.0960 8.3767 12.2393 8.5895 6.7634 7.0017 8.7635 3.9636 4.2733 5.9519 13.1221 7.7210 5.3540 7.0968 9.7458 9.9163 5.9048 10.5212 6.2970 15.7623 6.9385 5.6060 6.2405 9.9481 6.3098 6.8723 6.3178 24.2821 24.7602 22.8446 24.2458 23.7789 23.2294 22.6716 24.8077 23.8848 24.0562 23.1668 24.1871 24.5734 24.0116 23.2572 21.3635 24.2769 23.9049 24.1807 22.1946 22.9716 24.0856 22.9079 23.4728 23.9299 23.6779 22.4649 22.7155 24.2864 23.5933 19.7429 16.7544 18.3384 19.7150 18.0860 15.6697 19.5716 17.9611 15.3867 21.7513 18.5032 18.5534 23.6629 22.9439 17.1271 14.1248 19.4147 20.2639 19.6280 18.1936 14.3224 18.8947 21.4649 18.6756 18.7737 17.2355 17.5777 18.8975 21.1931 16.9542 14.8092 16.3801 22.7416 22.2635 21.2363 16.8229 13.6069 13.2715 21.4461 13.0538 17.6607 20.1479 18.2161 21.9067 19.6010 17.6730 19.4969 19.7971 12.0316 22.0954 20.7581 14.4437 22.2280 18.5255 20.9623 13.4827 19.3959 21.6078 21.2847 22.1587 23.1209 24.2716 24.0356 24.0208 23.8760 23.6100 23.9015 24.0213 24.5659 23.2086 23.4364 24.8269 24.7825 22.9754 22.7009 24.4365 24.5718 24.3216 24.0047 23.7859 24.3795 24.7011 22.7208 22.6787 22.8502 24.5410 23.1107 24.3513 23.1335 24.5037
10.6263 0.0000 7.4069 7.5708 7.6941 8.4503 4.9556 6.7900 6.2531 6.4136 10.2068 11.3614 11.6174 7.1799 7.7954 7.0830 6.6710 7.1891 8.4972 7.5080 5.3521 7.9923 11.4216 6.2770 7.1319 8.7255 10.2511 9.0241 10.1235 8.8933 20.2801 20.7470 18.7860 20.1915 19.6438 19.1443 18.7031 20.8112 19.8486 20.0750 19.3014 20.1907 20.5830 19.9424 19.2981 17.3409 20.2583 19.9954 20.1204 18.3262 18.7835 20.1343 18.8193 19.5985 19.9686 19.6135 18.0904 18.6042 20.2977 19.5431 15.9737 12.5884 14.4294 15.9552 14.4891 13.0923 15.2923 13.8321 11.4296 17.7700 14.9603 14.3337 19.5645 18.9247 13.8186 10.0088 15.3658 16.1988 15.3386 14.2251 12.6052 14.8092 17.6609 15.0835 14.4614 12.6657 13.7425 14.2507 17.2364 13.2662 11.0481 11.3757 18.5457 17.9477 16.7910 11.8740 7.8112 10.1120 16.7366 9.5816 13.1478 15.3112 12.5061 17.5468 14.9567 13.3165 15.0295 15.5507 9.2560 17.8370 16.1924 8.7312 17.6673 13.0734 16.1661 8.4948 14.3734 17.2006 16.5785 17.4511 18.9486 20.2751 19.9879 20.0451 19.9750 19.5283 19.8533 19.9787 20.5745 18.9128 19.5048 20.8729 20.7622 18.8707 18.6372 20.4234 20.6342 20.2774 20.0097 19.7335 20.3282 20.6680 18.8456 18.5975 18.6706 20.6547 19.0378 20.3461 19.1687 20.5369
6.7882 7.4069 0.0000 5.9880 5.0720 8.9809 5.4166 4.8621 4.8690 5.8547 6.0149 7.2247 7.3670 8.6618 5.9145 4.8559 3.8875 6.8130 6.9451 6.2416 6.4904 5.0437 12.5629 5.3505 5.1724 5.5784 8.1820 6.4342 6.7114 7.3483 21.7278 22.2106 20.2377 21.6753 21.1661 20.5795 20.0743 22.2682 21.3194 21.5093 20.6191 21.6364 22.0430 21.4230 20.7018 18.6633 21.7273 21.3493 21.6102 19.6511 20.3192 21.5408 20.2969 20.9290 21.3845 21.0798 19.6994 20.0665 21.7456 20.9753 17.0311 13.7665 15.4244 16.9248 15.2865 13.0207 16.5502 14.9057 12.2798 19.0415 15.8853 15.7023 21.0588 20.2918 14.4097 10.8145 16.5702 17.5081 16.7278 15.3415 12.0991 15.9822 18.7874 15.8978 15.8698 14.1759 14.6424 15.8383 18.4307 14.1546 11.4944 13.1980 20.0668 19.4982 18.3824 13.4100 9.3972 9.9445 18.4456 10.5805 14.4924 17.1271 14.7105 19.0788 16.4693 14.7004 16.5697 17.0114 9.3092 19.3041 17.8811 11.0390 19.3769 15.1439 17.9280 9.9348 16.2180 18.7726 18.2892 19.2278 20.4579 21.7244 21.4619 21.4786 21.3461 20.9881 21.3265 21.4545 22.0320 20.4938 20.9094 22.3049 22.2332 20.3356 20.0880 21.8786 22.0506 21.7595 21.4400 21.1815 21.8116 22.1464 20.1124 20.0507 20.1998 22.0361 20.5083 21.7966 20.5938 21.9868
9.0960 7.5708 5.9880 0.0000 4.8406 8.9597 6.4292 7.5083 7.0844 6.0097 8.9010 9.9559 9.3411 7.6521 7.8140 7.1455 6.8184 6.4075 8.3920 8.2061 5.7427 8.1289 12.1330 6.9388 6.7776 5.7520 9.7416 9.1913 9.2457 9.4544 21.2859 21.7545 19.7680 21.2083 20.6915 20.0800 19.6442 21.8048 20.8403 21.0426 20.2320 21.1502 21.5774 20.9523 20.3201 18.1762 21.2689 20.9258 21.1457 19.2622 19.8326 21.0596 19.9049 20.4394 20.9136 20.6232 19.2021 19.6105 21.3024 20.5294 16.6586 13.2313 14.9554 16.8164 14.7842 12.8314 16.0563 14.4457 12.0368 18.6852 15.7273 15.3749 20.5669 19.8591 14.3243 10.5856 16.1376 17.0944 16.2199 14.9114 12.4847 15.7410 18.1558 15.4132 15.3175 13.7509 14.1954 15.2576 17.7985 14.0668 10.9806 12.9260 19.5745 19.0244 17.8300 12.8486 9.2143 9.1241 17.8786 11.6441 14.0495 16.5281 14.1056 18.4488 15.8579 14.1877 16.2334 16.5343 9.9429 18.7798 17.2493 10.6209 18.8233 14.4169 17.3357 10.0698 15.6259 18.2467 17.7022 18.6650 19.9916 21.2503 20.9781 21.0796 20.9202 20.5718 20.8349 20.9763 21.5668 20.0028 20.4581 21.8639 21.7785 19.9102 19.6899 21.4278 21.6118 21.2890 20.9452 20.7136 21.3299 21.6723 19.6047 19.6198 19.7253 21.5568 20.0793 21.3374 20.1582 21.5107
8.3767 7.6941 5.0720 4.8406 0.0000 9.3179 6.0164 6.9735 6.1277 6.0456 8.0890 8.9683 9.0999 8.2013 7.2803 6.5269 6.6351 6.5714 8.4839 7.3594 5.9422 7.5146 12.2342 6.6156 5.9934 6.1577 9.2071 8.2045 8.7687 8.9681 21.5184 21.9846 20.0365 21.4614 20.9541 20.3361 19.8437 22.0428 21.1072 21.2808 20.3965 21.4024 21.8249 21.2141 20.5021 18.4317 21.5214 21.1291 21.4054 19.4619 20.1353 21.3099 20.1209 20.6992 21.1457 20.8655 19.4915 19.8610 21.5318 20.7665 16.7736 13.6478 15.1782 16.8444 15.1665 12.7064 16.3477 14.6417 12.3628 18.8840 15.7959 15.5851 20.8310 20.0641 14.4979 10.7811 16.2741 17.3640 16.5001 15.1078 12.4307 15.9063 18.4418 15.6583 15.6216 14.0451 14.4662 15.6204 18.0883 14.1710 11.4997 13.1612 19.8474 19.2989 18.1336 13.0843 9.4588 9.7355 18.1604 11.5616 14.3322 16.8427 14.4230 18.7892 16.2307 14.4837 16.4005 16.8520 9.7354 19.0882 17.5835 11.0522 19.1119 14.8226 17.6379 10.2430 15.9759 18.5618 18.0242 18.9584 20.2484 21.5173 21.2382 21.2731 21.1199 20.7924 21.1168 21.2297 21.8044 20.2599 20.7028 22.0754 22.0142 20.1424 19.8905 21.6524 21.8170 21.5476 21.2100 20.9544 21.5936 21.9164 19.8850 19.8507 19.9720 21.7835 20.3301 21.5813 20.3888 21.7678
12.2393 8.4503 8.9809 8.9597 9.3179 0.0000 9.4398 9.1617 9.8404 8.6864 12.0521 12.9773 13.1131 6.2991 8.3137 10.1611 9.1691 8.8091 8.2964 10.1251 7.8094 9.8728 10.4589 10.0107 9.8478 9.8543 11.4179 10.1604 10.4947 11.6094 18.0278 18.4970 16.4239 17.9196 17.3191 16.8508 16.3921 18.5901 17.5724 17.8494 16.9601 17.9253 18.3608 17.6501 17.0026 14.9373 18.0013 17.6998 17.8561 16.0520 16.4279 17.9182 16.5302 17.4008 17.7265 17.3107 15.5448 16.2234 18.0130 17.2271 13.5166 9.6451 11.6943 13.3862 11.7708 11.0027 12.7606 11.4627 8.5400 15.4451 12.5392 12.2953 17.2611 16.5606 11.6983 8.9236 12.6604 13.8799 12.7479 11.8293 10.3900 12.2827 15.4956 13.2176 12.2192 10.3291 11.2267 11.4327 15.1177 10.7527 9.2129 9.2616 16.1387 15.6081 14.2190 8.3730 6.3985 8.1420 14.4130 10.1408 11.0594 12.4921 8.6519 15.0643 11.9926 10.8328 12.4979 12.9573 7.9348 15.4561 13.7196 7.1376 15.0597 9.4734 13.3809 5.6289 11.6763 14.5690 13.9283 14.7288 16.6439 18.0221 17.7105 17.8104 17.7215 17.2064 17.5912 17.7212 18.3265 16.4630 17.2837 18.6131 18.5332 16.5118 16.2915 18.1716 18.3964 18.0624 17.7354 17.4158 18.0797 18.4255 16.5304 16.2060 16.3287 18.4543 16.7274 18.1056 16.9036 18.2701
8.5895 4.9556 5.4166 6.4292 6.0164 9.4398 0.0000 5.5217 4.4517 5.7232 8.1551 9.2539 10.1545 7.6589 7.1867 5.2187 5.1287 6.7532 7.1562 6.1278 5.5323 6.8357 12.1283 3.7763 5.7788 6.8133 9.3116 7.6562 8.1881 6.8005 21.1742 21.6485 19.6843 21.1007 20.5815 20.0042 19.5465 21.6973 20.7489 20.9418 20.1509 21.0673 21.4809 20.8491 20.1991 18.1371 21.1655 20.8355 21.0383 19.1781 19.7372 20.9911 19.7543 20.3678 20.8352 20.5213 19.0945 19.5208 21.1999 20.4157 16.6733 13.3765 15.0628 16.7227 14.9917 13.0739 15.9903 14.4508 12.1545 18.5647 15.6862 15.1649 20.4746 19.7708 14.2165 10.3937 16.1187 17.0291 16.1650 14.8876 12.5828 15.6397 18.2191 15.5032 15.2949 13.5413 14.3239 15.2048 17.7905 13.9363 11.1174 12.4212 19.4850 18.8848 17.7645 12.8251 8.7786 9.8215 17.7533 10.0342 13.8321 16.4235 13.8935 18.3983 15.8413 14.0998 15.9291 16.5051 9.0530 18.7097 17.1614 9.9635 18.7095 14.3221 17.2116 9.2283 15.5314 18.1615 17.5825 18.5274 19.8680 21.1599 20.8888 20.9534 20.8250 20.4378 20.7390 20.8774 21.4746 19.8831 20.3772 21.7660 21.6582 19.7914 19.5651 21.3188 21.5143 21.1786 20.8692 20.6206 21.2357 21.5656 19.5865 19.5159 19.6077 21.5020 19.9601 21.2306 20.0576 21.4311
6.7634 6.7900 4.8621 7.5083 6.9735 9.1617 5.5217 0.0000 3.6930 6.0186 6.3292 7.5285 8.3378 9.1560 5.7315 4.5864 4.9088 7.8572 7.9150 4.9390 7.2141 4.5427 12.6117 4.6407 4.6086 6.7899 7.9209 5.2432 6.5914 5.9443 21.6454 22.1290 20.1736 21.5871 21.0657 20.5240 20.0517 22.1922 21.2357 21.4463 20.5820 21.5804 21.9556 21.3399 20.6199 18.6685 21.6305 21.3175 21.5116 19.6127 20.1936 21.4690 20.1889 20.9442 21.3173 21.0026 19.5841 19.9685 21.6618 20.9110 17.1127 13.7532 15.6028 16.9349 15.3388 13.4018 16.6343 15.0645 12.2088 18.9786 15.9706 15.6741 20.9789 20.2704 14.4168 11.0697 16.6530 17.4587 16.7559 15.4335 12.3875 15.9069 18.9388 16.2002 15.8454 14.0898 14.7505 15.7683 18.6006 14.1976 11.7069 12.9156 19.9770 19.4035 18.2854 13.5685 9.5352 10.6384 18.3973 9.5657 14.6077 17.0370 14.5482 19.1089 16.4509 14.6747 16.3941 16.8984 8.8006 19.2402 17.8054 10.6109 19.2751 15.0407 17.8632 9.4838 16.0743 18.6645 18.2550 19.1289 20.3689 21.6391 21.3784 21.3897 21.3155 20.8869 21.2428 21.3714 21.9472 20.4013 20.8486 22.2285 22.1489 20.2437 20.0026 21.7967 21.9795 21.6643 21.3863 21.1230 21.7185 22.0715 20.1037 19.9732 20.1191 21.9814 20.4029 21.7196 20.5173 21.9013
7.0017 6.2531 4.8690 7.0844 6.1277 9.8404 4.4517 3.6930 0.0000 5.9647 6.1277 7.6134 8.0841 9.2667 6.7034 4.2289 5.2832 7.8117 8.2320 4.3682 6.9131 5.2363 12.9093 4.0297 4.6660 6.5470 8.1639 5.9238 7.1436 5.7357 21.9081 22.3885 20.4345 21.8492 21.3365 20.7881 20.3125 22.4491 21.5001 21.7006 20.8733 21.8230 22.2202 21.6023 20.9009 18.9448 21.8983 21.5723 21.7764 19.9041 20.4866 21.7345 20.4705 21.1718 21.5850 21.2680 19.8764 20.2533 21.9316 21.1777 17.3553 14.1222 15.8541 17.3140 15.6881 13.4262 16.9009 15.3804 12.8457 19.2541 16.3385 15.9482 21.2413 20.5347 14.6979 11.3040 16.8813 17.8029 17.0259 15.7448 12.8704 16.2662 19.1086 16.3658 16.0834 14.3837 15.0747 16.1039 18.7499 14.5985 12.0024 13.2803 20.2478 19.7042 18.5752 13.8726 10.0907 10.9323 18.7001 10.1672 14.8285 17.3210 14.9418 19.3293 16.7891 14.9219 16.7092 17.2366 9.1082 19.5466 18.0401 10.9391 19.5584 15.3893 18.1483 9.9227 16.4494 18.9676 18.5288 19.4240 20.6357 21.9005 21.6430 21.6661 21.5758 21.1595 21.5021 21.6327 22.2129 20.6759 21.1126 22.4914 22.4080 20.5192 20.2922 22.0568 22.2449 21.9304 21.6324 21.3838 21.9809 22.3263 20.3765 20.2601 20.3821 22.2380 20.6804 21.9802 20.7870 22.1665
8.7635 6.4136 5.8547 6.0097 6.0456 8.6864 5.7232 6.0186 5.9647 0.0000 8.0777 9.3575 9.8605 7.0940 4.4900 5.6843 5.7800 3.8876 8.1204 6.7943 4.5214 6.1919 11.4819 5.1261 6.5009 5.9077 7.9306 7.3759 8.2578 7.7739 20.6847 21.1542 19.1982 20.6009 20.0656 19.5250 19.1097 21.2169 20.2463 20.4693 19.6877 20.5888 20.9834 20.3503 19.7136 17.6751 20.6589 20.3803 20.5307 18.7185 19.1987 20.5090 19.2529 19.9732 20.3592 20.0293 18.5312 18.9999 20.7096 19.9456 16.2351 12.7201 14.5797 16.1746 14.4414 12.8567 15.5709 14.0056 10.8123 18.1094 15.1121 14.6155 19.9688 19.2976 13.8696 9.9381 15.5852 16.4094 15.6831 14.4578 12.1414 15.0744 17.8795 15.1449 14.7107 13.0065 13.8369 14.6129 17.4816 13.3760 10.6723 11.9593 18.9424 18.3520 17.1780 12.1158 8.0837 9.5714 17.2018 10.0677 13.4678 15.8102 13.1524 17.9151 15.2369 13.4848 15.4406 15.8709 8.8114 18.1683 16.6206 9.2853 18.1345 13.6294 16.6461 8.9983 14.7604 17.6027 17.0452 17.9471 19.3714 20.6554 20.3932 20.4633 20.3668 19.9420 20.2538 20.3858 20.9766 19.3552 19.9037 21.2709 21.1709 19.2999 19.0562 20.8291 21.0336 20.6857 20.3886 20.1424 20.7317 21.0758 19.1476 19.0016 19.1016 21.0214 19.4546 20.7491 19.5827 20.9340
3.9636 10.2068 6.0149 8.9010 8.0890 12.0521 8.1551 6.3292 6.1277 8.0777 0.0000 4.3764 5.1730 12.6951 7.2128 4.7585 6.1141 9.2170 9.1881 5.6661 9.9607 5.3634 15.5068 6.6341 5.0721 5.9567 9.1982 6.0748 5.8827 6.4416 24.1004 24.5797 22.6700 24.0658 23.5970 23.0496 22.4882 24.6320 23.6979 23.8855 22.9997 24.0052 24.4017 23.8265 23.0841 21.2132 24.0998 23.7217 24.0004 22.0408 22.7817 23.9195 22.7237 23.2955 23.7717 23.5059 22.2727 22.5360 24.1236 23.4159 19.5434 16.5036 18.1172 19.4674 17.8785 15.5088 19.3246 17.7772 15.0544 21.5436 18.2787 18.3068 23.4781 22.7415 16.8312 13.8291 19.2100 20.0516 19.4106 18.0243 14.1532 18.6480 21.2735 18.4608 18.5580 16.9876 17.3582 18.6989 20.9925 16.7520 14.4182 16.1024 22.5450 22.0741 21.0368 16.5796 13.3660 13.1458 21.2310 12.6503 17.4408 19.9158 17.9644 21.6864 19.3731 17.4626 19.2639 19.5894 11.5009 21.8888 20.5490 14.1018 22.0259 18.2928 20.7410 13.1342 19.1546 21.3891 21.0629 21.9493 22.9223 24.0872 23.8616 23.8431 23.6968 23.4128 23.7093 23.8478 24.3934 23.0148 23.2664 24.6563 24.5978 22.7936 22.5157 24.2543 24.4017 24.1315 23.8261 23.6065 24.1952 24.5166 22.5508 22.4958 22.6595 24.3792 22.9261 24.1718 22.9565 24.3324
4.2733 11.3614 7.2247 9.9559 8.9683 12.9773 9.2539 7.5285 7.6134 9.3575 4.3764 0.0000 6.3097 13.6521 8.3458 6.0354 7.4425 9.8586 10.0198 6.8910 10.9232 6.4475 16.2476 7.8448 6.2544 6.9880 10.2774 6.8615 6.7556 6.2818 24.6709 25.1447 23.2535 24.6373 24.1788 23.6312 23.0637 25.1938 24.2796 24.4470 23.5625 24.5831 24.9647 24.4067 23.6456 21.7876 24.6676 24.2815 24.5740 22.5939 23.3944 24.4784 23.3091 23.8589 24.3230 24.0766 22.8868 23.1273 24.6799 23.9907 20.1465 17.2885 18.7672 20.0875 18.5994 16.1551 20.0086 18.4064 15.8446 22.1742 18.9086 18.9738 24.0622 23.3336 17.5248 14.6112 19.8378 20.6928 20.0759 18.6648 14.7078 19.3328 21.8691 19.0566 19.2289 17.6878 18.0646 19.3783 21.5993 17.3864 15.2896 16.9054 23.1542 22.6915 21.6752 17.3082 14.1992 13.8001 21.8769 13.5999 18.1256 20.6129 18.7248 22.3251 20.0820 18.1900 19.9587 20.2889 12.5565 22.5168 21.2177 15.0383 22.6595 19.0424 21.4104 14.1062 19.8708 22.0521 21.7235 22.5957 23.5303 24.6629 24.4365 24.4057 24.2599 24.0077 24.3071 24.4197 24.9605 23.6190 23.8457 25.2088 25.1694 23.3831 23.1076 24.8215 24.9520 24.7175 24.4037 24.1847 24.7729 25.0893 23.1387 23.0889 23.2575 24.9249 23.5188 24.7432 23.5382 24.9037
5.9519 11.6174 7.3670 9.3411 9.0999 13.1131 10.1545 8.3378 8.0841 9.8605 5.1730 6.3097 0.0000 14.1141 9.1290 7.2320 7.9207 10.4269 10.3176 7.8694 11.2932 6.8144 16.6622 8.5894 6.9263 7.4374 10.4660 7.8192 7.4419 9.6190 25.0185 25.4889 23.6107 24.9884 24.5393 23.9786 23.4147 25.5386 24.6289 24.7957 23.8890 24.9265 25.3078 24.7580 23.9956 22.1389 25.0181 24.6238 24.9267 22.9480 23.7515 24.8133 23.6761 24.1985 24.6655 24.4279 23.2567 23.4808 25.0282 24.3472 20.4550 17.6087 19.0770 20.4355 18.8684 16.4001 20.3860 18.7697 16.2435 22.5211 19.2091 19.4147 24.4112 23.6744 17.8917 15.1048 20.1859 21.0705 20.4383 19.0029 14.9590 19.6626 22.1829 19.4440 19.6144 18.1251 18.3668 19.7854 21.9352 17.7809 15.7019 17.4379 23.5151 23.0680 22.0405 17.7351 14.6818 14.1220 22.2630 14.4492 18.5507 20.9957 19.1843 22.6822 20.4499 18.5849 20.4076 20.6144 13.2640 22.8890 21.5935 15.6310 23.0361 19.4798 21.7964 14.7160 20.2801 22.4143 22.1112 22.9826 23.8843 25.0068 24.7824 24.7547 24.5989 24.3580 24.6507 24.7668 25.2996 23.9829 24.1927 25.5514 25.5119 23.7407 23.4500 25.1654 25.2890 25.0597 24.7442 24.5336 25.1154 25.4345 23.4605 23.4423 23.6142 25.2557 23.8713 25.0872 23.8821 25.2412
13.1221 7.1799 8.6618 7.6521 8.2013 6.2991 7.6589 9.1560 9.2667 7.0940 12.6951 13.6521 14.1141 0.0000 8.5162 9.9643 8.6747 7.3025 8.8750 10.4961 5.1053 10.2573 9.2956 9.1284 10.4116 9.6925 11.1188 10.9143 11.4090 11.1624 18.2736 18.7370 16.7348 18.1522 17.5641 17.0420 16.7247 18.8039 17.8226 18.0829 17.3655 18.1881 18.5940 17.8800 17.3558 15.2268 18.2383 17.9809 18.0811 16.4173 16.6665 18.1304 16.8194 17.6111 17.9757 17.5637 15.8182 16.5126 18.2947 17.4632 14.0245 10.2302 12.1398 13.9477 12.2207 11.3541 12.7986 11.4608 8.9178 15.6552 13.2494 12.3219 17.4964 16.8260 11.9039 8.1737 13.1550 14.0961 13.0343 12.1133 11.4410 12.6489 15.5276 13.0941 12.2461 10.4247 11.4383 11.6513 15.0569 11.3216 8.6765 9.3229 16.4009 15.7310 14.4374 8.8839 3.9154 7.5489 14.2496 9.8000 10.7021 12.8299 9.1487 15.2089 12.1751 11.0380 12.7526 13.3996 8.2189 15.5082 13.9036 6.6341 15.3034 9.8450 13.5812 5.9154 11.6063 14.8744 14.0522 14.9662 16.8642 18.2556 17.9521 18.1065 18.0417 17.4824 17.8323 17.9680 18.5895 16.7183 17.5720 18.8906 18.7582 16.8055 16.6522 18.4136 18.6767 18.2807 17.9826 17.6661 18.2927 18.6534 16.7653 16.5492 16.6127 18.6991 17.0184 18.3437 17.2617 18.5627
7.7210 7.7954 5.9145 7.8140 7.2803 8.3137 7.1867 5.7315 6.7034 4.4900 7.2128 8.3458 9.1290 8.5162 0.0000 5.6700 5.6309 5.6476 7.7524 6.6229 6.6092 5.4018 11.8720 6.1257 6.1703 6.2811 8.0438 6.3804 7.0953 7.5410 20.9650 21.4488 19.4684 20.8974 20.3627 19.8524 19.3492 21.5096 20.5291 20.7637 19.9010 20.8861 21.2716 20.6425 19.9463 17.9867 20.9457 20.6404 20.8252 18.8731 19.4874 20.8136 19.5031 20.2333 20.6469 20.3192 18.8550 19.2966 20.9779 20.2394 16.4641 12.9641 14.8852 16.3554 14.7591 13.2011 15.9842 14.4202 11.0283 18.3820 15.1683 14.9061 20.2733 19.5828 13.9941 10.4722 15.9165 16.6794 15.9947 14.7828 11.6822 15.3288 18.3068 15.5131 15.1564 13.4186 14.1066 14.9929 17.9852 13.4100 11.3041 12.3316 19.2609 18.6746 17.5813 12.5360 8.6451 10.1268 17.5863 9.8137 13.9336 16.2140 13.5911 18.3209 15.6707 13.9250 15.7459 16.1387 8.8056 18.5137 17.0687 9.9646 18.5021 14.0814 17.0549 9.2333 15.1826 17.9477 17.4490 18.3125 19.6719 20.9486 20.6888 20.7156 20.6093 20.2387 20.5432 20.6844 21.2595 19.6727 20.1449 21.5490 21.4637 19.5779 19.2956 21.1232 21.3087 20.9785 20.7019 20.4291 21.0356 21.3721 19.4457 19.2489 19.3980 21.3117 19.7302 21.0376 19.8418 21.2121
5.3540 7.0830 4.8559 7.1455 6.5269 10.1611 5.2187 4.5864 4.2289 5.6843 4.7585 6.0354 7.2320 9.9643 5.6700 0.0000 3.8270 6.8782 7.1507 4.1425 7.1955 4.3590 13.4924 3.9243 4.2084 5.0013 8.3742 5.2992 5.8092 5.3051 22.3747 22.8514 20.8993 22.3207 21.8158 21.2668 20.7569 22.9105 21.9589 22.1563 21.2996 22.2791 22.6751 22.0752 21.3496 19.4000 22.3652 22.0195 22.2508 20.3138 20.9796 22.1925 20.9462 21.6009 22.0376 21.7355 20.3921 20.7364 22.3905 21.6482 17.8237 14.5764 16.2921 17.7072 16.1085 13.9544 17.4057 15.7896 12.9773 19.7663 16.5954 16.3804 21.7146 20.9893 15.1369 11.6435 17.3532 18.2037 17.5084 16.1330 12.7606 16.7780 19.5511 16.7393 16.6152 14.8906 15.5138 16.6363 19.1924 14.9172 12.4592 13.8914 20.7313 20.1995 19.1065 14.3894 10.6406 11.1644 19.2270 10.6944 15.3513 17.8780 15.6121 19.7983 17.3338 15.4254 17.2843 17.7122 9.7571 20.0207 18.5858 11.5533 20.0928 16.0085 18.7112 10.7251 17.0081 19.4942 19.0612 19.9691 21.1290 22.3629 22.1120 22.1160 21.9977 21.6535 21.9708 22.0989 22.6680 21.1769 21.5545 22.9418 22.8728 21.0053 20.7485 22.5253 22.6934 22.3953 22.0929 21.8472 22.4548 22.7886 20.8289 20.7220 20.8637 22.6755 21.1629 22.4438 21.2383 22.6162
7.0968 6.6710 3.8875 6.8184 6.6351 9.1691 5.1287 4.9088 5.2832 5.7800 6.1141 7.4425 7.9207 8.6747 5.6309 3.8270 0.0000 6.4421 5.8214 5.9892 6.4448 4.4038 12.6576 4.7024 5.2205 6.0144 8.5345 6.0357 6.2501 7.1241 21.6136 22.0938 20.1322 21.5531 21.0385 20.4828 19.9930 22.1527 21.1937 21.4026 20.5586 21.5254 21.9254 21.2995 20.6060 18.6073 21.6052 21.2563 21.4850 19.5599 20.1917 21.4424 20.1887 20.8308 21.2891 20.9699 19.5649 19.9638 21.6370 20.8722 17.0551 13.7337 15.4330 16.9198 15.2460 13.3441 16.4843 14.9273 12.0173 18.9887 15.8621 15.5781 20.9373 20.1971 14.4334 10.8095 16.5383 17.3677 16.6464 15.3575 12.1829 15.9432 18.7600 15.8857 15.8104 14.0488 14.6626 15.7170 18.3805 14.1330 11.5181 13.0521 19.9373 19.3765 18.2627 13.3445 9.3283 10.1863 18.3077 10.2997 14.4222 16.9884 14.5442 18.9519 16.3708 14.6056 16.4767 16.8933 9.5762 19.1720 17.7560 10.7498 19.2390 14.9803 17.7883 9.8902 16.0377 18.6474 18.1430 19.0759 20.3395 21.5972 21.3474 21.3710 21.2474 20.8866 21.2060 21.3385 21.9160 20.3686 20.8158 22.1967 22.1106 20.2357 19.9947 21.7698 21.9481 21.6304 21.3241 21.0757 21.6871 22.0256 20.0394 19.9485 20.0811 21.9373 20.4013 21.6832 20.4991 21.8709
9.7458 7.1891 6.8130 6.4075 6.5714 8.8091 6.7532 7.8572 7.8117 3.8876 9.2170 9.8586 10.4269 7.3025 5.6476 6.8782 6.4421 0.0000 8.0101 8.1768 4.3376 7.1407 11.7359 7.0322 7.2649 6.5005 9.2211 8.4403 8.7599 9.4673 20.7279 21.1863 19.2475 20.6469 20.1190 19.5728 19.1320 21.2501 20.2851 20.5054 19.7188 20.6119 21.0264 20.3971 19.7552 17.7267 20.7107 20.3884 20.5866 18.7435 19.2899 20.5577 19.3332 19.9634 20.3946 20.0753 18.6067 19.0742 20.7495 19.9969 16.2706 12.9019 14.5778 16.2589 14.6085 13.0801 15.6422 14.0404 10.9103 18.2443 15.0865 14.7055 20.0149 19.3075 14.1028 10.1295 15.5909 16.4484 15.7375 14.5029 12.2241 15.2410 17.8719 15.0768 14.8672 13.1940 13.9264 14.7186 17.4645 13.4630 10.9981 12.3194 19.0032 18.4386 17.2505 12.0925 8.3119 9.6220 17.2079 11.1131 13.5710 15.8760 13.2518 17.8914 15.3313 13.6503 15.6562 16.0004 9.9007 18.2254 16.7095 9.8395 18.1815 13.6956 16.6984 9.7947 14.8531 17.6963 17.0667 17.9856 19.4398 20.7001 20.4374 20.4982 20.3683 20.0144 20.3055 20.4322 21.0130 19.4005 19.9409 21.2928 21.2050 19.3722 19.1119 20.8648 21.0541 20.7342 20.4173 20.1690 20.7814 21.1030 19.2018 19.0560 19.1535 21.0461 19.5315 20.7916 19.6334 20.9699
9.9163 8.4972 6.9451 8.3920 8.4839 8.2964 7.1562 7.9150 8.2320 8.1204 9.1881 10.0198 10.3176 8.8750 7.7524 7.1507 5.8214 8.0101 0.0000 8.7341 7.8000 7.2963 13.0834 7.5519 7.7715 7.9489 10.4583 7.7834 6.8576 9.8056 20.6241 21.0805 19.1407 20.5478 20.0289 19.4671 18.9860 21.1532 20.2003 20.4131 19.5436 20.5284 20.9430 20.2922 19.6213 17.5870 20.6169 20.2510 20.4942 18.6213 19.2170 20.4579 19.2378 19.8461 20.2947 19.9567 18.4841 18.9532 20.6376 19.8435 16.1157 12.8507 14.4379 15.9632 14.2779 12.9650 15.4431 14.0801 11.0549 18.0411 14.9527 14.9415 19.9140 19.1608 13.9138 10.7673 15.4441 16.4942 15.6079 14.4769 11.6059 15.0804 17.7912 15.2842 15.0322 13.1790 13.8940 14.6850 17.3304 13.3149 11.0669 12.4261 18.9145 18.3860 17.2153 12.0427 9.7229 9.8083 17.3483 11.1729 13.6075 15.8480 13.1366 17.8059 15.1412 13.6821 15.4444 15.9604 9.6221 18.1785 16.7125 10.3705 18.1128 13.6312 16.5717 9.2689 15.1004 17.5455 16.9887 17.8854 19.3411 20.5991 20.3508 20.4097 20.2409 19.8772 20.2086 20.3337 20.9112 19.2932 19.9108 21.1907 21.0915 19.2377 19.0078 20.7644 20.9360 20.6380 20.3164 20.0590 20.6860 21.0111 19.0351 18.9381 19.0707 20.9502 19.4394 20.6789 19.5491 20.8824
5.9048 7.5080 6.2416 8.2061 7.3594 10.1251 6.1278 4.9390 4.3682 6.7943 5.6661 6.8910 7.8694 10.4961 6.6229 4.1425 5.9892 8.1768 8.7341 0.0000 7.9301 4.8715 13.5774 4.7456 4.4460 5.6945 8.5306 5.5270 6.5683 5.8153 22.4932 22.9661 21.0179 22.4430 21.9318 21.3995 20.8848 23.0320 22.0910 22.2861 21.4014 22.3959 22.7946 22.2029 21.4494 19.5517 22.4846 22.1428 22.3708 20.4391 21.0967 22.3100 21.0554 21.7672 22.1494 21.8541 20.5186 20.8543 22.4937 21.7799 17.9248 14.7752 16.4574 17.8481 16.3011 13.9689 17.6429 16.0056 13.4769 19.8840 16.7630 16.5343 21.8439 21.1314 15.2657 12.0767 17.5083 18.3644 17.6853 16.3101 12.9810 16.8881 19.7423 16.9949 16.7825 15.0623 15.6955 16.7746 19.4552 15.0769 12.9827 14.0211 20.8660 20.3393 19.2447 14.6664 10.9425 11.5812 19.3991 10.7444 15.5660 18.0383 15.7509 20.0037 17.5665 15.6152 17.3964 17.8233 9.7411 20.2084 18.7203 11.7204 20.2238 16.1639 18.8836 10.7408 17.2017 19.6324 19.2480 20.1184 21.2572 22.4922 22.2205 22.2089 22.1193 21.7536 22.0967 22.2181 22.7787 21.3026 21.6443 23.0409 22.9937 21.0968 20.8540 22.6363 22.7913 22.5216 22.2142 21.9652 22.5753 22.9117 20.9870 20.8336 20.9859 22.7777 21.2570 22.5666 21.3285 22.7187
10.5212 5.3521 6.4904 5.7427 5.9422 7.8094 5.5323 7.2141 6.9131 4.5214 9.9607 10.9232 11.2932 5.1053 6.6092 7.1955 6.4448 4.3376 7.8000 7.9301 0.0000 7.8466 10.5727 6.7266 7.5489 6.9025 9.3134 8.8522 9.3303 9.3431 19.9444 20.4141 18.4192 19.8577 19.3091 18.7451 18.3006 20.4758 19.5037 19.7170 18.8988 19.8419 20.2605 19.6005 18.9391 16.8512 19.9259 19.6050 19.7908 17.9130 18.4537 19.7684 18.4825 19.1729 19.5990 19.2577 17.7216 18.2167 19.9593 19.1712 15.3950 11.9335 13.6505 15.3939 13.7840 12.1067 14.6819 13.0450 10.3481 17.3458 14.3174 13.7676 19.2177 18.4950 13.0516 9.0034 14.7247 15.6779 14.8126 13.5412 11.6088 14.2468 17.0324 14.2972 13.9049 12.0784 12.9655 13.7180 16.5931 12.5802 9.9952 11.0772 18.1787 17.5731 16.3440 11.0866 6.5758 8.5265 16.2649 10.0481 12.4407 14.9026 12.0196 17.0319 14.3500 12.7090 14.6358 15.1464 8.5262 17.3797 15.7662 8.4220 17.2778 12.5338 15.7205 8.1085 13.8524 16.7960 16.1283 17.0668 18.6009 19.9326 19.6425 19.7053 19.6000 19.1822 19.5153 19.6391 20.2427 18.5515 19.1507 20.5315 20.4356 18.5170 18.2693 20.0792 20.2862 19.9580 19.6442 19.3632 19.9970 20.3366 18.4010 18.2208 18.3065 20.2882 18.6945 20.0059 18.8277 20.2103
6.2970 7.9923 5.0437 8.1289 7.5146 9.8728 6.8357 4.5427 5.2363 6.1919 5.3634 6.4475 6.8144 10.2573 5.4018 4.3590 4.4038 7.1407 7.2963 4.8715 7.8466 0.0000 13.4418 5.2417 4.8648 6.4071 7.8574 4.6549 5.5213 6.9997 22.2634 22.7380 20.8119 22.2064 21.6963 21.1741 20.7000 22.8053 21.8571 22.0705 21.2168 22.1894 22.5656 21.9629 21.2444 19.3435 22.2466 21.9281 22.1317 20.2367 20.8478 22.0924 20.8384 21.5642 21.9463 21.6282 20.2505 20.6238 22.2742 21.5454 17.7629 14.4883 16.2371 17.5490 15.9254 13.9505 17.3405 15.8010 12.6257 19.6358 16.5130 16.3406 21.6118 20.8942 15.1129 11.7738 17.2832 18.0539 17.4552 16.1727 12.7099 16.5923 19.5920 16.7696 16.5842 14.8531 15.4359 16.4912 19.2636 14.7879 12.4889 13.8481 20.6165 20.0756 18.9907 14.3373 10.4718 11.3725 19.1168 10.5876 15.3329 17.7982 15.4490 19.7764 17.2029 15.3574 17.1727 17.5488 10.0270 19.9043 18.5331 11.6439 19.9775 15.8930 18.6109 10.6616 16.8333 19.3648 18.9734 19.8449 21.0259 22.2459 22.0039 22.0013 21.9159 21.5292 21.8735 21.9994 22.5566 21.0619 21.4688 22.8249 22.7600 20.8862 20.6525 22.4177 22.5839 22.2845 21.9910 21.7485 22.3367 22.6850 20.7503 20.6138 20.7800 22.5784 21.0400 22.3390 21.1524 22.5062
15.7623 11.4216 12.5629 12.1330 12.2342 10.4589 12.1283 12.6117 12.9093 11.4819 15.5068 16.2476 16.6622 9.2956 11.8720 13.4924 12.6576 11.7359 13.0834 13.5774 10.5727 13.4418 0.0000 12.8595 13.5696 13.3258 10.4736 14.2579 14.8435 14.3470 14.7197 15.1428 13.2333 14.5936 14.0154 13.4354 13.0399 15.2226 14.2569 14.5342 13.8387 14.6434 15.0171 14.3520 13.8015 11.8254 14.6880 14.4611 14.5323 12.9576 13.1984 14.5598 13.3507 14.1277 14.3758 14.0210 12.2819 13.1014 14.7205 13.8665 10.2479 8.9713 8.9159 11.1469 8.6620 9.6706 9.9992 7.5815 7.9986 12.2201 9.6114 8.3968 13.9301 13.2206 9.1916 6.8660 10.1516 9.8776 9.7805 8.4960 10.1520 9.4657 11.9689 9.6684 9.6898 8.1475 8.5782 8.8346 11.4295 8.4620 6.6536 8.7856 12.8861 11.7163 10.1326 12.0727 8.9700 6.2439 10.5892 7.0975 7.9844 10.4312 12.4739 11.4265 8.5938 7.4539 9.6394 10.3604 9.5644 11.5351 10.6512 11.0828 10.8592 10.0921 10.2936 10.5596 6.5694 10.5074 10.3599 11.0574 13.2836 14.7302 14.3356 14.4962 14.4818 13.9943 14.2629 14.3833 15.0186 12.9505 13.9309 15.2870 15.1774 13.1932 13.1771 14.8217 15.0777 14.6902 14.4177 14.1020 14.7186 15.0528 13.4275 13.1094 13.0776 15.0897 13.4863 14.7800 13.7382 14.9790
6.9385 6.2770 5.3505 6.9388 6.6156 10.0107 3.7763 4.6407 4.0297 5.1261 6.6341 7.8448 8.5894 9.1284 6.1257 3.9243 4.7024 7.0322 7.5519 4.7456 6.7266 5.2417 12.8595 0.0000 5.2057 6.1052 8.5092 6.1478 7.3669 6.0095 21.8165 22.2905 20.3463 21.7513 21.2351 20.6717 20.2151 22.3423 21.3967 21.5942 20.7868 21.7262 22.1103 21.5052 20.8270 18.8241 21.8020 21.4930 21.6825 19.8048 20.3867 21.6222 20.4018 21.0587 21.4714 21.1748 19.7878 20.1738 21.8345 21.0799 17.3239 14.0461 15.7836 17.3447 15.5728 13.5698 16.7964 15.2088 12.5866 19.2162 16.2621 15.8797 21.1298 20.4548 14.8784 11.2036 16.8236 17.6665 16.9153 15.6068 12.8204 16.2879 18.9692 16.2661 15.9878 14.2822 15.0527 15.9623 18.6114 14.5047 11.9137 13.2107 20.1513 19.5646 18.4781 13.7037 9.7987 10.6304 18.5546 10.3135 14.6710 17.2067 14.8157 19.2010 16.6256 14.7848 16.6505 17.1231 9.5677 19.4122 17.9108 10.7753 19.4464 15.2347 18.0166 10.0901 16.3048 18.8631 18.3911 19.2917 20.5394 21.7985 21.5336 21.5828 21.4752 21.0917 21.3931 21.5209 22.1038 20.5763 21.0224 22.3939 22.3017 20.4456 20.2073 21.9635 22.1406 21.8191 21.5284 21.2862 21.8786 22.2178 20.2371 20.1689 20.2836 22.1152 20.6074 21.8761 20.7048 22.0563
5.6060 7.1319 5.1724 6.7776 5.9934 9.8478 5.7788 4.6086 4.6660 6.5009 5.0721 6.2544 6.9263 10.4116 6.1703 4.2084 5.2205 7.2649 7.7715 4.4460 7.5489 4.8648 13.5696 5.2057 0.0000 5.4136 8.6422 5.6567 6.1794 6.7652 22.5106 22.9955 21.0115 22.4636 21.9579 21.4027 20.8432 23.0521 22.0922 22.2851 21.3784 22.4058 22.8185 22.2167 21.4591 19.4915 22.5060 22.1397 22.3969 20.3797 21.1179 22.3237 21.0749 21.7010 22.1565 21.8803 20.5569 20.8720 22.5183 21.7957 17.8142 14.6125 16.3333 17.8061 16.1678 13.9293 17.5803 15.8954 13.1938 19.9256 16.6254 16.4897 21.8554 21.1211 15.2234 11.8580 17.4408 18.3054 17.6074 16.2089 12.7159 16.8802 19.6224 16.7596 16.7279 15.0367 15.5752 16.7717 19.3391 14.9799 12.7014 14.0216 20.8831 20.3634 19.2689 14.5023 10.9378 11.0590 19.4013 10.9650 15.5402 18.0328 15.7982 19.9529 17.5241 15.5955 17.4629 17.8133 9.9934 20.1942 18.7250 11.8541 20.2533 16.1738 18.8865 10.9825 17.1971 19.6452 19.2413 20.1451 21.2687 22.4988 22.2404 22.2303 22.0978 21.7942 22.0998 22.2293 22.8004 21.3311 21.6406 23.0730 23.0211 21.1337 20.8567 22.6630 22.8145 22.5396 22.2190 21.9829 22.5993 22.9283 20.9324 20.8281 20.9788 22.7928 21.2792 22.5774 21.3217 22.7380
6.2405 8.7255 5.5784 5.7520 6.1577 9.8543 6.8133 6.7899 6.5470 5.9077 5.9567 6.9880 7.4374 9.6925 6.2811 5.0013 6.0144 6.5005 7.9489 5.6945 6.9025 6.4071 13.3258 6.1052 5.4136 0.0000 9.0929 7.1404 6.7691 7.3367 22.3774 22.8499 20.8775 22.3284 21.8257 21.2434 20.7107 22.9069 21.9532 22.1480 21.2582 22.2484 22.6769 22.0785 21.3535 19.3403 22.3777 21.9795 22.2677 20.2995 20.9958 22.1708 20.9851 21.5370 22.0121 21.7395 20.4182 20.7450 22.3898 21.6537 17.6895 14.4634 16.0886 17.7186 15.9577 13.6705 17.3469 15.5820 13.0426 19.7974 16.4872 16.3639 21.7053 20.9450 15.0731 11.6746 17.2509 18.1502 17.4260 15.9530 12.5964 16.7903 19.3506 16.5181 16.5813 14.9274 15.3375 16.5872 19.0478 14.8602 12.3692 14.0746 20.7426 20.2129 19.0923 14.2530 10.5390 10.4763 19.1948 11.7210 15.2753 17.8797 15.6368 19.6968 17.2781 15.3972 17.3804 17.7057 10.1892 20.0014 18.5520 11.8560 20.0902 15.9586 18.7001 11.0822 17.0375 19.4959 19.0323 19.9759 21.1395 22.3636 22.0963 22.1188 21.9605 21.6646 21.9578 22.0959 22.6626 21.1800 21.5085 22.9270 22.8757 21.0080 20.7440 22.5141 22.6703 22.4042 22.0646 21.8213 22.4580 22.7789 20.7683 20.7165 20.8637 22.6319 21.1697 22.4427 21.2135 22.5953
9.9481 10.2511 8.1820 9.7416 9.2071 11.4179 9.3116 7.9209 8.1639 7.9306 9.1982 10.2774 10.4660 11.1188 8.0438 8.3742 8.5345 9.2211 10.4583 8.5306 9.3134 7.8574 10.4736 8.5092 8.6422 9.0929 0.0000 8.6295 9.3364 9.6686 20.1278 20.5994 18.6945 20.0909 19.5853 18.9836 18.5141 20.6801 19.7210 19.9463 19.0662 20.0444 20.4510 19.8430 19.1260 17.2225 20.1323 19.8052 20.0177 18.1649 18.7068 19.9606 18.7250 19.4449 19.8245 19.5206 18.1453 18.5134 20.1657 19.3846 15.4023 12.7803 13.9576 15.4400 13.4193 11.6849 15.2155 13.5673 10.8693 17.3550 14.2223 14.0141 19.4693 18.6963 12.7704 9.6615 15.1017 15.6251 15.2852 13.8516 10.9745 14.2555 17.2477 14.5180 14.5332 12.9355 13.1869 14.5755 16.8620 12.6937 10.5100 12.2159 18.4663 17.7796 16.6056 14.5558 11.6110 9.5437 17.0413 8.8402 13.2699 16.0532 15.9781 17.4895 15.0115 13.1225 14.9332 15.4525 8.1289 17.5882 16.3095 12.4573 17.5729 15.0648 16.5100 11.5804 14.3336 16.8912 16.7959 17.6377 18.8257 20.1163 19.8424 19.8624 19.7734 19.3580 19.6775 19.8513 20.4189 18.8527 19.2839 20.6955 20.6078 18.7102 18.5198 20.2730 20.4512 20.1125 19.8199 19.6010 20.1931 20.5341 18.5629 18.4781 18.6204 20.4310 18.8910 20.1970 19.0023 20.3598
6.3098 9.0241 6.4342 9.1913 8.2045 10.1604 7.6562 5.2432 5.9238 7.3759 6.0748 6.8615 7.8192 10.9143 6.3804 5.2992 6.0357 8.4403 7.7834 5.5270 8.8522 4.6549 14.2579 6.1478 5.6567 7.1404 8.6295 0.0000 5.0084 7.1316 22.4858 22.9736 21.0056 22.4369 21.9304 21.4254 20.8941 23.0355 22.0780 22.2860 21.4172 22.4120 22.8046 22.1907 21.4414 19.5612 22.4704 22.1443 22.3598 20.4098 21.0962 22.3327 21.0397 21.7537 22.1723 21.8567 20.5047 20.8397 22.4966 21.7678 17.9752 14.7701 16.4944 17.7962 16.2247 14.1343 17.6528 16.1684 13.0714 19.8922 16.7405 16.5632 21.8450 21.1240 15.2210 12.1935 17.4933 18.3361 17.6950 16.4364 12.8444 16.8726 19.8246 16.9927 16.7930 15.1260 15.7745 16.8474 19.5029 15.0026 13.0178 14.0837 20.8560 20.3571 19.2658 14.6113 11.6330 11.7714 19.5093 11.1379 15.6940 18.0631 15.7967 20.0145 17.5392 15.6675 17.4355 17.8502 10.1097 20.2113 18.7923 12.0426 20.2361 16.2202 18.8994 10.9498 17.2151 19.6162 19.2623 20.1237 21.2608 22.4708 22.2355 22.2180 22.1241 21.7632 22.1016 22.2236 22.7931 21.3057 21.6897 23.0556 22.9939 21.1069 20.8547 22.6497 22.8120 22.5259 22.2194 21.9863 22.5756 22.9181 20.9884 20.8259 20.9847 22.8254 21.2551 22.5640 21.3534 22.7366
6.8723 10.1235 6.7114 9.2457 8.7687 10.4947 8.1881 6.5914 7.1436 8.2578 5.8827 6.7556 7.4419 11.4090 7.0953 5.8092 6.2501 8.7599 6.8576 6.5683 9.3303 5.5213 14.8435 7.3669 6.1794 6.7691 9.3364 5.0084 0.0000 7.6066 22.8957 23.3801 21.4195 22.8554 22.3621 21.8296 21.2627 23.4369 22.4766 22.6876 21.7767 22.7982 23.2177 22.6037 21.8591 19.9628 22.8931 22.5118 22.7883 20.8026 21.5296 22.7320 21.4829 22.0850 22.5722 22.2811 20.9807 21.2873 22.9138 22.1770 18.3226 15.1286 16.8307 18.1418 16.5164 14.5609 17.9740 16.5151 13.5974 20.2973 16.9946 17.0050 22.2549 21.4979 15.4697 12.7012 17.9143 18.7484 18.0819 16.7471 12.8284 17.2960 20.0712 17.3214 17.2906 15.5691 16.0528 17.3238 19.7553 15.3965 13.2296 14.6415 21.2903 20.7987 19.7385 15.1279 12.3305 11.8989 19.9595 11.8100 16.1249 18.5512 16.3671 20.3464 17.9686 16.1711 17.8962 18.2983 10.2359 20.6006 19.2419 12.6764 20.7001 16.7255 19.3628 11.4086 17.7804 20.0457 19.6936 20.5897 21.6770 22.8753 22.6405 22.6278 22.4815 22.1721 22.4799 22.6356 23.1964 21.7428 22.0603 23.4592 23.3923 21.5316 21.2686 23.0519 23.2033 22.9252 22.6067 22.3797 22.9868 23.3149 21.3304 21.2317 21.4068 23.2045 21.6744 22.9630 21.7382 23.1317
6.3178 8.8933 7.3483 9.4544 8.9681 11.6094 6.8005 5.9443 5.7357 7.7739 6.4416 6.2818 9.6190 11.1624 7.5410 5.3051 7.1241 9.4673 9.8056 5.8153 9.3431 6.9997 14.3470 6.0095 6.7652 7.3367 9.6686 7.1316 7.6066 0.0000 22.8938 23.3723 21.4462 22.8280 22.3348 21.8311 21.3568 23.4206 22.4829 22.6826 21.9126 22.8110 23.1917 22.5887 21.9254 20.0342 22.8724 22.5740 22.7547 20.9371 21.5001 22.7270 21.4864 22.1599 22.5834 22.2756 20.9418 21.3046 22.9166 22.1877 18.6195 15.4244 17.1902 18.5460 16.9774 14.9998 18.1119 16.7077 14.2419 20.3573 17.5543 17.1320 22.2402 21.5951 15.8718 12.8038 18.1625 18.9504 18.2199 16.9848 13.9956 17.5701 20.2140 17.5653 17.2950 15.6716 16.3798 17.3493 19.8659 15.8293 13.4320 14.6241 21.2844 20.7628 19.7241 15.3469 11.8829 12.4535 19.8626 11.1450 16.1312 18.5352 16.3460 20.4157 18.0424 16.2288 17.8804 18.4125 10.1876 20.6155 19.1951 12.3770 20.6675 16.7323 19.3391 11.4272 17.7243 20.0859 19.6806 20.5480 21.6725 22.8760 22.6369 22.6735 22.5789 22.1891 22.4907 22.6255 23.1998 21.7260 22.1031 23.4786 23.3853 21.5580 21.3413 23.0504 23.2379 22.9154 22.6288 22.3998 22.9654 23.3046 21.4112 21.2956 21.4222 23.2321 21.6935 22.9649 21.7934 23.1456
24.2821 20.2801 21.7278 21.2859 21.5184 18.0278 21.1742 21.6454 21.9081 20.6847 24.1004 24.6709 25.0185 18.2736 20.9650 22.3747 21.6136 20.7279 20.6241 22.4932 19.9444 22.2634 14.7197 21.8165 22.5106 22.3774 20.1278 22.4858 22.8957 22.8938 0.0000 0.7793 2.3214 0.7577 1.3255 1.9384 2.6308 0.8234 0.9971 0.6943 2.0591 0.7245 0.7325 0.8142 1.6815 4.6996 0.5257 0.8020 0.8476 3.3882 2.6385 0.8170 2.1454 1.6457 1.0157 1.2430 6.3574 2.7009 0.6924 1.4428 8.1982 11.0748 9.6332 6.5424 9.8314 11.4594 8.4163 9.8796 13.3235 3.5069 9.1224 9.2616 1.3089 2.3141 9.8219 13.4966 8.5446 7.8865 8.3312 9.3590 13.2304 9.0519 4.2976 7.3983 8.3369 10.6690 9.8595 9.5931 7.6688 10.4782 14.1148 13.2150 2.5531 7.0157 9.2260 15.6196 18.2393 15.5225 7.7886 16.9164 10.3553 10.0049 15.3005 7.2963 10.5227 11.3702 8.5853 8.1698 17.3405 7.1212 8.0775 16.3931 9.7289 12.8782 10.1015 16.9723 12.2778 9.7708 9.9527 9.6400 1.9974 0.5191 0.7892 0.8777 1.1418 1.2166 1.1247 0.7132 0.6928 4.3831 1.6471 0.9886 0.8739 2.1158 2.3783 0.5327 0.9683 0.7230 0.8811 0.9944 0.6716 0.9115 2.3459 2.6019 2.5970 1.3252 1.8804 0.3147 1.8158 0.7771
24.7602 20.7470 22.2106 21.7545 21.9846 18.4970 21.6485 22.1290 22.3885 21.1542 24.5797 25.1447 25.4889 18.7370 21.4488 22.8514 22.0938 21.1863 21.0805 22.9661 20.4141 22.7380 15.1428 22.2905 22.9955 22.8499 20.5994 22.9736 23.3801 23.3723 0.7793 0.0000 2.9775 1.0054 1.7600 2.2607 3.1138 0.4677 1.5074 1.0673 2.4964 0.9512 0.5146 1.2960 2.2644 5.1648 0.9469 1.2670 1.1637 4.0161 3.1214 0.9965 2.7512 2.2443 1.2830 1.6954 6.5831 3.2195 0.9354 1.8468 8.5290 11.5452 10.0453 7.0209 10.2317 11.9493 8.7382 10.2544 13.8078 4.0404 9.5071 9.7094 1.7473 2.6894 10.4345 14.0023 8.8796 8.1890 8.7148 9.7551 13.8177 9.4676 4.7402 7.9552 8.8997 11.1554 10.2738 9.9911 7.8609 10.9749 14.5416 13.6917 3.0105 7.1868 9.4454 16.0124 18.6936 16.0091 7.9579 17.3810 10.7241 10.3474 15.6534 7.5053 10.8724 11.7598 8.9502 8.4890 17.8539 7.3049 8.3686 16.8185 9.9470 13.2383 10.3764 17.4448 12.6489 10.0289 10.2068 9.8680 2.5283 0.9441 1.1322 1.3199 1.5198 1.6885 1.6078 1.1041 0.4752 4.5391 2.1588 0.5091 0.5087 2.6875 2.9923 0.5095 0.7443 0.9099 1.1266 1.3683 0.7650 0.6180 2.7736 3.1810 3.1344 1.0781 2.5265 0.7268 2.3828 0.8091
22.8446 18.7860 20.2377 19.7680 20.0365 16.4239 19.6843 20.1736 20.4345 19.1982 22.6700 23.2535 23.6107 16.7348 19.4684 20.8993 20.1322 19.2475 19.1407 21.0179 18.4192 20.8119 13.2333 20.3463 21.0115 20.8775 18.6945 21.0056 21.4195 21.4462 2.3214 2.9775 0.0000 2.2249 1.6276 1.8742 1.7871 3.0476 1.8524 2.2215 2.0532 2.3913 2.8452 1.8772 1.3929 2.9755 2.2561 2.1529 2.1412 1.9458 1.7841 2.4183 1.0961 1.9193 2.1500 1.5749 5.2507 1.3127 2.3197 1.7406 6.9315 9.4473 8.0196 5.2275 8.3074 10.0542 7.1875 8.3980 11.6743 2.5452 7.7320 7.6627 1.7472 2.0411 8.0813 11.8262 7.1845 6.6552 6.8225 7.8386 11.4593 7.5726 3.3975 5.8077 6.3507 8.8184 8.3766 8.0169 6.8092 8.7567 12.5879 11.6106 1.6857 6.1933 8.1529 14.2434 16.7369 13.7986 6.8750 15.4557 8.9888 8.5483 14.0158 6.2222 9.0347 9.8730 7.1976 6.9508 15.7240 6.2864 6.7993 14.9798 8.6351 11.4739 8.8658 15.4423 10.7429 8.5877 8.7551 8.4995 1.3728 2.3357 2.1513 2.2382 2.3616 1.8936 2.1130 2.0802 2.8444 3.7495 2.0596 3.1696 3.0809 1.0930 1.2217 2.6270 3.0351 2.6098 2.2711 1.9264 2.5355 2.9885 2.2355 1.2442 1.1711 3.2537 1.0302 2.4003 1.6383 2.7513
24.2458 20.1915 21.6753 21.2083 21.4614 17.9196 21.1007 21.5871 21.8492 20.6009 24.0658 24.6373 24.9884 18.1522 20.8974 22.3207 21.5531 20.6469 20.5478 22.4430 19.8577 22.2064 14.5936 21.7513 22.4636 22.3284 20.0909 22.4369 22.8554 22.8280 0.7577 1.0054 2.2249 0.0000 0.9132 1.6005 2.4946 1.1681 0.8800 0.7848 2.1511 0.9926 0.9633 0.4683 1.7618 4.3630 0.4313 1.1446 0.3366 3.3772 2.3132 0.8207 2.0167 1.9323 0.8735 1.0010 5.7832 2.3931 0.6485 1.1670 7.9236 10.8502 9.3496 6.4782 9.5925 11.4979 8.1047 9.6539 13.1539 3.5440 8.8957 9.0264 1.0473 2.1356 9.8859 13.3764 8.2159 7.5600 7.9994 9.1328 13.2161 8.8093 4.3499 7.4129 8.0990 10.3771 9.6285 9.2605 7.2926 10.2811 13.9435 13.0491 2.2822 6.5649 8.9261 15.4079 18.1191 15.4057 7.3405 16.8456 10.1178 9.6143 15.0577 6.8611 10.2011 11.1362 8.2813 7.8287 17.2581 6.6939 7.6727 16.2107 9.3633 12.5969 9.7281 16.8359 12.0400 9.4268 9.5735 9.2347 1.8617 0.7370 0.8101 1.3177 1.6044 1.3524 1.4851 0.7085 1.1049 3.8507 2.0093 1.3731 1.2788 2.0415 2.4268 0.8287 1.4300 1.1524 0.9166 0.9345 0.6148 1.1841 2.3784 2.4399 2.3561 1.7318 1.8353 0.7704 1.9752 1.2497
