0.0000 7.3162 8.5228 8.2543 5.6022 6.9658 9.4705 11.9547 7.6340 8.8345 8.5839 8.0170 8.4146 8.9765 10.0388 8.2192 6.5841 8.9320 12.6580 7.1684 11.4914 5.9741 11.3455 8.8024 8.5394 8.8959 8.9668 7.4564 7.7793 8.9531 27.0432 25.8881 28.5183 29.5845 25.6425 30.5668 27.4705 28.0420 27.7998 29.2185 26.3516 28.2320 28.1003 26.5880 26.3013 27.1151 27.5829 28.7672 28.3960 25.8998 29.0436 27.3384 26.5612 28.0700 28.1979 27.8328 26.2854 23.6795 29.2782 28.1789 16.2470 11.9988 13.2518 13.9213 15.3592 14.4488 14.9505 14.3474 11.1903 16.6315 15.0444 16.7525 16.9554 15.2676 15.0196 12.5509 12.8345 16.1315 17.2385 14.6035 10.2501 14.7181 14.4752 15.0333 13.9255 14.3673 12.7366 13.8713 15.7202 11.3823 16.2124 20.6005 18.8245 21.5929 22.5517 17.0057 21.6002 14.5309 14.5083 14.0016 17.4537 19.4817 19.8996 21.9432 19.5795 13.5546 14.9752 20.8858 15.2236 15.9457 22.0073 13.3975 21.4415 17.9448 16.7236 14.6242 16.3039 21.8762 16.0336 19.6899 23.1860 25.0391 21.3184 23.3598 22.4237 23.6382 24.2619 23.3087 25.2264 22.8212 22.0484 25.2546 24.8772 25.5834 21.2165 24.2096 24.9915 23.8273 24.7088 23.5205 21.5463 22.6365 23.1670 25.4615 23.5031 25.4408 24.4449 22.7681 25.7698 25.7852
7.3162 0.0000 5.7986 6.4946 5.3931 4.7714 7.0305 10.1080 6.1705 6.8853 6.7431 10.6142 7.7402 6.5544 6.5598 6.0349 4.8688 6.1297 10.1443 7.2752 8.7778 4.7364 9.1296 5.8682 6.1647 7.5078 8.0695 4.8950 8.1149 8.0933 28.0538 26.7959 29.3744 30.8337 26.1615 31.8595 28.4769 29.0428 28.8595 30.5042 27.1671 29.3175 29.1122 27.5245 27.2716 28.0031 28.2940 29.8993 29.5707 26.7553 30.1074 28.4341 27.2654 29.0442 29.5259 28.8722 27.3306 24.3380 30.2084 29.3612 13.6641 9.2006 10.5457 11.4380 12.0737 11.8607 12.0439 11.9559 8.7901 14.4178 12.3791 14.1233 14.8676 12.5866 12.0471 10.2275 10.5689 13.3069 14.6452 12.5440 7.8703 12.3616 12.3215 12.5542 11.2326 11.6222 10.0543 11.6661 13.2383 10.2364 14.4792 19.8914 18.7750 21.4703 22.1657 15.5962 22.3110 13.8209 12.8490 13.0452 16.6216 18.8562 18.9054 21.3422 19.2031 12.4531 12.8403 20.4817 15.1433 14.8726 21.4451 11.5816 21.1158 17.1937 15.8493 14.0580 15.1681 21.5458 14.1803 19.2303 22.8121 24.9149 20.3253 23.1151 21.5370 23.2627 23.6993 22.9383 24.8124 22.3903 21.1591 24.6391 24.6216 25.1215 20.9040 23.4939 24.8110 23.4069 24.0393 23.2546 20.6233 22.0617 22.3919 25.3961 22.9373 25.0966 24.0684 22.1387 25.6872 25.4296
8.5228 5.7986 0.0000 7.7257 6.2393 5.2379 4.4821 8.7375 5.0191 5.8690 6.3738 11.6340 11.1503 3.8474 7.2439 6.4229 6.3076 7.4461 7.3764 8.6290 5.8565 6.4515 7.0530 7.2339 6.2535 9.1624 7.9159 8.3467 10.1877 9.9683 28.1467 26.5470 29.3007 31.1398 25.7421 32.1428 28.5415 29.1795 28.9428 30.7858 27.2215 29.4065 29.1161 27.5598 27.3724 27.9864 27.9891 30.0932 29.8281 26.9184 30.2984 28.6753 27.1148 29.0658 29.9020 28.8996 27.3323 24.0989 30.0518 29.5534 10.7189 6.9331 7.8352 8.7668 9.3357 8.5443 9.3190 8.8264 7.4634 11.6094 9.6346 11.2660 12.4909 10.0846 9.3974 7.4489 8.5544 10.3475 11.6830 9.4963 8.2948 9.8174 9.6044 9.6348 8.8687 8.7797 7.4564 8.9606 10.5667 9.1668 12.4658 18.7374 18.3027 20.5519 20.9799 13.4719 22.2299 13.0400 10.6960 11.6572 15.5032 17.7784 17.3370 19.8503 17.6975 10.7336 10.2911 19.2581 14.5917 13.3681 20.0455 9.3632 19.7615 15.4758 14.2479 12.6520 13.5325 20.3682 11.6454 17.7339 21.8145 24.1495 18.7505 22.2706 20.1331 22.1964 22.5057 21.8856 23.7426 21.2733 20.0207 23.3106 23.8188 24.0888 19.9159 22.1990 24.0175 22.4421 22.9480 22.3077 19.1919 20.9157 21.0449 24.7024 21.8155 24.1154 23.1449 21.0909 24.7983 24.3803
8.2543 6.4946 7.7257 0.0000 6.0127 5.4178 8.9291 13.0095 9.0296 7.1566 8.0834 9.8042 7.0138 8.9088 8.5786 8.7484 7.6351 8.5633 11.6024 7.2238 11.3225 6.6704 10.2697 8.2816 7.1216 7.3527 10.1436 6.1895 8.8117 9.6118 29.8402 28.6427 30.9351 32.3178 28.1454 33.4895 30.1959 30.7720 30.5053 32.1847 28.6659 31.0562 30.9003 29.0751 28.8652 29.6303 30.1889 31.6126 31.1650 28.1599 31.7776 29.8775 29.1134 30.6404 31.1017 30.5863 29.3284 26.4234 32.0277 31.1921 15.1343 10.7741 12.1142 13.4936 13.9262 13.3394 14.1483 13.6037 10.1066 16.5824 14.4109 15.7801 16.4811 14.6252 13.2027 12.0741 11.5515 14.8369 16.8208 14.5521 7.8027 14.3392 13.8775 14.2540 13.3972 13.5533 11.9041 13.4504 15.3301 11.3929 16.9327 21.9246 21.1298 23.4589 24.2953 18.1692 24.3578 16.3877 15.7233 15.5372 18.6352 21.1365 21.0711 23.2066 21.6894 14.8776 15.1178 22.4618 17.7402 17.2479 23.3181 14.4817 22.9778 19.5434 18.0771 16.9869 17.7471 23.6286 16.0813 21.6081 24.7002 26.5878 22.4727 25.0845 23.4538 25.4163 25.4670 24.8956 26.5927 24.3988 22.9513 26.4946 26.1951 26.6903 23.2150 25.1299 26.3775 25.1833 25.7654 25.2218 22.7545 23.9353 24.3478 27.0243 24.6648 26.7373 25.7217 23.8984 27.4005 27.0011
5.6022 5.3931 6.2393 6.0127 0.0000 4.4479 7.2789 11.0806 5.9877 6.1328 5.9764 7.6663 7.6071 7.7216 8.0290 5.9910 5.2802 7.2441 10.0718 5.0506 9.7846 4.2664 9.7521 7.1396 5.7771 6.8678 7.8659 5.7034 7.3855 8.2498 28.8401 27.6457 30.2139 31.5426 27.1723 32.5969 29.2009 29.8987 29.6087 31.2155 27.7624 30.0555 29.9565 28.2423 27.9474 28.8154 29.3012 30.6450 30.3155 27.3993 30.9171 29.1603 28.0754 29.7788 30.1798 29.6870 28.0479 25.1973 31.1345 30.0699 14.2651 10.1200 11.3809 12.4995 13.2211 12.5084 13.2722 12.8612 9.4181 15.7118 13.3761 15.0220 16.1376 13.5836 12.9654 10.8770 11.4268 14.1193 15.7706 13.3522 8.5571 13.4656 12.9934 13.5067 12.8214 12.7727 11.3021 12.7991 14.2176 10.8226 15.5204 21.1944 19.9644 22.5735 23.3404 16.9155 23.1155 14.9762 14.2594 14.0686 17.7167 20.1677 20.3299 22.5816 20.3599 13.6549 14.3308 21.5865 16.0365 16.0288 22.6082 12.7859 22.2780 18.5316 17.0445 15.1168 16.2648 22.7577 15.2975 20.5476 24.0149 26.0822 21.6539 24.2348 22.8929 24.5693 24.9869 24.1374 26.0818 23.5652 22.3919 25.9745 25.8479 26.3060 22.0706 24.7624 25.9467 24.5741 25.2117 24.4287 21.8167 23.2467 23.6544 26.4820 24.2073 26.3041 25.2338 23.4394 26.8836 26.6669
6.9658 4.7714 5.2379 5.4178 4.4479 0.0000 6.5401 10.7453 6.3829 5.7417 6.0376 9.2463 7.7814 6.4666 6.9209 6.3054 5.5813 7.1014 9.5090 6.6409 8.9853 4.8979 8.6238 7.2445 5.5309 7.1795 8.3004 5.8971 8.1298 8.8668 29.0110 27.7569 30.2301 31.7221 27.1653 32.8296 29.4256 30.0129 29.7663 31.4744 28.0313 30.2872 30.1230 28.4051 28.2331 28.8768 29.2890 30.8867 30.5328 27.5609 31.0677 29.2822 28.2149 29.8722 30.4359 29.8654 28.3322 25.4099 31.2165 30.3999 13.1872 8.9834 10.3504 11.6264 11.9234 11.5624 12.1793 11.7370 8.5433 14.5664 12.5246 13.8348 15.0420 12.4977 11.7806 9.9122 10.3144 12.9610 14.7353 12.4739 7.6696 12.4981 11.9684 12.3687 11.6167 11.6276 10.1729 11.7454 13.1759 10.2445 15.1102 20.6479 19.7986 22.2043 22.9405 16.3235 23.1945 14.5942 13.6828 13.7174 17.1192 19.7107 19.6257 21.8775 20.0788 13.0852 13.2808 21.0832 16.0693 15.5603 22.0507 12.2856 21.7706 17.9682 16.5554 14.9060 15.9176 22.3437 14.2658 20.0983 23.5907 25.6350 21.0300 23.9585 22.2943 24.2467 24.3888 23.7211 25.5908 23.1927 21.8450 25.3808 25.3924 25.7254 21.8776 24.0951 25.4884 24.1096 24.6488 24.0490 21.3698 22.7688 23.1071 26.1179 23.6222 25.8193 24.7880 22.8547 26.4531 26.0843
9.4705 7.0305 4.4821 8.9291 7.2789 6.5401 0.0000 8.2404 4.7263 5.0587 5.1975 12.2623 11.8256 4.9131 5.4517 5.1764 6.6575 6.4836 5.0860 8.3024 5.4186 7.3410 7.8975 7.2612 5.4598 8.0462 7.4578 8.4703 9.5908 9.2476 29.0674 27.5482 30.2256 32.0706 26.6233 33.1298 29.5503 30.1793 30.0641 31.7957 28.5578 30.3588 30.0702 28.5776 28.5863 28.8479 28.7957 31.2071 30.8267 28.1214 31.2371 29.7014 27.9237 29.9726 30.9893 29.8678 28.1792 25.0473 30.9067 30.5909 11.2643 8.3822 8.6172 9.3642 9.0927 8.6153 8.9945 9.8138 8.8972 12.0484 9.3453 11.2291 12.7840 10.1866 9.3996 8.5151 10.7029 10.5305 11.5817 9.9904 10.0326 10.5741 10.7731 10.2854 9.9225 9.0318 8.8650 10.1461 11.0327 11.6101 12.3661 18.8870 18.6873 20.8368 21.1325 13.4145 22.3944 13.3977 10.5084 11.5275 15.7483 17.8560 17.2741 19.8777 17.8904 10.9756 10.6064 19.1834 14.5222 13.4552 20.0187 8.7791 19.9735 15.5964 14.5487 12.7885 13.3776 20.4968 11.8471 18.0351 22.2775 24.7531 19.0756 22.8826 20.5212 22.6625 22.7442 22.4104 24.2243 21.7037 20.7289 23.5857 24.5609 24.3953 20.5727 22.4245 24.4280 22.8387 23.2091 22.8423 19.5314 21.4333 21.3841 25.2850 22.0802 24.6643 23.6455 21.5408 25.2228 24.7958
11.9547 10.1080 8.7375 13.0095 11.0806 10.7453 8.2404 0.0000 7.3833 9.6451 10.3523 15.2261 14.7289 8.4143 9.6211 9.1569 9.3995 10.0267 9.2847 11.7178 6.2794 10.2282 9.9036 8.3441 10.6879 12.7309 10.0910 11.8990 11.6954 11.6224 25.1044 23.6137 26.2236 27.7737 22.9004 29.0858 25.9430 26.0625 26.5014 27.8022 25.5277 26.3374 26.0475 24.7369 25.2361 24.5328 24.8945 27.5897 26.9183 24.6167 27.1858 25.3259 23.9787 26.0761 27.0561 25.8872 24.4290 21.9602 26.8570 26.9466 14.2830 11.3939 11.2917 11.5177 12.0223 11.6506 10.4991 11.6688 11.6648 11.5588 11.5189 12.5739 11.4868 11.6737 12.0100 10.8447 12.5616 13.4801 13.1458 11.4095 13.2535 11.9774 12.6829 11.9619 9.8634 10.9972 10.8979 10.0594 11.7681 12.8635 11.6989 14.9434 14.2284 16.6142 16.7072 11.0451 17.2754 10.8185 8.8944 10.8436 13.4701 13.3522 13.4532 15.6751 14.4486 8.0032 9.3946 14.4981 11.9936 10.7448 15.4240 6.9290 15.6073 11.0152 11.1834 10.1587 9.4337 16.2378 10.5897 15.2434 18.3536 20.4066 15.6646 19.1193 17.1009 19.1891 18.6173 18.6847 20.2573 18.0198 17.4215 19.8538 20.7404 20.2401 17.3557 18.2307 19.9342 18.5682 19.2123 18.8663 16.4080 17.8261 17.6526 21.1237 17.7866 20.7367 19.4537 17.4542 20.7952 20.4681
7.6340 6.1705 5.0191 9.0296 5.9877 6.3829 4.7263 7.3833 0.0000 5.8959 5.9030 11.1562 10.8654 5.6822 6.7080 4.5936 5.8092 6.0604 7.2881 7.4382 6.3951 5.8554 8.4793 6.4263 6.2984 8.4417 6.6374 7.5395 8.1278 8.4861 27.9244 26.3951 29.3229 30.9097 25.7236 31.9378 28.3665 29.0208 28.9171 30.4796 27.3478 29.1604 29.0218 27.4699 27.3403 27.8008 27.9663 29.9307 29.6478 27.0069 30.1052 28.4443 26.9457 28.9499 29.6423 28.7950 26.9397 23.9042 29.9241 29.3343 12.8152 9.4346 9.9396 10.3969 10.9978 10.3104 10.5895 10.9090 9.4152 12.9656 11.0010 12.6545 13.5811 11.4494 11.1692 9.6567 11.0581 12.2524 13.0840 10.9597 10.1803 11.5811 11.6982 11.4938 10.7550 10.5966 9.7309 10.8665 12.0962 11.3617 12.8280 18.8979 17.7772 20.4646 20.8063 13.8473 21.3860 12.7987 10.8330 11.5212 15.8654 17.5969 17.7050 19.9663 17.5467 10.8282 11.3632 19.1992 13.8823 13.4313 19.9183 9.0908 19.7472 15.4719 14.4377 12.2537 13.1844 20.2312 12.7009 17.9410 22.2206 24.4214 19.1759 22.5577 20.7684 22.5601 22.8424 22.2685 24.1646 21.6291 20.7541 23.7552 24.3628 24.4526 20.2138 22.6121 24.2283 22.7435 23.3694 22.5151 19.5990 21.4174 21.5141 25.0121 22.1366 24.5919 23.5597 21.5520 24.9988 24.6819
8.8345 6.8853 5.8690 7.1566 6.1328 5.7417 5.0587 9.6451 5.8959 0.0000 5.1574 11.1132 10.1108 6.9059 6.0096 5.7444 6.9119 6.5539 6.6325 6.9827 7.6254 6.6717 8.2662 7.3362 5.8641 7.3455 7.7728 7.7018 8.2574 8.5128 29.5876 28.1977 30.8750 32.5000 27.4517 33.6153 29.9123 30.7685 30.5933 32.1486 28.7536 30.8242 30.7095 28.9437 28.9068 29.3416 29.6625 31.5595 31.1626 28.3966 31.7361 29.9378 28.5121 30.4914 31.2937 30.4322 28.7064 25.5806 31.6569 31.0666 12.6228 9.5691 10.2915 11.1830 11.1232 10.4013 10.8979 11.2760 9.6271 14.0295 11.4288 12.9107 13.7099 11.9131 10.7936 10.2688 11.0678 12.1397 13.7188 11.8498 9.4595 12.3171 12.0263 11.8867 11.5044 11.2019 10.1960 11.4178 12.8282 12.1711 13.7856 20.2055 19.7086 21.9814 22.4540 15.5499 23.1702 14.7278 12.1451 13.0974 17.2041 19.1675 18.9590 21.4226 19.3185 12.6871 12.5305 20.5858 15.8993 14.9370 21.3216 10.8224 21.2157 17.1271 15.9742 14.4441 14.8360 21.9146 13.5565 19.8785 23.5655 25.8659 20.4391 23.9590 21.9634 24.0159 24.0721 23.6860 25.4837 22.9358 21.9050 25.0673 25.6627 25.5490 21.8037 23.6700 25.4020 23.9912 24.4357 23.9205 20.7918 22.7012 22.6929 26.3307 23.2029 25.8094 24.7012 22.7036 26.3379 25.9388
8.5839 6.7431 6.3738 8.0834 5.9764 6.0376 5.1975 10.3523 5.9030 5.1574 0.0000 9.8375 9.3293 7.4113 5.2020 4.6893 5.7634 5.7218 6.7024 6.0962 8.6612 5.9723 9.5101 7.0605 3.8707 5.3749 7.7133 6.9371 6.9739 6.7785 29.7852 28.5162 31.0834 32.6619 27.7346 33.6859 30.1430 30.9142 30.6846 32.2788 28.9822 31.0133 30.8317 29.2367 29.0594 29.6790 29.8681 31.7128 31.3625 28.5921 31.8805 30.2721 28.7405 30.7492 31.4723 30.6016 28.8483 25.8104 31.8507 31.1137 13.6910 10.1493 10.8868 11.8343 11.9106 11.5686 11.8609 12.3796 10.1686 14.9708 12.1437 13.8321 15.2958 12.8375 11.7599 10.7793 12.1690 13.0445 14.6150 12.8145 9.9726 12.9816 13.0858 12.8250 12.4856 11.9630 11.1394 12.7075 13.6274 12.3899 14.5170 20.8392 20.1119 22.5784 23.0615 16.0768 23.4943 15.3274 13.0215 13.0919 17.8031 19.8571 19.6666 22.1618 19.8833 13.3479 13.2916 21.2875 15.4486 15.5411 22.1427 11.3864 21.9848 17.9797 16.7362 14.6102 15.6014 22.4717 14.5747 20.3633 24.0439 26.3245 21.2188 24.3616 22.6075 24.3794 24.7512 24.1609 25.9908 23.4693 22.4501 25.6439 26.1236 26.1819 22.1403 24.4669 26.0447 24.5810 25.0549 24.4398 21.4147 23.2055 23.4155 26.7931 23.9682 26.3838 25.3101 23.3345 26.9043 26.5362
8.0170 10.6142 11.6340 9.8042 7.6663 9.2463 12.2623 15.2261 11.1562 11.1132 9.8375 0.0000 8.5861 13.1305 12.8955 10.1795 8.9349 11.6128 14.5621 8.0770 15.2186 8.1475 14.2175 10.8477 9.7819 9.3626 12.3956 9.0689 9.1784 9.7812 29.9945 28.8857 31.2452 32.1659 28.7963 33.1885 30.4637 30.7671 30.5242 31.9944 28.9260 31.0937 31.0256 29.3717 29.0494 29.9766 30.5908 31.5514 31.1808 28.4031 31.7856 29.9113 29.6324 30.9024 30.8614 30.6781 29.4617 27.0535 32.1172 31.1047 19.0092 14.9148 16.4913 17.3996 18.3002 17.7588 18.3287 17.5276 13.8912 20.0511 18.5417 19.7863 20.2293 18.4933 17.8414 15.5939 15.4589 19.0065 20.6764 18.1845 12.1634 18.1092 17.3136 18.3519 17.2879 17.7724 16.0563 17.3205 18.8906 13.8796 19.9095 23.9738 22.6181 25.0572 25.9115 20.8416 24.9475 18.5156 18.9935 18.0912 20.8825 23.2340 23.4251 25.3788 23.7137 17.6887 18.6039 24.5530 19.0137 19.3586 25.3601 17.4716 24.8584 21.9037 20.5548 19.0428 19.9824 25.2774 19.6540 23.4416 26.3527 27.8884 24.8645 26.6168 25.5866 27.0165 27.3800 26.5731 28.2212 26.2682 25.0679 28.3505 27.5920 28.5026 24.8313 27.2726 27.8964 26.9644 27.6972 26.8390 25.1085 25.8193 26.3714 28.3198 26.6736 28.2633 27.3926 25.8917 28.7907 28.7318
8.4146 7.7402 11.1503 7.0138 7.6071 7.7814 11.8256 14.7289 10.8654 10.1108 9.3293 8.5861 0.0000 11.9997 9.8969 9.4935 8.0217 9.2504 14.4875 7.3433 14.3366 6.9962 13.4466 8.5914 8.7452 7.2218 11.6935 5.3568 7.4368 8.7768 30.1841 29.1762 31.3759 32.3839 28.8701 33.5225 30.5534 30.9174 30.7066 32.2406 29.0354 31.3066 31.2709 29.5145 29.2218 30.0854 30.7484 31.7423 31.3493 28.4608 31.9515 30.0817 29.7088 30.9880 31.1009 30.9326 29.7067 27.1193 32.4075 31.3588 18.6495 14.0134 15.6273 16.7450 17.2720 17.1666 17.3797 17.1472 12.9644 19.6037 17.7150 19.1267 19.5303 17.8073 16.8437 15.3366 14.8600 18.3642 20.1307 18.0450 10.5420 17.5352 17.2281 17.7704 16.4196 16.9857 15.3219 16.7113 18.4714 13.7359 19.4164 23.4057 22.1368 24.7792 25.7099 20.4437 24.7309 17.9203 18.3700 17.3061 20.2805 22.7383 22.9797 25.0090 23.5020 16.9746 17.9135 24.1033 18.5695 19.0185 25.0630 16.9850 24.5839 21.6089 20.1852 18.7245 19.8249 25.0899 18.9565 23.2030 26.2029 27.7344 24.5228 26.4513 25.3020 26.8706 27.1245 26.4517 28.0118 26.1107 24.6444 28.1331 27.4075 28.1787 24.7270 26.9377 27.7033 26.7090 27.3499 26.6206 24.7565 25.5647 26.1106 28.1720 26.3962 28.0614 27.1952 25.5134 28.6633 28.4518
8.9765 6.5544 3.8474 8.9088 7.7216 6.4666 4.9131 8.4143 5.6822 6.9059 7.4113 13.1305 11.9997 0.0000 7.1267 7.5313 7.2851 7.6160 8.0703 9.9103 5.6337 7.4718 7.2662 7.8240 7.1909 10.0590 7.8110 9.0556 10.7128 10.6821 27.0631 25.5481 28.2533 30.1750 24.6119 31.1568 27.4133 28.1544 27.8824 29.7289 26.2201 28.3244 28.0089 26.5060 26.3042 26.9627 26.8908 29.0597 28.7796 25.9334 29.2481 27.8250 25.9119 27.9734 28.9558 27.8331 26.1620 22.8871 29.0128 28.4180 10.8812 7.4380 7.6450 8.3225 9.0845 8.5165 8.6970 8.8315 7.8933 10.9512 8.7864 10.6752 12.0593 9.2861 9.0675 7.2290 9.1670 10.1983 10.8967 9.1555 9.3022 9.3661 9.8474 9.1135 8.2250 8.0898 7.4806 8.7164 10.0904 9.6330 11.3098 17.5488 17.0111 19.3084 19.9248 12.1458 21.0389 11.8929 9.0861 9.8454 14.3083 16.5584 16.0002 18.7320 16.2309 9.1504 8.9009 17.8302 12.8388 12.4588 19.0833 8.1820 18.7666 14.2106 12.8597 10.8367 12.5609 19.3333 10.3721 16.5814 20.6864 23.1993 17.5609 21.0137 19.0916 20.9433 21.4774 20.7194 22.7253 19.9952 18.9204 22.2926 22.9755 23.0240 18.5234 21.2263 23.0422 21.3336 21.8194 21.1052 17.8556 19.7248 19.9224 23.6882 20.7981 23.1661 22.1307 20.0497 23.7573 23.4346
10.0388 6.5598 7.2439 8.5786 8.0290 6.9209 5.4517 9.6211 6.7080 6.0096 5.2020 12.8955 9.8969 7.1267 0.0000 5.9133 6.8590 5.5283 7.1949 7.8214 7.8814 7.3614 9.4282 6.9890 5.4370 6.4040 7.9413 7.1918 7.9905 7.7142 29.4878 28.2507 30.7223 32.4029 27.2986 33.5183 29.8155 30.6163 30.4500 32.0608 28.8677 30.7588 30.5630 28.9813 28.9509 29.2971 29.4434 31.4804 31.0815 28.4118 31.5809 30.0710 28.3471 30.3277 31.2924 30.3791 28.5636 25.4983 31.5524 30.9168 13.5522 10.0260 10.3920 11.4707 10.9320 11.0151 10.7073 12.1103 10.1666 14.2416 11.1942 13.0487 14.5134 12.0097 10.9267 10.6913 12.3732 12.5854 13.7891 12.4868 10.2866 12.5169 13.1573 12.2155 11.6987 11.2071 10.7470 12.1087 13.1159 13.0872 13.7208 19.6955 19.2266 21.7002 22.2280 15.0874 22.6237 14.4371 11.8457 12.1974 16.7970 18.7872 18.4915 21.1100 18.9760 12.3330 12.2752 20.0718 14.7836 14.7503 21.1809 10.2681 21.0530 16.9608 15.9813 13.8344 14.8603 21.6547 13.5011 19.5584 23.3049 25.6496 20.2959 23.6753 21.7687 23.6234 23.8811 23.4311 25.2464 22.6991 21.6919 24.7865 25.5511 25.2864 21.5114 23.5422 25.3115 23.7420 24.0970 23.6681 20.5142 22.4427 22.5223 26.1303 23.0862 25.6488 24.6150 22.4768 26.1862 25.7481
8.2192 6.0349 6.4229 8.7484 5.9910 6.3054 5.1764 9.1569 4.5936 5.7444 4.6893 10.1795 9.4935 7.5313 5.9133 0.0000 5.4437 5.2777 7.2156 5.8498 7.9550 5.6001 9.7694 6.4650 5.6152 6.5544 7.5148 6.7279 7.0319 7.6413 29.6679 28.3232 30.9227 32.4651 27.6071 33.5418 30.1994 30.7437 30.6306 32.2337 29.1724 30.9012 30.7399 29.2319 29.1922 29.5385 29.6619 31.6771 31.3288 28.6791 31.7709 30.1506 28.7027 30.6157 31.3632 30.5104 28.8356 25.9616 31.6245 31.1111 13.7001 10.2701 11.0808 11.8626 11.8548 11.6277 11.7703 12.4268 10.1454 14.6564 12.1529 14.0142 15.2385 12.7725 12.2379 10.9596 12.3858 13.2133 14.4180 12.7025 10.4693 13.0042 12.9233 12.9713 12.4050 11.9299 11.2237 12.6973 13.4585 12.5053 14.5784 20.5426 19.7985 22.2335 22.5749 15.7657 23.0308 14.9071 13.1640 13.5494 17.4798 19.4387 19.3302 21.6460 19.7075 13.2947 13.4386 20.9461 15.8645 15.1283 21.6106 11.1498 21.5860 17.6316 16.5564 14.7504 15.1420 21.9677 14.6366 19.7250 23.7609 25.9412 21.0231 24.2778 22.2845 24.2070 24.3533 23.9130 25.6625 23.3394 22.3320 25.2101 25.7910 25.8835 22.1129 24.0997 25.7187 24.3158 24.7756 24.2768 21.4210 23.0216 23.0986 26.4795 23.6511 26.0285 25.0317 23.0785 26.5611 26.1832
6.5841 4.8688 6.3076 7.6351 5.2802 5.5813 6.6575 9.3995 5.8092 6.9119 5.7634 8.9349 8.0217 7.2851 6.8590 5.4437 0.0000 6.8786 9.3148 6.7632 8.7567 4.7254 9.4047 5.3966 5.8781 7.1288 8.0096 5.6456 7.0531 6.5678 27.4981 26.1608 28.7862 30.1369 25.6316 31.1445 28.0299 28.3939 28.3263 29.8719 26.8453 28.6743 28.5084 26.9804 26.8204 27.3374 27.6179 29.3770 28.9639 26.3061 29.5143 27.7200 26.7554 28.4818 28.9002 28.1924 26.7751 23.9821 29.4661 28.8082 14.4119 10.0084 11.2658 12.0210 12.7895 12.4413 12.4867 12.4811 9.6336 14.6016 12.9645 14.6728 14.9242 13.2105 12.6830 10.7092 11.3495 14.0634 15.1189 12.9317 9.1130 12.8340 12.7790 13.1731 11.5900 12.1128 10.7173 11.9870 13.6893 10.4428 14.5727 19.3419 18.3368 20.9079 21.5702 15.2592 21.4553 13.3912 12.8731 12.9185 16.1742 18.3501 18.2975 20.8000 18.7744 12.0776 12.9278 19.8671 14.3030 14.2027 20.8149 11.2919 20.4144 16.6895 15.6281 13.7118 14.6655 20.9221 14.2746 18.6597 22.3275 24.3661 20.1049 22.7620 21.1390 22.8051 23.1318 22.5593 24.2926 22.0482 21.0182 24.1167 24.0848 24.6171 20.6472 22.9935 24.1777 22.9831 23.6064 22.8685 20.5166 21.7301 21.9770 24.8677 22.3867 24.5116 23.5833 21.7059 24.9990 24.9132
8.9320 6.1297 7.4461 8.5633 7.2441 7.1014 6.4836 10.0267 6.0604 6.5539 5.7218 11.6128 9.2504 7.6160 5.5283 5.2777 6.8786 0.0000 8.3277 7.0348 9.1522 6.7604 10.1353 5.9126 5.9469 6.1205 8.1198 6.1641 6.6677 6.9857 29.4222 28.0380 30.6532 32.2875 27.2734 33.3276 29.7144 30.4681 30.2147 31.8832 28.6156 30.6319 30.4651 28.8321 28.6869 29.3113 29.4474 31.2737 31.0139 28.2266 31.4219 29.8971 28.4322 30.3177 31.0856 30.2723 28.5992 25.4980 31.4154 30.7862 14.8599 11.1905 11.7078 12.3494 12.6115 12.4657 12.3935 13.2126 11.2564 15.2005 12.6179 14.4820 15.6316 13.3519 12.5323 11.9924 13.0335 14.0090 15.0495 13.5026 10.6024 13.5619 14.1075 13.4600 12.7339 12.6249 11.8763 13.3596 14.2584 13.1518 14.4615 20.5020 19.4318 22.1541 22.5658 15.9569 22.9761 14.9948 12.9250 12.9754 17.5573 19.4108 19.4263 21.6135 19.5190 12.8280 13.2103 20.9672 15.2204 15.3191 21.6776 11.4761 21.5620 17.5231 16.2285 14.4916 15.6466 21.8946 14.5564 19.8102 23.7984 25.8886 20.9473 24.1141 22.3134 24.1279 24.3940 23.8750 25.6260 23.2730 22.1143 25.2726 25.7340 25.8581 21.9253 24.1366 25.7332 24.2959 24.8549 24.1289 21.2564 22.9507 23.1775 26.4668 23.7371 26.0337 25.0596 23.0461 26.5441 26.0526
12.6580 10.1443 7.3764 11.6024 10.0718 9.5090 5.0860 9.2847 7.2881 6.6325 6.7024 14.5621 14.4875 8.0703 7.1949 7.2156 9.3148 8.3277 0.0000 10.3346 6.6817 10.2950 9.5905 9.6681 7.6158 9.9596 9.4710 11.2168 11.3214 10.5264 30.3699 28.8033 31.4826 33.4846 27.7370 34.5440 30.7327 31.5947 31.4223 33.1730 29.8502 31.6231 31.3763 29.8258 29.9335 30.1070 29.9211 32.4883 32.1856 29.4932 32.5360 31.1245 29.0134 31.2253 32.4729 31.1986 29.4067 26.1562 32.1096 31.9440 12.1194 10.3215 10.0257 10.6341 9.7957 9.4893 9.5187 10.9346 11.2298 12.9238 9.9173 11.6514 13.2997 11.1792 10.1497 10.3904 12.6518 11.1400 11.9529 11.0272 12.4924 11.8055 12.2054 11.1591 11.4018 10.3297 10.4902 11.6204 11.9137 13.9992 12.6405 19.6845 19.8402 21.7838 21.8055 14.1052 23.5084 15.0590 11.1222 12.7620 16.9903 18.6947 17.8906 20.6086 18.5192 12.4650 11.4047 20.0165 15.6781 14.3807 20.5869 9.2475 20.7019 16.3310 15.5322 13.9578 14.0898 21.2325 12.5174 19.0727 23.2043 25.7397 19.6396 23.7674 21.2350 23.4127 23.4582 23.2886 24.9762 22.4687 21.5523 24.1844 25.5944 25.1084 21.5676 23.0475 25.3577 23.6685 23.8626 23.6506 20.0147 22.2761 22.0257 26.2578 22.8043 25.4625 24.5119 22.3611 26.1114 25.5089
7.1684 7.2752 8.6290 7.2238 5.0506 6.6409 8.3024 11.7178 7.4382 6.9827 6.0962 8.0770 7.3433 9.9103 7.8214 5.8498 6.7632 7.0348 10.3346 0.0000 10.8772 5.7074 11.6069 7.9960 6.2768 5.5218 8.5496 6.2692 5.7931 7.8362 29.8109 28.7512 31.1070 32.3301 28.2810 33.4316 30.2916 30.8824 30.6751 32.1257 29.1707 31.0242 30.9215 29.2971 29.2324 29.7296 30.1999 31.6915 31.2333 28.5643 31.7962 30.0922 29.0551 30.7091 31.1695 30.6718 29.0158 26.4516 32.0008 31.1133 16.0228 11.8400 12.8946 14.2780 14.5803 13.9624 14.4040 14.6572 11.1016 17.3695 14.7663 16.4867 17.5850 15.1894 14.3363 12.7395 13.7155 15.7248 17.3690 15.0521 10.2661 15.2342 15.0253 15.2712 14.7305 14.3990 13.2956 14.6380 15.9845 13.0475 16.8087 22.0323 20.8810 23.4624 24.1371 18.1439 23.4880 16.4687 15.6538 15.3020 18.9865 21.0281 21.2381 23.3334 21.3908 15.1471 15.9197 22.3724 17.0481 17.0810 23.2781 13.6459 23.0582 19.4974 18.4770 16.5937 17.2012 23.5338 16.8708 21.6970 24.9739 26.9692 22.8326 25.3726 23.9330 25.5758 25.8129 25.1475 26.9960 24.6172 23.7009 26.8059 26.8117 27.0869 23.3601 25.5836 26.7043 25.4988 26.0836 25.4504 23.0541 24.3453 24.6947 27.3395 25.0076 27.2097 26.1644 24.3808 27.6857 27.4271
11.4914 8.7778 5.8565 11.3225 9.7846 8.9853 5.4186 6.2794 6.3951 7.6254 8.6612 15.2186 14.3366 5.6337 7.8814 7.9550 8.7567 9.1522 6.6817 10.8772 0.0000 9.6470 8.0119 8.6471 8.8887 11.7347 8.8508 11.3421 12.0392 11.9838 26.9724 25.3857 27.9334 30.0256 24.2978 31.0840 27.5101 28.0813 28.0249 29.8025 26.7992 28.2573 27.8982 26.5048 26.7558 26.7012 26.3763 29.2419 28.7838 26.2095 29.0989 27.8435 25.6383 27.7840 29.1209 27.7331 26.1104 23.0886 28.6095 28.5928 10.7069 8.2040 7.8196 8.4423 8.4472 7.7831 7.3633 8.6744 9.1716 9.9068 8.1125 10.0140 11.0157 8.9499 8.9855 7.5821 10.4562 10.0272 10.0960 8.5088 11.4916 9.2946 10.0511 8.9242 8.2010 7.6462 7.9793 8.2812 9.4881 11.2536 10.4803 16.1458 16.3657 18.2361 18.3587 10.6872 20.0084 11.7562 8.0974 10.1749 13.7830 15.0994 14.1690 17.0466 15.1312 8.7562 8.2898 16.2595 12.8693 11.3687 17.1742 5.9090 17.2037 12.4704 12.2062 10.6167 10.6903 17.8445 9.5261 15.5573 19.5591 22.1708 16.3508 20.2938 17.7423 19.8863 19.9831 19.6809 21.4884 18.9629 18.2193 20.7536 22.0343 21.6607 18.0367 19.6904 21.8044 20.1560 20.4448 20.1612 16.8603 18.7559 18.5196 22.6641 19.3654 21.9603 20.9999 18.8538 22.5523 22.1045
5.9741 4.7364 6.4515 6.6704 4.2664 4.8979 7.3410 10.2282 5.8554 6.6717 5.9723 8.1475 6.9962 7.4718 7.3614 5.6001 4.7254 6.7604 10.2950 5.7074 9.6470 0.0000 9.8269 5.8880 5.6383 6.5424 7.8960 4.7172 6.9401 7.5213 27.9430 26.8249 29.3574 30.6371 26.3442 31.7023 28.3872 28.9905 28.7727 30.3097 26.9944 29.1595 29.0827 27.3875 27.1393 27.9242 28.4396 29.7653 29.4399 26.5741 30.0183 28.2625 27.2088 28.9415 29.2951 28.8102 27.1473 24.3605 30.2725 29.2068 14.5012 10.0219 11.4049 12.4003 13.1276 12.7275 13.0301 12.7829 9.1489 15.4567 13.2867 14.9179 15.6677 13.3964 12.8861 10.8446 11.3302 14.2138 15.7043 13.4176 8.3319 13.3271 13.0805 13.5020 12.4424 12.6395 11.1099 12.3534 14.0577 10.5397 15.1554 20.3689 19.0133 21.7223 22.5856 16.3090 22.0657 14.2172 13.6699 13.3134 17.0077 19.2850 19.5446 21.8859 19.6354 12.8823 13.6948 20.7771 15.1991 15.4290 21.9179 12.1974 21.5022 17.7686 16.3610 14.4330 15.4946 21.9912 14.8795 19.9558 23.2451 25.2556 20.9508 23.4349 22.2418 23.7954 24.2333 23.3827 25.3124 22.8022 21.6555 25.2780 25.0873 25.5162 21.2830 24.0412 25.1273 23.7852 24.4591 23.5977 21.1244 22.4890 22.9536 25.6765 23.4162 25.5321 24.4423 22.6301 26.0352 25.8656
11.3455 9.1296 7.0530 10.2697 9.7521 8.6238 7.8975 9.9036 8.4793 8.2662 9.5101 14.2175 13.4466 7.2662 9.4282 9.7694 9.4047 10.1353 9.5905 11.6069 8.0119 9.8269 0.0000 9.8145 9.5969 11.9357 7.2023 11.2694 12.1647 11.9584 26.4685 24.7546 27.6580 29.5887 23.8426 30.5989 26.9194 27.6199 27.5627 29.1525 25.8756 27.6694 27.3874 25.8766 25.9130 26.1009 26.2039 28.6638 28.2588 25.5454 28.7811 26.8697 25.1990 27.3719 28.4567 27.1644 25.7771 22.4731 28.2650 28.0755 8.3652 6.3543 6.6141 6.3467 7.7033 7.0791 6.8061 6.2279 6.6933 8.2544 7.9403 7.9802 8.8638 7.2708 6.6940 7.0323 6.2034 7.9385 9.1177 6.7255 7.8301 6.5937 6.6245 6.4953 6.0809 7.0025 5.4769 7.0482 7.5054 8.0811 9.6136 16.7107 16.0261 18.1730 18.4003 11.8118 22.2981 11.3869 10.1310 10.4477 13.7651 15.5429 17.2684 17.1992 15.4258 11.4184 9.4091 17.8717 14.4637 10.9132 17.3491 10.4648 17.2603 14.4931 12.2648 13.3447 11.1470 17.9031 10.0270 15.9158 19.4766 22.0167 15.8206 20.0013 17.5203 20.0937 19.8492 19.4441 21.4350 18.7814 17.7623 20.8958 21.7297 21.7486 17.7305 19.4966 21.4829 19.9784 20.5764 19.8886 16.5881 18.5350 18.4594 22.6537 18.9926 21.8874 20.6633 18.6025 22.3351 21.9912
8.8024 5.8682 7.2339 8.2816 7.1396 7.2445 7.2612 8.3441 6.4263 7.3362 7.0605 10.8477 8.5914 7.8240 6.9890 6.4650 5.3966 5.9126 9.6681 7.9960 8.6471 5.8880 9.8145 0.0000 6.5853 7.4547 8.9238 6.0090 8.0095 7.3205 27.1131 25.7048 28.1871 29.7215 25.1062 30.8989 27.5753 27.9180 27.8590 29.5739 26.4200 28.3037 28.1266 26.4596 26.4620 26.8539 27.1390 29.0242 28.6376 25.7991 29.0290 27.3762 26.2826 27.9432 28.6172 27.8682 26.5569 23.7199 29.0572 28.6076 15.1172 10.9853 11.8628 12.3057 12.9327 12.8505 12.5909 12.9746 10.7448 14.3643 12.9930 14.5584 14.5364 13.3592 12.7094 11.5519 12.0468 14.4506 15.2491 13.4772 10.0567 13.2111 13.6081 13.4543 11.5978 12.3994 11.3421 12.0581 13.7971 11.5617 14.1865 18.3597 17.4863 20.0384 20.5474 14.6866 20.5975 13.2280 12.5026 12.5052 15.6857 17.4153 17.3242 19.7136 18.2377 11.0424 12.1195 18.8128 13.7034 13.6844 19.7172 11.0072 19.4459 15.7402 14.6030 13.3840 14.0731 19.9014 13.5068 18.0454 21.5525 23.3477 19.2989 21.9929 20.3256 22.1549 22.2020 21.8077 23.3484 21.3541 19.9697 23.1916 23.2459 23.5433 20.1227 22.0014 23.3239 22.0225 22.6374 22.0433 19.7190 20.8495 21.0968 24.0020 21.5828 23.5968 22.6811 20.7897 24.1443 23.7863
8.5394 6.1647 6.2535 7.1216 5.7771 5.5309 5.4598 10.6879 6.2984 5.8641 3.8707 9.7819 8.7452 7.1909 5.4370 5.6152 5.8781 5.9469 7.6158 6.2768 8.8887 5.6383 9.5969 6.5853 0.0000 5.0407 7.8272 5.8969 8.0149 7.2525 29.4045 28.1295 30.6492 32.2567 27.4021 33.2855 29.7324 30.5230 30.2133 31.9594 28.5133 30.6836 30.4306 28.8215 28.6038 29.3587 29.5262 31.3123 30.9940 28.1221 31.4568 29.9790 28.4239 30.3285 31.0319 30.2442 28.5509 25.5033 31.5327 30.7175 13.6200 9.7475 10.4555 11.5285 11.6338 11.4519 11.8084 12.2271 9.5404 14.8531 11.8669 13.7472 15.5113 12.5578 11.4360 10.3249 11.7361 12.9020 14.4806 12.6848 9.1742 12.7764 12.9327 12.6529 12.1886 11.5965 10.7159 12.3728 13.4440 11.7812 14.5222 20.7303 19.9447 22.4425 22.9442 15.8850 23.3102 15.0730 13.1668 12.9892 17.4440 19.7954 19.5080 22.0618 19.8813 12.9849 13.0054 21.1727 15.2615 15.5968 22.1688 11.5042 21.9517 17.9039 16.6615 14.5564 15.7252 22.3058 14.3867 20.0965 23.7156 25.9666 21.0388 24.0241 22.3410 24.1073 24.5349 23.8310 25.6940 23.1804 21.9988 25.3510 25.7551 25.9275 21.8351 24.2521 25.8478 24.2865 24.7697 24.1977 21.1599 22.8702 23.1735 26.3934 23.8418 26.0614 25.0278 23.0674 26.7166 26.2867
8.8959 7.5078 9.1624 7.3527 6.8678 7.1795 8.0462 12.7309 8.4417 7.3455 5.3749 9.3626 7.2218 10.0590 6.4040 6.5544 7.1288 6.1205 9.9596 5.5218 11.7347 6.5424 11.9357 7.4547 5.0407 0.0000 9.3569 5.5121 6.6417 6.7335 30.8414 29.6950 32.0646 33.4613 29.0953 34.5557 31.2040 31.8692 31.6022 33.2163 29.9333 32.1107 31.9499 30.2511 30.0830 30.7612 31.1125 32.6520 32.2679 29.4459 32.8067 31.1797 30.0604 31.7047 32.2448 31.7230 30.1230 27.2549 32.9887 32.1654 16.3163 12.3035 13.2545 14.4187 14.3231 14.2350 14.5644 15.0828 11.7466 17.7203 14.7211 16.4714 17.8307 15.3411 13.9892 13.2065 14.2278 15.6775 17.4565 15.6667 10.3058 15.5580 15.6316 15.5692 14.9251 14.5250 13.5741 15.1530 16.3672 13.9067 17.1332 22.5446 21.7357 24.2829 24.9338 18.5345 24.6014 17.0882 15.9278 15.2833 19.4534 21.7647 21.6838 24.0023 22.1554 15.5074 15.9093 23.0932 17.2916 17.6971 24.0324 14.2339 23.8241 20.2858 18.9722 17.1785 18.0607 24.2485 17.0166 22.3361 25.6862 27.7039 23.3204 26.0386 24.4718 26.1861 26.4321 25.8410 27.6032 25.2810 24.1072 27.3702 27.4446 27.6835 24.0253 26.1841 27.4922 26.1913 26.6795 26.1330 23.4918 24.9455 25.2775 28.1187 25.7113 27.8454 26.8763 24.9906 28.4321 28.0593
8.9668 8.0695 7.9159 10.1436 7.8659 8.3004 7.4578 10.0910 6.6374 7.7728 7.7133 12.3956 11.6935 7.8110 7.9413 7.5148 8.0096 8.1198 9.4710 8.5496 8.8508 7.8960 7.2023 8.9238 7.8272 9.3569 0.0000 9.1235 9.4946 9.8485 26.7435 25.3566 28.3408 29.9495 24.6066 30.9044 27.2334 28.1112 27.9122 29.4217 26.3144 27.9852 27.8216 26.4243 26.2512 26.7122 26.8822 28.8462 28.5957 26.1026 29.1645 27.5402 25.6172 27.8579 28.6491 27.6691 25.6435 22.6047 28.8914 28.1242 10.8978 8.1631 8.4187 8.7071 9.5788 9.0033 9.0195 9.4204 7.6561 11.6239 9.3067 10.7661 12.3497 9.5675 9.3582 8.8473 9.7193 10.4263 11.4239 9.3398 8.8618 9.5162 9.7964 9.7267 9.8512 9.4111 8.4430 9.9824 10.1968 10.1885 10.9029 18.1029 16.5440 19.3325 19.8049 13.1032 22.0101 11.8815 11.0079 10.4384 14.8363 16.6690 18.6646 19.1249 16.3011 12.3247 11.5310 18.9476 13.7452 12.3385 19.1081 10.5436 18.9057 15.9664 13.9120 13.2389 12.0869 19.2868 12.4022 17.1522 20.9550 23.5062 17.7225 21.1687 19.6589 21.3169 21.7571 20.8675 23.1304 20.1156 19.5383 22.6742 23.5176 23.4566 18.6409 21.5364 23.1956 21.5009 22.1451 21.2118 17.9791 20.1024 20.3002 23.9921 20.9130 23.6058 22.3949 20.4482 23.9527 23.8093
7.4564 4.8950 8.3467 6.1895 5.7034 5.8971 8.4703 11.8990 7.5395 7.7018 6.9371 9.0689 5.3568 9.0556 7.1918 6.7279 5.6456 6.1641 11.2168 6.2692 11.3421 4.7172 11.2694 6.0090 5.8969 5.5121 9.1235 0.0000 6.6614 6.8263 29.2071 28.0250 30.5055 31.7729 27.5321 32.8828 29.6145 30.0828 29.8904 31.5366 28.1840 30.4135 30.3218 28.5956 28.3167 29.1386 29.5776 30.9469 30.6350 27.7210 31.1439 29.4321 28.5466 30.1244 30.4615 30.0364 28.5463 25.6684 31.3959 30.4989 16.1494 11.6522 12.9630 13.9585 14.3357 14.2917 14.4293 14.5270 10.8273 16.8661 14.6780 16.3229 16.9828 14.9406 14.0720 12.7868 12.9217 15.6187 17.1203 15.2147 9.0747 14.8801 14.8401 15.0897 13.8539 14.1578 12.7191 14.1893 15.6797 12.3119 16.5388 21.4218 20.1632 22.9146 23.6960 17.6066 23.2942 15.4687 15.2526 14.6580 18.0267 20.5216 20.6753 22.9438 21.1079 14.1504 14.9805 22.0762 16.2968 16.5916 22.9983 13.7762 22.6110 19.1479 17.6039 15.9569 17.1482 23.0168 16.1570 20.9372 24.4601 26.2735 22.2569 24.7262 23.3522 25.0122 25.3188 24.6645 26.3469 24.1947 22.7750 26.2788 26.0397 26.5590 22.7604 25.1150 26.2628 24.9831 25.6124 24.8722 22.4968 23.7252 24.1846 26.7679 24.6188 26.5294 25.6145 23.7674 27.1453 26.8597
7.7793 8.1149 10.1877 8.8117 7.3855 8.1298 9.5908 11.6954 8.1278 8.2574 6.9739 9.1784 7.4368 10.7128 7.9905 7.0319 7.0531 6.6677 11.3214 5.7931 12.0392 6.9401 12.1647 8.0095 8.0149 6.6417 9.4946 6.6614 0.0000 6.3926 29.2234 28.0793 30.5462 31.6656 27.6344 32.7464 29.6364 30.1361 30.0314 31.3472 28.5314 30.2788 30.3110 28.6341 28.4944 29.0409 29.6003 30.9403 30.5475 27.9622 31.0926 29.2511 28.4711 30.1599 30.4845 29.9728 28.4421 25.8037 31.2865 30.4848 17.8057 13.6820 14.5613 15.5161 16.0395 15.6715 15.5353 16.0301 13.0627 18.0597 16.0297 17.6083 17.9014 16.3788 15.5937 14.5736 15.0058 17.2304 18.5221 16.3967 11.7151 16.3525 16.5326 16.4012 15.3789 15.7783 14.5675 15.7302 17.1152 14.3313 17.1491 21.6667 20.1718 22.9884 23.6830 18.3486 22.8502 16.3886 15.6548 15.0875 18.9927 20.6483 21.0685 22.9814 21.0916 14.9626 16.0640 22.1069 16.3604 16.9654 22.8401 14.0337 22.5562 19.2286 18.1590 16.2667 17.3000 23.0619 17.2291 21.5358 24.8359 26.5656 22.7118 25.0616 23.8035 25.3175 25.4986 24.9997 26.6519 24.4897 23.5615 26.5973 26.4368 26.7561 23.1408 25.3133 26.2292 25.2749 25.9451 25.1098 22.9909 24.1741 24.5451 27.0540 24.6904 26.8788 25.8837 24.1267 27.1691 26.9421
8.9531 8.0933 9.9683 9.6118 8.2498 8.8668 9.2476 11.6224 8.4861 8.5128 6.7785 9.7812 8.7768 10.6821 7.7142 7.6413 6.5678 6.9857 10.5264 7.8362 11.9838 7.5213 11.9584 7.3205 7.2525 6.7335 9.8485 6.8263 6.3926 0.0000 28.8087 27.4743 30.1737 31.3970 27.0049 32.4118 29.1793 29.7332 29.6657 31.0359 28.1647 29.9135 29.8288 28.2525 28.0757 28.6220 29.0202 30.4908 30.2080 27.7085 30.7030 28.8705 28.0793 29.8896 30.1608 29.5269 28.0648 25.1849 30.7432 30.1397 17.6100 13.6102 14.4745 14.9268 15.6884 15.4102 15.1155 15.5673 13.3437 17.4145 15.6545 17.2140 17.0354 16.2107 15.2036 14.5301 14.6194 16.8757 17.8689 15.9572 11.8760 15.9449 16.2588 16.0863 14.7738 15.4163 13.9900 15.2064 16.7483 14.2006 16.4482 21.2163 19.7497 22.6147 23.1075 17.6604 22.8186 16.0817 14.6974 14.6639 18.7537 20.0772 20.4230 22.5405 20.4504 14.4508 15.2193 21.8594 15.8430 16.5083 22.3115 13.3445 22.0069 18.4526 17.5561 15.7256 16.6951 22.4107 16.7280 20.9095 24.1860 25.9440 21.8543 24.4136 23.0352 24.4943 24.7814 24.3079 25.8878 23.7917 22.8532 25.7654 25.7698 26.1926 22.4597 24.5744 25.7107 24.6594 25.4012 24.4296 22.2229 23.5757 23.8417 26.5225 23.9650 26.2054 25.2312 23.3802 26.5327 26.2326
27.0432 28.0538 28.1467 29.8402 28.8401 29.0110 29.0674 25.1044 27.9244 29.5876 29.7852 29.9945 30.1841 27.0631 29.4878 29.6679 27.4981 29.4222 30.3699 29.8109 26.9724 27.9430 26.4685 27.1131 29.4045 30.8414 26.7435 29.2071 29.2234 28.8087 0.0000 6.4863 6.2087 6.8227 7.8651 7.8504 5.6636 5.6751 6.2645 5.7589 9.5593 4.3588 5.8072 4.1445 7.2712 5.3986 8.2475 5.6480 4.9988 7.3527 4.8109 9.5151 5.1437 5.0094 5.1554 6.6513 6.1374 9.1038 8.4636 5.9608 29.3231 27.4634 27.0888 26.6262 28.6583 28.5215 26.8428 26.7061 26.9344 24.6007 26.9849 27.1656 24.4810 26.6046 27.8542 26.4648 26.5204 29.1124 27.5131 26.3309 27.8767 25.6615 26.8780 26.5435 24.3822 26.6799 26.1615 24.3602 25.8879 24.4933 23.0106 16.9539 14.4806 14.1720 16.3851 21.2058 15.3435 20.1279 23.3548 21.4236 19.4690 16.6238 19.7079 17.8833 16.9744 21.7408 22.9270 17.0137 18.9255 20.6322 18.1168 24.1162 17.1058 18.8472 19.1488 20.7479 20.1257 16.6384 22.9283 19.1639 13.4491 13.2210 16.4774 11.1361 16.5664 13.3682 15.4463 12.8092 14.6890 12.9548 14.8355 16.6552 14.2700 14.4709 12.5417 16.3316 13.8911 13.5214 14.6780 11.8237 15.6506 13.8416 15.0115 12.0594 15.5251 14.3762 13.8660 14.5174 13.7850 15.5671
25.8881 26.7959 26.5470 28.6427 27.6457 27.7569 27.5482 23.6137 26.3951 28.1977 28.5162 28.8857 29.1762 25.5481 28.2507 28.3232 26.1608 28.0380 28.8033 28.7512 25.3857 26.8249 24.7546 25.7048 28.1295 29.6950 25.3566 28.0250 28.0793 27.4743 6.4863 0.0000 7.6934 9.9559 4.6199 9.7666 8.5966 6.0636 7.1427 8.7839 10.0097 7.1328 6.9877 6.8548 7.7440 7.2440 6.2957 7.9854 8.5398 8.7923 7.7137 9.8900 7.5380 8.5528 8.0538 7.2391 8.3198 8.3061 6.7700 8.1862 27.6533 25.9522 25.5402 24.8687 26.9952 26.8189 25.1616 24.8695 25.6119 22.5273 25.3734 25.5336 22.4885 25.0548 26.2461 25.0646 24.8443 27.4346 25.6918 24.5454 26.5800 23.9318 25.1483 24.8043 22.4656 25.0456 24.3904 22.6507 24.2503 22.9345 21.1929 15.0440 13.0769 12.7739 14.1156 19.1043 15.7328 18.5968 21.7367 19.8805 17.8155 15.1428 18.1328 15.6833 15.1775 20.2057 20.8765 16.3868 17.8645 18.5354 15.8282 22.4319 14.7486 16.9598 17.1736 19.4894 18.4725 14.2072 21.1002 16.3627 11.8772 11.3725 14.3443 10.3009 13.9432 11.4359 13.3308 11.0629 12.1954 11.9082 13.0941 13.9744 11.3489 13.1470 11.1846 14.2050 12.3417 12.5860 13.7463 10.4095 14.4064 12.1586 12.9300 10.6861 13.9801 12.0427 12.4474 12.8250 11.8868 13.2369
28.5183 29.3744 29.3007 30.9351 30.2139 30.2301 30.2256 26.2236 29.3229 30.8750 31.0834 31.2452 31.3759 28.2533 30.7223 30.9227 28.7862 30.6532 31.4826 31.1070 27.9334 29.3574 27.6580 28.1871 30.6492 32.0646 28.3408 30.5055 30.5462 30.1737 6.2087 7.6934 0.0000 7.2549 8.2131 8.2760 8.5562 6.2917 5.9711 8.5737 11.1532 7.0964 6.4898 5.8426 9.2708 7.1162 7.4320 8.3229 7.3117 7.6788 4.9570 10.7072 7.2751 6.0274 8.3558 7.0880 10.4024 12.3041 7.8052 8.7508 30.5523 28.6317 28.2503 27.8727 29.7626 29.7581 27.9818 27.9046 28.2892 25.4601 28.1076 28.2686 25.5282 27.7997 29.0029 27.6422 27.7216 30.3145 28.6580 27.6419 29.1969 26.8349 28.1153 27.6780 25.3262 27.7580 27.3574 25.5325 27.0080 25.5454 24.3409 16.8350 15.6728 14.2643 16.1579 21.9794 15.9985 21.6710 24.7157 22.7962 20.1168 17.2248 19.3986 17.3057 18.1926 22.7021 23.6768 16.9795 20.1250 21.5450 17.7323 25.2178 16.9602 19.3979 19.7899 22.1354 21.3310 16.3021 23.6677 19.3223 12.6583 11.3444 16.9554 10.9822 15.8168 12.9841 14.3926 12.1395 13.0339 12.9848 14.2500 15.2228 12.2223 12.6545 13.3383 15.3810 12.4698 12.7195 13.5340 11.6714 16.3687 13.0900 14.4903 10.0660 15.0307 12.5486 12.6290 13.8477 12.3367 13.5565
29.5845 30.8337 31.1398 32.3178 31.5426 31.7221 32.0706 27.7737 30.9097 32.5000 32.6619 32.1659 32.3839 30.1750 32.4029 32.4651 30.1369 32.2875 33.4846 32.3301 30.0256 30.6371 29.5887 29.7215 32.2567 33.4613 29.9495 31.7729 31.6656 31.3970 6.8227 9.9559 7.2549 0.0000 11.9123 5.7248 10.3571 6.6778 9.5943 7.5907 13.8614 6.7497 6.6597 8.0410 11.0383 6.0644 10.3700 9.7145 6.4007 10.5105 6.4340 8.0756 8.3556 8.5839 6.7935 6.6654 10.3419 14.3291 9.4749 8.6924 32.8513 30.6286 30.4685 30.1457 32.1377 32.0193 30.2856 30.1343 29.9665 27.9961 30.5393 30.7759 27.5566 30.1582 31.3013 29.7502 29.6365 32.6705 31.2118 29.8641 30.6781 29.1595 30.2170 30.1258 27.6144 30.0627 29.5248 27.5736 29.3474 27.3250 26.9611 19.8463 17.7442 17.0705 18.8974 24.6586 17.1905 23.5697 26.9893 25.3192 22.7819 19.5518 22.2727 20.3056 20.8919 24.8170 26.3809 19.3027 22.3310 24.0067 20.2952 27.4024 19.6617 21.7311 22.3692 24.2251 23.2445 19.0935 26.4422 22.3581 15.5397 14.3650 20.0200 14.2673 19.1913 16.5094 17.3062 15.7172 16.3842 16.0398 17.8991 18.5938 15.6822 16.0368 16.7064 17.9334 14.5643 15.4334 16.7132 14.9478 19.4558 16.7035 17.9099 13.2702 17.1907 15.9390 15.2313 16.5670 14.7749 16.6014
