0.0000 17.5235 19.6711 16.2303 11.3676 9.8173 17.4674 4.0761 11.5688 7.5490 12.0306 9.7858 7.5298 7.5997 8.3500 12.7972 3.9396 15.1166 5.5074 6.3905 5.0196 7.5454 7.2462 7.3119 6.8309 15.9620 19.6839 14.7064 5.9271 7.9028 61.7898 54.9156 61.1823 59.3334 55.1881 47.9170 64.9211 67.5319 50.9115 55.9956 60.9088 58.4634 58.4671 61.3176 60.8126 61.3532 69.6807 67.0298 60.0007 49.3839 59.3042 66.4087 61.0892 59.2096 62.7896 55.4342 49.3147 53.5558 30.9635 56.6670 25.8993 29.7348 39.6775 31.8753 38.3319 42.0022 39.3499 41.7664 27.1849 24.0484 25.3606 41.3093 32.0516 37.8390 45.9042 28.4393 33.7683 39.2345 33.0053 34.1697 39.0584 32.8399 36.7860 38.5230 42.9935 22.9212 39.8625 22.5629 46.6537 47.8186 27.9624 23.3003 30.2502 37.0671 12.3811 11.5161 9.2076 16.8891 17.7296 28.9432 44.5657 34.6604 29.5923 8.6307 33.2787 28.3041 31.6898 17.4073 31.7295 33.5870 30.4828 31.3267 40.5294 21.0424 23.4265 22.0627 17.3776 31.4462 19.3067 40.8048 45.0090 63.9299 49.2222 59.2227 46.1500 58.9418 59.6933 57.7980 57.6191 50.9651 57.8729 58.7990 46.7370 55.3882 50.9715 53.7757 58.9221 43.5466 56.4701 59.1844 46.8244 30.6974 62.1987 58.0375 49.2086 48.5472 59.8872 53.6631 52.3289 59.1459
17.5235 0.0000 8.2016 4.3579 11.9728 8.4459 8.3512 16.8722 9.4616 11.4899 10.6286 11.5638 11.3384 11.0540 10.0963 8.2485 16.0032 11.7489 13.7307 15.1388 15.4720 13.2441 15.6577 12.5719 13.3533 11.8263 5.5010 4.9985 18.8235 16.0035 48.0943 41.3093 47.6278 45.7271 41.2302 33.1078 51.3378 53.9256 37.1905 41.5482 47.0961 44.0160 44.7626 47.7113 48.3937 47.7469 56.0744 53.1401 46.3529 36.1643 45.6469 52.8024 47.5137 45.2547 50.4209 43.6973 35.7845 40.9636 17.0927 43.1692 11.8164 14.7885 25.0432 17.0910 23.2000 27.8309 23.8030 25.9384 10.8895 9.7458 9.7779 25.9429 16.5919 22.8930 30.9998 13.7748 18.7324 24.3211 16.6411 18.7374 24.4187 17.9812 21.4090 22.0657 27.1958 6.6845 24.2437 8.5059 30.8792 33.0215 13.0109 11.6276 15.1103 21.7073 11.3203 11.4875 11.1244 16.7444 15.1449 13.7429 30.3863 19.9029 15.7773 11.9151 18.4744 13.4107 18.3008 14.4634 17.8037 19.6823 16.5640 15.4417 25.2347 6.3828 7.9808 8.5031 6.8661 16.3308 9.8855 26.0892 31.0565 49.3675 35.5698 44.4885 30.7309 43.7112 45.0669 44.0839 42.8695 37.2757 42.6863 43.6026 33.1530 40.9111 36.8666 38.6188 44.6055 28.3696 42.5726 44.6195 34.0104 16.6978 48.3493 44.1230 35.8280 33.8180 44.8064 39.4863 37.8882 44.5107
19.6711 8.2016 0.0000 6.5297 15.8733 11.0244 10.5698 21.0328 13.0571 15.9974 12.4865 15.6345 13.0278 13.7515 12.3947 10.1216 18.4951 13.6521 15.8150 17.0940 17.0277 16.7439 17.0502 14.7140 15.5630 15.7512 8.4643 6.7563 20.2910 16.7576 44.2832 37.5713 43.9429 41.8160 37.9133 30.1263 47.6046 50.0146 33.8153 38.3523 43.3019 40.8200 41.3078 43.8003 43.4564 43.8853 52.1634 49.4876 42.9772 33.4887 41.7976 48.8914 43.9288 41.7492 46.4297 40.3474 32.6649 37.1869 14.1400 39.4360 10.8481 10.3720 20.4616 12.6519 18.8528 23.0232 20.1309 22.8337 9.3598 10.7581 6.8855 22.0415 12.8769 18.5267 26.6054 9.2456 14.5489 19.8621 14.0342 14.8225 19.7968 13.5055 17.5182 19.1185 23.7365 5.4213 20.7575 4.7301 27.4097 28.5540 13.0425 14.3134 12.3498 18.8790 13.9449 13.8225 13.1697 19.9965 18.1943 10.8704 26.2982 16.5202 12.6716 14.6265 15.2377 11.2831 13.5703 16.2830 15.7293 16.4593 14.1637 14.3697 22.0884 9.1288 13.0652 9.2277 10.3284 15.0880 10.7821 22.8040 27.3443 46.0224 31.5574 41.2925 27.6621 40.5152 41.4704 40.1893 39.5108 33.4585 39.4692 40.4066 29.1675 37.5641 33.3175 35.3152 40.9063 25.3882 38.6616 41.1535 29.8977 18.7817 43.8642 40.3404 31.1486 30.3649 41.6105 35.9703 34.1917 41.0081
16.2303 4.3579 6.5297 0.0000 10.9560 7.3171 5.5062 17.4556 9.3362 12.7691 8.1018 11.4205 11.1861 10.5378 9.5796 9.0992 15.1542 10.0755 12.1151 14.3637 13.2799 13.2704 13.6895 11.3107 12.1081 11.4334 5.2099 3.6373 17.1558 14.3841 47.7836 40.9405 47.1761 45.3583 40.7934 33.4964 50.9460 53.5569 36.7127 41.9408 46.8540 44.4086 44.4609 47.3426 46.5101 47.3781 55.7057 52.9880 46.0825 35.6947 45.2979 52.4337 47.0830 45.2016 49.3468 42.4839 35.4875 39.8629 16.7917 42.6919 12.8285 14.3472 24.4945 16.7734 22.9584 26.8435 24.6051 26.3946 12.4330 9.8221 10.2932 26.3557 17.2816 22.7402 30.8533 13.2806 18.6940 23.8371 17.6320 18.8276 23.8510 17.5395 21.8783 23.1497 28.0239 7.5841 24.8588 7.9457 31.8412 32.5374 12.6265 10.7050 15.3291 22.1460 9.4468 9.0307 9.6838 15.2824 14.0544 14.0221 29.7244 19.7393 14.3563 11.3425 18.4006 12.9459 16.8092 12.8472 16.6521 18.8923 15.8205 15.9479 25.4683 5.8941 10.2783 8.0961 5.6802 16.1313 6.9573 25.9323 30.6877 49.6110 34.8586 44.8811 31.2289 44.3353 45.1606 43.7151 43.0994 36.9589 43.3105 44.2248 32.7098 41.1527 36.5767 39.2431 44.4206 28.7356 42.2039 44.7420 32.7951 16.7001 47.7459 43.8408 34.6663 33.6332 45.3546 39.5588 37.4929 44.6133
11.3676 11.9728 15.8733 10.9560 0.0000 8.6372 12.8793 13.1794 4.9280 9.7473 8.2283 10.1638 8.8995 6.9195 11.8193 15.8988 9.2819 11.3848 7.1254 13.7661 7.8650 9.9370 5.5827 8.9638 12.0812 12.4362 13.8149 11.3651 9.1684 9.6998 55.8376 48.5073 55.3206 53.2143 50.0441 42.6501 58.7542 61.4513 45.8836 50.1855 55.0987 52.6532 52.6856 55.1395 54.0373 54.9689 63.2724 61.2197 54.6907 44.7613 53.3821 60.0004 55.3065 53.3994 56.8128 50.0990 44.6916 48.2850 26.4296 50.4609 18.5463 22.2289 30.8833 23.5437 31.1099 32.2204 32.1706 35.8606 20.6819 16.1726 19.2704 34.1796 24.8549 30.0203 38.5642 20.3313 26.5987 31.3599 26.3695 27.6471 30.5051 25.3354 29.5153 32.0872 35.8481 16.6031 33.3870 15.7136 39.2328 38.7147 22.8333 20.1678 24.9028 31.4364 9.6051 4.8382 7.7521 12.6266 15.3282 23.3125 38.6756 29.0297 22.6312 9.3210 27.7423 23.1680 24.9128 13.9822 25.4148 28.2104 24.6969 26.2212 34.7894 16.1955 18.8979 16.9347 13.7588 26.3534 14.2419 35.1406 39.4252 57.8556 43.3570 53.1257 40.5193 52.6940 53.5193 51.7833 51.4452 45.1680 51.6692 52.5834 40.4913 49.3973 45.6119 47.6018 52.7482 37.9159 49.8158 53.0105 40.8161 24.4888 55.4266 52.0365 42.3032 42.9165 53.7133 47.8035 46.6454 52.9720
9.8173 8.4459 11.0244 7.3171 8.6372 0.0000 9.3803 11.5384 8.2027 7.8788 10.1557 8.5523 7.7016 6.4312 5.2382 8.2876 8.6920 13.4812 6.4046 7.9189 8.1056 8.0679 8.2066 7.3138 6.5975 14.1896 10.6340 6.0327 11.3545 9.4112 53.6711 46.8316 53.0636 51.2493 47.0762 39.6798 56.8371 59.4479 42.8087 47.7516 52.6898 50.2194 50.3484 53.2336 52.4400 53.2691 61.5967 58.8755 51.8719 41.6859 51.1855 58.3247 52.9705 51.0891 54.7956 47.8864 41.6167 45.7069 22.7330 48.5829 17.0013 20.4577 30.3610 22.4425 28.9302 32.6450 30.1967 33.0177 18.2300 14.8295 16.3608 32.1894 22.8364 28.3761 36.7418 19.1527 24.7340 29.9479 23.8575 25.1740 29.5689 23.5087 27.6661 29.3752 33.8390 13.9485 30.9351 13.2564 37.5005 38.4888 19.3852 15.6121 21.7078 28.5248 11.1382 8.6917 7.3642 15.3417 16.8613 20.4008 36.1833 26.1749 20.9213 7.5640 24.9950 19.7755 23.0188 16.0567 23.0586 25.2291 22.1321 22.8333 31.8470 12.5187 14.8693 13.5841 9.1473 22.9053 10.7313 32.3877 36.9317 55.4218 41.1449 50.6919 37.6076 50.3188 51.1441 49.6061 49.0700 42.8464 49.2940 50.2082 38.6008 46.9635 42.8595 45.2266 50.4357 35.0042 48.0949 50.6353 38.7927 22.1239 53.8095 49.7283 40.6862 40.0725 51.3381 45.3696 43.9464 50.5968
17.4674 8.3512 10.5698 5.5062 12.8793 9.3803 0.0000 18.7042 11.0359 13.8032 7.3287 11.9389 12.8727 11.8455 12.2959 12.4663 16.6617 7.2333 13.9342 16.9307 15.3453 13.9925 15.9630 12.5059 14.8455 8.4111 6.8591 8.3961 19.5289 14.9007 47.6658 40.7876 47.0583 45.2054 40.3278 33.5059 50.7931 53.4039 36.4321 41.9503 46.8635 44.4181 44.3431 47.1897 46.3389 47.2252 55.5528 52.9845 45.9554 35.1187 45.1801 52.2808 46.9652 45.1643 48.9083 41.9072 34.8280 39.0765 17.5035 42.5390 13.7128 15.3296 24.8818 17.1907 23.3572 27.2307 24.9990 26.2281 13.2811 10.6937 12.5669 26.4753 17.8304 23.1462 30.9729 14.1619 19.5979 24.2755 17.6954 18.6082 25.1309 18.1686 22.2938 23.0128 28.3475 9.8869 25.0400 11.0727 32.1936 33.0090 12.6055 10.1948 15.6818 21.7440 7.9089 10.8470 10.9834 13.6394 9.5081 13.9847 29.1600 19.3373 15.3011 12.3461 17.8712 12.2162 16.9134 9.0148 16.5196 18.1854 15.6279 15.1981 25.0663 6.5712 10.1859 9.2811 6.2797 15.3815 5.3307 25.4030 30.5348 49.6205 34.3579 44.8906 30.8269 44.2811 45.1065 43.5718 43.1089 36.8410 43.2563 44.1706 32.5569 41.1622 36.1111 39.1889 44.4301 28.3973 42.0510 44.7515 32.3416 16.6323 47.5293 43.8014 34.5134 33.2949 45.3005 39.5683 37.0508 44.6061
4.0761 16.8722 21.0328 17.4556 13.1794 11.5384 18.7042 0.0000 12.8273 5.9082 12.9842 8.6807 8.7573 8.7390 9.5843 13.2442 6.0412 15.0668 7.3535 7.4576 7.9661 6.3612 9.0642 6.4745 9.6066 14.6686 20.3033 16.0186 6.6793 8.3104 63.4920 56.7070 62.9362 61.1248 56.4488 48.7681 66.7125 69.3233 52.2238 57.1864 62.4939 59.6541 59.9908 63.1091 63.2963 63.1446 71.4722 68.5378 61.4992 50.4558 61.0447 68.2002 62.7431 60.7164 64.8709 57.0940 50.4497 55.2730 32.1968 58.4584 26.4247 31.3438 41.4944 33.6112 39.7653 43.8068 40.3566 42.1021 27.2248 25.4053 25.9491 42.4979 33.1534 39.3257 47.5548 30.2552 35.2407 40.8865 33.3355 35.2317 40.6270 34.5383 37.9782 38.6216 43.7862 23.1758 40.7380 24.3799 47.5621 49.5868 29.0664 23.6625 31.2004 37.8815 13.5905 14.3816 11.4371 19.0995 17.2474 29.8573 46.4604 35.7926 31.7144 10.1917 34.4146 29.5184 34.1220 18.1247 33.8539 35.1416 32.2861 31.7321 41.3237 21.5604 23.6296 24.0107 18.6848 32.3932 21.5532 41.9970 46.4607 65.0839 50.8616 60.3767 46.9643 60.0219 61.0074 59.5470 58.7732 52.6735 58.9971 59.9114 48.5874 56.5957 52.2865 54.9297 60.4133 44.3609 58.2248 60.3991 48.9352 31.9474 64.4420 59.6745 51.6452 49.6719 61.0413 54.9608 53.7439 60.3662
11.5688 9.4616 13.0571 9.3362 4.9280 8.2027 11.0359 12.8273 0.0000 7.5407 6.9119 7.6740 6.3238 4.3558 9.6565 14.0037 9.5422 9.2991 6.2605 14.1193 7.6412 8.8081 7.8937 7.2557 13.9679 9.1502 10.3998 9.7762 10.9408 10.4822 53.2879 46.6582 52.9814 50.8815 47.5115 39.4614 56.6914 59.0800 43.4135 47.1152 52.3066 49.5830 50.3339 52.8658 52.0356 52.9721 61.2289 58.4923 52.0685 42.3089 50.8225 57.9568 52.9548 50.7752 55.2888 49.1396 42.2215 46.6182 23.5408 48.5228 16.3440 19.8469 29.1972 21.3009 28.2622 31.6624 28.9728 32.5667 17.3830 13.4746 15.9749 31.1965 21.5818 26.9754 35.8606 18.3910 23.6143 29.2025 23.1258 24.5466 27.9826 22.7633 26.5788 28.7903 32.6893 13.4993 30.2281 13.7114 36.3646 37.3253 19.6212 17.5516 21.8265 28.2578 7.1877 4.8931 5.7168 12.4184 12.4239 20.2328 36.1246 26.2282 20.5667 7.4942 25.0710 20.0901 22.7088 10.8966 22.9325 25.6961 22.1181 22.9076 31.8809 13.1977 15.7712 14.3523 11.1297 23.3123 13.4414 32.5210 36.9819 54.8186 41.1951 50.0555 37.1929 49.4860 50.4020 49.2383 48.3206 42.4809 48.4612 49.3755 38.2352 46.3271 42.8943 44.3938 49.9109 34.7233 47.7270 49.9460 39.3289 21.5154 53.2454 49.3451 40.1894 39.9417 50.5054 44.9375 43.8293 49.8452
7.5490 11.4899 15.9974 12.7691 9.7473 7.8788 13.8032 5.9082 7.5407 0.0000 8.8099 4.0485 4.3430 4.0926 7.3107 10.1587 5.7804 9.9307 5.1742 11.5181 7.0177 2.9859 7.9428 2.6819 11.3000 9.6068 14.8164 11.4550 10.5809 6.8013 59.0143 52.2293 58.4584 56.6471 51.9559 44.2285 62.2348 64.8456 47.7309 52.6620 58.0162 55.1298 55.5327 58.6314 58.6990 58.6669 66.9944 64.0601 57.0561 46.4400 56.5669 63.7224 58.2653 56.2734 60.5932 53.3118 46.3708 51.1339 27.7537 53.9807 21.8728 25.7494 35.9000 28.0198 34.1709 38.4424 34.8943 37.1971 21.8953 19.8316 21.0481 36.9208 27.6151 33.8273 41.9777 24.6608 29.6636 35.2920 27.7846 29.7198 35.0857 28.9438 32.3869 33.5067 38.3648 17.9076 35.1863 19.1427 42.1147 43.9923 23.9128 19.6387 26.4163 33.0587 8.7483 10.2597 7.1736 14.8962 12.9035 25.0733 41.3221 30.9739 26.5913 6.5365 29.6213 24.3648 28.9916 12.9906 28.7308 30.0254 27.2605 26.8515 36.5397 16.8258 18.8205 18.9777 14.1410 27.2862 17.4760 37.1783 41.9765 60.3862 46.1809 55.6022 42.0990 55.1718 56.2039 55.0039 53.9906 48.1957 54.1470 55.0613 43.9985 51.8927 47.7936 50.0796 55.6098 39.4956 53.4926 55.5646 44.3226 27.1743 59.3189 55.0430 46.5221 44.8532 56.1912 50.5050 48.9252 55.5627
12.0306 10.6286 12.4865 8.1018 8.2283 10.1557 7.3287 12.9842 6.9119 8.8099 0.0000 7.5328 6.8335 7.1201 11.9957 14.9796 11.1337 4.4052 8.9136 16.4605 10.6524 8.7769 11.5990 7.2557 16.6995 5.8242 10.1216 10.9808 14.7718 9.5582 51.8636 45.0283 51.2574 49.4461 45.1572 37.6674 55.0338 57.6446 41.0592 45.9438 50.8823 48.4116 48.6022 51.4304 51.1575 51.4659 59.7935 57.0681 50.2716 40.1349 49.3780 56.5215 51.2232 49.2816 53.8198 47.3299 39.8672 44.5265 21.3467 46.7800 17.3134 18.9481 28.8689 21.0223 27.2268 31.4786 28.5175 30.7914 17.1607 14.0090 15.1242 30.3905 21.1862 26.9289 34.9572 17.7777 23.3995 28.2478 21.8498 23.1290 28.4527 21.9138 25.8672 27.3675 32.0359 13.0052 29.0649 13.7944 35.7900 36.9481 16.9376 14.5411 19.4648 26.2817 3.4800 7.4547 5.5313 9.2767 7.4962 18.1578 33.9448 23.9322 19.0045 6.7538 22.7108 17.3282 21.1855 5.9959 21.0251 23.2278 19.9803 20.3441 29.6040 10.7532 14.4157 12.2387 8.9624 20.4576 9.0851 30.1450 34.9239 53.6140 39.1370 48.8841 35.3646 48.2803 49.1057 47.8029 47.1024 41.0389 47.2556 48.1698 36.7976 45.1557 40.8474 43.1881 48.4867 32.9293 46.2917 48.7450 37.3497 20.4286 51.7757 47.9209 38.8037 37.8948 49.2997 43.5618 41.7713 48.5996
9.7858 11.5638 15.6345 11.4205 10.1638 8.5523 11.9389 8.6807 7.6740 4.0485 7.5328 0.0000 6.1264 5.3968 9.6042 12.4752 9.0990 7.9059 6.7586 14.3683 8.8537 4.8458 9.9023 3.2516 14.3907 6.5040 13.4266 11.6800 13.1287 7.3226 56.4187 49.9279 55.8628 54.0515 49.2392 41.2988 59.6392 62.2500 45.1349 49.5750 55.4206 51.9626 52.9175 56.0358 57.2476 56.0713 64.8255 61.4645 54.1718 43.6693 53.9713 61.2454 55.6697 53.5663 58.5851 50.8264 43.3663 48.8433 25.1656 51.3851 21.2042 24.8912 35.0575 27.1596 33.2132 37.7651 33.8265 34.5927 20.5765 19.1884 18.8332 35.8420 26.4478 32.8072 40.8989 23.8061 28.5848 34.3343 26.4260 28.4395 34.3744 28.0593 31.4178 31.3641 37.1283 16.2287 34.0821 17.9123 40.8924 43.0347 22.1730 16.2012 23.7347 30.0929 7.3181 9.2352 6.4673 14.4232 9.2353 22.5597 39.5132 28.7477 24.9186 5.6603 27.4243 22.4348 27.4148 11.2496 27.0429 28.1944 25.4810 23.5966 33.7233 14.2199 17.4939 17.3323 12.2550 25.3088 16.1487 34.7798 39.5732 57.6094 44.3096 52.5394 39.0562 52.0228 53.6265 52.4083 51.2164 45.6002 51.2109 51.9123 42.0686 49.2355 45.0769 47.1392 53.0323 36.2335 51.4170 52.9872 42.7501 24.2025 57.6310 52.4474 44.8343 42.1547 53.2957 47.7380 46.3554 52.9853
7.5298 11.3384 13.0278 11.1861 8.8995 7.7016 12.8727 8.7573 6.3238 4.3430 6.8335 6.1264 0.0000 3.6232 6.8538 9.4024 5.8616 8.8612 5.4203 11.6868 6.2308 5.3070 7.9648 5.0951 11.4850 10.2844 12.6767 9.7382 10.2845 8.3697 56.7408 49.9455 56.2687 54.3296 50.3276 42.6106 59.9788 62.5282 46.2297 50.7404 55.7595 53.2082 53.6260 56.3139 56.0264 56.3494 64.6770 61.9453 55.2954 45.6249 54.2552 61.4050 56.2470 54.1588 59.0534 52.5908 45.0377 49.9067 26.0368 51.8102 21.3911 22.7579 32.8471 24.8539 31.1480 35.5136 32.5092 35.3126 21.1476 18.1789 18.8500 34.4782 25.1931 30.7059 39.1116 21.5776 26.9032 32.2467 26.0777 27.2965 32.1526 25.8075 29.9549 31.5986 36.1172 16.2190 33.0681 15.7356 39.8131 40.8456 21.8184 19.0459 24.2232 31.0724 8.3025 8.4180 5.0695 12.0209 13.2138 22.8920 38.8420 28.9205 23.6007 5.4641 27.5887 22.2897 25.8547 11.6057 25.6283 28.3965 25.0141 25.1551 34.4416 15.4125 17.3310 16.7034 13.2055 25.4080 14.5039 35.2184 39.9540 58.4106 44.3090 53.6807 40.1464 52.9034 53.8585 52.6864 51.8990 45.9161 51.8573 52.7947 41.6811 49.9523 45.8713 47.7758 53.3639 37.8725 51.1752 53.5416 42.6175 25.1643 56.4503 52.7981 43.6376 42.9187 53.9986 48.3904 46.8014 53.3962
7.5997 11.0540 13.7515 10.5378 6.9195 6.4312 11.8455 8.7390 4.3558 4.0926 7.1201 5.3968 3.6232 0.0000 7.8528 11.8662 6.2017 9.1764 4.3759 11.6112 6.7078 5.0375 7.4315 4.2288 11.3669 9.1985 12.6981 9.3343 10.3457 7.0996 56.4776 49.6423 55.8714 54.0601 49.8503 42.3744 59.6478 62.2586 45.7024 50.4786 55.4963 52.9464 53.1549 56.0444 55.3271 56.0799 64.4075 61.6821 54.7425 44.5796 53.9920 61.1354 55.7770 53.8956 58.0388 51.1158 44.5104 48.9178 25.4417 51.3937 19.2633 22.9849 32.9208 24.9966 31.3779 35.2560 32.6643 35.3797 20.2508 17.3215 18.9727 34.6569 25.2999 30.8563 39.2888 21.7123 26.9951 32.4751 26.2883 27.4994 32.0435 26.0359 30.1336 31.8060 36.3023 16.2043 33.1523 16.0830 39.9682 41.0484 21.9668 18.2937 24.3445 31.1387 6.8893 7.2146 4.9423 12.1393 12.5184 23.0148 38.8810 28.8684 23.6316 6.0512 27.5495 22.4366 25.7291 11.5973 25.7688 28.0072 24.8550 25.3034 34.4679 15.1255 17.4185 16.2933 11.9688 25.5428 14.7956 35.0812 39.7101 58.1488 43.9232 53.4189 40.2216 52.9651 53.7905 52.4169 51.7164 45.6529 51.9403 52.8546 41.4116 49.6905 45.6336 47.8729 53.1616 37.6363 50.9056 53.2816 41.8840 24.8516 56.5396 52.5348 43.4163 42.7660 53.9844 48.1272 46.6442 53.2431
8.3500 10.0963 12.3947 9.5796 11.8193 5.2382 12.2959 9.5843 9.6565 7.3107 11.9957 9.6042 6.8538 7.8528 0.0000 6.6775 7.7297 14.5002 6.0178 5.7549 6.8502 8.6021 8.0201 7.3442 6.3854 14.8920 12.3462 8.4205 9.9071 10.3571 55.1924 48.4074 54.6365 52.8252 48.6673 41.0320 58.4129 61.0237 44.5628 48.9358 54.1943 51.4035 51.7713 54.8095 54.5298 54.8450 63.1726 60.2985 53.3542 43.3918 52.7451 59.9006 54.4435 52.5120 56.8659 50.2123 43.3225 47.9453 24.4591 50.1588 19.1510 22.4183 32.0831 24.1490 30.7954 34.4427 31.2965 34.2897 19.7471 16.0848 17.6696 33.4867 23.7834 29.8594 38.3431 21.0971 26.1548 31.9085 25.0429 26.5988 31.1551 25.4693 28.8690 30.5606 34.9893 15.0534 32.1656 15.2729 38.6691 40.2813 21.0006 17.3300 23.1827 29.8250 12.4690 11.0954 8.3028 17.4092 17.7241 21.8397 37.8679 27.7066 22.9893 8.7248 26.4461 21.5268 25.0868 17.2638 25.1266 26.8526 23.8119 24.2137 33.3061 14.0645 16.6412 15.1069 11.3169 24.5815 13.7044 33.9194 38.6757 56.6248 42.8889 51.8760 38.9005 51.4435 52.3800 51.1820 50.2272 44.3739 50.4187 51.3329 40.1767 48.1476 44.5015 46.3513 51.7992 36.2970 49.6708 51.7752 40.9163 23.2082 55.3260 51.2211 42.4307 41.6041 52.4628 46.7436 45.6310 51.7813
12.7972 8.2485 10.1216 9.0992 15.8988 8.2876 12.4663 13.2442 14.0037 10.1587 14.9796 12.4752 9.4024 11.8662 6.6775 0.0000 11.6518 15.5870 11.4556 10.5849 10.7132 10.1083 12.6315 11.0887 8.7562 16.2231 10.2700 6.7930 14.4297 14.8907 53.4175 46.6325 52.8616 51.0503 46.0139 38.8536 56.6380 59.2488 42.2115 47.2980 52.4194 49.7658 49.9650 53.0346 53.2248 53.0701 61.3976 58.4922 51.5018 41.2450 50.9701 58.1256 52.6685 50.7057 55.4858 48.3240 40.5952 45.6903 22.4924 48.3839 18.3939 19.9787 30.2650 22.2938 28.2999 33.0775 29.5435 30.9403 16.7797 16.6495 15.4433 31.0442 22.1182 28.2290 35.8882 18.9841 23.6657 29.3959 22.0035 23.2063 29.7056 23.1747 26.7128 27.3391 32.8214 11.9059 29.3782 13.2666 36.6606 38.0962 18.3923 16.5111 20.0779 26.9812 16.1140 14.7649 12.2549 20.5383 19.6590 18.7668 34.9138 24.8290 20.5855 12.1500 23.3055 17.5784 23.2388 19.5578 22.5746 24.0133 21.5438 20.3716 30.2741 12.4606 13.4964 13.8580 12.4051 20.6731 14.6008 30.9824 36.3797 54.9682 40.4331 50.2383 36.0552 49.4610 50.4823 49.4071 48.4566 42.5989 48.4149 49.3524 38.4017 46.5099 41.8516 44.2900 49.9287 33.7813 47.8958 50.0992 38.8101 23.9053 53.1275 49.4462 40.6153 38.8168 50.5562 44.9374 42.8732 49.9538
3.9396 16.0032 18.4951 15.1542 9.2819 8.6920 16.6617 6.0412 9.5422 5.7804 11.1337 9.0990 5.8616 6.2017 7.7297 11.6518 0.0000 14.0810 4.6442 7.2331 3.5142 5.5041 5.2858 6.3379 6.8255 14.8013 18.3317 13.1450 6.2324 8.3979 62.0274 54.9810 61.4199 59.4041 55.3648 48.0798 64.9865 67.6411 51.0881 56.2193 61.1325 58.6871 58.7047 61.3830 60.5110 61.4185 69.7461 67.2535 60.2282 49.9587 59.5418 66.4741 61.3268 59.4454 63.0730 56.1273 49.8895 53.9166 31.0702 56.7324 24.6428 27.6937 37.2846 29.9737 36.4487 39.5838 38.0759 41.0939 25.8907 22.5598 24.7019 40.0437 30.8353 36.1584 44.4913 26.1780 32.4117 36.8775 31.6924 32.9371 36.7835 30.6875 35.4423 37.4345 41.7995 21.8363 38.6470 20.5710 45.1946 45.4628 27.6606 23.8191 30.0509 36.8678 12.2340 10.8438 9.1845 15.5265 17.9571 28.7439 44.2630 34.4611 28.3030 8.9199 33.0877 27.9953 30.5856 16.9765 31.0596 33.4102 30.2879 30.9972 40.1901 20.8293 23.0770 22.0301 17.4395 31.1807 18.6175 40.6195 45.0134 63.8895 49.2266 59.1595 45.9507 58.7296 59.5549 57.9335 57.4808 51.2027 57.7048 58.6190 46.7502 55.4312 51.1481 53.6374 58.7838 43.3473 56.2443 59.0461 47.0182 30.5844 61.9021 58.0846 48.7787 48.3479 59.7489 53.8373 52.1109 59.0076
15.1166 11.7489 13.6521 10.0755 11.3848 13.4812 7.2333 15.0668 9.2991 9.9307 4.4052 7.9059 8.8612 9.1764 14.5002 15.5870 14.0810 0.0000 12.3039 19.6529 13.6734 9.6771 14.7076 8.8537 19.6519 4.8707 9.0939 13.1174 18.0527 12.2315 51.6013 44.7219 50.9938 49.1397 44.4093 37.3742 54.7274 57.3382 40.6030 45.8186 50.7318 48.2864 48.3035 51.1240 51.1531 51.1595 59.4870 56.8528 49.9944 40.2322 49.1157 56.2150 50.9244 49.0326 53.5979 47.7874 39.1193 43.8555 21.4665 46.4733 18.0956 18.5833 28.5670 20.7774 26.9521 31.3232 28.1608 29.6420 16.7899 14.8160 14.8445 29.6481 21.0838 26.8164 34.3406 17.6280 22.3330 27.8704 20.8598 21.8616 28.7187 21.7920 25.4560 26.2301 31.5119 12.3846 28.1876 13.7751 35.3453 36.6038 16.2598 15.3657 19.1597 25.5549 5.5934 10.2328 8.3649 11.2740 6.8072 17.4425 33.0562 23.2651 19.2306 9.5214 21.6917 16.0387 21.2813 5.0727 20.6496 22.4639 19.6058 19.0406 28.8477 10.3490 13.7532 13.0492 11.5402 19.2367 10.3186 29.3491 34.4691 53.4888 38.4409 48.7589 34.6288 47.9816 48.9367 47.5074 46.9772 40.7766 46.9355 47.8730 36.4911 45.0305 40.1360 42.8528 48.2984 32.3549 45.9852 48.6198 36.7648 20.5380 51.2591 47.6697 38.6783 37.2525 49.0768 43.4366 41.0157 48.4744
5.5074 13.7307 15.8150 12.1151 7.1254 6.4046 13.9342 7.3535 6.2605 5.1742 8.9136 6.7586 5.4203 4.3759 6.0178 11.4556 4.6442 12.3039 0.0000 8.9940 3.5783 5.0872 4.1794 4.5543 8.9092 12.7668 15.5651 10.7583 7.1928 6.1915 58.0089 51.2239 57.4530 55.6416 51.6086 44.0902 61.2294 63.8402 47.3319 51.9214 57.0107 54.3892 54.6402 57.6259 56.7539 57.6614 65.9890 63.1673 56.1637 46.1767 55.5615 62.7170 57.2623 55.3809 59.3792 52.7459 46.1075 50.5311 27.4729 52.9752 21.6547 25.3068 34.7528 27.1309 33.8550 37.0273 34.8532 37.5312 22.9530 19.4340 21.1200 36.9668 27.3925 32.9612 41.6309 23.8699 29.2947 34.6813 28.7646 30.1144 33.8000 28.2672 32.4331 34.2823 38.5862 18.6806 35.6345 18.1181 42.2660 42.9816 24.1810 20.3643 26.2906 33.0423 9.4861 7.1950 5.3217 13.8100 15.1349 24.9476 40.9233 30.8145 25.2650 5.5192 29.4955 24.6556 27.3626 14.7060 27.7748 29.8095 26.8674 27.5005 36.5053 17.2720 19.8940 18.2348 14.1097 27.7619 15.8877 37.0273 41.5646 59.6577 45.7778 54.9505 42.1251 54.6209 55.4211 53.9985 53.3470 47.1903 53.5709 54.4852 42.9931 51.1333 47.3919 49.5035 54.8347 39.5217 52.5804 54.9122 43.6585 26.3200 58.3090 54.0376 45.1856 44.7120 55.6150 49.6125 48.6865 54.8737
6.3905 15.1388 17.0940 14.3637 13.7661 7.9189 16.9307 7.4576 14.1193 11.5181 16.4605 14.3683 11.6868 11.6112 5.7549 10.5849 7.2331 19.6529 8.9940 0.0000 7.7889 11.2092 9.2938 11.3806 4.8218 20.2683 17.2650 12.6191 5.9048 12.6857 60.0495 53.0811 59.4420 57.4989 53.5942 46.2075 63.0866 65.6974 49.3176 54.1397 59.0682 56.6074 56.7268 59.4832 58.8742 59.5187 67.8462 65.2539 58.2502 48.1212 57.5638 64.5742 59.3489 57.4674 60.9551 54.0604 48.0519 52.0073 29.4003 54.8325 22.6696 27.0428 36.7099 28.7757 35.5250 38.9939 36.4628 39.5523 24.6436 21.1691 23.0208 38.5403 29.1391 34.7346 43.0332 25.7216 30.9740 36.5330 30.3964 31.5407 35.8617 30.0938 33.9390 35.9141 40.2383 20.3621 37.3487 19.8689 43.7693 44.9342 26.1682 22.2237 28.3511 35.1680 17.3174 14.9096 13.2225 21.8217 22.9745 27.0441 42.6880 32.8085 27.6107 13.1515 31.5032 26.5488 29.7082 22.3544 29.7480 31.8035 28.6348 29.5048 38.4903 19.2897 21.7919 20.1467 16.3169 29.6882 18.0152 39.0213 43.3209 61.8843 47.5341 57.1771 44.2509 56.8223 57.6477 55.9555 55.5736 49.2247 55.7976 56.7118 44.8503 53.3515 49.3776 51.7301 56.9296 41.6475 54.4460 57.1389 45.1194 28.5486 60.1746 56.1076 47.0806 46.7061 57.8417 51.7576 50.5127 57.1004
5.0196 15.4720 17.0277 13.2799 7.8650 8.1056 15.3453 7.9661 7.6412 7.0177 10.6524 8.8537 6.2308 6.7078 6.8502 10.7132 3.5142 13.6734 3.5783 7.7889 0.0000 6.3982 3.5941 6.7169 8.3956 14.7245 16.9282 12.0391 5.2019 8.4207 59.1126 52.0611 58.5051 56.4893 52.8935 45.7015 62.0666 64.7263 48.7793 53.3975 58.3108 55.8653 55.7899 58.4632 57.5911 58.4987 66.8263 64.4317 57.5235 47.6565 56.6270 63.5543 58.4120 56.6115 60.1481 53.6432 47.5873 51.4596 29.1304 53.8125 23.2895 26.1801 35.5678 27.8308 34.8499 37.7762 35.9117 38.8851 24.3185 20.4413 22.4539 38.0064 28.5835 33.9050 42.4540 24.7617 30.3423 35.6625 30.0986 31.2428 34.8633 29.2603 33.4051 35.6163 39.7043 20.0145 36.9558 19.2083 43.1523 43.8640 25.7329 22.3717 27.8024 34.4967 11.6942 7.8868 7.4344 15.5681 17.4127 26.3727 41.7988 32.0899 26.2773 7.8206 30.6235 26.0715 28.3749 16.3394 28.5904 31.1150 27.7567 29.0940 37.9142 18.8545 21.5928 19.6607 15.9998 29.2530 16.9311 38.1553 42.5395 61.0677 46.7502 56.3378 43.5795 55.9440 56.7402 55.0187 54.6661 48.2879 54.8901 55.8044 43.8304 52.6094 48.6768 50.8227 55.9691 40.9761 53.3245 56.2314 44.3657 27.6603 58.9893 55.2486 45.8660 45.9767 56.9342 51.0155 49.7057 56.1929
7.5454 13.2441 16.7439 13.2704 9.9370 8.0679 13.9925 6.3612 8.8081 2.9859 8.7769 4.8458 5.3070 5.0375 8.6021 10.1083 5.5041 9.6771 5.0872 11.2092 6.3982 0.0000 7.5144 3.4037 11.5840 9.9578 15.4489 12.0680 10.3227 7.5515 60.3831 53.5981 59.8272 58.0159 53.1260 45.7678 63.6036 66.2144 49.0993 54.2123 59.3850 56.6801 56.9155 60.0002 59.6108 60.0357 68.3633 65.4426 58.4389 47.5574 57.9357 65.0912 59.6341 57.6561 61.9669 54.5265 47.4881 52.2422 29.1365 55.3495 23.8668 26.8691 37.0218 29.1752 35.2766 39.6001 36.6096 38.3933 23.2331 21.4134 22.5972 38.3208 29.1843 35.0716 42.9797 25.8078 30.6803 36.3978 29.2363 30.6623 36.2427 30.0667 33.8868 34.7818 40.0091 19.1827 36.6548 20.0936 43.8498 45.0981 24.9632 20.6969 27.5018 34.2691 10.1741 10.8524 7.6447 15.2075 13.3570 26.1588 42.2335 32.0454 27.3996 7.0014 30.7067 25.1640 29.8959 13.8430 29.5391 31.0793 28.5027 27.9058 37.6252 17.7925 19.5033 20.2850 15.5417 28.1721 17.6097 38.2498 43.3453 61.8825 47.3511 57.1525 43.3520 56.6234 57.5302 56.3727 55.3747 49.5646 55.5987 56.5129 45.3674 53.4290 48.9637 51.5313 56.8944 40.8420 54.8614 57.0255 45.4633 28.8025 60.4201 56.4118 47.3575 45.9247 57.6428 51.8878 49.9967 56.9055
7.2462 15.6577 17.0502 13.6895 5.5827 8.2066 15.9630 9.0642 7.8937 7.9428 11.5990 9.9023 7.9648 7.4315 8.0201 12.6315 5.2858 14.7076 4.1794 9.2938 3.5941 7.5144 0.0000 7.0921 8.8762 15.8152 17.1916 12.3799 5.0880 8.0477 58.6562 51.4158 58.0487 56.0329 52.7811 45.5342 61.5487 64.2699 48.6506 52.9741 57.8873 55.4418 55.3570 57.9581 56.9458 57.8533 66.1809 64.0083 57.4277 47.5278 56.1707 62.9089 57.9779 56.1880 59.5741 52.9209 47.4586 51.1419 29.2622 53.1698 22.2256 25.7243 34.4986 27.1031 34.6053 36.1759 35.6595 38.9470 24.1556 19.5721 22.3720 37.6750 28.3209 33.4664 41.9641 23.9466 29.9769 34.8553 29.8649 31.0447 33.9022 28.8308 32.9151 35.3826 39.2144 19.8740 36.8607 18.8495 42.6327 42.4398 25.9077 22.8211 27.9657 34.4038 12.6404 6.6951 8.6196 15.7751 18.3635 26.2798 41.6729 31.9970 25.6285 9.0276 30.5841 26.2494 27.8892 17.2713 28.4121 31.0606 27.6309 29.3015 37.8360 19.0676 22.0343 19.8422 16.4382 29.4163 17.3394 38.0294 42.3393 60.6442 46.3611 55.9206 43.4866 55.6096 56.3912 54.5719 54.3170 48.0632 54.5410 55.4668 43.3099 52.1859 48.4961 50.4736 55.6200 40.8832 52.6897 55.8823 43.8201 27.2860 58.4183 54.8251 45.2950 45.8839 56.5851 50.5921 49.6128 55.8438
7.3119 12.5719 14.7140 11.3107 8.9638 7.3138 12.5059 6.4745 7.2557 2.6819 7.2557 3.2516 5.0951 4.2288 7.3442 11.0887 6.3379 8.8537 4.5543 11.3806 6.7169 3.4037 7.0921 0.0000 11.4935 9.0781 14.1453 11.1676 10.1142 5.1376 58.0750 51.2900 57.5191 55.7078 51.0062 43.3767 61.2955 63.9063 46.7912 51.8207 57.0769 54.2885 54.5844 57.6921 57.3274 57.7276 66.0552 63.1208 56.1079 45.4249 55.6277 62.7832 57.3261 55.3251 59.4953 52.0787 45.3557 49.9692 26.8055 53.0414 21.3242 25.0106 35.1613 27.2986 33.4321 37.5001 34.4550 36.5435 21.6999 19.2249 20.2811 36.3585 26.9958 33.0714 41.2087 23.9313 29.0344 34.5533 27.3767 28.9443 34.3144 28.2051 31.7936 32.8944 37.9329 17.4012 34.8447 18.0772 41.7565 43.2536 22.8209 18.6884 25.4938 32.2005 7.7603 8.7163 6.3493 14.1276 11.8868 24.1507 40.2485 30.0603 25.4145 6.0251 28.7711 23.3671 27.8352 11.7608 27.5541 29.0942 26.2993 26.0704 35.6171 15.8348 19.2580 17.9425 13.1347 26.3523 15.6900 36.2647 41.0372 59.4909 45.2312 54.7609 41.2834 54.3667 55.3008 54.0646 53.1179 47.2565 53.3419 54.2562 43.0593 51.0604 46.8439 49.2745 54.7067 38.6800 52.5534 54.7182 43.1799 26.3087 58.2469 54.1037 45.3454 43.9397 55.3860 49.5567 48.0116 54.6716
6.8309 13.3533 15.5630 12.1081 12.0812 6.5975 14.8455 9.6066 13.9679 11.3000 16.6995 14.3907 11.4850 11.3669 6.3854 8.7562 6.8255 19.6519 8.9092 4.8218 8.3956 11.5840 8.8762 11.4935 0.0000 20.3447 15.4475 10.2413 8.6810 11.3403 58.6997 51.7493 58.0922 56.1671 52.1170 44.8117 61.7548 64.3656 47.8403 52.8713 57.7845 55.3391 55.3770 58.1514 57.2793 58.1869 66.5145 63.9055 56.9004 46.5165 56.2140 63.2425 57.9991 56.1176 59.6233 52.2053 46.4473 50.4207 27.8771 53.5007 21.2353 25.0179 34.5820 27.1708 33.7525 36.8660 35.1461 38.0577 23.0312 19.7061 21.6615 37.1714 27.8305 33.1798 41.6191 23.4222 29.5073 34.2256 28.9001 30.0444 33.9605 27.9914 32.5857 34.4462 38.8694 18.8471 35.7574 17.5919 42.4185 42.7667 24.7002 20.4494 27.0105 33.8274 17.5571 13.9813 13.8082 21.1370 23.0496 25.7035 41.2841 31.4207 25.4590 13.5865 30.0676 25.0349 27.6279 22.5269 28.1356 30.3815 27.2170 28.0368 37.1497 17.8217 20.1965 18.8586 14.4524 28.2202 15.8529 37.5993 41.8617 60.6712 46.0749 55.9640 42.9103 55.6092 56.4346 54.6057 54.3605 47.8749 54.5844 55.4987 43.5186 52.1295 47.9003 50.5170 55.6634 40.3069 53.1695 55.9257 43.5339 27.3609 58.8981 54.8130 45.7747 45.3075 56.6285 50.4893 49.0907 55.8872
15.9620 11.8263 15.7512 11.4334 12.4362 14.1896 8.4111 14.6686 9.1502 9.6068 5.8242 6.5040 10.2844 9.1985 14.8920 16.2231 14.8013 4.8707 12.7668 20.2683 14.7245 9.9578 15.8152 9.0781 20.3447 0.0000 11.5630 14.5190 18.9112 11.7199 52.6151 46.1946 52.0592 50.2478 45.0497 37.6062 55.8356 58.4464 41.3312 45.9897 51.6169 48.4574 49.1138 52.2321 53.7079 52.3248 61.0922 57.6609 50.4704 40.0138 50.1677 57.5427 51.8661 49.7627 55.0821 47.5098 39.3236 45.0394 22.0071 47.5814 17.9844 21.2658 31.1118 23.3170 29.0224 34.5487 29.7639 30.0613 16.5187 15.9135 16.4809 31.4816 22.5266 28.7994 36.5385 20.0271 24.6858 30.1512 22.0932 23.8527 30.6514 24.0306 27.2579 26.9054 32.9095 13.6059 29.7217 17.5537 36.7077 38.8482 18.2500 13.1717 19.9902 25.7298 6.1619 11.6898 9.8307 14.3371 4.9473 18.5508 35.1396 24.4014 22.0691 10.3128 23.0508 17.8864 23.9955 7.7422 23.2436 23.8851 21.7043 18.9327 29.2795 10.9510 14.7306 15.5935 10.9615 20.5494 13.7244 30.4063 35.8399 53.8057 40.3840 48.9299 34.7623 48.2633 49.5876 48.6047 47.3024 41.7965 47.2385 48.1528 38.3352 45.4445 40.8874 43.1711 49.1263 32.3110 47.6836 49.1403 39.0892 20.7525 53.6434 48.6438 41.0112 37.8388 49.3488 43.9343 42.1081 49.0315
19.6839 5.5010 8.4643 5.2099 13.8149 10.6340 6.8591 20.3033 10.3998 14.8164 10.1216 13.4266 12.6767 12.6981 12.3462 10.2700 18.3317 9.0939 15.5651 17.2650 16.9282 15.4489 17.1916 14.1453 15.4475 11.5630 0.0000 7.7870 20.4390 17.5975 45.6669 39.0926 45.3609 43.2997 38.9038 31.1285 49.0709 51.4982 34.9236 39.5730 44.6688 42.0407 42.6239 45.2840 45.4136 45.3516 53.7400 50.8210 44.2933 35.7939 43.2195 50.5634 45.2468 43.0653 48.4427 43.4227 33.6138 38.9208 16.3880 40.9023 12.4593 12.4023 22.0707 14.1428 19.8524 25.3938 21.5252 23.2865 10.5345 9.5674 8.2893 22.9666 14.1047 19.7358 27.6307 11.4085 15.2932 20.9735 14.0376 15.3939 22.3732 15.1971 18.5470 19.6749 24.6491 6.4580 21.3598 7.3159 28.4898 29.6738 10.0342 11.2585 12.7760 19.5861 10.8800 12.4260 12.3610 15.8912 14.2025 11.3690 27.4389 17.5718 12.8197 13.8080 16.1969 10.2558 15.5445 10.6560 14.6229 17.0699 13.9010 13.2304 23.0781 5.4858 7.5930 7.5114 7.7745 13.5961 8.1653 23.8092 28.6291 47.2431 33.1544 42.5132 28.5572 41.7359 42.6911 41.6565 40.7315 34.8483 40.6898 41.6273 30.6746 38.7848 34.3281 36.4976 42.2397 26.2832 40.1452 42.3742 31.5850 14.6285 45.2996 41.6956 32.6402 31.3727 42.8312 37.2662 35.3497 42.2288
14.7064 4.9985 6.7563 3.6373 11.3651 6.0327 8.3961 16.0186 9.7762 11.4550 10.9808 11.6800 9.7382 9.3343 8.4205 6.7930 13.1450 13.1174 10.7583 12.6191 12.0391 12.0680 12.3799 11.1676 10.2413 14.5190 7.7870 0.0000 16.1829 14.6446 49.5752 42.6073 48.9677 47.0251 42.7257 35.5132 52.6128 55.2236 38.4969 43.8395 48.7527 46.3073 46.2524 49.0093 48.1373 49.0449 57.3724 54.8737 47.8446 37.6254 47.0895 54.1004 48.8745 47.0535 50.7582 43.9697 37.3049 41.4150 18.7779 44.3587 14.8139 15.9367 25.8448 18.4960 24.7030 28.1938 26.4196 28.5263 14.7406 12.7249 12.1751 28.2184 19.1290 24.4628 32.6660 14.6309 20.5765 25.2781 19.6803 20.8246 25.3353 19.0696 23.6248 25.1980 29.9163 9.7191 26.8026 8.7786 33.5858 34.0149 14.9736 13.0084 17.4176 24.2345 12.0108 9.1467 9.0694 15.3211 16.9382 16.1105 31.5808 21.8278 15.8737 10.3042 20.3819 15.1752 18.2216 15.8010 18.4324 20.7587 17.5264 18.1771 27.5568 8.7908 10.9134 9.6040 7.8656 18.3605 9.3381 27.9136 32.4529 51.5097 36.6661 46.7798 33.3174 46.2830 47.1084 45.4812 45.0343 38.7504 45.2582 46.1725 34.3765 43.0514 38.5091 41.1908 46.3372 30.7750 43.8706 46.6407 34.4621 19.3806 49.4616 45.6906 36.3383 35.7146 47.3023 41.4575 39.4435 46.5610
5.9271 18.8235 20.2910 17.1558 9.1684 11.3545 19.5289 6.6793 10.9408 10.5809 14.7718 13.1287 10.2845 10.3457 9.9071 14.4297 6.2324 18.0527 7.1928 5.9048 5.2019 10.3227 5.0880 10.1142 8.6810 18.9112 20.4390 16.1829 0.0000 10.9652 62.2140 55.1339 61.6065 59.5906 56.2509 48.8028 65.1394 67.8276 52.1529 56.3021 61.2327 58.7699 58.9188 61.5360 60.6639 61.5715 69.8991 67.4184 60.8079 51.0301 59.7283 66.6270 61.5397 59.6319 63.2963 56.7350 50.9609 54.8046 32.4754 56.8853 25.2516 29.1416 38.6265 30.4305 37.7233 40.4733 38.7775 42.3980 27.4625 22.6823 25.7169 40.7930 31.4389 36.6137 45.1888 27.9004 33.3432 38.6318 33.0468 34.3516 37.3427 32.2637 36.0967 38.5006 42.3918 23.1810 40.1676 22.4590 45.8113 46.6002 29.2264 26.2345 31.2800 37.7173 15.7460 10.7798 11.6642 19.8896 21.5221 29.5987 45.2162 35.3598 29.6723 12.1618 34.2869 29.5600 31.7698 20.4740 31.9792 34.7499 31.2243 32.7054 41.0980 22.4194 25.2069 23.1670 19.7089 32.6704 20.9324 41.5726 45.8376 64.0007 50.0198 59.2935 46.8001 58.9387 59.7641 58.1200 57.6900 51.5615 57.9140 58.8282 46.9032 55.5139 51.9749 53.8465 59.0481 44.1967 56.4528 59.2553 47.4824 30.6863 62.1814 58.2712 49.0580 49.2574 59.9581 53.9201 53.0640 59.2167
7.9028 16.0035 16.7576 14.3841 9.6998 9.4112 14.9007 8.3104 10.4822 6.8013 9.5582 7.3226 8.3697 7.0996 10.3571 14.8907 8.3979 12.2315 6.1915 12.6857 8.4207 7.5515 8.0477 5.1376 11.3403 11.7199 17.5975 14.6446 10.9652 0.0000 58.7696 51.9634 58.1925 56.3812 51.9641 44.2130 61.9689 64.5797 47.7390 52.3724 57.7502 54.8402 55.2472 58.3655 58.5240 58.4010 66.7285 63.7942 56.7113 46.1277 56.3010 63.4565 57.9994 55.9285 59.8374 52.2141 46.0585 50.5227 27.4216 53.7148 21.7824 26.9716 36.9862 29.0631 35.3488 39.2702 35.8223 37.8874 23.2734 20.7694 22.0087 38.0952 28.5864 34.7826 43.1522 25.7542 30.9501 36.4618 29.1656 31.1110 36.0789 30.0322 33.5613 34.4387 39.3575 19.5716 36.4614 21.1142 43.0278 45.0903 24.8856 20.1421 27.3507 33.3899 9.6096 10.9642 9.1241 17.0994 13.7632 25.5809 42.0208 31.3713 28.0587 8.0332 30.0379 25.3377 29.4007 14.7206 29.3869 30.7021 27.7649 27.5164 36.8735 17.3538 22.4564 20.4568 15.2784 28.2117 16.8024 37.5757 41.9913 60.3334 46.3585 55.6262 42.4727 55.2714 56.3272 54.8669 54.0350 47.9413 54.2467 55.1609 43.8890 51.8895 47.8018 50.1793 55.7331 39.8693 53.5446 55.6929 43.9839 27.0913 59.7436 54.9943 46.9468 45.2506 56.2908 50.2363 49.3226 55.6861
61.7898 48.0943 44.2832 47.7836 55.8376 53.6711 47.6658 63.4920 53.2879 59.0143 51.8636 56.4187 56.7408 56.4776 55.1924 53.4175 62.0274 51.6013 58.0089 60.0495 59.1126 60.3831 58.6562 58.0750 58.6997 52.6151 45.6669 49.5752 62.2140 58.7696 0.0000 13.4464 6.9889 4.5691 13.1576 19.1187 8.7301 7.5676 14.7599 7.9840 4.1493 6.8204 9.2175 4.8934 12.6146 4.9858 13.0807 7.6143 9.9621 28.9181 4.3107 10.1241 7.2296 5.2005 18.5212 29.5607 20.0470 24.2658 33.6593 10.8357 38.9860 36.6450 27.8931 35.0065 28.4617 27.6092 26.3327 24.0998 38.4040 41.5757 38.5365 24.9814 33.0047 27.9406 20.5627 37.9285 31.7676 28.3971 32.8860 31.4350 31.4383 33.3176 29.3873 27.3171 22.3300 41.9211 25.2758 41.9539 21.0712 22.2859 35.7859 43.0528 33.8698 27.4674 50.4259 52.0228 53.0861 47.6919 48.7563 34.8240 20.1878 28.8261 34.5036 53.6672 31.0031 36.0297 31.6647 46.7944 31.8271 30.6551 32.1523 34.4797 24.2965 42.9221 41.9485 40.3199 45.1984 33.2913 43.7877 23.6365 18.9246 7.5785 17.1109 6.9475 18.8333 9.1759 6.8596 4.9675 7.2985 11.1958 8.3446 9.3003 16.2574 8.2635 12.3589 10.6125 6.2770 20.8122 7.3210 5.4804 23.2258 32.8421 8.4043 5.2670 14.4556 15.1967 6.4873 8.7159 11.4019 8.9374
54.9156 41.3093 37.5713 40.9405 48.5073 46.8316 40.7876 56.7070 46.6582 52.2293 45.0283 49.9279 49.9455 49.6423 48.4074 46.6325 54.9810 44.7219 51.2239 53.0811 52.0611 53.5981 51.4158 51.2900 51.7493 46.1946 39.0926 42.6073 55.1339 51.9634 13.4464 0.0000 9.4295 10.5376 7.1681 13.8852 11.4956 16.2538 7.3427 11.7345 13.5520 11.9363 7.1003 9.5830 10.6492 9.9181 15.2698 15.0422 10.1382 19.6377 9.7545 12.0126 8.8635 11.0457 11.4296 18.8048 12.8386 12.2703 26.1141 4.2780 32.6220 30.0001 21.3233 28.2829 23.3235 21.3613 20.4146 20.1996 31.9738 35.0580 32.1874 20.6647 26.7463 22.1212 18.6774 31.0018 25.7298 22.8281 27.6597 25.8081 27.9546 26.7660 23.3448 21.8502 17.7462 35.2480 20.5070 35.3006 20.3265 21.3032 29.7349 38.0801 27.6859 22.0782 43.6409 44.8796 46.2658 39.7854 42.4538 28.4589 14.2531 22.4351 27.5153 46.8822 24.7977 29.4952 24.8781 39.9312 25.6077 23.9826 25.6796 29.3024 19.9156 36.1371 35.2429 33.5349 38.4134 26.8948 36.7555 18.2956 11.7592 18.9118 7.4961 16.2795 17.8277 19.2853 17.0220 11.4133 15.3320 9.0217 17.8149 19.4287 10.1101 13.2546 9.4656 15.2615 15.4052 17.7750 9.5389 14.8200 10.6298 28.1411 17.3482 12.5034 10.9415 13.5020 15.2147 10.8353 12.3558 17.8670
61.1823 47.6278 43.9429 47.1761 55.3206 53.0636 47.0583 62.9362 52.9814 58.4584 51.2574 55.8628 56.2687 55.8714 54.6365 52.8616 61.4199 50.9938 57.4530 59.4420 58.5051 59.8272 58.0487 57.5191 58.0922 52.0592 45.3609 48.9677 61.6065 58.1925 6.9889 9.4295 0.0000 8.2645 8.3297 16.2599 5.7558 8.6978 11.3373 9.2083 8.5641 7.8727 3.6417 5.8200 14.2665 6.1689 13.1327 6.8209 4.4096 23.1036 4.5272 9.8266 2.4560 6.0277 14.2645 23.9369 16.2523 19.4516 31.4229 5.9196 38.9968 36.6557 27.9003 35.0172 28.5363 27.5540 26.3435 24.3659 38.2789 41.5864 38.4746 25.0867 33.0671 27.9513 22.2247 37.8748 31.7784 28.4895 32.9483 31.4457 33.3428 33.3284 29.3980 27.3795 22.3635 41.5712 25.3381 41.8239 23.2804 24.5937 35.5720 42.3288 33.4618 27.2151 49.8700 51.4153 52.4949 46.7684 48.2004 34.5139 19.6139 28.4100 34.1081 53.1113 30.4472 35.7350 31.3690 46.2489 31.7449 30.0385 31.8315 34.2108 23.9387 42.3662 41.4390 39.7830 44.6425 32.9266 43.2141 23.2308 17.7429 13.1958 15.3378 11.8032 19.0720 13.9125 12.7909 8.4967 12.2099 11.3453 13.4881 13.7604 16.2078 11.9055 12.7309 13.3917 11.9836 21.2763 8.8732 9.9334 19.4494 32.7038 14.1547 8.1740 15.7124 15.9294 9.8881 10.2403 12.7311 14.5767
