0.0000 4.5927 6.0926 7.1811 7.1486 5.1373 7.7321 9.7891 5.7873 9.0815 5.8650 3.2302 4.7248 10.8786 7.1032 5.4118 6.7008 6.4509 10.0106 4.4997 9.3660 8.0526 8.4590 5.6359 5.8197 3.8035 9.5047 7.1191 5.9485 5.0607 117.5904 114.1394 110.1349 98.1741 113.4097 116.4633 111.3497 111.4187 116.5558 101.2896 116.7173 112.4907 106.4017 114.4231 117.7853 115.4268 113.4364 102.8579 106.0480 116.7988 110.4162 102.8023 92.7467 110.7419 117.5786 112.4884 106.2933 108.8444 101.7453 112.7773 6.0196 8.4825 14.9038 7.5775 10.6081 11.2923 14.3172 14.9287 7.0051 19.5121 18.9725 15.4799 19.0987 14.7458 12.5074 10.1912 7.8825 8.6738 13.1435 12.2244 8.0350 13.9289 7.7584 11.1472 8.7318 14.0104 7.7077 16.4507 11.2299 6.8133 27.8631 38.3130 37.4592 39.7449 33.2459 21.5227 43.8259 39.8542 23.3706 23.8675 45.7304 33.6361 35.0951 31.8332 36.3651 20.7062 30.7585 34.2236 27.6438 31.0567 35.6950 26.0459 28.7753 32.6217 25.4492 32.4036 25.2976 30.8913 23.9590 40.7235 70.1835 75.6771 72.4316 79.5092 70.4893 75.1601 75.0975 73.7151 75.8068 73.9874 68.8216 66.1863 72.4150 69.5999 70.0873 71.1392 79.3332 68.4024 74.3827 74.8838 76.3397 71.3861 71.0586 78.2427 72.0533 74.9307 69.6730 74.7309 72.7923 77.4497
4.5927 0.0000 5.2129 4.3813 6.3792 3.9243 5.2537 8.9981 4.3055 7.3196 4.0552 5.4569 4.3151 8.3334 5.3239 5.3784 7.0889 4.8835 8.5252 4.9757 7.4163 5.7153 6.1559 6.1100 4.8178 4.3745 6.9014 5.7461 7.2779 5.9002 114.4696 111.2099 107.3790 95.1709 110.3971 113.3152 108.3761 108.3874 113.5574 98.2698 113.5653 109.4997 103.4377 111.2268 114.5746 112.3459 110.4129 99.7858 103.1137 113.5820 107.3900 99.7114 89.8763 107.7161 114.4637 109.5057 103.4468 105.9613 98.6085 109.7741 4.2099 5.2860 11.7234 4.7433 7.8072 7.8971 11.3115 11.8287 5.3353 16.1695 15.8343 12.3140 16.4268 11.3849 9.1741 7.2055 5.7578 6.2441 10.0534 8.8895 5.2914 10.9365 4.6947 8.4834 5.7041 10.9184 5.1908 13.1747 8.6220 4.5018 26.5241 36.6980 36.3359 38.1792 32.1329 21.0357 42.7893 39.2438 21.9087 22.8453 44.3972 32.4476 34.1670 31.0559 35.2293 20.6618 28.8474 33.4656 26.4314 30.3938 34.0426 24.3556 27.9602 31.2934 24.5116 30.9586 23.5947 29.4220 23.1620 39.2073 67.1240 72.5475 69.4365 76.3868 67.4511 71.9448 72.3145 70.6142 72.7515 71.1150 65.7475 63.0351 69.3651 66.6600 66.8908 67.9042 76.1289 65.5712 71.2791 71.6991 73.3498 68.4892 68.0898 75.1440 68.9661 71.8242 66.8773 71.7085 69.8424 74.3421
6.0926 5.2129 0.0000 4.2328 3.1126 4.7511 4.8402 7.6167 4.1796 5.1554 3.8854 5.8919 5.1234 6.8998 4.8772 3.0481 6.3047 3.6987 5.7681 4.7578 6.7142 4.3964 6.1840 4.8843 5.1094 4.8163 6.3756 2.7227 4.5389 6.4620 114.9251 111.7100 107.9037 95.8661 110.9302 113.7882 108.9367 108.9235 114.1060 98.7223 114.0992 110.1367 104.0083 111.6614 114.9840 112.7427 110.8942 100.2680 103.7806 114.1469 107.8978 100.4193 90.5656 108.2783 114.8993 109.9884 104.0715 106.6428 99.1249 110.3374 6.9994 7.5125 10.7049 7.1218 10.6461 9.1834 11.6641 10.7549 7.5130 15.6580 15.3656 12.3023 17.8111 13.0277 11.5425 7.8502 9.1231 7.8475 10.6033 10.1499 6.2218 10.5626 7.3752 7.6343 7.4166 11.3201 7.5703 13.8612 9.0462 6.0993 27.8196 37.4623 37.3967 39.7063 33.6406 23.4058 43.8736 40.4479 23.3897 24.7084 45.8346 34.0096 35.4232 32.8580 36.0776 22.2064 29.8645 35.0746 27.7589 32.1147 35.0103 25.5462 29.9468 32.8121 26.1564 32.2286 24.8959 30.8627 25.5503 40.3452 68.3605 73.6642 70.5689 77.2685 68.7249 73.0571 73.4821 71.6277 73.8682 72.0951 67.0344 64.3182 70.3933 68.0063 67.9893 68.9599 77.0631 66.8304 72.4712 72.5984 74.3872 69.6618 69.3143 76.1008 70.0312 72.7459 68.2097 72.6324 71.0196 75.3320
7.1811 4.3813 4.2328 0.0000 4.7220 5.8264 2.8902 8.5693 4.3509 4.9786 3.7764 7.5219 6.0900 6.2900 4.6603 5.1301 7.7981 2.9186 6.2664 6.2432 6.3865 3.5391 4.0937 7.1381 5.3991 6.0199 4.5846 3.8882 7.8274 8.0769 113.1650 110.1188 106.3562 94.2251 109.3195 112.1281 107.3148 107.3214 112.5224 97.0971 112.4304 108.4873 102.3483 109.9146 113.3379 111.0352 109.2435 98.6220 102.1244 112.3322 106.1983 98.7651 88.9391 106.6412 113.1916 108.3653 102.6026 105.0394 97.4455 108.6845 5.3668 3.9413 8.1671 5.2837 8.5778 5.8844 9.5194 8.8428 6.9944 13.1137 12.8244 9.9949 16.0251 10.2633 8.6650 5.6537 6.3697 6.7180 7.6076 7.0485 3.2774 7.9034 5.4749 5.6943 5.4052 8.7624 5.4439 11.1944 7.5910 4.0497 27.4506 36.7259 37.1103 39.0947 33.2306 23.3359 43.6454 40.3209 22.8142 24.3634 45.4203 33.3389 34.9775 32.5505 35.5409 22.4777 28.9774 34.8224 27.5728 32.1077 34.4160 24.8826 29.7550 32.3156 25.9159 31.5721 24.2976 30.1577 25.0773 39.7977 66.3656 71.7082 68.6672 75.3034 66.8369 70.9402 71.7355 69.7074 72.0092 70.2674 65.1163 62.3245 68.5832 66.0845 66.0219 66.9532 75.1627 64.9999 70.5078 70.5890 72.3948 67.7398 67.3838 74.2951 67.8988 70.8520 66.3462 70.8210 69.0719 73.3600
7.1486 6.3792 3.1126 4.7220 0.0000 6.6056 4.8628 7.6012 6.2077 4.9269 4.6605 6.1977 5.7716 7.8519 5.7028 3.7221 6.7116 4.4619 4.8897 5.5839 7.6177 4.0153 6.1766 5.8176 6.0549 6.5241 7.4597 2.0901 5.2545 8.2568 115.8817 112.8267 108.9981 97.0380 111.9987 114.7540 109.8803 109.9415 115.1166 99.8283 115.1124 111.1678 105.0217 112.5961 115.9897 113.6926 111.9544 101.3571 104.7725 115.0693 108.8491 101.6062 91.7838 109.2567 115.8289 110.9907 105.1972 107.7057 100.2695 111.3231 8.2181 7.7063 10.1810 8.7870 11.9840 9.7108 12.8325 11.0496 9.4655 15.4353 15.3197 12.9045 19.4947 14.1283 12.5207 9.2991 10.1142 9.6436 11.4656 11.1369 6.7274 10.4420 9.0748 8.0345 8.9019 12.1856 8.5163 14.5421 10.2206 6.5065 29.7770 39.2322 39.1102 41.3393 35.2562 25.4798 45.3335 42.0790 25.4075 26.8492 47.0201 35.7274 37.0755 34.8092 38.0076 24.3312 31.7978 36.8126 29.7375 33.5478 36.9093 27.4136 31.9332 34.6104 28.1448 34.0357 26.9109 32.6395 27.4903 41.9236 69.7383 74.9900 71.9847 78.4834 70.1216 74.3121 74.9803 72.9742 75.2439 73.6031 68.4561 65.7561 71.8080 69.5010 69.3042 70.2649 78.4009 68.3705 73.8521 73.7906 75.6677 71.0766 70.7049 77.4057 71.3207 74.0609 69.7327 73.9623 72.4727 76.5802
5.1373 3.9243 4.7511 5.8264 6.6056 0.0000 5.8334 7.1259 3.6122 6.5913 3.6948 6.2099 4.7994 7.1298 4.3300 4.8877 5.2877 4.9368 7.6152 3.8611 6.2699 6.4360 6.3766 3.8861 3.5276 3.4362 6.4375 5.9107 5.6697 3.3198 113.4227 110.0438 106.0946 93.9647 109.2500 112.2288 107.1738 107.1777 112.3610 97.0472 112.4713 108.3800 102.2673 110.2018 113.5287 111.2612 109.2579 98.5958 101.9518 112.6215 106.2907 98.5372 88.5994 106.5130 113.4064 108.3387 102.1205 104.7585 97.5167 108.5915 5.4466 7.4445 12.3679 5.3551 8.0849 8.8026 10.8758 11.4305 4.0751 16.3415 15.8474 11.9071 15.6515 11.6701 9.7451 7.2454 7.7500 5.2912 10.5604 9.7037 6.3437 11.3065 5.5409 8.1604 5.5502 10.7800 6.0425 13.2362 7.4713 6.2860 24.4714 34.9190 34.3389 36.2160 30.0446 19.2565 40.4766 37.1701 20.2693 21.1159 42.5156 30.6853 32.3658 29.1536 33.4226 18.7310 27.4873 31.3381 24.2844 28.2700 32.2727 22.6426 26.1500 29.4539 22.5231 29.0583 21.8550 27.4919 21.6486 37.1267 66.4483 71.7797 68.6756 75.6224 66.6281 71.3353 71.4257 69.9745 71.9213 70.3403 65.0329 62.5851 68.5183 65.9786 66.2407 67.4107 75.4992 64.7148 70.5759 70.9459 72.5513 67.6962 67.4048 74.2980 68.3931 71.1253 66.0649 70.8286 69.0807 73.6937
7.7321 5.2537 4.8402 2.8902 4.8628 5.8334 0.0000 6.6988 5.1919 3.4864 3.0917 7.8584 6.0126 5.9348 4.1000 4.9633 6.4283 2.6313 5.0447 5.6819 5.2013 3.3944 2.2298 6.3757 4.4817 6.3162 4.7518 4.1095 7.5189 7.9173 112.7274 109.6931 105.7997 93.7323 108.8938 111.6271 106.7207 106.7591 111.9722 96.6080 111.9334 107.9676 101.8160 109.4425 112.9171 110.5435 108.7306 98.1235 101.5325 111.8871 105.6530 98.3028 88.3752 106.0556 112.7481 107.8508 102.0011 104.4982 97.0220 108.0924 5.4425 4.1602 8.2021 6.0603 8.2806 5.7987 9.2252 8.4367 7.0586 12.3107 12.0673 9.5745 16.0644 10.1181 8.4542 6.0792 7.3792 7.0461 7.9361 7.4411 3.2704 7.0788 6.0013 4.5910 5.5566 8.4754 4.7507 10.6670 6.5610 4.1283 26.7964 36.2835 36.3466 38.1543 32.2239 23.0133 42.2951 39.4967 22.6936 24.2129 44.2077 32.7052 34.4328 32.0849 34.9762 22.2945 28.9566 33.8556 26.9210 30.9304 34.0381 24.5998 29.2440 31.7881 25.3112 30.8819 24.0333 29.2668 24.6395 38.8630 66.4185 71.6562 68.6054 75.2422 66.7691 70.9350 71.6953 69.7909 71.9528 70.3428 65.1149 62.6191 68.4912 66.1581 66.0889 67.1440 75.1608 64.9260 70.5235 70.4294 72.3486 67.7328 67.3908 74.1699 67.9588 70.8818 66.3583 70.7058 69.0535 73.3707
9.7891 8.9981 7.6167 8.5693 7.6012 7.1259 6.6988 0.0000 8.8447 5.7326 6.3249 9.3926 7.4400 8.5069 6.6576 7.3651 3.8791 7.0360 5.1967 6.2456 7.1830 7.3358 6.4527 5.3321 6.0881 8.3373 8.6294 7.1106 7.3183 8.2459 113.6202 110.5793 106.4209 94.1528 109.6808 112.3226 107.3407 107.2941 112.5664 96.9710 112.6071 108.7380 102.5275 110.2408 113.7387 111.3380 109.4186 98.5833 102.1843 112.8011 106.4162 98.6275 88.6738 106.5570 113.5696 108.5492 102.4578 105.1579 97.5747 108.6944 9.6176 9.7455 11.9665 10.3338 10.8275 10.3709 12.6179 11.5248 8.8425 14.9521 14.7960 12.4378 18.4192 13.8954 12.4104 10.5852 11.9219 9.9491 12.6998 12.2936 8.5788 10.9026 10.0503 8.2802 9.4206 12.3194 9.1236 13.8743 8.5657 8.8235 26.0790 36.5931 35.9567 37.0442 30.7834 22.3328 39.8141 38.4179 23.5663 24.4211 42.7402 32.3805 34.0441 31.5915 34.8370 22.3655 30.4428 32.2490 25.9850 28.8687 34.4317 25.3730 28.6719 31.6477 24.6429 30.5687 24.4041 28.3748 24.4025 37.7669 68.0852 73.0492 70.0727 76.8022 68.0069 72.4567 73.1307 71.5812 73.3120 72.0875 66.6402 64.7282 69.7816 67.8847 67.7960 69.2082 76.9043 66.2437 71.9504 71.7755 73.8498 69.2426 69.1244 75.5482 69.7735 72.6854 67.9142 72.0679 70.4719 75.2134
5.7873 4.3055 4.1796 4.3509 6.2077 3.6122 5.1919 8.8447 0.0000 6.3493 3.9175 7.1378 6.1855 5.9096 4.7062 4.5941 7.4532 3.8427 7.8104 5.5293 6.2561 6.1139 5.9993 5.9400 4.6419 4.0859 5.0031 5.4874 6.6276 5.1365 112.6524 109.2981 105.4994 93.5057 108.6008 111.5894 106.6253 106.6601 111.8010 96.4337 111.8762 107.7366 101.6733 109.4846 112.8018 110.5069 108.6051 97.9867 101.4066 111.9126 105.6318 98.0704 88.1191 105.9803 112.6796 107.6744 101.6578 104.2293 96.8710 108.0214 4.9040 6.4462 11.0707 4.1205 8.2360 7.7974 9.4307 10.1418 4.8552 15.2749 14.6351 10.8120 14.7651 10.4188 8.8990 5.3852 6.7492 4.7158 8.6071 7.8454 5.0668 10.1375 4.6589 6.8498 4.6537 9.1674 5.2940 12.2364 7.2402 5.7492 24.9780 34.6687 34.6726 36.9511 31.0881 20.4341 41.7404 37.9334 20.1910 21.4880 43.5993 31.1291 32.7847 29.8613 33.4084 19.1805 26.6674 32.4055 24.9986 29.8573 32.1126 22.3761 27.0665 29.8979 23.2583 29.3300 21.8754 28.1215 22.6440 37.7274 65.5911 71.0712 67.8516 74.6531 65.9651 70.5156 70.5563 68.9758 71.1963 69.3541 64.2757 61.5666 67.6908 65.0949 65.3741 66.3313 74.5263 64.0016 69.8256 70.0560 71.7150 66.8531 66.5608 73.5062 67.4028 70.0420 65.2724 69.9883 68.3593 72.6424
9.0815 7.3196 5.1554 4.9786 4.9269 6.5913 3.4864 5.7326 6.3493 0.0000 4.2485 8.7725 7.0056 5.7153 3.8329 5.2324 6.1673 3.6242 3.0587 5.9931 4.2993 3.8916 3.6228 5.9329 5.0696 6.9093 5.2945 4.3658 6.9530 8.2560 112.4113 109.3458 105.3725 93.6554 108.5668 111.2665 106.3164 106.3885 111.6072 96.4473 111.6018 107.6672 101.3975 109.1091 112.6063 110.1624 108.3771 97.9548 101.1826 111.6114 105.2797 98.2171 88.2325 105.6749 112.3780 107.4299 101.6051 104.1693 96.9437 107.7404 7.6465 7.0673 8.4153 7.9048 10.0375 7.2108 9.7554 7.9479 8.2911 12.1786 11.8578 9.5793 16.7850 11.5277 10.0397 7.4314 9.8827 8.3447 9.3886 9.2074 5.4387 7.0744 8.0534 4.8571 7.1657 9.2506 7.1806 11.0141 6.6688 6.2773 26.9164 35.8099 35.8653 38.0628 31.9634 23.6048 41.6843 38.8812 22.8107 24.5875 43.7385 32.5386 33.9606 32.0439 34.6147 22.5548 29.2196 33.8330 26.8597 30.6601 33.7963 24.7658 29.5246 31.5545 25.4653 30.7477 24.1001 29.3457 25.0389 38.4788 66.8107 71.9017 68.7693 75.4172 67.1800 71.2533 72.0496 70.0799 72.2215 70.5792 65.4533 63.1415 68.7771 66.5919 66.3747 67.5669 75.3891 65.2168 70.9613 70.5943 72.5079 68.1083 67.7288 74.2568 68.2460 71.1114 66.7305 70.8208 69.3018 73.6676
5.8650 4.0552 3.8854 3.7764 4.6605 3.6948 3.0917 6.3249 3.9175 4.2485 0.0000 6.1815 4.5189 6.2670 3.0334 3.4899 5.0834 2.9094 5.7192 3.5941 4.7796 4.2625 3.9162 4.2938 2.7843 4.1081 5.6062 4.0445 5.6644 5.5231 113.4368 110.2054 106.2472 94.2757 109.4003 112.2613 107.2913 107.3278 112.4982 97.2762 112.5496 108.4990 102.3638 110.1748 113.5867 111.2378 109.3327 98.8062 102.0637 112.6332 106.2850 98.9096 88.9079 106.6555 113.4075 108.3965 102.3946 104.9532 97.7152 108.6755 4.7331 5.4670 10.3570 5.4697 8.2368 7.3485 10.0730 9.9124 5.5896 14.3158 13.9639 10.8341 16.2566 10.9668 9.0498 6.6777 7.5526 6.2763 9.3997 8.7328 4.5698 9.0230 5.5422 6.1036 5.3810 9.6458 5.0103 11.9374 6.6566 4.5979 25.9115 35.7579 35.4504 37.4653 31.3271 21.4994 41.5608 38.3547 21.7106 22.9584 43.4956 31.8353 33.4191 30.8262 34.3220 20.5973 28.4987 32.8096 25.8815 29.7073 33.3664 23.8428 27.9587 30.7931 24.1239 30.2058 23.1459 28.6698 23.3469 38.2012 66.9315 72.1826 69.0665 75.9010 67.2346 71.6872 72.0292 70.3389 72.4425 70.7687 65.5309 63.1306 69.0031 66.5516 66.6623 67.7799 75.7898 65.2685 71.0749 71.1269 72.9000 68.1931 67.8168 74.6586 68.6650 71.4662 66.6867 71.2204 69.5206 73.9797
3.2302 5.4569 5.8919 7.5219 6.1977 6.2099 7.8584 9.3926 7.1378 8.7725 6.1815 0.0000 3.8049 11.5103 7.4796 4.9621 6.4711 6.8666 9.3288 4.2802 9.5395 7.3817 8.7986 5.5023 6.3311 4.7557 10.5186 6.5090 4.9380 6.4773 119.0062 115.6265 111.6631 99.7394 114.8713 117.7991 112.7334 112.8283 117.9569 102.8117 118.0749 113.9361 107.8403 115.7629 119.1085 116.7911 114.8766 104.3411 107.4918 118.1726 111.7979 104.3394 94.3486 112.1482 118.9552 113.9043 107.7637 110.3382 103.2530 114.1765 7.4943 9.1657 14.9876 9.2835 12.1255 12.0542 15.4889 15.4233 8.8419 19.7520 19.4916 16.4543 21.0592 16.1790 13.8079 11.5223 9.8339 10.5190 14.4208 13.4842 8.8312 14.2062 9.2403 11.6678 10.2027 15.1568 8.9302 17.3844 12.2163 6.8928 29.7327 40.0759 39.0766 41.4808 34.9204 23.6427 45.2183 41.4425 25.3280 25.9659 46.9926 35.4939 36.7931 33.8096 38.1252 22.7705 32.6506 36.0360 29.4291 32.4501 37.5134 27.9847 30.7290 34.3874 27.3877 34.2551 27.2059 32.7251 25.9781 42.3834 72.0369 77.4398 74.2414 81.2375 72.3452 76.9333 76.9959 75.4976 77.6089 75.8715 70.6491 68.0529 74.1993 71.5371 71.8396 72.8916 81.0070 70.3413 76.2199 76.5460 78.1679 73.3032 72.9336 79.9234 73.8975 76.6660 71.6619 76.4947 74.6486 79.2074
4.7248 4.3151 5.1234 6.0900 5.7716 4.7994 6.0126 7.4400 6.1855 7.0056 4.5189 3.8049 0.0000 9.4053 5.8488 4.6296 5.3283 5.5175 7.4811 3.2692 7.3005 5.2937 6.8635 4.7057 5.0701 4.3002 8.7270 5.5327 5.1881 6.0528 116.6136 113.3745 109.4378 97.2339 112.5831 115.4353 110.4584 110.4835 115.6370 100.2616 115.6794 111.6375 105.5717 113.3410 116.7244 114.4434 112.5152 101.8046 105.2036 115.7913 109.5264 101.7719 91.8214 109.7515 116.6115 111.6134 105.4963 108.1117 100.6783 111.8348 6.3169 7.5258 12.9936 7.8472 9.5045 9.7264 13.4070 13.3807 7.3012 17.3234 17.2963 14.1884 19.0984 13.9530 11.5449 9.6760 8.8244 8.9494 12.5625 11.4769 7.0702 11.9170 7.1582 9.7509 8.4142 12.9356 7.2556 14.9002 10.0140 4.9258 27.8960 38.3419 37.6803 39.6554 33.3681 22.5443 43.3890 40.2626 23.8613 24.6280 45.5882 33.8862 35.3997 32.5739 36.5665 21.9975 30.8981 34.4500 27.8162 31.1796 35.9166 26.3349 29.5923 32.9527 25.7915 32.5201 25.5465 30.7434 24.8400 40.5386 69.7842 75.1396 72.0206 78.8768 69.9927 74.5277 74.8063 73.2585 75.3183 73.7464 68.3916 65.9060 71.8255 69.3894 69.5735 70.6608 78.7511 68.1271 73.8762 74.0806 75.8892 71.0777 70.7803 77.6575 71.6161 74.3946 69.4937 74.2379 72.3625 76.9894
10.8786 8.3334 6.8998 6.2900 7.8519 7.1298 5.9348 8.5069 5.9096 5.7153 6.2670 11.5103 9.4053 0.0000 6.2906 7.4243 9.2834 6.1409 6.7842 8.8615 5.7114 6.8360 6.1613 8.5775 7.1281 8.5467 4.2990 7.0681 9.3834 8.9141 108.6645 105.5776 101.8766 89.7583 104.8951 107.6821 102.8037 102.8221 107.9885 92.4321 107.9988 103.9871 97.9453 105.5058 108.8640 106.5256 104.7631 94.0024 97.6592 108.0106 101.8172 94.2591 84.3435 102.0726 108.7502 103.8823 97.9998 100.6506 92.9571 104.2030 8.2603 7.8776 8.2622 6.8039 8.8172 7.0629 6.7381 6.3268 7.7751 11.4162 10.9589 7.3705 13.0935 8.6881 8.2803 5.0566 9.9599 6.1917 6.9865 7.1021 6.1597 7.5864 7.1305 4.5954 5.7340 6.2197 7.2423 9.6027 5.7255 8.2103 23.7183 32.7942 33.3877 35.2560 30.1227 21.5314 40.0979 37.3049 19.6629 21.7187 42.1694 30.2717 32.1017 29.7767 32.1843 20.2316 24.8599 31.6116 24.0674 29.4621 30.5287 20.9301 27.2490 28.9547 22.8355 27.8960 20.8047 26.6700 23.4266 35.7345 62.6270 67.9379 64.8980 71.2209 62.8482 67.2490 67.5336 65.8654 68.0822 66.5031 61.3775 58.8322 64.4838 62.3441 62.1832 63.2496 71.3346 61.2670 66.7468 66.4943 68.5331 63.8655 63.6901 70.2612 64.2815 66.8211 62.5514 66.7099 65.4319 69.3975
7.1032 5.3239 4.8772 4.6603 5.7028 4.3300 4.1000 6.6576 4.7062 3.8329 3.0334 7.4796 5.8488 6.2906 0.0000 5.0058 5.6810 3.3198 5.3655 4.4510 4.2019 4.7661 4.1299 4.7287 3.2289 4.7332 5.0440 4.9203 6.5782 5.9985 112.3774 109.1663 105.1048 93.5446 108.2974 111.1718 106.1245 106.2340 111.4092 96.5350 111.4599 107.4645 101.1906 109.1084 112.5679 110.1483 108.2722 98.0382 100.9563 111.5080 105.1578 98.1236 88.1216 105.5310 112.2827 107.2550 101.3043 103.8420 96.9906 107.5656 5.9631 6.4910 9.9259 5.8947 8.5047 6.9983 9.6723 8.9409 5.9643 13.5863 13.0549 9.8287 15.6653 10.8080 9.0074 6.7410 8.0057 6.2539 9.3731 8.7791 5.3035 8.2746 6.0972 5.9079 5.4067 9.3955 5.9787 10.9766 5.9028 5.7845 25.5238 34.5872 34.3667 36.6556 30.2666 21.1670 40.5583 37.0628 20.8473 22.3073 42.2364 30.6632 32.0182 29.8563 33.4049 20.2668 28.1324 32.2808 25.2470 28.8111 32.4120 23.2604 27.3432 29.6740 23.6260 29.3246 22.4624 28.0575 22.5915 37.2059 66.1841 71.3055 68.1150 75.0870 66.5481 70.8608 71.4458 69.6155 71.6484 69.9569 64.7244 62.4449 68.3544 65.8119 65.8128 67.0731 75.0027 64.4456 70.4285 70.3298 71.9619 67.5275 67.0551 73.7464 67.8066 70.7126 65.9069 70.3363 68.6486 73.2349
5.4118 5.3784 3.0481 5.1301 3.7221 4.8877 4.9633 7.3651 4.5941 5.2324 3.4899 4.9621 4.6296 7.4243 5.0058 0.0000 5.5514 4.1092 6.2993 3.6992 6.1530 5.0779 6.1480 4.3517 4.2779 3.9794 7.3568 3.9833 3.3908 5.6852 115.4267 112.0820 108.1533 96.3579 111.4330 114.3080 109.2840 109.3659 114.4937 99.2973 114.6192 110.4763 104.3591 112.2331 115.5998 113.2079 111.3472 100.8293 104.0399 114.7211 108.3036 101.0368 90.9282 108.6977 115.4262 110.4043 104.3311 106.9705 99.8120 110.7122 6.2342 7.6804 11.9563 7.4591 10.7562 9.7271 12.0018 11.7146 7.5596 16.3869 16.0455 13.0126 18.3014 13.4243 11.5345 8.4627 9.4862 8.3712 11.3785 10.8727 6.4854 10.9893 7.7229 7.9577 7.7929 11.7142 7.0152 14.3498 9.0358 5.7943 27.5047 37.3038 36.7958 39.3959 33.2463 23.0812 43.3654 39.7896 23.2231 24.5124 45.3020 33.6616 35.0307 32.4493 35.7359 21.4985 29.7784 34.4082 27.5009 31.3691 34.8614 25.3649 29.5187 32.4161 25.6539 31.8997 24.8695 30.5690 25.1927 39.9694 69.0957 74.4219 71.2548 77.9582 69.4359 73.9363 73.9043 72.3890 74.5821 72.7582 67.7490 65.2044 71.0902 68.6564 68.7618 69.8441 77.8076 67.4455 73.2765 73.2846 75.0570 70.2632 69.9131 76.7736 70.7942 73.4343 68.7610 73.2946 71.7142 76.0083
6.7008 7.0889 6.3047 7.7981 6.7116 5.2877 6.4283 3.8791 7.4532 6.1673 5.0834 6.4711 5.3283 9.2834 5.6810 5.5514 0.0000 6.0747 6.4552 3.5679 7.0439 7.0067 6.5169 2.9144 4.4019 5.7423 8.6603 6.4623 5.1511 5.7475 115.5275 112.2722 108.0394 96.0679 111.4429 114.2742 109.1127 109.1439 114.3740 99.0616 114.5261 110.4794 104.2718 112.2446 115.7232 113.2758 111.2654 100.6489 103.8954 114.7292 108.2333 100.6505 90.5530 108.4336 115.4770 110.3619 104.1551 106.8157 99.6659 110.5452 7.7557 9.1296 13.3029 9.1457 10.3922 10.6033 13.2763 12.9066 7.4789 16.9296 16.5884 13.6512 18.7604 14.3408 12.4167 10.3811 10.4334 9.2084 13.0290 12.5221 8.0098 11.9623 9.0504 9.1945 8.9266 13.0778 8.1365 14.8591 9.1178 7.6526 26.4764 37.1287 36.0537 37.7337 31.1232 21.5427 40.6958 38.3291 23.3310 24.0185 43.2401 32.4949 34.0458 31.2144 35.0826 21.2522 30.7572 32.4244 26.2239 28.8352 34.7701 25.5605 28.1634 31.6463 24.4570 30.9816 24.6081 28.9923 23.6283 38.5160 69.4313 74.5122 71.4109 78.3758 69.4554 74.0166 74.3678 72.9527 74.7498 73.2886 67.9828 65.9056 71.3224 69.0323 69.1956 70.6085 78.3901 67.4905 73.4071 73.4765 75.2504 70.5302 70.3207 77.0578 71.1386 74.1511 69.0247 73.5386 71.7434 76.6287
6.4509 4.8835 3.6987 2.9186 4.4619 4.9368 2.6313 7.0360 3.8427 3.6242 2.9094 6.8666 5.5175 6.1409 3.3198 4.1092 6.0747 0.0000 5.1427 4.7954 5.2383 3.6132 3.2975 5.3957 3.9185 4.8936 4.4415 3.7392 6.4015 6.7679 113.3935 110.2632 106.3375 94.4854 109.4755 112.2964 107.3604 107.4262 112.6164 97.3201 112.5989 108.5995 102.4367 110.1333 113.5788 111.1884 109.3635 98.8613 102.1749 112.5665 106.3048 99.0263 89.0580 106.7005 113.3841 108.4406 102.5879 105.0912 97.7515 108.7610 5.3640 5.2616 9.1973 5.7779 8.7353 6.5914 9.7330 9.0846 6.5478 13.5701 13.0581 10.2180 16.2556 10.8858 9.2250 6.1076 7.1383 6.6094 8.5005 7.9775 3.5899 8.1606 5.8828 5.4504 5.6742 9.1963 5.3182 11.5055 7.0204 4.2259 26.8339 36.1685 36.1887 38.3484 32.2303 22.6259 42.4657 39.2117 22.3686 23.7971 44.3798 32.5405 34.0900 31.7469 34.7844 21.6431 28.9076 33.8873 26.8170 30.9121 33.9398 24.5321 29.0234 31.6140 25.1631 30.8776 23.9108 29.4532 24.3616 39.0166 66.9483 72.2323 69.0497 75.8204 67.3348 71.5417 72.1572 70.3103 72.4969 70.7475 65.6220 63.0842 69.0405 66.6025 66.6382 67.6820 75.7297 65.3581 71.1277 71.0578 72.8663 68.2560 67.9175 74.6950 68.5011 71.3963 66.7694 71.2070 69.5509 73.9111
10.0106 8.5252 5.7681 6.2664 4.8897 7.6152 5.0447 5.1967 7.8104 3.0587 5.7192 9.3288 7.4811 6.7842 5.3655 6.2993 6.4552 5.1427 0.0000 6.7833 6.2143 4.2840 5.1949 6.4456 6.4712 8.2719 6.6536 4.6243 7.2526 9.4659 113.1914 110.2897 106.3331 94.3876 109.3851 112.0042 107.1444 107.1867 112.4035 97.0753 112.3468 108.5407 102.3244 109.8061 113.3133 110.9465 109.2118 98.6080 102.0830 112.3369 106.1139 98.8684 89.0380 106.4393 113.1007 108.2700 102.5342 105.0957 97.5739 108.5540 9.5982 8.5374 8.4405 9.7616 11.3888 8.5636 11.4834 8.7898 9.8496 12.6138 12.5693 10.6158 18.3118 13.1288 11.7831 9.1157 11.3192 9.8072 10.8568 10.6878 6.9894 8.2429 9.6699 6.5235 8.9161 10.8414 9.0992 12.3780 8.5081 7.5111 28.2409 37.3655 37.4780 39.2485 33.2387 24.9911 42.6710 40.3699 24.5059 26.0877 44.8327 33.9495 35.3427 33.6375 36.3085 24.2119 30.8449 35.0751 28.2616 31.8323 35.3918 26.2682 31.0439 33.1608 26.9321 32.2244 25.6721 30.6124 26.6917 39.6608 67.8284 72.8380 69.8805 76.3123 68.0829 72.1249 73.1713 71.0828 73.1495 71.7527 66.4869 64.1706 69.7271 67.7383 67.3446 68.5006 76.4024 66.3377 71.8507 71.4357 73.4971 69.1498 68.8657 75.2213 69.2792 72.1229 67.8896 71.8064 70.3979 74.6365
4.4997 4.9757 4.7578 6.2432 5.5839 3.8611 5.6819 6.2456 5.5293 5.9931 3.5941 4.2802 3.2692 8.8615 4.4510 3.6992 3.5679 4.7954 6.7833 0.0000 6.3182 5.8661 6.2443 2.4343 3.2979 3.0520 8.0870 5.3650 3.9129 4.3654 115.8458 112.4825 108.3621 96.5261 111.6953 114.6070 109.5029 109.5574 114.7385 99.6100 114.8718 110.7640 104.5705 112.5767 115.9941 113.6099 111.6304 101.1478 104.2338 115.0343 108.5820 101.1692 91.0677 108.8841 115.7872 110.6662 104.4858 107.1095 100.1074 110.9233 6.0300 7.9538 13.0920 7.5573 9.7519 9.8264 12.7920 12.7270 6.5235 17.0475 16.7342 13.4978 18.4002 13.6994 11.4732 9.3133 9.0078 8.2697 12.3346 11.5142 7.0815 11.5902 7.3248 8.9478 7.8077 12.5582 6.9639 14.4673 8.8425 5.8746 26.7548 36.9480 36.1124 38.3320 31.7540 21.4610 41.8058 38.4978 22.7163 23.5276 43.9529 32.4875 33.8682 31.1544 35.1119 20.6580 30.1810 33.0511 26.5089 29.5738 34.5540 25.2538 28.2233 31.5055 24.5762 31.1352 24.3483 29.5214 23.5217 39.0729 69.3192 74.5559 71.3472 78.3960 69.5713 74.1203 74.2972 72.7971 74.7682 73.0991 67.8664 65.5926 71.3712 68.8810 69.1042 70.3521 78.2429 67.4616 73.4703 73.6190 75.2643 70.5328 70.1652 77.0299 71.1038 73.9450 68.9050 73.5988 71.7707 76.5076
9.3660 7.4163 6.7142 6.3865 7.6177 6.2699 5.2013 7.1830 6.2561 4.2993 4.7796 9.5395 7.3005 5.7114 4.2019 6.1530 7.0439 5.2383 6.2143 6.3182 0.0000 5.7238 5.0258 6.6095 4.9923 6.3234 5.6551 7.1155 7.7494 7.3263 110.6749 107.2989 103.2343 91.6923 106.6594 109.4959 104.4253 104.4993 109.6460 94.7205 109.8031 105.6302 99.4240 107.4072 110.8857 108.4124 106.4578 96.1825 99.1418 109.9484 103.4001 96.4040 86.1901 103.8426 110.6292 105.5185 99.4882 102.0925 95.2152 105.8177 6.5955 7.5899 10.2266 6.8112 8.1764 6.9435 8.0975 8.4075 6.8945 12.5980 12.1539 8.9208 14.6721 9.9583 8.1163 6.4589 9.7089 7.1572 9.1702 8.6980 6.0210 7.3002 6.7337 5.5126 6.1512 8.1802 6.4052 9.6748 4.7127 6.4744 23.9501 32.8888 32.7402 35.2966 29.2769 20.9854 39.0773 35.8826 19.7893 21.6539 41.3117 29.4501 30.9327 29.0711 31.5375 19.4162 26.3497 30.8031 23.9850 27.9833 30.7974 21.7909 26.5301 28.5713 22.3333 27.7416 21.1837 26.4100 22.1650 35.6163 64.8596 69.9983 66.6912 73.5979 65.3119 69.5881 69.8293 68.1041 70.2543 68.4350 63.4164 61.2865 66.8188 64.5026 64.5530 65.8470 73.4472 62.9985 69.0847 68.8228 70.5550 66.0483 65.5649 72.2851 66.4069 69.2105 64.5089 68.8986 67.1554 71.7871
8.0526 5.7153 4.3964 3.5391 4.0153 6.4360 3.3944 7.3358 6.1139 3.8916 4.2625 7.3817 5.2937 6.8360 4.7661 5.0779 7.0067 3.6132 4.2840 5.8661 5.7238 0.0000 4.3740 6.5529 5.7885 6.6270 5.8396 3.6793 7.0990 8.6472 113.8824 110.8959 107.0793 95.0253 110.0626 112.7619 107.9311 107.9679 113.1583 97.8631 113.0625 109.1678 103.0593 110.5407 113.9994 111.7014 109.9319 99.3595 102.7722 113.0096 106.8508 99.5431 89.7376 107.2442 113.8518 109.0364 103.2838 105.7587 98.2327 109.3292 7.0996 5.9192 8.2335 7.6026 9.5294 6.7011 10.7993 9.1872 8.5070 13.0244 13.1169 10.6823 17.6434 11.8505 10.0127 7.4933 8.7513 8.5578 9.5218 8.9096 4.6982 7.8012 7.2762 6.4894 7.4191 10.0300 7.0328 11.8025 8.4104 4.2569 28.4881 37.7841 37.8720 39.8462 33.9485 24.5990 43.9140 41.0068 24.1798 25.7528 45.6927 34.2316 35.8073 33.6979 36.5923 23.7657 30.3879 35.5444 28.5586 32.4661 35.5575 26.1581 30.8971 33.3275 26.9365 32.5838 25.6071 31.0263 26.2936 40.4605 67.6983 72.9194 69.9063 76.4498 68.1077 72.1476 73.0759 70.9588 73.2023 71.6619 66.4040 63.7738 69.7870 67.5058 67.2830 68.2831 76.3458 66.3325 71.7984 71.6608 73.6177 69.0823 68.7040 75.3778 69.2151 72.0819 67.7444 71.9830 70.3557 74.5825
8.4590 6.1559 6.1840 4.0937 6.1766 6.3766 2.2298 6.4527 5.9993 3.6228 3.9162 8.7986 6.8635 6.1613 4.1299 6.1480 6.5169 3.2975 5.1949 6.2443 5.0258 4.3740 0.0000 6.7960 4.5214 6.9188 4.5828 5.3894 8.4810 8.3386 111.8771 108.8825 104.9049 92.9456 108.0481 110.7821 105.8196 105.9001 111.1027 95.8116 111.0750 107.1168 100.9317 108.5913 112.1266 109.6678 107.8639 97.3433 100.6422 111.0192 104.7582 97.5013 87.5152 105.1536 111.8856 106.9653 101.1414 103.6180 96.2536 107.1953 5.8225 4.3253 8.0599 6.3129 7.7850 5.2128 8.7459 7.9259 7.0933 11.5579 11.1134 8.7503 15.5184 9.6129 7.9015 6.1674 7.3424 6.8963 7.5953 7.1801 3.2734 6.3639 6.3075 4.0939 5.4891 7.9613 4.9305 9.7918 5.9131 4.6929 26.1896 35.5142 35.5815 37.2377 31.2267 22.5035 41.2158 38.5835 22.1674 23.6740 43.1861 31.7340 33.4788 31.3311 34.2340 21.9354 28.6163 33.0063 26.2701 30.0208 33.3932 24.0515 28.6436 31.0149 24.6766 30.0598 23.4916 28.4159 23.9303 37.9136 65.7477 70.9118 67.8483 74.5334 66.0576 70.1929 71.0536 69.1733 71.2533 69.6946 64.4233 62.0880 67.8458 65.5001 65.4464 66.5879 74.5620 64.1667 69.8465 69.6577 71.5621 67.0467 66.7351 73.4388 67.2587 70.2904 65.6503 69.9705 68.3200 72.7160
5.6359 6.1100 4.8843 7.1381 5.8176 3.8861 6.3757 5.3321 5.9400 5.9329 4.2938 5.5023 4.7057 8.5775 4.7287 4.3517 2.9144 5.3957 6.4456 2.4343 6.6095 6.5529 6.7960 0.0000 3.8534 4.1823 8.1383 5.5738 3.6293 4.1101 115.3549 112.0052 107.8824 96.0730 111.1936 114.0851 108.9625 109.0103 114.2173 99.0577 114.3599 110.2802 104.0891 112.0883 115.4734 113.1071 111.1290 100.6204 103.7559 114.5475 108.0743 100.6337 90.6046 108.3248 115.2810 110.1560 103.9532 106.6143 99.6014 110.4261 7.3737 9.1165 13.3002 8.2298 10.4475 10.5717 12.9821 12.5745 6.8070 17.2145 16.7958 13.4853 18.3632 14.1320 12.2279 9.7537 10.1181 8.3852 12.8085 12.1194 7.8818 12.0324 8.2607 9.0573 8.2728 12.8430 7.9411 14.8442 8.9324 7.4345 26.3223 36.5979 35.6358 37.7222 31.1627 21.1481 41.0984 38.0338 22.4994 23.3075 43.2614 32.2030 33.5876 30.7715 34.8110 20.4786 30.0069 32.5901 25.9140 28.9465 34.1309 24.9291 27.8267 31.0962 24.2415 30.7437 23.9605 29.1484 23.3206 38.4765 69.0796 74.2573 71.0478 78.0984 69.2287 73.8257 74.0258 72.5317 74.4536 72.8742 67.6060 65.3932 71.0359 68.6492 68.8226 70.1250 77.9870 67.2049 73.2044 73.3168 75.0054 70.2936 69.9772 76.6893 70.8902 73.6889 68.6827 73.2300 71.5184 76.2382
5.8197 4.8178 5.1094 5.3991 6.0549 3.5276 4.4817 6.0881 4.6419 5.0696 2.7843 6.3311 5.0701 7.1281 3.2289 4.2779 4.4019 3.9185 6.4712 3.2979 4.9923 5.7885 4.5214 3.8534 0.0000 3.9637 6.2536 5.4792 5.7130 4.7509 113.4119 110.0786 105.9936 94.2055 109.2931 112.1882 107.0697 107.1642 112.3309 97.2485 112.4974 108.3503 102.1734 110.1598 113.5773 111.1604 109.2223 98.7680 101.8550 112.5825 106.1419 98.8468 88.7326 106.4916 113.3511 108.2452 102.1183 104.7102 97.7676 108.4892 4.9973 6.5571 11.6370 5.8343 8.4904 8.2040 10.4996 10.6741 5.3922 15.1495 14.5228 11.3007 16.2108 11.4563 9.4040 7.4372 7.9289 6.3147 10.2480 9.5838 5.5914 9.9282 6.1776 6.8021 5.6589 10.3240 5.2838 12.4065 6.6328 5.6496 25.0741 34.9680 34.3655 36.4654 30.0641 20.3265 40.2707 36.9987 20.8914 21.9240 42.2984 30.6746 32.1451 29.6506 33.4614 19.4734 28.2475 31.6070 24.9202 28.2937 32.6249 23.2296 26.8221 29.7464 23.1097 29.1930 22.5238 27.7213 22.1974 37.1892 66.9866 72.2505 69.0211 76.0233 67.2776 71.8085 72.0036 70.4979 72.4467 70.7918 65.5586 63.3555 69.0748 66.5929 66.7780 68.0155 75.9012 65.1761 71.1756 71.2434 72.9195 68.2289 67.8792 74.6540 68.7987 71.6255 66.6098 71.2327 69.5321 74.1250
3.8035 4.3745 4.8163 6.0199 6.5241 3.4362 6.3162 8.3373 4.0859 6.9093 4.1081 4.7557 4.3002 8.5467 4.7332 3.9794 5.7423 4.8936 8.2719 3.0520 6.3234 6.6270 6.9188 4.1823 3.9637 0.0000 7.5562 6.2197 4.7973 3.4375 115.1036 111.5823 107.5470 95.8195 110.9152 113.9535 108.8281 108.8852 114.0404 98.9458 114.2002 109.9887 103.8030 111.9375 115.2924 112.9057 110.8850 100.4619 103.5159 114.3642 107.8823 100.4872 90.3414 108.2467 115.0943 109.9375 103.7183 106.3467 99.4266 110.2563 4.9761 7.8741 13.4312 6.0730 9.1954 9.6109 11.8768 12.6549 5.3501 17.4318 16.8799 13.2060 17.0835 12.9007 10.7069 8.1919 7.9754 7.0625 11.5285 10.6786 6.8229 11.8196 6.1786 9.0277 6.8827 11.8515 6.5263 14.1254 8.4966 5.8985 25.7714 35.6610 35.0362 37.7003 31.2144 20.3599 41.6449 37.6363 21.1439 22.1065 43.7371 31.5051 32.8662 29.9718 33.7958 19.0591 28.5235 32.3900 25.5015 29.3168 33.2173 23.8552 27.1253 30.3629 23.5240 30.0996 23.0267 28.7808 22.4210 38.3910 68.1786 73.5186 70.2032 77.3456 68.5350 73.1347 73.0203 71.6131 73.6890 71.7731 66.7528 64.2887 70.3004 67.6033 67.9910 69.1497 77.1154 66.2780 72.4128 72.6850 74.1645 69.3629 68.9618 76.0020 69.9403 72.7681 67.6169 72.5260 70.6028 75.3619
9.5047 6.9014 6.3756 4.5846 7.4597 6.4375 4.7518 8.6294 5.0031 5.2945 5.6062 10.5186 8.7270 4.2990 5.0440 7.3568 8.6603 4.4415 6.6536 8.0870 5.6551 5.8396 4.5828 8.1383 6.2536 7.5562 0.0000 6.6249 9.5454 8.4350 109.5981 106.5040 102.6654 90.6750 105.7449 108.5748 103.6815 103.6823 108.9125 93.4692 108.9012 104.8815 98.7440 106.3588 109.8245 107.4476 105.6147 95.0237 98.4980 108.8008 102.5941 95.1890 85.3039 102.9842 109.6007 104.7375 98.9640 101.4023 93.9137 105.0929 6.7640 5.9978 7.3465 5.1669 7.5996 4.8104 6.4607 6.0961 6.5128 11.2717 10.3878 6.6211 12.6396 7.9324 7.1884 3.3926 7.1344 4.9295 5.4730 5.4841 3.8652 6.5736 5.7876 4.1880 4.2141 6.0349 6.0088 8.7104 5.3288 6.6892 24.5295 33.4766 34.0828 35.8673 30.2861 21.3725 40.6297 37.6003 20.0802 21.9390 42.5243 30.3797 32.2560 29.9220 32.5555 20.5140 25.9995 32.0053 24.7083 29.6952 31.1885 21.7848 27.2613 29.4672 23.3017 28.3868 21.3359 27.0411 22.9115 36.4710 63.0246 68.3376 65.2016 71.8781 63.4832 67.5401 68.3831 66.3368 68.5650 66.8916 61.7899 59.1512 65.1695 62.7491 62.6858 63.7524 71.8204 61.5728 67.1691 67.1623 68.9267 64.3282 64.0358 70.8411 64.4912 67.5137 62.9481 67.2970 65.6676 69.9831
7.1191 5.7461 2.7227 3.8882 2.0901 5.9107 4.1095 7.1106 5.4874 4.3658 4.0445 6.5090 5.5327 7.0681 4.9203 3.9833 6.4623 3.7392 4.6243 5.3650 7.1155 3.6793 5.3894 5.5738 5.4792 6.2197 6.6249 0.0000 5.6380 7.9063 115.0068 112.0020 108.2195 96.1360 111.1463 113.8832 109.0756 109.1008 114.2937 98.9044 114.2236 110.3639 104.1899 111.7206 115.1092 112.8304 111.0925 100.4439 103.9899 114.1855 108.0304 100.6308 90.8597 108.3995 114.9848 110.1423 104.3671 106.9098 99.3162 110.4709 7.6506 6.9186 9.5443 7.9245 11.0551 8.8490 12.0044 10.2361 8.5237 14.6356 14.5500 12.0932 18.5568 13.1569 11.6862 8.4783 9.3741 8.6853 10.5492 10.1404 5.9987 9.7675 8.0604 7.1098 7.8853 11.2789 7.8211 13.5963 9.2569 6.0641 28.9087 38.3535 38.4225 40.4715 34.3649 24.6024 44.4891 41.3516 24.5196 25.9238 46.3427 34.8867 36.2687 33.9114 37.1949 23.7213 30.9810 36.0809 28.8475 32.8809 36.0785 26.6060 31.1752 33.7423 27.3304 33.1759 25.9478 31.7453 26.6131 41.1246 68.7455 73.9894 70.9910 77.5334 69.0670 73.2907 74.0369 72.0521 74.2741 72.6577 67.4386 64.7748 70.7977 68.5078 68.3246 69.2865 77.4756 67.3395 72.8488 72.7940 74.6922 70.1183 69.8072 76.4332 70.3633 73.1115 68.7622 73.0028 71.4819 75.6805
5.9485 7.2779 4.5389 7.8274 5.2545 5.6697 7.5189 7.3183 6.6276 6.9530 5.6644 4.9380 5.1881 9.3834 6.5782 3.3908 5.1511 6.4015 7.2526 3.9129 7.7494 7.0990 8.4810 3.6293 5.7130 4.7973 9.5454 5.6380 0.0000 5.5291 117.0721 113.6213 109.5965 97.8393 112.9572 115.8640 110.7654 110.8319 115.9829 100.7864 116.1736 112.0227 105.8643 113.8562 117.1811 114.8224 112.8847 102.3313 105.5480 116.3818 109.8660 102.4943 92.3921 110.1763 117.0259 111.9197 105.7231 108.4371 101.3647 112.2246 8.5299 10.4217 14.3174 9.6924 12.5657 12.2501 14.3037 13.8891 8.8249 18.6494 18.3391 15.2053 20.1854 15.8950 14.0020 10.9559 11.7429 10.1791 14.0720 13.5429 9.1606 13.3688 9.7852 10.3612 10.0366 14.2110 9.4911 16.6140 10.8388 8.1787 28.0460 38.1156 37.2287 39.9382 33.5000 23.2111 43.3247 39.8426 24.0545 25.0511 45.5857 34.2132 35.3691 32.7299 36.2917 21.6922 31.0680 34.5842 27.8101 31.2350 35.6982 26.4081 29.7755 32.9628 26.0556 32.5869 25.7117 31.1750 25.5694 40.4844 70.8796 76.1502 72.9441 79.7791 71.1252 75.7416 75.5946 74.1932 76.2749 74.4797 69.4720 67.0874 72.7687 70.4348 70.5757 71.7596 79.6224 69.0713 75.0318 75.1073 76.8080 72.0136 71.7070 78.4682 72.6610 75.2620 70.4592 75.0059 73.3610 77.8928
5.0607 5.9002 6.4620 8.0769 8.2568 3.3198 7.9173 8.2459 5.1365 8.2560 5.5231 6.4773 6.0528 8.9141 5.9985 5.6852 5.7475 6.7679 9.4659 4.3654 7.3263 8.6472 8.3386 4.1101 4.7509 3.4375 8.4350 7.9063 5.5291 0.0000 114.2711 110.6490 106.5278 94.7847 109.9947 113.0740 107.8346 107.8846 113.0531 97.9121 113.3386 109.0147 102.8848 111.1425 114.4595 112.0675 109.9919 99.4949 102.4954 113.5602 107.0052 99.4280 89.2469 107.2339 114.2525 109.0206 102.6094 105.2890 98.4959 109.3080 6.3008 9.5725 14.8988 6.8393 9.3752 10.9567 12.3188 13.4976 4.8835 18.5128 17.8182 13.7018 16.4784 13.2357 11.3440 9.0946 9.1476 6.8530 12.5757 11.7259 8.4420 13.1887 7.0930 9.9757 7.3493 12.4880 7.2790 14.8746 8.7296 8.2250 23.8599 34.4138 33.3007 35.6803 29.2396 18.1337 39.6598 35.8673 19.6888 20.3223 41.7996 29.9194 31.4507 28.0366 32.5392 17.1184 27.3283 30.2485 23.4741 27.0894 31.7070 22.3411 25.0027 28.6338 21.5176 28.4252 21.4339 27.0345 20.5932 36.5311 67.3379 72.7403 69.3769 76.6118 67.5458 72.3825 71.9993 70.8586 72.7998 71.0222 65.8963 63.6057 69.3844 66.7165 67.2098 68.5352 76.4233 65.3702 71.5747 71.9837 73.4088 68.4719 68.1606 75.1648 69.2874 72.0379 66.6775 71.6537 69.7872 74.6284
117.5904 114.4696 114.9251 113.1650 115.8817 113.4227 112.7274 113.6202 112.6524 112.4113 113.4368 119.0062 116.6136 108.6645 112.3774 115.4267 115.5275 113.3935 113.1914 115.8458 110.6749 113.8824 111.8771 115.3549 113.4119 115.1036 109.5981 115.0068 117.0721 114.2711 0.0000 13.4763 20.9952 30.1865 12.8994 10.6125 15.6019 14.6899 12.9386 27.0712 12.1152 14.1554 18.8786 9.5304 11.6481 6.6773 12.0735 25.2172 20.0103 9.9967 14.3438 27.7549 32.8743 13.7765 8.0333 13.2610 21.4512 20.2480 26.7138 13.4803 113.0071 112.1699 108.4052 110.7238 108.9908 108.8497 104.3110 105.5161 111.3746 103.3081 102.8631 103.8002 99.3386 103.9902 106.5233 108.4580 112.4313 109.1623 106.5970 107.3118 111.7689 107.6821 110.9691 108.8803 109.3772 104.9453 111.4355 103.3940 107.5046 114.1683 96.0957 86.2721 90.5310 87.1345 94.4927 105.0152 91.0098 94.3139 98.4054 100.3632 88.7924 92.8907 94.3351 96.8821 91.9467 105.1683 91.2542 96.1549 97.0498 100.1710 87.9940 94.7494 99.2124 92.9902 99.5282 91.6252 96.1805 93.6123 102.5148 85.7727 53.4121 47.3095 50.4336 42.7540 53.3134 49.2922 50.5977 50.1750 47.5706 50.9903 54.0079 59.1145 51.0606 54.5237 52.0272 53.5346 45.1014 55.6625 51.0668 46.5693 46.4046 52.8489 52.9106 43.0984 52.0423 48.3274 54.6718 46.1984 52.4525 45.2973
114.1394 111.2099 111.7100 110.1188 112.8267 110.0438 109.6931 110.5793 109.2981 109.3458 110.2054 115.6265 113.3745 105.5776 109.1663 112.0820 112.2722 110.2632 110.2897 112.4825 107.2989 110.8959 108.8825 112.0052 110.0786 111.5823 106.5040 112.0020 113.6213 110.6490 13.4763 0.0000 13.4272 26.8137 11.5631 14.5287 13.9346 12.2818 11.4729 26.6971 16.2580 8.8936 13.1663 15.6214 16.5244 13.0194 9.9235 24.1515 15.5430 17.6318 12.5905 26.9450 29.5197 15.5211 14.0840 10.8607 14.1334 13.8669 27.2277 12.2280 109.5983 109.2066 105.9640 107.3546 105.7883 105.9458 101.0692 102.7050 107.9022 100.9749 100.3343 100.8917 95.8067 100.9014 103.3225 105.2287 109.2748 105.8251 103.6625 104.3457 108.7178 104.8855 107.6826 105.8869 106.1034 101.9058 108.2011 100.4410 104.1885 111.0535 91.5019 80.9980 85.0127 82.3071 89.8399 100.5645 86.0672 88.6230 93.8798 95.7813 84.1529 87.9116 89.1550 91.7901 86.4692 100.3358 86.6623 91.0247 92.3956 95.5315 82.7487 90.2515 94.2263 88.0188 94.8838 86.6995 91.6913 89.0091 97.9346 80.7364 50.0841 44.5044 46.4345 40.5517 50.8565 47.7204 46.2719 46.5962 44.1949 46.1730 50.4694 56.0286 47.7981 50.7658 49.3540 51.0387 41.4451 51.1561 48.3913 44.8447 43.2540 48.9853 48.4625 39.5579 49.1311 45.2209 50.3508 42.9114 48.5191 42.4427
110.1349 107.3790 107.9037 106.3562 108.9981 106.0946 105.7997 106.4209 105.4994 105.3725 106.2472 111.6631 109.4378 101.8766 105.1048 108.1533 108.0394 106.3375 106.3331 108.3621 103.2343 107.0793 104.9049 107.8824 105.9936 107.5470 102.6654 108.2195 109.5965 106.5278 20.9952 13.4272 0.0000 27.2649 15.4303 20.1144 13.9715 13.8874 15.1169 29.3660 20.7492 12.7123 10.7751 21.7041 24.7675 19.6653 13.9910 27.9775 10.1785 22.9136 13.9560 30.0538 27.9951 15.7936 20.2740 13.4759 11.1747 9.3090 30.9078 14.0794 105.6207 105.4308 102.3820 103.5379 101.8360 102.1038 97.2781 98.9791 103.9077 97.2751 96.5262 97.0014 92.0048 97.1475 99.4919 101.4849 105.3844 101.9464 100.0154 100.7049 104.8749 100.9687 103.8743 101.9900 102.2441 98.2104 104.2467 96.5087 100.1366 107.2136 86.9882 76.2141 79.6259 77.0668 84.4352 96.1071 79.9010 82.6881 89.7079 91.4531 77.7763 82.6376 83.7519 86.7858 81.4010 95.8332 83.1377 85.6217 87.8565 89.9331 78.1439 86.2485 89.2388 83.1247 90.1503 81.8229 87.5411 84.1561 93.1021 75.2149 48.9951 43.0924 44.4221 40.5783 49.8409 46.8287 45.6044 46.3329 43.2351 44.6730 48.8526 55.4551 47.0402 49.3076 48.1740 51.3463 41.4116 48.7117 47.8878 44.0663 41.8443 47.6331 46.3937 38.9801 47.4910 45.1408 48.0566 41.7160 46.1407 42.5466
