0.0000 12.9615 13.1149 8.1240 9.6954 12.5698 11.7473 14.4914 10.1980 12.4097 15.2315 7.7460 11.4018 11.7473 12.7279 9.8995 11.4891 11.9164 8.6023 10.1980 13.8564 14.1421 14.0000 13.2665 9.6954 9.1652 10.4881 13.7840 9.8995 11.0454 23.5584 24.9800 23.6220 24.7386 23.6220 28.4077 23.0651 20.9523 24.0208 23.2594 26.2679 23.6432 24.2693 23.1084 24.5764 25.0400 25.0200 23.1948 24.0000 23.1948 25.2389 22.9129 23.2594 24.3105 23.0651 24.6374 23.4094 21.0476 23.1733 22.4054 12.7279 10.6771 14.6969 9.8995 11.9164 10.6771 15.2971 14.8997 13.7113 13.4907 14.4222 16.5529 10.2956 13.8564 14.0712 16.2481 14.3527 15.2315 13.0384 12.4900 10.0000 14.1421 13.4907 9.5394 13.7113 15.2315 13.5647 16.7332 12.0830 10.7703 17.3205 16.2481 17.2627 20.8327 17.3205 17.6635 15.2315 13.8564 15.4919 15.4919 16.7332 18.2757 16.1864 19.0263 17.1464 12.9615 18.6011 14.6287 19.2873 16.3707 20.7846 18.7617 15.7480 17.9444 15.2971 19.3907 16.4924 15.3623 17.2627 15.7480 24.7790 24.6779 22.3159 22.2261 24.1039 24.4745 22.8910 21.8403 23.8747 19.8746 20.9284 23.2809 22.9783 26.9258 21.8174 23.3666 21.4476 24.2074 20.9284 22.0000 26.1916 21.8632 23.5797 23.0868 22.6716 22.2935 22.3607 26.3629 24.4949 20.9523
12.9615 0.0000 14.8324 9.4868 12.5698 8.8318 14.7648 10.0995 11.2250 11.7473 13.4907 14.9666 9.6954 14.0712 10.5830 14.7648 12.0830 10.3923 8.6023 10.8628 12.3288 12.8841 9.2736 12.6491 11.9164 12.0830 10.3923 10.7703 14.8997 11.4018 22.5610 23.8747 22.0454 22.3159 21.4476 25.9422 21.5407 20.1742 22.0681 21.4243 23.6220 22.5167 20.9523 20.3961 23.4094 23.1301 21.6333 21.0238 22.0454 20.2978 23.3452 22.0681 21.9773 22.4722 21.4009 22.7816 21.4942 19.7231 21.6102 20.1494 8.6023 11.8322 10.7703 9.3808 12.2474 8.9443 10.9545 9.7980 14.0000 13.7113 7.8740 11.4891 11.8322 13.8564 12.0000 9.5917 12.8062 12.5698 14.2127 13.8564 10.5830 9.1652 12.9615 11.7047 12.8841 12.7279 14.6969 11.5758 13.0384 11.1355 18.6011 14.9666 17.4356 18.1659 14.9666 17.0880 12.0000 12.8841 14.8997 15.8745 16.7332 13.7840 18.7617 20.7364 13.1149 13.6382 19.1311 14.2829 18.2209 16.3095 18.5472 16.0624 14.4914 15.8745 16.7332 17.2627 15.1658 14.3527 14.6287 14.8997 23.1517 22.2935 21.2132 20.6398 21.2368 21.6564 20.8327 20.6155 21.8174 18.6815 18.8149 21.2603 19.4936 24.1868 19.3907 21.1660 19.3907 21.8632 17.6068 19.8494 23.5372 19.8494 21.1660 21.2838 19.8494 19.4679 18.9209 23.9792 21.5407 18.4120
13.1149 14.8324 0.0000 13.0384 8.6023 10.0995 10.7703 9.0554 12.4097 8.8318 13.8564 11.0454 10.2956 10.0000 12.8841 12.0830 11.3137 13.4907 9.2736 13.0384 8.4853 12.1655 15.1658 9.0554 11.0454 10.5830 14.2127 9.4868 11.3137 7.8740 23.4307 25.6515 24.3721 24.3311 24.3721 28.2666 23.8328 22.1585 24.6779 23.3024 26.0768 23.6854 24.7184 22.0907 25.1396 25.3574 25.0599 23.3666 24.8596 22.4944 25.9422 23.3880 23.2594 25.0799 23.9583 23.9792 24.6171 21.5639 24.1868 21.9545 12.5698 11.6619 11.7473 11.0454 13.2665 13.5647 13.1149 14.6287 9.2736 15.8114 14.4914 15.6205 13.1909 12.3288 10.0995 14.2829 14.6969 13.0384 14.7648 10.9545 11.7473 13.4164 11.0454 12.2882 10.5830 13.4907 12.3288 15.1658 11.7473 11.6619 18.4391 18.2209 15.4919 21.3073 17.4356 16.9115 14.9666 12.9615 15.3623 14.5602 16.0624 16.3707 15.4919 18.9209 19.7484 12.2474 17.8885 12.8841 18.5472 17.6635 19.3907 21.4942 17.7200 16.6733 14.6969 17.1464 17.4356 13.0384 16.5529 17.5499 24.7790 24.4745 21.8632 22.3607 23.8956 23.8956 22.7156 20.7123 24.4949 20.8087 20.3470 23.4521 23.1517 26.7769 22.0454 23.7908 22.3607 23.9583 21.9545 22.4944 26.3059 23.2379 22.8035 23.0000 21.1660 21.0000 22.8473 25.7099 25.0599 21.7945
8.1240 9.4868 13.0384 0.0000 10.2956 12.0000 12.6491 12.3288 8.4853 11.3137 12.8062 11.1355 11.9164 10.7703 8.9443 10.2956 11.3137 10.0995 8.7178 10.5830 13.4164 13.3417 12.0830 13.5647 8.4853 10.6771 8.9443 11.0454 11.5758 11.4891 20.9523 22.5389 20.9762 21.2132 21.3542 25.2784 20.4450 18.8944 21.4709 20.0749 22.7596 21.3776 21.3307 19.1311 21.7256 21.4709 21.2132 20.7364 21.5870 19.3391 21.7945 20.5670 20.0250 22.3830 20.4939 20.9523 20.8806 18.1384 19.7231 18.9737 8.7178 10.1980 12.2474 8.3666 10.1980 6.1644 12.0000 11.5758 12.6491 10.1980 9.5917 12.4097 8.3666 11.5758 12.4097 12.7279 12.5698 13.7840 11.4018 11.8322 8.7178 10.5830 10.8628 8.4261 10.7703 11.4018 13.6382 13.1909 11.9164 10.1980 15.7480 12.4900 13.1909 17.2047 13.1909 14.2829 11.8322 10.9545 12.4900 11.3137 12.4900 12.6491 14.6969 15.6844 12.3288 9.4868 14.2829 11.2250 15.3623 12.3288 15.7480 14.4222 12.0000 13.7840 14.4222 14.6969 12.4900 12.2474 12.8841 11.7473 22.1359 21.9773 19.7484 20.0499 20.7605 20.8567 20.0998 19.6723 21.3542 16.8819 18.1659 20.0000 19.4422 24.2693 19.3391 19.8494 18.3848 20.7364 17.3205 19.1311 23.4521 19.0263 20.2978 19.9249 19.9499 19.6214 19.2354 23.0434 21.5407 17.7482
9.6954 12.5698 8.6023 10.2956 0.0000 8.8318 10.1980 11.7473 9.6954 8.1240 12.0830 7.2111 9.6954 8.9443 10.3923 8.7178 10.9545 11.4018 9.7980 9.5917 8.9443 9.5917 10.4881 8.8318 7.3485 10.2956 12.8841 6.9282 6.6332 8.2462 23.7276 25.5343 24.2487 24.1661 24.2899 27.6948 23.5797 21.9317 23.9792 22.3830 26.1151 23.8118 24.3516 22.1811 24.6577 25.7488 24.4540 23.0217 23.9583 22.2711 25.4362 23.2594 23.0434 24.5153 23.4521 23.8956 24.2899 20.7123 23.8537 22.8473 10.5830 7.3485 12.8841 10.0995 11.0454 11.2250 13.3417 14.8324 10.0995 12.7279 13.1909 13.7840 13.4907 11.9164 10.9545 16.0000 14.7648 14.0000 14.7648 11.7473 9.2736 13.4907 12.4900 10.9087 10.1980 12.4900 12.9615 15.0333 12.6491 8.9443 20.3470 18.0000 18.0000 21.7715 17.7200 19.5448 15.6205 12.6491 15.8114 16.9706 17.6635 16.3095 18.7617 19.2354 17.8885 13.1149 19.0263 14.8324 20.5913 18.2209 20.0000 20.0000 17.2627 18.2209 18.0000 18.2209 18.7083 13.9284 16.9706 17.5499 24.0832 24.9199 22.1359 22.6274 23.6432 23.8956 21.9545 20.9523 24.6982 19.9750 20.1494 23.6220 22.8035 26.5518 21.9545 23.1948 21.0238 23.4521 21.5407 22.6274 25.7294 22.4499 23.0217 23.4307 21.8174 20.9523 22.5832 25.5539 24.8998 20.6640
12.5698 8.8318 10.0995 12.0000 8.8318 0.0000 13.5647 8.8318 10.9545 9.8995 14.5602 11.9164 8.1240 12.2474 10.4881 13.6382 12.9615 11.3137 7.6158 9.8995 8.4853 11.0454 11.0454 9.8995 11.5758 10.7703 12.7279 7.6158 12.2474 7.7460 24.3105 25.3377 24.6982 24.8193 24.1247 28.3725 23.8328 22.2036 23.8118 23.2164 25.4165 23.8537 23.4734 22.4944 25.3772 25.4362 24.3721 22.8473 24.3721 22.5389 25.9422 24.4336 24.0624 24.3105 22.7156 25.0000 24.2074 22.3830 23.6854 22.6274 10.0000 10.5830 10.4881 10.7703 13.1149 12.2474 10.8628 12.8841 12.4097 15.6205 11.5758 12.8841 14.2829 12.0830 10.8628 11.9164 14.0000 13.1149 16.3707 13.7113 10.2956 12.7279 13.1149 12.2882 11.8322 14.0000 14.0000 14.5602 13.4164 11.5758 20.0499 17.0294 18.0000 20.3961 17.3781 18.7617 13.2665 12.9615 15.3623 17.3781 17.8885 15.6844 18.9737 21.9089 17.1464 14.2127 20.0000 14.6287 20.5426 18.6011 20.9762 18.9209 17.8326 18.0000 17.7764 18.1659 17.7200 13.7840 17.0880 17.9444 25.1396 23.8118 22.8473 21.8632 23.3452 23.8537 22.3607 21.3307 24.7386 20.6640 20.6398 23.1948 21.7256 26.0576 21.0713 23.0651 21.3073 23.4521 20.9284 21.4942 25.5343 22.4054 22.6274 23.1733 21.4009 19.4679 21.3073 25.6710 23.9165 20.9523
11.7473 14.7648 10.7703 12.6491 10.1980 13.5647 0.0000 13.1909 13.5647 11.1355 11.7473 12.2474 9.5917 10.0995 13.5647 11.2250 9.7980 10.4881 11.3137 12.6491 11.4891 11.2250 12.5698 9.3808 10.0995 9.5917 11.8322 12.6491 9.8995 8.8318 22.5610 23.6220 23.2809 22.3607 22.1811 27.4773 22.8035 19.1050 22.8254 22.2486 24.9800 21.9773 23.7276 21.4942 22.9783 24.0624 23.4947 21.7715 22.7156 20.9284 24.3926 22.5167 21.7945 24.1039 21.8174 22.6053 22.1811 19.9750 22.5610 20.9762 13.1909 9.1652 12.0830 10.9545 11.0454 11.4891 13.7840 13.1149 9.0554 13.7840 14.7648 15.2971 12.3288 14.1421 11.7473 16.7332 17.7764 13.1909 12.4900 10.6771 8.4853 13.4164 14.5602 11.5326 12.0830 14.0000 13.6382 15.2315 9.2736 8.1240 16.8523 18.6011 17.1464 20.8327 17.4356 16.7929 15.8114 12.6491 15.6205 15.2315 17.8885 16.7332 16.4317 16.6132 17.8885 13.3417 18.6548 13.9284 18.1108 17.1464 19.5959 18.9737 15.3623 16.7332 14.0000 19.0263 17.6068 13.8564 15.6205 15.4272 23.1948 23.8118 20.0998 21.1187 22.6053 22.8254 22.0907 19.7231 23.0651 20.5183 20.2485 21.7256 22.6716 25.1595 20.4450 22.4054 21.2132 23.1948 21.1660 21.4476 24.3311 21.3073 21.4942 22.4277 20.1990 21.0950 21.4476 24.8797 23.0651 20.3715
14.4914 10.0995 9.0554 12.3288 11.7473 8.8318 13.1909 0.0000 12.7279 9.5917 12.5698 14.0000 8.8318 12.0830 12.2474 14.2127 9.6954 10.8628 7.7460 11.2250 9.2736 13.3417 13.0384 8.2462 11.8322 11.0454 12.0830 10.5830 13.6382 10.2956 22.6936 24.1247 22.8035 23.1948 22.2711 26.9629 22.0907 20.9523 23.1733 21.8861 24.7790 22.4277 22.8692 20.0998 24.0416 24.1454 23.3666 21.8632 23.5372 21.6333 24.4336 22.3830 22.0681 23.6008 22.1359 23.3880 22.7156 20.3715 22.0681 20.1990 10.1980 12.1655 10.2956 10.3923 11.0454 12.0000 11.9164 10.9545 10.3923 16.0624 11.9164 13.4164 12.8062 12.3288 10.1980 9.3808 12.0830 9.2736 14.9666 11.9164 12.0830 9.3808 12.0000 11.0000 11.4891 11.7473 13.5647 10.6771 11.4018 12.4900 16.8523 16.3707 15.0333 18.3303 15.2315 14.7648 12.3288 13.7840 13.7113 13.7113 16.3095 13.8564 15.4272 18.7083 17.0294 11.6619 17.4356 12.7279 17.0880 15.3623 17.7200 19.0788 15.1658 15.0997 14.5602 15.5563 15.8745 12.0000 14.3527 15.6205 23.5797 22.8254 20.6882 20.9762 22.2486 22.1133 21.9089 19.8746 22.4944 19.9750 19.8997 21.6333 21.5407 25.2784 20.7364 22.0000 20.8327 22.2711 19.7990 20.8327 24.5357 22.0454 21.7256 21.1896 19.7990 19.7737 20.8327 24.3516 22.8473 19.9750
10.1980 11.2250 12.4097 8.4853 9.6954 10.9545 13.5647 12.7279 0.0000 12.8841 16.7332 12.7279 11.7473 11.0454 12.5698 12.6491 14.0712 11.6619 9.8995 13.4907 14.1421 14.2829 13.5647 13.1149 11.5758 13.9284 10.8628 10.2956 13.9284 10.0000 23.6008 25.0599 23.5372 24.1247 24.3311 27.5500 23.3238 21.7025 24.5153 22.2486 26.2679 23.1301 23.7276 21.9545 24.1247 24.5153 24.1661 23.2809 23.7908 22.9783 25.2389 22.8692 22.9565 23.8537 22.7156 23.5160 24.2899 21.3307 23.4734 21.1187 12.5698 12.8841 15.0333 10.6771 13.4907 10.2956 14.2829 16.0624 14.2829 14.4914 11.7473 14.8997 12.3288 12.2474 14.7648 14.6969 16.0000 14.4914 14.7648 12.8062 12.2474 13.1909 13.8564 13.3791 12.4097 13.0384 15.6844 15.7480 12.1655 13.7113 19.0788 16.6132 14.2127 21.7715 16.8523 17.1464 14.8324 13.5647 16.6733 14.3527 13.4907 13.9284 16.7332 18.5472 16.3707 11.4891 16.3707 13.6382 18.3303 17.4356 18.3303 18.8149 15.6844 16.0624 15.7480 17.4929 17.7200 15.6844 16.3095 15.5563 24.4131 24.3516 22.1811 22.1359 23.8118 23.3452 22.4499 20.4695 23.9165 20.4206 20.2485 23.3666 22.4944 26.8887 21.2603 22.7156 20.5426 22.9347 19.6977 22.8910 25.6905 22.3159 22.3159 22.6495 22.1811 21.0000 21.9545 25.5539 24.0832 20.6640
12.4097 11.7473 8.8318 11.3137 8.1240 9.8995 11.1355 9.5917 12.8841 0.0000 11.1355 10.5830 8.9443 11.7473 10.5830 10.0000 10.1980 10.5830 9.7980 8.4853 6.4807 12.8062 10.6771 8.8318 9.1652 7.7460 13.1149 7.4833 10.1980 9.6954 21.2838 23.0651 21.6333 20.8806 20.9762 25.1595 20.6398 18.6815 20.1246 19.9249 22.4944 21.0950 21.9773 19.1833 22.3607 23.3024 21.5407 19.7484 21.4476 19.2873 22.9129 21.1424 21.0476 21.7025 21.1660 22.1585 21.7715 18.1934 21.5639 20.0000 9.8995 7.7460 9.8995 9.1652 11.6619 12.1655 10.6771 11.0454 10.6771 10.9545 11.7473 10.6771 11.6619 10.3923 7.3485 14.6969 13.3417 11.3137 12.6491 11.8322 10.5830 11.1355 10.4881 9.4340 9.6954 11.4018 9.5917 11.0454 12.4097 8.6023 17.7200 17.0880 17.6635 18.5472 14.9666 17.0880 14.2127 11.7473 13.4164 15.4272 17.7200 14.6287 15.6205 17.6635 17.0294 11.7473 17.2047 12.6491 18.1659 15.3623 17.6068 18.6548 14.9666 15.8745 16.0000 16.5529 16.1864 12.1655 13.9284 16.0000 21.4009 22.2036 19.6469 20.1990 21.3307 21.4709 19.4936 18.3576 22.4944 17.5784 16.7332 20.5913 20.2485 23.8956 19.5959 20.3470 18.8149 20.6882 19.0263 19.7484 23.1084 20.3470 20.3470 20.7605 19.0263 18.1934 19.8494 23.2164 21.7715 18.3576
15.2315 13.4907 13.8564 12.8062 12.0830 14.5602 11.7473 12.5698 16.7332 11.1355 0.0000 14.3527 12.4900 13.4907 13.1909 10.7703 10.0000 12.2474 13.2665 11.3137 12.1655 11.8322 10.3923 10.0995 8.9443 11.6619 14.0712 12.8841 11.5758 14.5602 22.6936 23.4521 22.5832 21.2603 22.3607 26.2488 21.8632 19.8746 23.0434 21.5639 23.9165 22.8692 23.0434 19.5448 22.8910 22.5610 22.7156 21.5407 22.4499 19.4422 22.6495 23.0868 21.1896 25.5930 23.0217 21.2838 21.4009 18.4662 21.2368 21.1660 11.5758 9.7980 11.9164 11.8322 8.3666 12.2474 12.4097 12.1655 10.0995 11.1355 12.4097 13.6382 13.5647 15.6205 11.9164 14.2127 15.0333 12.9615 13.1149 13.4164 11.4018 11.4891 12.8062 11.0000 11.3137 10.5830 14.8997 12.6491 12.8062 10.2956 19.3907 17.2047 19.3907 19.5959 17.4356 17.8885 15.4919 13.5647 13.7113 16.9706 19.3907 15.9374 19.1833 17.0294 15.3623 13.7840 19.0263 15.0333 17.2047 16.8523 16.9706 17.5499 13.4907 17.8885 19.3907 16.4924 16.8523 12.6491 13.9284 15.8114 23.0651 23.5160 20.8327 22.0454 21.5174 22.2036 22.0000 21.1424 23.3238 18.3030 20.5913 20.9762 21.4009 24.7588 20.2978 21.5407 21.0238 22.6716 20.3470 20.4450 25.0599 20.1494 21.6795 21.6564 20.8327 21.7025 21.6333 23.3880 22.2261 19.4679
7.7460 14.9666 11.0454 11.1355 7.2111 11.9164 12.2474 14.0000 12.7279 10.5830 14.3527 0.0000 11.4018 10.6771 12.5698 8.9443 11.9164 14.0000 10.5830 9.8995 11.1355 12.4097 14.4914 11.4891 8.2462 10.1980 14.5602 12.4900 6.4807 10.8628 23.6432 25.3772 24.0416 25.0599 23.9583 28.3019 23.1948 22.2036 23.9792 23.0434 26.0384 24.0624 24.8395 23.0217 25.1396 26.1343 25.0998 23.3666 23.9165 23.1084 25.1595 23.4734 23.1733 24.3105 23.7065 24.6779 23.9583 21.2838 23.6854 23.5372 12.0000 9.1652 15.2971 10.8628 12.8841 12.7279 16.0624 16.6132 11.4018 14.8324 16.0624 15.9374 13.3417 12.8841 11.7473 17.6068 12.4900 15.2315 14.8324 11.6619 10.5830 14.4914 12.2474 10.1489 12.3288 15.4272 12.3288 16.7929 14.2829 11.1355 20.0998 18.4391 19.9499 22.5389 18.4391 20.3470 16.9706 15.2971 15.4919 17.6635 18.8149 19.4936 18.2757 20.6398 19.4936 14.2127 20.0000 16.9706 21.9545 18.4932 21.7715 20.5913 18.3848 19.4936 17.9444 20.2485 19.1311 16.0624 19.0788 19.1833 24.5357 24.5967 22.5832 22.7156 24.1039 24.4336 22.4944 21.7945 24.5357 19.4679 20.7846 23.7065 23.3666 26.2488 22.6716 23.6643 21.4942 24.1247 22.2711 22.4944 26.3059 22.3607 23.6220 23.4307 22.6716 21.8861 23.2379 26.0576 25.0998 21.3307
11.4018 9.6954 10.2956 11.9164 9.6954 8.1240 9.5917 8.8318 11.7473 8.9443 12.4900 11.4018 0.0000 12.0830 13.1149 11.7473 10.9545 8.4853 7.4833 8.9443 7.2111 11.9164 10.6771 6.6332 10.2956 8.0000 11.7473 10.2956 11.5758 5.8310 22.9565 24.2899 22.7156 23.0651 22.0000 26.8514 21.8632 20.3715 22.6053 22.3830 24.9800 22.7376 23.0434 21.4009 23.7065 24.5967 23.2379 21.1187 22.4944 21.7715 25.0000 22.6495 21.7025 22.8692 22.4054 24.0208 22.9783 20.4695 22.8692 21.3073 10.6771 9.7980 9.4868 8.9443 12.0830 11.4891 11.4891 11.9164 10.3923 14.1421 11.6619 13.1909 11.8322 12.2474 9.2736 12.5698 13.4907 8.3666 12.8062 10.0000 10.0995 10.9545 12.0000 10.3441 10.0995 13.4907 10.2956 11.8322 9.3808 10.3923 17.7200 17.3781 18.1108 20.6398 16.7929 17.3205 14.1421 12.8841 14.3527 16.0000 17.7764 16.4317 16.7332 19.3391 17.0880 12.3288 18.8680 14.3527 18.7617 17.6635 19.8494 19.1311 15.7480 17.0294 14.3527 18.2757 17.6635 14.2127 15.8114 16.8523 23.4094 22.6936 20.8327 21.6333 22.2486 22.8254 21.6795 20.1246 23.0217 19.5192 19.6977 21.8174 21.6795 24.6779 19.8997 22.7596 20.0998 22.8035 19.6977 21.1187 24.5357 21.1660 21.7256 21.8861 20.2978 19.9750 20.4450 24.7184 22.8473 20.1742
11.7473 14.0712 10.0000 10.7703 8.9443 12.2474 10.0995 12.0830 11.0454 11.7473 13.4907 10.6771 12.0830 0.0000 12.2474 12.8062 10.4881 13.4907 10.5830 12.8841 13.0384 8.6023 12.9615 10.2956 10.9545 12.7279 12.9615 10.5830 9.6954 10.2956 22.3383 23.8328 23.9165 23.4094 23.0651 27.2947 23.0217 20.7605 23.3024 21.6102 24.8998 22.4722 23.6008 21.1660 23.7065 24.5561 23.2379 22.8035 23.0217 21.7715 24.4745 22.3830 21.9773 23.7697 21.4476 21.9317 22.7156 20.5670 22.0227 21.2132 9.5917 10.4881 13.5647 10.6771 9.6954 10.5830 15.0333 15.2971 7.2111 15.1658 14.3527 15.4272 13.3417 12.0000 11.5758 14.7648 15.2971 14.7648 13.4907 11.4018 9.1652 13.1149 14.0712 11.1803 11.8322 12.1655 15.4919 16.0000 11.4018 11.0454 18.8149 17.0294 15.2971 20.4939 17.7764 17.4356 14.2127 13.5647 15.0333 14.0000 15.8114 15.0333 17.3781 18.8680 18.2757 13.3417 17.0880 13.8564 19.4936 16.9706 19.3907 19.1311 16.6733 16.7332 15.8745 17.3205 17.0294 14.0712 17.2047 16.0624 23.4947 23.5584 20.6398 20.6398 22.3830 22.4722 21.9545 18.7350 23.4094 19.9750 19.8997 22.0907 22.2261 25.0799 21.4009 22.1811 20.8327 22.4944 20.5913 21.5870 24.9399 22.0000 21.5870 21.9317 20.5426 20.3224 22.1359 25.3969 23.7487 19.3132
12.7279 10.5830 12.8841 8.9443 10.3923 10.4881 13.5647 12.2474 12.5698 10.5830 13.1909 12.5698 13.1149 12.2474 0.0000 13.0384 12.8062 10.7703 11.1355 11.3137 10.8628 11.8322 12.2474 14.2127 9.1652 11.3137 11.3137 9.6954 10.6771 11.9164 22.2935 23.5797 23.0217 22.3159 22.6716 26.5518 22.5832 20.2731 21.6102 21.0000 23.0217 22.5167 22.3830 20.3470 23.2809 23.8956 21.9545 21.7715 23.1948 19.0263 22.7816 22.1585 21.7945 23.6008 21.0238 21.9773 21.9089 19.5704 20.8567 21.0238 9.2736 9.0554 11.0454 11.8322 12.0000 9.3808 10.9545 10.0995 13.5647 12.4900 12.0000 11.3137 12.8062 11.6619 12.1655 14.4222 14.4222 15.6205 15.0333 14.0712 8.3666 13.0384 12.5698 10.2470 11.4891 12.8841 16.4317 14.2127 16.1245 9.1652 16.9115 13.4164 15.6205 15.5563 13.1149 16.2481 11.4891 9.8995 12.6491 14.8324 16.1245 12.7279 17.7200 17.6635 13.2665 12.5698 17.1464 12.6491 17.8885 13.4164 17.8326 13.9284 14.6287 14.8997 17.2047 15.0997 13.4907 10.4881 13.4907 14.0000 23.3238 22.9129 20.5426 21.2132 21.8861 22.3830 20.5426 20.4206 22.8035 18.6279 18.7083 21.4476 20.0998 24.7588 20.9284 20.5426 20.2978 21.2132 19.8997 19.1833 23.1948 20.6398 21.0713 21.8861 20.1494 19.0526 20.4939 23.6008 22.1811 19.3649
9.8995 14.7648 12.0830 10.2956 8.7178 13.6382 11.2250 14.2127 12.6491 10.0000 10.7703 8.9443 11.7473 12.8062 13.0384 0.0000 11.5758 12.0000 12.1655 10.5830 11.7473 14.4222 13.0384 11.4018 6.0000 10.1980 11.9164 12.4900 9.6954 12.0830 22.2036 23.2809 21.6795 21.5870 22.8473 26.5141 21.3073 19.4165 22.3830 20.6640 24.1247 21.5639 22.9129 19.8997 22.5389 22.3830 23.2379 21.8632 21.7256 20.2485 22.6936 22.2486 21.0950 23.5160 22.1359 22.0681 21.9545 18.7350 21.9317 21.0238 12.8841 8.9443 14.0000 9.7980 10.9545 11.5758 13.3417 15.1658 12.0830 9.6954 13.1149 13.0384 11.9164 13.1149 12.4900 17.1464 13.7113 12.7279 12.9615 11.3137 10.6771 13.1909 11.2250 10.8167 11.3137 12.6491 11.8322 15.2315 11.5758 10.7703 19.5959 18.3303 18.9209 22.4499 17.7764 18.6548 17.4929 14.1421 14.8324 16.3707 18.0000 17.4929 16.4924 15.3623 17.4356 12.1655 17.0294 15.0333 18.2209 17.4356 17.4929 18.9209 15.2971 18.3303 17.6635 18.2209 18.2209 14.9666 16.0624 16.9706 22.6716 23.1301 21.0713 21.4009 22.1585 22.0681 21.0238 20.1742 23.0651 17.2916 19.6977 21.4476 21.5407 25.3574 20.0499 21.1187 19.6977 22.0000 20.2978 21.4009 24.7790 20.3470 21.0713 21.6564 21.2603 20.9045 21.2603 22.7376 22.5832 19.5704
11.4891 12.0830 11.3137 11.3137 10.9545 12.9615 9.7980 9.6954 14.0712 10.1980 10.0000 11.9164 10.9545 10.4881 12.8062 11.5758 0.0000 12.3288 8.9443 11.3137 12.3288 11.7473 11.2250 9.2736 9.6954 10.1980 10.0995 13.1909 10.7703 12.0830 21.7945 23.9165 22.6274 22.1811 21.4476 26.6271 21.5407 19.2094 22.3383 21.3776 24.6171 22.2935 22.8254 20.3470 23.4947 23.6854 23.0217 21.5870 22.4054 20.8806 23.6008 21.5174 22.0681 23.3024 21.5870 22.4277 21.0238 18.6815 21.7945 20.6398 10.3923 10.1980 12.8062 8.6023 7.7460 10.0000 14.2829 11.0454 8.6023 14.3527 13.2665 14.4914 11.2250 15.1658 11.2250 12.9615 12.9615 12.2474 13.2665 11.3137 9.1652 9.3808 13.4164 10.3441 13.7840 11.8322 13.4907 12.4900 9.3808 8.2462 17.5499 17.8326 17.3781 19.4422 16.4924 16.7332 14.4914 14.5602 15.6205 14.8324 18.0555 16.4924 16.5529 18.3303 17.3781 14.0712 19.3391 14.2127 17.7200 15.8114 18.3848 19.5959 14.5602 16.3095 14.6287 18.2757 16.1864 13.9284 15.4272 14.8997 22.8035 23.6008 20.5426 20.2485 22.5167 22.0227 21.7715 19.7231 21.8174 19.4165 19.5959 21.6333 21.9089 25.0799 20.7846 21.5407 20.8806 22.8473 20.1494 20.8327 24.7386 21.1187 22.0000 21.3307 20.0000 21.1424 21.0713 25.0000 22.7156 19.2094
11.9164 10.3923 13.4907 10.0995 11.4018 11.3137 10.4881 10.8628 11.6619 10.5830 12.2474 14.0000 8.4853 13.4907 10.7703 12.0000 12.3288 0.0000 10.1980 8.7178 10.3923 14.5602 11.0454 10.6771 10.0995 8.6023 9.6954 11.2250 11.8322 10.2956 23.2164 23.4947 22.6716 22.1359 22.1359 26.8142 22.3159 19.6214 21.9317 21.5174 24.5764 21.7945 23.1301 20.3961 22.8035 23.8537 22.8473 21.1187 22.9347 20.9762 23.9374 22.2935 21.1896 23.6008 21.6333 23.2594 22.7156 19.7737 21.5639 20.4939 11.6619 9.2736 10.0000 11.4018 10.6771 10.7703 11.1355 9.8995 13.7840 11.7473 11.9164 12.2474 12.0000 12.0830 12.8841 14.2829 16.3707 9.8995 13.3417 12.8062 10.3923 12.7279 14.3527 9.1104 10.3923 12.2474 14.2829 11.3137 11.8322 10.8628 14.1421 14.4222 14.8997 16.3095 13.7113 13.7113 12.2474 10.5830 12.1655 13.8564 16.4317 12.8062 14.8997 14.2829 13.5647 9.8995 15.3623 11.9164 15.8114 12.8841 16.9706 15.0333 12.0000 14.6969 14.4222 14.7648 15.0333 10.9545 12.0000 12.5698 23.3238 23.4307 20.1494 22.0000 22.1585 22.6936 21.5870 20.4695 23.0217 19.9750 20.3961 21.2603 21.6333 25.8263 20.3470 21.4942 19.9499 21.9089 19.5959 20.7364 23.5797 21.3542 21.4009 21.8403 20.8327 20.3224 20.6882 23.9792 22.6274 19.8242
8.6023 8.6023 9.2736 8.7178 9.7980 7.6158 11.3137 7.7460 9.8995 9.7980 13.2665 10.5830 7.4833 10.5830 11.1355 12.1655 8.9443 10.1980 0.0000 9.2736 10.0000 11.8322 11.5758 9.3808 10.1980 8.0000 9.3808 10.5830 11.6619 7.7460 22.2036 24.0416 22.8035 23.1517 22.0000 26.8887 21.8632 20.1246 22.7816 22.1133 24.5764 22.6053 22.3830 21.1660 23.8328 23.6008 23.1948 21.4009 22.9347 21.5407 24.3926 21.9317 22.2486 23.0000 21.9089 23.2164 22.2261 20.0250 22.1133 20.4939 9.2736 10.7703 10.4881 7.3485 10.7703 9.4868 11.1355 10.7703 10.6771 14.5602 11.0454 14.0712 9.5917 12.7279 10.2956 9.4868 12.0000 11.4018 12.7279 10.9545 9.0554 10.1980 11.1355 9.2195 11.3137 12.2474 11.6619 12.8062 9.1652 10.2956 16.0000 14.5602 14.5602 18.1108 15.0997 14.8997 10.8628 11.6619 13.5647 13.1909 14.4914 14.8997 14.5602 19.4422 15.3623 11.2250 17.5499 11.7473 16.5529 15.0997 18.4932 17.9444 14.1421 14.8997 12.6491 16.3095 14.0712 12.6491 14.6969 14.1421 23.8328 22.7816 20.9284 20.6398 22.5167 22.5610 21.7256 20.1742 22.4054 19.1572 19.3907 21.7715 21.0713 25.2784 20.0000 22.1359 20.4939 22.9783 18.8149 20.2485 25.1396 20.9762 21.8174 21.2838 20.3470 20.0250 20.5426 25.2389 22.9347 19.7231
10.1980 10.8628 13.0384 10.5830 9.5917 9.8995 12.6491 11.2250 13.4907 8.4853 11.3137 9.8995 8.9443 12.8841 11.3137 10.5830 11.3137 8.7178 9.2736 0.0000 9.5917 13.1909 9.7980 9.8995 9.5917 6.7823 12.6491 10.6771 9.0554 11.7473 23.5160 24.0000 23.4947 23.1948 22.3607 27.1846 22.3607 20.0749 21.4243 21.7025 24.2899 22.4722 23.2164 21.1660 23.9583 24.4745 23.4521 21.2132 22.8473 21.7256 23.8956 23.1301 22.7376 23.4734 22.0907 24.2693 22.7596 20.0749 22.0227 21.8174 9.7980 7.2111 11.4018 10.5830 9.8995 12.6491 12.4097 11.8322 12.8062 12.2474 13.0384 12.7279 13.1149 12.2474 11.1355 14.4914 13.6382 11.9164 13.7840 13.9284 10.3923 13.1909 13.4907 7.4162 11.1355 12.6491 11.9164 12.4097 13.4164 10.5830 17.2047 15.6205 18.5472 17.4356 15.7480 17.3781 13.1909 12.8841 12.3288 16.5529 18.8680 16.0000 16.8523 18.8149 15.6844 12.5698 18.2209 14.4222 19.1833 14.8324 19.3391 17.0294 14.4914 17.6068 17.7200 16.9706 16.3707 12.4900 15.2971 15.8114 23.6643 23.8118 21.6333 21.6795 22.6495 23.3452 21.4942 21.0950 24.1247 19.3649 20.3470 21.7256 21.6795 25.7099 21.0713 21.8632 20.0998 22.6274 20.4450 20.6882 24.8998 21.4942 22.3607 22.1585 21.7256 20.1246 21.5870 25.0000 23.1948 19.5704
13.8564 12.3288 8.4853 13.4164 8.9443 8.4853 11.4891 9.2736 14.1421 6.4807 12.1655 11.1355 7.2111 13.0384 10.8628 11.7473 12.3288 10.3923 10.0000 9.5917 0.0000 12.1655 12.1655 8.2462 9.5917 8.3666 14.2127 8.7178 10.4881 7.8740 22.6495 24.5357 22.9347 22.5832 22.4499 26.2869 22.1811 20.9523 22.1133 21.8861 24.2899 22.9565 23.2164 20.8806 23.8328 25.0000 22.9347 21.0238 22.8910 20.5426 24.4336 22.4722 21.6564 23.2164 22.9347 23.3880 23.2809 19.9249 22.9129 21.7715 11.0454 8.9443 9.1652 10.8628 13.5647 13.3417 10.4881 11.9164 11.1355 14.0000 13.1149 12.2474 13.5647 11.5758 8.0000 14.2829 13.6382 10.5830 14.3527 11.1355 11.0454 12.9615 10.6771 10.7238 8.6023 13.1149 10.9545 12.0830 13.5647 10.4881 18.2209 17.1464 18.5472 19.3907 15.8114 17.8885 14.0712 11.4891 13.3417 16.8523 18.3303 16.0000 17.1464 19.1833 17.4356 12.4097 18.7083 14.1421 19.0263 17.2627 19.1833 19.1311 16.5529 16.7929 16.1864 16.7332 17.3205 12.4097 15.1658 17.6068 23.1517 22.7816 20.5913 22.2261 22.3383 22.9565 20.8806 20.1742 23.4521 18.9473 18.8149 22.1811 21.3542 24.7184 20.6398 22.4499 20.4450 22.3159 20.5913 20.6882 24.2487 21.4476 21.5870 22.1585 20.1494 19.3649 21.2603 24.0624 23.2379 20.5183
14.1421 12.8841 12.1655 13.3417 9.5917 11.0454 11.2250 13.3417 14.2829 12.8062 11.8322 12.4097 11.9164 8.6023 11.8322 14.4222 11.7473 14.5602 11.8322 13.1909 12.1655 0.0000 10.5830 10.6771 10.8628 13.4907 14.6287 10.8628 9.8995 10.9545 24.7184 26.3059 26.1534 25.2190 25.1396 28.9655 25.3772 23.0434 25.4362 24.3105 26.7582 25.6320 25.1197 23.7487 26.0000 26.7021 24.8596 24.4949 24.9800 22.6274 26.4386 25.2389 24.2281 26.5141 24.1247 23.8537 24.3721 22.4722 24.0624 24.2487 10.4881 10.4881 13.1149 12.6491 11.4018 12.1655 14.5602 14.9666 8.7178 16.2481 14.4914 16.1864 16.0000 15.6205 12.4097 15.0333 16.3707 16.4924 15.9374 13.5647 8.9443 14.0712 15.0333 13.6015 13.0384 14.0712 17.3781 17.3781 14.1421 9.7980 22.0907 18.5472 19.8997 22.0000 20.0998 21.0713 15.0333 13.8564 16.9706 18.8149 19.6977 17.7764 22.3607 22.6274 18.1108 16.7929 22.2261 16.8523 22.0907 20.3470 22.3607 19.7484 18.8149 19.6977 19.7990 19.9499 19.0263 15.3623 18.8149 18.9209 25.6515 25.4362 23.1517 23.2809 23.9792 24.7992 23.6643 22.2486 25.4951 21.7486 21.8632 24.4131 23.3238 26.1343 22.7596 24.6982 23.1948 25.0200 22.6274 22.8035 26.7955 22.8910 23.9583 24.6374 22.2711 22.2935 23.5797 27.1109 25.2190 21.5639
14.0000 9.2736 15.1658 12.0830 10.4881 11.0454 12.5698 13.0384 13.5647 10.6771 10.3923 14.4914 10.6771 12.9615 12.2474 13.0384 11.2250 11.0454 11.5758 9.7980 12.1655 10.5830 0.0000 10.6771 11.2250 12.2474 12.3288 9.6954 12.4900 12.4900 22.7816 24.1661 23.5797 21.5870 22.1359 25.4755 22.1811 19.6214 21.3307 20.7605 23.9583 23.0000 22.0227 20.7364 23.1948 23.8956 21.6333 20.6398 21.5870 20.2978 23.9374 22.6495 22.5167 22.8692 21.6333 22.4722 22.0454 19.0526 22.4277 21.7715 9.3808 9.2736 12.2474 10.5830 10.2956 11.1355 11.8322 11.9164 12.4097 12.3288 10.6771 12.0000 14.7648 15.4919 12.2474 14.0712 16.7929 14.0000 14.8997 15.0333 10.0000 12.6491 15.7480 12.7671 12.9615 11.2250 14.8324 13.0384 12.6491 9.6954 21.2132 17.9444 20.0000 19.8494 17.7764 20.2485 14.4914 13.1909 16.6733 18.6011 19.6469 15.2315 21.0713 20.7846 14.8997 15.7480 20.6398 15.6844 19.7990 18.4391 19.0788 18.1659 15.2971 18.2209 19.5959 18.3848 18.1108 15.0333 15.7480 16.1864 22.6716 23.7697 21.4476 21.4476 22.1133 22.2486 21.0713 20.1246 23.6643 19.5192 19.3391 21.9089 20.8327 24.5561 19.9499 21.4009 19.6469 22.2711 19.1311 21.0713 24.4949 20.7846 21.7256 22.2486 20.7846 19.8242 20.6882 24.9600 22.4944 18.6279
13.2665 12.6491 9.0554 13.5647 8.8318 9.8995 9.3808 8.2462 13.1149 8.8318 10.0995 11.4891 6.6332 10.2956 14.2127 11.4018 9.2736 10.6771 9.3808 9.8995 8.2462 10.6771 10.6771 0.0000 10.0000 10.0995 13.4907 10.2956 10.3923 8.8318 23.6432 24.7386 23.8328 23.5797 23.0217 27.6225 22.8910 21.3307 23.9792 22.6495 26.0384 23.1301 24.2281 21.3542 24.3311 25.1992 24.3721 22.4054 23.4094 22.5389 25.5147 23.5584 22.4277 24.5967 23.2809 23.8118 23.5797 20.5670 23.3024 22.0907 11.4891 9.8995 11.8322 10.4881 10.0000 13.0384 13.1149 13.8564 7.7460 15.0997 13.7113 14.5602 14.0000 13.4164 10.0000 13.5647 14.6287 9.4868 14.3527 11.1355 11.4018 11.4891 13.3417 11.2694 10.6771 11.8322 12.4900 12.7279 9.3808 11.2250 19.4936 19.0263 18.6548 21.6795 18.6011 18.2209 15.4919 14.4222 15.1658 16.9706 19.0263 16.6132 17.8326 19.3391 18.8149 13.2665 19.3907 15.2315 19.3907 18.7083 19.6469 20.8327 16.2481 18.2209 16.7929 18.1659 19.2354 14.2829 16.5529 17.8326 23.8328 23.9374 21.3073 22.0907 23.0000 23.2164 22.6274 20.1742 23.9583 20.3715 20.9284 22.6716 23.0651 25.8263 21.1187 23.2809 21.2603 23.5797 21.0713 22.3607 25.6515 22.4054 22.4944 22.5610 20.9284 21.2368 22.2711 25.2389 23.9165 20.5670
9.6954 11.9164 11.0454 8.4853 7.3485 11.5758 10.0995 11.8322 11.5758 9.1652 8.9443 8.2462 10.2956 10.9545 9.1652 6.0000 9.6954 10.0995 10.1980 9.5917 9.5917 10.8628 11.2250 10.0000 0.0000 9.4868 10.6771 10.8628 7.2111 10.4881 22.1133 23.6220 21.9089 21.8174 22.5389 26.3629 21.6795 20.0749 22.6936 21.0000 24.2899 22.3383 22.9129 20.0499 22.8473 23.2594 22.7596 21.8174 22.1811 19.7484 22.6495 22.0227 20.7123 23.8956 22.3159 21.5174 21.7715 18.5742 21.3776 21.1187 10.3923 7.0711 12.3288 9.1652 9.5917 9.0554 12.1655 12.5698 10.2956 10.5830 12.0000 12.2474 11.2250 12.5698 11.1355 14.9666 12.0000 12.0830 12.8062 9.7980 8.2462 10.9545 10.0000 9.2195 9.4868 11.2250 13.1149 13.4907 12.0830 8.3666 18.1659 15.9374 17.4929 19.9499 15.6844 17.2627 14.4914 11.8322 13.0384 15.3623 16.7332 15.5563 16.9706 15.8745 14.8997 11.0454 17.2627 14.0712 17.5499 15.7480 17.1464 16.7332 14.0000 16.3707 16.6733 16.6132 16.3707 12.8841 14.4222 15.5563 22.8035 23.0868 20.5426 21.7256 21.9773 22.1133 20.9284 20.5670 22.4499 17.5214 19.3907 21.7256 21.2132 24.9199 20.3961 21.4009 20.0000 22.0907 19.9499 20.7364 24.3721 20.0499 21.3073 21.7486 20.7846 20.9523 21.2603 23.1733 22.6274 19.5192
9.1652 12.0830 10.5830 10.6771 10.2956 10.7703 9.5917 11.0454 13.9284 7.7460 11.6619 10.1980 8.0000 12.7279 11.3137 10.1980 10.1980 8.6023 8.0000 6.7823 8.3666 13.4907 12.2474 10.0995 9.4868 0.0000 11.3137 11.6619 9.5917 9.4868 22.2935 23.3238 22.4944 22.2711 21.4942 26.8887 21.6795 18.7350 21.2368 21.9317 23.6220 21.8861 22.8254 20.9284 23.1517 23.5160 23.0651 20.5426 22.6274 20.5426 23.7276 22.1133 21.8403 23.2594 21.7715 23.4307 21.9089 19.5704 21.6564 20.7364 11.2250 8.0000 8.8318 9.4868 11.0454 12.0830 10.9545 9.7980 11.9164 11.6619 13.0384 13.4164 10.0000 12.0830 9.7980 14.2127 14.0000 11.4018 11.3137 11.7473 9.1652 12.8062 11.5758 6.8557 10.6771 13.4907 10.2956 12.7279 11.4018 8.4853 14.2829 14.9666 16.8523 16.8523 14.7648 14.9666 12.6491 10.5830 11.6619 14.4914 17.4356 16.2481 13.7840 17.0880 15.8745 11.2250 17.2627 11.9164 16.9115 13.7840 18.8680 16.9706 13.7113 15.9374 13.7113 16.5529 14.0000 11.0454 13.7113 14.2829 23.2379 22.8254 20.2978 20.9284 22.1585 23.0434 21.2132 20.2731 23.0217 18.6815 19.1833 20.9762 21.1187 25.0400 20.0000 21.6795 20.3961 22.4944 20.0000 19.4936 24.2487 20.5426 21.5407 21.5174 20.3961 19.8746 20.6398 24.5153 22.4944 19.7231
10.4881 10.3923 14.2127 8.9443 12.8841 12.7279 11.8322 12.0830 10.8628 13.1149 14.0712 14.5602 11.7473 12.9615 11.3137 11.9164 10.0995 9.6954 9.3808 12.6491 14.2127 14.6287 12.3288 13.4907 10.6771 11.3137 0.0000 14.0000 13.9284 11.9164 21.5639 22.8473 21.7715 21.4942 21.8632 26.4764 21.4942 18.1934 21.7025 20.5670 24.2487 21.0950 21.6564 19.9499 22.2711 22.2935 22.2711 21.7715 22.0000 20.1494 23.1301 21.0476 21.3307 22.2486 19.7484 21.9317 20.7846 18.8414 20.7605 19.4422 11.9164 12.0000 12.3288 9.5917 9.7980 7.8740 12.2474 10.6771 13.8564 13.0384 11.3137 13.4907 10.5830 14.3527 14.6287 13.1149 15.0997 12.4097 13.4164 12.5698 8.9443 11.8322 14.4914 11.6190 14.4914 12.6491 16.1245 14.5602 9.7980 10.6771 15.8745 15.5563 14.5602 18.5472 15.4919 14.7648 13.0384 12.8062 15.3623 13.3417 15.7480 14.5602 15.1658 15.4919 14.6287 12.6491 16.4924 12.0000 15.2971 14.4222 17.0294 16.3095 13.1149 15.0333 13.2665 16.9706 14.4222 13.7113 14.1421 12.4097 22.8035 22.5610 20.0000 19.8997 21.8861 21.4243 21.2132 19.1050 21.0713 19.3132 19.5448 20.9762 20.5913 25.2389 19.3391 20.4450 19.8997 21.3073 18.5472 20.1990 23.3666 20.5913 20.6882 21.0000 19.7484 20.0250 19.5448 23.3880 21.2603 18.8944
13.7840 10.7703 9.4868 11.0454 6.9282 7.6158 12.6491 10.5830 10.2956 7.4833 12.8841 12.4900 10.2956 10.5830 9.6954 12.4900 13.1909 11.2250 10.5830 10.6771 8.7178 10.8628 9.6954 10.2956 10.8628 11.6619 14.0000 0.0000 11.5758 8.9443 23.0434 24.6171 23.7908 22.7156 23.4094 26.3249 22.9347 21.0950 22.4277 21.2368 24.0000 22.8692 22.8254 20.7364 23.7908 24.3926 22.5832 21.5407 23.1084 20.6882 24.5561 22.8692 22.6495 23.4734 22.3607 22.8692 23.7487 20.4206 23.0868 21.3542 9.2736 9.2736 10.6771 10.7703 12.6491 11.9164 10.6771 13.1149 11.5758 12.4900 10.6771 11.3137 14.0712 10.7703 10.0000 14.0000 15.8745 14.0000 14.9666 13.7113 10.7703 13.1149 12.5698 12.1244 9.3808 11.4891 13.2665 13.2665 13.7840 10.5830 20.0998 16.8523 16.5529 19.5959 16.1245 18.3848 13.8564 11.0454 15.0333 16.0624 16.4317 12.8841 18.4391 19.5448 16.3095 12.6491 17.6068 13.1909 19.3907 17.2627 18.3303 18.6011 16.4924 16.5529 18.1108 16.0000 17.1464 12.5698 15.0333 16.4317 23.3238 23.6432 21.4476 21.6333 22.3830 22.6936 20.8327 19.7231 24.4540 19.4165 18.6011 22.2261 20.9762 25.3180 20.7364 21.7256 19.9499 21.9089 19.8997 21.2603 24.5357 21.7256 21.4009 22.2935 20.5426 18.6815 21.0713 24.6374 23.4947 19.5192
9.8995 14.8997 11.3137 11.5758 6.6332 12.2474 9.8995 13.6382 13.9284 10.1980 11.5758 6.4807 11.5758 9.6954 10.6771 9.6954 10.7703 11.8322 11.6619 9.0554 10.4881 9.8995 12.4900 10.3923 7.2111 9.5917 13.9284 11.5758 0.0000 11.3137 24.6374 25.9230 25.2587 25.1396 24.6577 29.0689 24.6171 22.4722 24.3516 23.5584 26.8328 24.5561 25.7876 23.2379 25.5343 27.0000 25.4951 24.0416 25.0200 23.0217 25.7099 24.1868 23.4734 25.9037 24.0416 24.7588 24.4949 21.4243 23.6854 24.1247 11.6619 6.6332 13.9284 12.4097 10.2956 12.4900 15.5563 14.8997 10.4881 13.8564 16.3707 15.6844 14.5602 13.4907 12.3288 18.0555 15.1658 15.0997 15.2315 12.6491 9.0554 14.9666 14.2127 9.4340 11.8322 14.2829 14.8324 16.2481 14.6287 8.7178 19.0788 17.8326 19.2873 20.5426 18.0000 19.4936 15.8114 13.7113 14.7648 17.6068 19.7484 18.2209 19.1833 18.8149 18.4932 14.2829 19.9499 16.1245 21.4476 17.0880 21.4476 19.2873 17.4929 19.1311 18.6011 19.0263 18.6011 13.7113 17.7764 17.8885 25.0200 25.9422 22.5389 23.6220 24.3516 25.0400 23.0651 22.4722 25.2587 21.0950 21.8632 24.1661 24.1247 27.2213 23.5372 24.1247 22.4499 24.5357 23.3238 22.9347 26.2298 23.2809 24.2487 24.4336 22.8910 22.6495 24.0000 26.4386 25.7682 21.6102
11.0454 11.4018 7.8740 11.4891 8.2462 7.7460 8.8318 10.2956 10.0000 9.6954 14.5602 10.8628 5.8310 10.2956 11.9164 12.0830 12.0830 10.2956 7.7460 11.7473 7.8740 10.9545 12.4900 8.8318 10.4881 9.4868 11.9164 8.9443 11.3137 0.0000 23.4734 25.2982 23.9583 24.0000 23.4947 27.8747 23.3238 21.4709 23.8118 23.2164 25.6515 23.5160 23.8537 22.4499 24.6171 25.2784 24.0416 22.4944 23.7065 22.1811 25.9808 23.2164 22.6936 23.7276 23.0217 24.2281 24.0832 21.6102 23.9792 22.0454 11.3137 10.5830 10.4881 9.4868 13.6382 11.1355 11.9164 13.2665 10.3923 14.9666 12.5698 14.0000 12.1655 12.1655 10.0995 13.7840 15.0333 11.7473 13.9284 10.0995 9.2736 12.6491 12.0830 11.9583 10.2956 14.4914 11.5758 14.5602 10.0000 10.0995 18.4391 17.7764 16.6733 21.4942 17.2047 17.6635 14.5602 11.9164 15.6205 15.4272 16.3095 16.2481 16.7332 19.6469 17.9444 12.4900 18.6011 13.9284 19.2354 18.3303 20.3961 19.8494 17.2627 16.8523 13.7113 18.4391 17.6635 14.4914 16.6733 17.0880 24.4540 23.5584 21.5870 22.1359 23.2594 23.6008 22.2261 20.4695 23.8747 20.3224 19.9499 23.0217 22.3607 25.7099 20.9284 23.5372 21.1660 23.6643 20.6882 22.0000 25.2982 22.1359 22.1359 22.9565 20.7846 20.3715 21.2603 25.5930 24.1661 21.1424
23.5584 22.5610 23.4307 20.9523 23.7276 24.3105 22.5610 22.6936 23.6008 21.2838 22.6936 23.6432 22.9565 22.3383 22.2935 22.2036 21.7945 23.2164 22.2036 23.5160 22.6495 24.7184 22.7816 23.6432 22.1133 22.2935 21.5639 23.0434 24.6374 23.4734 0.0000 10.2470 8.7750 9.2195 8.8882 9.2736 7.9373 10.9545 11.9164 8.9443 11.7898 13.4164 10.6771 10.8167 7.5498 13.2665 8.0623 9.9499 9.2195 9.3274 12.2474 10.0995 10.0995 10.6771 11.2694 9.7980 9.8489 10.2956 11.5758 10.8167 19.1572 20.8567 19.9750 18.1934 22.0681 18.9473 18.0278 20.0250 20.6640 19.8242 18.6279 18.5203 18.1384 18.4120 17.4069 21.1896 21.4243 22.2486 16.7631 19.1572 20.3715 20.6155 19.0526 19.9499 20.2731 18.5203 20.9045 19.6214 21.9317 22.0227 21.5639 19.8746 21.9317 21.8403 17.6352 20.4695 20.2731 19.8746 19.4165 19.3132 19.3649 19.1572 20.2731 22.0681 19.3649 20.1742 19.4679 18.1384 18.7883 20.5183 17.1172 19.4679 18.1934 17.1756 20.2237 20.3224 17.8045 20.0250 17.1756 18.4120 8.6603 9.8995 8.6603 11.7898 11.4018 10.4881 12.1244 10.0995 12.5300 10.8628 9.8489 10.3441 9.9499 10.1980 10.0499 10.2470 11.3578 9.1104 11.0905 10.9087 12.9228 10.3441 11.6190 9.5917 11.1803 11.9164 13.3041 14.2127 11.0905 12.0830
24.9800 23.8747 25.6515 22.5389 25.5343 25.3377 23.6220 24.1247 25.0599 23.0651 23.4521 25.3772 24.2899 23.8328 23.5797 23.2809 23.9165 23.4947 24.0416 24.0000 24.5357 26.3059 24.1661 24.7386 23.6220 23.3238 22.8473 24.6171 25.9230 25.2982 10.2470 0.0000 11.2250 11.4891 10.6771 14.6629 10.9545 10.0499 13.2288 10.1489 10.3923 10.4403 11.1803 11.7473 8.0000 12.6095 11.7473 12.2474 10.5830 11.2250 12.0416 15.2643 13.3791 13.9642 9.7980 11.3578 9.1652 14.3875 11.7047 11.1355 21.2132 21.6795 21.0238 20.6398 22.4499 20.9284 18.6548 21.2132 22.2711 20.4939 20.0000 19.0788 20.0998 18.3848 19.5448 22.8473 23.7487 23.5372 18.3848 21.9545 21.7715 22.1359 21.5407 20.7123 22.1359 20.2978 23.4521 21.8174 23.3238 23.7908 21.9545 20.8327 23.2809 22.3159 19.5448 20.5913 21.7715 21.6333 19.2354 20.8806 21.6795 19.5959 21.0713 21.9089 19.9499 21.2132 19.6977 19.4936 20.0000 21.0713 18.7083 17.7764 18.4391 19.4422 23.0651 21.5870 19.1311 20.3470 17.8885 19.2873 12.3288 9.9499 10.7703 11.3137 12.2882 12.2066 14.8324 10.7238 14.9666 13.0767 14.0712 8.8318 11.6619 10.9087 9.8995 9.1652 13.7113 9.7980 13.4164 11.0454 12.4900 11.9164 11.0454 11.5326 12.8841 11.7898 14.3527 13.6015 8.3666 13.5277
23.6220 22.0454 24.3721 20.9762 24.2487 24.6982 23.2809 22.8035 23.5372 21.6333 22.5832 24.0416 22.7156 23.9165 23.0217 21.6795 22.6274 22.6716 22.8035 23.4947 22.9347 26.1534 23.5797 23.8328 21.9089 22.4944 21.7715 23.7908 25.2587 23.9583 8.7750 11.2250 0.0000 10.3923 8.2462 11.7898 8.8318 13.0767 14.7309 10.3441 14.2127 11.5326 9.6437 9.8995 8.9443 13.3041 11.0454 12.5698 9.6954 10.3923 11.0905 9.6437 8.5440 12.0416 13.8564 11.3578 10.0000 9.6437 12.8452 9.4868 20.3961 21.3073 20.3961 18.6011 22.4944 19.1311 18.5472 20.6882 22.0454 19.0263 18.4391 18.3848 17.8885 18.6011 18.0555 21.7256 20.6398 21.0713 16.7332 19.2873 21.7256 19.9499 18.3848 19.7231 20.3961 19.1311 20.8327 19.0788 22.3159 22.5832 21.7256 20.3961 23.1948 23.1948 17.8326 20.2978 21.8174 21.0238 19.4936 20.0000 20.6398 19.8997 20.7364 21.0713 19.7484 19.6977 19.4936 19.3391 19.3391 21.0713 17.4356 19.5959 18.3848 18.3848 21.2603 21.0713 19.0788 20.9284 17.6068 19.3391 9.1652 10.2470 9.1652 12.8841 9.3274 9.5394 11.4891 12.6886 9.4868 10.3441 11.1355 11.2250 10.0995 12.6095 10.1980 11.7473 10.8628 10.5830 10.5830 13.2665 10.6771 10.3923 12.0000 11.1803 10.5830 14.7986 12.2474 9.9499 11.6619 11.0000
