0.0000 7.1473 4.2686 8.5114 4.3972 9.7693 4.3089 8.1740 4.6456 5.8247 5.7782 7.1925 7.1670 8.9384 6.2486 4.3903 4.7502 6.8725 6.8642 5.6363 6.2190 4.8111 12.0481 4.7107 4.0037 4.8766 8.5582 4.7633 6.8885 6.3419 22.1014 22.2643 20.5533 21.8027 21.1395 21.2414 21.0614 21.5715 21.6711 21.8052 20.9340 21.8374 22.3984 21.4317 21.0834 21.1802 22.0880 21.5287 21.4658 20.2175 20.6472 21.7944 20.3859 21.6179 21.6961 21.4177 19.0031 20.3088 22.0137 21.2136 17.3566 13.7932 16.0158 17.1184 15.8540 13.5315 16.6084 16.6300 12.8355 19.4479 15.4322 16.0663 21.1791 20.5958 16.1872 11.6057 16.6352 17.6181 17.0709 15.6337 13.6022 16.4199 18.6757 17.3415 15.9600 14.1709 15.3276 16.1265 19.3492 14.6354 11.9317 13.0935 20.2239 19.8774 20.0180 13.6720 9.9293 19.1264 18.0636 10.3363 15.2403 17.1853 14.6392 18.9686 16.6676 15.3100 16.6820 17.4219 11.1214 19.7046 18.2453 11.3704 19.7507 15.5659 18.2179 12.2653 16.0076 19.1596 17.7832 19.4655 20.8431 22.0820 21.8094 21.8475 21.6577 21.4150 21.7200 21.7702 21.8538 20.8137 20.8809 22.6578 22.1981 21.0091 20.5045 22.0627 21.9708 22.1467 21.9551 21.9919 22.0988 22.2829 20.3608 21.1504 21.6960 22.1210 20.8496 22.1615 20.8263 22.3160
7.1473 0.0000 7.0554 7.6807 7.6067 7.0072 5.4789 5.4053 6.1106 6.8999 9.5381 11.1736 10.1063 6.9589 5.8862 7.2525 6.7359 7.6031 7.1577 7.3799 5.8448 5.8190 10.0682 6.3794 7.1486 8.0230 9.5326 6.4612 9.0812 8.7375 19.8921 20.1474 18.3577 19.5514 18.8361 19.0934 18.8911 19.3239 19.4523 19.6582 18.8135 19.6356 20.1966 19.1799 18.9094 19.0510 19.8685 19.3906 19.2029 18.1410 18.3045 19.6536 18.1651 19.5175 19.5486 19.1905 16.6416 18.0659 19.8055 19.0150 15.4571 11.5204 14.0337 15.2046 13.9828 11.7238 14.4208 14.3223 10.7130 17.2882 13.4855 13.8950 18.9151 18.4084 14.5045 10.1986 14.5384 15.4596 14.8144 13.7477 12.8136 14.2017 16.9145 15.8192 13.8992 11.9463 13.3003 13.5270 17.3806 12.6573 10.5821 10.2940 17.9017 17.4914 17.6350 11.1649 6.6665 16.5070 15.3715 8.7714 13.1533 14.4537 11.2666 16.6304 14.1802 13.0821 14.2128 15.0000 10.1926 17.3718 15.8087 8.3001 17.2070 12.4413 15.5640 9.1872 13.2105 16.7170 15.1448 16.8067 18.5494 19.8822 19.5791 19.6418 19.5092 19.1542 19.4895 19.5586 19.6691 18.4195 18.7147 20.4564 20.0181 18.7635 18.2647 19.8506 19.8011 19.9010 19.7736 19.8125 19.8635 20.0562 18.3291 18.9356 19.4760 19.9824 18.6067 19.9637 18.5421 20.1002
4.2686 7.0554 0.0000 7.0007 4.2237 8.2746 5.5774 7.8827 5.1222 5.2652 6.4860 7.8496 7.0694 7.6575 5.4029 5.2272 4.5969 5.8171 6.7304 6.4393 5.4929 4.4580 11.1257 5.9008 5.0074 5.0815 7.9575 5.2969 6.7587 7.8039 21.4102 21.5827 19.8650 21.1138 20.4346 20.5627 20.3880 20.8783 20.9750 21.1376 20.2248 21.1334 21.7042 20.7320 20.3938 20.4973 21.4058 20.8257 20.7800 19.5383 19.9270 21.1107 19.6953 20.9541 21.0147 20.7260 18.3084 19.6036 21.3267 20.5229 16.6052 12.8890 15.1756 16.2365 15.0136 12.8418 15.8015 15.7926 11.7849 18.7173 14.5111 15.3442 20.4747 19.8521 15.4897 10.8015 15.8238 16.8251 16.2852 14.8405 12.8457 15.5689 18.0155 16.6857 15.2501 13.4345 14.4521 15.2696 18.6710 13.7797 10.9959 12.3558 19.4990 19.1360 19.2471 12.6760 8.7309 18.3291 17.2074 9.8978 14.4530 16.3434 13.6686 18.2092 15.7778 14.5263 15.9431 16.6101 10.4710 18.9344 17.5029 10.6059 18.9724 14.6136 17.4046 11.4426 15.1274 18.3725 16.9310 18.6550 20.1337 21.3968 21.1121 21.1533 20.9599 20.6975 21.0222 21.0875 21.1463 20.0735 20.1896 21.9505 21.5170 20.2999 19.7924 21.3672 21.2741 21.4473 21.2614 21.3108 21.4031 21.5872 19.6657 20.4480 21.0047 21.4179 20.1595 21.4778 20.1450 21.6111
8.5114 7.6807 7.0007 0.0000 7.4924 7.0681 8.0896 6.3283 9.0286 7.8102 11.4248 12.8185 11.9604 4.7920 8.1272 9.7819 8.6435 7.5900 8.1430 10.4349 6.0877 8.5014 9.6501 9.1879 9.5628 8.3369 10.8362 8.7960 10.5443 11.4154 19.5719 19.7439 18.0274 19.2120 18.5185 18.7518 18.5480 18.9785 19.1130 19.3247 18.5324 19.2788 19.8544 18.8336 18.6752 18.6568 19.5435 19.0334 18.8800 17.8683 17.9787 19.2781 17.9291 19.1196 19.2012 18.8514 16.5129 17.7364 19.4860 18.6661 15.1211 11.0567 13.4211 14.8390 13.2261 11.7047 13.7732 13.8438 10.1701 16.9353 13.4481 13.7637 18.5589 18.0126 14.2478 9.9200 14.1107 15.0631 14.3724 13.2570 12.5417 13.9583 16.2164 15.1332 13.5340 11.6339 12.6985 13.0070 16.7916 12.5049 9.5950 10.6273 17.5558 17.1383 17.1843 10.5905 5.8947 16.0975 14.8309 10.5377 12.6559 14.1014 11.0024 16.0357 13.4591 12.5924 14.0951 14.7092 10.5298 16.8433 15.4380 8.9685 16.8162 11.8522 15.0918 9.1317 12.8494 16.3030 14.5769 16.3691 18.2322 19.5315 19.2317 19.3908 19.2123 18.8554 19.1459 19.2327 19.3408 18.0606 18.4851 20.1262 19.7076 18.4427 18.0410 19.5287 19.4448 19.5753 19.3890 19.4550 19.5117 19.7397 17.8484 18.5578 19.1569 19.6198 18.3408 19.6315 18.2561 19.7657
4.3972 7.6067 4.2237 7.4924 0.0000 9.2830 5.6173 8.7298 5.8258 5.5637 7.3445 8.5054 7.7217 8.1009 6.4624 5.9665 5.7971 5.9918 7.5505 7.0979 5.3911 5.8679 11.3680 6.2089 4.7720 5.8626 8.6988 6.2214 7.6575 8.6851 21.6412 21.7827 20.1255 21.3466 20.6903 20.7774 20.5967 21.1162 21.2104 21.3515 20.4534 21.3638 21.9263 20.9796 20.6326 20.7227 21.6384 21.0569 21.0253 19.7928 20.2049 21.3268 19.9581 21.1659 21.2251 20.9609 18.6086 19.8553 21.5592 20.7608 16.8180 13.3331 15.4594 16.5980 15.3587 13.1696 16.1012 16.0414 12.3096 18.9966 14.9008 15.6870 20.7055 20.0878 15.8966 11.2988 16.0614 17.1315 16.5735 15.1174 13.3793 15.9449 18.1588 16.8679 15.5219 13.7322 14.7814 15.6024 18.8325 14.2130 11.4896 12.7726 19.7473 19.4027 19.4877 13.0016 9.4609 18.5797 17.4491 10.7368 14.7836 16.6131 14.0461 18.4222 16.0801 14.8375 16.2418 16.9346 11.1674 19.1976 17.7303 11.1270 19.2155 14.9274 17.6462 11.7325 15.3944 18.6546 17.2106 18.9055 20.3778 21.6276 21.3432 21.3857 21.1822 20.9466 21.2617 21.3109 21.3662 20.3158 20.4530 22.1700 21.7297 20.5505 20.0441 21.5868 21.5033 21.6751 21.4833 21.5352 21.6294 21.8119 19.8962 20.6842 21.2234 21.6233 20.4271 21.7020 20.4036 21.8460
9.7693 7.0072 8.2746 7.0681 9.2830 0.0000 9.2904 8.2207 9.3759 8.6291 11.7527 12.9994 12.0446 5.4254 7.6046 10.1375 9.5734 8.7223 8.2032 10.0775 7.7899 8.6715 9.8424 9.8697 9.9770 9.4703 10.9265 8.5541 10.0881 11.4839 18.0782 18.3437 16.4451 17.6960 16.9507 17.2552 17.0477 17.4477 17.6199 17.8467 16.9274 17.7950 18.4035 17.3348 17.0619 17.1960 18.0473 17.5360 17.3469 16.3525 16.4245 17.8649 16.3148 17.7136 17.7312 17.3291 14.6524 16.1283 17.9552 17.1406 13.5219 9.2610 11.8782 13.1954 11.8911 10.2965 12.4186 12.3100 8.6905 15.4924 11.5835 12.2965 17.0401 16.5106 12.7300 9.3396 12.3238 13.6968 12.8584 11.8389 11.3034 12.2862 15.1862 14.3135 12.0598 10.0659 11.2997 11.2968 15.5532 10.8028 9.2165 8.6160 15.9454 15.6410 15.5705 8.1935 6.3654 14.5062 13.4864 9.2648 11.3810 12.0906 8.2421 14.5393 11.7710 11.1129 12.2830 12.9935 8.8159 15.4934 13.7914 7.1478 15.0829 9.5300 13.3123 6.5650 11.1495 14.5954 12.8897 14.5818 16.7061 18.0648 17.7424 17.8523 17.7013 17.2939 17.6749 17.7278 17.8185 16.4326 16.9557 18.6307 18.2326 16.8845 16.3859 18.0309 17.9793 18.1227 17.9437 17.9986 18.0516 18.2510 16.4603 17.0446 17.6518 18.1796 16.7617 18.1563 16.6425 18.2706
4.3089 5.4789 5.5774 8.0896 5.6173 9.2904 0.0000 5.9588 4.4933 5.2932 7.2936 9.1656 8.7395 7.7422 5.9850 4.8697 4.8293 6.3085 5.9815 5.9675 5.0951 5.0033 11.4008 3.3283 5.0339 5.9840 8.8369 4.8499 7.4640 6.6666 21.1975 21.3773 19.6852 20.8845 20.2136 20.3677 20.1653 20.6606 20.7635 20.9204 20.1081 20.9285 21.4859 20.5158 20.2298 20.3103 21.1848 20.6656 20.5554 19.4228 19.7106 20.9152 19.5203 20.7392 20.8182 20.5146 18.1025 19.4168 21.1249 20.3138 16.6532 12.9688 15.2368 16.3987 15.0812 12.8703 15.6404 15.6769 11.9676 18.5729 14.7390 15.2199 20.2514 19.6984 15.6162 10.8887 15.7934 16.7188 16.1391 14.8291 13.4035 15.5915 17.8690 16.5890 15.1150 13.2330 14.5023 15.0765 18.4347 13.9102 11.0672 11.9290 19.2864 18.8862 19.0206 12.6505 8.6333 18.0491 16.9308 9.6279 14.3310 16.0706 13.2976 17.9230 15.5724 14.3123 15.6537 16.4821 10.8708 18.7158 17.2072 9.9586 18.7002 14.2968 17.1063 10.9092 14.8491 18.1516 16.6543 18.3570 19.9023 21.1754 20.8944 20.9655 20.7856 20.4915 20.7931 20.8612 20.9681 19.8309 20.0336 21.7536 21.2922 20.1114 19.6230 21.1495 21.0803 21.2084 21.0426 21.0944 21.1794 21.3594 19.5068 20.2442 20.7795 21.2408 19.9658 21.2548 19.9203 21.4072
8.1740 5.4053 7.8827 6.3283 8.7298 8.2207 5.9588 0.0000 7.7262 8.3829 11.1248 12.7915 12.2067 6.1233 7.9859 8.8960 7.6999 8.6720 6.7221 9.7640 6.5176 7.5077 10.4866 7.8279 9.0904 9.2817 10.7191 7.5772 10.1493 10.1659 19.7847 20.0152 18.2963 19.4363 18.7456 19.0144 18.8040 19.2082 19.3475 19.5650 18.8088 19.5400 20.0838 19.0562 18.8883 18.9345 19.7613 19.2807 19.0985 18.1440 18.2074 19.5435 18.1333 19.3753 19.4664 19.0855 16.6407 17.9886 19.7163 18.8896 15.5828 11.6371 13.9882 15.0950 13.7994 11.9334 14.1331 14.2764 10.6607 17.1473 13.8202 14.0301 18.8147 18.2778 14.5997 10.2284 14.5560 15.4072 14.7411 13.7124 13.0366 14.2043 16.7138 15.5924 13.9502 11.9474 13.2193 13.3985 17.1331 12.8045 10.0754 10.5204 17.8187 17.3514 17.4734 11.1985 6.0798 16.3788 15.1574 9.6632 12.9096 14.4298 11.2803 16.3727 13.8615 12.8884 14.1741 15.0561 10.8984 17.1223 15.7605 8.7718 17.0879 12.2909 15.3824 9.3441 13.1821 16.5818 14.8973 16.6272 18.4528 19.7602 19.4785 19.5961 19.4607 19.0552 19.3773 19.4681 19.6007 18.2943 18.7352 20.3603 19.9236 18.6916 18.2669 19.7512 19.6920 19.7858 19.6501 19.6934 19.7468 19.9534 18.1821 18.8122 19.3922 19.9016 18.5551 19.8514 18.4776 20.0191
4.6456 6.1106 5.1222 9.0286 5.8258 9.3759 4.4933 7.7262 0.0000 5.9290 5.8001 7.7299 6.6803 8.8903 5.7589 4.3449 4.7703 7.5883 6.8730 4.6095 6.5108 3.8559 11.7608 4.2474 4.7332 5.9538 7.6113 4.1383 6.2297 5.9041 21.7443 21.9480 20.2344 21.4440 20.7686 20.9240 20.7627 21.2159 21.3231 21.4887 20.6372 21.4935 22.0423 21.0772 20.7420 20.8765 21.7299 21.2028 21.1002 19.9413 20.2602 21.4639 20.0382 21.3393 21.3767 21.0668 18.6067 19.9512 21.6643 20.8793 17.1288 13.4903 15.8104 16.7844 15.5665 13.0727 16.3259 16.3563 12.5002 19.0667 15.1636 15.7826 20.8260 20.2614 15.9639 11.5257 16.3350 17.3067 16.7807 15.4884 13.5306 15.9876 18.5632 17.3052 15.6903 13.8872 15.0466 15.7384 19.1489 14.3815 11.7395 12.6001 19.8543 19.5022 19.6420 13.4102 9.5383 18.7086 17.6706 9.5171 14.9843 16.7588 14.1384 18.6764 16.3113 14.9982 16.2142 17.0248 10.7418 19.3434 17.8908 10.7766 19.3396 15.1156 17.8192 11.7567 15.5628 18.7508 17.4002 19.0413 20.4751 21.7309 21.4578 21.4927 21.3501 21.0241 21.3651 21.4270 21.5105 20.4233 20.5661 22.2935 21.8631 20.6461 20.1570 21.7101 21.6244 21.7780 21.6207 21.6584 21.7345 21.9255 20.0910 20.8112 21.3573 21.7890 20.4899 21.8178 20.4600 21.9570
5.8247 6.8999 5.2652 7.8102 5.5637 8.6291 5.2932 8.3829 5.9290 0.0000 7.3494 9.2224 8.3132 7.2688 4.1284 5.5219 5.6641 3.8688 7.5751 6.6322 4.3669 5.9128 10.7876 4.8050 6.0741 5.0755 7.9400 6.4149 7.7117 7.4919 20.7920 20.9953 19.2730 20.4637 19.7779 19.9556 19.7821 20.2387 20.3493 20.5237 19.7105 20.5274 21.0771 20.1049 19.8208 19.9144 20.7639 20.2807 20.1248 19.0282 19.2617 20.5023 19.1086 20.3813 20.4118 20.1025 17.6874 18.9745 20.7121 19.9230 16.2707 12.4105 14.8133 15.9830 14.6274 12.3917 15.2947 15.2306 11.0252 18.2069 14.1844 14.7378 19.8240 19.3059 15.2437 10.5358 15.3255 16.2356 15.7385 14.4684 12.9774 15.1205 17.5794 16.3083 14.6037 12.8176 13.9977 14.5767 18.1104 13.4330 10.7280 11.5587 18.8345 18.4455 18.5915 12.0111 7.9640 17.5451 16.4486 9.2665 14.0486 15.5538 12.7747 17.5371 15.0627 13.9017 15.2774 15.9663 10.5238 18.2682 16.7611 9.4703 18.2243 13.7330 16.6340 10.3404 14.2168 17.6942 16.1683 17.8836 19.4934 20.7596 20.4808 20.5583 20.4052 20.0848 20.3939 20.4499 20.5513 19.3928 19.6445 21.3416 20.9064 19.6985 19.1948 20.7489 20.6666 20.8072 20.6489 20.6971 20.7611 20.9583 19.1318 19.8292 20.3782 20.8328 19.5431 20.8564 19.4817 20.9930
5.7782 9.5381 6.4860 11.4248 7.3445 11.7527 7.2936 11.1248 5.8001 7.3494 0.0000 4.6189 4.7109 11.9820 7.0608 3.9692 5.0032 8.3061 8.0196 5.1353 9.0907 5.4227 14.2481 6.2003 4.9266 5.5149 8.7688 6.5613 5.4093 5.7747 23.8627 24.0310 22.3846 23.5975 22.9582 23.0641 22.8929 23.3798 23.4348 23.5945 22.7149 23.6023 24.1460 23.2330 22.8575 22.9996 23.8546 23.2919 23.2691 22.0055 22.4777 23.5740 22.2175 23.4175 23.4879 23.2288 20.9192 22.1657 23.7882 23.0440 19.2575 15.8407 18.0362 18.8938 17.7334 15.4931 18.6972 18.7096 14.7268 21.2896 17.0637 18.0249 22.9927 22.3953 17.9383 13.8004 18.6054 19.4761 19.0909 17.6875 14.9837 18.3158 20.6496 19.2952 18.0686 16.3910 17.3003 18.2600 21.3073 16.5104 14.0709 15.3589 22.0735 21.7887 21.9356 16.0353 12.7637 21.1233 20.1733 11.5584 17.3826 19.2995 17.0400 20.9928 18.8331 17.4316 18.6756 19.3130 12.6915 21.6034 20.2868 13.7278 21.7206 17.9189 20.3224 14.8420 18.2035 21.0904 19.9010 21.4879 22.6793 23.8386 23.5986 23.5978 23.4054 23.2020 23.4875 23.5638 23.6204 22.6842 22.6401 24.3851 23.9575 22.8244 22.3079 23.8318 23.7241 23.8983 23.7305 23.7689 23.8673 24.0368 22.2015 22.9662 23.4826 23.8726 22.6580 23.9317 22.6597 24.0497
7.1925 11.1736 7.8496 12.8185 8.5054 12.9994 9.1656 12.7915 7.7299 9.2224 4.6189 0.0000 5.4820 13.4051 8.8153 5.8079 6.6362 9.5950 9.6140 6.8057 10.7177 7.0839 15.3720 8.0204 6.2177 7.1674 10.2913 8.0401 6.9867 6.4744 24.7866 24.9330 23.3297 24.5335 23.9137 23.9750 23.8322 24.3147 24.3746 24.5085 23.6199 24.5354 25.0582 24.1824 23.7694 23.9160 24.7792 24.2010 24.2137 22.9219 23.4629 24.4808 23.1656 24.3403 24.3866 24.1604 21.9239 23.1264 24.6971 23.9784 20.1755 17.0520 19.0486 19.8758 18.8282 16.6662 19.8006 19.7246 16.0025 22.2866 18.0723 19.1079 23.9425 23.3453 18.9651 15.0453 19.6142 20.5120 20.1466 18.6991 15.9143 19.3819 21.6029 20.2608 19.1331 17.5454 18.4003 19.3663 22.2897 17.5304 15.4039 16.6812 23.0620 22.7914 22.9295 17.1507 14.1281 22.1764 21.2540 13.1565 18.4878 20.4224 18.3097 22.0552 19.9659 18.5800 19.8029 20.3989 14.1488 22.6237 21.3560 15.2274 22.7476 19.1304 21.4062 16.2373 19.3645 22.1464 21.0041 22.5413 23.6549 24.7725 24.5299 24.5114 24.3198 24.1566 24.4458 24.4929 24.5206 23.6648 23.5744 25.2824 24.8765 23.7640 23.2575 24.7558 24.6473 24.8432 24.6634 24.6918 24.7986 24.9657 23.1425 23.9167 24.4218 24.7582 23.6141 24.8577 23.6232 24.9714
7.1670 10.1063 7.0694 11.9604 7.7217 12.0446 8.7395 12.2067 6.6803 8.3132 4.7109 5.4820 0.0000 12.7854 7.9235 5.7497 6.3698 8.9079 9.5079 6.0298 9.9705 6.0977 14.7322 7.4275 5.5675 7.0505 9.2498 7.7031 5.9515 8.2803 24.3207 24.4792 22.8504 24.0627 23.4307 23.5114 23.3695 23.8444 23.9032 24.0521 23.1455 24.0644 24.5967 23.7081 23.2978 23.4555 24.3131 23.7432 23.7374 22.4548 22.9606 24.0164 22.6836 23.8941 23.9284 23.6880 21.4104 22.6332 24.2325 23.5127 19.6777 16.4043 18.5173 19.3493 18.2316 16.0383 19.2790 19.2149 15.3336 21.7815 17.5131 18.5935 23.4629 22.8662 18.4763 14.4863 19.0900 19.9961 19.6199 18.1934 15.3736 18.7926 21.1487 19.8506 18.6009 16.9910 17.8263 18.8141 21.8320 17.0144 14.8670 16.0898 22.5596 22.2918 22.4354 16.6049 13.4607 21.6446 20.7192 12.6284 17.9761 19.8500 17.7075 21.5493 19.4095 18.0314 19.2760 19.7987 13.4556 22.1282 20.8206 14.5517 22.2293 18.5321 20.8717 15.5732 18.7727 21.6092 20.4681 22.0167 23.1645 24.3021 24.0558 24.0406 23.8569 23.6690 23.9658 24.0221 24.0499 23.1721 23.0991 24.8213 24.4162 23.2770 22.7627 24.2907 24.1743 24.3664 24.1921 24.2289 24.3242 24.4985 22.6689 23.4389 23.9526 24.2987 23.1222 24.3925 23.1340 24.4961
8.9384 6.9589 7.6575 4.7920 8.1009 5.4254 7.7422 6.1233 8.8903 7.2688 11.9820 13.4051 12.7854 0.0000 7.5931 9.8992 8.9929 7.3873 7.7304 10.3559 5.3192 8.6995 8.9935 8.9286 10.0030 8.9145 10.7063 8.3333 10.6012 11.0848 18.0991 18.3337 16.5065 17.7072 16.9763 17.2537 17.0535 17.4630 17.6430 17.8525 17.0707 17.8279 18.4057 17.3347 17.1591 17.1967 18.0638 17.5745 17.3629 16.4523 16.4357 17.8373 16.3815 17.6946 17.7370 17.3462 14.7884 16.1616 18.0059 17.1480 13.6999 9.4437 11.9040 13.3353 11.9287 10.1546 12.1614 12.1929 8.5023 15.4549 12.0042 12.2004 17.0420 16.5295 12.9264 8.6445 12.4400 13.6225 12.7783 11.6788 11.5620 12.3665 14.9076 13.8825 11.8096 9.7538 11.2309 11.1831 15.3186 10.8623 8.2827 8.4769 15.9798 15.5330 15.5430 8.2415 4.0148 14.3876 13.1249 9.2170 11.0585 12.1315 8.3790 14.3731 11.5640 10.8612 12.2702 13.1317 9.2963 15.3140 13.7035 6.5064 15.0729 9.4885 13.2149 6.0993 10.8452 14.6226 12.7185 14.5506 16.7066 18.0735 17.7541 17.9282 17.7880 17.3370 17.6942 17.7449 17.8748 16.4471 17.0706 18.6762 18.2531 16.9404 16.4911 18.0489 18.0028 18.1282 17.9531 17.9989 18.0536 18.2747 16.4321 17.0541 17.6754 18.1936 16.8240 18.1728 16.6944 18.3343
6.2486 5.8862 5.4029 8.1272 6.4624 7.6046 5.9850 7.9859 5.7589 4.1284 7.0608 8.8153 7.9235 7.5931 0.0000 5.5110 5.1674 4.7831 7.1096 6.3388 5.3299 4.8610 10.6466 5.7275 5.8059 5.8342 7.8146 5.9362 7.0832 7.5637 20.6509 20.8802 19.1141 20.3351 19.6287 19.8342 19.6550 20.1026 20.2060 20.4013 19.5187 20.3991 20.9550 19.9590 19.6321 19.7934 20.6309 20.1194 19.9885 18.8034 19.1118 20.3970 18.9228 20.2489 20.2878 19.9663 17.4629 18.8285 20.5632 19.7821 16.0700 12.1566 14.6541 15.7204 14.4955 12.2397 15.2230 15.1028 10.7384 18.0474 13.7714 14.5115 19.7020 19.1491 14.9175 10.4243 15.1623 16.0527 15.5881 14.3599 12.5776 14.8654 17.5904 16.2953 14.5471 12.7364 13.8022 14.4225 18.1014 13.0693 10.8066 11.2719 18.6968 18.3130 18.4753 11.8290 7.7220 17.4126 16.3169 8.5471 13.9085 15.4210 12.5106 17.4713 14.9869 13.8045 15.0796 15.7690 10.2749 18.1551 16.7019 9.3913 18.1005 13.5754 16.5248 10.3894 14.1013 17.5526 16.0475 17.7476 19.3519 20.6314 20.3517 20.3852 20.2325 19.9407 20.2591 20.3245 20.4086 19.2528 19.4460 21.2008 20.7695 19.5478 19.0080 20.6164 20.5376 20.6754 20.5351 20.5686 20.6393 20.8198 19.0209 19.6973 20.2422 20.7073 19.3827 20.7245 19.3376 20.8553
4.3903 7.2525 5.2272 9.7819 5.9665 10.1375 4.8697 8.8960 4.3449 5.5219 3.9692 5.8079 5.7497 9.8992 5.5110 0.0000 3.3726 6.6142 6.5601 3.8359 7.0202 3.8759 12.6840 3.8319 3.6591 4.5449 8.1507 4.9498 5.5505 5.1385 22.4902 22.6729 20.9811 22.2022 21.5384 21.6617 21.5013 21.9755 22.0611 22.2170 21.3472 22.2271 22.7737 21.8375 21.4721 21.6095 22.4768 21.9313 21.8663 20.6391 21.0497 22.1978 20.8011 22.0584 22.1021 21.8209 19.4277 20.7296 22.4031 21.6341 17.8660 14.2954 16.5603 17.4922 16.3152 14.0085 17.1580 17.1256 13.1202 19.8773 15.7131 16.5173 21.5869 21.0056 16.6697 12.1584 17.1084 18.0192 17.5751 16.1720 13.8750 16.8310 19.2649 17.9284 16.5103 14.7390 15.8043 16.6135 19.8784 15.0284 12.5495 13.5819 20.6321 20.3017 20.4510 14.2568 10.5819 19.5594 18.5450 10.2429 15.7994 17.6597 15.1786 19.4742 17.1941 15.8226 17.1143 17.8161 11.5963 20.1305 18.7291 11.7506 20.1862 16.1084 18.7109 12.8557 16.4729 19.5910 18.2715 19.9119 21.2584 22.4720 22.2063 22.2213 22.0502 21.8053 22.1152 22.1715 22.2361 21.2242 21.2768 23.0184 22.5942 21.4106 20.9020 22.4556 22.3605 22.5239 22.3551 22.3959 22.4869 22.6631 20.8233 21.5698 22.0996 22.5007 21.2583 22.5593 21.2410 22.6839
4.7502 6.7359 4.5969 8.6435 5.7971 9.5734 4.8293 7.6999 4.7703 5.6641 5.0032 6.6362 6.3698 8.9929 5.1674 3.3726 0.0000 6.1657 5.4468 5.4375 6.4148 3.6273 12.1542 4.3518 3.9779 5.2710 8.2594 4.8951 5.3914 6.5313 22.0436 22.2181 20.5238 21.7483 21.0785 21.2075 21.0406 21.5185 21.6089 21.7704 20.9029 21.7798 22.3266 21.3753 21.0308 21.1493 22.0305 21.4743 21.4130 20.1947 20.5846 21.7441 20.3560 21.5957 21.6527 21.3690 18.9803 20.2719 21.9594 21.1746 17.3872 13.7441 16.0094 16.9850 15.7717 13.6192 16.5988 16.5739 12.4981 19.4192 15.2306 16.0350 21.1230 20.5271 16.2254 11.6611 16.6166 17.5054 17.0371 15.6330 13.3978 16.3353 18.7371 17.3715 16.0217 14.1995 15.2607 16.0397 19.3688 14.4615 11.9009 13.0891 20.1680 19.8025 19.9561 13.6365 9.7439 19.0409 17.9754 10.1095 15.2495 17.1336 14.5775 18.9426 16.5986 15.2735 16.6513 17.3298 11.4283 19.6156 18.2388 11.2981 19.6886 15.4998 18.1635 12.3485 15.9301 19.0923 17.6990 19.3868 20.7959 22.0203 21.7534 21.7840 21.6049 21.3581 21.6622 21.7224 21.7858 20.7491 20.8466 22.5750 22.1451 20.9589 20.4512 22.0073 21.9084 22.0723 21.9038 21.9443 22.0348 22.2149 20.3388 21.1032 21.6473 22.0470 20.8136 22.1112 20.7894 22.2434
6.8725 7.6031 5.8171 7.5900 5.9918 8.7223 6.3085 8.6720 7.5883 3.8688 8.3061 9.5950 8.9079 7.3873 4.7831 6.6142 6.1657 0.0000 7.7495 7.9031 4.2403 6.7785 11.0481 6.7193 6.5910 6.1339 9.0659 7.4730 8.0354 9.1006 20.8592 21.0424 19.3436 20.5369 19.8631 20.0300 19.8303 20.3147 20.4082 20.5853 19.7668 20.5766 21.1402 20.1744 19.8881 19.9796 20.8386 20.3182 20.2131 19.0881 19.3737 20.5800 19.2090 20.4094 20.4760 20.1763 17.8366 19.0749 20.7800 20.0005 16.3117 12.5819 14.8263 16.0558 14.7905 12.8152 15.3945 15.2623 11.1331 18.3564 14.1644 14.8350 19.8962 19.3364 15.3508 10.7666 15.3683 16.2929 15.8155 14.5259 13.0547 15.3011 17.5942 16.2672 14.7830 12.9807 14.0562 14.7049 18.1371 13.4843 11.0345 11.9423 18.9177 18.5570 18.6463 12.0429 8.3024 17.6221 16.4864 10.2527 14.1646 15.6494 12.9094 17.5429 15.1832 14.0276 15.5201 16.1006 11.2453 18.3506 16.8697 9.9912 18.3001 13.8277 16.7192 10.7001 14.3297 17.8096 16.2175 17.9534 19.5833 20.8249 20.5503 20.6190 20.4319 20.1796 20.4650 20.5232 20.6105 19.4658 19.7086 21.3892 20.9586 19.7912 19.2732 20.8086 20.7366 20.8766 20.7008 20.7533 20.8334 21.0160 19.2115 19.8991 20.4329 20.8839 19.6419 20.9229 19.5833 21.0537
6.8642 7.1577 6.7304 8.1430 7.5505 8.2032 5.9815 6.7221 6.8730 7.5751 8.0196 9.6140 9.5079 7.7304 7.1096 6.5601 5.4468 7.7495 0.0000 7.8020 7.0267 6.0182 12.0254 6.6553 6.9334 7.0438 9.8970 5.6849 6.0463 8.4299 20.6520 20.8245 19.1248 20.3316 19.6631 19.8355 19.6232 20.1011 20.2118 20.3903 19.5137 20.3811 20.9490 19.9640 19.6594 19.7501 20.6424 20.0782 20.0086 18.8848 19.1763 20.3796 18.9800 20.1925 20.2774 19.9526 17.5029 18.8474 20.5684 19.7456 16.0701 12.3899 14.6060 15.6138 14.4031 12.6253 15.0700 15.1623 11.3302 18.0333 14.0304 14.8603 19.6880 19.0926 15.0235 10.9412 15.1133 16.2179 15.5972 14.3097 12.4796 15.0139 17.4054 16.1444 14.7557 12.7605 13.9522 14.5034 17.8914 13.2614 10.8485 11.7001 18.7191 18.3670 18.4203 11.8571 9.2428 17.5219 16.4662 10.0226 13.7986 15.4790 12.5965 17.2905 14.8925 13.7645 15.1106 15.9541 10.6328 18.1711 16.7118 10.0393 18.1042 13.5821 16.4631 10.5642 14.4685 17.5370 16.0134 17.7193 19.3670 20.6237 20.3524 20.4285 20.2200 19.9303 20.2536 20.3205 20.3996 19.2433 19.5335 21.1887 20.7495 19.5467 19.0644 20.5996 20.5220 20.6735 20.4936 20.5552 20.6342 20.8127 18.9548 19.6660 20.2334 20.6826 19.4344 20.7096 19.3729 20.8625
5.6363 7.3799 6.4393 10.4349 7.0979 10.0775 5.9675 9.7640 4.6095 6.6322 5.1353 6.8057 6.0298 10.3559 6.3388 3.8359 5.4375 7.9031 7.8020 0.0000 7.6989 4.2122 12.7674 4.8033 4.7396 4.8799 8.3853 5.4372 6.3021 5.7050 22.5795 22.7770 21.0678 22.2940 21.6215 21.7544 21.6147 22.0650 22.1616 22.3179 21.4218 22.3140 22.8654 21.9360 21.5434 21.7124 22.5660 22.0252 21.9535 20.7330 21.1332 22.2834 20.8777 22.1799 22.1838 21.9078 19.5021 20.8152 22.4782 21.7331 17.9402 14.4715 16.7008 17.6386 16.4864 14.0936 17.3600 17.2485 13.5415 19.9665 15.8805 16.6380 21.6821 21.1127 16.7714 12.5389 17.2441 18.1659 17.7222 16.3445 13.9939 16.9106 19.4310 18.1864 16.6469 14.8942 15.9835 16.7222 20.0781 15.1826 13.0313 13.6880 20.7327 20.4110 20.5637 14.4704 10.8642 19.6705 18.6854 10.3561 16.0013 17.7807 15.2903 19.6474 17.4036 16.0267 17.1949 17.9017 11.5605 20.2839 18.8315 11.8757 20.2827 16.2285 18.8437 12.9760 16.6138 19.6976 18.4465 20.0288 21.3547 22.5715 22.2864 22.2873 22.1423 21.8763 22.2088 22.2612 22.3022 21.3165 21.3452 23.0902 22.6882 21.4726 20.9785 22.5406 22.4466 22.6191 22.4513 22.4916 22.5730 22.7553 20.9545 21.6717 22.2000 22.5736 21.3231 22.6529 21.3158 22.7577
6.2190 5.8448 5.4929 6.0877 5.3911 7.7899 5.0951 6.5176 6.5108 4.3669 9.0907 10.7177 9.9705 5.3192 5.3299 7.0202 6.4148 4.2403 7.0267 7.6989 0.0000 6.2131 9.8933 6.2738 6.9810 6.2462 8.9240 6.5321 8.5448 8.9717 20.0557 20.2515 18.5062 19.7192 19.0261 19.1957 18.9992 19.4823 19.6100 19.7760 18.9277 19.7830 20.3548 19.3483 19.0558 19.1559 20.0344 19.5080 19.3832 18.2524 18.5204 19.7697 18.3237 19.5991 19.6622 19.3388 16.8651 18.1933 19.9681 19.1489 15.4237 11.5916 13.8795 15.1481 13.9229 11.6693 14.3755 14.2873 10.3790 17.4339 13.4395 13.8885 19.0751 18.5024 14.4644 9.6507 14.4551 15.4729 14.8707 13.5407 12.3925 14.2890 16.7203 15.4509 13.7820 11.8075 13.1286 13.6710 17.2577 12.5802 9.9422 10.6225 18.0688 17.6690 17.7624 10.9861 6.5384 16.6913 15.4841 9.3478 13.0341 14.6383 11.6385 16.6077 14.1576 13.0327 14.4505 15.2320 10.0794 17.4747 15.9081 8.5491 17.3751 12.6440 15.7152 9.1731 13.2572 16.8866 15.2331 17.0034 18.7261 20.0362 19.7368 19.8081 19.6419 19.3279 19.6584 19.7093 19.8042 18.5942 18.8935 20.6095 20.1607 18.9405 18.4194 19.9985 19.9377 20.0811 19.9075 19.9484 20.0313 20.2222 18.3816 19.0676 19.6231 20.0941 18.7891 20.1174 18.7293 20.2770
4.8111 5.8190 4.4580 8.5014 5.8679 8.6715 5.0033 7.5077 3.8559 5.9128 5.4227 7.0839 6.0977 8.6995 4.8610 3.8759 3.6273 6.7785 6.0182 4.2122 6.2131 0.0000 11.6525 4.7443 4.0737 5.1578 7.8904 4.1939 5.5865 6.4849 21.7177 21.9185 20.1806 21.4207 20.7371 20.8859 20.7230 21.1854 21.2867 21.4569 20.5384 21.4556 22.0145 21.0451 20.6773 20.8319 21.7059 21.1463 21.0760 19.8399 20.2324 21.4309 19.9853 21.2957 21.3340 21.0337 18.5611 19.9133 21.6253 20.8444 16.9920 13.3269 15.6439 16.5722 15.4442 13.1314 16.2689 16.2203 12.2121 19.0498 14.8181 15.6398 20.7956 20.1906 15.7924 11.2682 16.2407 17.1829 16.6876 15.2990 13.0817 15.8767 18.5087 17.2052 15.6544 13.8051 14.8711 15.6545 19.1173 14.0988 11.6703 12.5505 19.8199 19.4725 19.6175 13.2477 9.2284 18.6843 17.6179 9.4829 14.8706 16.7313 14.0856 18.6378 16.2746 14.9500 16.2264 16.9467 10.7159 19.3052 17.8843 10.7842 19.3250 15.0698 17.8078 11.8226 15.5145 18.7299 17.3608 19.0297 20.4539 21.7070 21.4280 21.4357 21.2735 21.0006 21.3409 21.4005 21.4546 20.4004 20.4863 22.2537 21.8315 20.6037 20.0885 21.6805 21.5878 21.7556 21.5919 21.6274 21.7120 21.8961 20.0459 20.7761 21.3251 21.7384 20.4464 21.7907 20.4325 21.9189
12.0481 10.0682 11.1257 9.6501 11.3680 9.8424 11.4008 10.4866 11.7608 10.7876 14.2481 15.3720 14.7322 8.9935 10.6466 12.6840 12.1542 11.0481 12.0254 12.7674 9.8933 11.6525 0.0000 12.0076 12.6116 12.0955 9.1943 11.9131 13.7318 13.5661 15.1436 15.3879 13.6041 14.7693 14.0633 14.2722 14.0481 14.5488 14.6801 14.9006 14.1010 14.8889 15.4428 14.3912 14.1857 14.2901 15.1149 14.6601 14.4487 13.4918 13.5744 14.8779 13.4551 14.7649 14.7440 14.4175 12.0716 13.3484 15.0419 14.1417 10.4155 8.2861 9.1423 11.1056 8.8586 8.8276 10.0116 8.7166 7.1731 12.5609 9.1089 8.7540 14.1133 13.5269 10.0843 6.9142 10.1712 10.0642 9.9994 8.6371 9.9771 9.5490 11.9186 11.0515 9.7174 8.2762 8.5793 9.1565 12.2014 8.4142 6.5260 8.7984 13.0489 12.1980 12.2194 11.6951 8.6626 10.5623 10.4223 7.0418 8.7344 10.5812 12.1614 11.5983 9.0356 7.6046 9.7190 10.6086 8.2586 12.0139 11.0578 10.7976 11.4017 10.2246 10.6185 10.8169 6.7938 11.0034 10.3103 11.4736 13.7172 15.1490 14.7532 14.8894 14.8048 14.4267 14.7198 14.7787 14.8983 13.3535 14.0123 15.6849 15.2760 13.9387 13.5702 15.0712 15.0548 15.1349 14.9907 15.0627 15.0758 15.2827 13.6841 14.1496 14.6996 15.1991 13.8628 15.2061 13.7404 15.3590
4.7107 6.3794 5.9008 9.1879 6.2089 9.8697 3.3283 7.8279 4.2474 4.8050 6.2003 8.0204 7.4275 8.9286 5.7275 3.8319 4.3518 6.7193 6.6553 4.8033 6.2738 4.7443 12.0076 0.0000 4.6100 5.4027 8.4157 5.0130 6.8603 5.9666 21.7698 21.9466 20.2677 21.4649 20.7918 20.9372 20.7681 21.2396 21.3399 21.4975 20.6762 21.5151 22.0502 21.1044 20.7891 20.8923 21.7505 21.2496 21.1288 19.9742 20.2870 21.4704 20.0992 21.3414 21.3794 21.0944 18.7018 19.9973 21.6881 20.9033 17.2329 13.5951 15.8884 17.0056 15.6336 13.3680 16.3718 16.3446 12.5052 19.1624 15.2608 15.8526 20.8336 20.3097 16.1985 11.5887 16.4294 17.3144 16.8037 15.4937 13.7020 16.1808 18.5304 17.2744 15.7300 13.9427 15.1630 15.7571 19.1205 14.4569 11.8265 12.6725 19.8849 19.4928 19.6646 13.4137 9.5245 18.7073 17.6630 9.8452 15.0694 16.7811 14.1679 18.6629 16.2874 15.0057 16.3076 17.0565 11.3422 19.3449 17.8729 10.7219 19.3556 15.1164 17.8181 11.7817 15.5708 18.7814 17.3934 19.0432 20.4998 21.7451 21.4667 21.5282 21.3683 21.0764 21.3750 21.4319 21.5222 20.4478 20.6040 22.3134 21.8707 20.6802 20.1958 21.7301 21.6396 21.7821 21.6299 21.6747 21.7475 21.9365 20.0839 20.8325 21.3686 21.7882 20.5398 21.8292 20.4981 21.9644
4.0037 7.1486 5.0074 9.5628 4.7720 9.9770 5.0339 9.0904 4.7332 6.0741 4.9266 6.2177 5.5675 10.0030 5.8059 3.6591 3.9779 6.5910 6.9334 4.7396 6.9810 4.0737 12.6116 4.6100 0.0000 5.4084 8.4364 4.9706 5.8570 7.0941 22.5567 22.7173 21.0336 22.2767 21.6137 21.7084 21.5402 22.0486 22.1275 22.2723 21.3572 22.2890 22.8420 21.9095 21.5172 21.6595 22.5503 21.9790 21.9480 20.6562 21.1325 22.2509 20.8628 22.0990 22.1452 21.8924 19.5205 20.7977 22.4655 21.6999 17.7665 14.3285 16.5137 17.5262 16.3404 14.1040 17.2324 17.1169 13.2186 19.9586 15.6700 16.5636 21.6534 21.0506 16.6837 12.2634 17.1003 18.0504 17.5992 16.1448 13.8796 16.8783 19.2216 17.8973 16.5634 14.7975 15.8166 16.6825 19.9028 15.0259 12.6990 13.6997 20.7149 20.3828 20.5210 14.2163 10.6995 19.6457 18.6079 10.7069 15.8647 17.7385 15.2732 19.5389 17.2694 15.8981 17.2328 17.8757 11.8524 20.2179 18.7942 12.0468 20.2662 16.1913 18.7842 13.0284 16.5536 19.6770 18.3520 19.9977 21.3274 22.5416 22.2685 22.2710 22.0806 21.8790 22.1820 22.2323 22.2768 21.3010 21.3131 23.0776 22.6468 21.4706 20.9459 22.5138 22.4164 22.5966 22.4169 22.4577 22.5568 22.7285 20.8529 21.6290 22.1538 22.5394 21.3237 22.6206 21.3193 22.7451
4.8766 8.0230 5.0815 8.3369 5.8626 9.4703 5.9840 9.2817 5.9538 5.0755 5.5149 7.1674 7.0505 8.9145 5.8342 4.5449 5.2710 6.1339 7.0438 4.8799 6.2462 5.1578 12.0955 5.4027 5.4084 0.0000 8.6742 5.9531 6.5776 6.3264 22.0863 22.2450 20.5410 21.7939 21.1212 21.2422 21.0698 21.5624 21.6460 21.8028 20.9143 21.7961 22.3677 21.4215 21.0735 21.1789 22.0777 21.5064 21.4643 20.2206 20.6295 21.7752 20.3994 21.6175 21.6723 21.4081 19.0626 20.3131 21.9938 21.2204 17.3643 13.7389 16.0037 17.1153 15.7819 13.6853 16.6568 16.5688 12.7291 19.4807 15.3196 16.0554 21.1594 20.5663 16.1938 11.7324 16.6260 17.5480 17.0681 15.5974 13.4249 16.4148 18.7035 17.3892 16.0150 14.2328 15.2743 16.0812 19.3871 14.5900 12.0016 13.1611 20.2103 19.8671 19.9879 13.6421 9.9118 19.0958 18.0290 10.3814 15.3155 17.1658 14.5980 18.9376 16.6581 15.3079 16.6897 17.3610 11.1987 19.6748 18.2245 11.3002 19.7213 15.5025 18.2160 12.2714 15.9741 19.1351 17.7594 19.4401 20.8383 22.0650 21.7779 21.8200 21.6258 21.3940 21.6879 21.7558 21.8088 20.7903 20.8469 22.6065 22.1831 20.9796 20.4847 22.0365 21.9432 22.1185 21.9263 21.9782 22.0739 22.2550 20.3656 21.1447 21.6828 22.0658 20.8421 22.1492 20.8295 22.2594
8.5582 9.5326 7.9575 10.8362 8.6988 10.9265 8.8369 10.7191 7.6113 7.9400 8.7688 10.2913 9.2498 10.7063 7.8146 8.1507 8.2594 9.0659 9.8970 8.3853 8.9240 7.8904 9.1943 8.4157 8.4364 8.6742 0.0000 8.5824 8.9673 9.3970 19.9171 20.1264 18.4344 19.6447 18.9622 19.1020 18.9415 19.4292 19.4917 19.6837 18.7686 19.6690 20.2246 19.2577 18.9066 19.0725 19.9165 19.3883 19.3020 18.0806 18.4316 19.6420 18.2026 19.5502 19.5617 19.2706 16.8274 18.1528 19.8506 19.0307 15.1005 11.9976 13.8550 14.8467 13.2602 11.2200 14.6316 14.4250 10.3969 17.1125 13.0395 13.7722 19.0082 18.3719 13.9544 9.5404 14.5069 15.1132 14.9382 13.4972 11.3242 13.8870 16.6426 15.4356 14.0764 12.4838 13.0215 14.2036 17.1923 12.4276 10.1928 11.7984 18.0045 17.5331 17.6939 14.0533 11.0849 16.6264 16.0577 7.9207 13.1697 15.4877 15.2280 16.9486 14.5474 13.0062 14.3758 15.1769 8.5032 17.3387 16.0935 12.2315 17.2966 14.7187 16.1185 13.1267 13.4165 16.6187 15.7840 17.2180 18.6128 19.9048 19.6121 19.6380 19.5022 19.1704 19.4962 19.5995 19.6683 18.5508 18.6946 20.4530 20.0303 18.7864 18.3175 19.8818 19.7683 19.9153 19.7682 19.8493 19.9004 20.0831 18.2340 18.9704 19.5283 19.9392 18.6489 19.9875 18.6386 20.1037
4.7633 6.4612 5.2969 8.7960 6.2214 8.5541 4.8499 7.5772 4.1383 6.4149 6.5613 8.0401 7.7031 8.3333 5.9362 4.9498 4.8951 7.4730 5.6849 5.4372 6.5321 4.1939 11.9131 5.0130 4.9706 5.9531 8.5824 0.0000 5.7497 6.5661 21.4294 21.6292 19.8697 21.1292 20.4421 20.6017 20.4162 20.8931 20.9948 21.1647 20.2795 21.1629 21.7375 20.7524 20.4014 20.5418 21.4188 20.8664 20.7851 19.5799 19.9413 21.1550 19.7005 20.9887 21.0526 20.7438 18.2494 19.6138 21.3436 20.5420 16.7298 13.0537 15.3661 16.3859 15.1445 12.8287 15.9319 15.9556 12.0973 18.7603 14.7165 15.3606 20.4999 19.9109 15.5241 11.0865 15.9181 16.9119 16.3794 15.0178 13.0692 15.6369 18.1804 16.8521 15.2803 13.4846 14.6388 15.3578 18.7739 13.8962 11.4095 12.1387 19.5236 19.1759 19.2932 12.8081 9.5093 18.3935 17.3722 9.4210 14.5643 16.3806 13.6440 18.2711 15.9040 14.5916 15.8967 16.6882 10.4767 19.0205 17.5288 10.4602 18.9951 14.6629 17.4540 11.3518 15.2284 18.3887 16.9981 18.6872 20.1507 21.4142 21.1355 21.1654 20.9985 20.7105 21.0432 21.1041 21.1836 20.0915 20.2167 21.9805 21.5394 20.3105 19.8081 21.3912 21.3018 21.4706 21.2930 21.3386 21.4266 21.6071 19.7409 20.4774 21.0279 21.4761 20.1569 21.4989 20.1273 21.6376
6.8885 9.0812 6.7587 10.5443 7.6575 10.0881 7.4640 10.1493 6.2297 7.7117 5.4093 6.9867 5.9515 10.6012 7.0832 5.5505 5.3914 8.0354 6.0463 6.3021 8.5448 5.5865 13.7318 6.8603 5.8570 6.5776 8.9673 5.7497 0.0000 7.7519 22.6818 22.8517 21.1635 22.4031 21.7446 21.8669 21.6913 22.1751 22.2480 22.4123 21.4947 22.4179 22.9814 22.0358 21.6497 21.7989 22.6724 22.0979 22.0717 20.8060 21.2654 22.3994 20.9942 22.2308 22.2994 22.0228 19.6368 20.9290 22.5939 21.8207 17.9988 14.4950 16.7220 17.5427 16.3530 14.2795 17.3554 17.4289 13.4295 20.0637 15.7622 16.7935 21.7866 21.1725 16.7197 12.7429 17.2653 18.2355 17.8082 16.4027 13.6512 16.9733 19.4484 18.1254 16.8170 15.0065 15.9791 16.9081 20.0593 15.1904 12.8950 13.9888 20.8393 20.5511 20.6651 14.5320 11.8874 19.8537 18.9232 10.8689 16.0518 17.9297 15.5029 19.6550 17.4151 16.0945 17.3595 18.0407 11.5321 20.3606 18.9912 12.4358 20.4131 16.3867 18.9576 13.2979 16.8858 19.7715 18.5294 20.1460 21.4624 22.6530 22.3994 22.4079 22.2131 21.9826 22.2946 22.3678 22.4193 21.4339 21.4671 23.2035 22.7762 21.5952 21.0856 22.6462 22.5321 22.7203 22.5336 22.5881 22.6826 22.8550 20.9783 21.7455 22.2942 22.6903 21.4398 22.7447 21.4353 22.8691
6.3419 8.7375 7.8039 11.4154 8.6851 11.4839 6.6666 10.1659 5.9041 7.4919 5.7747 6.4744 8.2803 11.0848 7.5637 5.1385 6.5313 9.1006 8.4299 5.7050 8.9717 6.4849 13.5661 5.9666 7.0941 6.3264 9.3970 6.5661 7.7519 0.0000 22.8875 23.0973 21.4106 22.5892 21.9359 22.1026 21.9354 22.3749 22.4643 22.6288 21.8453 22.6419 23.1736 22.2353 21.9259 22.0474 22.8624 22.3709 22.2508 21.1412 21.4423 22.6159 21.2442 22.4840 22.5339 22.2376 19.8768 21.1741 22.8123 22.0591 18.5725 15.0368 17.3256 18.2406 17.0626 14.7364 17.7459 17.8086 14.1457 20.3450 16.6068 17.1499 21.9927 21.4895 17.2720 13.1608 17.8108 18.6482 18.1600 16.9212 14.8929 17.4903 19.8484 18.6081 17.0777 15.4199 16.5686 17.1921 20.4067 15.8388 13.3879 14.1701 21.0622 20.7342 20.9024 15.1172 11.6648 20.0150 19.0678 10.6763 16.4922 18.1748 15.7273 19.9702 17.7799 16.4920 17.5754 18.3852 12.0930 20.5913 19.2052 12.3715 20.6222 16.6734 19.1939 13.4801 17.0684 20.0469 18.7966 20.3521 21.6741 22.8633 22.6115 22.6568 22.5105 22.2135 22.5114 22.5778 22.6833 21.6407 21.7270 23.4353 23.0022 21.8423 21.3683 22.8606 22.7769 22.9185 22.7690 22.7986 22.8792 23.0644 21.2962 21.9930 22.5160 22.9501 21.6664 22.9592 21.6292 23.0934
22.1014 19.8921 21.4102 19.5719 21.6412 18.0782 21.1975 19.7847 21.7443 20.7920 23.8627 24.7866 24.3207 18.0991 20.6509 22.4902 22.0436 20.8592 20.6520 22.5795 20.0557 21.7177 15.1436 21.7698 22.5567 22.0863 19.9171 21.4294 22.6818 22.8875 0.0000 0.8371 2.3424 1.1382 1.7829 1.4197 1.6775 1.2712 0.9407 0.7460 2.1211 0.7717 0.7044 1.2103 1.6579 1.4537 0.5187 0.9526 1.4090 2.8558 2.6732 0.8924 2.4930 0.9931 1.0130 1.2832 5.3607 2.9219 0.7885 1.7059 8.2608 11.2066 9.4644 6.9702 9.7122 11.0056 8.6551 9.1437 12.8349 3.4910 9.8229 9.1994 1.6875 2.3946 7.7194 13.0758 8.8684 8.0076 8.3086 9.4231 11.7346 9.0668 4.5889 5.8696 8.4920 10.6022 9.7293 9.7556 7.2902 10.4315 14.1087 13.5675 2.8297 7.0218 7.1607 15.6218 18.2895 9.8201 8.3217 16.9395 9.7876 10.2329 15.3744 7.5103 10.6288 11.3186 8.7562 8.1766 15.4762 7.1262 8.0600 16.3799 9.7367 12.8443 10.1218 15.9477 12.4089 9.7784 10.2873 9.6604 1.9761 0.5051 0.7919 0.8627 1.1574 1.1791 1.0275 0.7137 0.8781 4.3499 2.0416 0.9515 0.5697 1.6549 2.3013 0.4591 0.5398 0.7235 0.7709 0.4509 0.6501 0.6044 2.3806 1.5074 0.8230 1.1017 1.8829 0.3123 2.2660 0.7569
22.2643 20.1474 21.5827 19.7439 21.7827 18.3437 21.3773 20.0152 21.9480 20.9953 24.0310 24.9330 24.4792 18.3337 20.8802 22.6729 22.2181 21.0424 20.8245 22.7770 20.2515 21.9185 15.3879 21.9466 22.7173 22.2450 20.1264 21.6292 22.8517 23.0973 0.8371 0.0000 2.8323 1.5244 2.3053 1.6145 1.9635 1.7065 1.4220 0.9129 2.3244 1.0622 0.7037 1.7144 2.1149 1.6578 1.0373 1.3249 1.8789 3.1742 3.1241 1.0111 2.9433 1.2053 1.1473 1.7154 5.7963 3.3467 1.0971 1.9742 8.3768 11.4706 9.6630 7.2438 9.8887 11.3186 8.8393 9.3459 13.1189 3.8323 10.0311 9.4654 2.0793 2.6646 8.0438 13.2968 9.0586 8.1772 8.5238 9.5952 11.9567 9.3355 4.6211 5.9585 8.8473 10.9134 9.9435 10.0481 7.2877 10.7055 14.2867 13.8924 3.2194 7.1787 7.2718 15.8686 18.5813 10.0685 8.5141 17.2261 9.9904 10.5383 15.6593 7.6597 10.8829 11.5343 9.0233 8.3903 15.7465 7.2676 8.2557 16.6465 9.9656 13.1272 10.3653 16.2260 12.7026 10.0146 10.5378 9.9136 2.4303 0.9582 1.1127 1.3038 1.3787 1.6568 1.4233 1.0707 0.9902 4.5651 2.4181 0.8334 0.7069 2.0980 2.7866 0.8757 0.8922 0.9937 0.8742 0.7650 0.9494 0.8099 2.4492 1.8971 1.2498 0.8015 2.4526 0.7428 2.7979 0.9172
20.5533 18.3577 19.8650 18.0274 20.1255 16.4451 19.6852 18.2963 20.2344 19.2730 22.3846 23.3297 22.8504 16.5065 19.1141 20.9811 20.5238 19.3436 19.1248 21.0678 18.5062 20.1806 13.6041 20.2677 21.0336 20.5410 18.4344 19.8697 21.1635 21.4106 2.3424 2.8323 0.0000 2.0112 1.2320 1.7725 1.4312 1.7508 1.8127 2.1824 2.0069 2.1718 2.8591 1.4980 1.4385 1.7725 2.2710 1.8828 1.6813 1.6983 1.6951 2.3418 1.3540 1.9544 2.1445 1.6185 3.5268 1.5065 2.2439 1.7880 6.9286 9.4829 7.8193 5.6156 8.1367 9.3771 7.2593 7.6726 11.1479 2.5223 8.2963 7.5422 1.6418 1.9990 5.9924 11.3796 7.3850 6.6766 6.7592 7.8492 10.0596 7.5368 3.5405 4.5423 6.4790 8.7030 8.1283 8.1253 6.4656 8.6624 12.5530 11.9358 1.8412 6.1318 6.3116 14.2070 16.7654 8.6282 7.1691 15.4176 8.2568 8.7239 14.0150 6.3140 9.1338 9.8046 7.2924 6.8798 13.8066 6.2173 6.7299 14.9415 8.6285 11.4230 8.8544 14.4389 10.8293 8.5726 8.9585 8.4756 1.3653 2.3320 2.1267 2.2589 2.2482 1.9428 2.1029 2.0249 2.3902 3.6167 1.7385 3.1519 2.6446 1.2796 1.2339 2.3716 2.3551 2.6280 2.4089 2.3074 2.4727 2.6765 2.0222 1.4252 1.8750 2.8742 1.0238 2.4276 0.9996 2.6960
21.8027 19.5514 21.1138 19.2120 21.3466 17.6960 20.8845 19.4363 21.4440 20.4637 23.5975 24.5335 24.0627 17.7072 20.3351 22.2022 21.7483 20.5369 20.3316 22.2940 19.7192 21.4207 14.7693 21.4649 22.2767 21.7939 19.6447 21.1292 22.4031 22.5892 1.1382 1.5244 2.0112 0.0000 1.1938 1.1721 1.2457 0.4974 0.9424 1.0158 2.0594 1.0842 1.4364 0.7385 1.6649 1.0824 0.7909 1.2573 0.5666 2.8040 2.0042 1.0471 2.1392 1.4630 0.9987 0.9034 4.6763 2.2099 0.8097 1.1673 7.6589 10.6602 8.8089 6.6410 9.1348 10.6840 7.9822 8.4935 12.3456 3.3472 9.2964 8.6271 1.0735 1.9845 7.6132 12.6619 8.1853 7.3466 7.6070 8.8764 11.5172 8.4785 4.4588 5.7227 7.8920 9.9849 9.1161 9.0440 6.5556 9.8871 13.6487 13.0735 2.3411 6.2230 6.3956 15.1181 17.8993 9.1285 7.5346 16.6179 9.2353 9.4761 14.8486 6.7129 9.9618 10.7739 8.1070 7.4812 15.1052 6.3557 7.2801 15.9072 9.0543 12.2380 9.4046 15.4545 11.8806 9.1108 9.5678 8.9072 1.6069 1.0939 0.9872 1.5297 1.8351 1.3658 1.6197 0.8846 1.2620 3.4279 2.3743 1.7654 1.5241 1.4806 2.2037 1.1310 1.3480 1.5081 1.1928 1.0454 0.9494 1.4776 2.2963 1.0229 1.0173 1.7966 1.6575 1.1681 1.6529 1.5982
