0.0000 7.9077 9.0162 8.6195 4.8777 9.4553 5.7552 6.2913 6.8335 2.5158 7.0727 4.2994 4.8893 5.5733 5.5197 8.6648 2.9666 8.8321 8.5457 11.7607 5.7158 5.6110 7.8757 7.1531 4.8114 9.2188 9.6836 5.2374 12.6705 8.4580 58.0205 47.9985 54.4425 56.1992 51.5283 50.3422 57.0801 62.1431 58.7961 50.6623 56.2378 56.6109 56.9668 55.1673 57.9616 63.6668 62.7873 59.0115 55.4954 41.3023 53.4771 58.4445 53.3056 51.5337 54.7268 49.4004 43.4396 48.8683 50.2705 50.7091 22.9796 22.8271 29.3655 21.2018 35.0476 32.6203 29.1977 33.3665 20.2585 22.6906 22.5187 31.9078 26.2038 26.7777 40.7167 23.2768 30.2023 35.4385 24.3709 27.3533 30.1291 26.9296 34.3997 38.9357 32.1490 22.2510 29.5741 23.8899 34.0780 37.3219 14.1105 17.3297 17.9299 27.4290 9.7602 21.6110 9.2533 12.4411 10.0831 16.3655 35.4748 31.6810 20.9119 20.7103 30.8184 19.7874 20.1655 20.4752 24.2357 28.1097 20.8037 24.1179 28.6337 11.5287 11.6849 12.1264 11.3410 30.1693 7.8080 31.0082 43.3851 58.8119 50.0436 56.4259 41.9496 55.9799 54.6020 49.3952 50.2653 52.8683 52.5313 50.9331 47.7941 49.5256 46.1645 49.4803 55.4906 42.3490 47.9576 49.6205 51.9536 39.6585 53.1705 48.5781 42.8764 45.8475 47.0739 48.8026 50.0909 53.2955
7.9077 0.0000 4.3103 4.9359 7.1323 4.0141 7.0446 12.8480 3.6928 5.9369 6.9432 8.5646 9.6931 8.0968 11.2270 9.7790 9.4388 9.5225 15.9657 14.3461 10.0563 4.3570 10.5499 3.5473 9.5748 10.9770 3.4766 6.1613 18.8915 7.4890 51.4484 41.3943 47.8662 49.5950 44.9241 43.9859 50.4758 55.5389 52.2239 44.0901 49.6656 50.0006 50.3625 48.5631 51.5466 57.0626 56.1831 52.4393 49.0254 35.4071 46.8799 51.8403 46.7355 44.9295 48.6521 43.9865 37.1581 42.5367 43.6663 44.1923 15.3622 15.2090 21.8587 13.6421 27.5167 25.0691 21.7888 26.2939 12.8136 15.2746 15.4942 24.4424 18.9239 19.4319 33.2512 15.7395 22.7204 27.8205 16.9466 19.9798 22.7595 19.4649 26.9073 31.4934 24.5770 14.8282 22.2442 16.6710 26.5432 29.7269 8.0599 11.0698 11.4487 20.6153 5.5861 14.8804 7.1509 14.2557 8.8787 9.6129 28.8315 24.8279 13.8828 13.9591 23.8792 12.7986 13.6464 13.7556 17.3702 21.6774 14.2792 17.1897 21.8080 5.4874 6.8197 5.5295 5.0460 23.2806 6.7508 24.1797 36.7747 52.2015 43.4394 49.8156 35.0733 49.0903 47.9289 42.8230 43.6814 46.2641 45.6417 44.0435 41.1899 42.8902 39.5923 42.5907 48.8864 35.4977 41.3534 42.9921 45.3814 33.0543 46.3218 42.0059 36.1781 39.2680 40.1844 42.2304 43.4525 46.6532
9.0162 4.3103 0.0000 4.3935 8.6015 2.5553 8.2355 13.4240 5.1077 7.3580 9.2965 8.8318 9.7910 8.5538 11.3493 9.9969 10.1281 11.9018 16.3929 14.1622 10.2877 6.3834 10.3425 5.0986 10.2189 13.6572 4.7413 6.4569 19.0340 7.5751 50.5888 40.5677 47.0805 48.6278 43.9568 43.1314 49.5086 54.5717 51.3643 43.3660 48.8060 49.2238 49.3953 47.5959 50.4445 56.0954 55.2159 51.5892 48.3088 34.9898 46.0204 50.8730 45.9112 43.9623 47.6929 43.4096 36.6695 41.5774 42.6990 43.3680 14.7984 14.1595 20.7465 12.5054 26.8279 23.8764 21.0376 25.7633 11.9762 14.4158 14.8446 23.7842 17.9936 18.7992 32.6348 14.5329 21.9795 26.6947 16.3804 19.4274 21.4306 18.8084 26.1403 30.9286 23.7277 14.1486 21.6004 15.6418 25.7522 28.6527 10.7239 12.5220 10.9561 20.1344 8.5850 13.8322 9.2871 16.1117 12.1639 9.1228 28.2785 24.1963 12.7250 13.4645 23.3955 12.4411 12.8632 14.0729 16.6852 21.1888 13.5482 16.6875 21.2393 6.7657 10.0500 5.9662 6.4631 22.6074 8.9150 23.5693 35.9979 51.4247 42.4722 49.0388 34.4629 48.2639 47.1521 41.9634 42.8218 45.2968 44.8153 43.2171 40.2226 42.1134 38.7327 41.7643 47.9673 34.9490 40.3861 42.1325 44.5218 32.0870 45.3546 41.1463 35.2109 38.4603 39.3579 41.3708 42.5623 45.8443
8.6195 4.9359 4.3935 0.0000 6.7303 6.3451 5.5681 12.5257 4.8385 7.4056 9.2292 7.9360 8.0805 6.4292 9.0375 9.5692 9.4068 12.3242 15.2110 12.1678 8.1406 5.9202 7.2975 4.5845 9.0652 13.4748 6.6030 4.9155 16.8464 5.4667 51.7690 41.5925 48.1580 49.7959 45.0844 44.1562 50.6362 55.6993 52.5445 44.4435 49.9862 50.4562 50.5640 48.7235 51.3361 57.2230 56.3435 52.7600 49.3862 35.5828 47.2006 52.0006 46.9620 45.1179 48.3082 43.5552 38.0000 42.5307 43.8266 44.3928 16.2501 15.9202 22.2882 14.0026 28.5908 25.1513 22.7338 27.6455 12.9317 16.0148 16.7692 25.5997 19.6369 20.8679 34.4503 15.8078 23.7517 28.0188 18.4491 21.4961 22.6910 20.7445 27.7974 32.7442 25.3848 16.1266 23.4132 17.3582 27.3774 30.3590 11.3145 14.2507 12.8658 21.6471 7.8271 15.0864 8.8091 15.9591 12.1085 11.2405 29.6090 25.8472 14.2601 15.5972 25.0483 15.8234 13.9019 14.9773 18.3793 22.6112 14.3893 18.3359 22.7736 7.1575 10.6604 7.2254 7.0877 24.2905 9.0582 25.0158 37.2304 52.6572 43.5998 50.2712 36.1441 49.7663 48.3885 43.1627 44.0020 46.4244 46.3177 44.7195 41.3502 43.3459 39.9130 43.2668 49.1475 36.5670 41.5137 43.3407 45.7486 33.2146 46.6678 42.3266 36.3737 39.6928 40.8604 42.5511 43.7948 47.0767
4.8777 7.1323 8.6015 6.7303 0.0000 8.7502 4.0610 7.2428 6.0702 4.5060 7.7939 5.8520 3.1729 4.6487 5.4659 8.3908 6.1303 10.4610 10.4966 10.2043 4.0366 5.9498 6.6967 4.4605 5.0206 11.2990 9.2091 4.1941 12.4807 7.6638 56.7907 46.6502 53.1117 54.8509 50.1799 49.1760 55.7317 60.7948 57.5662 49.4325 55.0079 55.3001 55.6184 53.8190 56.4703 62.3185 61.4390 57.7817 54.3322 40.6509 52.2223 57.0961 51.9572 50.1854 53.5402 48.7583 43.0898 47.5506 48.9221 49.4126 20.8943 20.7698 26.8142 18.4913 33.1188 29.9217 27.1034 32.6024 17.6418 20.4544 21.6449 30.0669 24.0718 25.5579 38.9046 20.5907 28.2705 32.8435 23.0471 26.2274 27.5588 25.3425 32.2694 37.1985 29.8683 20.7246 27.9278 22.2308 31.8209 34.9878 13.8563 17.5258 17.3526 26.6627 9.3531 20.1566 7.6381 13.7884 11.1627 15.7195 34.7238 30.9956 19.5273 20.0499 30.0520 19.6345 18.8603 19.7310 23.5581 27.7289 19.3720 23.3515 27.9513 10.7464 11.6202 10.6844 10.3226 29.4839 7.5872 30.2043 42.0743 57.5011 48.6953 55.1151 41.2642 54.6382 53.2747 48.1654 49.0237 51.5199 51.1896 49.5914 46.4457 48.1898 44.9347 48.1386 54.1692 41.5826 46.6092 48.3597 50.7237 38.3101 51.7913 47.3483 41.4972 44.6103 45.7322 47.5728 48.7224 51.9329
9.4553 4.0141 2.5553 6.3451 8.7502 0.0000 9.7580 14.2036 5.8732 8.0721 9.7174 10.7158 10.8612 10.5198 12.4709 10.6489 10.8431 12.1192 17.3041 15.3861 11.3171 6.4178 11.6015 5.4793 10.9634 14.1166 3.6623 7.3661 20.1612 9.5900 49.8486 39.9014 46.3756 47.9265 43.2556 42.5392 48.8073 53.8704 50.6383 42.6608 48.0658 48.4343 48.6940 46.8946 49.9221 55.3941 54.5146 50.8840 47.6035 34.8397 45.2802 50.1718 45.2449 43.2610 47.2054 43.3781 35.8933 41.0900 41.9977 42.7017 13.9297 13.3988 20.0686 11.8372 25.7436 23.2566 20.0472 24.7527 11.7424 13.4642 13.8704 22.6916 17.0972 17.7082 31.5116 13.9709 20.9207 26.0102 15.2118 18.3699 20.9746 17.7340 25.1048 29.8055 22.7941 13.0950 20.5458 14.8261 24.7351 27.9251 10.4279 12.3174 10.2120 19.3140 8.8207 13.1909 9.3334 16.5159 12.3151 8.3558 27.5023 23.3852 12.1697 12.7109 22.5614 11.8446 12.1893 13.9730 15.8214 20.4127 13.1980 15.8940 20.4951 6.6608 9.0537 6.0839 6.3499 21.8282 8.9525 22.8166 35.2084 50.6352 41.7709 48.2493 33.6307 47.3897 46.3626 41.2232 42.0816 44.5955 43.9688 42.3429 39.5214 41.3239 37.9925 40.8902 47.2271 34.0886 39.6849 41.3923 43.7816 31.3857 44.6533 40.4061 34.5096 37.6708 38.5137 40.6307 41.7840 45.0547
5.7552 7.0446 8.2355 5.5681 4.0610 9.7580 0.0000 9.8521 6.3813 4.8046 5.6287 4.5670 6.2280 4.0937 7.6803 11.3513 6.4887 8.6730 12.2850 12.6400 6.7184 7.1254 7.7920 5.4854 6.6392 9.6678 9.6794 5.9338 14.7059 6.6959 55.1953 44.7281 51.4046 53.2024 48.3270 47.1341 53.8096 58.9722 55.9381 47.7371 53.3050 53.8888 53.8786 51.8969 54.5095 60.5365 59.5168 56.0964 52.6306 38.7180 50.5844 55.1740 50.2023 48.4325 51.2773 46.0725 41.1143 45.5807 47.0000 47.4387 19.6196 19.1485 25.5517 17.2661 31.9493 28.2959 26.1528 31.0989 16.2275 19.4085 20.1925 29.0230 23.0560 24.2864 37.8736 18.8870 27.1750 31.1421 21.8676 24.9147 25.9024 24.1629 31.0885 36.1675 28.7239 19.5451 26.8414 20.7815 30.6552 33.6410 12.1229 15.6491 16.0874 25.1167 7.4763 18.5608 6.1165 11.7590 8.8913 14.4282 32.8681 29.3167 17.5412 18.3980 28.5060 17.9018 17.3085 17.8423 21.8489 25.7673 17.8119 21.8055 26.2432 8.8650 11.3921 10.1335 9.6966 27.7498 5.5761 28.3569 40.6630 56.0898 46.7905 53.7038 39.6136 53.2408 51.8629 46.5953 47.3892 49.5978 49.7922 48.1940 44.5236 46.7865 43.3406 46.7412 52.4836 40.0366 44.7646 46.8125 49.1812 36.4903 49.8831 45.6621 39.5890 43.1254 44.3348 45.8813 47.2443 50.5093
6.2913 12.8480 13.4240 12.5257 7.2428 14.2036 9.8521 0.0000 10.7333 7.9712 11.9677 6.1873 5.0645 8.0381 6.1373 4.7876 5.2527 14.7726 6.6363 6.9421 5.1402 9.4940 9.0300 11.0480 3.6900 14.5794 14.8562 8.2566 8.4663 9.6452 62.3849 52.4306 58.8745 60.6313 55.9603 54.7742 61.5121 66.5751 63.1604 55.0267 60.6021 60.7675 61.3988 59.5994 62.5336 68.0988 67.2194 63.3759 59.8598 45.4799 57.9092 62.8765 57.7376 55.9658 59.0531 53.6242 47.9304 53.2832 54.7025 55.1412 27.0827 27.2731 33.7555 25.5616 39.5677 36.9924 32.9774 37.9390 24.3289 26.6942 26.8596 36.0724 30.4314 31.3664 45.0298 27.6490 34.6259 39.8773 28.8514 32.1799 34.5601 30.7698 38.6592 42.9152 36.5297 26.0915 33.5629 28.6483 38.3213 41.8366 18.7859 21.9300 22.6446 32.0297 13.9173 26.2745 13.9951 17.4076 15.2448 21.0842 40.1850 36.3839 25.9076 25.4146 35.3864 24.6606 24.4850 25.4195 29.0061 32.7735 25.2073 28.6129 33.3366 16.4114 16.6227 16.7161 15.6808 34.8722 12.3224 35.7788 47.6786 62.9790 54.4757 60.6773 46.6525 60.2618 59.0421 53.8145 54.6973 57.3003 56.8132 55.2150 52.2261 53.8314 50.5986 53.7623 59.9226 46.8440 52.3965 54.1432 56.3485 44.0905 57.7280 53.0009 47.4963 50.2887 51.3559 53.1979 54.6481 57.7738
6.8335 3.6928 5.1077 4.8385 6.0702 5.8732 6.3813 10.7333 0.0000 5.5798 7.1784 6.3516 8.1576 6.4560 9.4383 9.6987 7.6658 10.3370 13.6570 13.1668 8.4222 3.5223 8.7477 3.3445 8.0373 9.7320 5.0222 4.7668 17.1903 6.4640 52.1225 42.2863 48.7605 50.4252 45.7542 44.9908 51.3060 56.3690 52.8992 44.8210 50.3918 50.4500 51.1927 49.3932 52.6312 57.8927 57.0132 53.1253 49.7638 36.4538 47.7031 52.6704 47.6298 45.7596 49.6570 45.0407 38.2516 43.5416 44.4964 45.0866 16.8212 16.8921 23.4971 15.2319 29.1834 26.6939 22.6415 27.5638 14.6746 16.3509 16.3731 25.6895 19.9882 21.0413 34.6455 17.4573 24.2416 29.4963 18.5595 21.8325 24.3377 20.4690 28.2772 32.5761 26.1486 15.8078 23.2614 18.1081 27.9523 31.4523 8.6992 12.3779 12.8317 21.5806 4.9434 15.6991 7.1057 13.6303 8.9698 10.6609 30.0810 25.9254 15.3376 14.9970 24.9544 14.2851 14.3532 14.9709 18.6127 22.7710 14.9440 18.0911 22.9186 6.2137 7.3185 6.4389 5.6868 24.4455 6.4611 25.4017 37.4055 52.6800 44.2695 50.2650 36.1963 49.6463 48.6478 43.5617 44.4912 47.0942 46.1977 44.5995 42.0200 43.4749 40.2665 43.1468 49.7165 36.3210 42.1835 43.7555 46.1424 33.8844 47.2238 42.7948 37.0083 39.9436 40.7404 42.9918 44.2826 47.4528
2.5158 5.9369 7.3580 7.4056 4.5060 8.0721 4.8046 7.9712 5.5798 0.0000 6.1378 4.4432 5.5552 5.2211 6.8231 9.9972 3.9569 7.6168 10.7295 13.2920 6.8386 4.7786 9.0459 5.1778 5.7846 8.3621 7.9662 6.0657 13.9228 8.4619 57.2302 47.0910 53.5512 55.2918 50.6208 49.5940 56.1726 61.2356 58.0058 49.8720 55.4474 55.8442 56.0593 54.2598 57.0688 62.7593 61.8798 58.2212 54.7489 40.7819 52.6618 57.5370 52.3981 50.6262 54.1158 49.0422 42.8866 48.0004 49.3630 49.8306 21.1723 20.8367 27.4936 19.3128 33.3400 30.7040 27.6913 32.1599 17.9836 21.0920 21.3624 30.2766 24.6828 25.2607 39.1130 21.3469 28.5436 33.4482 22.8293 25.7658 28.2804 25.3733 32.7277 37.4069 30.3873 20.7439 28.1051 22.3813 32.3533 35.3715 13.1909 16.8328 17.1750 26.4640 9.2132 20.5639 8.1879 12.0832 9.6094 15.4327 34.5434 30.6148 19.4702 19.7687 29.7525 18.6770 19.4530 19.4636 23.1796 27.4060 20.0191 23.0608 27.5927 10.6610 10.7054 11.3598 10.6406 29.0900 6.9601 29.8815 42.6183 58.0451 49.1361 55.6592 40.8603 54.9585 53.7725 48.6049 49.4633 51.9608 51.5099 49.9117 46.8866 48.7338 45.3742 48.4589 54.6087 41.3463 47.0501 48.7740 51.1633 38.7510 52.0185 47.7878 41.8749 45.0807 46.0526 48.0123 49.1827 52.4646
7.0727 6.9432 9.2965 9.2292 7.7939 9.7174 5.6287 11.9677 7.1784 6.1378 0.0000 7.1237 9.7178 8.4168 9.1128 14.4757 7.7642 5.8577 12.2821 16.9027 10.8561 8.7997 12.5104 7.5457 9.6773 7.6803 8.9148 9.1674 16.8719 10.5605 53.1967 43.2014 49.6454 51.4022 46.7312 45.8222 52.2830 57.3460 53.9722 45.8385 51.4139 51.7156 52.1697 50.3702 53.4151 58.8697 57.9902 54.1877 50.7416 37.6464 48.6800 53.6474 48.5104 46.7366 50.4884 46.2787 39.2067 44.3730 45.4734 45.9673 18.3521 18.0686 24.5935 16.4727 30.2806 27.8083 24.2242 28.6889 16.2524 17.7172 17.9622 27.0730 21.2815 22.1665 35.8819 18.6256 25.4147 30.6265 19.7076 22.8983 25.4340 21.9992 29.5216 34.0952 27.2806 17.3133 24.7549 19.1748 29.1945 32.5412 9.5762 13.3425 14.2130 22.6922 6.8260 16.5835 4.9864 9.5190 7.2118 12.3044 30.9605 27.0157 16.0811 16.0529 26.0815 15.3621 15.2810 15.8664 19.5969 23.7524 15.9337 19.3810 23.9684 7.6312 9.1249 8.8150 8.1143 25.5040 4.2287 26.3696 38.4897 53.9165 45.2465 51.5306 37.2843 50.9601 49.6488 44.5714 45.4682 48.0712 47.5115 45.9133 42.9970 44.6052 41.3407 44.4606 50.6935 37.6121 43.1605 44.7405 47.1297 34.8614 48.2491 43.7718 37.9853 41.0163 42.0542 43.9788 45.2596 48.4298
4.2994 8.5646 8.8318 7.9360 5.8520 10.7158 4.5670 6.1873 6.3516 4.4432 7.1237 0.0000 5.5043 3.5567 6.4678 8.9864 3.2540 9.6949 9.3864 11.7512 5.8797 5.7314 7.9139 7.5756 4.3468 9.3827 10.8909 7.1855 13.2788 6.0203 56.8258 47.0453 53.4893 55.2460 50.5751 49.3890 56.1268 61.1899 57.7201 49.4781 55.2127 55.1544 56.0136 54.2141 57.3299 62.7136 61.8341 57.9462 54.3007 40.2112 52.5239 57.4913 52.3524 50.5805 53.8466 48.4554 42.5246 47.8980 49.3173 49.7559 22.0252 22.1728 28.6957 20.5197 34.4109 31.9505 27.7059 32.4066 19.3481 21.6387 21.1571 30.9156 25.2710 26.1272 39.8730 22.6070 29.4690 34.7770 23.6454 26.9183 29.4593 25.5720 33.5579 37.5872 31.4293 20.8656 28.2772 23.3356 33.2401 36.7148 13.0386 16.4612 17.4876 26.2980 8.2205 20.9276 8.5070 12.8766 9.5074 15.5015 34.6855 30.7711 20.5079 19.7505 29.6465 18.9751 19.2331 19.9598 23.4400 27.1853 19.7730 22.8190 27.7507 11.0008 12.4219 12.0367 10.9427 29.3705 6.9118 30.2296 42.2233 57.3937 49.0904 54.9694 41.0419 54.5170 53.5252 48.3825 49.3121 51.9151 51.0684 49.4702 46.8409 48.3145 45.0787 48.0175 54.5374 41.0501 47.0044 48.6263 50.9632 38.7053 52.3178 47.6157 42.0966 44.7645 45.6203 47.8127 49.1312 52.2737
4.8893 9.6931 9.7910 8.0805 3.1729 10.8612 6.2280 5.0645 8.1576 5.5552 9.7178 5.5043 0.0000 4.8230 3.7279 6.6394 4.8688 12.5877 8.3963 8.3219 2.2001 7.6418 5.0890 6.7693 3.2361 13.5179 11.5715 5.5243 10.1785 6.3975 59.2768 49.1084 55.6937 57.3036 52.5723 51.6721 58.1241 63.1871 60.0523 51.9792 57.4940 57.8645 58.0718 56.2113 58.8378 64.7296 63.8313 60.2677 56.9220 43.2424 54.7083 59.4885 54.4978 52.6257 56.0113 51.1835 45.6981 50.0466 51.3145 51.9087 23.2835 23.0806 29.0926 20.7489 35.4894 32.0553 29.5538 35.0894 19.9868 22.8111 24.1660 32.5183 26.5258 28.0449 41.3689 22.7243 30.6703 34.9771 25.5325 28.6955 29.6966 27.8254 34.6400 39.6627 32.2389 23.2075 30.4169 24.5656 34.1776 37.2800 16.3744 20.2241 19.9540 29.1691 12.1682 22.5673 10.1678 15.8264 13.9912 18.1641 37.3071 33.4237 21.8617 22.4913 32.5984 22.1214 21.4140 22.1522 25.9793 30.2607 21.8511 25.8631 30.3765 13.1862 14.1020 13.1864 13.0144 31.9121 10.0927 32.6653 44.6387 60.0655 51.0876 57.6795 43.6923 57.1261 55.7928 50.6514 51.5098 53.9123 53.6775 52.0793 48.8381 50.7541 47.4207 50.6265 56.6553 44.0891 49.0016 50.8205 53.2098 40.7025 54.1072 49.8343 43.8264 47.1011 48.2201 50.0588 51.2054 54.4850
5.5733 8.0968 8.5538 6.4292 4.6487 10.5198 4.0937 8.0381 6.4560 5.2211 8.4168 3.5567 4.8230 0.0000 5.7589 8.7829 4.8026 10.4977 10.6188 10.0957 4.4493 6.4838 6.4333 6.4199 4.8227 11.2682 10.3329 6.4036 12.1076 3.9467 56.7110 46.5626 53.0320 54.7633 50.0923 48.9698 55.6441 60.7071 57.4865 49.3528 54.9282 55.2842 55.5308 53.7314 56.3440 62.2308 61.3514 57.7020 54.1859 40.3862 52.1426 57.0085 51.8696 50.0978 53.1130 47.9696 42.8618 47.4152 48.8345 49.2732 21.3908 21.3008 27.4089 19.2328 33.6450 30.6636 27.6649 32.7639 18.2456 21.0079 21.8381 30.5931 24.5737 25.9703 39.4387 21.3252 28.7967 33.5779 23.5515 26.5985 28.2409 25.8469 32.7956 37.7326 30.3945 21.2291 28.3858 22.4786 32.3744 35.6466 13.8635 17.2787 17.2653 26.7384 9.1102 20.1422 7.5642 13.5943 10.5479 15.6805 34.6446 31.0076 19.5749 20.0357 30.1278 19.6425 18.7018 19.6960 23.5623 27.6223 19.2988 23.4273 27.9603 10.6755 12.6740 11.0775 10.8462 29.4959 7.7938 30.2106 42.0584 57.4852 48.6077 55.1591 41.2762 54.7567 53.3658 48.0975 48.9440 51.4323 51.2950 49.6968 46.3581 48.2893 44.8898 48.2441 54.0895 41.6584 46.5216 48.4014 50.6440 38.2225 51.8251 47.2686 41.5310 44.5799 45.8377 47.4931 48.7641 51.9846
5.5197 11.2270 11.3493 9.0375 5.4659 12.4709 7.6803 6.1373 9.4383 6.8231 9.1128 6.4678 3.7279 5.7589 0.0000 7.9534 4.7829 12.2362 7.4267 8.8244 3.5077 8.8656 5.2115 8.4801 4.6218 13.0520 13.0360 6.6292 8.1111 7.5066 59.3819 49.2477 55.7029 57.4484 52.7775 51.7368 58.3292 63.3923 60.1575 52.0237 57.5992 57.9026 58.2159 56.4165 59.0292 64.9160 64.0365 60.3729 56.8868 43.4794 54.8135 59.6937 54.5547 52.7829 55.8801 51.1888 45.9549 50.1114 51.5196 51.9734 24.4793 24.3340 29.9534 21.7848 36.3827 33.2152 30.4712 35.8466 21.5537 23.8288 25.1076 33.3097 27.3805 29.1489 42.1412 24.0129 31.5740 36.3692 26.5943 29.8376 30.8748 28.8897 35.5122 40.4350 33.1112 24.2718 31.2973 25.3536 35.0217 38.3395 17.1994 20.6407 20.2775 29.7339 12.5870 23.2045 11.0721 14.7983 14.8933 18.7286 37.6926 34.0556 22.5936 23.1496 33.1233 23.1590 21.6900 22.7441 26.6103 30.7522 21.9876 26.5073 31.0084 14.0449 14.9454 13.9168 13.5862 32.5440 11.2437 33.2706 44.6893 60.1160 51.2928 57.8143 44.3242 57.4753 56.0241 50.8052 51.6150 54.1174 53.9502 52.3520 49.0433 50.9445 47.5975 50.9136 56.7604 44.6539 49.2155 51.1092 53.3150 40.9076 54.5470 49.9395 44.2529 47.2876 48.4929 50.1640 51.4718 54.6409
8.6648 9.7790 9.9969 9.5692 8.3908 10.6489 11.3513 4.7876 9.6987 9.9972 14.4757 8.9864 6.6394 8.7829 7.9534 0.0000 8.0636 17.1166 9.4865 5.7019 5.8291 7.6462 7.9158 9.1258 5.2290 17.7165 11.1968 6.2788 10.9322 7.3162 59.9467 49.9123 56.3563 58.1131 53.4421 52.2560 58.9939 64.0569 60.7223 52.5885 58.1639 58.5079 58.8806 57.0811 59.7230 65.5806 64.7011 60.9377 57.4216 42.8977 55.3909 60.3583 55.2194 53.4475 56.4865 50.9689 45.3733 50.7650 52.1843 52.6229 24.0970 23.8786 30.4493 22.2327 36.3679 33.6597 30.5228 35.2518 20.9593 23.9743 24.3296 33.3160 27.6315 28.2709 42.1249 24.3026 31.5232 36.4828 25.7429 28.9574 31.2753 28.2635 35.7073 40.3414 33.3246 23.5883 31.0698 25.4302 35.2873 38.4206 17.3687 19.4220 19.9388 29.4127 12.9696 23.4584 14.9411 20.6004 16.5950 18.3875 37.4713 33.6939 22.5486 22.7220 32.8021 21.8539 22.0159 22.4924 26.2486 30.0835 22.6683 26.1016 30.6467 13.4326 15.6949 13.9658 13.1984 32.1823 14.3125 33.0088 45.2820 60.7088 51.9574 58.3229 43.9625 57.8809 56.5030 51.3214 52.1798 54.7821 54.4323 52.8341 49.7079 51.4266 48.0907 51.3813 57.4044 44.3327 49.8714 51.5507 53.8798 41.5723 55.0884 50.5043 44.7943 47.7663 48.9749 50.7288 52.0085 55.1801
2.9666 9.4388 10.1281 9.4068 6.1303 10.8431 6.4887 5.2527 7.6658 3.9569 7.7642 3.2540 4.8688 4.8026 4.7829 8.0636 0.0000 9.6702 7.0692 11.1621 5.5252 6.2716 7.7707 8.1633 3.9679 9.7581 11.3661 7.1422 11.0290 7.1575 59.3187 49.3387 55.7827 57.5394 52.8685 51.6824 58.4202 63.4833 60.0942 51.9605 57.5359 57.8048 58.3069 56.5075 59.3795 65.0070 64.1275 60.3097 56.7936 42.4870 54.8173 59.7847 54.6457 52.8739 56.0389 50.6370 44.8213 50.1914 51.6106 52.0493 24.1175 24.2140 30.7528 22.5676 36.4184 33.9984 30.1618 34.6728 21.3367 23.7807 23.6985 32.9872 27.4671 28.1201 41.8805 24.6550 31.5322 36.8182 25.6840 28.8556 31.5183 27.9443 35.7037 40.0094 33.4705 23.2412 30.6115 25.3431 35.3519 38.7560 15.4274 18.7063 19.3593 28.7562 10.6457 23.0414 10.6276 12.8948 11.4029 17.7882 36.9087 33.1104 22.5880 22.1385 32.1436 21.2677 21.4357 21.9580 25.7070 29.5289 22.0953 25.4431 30.0632 13.0693 13.2080 13.4642 12.5232 31.5988 9.1267 32.4797 44.6017 60.0058 51.3838 57.6268 43.3790 57.2114 55.8711 50.6933 51.6055 54.2084 53.7628 52.1646 49.1343 50.7571 47.4626 50.7118 56.8308 43.6742 49.2978 50.9635 53.2566 40.9987 54.5483 49.9090 44.2542 47.1383 48.3054 50.1060 51.4684 54.5941
8.8321 9.5225 11.9018 12.3242 10.4610 12.1192 8.6730 14.7726 10.3370 7.6168 5.8577 9.6949 12.5877 10.4977 12.2362 17.1166 9.6702 0.0000 9.1445 20.0510 13.6754 11.3705 15.6428 10.4491 12.7235 2.9866 11.0629 12.2504 13.9622 13.9000 58.0670 47.9482 54.3922 56.1490 51.4780 50.4811 57.0298 62.0928 58.8425 50.7088 56.2842 56.7433 56.9165 55.1170 58.0475 63.6165 62.7370 59.0580 55.6156 42.3879 53.4986 58.3942 53.2609 51.4834 55.1243 51.0129 43.8711 49.0089 50.2202 50.7177 23.1541 22.4814 28.9855 20.9100 34.7121 32.2172 29.0174 33.3090 20.7685 22.4432 22.3818 31.6387 25.9671 26.5467 40.4547 22.9163 29.9616 35.0355 24.1810 27.1575 29.7285 26.7512 34.1481 38.7536 31.8319 22.1262 29.4018 23.4830 33.7840 36.9703 14.0804 17.9976 18.3785 27.4810 11.0026 21.4384 9.2977 6.1575 10.8142 16.4145 35.4980 31.6035 20.5431 20.7338 30.7759 19.8182 20.3080 20.3729 24.1188 28.3904 20.8741 24.0754 28.5265 11.5149 12.9718 12.7989 12.2881 30.0409 7.9797 30.8565 43.5175 58.9443 49.9933 56.5584 41.8835 55.8641 54.6717 49.4498 50.3000 52.8180 52.4155 50.8173 47.7438 49.6330 46.2110 49.3645 55.4455 42.3633 47.9073 49.6278 52.0357 39.6082 52.8757 48.6246 42.7321 45.9799 46.9582 48.8491 50.0926 53.3638
8.5457 15.9657 16.3929 15.2110 10.4966 17.3041 12.2850 6.6363 13.6570 10.7295 12.2821 9.3864 8.3963 10.6188 7.4267 9.4865 7.0692 9.1445 0.0000 12.0810 8.4410 12.9663 11.6347 14.2676 7.2004 9.3273 17.8197 10.8705 6.3449 12.5569 64.8623 54.9457 61.3896 63.1464 58.4754 57.2893 64.0272 69.0903 65.6379 57.5041 63.1130 63.3196 63.9139 62.1145 64.8350 70.6140 69.7345 65.8533 62.3372 48.1388 60.4243 65.3916 60.2527 58.4809 61.5985 56.3521 50.5294 55.7983 57.2176 57.6563 30.0976 30.1779 36.6975 28.5214 42.4486 39.9522 36.2597 40.7900 27.4182 29.7410 29.9229 39.1572 33.3750 34.3244 47.9897 30.6087 37.5203 42.7821 31.8655 35.0958 37.4610 34.0788 41.6388 46.1736 39.4344 29.4036 36.7586 31.3733 41.2768 44.7199 21.4755 24.5614 25.2757 34.6230 16.6093 28.5817 16.1143 11.4479 17.3377 23.6502 42.8161 38.9773 28.1730 28.0054 37.9816 27.3446 26.9418 27.8768 31.6371 35.3669 27.7133 31.2811 35.9479 18.5907 19.3226 19.0284 18.1252 37.4883 14.9951 38.4098 50.1814 65.5564 56.9908 63.2548 49.2459 62.8474 61.5825 56.3549 57.2125 59.8154 59.3907 57.7925 54.7412 56.4327 53.1014 56.3398 62.4377 49.5122 54.9369 56.6836 58.8636 46.6056 60.2684 55.5160 49.9743 52.7915 53.9334 55.7130 57.1885 60.3142
11.7607 14.3461 14.1622 12.1678 10.2043 15.3861 12.6400 6.9421 13.1668 13.2920 16.9027 11.7512 8.3219 10.0957 8.8244 5.7019 11.1621 20.0510 12.0810 0.0000 7.3428 11.8736 9.1033 12.0892 7.8952 20.8247 15.9360 9.5463 8.8686 8.4461 62.9551 52.7509 59.2760 60.9819 56.2807 55.0946 61.8324 66.8955 63.7306 55.5968 61.1723 61.5909 61.7501 59.9197 62.5324 68.4192 67.5397 63.9460 60.4300 46.4829 58.3866 63.1969 58.0738 56.3040 59.1323 53.6265 48.9584 53.6036 55.0228 55.4615 27.7287 27.4778 33.5337 25.4115 39.9613 36.7841 34.0130 39.2118 24.6069 27.3003 28.4248 36.9601 30.9161 32.4478 45.8107 27.4531 35.1217 39.7059 29.9452 33.1287 34.3689 32.2405 39.1119 44.1046 36.7109 27.6227 34.9149 28.7945 38.6668 41.8242 20.9869 23.4487 23.5975 33.1935 16.4599 26.5429 16.9592 22.4457 20.1605 22.1299 41.0370 37.4000 25.8681 26.4888 36.5828 26.1596 25.0067 26.0885 29.9547 33.8457 25.6644 29.9149 34.3528 17.0582 19.2317 17.0962 16.7146 35.8884 16.7216 36.6030 48.4676 63.8942 54.7960 61.5926 47.6905 61.1831 59.7993 54.4683 55.1940 57.6311 57.7285 56.1303 52.5465 54.7228 51.2607 54.6776 60.3797 48.1134 52.8087 54.7723 56.9354 44.4108 58.1402 53.5126 47.8461 51.0035 52.2712 53.7371 55.1807 58.4181
5.7158 10.0563 10.2877 8.1406 4.0366 11.3171 6.7184 5.1402 8.4222 6.8386 10.8561 5.8797 2.2001 4.4493 3.5077 5.8291 5.5252 13.6754 8.4410 7.3428 0.0000 7.8460 4.5857 7.5434 2.9876 14.6333 11.8405 5.8714 9.1161 6.1011 59.0468 48.8058 55.4061 57.0737 52.3274 51.3695 57.8792 62.9422 59.8224 51.6916 57.2641 57.6658 57.8418 55.9664 58.5791 64.4997 63.5864 60.0378 56.6344 43.1128 54.4784 59.2436 54.2102 52.3957 55.5127 50.7305 45.5884 49.7441 51.0696 51.6061 23.5795 23.4517 29.2228 21.0951 35.6059 32.4845 29.7162 35.2600 20.3965 22.9722 24.2981 32.6497 26.6056 28.2581 41.5003 23.1674 30.8017 35.4870 25.8393 28.8862 30.1067 28.1347 34.7564 39.7941 32.3554 23.5168 30.4474 24.5270 34.2658 37.5802 16.6061 20.2900 19.8351 29.2549 12.1172 22.6103 10.1995 16.7794 14.2223 18.2018 37.1974 33.4782 21.9546 22.5362 32.6442 22.3851 21.3155 22.1732 26.0329 30.2576 21.5969 25.9437 30.4310 13.3850 14.2589 13.3238 13.0803 31.9666 10.5094 32.6812 44.4400 59.8668 50.8427 57.4808 43.7519 57.0339 55.6561 50.4215 51.2799 53.6674 53.5853 51.9871 48.5932 50.5796 47.1908 50.5344 56.4253 44.1748 48.7567 50.6459 52.9799 40.4576 53.9688 49.6044 43.6747 46.9024 48.1280 49.8289 51.0375 54.2863
5.6110 4.3570 6.3834 5.9202 5.9498 6.4178 7.1254 9.4940 3.5223 4.7786 8.7997 5.7314 7.6418 6.4838 8.8656 7.6462 6.2716 11.3705 12.9663 11.8736 7.8460 0.0000 8.4129 4.3033 7.1174 10.6882 6.3819 4.3151 16.4199 6.7662 54.5138 44.7075 51.1515 52.9082 48.2373 47.0625 53.7890 58.8521 55.3823 47.1556 52.8748 52.9299 53.6757 51.8763 55.1000 60.3758 59.4963 55.6084 51.9887 37.6592 50.1861 55.1534 50.0145 48.2427 51.6769 46.0358 39.7053 45.7477 46.9794 47.4181 19.4028 19.5406 26.2113 17.9947 31.6355 29.4217 25.3687 29.2960 16.8345 19.1393 18.6455 28.0868 22.8546 23.2861 36.9619 20.0732 26.7576 32.1521 20.8451 23.7417 27.0136 23.0119 30.9391 34.9852 28.8522 18.3527 25.4626 20.7461 30.6235 34.0207 10.8590 13.2087 14.4545 23.3680 6.6692 18.5431 9.1161 14.7864 9.6958 12.5406 31.8855 27.8086 18.0319 16.8668 26.7098 15.5504 17.0271 17.1979 20.5102 24.2247 17.6693 19.9699 24.7883 8.6103 8.9336 9.1185 7.9561 26.3287 8.0360 27.2502 39.8855 55.1309 46.7526 52.7449 38.0795 52.1302 51.1309 46.0447 46.9743 49.5772 48.6816 47.0833 44.5031 45.9776 42.7409 45.6306 52.1995 38.2010 44.6666 46.2386 48.6254 36.3674 49.7152 45.2778 39.5687 42.4267 43.2242 45.4748 46.7657 49.9358
7.8757 10.5499 10.3425 7.2975 6.6967 11.6015 7.7920 9.0300 8.7477 9.0459 12.5104 7.9139 5.0890 6.4333 5.2115 7.9158 7.7707 15.6428 11.6347 9.1033 4.5857 8.4129 0.0000 7.3672 6.2040 16.6990 12.1406 6.1589 12.1679 6.2824 57.3715 46.8983 53.7792 55.3786 50.4851 49.4620 55.7935 61.1303 58.1394 50.0945 55.4812 56.0650 56.0416 53.8807 56.4934 62.6945 61.5007 58.3279 55.0976 42.0040 52.7605 57.1579 52.5833 50.5906 53.6053 49.0564 44.4796 47.8366 48.9839 49.7114 23.1357 22.5492 27.7001 19.8668 34.6149 30.4812 29.1076 34.5846 19.8686 22.3637 23.8885 31.6230 25.9970 27.9298 40.4849 21.2541 29.8802 33.7355 25.3137 28.6107 28.1036 27.5323 33.5367 38.6675 31.1836 22.9655 29.6743 23.5318 32.9987 35.9966 16.2789 19.8842 18.9137 28.3626 11.8938 21.5984 11.0601 17.9141 15.2985 17.4515 36.1043 32.4491 20.6554 22.0223 31.9652 22.3140 20.3782 21.0407 24.9843 29.2662 20.3498 25.3227 29.5440 12.9655 14.0393 12.9228 12.7946 30.8881 11.9696 31.6302 42.8391 58.2659 48.9486 55.9255 42.7460 55.6649 54.1322 48.7714 49.5654 51.7397 52.0851 50.4953 46.5216 49.0557 45.5372 49.1032 54.6598 43.1690 46.9226 49.0818 51.3574 38.7630 51.9728 47.8383 41.8174 45.3364 46.6041 48.0575 49.5136 52.7510
7.1531 3.5473 5.0986 4.5845 4.4605 5.4793 5.4854 11.0480 3.3445 5.1778 7.5457 7.5756 6.7693 6.4199 8.4801 9.1258 8.1633 10.4491 14.2676 12.0892 7.5434 4.3033 7.3672 0.0000 7.4982 11.8009 5.6033 4.5431 16.1281 6.3074 53.3468 43.3775 49.9321 51.3737 46.7138 45.9412 52.2380 57.2880 54.1951 46.2176 51.5641 51.9067 52.1944 50.3122 53.0547 58.8117 57.9322 54.4408 51.1603 37.5735 48.7784 53.5893 48.7361 46.7410 50.3965 45.9351 39.7493 44.3157 45.4153 46.1778 16.7779 16.5802 22.9220 14.5517 29.1716 25.9787 23.3908 28.7266 13.8175 16.5654 18.0042 26.1463 20.4636 21.7941 34.9969 16.6329 24.3628 28.8706 19.1436 22.4973 23.8353 21.2663 28.3179 33.3581 26.0913 16.7783 24.4058 18.5083 27.8979 30.9667 10.5189 14.1340 14.0789 23.1551 6.9269 16.5731 6.8467 14.1312 10.3958 12.1895 31.3583 27.2003 15.6706 16.6097 26.4558 15.8360 15.6700 16.2046 19.7701 24.2687 15.9949 19.8574 24.3621 7.0838 8.4274 7.4560 6.9408 25.6805 7.1201 26.6492 38.6809 54.1077 45.1885 51.7217 37.4282 51.0024 49.8350 44.7215 45.5799 48.0131 47.5538 45.9556 42.9389 44.7963 41.4908 44.5028 50.7253 37.8602 43.1024 44.8906 47.2799 34.8033 48.0709 43.9044 37.9272 41.1665 42.0964 44.1289 45.2755 48.5272
4.8114 9.5748 10.2189 9.0652 5.0206 10.9634 6.6392 3.6900 8.0373 5.7846 9.6773 4.3468 3.2361 4.8227 4.6218 5.2290 3.9679 12.7235 7.2004 7.8952 2.9876 7.1174 6.2040 7.4982 0.0000 13.2770 11.6336 6.7249 9.9325 6.4161 59.7803 49.7236 56.1676 57.9243 53.2533 52.0844 58.8051 63.8682 60.5559 52.4221 57.9976 58.2627 58.6918 56.8924 59.5674 65.3919 64.5124 60.7713 57.2552 43.1986 55.2119 60.1695 55.0306 53.2588 56.4723 51.2644 45.6643 50.5762 51.9955 52.4342 23.7655 23.7897 30.2166 22.0174 36.1743 33.4482 30.1633 35.3108 20.8056 23.5980 24.3489 33.1164 27.2494 28.2895 41.9296 24.1048 31.3200 36.3541 25.7628 29.0402 31.0873 28.0581 35.3845 40.1642 33.0064 23.4403 30.8863 25.3001 34.9645 38.3559 16.3598 19.8207 20.0286 29.4245 11.6479 23.2174 11.1018 15.7431 13.4866 18.5002 37.5250 33.7787 22.5329 22.8306 32.8081 22.1675 21.8219 22.5827 26.3388 30.3470 22.3893 26.1076 30.7320 13.3028 14.1508 13.7152 12.9873 32.2671 9.9544 33.0712 45.0633 60.4637 51.7687 58.0777 44.0473 57.6444 56.3079 51.1550 52.0134 54.5933 54.1958 52.5976 49.5191 51.1901 47.9243 51.1448 57.2156 44.3387 49.6826 51.3930 53.7134 41.3835 54.9083 50.3379 44.6142 47.6000 48.7384 50.5624 51.8284 54.9541
9.2188 10.9770 13.6572 13.4748 11.2990 14.1166 9.6678 14.5794 9.7320 8.3621 7.6803 9.3827 13.5179 11.2682 13.0520 17.7165 9.7581 2.9866 9.3273 20.8247 14.6333 10.6882 16.6990 11.8009 13.2770 0.0000 12.5027 13.0724 14.6884 14.8771 58.3878 48.6403 55.0340 56.7907 52.1198 51.1779 57.6715 62.7346 59.2648 51.0296 56.7573 56.6933 57.5582 55.7588 59.7600 64.2583 63.3788 59.4909 55.8627 42.2167 54.0686 59.0360 53.8970 52.1252 56.1894 50.8116 43.8125 50.0023 50.8619 51.3006 24.5352 24.4074 31.0633 22.6616 36.3896 34.2270 29.7470 33.6822 22.3190 23.7806 22.4432 32.8409 27.4541 28.0264 41.7836 24.9904 31.5215 36.9107 25.5978 28.5599 31.9059 27.6339 35.6630 39.5138 33.5248 22.9328 30.1463 25.3340 35.3821 38.7793 14.5568 17.4921 19.0214 27.4894 10.2653 23.0391 11.4583 7.2103 10.2766 16.6582 36.1801 31.9534 22.5015 21.0723 30.8461 20.2194 21.4022 21.6521 24.8908 28.3829 21.7472 23.9896 28.9330 13.3378 13.5175 14.0257 12.8897 30.9952 9.6220 31.8542 43.7680 58.9453 50.6351 56.5023 42.2242 55.9567 55.0134 49.9272 50.8568 53.4597 52.5081 50.9099 48.8194 49.8404 46.6234 49.4571 56.0821 42.2206 48.5491 50.1211 52.5079 40.3039 54.2115 49.1603 43.9958 46.3092 47.0507 49.3573 50.6482 53.8184
9.6836 3.4766 4.7413 6.6030 9.2091 3.6623 9.6794 14.8562 5.0222 7.9662 8.9148 10.8909 11.5715 10.3329 13.0360 11.1968 11.3661 11.0629 17.8197 15.9360 11.8405 6.3819 12.1406 5.6033 11.6336 12.5027 0.0000 7.8845 20.7262 9.7981 49.5281 39.6682 46.1424 47.6496 43.0045 42.5226 48.5304 53.5935 50.3615 42.3840 47.7453 48.1290 48.4549 46.6177 49.8619 55.1172 54.2377 50.6072 47.3268 35.2923 44.9597 49.8949 45.0116 43.0145 47.1888 44.0849 35.4827 41.0734 41.7209 42.4685 14.9726 13.5149 20.1177 11.7170 25.6182 23.2701 19.9463 24.2485 12.7622 13.4070 13.5104 22.5190 16.9772 17.4141 31.3279 14.3578 20.8691 25.8696 15.0476 17.9382 21.3198 17.6325 25.0689 29.6201 22.6823 13.3386 20.2425 14.9620 24.7048 27.7383 7.6768 10.3464 10.0899 18.9135 6.7978 13.2098 7.7082 14.9116 10.0451 7.9360 27.1310 22.9337 11.9173 12.2697 22.1660 10.9101 12.2717 11.9899 15.3395 20.0021 12.3807 15.4926 20.0785 4.5744 5.8655 4.8063 4.8886 21.3680 7.7581 22.4496 34.9031 50.3299 41.4940 47.9440 33.1765 47.0720 46.0573 40.9028 41.7612 44.3187 43.6635 41.9982 39.2445 41.0186 37.6721 40.4928 46.9410 33.6495 39.4080 41.0719 43.4612 31.1089 44.3764 40.0857 34.2327 37.3655 38.2084 40.3102 41.5179 44.7564
5.2374 6.1613 6.4569 4.9155 4.1941 7.3661 5.9338 8.2566 4.7668 6.0657 9.1674 7.1855 5.5243 6.4036 6.6292 6.2788 7.1422 12.2504 10.8705 9.5463 5.8714 4.3151 6.1589 4.5431 6.7249 13.0724 7.8845 0.0000 14.3070 6.4266 55.6307 45.4429 51.9299 53.6455 48.9726 47.7865 54.5244 59.5874 56.3845 48.2508 53.8262 54.3242 54.4111 52.6117 55.2243 61.1111 60.2316 56.6000 53.0839 38.8867 51.0406 55.8888 50.7499 48.9780 51.9068 46.7349 41.2823 46.2955 47.7148 48.1535 20.5716 20.0289 26.6371 18.3515 32.7625 29.6452 26.9852 31.4343 17.3276 20.3637 20.7025 29.7233 23.8888 24.7798 38.5739 20.3018 27.9141 32.4635 22.3610 25.4246 27.1912 24.7587 32.0861 36.8677 29.6735 20.0989 27.5581 21.5114 31.7044 34.5741 12.4217 15.4794 15.7781 25.4535 7.8411 19.1657 9.5305 15.0791 11.4297 14.3899 33.2176 29.6535 18.1428 18.7348 28.8428 18.0317 17.7443 18.2691 22.1857 26.0436 18.3694 22.1423 26.5800 9.1906 10.4171 9.7882 9.0127 28.0866 8.8933 28.7836 41.0983 56.5251 47.4880 54.1999 39.9504 53.7844 52.4066 47.0432 47.8420 50.3126 50.3358 48.7376 45.2384 47.3301 43.8116 47.2849 52.9875 40.3734 45.4019 47.3561 49.6166 37.1028 50.7061 46.1665 40.4120 43.6108 44.8785 46.3911 47.7880 51.0254
12.6705 18.8915 19.0340 16.8464 12.4807 20.1612 14.7059 8.4663 17.1903 13.9228 16.8719 13.2788 10.1785 12.1076 8.1111 10.9322 11.0290 13.9622 6.3449 8.8686 9.1161 16.4199 12.1679 16.1281 9.9325 14.6884 20.7262 14.3070 0.0000 13.3600 67.4141 57.2272 63.7350 65.4410 60.7570 59.6381 66.3087 71.3718 68.1896 60.0559 65.6313 65.9234 66.2091 64.3960 67.0087 72.8955 72.0160 68.4051 64.8890 51.3898 62.8457 67.6732 62.5343 60.7630 63.7813 58.8645 53.8654 58.0799 59.4992 59.9378 32.2054 32.1217 37.7589 29.6081 44.1627 41.0206 38.2815 43.7906 29.2183 31.5864 32.9676 41.1442 35.1708 36.8713 49.9949 31.8005 39.3144 44.1569 34.4045 37.5713 38.7060 36.6999 43.3133 48.2887 40.9123 32.0821 39.0631 33.1235 42.8227 46.1706 25.1699 28.5199 28.2785 37.7480 20.4249 31.2131 18.6108 16.5670 21.8022 26.7563 45.7180 42.0810 30.5663 31.1091 41.1373 31.0069 29.7023 30.7695 34.6357 38.6994 30.0800 34.4368 39.0337 22.0504 22.9274 21.9222 21.5803 40.5693 19.1583 41.2840 52.7468 68.1735 59.2723 65.8718 52.3496 65.4866 64.0929 58.8740 59.6471 62.0970 62.0077 60.4095 57.0228 59.0020 55.6664 58.9568 64.7926 52.6679 57.2317 59.1780 61.3471 48.8872 62.5632 57.9716 52.2691 55.3565 56.5504 58.1962 59.5407 62.7098
8.4580 7.4890 7.5751 5.4667 7.6638 9.5900 6.6959 9.6452 6.4640 8.4619 10.5605 6.0203 6.3975 3.9467 7.5066 7.3162 7.1575 13.9000 12.5569 8.4461 6.1011 6.7662 6.2824 6.3074 6.4161 14.8771 9.7981 6.4266 13.3600 0.0000 55.8252 45.7130 52.1570 53.9138 49.2428 48.1477 54.7946 59.8576 56.6007 48.4670 54.0424 54.3898 54.6813 52.8818 55.4945 61.3813 60.5018 56.8162 53.3001 39.4957 51.2568 56.1590 51.0201 49.2482 52.2910 46.7237 41.9712 46.5657 47.9850 48.4237 20.3168 20.3513 26.4710 18.3024 32.6032 29.7327 26.5807 31.7790 17.4173 19.9600 20.9254 29.5513 23.5257 24.8773 38.3606 20.4018 27.7549 32.6545 22.4412 25.5802 27.3175 24.7366 31.7538 36.6545 29.3964 20.1187 27.3983 21.4454 31.3265 34.7293 13.3590 16.3467 16.6715 25.8037 8.9063 19.2605 10.2797 17.1202 13.1453 14.9053 33.7247 30.0814 18.8010 19.1095 29.1931 18.6755 17.8155 18.7854 22.6362 26.7236 18.4044 22.4926 27.0342 9.7165 12.7224 10.5069 10.2111 28.5698 10.4481 29.3185 41.1640 56.5908 47.7582 54.2567 40.3500 53.8412 52.4633 47.2036 48.0583 50.5828 50.3926 48.7944 45.5086 47.3869 43.9959 47.3416 53.2051 40.7237 45.6721 47.5075 49.7582 37.3730 50.9674 46.3828 40.6733 43.6860 44.9352 46.6073 47.8876 51.0822
58.0205 51.4484 50.5888 51.7690 56.7907 49.8486 55.1953 62.3849 52.1225 57.2302 53.1967 56.8258 59.2768 56.7110 59.3819 59.9467 59.3187 58.0670 64.8623 62.9551 59.0468 54.5138 57.3715 53.3468 59.7803 58.3878 49.5281 55.6307 67.4141 55.8252 0.0000 15.2291 5.7991 6.3289 10.0323 16.3246 7.4185 6.5704 2.7149 9.1656 3.0537 5.0023 3.8197 6.6384 12.6345 8.2897 10.8416 4.2884 6.4836 27.9648 5.0928 6.2386 8.0221 7.7849 18.4012 31.0052 19.2172 17.4251 11.4717 12.4911 38.3493 38.8181 33.4308 40.7781 26.7815 31.1125 32.0894 27.0549 41.2797 38.6387 37.0085 29.3089 34.6558 33.4452 21.5274 39.6911 30.9315 29.0302 36.0184 32.9519 32.2532 33.9321 27.8367 22.3125 29.0999 37.9699 30.5627 35.8728 28.2141 25.8054 44.2811 42.4013 40.3363 31.3817 48.9785 36.9382 49.4770 53.8086 49.3088 42.0775 24.1915 27.2126 38.3446 37.7309 29.0687 39.7194 38.0437 38.0019 34.5732 32.0881 37.6838 35.4361 30.3207 46.7331 46.8371 46.2048 46.9317 28.8576 50.4025 28.7782 15.2805 9.2004 10.5134 8.3954 17.5139 11.3075 7.1873 9.4520 10.1711 8.1993 11.0463 11.0655 13.5779 10.9145 12.3470 12.0644 7.7737 18.1351 11.7522 9.8724 7.6340 19.3240 10.5999 10.8011 16.9355 12.9042 13.3071 9.9848 9.8221 10.2336
47.9985 41.3943 40.5677 41.5925 46.6502 39.9014 44.7281 52.4306 42.2863 47.0910 43.2014 47.0453 49.1084 46.5626 49.2477 49.9123 49.3387 47.9482 54.9457 52.7509 48.8058 44.7075 46.8983 43.3775 49.7236 48.6403 39.6682 45.4429 57.2272 45.7130 15.2291 0.0000 9.9066 14.4028 5.6751 4.6453 10.0694 16.0025 14.6191 6.8657 13.1342 16.0436 12.4271 8.9000 13.8615 21.1376 15.3165 13.6561 10.3690 17.5598 10.6103 11.6163 7.7249 7.9862 9.8702 19.0341 11.1706 4.4063 7.1075 3.9833 28.3713 28.6013 23.3406 30.6467 18.6779 21.9093 22.8274 18.6470 31.1969 28.6724 28.0182 20.5337 24.9160 24.1646 19.9761 29.1417 22.1815 21.2898 26.7277 23.8005 25.6875 24.3158 20.4955 18.4194 19.6222 28.2414 21.6194 25.9466 21.3746 21.0391 34.5253 33.8359 30.2606 22.4278 39.2103 27.0566 39.5391 43.5501 39.5407 32.3591 14.5112 18.3568 28.1662 28.1501 21.3645 30.2058 28.0314 27.8157 25.1101 23.4759 27.8664 27.0012 20.9370 36.7807 36.9066 36.2407 37.0773 19.7777 40.4532 19.2335 10.8200 21.8881 8.8067 20.3459 12.9156 23.8589 18.1775 13.3463 14.4731 13.8392 21.0432 20.0813 11.5468 15.9320 10.8927 18.5242 17.8074 16.3818 10.3132 13.6080 14.9066 10.3941 16.1392 11.5907 13.7942 11.2650 14.6734 11.3375 14.5535 18.2486
54.4425 47.8662 47.0805 48.1580 53.1117 46.3756 51.4046 58.8745 48.7605 53.5512 49.6454 53.4893 55.6937 53.0320 55.7029 56.3563 55.7827 54.3922 61.3896 59.2760 55.4061 51.1515 53.7792 49.9321 56.1676 55.0340 46.1424 51.9299 63.7350 52.1570 5.7991 9.9066 0.0000 8.6547 5.1897 10.6530 5.4357 8.3702 5.7333 4.9532 5.5303 8.6933 4.2271 5.2619 13.8771 12.5246 12.0387 5.7303 3.5314 23.1458 3.5293 6.8061 2.8490 4.6181 13.3395 25.5162 14.8507 11.9889 8.6161 6.9348 34.9700 35.3961 30.0873 37.3988 23.5273 27.9924 28.7816 23.8062 37.9004 35.2593 33.9375 25.9296 31.2765 30.1089 21.3412 36.1358 27.5522 26.1758 32.7233 29.5726 30.7215 30.6261 24.6485 19.7816 25.7206 34.7072 27.3435 32.4935 25.5044 24.2513 40.9995 39.0772 36.7046 28.1399 45.6543 33.5589 46.0496 49.9941 45.9847 38.7642 20.1764 23.9957 34.8022 34.3917 25.9010 36.4559 34.5056 34.2946 31.2951 28.5978 34.3406 32.2542 26.9343 43.2549 43.3808 42.7149 43.5213 25.6296 46.9274 24.7929 12.8204 14.4759 8.3889 13.2797 15.1862 16.7038 11.5873 9.0556 11.5364 8.8316 15.0787 13.6865 12.6322 11.9394 10.0702 12.7530 11.2677 16.5165 9.2295 8.7391 9.2584 15.9076 11.4500 8.3148 16.2070 10.5639 12.0984 8.0564 9.6769 13.1730
56.1992 49.5950 48.6278 49.7959 54.8509 47.9265 53.2024 60.6313 50.4252 55.2918 51.4022 55.2460 57.3036 54.7633 57.4484 58.1131 57.5394 56.1490 63.1464 60.9819 57.0737 52.9082 55.3786 51.3737 57.9243 56.7907 47.6496 53.6455 65.4410 53.9138 6.3289 14.4028 8.6547 0.0000 9.9360 16.2269 8.6626 8.7644 7.0456 10.8139 4.3924 3.5564 6.2583 6.7689 8.3758 9.7560 10.3158 7.4163 9.5969 29.1209 6.1775 6.6248 8.9224 7.8758 18.7440 31.9161 20.5111 17.2068 8.1505 12.2548 35.6516 35.9920 30.4777 37.9385 23.8283 28.1396 29.2586 24.5815 38.7417 35.7520 35.0509 26.4587 31.7973 30.8765 19.1034 36.7182 28.1722 25.9608 33.5101 30.3893 29.0982 31.2978 24.8835 19.5021 26.1468 35.6084 28.3110 33.4087 25.2610 22.8522 42.6487 40.8429 38.4997 29.7936 47.4111 34.9086 47.5184 51.8969 47.7414 40.4394 22.8343 25.5057 36.2163 36.0726 27.8347 38.0360 36.2104 36.0550 32.6645 31.0944 35.6610 33.9274 28.5869 44.9113 45.0834 44.3610 45.2781 27.1148 48.6353 27.2812 13.4325 8.0060 6.9667 6.9292 15.8578 10.3262 5.8610 7.8251 6.8000 4.8760 7.5744 9.3683 9.5303 7.7343 10.9515 10.5708 5.3922 17.8666 9.0310 7.4107 5.2325 16.8675 6.1566 8.0862 13.8589 11.2461 11.4535 8.0927 6.8174 5.9530
