0.0000 4.8211 4.2386 5.9613 4.1642 4.7577 6.9687 9.4287 5.8682 9.0712 5.5401 1.9587 2.9714 10.7711 6.4015 5.2519 6.4007 7.9912 6.9820 4.5793 8.2930 6.2824 7.9489 4.4116 5.7970 3.5179 9.1610 8.0581 3.2788 4.7434 116.9181 113.7161 109.6886 97.5975 112.5298 116.0050 111.0222 111.0450 115.9973 101.1439 116.0215 112.0674 105.8846 113.9187 117.7523 115.1221 113.6408 102.5637 106.3064 115.9219 110.3302 102.2973 92.3595 110.6384 117.5950 112.4353 106.5659 108.2669 101.6542 112.1282 6.6276 8.4528 13.4243 8.6348 9.6591 11.0517 15.6308 15.5469 7.7951 17.5620 18.5079 14.9772 20.9691 15.8487 12.5259 10.5094 6.6680 10.0941 12.9514 11.3942 7.2631 13.4571 9.7844 10.2882 11.5335 14.0462 8.5352 16.7202 11.4193 8.8830 28.3741 38.8369 38.3884 39.3634 33.3985 22.9301 44.5890 40.5315 24.2937 25.6249 46.1929 35.0437 36.1717 32.8822 36.7189 21.7216 31.0200 33.7453 28.8448 32.0360 36.9429 27.5911 28.6142 33.4925 25.4945 33.4957 25.9338 31.3847 23.8729 41.5803 69.2533 75.6699 71.7019 79.2372 69.7334 74.8274 74.0652 73.7271 75.1947 73.6514 68.5678 65.4911 72.3451 70.0532 68.8497 69.6097 78.2716 67.8477 72.8683 74.1228 75.9792 70.5521 70.8901 78.4138 70.7552 74.0130 69.1832 74.9435 72.1701 77.1405
4.8211 0.0000 2.7861 2.1661 2.6087 3.3619 4.6666 8.2508 2.5080 6.5539 3.2222 5.4160 4.3680 6.8446 3.7998 4.6505 6.2281 5.0024 4.2206 4.5635 5.8010 3.7531 5.1401 5.1474 4.2353 3.4917 5.2443 4.6579 5.1813 4.6585 113.0528 110.0648 106.2067 93.8481 108.7521 112.1577 107.3523 107.3168 112.2993 97.3388 112.1800 108.4046 102.2144 109.9759 113.8163 111.3097 109.8910 98.7432 102.7305 111.9941 106.5984 98.4819 88.8017 106.9139 113.7157 108.7242 103.0861 104.6967 97.7654 108.4019 3.8745 4.8718 9.3257 5.3418 6.0172 7.2529 11.6533 11.4348 4.5268 13.5239 14.4891 10.8943 16.8542 11.6253 8.4241 6.4013 3.5226 6.2921 8.7674 7.0629 3.6292 9.7862 5.8269 6.6073 8.0235 10.3954 4.7416 12.7749 8.1089 6.3597 26.5713 36.6109 36.9628 37.2799 31.8573 22.1336 43.3229 39.5282 22.2731 24.2241 44.6877 33.1413 34.7253 31.6144 35.0509 21.0421 28.4629 32.5113 27.1410 31.2122 34.6741 25.1787 27.4098 31.3850 24.1612 31.5923 23.7669 29.5862 22.5417 39.6162 65.3883 71.7876 67.9595 75.2876 65.9416 70.8008 70.5412 69.8375 71.3501 69.9526 64.7465 61.5737 68.5632 66.3786 64.8834 65.5316 74.3419 64.2043 68.9575 70.1485 72.1193 66.8245 67.1581 74.5537 66.8206 70.1028 65.6106 71.1344 68.4623 73.2570
4.2386 2.7861 0.0000 3.3665 2.9716 3.4974 4.8999 8.4598 2.7869 7.1087 3.6470 4.5382 3.9334 7.4152 4.7972 3.9350 6.2866 5.7284 4.9652 4.0159 6.0491 4.2996 6.1908 4.6752 4.8070 2.7599 6.4910 5.4173 3.7378 4.3177 113.8460 110.7474 106.9376 94.5797 109.5588 112.9610 108.2051 108.1230 113.0931 98.0542 112.9851 109.1815 103.0507 110.8208 114.6051 112.0826 110.6394 99.4545 103.5457 112.9017 107.4096 99.2342 89.4435 107.7490 114.5734 109.5103 103.7969 105.5012 98.4502 109.2249 4.5215 6.2298 10.7273 6.4252 7.3843 8.7146 12.4995 12.7115 5.5583 14.7420 15.8161 12.3060 18.0209 12.9333 9.7892 7.4316 5.6648 7.4415 10.0695 8.3580 5.1458 11.0359 7.0737 7.6102 8.9080 11.2438 6.1244 13.9395 8.8178 7.0193 26.6949 36.8746 37.0885 37.8125 32.3731 22.3735 43.6537 39.8220 22.6241 24.4295 45.3212 33.6889 35.2278 32.0193 35.0833 20.9144 28.5236 32.7609 27.3351 31.6537 34.9317 25.4641 27.7072 31.8620 24.3240 31.9094 23.9960 29.8413 22.9326 40.0250 66.2485 72.6485 68.8077 76.1105 66.8137 71.7898 71.1925 70.6486 72.2146 70.6695 65.6052 62.4015 69.2700 67.1671 65.7683 66.4216 75.1172 65.0351 69.8132 71.0204 73.0404 67.6429 67.9612 75.4166 67.7603 70.8483 66.3927 71.9320 69.2745 74.0828
5.9613 2.1661 3.3665 0.0000 2.6097 4.5275 3.7877 8.0803 2.6461 5.3983 3.1072 6.6645 5.7976 6.0947 3.9883 4.2342 6.4414 3.6335 3.7781 4.8465 5.5309 2.8187 4.2915 6.1122 4.4981 4.2757 4.1517 3.4692 5.8417 5.7285 112.5452 109.6550 105.8283 93.4960 108.3559 111.7274 106.9845 106.9328 111.9160 96.9078 111.7334 108.0261 101.8029 109.4913 113.3612 110.8258 109.4858 98.3070 102.4011 111.5229 106.1925 98.1348 88.4472 106.5287 113.2762 108.3472 102.8014 104.3811 97.3507 108.0113 3.0181 3.6667 7.9072 5.8821 5.6653 6.0023 10.5314 10.1579 4.9494 12.3808 13.3826 10.0496 16.3244 10.5621 7.4646 5.6479 3.9318 6.3945 7.9212 5.9805 3.0389 8.5041 5.1965 5.5739 7.7674 9.1292 4.4328 11.7166 7.5433 5.1266 26.9943 36.7359 37.3803 37.6959 32.4296 23.2458 43.8162 40.1270 22.7963 25.0658 45.2279 33.6857 35.3014 32.3398 35.2216 21.9158 28.5119 33.0914 27.6991 32.0613 34.9311 25.5330 28.1592 31.8399 24.7619 32.0100 24.1454 30.0223 23.2821 39.9732 65.1412 71.5078 67.6936 74.9013 65.7139 70.4474 70.2397 69.5264 71.0880 69.6450 64.5527 61.2991 68.2913 66.2050 64.5128 65.1369 73.9344 63.9993 68.6533 69.7089 71.7904 66.5402 66.9233 74.2891 66.3825 69.7143 65.4278 70.8537 68.1677 72.9114
4.1642 2.6087 2.9716 2.6097 0.0000 4.4116 3.9674 8.0650 3.7012 6.1399 3.1570 4.9002 4.7922 7.9152 4.7580 3.1538 5.9601 4.6396 4.4380 4.0410 6.6617 2.8579 5.1155 5.3411 4.5685 3.6122 5.9828 4.6733 4.3444 5.4463 114.6074 111.6520 107.7777 95.5049 110.3875 113.7590 108.9312 108.9289 113.8948 98.9438 113.7810 109.9974 103.7991 111.5640 115.4299 112.8695 111.5232 100.3386 104.3354 113.5795 108.1863 100.1811 90.4403 108.5205 115.3342 110.3535 104.7275 106.3163 99.4278 109.9961 3.6573 4.8977 9.6663 7.3017 7.2510 7.6517 12.4681 12.0478 6.3064 14.1925 15.2383 12.0990 18.4746 12.5215 9.3528 7.6729 4.7786 8.2199 10.0087 8.0702 4.5313 10.0963 7.1312 7.2355 9.4428 10.8099 6.0719 13.6662 9.1575 5.4001 28.3046 38.3290 38.5452 39.0534 33.5893 24.0406 44.8855 41.1521 24.2213 26.2107 46.2407 35.0756 36.5540 33.5050 36.6202 22.7242 30.1385 34.1246 28.9729 32.8168 36.5206 27.0642 29.2004 33.2718 25.8857 33.4037 25.6467 31.3076 24.3643 41.3512 67.2538 73.6450 69.8314 77.0374 67.7895 72.6294 72.2525 71.6570 73.1908 71.7743 66.6731 63.4478 70.3804 68.2894 66.6636 67.2945 76.0715 66.1074 70.7813 71.8678 73.9435 68.6125 69.0019 76.4004 68.5681 71.8382 67.4985 72.9533 70.3101 74.9975
4.7577 3.3619 3.4974 4.5275 4.4116 0.0000 5.1833 6.9653 3.5893 7.0676 3.3530 4.9261 3.2492 7.0615 3.6468 5.0219 4.7254 6.2998 4.3608 3.7220 4.9818 5.2228 5.8083 2.6613 3.4629 2.8419 6.4003 5.9720 4.0849 1.9926 112.7564 109.6414 105.6528 93.3304 108.4056 111.8146 106.8709 106.8451 111.8293 96.8641 111.8281 107.9576 101.7825 109.7417 113.5730 110.9825 109.4782 98.2904 102.1937 111.7761 106.2114 97.9754 88.1156 106.4163 113.4613 108.3090 102.4255 104.1735 97.3906 107.9407 4.9299 6.5738 11.2393 5.8359 5.9880 8.6251 12.3550 12.6344 3.9759 14.4355 15.4937 11.6365 17.2499 12.6511 9.3491 7.4873 5.5050 6.5596 10.1406 8.5832 5.0239 11.0055 6.2752 7.2461 7.6154 11.1374 5.6323 13.4680 7.6774 7.8035 24.7308 35.3274 35.1489 35.4636 29.8662 20.0772 41.0915 37.6046 20.9884 22.5868 42.8306 31.6457 33.2515 29.8151 33.5311 19.1617 27.5242 30.3189 25.2515 28.9433 33.4176 23.9626 25.5078 29.9062 22.1210 29.9357 22.3140 27.7007 20.7788 37.8305 65.2671 71.6333 67.7641 75.2046 65.6477 70.7823 70.1378 69.8359 71.1594 69.8327 64.5665 61.7001 68.2651 66.1695 64.8484 65.7226 74.3524 63.9148 68.8322 70.0262 72.0181 66.6305 67.0323 74.3842 66.8858 70.0599 65.3013 70.9158 68.2323 73.2544
6.9687 4.6666 4.8999 3.7877 3.9674 5.1833 0.0000 5.4576 4.6127 2.6957 2.3282 7.5385 7.0672 6.3729 4.0239 2.9725 4.6206 2.7996 2.2805 3.7704 4.9591 2.0066 2.8668 5.8134 3.5322 4.8963 4.4852 2.4175 5.5065 6.1605 112.4857 109.6317 105.6983 93.5157 108.3186 111.5711 106.7859 106.7722 111.7511 96.9066 111.6098 107.9383 101.6602 109.3827 113.3260 110.7104 109.4385 98.2574 102.3067 111.4479 106.0669 98.1755 88.4279 106.3822 113.2462 108.2358 102.6782 104.2587 97.4346 107.7935 2.6957 3.5713 8.1300 8.2546 5.7474 5.6113 10.2066 9.7233 6.4413 11.5692 12.8024 10.3119 17.1811 10.3619 7.3639 7.0456 6.5733 8.1797 9.4364 6.8566 4.9005 7.6286 5.7476 4.8171 7.7768 8.3428 5.4538 11.2795 6.7711 3.4063 27.3290 36.9438 37.3471 37.5226 32.2022 24.1770 43.1540 39.9944 23.7649 26.1017 44.6884 34.0497 35.5844 32.9843 35.4029 22.8396 29.3951 32.9132 28.1003 31.8349 35.4852 26.3721 28.7060 32.1876 25.1251 32.2730 24.8249 30.0318 23.8973 39.8226 65.9648 72.2379 68.3682 75.5368 66.4650 71.2392 70.9819 70.3870 71.7859 70.4964 65.3710 62.4348 68.9522 67.2239 65.2456 65.9975 74.5454 64.7836 69.4114 70.2048 72.5125 67.3487 67.7663 74.8762 67.1790 70.3840 66.3260 71.4788 68.9574 73.6626
9.4287 8.2508 8.4598 8.0803 8.0650 6.9653 5.4576 0.0000 8.4293 5.6209 5.8854 9.5882 8.6652 8.8949 6.8999 7.0612 3.6188 7.3235 4.7184 5.8858 7.1817 6.6532 5.7367 6.5387 5.6391 7.8332 7.8428 6.8630 7.6501 7.6675 112.4031 109.6482 105.4851 92.9234 108.2059 111.3663 106.5335 106.4338 111.4648 96.3181 111.3388 107.7894 101.5023 109.2211 113.2466 110.5972 109.2114 97.7392 102.0730 111.3418 105.9191 97.4916 87.7257 105.9957 113.1763 108.0813 102.3349 104.0400 96.9592 107.4634 7.0556 7.3502 10.9761 11.0250 6.7953 8.4145 12.2500 11.8904 8.0698 12.8878 14.1979 11.9876 18.4289 12.0937 9.6069 10.1551 9.6635 10.4234 12.2416 9.9883 8.2694 10.1458 7.9226 7.3818 9.1461 10.5762 8.4782 12.8660 7.9410 7.3115 26.2429 36.8468 36.7940 35.8713 30.4499 23.2272 40.6097 38.9449 24.2093 25.9232 43.0460 33.4004 35.0406 32.2693 34.9207 22.9320 30.2171 30.9209 27.0469 29.8566 35.5378 26.6642 27.8035 31.8738 24.0725 31.5218 24.7472 28.5434 23.2570 38.4308 66.3351 72.4027 68.6567 75.8716 66.4294 71.4224 71.2294 70.9760 71.9532 71.0778 65.6428 63.2444 69.0465 67.6809 65.7148 66.7612 75.0867 64.8984 69.5227 70.2913 72.8161 67.6139 68.2659 75.1554 67.6795 70.9869 66.6364 71.7213 69.1423 74.2648
5.8682 2.5080 2.7869 2.6461 3.7012 3.5893 4.6127 8.4293 0.0000 6.2659 3.4405 6.3676 5.2994 5.4644 3.6292 4.5439 6.6043 4.5721 4.3055 4.8815 4.7927 4.1799 5.0756 5.4792 4.2656 3.4588 4.7328 4.4025 5.4840 4.5147 111.7891 108.7564 104.9622 92.7069 107.5290 110.9405 106.1542 106.1339 111.0830 96.1373 110.9596 107.1695 101.0146 108.7887 112.5899 110.0441 108.6606 97.5441 101.5453 110.8038 105.4015 97.3305 87.5529 105.7116 112.5278 107.4899 101.8321 103.5166 96.5752 107.1952 3.5034 5.0076 9.1392 4.8935 5.7250 7.0343 10.4839 10.8127 4.2954 12.8495 13.8256 10.2571 15.8850 10.9451 7.7332 5.4079 4.6541 5.5595 7.9771 6.3648 3.6973 9.2857 5.2701 5.8108 6.9402 9.3335 4.0751 11.9664 7.1109 6.3287 25.5335 35.2953 35.7892 36.3779 31.1228 21.6989 42.5647 38.6563 21.2097 23.3351 44.0064 32.2327 33.8806 30.8190 33.8623 20.1228 26.9756 31.7268 26.2135 30.7323 33.4628 23.9128 26.7554 30.3462 23.2510 30.5359 22.6189 28.6643 21.9009 38.6129 64.2996 70.7287 66.8652 74.0990 64.8461 69.8130 69.2756 68.7498 70.2655 68.7888 63.6939 60.4947 67.3970 65.2587 63.7585 64.4129 73.2056 63.1571 67.9169 68.9778 71.0302 65.7277 66.0931 73.4470 65.7644 68.8537 64.4768 69.9640 67.4213 72.0881
9.0712 6.5539 7.1087 5.3983 6.1399 7.0676 2.6957 5.6209 6.2659 0.0000 4.2546 9.7457 9.2041 6.5395 4.9192 5.0035 5.7330 2.9211 3.4521 5.6112 5.3622 3.7601 2.7086 7.5935 4.7737 6.8088 4.4367 2.8816 7.6982 7.8927 111.1941 108.4521 104.4903 92.4975 107.0674 110.2796 105.5242 105.5330 110.5124 95.8204 110.3032 106.7379 100.3746 108.0620 112.0696 109.3941 108.2179 97.1539 101.1406 110.1063 104.8040 97.1119 87.3859 105.1316 111.9698 106.9807 101.5391 103.0756 96.3627 106.5143 3.8283 3.7577 7.1200 9.3536 5.7157 4.4626 8.9806 8.1103 7.5253 9.8056 11.0381 9.2765 16.4000 9.0257 6.3964 7.2176 7.7457 8.7093 9.1326 6.4552 5.8787 5.9609 5.6688 4.0102 7.5038 6.9276 5.9009 9.7394 6.1246 3.2754 27.3898 36.4186 37.0554 37.0642 31.7940 24.8748 42.6353 39.6474 23.9002 26.5513 44.0866 33.7627 35.2703 33.0011 35.0241 23.5279 29.3572 32.8013 28.1441 31.7814 35.2024 26.4188 28.9180 31.8788 25.2903 32.0644 24.8070 29.8884 24.0807 39.3600 65.2051 71.3754 67.4313 74.6237 65.6855 70.3384 70.2762 69.6135 70.9544 69.7207 64.5956 61.7780 68.1998 66.5789 64.3621 65.1500 73.6230 63.9817 68.6161 69.1747 71.5782 66.5935 67.0463 73.9452 66.2420 69.5255 65.6338 70.5832 68.1284 72.8093
5.5401 3.2222 3.6470 3.1072 3.1570 3.3530 2.3282 5.8854 3.4405 4.2546 0.0000 6.0588 5.3239 6.4557 2.7412 2.8772 4.1475 3.6944 2.2783 2.6970 4.3634 2.5628 3.4800 4.1410 2.3535 3.2647 4.7646 3.3320 4.3925 4.3513 112.6628 109.7102 105.7345 93.5865 108.4027 111.7364 106.8819 106.8826 111.8459 97.0629 111.7469 108.0177 101.7623 109.5902 113.5088 110.8829 109.5171 98.4390 102.3203 111.6424 106.1660 98.2636 88.4659 106.4738 113.3809 108.3088 102.6567 104.2887 97.5648 107.9124 2.6262 4.2988 9.0984 6.9907 5.4804 6.4174 10.8716 10.6417 5.0610 12.5431 13.7027 10.5742 17.1118 11.0692 7.7996 6.8034 5.5023 7.2083 9.4078 7.1543 4.3150 8.7319 5.4287 5.3223 7.4107 9.2647 4.9882 11.9090 6.7925 4.9179 26.4102 36.3169 36.4688 36.7810 31.2689 22.6348 42.4307 38.9998 22.6478 24.7725 43.9029 33.1037 34.6110 31.6999 34.6599 21.4032 28.7266 31.9806 27.0305 30.6728 34.6678 25.4373 27.4227 31.2773 24.0169 31.4171 23.8298 29.2233 22.6208 39.0977 65.7704 72.0241 68.1694 75.4771 66.2444 71.1549 70.7585 70.2316 71.6266 70.2923 65.1015 62.1985 68.8058 66.8585 65.1590 65.9722 74.5623 64.4873 69.2824 70.2288 72.3489 67.1338 67.5015 74.7372 67.1288 70.3380 65.9901 71.3158 68.7113 73.5605
1.9587 5.4160 4.5382 6.6645 4.9002 4.9261 7.5385 9.5882 6.3676 9.7457 6.0588 0.0000 2.6528 11.1852 6.9795 5.8129 6.7773 8.8912 7.4605 5.0412 8.9749 6.9161 8.7804 4.3771 6.4331 4.2459 9.9824 8.6681 3.4529 4.9840 117.3461 114.1657 110.1807 97.9653 112.9467 116.3854 111.4514 111.4539 116.3983 101.5130 116.3992 112.5031 106.3704 114.3393 118.1237 115.5515 114.0514 102.9529 106.7402 116.3521 110.7688 102.6233 92.7506 111.0344 118.0110 112.8524 106.9595 108.7071 101.9900 112.5412 7.5385 9.2131 14.2037 9.2815 10.2773 11.9135 16.4005 16.3239 8.2588 18.3098 19.3639 15.8155 21.6516 16.6005 13.3111 11.2876 7.6721 10.6627 13.7830 12.1648 8.1616 14.3958 10.4596 11.0425 12.1658 14.8992 9.4026 17.5631 12.0803 9.6169 28.5713 39.2578 38.6622 39.5310 33.5811 22.8536 44.7535 40.7992 24.5934 25.7088 46.3163 35.3766 36.5556 33.0792 37.1417 21.8560 31.3561 33.9235 28.9457 32.0543 37.2503 27.8223 28.7513 33.7316 25.6768 33.8119 26.1763 31.6479 24.1138 41.8170 69.6392 76.0194 72.1660 79.6422 70.0718 75.2359 74.4846 74.1498 75.5900 74.1161 68.9235 65.8648 72.6840 70.4067 69.2607 70.0267 78.7379 68.2975 73.2524 74.5452 76.4561 71.0122 71.3224 78.8100 71.2991 74.4369 69.6057 75.3300 72.6113 77.5892
2.9714 4.3680 3.9334 5.7976 4.7922 3.2492 7.0672 8.6652 5.2994 9.2041 5.3239 2.6528 0.0000 9.7746 5.9629 6.0638 6.0095 8.2872 6.4545 4.7038 7.7508 6.6296 7.9175 3.4161 5.5581 3.6538 8.8115 8.0322 3.8108 3.6260 115.5561 112.4087 108.4194 95.9618 111.1684 114.6214 109.6982 109.6421 114.6322 99.5198 114.6118 110.7441 104.5917 112.5432 116.3409 113.7925 112.2239 100.9785 104.9715 114.5754 109.0125 100.5918 90.7458 109.2079 116.2425 111.0975 105.1712 106.9426 99.9988 110.7586 6.8458 8.4250 13.2266 7.5350 8.5785 10.8735 15.1005 15.2110 6.2396 17.0733 18.1112 14.2772 19.7982 15.2524 11.9927 9.8170 6.3531 8.8315 12.2785 10.8519 6.9004 13.4690 8.8353 9.8565 10.4621 13.8119 7.9923 16.1928 10.5669 9.3955 26.5781 37.5187 37.1648 37.6458 31.8084 20.9987 42.9775 39.3379 22.7917 23.8903 44.8979 33.5658 34.9520 31.3107 35.4269 20.3117 29.6159 32.0837 27.0178 30.5039 35.4945 25.9930 27.0034 31.9938 23.8059 31.9430 24.2889 29.6620 22.3229 40.0000 67.6306 74.0130 70.2034 77.6915 67.9987 73.1584 72.5145 72.2081 73.5805 72.1674 66.9126 63.9197 70.6565 68.4139 67.3134 68.1233 76.8465 66.2318 71.1914 72.5695 74.4518 68.9906 69.3827 76.8827 69.3030 72.5421 67.5878 73.3887 70.5538 75.7089
10.7711 6.8446 7.4152 6.0947 7.9152 7.0615 6.3729 8.8949 5.4644 6.5395 6.4557 11.1852 9.7746 0.0000 6.2555 7.8862 8.8747 5.7486 5.9173 8.4082 5.1971 6.8703 6.1251 8.9871 6.9894 7.9765 4.1842 5.3975 9.5698 7.9953 107.1660 104.3362 100.6707 88.1493 103.1087 106.3952 101.7235 101.6562 106.6156 91.4284 106.4455 102.7448 96.6213 104.1878 108.0104 105.4642 104.2120 92.8439 97.1899 106.2482 100.9895 92.7360 83.0286 101.2147 108.0060 103.0922 97.5088 99.1992 91.9515 102.7107 5.8920 5.7505 7.2938 6.2217 4.6750 5.9797 6.5534 7.4943 5.4067 9.3021 10.3899 7.0080 11.9664 7.3881 4.8129 3.8383 7.6397 4.8563 5.7910 4.3905 5.5200 7.1173 4.2286 4.3814 4.5424 5.9505 4.4054 8.4661 4.7922 7.2879 23.2540 32.5617 33.7597 33.5832 29.2068 21.4175 40.3935 37.2484 19.5309 22.3202 41.9342 30.2005 32.4456 29.5643 31.7541 19.8141 23.9559 29.8103 24.2389 29.6450 30.9238 21.3709 25.6123 28.0341 21.6827 28.1859 20.3877 26.2540 20.9867 35.8826 60.1803 66.6399 62.8582 69.7787 60.6613 65.5552 65.0997 64.6506 66.0865 64.8328 59.6842 56.6043 63.1549 61.4198 59.5012 60.1566 68.9551 59.2476 63.6826 64.5243 66.9170 61.6346 62.1816 69.2533 61.5954 64.5949 60.5925 65.7845 63.4487 67.9040
6.4015 3.7998 4.7972 3.9883 4.7580 3.6468 4.0239 6.8999 3.6292 4.9192 2.7412 6.9795 5.9629 6.2555 0.0000 4.6419 5.1001 4.3680 3.3231 3.9729 3.6178 4.2514 4.0765 4.6790 2.3758 3.7554 4.7250 3.9961 5.6267 4.2080 111.4404 108.4372 104.3818 92.5495 107.0931 110.4948 105.5393 105.6135 110.5649 96.0760 110.4957 106.7419 100.3983 108.3946 112.3198 109.6414 108.2500 97.4449 100.9893 110.3767 104.8677 97.2192 87.3574 105.1822 112.1107 106.9839 101.3128 102.9463 96.5981 106.6124 3.5642 4.9830 9.2737 6.2680 5.0877 6.3184 10.3810 10.2725 4.6663 12.1085 13.0956 9.6774 16.0991 10.5910 7.3568 6.4711 5.4204 6.3126 8.8741 6.9152 4.6363 8.4871 4.8041 5.1092 6.3377 9.0910 4.5052 11.0970 5.9055 6.1798 25.2161 34.6428 34.8104 35.3237 29.6164 21.3306 41.0053 37.1582 20.9509 23.2063 42.2400 31.2832 32.6280 29.9312 33.1615 20.0080 27.5720 30.6999 25.6681 29.1546 33.0830 24.0395 25.9322 29.4905 22.6215 29.8578 22.3820 27.9706 21.0221 37.5659 64.5591 70.7649 66.8145 74.3172 65.0637 69.9526 69.6218 69.0932 70.4140 68.9993 63.8177 61.0407 67.7215 65.5749 63.9351 64.8379 73.4208 63.1478 68.1982 69.0717 71.0406 65.9827 66.2661 73.4385 65.9040 69.2086 64.6621 70.0485 67.4160 72.4004
5.2519 4.6505 3.9350 4.2342 3.1538 5.0219 2.9725 7.0612 4.5439 5.0035 2.8772 5.8129 6.0638 7.8862 4.6419 0.0000 5.1317 4.3009 4.0924 3.1198 5.9135 2.8808 4.8676 5.1744 3.9078 3.6752 6.2888 4.2615 3.7462 5.5213 114.2107 111.2040 107.2513 95.2765 109.9975 113.3320 108.4631 108.5129 113.4205 98.7216 113.3748 109.5746 103.3511 111.1919 115.1009 112.4275 111.1255 100.0864 103.9156 113.2510 107.7429 100.0316 90.1199 108.1140 114.9776 109.8928 104.2593 105.8734 99.2635 109.5124 3.4933 5.4615 10.1775 8.7112 7.7161 7.8116 12.0719 11.8925 7.2869 13.8811 15.0173 12.2976 18.9295 12.5646 9.3873 8.3269 7.0529 9.1935 10.9172 8.6540 5.9321 9.7538 7.5874 6.8656 9.3311 10.2362 6.7492 13.3381 8.5840 4.8308 28.1102 37.8056 37.8666 38.6763 33.1701 24.4800 44.2134 40.5186 24.3123 26.4492 45.6268 34.8799 36.2081 33.4884 36.1420 22.7167 30.0551 33.7023 28.8868 32.4806 36.2637 27.0459 29.2073 33.0283 25.6766 33.1072 25.5601 31.0135 24.4669 40.8294 67.5400 73.8718 69.9903 77.1532 68.1173 73.0097 72.3746 71.9370 73.4197 71.9573 66.9534 63.9359 70.5637 68.6574 66.8934 67.6379 76.2035 66.3460 71.0953 71.9594 74.1282 68.8708 69.2310 76.4968 68.8641 71.9496 67.7552 73.0570 70.5486 75.1918
6.4007 6.2281 6.2866 6.4414 5.9601 4.7254 4.6206 3.6188 6.6043 5.7330 4.1475 6.7773 6.0095 8.8747 5.1001 5.1317 0.0000 6.4700 3.9279 3.1742 5.8564 5.3687 5.1882 3.8282 3.5483 5.0219 7.2696 6.3413 4.8352 5.0346 113.8069 110.8044 106.5789 94.3480 109.5022 112.8215 107.8388 107.8055 112.8071 97.8467 112.8058 109.0320 102.7187 110.7160 114.7108 111.9896 110.5239 99.2812 103.2379 112.8013 107.2111 99.0261 89.0599 107.3901 114.5400 109.3569 103.4977 105.2074 98.4975 108.8486 5.6719 6.9583 11.5181 9.3765 6.7366 8.5667 12.8548 12.7588 6.7376 14.2359 15.3264 12.3094 18.8734 13.0462 9.9732 9.5359 7.8339 9.5360 11.9535 9.9128 6.8790 10.6305 7.6073 7.4485 8.9936 11.1568 7.5301 13.6197 8.0720 7.1600 26.1434 36.7035 36.4356 36.3809 30.5813 22.2939 41.1093 38.4614 23.3898 25.0190 43.4101 33.1141 34.4262 31.5634 34.5539 21.5076 29.9367 30.9590 26.8387 29.6796 35.2859 26.3347 27.1785 31.6655 23.5573 31.3329 24.3622 28.6962 22.4643 38.7178 67.1890 73.3785 69.4514 76.9118 67.4548 72.4801 71.9822 71.7735 72.9052 71.7057 66.4893 63.9325 70.0605 68.3004 66.6666 67.7003 76.0508 65.6349 70.5661 71.4707 73.6772 68.4126 68.9331 76.1235 68.5060 71.8973 67.2313 72.6610 69.8962 75.1448
7.9912 5.0024 5.7284 3.6335 4.6396 6.2998 2.7996 7.3235 4.5721 2.9211 3.6944 8.8912 8.2872 5.7486 4.3680 4.3009 6.4700 0.0000 3.6291 5.5690 4.9415 2.8213 2.4145 7.3875 4.5998 5.7606 2.9731 2.2007 7.1800 7.1834 111.2487 108.4158 104.5311 92.5239 107.1222 110.4293 105.6338 105.6682 110.6291 95.8711 110.4509 106.7591 100.4723 108.1833 112.1463 109.4963 108.2809 97.2209 101.1747 110.1915 104.8816 97.1863 87.4264 105.2519 112.0347 107.0795 101.6150 103.1303 96.3866 106.6843 2.0495 2.3985 6.4343 7.4835 5.2650 3.9210 8.5791 8.0196 6.3885 10.1193 11.1315 8.6856 15.6130 8.7445 5.7545 5.4198 5.7730 7.2458 7.4804 5.1054 3.9610 5.8627 4.7785 3.5508 6.9596 6.6274 4.2925 9.6513 6.1404 2.8722 27.1347 36.2682 36.9655 37.2764 32.1395 24.4130 43.2884 39.8357 23.2234 25.9318 44.5429 33.5988 35.2301 32.7067 34.9065 22.7972 28.4969 32.9753 27.9922 32.0781 34.8071 25.7369 28.5953 31.6909 25.0573 31.8766 24.3557 29.8878 23.7089 39.5276 64.7016 71.0063 67.0792 74.2210 65.2610 69.9288 69.7182 69.0480 70.5458 69.1641 64.1573 61.0562 67.7990 65.9464 63.9103 64.5854 73.2044 63.5533 68.1795 68.9051 71.1730 66.0404 66.4839 73.6169 65.7328 69.0380 65.0574 70.2133 67.7067 72.2398
6.9820 4.2206 4.9652 3.7781 4.4380 4.3608 2.2805 4.7184 4.3055 3.4521 2.2783 7.4605 6.4545 5.9173 3.3231 4.0924 3.9279 3.6291 0.0000 3.7887 4.4924 2.8252 2.7228 5.2326 2.6993 4.7659 4.1769 2.9112 5.7303 5.5111 111.8369 109.0099 105.0326 92.6921 107.6258 110.9120 106.1206 106.0871 111.0604 96.0966 110.9163 107.2770 101.0214 108.7179 112.6734 110.0651 108.7268 97.4932 101.6209 110.7868 105.4059 97.3085 87.5649 105.6610 112.5620 107.5567 101.9687 103.5872 96.6224 107.1009 3.1686 3.7160 8.1649 7.4790 4.5428 5.5008 10.0353 9.6629 5.1636 11.3960 12.5711 9.6810 16.4038 10.0554 6.9303 6.5937 5.9826 7.2288 8.9520 6.5664 4.5464 7.8082 4.9175 4.4830 6.9406 8.3988 4.8330 10.9945 6.0999 4.4918 26.1327 36.0809 36.5023 36.3370 30.9851 22.8422 41.9543 38.9974 22.7327 24.8685 43.7167 32.8610 34.4448 31.7781 34.5363 21.8067 28.6557 31.6744 26.9022 30.6309 34.5716 25.3395 27.5399 31.1833 23.9083 31.1797 23.7718 28.8417 22.7246 38.6960 65.1008 71.3368 67.5316 74.7323 65.4948 70.3383 70.1451 69.6039 70.9087 69.7100 64.4545 61.6260 68.0998 66.3227 64.4640 65.2706 73.8798 63.8313 68.5111 69.3686 71.6483 66.4742 66.9616 74.0564 66.3998 69.6941 65.4039 70.6433 68.0558 72.9161
4.5793 4.5635 4.0159 4.8465 4.0410 3.7220 3.7704 5.8858 4.8815 5.6112 2.6970 5.0412 4.7038 8.4082 3.9729 3.1198 3.1742 5.5690 3.7887 0.0000 5.2990 4.0646 5.2186 3.0062 2.9514 2.7473 6.8595 5.3659 2.7613 4.0001 114.3017 111.1884 107.1056 95.0355 109.9558 113.3295 108.4098 108.3812 113.3602 98.5793 113.3406 109.5326 103.2169 111.2361 115.1590 112.4815 111.0110 99.9500 103.7941 113.3254 107.6960 99.7586 89.8232 108.0245 115.0047 109.8114 104.0324 105.7350 99.1264 109.4231 4.4770 6.4929 11.2757 8.3940 7.2390 8.4952 12.7762 12.7561 6.3943 14.5193 15.6408 12.4781 19.0018 13.1948 9.9573 8.8190 6.9367 8.9682 11.5080 9.3521 6.1914 10.6370 7.3757 7.2842 8.9762 11.1769 6.8969 13.7113 8.2208 6.5722 26.7749 36.8147 36.7345 37.3635 31.4968 22.6091 42.4133 38.9073 23.1900 24.9841 44.3528 33.5122 34.6811 31.8821 34.7944 21.2987 29.7178 32.0241 27.3449 30.6656 35.3096 26.2887 27.6102 31.8878 24.1507 31.8140 24.4079 29.5360 22.8201 39.5403 67.3998 73.6286 69.6839 77.1694 67.8984 72.8728 72.2852 71.8834 73.2293 71.7733 66.6931 63.9089 70.3774 68.4251 66.8793 67.7723 76.2079 65.9186 70.9302 71.9109 73.9364 68.7010 69.0373 76.3595 68.7701 72.0221 67.4635 72.9140 70.1693 75.2985
8.2930 5.8010 6.0491 5.5309 6.6617 4.9818 4.9591 7.1817 4.7927 5.3622 4.3634 8.9749 7.7508 5.1971 3.6178 5.9135 5.8564 4.9415 4.4924 5.2990 0.0000 5.7484 4.9136 5.8987 3.9166 5.1492 4.4380 5.0210 6.7767 5.0341 109.3754 106.2005 102.1307 90.2980 105.0445 108.4633 103.5025 103.4958 108.4652 93.8192 108.4999 104.5776 98.2676 106.3649 110.2989 107.5557 106.1047 95.1713 98.8642 108.4509 102.7831 95.0528 85.0177 103.1408 110.0956 104.9015 99.1235 100.8026 94.3981 104.5453 4.5468 6.0934 9.4606 6.0127 4.7525 6.5432 8.7115 9.5272 4.5005 11.2336 12.1103 8.3361 14.4162 9.7311 6.4951 5.5962 6.8813 5.8014 8.2674 6.5940 5.1084 7.8765 4.2689 4.4798 4.6492 7.6475 4.4709 9.6815 3.8807 7.2004 22.9701 32.3899 32.7436 33.3896 27.9975 20.2685 39.1311 35.4890 19.1747 21.7644 40.9112 29.5140 31.0687 28.4187 30.8210 18.4337 25.1886 28.6745 23.7049 27.9062 30.8972 22.0156 24.3130 27.7240 20.6512 27.7082 20.2684 25.7142 19.5076 35.4615 62.6285 68.9108 64.7800 72.3379 63.1959 68.1318 67.4082 67.0320 68.4319 66.8764 61.9329 59.2162 65.6240 63.6559 62.0368 63.0026 71.3099 61.1117 66.2169 67.0693 69.0791 63.8932 64.2239 71.4865 63.8675 67.1554 62.6189 68.0556 65.3363 70.4164
6.2824 3.7531 4.2996 2.8187 2.8579 5.2228 2.0066 6.6532 4.1799 3.7601 2.5628 6.9161 6.6296 6.8703 4.2514 2.8808 5.3687 2.8213 2.8252 4.0646 5.7484 0.0000 3.2838 6.1101 3.9671 4.7055 4.5618 2.5281 5.4965 6.3442 113.2117 110.3671 106.4811 94.2690 109.0289 112.3173 107.5623 107.5503 112.5177 97.6506 112.3530 108.6792 102.4417 110.0984 114.0217 111.4547 110.1754 99.0154 103.0705 112.1380 106.7969 98.9136 89.2188 107.1622 113.9381 108.9926 103.4874 105.0249 98.1320 108.5886 2.5977 3.2373 7.9388 7.8993 6.1437 5.7326 10.7259 10.0568 6.4792 12.1127 13.2405 10.6418 17.4757 10.7352 7.7105 6.9701 5.6834 8.1163 9.2475 6.7948 4.4367 8.0011 6.0619 5.3942 8.4282 8.9340 5.4525 11.8235 7.6984 3.3418 28.1026 37.7581 38.2108 38.4388 33.1161 24.6269 44.2438 40.8547 24.2732 26.5618 45.6130 34.7456 36.2712 33.6115 36.2170 23.2961 29.9317 33.8271 28.8532 32.6688 36.1451 26.9225 29.3182 32.9188 25.8525 33.0609 25.4627 30.9190 24.4658 40.7371 66.4017 72.7126 68.8755 76.0246 66.9578 71.6621 71.5011 70.7769 72.2668 70.9426 65.8191 62.7210 69.4808 67.6221 65.7017 66.3594 75.0191 65.2805 69.8637 70.7434 73.0019 67.8028 68.2048 75.3890 67.6011 70.8719 66.7803 71.9954 69.4410 74.0692
7.9489 5.1401 6.1908 4.2915 5.1155 5.8083 2.8668 5.7367 5.0756 2.7086 3.4800 8.7804 7.9175 6.1251 4.0765 4.8676 5.1882 2.4145 2.7228 5.2186 4.9136 3.2838 0.0000 6.7327 3.8357 5.8370 3.3114 2.9491 7.1777 6.7504 111.2714 108.4756 104.5036 92.3545 107.0953 110.3774 105.5423 105.5579 110.5519 95.7090 110.3682 106.7393 100.4353 108.1493 112.1403 109.4928 108.2330 97.0875 101.1005 110.1443 104.8529 96.9421 87.2226 105.1158 112.0284 107.0345 101.5117 103.0659 96.2589 106.5851 2.5611 2.6857 6.9451 7.6807 4.2351 3.8978 8.9864 8.3705 5.9615 10.1117 11.1165 8.7242 15.6603 8.7747 5.7877 5.9695 5.7548 7.1845 7.9189 5.6157 4.0552 6.2152 4.4884 3.4502 6.6112 7.0446 4.1960 9.8627 5.8268 3.4812 26.5955 36.1368 36.6300 36.4894 31.2273 23.6488 42.2315 39.2567 23.0656 25.5335 43.6895 33.0880 34.7635 32.1483 34.6336 22.5456 28.7192 32.0935 27.3819 31.0415 34.6903 25.6282 27.9784 31.3184 24.4469 31.4057 24.1134 29.1865 23.0738 38.8997 64.7475 70.9961 67.0768 74.3134 65.1399 69.9061 69.8054 69.2249 70.5213 69.3533 64.1530 61.2527 67.7837 66.0189 64.0051 64.7871 73.3597 63.5084 68.1507 68.8890 71.2143 66.0763 66.6146 73.6378 65.8604 69.2181 65.0921 70.2323 67.7462 72.4058
4.4116 5.1474 4.6752 6.1122 5.3411 2.6613 5.8134 6.5387 5.4792 7.5935 4.1410 4.3771 3.4161 8.9871 4.6790 5.1744 3.8282 7.3875 5.2326 3.0062 5.8987 6.1101 6.7327 0.0000 3.8274 3.1436 8.0457 7.1726 3.2062 2.3405 114.1632 110.9765 106.8368 94.7087 109.7437 113.1597 108.1536 108.1342 113.1075 98.2991 113.1504 109.2651 103.0354 111.1421 115.0107 112.3379 110.7922 99.7209 103.4526 113.1953 107.5106 99.4013 89.4186 107.7162 114.8532 109.5896 103.6235 105.4120 98.8605 109.2130 6.0977 7.9651 12.8465 7.9580 7.5579 10.0017 13.8970 14.1123 5.8740 15.8029 16.8948 13.2197 19.1126 14.2557 10.9580 9.4550 7.1997 8.6645 12.1789 10.4598 6.8052 12.2784 7.9236 8.5612 9.1540 12.4999 7.5089 14.8281 8.8370 8.6319 25.3721 36.0741 35.4836 35.9873 30.0354 20.4692 41.0239 37.6048 21.9605 23.3202 42.9254 32.2803 33.6059 30.2183 33.9416 19.5920 28.8542 30.4589 25.7933 28.8122 34.2791 25.1216 25.8371 30.6377 22.5508 30.5919 23.1983 28.2158 21.1919 38.3072 66.9709 73.2127 69.2898 76.8854 67.3094 72.5294 71.7304 71.5488 72.7944 71.4341 66.1958 63.5087 69.8931 67.8167 66.5615 67.5653 76.0103 65.4223 70.5180 71.6580 73.6117 68.2568 68.6184 75.9768 68.5726 71.7610 66.8834 72.4982 69.7525 74.9825
5.7970 4.2353 4.8070 4.4981 4.5685 3.4629 3.5322 5.6391 4.2656 4.7737 2.3535 6.4331 5.5581 6.9894 2.3758 3.9078 3.5483 4.5998 2.6993 2.9514 3.9166 3.9671 3.8357 3.8274 0.0000 3.3950 5.3278 4.3157 4.6477 3.8826 112.3336 109.3189 105.1907 93.2680 107.9861 111.3640 106.4024 106.4570 111.3949 96.7622 111.3882 107.5728 101.3050 109.2628 113.2144 110.5085 109.1253 98.1472 101.8421 111.2812 105.7487 97.9567 88.0282 106.0230 113.0078 107.8586 102.1497 103.7810 97.3345 107.4498 3.5646 5.2529 9.9408 7.1864 5.4685 6.9043 11.1085 11.0512 5.2347 12.7465 13.7425 10.5377 17.1172 11.3506 8.0199 7.3626 5.9539 7.4020 9.9400 7.8294 5.0761 8.9709 5.7216 5.5834 7.1298 9.5235 5.0944 11.9226 6.4569 5.8857 25.5661 35.4071 35.3898 35.7665 30.0665 21.7441 41.1601 37.6734 21.8325 23.8319 42.7256 31.9218 33.2264 30.6128 33.8058 20.4730 28.3493 30.8233 26.2076 29.4266 33.9135 24.7903 26.4510 30.3435 22.9668 30.4188 23.1328 28.2468 21.6388 38.0175 65.5812 71.8414 67.8556 75.2997 66.0244 71.0058 70.4920 70.1134 71.3956 70.0592 64.8631 62.1730 68.6227 66.6542 65.0075 65.9268 74.4164 64.1465 69.1378 70.0001 72.0906 66.9281 67.3151 74.4668 66.9595 70.2096 65.6609 71.0741 68.4553 73.4032
3.5179 3.4917 2.7599 4.2757 3.6122 2.8419 4.8963 7.8332 3.4588 6.8088 3.2647 4.2459 3.6538 7.9765 3.7554 3.6752 5.0219 5.7606 4.7659 2.7473 5.1492 4.7055 5.8370 3.1436 3.3950 0.0000 6.7098 5.8137 2.8419 2.8192 113.9080 110.6994 106.6910 94.6856 109.5385 112.9889 108.0551 108.0564 113.0127 98.2309 113.0180 109.1006 102.8641 110.9073 114.7588 112.0924 110.6295 99.6273 103.3673 112.9522 107.3318 99.4059 89.4289 107.6750 114.6124 109.4081 103.6026 105.3078 98.7417 109.1169 4.3494 6.6725 11.4871 6.7029 7.2927 8.8161 12.7099 12.9834 5.5080 14.9043 15.8808 12.3190 18.3159 13.2845 9.9015 7.9597 5.7976 7.7417 10.6666 8.9649 5.4581 11.0170 7.1471 7.5194 8.5420 11.2909 6.1099 13.8515 8.3431 7.3035 26.0529 36.0407 35.9828 36.9586 31.1599 21.5537 42.3852 38.3540 21.9526 23.7237 44.1183 32.6960 33.9314 30.9086 34.1552 19.9681 28.4421 31.6393 26.6049 30.3278 34.3440 25.1119 26.7729 31.0199 23.3725 31.0472 23.4098 29.0290 21.9463 39.0916 66.5602 72.9404 68.9165 76.4436 67.1164 72.1671 71.3868 71.0267 72.4831 70.8976 65.8773 62.9285 69.6144 67.4504 66.1107 66.9316 75.4751 65.1400 70.2065 71.2968 73.2063 67.8808 68.1897 75.6231 68.0343 71.2013 66.5400 72.1636 69.4406 74.4422
9.1610 5.2443 6.4910 4.1517 5.9828 6.4003 4.4852 7.8428 4.7328 4.4367 4.7646 9.9824 8.8115 4.1842 4.7250 6.2888 7.2696 2.9731 4.1769 6.8595 4.4380 4.5618 3.3114 8.0457 5.3278 6.7098 0.0000 3.3632 8.4409 7.3870 109.2269 106.3647 102.4959 90.2681 105.0662 108.4179 103.6056 103.5936 108.5782 93.6292 108.4206 104.6908 98.4415 106.1416 110.0930 107.5005 106.1866 95.0076 99.1028 108.1693 102.8591 94.9038 85.2133 103.1745 109.9737 105.0477 99.5532 101.0741 94.1616 104.6514 3.5097 3.0626 5.6430 5.9027 3.5123 3.2130 6.9440 6.7576 4.9636 8.9879 9.8013 6.4763 13.1681 7.1004 3.9038 3.3791 5.3244 5.1844 5.4250 3.4974 3.0425 5.1978 2.9596 2.6495 5.1815 5.5072 2.9893 8.1578 4.7489 4.9856 25.1600 34.4518 35.3782 35.3260 30.4709 22.7819 41.6840 38.4187 21.3201 24.1448 43.0977 31.6819 33.6064 30.9483 33.1987 21.3428 26.4540 31.2323 26.0772 30.6419 32.8617 23.6731 26.8573 29.8237 23.2677 29.9254 22.4026 27.9435 21.9870 37.6262 62.3082 68.6674 64.7476 71.9064 62.8419 67.5094 67.3842 66.6712 68.1686 66.8349 61.7680 58.6749 65.4169 63.5425 61.5935 62.2749 70.9347 61.1518 65.7634 66.5864 68.8241 63.6254 64.1305 71.3207 63.3579 66.7720 62.6575 67.8987 65.3169 69.9374
8.0581 4.6579 5.4173 3.4692 4.6733 5.9720 2.4175 6.8630 4.4025 2.8816 3.3320 8.6681 8.0322 5.3975 3.9961 4.2615 6.3413 2.2007 2.9112 5.3659 5.0210 2.5281 2.9491 7.1726 4.3157 5.8137 3.3632 0.0000 7.0231 7.0547 111.1098 108.3419 104.4712 92.3586 106.9414 110.2108 105.5043 105.5067 110.4560 95.7304 110.2412 106.6499 100.3949 107.9822 111.9216 109.3483 108.1182 97.0767 101.0633 110.0260 104.7342 97.0006 87.3384 105.1016 111.8293 106.9057 101.4983 103.0140 96.1823 106.5007 2.7624 2.5671 6.4442 7.6241 5.2591 4.2458 8.7870 8.1061 6.2580 10.1073 11.2842 8.8637 15.7477 8.7592 5.8641 5.7792 6.2107 7.2132 7.9170 5.1902 4.5455 6.2710 4.7541 3.7048 6.9888 7.1762 4.6034 9.8367 6.0878 3.1719 27.0845 36.2723 36.9858 37.1066 31.9739 24.2291 43.1644 39.7902 23.1590 25.7502 44.3405 33.4609 35.0775 32.6701 35.0669 22.7872 28.5924 32.9345 27.8721 31.8910 34.7414 25.6287 28.5029 31.5569 25.0074 31.8471 24.2802 29.8233 23.6714 39.3901 64.5574 70.8007 66.9829 74.0834 65.1336 69.7881 69.7397 68.9478 70.4081 69.0963 63.9452 60.9300 67.6589 65.8423 63.7714 64.4589 73.1041 63.4585 68.0355 68.7939 71.0829 66.0218 66.3785 73.4321 65.7441 68.9624 65.0052 70.0688 67.6206 72.1798
3.2788 5.1813 3.7378 5.8417 4.3444 4.0849 5.5065 7.6501 5.4840 7.6982 4.3925 3.4529 3.8108 9.5698 5.6267 3.7462 4.8352 7.1800 5.7303 2.7613 6.7767 5.4965 7.1777 3.2062 4.6477 2.8419 8.4409 7.0231 0.0000 3.9415 115.6879 112.4614 108.4002 96.3131 111.3326 114.7442 109.7908 109.7782 114.7299 99.8635 114.7831 110.8512 104.6354 112.6961 116.5422 113.8760 112.3826 101.2661 105.0922 114.7794 109.0964 101.0777 91.0557 109.4085 116.4131 111.1972 105.3027 107.0405 100.4223 110.8368 5.9089 8.0354 12.9951 8.8662 8.9375 10.4347 14.4518 14.6676 7.3420 16.5495 17.6437 14.2506 20.3961 15.0463 11.7407 10.0375 7.7177 9.9077 12.7804 10.8984 7.3014 12.5840 9.0493 9.1968 10.4727 12.9050 8.2474 15.6580 9.9765 8.1081 27.2706 37.6441 37.2661 38.2691 32.4164 22.6804 43.3182 39.5730 23.6563 25.1609 45.2664 34.2679 35.4200 32.3647 35.5012 21.1561 30.0835 32.6447 27.8805 31.2578 35.9772 26.7778 27.9757 32.6157 24.5568 32.4713 25.0237 30.2224 23.3076 40.3905 68.4942 74.8484 70.8970 78.3464 69.0050 74.0816 73.1993 72.9656 74.3822 72.8107 67.8175 64.9288 71.4401 69.4081 68.0495 68.9036 77.3707 67.0599 72.0722 73.1961 75.1818 69.7840 70.1123 77.5617 69.9902 73.1415 68.4566 74.0731 71.3073 76.3934
4.7434 4.6585 4.3177 5.7285 5.4463 1.9926 6.1605 7.6675 4.5147 7.8927 4.3513 4.9840 3.6260 7.9953 4.2080 5.5213 5.0346 7.1834 5.5111 4.0001 5.0341 6.3442 6.7504 2.3405 3.8826 2.8192 7.3870 7.0547 3.9415 0.0000 112.9281 109.6600 105.5701 93.5318 108.5014 111.9656 106.9143 106.9236 111.8840 97.1194 111.9701 107.9908 101.7971 109.9595 113.7896 111.1185 109.5592 98.5347 102.1813 111.9760 106.2812 98.2281 88.2036 106.5055 113.6236 108.3607 102.3551 104.1524 97.6912 108.0212 5.7893 7.7943 12.4971 6.3582 6.9840 9.6683 13.0388 13.5716 4.8230 15.3664 16.3157 12.3352 17.8045 13.5747 10.2244 8.3687 6.4725 7.2253 11.0429 9.6405 6.0494 11.8573 7.1887 8.0784 8.0422 11.8628 6.4748 14.1186 8.0956 8.8561 24.1610 34.7008 34.2080 34.9574 29.1549 19.3515 40.3591 36.5891 20.3665 21.8779 42.0940 30.9849 32.4141 28.9621 32.7518 18.1499 27.1704 29.5628 24.6171 28.0662 32.8192 23.5396 24.6667 29.2668 21.3310 29.2746 21.7654 27.1382 19.9809 37.2026 65.5187 71.8691 67.8680 75.4866 65.9167 71.1496 70.2136 70.0828 71.3847 69.9311 64.7739 62.0024 68.4916 66.3061 65.1172 66.1022 74.5800 64.0192 69.1592 70.3247 72.2254 66.8197 67.1651 74.5679 67.1384 70.3039 65.3692 71.0840 68.3717 73.4937
116.9181 113.0528 113.8460 112.5452 114.6074 112.7564 112.4857 112.4031 111.7891 111.1941 112.6628 117.3461 115.5561 107.1660 111.4404 114.2107 113.8069 111.2487 111.8369 114.3017 109.3754 113.2117 111.2714 114.1632 112.3336 113.9080 109.2269 111.1098 115.6879 112.9281 0.0000 13.6490 20.9978 29.6929 11.2599 10.0559 15.6036 14.5916 12.2729 26.9568 10.5518 13.9107 18.8782 8.8824 10.3099 6.1060 12.4007 25.2633 20.0249 10.3521 14.0244 27.7000 32.9048 13.7076 7.9926 13.2292 21.3163 20.3138 26.8800 12.7227 111.9040 111.1477 107.8682 109.2030 108.5116 108.7954 103.1171 104.5061 109.7669 102.8978 102.0045 103.4353 97.0258 103.5457 106.0020 107.4217 112.2397 107.3790 105.8928 107.3798 110.9849 106.8993 108.0831 108.2471 105.8723 105.3889 109.2167 102.4361 106.4694 112.3211 95.0871 85.4609 89.4899 86.0092 93.4493 103.9811 90.1176 93.0004 97.4003 99.5282 87.5269 90.3523 93.3308 95.5821 90.8770 103.4652 90.2709 94.7278 95.5086 98.7005 86.4956 93.0904 97.9841 89.9362 98.6531 90.7151 95.3387 93.0778 100.2629 84.7309 53.4988 47.4165 50.5519 42.8673 53.4147 49.5538 50.4478 50.4426 47.6482 51.0276 53.9121 59.2155 51.1407 54.7772 52.1129 53.4756 45.1112 55.4649 51.0021 46.6716 46.6297 53.0105 53.0050 43.0014 52.5036 48.3765 54.7378 46.2802 52.6301 45.6141
113.7161 110.0648 110.7474 109.6550 111.6520 109.6414 109.6317 109.6482 108.7564 108.4521 109.7102 114.1657 112.4087 104.3362 108.4372 111.2040 110.8044 108.4158 109.0099 111.1884 106.2005 110.3671 108.4756 110.9765 109.3189 110.6994 106.3647 108.3419 112.4614 109.6600 13.6490 0.0000 13.5166 26.6944 11.1737 14.6274 14.1362 12.2059 11.6466 26.4865 16.1185 8.8529 13.6492 15.8108 16.3902 12.6298 9.8441 24.1851 15.1178 17.8382 11.7879 26.8593 29.4258 15.1771 14.0301 10.3460 13.9186 14.1343 27.1870 12.7652 108.9686 108.4884 105.5196 105.9963 105.6817 106.1923 100.3829 102.0677 106.6981 100.5943 99.6378 100.6947 94.2047 101.0835 103.3018 104.4822 109.2847 104.3234 103.1334 104.6778 108.0434 104.3062 105.2124 105.4560 102.8208 102.7150 106.2613 99.7642 103.4778 109.6914 90.7824 80.3960 84.1436 81.6431 89.1160 99.7260 85.3293 87.5260 93.1205 95.1003 83.1351 85.5988 88.3527 90.7609 85.6186 98.9248 85.9125 90.0524 91.1235 94.3037 81.4891 88.9159 93.4128 85.3430 94.3148 85.9269 91.0707 88.6317 95.9901 79.9040 50.1645 44.6509 46.4864 40.5648 51.0863 47.8763 46.5049 46.7780 44.3549 46.3630 50.5573 56.1028 47.7840 50.9509 49.5822 51.2323 41.6104 51.2918 48.4371 44.9458 43.3543 49.1806 48.5468 39.6538 49.4508 45.2973 50.4653 42.8893 48.7026 42.5975
109.6886 106.2067 106.9376 105.8283 107.7777 105.6528 105.6983 105.4851 104.9622 104.4903 105.7345 110.1807 108.4194 100.6707 104.3818 107.2513 106.5789 104.5311 105.0326 107.1056 102.1307 106.4811 104.5036 106.8368 105.1907 106.6910 102.4959 104.4712 108.4002 105.5701 20.9978 13.5166 0.0000 26.8194 14.6109 20.1578 13.9580 13.6864 14.7945 29.1241 20.1332 12.0227 10.6506 21.6213 24.6196 19.5984 14.2280 27.9589 9.4888 22.8328 13.4130 29.9680 27.8596 15.4155 20.3305 13.6290 10.9788 8.9695 31.0114 13.8600 105.0785 104.6706 101.8757 102.1661 101.7168 102.2868 96.6189 98.3260 102.7427 96.8302 95.8286 96.7106 90.6230 97.3298 99.4556 100.7600 105.3799 100.5312 99.4925 100.9886 104.1687 100.3921 101.2767 101.5253 98.8578 98.9575 102.4391 95.8256 99.4038 105.8815 86.1624 75.5788 78.6948 76.3101 83.6765 95.2827 79.1022 81.5681 88.8734 90.7374 76.6963 80.4753 82.8226 85.7004 80.5245 94.4614 82.3770 84.6259 86.5596 88.6578 76.8981 84.9702 88.3201 80.5310 89.4906 81.0220 86.8674 83.7467 91.0886 74.3097 48.9271 43.2582 44.3507 40.6303 49.8400 46.8734 45.3171 46.3975 43.2117 44.7102 48.7471 55.4508 47.0586 49.4383 48.1553 51.2824 41.2762 48.5697 47.6803 43.9836 41.8916 47.5724 46.3226 38.9436 47.6136 45.0777 48.0323 41.7484 46.1096 42.6347
