0.0000 13.5647 12.2474 10.8628 11.5758 14.8324 12.1655 16.1864 10.2956 12.0830 14.2127 10.5830 13.1909 12.4097 13.4164 10.6771 13.4164 11.5758 11.4018 10.0000 15.4272 14.6287 14.8997 12.2474 10.0995 8.7178 9.0554 15.9374 11.0454 11.2250 27.0000 28.6007 26.5330 27.2947 26.9444 30.2159 25.8070 24.3721 28.1957 27.5318 29.1719 27.0185 28.3725 25.7682 28.0357 27.4773 28.9828 26.3059 27.1846 26.2679 27.8029 26.0192 27.8388 28.8964 27.3861 29.1204 26.7955 23.5160 25.5147 25.3969 14.7648 13.7113 17.7200 10.6771 11.8322 12.0830 16.4924 15.6205 15.6844 13.5647 16.4317 18.0000 11.9164 15.2971 16.6132 16.9115 16.1245 15.6205 15.6844 15.4272 11.1355 14.5602 14.3527 10.4403 14.5602 15.6844 14.8997 17.8326 13.4907 11.7473 18.5472 17.8326 20.2485 21.2132 17.0880 19.3391 18.9737 16.1864 17.0294 18.4391 19.8997 20.8806 16.4317 20.8806 17.7764 15.2971 20.2485 17.0880 21.1660 17.7764 22.8910 20.2978 15.8114 20.1494 16.7332 21.6333 18.5472 16.6132 17.8326 18.1108 28.6007 29.1719 24.3721 25.1794 27.0000 28.4956 25.7682 24.7790 28.2135 23.7697 25.8070 27.1293 26.4953 30.5123 24.8998 26.1916 24.6577 27.7489 25.7294 25.0200 27.4226 24.4540 27.5318 25.7488 25.8070 26.1343 26.4953 29.8831 27.0555 23.5584
13.5647 0.0000 14.1421 9.1652 12.8841 9.8995 14.5602 9.3808 11.9164 12.2474 13.6382 15.5563 10.1980 14.1421 9.8995 14.2127 13.9284 10.7703 8.6023 10.0000 10.9545 13.5647 9.2736 12.8062 11.6619 12.2474 11.4891 12.4900 15.3623 11.9164 25.2784 26.7208 24.6171 24.7588 24.2487 27.1846 24.1661 22.8473 25.3574 24.7790 26.2107 25.4558 24.5967 22.7156 26.9072 24.8395 24.8596 23.6220 24.1868 23.4521 25.3180 24.4745 26.0960 25.8263 25.0998 26.6083 24.7790 22.1133 23.8118 22.5167 10.0995 12.7279 12.0000 10.0995 13.6382 11.4018 12.0000 10.8628 15.1658 14.3527 10.5830 11.4891 13.8564 12.2474 12.7279 9.6954 11.7473 12.0830 16.3095 14.5602 12.1655 8.7178 12.4900 11.7047 12.4097 13.9284 14.6287 11.8322 14.5602 11.4891 19.3907 16.8523 20.9762 19.1311 14.8997 18.5472 15.2971 14.6969 16.0000 18.9209 19.7990 17.0294 19.5959 22.0000 13.9284 14.5602 19.8494 16.7929 19.8494 17.6635 20.2485 16.7929 15.0333 17.7200 18.3848 18.8680 17.6068 16.0624 15.5563 17.4929 26.1534 25.9422 22.4944 23.1948 23.2164 25.2587 23.7908 23.5372 25.2190 21.3307 23.2809 24.6171 22.2261 26.8887 22.3159 23.4094 21.7715 24.9800 22.0454 21.4476 24.5764 22.1359 24.4131 23.0868 22.5389 22.5167 22.8473 26.8887 23.5372 20.5183
12.2474 14.1421 0.0000 12.1655 8.1240 9.6954 10.6771 12.0000 13.4164 8.3666 12.6491 8.3666 9.3808 10.4881 12.4097 11.3137 11.9164 12.2474 9.0554 11.5758 9.8995 10.8628 14.4914 8.4853 9.5917 10.6771 13.7113 9.5917 11.5758 6.9282 26.9629 28.4605 27.0185 26.7395 27.2029 28.9310 26.0000 25.1396 28.0535 27.3496 28.4077 26.4953 27.9821 24.7386 28.4253 27.2580 27.9643 26.0768 27.1109 25.4165 27.9821 26.3629 27.6225 28.7228 27.6043 27.8209 27.0924 23.6432 26.4008 24.7992 13.4164 11.2250 13.6382 11.9164 13.0384 12.6491 14.1421 15.9374 9.7980 15.5563 16.6132 15.6205 12.6491 11.8322 10.8628 14.2829 14.4914 13.1909 15.8114 11.7473 11.5758 14.0712 12.0000 13.1529 12.5698 13.4907 13.5647 15.8114 12.8062 11.0454 19.9499 18.9737 19.0263 23.1517 18.1108 19.4422 18.9737 14.9666 16.7929 19.1311 18.7083 19.4936 16.0624 21.1660 19.6469 13.5647 19.4936 16.6132 21.4476 19.5448 21.5407 22.0000 18.1659 19.7990 16.4924 19.0788 19.7990 15.2315 18.0555 20.0000 27.8927 28.2666 24.4540 24.3311 26.3249 27.5681 24.8998 23.5797 27.6405 23.3024 24.4949 26.8328 25.5343 29.2404 24.4949 26.0384 24.4131 27.2029 26.3818 24.0832 26.2679 24.7386 26.2298 25.0400 24.2074 24.2693 26.1151 28.5132 26.4197 23.3880
10.8628 9.1652 12.1655 0.0000 9.8995 11.4891 14.0000 11.8322 8.0000 11.4891 13.7840 13.8564 13.0384 10.4881 6.4807 12.8841 14.8997 10.4881 9.4868 9.1652 12.0830 12.7279 11.3137 13.7840 9.8995 11.9164 10.5830 11.6619 12.3288 10.0995 24.7184 26.3818 24.6577 24.6374 25.0998 26.8887 23.8328 22.9347 25.5539 24.5764 25.7488 25.3772 25.1992 22.5389 26.1151 24.3516 25.1396 24.2899 24.8395 22.8473 24.8797 24.1039 25.3180 26.8514 25.0998 25.8844 24.9800 21.5174 22.8254 22.4277 10.7703 12.9615 14.0000 10.0995 12.8062 8.3666 12.7279 11.4891 14.6287 11.4891 10.9545 12.9615 11.5758 11.4891 13.2665 12.1655 12.5698 14.4222 14.7648 14.8997 9.5917 10.8628 11.2250 9.3274 10.0995 12.4900 14.7648 14.3527 15.2315 11.8322 17.3781 12.8841 15.5563 17.0880 13.1909 15.9374 13.4164 11.6619 13.9284 14.5602 15.2315 14.0000 17.0880 18.7083 12.4097 10.7703 16.0624 13.3417 17.3205 13.7113 18.2209 14.8997 13.1909 15.4272 17.2047 15.6205 14.3527 12.5698 13.4164 14.2829 26.1916 26.3249 21.7715 23.2379 23.1733 25.5343 23.3666 23.2379 26.1534 20.6155 22.7156 24.5764 22.4054 27.5862 22.6716 22.6716 21.4942 24.2899 22.3607 21.1660 25.0200 21.8632 24.4131 22.1133 23.0217 22.4277 23.3238 26.7769 24.4540 20.1742
11.5758 12.8841 8.1240 9.8995 0.0000 9.1652 12.0000 12.8841 9.6954 10.9545 13.9284 10.4881 10.8628 9.0554 10.1980 11.5758 13.4907 10.4881 9.8995 9.7980 10.6771 8.9443 10.8628 10.4881 10.5830 12.9615 13.1149 8.4853 10.7703 8.2462 27.4773 29.4618 27.9285 27.5862 28.6705 29.3087 27.6767 26.1534 28.7228 26.9444 29.7825 27.4955 28.3373 25.8070 29.1548 28.3725 28.4605 26.9072 27.3679 26.1916 28.6182 27.0000 28.2312 29.0000 27.9643 28.4956 28.2135 24.2693 26.7021 25.9037 12.6491 11.4891 15.3623 12.1655 12.5698 12.0000 15.1658 16.3707 13.4164 15.4919 14.7648 15.3623 15.0997 12.6491 13.5647 15.6844 16.4924 15.8114 18.2757 14.6287 10.1980 15.2315 14.8324 13.5277 12.8841 12.6491 15.9374 17.2627 14.0712 10.8628 22.0000 18.7083 19.5448 23.3238 19.0263 21.0238 18.7617 15.0997 18.7617 20.6398 19.6977 18.4932 19.9499 21.8632 18.6548 14.7648 20.0998 17.7764 22.6716 20.2978 22.6274 21.5407 18.7083 20.5913 19.8997 19.2354 20.9284 16.2481 18.3303 19.5448 28.2489 29.4109 24.7790 25.4165 26.8142 28.0713 25.4558 23.9165 28.6705 24.0624 25.1794 28.1069 26.0000 30.2820 25.2982 26.6083 24.0000 27.1293 26.2298 25.4165 26.6458 25.6125 27.2029 25.8263 25.2982 24.6374 26.7208 29.5466 27.7489 23.3024
14.8324 9.8995 9.6954 11.4891 9.1652 0.0000 14.9666 7.8740 13.6382 11.5758 15.5563 13.0384 8.3666 13.0384 10.4881 15.7480 14.7648 12.0830 6.0000 11.2250 8.3666 11.9164 12.0000 11.1355 13.4907 13.1909 14.5602 8.6023 14.2829 9.3808 27.6948 29.1548 28.2843 28.0179 27.4591 29.6142 27.5318 25.8457 27.9106 27.5318 28.7228 27.4955 27.5862 25.9615 29.6311 28.4429 27.7849 26.1151 27.5500 26.4575 28.9655 27.1477 29.0000 28.5482 27.2397 28.9828 27.8927 25.1992 26.6646 25.5147 12.4900 12.7279 11.7473 13.0384 14.8997 13.5647 12.9615 14.2127 14.1421 18.1108 15.2971 14.6287 15.8114 12.0830 12.0830 11.7473 15.2971 14.4914 19.0788 15.4919 12.7279 14.2127 15.2971 15.0665 13.7840 15.0333 16.1864 15.2315 15.2315 12.4097 21.0238 18.4932 20.7846 21.5870 17.9444 20.0499 16.8523 14.7648 18.3303 20.7846 20.7846 19.0263 19.8997 24.3721 18.2209 15.6205 21.4476 17.4356 22.4944 20.3470 22.9347 20.4450 19.3391 19.9499 18.9737 19.1311 19.8494 15.7480 18.1659 20.3961 28.6705 28.4077 25.0998 24.7386 26.4386 28.0357 25.8070 24.4949 28.1425 24.4745 25.2587 27.3496 25.0599 29.3087 24.8193 26.1916 24.4540 27.2029 26.1151 23.9583 26.3439 25.3377 26.9815 25.3574 24.6577 23.4734 25.9615 29.7153 26.6083 23.6432
12.1655 14.5602 10.6771 14.0000 12.0000 14.9666 0.0000 14.8997 14.6969 10.7703 8.1240 12.8841 11.2250 9.4868 14.0712 10.1980 8.2462 8.3666 12.5698 11.2250 13.1149 10.6771 12.7279 9.1652 8.7178 9.1652 11.2250 13.3417 10.7703 9.7980 24.7992 25.7682 24.6982 23.8118 24.5357 26.8887 23.9165 21.7256 25.7099 24.8998 27.1109 24.2899 26.4008 22.4944 25.7682 24.8395 25.7294 23.8328 24.4336 22.7596 25.7488 24.1868 24.8797 27.1109 25.1396 25.1794 23.8747 21.0950 23.4307 22.6495 12.0000 8.9443 14.0000 11.2250 9.7980 11.1355 14.0000 13.6382 8.2462 13.2665 15.4272 15.1658 11.4891 14.7648 12.4900 16.7332 17.0294 12.0000 13.8564 10.8628 9.4868 13.0384 13.4164 11.4455 12.8062 10.8628 15.5563 14.6969 9.3808 8.9443 17.8885 18.9209 19.6977 20.9284 17.0880 18.0000 18.3848 14.2829 15.8114 18.0555 19.4422 18.1108 16.4924 17.7200 17.6068 15.0333 19.4422 15.8745 19.2873 18.0000 19.8494 19.8494 15.8114 18.0555 15.6844 19.6977 18.9209 14.7648 16.0624 16.6132 25.4558 26.9258 21.4476 22.6274 24.0208 25.0998 23.8328 21.4476 25.6125 22.6053 23.6643 24.7386 24.2074 27.2947 22.0000 24.0000 22.6716 25.4558 24.4131 22.7596 23.7487 23.2809 24.1247 23.8118 22.5389 23.8537 24.4540 26.8514 24.5357 21.0000
16.1864 9.3808 12.0000 11.8322 12.8841 7.8740 14.8997 0.0000 15.3623 11.3137 12.8841 14.9666 9.4868 13.5647 11.2250 16.0624 12.9615 11.0454 8.4853 11.0454 9.1652 13.6382 13.1149 10.4881 12.9615 13.4907 14.9666 10.3923 14.6287 12.4900 27.5862 28.3196 27.3496 27.4044 26.5707 28.8617 26.4953 25.5734 27.6948 27.3496 28.6531 27.2764 27.5862 24.3721 28.8097 27.6948 27.6043 26.1151 27.4408 25.9615 28.3725 26.7021 27.9464 28.8964 27.5681 28.6356 27.2029 24.3926 25.7488 24.5153 12.0830 13.5647 10.2956 14.5602 13.4164 14.1421 13.0384 12.1655 13.3417 17.2627 15.9374 15.0333 15.8114 12.8841 12.6491 10.4881 13.9284 12.3288 18.8149 15.2971 15.0333 12.0000 15.0333 12.8452 13.4907 14.3527 17.5499 12.5698 15.8114 13.5647 18.7617 17.4356 19.5448 18.6548 16.5529 17.5499 15.0997 14.7648 16.1245 18.3848 20.5913 17.1464 19.1833 22.2711 16.6132 14.0712 20.1494 16.0624 19.8997 17.8326 20.6398 19.3907 17.1464 18.0000 18.8680 17.3205 18.2209 13.6382 16.1864 18.3303 27.8927 28.4429 23.8328 25.0200 25.7099 27.8568 26.4575 24.8998 27.3861 24.5153 25.7294 26.8328 24.7790 28.9655 25.1396 25.6125 24.7386 26.7582 25.6905 23.1517 26.1151 25.6515 27.1293 24.8395 24.0416 24.2281 25.7682 28.9655 25.9230 23.1733
10.2956 11.9164 13.4164 8.0000 9.6954 13.6382 14.6969 15.3623 0.0000 14.3527 16.9706 15.2971 13.1909 11.0454 12.2474 13.2665 16.3095 11.8322 11.7473 12.3288 15.5563 14.7648 13.3417 14.4222 12.7279 14.2829 10.0995 14.2127 15.0333 10.9545 26.7395 28.1069 26.3059 26.7021 27.5681 28.7576 25.8457 24.9800 27.9821 26.1916 28.8617 26.4953 27.3313 24.6982 27.6767 26.4008 27.7489 26.3818 26.2488 25.8457 27.0370 25.6710 27.0740 27.6225 26.7955 27.8209 27.1662 23.3880 25.3574 24.1039 14.2829 15.4919 18.1659 11.2250 14.2127 10.6771 16.3095 15.6844 16.8523 14.5602 13.2665 16.0624 12.9615 13.0384 17.0294 15.6844 16.1245 15.2315 17.0880 15.1658 12.0000 13.7113 14.2829 13.0767 13.7113 14.0000 16.5529 17.5499 14.2127 14.4914 19.1833 16.6733 16.3707 21.7715 16.2481 18.2209 18.1108 15.8745 17.4356 17.3205 16.6132 16.3707 17.7200 19.0788 15.6205 13.1149 16.9115 16.4924 19.7484 17.3205 20.6398 18.6011 15.8745 17.9444 17.4356 19.0263 18.9209 16.8523 16.5529 16.5529 28.0357 28.4429 23.9165 24.8596 26.2488 27.1293 25.4951 23.7487 27.5318 23.4307 24.9800 26.7955 25.4558 30.1828 24.2899 25.3377 23.0651 26.4197 24.0416 24.6577 26.8701 24.3311 26.0384 24.5967 25.3772 24.7184 25.6905 28.6531 26.8701 22.4722
12.0830 12.2474 8.3666 11.4891 10.9545 11.5758 10.7703 11.3137 14.3527 0.0000 10.4881 10.0995 10.2956 11.2250 11.6619 10.4881 10.9545 10.0995 11.1355 8.1240 9.4868 13.0384 12.9615 8.3666 7.8740 8.7178 13.0384 8.6023 11.0454 10.0000 24.7184 26.1151 24.8193 23.7276 24.4949 26.4386 23.6643 22.3607 24.2693 24.2074 25.9422 24.2074 26.2869 22.3607 26.2298 25.7099 25.6125 23.2809 24.5967 22.8473 25.5930 24.1454 25.4362 26.0192 25.7294 26.4197 24.9800 20.9045 23.8956 22.7376 12.0830 9.1652 11.9164 10.9545 12.4900 12.9615 12.0000 13.4907 11.4891 11.5758 14.4914 12.4097 12.1655 10.7703 9.2736 14.8997 14.1421 11.9164 14.6287 13.2665 12.7279 12.1655 12.4097 10.1489 10.2956 12.5698 10.8628 11.9164 13.5647 8.7178 18.2757 18.4932 20.4450 19.5448 15.9374 18.5472 17.7200 13.7113 14.9666 18.6011 20.3961 18.3848 15.2971 19.3907 17.9444 13.1149 18.3303 15.0333 19.8997 17.0294 19.8494 20.0499 15.6205 18.2757 17.1464 18.4932 18.3303 13.5647 15.3623 18.1108 24.8596 26.5518 21.9089 22.8035 24.0624 25.5734 22.6274 21.6333 25.9230 21.0000 21.7256 24.5764 23.2809 27.1477 22.9347 23.4094 21.8632 24.4949 23.8747 22.2711 24.0000 23.4094 24.4540 23.3024 22.3607 21.9773 23.9165 26.8514 23.9165 21.1896
14.2127 13.6382 12.6491 13.7840 13.9284 15.5563 8.1240 12.8841 16.9706 10.4881 0.0000 13.9284 13.1149 11.6619 13.4907 10.1980 7.0711 10.1980 13.6382 10.5830 13.2665 11.1355 11.5758 9.7980 8.7178 10.6771 14.0712 13.3417 11.6619 13.6382 25.5539 26.3818 25.1396 24.2281 24.8596 27.0740 23.9583 22.4944 26.2869 25.6125 27.0370 25.6905 26.6271 22.0907 26.5707 24.6779 26.0384 24.4949 25.1197 23.0651 25.7876 25.2784 25.6710 28.7576 26.4575 25.6125 24.2899 21.2838 23.7276 23.1301 11.4018 10.2956 13.0384 12.9615 8.7178 13.2665 13.5647 13.7113 9.5917 12.0830 14.8997 14.7648 13.4907 15.9374 12.7279 14.7648 15.0997 12.6491 14.3527 13.5647 12.5698 11.2250 13.5647 9.8489 12.8062 10.3923 16.1245 13.0384 12.1655 10.0995 19.3907 18.6011 21.0713 19.9499 17.8885 18.9209 17.3205 14.8997 15.5563 18.6011 20.4450 17.6068 18.8149 19.1833 16.9115 15.2315 20.0998 16.3095 18.9209 17.8326 18.8680 20.0000 14.3527 19.0263 19.2354 18.3848 18.7617 14.4914 15.6205 16.9115 25.9615 27.5500 22.2261 23.7487 23.9792 26.0000 24.7790 23.1948 26.7208 22.2486 24.4949 25.0998 24.0000 27.4773 22.9347 24.0416 23.5372 26.0000 24.5357 22.4054 25.2587 23.6220 25.2982 23.8956 23.0217 24.5967 24.8998 27.1846 24.3311 21.0950
10.5830 15.5563 8.3666 13.8564 10.4881 13.0384 12.8841 14.9666 15.2971 10.0995 13.9284 0.0000 12.9615 12.6491 13.7840 11.7473 13.4907 13.8564 12.0000 10.4881 12.0830 12.1655 15.7480 9.7980 9.3808 11.4891 15.2971 13.4907 8.4853 11.4891 27.7669 29.5973 27.8209 27.9821 27.7128 30.2820 27.1662 26.3818 28.4781 27.9285 29.5127 27.8568 29.2746 26.1151 29.4958 29.1033 29.2916 26.7208 27.7308 26.8328 28.3019 27.1846 28.4429 29.3087 28.6705 29.3258 27.8927 24.3926 26.8887 26.7769 13.7840 11.8322 16.7929 13.5647 12.8841 15.3623 17.7200 18.8149 13.1149 17.0880 19.1833 17.3781 15.6844 14.2127 13.1149 16.9115 14.0712 16.4317 17.7764 14.2127 12.4097 16.0000 14.7648 12.2066 14.6287 16.3095 14.2127 18.2209 16.1245 12.7279 22.3159 20.2978 23.4947 24.2487 19.9499 22.7596 20.5913 18.0000 17.7764 21.8174 22.2261 23.1084 18.9737 24.1661 21.5870 16.5529 22.2711 20.1494 24.8998 21.3542 24.6577 23.4521 19.5959 22.7596 19.7990 22.2711 22.0000 18.2757 21.4476 22.7156 28.4956 29.4109 25.6515 25.8457 27.4044 28.9482 25.4558 25.2190 28.7750 23.8118 25.8844 28.0000 26.9444 29.8161 26.4197 27.3861 25.0599 28.1069 27.7849 25.6515 27.3861 25.4165 27.9643 26.4008 26.1534 25.9422 27.7489 30.2820 27.8209 24.3105
13.1909 10.1980 9.3808 13.0384 10.8628 8.3666 11.2250 9.4868 13.1909 10.2956 13.1149 12.9615 0.0000 12.4097 14.0000 13.4164 12.4900 10.0000 7.0711 11.3137 9.3808 12.2474 12.6491 6.9282 12.2474 10.2956 13.1149 10.0000 14.7648 7.7460 27.0000 28.1780 26.7582 26.7769 26.4953 28.4781 25.8844 24.8998 27.6948 27.2397 28.9310 26.6833 27.5500 25.0200 28.1780 27.7308 27.5318 25.0998 26.2869 26.1151 28.7576 26.2869 27.1846 27.5136 27.3496 28.7402 27.4226 24.0624 26.3249 24.6779 13.0384 12.4097 11.1355 11.7473 13.7113 13.7113 12.4900 14.1421 11.5758 16.5529 15.3623 15.7480 13.5647 12.4097 12.2474 12.4097 15.8114 9.5917 16.3707 12.1655 13.1149 13.1909 14.0000 13.6748 12.8062 14.5602 13.7113 13.5647 11.1355 11.5758 19.1833 19.3907 20.6398 22.2711 18.0000 19.0788 18.1659 15.0333 17.3205 20.0000 20.1494 19.5959 17.3205 22.0907 18.2757 14.2829 20.2485 16.7929 21.0713 20.0998 22.0454 21.2603 17.7200 19.4936 15.8745 20.0000 20.4450 16.4924 17.6068 19.4936 27.6767 27.8388 23.7487 24.5764 26.0576 27.4226 25.8457 23.4094 26.9815 24.3105 25.2190 26.6458 25.2190 28.7228 23.8747 26.6833 24.1247 27.1662 25.0200 24.0416 26.0000 25.1396 26.2679 24.9600 24.0832 24.2281 25.4951 29.0689 25.9615 23.5160
12.4097 14.1421 10.4881 10.4881 9.0554 13.0384 9.4868 13.5647 11.0454 11.2250 11.6619 12.6491 12.4097 0.0000 11.5758 11.8322 11.4018 8.9443 11.6619 10.9545 13.4907 9.8995 12.1655 10.8628 10.2956 12.7279 11.9164 11.6619 9.5917 9.6954 24.4336 25.3377 25.1794 24.3516 25.1396 26.5141 24.3721 22.6716 25.4755 24.0416 26.5895 24.0832 25.9808 22.0000 25.8844 24.9199 25.3772 24.4540 24.3516 23.2809 25.5930 23.8956 24.6779 26.7021 24.4949 24.5357 24.4131 21.1424 22.6936 22.0681 9.6954 11.5758 14.1421 11.5758 8.4853 9.7980 14.6287 14.3527 9.6954 13.3417 14.5602 14.2829 11.9164 12.2474 12.4097 15.0997 15.5563 13.3417 14.6287 11.8322 9.1652 13.2665 14.3527 10.4403 11.4891 8.9443 16.7332 15.9374 11.1355 12.0830 18.0000 15.8114 16.0000 19.3391 16.4924 16.7332 16.0624 13.3417 14.8997 15.6205 16.6132 14.8324 16.7332 17.5499 16.7929 12.8062 15.7480 13.7840 18.8149 16.1864 18.9737 18.1659 16.0624 16.9115 16.3095 16.1864 17.2627 13.2665 15.6844 15.4919 25.4165 26.6646 21.2603 22.0454 23.6432 24.8596 23.6643 20.1990 25.9230 21.9317 23.0651 24.4949 23.5372 27.1109 22.4499 23.3238 21.5407 24.1247 23.5797 22.4499 23.7065 23.3666 23.8747 22.4722 22.7156 22.4722 24.4949 26.9258 25.1396 19.5704
13.4164 9.8995 12.4097 6.4807 10.1980 10.4881 14.0712 11.2250 12.2474 11.6619 13.4907 13.7840 14.0000 11.5758 0.0000 14.0712 14.8324 10.2956 10.0995 8.8318 9.4868 11.5758 11.1355 14.2829 9.6954 12.4900 11.9164 11.1355 10.9545 10.9545 25.0799 26.7208 25.5343 24.9199 25.4165 27.4044 24.9399 23.1517 25.1992 24.5357 25.6710 25.6125 25.3574 22.9347 26.9444 25.1595 25.0998 24.5357 25.3180 22.3159 25.0000 24.5967 26.0192 27.2947 25.1396 25.6905 24.5764 21.9773 23.0434 23.3024 10.0995 11.5758 12.5698 11.8322 13.0384 9.2736 12.3288 10.4881 14.6287 13.1909 12.3288 11.8322 13.7840 11.6619 12.0830 12.8841 13.0384 15.7480 16.6132 15.5563 9.0554 12.2474 12.2474 10.7238 10.8628 12.6491 16.6733 14.5602 17.0294 10.9545 18.6011 13.8564 18.1659 16.7929 14.1421 17.3781 13.2665 11.4891 14.3527 16.9115 18.3303 14.9666 19.3391 20.1494 13.7113 13.1909 18.4391 14.7648 18.8680 15.4272 19.3391 15.1658 15.0997 16.3707 19.1311 16.0000 14.8997 12.0830 14.3527 15.9374 26.3818 26.4764 22.0907 23.4521 23.1301 25.9615 23.1948 23.2379 26.4197 20.8567 22.7596 24.9399 22.3159 27.2580 23.1948 22.5389 22.1811 24.0416 23.7487 20.7846 24.3311 22.4499 24.5357 23.0000 22.7156 21.9317 23.7487 26.7021 24.0832 20.5670
10.6771 14.2127 11.3137 12.8841 11.5758 15.7480 10.1980 16.0624 13.2665 10.4881 10.1980 11.7473 13.4164 11.8322 14.0712 0.0000 11.3137 11.8322 14.1421 10.2956 14.1421 13.6382 13.5647 11.0454 8.0000 10.4881 11.8322 14.0000 12.7279 12.5698 25.4362 26.0768 24.5357 24.0624 25.8457 27.2580 23.6220 22.7596 26.0960 24.9399 27.0740 24.5764 26.4008 22.0000 26.3059 23.8956 26.6833 24.5764 24.4745 23.4094 25.1197 24.8797 25.3180 27.4408 25.8844 25.9230 24.5764 20.9523 24.2281 23.1733 13.3417 11.8322 15.6844 11.1355 10.1980 13.3417 13.8564 16.3707 13.2665 9.8995 13.7840 14.0000 12.5698 13.7840 14.0712 16.2481 14.2829 12.8062 15.0333 13.0384 11.9164 13.4164 12.7279 10.6301 13.1909 12.4097 13.6382 15.6205 12.0000 11.7473 20.7846 19.3907 20.9762 23.4094 18.6011 20.0998 20.3470 16.6132 16.4317 19.7484 20.1990 19.2873 17.3205 17.4356 18.0555 14.6287 18.1108 17.3205 20.4939 19.1833 19.7484 21.2132 15.6205 20.5426 19.3907 19.3907 20.2485 16.6733 17.2627 18.6011 26.0384 27.0740 22.8910 23.4521 24.2281 25.4951 23.4521 22.7596 26.7955 21.0476 23.9165 24.4540 23.9583 28.1247 22.4054 23.6643 22.2261 25.5343 24.4131 23.4521 25.4165 23.0217 24.4540 24.0624 23.7487 23.8956 24.3721 25.8263 24.6171 20.9523
13.4164 13.9284 11.9164 14.8997 13.4907 14.7648 8.2462 12.9615 16.3095 10.9545 7.0711 13.4907 12.4900 11.4018 14.8324 11.3137 0.0000 11.0454 12.8062 12.3288 14.5602 12.4097 12.0830 10.0000 10.0995 12.0000 12.0830 14.6969 11.9164 13.1149 26.0192 27.7128 25.9615 25.4755 25.5343 28.2312 24.8596 23.4521 27.1846 26.0384 28.5832 26.0000 27.4773 23.0651 27.6043 26.4764 27.3861 25.6125 26.0960 24.6171 27.3679 25.4362 26.9629 28.2666 26.6083 27.0185 25.1396 22.1133 24.8395 23.6008 11.2250 11.9164 15.0997 11.8322 7.7460 12.4097 15.9374 14.0712 9.6954 14.9666 16.3095 15.8745 13.7840 16.5529 13.5647 15.1658 15.8114 13.1909 16.6132 13.2665 12.9615 11.7473 15.2971 12.2066 15.6205 11.0454 16.7929 14.1421 9.8995 10.0995 20.2485 20.9762 21.5407 21.6333 18.2757 20.0499 19.5959 17.3781 18.2757 19.6469 21.7256 19.5959 18.6548 20.6882 19.3391 17.6068 21.5870 17.6635 20.8806 19.0788 21.0713 22.1811 17.1464 20.1494 17.7764 20.6398 20.0499 15.9374 17.2627 18.3848 26.4953 28.4781 23.4947 23.5372 25.8263 26.4197 25.4951 22.9347 26.4953 23.8118 24.8998 26.4953 25.6905 28.7924 24.1247 25.1396 24.1661 26.9815 25.5343 24.2074 25.4951 25.1794 26.4575 24.8797 23.2809 25.2389 25.4558 28.6531 25.7682 22.0681
11.5758 10.7703 12.2474 10.4881 10.4881 12.0830 8.3666 11.0454 11.8322 10.0995 10.1980 13.8564 10.0000 8.9443 10.2956 11.8322 11.0454 0.0000 10.6771 7.0711 10.3923 11.3137 11.2250 9.0554 9.1652 9.3808 10.0995 10.6771 10.0995 10.0000 26.0576 26.6083 25.9230 25.2389 25.7294 27.7669 25.4165 23.1517 25.9037 25.2982 28.0179 25.3377 27.2580 23.3666 26.8701 26.2107 26.6083 24.7790 25.5930 23.9583 26.7021 25.1992 25.8263 27.7308 25.8070 26.8328 25.4165 22.3830 23.6008 23.6432 11.0454 9.4868 11.8322 12.0000 10.0000 10.9545 12.6491 10.5830 12.4097 12.6491 14.0000 13.7113 12.7279 12.5698 13.4164 15.4272 16.4317 11.4018 16.0624 13.1909 10.0995 12.4097 14.5602 9.5394 10.8628 11.4018 16.6733 13.1149 12.6491 9.4868 16.3095 16.1864 18.4932 17.2047 15.2971 16.0000 15.2315 12.1655 14.2829 16.9115 19.8494 15.6205 17.2047 17.3205 14.8324 12.8841 17.9444 14.4222 18.2757 15.9374 19.5448 17.2047 14.7648 16.1864 17.0880 17.5499 17.3781 12.5698 14.2127 14.7648 26.3818 27.8388 21.6333 23.8747 24.4336 26.4575 24.8596 22.5832 26.7955 23.3452 24.5357 25.5343 24.2487 28.4077 23.4094 24.1661 22.8035 25.2190 24.6171 22.9347 24.2899 24.4131 25.2587 24.3516 23.6643 23.7697 24.9800 27.8388 25.3377 21.3776
11.4018 8.6023 9.0554 9.4868 9.8995 6.0000 12.5698 8.4853 11.7473 11.1355 13.6382 12.0000 7.0711 11.6619 10.0995 14.1421 12.8062 10.6771 0.0000 10.7703 9.2736 11.4891 11.8322 10.1980 11.2250 10.0995 11.1355 11.1355 12.9615 6.9282 26.0960 28.0357 26.3439 26.5895 25.7682 28.5132 25.2587 24.2899 27.3313 26.7955 27.6225 26.7208 26.3629 24.5764 28.0000 26.8142 26.6458 24.9399 26.3629 25.1396 27.6948 25.3969 27.0740 27.6586 26.4197 27.8209 26.4197 23.6008 25.2389 24.0208 11.0454 12.7279 11.2250 9.8995 12.8841 10.3923 12.0000 11.7473 12.1655 16.0000 14.2127 15.1658 12.0830 12.4097 11.7473 9.2736 13.2665 11.9164 15.6205 12.6491 10.4881 11.6619 12.1655 12.2882 12.1655 13.6382 14.4914 14.0000 12.5698 11.3137 17.8326 15.8114 18.2757 19.4936 15.2315 17.2627 14.5602 12.7279 15.7480 17.3781 17.5499 17.8885 16.9115 22.3607 15.8114 13.3417 19.5448 14.8324 19.4936 17.4929 20.9762 18.3303 16.2481 17.4929 14.7648 17.8326 16.7332 14.0712 16.0624 17.6068 27.8927 27.2580 23.5797 23.9583 25.1992 27.0924 25.1794 23.7908 26.4953 23.1301 24.4949 26.3439 24.2074 28.4077 23.3666 25.4165 23.7908 26.7208 24.2899 22.5832 25.9230 23.6643 25.9615 23.8956 23.7065 23.5584 24.8596 28.8617 25.6515 22.5610
10.0000 10.0000 11.5758 9.1652 9.7980 11.2250 11.2250 11.0454 12.3288 8.1240 10.5830 10.4881 11.3137 10.9545 8.8318 10.2956 12.3288 7.0711 10.7703 0.0000 9.5917 11.4018 10.9545 9.3808 7.6158 8.6023 11.8322 10.0000 8.6023 11.3137 26.2869 26.8701 26.2298 25.5539 25.7682 28.2666 25.6515 23.3238 25.3574 25.2587 27.3679 25.6125 27.1846 23.7908 27.4226 26.3249 26.8328 24.6171 25.5930 24.1247 25.9808 25.6320 26.7769 27.8388 26.0384 27.3496 25.5343 22.3830 23.8118 24.2693 11.0454 8.6023 12.7279 11.9164 10.5830 12.7279 12.7279 12.8841 14.0000 12.0000 13.9284 12.6491 14.0000 12.0000 12.7279 15.1658 14.2127 13.7113 16.5529 15.2315 10.2956 12.6491 14.2127 8.3066 10.8628 13.1909 14.5602 14.0000 14.8997 9.3808 18.6548 16.5529 20.8806 18.2209 16.1245 18.4932 15.8745 13.4164 14.6287 18.6548 21.0713 17.7200 18.2209 19.7484 15.4919 13.5647 19.1833 16.1864 20.3470 16.7332 20.6882 17.8326 14.9666 18.4391 19.6469 18.6548 18.1659 13.8564 15.9374 17.2627 26.5707 27.8388 22.6716 24.1247 24.5967 26.8328 24.0000 23.7065 27.6405 22.4277 24.2899 25.2982 23.9583 28.3373 23.9165 23.9583 22.5832 25.2982 24.9800 23.0217 25.0998 23.7908 25.6905 24.4745 24.2899 23.3880 25.1794 27.9464 25.0599 21.5174
15.4272 10.9545 9.8995 12.0830 10.6771 8.3666 13.1149 9.1652 15.5563 9.4868 13.2665 12.0830 9.3808 13.4907 9.4868 14.1421 14.5602 10.3923 9.2736 9.5917 0.0000 11.4891 13.0384 10.0995 10.0995 11.4018 14.8997 8.3666 12.6491 9.6954 26.1343 27.9285 26.2679 25.5930 26.2298 27.3313 25.6905 24.8193 26.1343 25.8070 27.4773 26.4197 26.8142 23.8328 27.8209 27.1109 26.1534 24.5764 25.9808 23.8328 27.0000 25.8650 26.1725 27.5136 26.8328 27.4591 26.5707 23.0434 25.0000 24.7588 12.0830 10.8628 9.3808 13.4907 14.9666 14.0000 11.4891 13.0384 13.1909 15.8745 15.3623 13.4164 15.4919 11.2250 10.0995 13.1149 14.0712 12.5698 17.6635 13.3417 12.4097 14.1421 12.8062 13.1529 10.5830 14.3527 15.0997 13.4164 16.7332 11.4891 19.8494 17.4929 21.2603 20.2978 17.0294 19.2873 15.8745 12.8841 15.3623 20.2978 21.0238 18.5472 19.1833 21.8632 17.3205 13.6382 20.0998 16.7332 20.9762 19.2354 21.0713 19.4422 17.6068 18.5472 19.0263 17.7764 19.0263 14.4222 16.9706 19.6469 26.4953 26.8514 22.8473 24.5764 24.1868 26.8328 23.9165 23.7487 26.6833 22.2036 23.5372 26.1534 23.3238 27.5862 23.9165 25.0200 23.0651 25.2587 25.2190 22.3159 24.6577 24.0832 25.3772 24.2693 23.3238 22.6495 24.7790 27.4773 24.9399 22.4722
14.6287 13.5647 10.8628 12.7279 8.9443 11.9164 10.6771 13.6382 14.7648 13.0384 11.1355 12.1655 12.2474 9.8995 11.5758 13.6382 12.4097 11.3137 11.4891 11.4018 11.4891 0.0000 9.7980 11.0454 10.7703 13.4164 15.7480 11.4018 10.6771 10.6771 27.6948 29.4279 28.1780 27.5500 28.1069 29.6479 28.0357 25.8844 29.1376 27.8568 29.5466 28.2489 28.3019 25.9230 29.4279 28.1603 27.8568 27.0555 27.1846 25.8070 28.7576 27.9106 28.3725 30.2820 28.1425 27.5318 27.4955 24.7184 26.2488 26.3249 11.2250 11.1355 14.1421 13.9284 11.6619 13.1909 15.9374 16.4924 10.5830 16.6733 16.0624 16.0000 16.3707 15.4272 13.1149 15.4272 16.2481 16.2481 17.1464 14.2829 9.3808 14.4914 14.8997 13.8924 13.6382 12.3288 18.2757 18.2209 14.1421 10.3923 23.4094 19.2354 22.1811 23.5372 20.9762 22.3607 18.0555 15.5563 18.7617 21.6795 20.9284 19.4936 22.6716 23.9165 19.2354 16.8523 22.5832 19.1311 23.4947 21.7256 23.4094 21.4942 19.0788 21.8174 21.1660 20.5426 21.2132 17.6635 19.6469 20.7846 28.6007 29.1719 24.8193 25.5734 26.0576 28.1780 26.1534 24.4131 28.9137 24.1868 25.9615 27.9643 25.6905 28.9655 25.0599 27.1662 25.0599 27.7128 26.4197 24.8193 26.6833 25.0998 27.2029 26.0192 25.0200 25.5539 26.9815 29.8161 27.0924 22.9129
14.8997 9.2736 14.4914 11.3137 10.8628 12.0000 12.7279 13.1149 13.3417 12.9615 11.5758 15.7480 12.6491 12.1655 11.1355 13.5647 12.0830 11.2250 11.8322 10.9545 13.0384 9.7980 0.0000 13.1149 12.0000 14.1421 13.7840 11.5758 14.1421 12.7279 24.7992 27.2029 25.6125 24.3516 25.1794 26.4764 24.9800 22.8035 25.5930 23.9583 26.6271 26.1151 25.0000 23.2809 27.1662 25.5147 24.6577 23.6220 23.8956 23.2809 25.8650 25.0000 26.4764 26.4386 25.4558 25.6125 25.0998 21.9773 24.0624 23.3452 9.2736 11.4018 14.6287 10.5830 12.5698 11.9164 13.7113 14.0712 14.0712 14.5602 10.1980 12.1655 15.7480 15.2315 13.0384 13.4164 15.8114 15.6844 17.0294 15.9374 11.0454 11.4891 15.2971 13.6748 13.4907 10.6771 15.8745 14.3527 13.1909 10.0000 22.9783 19.1833 22.4499 21.5407 18.2209 21.9545 17.2047 15.2971 19.1311 21.5407 20.6882 17.2047 22.4944 23.2379 15.9374 17.2047 21.5870 18.3303 21.7715 20.0000 21.0238 19.2354 16.4924 20.0499 21.1660 19.5959 20.2978 17.4929 16.5529 18.2757 25.6905 26.7769 22.9783 23.4094 23.9792 25.1396 23.9165 22.3159 26.4953 21.6564 23.0217 25.7682 23.0651 26.9258 22.3607 23.9583 21.6795 25.2982 22.5389 22.8473 24.9800 22.9347 24.8193 23.4307 23.1084 22.5610 23.9583 28.2312 24.5764 20.4206
12.2474 12.8062 8.4853 13.7840 10.4881 11.1355 9.1652 10.4881 14.4222 8.3666 9.7980 9.7980 6.9282 10.8628 14.2829 11.0454 10.0000 9.0554 10.1980 9.3808 10.0995 11.0454 13.1149 0.0000 9.7980 9.6954 14.2829 10.0995 11.3137 10.0995 27.6586 28.2135 27.0924 26.8887 26.7955 29.0000 26.3059 25.2982 28.0891 27.6043 29.5127 26.7582 28.7228 24.7386 28.3549 27.9106 28.3901 25.7682 26.8142 26.3439 28.5132 26.8887 27.3679 28.9655 28.0713 28.6007 27.3496 23.7276 26.1725 25.3180 13.1149 10.2956 13.0384 13.2665 11.1355 14.8324 14.2829 15.8745 10.1980 15.7480 17.2047 16.1245 14.2127 13.1909 12.4097 14.8997 15.6844 11.0454 16.6733 12.4097 13.3417 13.1909 14.6969 11.4455 13.0384 13.3417 14.4222 14.2127 11.7473 11.2250 19.6469 19.8494 21.5870 22.3607 18.9737 19.7990 18.9737 16.0000 16.5529 20.3961 21.4009 19.8997 17.5499 21.3073 19.2873 14.2829 20.3961 17.7200 21.7256 20.1990 22.0000 22.2711 17.2047 20.3961 18.1108 20.1990 21.4476 16.3095 18.2209 19.8494 27.6043 28.8271 23.8747 25.0200 26.5141 27.8927 26.0768 23.7487 27.8209 24.3926 25.9615 27.0185 26.1534 29.2746 24.7790 26.7582 24.5357 27.5318 26.3059 24.7386 26.2679 25.6125 26.9444 25.6710 24.7790 25.5147 26.6833 29.2746 26.5707 23.4734
10.0995 11.6619 9.5917 9.8995 10.5830 13.4907 8.7178 12.9615 12.7279 7.8740 8.7178 9.3808 12.2474 10.2956 9.6954 8.0000 10.0995 9.1652 11.2250 7.6158 10.0995 10.7703 12.0000 9.7980 0.0000 8.6023 10.4881 12.3288 8.6023 10.1980 24.5967 26.2679 24.1247 23.4734 24.6982 26.6646 23.2809 22.4944 25.1197 24.2487 26.2869 24.7790 26.0192 21.6333 26.0768 24.4745 25.4558 23.9165 24.4336 22.1359 24.4336 24.0624 24.5561 26.8887 25.6905 25.3377 24.1247 20.4206 23.0868 22.8254 10.1980 9.2736 13.3417 9.8995 9.8995 10.2956 13.1149 12.7279 11.1355 10.4881 13.7113 12.5698 11.4018 12.2474 11.0454 14.2829 11.3137 11.9164 13.8564 10.9545 9.1652 10.2956 9.6954 7.9373 10.0995 10.7703 13.4907 13.6382 13.4907 9.0554 18.0555 16.3095 19.4422 19.5448 15.0997 17.8885 16.1864 13.4164 13.1909 17.2047 18.7083 17.3781 16.4924 17.7200 15.7480 12.4900 17.8326 15.4272 18.7083 16.1245 18.7083 18.1659 13.7840 17.2627 17.2047 17.7764 17.2047 13.7113 15.3623 16.8523 25.3772 26.5518 21.8174 23.4094 23.3024 25.3377 22.7596 22.7156 25.6125 20.3715 22.6716 24.7386 23.1517 27.2213 22.5832 23.2379 21.9089 24.7386 23.7487 22.0000 24.3721 22.3159 24.1661 23.3024 22.8910 23.2594 24.0416 26.1343 24.0832 20.4695
8.7178 12.2474 10.6771 11.9164 12.9615 13.1909 9.1652 13.4907 14.2829 8.7178 10.6771 11.4891 10.2956 12.7279 12.4900 10.4881 12.0000 9.3808 10.0995 8.6023 11.4018 13.4164 14.1421 9.6954 8.6023 0.0000 10.5830 13.0384 11.7473 9.5917 24.9600 25.6905 24.7386 24.2693 24.0416 27.5500 23.3666 21.1660 25.0000 25.6515 25.8650 24.6171 26.1343 23.3666 25.8844 24.7992 25.9615 23.1084 24.8395 23.0217 25.6710 24.4336 25.7488 27.3313 25.2587 26.3818 24.0832 21.6564 23.3452 23.0868 13.5647 10.0995 12.0830 10.1980 12.4097 12.4900 10.9545 11.9164 12.5698 11.4891 14.8324 14.9666 9.7980 13.3417 12.4900 14.7648 15.3623 11.7473 12.4097 13.1909 10.6771 12.9615 11.7473 9.7468 11.1355 14.1421 12.7279 13.9284 12.2474 9.2736 15.8745 16.3707 19.9499 18.2209 15.2315 16.6132 16.0624 11.9164 13.4907 17.2047 19.2354 18.8680 13.8564 19.0263 15.5563 13.0384 18.8680 14.0712 18.1659 16.1245 19.7990 17.7764 13.3417 17.4356 14.6969 19.0788 16.0624 13.4164 14.4914 16.3707 26.4197 26.2869 21.8632 22.9347 24.1039 26.3439 23.6220 22.7156 26.4575 21.5639 23.4094 24.1247 23.3238 27.3679 21.8174 23.5797 23.1084 25.6125 24.0832 21.5870 24.9399 22.1359 24.4949 23.5584 23.2379 23.1301 24.2487 27.3313 23.5372 21.7486
9.0554 11.4891 13.7113 10.5830 13.1149 14.5602 11.2250 14.9666 10.0995 13.0384 14.0712 15.2971 13.1149 11.9164 11.9164 11.8322 12.0830 10.0995 11.1355 11.8322 14.8997 15.7480 13.7840 14.2829 10.4881 10.5830 0.0000 16.3707 13.4907 10.9545 23.9792 25.6905 23.7908 24.0208 24.2487 27.1846 22.7156 21.2132 24.8395 23.9583 26.3629 24.0000 25.2784 22.1359 25.4165 24.1868 25.6515 23.8747 24.4336 22.7596 24.9600 22.8254 24.8797 25.4362 23.7487 25.8457 23.3238 20.7123 22.4722 21.6102 12.1655 13.8564 15.5563 8.2462 11.2250 7.3485 14.0000 10.2956 14.8324 12.4097 13.0384 14.6969 9.5917 13.7840 15.2315 14.7648 15.0997 12.7279 14.9666 13.0384 10.0000 11.9164 12.8841 11.2694 13.7840 12.8841 16.1245 14.7648 11.6619 11.5758 15.4272 16.3707 17.1464 18.3848 12.9615 15.6205 16.8523 14.4222 15.3623 15.3623 18.0000 17.0294 14.9666 16.7332 14.6969 14.6969 17.5499 14.0712 17.2047 14.6287 19.1833 16.6733 14.3527 15.7480 13.3417 18.8680 15.2971 13.7840 14.0712 14.2127 25.8070 26.2488 21.5407 22.1359 23.9792 24.9399 23.5372 21.7256 24.7386 21.7945 22.9347 24.2074 23.5372 27.9106 21.8174 22.4944 21.9089 24.4540 22.9783 21.9089 24.0832 22.5832 24.0000 22.9129 22.5389 22.7816 23.0651 26.5518 23.9583 20.6640
15.9374 12.4900 9.5917 11.6619 8.4853 8.6023 13.3417 10.3923 14.2127 8.6023 13.3417 13.4907 10.0000 11.6619 11.1355 14.0000 14.6969 10.6771 11.1355 10.0000 8.3666 11.4018 11.5758 10.0995 12.3288 13.0384 16.3707 0.0000 13.6382 10.0995 26.9629 28.2135 27.5681 26.1725 27.3496 27.6586 26.8328 25.0200 26.7021 26.0384 27.9821 26.6083 27.5862 24.8193 28.5307 27.5862 26.8701 25.1794 26.4764 24.9399 27.8029 26.6271 27.6225 28.2312 27.5318 27.7849 27.7128 23.8537 26.2107 24.8395 13.3417 10.0995 11.7473 13.9284 15.2971 14.6969 12.3288 15.3623 13.4164 15.0997 14.1421 13.1909 15.6844 11.3137 11.0454 15.1658 17.0880 14.2829 17.6635 15.4919 13.6382 14.8997 15.0997 14.0357 10.6771 13.2665 14.4222 13.5647 15.8114 11.1355 20.9762 18.7617 20.3470 21.3073 18.2757 20.0000 17.5499 13.3417 17.4929 20.6398 20.4450 17.1464 19.2873 21.7256 18.0555 13.6382 19.4936 16.6132 21.4942 19.6469 20.9762 20.6882 18.0555 19.2873 20.3470 17.6635 20.5913 14.8324 16.6733 19.1311 27.0185 28.3019 23.8328 24.8193 25.5539 27.3130 24.6982 23.4094 28.2843 23.3452 23.8328 26.7582 24.3721 28.7576 24.4540 25.3772 23.2379 26.0384 25.4558 23.8328 25.6515 25.2190 25.9615 24.8395 24.3721 22.7816 25.8457 28.6880 26.1916 22.8692
11.0454 15.3623 11.5758 12.3288 10.7703 14.2829 10.7703 14.6287 15.0333 11.0454 11.6619 8.4853 14.7648 9.5917 10.9545 12.7279 11.9164 10.0995 12.9615 8.6023 12.6491 10.6771 14.1421 11.3137 8.6023 11.7473 13.4907 13.6382 0.0000 12.1655 27.3313 28.9137 27.8568 27.4408 27.3496 30.0500 27.3861 25.4558 27.6225 26.9444 29.3087 27.4591 29.1719 25.3772 29.0517 28.6531 28.6007 26.9072 27.6948 25.6515 27.7308 26.6271 27.7669 29.6816 27.6405 28.3901 26.8328 23.7276 25.1595 26.1343 11.4018 10.4881 16.0000 14.0000 9.5917 12.7279 17.5499 15.7480 12.5698 15.4919 18.3848 16.5529 15.4272 15.1658 13.9284 17.8885 15.7480 16.9115 17.7764 15.0997 9.7980 15.4272 16.0624 9.8489 13.7113 14.0000 17.4356 17.4929 16.1245 11.0454 20.0000 18.0555 21.5407 20.0000 18.1108 20.3470 17.8885 15.7480 16.3707 19.1833 21.8174 20.1990 19.6469 21.6795 19.4422 16.3095 21.3073 18.1108 22.7596 18.3848 23.2379 20.5426 18.3303 20.2978 19.7990 20.3961 19.4422 15.1658 19.2873 19.2354 27.9643 29.7489 24.1661 25.4558 26.3629 28.4253 25.5343 24.6577 28.6007 24.1868 25.8457 27.6405 26.5330 29.7153 26.3439 26.1534 24.6171 27.0185 27.4591 24.8998 26.1534 25.7294 27.6405 26.0192 25.5734 25.7876 27.3861 29.9833 27.7849 23.0000
11.2250 11.9164 6.9282 10.0995 8.2462 9.3808 9.7980 12.4900 10.9545 10.0000 13.6382 11.4891 7.7460 9.6954 10.9545 12.5698 13.1149 10.0000 6.9282 11.3137 9.6954 10.6771 12.7279 10.0995 10.1980 9.5917 10.9545 10.0995 12.1655 0.0000 25.6320 27.5681 26.0768 25.6320 26.1151 27.9106 25.0998 23.9165 26.8887 26.0768 27.3679 25.8844 26.5895 24.3721 27.3496 26.5518 26.3818 24.7790 25.7099 24.2074 27.4408 25.0400 26.2107 26.9258 26.3059 27.1293 26.3059 23.0434 25.2389 23.9374 11.9164 11.7473 12.5698 9.3808 13.5647 9.4868 12.4900 12.8841 10.4881 14.6287 14.2829 14.8324 11.0454 11.8322 11.1355 13.3417 15.3623 12.1655 14.5602 11.4018 8.6023 13.4907 11.5758 12.8452 11.3137 13.3417 12.8062 15.1658 11.2250 9.8995 18.2757 17.2627 17.6068 21.0713 16.1245 17.8326 17.0294 12.4097 16.1864 17.4929 16.9115 18.0555 15.6844 20.3470 17.2627 12.7279 18.4391 14.8324 19.8494 17.9444 20.9284 19.3907 17.0294 17.7200 13.8564 18.4932 17.6635 14.6287 16.2481 17.6635 27.2029 27.0000 22.9347 23.7065 25.0000 26.4953 24.2487 22.4499 26.4197 22.6053 23.4947 26.0384 24.3721 28.1603 23.1517 25.3377 23.1948 26.1916 24.2899 23.0217 25.2190 23.7487 24.9399 23.8956 23.2809 23.2164 24.6171 28.0891 25.7294 22.3830
27.0000 25.2784 26.9629 24.7184 27.4773 27.6948 24.7992 27.5862 26.7395 24.7184 25.5539 27.7669 27.0000 24.4336 25.0799 25.4362 26.0192 26.0576 26.0960 26.2869 26.1343 27.6948 24.7992 27.6586 24.5967 24.9600 23.9792 26.9629 27.3313 25.6320 0.0000 12.3693 9.3274 8.6023 9.8489 8.7178 9.6437 11.1803 12.0000 9.2195 11.9164 13.0000 10.6771 11.9583 9.1104 14.8997 9.2195 8.8882 8.9443 9.7468 13.5647 8.1240 10.0000 11.0454 12.4499 11.3578 11.8743 10.2956 12.2474 10.9545 21.9317 23.7697 23.5160 20.7605 25.4362 22.1133 20.5670 22.9129 23.7276 21.7945 20.1246 21.2838 20.6640 21.7486 19.4679 23.6432 24.2281 24.5153 19.2614 22.3830 23.8118 23.8956 21.6102 22.9783 21.8861 21.3776 23.6008 22.0681 24.9199 25.6320 24.3105 22.4277 25.6710 23.5160 19.8242 23.4307 23.0434 21.9773 21.2368 23.5584 22.6495 22.0681 23.3452 23.8118 21.5639 23.8956 21.2368 20.0749 22.2036 21.4243 19.9249 20.1742 20.8567 20.9523 22.6495 22.5610 19.8242 21.9773 19.3649 21.1424 9.3274 11.1355 11.0905 13.0000 11.9164 11.8743 12.7671 11.9583 12.8452 11.1355 9.5394 13.3791 10.9087 12.0830 11.4455 12.4499 11.9583 10.0499 12.1244 12.6095 13.3041 12.1244 13.0767 10.2956 13.1529 11.7473 13.4536 16.7332 12.7671 12.9615
28.6007 26.7208 28.4605 26.3818 29.4618 29.1548 25.7682 28.3196 28.1069 26.1151 26.3818 29.5973 28.1780 25.3377 26.7208 26.0768 27.7128 26.6083 28.0357 26.8701 27.9285 29.4279 27.2029 28.2135 26.2679 25.6905 25.6905 28.2135 28.9137 27.5681 12.3693 0.0000 13.2665 11.7898 10.9545 14.3178 12.4900 10.1980 11.7047 13.4907 10.2470 10.2956 13.1529 13.2665 9.8995 12.9228 12.8062 10.9545 10.2470 12.6491 13.4536 13.3791 13.9642 14.6629 11.5758 10.0995 9.0554 14.1067 12.4499 11.5326 24.2074 24.4949 24.3311 23.7908 26.0768 24.4131 20.7846 24.0416 24.5764 22.6274 22.1359 21.4476 21.6795 21.6333 21.4009 25.5734 25.6905 25.1396 20.7846 24.4949 25.2982 24.8193 23.7065 23.5160 24.0416 23.3666 26.0384 24.0832 25.5343 27.7489 24.0000 23.3666 26.1534 23.7065 21.7256 22.5832 24.5357 23.5797 20.5426 23.5797 24.2899 21.8174 23.2809 21.9089 21.9545 24.2074 20.5913 20.8806 22.4499 22.0000 20.0000 19.6977 21.1660 21.8632 24.6577 23.7065 20.7364 22.6274 19.9499 21.8174 13.6382 12.2066 12.2474 13.1909 13.5277 13.4907 16.1245 12.5698 16.6132 14.8661 15.4919 8.6023 12.8062 11.9583 11.5758 10.4881 15.2315 11.3137 16.0624 12.5698 14.1421 13.7113 12.2474 13.3791 14.8997 13.1529 15.9374 15.1987 10.0995 14.3875
26.5330 24.6171 27.0185 24.6577 27.9285 28.2843 24.6982 27.3496 26.3059 24.8193 25.1396 27.8209 26.7582 25.1794 25.5343 24.5357 25.9615 25.9230 26.3439 26.2298 26.2679 28.1780 25.6125 27.0924 24.1247 24.7386 23.7908 27.5681 27.8568 26.0768 9.3274 13.2665 0.0000 10.0499 9.5917 11.6190 9.7980 13.0384 15.9060 13.1909 14.4568 12.2474 10.4403 10.6771 8.1240 13.3791 11.4018 11.5758 9.5394 10.1980 12.7671 9.0000 8.5440 12.9228 13.6382 13.4164 11.8322 9.1104 13.3041 10.8167 23.0651 23.8747 23.8328 21.4476 25.2982 22.3607 21.0713 23.3238 23.8328 21.2603 20.7364 21.7715 20.5426 21.4476 20.2485 23.7908 23.3238 23.5797 19.2873 21.9545 24.5764 22.7596 20.2978 22.0681 22.4054 22.1811 23.8328 21.6333 25.1794 25.6125 24.0832 23.1517 26.3059 24.8193 20.2978 23.2379 24.4949 23.4094 20.9762 23.8747 23.7065 22.8035 23.5372 22.9347 21.9089 23.3666 21.6333 21.1187 22.6274 22.4944 20.7364 21.2132 20.4939 21.8632 23.5372 24.0000 20.6398 22.9347 20.0000 21.9545 9.4868 11.5326 9.7980 13.3417 10.1489 11.0454 13.1909 14.4914 9.8995 10.8167 11.7473 13.1909 10.9545 13.8924 11.5758 13.2665 12.2474 11.3137 11.4018 13.1149 11.9164 11.0454 14.0712 12.6886 10.7703 15.9687 11.6619 12.7671 12.0000 12.0416
