0.0000 6.7723 4.2314 7.4973 4.5734 9.1453 4.2202 8.1522 4.4358 5.5775 5.6977 7.1609 7.1854 8.9461 5.9367 4.3392 4.7413 6.7839 6.6502 5.5609 7.8283 4.8850 11.5867 4.7816 3.9787 4.6159 8.5169 4.6894 6.7756 6.1805 22.0061 22.1017 21.0030 21.7392 21.1126 21.2406 20.8615 21.3467 21.6061 21.7556 20.4634 21.5483 22.2483 21.3367 21.0404 20.8022 22.0485 21.5029 21.2461 20.1150 20.5783 21.7747 20.4027 21.3536 21.6239 21.4449 18.8459 20.2956 21.8479 21.1821 16.7824 13.4460 14.9930 16.5976 15.7006 14.2910 16.4946 16.1278 14.1575 19.3274 14.6840 16.1176 20.9428 20.2623 15.7751 11.9096 16.4377 17.3183 17.6159 15.5401 13.5564 16.0713 19.8363 17.8475 16.5855 14.0460 15.4636 18.4526 19.2538 14.6150 14.8701 16.2806 19.6680 19.8152 19.8777 14.6074 8.9166 18.9852 17.1056 10.0355 15.0239 16.7211 14.3569 18.7763 16.2857 17.6835 17.9852 15.5416 10.8026 19.2924 18.2485 11.3142 19.2779 15.5190 17.1214 12.2515 15.6090 19.1191 17.1930 19.4446 20.8429 22.0401 21.7880 21.7831 21.6532 21.3119 21.6597 21.7124 21.7805 20.7972 20.8858 22.4161 22.3850 20.9700 20.2517 21.9876 21.8971 22.1490 21.0215 21.8216 21.8312 21.7087 20.5200 21.3605 21.6983 22.1477 20.8256 21.7499 21.3559 22.2545
6.7723 0.0000 6.6394 7.3050 7.7031 6.9101 5.1794 5.5108 5.8801 6.5391 9.1052 10.7571 9.9889 7.0301 5.6570 7.0578 6.4331 7.3488 6.8789 6.9706 5.5820 6.0274 9.8024 5.8008 6.8055 7.7299 9.2362 6.0938 8.5010 8.4563 19.9520 20.1513 18.9044 19.6484 18.9641 19.2366 18.8447 19.2523 19.5386 19.7497 18.5253 19.4737 20.2146 19.2454 19.0079 18.8826 19.9857 19.5086 19.1331 18.1323 18.4167 19.7789 18.3231 19.3926 19.6217 19.3843 16.6423 18.2005 19.8353 19.1302 15.1157 11.3471 13.2560 14.8140 13.9259 12.4850 14.4376 13.9397 12.2043 17.2928 12.1943 14.0630 18.8392 18.2121 14.2120 10.5221 14.5182 15.3829 15.5577 13.7475 12.7384 14.0428 18.0535 16.2572 14.4710 12.0852 13.4682 16.0774 17.4376 12.7641 13.0374 13.5678 17.6695 17.5926 17.6532 12.1536 6.0714 16.5436 14.5762 8.5631 13.0949 14.1385 11.1789 16.5970 14.0099 15.2844 15.6437 12.8558 9.8568 17.1102 15.9734 8.3813 16.9088 12.6171 14.6304 9.3427 13.0134 16.8425 14.7114 16.9741 18.7056 19.9913 19.7107 19.7306 19.6448 19.2105 19.5799 19.6608 19.7442 18.5682 18.8550 20.3796 20.3398 18.8766 18.1447 19.9271 19.8738 20.0517 18.9054 19.7891 19.7482 19.6433 18.5964 19.2996 19.6266 20.1154 18.7305 19.6941 19.2498 20.1887
4.2314 6.6394 0.0000 6.1649 4.2146 7.4938 5.3418 7.9120 4.6040 4.8144 6.3889 7.7674 7.0321 7.6861 4.9733 5.0814 4.5888 5.6797 6.6434 6.0902 6.6191 4.2366 10.6264 5.6571 4.8557 4.9794 7.6845 4.9275 6.5192 7.5137 21.2920 21.3996 20.2834 21.0306 20.3834 20.5433 20.1764 20.6268 20.8876 21.0687 19.7094 20.8224 21.5349 20.6213 20.3288 20.0969 21.3437 20.7811 20.5354 19.4083 19.8320 21.0730 19.6886 20.6787 20.9251 20.7335 18.0874 19.5688 21.1453 20.4709 16.0220 12.5297 14.1589 15.6878 14.8432 13.4913 15.6708 15.2447 13.1091 18.5577 13.8093 15.3708 20.2163 19.4964 15.0648 11.0854 15.5964 16.5033 16.8384 14.7402 12.7769 15.1944 19.1649 17.1447 15.8051 13.3203 14.5604 17.6232 18.5732 13.7289 13.9799 15.4689 18.9057 19.0485 19.0822 13.8521 7.8454 18.1607 16.2014 9.4816 14.2395 15.8312 13.3489 18.0014 15.3660 16.8603 17.1546 14.6533 10.0104 18.4964 17.4794 10.4529 18.4649 14.5348 16.2970 11.3632 14.6849 18.3034 16.3164 18.6079 20.1098 21.3324 21.0697 21.0646 20.9364 20.5688 20.9369 21.0052 21.0520 20.0337 20.1724 21.6828 21.6794 20.2369 19.5128 21.2720 21.1801 21.4253 20.2865 21.1144 21.1061 21.0017 19.8075 20.6396 20.9863 21.4262 20.1113 21.0424 20.6400 21.5252
7.4973 7.3050 6.1649 0.0000 6.7583 6.5517 7.4947 6.5417 8.2492 7.1082 10.4397 11.7509 11.0571 5.0435 7.5749 8.9777 7.8182 6.9283 7.6346 9.4934 4.6091 7.8108 9.3735 8.4308 8.5557 7.7573 10.1500 7.9083 9.7908 10.6875 19.7988 19.9127 18.7398 19.4915 18.8274 19.0524 18.6727 19.0846 19.3778 19.5750 18.3448 19.3094 20.0370 19.1054 18.9001 18.5695 19.8339 19.3038 18.9874 17.9710 18.2626 19.5701 18.2190 19.1574 19.4281 19.2349 16.5917 18.0268 19.6550 18.9473 14.7151 11.0076 12.6459 14.4980 13.3857 12.4415 13.9942 13.5822 11.6397 17.0976 12.1571 13.9660 18.6646 17.9751 13.9464 10.0776 14.1756 15.0397 15.3021 13.2904 12.2973 13.8418 17.6843 15.7081 14.2311 11.9626 12.9518 15.8260 17.0012 12.5926 12.6851 13.7561 17.2988 17.4393 17.4026 12.2201 6.0592 16.3645 14.2928 10.2487 12.7317 13.9804 11.2015 16.2331 13.4835 15.1020 15.5545 12.7499 9.9665 16.8254 15.7956 9.0959 16.6873 12.3124 14.4796 9.4418 12.7930 16.6369 14.4102 16.7802 18.5699 19.8246 19.5452 19.6179 19.4962 19.0797 19.4246 19.4935 19.5696 18.4076 18.7556 20.1992 20.1945 18.7199 18.0626 19.7777 19.6904 19.9165 18.7843 19.6113 19.5821 19.5299 18.2932 19.1183 19.4817 19.9316 18.6224 19.5422 19.1165 20.0318
4.5734 7.7031 4.2146 6.7583 0.0000 8.7554 5.9874 9.1255 5.6273 5.6637 7.4092 8.5167 7.6555 8.4672 6.6205 6.1627 6.1166 6.3729 7.7940 7.1643 7.3726 6.0001 11.0905 6.5492 5.0144 6.0805 8.6557 6.2591 7.7132 8.7820 21.7418 21.8084 20.7589 21.4868 20.8678 20.9735 20.6156 21.0967 21.3462 21.4986 20.1494 21.2788 21.9714 21.0924 20.7821 20.5267 21.7946 21.2246 21.0087 19.8787 20.3387 21.5019 20.1661 21.1067 21.3489 21.1843 18.6338 20.0417 21.5833 20.9273 16.4482 13.2772 14.6783 16.2946 15.4495 14.0417 16.2245 15.7460 13.8620 19.0581 14.4607 15.9459 20.6797 19.9595 15.6764 11.8004 16.0638 17.0481 17.3296 15.2383 13.4677 15.8174 19.5613 17.5889 16.3583 13.9060 15.1454 18.1452 18.9493 14.4083 14.5971 16.1130 19.3895 19.5578 19.5666 14.5406 8.8253 18.6760 16.7532 10.7092 14.7930 16.3993 14.0807 18.4643 15.9343 17.3891 17.6850 15.2867 10.9278 19.0060 17.9663 11.3861 18.9654 15.1625 16.8427 12.0202 15.2404 18.8332 16.8952 19.1191 20.5812 21.7851 21.5230 21.5124 21.3726 21.0366 21.4001 21.4492 21.4854 20.5106 20.6504 22.1203 22.1094 20.7105 19.9889 21.7102 21.6259 21.8758 20.7918 21.5646 21.5561 21.4543 20.2483 21.0917 21.4255 21.8464 20.6001 21.4989 21.1167 21.9810
9.1453 6.9101 7.4938 6.5517 8.7554 0.0000 8.8869 8.1371 8.7811 8.1297 11.1053 12.3356 11.5437 5.3128 7.3732 9.7395 9.0509 8.3335 7.9243 9.5170 6.1256 8.3073 9.4784 9.2968 9.4183 9.1436 10.3784 8.0050 9.3657 11.0868 18.2810 18.4655 17.1736 17.9479 17.2362 17.5356 17.1645 17.5363 17.8547 18.0771 16.7109 17.7658 18.5613 17.5580 17.2929 17.1174 18.3191 17.7849 17.4159 16.4594 16.6931 18.1222 16.6080 17.7166 17.9424 17.6807 14.8545 16.4122 18.1242 17.3970 13.2726 9.1627 11.2306 12.9649 11.9845 10.8680 12.5908 11.9380 10.5115 15.5861 10.0534 12.5439 17.1226 16.4232 12.5343 9.4600 12.4423 13.7088 13.7567 11.8771 11.1491 12.2355 16.4714 14.6950 12.5691 10.2979 11.5753 14.0732 15.7262 10.9505 11.0372 11.6597 15.8687 15.8906 15.7425 10.5684 6.3218 14.7107 12.7930 9.1023 11.4024 11.9244 8.4834 14.6819 11.7263 13.3736 13.6863 10.7190 8.3554 15.3556 14.1261 7.3409 14.9120 10.0007 12.6001 6.9873 11.1322 14.8916 12.7358 14.9461 17.0110 18.3226 18.0257 18.0755 17.9703 17.4861 17.9104 17.9765 18.0264 16.7465 17.2283 18.6816 18.6966 17.1405 16.3833 18.2479 18.1894 18.4150 17.1959 18.1185 18.0564 17.9808 16.8598 17.5700 17.9500 18.4408 17.0312 18.0207 17.5416 18.5040
4.2202 5.1794 5.3418 7.4947 5.9874 8.8869 0.0000 6.0228 4.6147 5.0587 7.0718 8.9488 8.7126 7.8162 5.7697 4.8308 4.7140 6.1586 5.7688 5.8124 6.5963 5.4857 11.0127 3.2787 4.8700 5.9036 8.6765 4.6741 7.1510 6.5908 21.1560 21.2836 20.1501 20.8800 20.2406 20.4224 20.0309 20.4968 20.7520 20.9227 19.7164 20.6862 21.3949 20.4829 20.2376 20.0038 21.1982 20.6907 20.3930 19.3465 19.7039 20.9470 19.5858 20.5328 20.7996 20.6070 17.9933 19.4557 21.0305 20.3354 16.1629 12.7010 14.2818 15.9256 14.9505 13.5894 15.5809 15.2340 13.3364 18.4926 13.7138 15.3030 20.0760 19.4187 15.2680 11.2196 15.6613 16.4861 16.7731 14.7776 13.3482 15.3144 19.0516 17.1203 15.7323 13.2514 14.6380 17.4726 18.3993 13.9372 14.1022 15.1454 18.8102 18.8817 18.9369 13.6078 7.6291 17.9693 16.0374 9.4188 14.1909 15.6764 13.0931 17.7925 15.2591 16.6793 17.0161 14.4560 10.5859 18.3626 17.2715 9.9675 18.2840 14.3247 16.0868 10.9708 14.5064 18.1676 16.1257 18.3997 19.9569 21.1865 20.9287 20.9535 20.8295 20.4441 20.7891 20.8567 20.9468 19.8721 20.0855 21.5704 21.5226 20.1277 19.4244 21.1300 21.0585 21.2603 20.1621 20.9767 20.9739 20.8555 19.7010 20.5097 20.8336 21.2975 19.9947 20.9052 20.4978 21.3970
8.1522 5.5108 7.9120 6.5417 9.1255 8.1371 6.0228 0.0000 7.9970 8.3664 11.0716 12.7403 12.3711 6.1343 8.0891 9.1060 7.8025 8.7036 6.7106 9.7492 5.4280 8.1677 10.2059 7.7463 9.1287 9.4450 10.6136 7.5609 10.1858 10.1864 19.7072 19.9079 18.6819 19.4006 18.7374 19.0414 18.6412 19.0162 19.3022 19.5303 18.4046 19.2526 19.9681 19.0106 18.8654 18.6177 19.7440 19.2719 18.8975 18.0130 18.1796 19.5390 18.1646 19.1345 19.4135 19.1708 16.5127 17.9951 19.6174 18.8745 15.0884 11.4271 13.0596 14.6098 13.6722 12.5834 14.0291 13.7982 11.9853 17.0269 12.2260 14.0746 18.6049 17.9566 14.2831 10.5025 14.4494 15.1710 15.3643 13.6124 12.9918 13.9670 17.7683 16.0084 14.3702 12.2287 13.1917 15.7782 17.0619 12.8518 12.9344 13.3669 17.3005 17.3063 17.3426 12.0131 6.0837 16.2539 14.2010 9.6162 12.8138 13.9675 10.9964 16.2107 13.5155 15.0052 15.4322 12.7078 10.6490 16.7504 15.7808 8.7517 16.6057 12.2700 14.3611 9.3539 12.8056 16.5616 14.3031 16.6260 18.4708 19.7371 19.4782 19.5532 19.4703 18.9776 19.3402 19.4317 19.5472 18.2980 18.7520 20.1481 20.1011 18.6724 18.0302 19.6959 19.6368 19.7976 18.7022 19.5536 19.5114 19.4374 18.3260 19.0547 19.4092 19.8917 18.5511 19.4655 19.0356 19.9731
4.4358 5.8801 4.6040 8.2492 5.6273 8.7811 4.6147 7.9970 0.0000 5.8251 5.3997 7.2358 6.3323 9.1161 5.4466 4.1762 4.5801 7.5268 6.7161 4.2461 7.9180 3.6856 11.4267 4.4036 4.3349 5.4609 7.5798 4.1232 5.7551 5.8721 21.8254 21.9568 20.8362 21.5617 20.9240 21.0899 20.7409 21.1666 21.4333 21.6095 20.2887 21.3785 22.0748 21.1626 20.8616 20.6813 21.8691 21.3413 21.0611 19.9792 20.3847 21.6131 20.2246 21.2473 21.4705 21.2687 18.6278 20.1155 21.6861 21.0223 16.7175 13.3394 14.9788 16.3913 15.5611 14.0073 16.4002 16.0054 14.0179 19.1242 14.4613 16.0055 20.7700 20.0943 15.6853 12.0004 16.3077 17.2057 17.4827 15.5293 13.5134 15.8294 19.7769 17.8657 16.4527 14.0216 15.3317 18.2502 19.2341 14.4870 14.7301 16.0183 19.5552 19.6327 19.6934 14.4910 8.8716 18.7740 16.9114 9.4003 14.9660 16.5045 14.1011 18.6801 16.1537 17.4986 17.7364 15.3471 10.5190 19.1288 18.0944 10.9869 19.0852 15.3085 16.9657 12.0127 15.4002 18.9085 17.0210 19.2322 20.6583 21.8666 21.6116 21.5962 21.5047 21.1008 21.4823 21.5496 21.6023 20.5967 20.7297 22.2266 22.2141 20.7803 20.0663 21.8093 21.7221 21.9589 20.8314 21.6624 21.6427 21.5423 20.4058 21.1951 21.5340 21.9718 20.6418 21.5794 21.1699 22.0673
5.5775 6.5391 4.8144 7.1082 5.6637 8.1297 5.0587 8.3664 5.8251 0.0000 7.1496 8.9164 8.1995 7.3520 3.9437 5.4037 5.4352 3.7511 7.3110 6.3728 5.9127 5.9106 10.4032 4.5447 5.7991 5.1155 7.7910 6.0494 7.2258 7.3723 20.7842 20.9307 19.7656 20.4943 19.8418 20.0422 19.6860 20.1053 20.3735 20.5577 19.3454 20.3206 21.0235 20.1127 19.8562 19.6405 20.8143 20.3339 19.9931 18.9732 19.2945 20.5660 19.2045 20.2008 20.4222 20.2341 17.5959 19.0481 20.6613 19.9760 15.8302 12.1552 13.9210 15.5304 14.5265 13.1337 15.2636 14.7910 12.6231 18.1442 13.1331 14.8687 19.6812 19.0477 14.8929 10.8797 15.2214 16.0588 16.4347 14.4254 12.9031 14.8869 18.7553 16.7913 15.2642 12.8873 14.1931 17.0149 18.1126 13.4735 13.6762 14.8176 18.4561 18.4786 18.5432 13.2728 6.8261 17.5070 15.5524 9.0918 13.9186 15.1830 12.6152 17.4325 14.7763 16.2568 16.6191 13.9345 10.1165 17.9741 16.8657 9.5097 17.8482 13.8115 15.6953 10.4571 13.9280 17.7512 15.6787 17.9714 19.5837 20.8072 20.5505 20.5774 20.4778 20.0724 20.4239 20.4827 20.5604 19.4721 19.7248 21.1891 21.1654 19.7450 19.0221 20.7608 20.6773 20.8961 19.7785 20.6051 20.5841 20.5029 19.3551 20.1347 20.4671 20.9222 19.6048 20.5319 20.1049 21.0176
5.6977 9.1052 6.3889 10.4397 7.4092 11.1053 7.0718 11.0716 5.3997 7.1496 0.0000 4.5281 4.7548 11.9620 6.7530 3.6530 4.8959 8.3278 7.7244 4.9829 10.7224 5.0032 13.7484 6.2276 4.8573 4.8699 8.8543 6.2363 5.3812 5.4348 23.7588 23.8585 22.8133 23.5224 22.9202 23.0461 22.6781 23.1401 23.3595 23.5347 22.2132 23.3190 23.9914 23.1243 22.8004 22.6295 23.8041 23.2522 23.0473 21.9002 22.4004 23.5433 22.2180 23.1521 23.4043 23.2328 20.7304 22.1389 23.6125 23.0000 18.6649 15.4831 17.0567 18.3534 17.5529 16.2480 18.5741 18.2105 16.0341 21.1647 16.8213 18.0721 22.7499 22.0660 17.5021 14.0839 18.3935 19.1856 19.5764 17.5781 14.9309 17.9479 21.6742 19.7186 18.6410 16.1355 17.4743 20.4636 21.2047 16.4512 16.7973 18.4455 21.5306 21.7202 21.7923 16.8802 11.8318 20.9794 19.2179 11.1847 17.1640 18.8571 16.7637 20.7841 18.4620 19.7380 19.9382 17.7475 12.3317 21.1959 20.2771 13.6517 21.2715 17.8602 19.2414 14.8098 17.8272 21.0400 19.3294 21.4561 22.6670 23.7871 23.5638 23.5209 23.3885 23.0871 23.4166 23.4954 23.5359 22.6559 22.6307 24.1386 24.1283 22.7712 22.0499 23.7459 23.6424 23.8958 22.8007 23.5867 23.5973 23.4715 22.3463 23.1515 23.4734 23.8960 22.6214 23.5180 23.1397 23.9796
7.1609 10.7571 7.7674 11.7509 8.5167 12.3356 8.9488 12.7403 7.2358 8.9164 4.5281 0.0000 5.1277 13.3899 8.4193 5.3734 6.4900 9.4454 9.3332 6.6664 12.2379 6.7138 14.8837 7.9315 6.0754 6.5503 10.2885 7.6872 6.7161 6.1515 24.6864 24.7506 23.7660 24.4597 23.8777 23.9611 23.6231 24.0806 24.3005 24.4541 23.1231 24.2619 24.9032 24.0755 23.7175 23.5434 24.7307 24.1670 23.9974 22.8342 23.3796 24.4534 23.1736 24.0827 24.3080 24.1615 21.7348 23.1040 24.5143 23.9392 19.6099 16.6936 18.1249 19.3608 18.6446 17.3611 19.6816 19.2295 17.2232 22.1661 18.0047 19.1555 23.7019 23.0246 18.5374 15.3014 19.3959 20.2061 20.6021 18.6047 15.8662 19.0218 22.6279 20.6899 19.7116 17.2603 18.5754 21.5044 22.1887 17.4774 17.9311 19.6254 22.5267 22.7224 22.7913 18.0913 13.1690 22.0349 20.3295 12.7560 18.2701 19.9874 18.0476 21.8472 19.5959 20.8181 21.0055 18.9622 13.8226 22.2068 21.3446 15.1435 22.3091 19.0709 20.3676 16.2065 18.9908 22.0938 20.4522 22.5107 23.6426 24.7209 24.4964 24.4370 24.3049 24.0449 24.3716 24.4258 24.4395 23.6382 23.5684 25.0362 25.0494 23.7134 23.0099 24.6729 24.5668 24.8390 23.7748 24.5111 24.5242 24.4105 23.2924 24.0960 24.4143 24.8007 23.5792 24.4526 24.0955 24.9016
7.1854 9.9889 7.0321 11.0571 7.6555 11.5437 8.7126 12.3711 6.3323 8.1995 4.7548 5.1277 0.0000 12.9747 7.7533 5.5434 6.2747 8.9538 9.3850 6.0187 11.7035 5.4796 14.3994 7.4873 5.5214 6.5221 9.4425 7.5204 5.9013 8.0756 24.3722 24.4444 23.4435 24.1430 23.5529 23.6464 23.3158 23.7610 23.9836 24.1463 22.7940 23.9438 24.5939 23.7559 23.3965 23.2286 24.4163 23.8578 23.6740 22.5085 23.0410 24.1385 22.8465 23.7831 23.9977 23.8431 21.3892 22.7677 24.2036 23.6260 19.2594 16.2563 17.7521 18.9943 18.2272 16.9294 19.3317 18.8817 16.7615 21.8191 17.5775 18.8135 23.3792 22.6969 18.1902 14.9352 19.0279 19.8608 20.2478 18.2595 15.4588 18.6019 22.3243 20.3854 19.3457 16.9200 18.1939 21.1473 21.8846 17.1162 17.5846 19.2598 22.1964 22.3888 22.4598 17.7353 12.6422 21.6760 19.9610 12.4527 17.9247 19.5924 17.6529 21.5108 19.2104 20.4586 20.6577 18.5544 13.2944 21.8761 20.9842 14.7045 21.9604 18.6725 20.0192 15.7646 18.5897 21.7296 20.0892 22.1598 23.3125 24.4037 24.1770 24.1192 23.9937 23.7153 24.0490 24.1096 24.1195 23.3075 23.2482 24.7239 24.7400 23.3825 22.6684 24.3602 24.2460 24.5201 23.4348 24.1994 24.2019 24.0992 22.9699 23.7754 24.0992 24.4869 23.2456 24.1342 23.7659 24.5806
8.9461 7.0301 7.6861 5.0435 8.4672 5.3128 7.8162 6.1343 9.1161 7.3520 11.9620 13.3899 12.9747 0.0000 7.8472 10.1198 9.1069 7.4437 7.7652 10.3820 3.3063 9.3062 8.7684 8.8589 10.0838 9.3744 10.6103 8.3960 10.5579 11.1414 17.9968 18.1907 16.8901 17.6491 16.9442 17.2618 16.8851 17.2487 17.5745 17.7921 16.6354 17.5052 18.2642 17.2743 17.1138 16.8346 18.0247 17.5435 17.1230 16.2877 16.3799 17.8104 16.3914 17.4137 17.6615 17.4226 14.6293 16.1458 17.8870 17.1078 13.2490 9.1552 10.9442 12.9039 11.8134 10.6968 12.0501 11.6065 10.0798 15.2825 9.7685 12.2216 16.8078 16.1632 12.6270 8.8263 12.3200 13.3701 13.4560 11.5541 11.5119 12.1183 16.0817 14.2530 12.2013 10.1498 11.1898 13.6771 15.2272 10.9119 10.9287 11.2552 15.4934 15.4614 15.3758 10.0112 4.0712 14.2246 12.0846 9.2590 10.9128 11.5729 8.0253 14.1779 11.1395 12.9233 13.4127 10.2446 9.0284 14.9132 13.7006 6.4183 14.5148 9.4318 12.1846 6.0719 10.4159 14.5752 12.1066 14.5196 16.7024 18.0267 17.7358 17.8629 17.7757 17.2333 17.6298 17.6847 17.7974 16.4258 17.0670 18.4277 18.4120 16.8987 16.2170 17.9688 17.9211 18.1106 16.9526 17.8293 17.7727 17.7361 16.5549 17.2923 17.6702 18.1622 16.7971 17.7500 17.2772 18.2638
5.9367 5.6570 4.9733 7.5749 6.6205 7.3732 5.7697 8.0891 5.4466 3.9437 6.7530 8.4193 7.7533 7.8472 0.0000 5.3711 4.9463 4.9219 6.9261 5.9804 6.2860 4.8484 10.3793 5.3693 5.5559 5.5369 7.5265 5.4516 6.4550 7.2834 20.7606 20.9307 19.7346 20.4793 19.8073 20.0330 19.6619 20.0787 20.3451 20.5514 19.2615 20.3014 21.0207 20.0722 19.7848 19.6529 20.7962 20.2922 19.9662 18.8721 19.2611 20.5738 19.1345 20.1855 20.4172 20.2057 17.4950 19.0158 20.6257 19.9509 15.7625 11.9909 13.9113 15.3603 14.4669 13.0609 15.3049 14.7945 12.5277 18.0897 13.0624 14.7771 19.6732 19.0111 14.6541 10.8902 15.1902 16.0124 16.4010 14.4544 12.5663 14.7388 18.7989 16.8531 15.2691 12.8309 14.1398 17.0176 18.2263 13.2228 13.6135 14.7250 18.4652 18.4642 18.5564 13.1546 7.1678 17.5069 15.5391 8.2785 13.9034 15.1820 12.5170 17.4979 14.8477 16.2522 16.5429 13.8970 9.8675 17.9595 16.9290 9.5319 17.8610 13.8193 15.6701 10.6337 13.9810 17.7307 15.6958 17.9744 19.5594 20.7903 20.5359 20.5248 20.4282 20.0436 20.4013 20.4761 20.5384 19.4558 19.6454 21.1707 21.1526 19.7087 18.9456 20.7462 20.6617 20.8815 19.7365 20.5887 20.5713 20.4612 19.3637 20.1118 20.4506 20.9195 19.5539 20.5063 20.0776 20.9967
4.3392 7.0578 5.0814 8.9777 6.1627 9.7395 4.8308 9.1060 4.1762 5.4037 3.6530 5.3734 5.5434 10.1198 5.3711 0.0000 3.3357 6.6483 6.3655 3.8471 8.8342 4.0790 12.3568 3.7874 3.4267 4.1567 8.1997 4.7393 5.2099 5.0062 22.5400 22.6485 21.5628 22.2860 21.6609 21.8031 21.4452 21.8957 22.1396 22.3105 21.0084 22.0860 22.7712 21.8887 21.5737 21.3936 22.5824 22.0461 21.7996 20.6751 21.1349 22.3199 20.9665 21.9395 22.1725 21.9905 19.4133 20.8685 22.3907 21.7491 17.4437 14.1187 15.7324 17.1213 16.2844 14.8970 17.2002 16.7773 14.6775 19.9023 15.3327 16.7333 21.4981 20.8225 16.3853 12.6392 17.0551 17.8856 18.2592 16.2278 13.9421 16.6483 20.4650 18.4971 17.2594 14.7334 16.1169 19.0667 19.9297 15.1556 15.5166 16.9248 20.2668 20.3955 20.4670 15.3741 9.7502 19.5849 17.7461 10.0905 15.7545 17.3776 15.1002 19.4297 16.9917 18.3170 18.5622 16.2311 11.3989 19.8732 18.8905 11.9072 19.8931 16.2511 17.8080 13.0593 16.2772 19.7079 17.8608 20.0555 21.4042 22.5727 22.3285 22.3009 22.1816 21.8506 22.1951 22.2587 22.3056 21.3607 21.4200 22.9225 22.9147 21.5173 20.7990 22.5235 22.4292 22.6692 21.5664 22.3621 22.3641 22.2499 21.1135 21.9168 22.2425 22.6706 21.3826 22.2939 21.9009 22.7637
4.7413 6.4331 4.5888 7.8182 6.1166 9.0509 4.7140 7.8025 4.5801 5.4352 4.8959 6.4900 6.2747 9.1069 4.9463 3.3357 0.0000 6.1433 5.2797 5.3364 7.8349 3.8285 11.7572 4.2515 3.9325 4.9551 8.2258 4.5270 5.2318 6.3699 22.0154 22.1221 21.0243 21.7541 21.1204 21.2749 20.9108 21.3597 21.6098 21.7874 20.4886 21.5597 22.2464 21.3529 21.0533 20.8458 22.0574 21.5133 21.2636 20.1511 20.5862 21.7904 20.4398 21.4019 21.6471 21.4658 18.8709 20.3280 21.8640 21.2109 16.8897 13.4906 15.0934 16.5209 15.6710 14.4061 16.5590 16.1347 13.9772 19.3591 14.7101 16.1622 20.9547 20.2628 15.8682 12.0415 16.4928 17.2823 17.6622 15.6067 13.3982 16.0731 19.9041 17.9090 16.6723 14.1640 15.4720 18.4557 19.3465 14.5173 14.9323 16.2975 19.6816 19.8133 19.8893 14.7348 8.9401 18.9781 17.0726 9.8745 15.1257 16.7535 14.3932 18.8184 16.2938 17.7016 18.0038 15.5869 11.1166 19.2742 18.3162 11.3248 19.2931 15.5432 17.1779 12.4320 15.6202 19.1247 17.1931 19.4437 20.8635 22.0444 21.7993 21.7853 21.6629 21.3242 21.6664 21.7299 21.7786 20.8038 20.9135 22.3977 22.3927 20.9867 20.2675 21.9991 21.9010 22.1415 21.0354 21.8366 21.8333 21.7276 20.5613 21.3790 21.7153 22.1433 20.8564 21.7683 21.3719 22.2467
6.7839 7.3488 5.6797 6.9283 6.3729 8.3335 6.1586 8.7036 7.5268 3.7511 8.3278 9.4454 8.9538 7.4437 4.9219 6.6483 6.1433 0.0000 7.6211 7.7821 5.9374 7.0114 10.6599 6.4994 6.5151 6.3747 8.9560 7.0408 7.8464 9.0302 20.8134 20.9400 19.7994 20.5280 19.8851 20.0792 19.6991 20.1482 20.3938 20.5812 19.3759 20.3336 21.0452 20.1466 19.8890 19.6762 20.8481 20.3364 20.0439 19.0081 19.3630 20.6053 19.2672 20.1952 20.4499 20.2702 17.7005 19.1089 20.6812 20.0148 15.8523 12.3049 13.9560 15.6153 14.6627 13.4387 15.3324 14.7821 12.6953 18.2487 13.2569 14.9236 19.7154 19.0501 14.9942 11.0560 15.2346 16.0729 16.4906 14.4608 12.9990 15.0426 18.7700 16.7598 15.3791 12.9464 14.2286 17.0653 18.1024 13.5250 13.8236 14.9808 18.4679 18.5472 18.5567 13.4336 7.2161 17.5401 15.5644 10.0901 14.0085 15.2411 12.7120 17.3974 14.8681 16.3043 16.7091 14.0236 10.8453 17.9985 16.9279 9.9643 17.8700 13.8497 15.7465 10.7503 13.9814 17.8213 15.7054 17.9913 19.6320 20.8331 20.5803 20.6004 20.4703 20.1254 20.4537 20.5125 20.5817 19.5017 19.7541 21.2000 21.1807 19.7993 19.0713 20.7825 20.7095 20.9232 19.8441 20.6267 20.6158 20.5246 19.3938 20.1623 20.4826 20.9395 19.6640 20.5689 20.1566 21.0388
6.6502 6.8789 6.6434 7.6346 7.7940 7.9243 5.7688 6.7106 6.7161 7.3110 7.7244 9.3332 9.3850 7.7652 6.9261 6.3655 5.2797 7.6211 0.0000 7.5714 7.5733 6.3925 11.6251 6.4116 6.7136 6.8489 9.6997 5.3067 6.0137 8.1484 20.6524 20.7680 19.6363 20.3719 19.7301 19.9314 19.5355 19.9878 20.2411 20.4339 19.1382 20.1746 20.8993 19.9749 19.7106 19.4730 20.6984 20.1464 19.8842 18.8474 19.2043 20.4514 19.0837 20.0253 20.3027 20.0908 17.4692 18.9311 20.5104 19.8094 15.6051 12.1092 13.7237 15.2409 14.3306 13.2608 15.0760 14.7195 12.9036 17.9797 13.1915 14.9486 19.5583 18.8571 14.7161 11.1882 15.0612 16.0020 16.2408 14.2776 12.4618 14.7821 18.5717 16.6739 15.2719 12.7905 14.1220 16.9042 17.8949 13.3205 13.5793 14.6087 18.2523 18.3985 18.3830 13.2878 8.7391 17.4836 15.5964 9.7464 13.7087 15.1266 12.4614 17.2123 14.6149 16.1463 16.4511 13.9850 10.3458 17.8347 16.8137 10.0173 17.7150 13.6697 15.5025 10.6474 14.1759 17.6003 15.5933 17.8154 19.4611 20.6766 20.4289 20.4590 20.3070 19.9260 20.2860 20.3537 20.4242 19.3321 19.6173 21.0438 21.0241 19.6021 18.8990 20.6227 20.5435 20.7665 19.6572 20.4815 20.4628 20.3524 19.1909 19.9778 20.3302 20.7836 19.4989 20.4037 19.9962 20.8939
5.5609 6.9706 6.0902 9.4934 7.1643 9.5170 5.8124 9.7492 4.2461 6.3728 4.9829 6.6664 6.0187 10.3820 5.9804 3.8471 5.3364 7.7821 7.5714 0.0000 9.1805 4.4173 12.3427 4.7964 4.6387 4.5600 8.3386 5.2847 5.8185 5.6436 22.5103 22.6265 21.5286 22.2526 21.6175 21.7698 21.4416 21.8538 22.1189 22.2899 20.9548 22.0543 22.7466 21.8600 21.5216 21.3783 22.5498 22.0207 21.7578 20.6481 21.0891 22.2858 20.9161 21.9423 22.1340 21.9488 19.3468 20.8241 22.3465 21.7232 17.4403 14.1446 15.7750 17.1279 16.3343 14.8284 17.2645 16.7538 14.8819 19.8689 15.2825 16.7238 21.4706 20.8043 16.3780 12.8686 17.0727 17.9333 18.2468 16.2734 13.9670 16.5742 20.4944 18.5610 17.2339 14.7727 16.1476 19.0313 20.0124 15.1773 15.5819 16.8708 20.3058 20.3749 20.4516 15.3746 9.7957 19.5565 17.7609 10.0489 15.8245 17.3437 15.0456 19.4741 17.0727 18.3121 18.5006 16.1987 11.2782 19.8958 18.8600 11.8537 19.8703 16.2129 17.8148 12.9952 16.2766 19.6823 17.8867 20.0348 21.3779 22.5515 22.2867 22.2478 22.1594 21.7993 22.1670 22.2308 22.2530 21.3245 21.3723 22.8750 22.8907 21.4562 20.7478 22.4888 22.3960 22.6461 21.5204 22.3378 22.3192 22.2198 21.1237 21.8927 22.2245 22.6328 21.3217 22.2601 21.8581 22.7212
7.8283 5.5820 6.6191 4.6091 7.3726 6.1256 6.5963 5.4280 7.9180 5.9127 10.7224 12.2379 11.7035 3.3063 6.2860 8.8342 7.8349 5.9374 7.5733 9.1805 0.0000 8.0305 8.3686 7.5754 8.7426 8.2837 9.5542 7.7218 9.8981 10.1726 18.7538 18.9453 17.6821 18.4210 17.7307 18.0193 17.6520 18.0205 18.3400 18.5500 17.3789 18.2783 19.0147 18.0404 17.8575 17.6209 18.7788 18.3103 17.8991 16.9854 17.1678 18.5591 17.1344 18.1768 18.4135 18.1828 15.4304 16.9438 18.6339 17.8940 13.9435 9.9864 11.8000 13.6086 12.6179 11.2966 12.9488 12.4428 10.6203 16.0424 10.7114 12.8264 17.5958 16.9522 13.1939 9.2330 13.1631 14.0606 14.2635 12.3842 11.8891 12.8169 16.8066 14.9407 13.0833 10.8877 11.9404 14.5886 16.0619 11.5751 11.7092 12.2303 16.3264 16.2622 16.2649 10.7588 3.2613 15.0663 12.9053 8.9397 11.6707 12.6054 9.3672 15.1100 12.2361 13.8193 14.2806 11.2607 9.4068 15.7237 14.5979 7.1536 15.4429 10.7152 13.1432 7.4825 11.2759 15.4819 13.0654 15.4764 17.4761 18.7876 18.4991 18.5764 18.5026 18.0044 18.3892 18.4522 18.5465 17.2575 17.7580 19.1796 19.1565 17.6700 16.9719 18.7285 18.6750 18.8597 17.7305 18.5849 18.5318 18.4800 17.3472 18.0706 18.4297 18.9124 17.5486 18.5018 18.0517 19.0154
4.8850 6.0274 4.2366 7.8108 6.0001 8.3073 5.4857 8.1677 3.6856 5.9106 5.0032 6.7138 5.4796 9.3062 4.8484 4.0790 3.8285 7.0114 6.3925 4.4173 8.0305 0.0000 11.5625 5.1206 4.0874 4.9961 7.8935 4.2557 5.3322 6.6565 21.9974 22.1183 21.0048 21.7391 21.0986 21.2608 20.9022 21.3376 21.5941 21.7802 20.4054 21.5393 22.2426 21.3312 21.0103 20.8415 22.0435 21.4909 21.2398 20.1035 20.5561 21.7826 20.3893 21.4043 21.6359 21.4382 18.8024 20.2895 21.8439 21.1966 16.7993 13.3948 15.0628 16.4162 15.6345 14.2489 16.5704 16.1230 13.9783 19.3091 14.6271 16.1222 20.9428 20.2367 15.7267 12.0101 16.4439 17.2971 17.6322 15.5954 13.3350 15.9287 19.9343 17.9812 16.6447 14.1341 15.4290 18.4412 19.4107 14.4840 14.8151 16.2687 19.6943 19.8195 19.8853 14.7089 8.9380 18.9780 17.0887 9.5679 15.1191 16.7095 14.3406 18.8567 16.3382 17.7005 17.9503 15.5458 10.6076 19.2933 18.3093 11.2863 19.2871 15.5326 17.1730 12.3764 15.6081 19.0934 17.2223 19.4460 20.8421 22.0361 21.7832 21.7467 21.6367 21.2793 21.6497 21.7220 21.7543 20.7854 20.8590 22.3841 22.3860 20.9478 20.2114 21.9803 21.8824 22.1331 20.9943 21.8264 21.8133 21.7039 20.5660 21.3619 21.7045 22.1377 20.8045 21.7469 21.3421 22.2250
11.5867 9.8024 10.6264 9.3735 11.0905 9.4784 11.0127 10.2059 11.4267 10.4032 13.7484 14.8837 14.3994 8.7684 10.3793 12.3568 11.7572 10.6599 11.6251 12.3427 8.3686 11.5625 0.0000 11.4925 12.1855 11.9288 8.5744 11.5105 13.1633 13.2183 15.2719 15.4529 14.1724 14.9406 14.2609 14.4974 14.1182 14.5479 14.8369 15.0649 13.9031 14.7936 15.5241 14.5519 14.3632 14.1609 15.2997 14.8503 14.4416 13.5394 13.7270 15.0708 13.6834 14.7133 14.8918 14.6997 12.0001 13.5483 15.1477 14.3323 10.1076 7.9400 8.6357 10.6537 8.8973 8.8656 9.9901 8.5624 7.4665 12.5763 9.3381 8.9483 14.1074 13.3587 9.8484 6.9287 10.0832 10.0602 10.6779 8.6992 9.7917 9.4178 13.2758 11.5329 9.9900 8.4544 8.2723 11.6161 12.3302 8.4959 7.7738 8.8150 12.7601 12.3975 12.2807 7.8593 8.6242 10.6987 9.8035 6.9463 8.7352 10.5036 11.8765 11.6576 8.9163 9.7099 10.8905 10.2755 7.8914 11.8302 11.2411 10.6114 11.3668 10.2086 10.0159 10.7161 6.6984 11.2262 9.8919 11.7059 13.9412 15.3286 14.9702 15.0481 15.0117 14.5453 14.8790 14.9413 15.0426 13.5816 14.2282 15.6785 15.6626 14.1285 13.5376 15.2228 15.1965 15.3479 14.2630 15.0987 15.0190 14.9589 13.9871 14.5917 14.9227 15.3910 14.0568 15.0317 14.5441 15.5203
4.7816 5.8008 5.6571 8.4308 6.5492 9.2968 3.2787 7.7463 4.4036 4.5447 6.2276 7.9315 7.4873 8.8589 5.3693 3.7874 4.2515 6.4994 6.4116 4.7964 7.5754 5.1206 11.4925 0.0000 4.5534 5.2637 8.4082 4.9843 6.5258 5.9852 21.5953 21.7147 20.5956 21.3215 20.6795 20.8547 20.4978 20.9323 21.1952 21.3648 20.1610 21.1410 21.8244 20.9334 20.6624 20.4449 21.6292 21.1431 20.8298 19.7716 20.1399 21.3696 20.0293 21.0039 21.2247 21.0472 18.4425 19.8996 21.4581 20.7896 16.6487 13.1908 14.8546 16.4123 15.3980 14.0292 16.1786 15.7568 13.7915 18.9628 14.2298 15.8134 20.5209 19.9000 15.7285 11.8313 16.1663 16.9654 17.2900 15.3106 13.6146 15.7712 19.5488 17.6291 16.2113 13.8148 15.2032 17.9675 18.9614 14.3729 14.6607 15.7030 19.3141 19.3463 19.4390 14.2143 8.2097 18.4721 16.6027 9.5883 14.7973 16.2203 13.7650 18.3757 15.8179 17.2063 17.5287 15.0254 11.0185 18.8573 17.7873 10.5543 18.7987 14.9576 16.6721 11.6621 15.0781 18.6569 16.7042 18.9272 20.4162 21.6224 21.3637 21.3819 21.2783 20.8966 21.2347 21.2926 21.3662 20.3442 20.5202 21.9914 21.9646 20.5579 19.8603 21.5744 21.4868 21.7015 20.5976 21.4130 21.4032 21.3077 20.1567 20.9616 21.2860 21.7215 20.4320 21.3404 20.9310 21.8192
3.9787 6.8055 4.8557 8.5557 5.0144 9.4183 4.8700 9.1287 4.3349 5.7991 4.8573 6.0754 5.5214 10.0838 5.5559 3.4267 3.9325 6.5151 6.7136 4.6387 8.7426 4.0874 12.1855 4.5534 0.0000 5.0344 8.4058 4.6715 5.5619 6.8610 22.5146 22.5947 21.5314 22.2652 21.6390 21.7568 21.3928 21.8727 22.1131 22.2736 20.9324 22.0547 22.7436 21.8616 21.5250 21.3344 22.5615 22.0037 21.7838 20.6074 21.1131 22.2823 20.9300 21.8890 22.1247 21.9611 19.4006 20.8371 22.3462 21.7197 17.2753 14.0449 15.6123 17.0693 16.2301 14.8662 17.1729 16.6625 14.6494 19.8857 15.3035 16.6748 21.4705 20.7759 16.3018 12.6180 16.9524 17.8137 18.1829 16.1093 13.8641 16.5889 20.3873 18.4066 17.2125 14.6398 16.0514 19.0343 19.8633 15.0598 15.4783 16.9284 20.2393 20.3758 20.4402 15.3360 9.6671 19.5665 17.7060 10.4057 15.6970 17.3444 15.0729 19.3935 16.9491 18.2903 18.5455 16.1942 11.5036 19.8452 18.8536 12.0439 19.8636 16.2113 17.7634 13.0831 16.2314 19.6904 17.8416 20.0349 21.3778 22.5497 22.2975 22.2581 22.1242 21.8281 22.1673 22.2244 22.2547 21.3384 21.3660 22.8876 22.8820 21.4834 20.7474 22.4905 22.3938 22.6493 21.5416 22.3306 22.3344 22.2113 21.0602 21.8800 22.2059 22.6278 21.3506 22.2628 21.8783 22.7342
4.6159 7.7299 4.9794 7.7573 6.0805 9.1436 5.9036 9.4450 5.4609 5.1155 4.8699 6.5503 6.5221 9.3744 5.5369 4.1567 4.9551 6.3747 6.8489 4.5600 8.2837 4.9961 11.9288 5.2637 5.0344 0.0000 8.4517 5.5916 6.1192 5.8250 22.2716 22.3581 21.2693 22.0170 21.3798 21.5251 21.1563 21.6139 21.8604 22.0361 20.7177 21.8009 22.5022 21.6138 21.3044 21.0868 22.3169 21.7591 21.5303 20.3801 20.8394 22.0377 20.6917 21.6375 21.8848 21.7212 19.1431 20.5875 22.1106 21.4726 17.0680 13.6520 15.3118 16.8243 15.8848 14.6294 16.8513 16.3802 14.3390 19.6236 14.9994 16.3916 21.2111 20.5223 15.9964 12.2674 16.7273 17.5471 17.9173 15.7977 13.5231 16.2944 20.1173 18.0922 16.8926 14.3612 15.7202 18.7454 19.5983 14.8159 15.1436 16.6367 19.9479 20.1029 20.1624 15.0223 9.1901 19.2829 17.4213 10.0960 15.4117 17.0397 14.7102 19.0670 16.6231 17.9977 18.2579 15.8486 10.9717 19.5674 18.5494 11.5653 19.5810 15.8423 17.4657 12.6403 15.9422 19.3984 17.5188 19.7527 21.1253 22.3020 22.0427 22.0308 21.8988 21.5747 21.9060 21.9783 22.0210 21.0765 21.1221 22.6446 22.6468 21.2245 20.5145 22.2458 22.1495 22.4045 21.2748 22.0795 22.0851 21.9743 20.8031 21.6361 21.9699 22.3908 21.0944 22.0157 21.6230 22.4810
8.5169 9.2362 7.6845 10.1500 8.6557 10.3784 8.6765 10.6136 7.5798 7.7910 8.8543 10.2885 9.4425 10.6103 7.5265 8.1997 8.2258 8.9560 9.6997 8.3386 9.5542 7.8935 8.5744 8.4082 8.4058 8.4517 0.0000 8.4704 8.7238 9.3830 19.7185 19.8660 18.7364 19.4796 18.8312 18.9931 18.6518 19.0831 19.3226 19.5306 18.1514 19.2789 19.9793 19.0557 18.7598 18.5857 19.7721 19.2576 18.9796 17.8569 18.2612 19.5183 18.1126 19.1916 19.3844 19.1830 16.5125 18.0346 19.6013 18.8919 14.4174 11.5741 12.7530 14.1397 12.9863 11.8515 14.3975 13.8472 11.3786 16.8877 12.9773 13.7062 18.6728 17.9177 13.4264 9.7608 14.1682 14.7299 15.3003 13.2850 11.1787 13.4542 17.6341 15.6950 14.4603 12.2748 12.9570 16.3805 16.9915 12.2562 12.4982 14.0359 17.3408 17.3650 17.4279 12.9878 10.3814 16.3629 14.9611 7.5423 12.9020 15.0570 14.8776 16.6496 14.0932 15.2187 15.6122 14.1046 8.1215 16.8343 15.9824 12.0960 16.8029 14.5522 15.0283 13.0339 12.9439 16.4628 15.0487 17.0782 18.5074 19.7612 19.4889 19.4692 19.3916 18.9662 19.3332 19.4348 19.4896 18.4262 18.5938 20.1088 20.1045 18.6422 17.9515 19.7037 19.5947 19.8204 18.6715 19.5632 19.5309 19.4226 18.2825 19.0728 19.4257 19.8527 18.5210 19.4713 19.0381 19.9400
4.6894 6.0938 4.9275 7.9083 6.2591 8.0050 4.6741 7.5609 4.1232 6.0494 6.2363 7.6872 7.5204 8.3960 5.4516 4.7393 4.5270 7.0408 5.3067 5.2847 7.7218 4.2557 11.5105 4.9843 4.6715 5.5916 8.4704 0.0000 5.2244 6.5464 21.4331 21.5578 20.4189 21.1697 20.5203 20.6926 20.3110 20.7676 21.0264 21.2093 19.8549 20.9665 21.6898 20.7554 20.4458 20.2655 21.4821 20.9282 20.6681 19.5484 19.9878 21.2309 19.8105 20.8131 21.0741 20.8663 18.2069 19.7018 21.2817 20.6075 16.2401 12.7766 14.4449 15.9151 15.0721 13.6005 15.9234 15.4965 13.5745 18.7381 13.9532 15.4887 20.3664 19.6587 15.1779 11.4377 15.8196 16.7053 17.0187 14.9789 12.9885 15.3722 19.3430 17.3687 15.9616 13.4267 14.8446 17.8098 18.7699 13.9149 14.1793 15.5252 19.1082 19.2202 19.2606 13.9173 8.5838 18.3641 16.4896 9.2085 14.4454 16.0204 13.5001 18.1783 15.6382 17.0506 17.2977 14.8181 10.2159 18.7046 17.6504 10.5180 18.6336 14.7569 16.4678 11.4927 14.9438 18.4630 16.5348 18.7834 20.2542 21.4721 21.2142 21.1912 21.0763 20.7068 21.0810 21.1476 21.2011 20.1812 20.3096 21.8338 21.8181 20.3735 19.6361 21.4115 21.3234 21.5711 20.4264 21.2593 21.2522 21.1262 19.9891 20.7853 21.1261 21.5850 20.2344 21.1809 20.7708 21.6745
6.7756 8.5010 6.5192 9.7908 7.7132 9.3657 7.1510 10.1858 5.7551 7.2258 5.3812 6.7161 5.9013 10.5579 6.4550 5.2099 5.2318 7.8464 6.0137 5.8185 9.8981 5.3322 13.1633 6.5258 5.5619 6.1192 8.7238 5.2244 0.0000 7.2972 22.5093 22.6144 21.5303 22.2596 21.6316 21.7831 21.4240 21.8672 22.1055 22.2866 20.9275 22.0544 22.7559 21.8575 21.5254 21.3514 22.5528 22.0012 21.7727 20.6303 21.1105 22.3027 20.9257 21.9088 22.1520 21.9601 19.3963 20.8324 22.3482 21.7095 17.3808 14.0366 15.6942 16.9765 16.0994 14.8737 17.1855 16.8407 14.7782 19.8596 15.2784 16.7639 21.4786 20.7753 16.2610 12.9236 17.0030 17.8582 18.2318 16.2465 13.5971 16.5296 20.4611 18.4809 17.2604 14.7213 16.1030 19.0687 19.9173 15.0718 15.4385 16.9295 20.2307 20.3991 20.4468 15.4927 10.9124 19.6203 17.8533 10.2585 15.7897 17.3757 15.1185 19.4003 16.9496 18.3402 18.5092 16.2301 11.0766 19.8652 18.9020 12.1755 19.8613 16.2370 17.8176 13.1455 16.4098 19.6398 17.8980 20.0332 21.3778 22.5320 22.2953 22.2635 22.1331 21.7968 22.1528 22.2282 22.2664 21.3324 21.3882 22.8811 22.8830 21.4703 20.7463 22.4934 22.3817 22.6432 21.5114 22.3359 22.3321 22.2115 21.0668 21.8702 22.2172 22.6439 21.3304 22.2558 21.8567 22.7248
6.1805 8.4563 7.5137 10.6875 8.7820 11.0868 6.5908 10.1864 5.8721 7.3723 5.4348 6.1515 8.0756 11.1414 7.2834 5.0062 6.3699 9.0302 8.1484 5.6436 10.1726 6.6565 13.2183 5.9852 6.8610 5.8250 9.3830 6.5464 7.2972 0.0000 22.8876 23.0378 21.9201 22.6207 22.0051 22.1887 21.8260 22.2438 22.4917 22.6692 21.4801 22.4539 23.1282 22.2395 21.9705 21.8030 22.9183 22.4304 22.1337 21.1126 21.4820 22.6835 21.3513 22.3131 22.5497 22.3617 19.8114 21.2534 22.7664 22.1183 18.1149 14.7761 16.4387 17.7818 16.9284 15.5443 17.7147 17.4246 15.4800 20.3198 15.8803 17.2927 21.8564 21.2523 16.9476 13.5223 17.7102 18.4809 18.7711 16.8934 14.8667 17.2358 20.9214 19.0555 17.7280 15.3924 16.7479 19.4923 20.3992 15.8744 16.1100 17.3259 20.7009 20.7724 20.8632 15.8485 10.9068 19.9824 18.2410 10.4724 16.3843 17.8474 15.5786 19.8703 17.5324 18.7691 18.9878 16.7032 11.9179 20.3009 19.3081 12.4632 20.2910 16.7457 18.2414 13.5946 16.8298 20.1077 18.3173 20.4397 21.7688 22.9134 22.6816 22.6845 22.5902 22.2111 22.5465 22.6190 22.7007 21.7229 21.8170 23.2955 23.2659 21.8940 21.2140 22.8780 22.7936 23.0160 21.9114 22.7211 22.7184 22.6125 21.5226 22.2876 22.6091 23.0507 21.7355 22.6446 22.2427 23.1248
22.0061 19.9520 21.2920 19.7988 21.7418 18.2810 21.1560 19.7072 21.8254 20.7842 23.7588 24.6864 24.3722 17.9968 20.7606 22.5400 22.0154 20.8134 20.6524 22.5103 18.7538 21.9974 15.2719 21.5953 22.5146 22.2716 19.7185 21.4331 22.5093 22.8876 0.0000 0.8995 1.6448 1.0480 1.7039 1.3296 1.7078 1.2123 0.8752 0.7528 2.7857 0.9475 0.7142 1.1116 1.6330 1.8521 0.4228 0.9055 1.6505 2.7985 2.5224 0.8015 2.3721 1.1667 0.9831 1.1232 5.0843 2.8097 0.9164 1.6534 8.5174 11.3828 10.1368 7.2559 9.6344 9.6997 8.5917 9.5965 11.0176 3.4833 11.0683 9.0283 1.7667 2.7282 8.0999 12.5908 8.8164 8.0721 7.8180 9.3786 11.6501 9.2311 2.7906 5.1802 7.6988 10.5875 9.6768 7.7208 7.2436 10.3340 11.3269 10.8236 3.2961 6.9486 7.1877 11.9550 18.5886 9.7784 8.6145 17.1087 9.7615 10.5375 15.3510 7.4831 10.7786 10.0650 7.8751 10.9449 15.4906 7.1287 7.9546 16.3025 9.7108 12.7418 10.3489 15.8701 12.4638 9.7209 10.3474 9.5819 1.8598 0.4868 0.6742 0.8677 1.1591 1.1800 0.9940 0.6521 0.8829 4.2098 1.9753 0.8925 0.7348 1.5883 2.6166 0.4389 0.4934 0.7383 1.8186 0.4597 0.7230 0.8780 2.0742 1.0419 0.7700 0.9335 1.7991 0.5103 1.2318 0.7911
22.1017 20.1513 21.3996 19.9127 21.8084 18.4655 21.2836 19.9079 21.9568 20.9307 23.8585 24.7506 24.4444 18.1907 20.9307 22.6485 22.1221 20.9400 20.7680 22.6265 18.9453 22.1183 15.4529 21.7147 22.5947 22.3581 19.8660 21.5578 22.6144 23.0378 0.8995 0.0000 2.1816 1.5564 2.2860 1.4679 2.0690 1.7521 1.4625 0.9226 2.8170 1.3550 0.7362 1.7021 1.9385 1.8604 1.0821 1.1671 2.1784 3.0638 3.0281 0.9243 2.7452 1.4366 1.0182 1.4749 5.4597 3.2140 1.0127 1.9284 8.5651 11.6217 10.3156 7.4507 9.8217 9.9487 8.7868 9.7685 11.2423 3.8005 11.3732 9.2475 2.2547 2.9868 8.3087 12.7570 8.9728 8.2214 7.9835 9.4885 11.7719 9.4570 2.8090 5.2415 8.0246 10.8284 9.8826 7.9808 7.2733 10.5477 11.5073 11.1534 3.5397 7.1515 7.3430 12.2195 18.8052 10.0612 8.8705 17.3436 9.9240 10.8536 15.6383 7.6742 11.0378 10.3169 8.0876 11.2846 15.6945 7.3132 8.1835 16.5559 9.9647 13.0325 10.6292 16.1343 12.7379 9.9822 10.6456 9.8700 2.3409 1.1145 1.1092 1.1233 1.2234 1.6194 1.4530 1.0320 0.8367 4.4805 2.2481 0.7438 0.7832 1.9935 2.9939 0.8759 0.9097 1.1043 2.3734 0.8864 1.1436 1.2319 2.1476 1.5128 1.2261 0.7088 2.3454 1.1236 1.8526 1.0053
21.0030 18.9044 20.2834 18.7398 20.7589 17.1736 20.1501 18.6819 20.8362 19.7656 22.8133 23.7660 23.4435 16.8901 19.7346 21.5628 21.0243 19.7994 19.6363 21.5286 17.6821 21.0048 14.1724 20.5956 21.5314 21.2693 18.7364 20.4189 21.5303 21.9201 1.6448 2.1816 0.0000 1.3223 0.6584 1.3357 0.8851 0.8673 1.1463 1.5818 2.3954 1.2005 2.1396 0.7258 1.2606 1.5673 1.6299 1.4099 1.1170 1.8599 1.4595 1.7409 1.4139 1.2179 1.5603 1.2201 3.7177 1.6003 1.6889 1.3384 7.5210 10.1526 8.9145 6.2975 8.4482 8.6046 7.5249 8.4346 9.8783 2.6503 9.8454 7.8476 1.0508 1.9677 7.0128 11.4450 7.7189 7.0254 6.7512 8.2442 10.5826 8.0701 2.3639 4.2487 6.2636 9.2499 8.4668 6.6880 6.5295 9.1053 10.1756 9.5596 2.5063 6.1234 6.3909 10.7558 17.5040 8.7183 7.5525 16.0505 8.6471 9.3432 14.3142 6.4616 9.5795 8.9617 6.8571 9.7376 14.3581 6.2537 6.8657 15.2667 8.6857 11.6387 9.2019 14.7787 11.2548 8.6800 9.1962 8.5322 0.9551 1.6641 1.4368 1.7314 1.8363 1.3629 1.4831 1.3803 1.7878 3.4116 1.6640 2.3324 2.2258 0.8582 1.5428 1.6638 1.6802 1.9656 1.0722 1.5020 1.5625 1.5540 1.7426 0.9655 1.2749 2.1739 0.8369 1.3329 0.7444 2.0393
21.7392 19.6484 21.0306 19.4915 21.4868 17.9479 20.8800 19.4006 21.5617 20.4943 23.5224 24.4597 24.1430 17.6491 20.4793 22.2860 21.7541 20.5280 20.3719 22.2526 18.4210 21.7391 14.9406 21.3215 22.2652 22.0170 19.4796 21.1697 22.2596 22.6207 1.0480 1.5564 1.3223 0.0000 1.1621 1.1723 1.5021 0.6702 0.9207 0.9525 2.7241 0.9057 1.4063 0.9038 1.6158 1.5264 0.8048 1.2150 0.8000 2.6968 1.9568 1.0090 2.0523 1.3242 0.9636 1.0477 4.4545 2.1594 1.1142 1.1707 8.0183 10.9175 9.6063 7.0322 9.1367 9.4388 8.0062 9.0342 10.5529 3.3376 10.5293 8.5166 1.2606 2.2833 7.9997 12.2218 8.2336 7.5060 7.2053 8.8985 11.4621 8.7382 2.9254 5.0793 7.1173 10.0556 9.1315 6.9234 6.6129 9.8573 10.8414 10.2727 3.1061 6.2419 6.5281 11.4075 18.2546 9.1588 7.9579 16.8261 9.2721 9.8702 14.8828 6.7823 10.2003 9.4873 7.2328 10.4207 15.1622 6.4664 7.2649 15.8802 9.0820 12.1991 9.7424 15.4272 11.9926 9.1262 9.7227 8.9067 1.5605 1.0758 0.9875 1.4912 1.8014 1.3608 1.5746 0.9599 1.2501 3.3915 2.2970 1.6138 1.5988 1.4400 2.4062 1.0762 1.2645 1.4737 1.6944 1.0696 0.7648 1.5122 2.0539 0.8934 1.0161 1.5232 1.5957 0.9926 1.0242 1.5656
