0.0000 6.7454 7.4340 5.3843 4.7110 7.2659 6.7976 9.9908 6.7021 6.4843 6.1012 6.8485 6.0560 7.8025 6.3940 6.5772 7.3018 6.4121 9.0179 5.2106 11.1096 4.3632 10.4093 6.3776 5.8269 6.5542 7.4068 6.7198 6.3697 7.6932 27.8692 27.6627 29.6109 28.4504 28.6701 30.7438 28.0845 28.1148 28.5093 29.1390 27.1119 28.9111 27.3151 26.9292 27.3623 27.7157 28.6186 28.5212 28.3094 27.6330 29.5736 27.8128 28.0598 27.8774 27.7519 28.2804 28.6281 25.1475 30.5755 28.0066 14.1171 11.5294 12.5216 12.9185 14.0379 14.3946 14.4813 14.2695 10.9848 16.9642 14.1484 15.8847 16.1655 14.5969 12.8933 12.1199 12.6387 15.0293 15.7509 14.7945 9.1329 14.8218 14.6997 13.3871 13.2491 14.1755 13.1062 14.4313 15.1481 11.3214 17.1653 19.9253 19.3620 21.3844 22.1972 17.1246 21.6577 15.6586 15.7853 13.6702 22.1409 19.2407 19.8526 21.2956 19.4820 15.2377 14.5567 20.3981 15.1117 19.2059 20.4383 14.9231 21.2521 16.8640 17.9424 16.6219 17.0374 21.8774 14.3317 22.6461 22.9714 24.8206 21.7473 24.1567 22.2161 23.2579 26.0821 23.2061 25.3498 23.2708 22.3418 24.5648 24.1153 24.5595 21.3943 23.8254 25.3506 25.0971 24.6746 24.0020 22.5374 22.2265 22.0676 25.6650 23.9539 25.8294 24.4979 22.7837 25.5626 26.6077
6.7454 0.0000 4.5360 4.4363 6.2055 4.5225 4.6384 6.9710 5.2398 5.1258 5.4976 10.8393 9.1829 4.3945 3.4984 5.7553 4.9911 5.2566 6.7180 7.6458 6.8810 5.3970 7.7394 5.5281 4.8887 6.8537 6.5558 4.5746 8.4191 8.0606 27.9468 27.5450 29.7941 28.8144 28.6740 31.1172 28.3140 28.2853 28.6973 29.5609 27.4542 29.1804 27.2404 27.0357 27.5168 27.8639 28.6467 28.7901 28.6330 27.9484 29.7424 28.0692 28.0680 28.0505 28.1573 28.3928 28.9254 24.9236 30.8142 28.2930 11.2954 8.3430 9.4222 9.6966 10.0778 10.4987 10.5318 10.9618 8.0932 13.1495 10.1939 12.3273 13.1465 11.3321 9.5226 9.0976 9.8062 11.4075 11.8085 10.9560 8.5588 11.0982 11.5101 10.0510 9.6459 10.2334 9.8264 11.1044 11.8190 10.2110 14.6829 17.8760 17.9604 20.1969 20.7035 14.1087 21.3684 13.6947 13.1128 11.5754 21.4388 17.2820 17.3808 19.2971 17.6405 13.1963 10.7804 18.5378 12.7232 17.5613 18.2705 11.9038 19.5239 14.8163 15.7933 14.9828 14.1644 20.1111 11.2163 21.4002 21.2712 23.3376 19.5971 22.8452 20.0173 21.8107 24.7871 21.5842 23.5620 21.4992 20.3466 22.5616 22.6794 22.9094 19.4834 21.7736 23.9528 23.6184 22.7467 22.5816 21.2800 20.4110 20.2297 24.4565 22.2826 24.3737 22.9202 21.1563 24.5223 25.0745
7.4340 4.5360 0.0000 4.8852 5.6109 4.4742 4.0898 6.6289 4.7099 5.3310 6.0971 10.6862 10.8033 3.8374 5.0958 5.7324 6.3058 7.3383 5.6975 8.3367 5.7424 6.1299 6.7708 6.7609 5.7616 8.4507 7.4641 5.4933 10.2058 8.7960 28.0379 27.5525 29.9089 28.9739 28.7791 31.2170 28.4286 28.4492 28.7972 29.7457 27.5341 29.2809 27.2798 27.1206 27.5925 27.9581 28.6790 28.9420 28.7925 28.1289 29.8933 28.1941 28.1599 28.2033 28.3395 28.4431 29.0496 24.9448 30.8842 28.4066 9.6690 7.1480 8.0821 8.6991 8.9848 9.0974 9.4890 9.4264 7.1529 12.0563 9.1460 11.1869 12.2427 10.0377 8.9203 7.6016 8.4580 10.0371 10.6879 9.5357 8.5848 10.0970 10.0598 8.8761 8.7195 9.1473 8.4562 9.6949 10.6430 9.1155 14.3599 17.6573 17.9637 20.0437 20.4640 13.5359 21.5061 13.1837 12.8073 11.5828 21.4433 17.1368 17.0195 18.9808 17.3200 12.8471 10.1569 18.2735 12.7818 17.2774 17.8410 11.4584 19.1861 14.4439 15.4570 14.9663 13.5533 19.8394 10.7496 21.2189 20.9741 23.1514 19.2005 22.6757 19.6330 21.6003 24.6029 21.3124 23.2775 21.2034 20.0760 22.1987 22.4704 22.7170 19.2290 21.4350 23.7539 23.4149 22.4558 22.3994 21.1178 20.1399 19.9443 24.2840 22.0003 24.0937 22.6519 20.9505 24.3821 24.8613
5.3843 4.4363 4.8852 0.0000 4.5563 5.5376 4.9218 8.0414 6.4009 4.3516 5.2792 8.8976 7.6127 5.9409 4.3345 5.5119 6.4415 5.8400 6.8830 5.8337 8.3840 4.2561 7.9267 5.8431 4.8056 6.1754 6.9952 5.3303 7.4204 8.0458 28.5253 28.1073 30.2622 29.1650 29.3149 31.5482 28.8733 28.7959 29.2405 30.0109 27.9506 29.6549 27.8398 27.5621 28.0937 28.3456 29.1776 29.3364 29.1140 28.3449 30.2895 28.3967 28.6998 28.5821 28.5942 28.8917 29.5031 25.7432 31.1954 28.8705 11.8023 8.8762 10.1746 10.7882 11.3760 11.7191 11.8986 11.8820 8.8081 14.7359 11.6687 13.5616 13.9926 12.2112 10.3183 9.9540 10.2585 12.4761 13.3018 12.3022 7.5819 12.4393 12.4875 11.1612 11.1001 11.7043 10.7538 12.1169 13.1080 9.9936 16.3063 19.0759 19.0963 21.0968 21.6783 15.8148 22.0665 14.9852 14.4904 13.2061 22.2035 18.5010 18.7354 20.3667 18.9323 14.2818 12.6356 19.6942 14.5442 18.4826 19.3207 13.5763 20.4152 16.0382 17.1217 16.5048 15.4985 21.1727 12.7173 22.4546 22.3012 24.1949 20.8213 23.7444 21.1159 22.8827 25.5940 22.6442 24.5482 22.5910 21.4437 23.5783 23.4610 23.8397 20.7837 22.8126 24.6632 24.4664 23.8424 23.5580 22.0790 21.5302 21.3754 25.2593 23.1234 25.1501 23.7216 22.0565 25.1875 25.8616
4.7110 6.2055 5.6109 4.5563 0.0000 6.2592 5.5379 8.8758 5.8466 5.2661 5.3626 7.1771 7.4974 7.1487 5.7995 4.9204 7.5799 6.4703 7.2593 4.9835 9.5337 4.4206 9.3355 5.7577 4.7762 6.8346 7.0644 6.0541 7.4823 7.8205 28.6426 28.3643 30.4394 29.3217 29.4465 31.6340 28.9352 28.9546 29.3610 30.0595 27.9473 29.7263 28.0307 27.6958 28.1610 28.5143 29.3733 29.4046 29.2031 28.5046 30.4184 28.6164 28.8062 28.6776 28.6600 29.0679 29.5255 25.8674 31.3656 28.8740 12.7279 10.4088 11.3638 12.0515 12.6611 12.9848 13.2159 13.0782 9.9487 15.8731 12.9169 14.6566 15.3886 13.3674 11.9239 10.9753 11.6470 13.6310 14.4472 13.4037 8.9789 13.6980 13.4052 12.3488 12.3464 12.9981 12.0002 13.4032 13.9559 10.7919 16.8532 19.8462 19.5603 21.6081 22.2037 16.5881 22.1787 15.4409 15.4000 13.7414 22.5698 19.1920 19.6288 21.2048 19.4017 15.1630 13.7955 20.3318 15.0724 19.1016 20.1349 14.4066 21.1762 16.7542 17.8029 16.9312 16.2989 21.8296 13.8306 22.8505 22.9882 24.9174 21.5924 24.3300 22.0433 23.4293 26.2741 23.2867 25.3480 23.2840 22.2295 24.4752 24.2466 24.6090 21.4013 23.6800 25.4406 25.1871 24.5877 24.1906 22.7357 22.1986 22.0835 25.8630 23.9372 25.9144 24.4833 22.8561 25.8454 26.7087
7.2659 4.5225 4.4742 5.5376 6.2592 0.0000 4.8437 5.3325 4.1981 6.0160 6.8167 11.4773 10.6803 4.3504 5.6289 6.3496 5.5142 6.9895 6.2722 8.3201 5.4598 6.8694 7.2513 6.3224 6.7209 8.8949 6.9107 4.8581 9.4082 8.6700 26.4106 25.9037 28.3324 27.3203 27.2194 29.6007 26.9777 26.8679 27.3715 28.0098 26.2916 27.6813 25.5997 25.6001 26.2026 26.3040 27.0656 27.4269 27.1542 26.6404 28.2643 26.5123 26.6028 26.5957 26.6656 26.8030 27.3632 23.3874 29.2892 26.8202 11.2017 8.8093 9.1766 9.3318 10.1360 9.8444 9.7271 10.3056 7.9260 12.1294 9.3342 11.8384 11.8544 10.7295 9.8195 8.7885 9.8828 11.3703 11.4780 10.1715 9.8362 10.7597 10.6357 9.4382 8.8541 9.8232 9.4284 10.1635 10.9666 10.2949 13.0377 16.1789 16.1289 18.2385 18.6722 12.4288 19.6154 12.1786 11.0928 10.3171 19.6521 15.3470 15.4449 17.3615 15.5063 11.3423 9.5935 16.6559 11.2946 15.7382 16.3773 9.7192 17.4774 12.4642 13.9887 12.7872 12.2277 18.2166 9.9176 19.5879 19.5964 21.7611 17.9421 21.3196 18.4342 20.3569 23.1415 20.0022 21.9983 19.8083 19.0536 20.8860 21.1759 21.3442 17.9197 20.1107 22.2391 22.0360 21.2118 20.9558 19.5848 18.8474 18.6637 22.8561 20.6496 22.9104 21.3294 19.5647 22.7742 23.5251
6.7976 4.6384 4.0898 4.9218 5.5379 4.8437 0.0000 6.5735 5.0167 3.7583 4.5363 9.6823 9.5617 5.3038 4.5839 4.1858 5.1866 6.0078 4.1819 7.1375 6.4256 6.0564 7.8093 5.7817 4.5765 6.6118 6.8013 4.4206 8.8786 7.0626 28.6348 28.1194 30.4568 29.4767 29.4259 31.8007 29.1108 29.0428 29.4800 30.3141 28.3739 29.8886 27.8726 27.7707 28.3802 28.5191 29.2667 29.6305 29.3736 28.7684 30.4754 28.7109 28.7901 28.7618 28.8993 29.0284 29.6406 25.7037 31.4272 29.0791 11.2923 8.7330 9.5844 10.0961 10.0863 10.1226 10.4258 10.9927 8.5962 13.2606 10.0784 12.2591 13.0078 11.1626 9.8499 9.1815 10.2810 11.3488 11.9761 10.8687 9.6090 11.3226 11.3263 10.4278 10.1260 10.2325 10.1843 11.1195 11.9917 10.9732 14.9098 18.0606 18.4814 20.4861 20.8610 14.1750 21.6107 13.8441 13.3187 11.9578 21.6926 17.5447 17.3746 19.3961 17.8953 13.5666 11.0049 18.6106 13.1876 17.7186 18.2635 12.0290 19.5623 15.0369 16.0353 15.4550 14.0036 20.1975 11.5801 21.6568 21.5756 23.6712 19.9621 23.3183 20.2921 22.3263 25.0596 22.0048 23.8293 21.8230 20.8452 22.7337 23.0766 23.1946 20.0250 21.9313 24.1617 23.9066 23.0116 23.0473 21.6537 20.8213 20.6646 24.8191 22.5095 24.6517 23.1321 21.5231 24.8309 25.3408
9.9908 6.9710 6.6289 8.0414 8.8758 5.3325 6.5735 0.0000 6.5149 7.6224 8.5687 13.2338 12.2736 6.4454 7.4049 7.8723 6.0875 8.9538 6.9382 10.3107 4.8662 8.7714 8.2872 7.1686 8.5315 10.6006 9.0568 6.6087 11.1373 9.5842 25.8005 25.0765 27.5970 26.3971 26.6466 29.0040 26.6253 26.1438 26.9878 27.4921 26.3082 27.0922 24.8292 25.1290 26.1187 25.5055 26.3093 27.1029 26.6341 26.0816 27.6950 25.5293 26.1003 25.9551 26.0690 26.1033 26.9264 23.3027 28.4324 26.4731 12.1955 9.7664 10.1636 10.2065 10.4468 10.1429 9.6394 10.8369 8.5237 11.6994 9.1354 11.8175 10.4614 10.8633 10.4361 9.4952 10.7572 11.8074 11.7940 10.5827 11.5404 11.0284 10.7806 10.1932 8.7770 9.9000 10.1766 9.6502 10.8518 11.3875 12.5720 14.6434 15.1228 17.0355 17.1679 11.1651 17.9695 11.9004 9.9431 10.5006 17.9100 13.8344 13.7246 15.7834 14.4325 10.7257 9.1228 14.7258 11.0149 14.3910 14.6495 8.7493 15.7657 11.0062 13.2469 12.1642 10.4510 16.6778 9.4161 18.1851 18.2547 20.1570 16.7964 20.1432 17.1256 19.4627 21.6131 18.9172 20.5102 18.5361 17.8954 19.3835 19.8979 19.7460 17.1356 18.4571 20.5574 20.4350 19.6857 19.7400 18.1274 17.7242 17.5572 21.4705 19.0770 21.4248 19.6501 18.0461 21.2318 21.9855
6.7021 5.2398 4.7099 6.4009 5.8466 4.1981 5.0167 6.5149 0.0000 6.4710 6.1226 10.4314 10.4223 4.4935 6.0746 5.7816 5.3302 6.4539 6.2118 8.0183 6.8796 6.3447 8.6000 5.6615 5.9939 8.3499 6.8093 4.2718 9.1113 7.5201 26.4079 26.0351 28.4103 27.4530 27.1373 29.6029 26.8221 26.8821 27.2009 28.0132 25.9344 27.6402 25.6846 25.5403 25.9311 26.4006 27.1375 27.2576 27.1298 26.6258 28.2385 26.7354 26.5391 26.6324 26.6572 26.8695 27.2596 23.1816 29.4127 26.6433 11.8471 9.5553 9.8252 9.8768 10.8446 10.7252 10.8027 11.0855 8.4999 12.9587 10.0884 12.5267 13.0531 11.6069 10.4911 9.3178 10.5656 12.0023 12.1061 11.0164 10.2706 11.5343 11.4834 10.2841 9.7210 10.6647 10.1900 11.0863 11.6027 10.5535 13.1959 16.8571 16.4313 18.7230 19.2621 12.7606 19.7321 12.4073 11.9951 9.9581 20.0541 15.9996 16.2719 18.1917 15.8576 11.9490 10.1001 17.3048 11.0583 16.2791 17.1939 10.2233 18.3017 13.2252 14.2759 12.9862 12.9589 18.7979 10.7037 19.8467 20.1258 22.3345 18.4636 21.7183 19.1706 20.5636 23.7324 20.4274 22.5868 20.3160 19.4845 21.6372 21.7663 21.9547 18.1399 20.8826 23.0457 22.6400 21.8018 21.3902 20.1783 19.2631 19.1520 23.3404 21.3819 23.4969 22.0418 20.2374 23.4133 24.1710
6.4843 5.1258 5.3310 4.3516 5.2661 6.0160 3.7583 7.6224 6.4710 0.0000 4.0097 9.1419 8.3174 6.6087 3.9686 4.1541 6.2083 5.0464 4.7452 5.9321 7.5574 5.5061 8.2400 5.7505 4.4642 5.3191 6.8417 5.1893 7.6729 6.7627 29.2903 28.8821 31.0831 30.0450 30.0798 32.4673 29.6335 29.6680 30.0974 30.8312 28.7704 30.4952 28.5806 28.3453 28.9243 29.1705 29.9848 30.1592 29.9121 29.2026 31.0932 29.2606 29.4101 29.3044 29.4238 29.7141 30.2917 26.3702 32.1043 29.6728 11.9649 9.3848 10.6095 11.0861 11.0089 11.2923 11.3360 11.9984 9.5114 14.4960 11.1290 13.1438 13.8367 11.9465 10.4622 10.1622 11.1630 12.1719 12.9349 12.1221 9.3435 12.3838 12.5553 11.3628 11.2627 11.5004 11.1324 12.2231 13.0750 11.5653 15.9658 19.0051 19.3946 21.3460 21.8387 15.5408 22.3248 15.0122 14.2636 12.9266 22.5734 18.5074 18.5229 20.4971 18.9101 14.3989 12.2315 19.6738 14.2563 18.5261 19.3270 13.2083 20.5478 16.1811 17.0995 16.5923 15.1335 21.3120 12.5050 22.7234 22.5940 24.6018 20.9279 24.1424 21.2593 23.2211 25.9721 22.9962 24.8177 22.7918 21.6771 23.7892 23.9824 24.0786 20.9703 22.9609 25.0594 24.8201 23.9733 23.9171 22.4599 21.7310 21.6074 25.6908 23.3933 25.5512 24.0395 22.4348 25.6942 26.2854
6.1012 5.4976 6.0971 5.2792 5.3626 6.8167 4.5363 8.5687 6.1226 4.0097 0.0000 7.8787 7.4933 7.0180 4.0664 3.8183 5.4519 4.8954 5.4681 5.3195 8.8514 5.0440 9.5063 5.7368 3.6049 4.4853 6.7520 5.0574 6.5566 5.1405 29.3150 29.0545 31.1023 30.0781 30.0737 32.3977 29.6501 29.6743 30.0548 30.8040 28.7414 30.4860 28.6327 28.3914 28.8605 29.2422 30.0244 30.1315 29.9148 29.2491 31.0792 29.3871 29.3780 29.3522 29.4535 29.7467 30.2041 26.4066 32.1335 29.5787 13.0103 10.1836 11.2547 11.8791 11.9888 12.3813 12.4580 12.9996 10.0273 15.4483 12.2176 14.0831 15.1738 13.2077 11.2736 10.8419 12.0228 13.1266 13.9133 13.0292 9.7629 13.1819 13.5190 12.1889 12.1950 12.4036 12.0195 13.3584 13.8476 11.7985 16.3597 19.6495 19.7414 21.8058 22.3668 16.1571 22.4988 15.5386 15.1485 12.9839 22.9304 19.1250 19.2734 21.1665 19.3988 15.1710 12.9915 20.2468 14.3836 19.1102 20.0786 13.7574 21.2565 16.8481 17.6668 16.7866 15.9777 21.8503 13.4374 23.0359 23.0524 25.0814 21.5586 24.5201 21.9559 23.5224 26.4413 23.4077 25.3652 23.2833 22.2109 24.4178 24.4694 24.6117 21.3585 23.6205 25.6252 25.3112 24.5097 24.3337 22.9506 22.1925 22.1443 26.0977 23.9999 26.0961 24.6229 22.9419 26.1247 26.7892
6.8485 10.8393 10.6862 8.8976 7.1771 11.4773 9.6823 13.2338 10.4314 9.1419 7.8787 0.0000 6.5472 11.8379 9.8434 8.3914 10.4999 9.3551 10.9831 6.4827 14.6512 7.5599 13.3898 8.9958 7.6945 8.1089 10.8391 10.0772 8.1853 7.7980 30.0226 29.7425 31.5184 30.3381 30.7795 32.6033 30.1666 30.0575 30.4756 31.1764 29.1850 30.8842 29.5684 29.0103 29.5094 29.7859 30.6567 30.6078 30.4192 29.5572 31.5545 29.7353 30.2352 29.9642 29.8187 30.3532 30.8443 27.7926 32.3249 30.2248 17.0200 14.7590 15.8869 16.4707 17.2429 17.8707 17.9648 17.5244 14.4137 20.2776 17.7251 19.0263 19.3679 17.8316 16.1057 15.3908 15.7239 18.0750 19.0261 18.1889 11.7061 18.1007 17.8054 16.8019 16.7610 17.5488 16.4748 17.8359 18.2897 13.9026 20.5678 22.9049 22.4509 24.2716 24.9294 20.5413 24.1308 19.1913 19.3678 17.4097 24.7744 22.3834 22.9132 24.1684 22.8445 18.7837 17.9873 23.4160 18.6624 22.0203 23.2630 18.6287 24.0318 20.1830 21.2611 20.3489 20.3024 24.5706 17.8845 25.3731 25.6488 27.1184 24.7072 26.6203 24.9162 25.8723 28.3754 25.8712 27.7486 26.0852 24.9131 27.1050 26.4076 27.0183 24.4694 26.4113 27.6046 27.4288 27.2177 26.5879 25.1907 25.0253 24.8527 27.9530 26.4186 27.9866 26.8381 25.3290 27.8672 28.7628
6.0560 9.1829 10.8033 7.6127 7.4974 10.6803 9.5617 12.2736 10.4223 8.3174 7.4933 6.5472 0.0000 11.0660 8.1003 8.6775 9.1274 7.6083 11.1303 5.7943 14.0574 6.2714 12.8978 7.6034 7.0874 6.5452 9.8841 9.0011 5.4129 8.2774 29.3486 29.0427 30.7903 29.5511 30.0846 31.9758 29.4746 29.2336 29.8044 30.4194 28.5010 30.1841 28.8460 28.3190 28.8426 29.0353 29.9617 29.9231 29.6499 28.7035 30.8456 28.8857 29.5214 29.1816 29.0401 29.6677 30.1802 27.0887 31.6250 29.5486 17.0625 14.2642 15.5640 16.0572 16.8170 17.5627 17.3512 17.3374 13.7814 19.8494 17.1900 18.6840 18.6010 17.4531 15.2550 15.1315 15.4380 17.8697 18.7143 18.0449 10.7282 17.6277 17.6939 16.3762 16.0063 17.0281 16.1646 17.3302 18.0455 13.6719 19.8360 21.7595 21.3928 23.2883 24.0468 19.7925 22.9778 18.4325 18.3686 16.3763 23.6302 21.2924 21.9500 23.2397 22.0139 17.7454 17.2482 22.3944 17.6789 21.0594 22.3604 17.8667 23.0715 19.3533 20.4142 19.4070 19.5444 23.7759 16.8486 24.4920 24.8969 26.2904 23.9526 25.8220 24.1330 25.1506 27.5822 25.1748 26.9514 25.3561 24.0913 26.3724 25.5477 26.1260 23.7355 25.6242 26.7342 26.5997 26.4536 25.7624 24.2916 24.2075 24.0666 27.1391 25.5819 27.1783 25.9998 24.4334 26.9915 27.9554
7.8025 4.3945 3.8374 5.9409 7.1487 4.3504 5.3038 6.4454 4.4935 6.6087 7.0180 11.8379 11.0660 0.0000 5.4997 7.2587 5.6887 7.2535 7.0961 9.4345 5.9797 6.4512 7.0244 6.7417 6.6640 9.2195 7.6723 5.5066 10.2856 9.4076 26.4364 26.0215 28.3093 27.4580 27.1084 29.6653 26.7486 26.8148 27.1242 28.1188 25.8467 27.6968 25.6525 25.4639 25.8722 26.3904 27.0974 27.3164 27.1842 26.5020 28.2553 26.7041 26.5017 26.5695 26.7571 26.8382 27.4216 23.2562 29.3702 26.7236 10.0818 7.6647 8.1838 8.2512 9.0999 9.3746 9.3104 9.3557 7.1364 11.4844 8.8197 10.9422 11.7914 9.9425 8.7239 7.5863 8.7163 10.2745 10.4230 9.5924 8.8875 9.7468 10.0889 8.4949 7.7949 8.6541 8.5353 9.4056 10.1793 9.0774 12.7142 16.1960 16.2890 18.4211 19.0774 12.1190 19.8764 11.7924 11.4957 9.5699 19.8427 15.6127 15.4771 17.5608 15.7475 11.1425 8.7607 16.6210 10.5870 15.8714 16.6428 9.9607 17.9192 12.9164 13.6099 12.9203 12.6020 18.5295 9.0213 19.5286 19.5009 21.7696 17.7572 21.1429 18.2987 19.9724 23.1958 19.8267 21.9307 19.7021 18.5583 20.9564 21.0977 21.2756 17.5524 20.1374 22.4531 22.0129 21.0575 20.8498 19.6805 18.5377 18.4525 22.8230 20.6546 22.8081 21.3025 19.5155 22.9425 23.5832
6.3940 3.4984 5.0958 4.3345 5.7995 5.6289 4.5839 7.4049 6.0746 3.9686 4.0664 9.8434 8.1003 5.4997 0.0000 4.9613 5.0781 4.6824 6.0907 6.3496 7.3616 4.6294 8.2344 5.3757 4.0882 5.4297 6.3392 4.8927 7.3814 7.2300 28.5762 28.2824 30.3323 29.3487 29.3037 31.7615 28.8887 28.9063 29.2993 30.1406 28.0127 29.7862 27.8723 27.6569 28.1620 28.4908 29.2646 29.4031 29.1952 28.4727 30.3684 28.6756 28.6152 28.5444 28.7672 29.0272 29.5509 25.6330 31.4328 28.9032 11.7172 8.5531 9.8732 10.4694 10.3834 10.9903 10.8897 11.5617 8.4971 13.9698 10.7602 12.7237 13.8418 11.6875 9.6156 9.3274 10.5094 11.7505 12.4314 11.6492 8.5025 11.6283 12.1678 10.6152 10.4532 10.8006 10.4653 11.6882 12.4338 10.5718 15.3183 18.2833 18.6157 20.7007 21.3178 14.8644 21.5735 14.2552 13.8659 12.0232 21.8342 17.8668 17.9085 19.9339 18.2890 13.8313 11.5367 18.9150 13.3122 17.9978 18.8551 12.6055 20.0518 15.6342 16.5548 15.7645 14.7934 20.7953 11.7765 21.9393 21.9294 23.9611 20.3190 23.4200 20.7353 22.4170 25.3527 22.2767 24.2158 22.1378 20.9357 23.2637 23.3736 23.4325 20.2093 22.4143 24.5513 24.1798 23.2923 23.2144 21.8865 20.9987 20.9304 25.0430 22.8183 24.9527 23.4742 21.7584 25.1073 25.7179
6.5772 5.7553 5.7324 5.5119 4.9204 6.3496 4.1858 7.8723 5.7816 4.1541 3.8183 8.3914 8.6775 7.2587 4.9613 0.0000 6.4030 5.1868 5.2268 5.3921 8.1292 5.6538 9.3584 5.7310 4.4065 5.4938 6.8377 4.5601 7.4881 6.1298 29.7063 29.3128 31.5243 30.5045 30.5037 32.8097 30.1761 30.1094 30.5320 31.2903 29.3631 30.8986 29.0236 28.8733 29.4289 29.6481 30.3687 30.6238 30.4151 29.7996 31.5249 29.7853 29.8450 29.8113 29.9297 30.1440 30.6822 26.8683 32.4727 30.0957 12.7771 10.1622 11.1239 11.8823 11.6638 11.9404 12.0479 12.8277 9.8830 15.0909 11.8193 13.9014 14.9408 12.8919 11.3871 10.7182 11.9871 12.8430 13.6037 12.6433 10.3410 13.0092 13.0560 12.1210 12.0991 12.2190 11.8520 13.1281 13.5400 12.0274 16.5180 19.6565 19.8149 21.8912 22.2398 15.9860 22.6312 15.5139 14.9906 13.5157 23.0787 19.0979 19.1698 21.0408 19.3779 15.3172 13.0379 20.2560 14.8779 19.0723 19.8774 13.7297 21.1167 16.7481 17.8221 17.1024 15.6395 21.7038 13.6072 23.0816 23.1249 25.0983 21.5758 24.7171 21.9352 23.7713 26.4941 23.5109 25.3480 23.3865 22.3587 24.2983 24.5495 24.7045 21.5635 23.5638 25.6160 25.3762 24.5219 24.4799 23.1526 22.3478 22.2144 26.2193 24.0366 26.1095 24.6245 23.0371 26.2457 26.7636
7.3018 4.9911 6.3058 6.4415 7.5799 5.5142 5.1866 6.0875 5.3302 6.2083 5.4519 10.4999 9.1274 5.6887 5.0781 6.4030 0.0000 5.9944 6.3124 8.0109 7.3511 6.5644 8.8124 5.3658 5.7749 7.2559 7.3496 4.7346 7.9364 6.2666 26.4587 25.8717 28.2035 27.1500 27.1844 29.4992 26.9606 26.6868 27.2609 28.0174 26.3262 27.6262 25.6466 25.5936 26.2301 26.2528 27.0023 27.4203 27.1406 26.4945 28.1930 26.3709 26.6015 26.6017 26.6549 26.7306 27.4084 23.7057 29.1044 26.8775 13.0174 10.0054 10.7321 10.7889 11.4263 11.5855 11.3352 12.0688 9.1496 13.5525 10.7815 13.2233 12.9323 12.4112 10.5664 10.2914 11.2240 12.8399 13.0698 12.1109 10.2577 12.1089 12.3357 11.1608 10.1164 11.0796 11.0874 11.5479 12.4431 11.1512 13.7385 16.4223 16.5338 18.5989 19.0153 13.1549 19.3921 13.1693 12.1473 10.5797 19.5653 15.7831 15.8133 17.7722 16.3305 12.1943 10.4805 16.9026 11.4453 16.0697 16.8349 10.6751 17.8497 13.2470 14.6563 13.3787 13.1425 18.4440 10.8863 19.6723 19.8547 21.7379 18.5069 21.4532 18.8277 20.5309 23.1510 20.3155 22.0614 20.1828 19.2398 21.1324 21.2041 21.3773 18.4243 20.3703 22.2616 22.0413 21.3960 21.1344 19.8063 19.1773 19.0401 22.8810 20.7998 22.8667 21.3967 19.6721 22.7544 23.4342
6.4121 5.2566 7.3383 5.8400 6.4703 6.9895 6.0078 8.9538 6.4539 5.0464 4.8954 9.3551 7.6083 7.2535 4.6824 5.1868 5.9944 0.0000 7.2018 5.9856 9.3725 5.6792 10.0143 5.0569 4.9899 4.4531 6.9870 4.6409 5.8436 6.2002 28.9048 28.5615 30.6570 29.6469 29.6073 31.9965 29.1929 29.1905 29.5563 30.3466 28.3149 30.0578 28.2277 27.9549 28.4362 28.8182 29.6213 29.6348 29.5000 28.7595 30.5952 28.9378 29.0205 28.9048 29.0075 29.3555 29.8458 26.0429 31.6954 29.2170 13.9057 11.0227 12.0690 12.2318 12.5963 13.0856 12.9158 13.6392 10.7026 15.7268 12.5605 14.6517 15.3561 13.7143 11.6855 11.7464 12.6539 13.9187 14.3625 13.7469 10.1363 13.6965 14.1611 12.7400 12.4364 13.0124 12.6770 13.8860 14.3039 12.5111 16.2433 19.4414 19.2404 21.4177 21.9652 16.0776 22.0651 15.6296 14.8503 12.8731 22.5784 18.7611 19.0789 20.7779 19.0794 14.7805 13.0300 19.9971 14.1190 18.8036 19.8196 13.7040 20.9241 16.4754 17.2990 16.5206 15.9937 21.4602 13.2906 22.6367 22.8266 24.6749 21.3024 24.2348 21.7207 23.2829 26.0915 23.1691 25.0388 23.0742 21.8923 24.1405 24.1038 24.2982 21.0990 23.3660 25.2796 24.9872 24.3054 23.9950 22.7141 21.9450 21.8924 25.7728 23.7486 25.7988 24.3476 22.6441 25.7545 26.3536
9.0179 6.7180 5.6975 6.8830 7.2593 6.2722 4.1819 6.9382 6.2118 4.7452 5.4681 10.9831 11.1303 7.0961 6.0907 5.2268 6.3124 7.2018 0.0000 8.3657 6.2611 8.2142 8.6269 7.2104 6.1677 7.5772 7.9704 5.3659 9.9604 7.0942 29.1286 28.5547 30.9869 30.0532 29.8738 32.3716 29.5856 29.6316 29.9922 30.8571 28.8718 30.3978 28.3246 28.2385 28.8377 29.0501 29.7512 30.1039 29.8913 29.2977 30.9550 29.2537 29.2254 29.2833 29.4584 29.5156 30.1712 26.0769 31.9810 29.6065 12.0386 9.8116 10.4770 10.7469 10.4733 10.2465 10.4313 11.4128 9.7013 13.3221 9.9347 12.4204 13.0236 11.5623 10.4306 10.0346 11.3391 11.6492 12.1486 11.1075 11.3764 11.8003 11.8162 10.9812 10.7361 10.7483 10.8506 11.5620 12.3638 12.4335 14.8193 18.1284 18.7359 20.7213 20.9557 14.0707 21.9704 14.3641 13.2996 12.2445 22.1664 17.6446 17.3044 19.5141 17.8704 13.7822 10.8811 18.8161 13.2588 17.6895 18.2268 11.7068 19.5975 15.1824 16.1153 15.7138 13.7259 20.2427 11.8366 21.9183 21.7544 23.8661 19.9567 23.5362 20.3096 22.5156 25.2425 22.2087 23.8796 21.9032 20.9422 22.7510 23.3297 23.2979 20.1097 21.9453 24.3722 24.0903 23.0492 23.2369 21.9125 20.9558 20.8104 25.0367 22.6162 24.8056 23.3316 21.7602 25.1282 25.4463
5.2106 7.6458 8.3367 5.8337 4.9835 8.3201 7.1375 10.3107 8.0183 5.9321 5.3195 6.4827 5.7943 9.4345 6.3496 5.3921 8.0109 5.9856 8.3657 0.0000 11.2992 5.2469 11.4497 6.4367 5.3999 5.0852 7.5599 6.7903 5.3257 7.0308 29.4661 29.2571 31.1044 29.9536 30.2756 32.3364 29.8099 29.7058 30.1723 30.7369 28.9337 30.5048 28.8577 28.5738 29.1590 29.3065 30.1504 30.2220 29.9427 29.2684 31.1499 29.3361 29.6065 29.3934 29.4003 29.8840 30.2913 26.9433 32.0807 29.7006 15.0512 12.2488 13.2734 14.1752 14.5245 14.9139 14.9060 15.2857 11.7758 17.8925 14.7518 16.5060 17.2152 15.3513 13.4355 12.9522 13.9722 15.6723 16.5407 15.5415 10.3044 15.6285 15.6161 14.4717 14.4965 14.9814 14.1595 15.4801 16.0716 12.7767 18.2891 20.9416 20.6684 22.6158 23.2240 18.2011 22.6460 17.0814 16.8948 14.9867 23.3863 20.3390 20.8725 22.3455 20.6723 16.6562 15.6099 21.4289 16.4787 20.1909 21.3417 15.7922 22.2701 18.0860 19.3705 18.1967 17.7566 22.9324 15.5563 23.8794 24.1664 25.9363 23.0110 25.4264 23.3790 24.6161 27.2176 24.4778 26.4741 24.4925 23.5276 25.6201 25.3540 25.6269 22.7614 24.8493 26.3892 26.1991 25.7109 25.2978 23.8268 23.4324 23.4031 26.8267 25.0039 26.9758 25.5644 23.9503 26.7609 27.6377
11.1096 6.8810 5.7424 8.3840 9.5337 5.4598 6.4256 4.8662 6.8796 7.5574 8.8514 14.6512 14.0574 5.9797 7.3616 8.1292 7.3511 9.3725 6.2611 11.2992 0.0000 9.8061 7.8308 8.5973 8.9800 11.0697 9.2026 7.0739 12.6197 10.8598 27.2318 26.6113 29.0721 28.3090 27.9599 30.6013 27.9034 27.8241 28.2676 29.1305 27.4363 28.6501 26.3204 26.4959 27.2500 27.2183 27.7773 28.4510 28.1623 27.6775 29.1297 27.5555 27.3126 27.4199 27.8104 27.6375 28.3660 24.1972 30.1751 27.8443 10.4477 8.1836 8.3246 8.5623 8.0705 7.3771 7.2775 8.9958 7.8602 9.9537 6.8553 9.8899 10.4573 9.1894 8.8927 7.8364 9.6809 9.6066 9.5372 8.1811 11.7555 9.0317 9.3190 8.4899 7.7836 7.6753 8.5150 8.4275 9.5473 11.4149 12.1114 15.1982 16.1965 18.0980 18.2153 10.7508 19.9038 11.7951 10.2627 10.1969 19.7366 14.6656 13.9332 16.4868 14.9191 11.2128 7.8946 15.6390 10.8954 15.2347 15.2665 8.2402 16.7546 12.0010 13.4679 12.8949 10.4929 17.5291 8.8430 19.2219 18.8989 21.2183 17.0128 20.9820 17.4138 19.9292 22.5908 19.4128 21.1257 19.0076 18.2595 19.8108 20.8195 20.5620 17.2970 19.0202 21.7244 21.4193 20.1256 20.5411 19.3802 18.1428 17.9756 22.4796 19.8734 22.2583 20.6294 19.0019 22.5929 22.8439
4.3632 5.3970 6.1299 4.2561 4.4206 6.8694 6.0564 8.7714 6.3447 5.5061 5.0440 7.5599 6.2714 6.4512 4.6294 5.6538 6.5644 5.6792 8.2142 5.2469 9.8061 0.0000 9.4278 4.9861 4.2295 5.9401 7.0084 5.9223 6.8544 7.5912 28.0637 27.8852 29.7974 28.6824 28.8434 31.0417 28.2941 28.2790 28.7049 29.4384 27.2473 29.1341 27.4770 27.0825 27.5229 27.9363 28.7825 28.7718 28.5707 27.7861 29.8066 28.0287 28.1705 28.0392 28.0427 28.5004 28.9215 25.3191 30.7935 28.2468 12.7451 9.8608 11.2016 11.7963 12.4377 13.1323 13.0691 13.0157 9.4527 15.8182 12.8465 14.4953 15.2671 13.2565 11.3364 10.6458 11.3912 13.5359 14.3358 13.5827 7.9504 13.4255 13.6062 12.1639 12.0033 12.7425 11.8147 13.1216 13.8325 10.1576 16.5773 19.3596 19.1137 21.1603 21.9471 16.3543 21.5540 15.1032 15.1888 13.0618 21.9717 18.7772 19.2466 20.9159 19.1532 14.6891 13.4106 19.8589 14.4988 18.7607 19.9439 14.1915 20.9192 16.4845 17.4625 16.4976 16.2484 21.6069 13.2708 22.4170 22.5651 24.4711 21.2404 23.7869 21.6940 22.8623 25.8252 22.8344 24.9588 22.8612 21.6795 24.1737 23.7823 24.1220 20.9266 23.3559 25.0382 24.7176 24.1535 23.6693 22.2457 21.6924 21.6300 25.3750 23.5019 25.4606 24.0468 22.3494 25.3583 26.2987
10.4093 7.7394 6.7708 7.9267 9.3355 7.2513 7.8093 8.2872 8.6000 8.2400 9.5063 13.3898 12.8978 7.0244 8.2344 9.3584 8.8124 10.0143 8.6269 11.4497 7.8308 9.4278 0.0000 9.5673 9.2896 11.2258 7.6070 8.8319 12.4483 11.3907 26.4699 25.7524 28.4456 27.4485 27.2719 29.7726 26.9769 26.9756 27.4373 28.2615 26.2638 27.7585 25.5749 25.5653 26.2272 26.3144 27.0912 27.5710 27.3660 26.6577 28.4693 26.4488 26.7361 26.6843 26.8473 26.8073 27.7197 23.4354 29.2836 27.0483 6.5152 6.0001 6.5372 5.7742 6.8946 7.4512 7.0673 6.1016 5.7486 8.7209 7.3105 7.9240 8.1748 6.6713 6.5305 6.4700 5.4578 7.1953 7.7666 7.2542 7.3247 6.9992 6.4552 5.6129 6.0208 7.2566 5.5041 6.9653 7.2584 7.1454 12.2583 15.7453 15.7886 17.8398 18.1092 11.8458 21.8837 11.4430 10.3998 10.8624 20.2601 15.2819 16.9275 16.3997 15.5947 10.5914 8.8482 16.9265 12.4284 14.7271 15.4521 12.3079 16.8047 13.8615 13.1428 15.4931 11.2260 17.4106 9.0111 19.5491 18.6189 20.7875 16.5098 20.4600 16.8071 19.7177 22.3464 19.0271 20.8605 18.8114 17.6440 19.5825 20.1115 20.4141 17.0220 18.8042 21.2654 21.0927 20.0541 20.0853 18.7102 17.7887 17.5199 22.1699 19.5000 21.7874 20.1551 18.5120 22.0760 22.5879
6.3776 5.5281 6.7609 5.8431 5.7577 6.3224 5.7817 7.1686 5.6615 5.7505 5.7368 8.9958 7.6034 6.7417 5.3757 5.7310 5.3658 5.0569 7.2104 6.4367 8.5973 4.9861 9.5673 0.0000 4.7043 6.3671 7.4729 4.7508 7.2925 6.6428 26.9331 26.4734 28.6127 27.5782 27.6378 29.9613 27.2577 27.1062 27.5845 28.4057 26.4721 28.0251 26.2614 25.9713 26.5818 26.7692 27.5423 27.7476 27.5384 26.7508 28.5999 26.8898 27.0939 26.9263 27.0155 27.3283 27.9203 24.2886 29.5762 27.3237 13.6603 10.9375 11.8481 11.8804 12.5755 12.9811 12.7699 13.1685 10.0985 15.0269 12.2394 14.4724 14.3452 13.3865 11.7012 11.3383 12.0333 13.9272 14.2547 13.5146 9.8640 13.3685 13.4941 12.3067 11.4685 12.5464 12.1965 12.8073 13.5570 11.4429 15.0607 17.5240 17.3999 19.5452 20.0254 14.6281 19.8380 14.1113 13.4867 11.9425 20.3197 16.8737 17.2163 19.0113 17.4266 13.2835 12.0692 18.0699 12.8433 16.9412 18.0025 12.4247 18.9588 14.5462 15.8027 14.8664 14.4577 19.5732 12.1513 20.5946 20.9798 22.7024 19.6599 22.3333 20.0347 21.4340 24.1080 21.3422 23.1394 21.3295 20.1654 22.3684 22.1320 22.4258 19.5458 21.5814 23.3152 23.0232 22.5136 22.1062 20.8275 20.2377 20.0825 23.7527 21.8745 23.7581 22.4081 20.7541 23.7457 24.4491
5.8269 4.8887 5.7616 4.8056 4.7762 6.7209 4.5765 8.5315 5.9939 4.4642 3.6049 7.6945 7.0874 6.6640 4.0882 4.4065 5.7749 4.9899 6.1677 5.3999 8.9800 4.2295 9.2896 4.7043 0.0000 4.6139 6.7992 5.0882 7.4368 6.2394 28.7474 28.4723 30.5035 29.4748 29.4772 31.7722 29.0248 29.0577 29.4287 30.2788 28.1148 29.8827 28.0852 27.7595 28.2317 28.6580 29.4326 29.5399 29.3419 28.6202 30.4709 28.8054 28.8148 28.7787 28.8708 29.1767 29.6736 25.9220 31.5008 29.0198 12.5650 9.8026 10.9730 11.5045 11.7408 12.3754 12.4279 12.7024 9.6049 15.2380 12.1175 13.9908 15.0745 12.8876 10.8274 10.4562 11.3628 12.9446 13.6940 12.9298 8.8034 12.9340 13.2324 11.8724 11.6628 12.0714 11.6360 12.9458 13.4952 11.0048 16.2443 19.3793 19.4244 21.5322 22.0720 15.9357 22.1049 15.2199 15.0619 13.0187 22.5034 18.8693 18.9996 20.9209 19.2635 14.9558 12.7286 19.9498 14.2181 18.8530 19.8249 13.7700 21.0169 16.5416 17.4647 16.6465 15.8795 21.5173 13.1562 22.6263 22.5677 24.5596 21.1630 23.9858 21.5119 22.9728 25.9575 22.8996 24.8622 22.8642 21.6370 23.9856 23.9077 24.1641 20.9726 23.1854 25.1601 24.7952 24.0552 23.8706 22.4741 21.7442 21.6671 25.5413 23.5284 25.5253 24.0971 22.4484 25.6697 26.2863
6.5542 6.8537 8.4507 6.1754 6.8346 8.8949 6.6118 10.6006 8.3499 5.3191 4.4853 8.1089 6.5452 9.2195 5.4297 5.4938 7.2559 4.4531 7.5772 5.0852 11.0697 5.9401 11.2258 6.3671 4.6139 0.0000 7.7018 6.4775 6.0342 6.1196 30.3788 30.0899 32.0625 30.9903 31.1253 33.3754 30.6274 30.6421 31.0104 31.7821 29.6914 31.5112 29.7632 29.4108 29.8976 30.2565 31.0928 31.0950 30.8958 30.1398 32.0678 30.3352 30.4791 30.3388 30.4078 30.8247 31.2963 27.6298 33.0950 30.6629 14.7252 11.7635 13.0456 13.5373 13.6495 14.2239 14.2718 14.8610 11.6832 17.4277 14.0294 15.8776 16.8703 14.8497 12.4410 12.6526 13.6480 14.9221 15.7436 15.0365 10.2026 15.0033 15.4362 14.1221 14.0017 14.2613 13.8277 15.1965 15.8441 13.2667 18.1692 21.1190 21.1863 23.2585 23.8275 18.0341 23.6151 17.2672 16.8796 14.7554 24.1956 20.6557 20.8999 22.6546 21.0723 16.7798 14.8802 21.8005 16.1653 20.5572 21.6082 15.7325 22.7048 18.5379 19.3685 18.6134 17.7953 23.2971 15.1729 24.4767 24.4967 26.3384 23.0949 25.8240 23.4171 24.9102 27.6649 24.7968 26.6867 24.7433 23.5686 25.8054 25.6791 25.9021 22.9032 25.0074 26.8459 26.5680 25.9129 25.6877 24.2749 23.6641 23.5765 27.3376 25.2982 27.2927 25.9049 24.2798 27.3385 27.9674
7.4068 6.5558 7.4641 6.9952 7.0644 6.9107 6.8013 9.0568 6.8093 6.8417 6.7520 10.8391 9.8841 7.6723 6.3392 6.8377 7.3496 6.9870 7.9704 7.5599 9.2026 7.0084 7.6070 7.4729 6.7992 7.7018 0.0000 6.7504 8.8076 8.6064 27.2127 27.0156 29.3014 28.2296 28.0822 30.5083 27.7013 27.8406 28.1985 28.8305 26.8444 28.4923 26.4756 26.4495 26.8801 27.2020 28.0497 28.1056 27.9338 27.5049 29.2226 27.4805 27.3744 27.3763 27.4195 27.7513 28.0927 24.0578 30.3357 27.4823 10.4520 8.4827 8.9093 9.2137 9.8432 10.1608 10.0736 10.4804 7.4660 12.7994 9.9718 11.3830 12.7476 10.4884 8.9299 8.9086 9.8037 10.8051 11.3719 10.5965 8.3410 10.6668 10.5614 9.5773 10.0232 10.5365 9.3859 11.0132 10.9825 9.8040 13.7225 17.7319 17.0918 19.4280 19.9878 13.9886 21.8384 12.7669 12.7171 10.9794 21.1777 16.9885 18.8307 18.9210 16.8544 12.9349 11.4604 18.5767 12.9294 16.7383 17.9634 13.0701 19.1128 15.4904 15.3015 15.7790 13.4298 19.5967 11.7498 20.9654 20.7850 23.0915 19.0060 22.3847 19.8440 21.4566 24.4771 21.0625 23.3922 20.8818 20.1475 22.3085 22.6097 22.6314 18.7602 21.4626 23.6969 23.3506 22.3610 22.1116 20.6901 19.8435 19.8690 24.1533 21.9244 24.3091 22.6551 20.8740 24.1187 25.0471
6.7198 4.5746 5.4933 5.3303 6.0541 4.8581 4.4206 6.6087 4.2718 5.1893 5.0574 10.0772 9.0011 5.5066 4.8927 4.5601 4.7346 4.6409 5.3659 6.7903 7.0739 5.9223 8.8319 4.7508 5.0882 6.4775 6.7504 0.0000 7.5782 6.3918 27.7009 27.1730 29.5315 28.6149 28.4173 30.8546 28.1271 28.0428 28.4138 29.3112 27.3545 28.9001 26.9763 26.8450 27.3308 27.6555 28.3320 28.5617 28.4326 27.8006 29.4498 27.8971 27.8679 27.8297 27.9622 28.1393 28.6825 24.6892 30.5197 28.1126 12.6765 9.8174 10.4497 10.6711 11.2050 11.2715 11.2496 11.9513 9.1428 13.7428 10.7196 13.2030 13.5730 12.2887 10.5676 10.1242 11.1551 12.5033 12.8309 11.8712 10.0380 12.0912 12.2894 11.0766 10.6032 11.2224 10.9806 11.9852 12.6203 11.3266 14.4231 17.5756 17.4619 19.7493 20.1272 13.7560 20.6195 13.6090 12.8670 11.2586 21.0069 16.8803 17.0250 18.8350 17.0784 12.9557 11.0111 18.2386 12.5157 16.9871 17.7884 11.4780 18.9683 14.3246 15.3945 14.6047 13.7969 19.5295 11.5395 20.8512 21.1249 23.0781 19.4781 22.7480 19.9345 21.7168 24.5046 21.4834 23.2846 21.4017 20.3608 22.3094 22.4658 22.7249 19.4528 21.6095 23.7386 23.4168 22.6571 22.4165 21.2408 20.3397 20.1689 24.2219 22.1559 24.1410 22.7838 21.0361 24.2656 24.7044
6.3697 8.4191 10.2058 7.4204 7.4823 9.4082 8.8786 11.1373 9.1113 7.6729 6.5566 8.1853 5.4129 10.2856 7.3814 7.4881 7.9364 5.8436 9.9604 5.3257 12.6197 6.8544 12.4483 7.2925 7.4368 6.0342 8.8076 7.5782 0.0000 7.2096 29.1193 28.7774 30.7002 29.4892 29.8634 31.9162 29.4159 29.1723 29.7128 30.2532 28.5205 30.0403 28.5170 28.2065 28.7303 28.8690 29.7438 29.7698 29.5276 28.7365 30.6925 28.7951 29.2838 29.0279 28.9302 29.4489 29.9361 26.6439 31.5746 29.3584 16.7979 13.9859 14.9555 15.3934 15.9829 16.4538 16.2204 16.7331 13.3130 18.8229 15.9574 17.8356 17.7682 16.7937 14.7107 14.6989 15.3819 17.1736 17.8356 17.0365 11.5927 16.8654 17.0054 15.6867 15.4041 16.3439 15.6081 16.7078 17.2472 14.1194 18.5752 20.8556 20.3826 22.3750 23.0406 18.5589 22.3006 17.5714 17.0912 15.0645 23.0654 20.2389 20.9039 22.1964 20.6878 16.6763 16.1070 21.4305 16.4266 20.0604 21.3478 16.2795 22.0799 18.2246 19.3081 18.1442 18.2642 22.7800 15.8777 23.6485 24.2320 25.7171 23.0965 25.3151 23.4292 24.6086 27.0220 24.5586 26.3254 24.5763 23.5218 25.6159 25.1250 25.4637 22.8410 24.8685 26.1714 26.0609 25.7527 25.1460 23.7723 23.4604 23.4129 26.6663 24.9757 26.7872 25.4785 23.8729 26.4556 27.3687
7.6932 8.0606 8.7960 8.0458 7.8205 8.6700 7.0626 9.5842 7.5201 6.7627 5.1405 7.7980 8.2774 9.4076 7.2300 6.1298 6.2666 6.2002 7.0942 7.0308 10.8598 7.5912 11.3907 6.6428 6.2394 6.1196 8.6064 6.3918 7.2096 0.0000 28.6638 28.1456 30.4470 29.3232 29.4195 31.5947 29.0625 28.8917 29.3835 30.0719 28.2610 29.7154 28.0113 27.7867 28.2870 28.4914 29.2801 29.4035 29.2664 28.5698 30.3118 28.5229 28.8757 28.8294 28.7119 29.0298 29.5515 25.9424 31.2429 29.0565 15.5327 12.8621 13.7690 13.8530 14.4126 14.6887 14.4712 15.0532 12.2970 16.8921 14.0589 16.1993 16.0052 15.3174 13.5134 13.3635 14.1043 15.5222 15.9666 15.1978 11.8736 15.2605 15.3760 14.2677 13.7540 14.6613 14.1474 15.0491 15.5328 13.6627 16.9210 19.6648 19.4417 21.5352 21.9178 16.6393 21.9329 16.3240 15.3852 13.8385 22.5040 18.9485 19.3158 20.9867 19.3043 15.4752 13.9881 20.4261 14.9407 18.9216 19.9534 14.2888 20.8697 16.6896 17.8665 16.8702 16.3692 21.3993 14.4967 22.7551 22.9447 24.5973 21.5297 24.2858 21.8859 23.4375 25.9849 23.3029 24.9758 23.2514 22.2196 24.1251 24.0102 24.3452 21.4706 23.4455 25.1406 24.9502 24.4318 24.0244 22.6984 22.2586 22.0567 25.6824 23.7701 25.6369 24.3397 22.6866 25.5769 26.1936
27.8692 27.9468 28.0379 28.5253 28.6426 26.4106 28.6348 25.8005 26.4079 29.2903 29.3150 30.0226 29.3486 26.4364 28.5762 29.7063 26.4587 28.9048 29.1286 29.4661 27.2318 28.0637 26.4699 26.9331 28.7474 30.3788 27.2127 27.7009 29.1193 28.6638 0.0000 6.1561 5.1577 5.9523 3.9676 6.9615 4.9147 5.5917 5.5735 5.4309 8.3459 4.2656 5.0183 3.8705 6.8486 4.8346 5.2528 4.4086 3.9129 5.0344 4.4124 8.6482 4.4784 5.1691 4.8361 5.7759 5.0990 7.7697 7.8934 5.5095 27.9436 27.6235 26.7213 25.7542 27.9124 27.9963 26.7110 26.3086 25.8493 25.1451 26.1449 26.8752 24.0064 26.5187 26.8932 26.4314 26.4664 28.4752 27.4674 27.2605 27.1047 26.3305 25.8422 25.7186 24.2117 26.4410 26.2102 24.6042 24.8732 24.8136 19.5837 17.1703 14.9758 13.5458 15.2872 20.6225 16.0019 20.6023 20.2267 20.8491 13.6988 16.5542 19.4898 16.9591 16.4378 19.2893 23.1555 16.9789 19.9170 16.5946 18.0551 21.8765 16.7364 18.1857 17.9902 18.2054 20.7925 16.3766 22.0513 13.9232 13.4892 13.4687 15.2419 10.8229 16.1598 11.6007 12.1812 12.3961 14.7173 13.0143 14.7162 15.9960 13.6564 13.2763 13.6662 15.3251 14.1229 13.2312 14.2287 11.3740 12.1456 13.5507 13.5494 11.5368 13.9141 14.3505 14.3638 13.5143 11.9721 15.3102
27.6627 27.5450 27.5525 28.1073 28.3643 25.9037 28.1194 25.0765 26.0351 28.8821 29.0545 29.7425 29.0427 26.0215 28.2824 29.3128 25.8717 28.5615 28.5547 29.2571 26.6113 27.8852 25.7524 26.4734 28.4723 30.0899 27.0156 27.1730 28.7774 28.1456 6.1561 0.0000 7.4440 7.3089 6.4327 7.4042 8.5170 5.5458 7.4139 8.0212 10.9279 6.2190 5.9999 6.5185 8.8655 5.4588 4.9452 8.2569 7.5579 7.6206 6.6092 7.3801 7.8593 8.8803 7.2940 5.7006 8.2107 9.1273 6.4933 8.5727 27.6489 27.3153 26.4446 25.3511 27.5286 27.5323 26.2404 25.8023 25.5566 24.3508 25.6201 26.5737 22.8816 26.1579 26.6100 26.2058 25.9609 28.1242 27.0939 26.7884 26.8534 25.9038 25.2050 25.3086 23.5177 26.0143 25.7631 23.9530 24.4634 24.4480 19.2580 15.8577 14.0080 12.6420 13.3814 19.6294 16.0415 20.1333 19.3359 20.7126 13.0739 15.4989 18.3306 15.0613 15.9612 18.4238 22.4113 16.4291 19.8336 15.2398 16.1095 21.3411 14.8051 17.0618 17.1965 18.0971 19.8272 14.2628 21.4118 12.7007 12.2416 11.2676 14.1266 10.3200 14.3218 11.4695 10.4715 11.6099 12.2567 12.5752 13.8945 13.6390 10.8298 11.9760 13.7845 13.4963 11.5298 11.6066 13.2951 10.3637 11.2674 13.0219 12.3990 9.7521 12.5356 11.7545 12.5322 11.9693 9.8971 12.2409
29.6109 29.7941 29.9089 30.2622 30.4394 28.3324 30.4568 27.5970 28.4103 31.0831 31.1023 31.5184 30.7903 28.3093 30.3323 31.5243 28.2035 30.6570 30.9869 31.1044 29.0721 29.7974 28.4456 28.6127 30.5035 32.0625 29.3014 29.5315 30.7002 30.4470 5.1577 7.4440 0.0000 6.1364 4.3715 6.8374 6.2479 5.7618 5.1627 6.4610 10.1113 5.9515 6.6234 5.4444 9.1034 6.3328 5.6334 6.8626 6.0426 5.2022 3.8834 9.1484 6.4992 5.3345 6.7432 6.8190 7.7921 11.0751 7.1122 7.8066 30.0962 29.6000 28.7673 27.9243 29.9669 30.1592 28.8732 28.4879 27.9014 27.2585 28.3059 28.9737 26.1324 28.6786 28.9293 28.4251 28.4912 30.6320 29.6858 29.4724 28.8893 28.3918 27.9756 27.8162 26.2332 28.4378 28.3747 26.6816 27.0312 26.6380 21.7010 18.5255 16.8484 14.9859 16.5440 22.6581 16.2192 22.6243 22.4095 22.9511 14.2856 18.2242 20.6057 18.1102 18.6291 21.3108 25.1761 17.8761 21.9138 18.1462 19.3760 23.8004 18.0143 19.8937 19.9539 20.0648 22.8981 17.6523 23.8328 14.7214 14.7846 13.8251 17.1819 12.0147 17.5762 13.0498 12.2785 13.8353 15.4037 14.6897 15.9106 16.9208 14.1881 13.9486 15.8495 16.4226 14.4062 13.5802 15.2051 12.5921 13.7553 15.0284 15.2934 11.7609 14.8023 14.6455 14.9799 14.5453 12.2752 15.1575
28.4504 28.8144 28.9739 29.1650 29.3217 27.3203 29.4767 26.3971 27.4530 30.0450 30.0781 30.3381 29.5511 27.4580 29.3487 30.5045 27.1500 29.6469 30.0532 29.9536 28.3090 28.6824 27.4485 27.5782 29.4748 30.9903 28.2296 28.6149 29.4892 29.3232 5.9523 7.3089 6.1364 0.0000 6.6887 6.2383 8.3725 5.4297 8.3796 6.4089 11.5221 5.8992 5.5907 6.7612 10.0462 4.1556 5.8348 8.3363 5.7278 6.1736 6.3335 5.3496 7.2217 7.3212 5.4478 5.5322 7.4016 11.4768 5.9805 7.5133 29.3309 28.7916 28.0910 27.2270 29.3371 29.5135 28.1750 27.7733 26.9573 26.7822 27.6064 28.3993 24.9854 27.9586 28.2010 27.7488 27.7058 29.9897 29.0981 28.8313 27.8349 27.8366 27.2988 27.1775 25.5070 27.8747 27.6503 25.8946 26.3566 25.7966 21.5016 18.4595 16.4676 14.8318 16.2480 22.2606 16.0992 22.2971 21.6283 22.6254 13.6962 17.8215 20.6067 18.0454 18.3859 20.5930 24.6991 17.6333 21.5755 17.8459 19.0555 23.2281 17.6643 19.1352 19.6940 19.5129 22.1706 17.4230 23.4023 14.9019 14.5703 13.8575 17.0979 12.2296 17.4892 13.6550 12.9099 14.1974 15.6412 14.6735 16.1966 16.9916 14.3360 14.1055 16.0973 16.2438 13.9590 13.6591 15.5251 12.8545 12.4975 15.1864 15.4499 12.1029 14.7018 14.9112 14.6548 14.0983 11.7691 15.5948
