0.0000 7.3015 7.0372 7.6143 5.9210 8.7797 6.8240 6.6129 7.0850 3.1807 7.9180 3.9046 4.2851 16.7141 3.8457 3.9399 2.4461 7.6422 7.9430 6.5823 8.3525 6.8889 11.1889 4.3784 3.2280 6.5513 9.1468 7.6508 9.6554 8.8644 58.1902 58.7891 54.5027 65.4389 55.9871 51.5293 55.9189 62.8374 57.5488 49.0588 57.8418 61.8873 57.1020 56.8167 59.7253 63.9266 62.8488 58.8599 57.2790 50.2726 57.3187 60.3487 57.6324 57.9580 59.9889 51.0334 46.5675 50.5434 59.7227 50.2322 27.6705 26.7975 29.8521 36.0291 35.3072 33.9563 25.2941 30.9888 27.5772 22.8289 24.4595 35.9268 27.7445 28.3217 41.2808 26.0577 32.5721 36.5399 30.7958 29.4661 27.6110 25.1206 34.7382 36.1391 35.0525 33.4864 27.3352 29.3711 35.0183 35.5623 13.4403 19.5650 20.8962 23.9979 11.9116 21.0566 15.2587 18.3650 16.9169 21.2869 37.5156 29.9328 29.8671 21.2537 30.5218 19.3456 19.7226 21.9269 28.2201 27.5028 20.5541 25.0334 29.5080 9.8365 14.6964 12.7502 10.6198 29.3227 5.9218 29.6326 51.3777 59.0051 52.7449 57.2495 49.1645 55.4721 53.8107 50.3918 57.8617 53.0479 52.0098 53.4513 53.8626 55.7786 49.7947 52.9840 60.3474 50.6570 54.1059 57.4494 53.0160 45.3815 55.4695 49.6536 50.7946 50.9214 54.8020 55.2962 53.7410 59.8593
7.3015 0.0000 7.9433 7.9725 2.7435 5.4222 2.2578 2.0728 5.4482 5.1569 6.9604 7.3919 10.5539 11.6779 6.6650 9.0476 8.2990 6.7453 13.4935 13.1007 5.8533 4.5739 12.3129 5.0749 7.6225 2.4377 4.0724 5.5166 16.3691 5.8162 52.9567 53.6485 49.4607 60.3969 50.9398 46.5544 50.8769 57.7954 52.4800 43.8253 52.5285 56.4757 52.0600 51.7747 54.6833 58.8846 57.8068 53.6265 52.0455 45.1946 52.2767 55.3067 52.5904 52.8899 54.9469 46.6838 40.9261 45.5014 54.6807 45.1902 21.6426 21.8990 24.9485 31.0641 30.2774 28.9833 19.7138 25.2995 22.0528 17.5462 18.4896 30.8574 23.0964 22.3361 35.2933 20.9518 27.3395 31.4473 25.0204 23.4270 23.2691 19.7577 29.6090 30.6455 29.9044 27.5204 21.5456 24.3834 29.6324 30.4437 8.5354 13.9083 15.0793 18.0804 6.4214 15.0117 10.7731 14.2102 11.0996 15.4215 31.7703 23.9261 24.1729 15.8299 24.4902 13.5304 14.7069 17.0068 22.2863 21.7870 15.9523 18.8619 23.5111 5.2712 8.9450 8.1401 4.9645 23.3170 4.9829 23.8479 46.0301 53.6232 47.6972 51.7178 43.6527 49.7699 48.1723 44.7696 52.8197 47.8533 46.4971 47.7491 48.8206 50.2105 44.2227 47.2818 55.3054 45.1190 49.0639 52.1293 47.6763 40.2597 50.3171 44.6116 45.6366 45.7175 49.4694 50.0864 48.6991 54.8173
7.0372 7.9433 0.0000 2.5825 6.5175 3.9455 6.5543 6.8888 3.0838 7.6266 10.9292 7.4235 8.3667 11.5883 5.5443 7.0478 8.1126 9.3651 13.4615 11.2311 3.7226 4.5115 6.0768 5.6850 8.6262 8.6803 5.9205 4.0912 14.8054 6.3643 53.1727 53.8381 49.4136 60.2455 51.0051 46.5125 50.7255 57.6440 52.5854 44.2132 52.8611 56.9067 51.9086 51.6234 54.5319 58.7332 57.6554 53.8025 52.2216 45.4089 52.1253 55.1553 52.4390 53.0594 54.7955 46.2221 41.9445 45.4671 54.5293 45.2061 22.1774 20.4981 23.5402 29.5947 29.1285 27.6236 19.8217 25.6718 21.9980 17.1186 19.2443 30.0942 22.2142 22.8390 35.6688 20.2659 26.8289 30.4919 25.2102 23.9836 21.2297 19.4181 28.8115 30.4609 29.2471 27.9008 21.8324 23.6164 29.2684 29.7332 9.5193 15.3769 15.9554 19.1736 8.9896 15.9196 10.1304 13.3300 12.1000 16.1039 32.2148 24.7443 24.6225 16.1339 25.3848 14.1897 14.9298 16.5803 23.0684 22.7901 15.4772 19.8963 24.3106 7.3114 9.8840 8.2171 8.9669 24.1857 7.2417 24.4973 46.2747 54.0244 47.6875 52.1488 43.9225 50.2219 48.6033 45.2006 52.7975 47.7569 46.7596 48.2011 48.6692 50.6415 44.6537 47.7338 55.1540 45.4692 48.9670 52.3017 47.9421 40.3241 50.0662 44.4602 45.5393 45.7688 49.3750 50.2961 48.5477 54.6823
7.6143 7.9725 2.5825 0.0000 6.4602 3.0243 6.5928 6.9342 2.8229 7.7325 10.9913 8.5632 9.7623 10.0555 6.0370 8.0575 9.0646 9.6202 14.4625 12.3438 3.7139 3.9488 4.5681 6.2783 9.5037 8.7479 6.0057 2.7325 15.7933 6.7426 51.8717 52.5466 48.1688 59.0251 49.7135 45.2742 49.5050 56.4236 51.2939 42.9216 51.5601 55.6057 50.6881 50.4029 53.3114 57.5128 56.4349 52.5288 50.9478 44.1173 50.9049 53.9349 51.2185 51.7679 53.5751 45.0511 40.5109 44.2288 53.3088 43.9678 20.7240 19.3145 22.3842 28.5636 27.9172 26.4907 18.3683 24.2105 20.5687 15.8540 17.7977 28.8209 21.0218 21.4215 34.3423 19.0546 25.5690 29.2743 23.8836 22.5126 20.2457 18.1175 27.6002 29.1525 28.0162 26.5742 20.4230 22.3625 28.0152 28.4715 9.4918 14.9232 14.5368 17.7277 8.1903 14.4852 10.2942 12.0374 11.1258 14.6965 30.8676 23.3118 23.2154 14.7223 23.9504 12.7553 13.6322 15.2233 21.6340 21.3718 14.2509 18.4619 22.8870 7.6211 10.0781 8.1920 9.1504 22.7513 7.6374 23.0790 44.9737 52.7234 46.4137 50.8478 42.6215 48.9144 47.3023 43.8996 51.5237 46.4831 45.4520 46.8935 47.4488 49.3405 43.3527 46.4262 53.9336 44.1682 47.6933 51.0007 46.6411 39.0503 48.8458 43.2397 44.2647 44.4678 48.1120 48.9951 47.3272 53.4455
5.9210 2.7435 6.5175 6.4602 0.0000 5.3037 2.9615 2.9653 5.1305 5.5683 6.6206 6.0701 8.5304 11.7088 6.0325 7.6401 7.2268 5.4444 12.5728 11.9480 6.8710 4.6338 10.6916 3.5014 7.5924 4.0495 4.4612 5.2945 14.4108 3.7629 53.5473 54.2157 49.9310 60.8064 51.3877 47.0363 51.2863 58.2049 52.9630 44.5908 53.1191 57.1552 52.4695 52.1842 55.0928 59.2941 58.2162 54.2171 52.6362 45.7865 52.6862 55.7162 52.9999 53.4370 55.3564 46.9236 42.2225 45.9910 55.0902 45.7300 22.2453 21.1340 24.1706 30.3675 29.6534 28.3103 19.8849 25.8684 22.1615 17.3406 19.4020 30.4408 22.6507 22.8574 35.8268 20.6302 27.0933 30.8407 25.3315 24.0408 22.1802 19.6323 29.1150 30.6586 29.5311 28.0221 21.8852 24.0383 29.5359 30.0165 8.6294 15.2028 16.2685 19.3435 7.4403 16.1313 10.4023 13.9306 12.1382 16.4598 32.6913 25.0550 24.9997 16.3986 25.6192 14.4726 15.1611 17.0634 23.3531 23.0833 15.9723 20.0779 24.6302 6.1121 10.1883 8.1102 6.4030 24.4441 4.4697 24.7905 46.5937 54.2729 48.1066 52.3973 44.2434 50.4763 48.8518 45.4491 53.2292 48.2628 47.0140 48.4555 49.2301 50.8900 44.9022 47.9882 55.7149 45.7177 49.4734 52.6634 48.2515 40.7387 50.6271 45.0211 46.0460 46.1363 49.9058 50.6534 49.1085 55.2268
8.7797 5.4222 3.9455 3.0243 5.3037 0.0000 4.7066 4.4604 3.0947 7.9801 9.2566 9.0960 11.6329 8.4550 7.0364 9.2594 10.2527 8.4314 15.3770 13.5728 3.4086 3.3301 7.1070 6.2189 10.1355 6.7021 3.5714 1.5771 17.2691 5.9322 50.5482 51.2120 46.9502 57.8302 48.4069 44.0555 48.3101 55.2287 49.9657 41.5870 50.1620 54.2076 49.4932 49.2080 52.1166 56.3179 55.2400 51.2180 49.6371 42.7828 49.7100 52.7400 50.0237 50.4404 52.3802 44.0868 38.9786 43.0102 52.1140 42.7492 18.9960 18.4900 21.5792 27.7147 26.9478 25.6338 16.7503 22.5279 18.9225 14.4659 16.1053 27.5649 19.8591 19.7781 32.7698 17.6744 24.1571 28.1504 22.2724 20.7436 19.7148 16.7125 26.3488 27.7241 26.6784 24.9421 18.7909 21.0859 26.6034 27.1728 8.0087 12.9336 13.0300 16.1336 5.8503 12.8044 8.8263 10.8443 9.2395 13.1170 29.4749 21.7606 21.6744 13.2873 22.2710 11.1298 12.3402 13.9043 20.0103 19.8394 13.1318 16.7867 21.3116 5.4533 8.0040 6.6690 6.7135 21.1014 6.4813 21.5621 43.5945 51.3253 45.1304 49.4497 41.2443 47.4198 45.9042 42.5015 50.2530 45.2866 43.9575 45.3990 46.2539 47.9424 41.9546 44.9317 52.7387 42.7701 46.4972 49.6643 45.2524 37.7396 47.6509 42.0449 43.0698 43.1507 46.8600 47.6542 46.1323 52.2506
6.8240 2.2578 6.5543 6.5928 2.9615 4.7066 0.0000 1.7658 4.1595 5.5603 6.2702 7.1396 10.3099 10.7132 5.6649 8.0943 8.0207 6.7978 13.0576 11.8569 4.9464 3.7658 11.0092 4.9316 7.7627 3.2503 3.4220 4.0675 16.1609 4.7337 52.2851 52.8840 48.6916 59.6278 50.1707 45.7182 50.1078 57.0263 51.7108 43.1538 51.8569 55.8695 51.2909 51.0056 53.9142 58.1155 57.0377 52.9549 51.3740 44.4233 51.5076 54.5376 51.8213 52.1208 54.1778 45.7211 40.4448 44.7323 53.9116 44.4211 21.2746 21.1021 24.1567 30.3337 29.5470 28.2528 19.0743 24.5770 21.3584 16.8287 17.9647 30.1629 22.0766 21.9960 35.0392 20.2146 26.6528 30.7331 24.5460 22.9877 22.2611 19.0789 28.8909 30.0165 29.1862 27.1742 21.0336 23.6019 28.9527 29.7351 7.4801 13.3936 14.6256 17.6372 5.6302 14.7148 9.6651 12.8281 10.5634 15.0118 31.3153 23.6385 23.6668 15.1506 24.2027 13.0602 13.8664 16.0629 21.9258 21.3087 14.9018 18.6264 23.2137 4.3034 8.3160 6.8744 4.2328 23.0269 4.2586 23.4145 45.3314 52.9873 46.9281 51.1117 43.0901 49.3019 47.6405 44.2216 52.0506 47.0843 45.8772 47.2811 48.0515 49.6084 43.6244 46.8138 54.5363 44.5022 48.2948 51.4012 46.9893 39.4906 49.5060 43.8425 44.8674 44.9483 48.8385 49.3911 47.9300 54.0482
6.6129 2.0728 6.8888 6.9342 2.9653 4.4604 1.7658 0.0000 4.5961 5.0507 5.9280 6.7184 9.8284 11.3699 5.6905 7.5675 7.7389 6.3458 12.8854 11.6623 5.3583 4.3985 11.3193 4.4927 7.2342 2.8414 3.6370 4.4839 15.6608 5.4824 53.0852 53.6841 49.4859 60.4221 50.9649 46.5125 50.9020 57.8206 52.5051 43.9713 52.6570 56.6866 52.0851 51.7999 54.7084 58.9098 57.8319 53.7550 52.1741 45.2176 52.3019 55.3318 52.6155 52.9150 54.9721 46.6007 41.2381 45.5265 54.7058 45.2154 21.7261 21.5186 24.6062 30.7502 29.9635 28.6694 19.5058 25.1825 21.7730 17.2863 18.6611 30.5775 22.7759 22.4533 35.4638 20.6311 27.0843 31.1477 24.9975 23.3512 22.7644 19.5123 29.3243 30.4543 29.6243 27.6181 21.4582 24.0457 29.3841 30.1497 8.2981 14.2148 15.3302 18.3554 6.6718 15.2948 10.3733 13.4967 11.2912 15.6197 31.9420 24.2186 24.2410 15.8579 24.7828 13.6355 14.7353 16.7167 22.5130 22.0990 15.7507 19.2313 23.7938 5.2115 8.7180 7.7234 5.2536 23.6070 4.2189 24.0196 46.1316 53.8043 47.7223 51.9287 43.7813 49.9983 48.3832 44.9805 52.8449 47.8785 46.5677 47.9775 48.8458 50.4213 44.4336 47.5101 55.3305 45.2491 49.0891 52.2013 47.7894 40.2848 50.2428 44.6367 45.6617 45.7426 49.5121 50.1912 48.7242 54.8425
7.0850 5.4482 3.0838 2.8229 5.1305 3.0947 4.1595 4.5961 0.0000 6.7850 9.2747 7.5904 10.1600 10.2300 5.1453 7.5474 8.3489 8.6926 13.5555 11.7851 2.3722 3.3946 7.3248 5.5289 8.6884 6.0966 3.9274 2.5061 16.0166 6.1791 51.9986 52.6460 48.4034 59.2999 49.8601 45.5087 49.7798 56.6984 51.4189 43.0210 51.5704 55.5511 50.9629 50.6777 53.5862 57.7876 56.7097 52.6684 51.0875 44.2311 51.1797 54.2096 51.4933 51.8936 53.8499 45.5469 40.6161 44.4634 53.5836 44.2024 20.7343 20.0420 23.0966 29.2736 28.5589 27.2158 18.3170 24.3516 20.7059 15.8852 17.7778 29.1839 21.2545 21.3408 34.3524 19.2301 25.6339 29.7463 23.8291 22.5300 21.1861 18.1768 27.8726 29.1953 28.1881 26.5055 20.3723 22.6345 28.0746 28.7482 7.4419 13.5951 14.6607 17.7357 6.6683 14.5625 8.9593 12.6477 10.4751 14.8896 31.1481 23.4862 23.4730 14.8284 24.0504 12.9025 13.5839 15.5354 21.7829 21.4769 14.4833 18.4523 23.0614 5.4510 8.3235 6.6019 6.5246 22.8746 6.5304 23.2256 45.0450 52.6688 46.6001 50.7932 42.7089 48.8887 47.2477 43.8450 51.7227 46.7563 45.4474 46.8679 47.7235 49.2859 43.2981 46.4006 54.2083 44.1609 47.9669 51.1147 46.7028 39.1900 49.1206 43.5145 44.5395 44.6204 48.4158 49.1047 47.6020 53.7203
3.1807 5.1569 7.6266 7.7325 5.5683 7.9801 5.5603 5.0507 6.7850 0.0000 5.9691 3.4927 5.9396 16.0302 5.1630 6.5159 4.0253 6.5063 8.7447 9.4162 7.6853 6.0812 11.8190 4.3539 3.4196 4.2243 8.2231 6.9124 11.7605 8.7837 57.5876 58.2344 54.0465 64.9827 55.5256 51.0731 55.4627 62.3812 57.0658 48.4563 57.1667 61.2123 56.6458 56.3606 59.2691 63.4705 62.3926 58.2574 56.6764 49.7783 56.8626 59.8925 57.1762 57.4757 59.5328 50.7709 45.4693 50.0872 59.2665 49.7760 26.7523 26.4449 29.5173 35.6765 34.8898 33.5957 24.4775 29.9380 26.6651 22.2413 23.3785 35.4624 27.5126 27.4384 40.3749 25.5574 32.0334 36.0597 30.0022 28.3107 27.4914 24.5117 34.2740 35.4589 34.5259 32.6227 26.3693 28.9430 34.3767 35.0571 12.9153 18.3454 19.6390 22.6743 10.9074 19.7519 15.0092 17.9958 15.7989 20.0864 36.4048 28.6756 28.7563 20.5291 29.2398 18.2048 19.2933 21.3475 26.9782 26.2108 20.3436 23.7037 28.2508 9.3467 13.2711 12.3163 9.5142 28.0640 5.5870 28.5040 50.6339 58.3300 52.2830 56.4544 48.3860 54.6381 52.9766 49.5578 57.4056 52.4391 51.2658 52.6173 53.4064 54.9471 48.9606 52.1500 59.8912 49.8230 53.6498 56.7151 52.2918 44.8455 54.8543 49.1974 50.2224 50.3033 54.1868 54.6936 53.2849 59.4032
7.9180 6.9604 10.9292 10.9913 6.6206 9.2566 6.2702 5.9280 9.2747 5.9691 0.0000 5.3453 8.3443 16.3146 9.5781 11.3129 8.5178 2.6586 7.8260 14.1698 9.8261 8.9068 15.2991 7.4348 9.0046 5.4636 8.9879 8.7475 11.8134 9.7380 57.6356 58.2962 54.1084 65.0446 55.5875 51.1350 55.5246 62.4431 57.1276 48.5043 57.2074 61.2499 56.7077 56.4224 59.3310 63.5323 62.4545 58.3054 56.7245 49.8401 56.9244 59.9544 57.2381 57.5376 59.5946 51.0887 45.8754 50.1491 59.3284 49.8379 27.0198 26.7202 29.7748 35.9518 35.1651 33.8709 24.7560 30.3108 26.9630 22.4811 23.5627 35.7675 27.5926 27.7579 40.7815 25.8327 32.2982 36.3377 30.2807 28.7778 27.7251 24.7604 34.5388 35.7375 34.8205 32.9165 26.7968 29.2064 34.6254 35.3397 12.8727 18.7990 20.0091 23.0443 11.0428 20.1219 14.9744 17.9661 15.9749 20.4482 36.7886 29.0456 29.1402 20.5476 29.6098 18.5335 19.2155 21.3881 27.3621 26.7481 20.2857 24.0632 28.6208 9.6928 13.6870 12.2584 9.6901 28.4340 6.7472 28.8879 50.6820 58.3676 52.3449 56.4920 48.4494 54.6909 53.0295 49.6106 57.4674 52.5099 51.3325 52.6701 53.4683 54.9974 49.0135 52.2028 59.9531 49.8758 53.7116 56.7770 52.3398 44.9074 54.9315 49.2593 50.2843 50.3652 54.2640 54.7417 53.3468 59.4650
3.9046 7.3919 7.4235 8.5632 6.0701 9.0960 7.1396 6.7184 7.5904 3.4927 5.3453 0.0000 3.4744 17.3167 5.2164 6.3198 3.6288 5.5923 6.9993 9.4463 8.8819 6.8358 12.5128 4.4671 4.9560 6.0714 9.5827 8.5130 9.4685 9.1612 58.6360 59.2388 55.0510 65.9871 56.5300 52.0936 56.4671 63.3857 58.0702 49.5560 58.2078 62.1997 57.6502 57.3650 60.2735 64.4749 63.3970 59.3058 57.7249 50.8159 57.8670 60.8969 58.1806 58.4801 60.5372 51.9077 47.2100 51.0916 60.2709 50.7873 27.7084 27.0838 30.1210 36.3173 35.6032 34.2601 25.2957 31.2236 27.7447 22.8251 24.5992 36.2509 28.1709 28.2214 41.2676 26.2286 32.7027 36.7905 30.7443 29.5039 27.9438 25.0876 34.9169 36.0994 35.2323 33.4026 27.2687 29.6697 34.9990 35.8107 13.7190 20.1534 21.2516 24.3079 12.3467 21.3462 15.8614 18.9285 17.1686 21.6378 37.9551 30.2699 30.3066 21.5766 30.8341 19.7000 20.0769 22.4842 28.5572 28.0708 21.1123 25.2370 29.8451 10.2677 15.1133 13.1494 11.2340 29.6583 6.3534 30.0543 51.6824 59.3175 53.2874 57.4418 49.4337 55.6247 53.9633 50.5444 58.4100 53.4436 52.2182 53.6039 54.4108 55.9345 49.9472 53.1366 60.8956 50.8457 54.6542 57.7521 53.3402 45.8499 55.8580 50.2018 51.2268 51.3077 55.1905 55.7421 54.2893 60.4076
4.2851 10.5539 8.3667 9.7623 8.5304 11.6329 10.3099 9.8284 10.1600 5.9396 8.3443 3.4744 0.0000 19.7982 6.2352 5.3424 3.5433 7.5828 7.7803 8.2031 11.4723 9.7747 12.2174 6.0131 4.9936 9.2783 12.0708 10.7295 6.9274 10.8534 61.0344 61.5712 57.1553 68.0176 58.7692 54.1775 58.4975 65.4161 60.3309 51.9457 60.7228 64.7684 59.6806 59.3954 62.3040 66.5454 65.4274 61.6420 60.0611 53.1414 59.9541 62.9274 60.2110 60.7919 62.5676 53.8871 49.8478 53.1321 62.3014 52.8711 30.3854 28.3920 31.4259 37.4574 37.0965 35.5385 28.0296 33.8716 30.2060 25.2135 27.4442 38.0860 30.1074 30.9084 43.7282 28.3051 34.8882 38.4838 33.2695 32.2016 28.9929 27.6261 36.7395 38.5203 37.2392 35.9601 29.9018 31.6577 37.3160 37.7250 16.3427 22.8869 23.8628 27.1145 15.1669 24.0805 17.9735 21.2150 19.9747 24.2119 40.3009 32.9052 32.7613 24.2776 33.5457 22.3506 22.6533 24.7190 31.2293 30.7078 23.2805 28.0572 32.4716 13.0194 17.8965 15.7194 14.2635 32.3466 8.7767 32.5576 54.1397 61.8861 55.5270 60.0116 51.9266 58.2342 56.5728 53.1539 60.6370 55.6300 54.7719 56.2134 56.4413 58.5407 52.5567 55.7461 62.9748 53.4191 56.8066 60.1875 55.8038 48.1763 57.9292 52.2953 53.4010 53.6538 57.3651 58.1578 56.3616 62.5219
16.7141 11.6779 11.5883 10.0555 11.7088 8.4550 10.7132 11.3699 10.2300 16.0302 16.3146 17.3167 19.7982 0.0000 14.7933 17.5493 18.3912 15.5254 23.3665 21.6046 9.9366 10.7954 10.0519 14.5037 18.2704 12.9254 8.4975 9.2816 25.5279 10.2395 42.2790 43.1093 38.8268 49.5402 40.2835 36.0471 40.0202 46.9387 41.8566 33.4843 41.9155 45.9611 41.2633 40.9181 43.8266 48.0280 46.9501 43.0397 41.4909 34.7301 41.4201 44.4500 41.8225 42.3306 44.2116 36.4426 30.9082 34.8868 43.8240 34.6258 11.2039 10.6824 13.6067 19.7948 18.9970 17.7029 8.8610 14.3764 11.0125 6.5819 7.8298 19.5754 11.5568 11.8889 24.8476 9.8139 16.2855 20.2050 14.3832 12.8537 12.4419 8.9048 18.4387 19.8142 18.6963 17.0407 10.8894 13.0626 18.7262 19.2218 7.2151 11.1082 6.0839 8.7815 8.1340 7.0449 7.2729 6.3425 7.3068 4.9389 21.2584 13.5665 13.3507 7.8073 14.0908 6.0086 5.0976 8.1399 11.7272 12.2243 6.4937 8.6314 13.2109 10.3113 8.3504 7.5860 10.2585 12.8898 13.1954 13.4762 35.3292 43.0788 36.8405 41.2032 32.9769 39.1073 37.6578 34.2551 41.9631 36.9966 35.6450 37.0891 37.9639 39.6959 33.7081 36.6192 44.4487 34.5236 38.2073 41.3950 36.9965 29.4703 39.3609 33.7549 34.7799 34.8679 38.5700 39.3850 37.8424 43.9607
3.8457 6.6650 5.5443 6.0370 6.0325 7.0364 5.6649 5.6905 5.1453 5.1630 9.5781 5.2164 6.2352 14.7933 0.0000 4.3478 4.6863 9.4670 10.2762 7.7998 5.8985 4.5996 9.4084 3.7630 5.3860 7.0125 7.4500 5.9135 11.8683 7.6909 55.2892 55.9455 51.7577 62.6939 53.2368 48.7843 53.1738 60.0924 54.7769 46.1579 54.8610 58.7739 54.3569 54.0717 56.9803 61.1816 60.1037 55.9590 54.3781 47.4894 54.5737 57.6037 54.8874 55.1868 57.2439 48.5548 44.0294 47.7984 56.9777 47.4872 25.0254 24.2607 27.2756 33.4942 32.8152 31.4369 22.7499 28.4834 25.2499 20.0710 21.7092 33.5189 25.0971 25.4206 38.3576 23.5334 29.9502 34.0327 27.8240 26.9437 24.9956 22.5272 32.0938 33.2538 32.4877 30.4823 24.5475 26.9377 32.2419 33.0787 10.7454 17.0606 18.3254 21.3607 9.2567 18.4383 13.1267 15.9071 14.1858 18.7602 35.1007 27.3620 27.4523 18.7075 27.9262 16.8456 16.6862 19.7392 25.6741 25.0876 17.7157 22.2501 26.9372 7.3514 12.4688 10.1711 8.2783 26.7504 6.1022 27.2000 48.4997 55.9558 49.9941 54.1779 46.2885 52.4005 50.7391 47.3408 55.1390 50.3447 49.1265 50.3797 51.1176 52.7070 46.7231 49.9124 57.6024 47.7005 51.3818 54.6112 50.1285 42.5567 52.7663 46.9086 48.0914 48.1985 52.0988 52.4356 50.9960 57.1143
3.9399 9.0476 7.0478 8.0575 7.6401 9.2594 8.0943 7.5675 7.5474 6.5159 11.3129 6.3198 5.3424 17.5493 4.3478 0.0000 3.8378 10.8526 10.4766 4.6131 8.9514 7.3414 11.6675 5.5615 3.7580 9.1943 9.6872 8.4080 8.7637 9.3948 59.2977 59.8967 55.6122 66.5484 57.0946 52.6389 57.0284 63.9469 58.6564 50.1664 58.8695 62.9130 58.2115 57.9263 60.8348 65.0362 63.9583 59.9675 58.3866 51.3801 58.4283 61.4582 58.7419 59.0656 61.0985 52.3280 47.7563 51.6529 60.8322 51.3417 28.0288 27.0937 30.1086 36.3272 35.6131 34.2700 25.7437 31.7113 27.9376 23.1081 25.2737 36.2742 28.5125 28.6504 41.6115 26.3902 32.8780 36.8004 31.1750 29.8243 28.1612 25.4000 34.9700 36.4558 35.3030 33.8815 27.7452 29.8825 35.3206 35.8340 14.3940 20.7123 21.9134 24.9203 12.9572 21.9955 16.2349 19.5023 17.8820 22.2996 38.5040 30.9192 30.8555 22.2384 31.4834 20.3321 20.7791 22.9153 29.2066 28.6240 21.6727 25.9379 30.4944 10.9351 15.7504 13.7976 11.8210 30.3076 8.2961 30.6191 52.3441 60.0308 53.8525 58.1552 50.1065 56.3491 54.6877 51.2688 58.9713 54.0087 52.8868 54.3283 54.9721 56.6556 50.6716 53.8610 61.4569 51.5340 55.2155 58.4138 54.0019 46.4891 56.4303 50.7631 51.7881 51.8867 55.7628 56.4038 54.8506 60.9689
2.4461 8.2990 8.1126 9.0646 7.2268 10.2527 8.0207 7.7389 8.3489 4.0253 8.5178 3.6288 3.5433 18.3912 4.6863 3.8378 0.0000 8.4587 8.0146 6.1307 9.3345 7.9236 12.6843 5.2877 2.9823 7.5067 10.6907 9.2525 8.9762 10.3785 59.5670 60.1769 55.9891 66.9253 57.4682 53.0157 57.4052 64.3238 59.0083 50.4357 59.1388 63.1309 58.5883 58.3031 61.2117 65.4130 64.3351 60.2368 58.6559 51.7208 58.8051 61.8351 59.1187 59.4182 61.4753 52.5347 47.9462 52.0297 61.2090 51.7186 28.8383 28.3577 31.3962 37.5912 36.8771 35.5340 26.4966 32.3132 28.9454 24.0992 25.6819 37.5009 29.3990 29.3800 42.4468 27.5025 33.9635 38.0644 31.9235 30.6338 29.2132 26.3617 36.1908 37.3273 36.5062 34.5818 28.4478 30.9332 36.2634 37.0664 14.8136 20.9305 22.3100 25.3452 13.2016 22.4228 17.0625 19.9004 18.2070 22.7007 39.0388 31.3465 31.3904 22.6531 31.9107 20.7837 20.9851 23.6390 29.6338 28.8813 22.0360 26.3138 30.9217 11.2580 16.1204 14.1797 11.9116 30.7349 7.3912 31.1381 52.7707 60.2486 54.2255 58.5281 50.5596 56.7508 55.0893 51.6705 59.3636 54.5693 53.3512 54.7300 55.3490 57.0572 51.0733 54.2627 61.8338 51.9716 55.6065 58.8613 54.3995 46.7880 56.9910 51.1399 52.3160 52.4232 56.3235 56.7067 55.2274 61.3457
7.6422 6.7453 9.3651 9.6202 5.4444 8.4314 6.7978 6.3458 8.6926 6.5063 2.6586 5.5923 7.5828 15.5254 9.4670 10.8526 8.4587 0.0000 8.6638 14.0689 9.6981 8.4733 13.6381 6.7554 9.4891 5.4270 7.8533 8.3173 11.4185 8.2821 57.1991 57.8016 53.3971 64.2821 54.9686 50.5025 54.7620 61.6806 56.5489 48.1766 56.8875 60.9331 55.9451 55.6599 58.5685 62.7698 61.6919 57.8126 56.2316 49.3724 56.1619 59.1919 56.4756 57.0229 58.8321 50.4795 45.8938 49.4571 58.5659 49.1961 26.3382 24.8500 27.9046 34.1408 33.4452 32.0163 23.9825 29.6843 26.1588 21.3686 23.2569 34.3120 26.3070 26.9548 39.8601 24.5425 31.0568 34.7622 29.4015 28.1268 25.8858 23.6187 33.0880 34.6672 33.5041 32.0921 25.9483 27.8504 33.5031 33.9594 12.3410 18.9439 19.8682 23.1159 11.4786 19.8967 13.8148 17.2498 15.9204 20.0445 36.2209 28.7214 28.5834 20.0938 29.3619 18.1668 18.9077 20.5645 27.0455 26.7231 19.5421 23.8734 28.2878 8.9572 13.6069 11.7744 10.2272 28.1628 5.7118 28.4303 50.3011 58.0508 51.6975 56.1752 47.9489 54.2296 52.6297 49.2270 56.8075 51.7669 50.7672 52.2088 52.7058 54.6679 48.6801 51.7414 59.1906 49.4956 52.9771 56.3281 51.9685 44.3410 54.1028 48.4968 49.5656 49.7952 53.3663 54.3224 52.5842 58.7025
7.9430 13.4935 13.4615 14.4625 12.5728 15.3770 13.0576 12.8854 13.5555 8.7447 7.8260 6.9993 7.7803 23.3665 10.2762 10.4766 8.0146 8.6638 0.0000 13.2756 14.3812 13.1173 18.3409 11.1493 8.5593 12.0415 15.7677 14.3280 4.6905 15.7884 64.6643 65.3072 61.1194 72.0556 62.5985 58.1460 62.5355 69.4541 64.1386 55.5329 64.2360 68.2420 63.7186 63.4334 66.3420 70.5433 69.4654 65.3340 63.7531 56.8511 63.9354 66.9654 64.2490 64.5485 66.6056 57.9248 53.0375 57.1600 66.3394 56.8489 34.0127 33.5037 36.5583 42.7353 42.0075 40.6644 31.6003 37.3777 34.0352 29.2435 30.6620 42.6247 34.3765 34.5713 47.6381 32.6329 39.1079 43.1949 37.1148 35.8082 34.3959 31.5060 41.3269 42.5059 41.6412 39.7730 33.6325 36.0636 41.4077 42.1969 19.8350 25.9537 27.2613 30.2966 18.1887 27.3742 21.9993 24.9666 23.1804 27.6828 44.0232 36.2979 36.3748 27.6300 36.8621 25.7681 26.1142 28.5527 34.5967 33.9600 27.1981 31.2790 35.8731 16.2642 21.0879 19.1892 16.9791 35.6863 12.4354 36.1225 57.7390 65.3598 59.3558 63.5103 55.5278 61.7329 60.0715 56.6526 64.4784 59.5706 58.3568 59.7121 60.4793 62.0394 56.0554 59.2448 66.9641 56.9399 60.7226 63.8372 59.3684 51.9183 61.9923 56.2702 57.3173 57.4245 61.3248 61.7703 60.3577 66.4760
6.5823 13.1007 11.2311 12.3438 11.9480 13.5728 11.8569 11.6623 11.7851 9.4162 14.1698 9.4463 8.2031 21.6046 7.7998 4.6131 6.1307 14.0689 13.2756 0.0000 12.8604 11.5080 15.5082 9.5145 6.5151 12.8109 14.0426 12.5536 10.8604 13.5300 62.7218 63.3207 59.0897 70.0259 60.5688 56.1163 60.5058 67.4244 62.1089 53.5905 62.3007 66.3463 61.6889 61.4037 64.3123 68.5136 67.4357 63.3916 61.8107 54.8214 61.9057 64.9357 62.2193 62.5188 64.5759 55.5363 51.1334 55.1303 64.3097 54.8192 32.3131 31.5494 34.5729 40.7829 40.0688 38.7256 29.8959 35.6314 32.2198 27.3955 29.0622 40.7202 32.4594 32.9143 45.8892 30.6941 37.2328 41.2561 35.3659 34.1086 32.3468 29.6872 39.4348 40.7210 39.7492 38.0394 31.9077 34.1390 39.5983 40.2809 18.0310 24.2071 25.5865 28.6218 16.5106 25.6994 20.0900 23.0573 21.5174 25.9772 42.2612 34.6231 34.6127 25.9296 35.1873 24.0359 24.1327 26.6989 32.9104 32.1141 25.1555 29.6510 34.1983 14.4734 19.4210 17.3619 15.2525 34.0115 11.2414 34.3604 56.0149 63.5067 57.3261 61.8329 53.8037 60.0555 58.3941 54.9752 62.5536 57.7592 56.5932 58.0347 58.5223 60.3620 54.3780 57.5674 64.9555 55.2404 58.7964 62.1054 57.6437 49.9489 60.1809 54.2405 55.5060 55.6131 59.5134 59.9508 58.3424 64.4463
8.3525 5.8533 3.7226 3.7139 6.8710 3.4086 4.9464 5.3583 2.3722 7.6853 9.8261 8.8819 11.4723 9.9366 5.8985 8.9514 9.3345 9.6981 14.3812 12.8604 0.0000 4.5523 7.6732 7.4203 9.2853 5.9686 4.7158 3.3439 17.3750 7.8446 51.0037 51.7606 47.5641 58.4735 49.0208 44.8003 48.9535 55.8720 50.5796 42.0281 50.5755 54.4695 50.1366 49.8513 52.7599 56.9612 55.8834 51.6735 50.0926 43.4578 50.3533 53.3833 50.6670 51.0543 53.0235 44.9844 39.4603 43.6241 52.7573 43.3631 20.0357 20.3163 23.2673 29.4443 28.6612 27.3635 18.1179 23.6301 20.4790 15.8665 16.5056 29.2784 21.1772 20.6550 33.7251 19.3252 25.7270 29.8486 23.4069 22.0885 21.5704 18.1378 27.9892 29.0212 28.2903 25.7515 20.0927 22.7173 28.0222 28.8505 8.2569 12.8300 13.5423 16.5691 6.7762 13.4294 9.3929 12.0987 9.7535 13.8051 30.2745 22.3304 22.7477 13.8551 22.8649 12.0563 12.7520 15.2168 20.6780 20.3212 14.1231 17.1698 21.9153 5.9515 7.5820 7.0839 6.3796 21.6891 7.3494 22.3167 44.1066 51.6951 45.7737 49.7116 41.7118 47.7643 46.1661 42.8029 50.8963 45.9299 44.5744 45.7435 46.9256 48.2258 42.2291 45.2762 53.3820 43.1660 47.1405 50.2059 45.7529 38.3363 48.5642 42.6882 43.7131 43.7940 47.5467 48.1630 46.7756 52.8939
6.8889 4.5739 4.5115 3.9488 4.6338 3.3301 3.7658 4.3985 3.3946 6.0812 8.9068 6.8358 9.7747 10.7954 4.5996 7.3414 7.9236 8.4733 13.1173 11.5080 4.5523 0.0000 8.4306 4.9093 7.8510 5.8665 4.5201 3.1014 15.3993 6.2038 52.5294 53.1781 48.9903 59.9265 50.4694 46.0414 50.4064 57.3250 52.0095 43.4578 52.1012 56.0970 51.5896 51.3043 54.2129 58.4142 57.3363 53.1992 51.6183 44.7637 51.8063 54.8363 52.1200 52.4262 54.4765 46.0574 40.7952 45.0310 54.2103 44.7350 21.1398 20.9236 24.0073 30.1552 29.3896 28.0744 18.9012 24.6701 21.2022 16.6536 18.0521 30.0067 22.1578 21.8475 34.9044 20.0361 26.4797 30.5770 24.4112 22.8241 22.0901 18.8835 28.7033 29.8680 29.0216 27.0393 20.9016 23.4777 28.7796 29.5789 8.6774 14.3229 14.8372 17.9047 6.0107 14.7902 10.7686 12.9843 10.7703 15.1438 31.5171 23.7140 23.7967 15.3063 24.2782 13.1900 14.1312 16.1832 22.0186 21.6560 15.2206 18.6851 23.2892 5.3150 9.9562 8.1270 6.4421 23.1024 5.6823 23.5946 45.5757 53.2147 47.2267 51.3391 43.2255 49.3892 47.7936 44.3909 52.3493 47.3829 46.0248 47.3684 48.3502 49.8317 43.8440 46.9011 54.8350 44.6917 48.5935 51.6589 47.2336 39.7893 49.7472 44.1412 45.1661 45.2470 48.9971 49.6354 48.2286 54.3469
11.1889 12.3129 6.0768 4.5681 10.6916 7.1070 11.0092 11.3193 7.3248 11.8190 15.2991 12.5128 12.2174 10.0519 9.4084 11.6675 12.6843 13.6381 18.3409 15.5082 7.6732 8.4306 0.0000 9.5252 13.2340 13.1613 10.0880 7.1470 18.1833 10.1702 50.4749 51.2527 46.8282 57.1841 48.4197 43.6495 47.8195 54.7314 50.0000 41.6277 50.0803 54.1259 49.1112 48.5510 51.5787 55.7872 54.4591 51.2876 49.6791 42.8235 49.3311 52.1602 49.7321 50.4740 51.9290 43.3592 40.1789 42.6349 51.3331 42.3432 20.3552 17.4652 20.5545 26.5070 26.2750 24.6323 17.8921 23.6952 20.2009 15.0759 17.4577 27.3554 19.3861 20.4593 33.0573 18.1675 24.2173 27.7108 22.5986 22.2859 17.7994 17.4917 25.9682 27.8493 26.5682 25.2892 19.4527 21.0437 26.6602 27.0319 12.7762 17.7288 14.7479 17.6682 12.1727 15.0530 12.7867 11.4198 14.3632 14.1060 30.2240 22.8855 22.4234 16.4858 23.7121 14.4248 12.8835 16.1991 20.9836 21.0782 13.4312 18.1625 22.5253 11.2002 13.3821 11.3449 13.0563 22.3555 11.3314 22.5939 43.4939 51.2436 44.8270 49.3680 41.1417 47.4299 45.8225 42.4198 49.9300 44.8423 43.9676 45.4091 45.4730 47.8606 41.8729 44.9418 52.2238 42.6884 46.1124 49.5208 45.1613 37.5338 46.8700 41.5370 42.7584 42.9880 46.5319 47.5152 45.6670 51.8484
4.3784 5.0749 5.6850 6.2783 3.5014 6.2189 4.9316 4.4927 5.5289 4.3539 7.4348 4.4671 6.0131 14.5037 3.7630 5.5615 5.2877 6.7554 11.1493 9.5145 7.4203 4.9093 9.5252 0.0000 6.0876 5.3011 6.9213 6.0512 11.6572 5.8961 55.6414 56.3101 52.0029 62.8780 53.4771 49.1083 53.3580 60.2765 55.0574 46.6851 55.2132 59.1910 54.5411 54.2559 57.1644 61.3657 60.2879 56.3112 54.7302 47.8809 54.7578 57.7878 55.0715 55.5314 57.4280 48.8179 44.5488 48.0629 57.1618 47.8020 24.6251 23.5283 26.5152 32.7338 32.1008 30.6805 22.3489 28.3682 24.5996 19.4871 21.8999 32.8046 24.8143 25.2280 37.9746 22.8417 29.2423 33.3184 27.5471 26.5388 24.4812 21.9512 31.3746 32.8138 31.7734 30.2536 24.3185 26.3658 31.6838 32.3644 10.9149 17.5277 18.6684 21.7306 9.7958 18.6197 12.8741 16.0611 14.5060 18.9467 35.1141 27.5434 27.4657 18.8855 28.1076 16.9596 17.2335 19.5279 25.8400 25.4639 17.9792 22.5066 27.1186 7.7285 12.6705 10.3506 8.8164 26.9318 4.5048 27.2578 48.7087 56.3087 50.1961 54.4518 46.4975 52.6745 51.0130 47.5942 55.3061 50.3857 49.2360 50.6537 51.3017 52.9809 46.9970 50.1864 57.7865 47.9096 51.5451 54.7993 50.3456 42.8327 52.8073 47.0927 48.1324 48.2713 52.1398 52.7474 51.1802 57.2985
3.2280 7.6225 8.6262 9.5037 7.5924 10.1355 7.7627 7.2342 8.6884 3.4196 9.0046 4.9560 4.9936 18.2704 5.3860 3.7580 2.9823 9.4891 8.5593 6.5151 9.2853 7.8510 13.2340 6.0876 0.0000 6.4912 10.4071 9.0732 9.5810 10.8729 59.8318 60.4674 56.2796 67.2158 57.7587 53.3062 57.6957 64.6143 59.2988 50.7005 59.4037 63.4492 58.8788 58.5936 61.5022 65.7035 64.6256 60.5016 58.9207 52.0113 59.0956 62.1256 59.4093 59.7087 61.7658 52.9464 47.8080 52.3203 61.4996 52.0091 28.9603 28.6186 31.6918 37.8502 37.0671 35.7693 26.7070 32.1978 28.8868 24.4234 25.6433 37.6843 29.7031 29.6679 42.6704 27.7311 34.2071 38.2545 32.2317 30.5578 29.6499 26.6930 36.4404 37.6884 36.7405 34.8522 28.6648 31.1381 36.5677 37.2565 15.1843 20.6992 22.0716 25.1068 13.1460 22.1844 17.2552 20.1708 18.1378 22.4857 38.8262 31.1081 31.1777 22.7974 31.6723 20.5710 21.4722 23.6068 29.3996 28.5984 22.5187 26.1289 30.6833 11.5280 15.6054 14.5217 11.7369 30.4965 8.1217 30.9254 52.9353 60.5670 54.5160 58.7463 50.7242 56.9689 55.3075 51.8886 59.6386 54.7596 53.5854 54.9481 55.6395 57.2754 51.2914 54.4808 62.1243 52.1538 55.8828 59.0262 54.5641 47.0786 57.1813 51.4305 52.5063 52.6135 56.5138 56.9379 55.5179 61.6362
6.5513 2.4377 8.6803 8.7479 4.0495 6.7021 3.2503 2.8414 6.0966 4.2243 5.4636 6.0714 9.2783 12.9254 7.0125 9.1943 7.5067 5.4270 12.0415 12.8109 5.9686 5.8665 13.1613 5.3011 6.4912 0.0000 5.3389 6.2208 15.1293 7.6976 53.8369 54.5930 50.4052 61.3414 51.8843 47.5786 51.8214 58.7399 53.4245 44.7553 53.4087 57.2893 53.0045 52.7192 55.6278 59.8291 58.7513 54.5067 52.9258 46.2189 53.2212 56.2512 53.5349 53.8344 55.8914 47.7259 41.9236 46.4459 55.6252 46.1347 23.0542 23.4343 26.3821 32.5464 31.7597 30.4656 21.1737 26.5304 23.5297 18.9687 19.2963 32.3342 24.2976 23.6810 36.6862 22.4273 28.8218 32.9296 26.4627 24.9075 24.7311 21.2400 31.0914 32.0771 31.3462 28.7092 23.0538 25.7989 31.1147 31.9260 9.7692 14.8886 16.1061 19.0429 7.3230 16.1812 12.0628 15.5283 11.9626 16.5538 33.0025 24.9946 25.4995 16.7502 25.4944 14.8081 15.6459 18.1967 23.3431 22.7845 17.1860 19.7963 24.5795 6.4737 9.8749 9.4943 5.8521 24.3186 4.6442 25.0447 46.9746 54.5630 48.6417 52.5314 44.5797 50.6080 48.9859 45.6361 53.7642 48.7978 47.4661 48.5872 49.8811 51.0804 45.0623 48.1199 56.2499 45.9992 50.0084 53.0738 48.6208 41.2042 51.5197 45.5561 46.5811 46.6620 50.4384 51.0309 49.6436 55.7618
9.1468 4.0724 5.9205 6.0057 4.4612 3.5714 3.4220 3.6370 3.9274 8.2231 8.9879 9.5827 12.0708 8.4975 7.4500 9.6872 10.6907 7.8533 15.7677 14.0426 4.7158 4.5201 10.0880 6.9213 10.4071 5.3389 0.0000 4.0161 18.0018 5.1329 50.5555 51.3532 47.0762 57.8223 48.5330 44.2706 48.3023 55.2208 50.1005 41.7282 50.1840 54.2296 49.5127 49.2002 52.1087 56.3100 55.2322 51.2836 49.7348 42.9481 49.7021 52.7321 50.0719 50.5745 52.4610 44.5969 39.1455 43.1362 52.1061 42.8752 18.9748 18.2912 21.2942 27.4611 26.6744 25.3803 16.7305 22.4598 18.8876 14.4252 16.0307 27.3862 19.6789 19.7607 32.7378 17.6560 24.1245 27.8859 22.2527 20.7374 20.0353 16.7034 26.1772 27.6892 26.5695 24.9253 18.7741 20.9296 26.5685 27.0247 6.1541 12.1706 13.2111 16.3294 5.6751 12.9414 7.5913 11.4907 9.2820 13.1047 29.5013 21.8038 21.5700 13.3088 22.2638 11.1053 12.5744 13.9106 19.9352 20.0064 13.2348 16.8549 21.4425 4.0000 6.6814 5.8315 4.6887 21.1138 6.3088 21.7138 43.6019 51.3473 45.1226 49.4717 41.2516 47.3194 45.9262 42.5235 50.2452 45.2787 43.8734 45.3576 46.2460 47.9644 41.9766 44.8313 52.7308 42.7921 46.4894 49.6716 45.2650 37.7469 47.6430 42.0370 43.0620 43.1445 46.8521 47.6616 46.1245 52.2428
7.6508 5.5166 4.0912 2.7325 5.2945 1.5771 4.0675 4.4839 2.5061 6.9124 8.7475 8.5130 10.7295 9.2816 5.9135 8.4080 9.2525 8.3173 14.3280 12.5536 3.3439 3.1014 7.1470 6.0512 9.0732 6.2208 4.0161 0.0000 16.4320 6.0535 51.2823 51.8812 47.5896 58.5258 49.0792 44.6162 49.0057 55.9243 50.6409 42.1594 50.9431 54.9886 50.1888 49.9036 52.8121 57.0135 55.9356 51.9520 50.3711 43.3647 50.4056 53.4355 50.7192 51.0501 53.0758 44.5043 39.5183 43.6302 52.8095 43.3191 20.1750 19.6010 22.6556 28.8326 28.0642 26.7517 17.9678 23.4729 20.1015 15.6307 17.0173 28.6838 20.7551 20.9956 33.9349 18.8627 25.3361 29.2968 23.4899 21.8761 20.5790 17.9100 27.5118 28.9032 27.8095 26.1457 19.9945 22.1297 27.7824 28.3192 8.0933 13.0987 13.5805 16.6915 5.5721 13.6949 9.2123 11.4615 9.6739 13.9242 30.1395 22.5619 22.4910 14.0993 23.1602 11.9748 12.9763 14.7281 20.8492 20.3791 13.7934 17.6717 22.1371 5.3188 8.4896 6.8373 6.5524 21.9610 6.3192 22.2618 44.3567 52.1064 45.8370 50.2308 42.0469 48.3545 46.6931 43.2826 50.9486 45.9822 44.8922 46.3337 46.9494 48.7234 42.7356 45.8664 53.4342 43.5511 47.1928 50.3983 46.0241 38.4736 48.3465 42.7404 43.7654 43.8712 47.6700 48.3883 46.8279 52.9462
9.6554 16.3691 14.8054 15.7933 14.4108 17.2691 16.1609 15.6608 16.0166 11.7605 11.8134 9.4685 6.9274 25.5279 11.8683 8.7637 8.9762 11.4185 4.6905 10.8604 17.3750 15.3993 18.1833 11.6572 9.5810 15.1293 18.0018 16.4320 0.0000 16.8873 66.5043 67.1033 62.6892 73.6254 64.3012 59.7336 64.1053 71.0239 65.8630 57.4261 66.1140 70.1596 65.2884 65.0032 67.9118 72.1131 71.0352 67.1741 65.5932 58.6218 65.5052 68.5352 65.8188 66.2724 68.1754 59.4433 55.4907 58.7298 67.9091 58.4273 36.0042 34.2637 37.1821 43.4619 42.8362 41.4159 33.6610 39.5838 35.8248 30.8323 33.1563 43.6123 35.5484 36.3179 49.1471 34.0081 40.3122 44.0649 38.6885 37.8111 35.0019 33.2449 42.2342 43.9392 42.7336 41.3791 35.3119 37.1960 42.7549 43.2197 22.2319 28.4788 29.6555 32.7434 20.7644 29.7611 24.0129 26.9590 25.6641 30.0417 46.1343 38.6792 38.5828 29.9857 39.2434 28.0920 28.0823 30.5456 36.9665 36.4777 28.7849 33.7378 38.2544 18.8705 23.9266 21.6017 20.0116 38.0676 14.7640 38.3791 59.6435 67.2773 61.0591 65.4923 57.4323 63.7149 62.0535 58.6346 66.1691 61.2516 60.2526 61.6941 62.0491 64.0214 58.0374 61.2268 68.5339 58.8998 62.3387 65.7341 61.2723 53.6957 63.6265 57.8400 58.9793 59.2061 62.9867 63.6104 61.9275 68.0539
8.8644 5.8162 6.3643 6.7426 3.7629 5.9322 4.7337 5.4824 6.1791 8.7837 9.7380 9.1612 10.8534 10.2395 7.6909 9.3948 10.3785 8.2821 15.7884 13.5300 7.8446 6.2038 10.1702 5.8961 10.8729 7.6976 5.1329 6.0535 16.8873 0.0000 50.8213 51.6156 47.1940 57.9434 48.7826 44.2993 48.4234 55.3419 50.3629 41.9907 50.4934 54.5390 49.6305 49.3213 52.2298 56.4311 55.3533 51.5460 49.9973 43.1864 49.8232 52.8532 50.1897 50.8370 52.5788 44.0090 39.7173 43.2540 52.2272 42.9930 19.6701 18.1144 21.1300 27.3479 26.6621 25.2907 17.3447 23.2675 19.4907 14.5846 16.8602 27.5857 19.8099 20.3781 33.1510 17.7495 24.3172 27.9835 22.6923 21.5333 19.1016 16.9108 26.2869 27.9431 26.7386 25.3864 19.3899 21.1925 26.7599 27.2247 6.3045 13.0660 14.9459 16.9312 6.5990 13.6083 8.4616 13.2854 9.7489 14.8264 29.9285 22.3951 22.2919 13.7727 23.0748 11.8184 13.5006 14.2657 20.6981 20.5782 13.8188 17.5557 22.0461 6.8188 9.6171 7.0059 6.5504 21.8409 6.5763 22.2854 43.9070 51.6567 45.3760 49.7811 41.5547 47.8244 46.2356 42.8329 50.4860 45.4454 44.3621 45.8036 46.3671 48.2737 42.2860 45.3363 52.8519 43.1015 46.6556 49.9373 45.5744 38.0126 47.7641 42.1581 43.2097 43.4103 47.0337 47.9283 46.2456 52.3709
58.1902 52.9567 53.1727 51.8717 53.5473 50.5482 52.2851 53.0852 51.9986 57.5876 57.6356 58.6360 61.0344 42.2790 55.2892 59.2977 59.5670 57.1991 64.6643 62.7218 51.0037 52.5294 50.4749 55.6414 59.8318 53.8369 50.5555 51.2823 66.5043 50.8213 0.0000 6.3720 8.0812 9.9110 6.8953 15.8017 7.2889 7.4626 5.6166 13.0527 1.9508 6.9298 6.2634 5.0957 7.5940 7.7975 11.4892 3.8750 5.0535 15.5350 5.1867 5.5015 6.8305 7.8422 9.5916 20.6437 14.1057 13.0026 7.0520 14.5525 33.9318 35.2066 32.9178 27.3046 27.0136 28.8125 35.2477 29.4453 33.4495 37.9823 35.4317 25.9319 32.9481 32.4217 21.9651 35.0109 28.5895 26.2741 30.0106 31.6421 34.1811 35.7623 27.7834 25.0684 26.2676 27.4240 32.8648 31.1843 26.5201 26.2197 45.0026 39.6250 38.1752 35.2158 46.8172 38.1671 43.4641 40.2095 41.9610 37.9207 22.9460 29.4140 29.6758 37.3033 29.6650 39.7294 38.6610 37.0557 31.1257 32.9933 37.8766 34.5739 30.0593 48.4978 44.5330 45.5800 48.3016 30.4450 52.4688 30.2208 8.1502 7.9634 7.3822 7.1344 10.1819 10.1219 6.9393 9.0025 8.2605 7.4912 10.3451 8.9878 11.1828 9.8780 9.6101 9.1244 9.8504 8.7000 7.2634 6.9549 6.9612 13.4349 10.1162 10.8855 10.3692 9.2035 7.0302 6.9584 7.3853 9.9302
58.7891 53.6485 53.8381 52.5466 54.2157 51.2120 52.8840 53.6841 52.6460 58.2344 58.2962 59.2388 61.5712 43.1093 55.9455 59.8967 60.1769 57.8016 65.3072 63.3207 51.7606 53.1781 51.2527 56.3101 60.4674 54.5930 51.3532 51.8812 67.1033 51.6156 6.3720 0.0000 5.4243 8.9392 3.3112 10.8315 4.2324 5.7587 2.1607 10.2339 6.1557 11.2987 3.9315 4.9723 4.3369 10.9991 8.4000 3.0366 3.7335 10.8103 3.1421 6.1182 2.6766 1.9131 5.2503 15.3699 14.0631 9.5718 6.0271 10.1900 34.8875 36.0556 33.9230 28.3753 28.1100 29.8503 36.2034 30.4010 34.4052 38.9380 36.6114 27.1436 33.9123 33.3865 24.1909 35.9666 29.5452 27.7360 30.9663 32.5978 35.1322 36.7180 28.9477 26.1015 27.2990 28.3797 33.8205 32.1400 27.4758 27.1780 45.7535 40.4847 38.7662 36.0350 47.6302 38.9692 44.2437 40.6164 42.8168 38.6702 24.1885 30.3019 30.7129 38.2285 30.6959 40.5655 39.3171 37.7879 32.1139 33.8621 38.6843 35.6002 30.8329 49.1354 45.0959 46.2098 49.1613 31.3832 53.0913 30.7395 11.3554 12.5428 9.4114 12.9655 13.4036 15.5365 12.3927 12.6901 12.4899 11.2887 13.7848 13.6734 13.0593 13.8240 13.2649 14.8559 13.8055 12.6719 10.4653 12.0523 10.5533 15.5958 12.8542 11.7200 13.0675 12.2850 11.3437 10.9826 10.3885 13.6869
54.5027 49.4607 49.4136 48.1688 49.9310 46.9502 48.6916 49.4859 48.4034 54.0465 54.1084 55.0510 57.1553 38.8268 51.7577 55.6122 55.9891 53.3971 61.1194 59.0897 47.5641 48.9903 46.8282 52.0029 56.2796 50.4052 47.0762 47.5896 62.6892 47.1940 8.0812 5.4243 0.0000 11.7184 2.3313 7.7205 3.3316 8.7499 4.0142 6.5561 7.6889 13.7032 3.9071 5.1604 6.6242 12.8230 11.3542 5.8572 4.0049 8.3270 4.3122 8.0057 4.3059 5.2334 7.8013 13.0934 10.2171 5.5934 7.3328 6.6509 30.5718 31.6310 29.4685 25.7448 23.7558 25.4761 31.9492 26.0722 30.0034 34.5884 32.4149 23.4422 29.4792 29.1900 21.6019 31.5420 25.1207 23.5559 26.7095 28.2801 31.4367 32.3168 24.6335 21.7533 22.8495 24.1594 29.5854 27.7155 23.7342 23.5707 41.5505 36.2969 34.5784 31.8472 43.4424 34.7727 39.8192 36.2160 38.6203 34.4737 19.0938 26.0832 26.2150 34.0320 26.5923 36.3556 35.1293 33.3634 27.9174 29.3949 34.3606 31.4445 26.6364 44.9476 40.8994 41.9910 44.9734 27.2571 48.8473 26.2992 10.1466 13.8806 8.9988 14.3033 9.6682 16.8737 11.8195 10.0577 13.6177 10.6668 14.2645 14.6246 12.7687 15.1878 9.8422 14.4098 15.1193 9.7004 10.5474 13.3901 10.7230 11.1721 13.2383 7.6033 12.2927 9.7986 11.6067 12.2940 10.2529 14.8609
65.4389 60.3969 60.2455 59.0251 60.8064 57.8302 59.6278 60.4221 59.2999 64.9827 65.0446 65.9871 68.0176 49.5402 62.6939 66.5484 66.9253 64.2821 72.0556 70.0259 58.4735 59.9265 57.1841 62.8780 67.2158 61.3414 57.8223 58.5258 73.6254 57.9434 9.9110 8.9392 11.7184 0.0000 10.5966 17.1233 10.4312 3.5125 9.3855 17.8717 9.6207 8.2484 8.6769 8.9095 6.6394 4.4288 5.6507 9.1374 9.8086 18.6535 8.4335 5.1807 8.4997 10.1374 7.9165 21.5323 21.4186 16.2746 6.6009 16.9070 40.7967 41.7067 39.4641 33.8365 33.6204 35.3782 42.1740 36.2971 40.2283 44.8133 42.7215 32.5543 39.6544 39.4149 28.3241 41.6978 35.3422 32.8726 36.9344 38.5000 40.7834 42.5417 34.3902 31.8878 32.9498 34.3802 39.8249 37.9158 33.2579 32.8796 52.3434 47.2331 45.5146 42.7834 54.3786 45.5979 50.4673 47.1264 49.5379 45.1695 29.6620 36.8395 36.6580 44.6691 37.3211 47.0633 46.0655 43.9352 38.4477 40.3311 45.0710 42.1820 37.4662 55.8838 51.8144 52.9051 55.9096 37.9716 59.7493 37.1888 15.5465 9.2788 13.4252 12.0543 17.8165 15.5540 15.2936 17.1048 9.7598 14.2196 16.5208 16.5017 13.6268 13.0901 17.7082 17.3029 8.6740 16.8887 13.1982 10.7173 14.0447 20.5502 13.0592 16.2491 16.3320 16.0949 13.6860 12.1399 13.2257 9.0951
