0.0000 3.4080 2.9142 3.3559 1.6853 4.4150 3.8815 7.4697 3.8802 5.8135 4.0335 3.4007 3.1368 8.3173 5.5761 3.0295 5.1594 4.8901 4.5424 3.0579 6.5550 3.8469 5.9741 5.7240 4.3294 2.8767 8.5590 4.9506 3.5052 4.3853 112.9781 110.3490 105.8764 93.9016 108.6135 112.8124 107.4202 107.0924 112.5803 96.8055 112.4240 108.6997 102.4105 110.1436 113.9741 111.4288 109.8114 98.5360 103.4136 111.6696 106.4339 98.4240 88.4674 106.7829 113.6764 108.8585 102.8408 104.2147 97.6308 109.0496 4.8541 6.5394 10.4315 7.1402 8.1084 8.0638 14.5991 12.3684 6.6953 14.3252 15.8291 12.8894 20.3911 13.6922 9.5886 7.9157 5.3859 7.8215 10.6509 8.9421 5.0509 9.9268 8.5122 7.9008 9.5335 11.0894 7.1782 15.3995 9.5926 7.3213 29.7053 38.3524 39.0687 39.3850 34.3962 24.2159 44.7951 40.8704 24.5938 25.8363 46.5625 35.2515 36.6196 34.2483 37.3219 22.7709 31.2761 33.8652 29.5703 37.8271 39.1922 27.9325 29.7550 33.7928 26.3333 34.3910 25.9888 32.6551 24.9789 41.3760 63.9560 70.7923 66.5500 75.1708 64.3375 70.2675 68.8826 68.9933 69.9554 68.2746 63.7959 60.2836 67.4176 64.9438 65.4188 65.8052 73.3382 62.8829 67.5111 69.5990 70.8261 64.8211 65.7948 74.0628 65.8746 69.8243 64.1864 70.7777 67.3216 71.9631
3.4080 0.0000 1.8436 1.2828 2.5492 3.3132 3.0387 6.9571 2.0880 4.3047 2.3239 5.9284 4.1446 6.0387 3.8256 3.6074 5.3373 3.2496 3.0137 3.7093 5.3059 2.8926 4.3454 5.0490 3.6990 3.3116 6.0398 2.6979 3.9556 3.9063 110.4795 107.9790 103.5571 91.3591 106.0738 110.2507 104.9974 104.6356 110.1262 94.3391 109.8748 106.2779 99.9823 107.5564 111.3551 108.9080 107.3431 96.0497 101.0055 109.0779 103.9575 95.8326 86.0873 104.3219 111.1143 106.3777 100.4644 101.8316 95.1129 106.5729 3.1022 4.5379 7.4990 4.4646 5.6897 5.3065 11.9877 9.6707 4.5347 11.7238 13.0323 10.3579 17.5399 10.8438 6.8685 5.2842 3.1590 5.1533 7.9081 6.1054 2.6960 7.3190 5.8983 5.6345 7.4929 8.9184 4.6168 12.7601 7.5222 6.0008 28.2207 36.8504 38.2165 38.0203 33.2188 23.2303 43.6819 40.0746 23.2171 24.6122 45.2650 33.7805 35.3773 33.2739 36.2115 22.3525 29.5174 32.9690 28.5102 36.7580 37.5121 26.4161 28.6541 32.4258 25.4141 33.2748 24.3847 31.2927 23.8821 40.0720 61.2995 68.0589 64.0111 72.4425 61.6892 67.5041 66.4641 66.3169 67.2900 65.7771 61.0399 57.4908 64.8000 62.3196 62.6035 62.9537 70.6917 60.3449 64.8264 67.0035 68.2246 62.3090 63.2053 71.4120 63.2564 67.1854 61.5970 68.0973 64.8374 69.2839
2.9142 1.8436 0.0000 1.4916 2.1280 3.5088 2.7420 7.1088 2.1382 4.4579 2.8161 5.5426 4.1055 6.1603 4.3714 2.8390 5.5340 3.2746 3.4036 3.5552 5.4638 2.5826 4.6275 5.1584 3.9404 2.9603 6.3879 2.8820 3.5962 3.9724 110.9083 108.3552 104.0039 91.8206 106.5699 110.7071 105.4795 105.1078 110.5934 94.7491 110.3461 106.7262 100.4765 108.0182 111.8094 109.3576 107.7830 96.4698 101.4746 109.5683 104.4413 96.3169 86.4892 104.8104 111.6010 106.8460 100.9381 102.3058 95.4948 107.0488 3.1050 4.8632 8.1873 5.2729 6.3480 6.1845 12.3333 10.1539 5.0774 12.2397 13.7059 10.9751 18.1248 11.4489 7.4675 5.7528 4.4846 5.8203 8.4179 6.5806 3.4202 8.0011 6.4348 5.9744 7.9734 9.1173 5.1456 13.2560 7.8618 5.8938 28.5743 37.2417 38.5003 38.4635 33.6812 23.5897 44.1279 40.4953 23.6324 25.0609 45.8368 34.3629 35.9073 33.6604 36.3832 22.6081 29.7465 33.3427 28.8863 37.3108 37.8133 26.7757 29.0926 32.9093 25.7929 33.6643 24.7929 31.6574 24.3031 40.5013 61.8481 68.6623 64.5516 72.9761 62.2418 68.1162 66.9028 66.8449 67.8473 66.2712 61.6713 58.0714 65.2882 62.8833 63.1945 63.5275 71.1617 60.9207 65.3599 67.4760 68.7890 62.7944 63.7310 71.9541 63.7961 67.6349 62.1882 68.6446 65.3845 69.7836
3.3559 1.2828 1.4916 0.0000 2.5645 3.4660 3.0193 7.1732 1.7917 4.3094 2.5856 6.1090 4.2664 5.7639 3.8976 3.5592 5.5409 3.0168 3.2003 3.8050 5.1922 2.8245 4.3868 5.0270 3.8342 3.1689 5.8573 2.7051 3.9917 3.9584 110.3716 107.8675 103.4749 91.2776 106.0233 110.1970 104.9633 104.5903 110.0754 94.2061 109.8113 106.2109 99.9226 107.4890 111.2841 108.8166 107.2533 95.9320 100.9643 109.0214 103.9114 95.7432 85.9611 104.2654 111.0527 106.3239 100.4079 101.7966 94.9898 106.5380 2.8024 4.5142 7.4579 4.3486 5.7520 5.3557 11.7659 9.5663 4.5108 11.6455 12.9913 10.2921 17.4157 10.8162 6.8125 5.0050 3.4439 5.1139 7.6519 5.9589 2.5636 7.2792 5.8659 5.5175 7.4316 8.6134 4.5351 12.6711 7.4341 5.9471 28.1533 36.7506 38.1906 38.0960 33.2973 23.2212 43.7807 40.1387 23.1465 24.6227 45.4801 33.8482 35.4012 33.2299 36.0127 22.3197 29.2796 33.0182 28.5009 36.8631 37.3775 26.3463 28.6929 32.4749 25.4070 33.2411 24.3241 31.2467 23.8828 40.1108 61.1874 67.9941 63.8995 72.3240 61.5801 67.4042 66.2736 66.1795 67.1956 65.5953 60.9769 57.3547 64.6537 62.1860 62.5090 62.8400 70.5520 60.2364 64.7143 66.8524 68.1038 62.1510 63.0836 71.3331 63.0936 67.0186 61.4760 67.9849 64.6945 69.1571
1.6853 2.5492 2.1280 2.5645 0.0000 4.0912 3.6352 7.5455 3.3915 5.5961 3.5762 4.0409 3.3031 7.7631 5.3327 3.0170 5.3989 4.4858 4.2562 3.5057 6.5025 3.4326 5.6523 5.8007 4.3574 3.0266 7.8855 4.3673 3.7228 4.2901 112.4418 109.8575 105.4218 93.3382 108.0762 112.2628 106.9135 106.5951 112.0644 96.2808 111.8815 108.1822 101.9317 109.5864 113.3921 110.8887 109.3026 98.0091 102.8973 111.1149 105.9122 97.8692 87.9995 106.2713 113.1223 108.3453 102.3675 103.7328 97.0940 108.5401 4.4406 5.9742 9.5848 6.4297 7.6100 7.4384 13.9797 11.7164 6.1697 13.7782 15.2205 12.3468 19.7212 13.0021 8.9481 7.2339 4.6670 7.1547 9.9236 8.2301 4.2926 9.3499 7.9177 7.4666 9.2300 10.5954 6.6219 14.8151 9.2981 6.8793 29.4869 38.3111 39.1426 39.2877 34.4105 24.1707 44.8641 41.0461 24.4503 25.7506 46.5075 35.1870 36.6762 34.2814 37.3411 22.8907 30.9223 33.9366 29.5658 37.9791 38.9239 27.6884 29.6857 33.7064 26.3428 34.4002 25.7682 32.5499 24.9350 41.3307 63.3340 70.1592 66.0382 74.5084 63.7104 69.6220 68.3300 68.3290 69.3371 67.7363 63.1474 59.5610 66.8119 64.3133 64.7356 65.0841 72.7353 62.3680 66.8747 69.0310 70.2520 64.2330 65.1641 73.4732 65.2956 69.1919 63.6063 70.1626 66.8029 71.2906
4.4150 3.3132 3.5088 3.4660 4.0912 0.0000 3.3887 5.2616 3.1256 4.7776 3.2934 6.0049 3.3075 5.6408 4.3288 4.7242 3.5207 4.6542 2.4594 3.7154 4.6411 4.6694 5.0601 4.2160 2.8598 2.8738 7.0250 4.0209 3.1546 1.8653 109.6645 107.0247 102.6423 90.4039 105.2884 109.3828 104.0803 103.6977 109.1745 93.3549 109.0137 105.3228 99.1583 106.7830 110.5823 108.1575 106.4051 95.0922 99.9782 108.3606 103.1199 94.8816 84.9316 103.4092 110.3490 105.5094 99.4160 100.8656 94.0755 105.6433 4.4211 6.2334 8.9447 5.1691 4.9931 6.3235 12.2585 10.3085 3.1428 12.1875 13.4738 10.7847 17.7723 11.3844 6.9422 5.9400 4.6048 4.8544 8.5379 7.2157 3.9893 8.1643 6.2681 5.9220 6.1335 9.3343 5.5450 13.1234 6.8538 7.8173 26.0507 35.2536 36.1207 35.6784 30.8766 20.8822 41.2503 37.9826 21.4802 22.5895 43.1865 31.9129 33.6907 31.1231 34.3882 20.2240 28.1411 30.4361 26.1129 34.8605 35.9466 24.6184 26.4732 30.4666 23.0505 31.1483 22.5194 29.0453 21.7629 37.8763 60.5886 67.3952 63.2089 71.9485 60.8086 66.9389 65.5784 65.7682 66.5430 65.1447 60.4154 57.1430 64.0093 61.5792 62.1946 62.7706 70.1683 59.4858 64.1018 66.2567 67.5587 61.4833 62.5199 70.6420 62.7488 66.6482 60.8846 67.4273 64.0120 68.7637
3.8815 3.0387 2.7420 3.0193 3.6352 3.3887 0.0000 5.1780 3.0994 2.4647 1.7265 6.4164 4.9299 5.7450 3.2205 2.3816 4.3857 2.2905 2.3024 2.4962 3.8633 2.1223 2.8153 4.0671 2.5401 3.3017 5.7354 2.4297 2.7679 3.6735 109.9615 107.4970 102.9240 90.8667 105.5923 109.7604 104.3944 104.0393 109.5812 93.7737 109.3574 105.7843 99.3981 107.0507 110.9325 108.3428 106.8438 95.5117 100.5152 108.5538 103.3967 95.3685 85.4836 103.7162 110.6629 105.8770 99.8978 101.2525 94.6869 106.0159 2.3347 4.0246 8.1420 5.7015 5.2388 5.5108 11.6819 9.3381 4.8389 11.0957 12.8625 9.8553 17.4754 10.6495 6.7824 5.6905 5.3753 5.5870 8.5555 6.3612 3.4012 7.1513 5.3788 4.6422 7.1435 8.0037 4.4270 12.2690 6.3746 4.9633 28.0259 36.5370 37.6979 37.4243 32.6731 23.4098 42.7686 39.5212 23.4426 24.9117 44.5762 33.6814 35.1775 33.1878 35.6979 22.5525 29.6992 32.2830 28.3394 36.2901 37.4489 26.6106 28.5650 32.2848 25.2210 33.0046 24.4361 30.8773 23.7832 39.4714 61.3378 68.0444 63.9174 72.3793 61.6253 67.5190 66.3331 66.4429 67.2256 65.7738 61.0975 57.7731 64.7150 62.5077 62.6346 63.0870 70.6032 60.3019 64.7859 66.8123 68.1622 62.2390 63.2637 71.3496 63.2198 67.1764 61.6320 68.0039 64.7974 69.2830
7.4697 6.9571 7.1088 7.1732 7.5455 5.2616 5.1780 0.0000 7.1255 5.3549 5.4868 8.6327 6.9846 7.8028 6.4088 6.7643 3.5411 6.7457 4.4488 5.4045 6.0241 6.5021 5.3863 6.6184 4.9917 6.5657 8.4301 6.5724 5.6735 5.6852 109.4266 107.0630 102.2943 89.7708 105.0382 109.1271 103.7150 103.2561 108.8754 92.6612 108.6673 105.1906 98.8218 106.4467 110.3913 107.8048 106.1739 94.4807 99.8384 107.9905 102.8066 94.1719 84.2765 102.8915 110.1483 105.2996 99.1257 100.5827 93.6783 105.2752 6.5659 7.2027 10.4470 8.4859 5.8140 7.7537 13.2087 11.1276 6.1225 12.0617 13.7873 11.0027 18.1064 11.8609 8.5630 8.5002 8.1227 7.6106 10.8061 9.0565 6.7374 9.3351 7.1579 6.8119 7.9275 9.8878 7.3186 13.3912 7.1863 8.1725 26.5529 35.9981 36.8127 35.3465 30.7219 22.1353 40.0424 38.2376 23.3209 24.1757 42.7893 32.5668 34.3921 32.1774 34.9468 22.1409 29.9125 29.8995 26.7734 34.9238 37.2010 26.2841 27.3465 31.4780 23.6914 31.7739 23.8200 29.0468 22.8176 37.6824 61.0237 67.5808 63.5771 72.1202 60.8952 67.0293 65.9454 66.3883 66.7349 65.7215 60.7157 57.9130 64.1565 62.2915 62.4986 63.2257 70.5243 59.7581 64.1988 66.2884 67.8443 61.8174 63.1209 71.0199 63.0644 67.1698 61.2943 67.6649 64.3339 69.2561
3.8802 2.0880 2.1382 1.7917 3.3915 3.1256 3.0994 7.1255 0.0000 4.3285 3.0312 6.4897 4.3357 4.8075 3.7858 3.8893 5.5714 3.1219 3.1580 4.0352 4.5719 3.5829 4.5402 4.3219 3.4991 2.9461 5.7053 2.6057 3.7995 3.3169 109.4847 106.9100 102.6038 90.5226 105.1659 109.3132 104.0732 103.7095 109.1753 93.3872 108.9481 105.2759 99.0669 106.6399 110.4206 107.9850 106.3697 95.0997 100.0379 108.1772 103.0518 94.9978 85.1102 103.4047 110.1920 105.4391 99.4902 100.8750 94.1198 105.6451 2.9262 5.0235 7.7018 3.9850 5.4040 5.4278 11.2207 9.3055 3.9693 11.4068 12.6921 10.0599 17.0368 10.5929 6.2395 4.5703 4.0942 4.4209 7.2561 5.7221 2.8418 7.0901 5.7031 5.1222 6.4816 8.2239 4.2146 12.3264 6.8179 6.4895 27.0810 35.5994 37.0336 37.0383 32.2834 22.2194 42.8169 39.0781 22.0011 23.4992 44.4634 32.7727 34.3266 32.1416 34.9740 21.2663 28.1029 32.0359 27.4521 35.8120 36.2607 25.1649 27.6909 31.3210 24.4074 32.1424 23.2325 30.2442 22.9133 39.0420 60.3935 67.2850 63.0489 71.6129 60.7869 66.7428 65.3911 65.4449 66.4260 64.8181 60.2622 56.7012 63.8637 61.4014 61.8394 62.2069 69.7604 59.4463 63.9799 66.0356 67.3487 61.3494 62.3279 70.4751 62.3728 66.1946 60.7310 67.2318 63.9424 68.3794
5.8135 4.3047 4.4579 4.3094 5.5961 4.7776 2.4647 5.3549 4.3285 0.0000 2.5043 8.4415 6.7986 5.4000 2.5937 4.0489 5.4625 2.2898 3.0721 3.8989 3.4321 3.1791 1.9317 4.3935 3.5574 5.0665 4.6685 2.6543 4.4833 5.0877 108.4725 106.1587 101.4633 89.4368 104.0740 108.2652 102.9216 102.5552 108.1407 92.3636 107.8329 104.4218 97.8613 105.5132 109.4388 106.7682 105.3919 94.1106 99.1575 106.9817 101.8853 93.8938 84.1126 102.2056 109.1516 104.3806 98.4854 99.8282 93.3636 104.5321 2.4842 3.3831 7.0582 5.6948 4.4812 4.2777 10.3063 7.7194 5.1546 9.2268 11.1280 8.1686 15.8799 9.0489 5.7494 5.2470 6.0314 5.2996 7.8185 5.3147 3.9217 5.6456 4.0448 3.2518 6.5940 6.5530 3.5090 10.4843 5.0100 4.2980 27.7229 35.7083 37.3447 36.8751 32.1364 23.5710 42.0826 39.0387 23.2387 24.8807 43.8321 33.0907 34.5113 32.9354 35.1909 22.9681 29.3200 31.9880 28.1494 35.6114 36.8731 26.4140 28.4176 31.8147 25.1795 32.6728 24.0293 30.4562 23.6333 38.8643 60.0527 66.6122 62.5554 70.9516 60.3419 66.0777 65.1799 65.1873 65.8904 64.4678 59.7073 56.4871 63.4447 61.3057 61.1773 61.6427 69.2553 58.9735 63.4680 65.4314 66.7553 61.0253 62.0209 70.0165 61.8313 65.8895 60.3255 66.5977 63.4676 67.9824
4.0335 2.3239 2.8161 2.5856 3.5762 3.2934 1.7265 5.4868 3.0312 2.5043 0.0000 6.6258 4.9204 5.8439 2.5570 3.0897 4.5297 2.2347 2.0241 2.8858 4.1296 2.2018 2.6343 4.2791 2.7292 3.6876 5.4466 2.1708 3.3858 3.8458 109.8143 107.4101 102.7921 90.7048 105.3857 109.5845 104.2193 103.8799 109.4134 93.6870 109.1576 105.6554 99.2132 106.8724 110.7441 108.1590 106.6791 95.4208 100.3495 108.3586 103.2081 95.1707 85.4011 103.5249 110.4598 105.6980 99.7481 101.1126 94.6000 105.8469 2.3089 3.5982 7.3385 4.9790 4.7888 4.6062 11.4465 8.9077 4.4855 10.7224 12.3216 9.3850 17.0011 10.1335 6.4044 5.3187 4.2562 5.1095 8.0318 5.8722 2.6725 6.5717 4.9096 4.4988 6.9754 8.0048 4.1128 11.8917 6.3226 4.9825 28.0378 36.5351 37.7866 37.4175 32.6075 23.3697 42.8203 39.5412 23.3590 24.8336 44.4400 33.5283 35.0773 33.1171 35.8445 22.6184 29.7189 32.3739 28.3058 36.2387 37.4200 26.5592 28.4673 32.1858 25.2235 33.0278 24.3418 30.9082 23.6917 39.4796 61.0295 67.6379 63.6219 72.0600 61.3266 67.1115 66.1615 66.1146 66.9153 65.4854 60.6872 57.3372 64.4664 62.1278 62.2332 62.6883 70.3537 59.9818 64.4818 66.5889 67.8291 61.9969 62.9306 71.0692 62.9034 66.9430 61.2737 67.6762 64.4572 68.9925
3.4007 5.9284 5.5426 6.1090 4.0409 6.0049 6.4164 8.6327 6.4897 8.4415 6.6258 0.0000 3.4291 10.7744 8.1880 5.4272 6.0411 7.8419 6.7595 5.0928 8.9352 6.5918 8.6176 7.6365 6.3133 4.7231 11.4621 7.6204 5.1570 5.8958 115.2661 112.5098 108.0859 96.1835 110.8876 115.0220 109.5983 109.3078 114.7491 99.0807 114.6709 110.8222 104.7102 112.4505 116.2572 113.7772 112.0311 100.8148 105.4770 113.9778 108.6909 100.7133 90.6324 108.9999 115.9538 111.0679 104.9507 106.3455 99.7984 111.2296 7.7317 9.3061 13.2368 9.6660 10.4532 10.8456 17.4323 15.2331 8.7319 17.1536 18.6007 15.7201 23.1662 16.4482 12.2101 10.7023 7.4860 10.2003 13.3928 11.7867 7.7615 12.8074 11.2571 10.6503 11.6631 13.9722 9.9291 18.2565 12.0601 9.9789 30.6990 39.7870 39.7292 40.1075 35.0686 24.5824 45.4333 41.3838 25.5902 26.4388 47.1597 36.1829 37.6414 34.9001 38.5657 22.9008 32.7589 34.3468 30.1727 38.6006 40.6009 28.9602 30.3386 34.6307 26.8185 35.1954 27.1103 33.6102 25.6954 42.2518 66.2380 73.1414 68.8220 77.6155 66.5118 72.6775 71.0777 71.3442 72.2518 70.6603 66.1121 62.7207 69.6957 67.1412 67.8765 68.3696 75.7608 65.1186 69.8285 71.9172 73.1952 67.0809 68.0788 76.2704 68.3665 72.1940 66.4838 73.1295 69.6149 74.3253
3.1368 4.1446 4.1055 4.2664 3.3031 3.3075 4.9299 6.9846 4.3357 6.7986 4.9204 3.4291 0.0000 8.2301 6.2683 5.0512 4.2150 6.2779 4.6371 3.9955 6.7719 5.6871 7.0766 5.6451 4.4651 2.9339 9.4650 5.8863 3.7652 3.2356 112.4663 109.7248 105.3316 93.2231 108.1026 112.2231 106.8738 106.5007 111.9685 96.1599 111.8549 108.0410 101.9235 109.6457 113.4340 111.0150 109.1761 97.8995 102.6593 111.2227 105.9210 97.7502 87.6966 106.2114 113.1740 108.3041 102.1313 103.5691 96.8468 108.4558 6.1494 7.9879 11.2064 7.1015 7.8364 8.6246 15.0015 13.0378 5.8473 14.9676 16.2296 13.4565 20.5758 14.1444 9.7017 8.2514 5.3487 7.4606 10.8786 9.5717 5.6475 10.6037 8.9713 8.5202 8.7852 11.9056 7.8907 15.9545 9.6496 9.2929 27.8472 37.0815 37.4463 37.5177 32.5292 21.9158 43.0105 39.2331 22.8857 23.7746 44.9410 33.5717 35.1861 32.3243 35.9340 20.7262 29.8933 31.9171 27.4705 36.3409 37.7739 26.2209 27.7738 32.0260 24.2478 32.5855 24.2505 30.8461 23.0465 39.6853 63.2026 70.1082 65.8142 74.6966 63.4787 69.6167 68.0986 68.3471 69.2282 67.6435 63.0846 59.7284 66.6619 64.0818 64.9083 65.4787 72.8093 62.0574 66.7855 68.9794 70.2095 64.0699 65.0553 73.3022 65.3515 69.2634 63.4394 70.1550 66.5071 71.4335
8.3173 6.0387 6.1603 5.7639 7.7631 5.6408 5.7450 7.8028 4.8075 5.4000 5.8439 10.7744 8.2301 0.0000 5.4549 7.2678 7.8578 5.1111 5.3467 7.4973 4.8564 6.5961 5.5614 6.0003 5.9586 6.6754 3.8984 4.7278 6.8900 5.8348 105.1245 102.6912 98.4892 86.1181 100.9316 105.0296 99.8836 99.4577 104.9396 88.8715 104.6568 101.0598 94.9196 102.2929 106.0777 103.6621 102.1028 90.6174 95.9041 103.8602 98.8501 90.5493 80.6999 99.1307 105.9258 101.2364 95.3208 96.7421 89.6325 101.4029 4.8674 6.0245 6.3618 3.9996 3.7826 4.9274 7.3998 6.3720 3.8036 8.3142 9.4804 7.2666 13.2992 7.5896 3.3108 2.9110 6.7945 2.8738 4.5390 3.9994 4.8530 5.1995 4.0385 3.7458 4.0891 5.1701 3.5358 8.9787 4.4196 7.5500 24.0111 32.6034 34.8775 34.2164 29.9503 20.5517 40.1830 37.2233 19.7294 21.5192 42.1333 30.2701 32.0579 30.1181 32.2888 20.3878 24.7398 29.7368 25.2864 33.7194 33.1480 22.4269 25.7331 28.9171 22.4867 29.7161 20.4754 27.3081 21.0858 36.2386 56.1763 63.1505 58.9870 67.3125 56.4597 62.5453 61.1243 61.3335 62.1815 60.7763 56.1608 52.6452 59.5487 57.3660 57.6959 58.0524 65.5857 55.3889 59.6865 61.6617 63.1843 57.1229 58.3046 66.3020 58.2417 61.9434 56.6625 63.0174 59.9322 64.1489
5.5761 3.8256 4.3714 3.8976 5.3327 4.3288 3.2205 6.4088 3.7858 2.5937 2.5570 8.1880 6.2683 5.4549 0.0000 4.6026 5.5477 2.6875 3.2740 4.0601 3.2477 3.8771 3.0001 3.5884 3.1886 4.5966 4.9811 2.7285 4.3814 4.5618 108.2779 105.8529 101.1178 89.3852 103.7611 108.0310 102.6108 102.3201 107.8396 92.3967 107.5648 104.0954 97.5423 105.3478 109.2366 106.5706 105.0976 94.1278 98.7581 106.7846 101.6026 93.8612 84.0359 101.9484 108.8888 104.0735 98.1301 99.4967 93.3467 104.2625 2.9424 4.1742 6.9528 4.7426 4.4027 3.7427 10.2431 7.6943 4.5995 9.5297 10.9960 8.0260 15.7544 9.0241 5.4175 4.7627 4.8638 4.5781 7.2680 5.2601 3.5391 5.3277 4.1246 3.5396 5.8530 6.9761 3.7307 10.5486 5.0231 5.6611 27.1197 34.9241 36.3316 36.2153 31.2720 22.6124 41.6342 38.0450 22.1252 23.8728 42.9462 32.1068 33.5019 31.7965 34.4255 21.8108 28.6012 31.4028 27.2485 34.6976 36.0179 25.4872 27.3456 30.7471 24.2851 31.7744 23.1420 29.8838 22.5062 38.1501 59.6515 66.1508 62.0324 70.6517 60.0080 65.7464 64.8091 64.7622 65.5127 63.9353 59.2299 55.9874 63.1511 60.6884 60.7949 61.3342 68.9207 58.4534 63.2093 65.1840 66.3008 60.6418 61.4580 69.5983 61.4172 65.5591 59.7691 66.1568 62.9195 67.5921
3.0295 3.6074 2.8390 3.5592 3.0170 4.7242 2.3816 6.7643 3.8893 4.0489 3.0897 5.4272 5.0512 7.2678 4.6026 0.0000 5.5566 3.2668 4.0207 2.8502 5.4169 2.3299 4.4371 5.0027 3.8240 3.5747 7.0641 3.6292 3.0641 4.7570 111.5238 109.0446 104.4886 92.6225 107.1871 111.3833 105.9734 105.6862 111.1822 95.5044 110.9871 107.3748 101.0012 108.6702 112.5535 109.9043 108.4672 97.2361 102.1240 110.1523 104.9791 97.1663 87.2264 105.3457 112.2500 107.4551 101.5310 102.8530 96.4289 107.6283 3.4909 4.9803 9.3793 7.0271 7.2846 7.0874 13.1688 10.7906 6.5659 12.6597 14.4689 11.4250 19.1485 12.2712 8.4976 7.1469 6.2469 7.3135 9.9576 7.7555 4.7374 8.5978 7.1763 6.4029 8.9564 9.3620 5.9165 13.7670 8.2021 5.2139 29.6415 38.0021 38.9236 39.0800 34.2912 24.8605 44.4489 40.7927 24.7877 26.3033 46.0555 35.2142 36.5413 34.5586 37.1083 23.5312 31.0646 33.8310 29.8802 37.6833 38.9021 27.9825 29.9865 33.7317 26.6472 34.4719 25.9503 32.5231 25.2273 41.0453 63.0189 69.7567 65.6221 73.9858 63.3754 69.2778 67.9369 68.0727 68.9417 67.3796 62.8186 59.3890 66.4329 64.1723 64.3044 64.6836 72.2445 62.0444 66.5220 68.4784 69.8127 63.8966 64.8957 73.0272 64.9037 68.7600 63.3208 69.6797 66.5106 70.8412
5.1594 5.3373 5.5340 5.5409 5.3989 3.5207 4.3857 3.5411 5.5714 5.4625 4.5297 6.0411 4.2150 7.8578 5.5477 5.5566 0.0000 6.1256 3.5156 3.5425 5.4604 5.7853 5.6089 5.1418 3.3250 4.1006 8.7226 5.9097 3.7790 3.5553 110.8414 108.2286 103.5058 91.3027 106.3989 110.5650 105.0803 104.6911 110.2241 94.2625 110.1382 106.4204 100.1199 107.9436 111.8569 109.2645 107.4939 96.0587 101.0236 109.5147 104.1764 95.8169 85.7598 104.3541 111.5204 106.6008 100.3703 101.8310 95.2064 106.6636 5.9626 7.4121 10.7819 7.5002 6.2652 7.7546 14.0049 11.9226 5.2506 13.3699 14.7980 11.8242 19.2609 12.8902 8.7532 8.0714 6.3471 7.1223 10.7548 9.2357 5.7153 9.5844 7.7242 7.1874 7.6904 10.5967 7.3157 14.4619 7.7949 8.6670 26.6898 36.0114 36.4284 35.7800 30.8630 21.4424 40.7283 37.8970 22.5913 23.4571 43.1767 32.3923 34.0298 31.5769 34.8332 20.7186 29.7741 30.0809 26.4795 34.7768 37.1163 25.8594 26.8296 31.1870 23.1935 31.4996 23.5284 29.3100 22.1931 37.9860 62.0089 68.7126 64.5055 73.3263 62.0880 68.2607 66.8882 67.2798 67.8574 66.5001 61.7511 58.7940 65.3200 63.0558 63.6596 64.3604 71.6377 60.6532 65.4099 67.5324 68.8087 62.7599 63.8900 72.0800 64.0686 68.1941 62.1550 68.7849 65.1828 70.2820
4.8901 3.2496 3.2746 3.0168 4.4858 4.6542 2.2905 6.7457 3.1219 2.2898 2.2347 7.8419 6.2779 5.1111 2.6875 3.2668 6.1256 0.0000 3.4052 3.9666 3.8030 2.3449 2.5582 4.4146 3.7200 4.4567 4.2414 1.7571 4.2255 4.8622 108.9062 106.5339 101.9536 90.0122 104.5477 108.7742 103.4265 103.0939 108.6268 92.9119 108.3516 104.8413 98.3708 106.0118 109.8909 107.2578 105.8712 94.6373 99.6154 107.4759 102.3815 94.4974 84.7032 102.7478 109.5998 104.8822 98.9962 100.3270 93.8619 105.0707 1.3774 2.9336 6.6596 4.7624 5.0370 4.2324 10.2475 7.8425 5.0672 9.7351 11.4730 8.4938 16.1300 9.2835 5.7375 4.4557 5.1504 4.9947 7.1776 4.8763 2.8804 5.6082 4.3571 3.6261 6.8407 6.6422 3.2556 10.8614 5.8036 4.0697 28.1232 36.1312 37.7437 37.6336 32.9227 23.8562 43.1440 39.6685 23.2825 25.0692 44.6717 33.5877 34.9910 33.2956 35.5096 22.9668 29.1741 32.7695 28.6528 36.3326 37.0183 26.4475 28.7681 32.2123 25.5965 33.0840 24.3040 31.0246 23.9424 39.5558 60.2905 66.9602 62.8713 71.2087 60.6876 66.4035 65.3393 65.3100 66.1887 64.6243 60.0128 56.5290 63.7263 61.4538 61.4146 61.7753 69.4408 59.3285 63.7790 65.7685 67.0534 61.2440 62.1892 70.3098 62.0331 66.0240 60.5598 66.8939 63.7815 68.1085
4.5424 3.0137 3.4036 3.2003 4.2562 2.4594 2.3024 4.4488 3.1580 3.0721 2.0241 6.7595 4.6371 5.3467 3.2740 4.0207 3.5156 3.4052 0.0000 3.1442 3.9898 3.4509 3.1838 4.1718 2.3016 3.5046 5.8436 2.8937 3.4159 3.2195 109.3489 106.9084 102.3552 90.1065 104.9655 109.1138 103.7972 103.4238 108.9349 93.0327 108.7121 105.1638 98.8305 106.4241 110.2871 107.7487 106.1852 94.7877 99.8624 107.9624 102.8112 94.5494 84.6986 103.0684 110.0196 105.2386 99.2469 100.6604 93.9011 105.3593 3.1672 4.5934 7.7972 4.9585 4.2415 5.0351 11.4356 9.1987 3.5907 10.8651 12.3481 9.5031 16.9141 10.2808 6.2177 5.3857 4.5506 4.7539 8.0674 6.1894 3.2087 6.9303 5.0549 4.5840 6.2739 8.1399 4.2601 12.0087 5.9484 6.1336 26.8517 35.6755 36.9478 36.3476 31.5799 22.1600 41.6893 38.6447 22.4029 23.6864 43.6783 32.5041 34.1547 32.1286 34.9670 21.5661 28.8910 31.1744 27.1663 35.2450 36.6494 25.5543 27.4605 31.3221 24.0532 31.9684 23.3558 29.7393 22.7504 38.4469 60.4821 67.1797 63.1054 71.6117 60.6901 66.6533 65.5482 65.6607 66.3948 65.0102 60.2094 56.9650 63.8706 61.5984 61.8809 62.3843 69.9527 59.3740 63.9103 66.0086 67.3315 61.4143 62.4704 70.5516 62.4841 66.4754 60.7508 67.2212 63.9170 68.5690
3.0579 3.7093 3.5552 3.8050 3.5057 3.7154 2.4962 5.4045 4.0352 3.8989 2.8858 5.0928 3.9955 7.4973 4.0601 2.8502 3.5425 3.9666 3.1442 0.0000 4.5857 3.4495 4.5033 3.9203 2.6363 2.7168 7.7271 4.1169 2.1681 3.6548 111.3976 108.7872 104.1353 92.2808 106.9659 111.1528 105.7206 105.3752 110.9081 95.2360 110.7621 107.0958 100.6705 108.5081 112.4114 109.7696 108.1619 96.9574 101.7608 110.0286 104.7338 96.8157 86.7922 105.0894 112.0659 107.1718 101.1270 102.5059 96.1453 107.3378 4.1233 5.8759 9.9052 6.9646 6.7388 6.9869 13.4948 11.1412 5.8085 12.8172 14.4720 11.4345 19.1859 12.4274 8.4131 7.3050 5.8738 7.0172 10.2787 8.1531 4.8351 8.7601 7.1368 6.3589 8.1021 9.7939 6.2155 13.9083 7.6403 6.6415 28.5113 36.8632 37.6370 37.6642 32.6497 23.3122 42.7837 39.2076 23.6629 24.9557 44.6589 33.7927 35.1185 33.0629 35.9066 22.1200 30.5677 32.2132 28.3037 36.0981 38.0029 27.0612 28.4897 32.4266 25.1008 33.0495 24.7958 31.1754 23.7158 39.6541 62.7573 69.4289 65.1441 73.9172 63.0764 69.0092 67.6955 67.8653 68.6448 67.0548 62.4733 59.2947 66.1591 63.8294 64.1398 64.7113 72.0684 61.5014 66.2521 68.2685 69.4987 63.5995 64.5737 72.7117 64.6285 68.6823 62.9309 69.4359 65.9900 70.8103
6.5550 5.3059 5.4638 5.1922 6.5025 4.6411 3.8633 6.0241 4.5719 3.4321 4.1296 8.9352 6.7719 4.8564 3.2477 5.4169 5.4604 3.8030 3.9898 4.5857 0.0000 5.3334 4.2220 2.4245 3.2122 4.7100 5.4510 4.0086 4.1834 4.1854 107.0744 104.4330 99.7499 88.0710 102.6516 106.8814 101.4168 101.0519 106.6017 91.0215 106.4851 102.7580 96.3346 104.2228 108.1457 105.4729 103.8353 92.7330 97.4380 105.7616 100.4011 92.6732 82.5281 100.7979 107.7661 102.8684 96.7882 98.1586 91.9619 103.0437 4.0796 5.8260 8.2929 5.2830 4.4381 5.1366 9.8497 8.0604 4.2835 9.6537 11.1158 8.0481 15.6854 9.3874 5.1262 4.8358 6.5703 4.6116 7.7319 5.9194 4.7244 5.7889 4.6309 3.5592 4.5070 6.4750 4.5008 10.3720 3.7529 7.0503 25.2154 33.0839 34.3976 34.3710 29.5692 20.9304 39.7198 36.2148 20.4423 22.2420 41.5502 30.4474 31.7742 30.1155 32.2643 20.0327 26.8970 29.3366 25.4836 32.9748 34.2042 23.7491 25.5385 29.1102 22.3599 29.8048 21.3940 27.8144 20.7151 36.2078 58.5866 65.3018 60.9157 69.7374 58.9766 64.9218 63.4514 63.6947 64.4553 62.7838 58.3525 55.2635 62.0093 59.7182 60.0060 60.6749 67.8022 57.3147 62.1263 64.0676 65.2770 59.3834 60.3743 68.4924 60.3971 64.4847 58.7163 65.2300 61.8045 66.5895
3.8469 2.8926 2.5826 2.8245 3.4326 4.6694 2.1223 6.5021 3.5829 3.1791 2.2018 6.5918 5.6871 6.5961 3.8771 2.3299 5.7853 2.3449 3.4509 3.4495 5.3334 0.0000 3.1334 5.5753 4.0454 4.3412 5.7314 2.6493 4.1128 5.2113 110.7876 108.4394 103.8925 91.7415 106.4121 110.6043 105.3082 104.9597 110.4921 94.6479 110.1897 106.7300 100.2903 107.8338 111.7038 109.1241 107.7400 96.3834 101.5189 109.3134 104.2588 96.1810 86.4701 104.6070 111.4585 106.7554 100.9062 102.2381 95.5655 106.9234 2.3098 3.1813 7.5967 6.0296 6.2045 5.5805 11.9998 9.4222 5.9808 11.2303 13.0353 10.1449 17.6755 10.7394 7.4107 6.0485 5.2463 6.4135 8.6630 6.2905 3.5574 7.3363 5.7475 5.2934 8.4858 8.3584 4.5861 12.5023 7.4767 3.7662 29.5997 37.9732 39.3936 39.1364 34.3842 25.0102 44.5366 41.2259 24.8969 26.4440 46.2077 35.2152 36.6812 34.8184 37.2427 24.1565 30.9144 34.0821 30.0147 37.8906 38.8233 28.0386 30.2142 33.8746 26.9341 34.6704 25.9148 32.5012 25.4214 41.1513 62.0954 68.7369 64.7531 72.9825 62.4278 68.1387 67.1982 67.1098 67.9952 66.5277 61.7935 58.2838 65.4809 63.2643 63.1947 63.4986 71.2737 61.1629 65.5027 67.5530 68.9117 63.0633 64.0502 72.1522 63.8743 67.8480 62.4103 68.7116 65.6313 69.9245
5.9741 4.3454 4.6275 4.3868 5.6523 5.0601 2.8153 5.3863 4.5402 1.9317 2.6343 8.6176 7.0766 5.5614 3.0001 4.4371 5.6089 2.5582 3.1838 4.5033 4.2220 3.1334 0.0000 5.2970 3.8845 5.5020 4.2472 2.9107 5.0538 5.4547 108.5099 106.2847 101.5613 89.4417 104.1080 108.3249 102.9474 102.6028 108.1744 92.3207 107.8630 104.4700 97.9451 105.5345 109.4578 106.8021 105.4791 94.0886 99.2453 106.9732 101.9535 93.8411 84.1618 102.1806 109.1724 104.4791 98.5764 99.9190 93.3731 104.5914 2.3902 2.5142 6.5022 5.4502 4.2344 3.9045 10.1285 7.5131 5.2590 8.9718 10.8351 7.8418 15.5733 8.6879 5.6425 5.0700 5.6938 5.2335 7.4421 5.1690 3.3390 5.4835 3.7984 3.1811 6.9181 6.3869 3.3412 10.4423 5.3712 3.8298 27.9935 36.2797 37.8835 37.1915 32.5476 23.9924 42.4501 39.6336 23.6858 25.3367 44.1679 33.5013 35.0627 33.4543 35.7168 23.5063 29.6282 32.3640 28.6132 36.1341 37.3198 26.7659 28.8334 32.3126 25.6036 33.1252 24.4928 30.7880 24.0911 39.2497 60.0381 66.5932 62.6248 70.8695 60.2460 65.9699 65.1542 65.1536 65.8579 64.5325 59.6756 56.3618 63.3829 61.2736 61.0928 61.4956 69.2364 59.0327 63.3952 65.3818 66.7589 60.9995 62.0505 70.0575 61.7665 65.8588 60.3033 66.5645 63.5519 67.8877
5.7240 5.0490 5.1584 5.0270 5.8007 4.2160 4.0671 6.6184 4.3219 4.3935 4.2791 7.6365 5.6451 6.0003 3.5884 5.0027 5.1418 4.4146 4.1718 3.9203 2.4245 5.5753 5.2970 0.0000 2.8007 3.6751 7.0201 4.3416 3.3581 3.4450 108.3281 105.5544 100.9186 89.5177 103.8743 108.0932 102.5810 102.3005 107.7839 92.5070 107.7204 103.9116 97.5400 105.5256 109.4196 106.7563 105.0407 94.1801 98.5309 107.0482 101.6246 94.1474 83.9104 102.0460 109.0012 104.0189 97.9242 99.3027 93.3556 104.2249 4.7494 6.8500 9.6169 6.0126 5.8462 6.3733 11.5136 9.6937 4.8628 11.4401 12.7527 9.8168 17.3599 11.0449 6.6478 6.0892 6.5347 5.5000 8.9859 7.2629 5.3068 7.3611 6.3242 5.2688 5.4634 8.3038 5.6735 12.0654 5.5012 7.9959 25.6661 33.4346 34.2686 34.6897 29.6954 20.7873 40.0808 35.9918 20.3904 22.0584 41.5860 30.5511 31.7838 29.9674 32.6313 19.4137 27.3873 29.5439 25.5267 32.9373 34.6141 23.8964 25.4790 29.0763 22.2992 29.9100 21.6096 28.3202 20.6525 36.5252 59.8539 66.5944 62.0848 71.1126 60.2810 66.3545 64.7099 64.9762 65.7689 64.0076 59.6123 56.5781 63.3565 60.8619 61.3773 62.1104 69.1503 58.5148 63.5367 65.4247 66.5309 60.6747 61.5515 69.6637 61.7896 65.7494 59.9660 66.5183 63.0266 67.8884
4.3294 3.6990 3.9404 3.8342 4.3574 2.8598 2.5401 4.9917 3.4991 3.5574 2.7292 6.3133 4.4651 5.9586 3.1886 3.8240 3.3250 3.7200 2.3016 2.6363 3.2122 4.0454 3.8845 2.8007 0.0000 2.6817 6.5694 3.5229 2.2859 2.5578 109.4948 106.8911 102.2391 90.4202 105.0455 109.2667 103.7731 103.4732 108.9652 93.3578 108.8560 105.1372 98.8139 106.6238 110.5239 107.9050 106.2587 95.0985 99.8098 108.1329 102.8423 94.9533 84.9004 103.1373 110.1563 105.2674 99.1924 100.5750 94.2737 105.4073 3.7328 5.5805 9.0348 5.6094 5.0975 5.9036 11.9882 9.8472 4.1859 11.5494 13.0046 9.9730 17.6820 11.0914 6.7207 5.9871 5.2636 5.3265 8.8959 7.1158 4.0159 7.4144 5.9152 5.0742 6.2228 8.4873 5.0126 12.5397 6.0541 6.8735 26.6311 35.1412 35.9686 35.8307 30.9684 21.7837 41.1346 37.6404 21.8695 23.2477 42.9046 31.9347 33.3910 31.4549 34.3520 20.6882 28.7333 30.5472 26.7225 34.3953 36.2639 25.1800 26.8079 30.6441 23.4398 31.3189 23.0152 29.3909 22.0708 37.8401 60.8289 67.5811 63.2877 72.0120 61.0922 67.1657 65.7549 66.0053 66.7285 65.2170 60.5853 57.4550 64.2636 61.8920 62.3233 62.9235 70.2625 59.6201 64.3798 66.3413 67.5877 61.6662 62.6883 70.8014 62.8093 66.7895 61.0028 67.5308 64.1758 68.8722
2.8767 3.3116 2.9603 3.1689 3.0266 2.8738 3.3017 6.5657 2.9461 5.0665 3.6876 4.7231 2.9339 6.6754 4.5966 3.5747 4.1006 4.4567 3.5046 2.7168 4.7100 4.3412 5.5020 3.6751 2.6817 0.0000 7.6977 4.2092 2.2269 2.3727 110.9097 108.1401 103.7013 91.8371 106.5335 110.7054 105.3124 104.9806 110.4377 94.7528 110.3497 106.5170 100.3188 108.0988 111.9262 109.4098 107.6585 96.4745 101.2028 109.6691 104.3509 96.4093 86.2919 104.7097 111.6132 106.7033 100.6333 102.0359 95.5217 106.9045 4.3785 6.6482 9.9560 6.0223 6.7037 7.2356 13.1959 11.2493 4.8674 13.1959 14.5578 11.6658 19.0514 12.5633 8.0049 6.6046 5.2661 6.1992 9.5505 8.0174 4.5632 8.8577 7.3989 6.6051 7.3569 9.8160 6.1538 14.0738 7.7423 7.7727 27.2833 35.9010 36.6327 36.9072 31.9773 21.9328 42.3916 38.4734 22.1878 23.4771 44.2490 32.7914 34.1952 31.8824 34.9183 20.5444 29.0004 31.4723 27.2139 35.4229 36.7619 25.5324 27.3658 31.3464 23.9397 31.9393 23.5083 30.2074 22.6104 38.8926 61.9471 68.8594 64.4513 73.2663 62.3263 68.4480 66.8164 67.0387 67.9508 66.2668 61.8276 58.5008 65.4063 62.9220 63.5869 64.1037 71.3978 60.7882 65.5684 67.5784 68.8095 62.7596 63.7546 71.9825 63.9794 67.8402 62.1730 68.7955 65.3021 70.0246
8.5590 6.0398 6.3879 5.8573 7.8855 7.0250 5.7354 8.4301 5.7053 4.6685 5.4466 11.4621 9.4650 3.8984 4.9811 7.0641 8.7226 4.2414 5.8436 7.7271 5.4510 5.7314 4.2472 7.0201 6.5694 7.6977 0.0000 4.3850 7.6508 7.3969 105.5081 103.3330 98.8296 86.5172 101.1959 105.4265 100.2034 99.8212 105.3604 89.3820 104.9883 101.5958 95.1605 102.5636 106.4292 103.8567 102.5838 91.1359 96.4834 104.0420 99.1159 90.9357 81.3832 99.4260 106.1996 101.6208 95.8608 97.1854 90.3772 101.8006 4.1408 3.7990 3.8301 4.3372 4.1504 3.0331 6.6082 4.3367 5.5417 6.3653 7.9213 5.3133 12.3526 5.7539 3.1708 2.8395 6.5569 4.1437 4.1286 2.4526 4.3910 2.9113 2.4464 2.6575 6.1648 3.5366 2.6004 7.4592 4.7567 5.1451 26.5808 34.5869 37.1092 36.3558 32.0738 23.4702 42.1220 39.2775 22.3056 24.3691 43.7176 32.3646 34.0087 32.6351 34.3475 23.2602 27.1358 32.0711 27.9458 35.6152 35.1978 25.0544 28.1083 31.1907 25.1279 32.1328 22.9644 29.6268 23.4378 38.2783 56.7744 63.4514 59.5967 67.5164 57.1368 62.7608 61.9422 61.7548 62.6640 61.2823 56.5045 52.8780 60.1705 58.0466 57.7807 57.9895 65.9313 56.0318 60.1709 62.1920 63.5739 57.7812 58.8180 66.9072 58.4867 62.4580 57.1478 63.3606 60.5220 64.4739
4.9506 2.6979 2.8820 2.7051 4.3673 4.0209 2.4297 6.5724 2.6057 2.6543 2.1708 7.6204 5.8863 4.7278 2.7285 3.6292 5.9097 1.7571 2.8937 4.1169 4.0086 2.6493 2.9107 4.3416 3.5229 4.2092 4.3850 0.0000 4.1994 4.4352 108.7636 106.3602 101.8796 89.8435 104.3800 108.5498 103.2782 102.9423 108.4555 92.7627 108.1547 104.6582 98.2905 105.8295 109.6682 107.1513 105.6891 94.4663 99.4261 107.3192 102.2480 94.2841 84.5410 102.6069 109.4169 104.6895 98.8487 100.1913 93.5971 104.8749 1.7946 3.3035 6.4816 4.2982 4.6204 4.1105 10.2168 7.8875 4.4220 9.8263 11.3469 8.6220 15.9995 9.1422 5.4218 4.3013 4.6706 4.3923 6.9315 4.6183 2.8110 5.7391 4.2573 3.6697 6.4645 7.0080 2.9756 10.8926 5.7232 4.6577 27.6609 35.8562 37.4794 37.2172 32.5078 23.2444 42.8227 39.3745 22.7884 24.4661 44.2947 33.1148 34.6580 32.9073 35.3204 22.5291 28.7771 32.4320 28.1873 35.9859 36.6709 25.9295 28.3301 31.7818 25.1793 32.7336 23.8059 30.6478 23.5368 39.2186 60.0260 66.7041 62.6326 70.9988 60.3659 66.1664 65.1579 65.0627 65.9516 64.4545 59.7230 56.2878 63.4675 61.1487 61.1897 61.5661 69.2386 59.0677 63.5044 65.5276 66.8716 61.0410 61.9681 70.0088 61.8939 65.7985 60.3475 66.6636 63.5834 67.8786
3.5052 3.9556 3.5962 3.9917 3.7228 3.1546 2.7679 5.6735 3.7995 4.4833 3.3858 5.1570 3.7652 6.8900 4.3814 3.0641 3.7790 4.2255 3.4159 2.1681 4.1834 4.1128 5.0538 3.3581 2.2859 2.2269 7.6508 4.1994 0.0000 2.6926 110.6704 107.9748 103.3964 91.6444 106.2815 110.4506 104.9750 104.6620 110.1438 94.5871 110.0764 106.2747 100.0227 107.8425 111.7267 109.1178 107.4353 96.3113 100.9319 109.3776 104.0181 96.2446 86.0804 104.3822 111.3742 106.4610 100.3560 101.7245 95.4366 106.6156 4.4005 6.3865 10.1466 6.6534 6.5264 7.2796 13.1903 11.1005 5.2458 12.9114 14.4920 11.4251 19.1006 12.4483 8.0697 7.0256 6.0744 6.5653 10.0504 8.1528 4.9326 8.7733 7.1591 6.3688 7.4612 9.6614 6.3019 13.8666 7.3990 7.2866 27.4654 36.0910 36.5580 36.6717 31.7960 22.3466 42.0232 38.3568 22.6428 23.9828 43.7621 32.9434 34.3655 32.1346 35.0119 21.0100 29.4912 31.2681 27.3748 35.3936 36.9873 25.9175 27.4404 31.4392 24.0777 32.0747 23.8410 30.1863 22.7140 38.6805 62.0908 68.8665 64.5318 73.3180 62.3902 68.5032 66.8786 67.1988 67.9842 66.4169 61.9046 58.7145 65.4960 63.1213 63.6017 64.2275 71.4344 60.9040 65.6295 67.6139 68.9051 62.8660 63.8692 72.0177 64.0869 68.0015 62.2864 68.8047 65.4095 70.0763
4.3853 3.9063 3.9724 3.9584 4.2901 1.8653 3.6735 5.6852 3.3169 5.0877 3.8458 5.8958 3.2356 5.8348 4.5618 4.7570 3.5553 4.8622 3.2195 3.6548 4.1854 5.2113 5.4547 3.4450 2.5578 2.3727 7.3969 4.4352 2.6926 0.0000 109.5824 106.8378 102.4088 90.4275 105.2234 109.3500 103.9314 103.5768 109.0628 93.3433 108.9840 105.1391 99.0083 106.7694 110.5960 108.1179 106.3057 95.0684 99.7847 108.3440 103.0076 94.9828 84.8768 103.2955 110.3015 105.3965 99.2360 100.6577 94.1029 105.5399 4.7379 6.8705 9.7462 5.4401 5.4824 6.8541 12.4820 10.7301 3.5874 12.5828 13.8462 11.0434 18.1793 11.8956 7.1933 6.1515 5.2288 5.1259 8.9525 7.7068 4.3564 8.4313 6.7976 6.1497 6.0055 9.4039 5.9657 13.4468 6.9269 8.3318 25.6579 34.6965 35.3125 35.2129 30.3784 20.4301 40.7758 37.2330 20.8986 22.0852 42.6633 31.4139 33.0518 30.4918 33.7342 19.4213 27.6957 29.8774 25.6252 34.2286 35.4307 24.1225 25.8827 29.8828 22.4470 30.5169 22.0769 28.6206 21.1596 37.3367 60.6204 67.5258 63.1544 72.0491 60.8769 67.0927 65.4601 65.7843 66.5915 65.0711 60.5174 57.3009 64.0511 61.5863 62.3298 62.9588 70.1560 59.4760 64.1952 66.2720 67.5603 61.4326 62.4801 70.6339 62.7524 66.6295 60.8727 67.5025 63.9777 68.7719
112.9781 110.4795 110.9083 110.3716 112.4418 109.6645 109.9615 109.4266 109.4847 108.4725 109.8143 115.2661 112.4663 105.1245 108.2779 111.5238 110.8414 108.9062 109.3489 111.3976 107.0744 110.7876 108.5099 108.3281 109.4948 110.9097 105.5081 108.7636 110.6704 109.5824 0.0000 15.4304 20.3176 29.2910 11.6357 10.3615 15.2250 14.3606 11.9013 26.5566 10.3409 14.2076 18.7945 8.4272 9.7475 8.5129 12.4527 24.7406 19.8579 10.9184 13.8900 27.1390 31.8986 13.7729 7.9257 13.0616 18.9937 19.4237 27.3301 12.7264 108.9464 108.7500 105.2215 106.7179 105.7323 106.2303 99.2564 101.9845 107.0740 100.5516 98.8672 101.4558 94.6438 101.0403 103.7829 105.6246 109.8999 105.6152 103.6341 105.2468 108.7960 104.1555 105.4037 105.7371 103.9060 102.9717 106.6589 99.0214 103.9994 109.5182 90.8925 83.1154 89.0157 85.7414 90.5330 99.3949 86.1368 90.6012 95.1475 96.7469 84.2370 88.0123 88.4085 92.4221 87.0923 102.2528 87.7183 93.0047 94.6298 89.7161 81.9488 92.0291 94.4128 89.2671 97.1443 90.2897 92.9128 89.5199 96.8098 84.0469 53.1052 47.3211 50.1016 42.7018 52.8080 49.4572 48.9153 49.9853 47.1896 50.4701 53.5345 58.7879 50.2244 53.8637 51.9608 53.5642 44.6245 54.8171 50.6357 46.5278 46.4555 52.5751 52.6964 42.5477 51.9425 47.6474 53.5551 45.6366 52.4400 44.9361
110.3490 107.9790 108.3552 107.8675 109.8575 107.0247 107.4970 107.0630 106.9100 106.1587 107.4101 112.5098 109.7248 102.6912 105.8529 109.0446 108.2286 106.5339 106.9084 108.7872 104.4330 108.4394 106.2847 105.5544 106.8911 108.1401 103.3330 106.3602 107.9748 106.8378 15.4304 0.0000 17.4082 29.3187 16.2802 15.4987 16.8266 15.2206 13.4511 28.6593 18.3982 9.4901 18.0471 17.6993 17.9891 19.4425 11.6028 25.4900 15.1962 21.8659 15.9504 29.7937 30.1026 19.8904 16.2054 12.3481 14.9193 16.1804 27.2121 14.1683 106.5938 106.6926 103.2741 104.2569 103.4191 104.0436 97.1198 99.9573 104.4686 98.7216 96.9953 99.4333 92.9223 99.1259 101.3952 103.1742 107.5017 103.1124 101.3927 103.0040 106.4273 101.9888 103.1802 103.4229 101.1891 100.8121 104.3943 97.0068 101.5232 107.5074 86.8155 78.1548 83.4989 81.1419 86.0634 95.1666 81.4529 85.1244 90.9860 92.4415 79.7201 83.3260 83.4190 87.4068 81.7860 97.7363 83.6361 88.4508 90.1711 84.8738 76.6251 87.7350 89.7520 84.5190 92.8593 85.3078 88.8107 85.1186 92.5310 79.0365 51.0166 46.3969 46.8898 42.8532 51.7223 49.7651 46.2707 47.4338 45.4823 47.4625 51.9683 57.4901 48.4051 51.2410 51.4433 53.6258 42.4674 51.8260 49.3345 45.4798 44.5855 49.7080 49.4418 39.9673 50.2975 45.6883 51.2883 44.5682 49.7262 43.6884
105.8764 103.5571 104.0039 103.4749 105.4218 102.6423 102.9240 102.2943 102.6038 101.4633 102.7921 108.0859 105.3316 98.4892 101.1178 104.4886 103.5058 101.9536 102.3552 104.1353 99.7499 103.8925 101.5613 100.9186 102.2391 103.7013 98.8296 101.8796 103.3964 102.4088 20.3176 17.4082 0.0000 27.0244 14.3915 20.2900 13.4819 13.3271 14.8277 28.9964 19.3153 13.9039 10.4404 20.5060 24.2686 19.3312 14.3063 27.8993 11.7644 22.1292 12.4274 30.1339 27.8518 15.2523 19.4506 13.6616 9.9055 9.0527 31.9083 14.0094 102.1013 102.0349 98.7977 99.9094 98.8273 99.3499 92.7774 95.3702 100.1074 93.9843 92.3121 94.5231 88.5160 94.4999 96.9392 98.8205 102.9902 98.7968 97.1542 98.6162 101.9396 97.2254 98.5556 98.8019 96.7602 96.2346 99.9547 92.3310 96.8443 102.8359 83.2335 74.2556 78.9710 76.6205 81.2441 91.4649 76.0571 79.9878 87.2535 88.9217 73.9001 79.0795 78.7654 83.3985 77.3667 93.8257 81.0227 83.7522 86.2618 79.6855 73.4681 84.5283 85.3723 80.4535 88.5724 81.1715 85.1284 81.0405 88.0398 74.2876 48.9120 43.1643 44.2388 40.8876 49.6793 46.9136 44.9444 46.4150 43.0093 44.5790 48.6492 55.3312 46.8705 49.3375 48.3589 51.6049 41.1694 48.4381 47.5505 43.8091 41.6163 47.5390 46.2803 39.2898 47.1868 45.1185 47.6336 41.7409 46.0714 42.4379
