0.0000 6.4728 5.0070 7.3465 4.3965 9.5256 4.3304 8.2322 4.4693 5.6541 5.2405 6.8231 6.3405 8.6014 5.7993 4.2957 4.9838 6.6503 6.6828 5.5431 7.8767 4.9797 11.6999 4.8324 4.2581 4.6315 8.4296 5.8374 6.7953 6.6372 22.0347 22.1824 21.0949 21.8216 21.1971 22.0178 20.9934 20.9776 21.4725 21.8275 20.8820 21.5403 22.1271 21.5666 20.8373 22.1760 22.0819 21.4995 21.3524 21.2173 21.2831 21.8683 20.5654 21.4686 21.5417 21.2603 20.5892 20.3312 21.9101 21.2866 16.7544 13.6048 15.0967 16.4938 15.8988 14.2296 16.3381 16.4164 14.1265 19.3243 14.7547 16.2948 21.0838 20.2882 15.5514 12.6838 16.6020 17.3249 17.8799 15.8490 13.6086 16.6015 19.2022 17.5246 16.6321 14.4441 15.5677 18.2883 18.6375 15.2996 14.4543 16.4446 19.7963 19.3552 19.8558 15.6901 9.3250 19.1224 17.0828 10.9619 15.1611 16.3244 14.5376 18.9336 17.0009 17.5026 18.0417 15.7358 12.2469 19.4001 18.3443 11.5467 19.4155 15.4738 17.2587 12.2799 15.7042 19.1028 17.1640 18.7494 20.9464 22.1484 21.8704 21.8133 21.7878 20.1795 21.7436 21.7637 21.6583 20.9969 21.0395 22.4612 21.5838 21.2185 20.4044 22.0702 22.1890 22.2102 21.1147 21.9478 21.9009 21.8503 20.6635 21.6556 21.6618 21.9518 21.7182 21.8016 21.7356 22.3717
6.4728 0.0000 5.0227 6.9635 7.1357 7.2212 4.7948 5.4359 5.6907 6.1327 8.0189 10.1106 9.2671 6.7030 5.4037 6.5790 6.6988 6.8127 6.5195 6.5456 5.4310 4.5547 9.8654 5.3703 5.9237 7.4457 8.8191 5.7419 7.9303 8.0374 20.0284 20.2839 19.0575 19.7842 19.1172 20.0234 19.0280 18.9736 19.4690 19.8708 18.9449 19.5944 20.1413 19.5663 18.8810 20.1425 20.0698 19.5427 19.2910 19.2153 19.2229 19.9182 18.5425 19.5659 19.6114 19.2739 18.4920 18.2771 19.9507 19.2819 15.0994 11.4609 13.3455 14.6441 14.1006 12.3392 14.3222 14.2538 12.0920 17.3104 12.2852 14.2438 19.0312 18.2719 13.9956 11.0093 14.6891 15.3853 15.8664 14.0235 12.6624 14.5603 17.5342 16.0066 14.5811 12.6457 13.5553 15.9445 16.8221 13.3906 12.4735 13.8026 17.8210 17.1852 17.6863 13.2121 6.3748 16.7441 14.5973 9.1699 13.2129 13.7606 11.4570 16.8156 14.8857 15.1118 15.7434 13.1086 10.0144 17.2594 16.1251 8.5843 17.1074 12.6707 14.8346 9.4227 13.1387 16.8632 14.7442 16.3286 18.8620 20.1459 19.8461 19.8019 19.8207 18.0814 19.7130 19.7587 19.6391 18.8484 19.0506 20.4729 19.5738 19.1770 18.3402 20.0609 20.2384 20.1571 19.0499 19.9630 19.8686 19.8328 18.7748 19.6666 19.6241 19.9550 19.6966 19.7820 19.6845 20.3557
5.0070 5.0227 0.0000 5.7765 5.5726 7.4754 4.7641 6.0638 4.8327 5.2624 6.8035 8.9003 8.1584 6.3408 4.8993 5.6997 5.0874 6.1489 5.9562 6.2801 5.5413 4.4643 10.1587 5.5026 5.4208 5.7955 7.8718 5.7503 7.1151 7.4920 20.1265 20.3338 19.1664 19.8923 19.2296 20.1294 19.1279 19.0885 19.5699 19.9662 19.0003 19.6898 20.2305 19.6805 18.9870 20.2444 20.1770 19.5906 19.4039 19.3093 19.3205 19.9829 18.6373 19.6292 19.6668 19.3806 18.6136 18.3546 20.0327 19.3610 14.9005 11.3682 13.0209 14.3557 13.8286 12.1748 14.1367 14.2803 11.8733 17.3059 12.4291 14.3471 19.1315 18.2949 13.8702 10.6295 14.5561 15.2926 15.8483 13.9359 11.9578 14.4872 17.4370 15.7672 14.5728 12.5494 13.3429 16.0311 16.7001 13.2247 12.3319 14.1844 17.8883 17.2965 17.8774 13.4902 7.0454 16.9481 14.7701 9.2501 13.0780 13.8890 11.7737 16.8642 14.8937 15.2828 15.8430 13.3126 9.9217 17.3352 16.2157 8.6788 17.2498 12.8650 14.9635 9.5984 13.8208 16.9404 14.8075 16.4708 18.9795 20.2447 19.9505 19.9097 19.9190 18.2024 19.8319 19.8695 19.7358 18.9808 19.1659 20.5578 19.7033 19.2723 18.4612 20.1648 20.3063 20.2843 19.1570 20.0581 19.9677 19.9642 18.7716 19.7485 19.7419 20.0422 19.7948 19.8835 19.8120 20.4634
7.3465 6.9635 5.7765 0.0000 6.7535 6.4831 7.2862 6.4639 8.1312 6.9330 9.7033 11.3439 10.6072 4.7385 7.3217 8.6588 7.5953 6.8019 7.4262 9.2611 4.6232 7.3183 9.3880 8.2058 8.2140 7.7395 10.0696 7.6529 9.5356 10.5870 19.7864 19.9615 18.7894 19.5358 18.8777 19.7642 18.7621 18.7387 19.2306 19.6064 18.6808 19.3301 19.8763 19.3312 18.6935 19.8796 19.8311 19.2509 19.0544 18.9638 18.9708 19.6274 18.3501 19.2327 19.2942 19.0624 18.2788 18.0168 19.6807 19.0101 14.6348 11.0720 12.7048 14.3192 13.5059 12.2596 13.7947 13.7961 11.5306 17.0362 12.1573 14.0656 18.7654 17.9588 13.6108 10.4884 14.2723 14.9954 15.5219 13.5109 12.2590 14.2447 17.0690 15.4000 14.2130 12.3777 13.0048 15.5862 16.3615 13.1233 12.3126 13.8487 17.3804 16.9477 17.3312 13.2211 6.1054 16.4600 14.2130 9.7204 12.7875 13.4953 11.3135 16.3687 14.3857 14.8215 15.5560 12.8869 9.5259 16.8933 15.8455 9.1557 16.7845 12.2106 14.5642 9.3568 12.8259 16.5821 14.3479 16.0642 18.6328 19.8934 19.5927 19.5999 19.5835 17.9084 19.4676 19.5034 19.3997 18.6028 18.8615 20.2117 19.4135 18.9187 18.1649 19.8219 19.9465 19.9312 18.8415 19.6990 19.6141 19.6266 18.3988 19.3926 19.3786 19.6852 19.4531 19.5362 19.4598 20.1132
4.3965 7.1357 5.5726 6.7535 0.0000 8.9157 5.7338 9.0331 6.0609 5.2935 6.9123 8.2605 7.1449 7.8811 5.6831 5.9169 6.9922 6.1089 7.8544 6.7916 7.2659 5.8283 11.0390 6.1802 5.2518 5.9892 8.2669 6.7585 7.5649 8.6146 21.6051 21.7386 20.6822 21.3975 20.7769 21.5849 20.5906 20.5759 21.0560 21.4090 20.4582 21.1239 21.6856 21.1533 20.4139 21.7410 21.6613 21.0650 20.9358 20.8087 20.8550 21.4325 20.1548 21.0707 21.1079 20.8337 20.1668 19.8979 21.4842 20.8627 16.2961 13.2032 14.6208 16.0283 15.4482 13.7658 15.8667 15.8573 13.6174 18.8725 14.3005 15.9390 20.6490 19.8220 15.3014 12.2997 16.0600 16.8854 17.4287 15.3868 13.4054 16.1763 18.8072 17.1409 16.2028 14.1168 15.0637 17.7794 18.2306 14.9154 14.1929 16.0421 19.3545 18.9269 19.3675 15.3844 8.9226 18.6164 16.5239 10.6358 14.7573 15.8004 14.0141 18.4753 16.5131 17.0064 17.5417 15.2540 11.7836 18.9393 17.8757 11.2778 18.9152 14.9010 16.7895 11.7371 15.1089 18.6271 16.6687 18.2433 20.5116 21.7261 21.4401 21.3777 21.3553 19.7619 21.3199 21.3370 21.2098 20.5410 20.6441 22.0059 21.1862 20.7802 19.9680 21.6299 21.7497 21.7686 20.7126 21.5278 21.4583 21.4315 20.2346 21.2121 21.2233 21.4962 21.2917 21.3779 21.3147 21.9353
9.5256 7.2212 7.4754 6.4831 8.9157 0.0000 9.1215 8.2806 9.3850 8.3221 11.1317 12.7003 11.9393 5.1356 7.8802 10.1065 9.5995 8.4551 8.1803 9.8478 6.2192 8.3614 9.6302 9.5156 9.4646 9.4980 10.6757 8.0688 9.6655 11.3536 18.0784 18.3301 17.0346 17.8007 17.0890 18.0641 17.0762 16.9998 17.5120 17.9228 16.9596 17.6296 18.1972 17.6328 16.9295 18.1655 18.1214 17.5530 17.2967 17.2520 17.2103 17.9910 16.5878 17.6179 17.6495 17.3083 16.4829 16.2072 17.9754 17.2728 13.1435 9.0382 11.1348 12.7969 11.9040 10.6619 12.1916 12.0157 10.2672 15.3460 9.8916 12.5569 17.0261 16.2292 12.2389 9.3979 12.3981 13.4985 13.8249 11.9710 11.1897 12.5412 15.7323 14.2738 12.3952 10.6776 11.5264 13.5609 14.8968 11.4018 10.4766 11.5396 15.7357 15.2271 15.4473 11.3886 6.3360 14.5823 12.5191 8.3424 11.3246 11.2121 8.2885 14.5954 12.5374 12.8206 13.4984 10.5898 6.9766 15.2120 13.9299 7.2118 14.7710 9.5658 12.4563 6.5132 10.9255 14.6007 12.4331 13.9055 16.8776 18.1921 17.8757 17.8844 17.8876 16.0590 17.7520 17.7855 17.6541 16.7528 17.1669 18.5049 17.6869 17.1573 16.3254 18.1090 18.3055 18.2260 17.0477 18.0139 17.8935 17.8992 16.7607 17.6714 17.6397 17.9813 17.7272 17.8123 17.6973 18.3856
4.3304 4.7948 4.7641 7.2862 5.7338 9.1215 0.0000 6.0120 4.3555 4.8819 6.2676 8.5358 8.0070 7.3741 5.4823 4.6892 4.8865 5.9005 5.6601 5.7148 6.5096 4.6009 11.0416 3.1617 4.6496 6.0681 8.4669 4.7810 6.9123 6.4898 21.1289 21.3166 20.1875 20.9052 20.2772 21.1123 20.1112 20.1037 20.5796 20.9398 20.0335 20.6750 21.2209 20.6625 20.0050 21.2460 21.1764 20.6293 20.4387 20.3348 20.3609 20.9864 19.6969 20.5960 20.6696 20.3963 19.6556 19.4301 21.0412 20.3825 16.0841 12.7390 14.3143 15.7319 15.0648 13.4025 15.3534 15.4435 13.1936 18.4208 13.6845 15.3949 20.1578 19.3840 14.9650 11.8233 15.7557 16.4180 16.9809 14.9951 13.3207 15.7251 18.4025 16.7824 15.7203 13.6686 14.6619 17.2315 17.7288 14.5226 13.4915 15.2320 18.8711 18.3552 18.8568 14.5957 7.9505 18.0379 15.9342 10.1504 14.2516 15.2000 13.1912 17.8975 15.9305 16.4110 17.0032 14.5669 11.3150 18.4076 17.3075 10.0704 18.3566 14.2106 16.1598 10.9202 14.5144 18.0815 16.0339 17.6469 20.0048 21.2360 20.9557 20.9250 20.9050 19.2565 20.8164 20.8526 20.7566 20.0210 20.1812 21.5624 20.6914 20.3091 19.5139 21.1575 21.2887 21.2610 20.1987 21.0464 20.9883 20.9386 19.7902 20.7589 20.7325 21.0498 20.8138 20.8900 20.8133 21.4589
8.2322 5.4359 6.0638 6.4639 9.0331 8.2806 6.0120 0.0000 7.7874 8.2665 10.3238 12.3760 11.9328 5.9606 8.1195 8.9794 7.5550 8.6735 6.6622 9.5869 5.2955 7.3160 10.1572 7.5994 8.6458 9.6505 10.4629 7.0630 9.9600 10.0147 19.6455 19.9109 18.6824 19.3926 18.7511 19.6451 18.6840 18.6546 19.1224 19.5127 18.6270 19.2742 19.7585 19.2050 18.6487 19.7263 19.6908 19.1688 18.9068 18.8612 18.8417 19.5422 18.2484 19.1623 19.2374 18.9789 18.1262 17.9256 19.5958 18.8841 14.9549 11.4184 13.0603 14.3616 13.7392 12.3156 13.7779 13.9423 11.8346 16.9102 12.1337 14.0989 18.6509 17.8882 13.9181 10.8480 14.4907 15.0811 15.5345 13.7679 12.9066 14.2497 17.1486 15.6918 14.2991 12.7016 13.1751 15.4787 16.3087 13.3246 12.2664 13.4048 17.3260 16.7284 17.2304 12.9014 6.2446 16.2870 14.0648 9.6726 12.8111 13.4118 11.0421 16.2948 14.4117 14.6621 15.3774 12.7709 9.7350 16.7675 15.7769 8.7579 16.6425 12.1123 14.3937 9.2576 12.7640 16.4455 14.1910 15.8729 18.4848 19.7541 19.4747 19.4846 19.5081 17.7674 19.3358 19.3900 19.2999 18.4445 18.8067 20.1125 19.2654 18.8031 18.0771 19.6919 19.8380 19.7642 18.7085 19.5887 19.4916 19.4854 18.3793 19.2975 19.2535 19.5986 19.3225 19.4028 19.3182 20.0051
4.4693 5.6907 4.8327 8.1312 6.0609 9.3850 4.3555 7.7874 0.0000 5.7620 4.2674 6.9688 6.2222 8.6893 5.3207 3.7158 4.0989 7.3736 6.1325 3.9581 7.9183 3.9514 11.6150 3.9973 4.2438 4.8210 7.7976 5.6375 5.7393 5.0897 21.8440 22.0339 20.9169 21.6314 21.0004 21.8405 20.8594 20.8101 21.2970 21.6682 20.7300 21.3959 21.9409 21.3986 20.6771 21.9800 21.8923 21.3265 21.1566 21.0491 21.0910 21.6990 20.3833 21.3451 21.3897 21.0822 20.3842 20.1457 21.7417 21.1103 16.7274 13.4669 15.0815 16.2712 15.7702 14.0093 16.1957 16.2856 13.9962 19.1167 14.5334 16.1523 20.8994 20.1096 15.5101 12.6978 16.5148 17.2018 17.7445 15.7962 13.5712 16.4037 19.1718 17.5295 16.4920 14.4457 15.4199 18.0818 18.5545 15.1822 14.2533 16.1394 19.6506 19.1423 19.6596 15.4935 9.2091 18.8958 16.8770 10.4055 15.0704 16.0898 14.2381 18.7849 16.9161 17.2934 17.7755 15.5158 12.0028 19.2178 18.1727 11.1101 19.2041 15.2491 17.0712 11.9821 15.4963 18.8734 16.9665 18.5164 20.7500 21.9629 21.6818 21.6192 21.6281 19.9751 21.5484 21.5877 21.4655 20.7909 20.8721 22.2656 21.4015 21.0210 20.2125 21.8797 22.0180 22.0038 20.9144 21.7713 21.7044 21.6655 20.5363 21.4852 21.4822 21.7688 21.5248 21.6137 21.5366 22.1713
5.6541 6.1327 5.2624 6.9330 5.2935 8.3221 4.8819 8.2665 5.7620 0.0000 6.7278 8.7141 7.8407 6.8533 3.5769 5.4421 5.6549 3.6628 7.2402 6.3458 5.8823 5.1125 10.4358 4.4841 5.6337 5.3496 7.6587 6.2240 7.1202 7.1966 20.7521 20.9590 19.8023 20.5144 19.8718 20.7338 19.7615 19.7048 20.1972 20.5698 19.6709 20.3063 20.8455 20.3123 19.6259 20.8664 20.7889 20.2667 20.0357 19.9498 19.9755 20.6017 19.3122 20.2637 20.2974 20.0165 19.2680 19.0182 20.6667 20.0167 15.7672 12.1779 13.9551 15.3403 14.6589 12.9640 15.0246 15.0126 12.5216 18.0680 13.1171 14.9864 19.7613 19.0158 14.6281 11.4670 15.3291 15.9959 16.6478 14.6391 12.9044 15.3537 18.1549 16.4724 15.2627 13.3434 14.2264 16.7655 17.4896 14.0833 13.2284 14.8972 18.5132 17.9669 18.4566 14.2761 7.1391 17.5756 15.4538 9.6347 13.9712 14.6916 12.7102 17.5408 15.5446 15.9769 16.6075 14.0488 10.8535 18.0167 16.8978 9.6228 17.9178 13.6943 15.7638 10.3536 13.9427 17.6697 15.5851 17.1982 19.6273 20.8544 20.5734 20.5461 20.5550 18.8897 20.4473 20.4735 20.3683 19.6285 19.8196 21.1785 20.3312 19.9305 19.1133 20.7868 20.9268 20.8933 19.8130 20.6712 20.5945 20.5839 19.4382 20.3831 20.3589 20.6639 20.4284 20.5133 20.4240 21.0768
5.2405 8.0189 6.8035 9.7033 6.9123 11.1317 6.2676 10.3238 4.2674 6.7278 0.0000 4.5718 4.1075 10.9001 6.2062 3.0822 5.1717 7.5467 7.0666 4.5914 10.0757 5.1590 13.4147 5.6730 4.3607 4.2070 8.4994 6.9035 5.1897 5.3631 23.3940 23.5498 22.4943 23.2002 22.5859 23.3969 22.4039 22.3826 22.8338 23.2098 22.2723 22.9297 23.4812 22.9404 22.2116 23.5438 23.4417 22.8597 22.7445 22.6036 22.6664 23.2402 21.9691 22.8674 22.9323 22.6471 22.0016 21.7611 23.2801 22.6949 18.2557 15.1833 16.7059 17.8387 17.3309 15.7817 17.9394 18.0495 15.5758 20.7474 16.4041 17.8055 22.4818 21.6867 16.9561 14.3800 18.1394 18.7622 19.4026 17.4483 14.6416 18.0965 20.6769 18.9626 18.2334 16.0201 17.1253 19.8666 20.1349 16.7166 16.0125 18.1034 21.2372 20.8436 21.3459 17.3831 11.5704 20.6607 18.7222 12.1622 16.8242 18.0148 16.3923 20.4637 18.6718 19.1141 19.5446 17.4341 14.0023 20.8685 19.9175 13.2852 20.9579 17.3013 18.9001 14.2164 17.4232 20.5848 18.8267 20.3186 22.3568 23.4988 23.2459 23.1602 23.1358 21.5893 23.0992 23.1474 23.0316 22.4240 22.3919 23.7949 22.9274 22.6119 21.7960 23.4303 23.5460 23.5595 22.4896 23.3138 23.2679 23.2133 22.0858 23.0394 23.0468 23.3166 23.0896 23.1761 23.1063 23.7033
6.8231 10.1106 8.9003 11.3439 8.2605 12.7003 8.5358 12.3760 6.9688 8.7141 4.5718 0.0000 4.2649 12.6888 8.1336 5.0858 7.8017 8.9193 8.9268 6.6805 11.9603 7.1913 14.8271 7.7846 6.0752 6.0950 10.1160 8.6803 6.6898 6.2870 24.5530 24.6699 23.6843 24.3717 23.7771 24.5502 23.5767 23.5537 24.0019 24.3595 23.4307 24.0694 24.6270 24.1148 23.3442 24.7161 24.6006 24.0069 23.9315 23.7727 23.8588 24.3830 23.1536 24.0244 24.0715 23.7992 23.2160 22.9723 24.4118 23.8705 19.4316 16.6440 18.0212 19.0898 18.6574 17.1839 19.3177 19.3398 17.0059 21.9976 17.8702 19.1328 23.6713 22.8792 18.2173 15.8379 19.3921 20.0201 20.6705 18.7338 15.7862 19.4240 21.8584 20.1629 19.5692 17.3449 18.4821 21.1861 21.3839 17.9833 17.4981 19.5683 22.4714 22.1217 22.5951 18.8378 13.2414 21.9792 20.1083 13.8673 18.1941 19.4480 17.9863 21.7804 20.0681 20.4822 20.8760 18.9322 15.6595 22.1258 21.2485 15.1056 22.2546 18.8170 20.2932 15.9523 18.8709 21.8898 20.2178 21.6684 23.5692 24.6630 24.4136 24.3087 24.2785 22.8269 24.2862 24.3135 24.1880 23.6458 23.5580 24.9232 24.1005 23.7955 22.9912 24.5875 24.6992 24.7363 23.6993 24.4700 24.4296 24.3809 23.2641 24.1982 24.2278 24.4621 24.2616 24.3491 24.2911 24.8553
6.3405 9.2671 8.1584 10.6072 7.1449 11.9393 8.0070 11.9328 6.2222 7.8407 4.1075 4.2649 0.0000 12.1869 7.1476 4.6504 7.5822 8.2711 8.6568 5.5390 11.3734 5.9442 14.2721 7.0100 5.0331 5.6080 9.1172 8.0897 5.5945 7.5966 24.2234 24.3417 23.3446 24.0402 23.4334 24.2235 23.2482 23.2135 23.6683 24.0355 23.0906 23.7396 24.3021 23.7839 23.0011 24.3840 24.2716 23.6793 23.5934 23.4355 23.5163 24.0511 22.8069 23.7050 23.7439 23.4593 22.8693 22.6148 24.0827 23.5379 19.0282 16.1674 17.5995 18.6822 18.2148 16.7037 18.9265 18.9564 16.5240 21.6218 17.4126 18.7504 23.3322 22.5346 17.8204 15.4082 18.9853 19.6375 20.2928 18.3614 15.3092 19.0046 21.5221 19.7975 19.1625 16.9428 18.0601 20.8021 21.0413 17.5813 17.1285 19.1703 22.1254 21.7621 22.2460 18.4241 12.7280 21.6048 19.7163 13.2838 17.7986 19.0284 17.5591 21.4246 19.6801 20.0949 20.4957 18.4984 15.1490 21.7719 20.8647 14.6034 21.8906 18.3936 19.9169 15.4486 18.4440 21.5073 19.8302 21.2868 23.2207 24.3311 24.0781 23.9718 23.9500 22.4699 23.9476 23.9795 23.8479 23.3024 23.2173 24.5962 23.7635 23.4493 22.6354 24.2599 24.3681 24.4033 23.3453 24.1430 24.0915 24.0525 22.9187 23.8616 23.8929 24.1270 23.9212 24.0126 23.9501 24.5216
8.6014 6.7030 6.3408 4.7385 7.8811 5.1356 7.3741 5.9606 8.6893 6.8533 10.9001 12.6888 12.1869 0.0000 7.3472 9.6050 8.1523 7.0487 7.3334 9.9102 3.0548 8.1608 8.7035 8.3390 9.2047 9.2136 10.2258 7.5192 9.9377 10.6413 18.1145 18.3662 17.0824 17.8316 17.1517 18.0877 17.1062 17.0592 17.5675 17.9538 17.0438 17.6999 18.2255 17.6772 17.0614 18.1852 18.1541 17.6122 17.3313 17.2988 17.2623 17.9926 16.6664 17.6188 17.6626 17.4010 16.5178 16.2686 18.0463 17.3065 13.2550 9.2546 11.0880 12.8242 11.9849 10.5400 11.9726 11.9374 10.0175 15.3348 9.9137 12.4191 17.0418 16.2751 12.3403 8.9695 12.5295 13.4144 13.8011 11.8362 11.4096 12.5590 15.6007 14.1038 12.3357 10.8147 11.3539 13.5586 14.7373 11.5072 10.4480 11.5322 15.6966 15.0930 15.4581 11.2219 4.0975 14.4758 12.1592 8.2608 11.0568 11.2294 8.4066 14.4901 12.3745 12.7403 13.5638 10.5601 7.1532 15.1171 13.8964 6.5551 14.7768 9.5589 12.4359 6.2166 10.5884 14.6769 12.2223 13.9459 16.9021 18.2255 17.9143 17.9663 17.9803 16.1644 17.8013 17.8213 17.7248 16.7972 17.2874 18.5700 17.7708 17.2205 16.4492 18.1484 18.3155 18.2503 17.1425 18.0458 17.9362 17.9628 16.7784 17.7212 17.6770 18.0259 17.7749 17.8578 17.7616 18.4741
5.7993 5.4037 4.8993 7.3217 5.6831 7.8802 5.4823 8.1195 5.3207 3.5769 6.2062 8.1336 7.1476 7.3472 0.0000 5.2368 5.6055 4.5671 6.8803 5.7275 6.1871 4.0768 10.4359 5.1712 4.7200 5.4168 6.9925 6.0485 6.1666 7.0050 20.8353 21.0591 19.8876 20.6115 19.9520 20.8363 19.8490 19.7838 20.2704 20.6726 19.7227 20.3925 20.9410 20.3874 19.6497 20.9700 20.8790 20.3299 20.1210 20.0172 20.0542 20.7104 19.3514 20.3608 20.3999 20.0785 19.3364 19.0932 20.7395 20.0986 15.7628 12.1542 13.9950 15.2193 14.6692 12.9291 15.1368 15.1211 12.5187 18.0973 13.1704 15.0088 19.8647 19.0750 14.5188 11.5415 15.3784 16.0369 16.7147 14.7785 12.5746 15.3367 18.2790 16.5706 15.3731 13.3711 14.2544 16.8920 17.6086 13.9667 13.2645 14.9487 18.6215 18.0532 18.5834 14.3026 7.4217 17.7006 15.5652 9.2841 14.0290 14.8186 12.7919 17.7097 15.7757 16.0896 16.6347 14.1596 10.8357 18.1125 17.0685 9.7718 18.0536 13.8557 15.8705 10.6131 14.1155 17.7557 15.7297 17.3166 19.7108 20.9463 20.6692 20.6001 20.6165 18.9343 20.5353 20.5749 20.4494 19.7233 19.8575 21.2616 20.3763 20.0071 19.1503 20.8780 21.0312 20.9871 19.8830 20.7650 20.6877 20.6546 19.5435 20.4711 20.4563 20.7600 20.5147 20.6002 20.5109 21.1646
4.2957 6.5790 5.6997 8.6588 5.9169 10.1065 4.6892 8.9794 3.7158 5.4421 3.0822 5.0858 4.6504 9.6050 5.2368 0.0000 4.9332 6.3483 6.2047 3.8735 8.7669 3.9025 12.4357 3.9045 3.2820 4.0359 8.1055 5.5777 5.1458 5.1842 22.5488 22.7104 21.6323 22.3454 21.7187 22.5437 21.5534 21.5177 21.9899 22.3616 21.4248 22.0767 22.6313 22.0976 21.3547 22.6937 22.5965 22.0202 21.8819 21.7520 21.8068 22.3923 21.1062 22.0315 22.0780 21.7841 21.1210 20.8804 22.4319 21.8289 17.3943 14.2103 15.7794 16.9650 16.4376 14.8222 16.9870 17.0345 14.6050 19.8724 15.3652 16.8771 21.6159 20.8203 16.1691 13.3470 17.1927 17.8496 18.4954 16.4983 13.9611 17.1800 19.8441 18.1282 17.2791 15.0971 16.1751 18.8841 19.2559 15.8160 15.1083 17.0573 20.3588 19.9226 20.4216 16.3510 10.0913 19.6966 17.6941 11.3389 15.8440 16.9702 15.2462 19.5422 17.6894 18.1163 18.5945 16.3885 13.0319 19.9517 18.9611 12.0966 20.0039 16.1821 17.9172 13.0183 16.3368 19.6594 17.8010 19.3434 21.4857 22.6591 22.3909 22.3120 22.2977 20.7268 22.2574 22.2909 22.1706 21.5366 21.5542 22.9491 22.0945 21.7454 20.9299 22.5849 22.7095 22.7109 21.6392 22.4664 22.4129 22.3700 21.2320 22.1863 22.1908 22.4620 22.2398 22.3263 22.2536 22.8612
4.9838 6.6988 5.0874 7.5953 6.9922 9.5995 4.8865 7.5550 4.0989 5.6549 5.1717 7.8017 7.5822 8.1523 5.6055 4.9332 0.0000 6.7680 5.8869 5.7048 7.4626 5.5349 11.6131 5.3673 5.5622 4.7237 8.1086 6.3375 6.3367 5.3995 21.6594 21.8679 20.7047 21.4316 20.7976 21.6573 20.6429 20.6143 21.0935 21.4753 20.5522 21.2097 21.7659 21.1949 20.5236 21.7872 21.6982 21.1432 20.9515 20.8448 20.8905 21.5181 20.2013 21.1135 21.2059 20.9227 20.1873 19.9494 21.5677 20.9200 16.6030 13.1858 14.8379 16.1235 15.5448 13.9163 15.9502 16.1178 13.7189 18.9467 14.2514 15.8845 20.6984 19.9269 15.1978 12.4001 16.3552 16.9704 17.5512 15.5937 13.3016 16.2054 18.9434 17.2604 16.2543 14.1457 15.1861 17.8604 18.2949 14.9571 13.9251 15.9313 19.4117 18.9250 19.4641 15.2376 8.9395 18.6739 16.6254 10.3861 14.8274 15.8795 13.9700 18.4898 16.5982 17.0782 17.6116 15.2126 11.7130 18.9919 17.9491 10.7963 18.9868 14.9630 16.8064 11.7117 15.2579 18.6779 16.6980 18.2919 20.5581 21.7613 21.4956 21.4569 21.4496 19.7829 21.3486 21.3997 21.3066 20.5931 20.6836 22.1093 21.2059 20.8469 20.0426 21.7038 21.8298 21.8231 20.7103 21.5786 21.5274 21.4787 20.3386 21.3040 21.2877 21.6053 21.3371 21.4242 21.3430 22.0027
6.6503 6.8127 6.1489 6.8019 6.1089 8.4551 5.9005 8.6735 7.3736 3.6628 7.5467 8.9193 8.2711 7.0487 4.5671 6.3483 6.7680 0.0000 7.4272 7.4574 6.0332 5.9732 10.7225 6.3320 6.3299 6.2101 8.7367 6.5863 7.4588 8.5821 20.8665 21.0525 19.9172 20.6355 20.0004 20.8487 19.8548 19.8405 20.3023 20.6780 19.7756 20.4056 20.9531 20.4089 19.7288 20.9854 20.9081 20.3506 20.1714 20.0667 20.0932 20.7240 19.4502 20.3393 20.4015 20.1385 19.4093 19.1656 20.7703 20.1411 15.8455 12.3696 14.0530 15.4926 14.8392 13.3177 15.1997 15.0801 12.6636 18.2482 13.3251 15.1137 19.8800 19.0975 14.7321 11.6443 15.4138 16.0866 16.7686 14.7365 12.9812 15.5408 18.2513 16.5253 15.4538 13.4227 14.3435 16.9167 17.5994 14.1863 13.4764 15.1527 18.6118 18.1469 18.5692 14.5002 7.4977 17.7097 15.5663 10.4021 14.1352 14.8746 12.9175 17.6152 15.6592 16.1253 16.7802 14.2406 11.2293 18.1312 17.0572 10.1500 18.0405 13.8519 15.9069 10.7562 14.1052 17.8374 15.7241 17.3487 19.7607 20.9651 20.6896 20.6505 20.6247 19.0329 20.5610 20.5904 20.4843 19.7433 19.9219 21.2739 20.4507 20.0594 19.2369 20.8909 21.0343 21.0059 19.9601 20.7776 20.7118 20.6861 19.5602 20.4907 20.4618 20.7708 20.5546 20.6360 20.5539 21.1827
6.6828 6.5195 5.9562 7.4262 7.8544 8.1803 5.6601 6.6622 6.1325 7.2402 7.0666 8.9268 8.6568 7.3334 6.8803 6.2047 5.8869 7.4272 0.0000 7.4274 7.4871 5.9330 11.6369 6.3390 6.2973 6.9248 9.5417 4.6645 5.8189 8.0790 20.6284 20.8023 19.6724 20.4021 19.7653 20.6197 19.6193 19.6153 20.0775 20.4530 19.4986 20.1767 20.7183 20.1607 19.4738 20.7419 20.6805 20.0843 19.9383 19.8328 19.8453 20.4931 19.1974 20.0894 20.1593 19.8777 19.1464 18.9066 20.5204 19.8567 15.5306 12.1528 13.7572 15.0871 14.4490 13.0978 14.8497 14.9252 12.8029 17.9061 13.1760 15.0345 19.6452 18.8215 14.4136 11.5700 15.1550 15.9352 16.4344 14.5060 12.4576 15.1803 17.9253 16.3296 15.2461 13.1850 14.1749 16.6624 17.1768 13.9114 12.9900 14.6979 18.3205 17.8806 18.3063 14.2620 8.8407 17.5597 15.5111 10.1865 13.7595 14.6906 12.5625 17.3214 15.4417 15.8764 16.4342 14.1050 10.6390 17.8876 16.8523 10.1149 17.7930 13.5610 15.5826 10.5728 14.1780 17.5254 15.5152 17.0775 19.5118 20.7326 20.4611 20.4278 20.3866 18.7394 20.3184 20.3520 20.2408 19.4946 19.7120 21.0369 20.2069 19.7798 18.9880 20.6520 20.7851 20.7718 19.6998 20.5537 20.4796 20.4380 19.2847 20.2331 20.2273 20.5315 20.3054 20.3873 20.3178 20.9590
5.5431 6.5456 6.2801 9.2611 6.7916 9.8478 5.7148 9.5869 3.9581 6.3458 4.5914 6.6805 5.5390 9.9102 5.7275 3.8735 5.7048 7.4574 7.4274 0.0000 9.0597 4.4712 12.3796 4.8083 4.1390 4.6675 8.1814 6.6061 5.7998 5.6521 22.4619 22.6361 21.5451 22.2541 21.6153 22.4591 21.4953 21.4182 21.9117 22.2858 21.3481 21.9925 22.5505 22.0254 21.2432 22.6069 22.5056 21.9410 21.7824 21.6652 21.7157 22.3036 20.9969 21.9878 21.9988 21.6726 21.0224 20.7768 22.3317 21.7461 17.3586 14.1972 15.7910 16.9178 16.4511 14.7063 17.0228 16.9626 14.7538 19.7854 15.2539 16.8158 21.5312 20.7481 16.1731 13.5132 17.1678 17.8458 18.4346 16.4998 13.9790 17.0912 19.8616 18.1865 17.2107 15.1123 16.1500 18.7870 19.2983 15.7827 15.0938 16.9296 20.3460 19.8352 20.3444 16.2383 10.1208 19.6017 17.6453 11.2277 15.8632 16.8573 15.1099 19.5293 17.7149 18.0449 18.4694 16.2852 12.9629 19.9162 18.8698 11.9518 19.9171 16.0822 17.8572 12.8887 16.2664 19.5689 17.7565 19.2469 21.3986 22.5809 22.2919 22.2015 22.2218 20.6249 22.1719 22.2051 22.0598 21.4444 21.4509 22.8466 22.0118 21.6356 20.8208 22.4943 22.6345 22.6285 21.5351 22.3859 22.3099 22.2828 21.1896 22.0981 22.1130 22.3634 22.1358 22.2346 22.1552 22.7605
7.8767 5.4310 5.5413 4.6232 7.2659 6.2192 6.5096 5.2955 7.9183 5.8823 10.0757 11.9603 11.3734 3.0548 6.1871 8.7669 7.4626 6.0332 7.4871 9.0597 0.0000 7.1163 8.3662 7.4315 8.3546 8.5339 9.4410 7.4003 9.7091 9.9433 18.7025 18.9634 17.7023 18.4260 17.7606 18.6801 17.7117 17.6488 18.1599 18.5464 17.6474 18.2892 18.8134 18.2630 17.6336 18.7833 18.7366 18.2184 17.9226 17.8844 17.8724 18.5775 17.2341 18.2255 18.2636 17.9805 17.1266 16.8876 18.6262 17.9184 13.8482 9.9714 11.8296 13.3754 12.6968 11.0342 12.7263 12.6258 10.4791 15.9363 10.6520 12.9013 17.6581 16.9010 12.8511 9.5536 13.2405 13.9806 14.4615 12.5625 11.8411 13.1694 16.2180 14.6806 13.0551 11.4363 11.9507 14.2813 15.4245 12.1270 11.1719 12.2810 16.3659 15.7061 16.1602 11.7573 3.2923 15.1168 12.7751 8.5255 11.6875 12.0253 9.4397 15.2366 13.2047 13.4602 14.2448 11.3515 8.2338 15.7540 14.6123 7.1753 15.4975 10.5712 13.1924 7.3842 11.2563 15.3868 12.9602 14.6990 17.5023 18.8170 18.5080 18.5204 18.5575 16.7698 18.3962 18.4222 18.3118 17.4296 17.8305 19.1554 18.3329 17.8268 17.0396 18.7396 18.9083 18.8348 17.7493 18.6351 18.5244 18.5428 17.4161 18.3241 18.2792 18.6206 18.3624 18.4490 18.3570 19.0602
4.9797 4.5547 4.4643 7.3183 5.8283 8.3614 4.6009 7.3160 3.9514 5.1125 5.1590 7.1913 5.9442 8.1608 4.0768 3.9025 5.5349 5.9732 5.9330 4.4712 7.1163 0.0000 11.1707 4.2817 3.4538 5.1285 7.6877 4.7671 5.4140 6.6500 21.4799 21.6767 20.5383 21.2622 20.6114 21.4794 20.4876 20.4265 20.9167 21.3067 20.3479 21.0181 21.5735 21.0271 20.2717 21.6199 21.5265 20.9552 20.7790 20.6689 20.7089 21.3357 19.9960 20.9881 21.0224 20.7007 19.9989 19.7490 21.3668 20.7428 16.3132 12.9130 14.6334 15.7975 15.2980 13.6134 15.7974 15.8116 13.3235 18.7545 13.9889 15.6943 20.5223 19.7145 15.0976 12.1645 16.0542 16.7200 17.3451 15.3582 13.0682 15.9660 18.8461 17.1397 16.0820 13.9926 14.9425 17.6378 18.1907 14.6312 13.9183 15.7150 19.2612 18.7663 19.2703 15.0444 8.3476 18.4717 16.3845 10.0766 14.6516 15.6224 13.7266 18.3973 16.4948 16.8626 17.3914 15.0143 11.5941 18.8099 17.7811 10.6292 18.7942 14.7456 16.6556 11.5215 14.9693 18.4638 16.5152 18.0887 20.3780 21.5954 21.3148 21.2332 21.2449 19.5951 21.1843 21.2206 21.0862 20.4085 20.4806 21.8920 21.0203 20.6474 19.8038 21.5183 21.6606 21.6404 20.5332 21.4061 21.3312 21.2983 20.1749 21.1129 21.1128 21.3979 21.1542 21.2485 21.1637 21.8003
11.6999 9.8654 10.1587 9.3880 11.0390 9.6302 11.0416 10.1572 11.6150 10.4358 13.4147 14.8271 14.2721 8.7035 10.4359 12.4357 11.6131 10.7225 11.6369 12.3796 8.3662 11.1707 0.0000 11.4842 11.9929 12.1796 8.7955 11.5923 13.1409 13.1875 15.1775 15.4216 14.1479 14.8922 14.2420 15.1221 14.1337 14.1304 14.6247 15.0119 14.1211 14.7558 15.2651 14.7117 14.1004 15.2241 15.2081 14.7099 14.4041 14.3690 14.3744 15.0401 13.7445 14.7162 14.6977 14.4605 13.5661 13.4614 15.0928 14.3079 9.9944 7.8797 8.6062 10.3769 8.9387 8.6866 9.7910 8.6364 7.3777 12.4376 9.2531 8.9567 14.1205 13.2684 9.6325 7.2123 10.0929 9.9580 10.7795 8.8109 9.7577 9.5287 12.7149 11.2698 9.9183 8.5781 8.1913 11.2939 11.6825 8.8878 7.8673 8.8095 12.7542 11.7531 12.1330 7.8749 8.5071 10.6883 9.6522 5.3048 8.7410 10.2789 11.8804 11.6882 9.5327 9.5160 10.8309 10.2765 7.7725 11.8042 11.1964 10.6127 11.3562 10.0803 9.9977 10.6067 6.6621 11.0414 9.7343 11.3596 13.9243 15.3088 14.9340 14.9448 15.0152 13.3843 14.8389 14.8614 14.7621 13.7071 14.2559 15.6041 14.7954 14.2196 13.5596 15.1777 15.3777 15.2665 14.2345 15.0995 14.9666 14.9721 14.0046 14.7831 14.7157 15.0480 14.8233 14.9254 14.8003 15.5158
4.8324 5.3703 5.5026 8.2058 6.1802 9.5156 3.1617 7.5994 3.9973 4.4841 5.6730 7.7846 7.0100 8.3390 5.1712 3.9045 5.3673 6.3320 6.3390 4.8083 7.4315 4.2817 11.4842 0.0000 4.4371 5.4904 8.2527 5.2861 6.4852 5.9167 21.5152 21.6954 20.5810 21.2911 20.6549 21.4970 20.5232 20.4751 20.9669 21.3294 20.4317 21.0587 21.6021 21.0686 20.3712 21.6343 21.5545 21.0312 20.8209 20.7166 20.7531 21.3560 20.0846 21.0170 21.0538 20.7722 20.0512 19.8189 21.4148 20.7818 16.5361 13.1818 14.8418 16.1692 15.4995 13.8192 15.8994 15.9286 13.6400 18.8399 14.1501 15.8645 20.5486 19.8162 15.4263 12.4092 16.2175 16.8546 17.4471 15.4889 13.5943 16.1752 18.8715 17.2555 16.1561 14.1765 15.1782 17.6720 18.2419 14.9222 14.0624 15.7222 19.3229 18.7748 19.2973 15.0885 8.4974 18.4808 16.4462 10.4922 14.8012 15.6822 13.7868 18.4135 16.4864 16.8856 17.4615 15.0723 11.9602 18.8477 17.7627 10.5994 18.8105 14.7790 16.6800 11.5234 15.0249 18.5108 16.5447 18.1118 20.4080 21.6199 21.3374 21.3033 21.3068 19.6749 21.2099 21.2352 21.1318 20.4371 20.5670 21.9330 21.0764 20.6970 19.8993 21.5488 21.6799 21.6512 20.5811 21.4303 21.3638 21.3391 20.1939 21.1489 21.1347 21.4217 21.1947 21.2751 21.1949 21.8303
4.2581 5.9237 5.4208 8.2140 5.2518 9.4646 4.6496 8.6458 4.2438 5.6337 4.3607 6.0752 5.0331 9.2047 4.7200 3.2820 5.5622 6.3299 6.2973 4.1390 8.3546 3.4538 11.9929 4.4371 0.0000 4.9117 7.7667 5.3710 4.8553 6.3055 22.2304 22.3959 21.2993 22.0266 21.3829 22.2280 21.2232 21.1878 21.6649 22.0471 21.0963 21.7517 22.3181 21.7739 21.0175 22.3777 22.2801 21.6995 21.5582 21.4236 21.4746 22.0791 20.7696 21.7156 21.7626 21.4592 20.7899 20.5424 22.1125 21.5069 17.0081 13.7751 15.3794 16.6081 16.0384 14.4090 16.6331 16.6529 14.2090 19.5292 14.9362 16.4898 21.2904 20.4829 15.7793 12.9749 16.8018 17.4681 18.1312 16.1501 13.6240 16.7911 19.5156 17.7838 16.9074 14.6892 15.7825 18.5169 18.9334 15.4067 14.7573 16.6578 20.0368 19.5840 20.0776 15.9397 9.6071 19.3379 17.3041 10.9097 15.4751 16.5726 14.7894 19.2071 17.3325 17.7497 18.2196 15.9541 12.6156 19.6055 18.6027 11.6953 19.6472 15.7470 17.5364 12.5723 15.9218 19.2961 17.4262 18.9718 21.1523 22.3395 22.0668 21.9815 21.9675 20.3798 21.9300 21.9690 21.8441 21.2010 21.2121 22.6312 21.7629 21.4122 20.5838 22.2661 22.3934 22.3931 21.2970 22.1488 22.0901 22.0428 20.9066 21.8594 21.8655 22.1413 21.9145 22.0019 21.9261 22.5391
4.6315 7.4457 5.7955 7.7395 5.9892 9.4980 6.0681 9.6505 4.8210 5.3496 4.2070 6.0950 5.6080 9.2136 5.4168 4.0359 4.7237 6.2101 6.9248 4.6675 8.5339 5.1285 12.1796 5.4904 4.9117 0.0000 8.3796 6.6495 6.0923 6.2016 22.4315 22.5721 21.4931 22.2293 21.5883 22.4262 21.4111 21.3892 21.8606 22.2381 21.2905 21.9445 22.5167 21.9681 21.2293 22.5774 22.4801 21.8847 21.7672 21.6193 21.6733 22.2647 20.9812 21.8807 21.9418 21.6672 21.0100 20.7585 22.3029 21.7092 17.1733 13.9415 15.5476 16.8311 16.2351 14.7230 16.8450 16.8391 14.4361 19.7575 15.2213 16.7064 21.4851 20.6792 15.9204 13.1705 17.0326 17.6844 18.3199 16.2583 13.6811 17.0059 19.6609 17.9170 17.0911 14.8749 15.9713 18.7432 19.1067 15.6110 14.8995 16.9632 20.2098 19.7978 20.2833 16.2151 9.8021 19.5710 17.5593 11.2767 15.6904 16.8140 15.0680 19.3624 17.4954 17.9783 18.4693 16.2048 12.7850 19.8164 18.8004 11.9832 19.8677 15.9881 17.7488 12.8462 16.2052 19.5243 17.6506 19.2098 21.3612 22.5398 22.2609 22.1920 22.1591 20.5917 22.1220 22.1642 22.0449 21.4124 21.3999 22.8263 21.9725 21.6159 20.7941 22.4601 22.5829 22.5979 21.4981 22.3369 22.2894 22.2427 21.0797 22.0541 22.0666 22.3334 22.1113 22.1989 22.1316 22.7314
8.4296 8.8191 7.8718 10.0696 8.2669 10.6757 8.4669 10.4629 7.7976 7.6587 8.4994 10.1160 9.1172 10.2258 6.9925 8.1055 8.1086 8.7367 9.5417 8.1814 9.4410 7.6877 8.7955 8.2527 7.7667 8.3796 0.0000 9.1335 8.5551 9.0899 19.7948 20.0023 18.8760 19.5998 18.9531 19.8020 18.8316 18.7861 19.2515 19.6503 18.6742 19.3770 19.8911 19.3534 18.6267 19.9213 19.8483 19.2971 19.1165 19.0096 19.0410 19.6592 18.3199 19.3560 19.3611 19.0502 18.3077 18.1080 19.7073 19.0354 14.4713 11.7118 12.9003 14.0195 13.2823 11.8648 14.2314 14.1689 11.4401 16.9244 13.0191 13.8962 18.8574 17.9944 13.3846 10.6799 14.3942 14.7915 15.6135 13.6654 11.2481 14.0875 17.1061 15.3979 14.5399 12.5656 13.0867 16.2775 16.3492 12.9380 12.4096 14.2008 17.5181 16.8824 17.4692 13.6541 10.6259 16.5513 14.9853 8.0885 13.0781 14.7884 14.9400 16.8110 14.8772 15.1760 15.7193 14.2665 10.7183 16.9926 16.1260 12.1417 16.9942 14.5006 15.1961 12.8884 13.1167 16.4999 15.0685 16.5243 18.6563 19.9127 19.6208 19.5378 19.5766 17.9247 19.4650 19.5311 19.4038 18.6810 18.7931 20.2045 19.3170 18.9333 18.1431 19.8312 19.9524 19.9252 18.8108 19.7337 19.6468 19.6062 18.4798 19.4216 19.4288 19.7050 19.4627 19.5555 19.4599 20.1065
5.8374 5.7419 5.7503 7.6529 6.7585 8.0688 4.7810 7.0630 5.6375 6.2240 6.9035 8.6803 8.0897 7.5192 6.0485 5.5777 6.3375 6.5863 4.6645 6.6061 7.4003 4.7671 11.5923 5.2861 5.3710 6.6495 9.1335 0.0000 5.9366 7.8621 20.7424 20.9238 19.7880 20.5153 19.8840 20.7282 19.7236 19.7033 20.1838 20.5491 19.6000 20.2731 20.8408 20.2806 19.5632 20.8676 20.7917 20.2117 20.0448 19.9433 19.9722 20.6126 19.2998 20.2016 20.2776 19.9741 19.2539 18.9916 20.6342 19.9746 15.6501 12.2455 13.8683 15.3045 14.6124 13.0251 14.9959 15.0379 12.7895 18.0602 13.1791 15.0900 19.7703 18.9606 14.5710 11.5067 15.2266 16.0644 16.5799 14.5977 12.7448 15.3266 18.0695 16.4292 15.3005 13.2110 14.3260 16.8016 17.3433 14.0719 13.0921 14.8301 18.4703 18.0430 18.4437 14.3729 8.6978 17.6950 15.6882 10.1246 13.9154 14.7766 12.7536 17.4775 15.4841 16.0249 16.6042 14.1941 10.7920 18.0713 16.9354 10.0303 17.9193 13.7451 15.7762 10.5118 14.2116 17.6606 15.6723 17.2008 19.6394 20.8500 20.5807 20.5428 20.5175 18.8590 20.4540 20.4652 20.3593 19.6180 19.8335 21.1698 20.3188 19.9131 19.0920 20.7752 20.9116 20.9056 19.8186 20.6668 20.6034 20.5614 19.4058 20.3607 20.3474 20.6653 20.4285 20.5129 20.4243 21.0835
6.7953 7.9303 7.1151 9.5356 7.5649 9.6655 6.9123 9.9600 5.7393 7.1202 5.1897 6.6898 5.5945 9.9377 6.1666 5.1458 6.3367 7.4588 5.8189 5.7998 9.7091 5.4140 13.1409 6.4852 4.8553 6.0923 8.5551 5.9366 0.0000 7.2522 22.3913 22.5565 21.4705 22.1909 21.5537 22.3950 21.4099 21.3667 21.8300 22.2144 21.2518 21.9212 22.4849 21.9432 21.1821 22.5360 22.4373 21.8537 21.7266 21.5922 21.6408 22.2517 20.9387 21.8807 21.9320 21.6245 20.9678 20.7139 22.2655 21.6613 17.2446 14.0128 15.6369 16.7345 16.1539 14.6930 16.8307 16.9684 14.5790 19.7039 15.1649 16.7800 21.4672 20.6483 15.9738 13.3963 17.0204 17.7001 18.3417 16.4176 13.5587 16.9635 19.7341 17.9953 17.1451 14.9362 16.0666 18.7443 19.0877 15.6174 14.9305 16.8966 20.2002 19.7901 20.2664 16.3207 11.0536 19.5847 17.6584 11.1774 15.7560 16.8373 15.0839 19.3710 17.5525 17.9929 18.3974 16.2272 12.7144 19.8099 18.8305 12.1669 19.8284 16.0024 17.7783 12.8831 16.3075 19.4557 17.6951 19.1572 21.3267 22.4913 22.2304 22.1471 22.1288 20.5372 22.0868 22.1319 22.0054 21.3706 21.3986 22.7820 21.9260 21.5702 20.7481 22.4284 22.5471 22.5548 21.4529 22.3144 22.2530 22.2045 21.0651 22.0159 22.0351 22.3055 22.0695 22.1582 22.0809 22.6946
6.6372 8.0374 7.4920 10.5870 8.6146 11.3536 6.4898 10.0147 5.0897 7.1966 5.3631 6.2870 7.5966 10.6413 7.0050 5.1842 5.3995 8.5821 8.0790 5.6521 9.9433 6.6500 13.1875 5.9167 6.3055 6.2016 9.0899 7.8621 7.2522 0.0000 22.7148 22.9299 21.8113 22.4967 21.8797 22.7150 21.7639 21.7017 22.1719 22.5452 21.6675 22.2887 22.8166 22.2880 21.6025 22.8434 22.7489 22.2363 22.0318 21.9331 21.9830 22.5814 21.3117 22.2445 22.2928 21.9980 21.2944 21.0823 22.6325 22.0175 17.9604 14.7329 16.3731 17.4691 16.9258 15.2766 17.3551 17.5061 15.2333 20.1126 15.6942 17.2532 21.7924 21.0828 16.6669 14.0580 17.6886 18.2687 18.8471 17.0254 14.8189 17.5557 20.2146 18.6155 17.5889 15.6654 16.6419 19.1141 19.6064 16.3362 15.4055 17.2127 20.6261 20.1050 20.6314 16.6099 11.0423 19.8761 17.9730 11.6856 16.3174 17.2218 15.4598 19.7959 18.0249 18.3632 18.8013 16.6218 13.4389 20.1862 19.1790 12.3332 20.1944 16.4489 18.1448 13.3178 16.6589 19.8597 18.0586 19.5213 21.6607 22.8158 22.5572 22.5093 22.5239 20.9176 22.4216 22.4659 22.3677 21.7049 21.7692 23.1391 22.2700 21.9335 21.1579 22.7590 22.8966 22.8649 21.7953 22.6443 22.5831 22.5461 21.4731 22.3879 22.3699 22.6578 22.4071 22.4905 22.4053 23.0325
22.0347 20.0284 20.1265 19.7864 21.6051 18.0784 21.1289 19.6455 21.8440 20.7521 23.3940 24.5530 24.2234 18.1145 20.8353 22.5488 21.6594 20.8665 20.6284 22.4619 18.7025 21.4799 15.1775 21.5152 22.2304 22.4315 19.7948 20.7424 22.3913 22.7148 0.0000 0.9577 1.5458 0.9399 1.5778 0.5663 1.5829 1.5841 0.9797 0.7101 1.7478 0.9912 0.5752 0.8535 2.1458 0.6883 0.3633 0.9289 1.5087 1.2337 1.3108 0.7516 2.1926 1.0988 1.0633 1.6570 2.4189 2.8302 0.8609 1.5558 8.4923 11.2184 10.0124 7.3666 9.4152 9.7230 8.7527 9.5105 11.0301 3.5192 10.9807 8.8807 1.6263 2.7348 8.2516 11.7547 8.6542 8.0385 7.6408 9.0971 11.5190 8.6916 3.6715 5.5043 7.5737 10.1791 9.5345 7.9545 7.4197 9.6365 11.4267 10.7198 3.1929 7.1039 7.1360 11.1856 18.3874 9.6974 8.6153 15.3031 9.6436 10.6688 15.2574 7.3270 10.2578 10.0692 7.8105 10.7856 14.2403 7.0483 7.8632 16.1919 9.6310 12.7532 10.2524 15.8160 12.3924 9.6604 10.2856 8.5038 1.7586 0.5022 0.6453 0.8517 1.1369 2.7198 1.0014 0.6501 0.8934 3.3651 1.8914 0.9098 1.1410 1.3939 2.4722 0.4876 0.7141 0.7815 1.7481 0.4439 0.6948 0.8856 1.9631 0.7530 0.9482 0.8409 0.6521 0.5474 0.7979 0.8675
22.1824 20.2839 20.3338 19.9615 21.7386 18.3301 21.3166 19.9109 22.0339 20.9590 23.5498 24.6699 24.3417 18.3662 21.0591 22.7104 21.8679 21.0525 20.8023 22.6361 18.9634 21.6767 15.4216 21.6954 22.3959 22.5721 20.0023 20.9238 22.5565 22.9299 0.9577 0.0000 2.1719 1.5631 2.2541 0.9136 2.0345 2.1322 1.6246 0.9494 2.0485 1.2108 0.7009 1.3605 2.3945 1.1912 1.1258 1.3055 2.1560 1.8448 1.9657 0.9016 2.6547 1.3928 1.1626 1.9531 2.9348 3.3495 1.0113 1.9340 8.6159 11.5304 10.2729 7.6426 9.6753 10.0471 9.0354 9.7692 11.3330 3.8973 11.3748 9.1795 2.2061 3.0716 8.5229 12.0051 8.8930 8.2657 7.8794 9.2738 11.7054 9.0011 3.7080 5.6164 7.9881 10.4676 9.8153 8.3270 7.5733 9.9289 11.7392 11.1334 3.5028 7.4079 7.3657 11.5399 18.6708 10.0560 8.9592 15.5968 9.8939 11.0892 15.6227 7.5999 10.5681 10.4172 8.1128 11.2114 14.5888 7.3115 8.1778 16.5202 9.9616 13.1270 10.6151 16.1577 12.7411 9.9918 10.6619 8.9144 2.3279 1.1098 1.1223 1.1725 1.1551 3.2353 1.4631 1.1073 1.1856 3.7491 2.1914 0.6940 1.6491 1.8641 2.9364 0.8798 0.7480 1.1160 2.3723 0.8818 1.1828 1.2217 2.0868 1.1094 1.4729 0.8845 1.3058 1.1870 1.5325 1.0009
21.0949 19.0575 19.1664 18.7894 20.6822 17.0346 20.1875 18.6824 20.9169 19.8023 22.4943 23.6843 23.3446 17.0824 19.8876 21.6323 20.7047 19.9172 19.6724 21.5451 17.7023 20.5383 14.1479 20.5810 21.2993 21.4931 18.8760 19.7880 21.4705 21.8113 1.5458 2.1719 0.0000 1.3153 0.6160 1.6197 0.8464 0.7946 0.8807 1.5611 1.3050 1.3281 1.8740 1.1447 1.7060 1.6817 1.5397 1.2643 1.1271 0.7382 0.6824 1.7309 1.4221 1.2455 1.4826 1.5339 1.4458 1.7469 1.6799 1.3397 7.5653 10.0809 8.8696 6.4489 8.3063 8.6893 7.7589 8.4195 9.9613 2.7241 9.8538 7.7843 1.0378 2.0213 7.1841 10.6556 7.6389 7.0556 6.6631 8.0548 10.5123 7.5878 3.0800 4.5957 6.2507 8.9523 8.4213 6.9673 6.6416 8.4968 10.2829 9.5508 2.4555 6.2740 6.3885 10.0659 17.3706 8.7204 7.6342 14.2530 8.6052 9.5694 14.3057 6.3816 9.1560 9.0151 6.8719 9.6660 13.1089 6.2362 6.8554 15.2355 8.6877 11.7287 9.1909 14.8082 11.2736 8.6850 9.2146 7.4611 0.9520 1.6649 1.4046 1.6314 1.8424 1.7242 1.4400 1.3076 1.4387 2.6624 1.6442 2.2536 1.4549 0.9538 1.5204 1.6645 1.9998 1.8908 1.0333 1.5214 1.5309 1.5964 1.6969 1.2939 1.1176 1.7500 1.2240 1.2642 1.0315 2.0494
21.8216 19.7842 19.8923 19.5358 21.3975 17.8007 20.9052 19.3926 21.6314 20.5144 23.2002 24.3717 24.0402 17.8316 20.6115 22.3454 21.4316 20.6355 20.4021 22.2541 18.4260 21.2622 14.8922 21.2911 22.0266 22.2293 19.5998 20.5153 22.1909 22.4967 0.9399 1.5631 1.3153 0.0000 1.1949 0.8053 1.4738 1.3231 1.0100 0.9508 1.6937 1.1582 1.1714 1.1297 2.1725 0.7302 0.7727 1.1103 0.7690 1.0581 1.1082 0.9838 2.0211 1.3436 0.9475 1.7245 1.8483 2.2912 1.1243 1.1498 8.0499 10.8112 9.5506 7.1976 8.9700 9.5170 8.2523 9.0003 10.6248 3.3796 10.5163 8.4250 1.1860 2.3568 8.1760 11.4099 8.1330 7.5265 7.0817 8.6646 11.3871 8.2264 3.7710 5.4549 7.0885 9.7268 9.0593 7.2480 6.8896 9.2017 11.0034 10.2355 3.0534 6.4933 6.5267 10.6982 18.1081 9.1353 8.0310 15.0293 9.2143 10.1132 14.8561 6.6903 9.7352 9.5340 7.2273 10.3237 13.8892 6.4298 7.2362 15.8296 9.0631 12.2867 9.7109 15.4456 11.9832 9.1223 9.7313 7.8769 1.5056 1.0685 0.9437 1.3944 1.7593 2.5842 1.5316 0.8877 1.0158 2.6567 2.2391 1.5510 1.6730 1.1834 2.3377 1.0721 1.4495 1.3554 1.6842 1.0770 0.6911 1.5193 1.9958 0.9705 0.7708 1.1402 0.8376 0.9400 0.9271 1.5613
