0.0000 7.7116 6.9971 5.2843 5.1099 8.2431 8.2603 10.0592 6.8353 6.0924 6.2507 6.4834 5.3281 9.0048 6.6115 6.5723 7.1306 6.6882 9.4693 4.8296 11.5351 4.1176 11.6564 6.2891 5.9423 6.6623 7.6027 6.6134 5.9675 8.4906 27.8722 29.3738 29.7849 28.9575 28.9858 29.8879 28.0322 29.9369 28.0736 28.7451 26.9809 29.2622 28.9502 26.9049 27.6369 27.7260 28.4408 28.2881 28.1115 27.5819 29.4566 27.7300 27.8000 27.8042 27.6030 28.0412 28.4449 27.5056 31.3480 29.2298 13.9696 12.5515 13.0195 12.9029 13.9915 14.1635 14.8257 14.9018 12.0861 16.7710 14.0353 17.1483 17.1975 14.6074 13.3681 12.2867 12.7131 15.0957 16.7326 14.8251 8.8049 15.0308 15.0462 13.6710 13.5990 14.4432 13.3500 15.0497 16.0956 11.2111 17.3033 19.4599 19.4623 21.3769 22.6586 17.3772 21.6645 21.1926 15.3570 14.8653 22.0116 19.2503 19.9890 21.5365 19.5854 15.7777 15.8192 20.7927 16.5943 18.7826 20.0406 15.2231 21.5333 18.7123 17.9649 17.0026 16.8269 21.9702 16.6278 22.7464 23.0571 24.7054 21.9893 23.9770 22.4738 22.7588 25.2087 23.5757 25.6541 23.5837 22.5371 24.5581 24.1109 25.2480 21.6493 23.3872 26.2916 25.2138 24.8471 23.9086 22.5731 23.6993 22.6618 25.5834 24.0045 25.6969 24.2289 24.5988 25.1983 27.0111
7.7116 0.0000 3.9468 5.0831 6.0411 3.5564 4.2837 5.8878 4.5152 5.2117 5.7038 11.0175 9.2737 4.2022 3.9001 5.3394 4.7917 5.1992 5.7513 7.7363 5.4524 5.9357 8.2012 5.1399 5.4085 7.7059 6.5585 3.9494 8.6589 8.2499 27.4206 29.2728 29.5029 28.8363 28.5716 29.6752 27.9105 29.9275 27.8062 28.7539 27.0606 29.0863 28.5934 26.6349 27.3914 27.5020 27.9844 28.1543 28.1069 27.5680 29.2478 27.5864 27.3238 27.5833 27.5936 27.7270 28.1593 27.1288 31.3744 29.0657 10.7935 8.3181 9.0455 9.0988 9.1338 9.2073 9.4902 10.5922 8.0049 11.7711 8.8165 12.3188 12.8698 10.5334 9.4545 8.3427 9.5707 10.7068 11.6587 9.8569 8.7197 10.5039 10.7133 9.3985 8.9479 9.5080 9.1232 10.4402 11.4597 9.5268 13.5284 16.3457 17.1070 19.3138 19.9570 13.0073 20.5456 18.8153 11.2941 11.6019 20.5328 16.0605 16.3802 18.3741 16.4202 12.5041 10.9300 17.9318 12.7894 16.2585 16.6306 10.5534 18.8282 15.1630 14.7190 13.6729 12.4594 19.0455 12.9294 20.4588 20.2089 22.3087 18.8088 21.7698 19.9743 20.2087 23.2848 21.0061 23.5531 20.7544 19.9563 21.5309 21.8384 22.8497 18.6490 20.2494 24.4245 22.9200 22.1113 21.6849 20.3703 21.2291 20.3836 23.6449 21.4482 23.5678 21.8136 22.4841 23.3672 24.7505
6.9971 3.9468 0.0000 4.6565 5.0945 4.3630 4.5883 6.6252 4.2674 5.4999 5.7466 9.8109 9.4324 4.2155 4.3859 5.8157 5.3817 6.2280 5.5917 7.5678 6.1347 5.1883 7.6150 5.6007 5.3242 8.2380 7.0954 4.7765 9.3497 8.5015 27.2828 29.0039 29.3020 28.6524 28.4212 29.4599 27.6386 29.7116 27.5568 28.5841 26.6534 28.8647 28.4090 26.3766 27.0467 27.2963 27.7887 27.9505 27.8910 27.2906 29.0341 27.3646 27.1781 27.4128 27.4286 27.4992 28.0006 26.9253 31.0747 28.8482 9.7920 7.9503 8.4700 8.5940 9.1095 9.0917 9.8757 10.0480 7.7676 11.8601 9.0391 12.4269 12.9315 10.1568 9.2433 7.6502 8.4632 10.4240 11.7694 9.6987 7.6829 10.3177 10.3237 9.0239 8.7797 9.3880 8.6130 10.1318 11.4089 8.2062 14.0231 16.6788 17.5294 19.5507 20.2678 13.4747 20.8520 19.1231 11.8716 12.0886 20.7257 16.5689 16.7822 18.6686 16.8605 12.6698 11.2997 18.2298 13.2319 16.4896 16.9506 11.1948 19.0965 15.5158 14.9144 14.1242 12.9881 19.3479 13.2734 20.6873 20.3413 22.4135 18.9907 21.7883 19.8702 20.2656 23.2617 21.0592 23.5095 20.9046 19.9302 21.6826 21.7946 22.9494 18.7975 20.4045 24.3725 22.9803 22.2421 21.7556 20.4320 21.2563 20.3728 23.6518 21.5104 23.4998 21.8256 22.4686 23.3683 24.7852
5.2843 5.0831 4.6565 0.0000 4.8385 6.0087 5.8273 7.9531 6.3324 4.0718 5.1966 8.5348 6.6178 6.7191 4.0236 5.4338 5.7950 5.2687 6.9106 5.2547 8.4763 4.1034 9.1089 5.3541 4.9765 6.0518 6.7783 4.6468 6.6247 8.3636 28.4134 30.0528 30.3497 29.5350 29.5586 30.5055 28.7696 30.6669 28.7059 29.5265 27.8213 29.9421 29.4482 27.4670 28.2599 28.3047 28.9152 29.0228 28.8930 28.2347 30.1260 28.2618 28.3462 28.4563 28.3473 28.6057 29.1400 28.1328 32.0119 29.9904 11.7210 9.6932 10.5390 10.6043 11.1289 11.2481 11.9462 12.3288 9.5730 14.2348 11.2066 14.5715 14.7159 12.0294 10.5939 9.8621 10.2862 12.4253 14.0204 12.0396 7.3277 12.5301 12.5792 11.1701 11.2059 11.6158 10.7842 12.3656 13.7731 9.5386 16.0616 18.4272 18.9932 20.9655 21.8677 15.7734 21.8877 20.6025 13.7074 13.9801 21.9118 18.2137 18.6772 20.2932 18.7532 14.5281 13.6802 19.8992 15.5021 17.9588 18.6628 13.5401 20.5644 17.4990 16.8757 16.2470 14.9480 20.9941 15.0874 22.3309 22.0381 23.8326 20.8464 23.3470 21.5567 22.0322 24.6195 22.8008 25.0132 22.6202 21.6318 23.3226 23.2588 24.4290 20.6829 22.0816 25.5918 24.4386 23.9119 23.2944 21.8419 22.9135 22.0695 25.0634 23.0034 24.9464 23.2935 23.9026 24.6452 26.1682
5.1099 6.0411 5.0945 4.8385 0.0000 6.5996 6.0759 8.4322 5.4011 5.1831 5.3103 6.9668 7.0852 7.7748 5.7248 4.6971 6.9156 6.6896 7.1212 4.7926 9.3080 4.2240 10.1429 5.4666 4.8135 7.1386 6.9019 5.4580 7.3704 8.0509 28.2843 29.8985 30.2912 29.5002 29.4386 30.3911 28.5945 30.5444 28.6082 29.3522 27.5820 29.7639 29.4058 27.3729 28.1183 28.2252 28.8570 28.8581 28.7304 28.1884 29.9934 28.2542 28.1926 28.3255 28.2122 28.5144 28.9593 27.9636 31.9037 29.7706 12.3687 11.0530 11.4150 11.7295 12.2470 12.3152 12.9897 13.2525 10.5148 15.1132 12.3148 15.4365 15.8790 13.0393 12.0806 10.7515 11.5241 13.3323 14.9463 12.9446 8.8498 13.4579 13.2315 12.1742 12.1830 12.7217 11.8518 13.5070 14.3792 10.4728 16.3264 18.8342 19.1465 21.1478 22.0838 16.2141 21.7563 20.7917 14.4384 14.2585 21.9869 18.5961 19.1848 20.8807 18.8984 15.1061 14.4990 20.2173 15.8459 18.2073 19.1667 14.0189 20.9531 17.9378 17.2828 16.4306 15.3875 21.3449 15.7648 22.4101 22.4824 24.3138 21.3075 23.6597 22.0175 22.3495 25.0377 23.1273 25.3688 23.0441 22.0852 23.9287 23.7684 24.8869 21.0728 22.6792 26.0348 24.8608 24.2922 23.6324 22.2785 23.3000 22.3380 25.3612 23.5250 25.3861 23.7671 24.3228 25.0402 26.6909
8.2431 3.5564 4.3630 6.0087 6.5996 0.0000 4.3122 5.4107 4.3725 6.4086 7.0071 11.6082 10.4370 3.3296 5.6261 6.6928 5.5138 6.3049 5.9029 8.8518 5.0444 7.0846 7.5746 6.2010 6.8822 9.1465 7.1627 4.8738 9.6423 8.8131 26.2554 28.0915 28.3374 27.6753 27.4267 28.4509 26.8078 28.8009 26.7179 27.5663 26.0771 27.9455 27.3161 25.4981 26.2913 26.3163 26.8181 27.0458 26.9559 26.5042 28.0891 26.4017 26.2123 26.4421 26.4204 26.5284 26.9773 26.0116 30.2134 27.8940 10.9274 8.8386 9.0210 8.9016 9.4301 8.9746 9.2120 10.1856 8.2971 11.1924 8.6145 12.0344 12.1277 10.2413 9.7084 8.3506 9.5140 10.9234 11.5383 9.5548 9.4571 10.4083 10.2716 9.0940 8.4887 9.3478 8.9662 9.9690 10.9954 9.7371 12.4953 15.2685 15.9208 18.0483 18.6960 11.8889 19.4904 17.5985 10.0913 10.5175 19.4027 14.8609 15.1405 17.0741 15.0159 11.2536 9.9901 16.7357 11.5636 15.1317 15.4306 9.1404 17.4912 13.6404 13.3878 12.1283 11.3647 17.7653 11.6231 19.2542 19.0151 21.1833 17.6513 20.6934 18.9601 19.1244 22.1271 19.8708 22.4391 19.5780 19.0091 20.3392 20.7169 21.7655 17.5034 19.0899 23.2435 21.8101 21.0985 20.5138 19.1953 20.1095 19.3352 22.4938 20.3253 22.4946 20.7061 21.3564 22.1633 23.6288
8.2603 4.2837 4.5883 5.8273 6.0759 4.3122 0.0000 5.3556 4.7858 4.8893 5.3492 10.2254 9.7170 5.4471 5.0017 4.4723 4.7973 5.4858 3.7511 7.6974 5.2347 6.7381 8.2840 5.3681 5.4613 7.3841 6.9976 3.7166 9.1783 7.0183 27.7543 29.6219 29.7835 29.0534 28.9391 29.9471 28.3791 30.2787 28.2610 29.1258 27.7425 29.4707 28.7575 27.0077 27.9181 27.7710 28.2727 28.6359 28.5169 28.0061 29.6192 27.8244 27.7194 27.9845 27.9554 28.0372 28.5378 27.5951 31.6113 29.4786 11.3650 8.9047 9.5576 9.7831 9.5848 9.2792 9.6156 10.8937 8.5657 12.0293 8.9832 12.4127 12.6978 10.6767 9.8163 8.8380 10.2907 11.0898 12.0934 10.1676 9.8724 11.0770 10.8858 10.0031 9.5966 9.6960 9.7919 10.6085 11.8271 10.5262 13.7175 16.4557 17.4300 19.4527 19.9141 13.0703 20.5177 18.7925 11.4627 11.9829 20.5340 16.1258 16.2849 18.2669 16.5781 12.7668 11.1569 17.8042 13.1751 16.2731 16.4767 10.6123 18.6667 15.0987 14.9010 13.9111 12.1340 18.8974 13.0447 20.5251 20.1782 22.2537 18.9659 21.9516 20.2261 20.4708 23.3007 21.1687 23.6286 20.7922 20.2438 21.3892 21.8984 22.8665 18.9245 20.1124 24.2546 22.8969 22.1527 21.8254 20.4066 21.3822 20.7252 23.6959 21.3832 23.5719 21.7253 22.5233 23.3034 24.6627
10.0592 5.8878 6.6252 7.9531 8.4322 5.4107 5.3556 0.0000 6.4377 7.8019 8.2515 12.6199 11.2082 5.5714 7.2330 7.7117 5.8471 8.0773 6.8556 9.9685 5.4874 8.3018 8.6662 6.6928 8.2887 10.3377 9.0278 6.4004 10.5542 9.2959 25.3201 27.3138 27.2982 26.3120 26.4875 27.4772 26.1541 27.7005 26.0154 26.6158 25.8807 27.1022 26.1185 24.6362 25.8552 25.1205 25.7355 26.4060 26.1338 25.5257 27.2474 25.0286 25.3794 25.5674 25.4145 25.5179 26.2114 25.3432 29.0331 27.1886 12.3270 10.1165 10.4753 10.2789 10.3392 10.1963 9.8101 11.2561 9.1601 11.5166 9.2785 12.3551 11.0905 10.8410 10.7867 9.6575 10.7491 12.0059 12.5800 10.6997 10.9943 11.3462 10.9590 10.3630 8.8891 10.1706 10.2474 9.9984 11.3284 10.7838 12.1989 13.7920 14.6913 16.6609 17.1505 11.0774 17.3814 15.9201 9.2287 10.9463 17.2272 13.2335 13.5074 15.6157 14.1180 10.5520 10.0231 14.7074 11.4339 13.6926 13.8639 8.9750 15.7098 12.4331 12.7407 11.4109 9.9404 16.2819 10.3527 17.6895 17.6509 19.4680 16.6327 19.4004 18.0149 18.2296 20.6102 18.8350 21.0627 18.3064 17.9330 18.9278 19.3698 20.2051 16.8732 17.5826 21.4078 20.1494 19.6087 19.1705 17.5680 18.9722 18.4118 20.9865 18.7247 20.9556 19.0044 19.8531 20.3694 22.1535
6.8353 4.5152 4.2674 6.3324 5.4011 4.3725 4.7858 6.4377 0.0000 6.4805 5.8745 9.7126 9.4283 4.8204 5.8261 5.5913 5.0553 6.0112 6.2747 7.6692 7.2209 5.6862 9.1804 5.1189 5.4920 8.1607 6.7195 4.3205 8.7213 7.2825 26.0646 27.8238 28.1907 27.5479 27.2190 28.2616 26.4524 28.5439 26.3715 27.2870 25.4719 27.6406 27.2518 25.2301 25.8923 26.1302 26.6636 26.6929 26.6293 26.2322 27.8091 26.2764 25.9688 26.2139 26.1403 26.3370 26.6716 25.6595 30.0061 27.5600 11.6885 9.9110 10.0149 9.8230 10.7191 10.5257 10.8881 11.4831 9.0820 12.7644 10.0646 13.3859 13.7729 11.5436 10.7368 9.1959 10.4634 11.9624 12.9159 11.0835 9.4695 11.6237 11.6016 10.4824 9.7904 10.8369 10.2039 11.4666 12.2223 9.9925 13.1147 16.0910 16.3064 18.5060 19.3966 12.8187 19.4043 18.1332 11.3432 10.8205 19.6236 15.7336 16.2398 18.1673 15.6636 12.1029 11.2875 17.4679 12.0993 15.6644 16.5011 10.1990 18.3968 14.6408 14.0935 12.7195 12.5107 18.5727 12.8893 19.6099 19.8067 21.8849 18.4854 21.1613 19.5150 19.5916 22.6981 20.4553 22.9494 20.3193 19.5544 21.3656 21.4153 22.4433 18.0959 20.1230 23.9319 22.4539 21.7927 21.0614 19.8175 20.7037 19.7633 22.9727 21.1225 23.1228 21.4409 21.9668 22.7349 24.3422
6.0924 5.2117 5.4999 4.0718 5.1831 6.4086 4.8893 7.8019 6.4805 0.0000 3.6862 8.2601 6.7559 7.3066 3.6519 3.9524 5.5220 4.1357 5.4523 5.2599 7.9342 5.0778 9.3677 5.0134 4.1918 4.7417 6.6784 4.4606 6.7426 6.8348 29.0721 30.7849 31.0345 30.2460 30.2073 31.2430 29.4221 31.4238 29.4081 30.2238 28.5491 30.6711 30.1494 28.1455 28.9997 29.0302 29.6276 29.7262 29.6042 28.9473 30.8424 28.9955 28.9565 29.0952 29.0465 29.3161 29.8130 28.7916 32.8043 30.6904 12.1455 10.0437 11.0477 11.1790 11.0880 11.2998 11.6886 12.5797 10.1011 14.2332 11.0591 14.3510 14.6691 12.0845 10.8331 10.2894 11.3533 12.3652 13.8448 12.1595 8.9238 12.7464 12.8173 11.4796 11.4852 11.5503 11.3080 12.5541 13.8483 10.8574 15.8038 18.4351 19.2820 21.2380 22.0447 15.7045 22.0673 20.7859 13.6807 13.8327 22.2338 18.2431 18.5927 20.4703 18.8684 14.6745 13.5212 19.9279 15.3779 18.0851 18.7361 13.4026 20.7773 17.6601 16.9790 16.2849 14.8159 21.1662 15.1977 22.5456 22.2506 24.1782 21.0221 23.6756 21.8396 22.2666 25.0573 23.1264 25.4450 22.8258 21.9487 23.5538 23.7060 24.7067 20.9051 22.2644 26.0607 24.7604 24.1086 23.6397 22.1740 23.2448 22.3862 25.4641 23.2677 25.3455 23.6184 24.3107 25.0990 26.5879
6.2507 5.7038 5.7466 5.1966 5.3103 7.0071 5.3492 8.2515 5.8745 3.6862 0.0000 7.3030 6.7381 7.7993 4.1421 3.5051 4.7413 4.5775 5.3872 5.3345 8.7533 5.1137 10.2759 5.1282 3.4755 4.5140 6.7366 4.3899 6.4091 5.1794 29.0074 30.7228 30.9772 30.2226 30.1213 31.1476 29.3521 31.3316 29.3011 30.1342 28.4234 30.5651 30.1039 28.1022 28.8695 29.0004 29.5592 29.6302 29.5142 28.9316 30.7291 29.0113 28.8485 29.0482 29.0119 29.2543 29.6725 28.6651 32.7294 30.5433 12.8192 10.5861 11.5197 11.6301 11.7213 11.9701 12.3640 13.2032 10.5087 14.7802 11.7251 14.8681 15.5136 12.9557 11.4618 10.6915 11.9195 12.9250 14.4398 12.7133 9.4499 13.1857 13.4003 12.0585 12.0206 12.2300 11.8862 13.3429 14.2813 11.1653 15.9083 18.7411 19.4041 21.4293 22.2739 15.9095 22.1145 20.9678 14.1615 13.7981 22.3897 18.5694 18.9528 20.8322 19.0274 15.1101 13.8693 20.2097 15.3877 18.3308 19.1196 13.5500 21.1186 17.9179 17.2077 16.3325 15.2191 21.3939 15.6608 22.6389 22.5164 24.4365 21.3299 23.8579 22.1113 22.4168 25.2810 23.3086 25.6200 23.0760 22.1743 23.8970 23.9702 24.9547 21.0830 22.6316 26.3365 25.0013 24.3463 23.8343 22.4613 23.4498 22.5833 25.6455 23.6012 25.6206 23.9305 24.5270 25.3201 26.8134
6.4834 11.0175 9.8109 8.5348 6.9668 11.6082 10.2254 12.6199 9.7126 8.2601 7.3030 0.0000 6.8741 12.5488 9.5042 7.5671 9.6807 9.2092 10.5459 6.0431 14.1942 7.3261 14.1680 8.7021 7.3545 7.6813 10.2100 9.0699 7.9395 7.8716 29.9903 31.3481 31.7564 30.9129 31.0699 31.8769 30.1665 31.8640 30.1528 30.8305 29.1889 31.2681 30.9788 29.0042 29.7776 29.7896 30.4695 30.4247 30.2729 29.6376 31.4819 29.7463 29.9541 29.9389 29.7399 30.1205 30.6358 29.7232 33.1401 31.3613 16.4058 15.1964 15.7583 15.8188 16.5443 16.8586 17.5244 17.5339 14.8663 19.4098 16.8419 19.5835 19.7491 17.2469 16.0052 15.0160 15.4551 17.4805 19.3088 17.4534 11.6738 17.6797 17.5000 16.4879 16.5779 17.1070 16.1711 17.8715 18.6589 13.8920 20.0216 22.0710 22.1387 23.9177 24.9638 20.1278 23.9420 23.7263 18.4199 17.9592 24.4134 21.9317 22.5049 23.9624 22.4056 18.8340 18.5564 23.3641 19.5882 21.2154 22.4584 18.2187 23.8690 21.4004 20.7493 20.1337 19.3706 24.2792 19.5193 25.1531 25.4395 26.8282 24.5266 26.2786 24.8149 25.2141 27.3173 25.9398 27.7487 26.0065 24.8676 26.7477 26.2489 27.4090 24.2863 25.6499 28.2181 27.3470 27.0306 26.2471 25.0041 26.0052 25.0810 27.7203 26.2253 27.7147 26.3830 26.7603 27.3438 28.9480
5.3281 9.2737 9.4324 6.6178 7.0852 10.4370 9.7170 11.2082 9.4283 6.7559 6.7381 6.8741 0.0000 11.2364 7.5335 7.3466 8.1623 7.4036 10.4962 4.9122 13.1139 5.9150 13.3950 6.8235 6.5197 5.7514 8.9836 7.6449 4.7301 8.7223 29.2530 30.6383 30.9833 30.1203 30.2846 31.1913 29.4254 31.0654 29.3910 30.0614 28.4982 30.5602 30.2280 28.2452 29.0719 29.0129 29.6964 29.6910 29.4896 28.7730 30.7528 28.9354 29.1547 29.1123 28.9434 29.3760 29.9070 28.9539 32.4528 30.6635 16.1243 14.2592 15.0507 14.9768 15.6024 16.0634 16.4590 16.9611 13.8837 18.4981 15.8046 18.7402 18.6792 16.4178 14.7938 14.2732 14.7486 16.8185 18.5499 16.8162 10.3893 16.8377 16.9707 15.6332 15.3975 16.0849 15.3898 16.8862 17.9568 13.1642 18.8715 20.6131 20.7719 22.7127 23.8510 18.9374 22.6048 22.4622 16.9262 16.6057 23.0786 20.5176 21.1769 22.7120 21.2812 17.5311 17.4163 22.0383 18.3237 19.9794 21.2285 17.1087 22.6467 20.2819 19.6126 18.9056 18.2414 23.1955 18.1272 23.9960 24.3816 25.7596 23.4730 25.2576 23.7843 24.2003 26.2901 24.9668 26.7663 24.9913 23.8151 25.7035 25.1707 26.3077 23.2688 24.5776 27.2093 26.2970 26.0054 25.1949 23.9137 24.9744 24.0406 26.7056 25.1514 26.6871 25.3609 25.7092 26.3148 27.9486
9.0048 4.2022 4.2155 6.7191 7.7748 3.3296 5.4471 5.5714 4.8204 7.3066 7.7993 12.5488 11.2364 0.0000 5.9236 7.7602 5.8902 6.8396 6.7423 9.9616 4.9466 7.2963 7.2668 6.6173 7.5179 10.0327 8.0782 5.5856 10.5013 9.7251 25.7525 27.5757 27.8036 27.2135 26.8684 27.9839 26.1940 28.2801 26.0811 27.1117 25.3672 27.4250 26.8486 24.9108 25.6063 25.8159 26.2634 26.5164 26.4528 25.8883 27.5442 25.9099 25.6508 25.8991 25.9759 25.9937 26.4837 25.4085 29.7111 27.3683 10.1264 8.1457 8.3444 7.9473 8.6253 8.4698 8.6042 9.3185 7.6555 10.3058 7.8115 11.2314 11.3952 9.4569 8.9204 7.5001 8.6539 10.1021 10.6540 8.8967 9.1258 9.4488 9.6554 8.2367 7.2028 8.4078 8.2013 9.0231 10.1372 8.9131 11.7550 14.5273 15.3766 17.4844 18.1870 11.0541 19.0434 17.0769 9.3690 9.7943 18.8729 14.2838 14.4128 16.4254 14.4673 10.3355 8.9941 15.9545 10.5671 14.5209 14.8588 8.5200 17.0621 13.0296 12.4270 11.3713 10.9634 17.2769 10.7992 18.5426 18.2675 20.5051 16.8333 19.8988 17.9620 18.2543 21.4522 19.1040 21.6823 18.8263 18.0245 19.6929 19.9769 21.0426 16.6470 18.3779 22.6681 21.0897 20.3226 19.7875 18.5069 19.2939 18.4624 21.8060 19.6021 21.7717 19.9615 20.6077 21.5421 23.0013
6.6115 3.9001 4.3859 4.0236 5.7248 5.6261 5.0017 7.2330 5.8261 3.6519 4.1421 9.5042 7.5335 5.9236 0.0000 4.8505 4.6501 4.4212 5.7085 6.2908 6.9595 4.7458 8.7743 4.7976 4.0588 5.6445 6.3373 4.3138 7.4781 7.6501 28.3801 30.1490 30.3365 29.6433 29.4726 30.6228 28.6978 30.7746 28.6564 29.6173 27.7995 30.0127 29.5217 27.4746 28.2539 28.4076 28.9295 29.0384 28.9445 28.2916 30.1528 28.4704 28.1893 28.3882 28.4921 28.6606 29.1169 28.0379 32.1994 29.9692 11.0427 8.4762 9.6322 9.7462 9.6142 10.0507 10.4498 11.3410 8.5554 12.9880 9.8153 13.1303 14.0334 11.0271 9.3307 8.6231 9.9287 11.0580 12.5907 10.8031 7.7540 11.2016 11.6628 10.0266 9.9747 10.1621 9.8490 11.3398 12.5705 9.4154 14.7933 17.4683 18.4480 20.4857 21.3300 14.5908 21.4107 19.9688 12.7523 12.7764 21.5112 17.4170 17.6533 19.6571 17.9903 13.7932 12.3418 18.9651 14.1893 17.3422 17.9818 12.3114 20.0923 16.7675 16.0753 15.2247 14.0271 20.4231 14.2725 21.6529 21.3569 23.3849 20.0977 22.7688 20.8997 21.2671 24.2923 22.1681 24.6113 21.9105 20.9241 22.7519 22.9092 23.8562 19.8736 21.4113 25.3973 23.9314 23.1537 22.7800 21.4209 22.3273 21.4218 24.6757 22.4501 24.5649 22.8180 23.4592 24.3750 25.8326
6.5723 5.3394 5.8157 5.4338 4.6971 6.6928 4.4723 7.7117 5.5913 3.9524 3.5051 7.5671 7.3466 7.7602 4.8505 0.0000 5.5029 4.9838 5.4879 5.2509 8.3225 5.2735 10.2126 4.9328 4.0553 5.1903 6.7277 3.9151 6.9557 5.9841 29.2621 31.0126 31.2518 30.4933 30.4211 31.4126 29.7284 31.6181 29.6441 30.4646 28.8901 30.8454 30.3514 28.4381 29.2686 29.2696 29.7926 29.9747 29.8737 29.3175 31.0458 29.2887 29.1655 29.3835 29.3381 29.5192 30.0054 29.0162 32.9724 30.8626 12.7904 10.6538 11.4814 11.8092 11.6291 11.7981 12.2001 13.2013 10.3476 14.6432 11.5826 14.8240 15.4317 12.9147 11.6727 10.7690 12.0434 12.9281 14.3526 12.6046 9.9310 13.1797 13.1756 12.1233 12.0907 12.2229 11.8864 13.2976 14.1636 11.4379 16.1042 18.7967 19.4397 21.5125 22.1750 15.8639 22.1489 20.9878 14.2098 14.1330 22.4618 18.5780 18.9285 20.7772 19.0645 15.2864 13.9817 20.2341 15.6919 18.3401 19.0386 13.6442 21.0437 17.9052 17.4036 16.5222 14.9970 21.3096 15.7276 22.6411 22.5927 24.4820 21.4255 24.0312 22.3417 22.6416 25.3904 23.4081 25.7053 23.1815 22.3533 23.8555 24.0438 25.0531 21.2839 22.6322 26.3455 25.0778 24.3825 23.9688 22.6477 23.5614 22.7602 25.7568 23.6805 25.6636 23.9688 24.6359 25.4142 26.8179
7.1306 4.7917 5.3817 5.7950 6.9156 5.5138 4.7973 5.8471 5.0553 5.5220 4.7413 9.6807 8.1623 5.8902 4.6501 5.5029 0.0000 4.8493 5.9916 7.4223 7.3715 5.9408 9.3290 4.6722 5.0650 6.7470 7.1355 4.1530 7.5111 6.2128 26.6003 28.3886 28.5330 27.7441 27.7136 28.7041 27.1080 28.8827 26.9726 27.8124 26.4362 28.1890 27.5582 25.7645 26.6438 26.5077 27.0471 27.3698 27.2131 26.6101 28.3356 26.4945 26.5238 26.7353 26.6666 26.7513 27.3112 26.3637 30.2638 28.2332 12.5732 9.9925 10.7664 10.4297 10.8642 11.0515 11.2038 12.2324 9.5611 13.1279 10.4248 13.6871 13.5283 11.9916 10.6491 9.9168 10.8635 12.4700 13.5300 11.7634 9.3609 12.0724 12.2087 11.0258 10.1210 11.0008 10.8010 11.7181 12.8200 10.3347 13.7761 16.0864 16.7573 18.7884 19.5330 13.3859 19.5418 18.2779 11.6176 11.8374 19.5962 15.8085 16.0757 18.0748 16.4777 12.6566 11.7028 17.3991 12.8421 15.8801 16.4919 11.0183 18.3238 14.9545 14.6749 13.5130 12.8477 18.6111 13.0268 19.8650 19.8282 21.6458 18.7766 21.2829 19.6810 19.9145 22.5279 20.7102 22.9096 20.4475 19.6394 21.1404 21.2485 22.2462 18.6181 19.9258 23.5258 22.2565 21.7121 21.1399 19.7986 20.8099 20.0971 22.9538 20.9134 22.9050 21.2070 21.8025 22.4978 24.0522
6.6882 5.1992 6.2280 5.2687 6.6896 6.3049 5.4858 8.0773 6.0112 4.1357 4.5775 9.2092 7.4036 6.8396 4.4212 4.9838 4.8493 0.0000 6.4501 6.5122 8.3910 5.9648 9.8653 4.9124 4.9859 4.9079 6.9212 3.9277 6.1443 6.2938 28.3943 30.0874 30.3349 29.6200 29.4967 30.5480 28.7429 30.7118 28.6365 29.5425 27.8940 29.9701 29.4563 27.4811 28.2798 28.3830 28.9382 29.0135 28.9482 28.2983 30.0966 28.3785 28.3050 28.4221 28.4040 28.6429 29.1151 28.1030 32.1441 30.0077 13.0090 10.5725 11.5672 11.2234 11.4933 11.7653 11.9643 12.9429 10.5342 14.2145 11.2439 14.5209 14.8095 12.6287 11.1790 10.7878 11.7661 12.8682 14.0312 12.5349 9.4950 12.9442 13.2110 11.8329 11.4573 11.9540 11.6940 12.9557 13.9221 11.3087 15.1495 18.0281 18.5134 20.6167 21.4107 15.1292 21.5000 20.2521 13.1608 13.0840 21.7290 17.6883 18.1255 19.8471 18.2012 14.1495 13.0441 19.4416 14.5019 17.5739 18.2813 12.7506 20.2587 16.9037 16.2232 15.4852 14.5783 20.4963 14.7478 21.8243 21.7384 23.5670 20.4972 23.1516 21.3306 21.7001 24.4781 22.5809 24.8313 22.3151 21.3844 23.0302 23.1406 24.1730 20.2919 21.8139 25.5596 24.2109 23.6477 23.0472 21.7178 22.6695 21.8572 24.9009 22.8288 24.8626 23.1628 23.7470 24.5419 25.9347
9.4693 5.7513 5.5917 6.9106 7.1212 5.9029 3.7511 6.8556 6.2747 5.4523 5.3872 10.5459 10.4962 6.7423 5.7085 5.4879 5.9916 6.4501 0.0000 8.5837 5.7366 8.0514 8.6528 6.8935 6.0808 7.7750 8.0860 5.1586 9.9653 6.9916 28.7764 30.5819 30.7574 30.1018 29.9053 30.9909 29.2647 31.3312 29.1525 30.1893 28.5639 30.4599 29.8365 27.9310 28.7900 28.8288 29.2775 29.5930 29.5392 28.9196 30.6020 28.8616 28.6702 28.9392 28.9997 29.0446 29.5851 28.5317 32.6492 30.4998 11.6741 9.3881 10.1717 10.3084 9.8620 9.6787 9.9607 11.1593 9.4870 12.3944 9.3741 12.5787 12.9607 11.1160 10.2235 9.4627 10.8848 11.1453 12.1421 10.4860 10.7656 11.4512 11.3125 10.3607 10.1970 10.0143 10.2922 11.0737 12.2388 11.2578 14.2441 17.1575 18.4174 20.3676 20.7481 13.6721 21.5875 19.7329 12.3446 12.7004 21.6275 17.0018 16.9252 18.9789 17.4267 13.5009 11.4894 18.6562 13.7419 16.9834 17.1187 11.3396 19.4755 15.9721 15.5415 14.8505 12.9267 19.6636 13.8256 21.3791 20.9353 23.0274 19.5872 22.6776 20.7401 21.1170 24.1032 21.9102 24.3754 21.4940 20.8314 22.0619 22.6184 23.5532 19.6013 20.7584 25.1297 23.6427 22.8040 22.6399 21.2489 22.0970 21.4057 24.4880 22.0692 24.2463 22.4956 23.3195 24.2215 25.3708
4.8296 7.7363 7.5678 5.2547 4.7926 8.8518 7.6974 9.9685 7.6692 5.2599 5.3345 6.0431 4.9122 9.9616 6.2908 5.2509 7.4223 6.5122 8.5837 0.0000 11.2708 4.7008 12.2027 6.1274 5.2819 5.2235 7.4676 6.2442 5.4658 7.7133 29.1576 30.7108 31.0213 30.1699 30.2711 31.1819 29.4590 31.2415 29.4418 30.0775 28.5344 30.5995 30.1968 28.2244 29.1040 29.0213 29.6775 29.6898 29.5092 28.9414 30.8045 29.0326 29.0190 29.1083 28.9839 29.3577 29.8008 28.8653 32.6050 30.6019 14.4080 12.5578 13.2243 13.6025 13.9813 14.2143 14.7079 15.3107 12.1424 17.1218 14.1228 17.2168 17.6550 14.8682 13.3855 12.5151 13.4920 15.1339 16.9628 15.0272 9.5268 15.3179 15.3912 14.1233 14.2228 14.5898 13.7974 15.4230 16.4646 11.9650 17.8276 20.0853 20.3306 22.2422 23.3225 17.9287 22.3546 21.8766 16.0050 15.6665 22.8458 19.8825 20.5489 22.1809 20.3890 16.6987 16.3490 21.4340 17.5381 19.3918 20.5561 15.7391 22.1566 19.4690 18.9566 18.0251 17.0061 22.6353 17.3323 23.5805 23.8060 25.4451 22.8223 24.8746 23.3647 23.6685 26.1014 24.4441 26.5372 24.3702 23.4213 25.2331 24.9719 25.9967 22.5523 24.0294 27.0355 25.9854 25.5205 24.8129 23.4827 24.5629 23.6467 26.4250 24.7120 26.5173 24.9726 25.4313 26.0592 27.7375
11.5351 5.4524 6.1347 8.4763 9.3080 5.0444 5.2347 5.4874 7.2209 7.9342 8.7533 14.1942 13.1139 4.9466 6.9595 8.3225 7.3715 8.3910 5.7366 11.2708 0.0000 9.5892 7.5207 8.1825 8.7973 10.9779 9.2735 7.1229 12.4332 10.6517 27.1781 29.1807 29.1639 28.5976 28.2910 29.4774 27.8493 29.8766 27.7032 28.7471 27.3491 29.0285 28.2338 26.4678 27.4073 27.3230 27.6598 28.1957 28.1187 27.5387 29.1144 27.4222 27.0605 27.4142 27.6110 27.5022 28.0485 27.0127 31.2145 28.9795 10.2601 7.7177 8.2782 8.4832 7.6015 7.0934 6.9291 8.8552 7.6707 9.3715 6.5476 9.9395 10.4057 8.8767 8.6971 7.5732 9.4144 9.3415 9.6220 7.8719 11.0937 9.0065 9.0659 8.1290 7.4686 7.3354 8.1372 8.0919 9.5630 10.4597 11.8831 14.6148 16.2865 18.1925 18.4038 10.7979 19.8989 17.4006 9.5453 10.7214 19.6089 14.3911 14.0638 16.4105 14.8713 11.0718 8.6796 15.9601 11.1927 15.0096 14.5843 8.3423 17.1244 13.1913 13.1852 12.1451 10.1079 17.3436 11.0156 19.0957 18.3671 20.7289 16.9832 20.4135 18.4939 18.7425 21.9600 19.4751 22.1976 18.9199 18.5367 19.5137 20.4433 21.2190 17.0788 18.1616 23.0064 21.3444 20.3138 20.3012 18.9787 19.7416 19.1387 22.3162 19.6792 22.0852 20.1482 21.0694 22.0438 23.1933
4.1176 5.9357 5.1883 4.1034 4.2240 7.0846 6.7381 8.3018 5.6862 5.0778 5.1137 7.3261 5.9150 7.2963 4.7458 5.2735 5.9408 5.9648 8.0514 4.7008 9.5892 0.0000 10.3110 4.6128 4.4343 6.3250 6.7379 5.1327 6.5057 8.1216 27.6980 29.3183 29.6759 28.8764 28.8365 29.8211 27.9414 29.8958 27.9566 28.7067 26.8672 29.1703 28.8412 26.7484 27.4686 27.6298 28.2655 28.2125 28.0699 27.4890 29.3784 27.6610 27.5644 27.6874 27.5797 27.9327 28.3280 27.3243 31.3195 29.1427 12.2335 10.5050 11.2017 11.2292 11.9720 12.2850 12.8582 13.1165 10.0241 15.0383 12.1004 15.2969 15.7876 12.7896 11.4033 10.2602 11.0577 13.1487 14.8724 12.9621 7.6403 13.1766 13.3475 11.9204 11.8367 12.4655 11.5271 13.1989 14.3122 9.6453 16.0771 18.4734 18.7395 20.7418 21.8966 16.0357 21.2038 20.4302 14.0810 13.7638 21.4659 18.2755 18.9234 20.6451 18.6665 14.6992 14.2720 19.8199 15.4455 17.9155 19.0570 13.8328 20.7474 17.7047 16.9572 16.0500 15.3632 21.1850 15.4389 22.0628 22.1270 23.9391 21.0015 23.1884 21.5519 21.8748 24.5881 22.7377 24.9680 22.6704 21.6040 23.6867 23.3941 24.4757 20.6409 22.4226 25.6713 24.4634 23.9318 23.1689 21.8215 22.8781 21.8583 24.9402 23.1503 25.0151 23.3952 23.8680 24.5831 26.3578
11.6564 8.2012 7.6150 9.1089 10.1429 7.5746 8.2840 8.6662 9.1804 9.3677 10.2759 14.1680 13.3950 7.2668 8.7743 10.2126 9.3290 9.8653 8.6528 12.2027 7.5207 10.3110 0.0000 9.8586 10.2305 12.1518 7.8960 9.1529 13.0111 12.1764 26.1269 28.0307 28.2490 27.6035 27.3347 28.3990 26.7213 28.8213 26.6411 27.6698 26.0622 27.8675 27.1865 25.3418 26.1710 26.1814 26.6278 27.0981 27.0717 26.3760 28.1271 26.1580 26.1869 26.3587 26.4725 26.4050 27.1372 26.0260 30.1021 27.9818 6.2964 6.3271 6.2403 5.2873 5.8820 6.0687 6.4753 5.5407 6.2039 6.8371 6.0969 7.6499 7.6998 5.5808 6.5846 6.5047 5.3310 6.6161 7.3526 5.9266 7.9700 6.3027 5.2438 4.9199 5.4957 6.4116 5.0299 6.1758 6.5413 6.7069 11.2523 14.4290 15.2612 17.2580 17.4441 10.9022 21.6256 16.7695 9.3550 10.4807 19.7320 14.3621 16.4261 15.3774 14.7811 10.0120 8.3131 16.4916 12.2184 13.7368 13.8989 11.7595 16.3671 13.8293 12.0445 14.5787 9.8842 16.3440 10.4855 18.7511 17.3741 19.6463 15.6546 19.3136 17.1458 17.9470 20.8991 18.3870 21.0301 17.9916 17.2419 18.3882 19.1347 20.3776 16.0324 17.0730 21.8830 20.3697 19.4514 19.1857 17.7684 18.6221 18.0294 21.3909 18.6367 20.9321 18.9906 20.0080 20.9905 22.2375
6.2891 5.1399 5.6007 5.3541 5.4666 6.2010 5.3681 6.6928 5.1189 5.0134 5.1282 8.7021 6.8235 6.6173 4.7976 4.9328 4.6722 4.9124 6.8935 6.1274 8.1825 4.6128 9.8586 0.0000 4.1244 6.1459 7.1356 4.0829 7.0393 6.8518 26.8666 28.5252 28.7696 28.0504 27.9523 29.0438 27.2035 29.0713 27.1076 28.0234 26.4010 28.4016 27.9348 25.9317 26.7954 26.8049 27.3558 27.5228 27.4159 26.7152 28.5459 26.8417 26.7926 26.8681 26.8761 27.1066 27.6411 26.5983 30.5031 28.4820 12.8594 10.8193 11.4773 11.0659 11.5961 11.9527 12.1766 12.9160 10.2801 14.0532 11.3642 14.5446 14.5241 12.5938 11.3715 10.6032 11.4074 13.0815 14.2766 12.6515 9.1214 12.7989 12.9713 11.7498 10.9558 11.8636 11.5569 12.5836 13.5552 10.6233 14.4675 16.7191 17.1813 19.3035 20.1258 14.2834 19.7539 18.8723 12.4324 12.5451 20.0202 16.4420 16.9093 18.8316 17.1099 13.2404 12.6296 18.0822 13.6515 16.2676 17.2203 12.1153 18.9581 15.8374 15.2867 14.4221 13.6699 19.3192 13.8193 20.3634 20.5985 22.2982 19.4659 21.8292 20.1388 20.4976 23.1160 21.3389 23.4583 21.1876 20.1286 21.9777 21.8495 22.8909 19.3093 20.7491 24.1838 22.8790 22.3768 21.7440 20.5025 21.4195 20.5277 23.4926 21.6078 23.4582 21.8769 22.4050 23.1667 24.7018
5.9423 5.4085 5.3242 4.9765 4.8135 6.8822 5.4613 8.2887 5.4920 4.1918 3.4755 7.3545 6.5197 7.5179 4.0588 4.0553 5.0650 4.9859 6.0808 5.2819 8.7973 4.4343 10.2305 4.1244 0.0000 4.8354 6.6326 4.3478 7.1754 6.2639 28.3964 30.0813 30.3649 29.6346 29.4873 30.5395 28.6832 30.7044 28.6512 29.5646 27.7352 29.9296 29.5130 27.4476 28.1762 28.3948 28.9310 29.0112 28.8984 28.3008 30.0724 28.4385 28.2272 28.4291 28.4255 28.6528 29.0828 28.0210 32.0790 29.9022 12.3362 10.3565 11.1836 11.1857 11.4186 11.8317 12.2754 12.9246 10.1447 14.5469 11.5209 14.7019 15.4480 12.6178 11.0302 10.2875 11.3775 12.6529 14.2149 12.5383 8.7139 12.8453 13.1363 11.7186 11.5150 11.8533 11.5034 13.0251 13.9520 10.5882 15.6228 18.3748 19.0019 21.0606 21.8984 15.6089 21.6584 20.6093 13.9520 13.6261 21.9284 18.2450 18.5926 20.5764 18.7503 14.8101 13.5547 19.8296 15.0081 17.9669 18.8569 13.3265 20.8519 17.5624 16.8684 15.9963 15.0418 21.0400 15.4230 22.1542 22.0364 23.9707 20.8835 23.2923 21.4938 21.8489 24.7823 22.7599 25.0359 22.6082 21.5515 23.4825 23.4440 24.4735 20.6152 22.2017 25.8589 24.4836 23.8296 23.3487 21.9804 22.9089 21.9785 25.0823 23.1216 25.0751 23.4065 23.9742 24.8507 26.3288
6.6623 7.7059 8.2380 6.0518 7.1386 9.1465 7.3841 10.3377 8.1607 4.7417 4.5140 7.6813 5.7514 10.0327 5.6445 5.1903 6.7470 4.9079 7.7750 5.2235 10.9779 6.3250 12.1518 6.1459 4.8354 0.0000 7.6314 5.9034 5.6672 6.3396 30.1424 31.7650 32.0333 31.2537 31.2406 32.2543 30.4165 32.3596 30.3759 31.1986 29.4865 31.6729 31.2091 29.2013 29.9942 30.0905 30.6958 30.6995 30.5766 29.9487 31.8100 30.0868 30.0110 30.1254 30.0663 30.3943 30.8213 29.8316 33.7519 31.6680 14.6338 12.2596 13.4008 13.3530 13.4464 13.7992 14.1794 15.1304 12.2246 16.7506 13.5305 16.6776 17.2279 14.6142 12.7165 12.5266 13.6682 14.6593 16.2822 14.7268 10.2357 15.0918 15.4033 14.0073 13.9329 14.0539 13.7499 15.2036 16.3311 12.7797 17.6131 20.2387 20.8023 22.8486 23.7500 17.7546 23.2370 22.4137 15.8471 15.4719 23.6687 20.0836 20.5394 22.3109 20.6796 16.7823 15.7136 21.7441 17.1748 19.7342 20.6724 15.5158 22.5338 19.5959 18.9181 18.1989 16.9914 22.8631 17.3764 24.0907 24.0078 25.7724 22.8841 25.2395 23.5323 23.8886 26.5352 24.7547 26.9530 24.5560 23.5953 25.3205 25.2874 26.2736 22.6383 24.0917 27.5741 26.3252 25.7663 25.2347 23.8515 24.8727 23.9809 26.9565 24.9598 26.8900 25.3009 25.8546 26.6080 28.0587
7.6027 6.5585 7.0954 6.7783 6.9019 7.1627 6.9976 9.0278 6.7195 6.6784 6.7366 10.2100 8.9836 8.0782 6.3373 6.7277 7.1355 6.9212 8.0860 7.4676 9.2735 6.7379 7.8960 7.1356 6.6326 7.6314 0.0000 6.4122 8.5316 8.7948 27.0177 28.8894 29.2373 28.5056 28.2610 29.2995 27.4753 29.6552 27.4823 28.2776 26.5384 28.6854 28.2560 26.2662 27.0016 27.0992 27.7131 27.6964 27.6373 27.2805 28.9521 27.2358 26.9301 27.1521 27.1014 27.3927 27.7065 26.7415 31.0953 28.5958 9.8703 8.3542 8.6310 8.7056 9.3297 9.4199 9.8701 10.3715 7.5860 12.0192 9.4418 12.0036 13.2511 10.0177 8.7740 8.4183 9.2786 10.1385 11.6872 10.1101 7.1835 10.3349 10.2380 9.2209 9.7335 10.1687 8.9384 10.9193 11.2971 8.5775 13.3551 16.9613 16.9360 19.2235 20.0875 13.7935 21.7066 18.6772 12.1305 11.2718 20.8660 16.6927 18.7762 18.7097 16.7144 12.9130 11.9341 18.6840 13.9751 15.9809 17.1460 13.1271 19.1476 16.4154 15.0494 15.6844 12.8322 19.2133 13.7561 20.6837 20.3205 22.5315 18.8932 21.7803 20.1830 20.3532 23.4756 21.0253 23.7461 20.8166 20.1725 21.8869 22.1544 23.1302 18.5916 20.5307 24.6318 23.1327 22.2995 21.7319 20.3400 21.3893 20.4851 23.7807 21.6242 23.8742 21.9927 22.6837 23.4393 25.1468
6.6134 3.9494 4.7765 4.6468 5.4580 4.8738 3.7166 6.4004 4.3205 4.4606 4.3899 9.0699 7.6449 5.5856 4.3138 3.9151 4.1530 3.9277 5.1586 6.2442 7.1229 5.1327 9.1529 4.0829 4.3478 5.9034 6.4122 0.0000 6.9233 6.1147 27.5372 29.2470 29.5275 28.8620 28.6885 29.7285 27.9825 29.9092 27.8472 28.7932 27.1601 29.1269 28.6214 26.7033 27.4756 27.5763 28.0574 28.2261 28.1705 27.5962 29.2754 27.6388 27.4857 27.6555 27.6457 27.8181 28.2727 27.2698 31.3266 29.1750 12.2382 9.7619 10.4885 10.3233 10.7406 10.7739 11.0724 12.0800 9.3581 13.2807 10.3314 13.7523 13.9544 11.8795 10.4983 9.6741 10.7623 12.1365 13.3200 11.5957 9.0215 12.0402 12.1494 10.9195 10.4670 11.0208 10.6807 11.9898 12.9701 10.3745 14.2904 16.9932 17.4840 19.6781 20.3847 13.8668 20.5161 19.2197 12.1394 12.1878 20.7349 16.6655 17.0459 18.8568 17.0228 13.1838 12.0750 18.4868 13.6024 16.5357 17.1912 11.5491 19.1733 15.7539 15.2925 14.4175 13.2863 19.4393 13.7274 20.8114 20.8136 22.6999 19.5434 22.2785 20.5603 20.8355 23.5824 21.6097 23.9132 21.4057 20.5456 22.0767 22.2164 23.2994 19.3989 20.8871 24.6862 23.3352 22.7306 22.1749 20.8946 21.7639 20.9662 24.0092 21.9551 23.9173 22.2788 22.8612 23.6733 25.0257
5.9675 8.6589 9.3497 6.6247 7.3704 9.6423 9.1783 10.5542 8.7213 6.7426 6.4091 7.9395 4.7301 10.5013 7.4781 6.9557 7.5111 6.1443 9.9653 5.4658 12.4332 6.5057 13.0111 7.0393 7.1754 5.6672 8.5316 6.9233 0.0000 7.8022 28.8554 30.3342 30.6745 29.7719 29.9360 30.8087 29.1531 30.7990 29.0669 29.6746 28.2605 30.1982 29.8228 27.9166 28.7520 28.6468 29.3219 29.3224 29.1732 28.5011 30.4156 28.5447 28.7765 28.7909 28.5587 28.9824 29.4858 28.5713 32.1899 30.3316 16.1459 14.1103 14.8553 14.6749 15.2794 15.6138 15.8251 16.6271 13.6597 17.9316 15.2046 18.2760 18.0899 16.1360 14.5709 14.1631 14.7749 16.5150 18.0521 16.3798 10.8881 16.5160 16.6248 15.3111 15.0232 15.8728 15.1225 16.5228 17.4360 13.3809 18.0214 20.0662 19.9910 21.9853 23.0969 18.1396 22.0653 21.7883 16.0595 15.7275 22.6048 19.7539 20.5083 21.9161 20.3394 16.7373 16.6769 21.3834 17.4833 19.2254 20.5086 16.1085 21.8980 19.4004 18.8062 17.9971 17.4308 22.4251 17.3149 23.3367 23.7776 25.1576 22.8026 24.7535 23.3128 23.6462 25.8089 24.4558 26.3031 24.3538 23.3398 25.0947 24.7105 25.7789 22.5575 23.9851 26.7458 25.7805 25.4949 24.6369 23.3454 24.4345 23.5930 26.2236 24.5995 26.2938 24.8463 25.2407 25.7576 27.4265
8.4906 8.2499 8.5015 8.3636 8.0509 8.8131 7.0183 9.2959 7.2825 6.8348 5.1794 7.8716 8.7223 9.7251 7.6501 5.9841 6.2128 6.2938 6.9916 7.7133 10.6517 8.1216 12.1764 6.8518 6.2639 6.3396 8.7948 6.1147 7.8022 0.0000 28.2525 29.8618 30.2099 29.4424 29.3710 30.2750 28.6904 30.4745 28.5560 29.3702 27.9017 29.7064 29.2315 27.4150 28.1643 28.2115 28.7265 28.8539 28.8276 28.2438 29.8696 28.1773 28.2231 28.4110 28.2395 28.4641 28.9155 27.9938 31.8298 29.8305 15.3722 13.1322 13.8492 13.4541 13.9818 14.0880 14.1357 15.1346 12.8041 16.1045 13.4973 16.4796 16.3555 14.9419 13.6170 13.0461 14.0751 15.1172 16.2222 14.7495 12.0172 15.1485 15.1528 14.0949 13.5595 14.3290 13.9335 15.0146 15.6794 13.3617 16.0490 18.6410 18.8902 20.9672 21.6158 15.9863 21.4377 20.6471 14.3866 14.1892 21.9003 18.2239 18.6960 20.4481 18.6257 15.3445 14.3798 20.1310 15.4821 17.9492 18.8247 13.6275 20.5242 17.3965 17.1359 16.2035 15.3113 20.7273 15.8435 22.1209 22.1940 23.8159 21.0572 23.4818 21.9275 22.1527 24.6418 22.9552 24.9736 22.7734 21.9250 23.3731 23.4118 24.4482 20.9000 22.3067 25.6720 24.4563 24.0133 23.3634 22.0946 23.0379 22.3060 25.0486 23.1979 25.0239 23.5075 24.0051 24.6943 26.0367
27.8722 27.4206 27.2828 28.4134 28.2843 26.2554 27.7543 25.3201 26.0646 29.0721 29.0074 29.9903 29.2530 25.7525 28.3801 29.2621 26.6003 28.3943 28.7764 29.1576 27.1781 27.6980 26.1269 26.8666 28.3964 30.1424 27.0177 27.5372 28.8554 28.2525 0.0000 4.1670 4.7999 5.3676 3.3620 5.9479 4.8875 5.4129 5.1529 5.1861 8.6698 4.4135 5.4452 3.5591 6.5051 4.7469 5.1664 4.0926 4.2981 4.7225 4.3271 7.4386 4.2613 4.1755 4.7836 5.2891 4.7217 4.8938 7.6063 5.0305 27.6845 27.7597 26.5571 25.3870 27.4219 27.4315 26.4185 26.3900 26.2751 25.1396 26.1691 26.3700 24.1829 26.1304 26.9546 26.3374 26.1459 27.9670 27.6513 27.1170 26.7711 26.0929 25.8432 25.9527 24.2988 26.6702 26.1109 25.1042 24.8576 25.2893 19.5459 17.1083 14.7911 13.3058 15.4269 20.1251 15.9734 14.9669 20.2082 20.2414 13.8292 16.7582 19.1985 17.2088 16.1339 19.3286 22.2830 16.8633 19.4265 16.2972 18.1545 21.7619 16.2004 17.2747 17.9186 18.6725 20.6771 16.2733 19.1472 14.0018 14.1480 13.7192 15.0738 11.3590 14.1788 12.4810 11.6509 12.4025 12.5894 13.3375 14.1175 16.0840 13.8709 12.9622 13.9763 15.7507 13.9678 13.1305 13.8668 11.3621 12.6028 12.8881 11.9606 11.1956 13.9346 13.7920 14.1196 12.5155 12.0789 15.0607
29.3738 29.2728 29.0039 30.0528 29.8985 28.0915 29.6219 27.3138 27.8238 30.7849 30.7228 31.3481 30.6383 27.5757 30.1490 31.0126 28.3886 30.0874 30.5819 30.7108 29.1807 29.3183 28.0307 28.5252 30.0813 31.7650 28.8894 29.2470 30.3342 29.8618 4.1670 0.0000 4.5914 6.7810 4.1317 5.9176 4.7064 4.4305 4.0309 5.5727 7.9832 3.8884 6.4136 4.3423 5.6877 6.0471 5.6088 3.7809 4.9994 4.4573 3.3598 8.4623 5.8793 4.9980 5.7843 5.8426 5.8279 5.7029 6.6951 5.3319 29.7192 29.8116 28.6250 27.3957 29.5354 29.5949 28.6644 28.5038 28.3874 27.3183 28.3525 28.6350 26.4108 28.3141 29.0001 28.3569 28.0476 30.0900 29.8625 29.3025 28.4201 28.2362 27.9641 28.0192 26.3369 28.7948 28.1686 27.3012 27.0888 27.0638 21.7311 19.0658 16.7929 15.3335 17.2301 22.2456 17.4453 17.1335 22.3619 22.2493 15.8025 18.9345 20.9797 19.0383 18.2965 21.3326 24.3355 19.1415 21.4543 18.2174 20.0916 23.7775 18.0929 19.2783 19.8936 20.6781 22.9616 18.1736 21.2605 15.8384 16.4835 15.5872 17.2806 13.6268 15.9958 14.7122 13.2480 14.5877 14.0313 15.8465 16.0371 17.9134 15.2189 14.9053 16.3154 17.9438 15.4027 15.0757 16.0669 13.5250 15.1907 14.7063 13.9242 12.9636 16.0954 15.1533 16.2120 14.3560 14.0157 16.1242
29.7849 29.5029 29.3020 30.3497 30.2912 28.3374 29.7835 27.2982 28.1907 31.0345 30.9772 31.7564 30.9833 27.8036 30.3365 31.2518 28.5330 30.3349 30.7574 31.0213 29.1639 29.6759 28.2490 28.7696 30.3649 32.0333 29.2373 29.5275 30.6745 30.2099 4.7999 4.5914 0.0000 5.6854 3.1804 6.2954 6.1455 4.5402 4.9331 6.5590 10.4809 5.9430 5.7209 5.0981 8.1599 6.2291 5.2985 6.3177 6.5145 5.1089 4.0543 8.5276 6.2297 5.0092 7.0977 6.4732 7.3682 7.2539 6.0622 6.5693 29.9276 29.9040 28.7464 27.5973 29.5576 29.6667 28.6430 28.6541 28.4881 27.2725 28.3787 28.5122 26.3053 28.3783 29.1142 28.4689 28.2699 30.2049 29.9399 29.3784 28.7837 28.2376 28.0561 28.1377 26.4240 28.7849 28.3642 27.3027 27.0863 27.3321 21.6643 18.5611 16.6777 14.8266 16.6436 22.1628 16.5775 16.4551 22.3141 22.4958 14.7774 18.5185 20.2925 18.3888 18.3178 21.4125 24.3840 17.9514 21.4515 17.9971 19.6282 23.7825 17.5039 19.0170 19.8495 20.5538 22.8335 17.6282 21.0495 14.9547 15.5474 14.2940 16.9282 12.6478 15.3786 14.0436 11.9161 13.7882 13.0067 14.8799 15.3612 16.9921 14.4808 13.5201 16.0432 16.9923 13.9284 13.6028 14.7153 12.5368 14.3335 13.8564 13.4803 11.5599 14.8974 14.0901 14.9771 13.0857 12.6018 14.8308
28.9575 28.8363 28.6524 29.5350 29.5002 27.6753 29.0534 26.3120 27.5479 30.2460 30.2226 30.9129 30.1203 27.2135 29.6433 30.4933 27.7441 29.6200 30.1018 30.1699 28.5976 28.8764 27.6035 28.0504 29.6346 31.2537 28.5056 28.8620 29.7719 29.4424 5.3676 6.7810 5.6854 0.0000 5.5232 5.1242 8.2088 5.1540 8.1275 5.8294 12.1139 6.4343 3.7640 6.2321 9.4452 3.9735 5.2056 7.7871 6.0050 6.2087 6.1211 5.5140 6.2254 6.8599 5.6328 5.4705 6.8560 7.8638 5.5337 6.8065 29.3909 29.3684 28.2742 27.1531 29.0988 29.1795 28.1189 28.1718 27.8656 26.9275 27.8448 28.1654 25.5140 27.8014 28.6014 28.0200 27.7397 29.7709 29.5873 28.8916 28.0829 27.8578 27.5771 27.7024 25.9301 28.3446 27.8630 26.6961 26.6388 26.7557 21.5816 18.4745 16.4460 14.6608 16.4819 21.9099 16.2821 16.0676 21.8191 22.3981 14.0062 18.0928 20.2283 18.3768 18.1772 20.9957 24.1530 17.6113 21.4444 17.6797 19.3177 23.4309 17.1421 18.7198 19.7523 20.2919 22.2237 17.4230 20.5637 15.0794 15.1173 14.1150 16.8551 12.5839 15.6415 14.3618 12.1727 14.1078 13.2080 14.6556 15.6410 16.8888 14.5959 13.6643 16.2831 16.6302 13.2494 13.4841 14.8919 12.6308 13.0636 14.2212 13.9653 11.5227 14.5306 14.2002 14.4027 12.8917 11.6974 15.2465
