0.0000 10.7469 8.3920 9.7263 4.0301 9.9510 7.3475 5.9199 4.9038 4.4960 5.5878 2.0917 3.0266 17.0157 6.3631 4.4219 4.4330 8.3670 5.1170 3.7953 10.9200 6.5382 9.5001 4.8151 3.6135 6.2602 10.9228 8.0205 5.4324 9.0231 62.6723 58.7586 57.4429 67.6037 58.3829 60.9190 56.2823 62.6773 61.9376 53.9493 61.2964 63.2038 61.1668 61.6100 61.0699 63.8868 65.5041 59.7219 57.6116 53.6344 59.0100 65.9129 61.8471 60.6661 61.9900 54.9212 52.0120 52.3725 64.8841 56.6549 28.3496 30.3347 32.3572 36.6097 35.7887 32.3083 31.8385 31.2899 31.2050 25.6419 24.0865 36.1003 31.0260 35.9676 42.8907 27.8482 32.8219 38.0652 32.7925 32.2318 31.6663 30.1353 37.6309 37.0259 36.3132 35.5376 30.7414 32.1815 33.2633 34.9925 20.2907 18.6976 24.2554 27.4212 14.1740 24.5092 18.6125 24.3958 20.0096 23.8339 36.8457 31.0549 28.4192 27.0310 30.5470 17.1534 22.5079 28.9340 26.0855 28.2373 24.9131 24.6090 27.9004 15.4331 28.0806 23.1071 16.8609 31.0794 8.6698 28.4194 51.4970 63.9479 55.4933 59.1894 55.0146 57.0912 54.9432 54.9294 57.8479 53.7186 54.0376 54.3520 55.3504 60.1097 48.6776 56.7891 60.6917 50.9014 57.4719 56.9639 54.4635 47.4147 55.0423 53.1703 55.5929 51.9946 57.5876 55.4842 55.1309 60.1697
10.7469 0.0000 5.2091 6.3585 7.1265 2.7519 4.3471 5.2492 6.4249 6.6466 5.5214 10.8692 11.6000 6.8902 6.1838 11.8953 7.7655 9.8980 6.5471 8.5006 3.6503 4.6605 7.9485 7.2693 13.1522 7.8003 2.7241 4.5698 11.1839 3.6465 52.9286 49.1535 47.6453 57.7964 48.5756 51.1117 46.7109 52.8699 52.1940 44.2777 51.5528 53.4062 51.3595 51.8026 51.2626 54.0795 55.6968 49.9783 47.9449 43.8907 49.2027 56.1056 52.0398 50.9224 52.1827 45.5244 42.2775 42.6173 55.0768 46.9126 18.0450 20.0037 21.9940 26.2993 25.4294 21.9266 21.3581 20.6211 20.7801 15.3935 13.9598 25.6906 20.8174 25.5292 32.3465 17.4848 22.4080 27.6129 22.4241 21.8494 21.5740 19.6879 27.2362 26.6534 25.9731 25.1180 20.2034 21.8452 22.8863 24.6727 10.3341 9.0800 14.3946 17.6929 4.9380 14.1892 9.0268 14.4147 9.7879 13.5536 26.8579 20.7381 18.0871 17.0984 20.2350 7.2315 12.8293 18.5382 15.9882 18.5288 15.2508 14.3248 17.7404 6.0683 17.7485 13.2052 7.0761 20.8489 5.2989 18.5437 41.6911 54.0479 45.7497 49.2045 44.9902 47.1271 44.9998 45.0849 48.0685 43.7281 43.9082 44.2226 45.2406 50.3270 38.9550 46.6597 50.8844 41.0931 47.5114 46.9857 44.4575 37.6074 45.1363 43.3630 45.5878 42.0745 47.3693 45.6982 45.3257 50.3624
8.3920 5.2091 0.0000 2.1938 5.5186 2.9102 6.1222 5.4954 4.0228 5.5286 6.1282 8.4814 8.3118 9.7898 3.6669 8.9710 5.5080 9.7090 3.9248 5.5885 3.9984 3.4414 3.4675 4.2242 11.3791 9.2492 6.3713 2.7071 7.5351 7.4925 55.5922 51.9010 50.3100 60.3270 51.2492 53.6423 49.4647 55.4006 54.8810 47.0252 54.2164 56.0698 53.9119 54.3333 53.7932 56.6575 58.2274 52.6993 50.6924 46.5543 51.8391 58.7602 54.6250 53.6552 54.7133 48.1389 45.0638 45.3197 57.6074 49.5271 20.4862 21.9753 24.4860 28.3056 28.0052 24.3341 24.4313 24.1155 23.4869 17.6696 17.1344 28.4179 23.4493 28.5159 35.3854 19.9686 25.1731 30.4736 25.0916 24.6279 23.3119 22.6998 29.5215 29.3402 28.6613 28.1103 23.2328 24.4853 25.5963 26.8822 13.5368 12.5940 17.6148 20.9164 7.5920 17.5106 10.8744 16.9734 13.1786 16.8210 29.9769 24.0982 21.4380 20.0468 23.5346 10.0469 15.9657 21.7622 19.2510 21.4437 17.6961 17.7460 20.8897 8.4045 21.0606 16.2862 10.3132 24.0810 5.5290 21.7899 44.3851 56.7892 48.4455 51.9457 47.7576 49.8683 47.7410 47.8261 50.7415 46.4693 46.7806 47.0949 47.7927 53.0682 41.6962 49.5320 53.4150 43.7669 50.1292 49.7269 47.2065 40.2599 47.7999 45.9037 48.3170 44.7004 50.2222 48.3618 48.0669 52.9206
9.7263 6.3585 2.1938 0.0000 7.1204 4.4090 7.7557 7.1038 5.4428 7.1675 7.6714 9.8914 8.4032 9.9863 5.0297 9.1968 6.0244 11.1446 5.0398 6.3326 4.6255 5.2903 3.7531 5.4080 11.8957 10.8245 7.8555 3.2591 8.4824 9.0076 55.8460 52.1360 50.5451 60.4560 51.4843 53.7713 49.7648 55.5296 55.1161 47.2805 54.4226 56.2760 54.1181 54.4623 53.9226 56.8637 58.3565 52.9344 50.9274 46.7852 52.0453 58.9898 54.8312 53.8903 54.8477 48.2968 45.3639 45.5548 57.7364 49.6850 20.6032 21.8628 24.5902 28.4020 28.1093 24.4382 24.6127 24.3658 23.6346 17.7681 17.4146 28.5221 23.7133 28.6972 35.5668 20.1123 25.3545 30.6549 25.2409 24.8030 23.3370 22.8812 29.6257 29.5216 28.8195 28.2917 23.4142 24.6667 25.7777 26.9807 13.8706 13.7874 17.8838 21.2535 7.9261 17.8037 11.0231 17.2029 13.4949 17.0435 30.2358 24.4201 21.7311 20.3521 23.8565 10.5991 16.2998 21.9902 19.5850 21.7182 17.8968 18.0679 21.1986 8.7356 21.3285 16.5552 10.6314 24.4029 7.0448 22.0644 44.6564 57.0604 48.7168 52.2170 48.0112 50.1396 48.0123 48.0974 51.0127 46.7406 47.0342 47.3485 47.9634 53.3395 41.9675 49.7856 53.5440 44.0382 50.3485 49.9982 47.4700 40.4661 48.0503 46.1100 48.5883 44.9066 50.4758 48.5845 48.3382 53.1268
4.0301 7.1265 5.5186 7.1204 0.0000 5.9355 4.1577 3.1991 3.4259 2.8062 2.4962 4.2487 5.0635 13.2974 5.0247 6.5106 5.6439 5.9871 3.9442 4.3364 7.5898 4.7343 7.9013 3.7794 6.9038 4.3214 7.1167 4.8767 5.1964 5.5032 59.3631 55.4494 54.0888 64.2496 55.0288 57.5649 52.9767 59.3231 58.6284 50.6400 57.9872 59.8496 57.8126 58.2558 57.7158 60.5327 62.1500 56.4127 54.3024 50.3251 55.6559 62.5588 58.4929 57.3568 58.6359 51.8090 48.7028 49.0517 61.5300 53.3007 24.4918 26.3192 28.4564 32.5942 31.9659 28.3254 28.1674 27.6472 27.3937 21.6743 20.6180 32.3401 27.3289 32.2519 39.1746 23.9538 29.0699 34.3132 29.0008 28.5158 27.6899 26.4359 33.6348 33.2739 32.5612 31.8464 27.0253 28.3852 29.5113 30.9770 16.9172 15.5100 20.8689 24.1764 10.7970 21.0969 14.8465 20.8777 16.6110 20.4259 33.5338 27.6427 25.0070 23.5976 27.1348 13.6588 19.2281 25.4769 22.6845 24.8422 21.5286 21.2015 24.4882 12.0202 24.6684 19.7122 13.4921 27.6672 5.1087 25.0557 48.1255 60.4647 52.1841 55.7062 51.5315 53.6081 51.4600 51.4976 54.5029 50.2345 50.5545 50.8688 51.8177 56.7397 45.3684 53.3059 57.3375 47.5275 53.9646 53.4807 50.9803 44.0606 51.5707 49.8162 52.0601 48.5277 54.0549 52.1326 51.7384 56.8156
9.9510 2.7519 2.9102 4.4090 5.9355 0.0000 4.9126 5.0055 5.2342 6.3001 5.2073 9.9471 10.0265 7.8380 4.8548 10.5794 7.1767 8.4632 5.3200 7.1449 3.1840 3.8757 5.9412 5.9896 12.7810 8.1026 3.7323 3.3285 9.4846 4.9364 53.9231 50.2520 48.6610 58.7051 49.6002 52.0203 47.8094 53.7786 53.2320 45.3762 52.5473 54.4007 52.2681 52.7113 52.1713 54.9884 56.6055 51.0503 49.0434 44.9011 50.1700 57.0911 52.9559 52.0062 53.0914 46.5371 43.3760 43.6707 55.9855 47.9253 18.7087 20.3837 22.6730 26.6940 26.1853 22.4963 22.5285 22.0968 21.6313 15.8913 15.1562 26.5623 21.6186 26.6130 33.4826 18.1247 23.2927 28.5707 23.2359 22.7723 21.7619 20.7970 27.7131 27.4933 26.8146 26.2075 21.3300 22.6251 23.7307 25.1098 11.7623 10.6513 15.8403 19.1385 5.7703 15.5866 9.2716 15.3421 11.2760 14.9491 28.2318 22.1779 19.4976 18.2253 21.6454 8.2227 14.1404 19.8725 17.4339 19.6514 16.0447 15.8332 19.1152 6.7502 19.1911 14.5117 8.4720 22.2419 4.2814 19.9977 42.6856 55.0693 46.7442 50.2258 46.0115 48.1484 46.0212 46.1063 49.0630 44.7495 44.9834 45.2978 46.1492 51.3483 39.9763 47.7349 51.7930 42.0876 48.4601 48.0070 45.4788 38.5908 46.1308 44.2717 46.5971 43.0313 48.4250 46.6927 46.3470 51.2711
7.3475 4.3471 6.1222 7.7557 4.1577 4.9126 0.0000 1.9896 3.9029 2.8618 2.7992 7.7366 8.7691 10.8106 4.2972 9.0758 7.0557 8.2415 4.4315 5.5127 5.2515 3.8699 8.8640 4.7185 9.1121 4.2436 4.6610 5.0300 8.9082 2.9709 56.2719 52.3939 51.1542 61.3149 52.0942 54.6302 49.8819 56.3885 55.6407 47.5489 54.9007 56.9150 54.8780 55.3212 54.7811 57.5981 59.2154 53.3215 51.2161 47.2870 52.7212 59.6242 55.5583 54.3315 55.7013 48.7633 45.6116 46.0837 58.5954 50.3661 22.2522 24.2986 26.2700 30.5736 29.6287 26.2215 25.1542 24.6190 25.0511 19.6157 17.4482 29.9644 24.8015 29.4351 36.2497 21.7772 26.5043 31.6402 26.6740 26.0696 25.8305 23.5774 31.5235 30.8302 30.1101 28.9994 24.1764 26.0582 27.0666 28.9564 13.6067 12.0709 17.5179 20.7098 7.7539 17.7249 12.7778 18.0774 13.0915 17.0872 30.2763 24.2101 21.6312 20.5192 23.7022 10.8206 16.0213 22.4016 19.2480 21.6395 18.9519 17.6759 21.1313 9.1073 21.2802 16.6380 10.1213 24.2345 4.4986 21.6740 45.1127 57.2766 49.0929 52.5035 48.3612 50.4053 48.2585 48.3978 51.4645 47.1209 47.3629 47.6661 48.8643 53.7521 42.2773 50.1032 54.4029 44.5114 51.0300 50.3425 47.7776 41.1260 48.5645 46.8816 49.1068 45.5930 51.1015 49.1409 48.6854 53.8809
5.9199 5.2492 5.4954 7.1038 3.1991 5.0055 1.9896 0.0000 2.8082 1.7683 2.7122 6.5025 7.4310 11.7364 3.8332 7.7388 5.4987 8.0839 3.4666 4.2206 6.2148 3.4857 7.7675 3.6572 7.9071 5.2603 5.6152 4.1844 7.9129 4.3266 57.3644 53.4628 52.2231 62.3839 53.1631 55.6992 50.9745 57.4575 56.7096 48.6414 55.9886 57.9840 55.9470 56.3902 55.8501 58.6670 60.2843 54.4140 52.3038 48.3559 53.7902 60.6931 56.6273 55.4005 56.7702 49.7283 46.7042 47.1527 59.6643 51.4351 23.2174 25.2443 27.2157 31.5193 30.6018 27.1672 26.3749 25.7371 26.0266 20.5483 18.6667 30.9399 25.8014 30.6345 37.4654 22.7229 27.5238 32.7374 27.6351 27.0451 26.6358 24.7769 32.4854 31.8345 31.0856 30.1989 25.3279 27.0337 28.0588 29.9021 14.7725 13.1661 18.7272 21.8576 8.8154 18.9679 13.5650 19.0975 14.3894 18.3261 31.4005 25.4766 22.8742 21.6935 24.9687 11.9067 17.1028 23.4671 20.5072 22.8508 19.7821 18.9889 22.3742 10.1757 22.5232 17.7642 11.3459 25.5010 4.3635 22.8510 46.1817 58.5197 50.1855 53.7612 49.5864 51.6630 49.5150 49.5389 52.5335 48.3322 48.6095 48.9238 50.0521 54.8210 43.3698 51.3609 55.4719 45.5803 52.1736 51.5538 49.0353 42.1949 49.7172 47.9505 50.2945 46.6963 52.2893 50.2098 49.7637 54.9499
4.9038 6.4249 4.0228 5.4428 3.4259 5.2342 3.9029 2.8082 0.0000 2.9387 4.1804 5.3619 5.5254 12.4698 2.2682 5.8850 3.9747 8.7525 1.6690 2.2872 6.5718 3.2479 5.9529 1.7601 7.8141 7.1697 6.5710 3.5995 6.2914 5.9732 58.1577 54.2440 52.8746 63.0354 53.8146 56.3507 51.7677 58.1089 57.4230 49.4347 56.7818 58.6354 56.5984 57.0416 56.5016 59.3185 60.9358 55.2073 53.0970 49.1198 54.4417 61.3446 57.2787 56.1515 57.4217 50.5204 47.4974 47.8463 60.3158 52.0865 23.6222 25.5042 27.5896 31.7792 31.0987 27.4996 27.3484 26.9346 26.5662 20.8158 19.7327 31.5126 26.4191 31.4330 38.3468 23.0870 28.2027 33.4803 28.1516 27.6880 26.8017 25.6169 32.8305 32.4067 31.7214 31.0274 26.1975 27.5408 28.6441 30.1621 15.9282 14.3436 19.8784 23.0442 9.7553 20.1322 13.7632 19.7743 15.6369 19.4569 32.4347 26.6780 24.0423 22.6157 26.1701 12.6196 18.1498 24.5033 21.7086 23.7239 20.2889 20.2364 23.5234 10.8767 23.7037 18.7009 12.5028 26.7024 4.8371 24.0425 46.9292 59.3845 50.9787 54.6260 50.4512 52.5278 50.3798 50.3659 53.2976 49.1542 49.4742 49.7886 50.7289 55.5389 44.1630 52.2257 56.1233 46.3336 52.8504 52.4004 49.9001 42.8464 50.4745 48.6020 50.9714 47.3731 52.9661 50.9273 50.5675 55.6014
4.4960 6.6466 5.5286 7.1675 2.8062 6.3001 2.8618 1.7683 2.9387 0.0000 2.9095 5.0172 5.9427 13.1367 4.0503 6.2526 4.8039 8.3180 3.0485 3.3962 7.0566 3.2167 7.5809 3.2008 6.5056 5.2627 7.0126 4.9856 6.5576 4.8558 58.8658 54.9522 53.7087 63.8695 54.6487 57.1848 52.4759 58.9430 58.1952 50.1428 57.4900 59.4695 57.4325 57.8757 57.3357 60.1526 61.7699 55.9154 53.8052 49.8415 55.2758 62.1787 58.1128 56.8860 58.2558 51.2825 48.2056 48.6382 61.1499 52.9206 24.6416 26.6479 28.6193 32.9229 32.0260 28.5708 27.7934 27.1349 27.4240 21.9530 20.1152 32.3372 27.2266 32.0643 38.8838 24.1266 28.9598 34.1671 29.0325 28.4485 28.0467 26.2067 33.8828 33.2525 32.5029 31.6286 26.7576 28.4311 29.4830 31.3057 16.1729 14.6629 20.1254 23.3564 10.2788 20.3661 14.9633 20.4982 15.8240 19.7243 32.8835 26.8906 24.2724 23.0943 26.3827 13.3187 18.5912 24.8535 21.9212 24.2675 21.2655 20.4235 23.7724 11.6099 23.9213 19.1882 12.7811 26.9150 5.1061 24.2870 47.6673 59.9569 51.6868 55.1984 51.0236 53.1002 50.9522 50.9917 54.0191 49.7488 50.0466 50.3610 51.4528 56.3066 44.8712 52.7981 56.9574 47.0659 53.5845 52.9729 50.4725 43.6805 51.1190 49.4361 51.6953 48.1476 53.6900 51.6954 51.2428 56.4355
5.5878 5.5214 6.1282 7.6714 2.4962 5.2073 2.7992 2.7122 4.1804 2.9095 0.0000 6.0805 6.8900 11.6764 4.9152 7.5690 6.2674 6.2153 4.6888 5.2079 6.1541 4.8475 8.9565 4.8939 8.0565 3.8460 5.5850 5.1544 6.8103 3.8060 57.4489 53.5388 52.2488 62.4096 53.1888 55.7249 51.0962 57.4832 56.7353 48.7258 56.0730 58.0097 55.9727 56.4159 55.8758 58.6928 60.3101 54.4985 52.3882 48.4110 53.8159 60.7188 56.6530 55.4427 56.7959 50.0027 46.7886 47.1784 59.6900 51.4608 23.2264 25.1998 27.1714 31.4748 30.6068 27.1227 26.4714 25.8958 25.9790 20.5147 18.6621 30.8923 25.7925 30.6777 37.5529 22.6785 27.5701 32.7806 27.6071 27.0324 26.5793 24.8201 32.4379 31.8364 31.0868 30.2420 25.4036 26.9961 28.0638 29.8576 14.8384 13.4883 18.8431 22.1662 8.8524 18.9846 13.4797 18.9688 14.4926 18.3212 31.5641 25.5304 22.8946 21.5660 25.0225 11.7298 17.2148 23.4387 20.5609 22.9083 19.7662 19.0921 22.3758 10.1507 22.5560 17.7283 11.4321 25.5548 4.0679 23.0456 46.2113 58.5495 50.2699 53.7265 49.5517 51.6286 49.5013 49.5864 52.5887 48.2547 48.5747 48.8891 49.9092 54.8652 43.4565 51.3262 55.4976 45.6133 52.1247 51.5010 49.0006 42.2206 49.6591 47.9762 50.2010 46.6877 52.1464 50.2355 49.8272 54.9756
2.0917 10.8692 8.4814 9.8914 4.2487 9.9471 7.7366 6.5025 5.3619 5.0172 6.0805 0.0000 3.7920 17.4629 6.4215 5.2191 4.8928 7.0041 5.6519 4.4617 10.9905 6.7892 9.9385 4.9606 3.5199 5.2154 11.3551 8.2049 4.4834 9.1660 62.9331 59.0195 57.7351 67.8959 58.6751 61.2112 56.5432 62.9695 62.2216 54.2101 61.5573 63.4960 61.4590 61.9022 61.3621 64.1790 65.7963 59.9827 57.8725 53.8952 59.3022 66.2051 62.1393 60.9269 62.2822 55.4023 52.2729 52.6647 65.1763 56.9471 28.2544 30.2890 32.3465 36.5476 35.7088 32.2976 31.6261 31.3838 31.2618 25.6058 24.2408 36.1572 31.0345 35.7866 42.7096 27.8374 32.5733 37.8431 32.7802 32.2588 31.6537 29.9542 37.6208 36.9325 36.2748 35.3565 30.5727 32.2022 33.1305 34.9536 20.6143 19.0867 24.5632 27.7614 14.4413 24.8031 18.9265 24.5835 20.2250 24.1417 37.2477 31.3488 28.7131 27.2947 30.8409 17.3634 22.8355 29.3015 26.3816 28.4278 25.1949 24.8243 28.1943 15.6103 28.3745 23.4323 17.1059 31.3733 8.9733 28.7133 51.6956 64.0200 55.7542 59.2615 55.1095 57.1633 55.0153 55.0760 58.0730 53.8692 54.1097 54.4241 55.5324 60.3330 48.9385 56.8612 60.9839 51.0976 57.6539 57.0908 54.5356 47.7069 55.1975 53.4625 55.7749 52.1766 57.7696 55.7218 55.2798 60.4619
3.0266 11.6000 8.3118 8.4032 5.0635 10.0265 8.7691 7.4310 5.5254 5.9427 6.8900 3.7920 0.0000 17.6507 6.6962 2.9060 4.5182 9.5797 5.3914 3.4957 11.8776 7.4297 9.1946 4.6560 4.3933 8.5645 11.5440 8.7987 5.7796 10.1622 63.4227 59.5091 58.0637 68.2245 59.0250 61.5398 57.0328 63.2981 62.6881 54.6997 62.0469 63.9003 61.7876 62.2308 61.6907 64.5077 66.1250 60.4723 58.3621 54.3848 59.6696 66.5907 62.4679 61.4165 62.6108 55.6859 52.7635 53.1114 65.5050 57.2757 28.6186 30.2522 32.5910 36.5432 36.1101 32.4390 32.4692 32.0761 31.5919 25.8021 25.1160 36.5229 31.5430 36.5538 43.4233 28.0501 33.2275 38.5252 33.1966 32.7329 31.5479 30.7378 37.6571 37.4403 36.7663 36.1482 31.2708 32.5858 33.6756 35.0147 21.2912 19.6981 25.2557 28.4214 15.1587 25.5094 18.8918 25.0157 21.0760 24.8342 37.7164 32.0768 29.4335 27.9929 31.5473 17.9969 23.5746 29.8046 27.0906 29.0826 25.5044 25.6755 28.9007 16.2084 29.0809 24.0781 17.9276 32.0796 9.1315 29.4197 52.2465 64.7636 56.2437 60.0051 55.8304 57.9069 55.7589 55.7451 58.5974 54.5334 54.8534 55.1677 55.9703 60.9180 49.4890 57.6048 61.3125 51.6509 58.1119 57.7796 55.2792 48.0904 55.7918 53.7912 56.3066 52.6427 58.2950 56.2337 55.9466 60.7905
17.0157 6.8902 9.7898 9.9863 13.2974 7.8380 10.8106 11.7364 12.4698 13.1367 11.6764 17.4629 17.6507 0.0000 11.9674 18.1545 13.8510 15.9005 12.5239 14.4650 7.0102 10.8893 10.4515 13.6205 19.5644 14.0251 7.4556 9.3367 17.0894 9.7255 46.5966 42.8630 41.3140 51.4088 42.2152 44.7241 40.4591 46.4824 45.8471 37.9872 45.2060 47.0594 44.9719 45.4151 44.8750 47.6919 49.3092 43.6613 41.6544 37.5439 42.8287 49.7498 45.6522 44.6172 45.7951 39.1932 36.0582 36.2817 48.6892 40.5814 12.0909 13.7069 15.9388 20.0747 19.4475 15.7530 15.5488 14.8109 14.7513 9.2300 7.7751 19.7002 14.7194 19.7156 26.5029 11.3959 16.5941 21.7585 16.4666 15.9138 15.1962 13.8743 20.9945 20.7333 20.0066 19.3044 14.3521 15.8358 17.0188 18.4602 7.4666 10.6989 8.3438 11.5985 5.8866 8.0034 6.0503 8.0008 7.5354 7.8518 20.6090 14.5742 11.9309 10.7844 14.0266 6.4715 6.6225 12.2571 9.8287 12.2325 8.8326 8.9941 11.4568 6.8574 11.5082 7.5576 5.1870 14.5974 10.8808 12.3298 35.4070 47.8111 39.4674 42.9676 38.7533 40.8902 38.7629 38.8480 41.7634 37.4913 37.6955 38.0099 38.8530 44.0901 32.7181 40.4470 44.4968 34.7888 41.1239 40.7488 38.2206 31.2495 38.8009 36.9754 39.3389 35.6899 41.1371 39.3514 39.0888 43.9748
6.3631 6.1838 3.6669 5.0297 5.0247 4.8548 4.2972 3.8332 2.2682 4.0503 4.9152 6.4215 6.6962 11.9674 0.0000 7.0989 4.4459 9.7717 2.0639 3.6086 5.3577 2.5429 5.5761 2.8483 8.7241 7.4334 6.4630 3.2611 7.2593 6.2901 57.0635 53.1792 51.9064 62.0672 52.8464 55.3825 50.7365 57.1408 56.3929 48.3405 55.6877 57.6673 55.6303 56.0735 55.5334 58.3503 59.9677 54.1131 52.0029 48.0393 53.4735 60.3764 56.3106 55.0838 56.4535 49.6860 46.4032 46.8360 59.3476 51.1184 22.6323 24.6670 26.7244 30.9323 30.0912 26.7074 25.9414 25.8672 25.6855 19.9837 18.5210 30.5809 25.3100 30.1088 37.0318 22.2396 26.9158 32.1657 27.2039 26.6825 25.9618 24.2764 32.0445 31.3371 30.6637 29.6788 24.9396 26.6072 27.5053 29.3315 14.8720 13.5209 18.9175 22.1735 8.7479 19.0861 13.1123 18.7674 14.4868 18.4444 31.5887 25.6106 22.9924 21.5856 25.1027 11.6621 17.1315 23.6609 20.6412 22.7903 19.4190 19.0414 22.4925 9.7105 22.6414 17.7433 11.3419 25.6351 5.5807 23.0528 45.8650 58.0674 49.8845 53.3089 49.2017 51.2108 49.0990 49.1894 52.2168 47.9614 48.1572 48.4715 49.6655 54.5043 43.0689 50.9086 55.1552 45.2636 51.7870 51.1830 48.5830 41.8782 49.3306 47.6338 49.9079 46.3453 51.9027 49.8931 49.4377 54.6332
4.4219 11.8953 8.9710 9.1968 6.5106 10.5794 9.0758 7.7388 5.8850 6.2526 7.5690 5.2191 2.9060 18.1545 7.0989 0.0000 4.8384 11.3888 5.8040 3.9325 12.2472 7.7681 10.0078 5.1955 4.9383 10.0985 12.1261 9.1723 7.6786 10.6179 63.9456 60.0319 58.6201 68.7809 59.5601 62.0962 57.5556 63.8544 63.2109 55.2225 62.5697 64.4231 62.3439 62.7871 62.2471 65.0640 66.6813 60.9952 58.8849 54.9077 60.1924 67.1135 63.0243 61.9394 63.1672 56.2235 53.2853 53.6342 66.0613 57.8320 28.9735 30.8228 32.9391 37.0654 36.4577 32.8649 32.7833 32.4367 31.9494 26.1569 25.4856 36.8958 31.9648 36.8678 43.7393 28.4480 33.5750 38.8728 33.5441 33.0805 32.1356 31.0518 38.2020 37.7879 37.1608 36.4623 31.5900 32.9643 34.0232 35.4873 21.7473 20.1781 25.6962 28.8626 15.5744 25.9459 19.4871 25.5045 21.4600 25.2706 38.2214 32.4917 29.8560 28.4294 31.9838 18.4365 23.9782 30.2746 27.5223 29.5191 26.0398 26.0594 29.3371 16.6547 29.5174 24.5146 18.3312 32.5161 9.6472 29.8562 52.7080 65.1663 56.7666 60.4079 56.2331 58.3097 56.1616 56.1478 59.0855 54.9361 55.2561 55.5704 56.4591 61.3312 49.9592 58.0075 61.8688 52.1101 58.5806 58.1823 55.6820 48.6132 56.2471 54.3475 56.7275 53.1033 58.7146 56.7152 56.3493 61.3469
4.4330 7.7655 5.5080 6.0244 5.6439 7.1767 7.0557 5.4987 3.9747 4.8039 6.2674 4.8928 4.5182 13.8510 4.4459 4.8384 0.0000 10.9673 3.7734 2.8319 7.5813 4.2879 6.0536 3.4921 6.5334 9.1036 10.0004 4.5277 7.3046 9.3314 59.2475 55.3338 54.0271 64.1879 54.9671 57.5032 52.8575 59.2614 58.5136 50.5245 57.8717 59.7879 57.7509 58.1941 57.6541 60.4710 62.0883 56.2971 54.1868 50.2096 55.5942 62.4971 58.4312 57.2413 58.5742 51.6414 48.5872 48.9566 61.4683 53.2390 24.7167 26.7491 28.8065 33.0182 32.1790 28.7577 28.2113 27.9017 27.7285 22.0658 20.6959 32.6238 27.3793 32.3494 39.2724 24.2975 29.1295 34.4059 29.2468 28.7255 28.0786 26.5171 34.0874 33.4121 32.7066 31.9194 27.1232 28.6501 29.6101 31.4136 17.0012 15.8000 20.9526 24.1184 10.8283 21.2064 15.1866 20.9310 16.6477 20.5311 33.5674 27.7522 25.1164 23.6899 27.2443 13.7743 19.2018 25.6402 22.7827 24.7796 21.4402 21.2472 24.5976 11.9695 24.7778 19.8133 13.5124 27.7766 7.5431 25.1166 48.0232 60.4151 52.0685 55.6566 51.4851 53.5584 51.4104 51.4516 54.3874 50.2448 50.5048 50.8192 51.8856 56.6341 45.2528 53.2563 57.2758 47.4276 54.0071 53.4664 50.9307 43.9989 51.5685 49.7545 52.1281 48.5298 54.1228 52.0171 51.6331 56.7539
8.3670 9.8980 9.7090 11.1446 5.9871 8.4632 8.2415 8.0839 8.7525 8.3180 6.2153 7.0041 9.5797 15.9005 9.7717 11.3888 10.9673 0.0000 9.3614 9.8263 10.6996 9.6843 12.6964 9.3206 9.4475 4.9603 9.7661 9.9802 5.4759 8.5833 61.9888 58.2117 56.6207 66.7427 57.5910 60.0580 55.7910 61.8163 61.2541 53.3359 60.6129 62.4663 60.3084 60.7490 60.2089 63.0540 64.6432 59.0384 57.0030 52.9509 58.2356 65.1567 61.0215 59.9826 61.1290 54.4688 51.3901 51.6774 64.0231 55.8570 26.9192 28.3586 30.8849 34.7746 34.3972 30.6987 30.7765 30.3537 29.8513 24.1027 23.3989 34.7823 29.8208 34.8610 41.7306 26.3257 31.5325 36.8187 31.4560 30.9923 29.7697 29.0450 35.8859 35.7052 35.0257 34.4555 29.5780 30.8452 31.9490 33.3153 19.7528 18.5012 23.8155 27.1331 13.8084 23.8032 17.2872 23.3623 19.3951 23.0951 36.1998 30.3740 27.7306 26.3490 29.8264 16.3490 22.1821 28.0391 25.4673 27.6473 24.0897 23.9726 27.1634 14.7408 27.3247 22.4963 16.5137 30.3422 8.0664 27.9935 50.7972 63.2013 54.8576 58.3578 54.1571 56.2804 54.1531 54.2382 57.1536 52.8815 53.1801 53.4945 54.1959 59.4803 48.1083 55.9316 59.8307 50.1790 56.5257 56.1390 53.6108 46.6564 54.1965 52.3094 54.7291 51.0969 56.6217 54.7584 54.4790 59.3171
5.1170 6.5471 3.9248 5.0398 3.9442 5.3200 4.4315 3.4666 1.6690 3.0485 4.6888 5.6519 5.3914 12.5239 2.0639 5.8040 3.7734 9.3614 0.0000 2.1529 6.6999 2.5980 5.7401 2.2842 7.5088 7.6475 6.4623 3.7501 6.3606 6.5255 58.6080 54.6943 53.3113 63.4721 54.2513 56.7874 52.2180 58.5456 57.8733 49.8850 57.2321 59.0856 57.0351 57.4783 56.9383 59.7552 61.3725 55.6576 53.5473 49.5701 54.8784 61.7813 57.7155 56.6018 57.8584 51.0116 47.9550 48.2966 60.7525 52.5232 23.9125 25.6750 27.8594 32.0046 31.3716 27.6732 27.5786 27.0483 26.7636 21.0951 19.9383 31.6945 26.6797 31.6631 38.5634 23.3002 28.4756 33.7189 28.4065 27.9046 27.0401 25.8471 33.0001 32.6797 31.9669 31.2576 26.4141 27.7910 28.9170 30.3901 16.1417 14.7280 20.0998 23.4137 10.0815 20.3437 14.0694 20.0723 15.9137 19.6656 32.7686 26.9145 24.2711 22.8244 26.3788 12.8711 18.5337 24.6984 21.9282 24.0540 20.7487 20.5132 23.7321 11.2806 23.9123 18.9613 12.7901 26.9111 5.3866 24.3116 47.3704 59.7733 51.4297 55.0056 50.8308 52.9074 50.7594 50.8103 53.7479 49.5338 49.8538 50.1682 51.0269 56.0524 44.6804 52.6053 56.5601 46.7725 53.1871 52.7801 50.2797 43.2831 50.8157 49.0387 51.3099 47.7502 53.3059 51.3776 51.0511 56.0381
3.7953 8.5006 5.5885 6.3326 4.3364 7.1449 5.5127 4.2206 2.2872 3.3962 5.2079 4.4617 3.4957 14.4650 3.6086 3.9325 2.8319 9.8263 2.1529 0.0000 8.6150 4.3284 6.7441 2.2687 5.8881 8.2941 8.5622 5.5921 6.0654 7.7459 60.2148 56.3011 54.8925 65.0533 55.8325 58.3686 53.8248 60.1269 59.4801 51.4918 58.8389 60.6924 58.6164 59.0595 58.5195 61.3364 62.9537 57.2644 55.1541 51.1769 56.4616 63.3827 59.2967 58.2086 59.4396 52.5662 49.5570 49.9034 62.3337 54.1044 25.6703 27.5139 29.6349 33.8386 33.1472 29.5147 29.4214 28.9386 28.5807 22.8888 21.7481 33.5117 28.4553 33.5059 40.3806 25.0757 30.2512 35.5141 30.1854 29.7217 28.8291 27.6899 34.8519 34.4552 33.7551 33.1003 28.2313 29.5746 30.6926 32.2242 17.8858 16.3628 21.8496 25.0670 11.7546 22.1034 15.7362 21.7361 17.6714 21.4281 34.4229 28.6722 26.0288 24.5869 28.1413 14.5908 20.1903 26.4353 23.6859 25.7229 22.2932 22.2709 25.4946 12.8941 25.6749 20.6720 14.5236 28.6736 6.0047 26.0137 48.9772 61.4487 53.0358 56.6902 52.5154 54.5920 52.4440 52.4301 55.3547 51.2184 51.5384 51.8528 52.6907 57.6544 46.2824 54.2899 58.1413 48.3793 54.8122 54.4647 51.9643 44.8824 52.4755 50.6199 52.9916 49.3349 54.9800 52.9844 52.6531 57.6193
10.9200 3.6503 3.9984 4.6255 7.5898 3.1840 5.2515 6.2148 6.5718 7.0566 6.1541 10.9905 11.8776 7.0102 5.3577 12.2472 7.5813 10.6996 6.6999 8.6150 0.0000 4.8297 6.0813 7.3842 13.4865 7.9998 5.4958 3.8162 11.2575 6.2171 52.2810 48.5584 47.1523 57.2508 48.0534 50.5661 46.1158 52.3243 51.5765 43.6826 50.9051 52.8508 50.8138 51.2570 50.7170 53.5339 55.1512 49.3567 47.3498 43.2431 48.6571 55.5600 51.4942 50.3127 51.6371 45.0314 41.6824 42.0271 54.5312 46.4196 17.9387 19.9851 21.9801 26.2601 25.3424 21.9312 20.9203 20.7179 20.8296 15.2891 13.2503 25.7250 20.5188 25.1330 32.0108 17.4711 22.1970 27.3903 22.4036 21.8266 21.5815 19.2554 27.2538 26.5662 25.8540 24.6577 20.0078 21.8021 22.7607 24.6429 9.9296 9.8280 14.0081 17.3059 3.9820 13.8261 8.8112 14.1150 9.3210 13.1980 26.5884 20.3618 17.7261 16.4440 19.8539 6.7440 12.2379 18.5847 15.6012 17.9279 14.8897 13.8746 17.3034 5.0615 17.3875 12.7467 6.5041 20.4093 5.8991 18.1664 41.0486 53.2919 45.1020 48.4484 44.2604 46.3710 44.2438 44.4068 47.4208 43.0550 43.2153 43.5297 44.6950 49.6879 38.2863 45.9668 50.3387 40.4472 46.9658 46.2879 43.7014 37.0618 44.5003 42.8174 45.0422 41.5289 46.8857 45.0767 44.6276 49.8168
6.5382 4.6605 3.4414 5.2903 4.7343 3.8757 3.8699 3.4857 3.2479 3.2167 4.8475 6.7892 7.4297 10.8893 2.5429 7.7681 4.2879 9.6843 2.5980 4.3284 4.8297 0.0000 5.4473 3.6364 8.9687 7.0693 6.0546 3.2486 7.9926 6.0039 56.8806 52.9669 51.6773 61.8381 52.6173 55.1533 50.4906 56.9116 56.1638 48.1576 55.5048 57.4381 55.4011 55.8443 55.3043 58.1212 59.7385 53.9302 51.8199 47.8427 53.2444 60.1473 56.0814 54.8744 56.2244 49.3696 46.2203 46.6068 59.1185 50.8892 22.1754 24.1805 26.1710 30.4555 29.5825 26.1221 25.5235 24.8955 24.9859 19.5097 17.9985 29.8992 24.9100 29.7359 36.6017 21.6620 26.6020 31.8387 26.5945 26.0116 25.6033 23.8782 31.4447 30.8157 30.0964 29.3002 24.4524 25.9930 27.0400 28.8383 14.2183 12.8066 18.1864 21.4650 8.3032 18.3424 12.8012 18.4168 13.8398 17.6879 30.9212 24.8881 22.2524 21.0147 24.3802 11.1846 16.6417 22.7932 19.9379 22.2784 19.2235 18.4223 21.7347 9.6112 21.9138 17.1729 10.8100 24.9126 5.3040 22.3709 45.6430 57.9536 49.7016 53.1280 48.9533 51.0327 48.9055 49.0065 52.0205 47.6771 47.9763 48.2906 49.3351 54.2752 42.8859 50.7277 54.9260 45.0451 51.5531 50.9025 48.4021 41.6491 49.0883 47.4047 49.6295 46.1162 51.5723 49.6640 49.2313 54.4040
9.5001 7.9485 3.4675 3.7531 7.9013 5.9412 8.8640 7.7675 5.9529 7.5809 8.9565 9.9385 9.1946 10.4515 5.5761 10.0078 6.0536 12.6964 5.7401 6.7441 6.0813 5.4473 0.0000 6.1712 12.3626 12.0187 9.3942 4.2372 9.4157 10.5128 55.5145 51.7763 50.1853 60.0649 51.1245 53.3802 49.4194 55.1385 54.7563 46.9350 54.0769 55.9303 53.7723 54.0829 53.5769 56.5179 57.9959 52.5789 50.5676 46.4254 51.6996 58.6584 54.4854 53.5305 54.4513 47.8917 45.0185 45.1950 57.3454 49.2799 21.1308 21.8740 24.6969 28.3421 28.2294 24.5449 24.7647 24.8888 23.7866 18.0962 17.8028 28.6609 24.1485 28.8492 35.7188 20.6618 25.5065 30.8069 25.3929 24.9550 23.2136 23.0332 29.7324 29.6735 28.9605 28.4437 23.5835 24.8187 25.9297 27.0199 13.9699 14.9411 17.9585 21.3085 8.7359 18.0558 11.0738 16.9386 13.7895 17.2668 30.2764 24.6582 21.9832 20.5317 24.0946 11.7567 16.3128 22.2280 19.7824 21.8754 17.7158 18.3060 21.4152 9.2092 21.5666 16.6129 10.7492 24.6410 7.9147 22.1209 44.3250 56.7961 48.3853 52.0376 47.8628 49.9394 47.7914 47.7775 50.6813 46.5658 46.8858 47.2002 47.8008 53.0081 41.6361 49.6373 53.1529 43.7068 50.0547 49.8121 47.3117 40.1204 47.7656 45.7642 48.3390 44.5608 50.3274 48.2531 48.0068 52.7811
4.8151 7.2693 4.2242 5.4080 3.7794 5.9896 4.7185 3.6572 1.7601 3.2008 4.8939 4.9606 4.6560 13.6205 2.8483 5.1955 3.4921 9.3206 2.2842 2.2687 7.3842 3.6364 6.1712 0.0000 7.3867 7.8469 7.6693 4.4193 5.8705 6.8256 58.9587 55.0451 53.6647 63.8254 54.6047 57.1407 52.5688 58.8990 58.2241 50.2357 57.5829 59.4363 57.3885 57.8317 57.2917 60.1086 61.7259 56.0083 53.8981 49.9208 55.2318 62.1347 58.0688 56.9525 58.2118 51.3713 48.2985 48.6474 61.1059 52.8766 24.0959 26.1306 28.2368 32.3732 31.6130 28.2222 27.9025 27.6743 27.2003 21.4473 20.6073 32.1222 27.0269 31.9870 38.8899 23.7645 28.7256 34.0234 28.7451 28.2661 27.3934 26.1710 33.5593 32.9385 32.2855 31.5815 26.7406 28.1438 29.1738 30.7951 16.9168 15.3620 20.8657 24.0560 10.7439 21.1050 14.7278 20.6102 16.5438 20.4297 33.3769 27.6508 25.0150 23.5972 27.1429 13.6060 19.1174 25.4651 22.6841 24.7574 21.1142 21.1427 24.4962 11.7331 24.6764 19.6736 13.4249 27.6752 5.1929 25.0153 47.7698 60.1585 51.7798 55.4000 51.2317 53.3018 51.1538 51.1981 54.1207 49.9914 50.2483 50.5626 51.5585 56.3643 44.9641 52.9997 56.9134 47.1742 53.6800 53.2130 50.6741 43.6365 51.3151 49.3921 51.8010 48.2027 53.7957 51.7570 51.3796 56.3914
3.6135 13.1522 11.3791 11.8957 6.9038 12.7810 9.1121 7.9071 7.8141 6.5056 8.0565 3.5199 4.3933 19.5644 8.7241 4.9383 6.5334 9.4475 7.5088 5.8881 13.4865 8.9687 12.3626 7.3867 0.0000 6.5194 13.5182 10.8109 5.8913 11.0295 64.9969 61.1223 59.8826 70.0434 60.8226 63.3586 58.6069 65.1169 64.3691 56.2738 63.6291 65.6434 63.6064 64.0496 63.5096 66.3265 67.9438 62.0465 59.9446 56.0154 61.4497 68.3526 64.2867 63.0599 64.4297 57.2565 54.3366 54.8121 67.3238 59.0945 31.1135 33.1492 35.1206 39.4242 38.4979 35.0720 34.2426 33.6035 33.9295 28.4532 26.4536 38.8428 33.6977 38.5235 45.3381 30.6278 35.4147 40.6263 35.5381 34.9480 34.5429 32.6658 40.3884 39.7287 38.9886 38.0878 33.2168 34.9367 35.9549 37.8070 22.5429 20.8508 26.4258 29.5144 16.6106 26.6665 21.3797 26.8889 22.0522 26.0660 39.0540 33.1481 30.5971 29.4850 32.6402 19.7294 24.8462 31.1709 28.1787 30.6153 27.5435 26.6516 30.0728 17.9774 30.2217 25.5557 19.0805 33.1726 11.4572 30.5496 53.9568 66.2753 57.8313 61.5168 57.3448 59.4187 57.2706 57.3033 60.2821 56.0966 56.3797 56.6794 57.8435 62.5920 51.0281 59.1165 63.1313 53.3579 59.9650 59.3182 56.7910 49.8798 57.5086 55.6100 58.0860 54.4877 60.0807 57.9650 57.5552 62.6556
6.2602 7.8003 9.2492 10.8245 4.3214 8.1026 4.2436 5.2603 7.1697 5.2627 3.8460 5.2154 8.5645 14.0251 7.4334 10.0985 9.1036 4.9603 7.6475 8.2941 7.9998 7.0693 12.0187 7.8469 6.5194 0.0000 7.8916 8.2060 5.6986 5.6013 59.1593 55.3314 54.0917 64.2524 55.0317 57.5677 52.7693 59.3260 58.5782 50.4363 57.8382 59.8525 57.8155 58.2587 57.7186 60.5356 62.1529 56.2089 54.1536 50.2245 55.6587 62.5617 58.4958 57.2690 58.6388 51.7755 48.4990 49.0212 61.5329 53.3036 25.4001 27.4465 29.4179 33.7215 32.7766 29.3694 28.0030 27.8814 28.2201 22.7505 20.1763 33.1334 27.9425 32.4701 39.1396 24.9251 29.5775 34.7345 29.8286 29.2386 29.0075 26.4192 34.6789 33.9913 33.2791 31.7976 27.3522 29.2272 30.1965 32.1043 16.6287 15.0695 20.6055 23.7269 10.8579 20.9506 16.0233 21.2970 16.0783 20.2527 33.3272 27.1841 24.7488 23.4428 26.6762 13.9823 18.9386 25.7217 22.2349 24.5567 22.1404 20.5752 24.1576 12.0096 24.4385 19.6534 12.9773 27.2095 7.1862 24.7248 48.0502 60.0893 52.0256 55.2894 51.2712 53.1912 51.1192 51.3039 54.4020 50.0003 50.1989 50.4520 51.7751 56.6896 45.1646 52.9263 57.3404 47.4489 53.9675 53.2031 50.5635 44.0635 51.5020 49.8191 52.0439 48.5305 54.0123 52.0784 51.6229 56.8184
10.9228 2.7241 6.3713 7.8555 7.1167 3.7323 4.6610 5.6152 6.5710 7.0126 5.5850 11.3551 11.5440 7.4556 6.4630 12.1261 10.0004 9.7661 6.4623 8.5622 5.4958 6.0546 9.3942 7.6693 13.5182 7.8916 0.0000 6.5399 11.3678 3.3167 53.0818 49.4382 47.8647 57.8843 48.7864 51.1996 47.0040 52.9748 52.4183 44.5624 51.7060 53.5594 51.4474 51.8906 51.3505 54.1675 55.7848 50.2365 48.2296 44.0874 49.3287 56.2498 52.1277 51.1925 52.2948 45.7439 42.6031 42.8569 55.1647 47.1321 18.0575 19.6407 21.9383 26.0039 25.4470 21.7524 21.6293 20.9319 20.7749 15.2393 14.0652 25.7238 20.8218 25.7637 32.5834 17.3954 22.5803 27.7821 22.4697 21.9374 21.2583 19.9224 26.9283 26.7429 26.0301 25.3525 20.4308 21.8542 23.0182 24.4480 10.7273 9.4780 14.8035 18.1072 6.0726 14.5020 8.7854 14.5562 10.2657 13.8016 27.2003 21.1400 18.3632 17.2817 20.5819 7.4072 13.1950 18.6583 16.4418 18.8148 15.3112 14.7817 18.0785 6.7462 18.0747 13.4839 7.7018 21.2105 5.4023 18.9527 41.8767 54.2808 45.9371 49.4373 45.2231 47.3600 45.2327 45.3178 48.2331 43.9610 44.0959 44.4234 45.3285 50.5599 39.1879 46.8018 50.9723 41.2586 47.6188 47.2186 44.6903 37.7495 45.2895 43.4510 45.8087 42.1900 47.5838 45.8514 45.5586 50.4503
8.0205 4.5698 2.7071 3.2591 4.8767 3.3285 5.0300 4.1844 3.5995 4.9856 5.1544 8.2049 8.7987 9.3367 3.2611 9.1723 4.5277 9.9802 3.7501 5.5921 3.8162 3.2486 4.2372 4.4193 10.8109 8.2060 6.5399 0.0000 8.5522 6.7137 55.0506 51.1593 49.7622 59.9230 50.7022 53.2383 48.7166 54.9966 54.3159 46.3275 53.6747 55.5281 53.4861 53.9292 53.3892 56.2061 57.8234 52.1002 49.9899 46.0127 51.3293 58.2322 54.1664 53.0444 54.3093 47.5348 44.3903 44.7392 57.2034 48.9741 20.3961 22.3780 24.4060 28.6530 27.8407 24.3572 23.9209 23.4074 23.2889 17.6884 16.3173 28.1842 23.0299 28.0054 34.9140 19.8970 24.8102 30.0535 24.8445 24.3162 23.7320 22.1894 29.6798 29.0739 28.3243 27.5999 22.7647 24.2336 25.2718 27.0358 12.5968 12.2289 16.6180 19.9371 6.5571 16.7841 10.8165 16.5225 12.2891 16.1088 29.2279 23.3299 20.6941 19.2772 22.8220 9.8613 14.9273 21.1499 18.3641 20.5610 17.1954 16.8871 20.1753 7.7002 20.3555 15.4129 9.1997 23.3543 5.6794 20.8164 43.8130 56.1467 47.8716 51.3711 47.1964 49.2729 47.1249 47.1837 50.1904 45.8994 46.2194 46.5337 47.4700 52.4258 41.0559 48.9708 53.0110 43.2150 49.6380 49.1456 46.6452 39.7340 47.2583 45.4896 47.7144 44.2011 49.7072 47.8202 47.4244 52.4890
5.4324 11.1839 7.5351 8.4824 5.1964 9.4846 8.9082 7.9129 6.2914 6.5576 6.8103 4.4834 5.7796 17.0894 7.2593 7.6786 7.3046 5.4759 6.3606 6.0654 11.2575 7.9926 9.4157 5.8705 5.8913 5.6986 11.3678 8.5522 0.0000 10.1182 62.4880 58.7431 57.1521 67.1949 58.0913 60.5102 56.3005 62.2685 61.7533 53.8673 61.1121 62.9655 60.8076 61.2011 60.6611 63.5532 65.0953 59.5414 57.5344 53.4501 58.7348 65.6559 61.5207 60.4973 61.5812 54.9532 51.8691 52.1766 64.4753 56.3414 27.7818 29.1892 31.5984 35.4270 35.1175 31.4464 31.5715 31.4752 30.5993 24.7560 24.4139 35.5302 30.7349 35.6560 42.5256 27.3005 32.3133 37.6137 32.2039 31.7618 30.3760 29.8400 36.6658 36.4803 35.7737 35.2505 30.3953 31.6255 32.7365 33.9214 20.6090 19.3034 24.6678 27.9721 14.5987 24.6993 17.8947 23.9091 20.2930 24.0259 37.0228 31.2677 28.6243 27.1976 30.7372 17.2063 22.9724 28.9852 26.3639 28.5642 24.5736 24.8786 28.0905 15.4082 28.2708 23.3296 17.3563 31.2695 8.0818 28.8515 51.2504 63.6576 55.3090 58.8991 54.7243 56.8009 54.6529 54.6851 57.6278 53.4273 53.7473 54.0617 54.7785 59.9271 48.5552 56.4988 60.2829 50.6524 57.0249 56.6736 54.1732 47.1556 54.6957 52.7995 55.2006 51.5961 57.1889 55.2576 54.9258 59.8163
9.0231 3.6465 7.4925 9.0076 5.5032 4.9364 2.9709 4.3266 5.9732 4.8558 3.8060 9.1660 10.1622 9.7255 6.2901 10.6179 9.3314 8.5833 6.5255 7.7459 6.2171 6.0039 10.5128 6.8256 11.0295 5.6013 3.3167 6.7137 10.1182 0.0000 54.7189 50.8556 49.5512 59.7119 50.4912 53.0272 48.4130 54.7855 54.0377 45.9958 53.3430 55.3120 53.2750 53.7182 53.1781 55.9951 57.6124 51.7685 49.6582 45.6840 51.1182 58.0211 53.9553 52.7285 54.0982 47.3519 44.0586 44.4807 56.9924 48.7631 20.2120 22.2584 24.2297 28.5334 27.5885 24.1812 23.2452 22.6528 23.0348 17.5968 15.7339 27.9481 22.8786 27.4940 34.3356 19.7370 24.4660 29.6258 24.6434 24.0533 23.7277 21.6364 29.4936 28.8060 28.1127 27.0583 22.2075 24.0419 25.0283 26.9162 12.0559 10.7082 16.1912 19.3613 7.1008 16.0581 11.5023 16.4554 11.5139 15.4560 28.7173 22.5880 19.9592 18.9043 22.0801 9.1000 14.5127 20.6563 17.7014 20.2251 17.2700 16.0704 19.5227 8.4260 19.6137 15.0795 9.0204 22.6347 5.6759 20.2132 43.5097 55.7255 47.5399 50.8820 46.6983 48.8046 46.6773 46.8448 49.8615 45.4929 45.6875 46.0019 47.1561 52.1491 40.7242 48.4390 52.7999 42.9084 49.4270 48.7259 46.1350 39.5229 46.9615 45.2786 47.5033 43.9900 49.3855 47.5379 47.0824 52.2779
62.6723 52.9286 55.5922 55.8460 59.3631 53.9231 56.2719 57.3644 58.1577 58.8658 57.4489 62.9331 63.4227 46.5966 57.0635 63.9456 59.2475 61.9888 58.6080 60.2148 52.2810 56.8806 55.5145 58.9587 64.9969 59.1593 53.0818 55.0506 62.4880 54.7189 0.0000 7.6926 7.8724 7.7500 6.9758 7.6108 8.2759 6.8062 3.0372 10.2910 2.0254 3.3466 3.5683 3.2731 5.4389 3.2103 5.1599 5.0021 8.1125 11.8528 5.1990 5.1456 3.4155 6.0595 7.0564 16.1653 11.2574 11.5929 7.0285 11.2271 37.8048 36.5095 33.8126 30.5713 30.5194 33.8518 33.3178 33.7624 34.4884 40.0387 39.8211 29.8983 33.9632 29.2982 23.6972 37.6997 33.0063 28.0870 32.7996 32.9884 34.6278 34.6811 29.5418 28.4558 29.0004 29.8145 34.2519 32.9210 32.2978 31.5955 42.7598 44.2771 39.4068 36.0159 48.6562 39.0148 44.9882 38.7997 43.5499 39.5942 27.6205 32.8820 34.9794 35.8950 33.3152 45.8127 40.3123 34.9055 37.5391 34.7543 38.1053 39.5556 35.4542 47.4421 35.7423 39.8301 46.2963 32.7610 54.6224 35.3173 12.0216 9.7825 7.8844 8.6975 9.6688 8.4252 9.8671 9.0628 7.7081 10.5113 11.5398 11.4599 10.8990 8.7116 14.3414 9.3873 8.9212 12.6177 8.2709 7.7019 10.2042 15.7504 9.4304 11.3263 9.6897 12.0103 8.7708 8.4988 9.1260 9.4483
58.7586 49.1535 51.9010 52.1360 55.4494 50.2520 52.3939 53.4628 54.2440 54.9522 53.5388 59.0195 59.5091 42.8630 53.1792 60.0319 55.3338 58.2117 54.6943 56.3011 48.5584 52.9669 51.7763 55.0451 61.1223 55.3314 49.4382 51.1593 58.7431 50.8556 7.6926 0.0000 3.3181 10.8729 2.4339 5.0340 4.1763 5.6890 5.1467 5.4431 6.8637 7.2031 5.7063 7.5569 4.5691 9.2990 9.9278 2.9207 2.7611 5.6431 3.9097 11.9917 5.6093 2.3401 5.5931 9.1074 7.9187 6.7679 8.7603 4.3018 34.3286 32.9988 30.4513 27.2528 27.2191 30.4067 29.8416 30.2862 31.0122 36.5626 36.4618 26.5856 30.6110 25.8253 22.5910 34.2235 29.5301 25.0539 29.3501 29.5122 31.1516 31.2049 26.3799 25.0592 25.6664 26.3675 30.7757 29.4448 28.8216 28.1465 38.9230 40.4880 35.3073 32.2384 44.7641 35.3588 41.1623 34.9581 39.9469 35.9621 24.1954 29.3617 31.4603 32.3345 29.7292 42.1428 36.5489 31.4255 33.8649 30.8695 34.4391 35.9598 31.7423 43.6780 32.0016 36.0113 42.5505 29.1232 50.8536 31.2927 11.0261 16.9240 8.7356 15.0012 11.3813 12.7002 11.3556 10.2763 12.4125 11.1934 13.8475 13.4105 13.7358 14.5917 12.8814 14.7134 13.3242 11.7410 12.5059 11.9695 11.7457 13.7112 10.1997 9.0829 13.1373 11.0728 13.1505 10.3260 10.2475 14.1194
57.4429 47.6453 50.3100 50.5451 54.0888 48.6610 51.1542 52.2231 52.8746 53.7087 52.2488 57.7351 58.0637 41.3140 51.9064 58.6201 54.0271 56.6207 53.3113 54.8925 47.1523 51.6773 50.1853 53.6647 59.8826 54.0917 47.8647 49.7622 57.1521 49.5512 7.8724 3.3181 0.0000 10.8223 1.4249 5.2352 3.7783 6.3486 5.4919 5.3321 6.4632 7.0810 4.7512 6.7446 4.7472 8.6455 9.4810 3.5914 2.0017 5.5309 3.5842 11.4088 5.1238 4.7090 6.1614 8.8505 6.3778 5.3028 8.6503 3.9873 32.7376 31.4078 28.7455 26.0225 25.4767 28.7847 28.4354 28.7487 29.4213 34.9716 35.0932 24.8564 28.8960 24.3329 21.6006 32.6325 27.9394 23.1225 27.7325 27.9213 29.6524 29.7321 24.6818 23.3887 23.9427 24.8737 29.2298 27.8538 27.2307 26.5443 37.6043 39.2483 34.0295 30.9987 43.5213 33.9653 39.5713 33.3720 38.5784 34.5350 21.9563 27.9222 30.0704 30.9291 28.3607 40.6696 35.2276 29.7097 32.5301 29.6298 32.8735 34.5913 30.3336 42.3028 30.6242 34.5375 41.3044 27.7547 49.2626 30.0530 9.7163 16.4907 8.3126 14.6427 10.9548 12.3416 10.1459 9.7258 12.0368 9.3405 13.3967 12.8388 13.1392 14.1497 10.7915 14.3549 12.3923 9.4073 11.9372 11.6110 10.9487 11.3544 9.2841 7.1273 12.4378 9.1706 12.5619 9.7589 9.4787 13.4398
67.6037 57.7964 60.3270 60.4560 64.2496 58.7051 61.3149 62.3839 63.0354 63.8695 62.4096 67.8959 68.2245 51.4088 62.0672 68.7809 64.1879 66.7427 63.4721 65.0533 57.2508 61.8381 60.0649 63.8254 70.0434 64.2524 57.8843 59.9230 67.1949 59.7119 7.7500 10.8729 10.8223 0.0000 10.2558 7.8242 13.9552 6.6943 7.3638 15.8285 7.5520 5.4044 7.1159 6.6768 7.1506 5.2081 3.0932 10.1377 11.4456 15.2709 8.8762 4.6064 6.4669 9.0543 6.6525 16.6563 17.0438 15.5605 3.8848 12.2476 42.1359 40.6570 38.1035 34.7534 34.8338 38.1208 37.9763 38.2896 38.8782 44.3611 44.7030 34.2314 38.4190 33.8739 28.4524 42.0430 37.4804 32.6111 37.1910 37.4056 38.8376 39.2731 33.7611 32.8842 33.3897 34.4146 38.7707 37.3490 36.7470 35.8400 47.7651 49.4091 44.1903 41.1594 53.6821 43.9972 49.5075 43.4439 48.7187 44.4723 31.8995 38.0061 39.9656 40.8655 38.4287 50.7154 45.3884 39.4999 42.6909 39.7905 42.8395 44.7245 40.4138 52.4429 40.7043 44.6813 51.4652 37.8532 59.3159 40.2138 17.0236 9.9882 13.2374 12.6526 15.0466 14.7684 15.5362 14.5351 11.8316 16.0372 16.7647 17.3117 14.5770 10.5381 19.7027 14.7125 9.3357 17.7418 12.8336 13.1593 15.9158 20.4591 14.6365 14.9370 14.4430 16.6479 13.4845 13.6903 14.4722 9.9418
