0.0000 2.2239 1.8165 2.1026 2.5774 3.7961 2.2108 6.7948 2.8596 4.7973 2.6069 3.4822 4.7483 6.6979 4.1807 1.3099 5.3533 2.8452 3.7709 2.9746 5.4508 1.4589 3.5915 5.2628 3.3854 2.3375 6.4214 3.0407 3.0604 4.4910 111.1429 111.2376 109.5944 96.7420 108.6287 110.8895 105.6425 109.7544 110.7224 94.8253 110.2116 107.3274 104.0594 108.1464 111.7616 109.4411 108.0272 96.8800 107.7440 109.5543 108.7235 96.2252 94.2019 108.3483 111.7868 111.1243 109.0198 106.7026 95.9032 110.1335 2.4848 4.8088 8.4548 6.0264 6.3046 5.9841 13.5303 10.4132 5.2503 11.3891 13.3930 11.1380 17.5945 11.5697 8.0697 6.4655 3.7354 5.9924 9.2753 6.5194 3.0102 7.7601 6.5979 5.7414 9.8402 9.2789 6.7630 12.9844 7.7663 4.4613 29.4772 37.0629 37.5384 38.4320 33.7710 25.4801 42.5368 39.2988 25.6461 30.6253 45.0642 32.9865 35.8480 32.4199 36.8085 23.7431 30.1596 32.4429 29.5095 35.9877 37.7855 31.0735 31.6019 33.1238 28.7338 32.1281 25.6345 35.2270 24.3749 39.8490 61.9156 69.2286 65.1117 73.1163 63.8598 68.0357 68.5317 66.5382 71.1614 68.1418 62.0833 59.3465 65.9081 62.9835 63.4171 63.7781 71.2603 64.2653 65.8032 67.7298 69.3960 62.8342 66.0846 72.0479 67.0454 68.3209 62.4595 68.9678 65.8972 69.8539
2.2239 0.0000 2.1697 1.5072 3.1422 3.3987 2.8719 6.6923 2.5187 4.4508 1.8952 4.4507 5.0862 6.0063 3.5263 2.8775 5.4882 2.3333 3.2390 3.7052 5.1870 1.7515 3.1337 5.1121 3.1697 2.6955 5.6854 2.3769 3.7285 4.3406 110.1941 110.3077 108.6448 95.7413 107.5897 109.8932 104.6889 108.7825 109.7636 93.9268 109.2171 106.3947 103.0848 107.1564 110.7481 108.4956 107.0539 95.9278 106.7459 108.5583 107.7445 95.2044 93.2481 107.3442 110.7757 110.1308 108.0330 105.6919 94.9628 109.1234 2.5198 4.6350 7.1587 4.8945 5.3271 4.8039 12.6412 9.3248 4.4202 10.3821 12.1244 10.0061 16.4207 10.6362 7.0261 5.6653 2.2958 4.9703 8.2975 5.5324 2.0785 6.6535 5.6958 5.0812 8.8898 8.8092 6.2871 11.9789 7.1180 4.5148 28.4398 36.0929 36.8017 37.5336 32.9130 24.4803 41.8158 38.6076 24.6804 29.7650 44.2018 31.9614 35.0417 31.6231 36.2377 23.0686 29.0636 31.6965 28.4622 35.1484 36.8170 29.9609 30.7708 32.1126 27.9230 31.1583 24.5693 34.3315 23.5058 38.9873 60.7815 68.0000 63.9798 71.9937 62.6591 66.8276 67.5247 65.3874 69.9785 67.0660 60.8283 58.0968 64.8004 61.8013 62.1870 62.5645 70.1803 63.0973 64.6474 66.6785 68.2530 61.8157 64.9258 70.8960 65.9393 67.1967 61.3250 67.8397 64.8041 68.7657
1.8165 2.1697 0.0000 1.6310 2.3452 3.3261 2.6459 6.9362 2.0767 5.1025 2.7053 3.9242 4.3850 6.1305 4.5216 2.3008 5.6136 2.6666 3.5494 3.4726 5.6298 1.8463 3.9734 5.1504 3.7311 2.4635 6.3503 2.5190 3.4026 4.0189 110.6722 110.6622 109.1781 96.2266 108.1660 110.3710 105.2069 109.2963 110.2523 94.3562 109.7642 106.7966 103.6264 107.6724 111.2460 109.0324 107.5142 96.3648 107.2585 109.1415 108.2743 95.7187 93.6762 107.9418 111.3084 110.6122 108.5355 106.2334 95.2886 109.6551 2.5715 5.4190 8.3337 5.5253 6.1438 6.0843 13.2209 10.2401 4.6750 11.2251 12.9804 11.0316 17.1958 11.5507 7.7713 6.1138 3.6626 5.7105 9.0064 6.0600 2.9769 7.6426 6.6003 5.6819 9.4128 9.3586 7.0885 12.6763 7.6441 5.1262 28.8291 36.4710 36.9558 37.9401 33.3162 24.7122 42.2628 38.8310 24.9406 29.8004 44.7396 32.4617 35.3713 31.7688 36.2904 22.9403 29.3392 31.9842 28.7747 35.6050 37.0706 30.3491 31.0798 32.4676 28.2071 31.4665 25.0238 34.7007 23.7727 39.4045 61.2650 68.5922 64.4604 72.5143 63.2238 67.4601 67.9080 65.8700 70.5323 67.5313 61.4560 58.6779 65.2455 62.2724 62.8457 63.1875 70.6347 63.6302 65.1725 67.1540 68.8036 62.1924 65.4000 71.3932 66.4817 67.6655 61.8614 68.3734 65.2770 69.2366
2.1026 1.5072 1.6310 0.0000 2.8217 2.8958 2.5812 6.5307 1.7438 4.4550 1.9747 4.4738 4.6044 5.6067 3.5694 2.7019 5.2775 1.8955 2.8598 3.4254 4.9536 1.7492 3.1848 4.6251 3.1582 2.2695 5.6671 2.0916 3.4476 3.7589 110.0193 110.0823 108.4975 95.5585 107.4641 109.7411 104.5462 108.6442 109.6031 93.7050 109.0774 106.1945 102.9497 107.0189 110.6073 108.3558 106.8500 95.7211 106.6175 108.4566 107.6216 95.0212 93.0282 107.2364 110.6468 109.9675 107.8478 105.5704 94.7009 108.9917 2.0846 5.0079 7.4950 4.7331 5.2133 5.0896 12.5700 9.4146 3.9759 10.4246 12.1261 10.1056 16.4005 10.8246 7.0108 5.5654 2.6802 4.9675 8.2716 5.4147 2.1174 6.6997 5.7629 4.8648 8.6792 8.7127 6.6000 11.9306 6.8319 4.9320 28.1350 35.7614 36.4380 37.2589 32.5965 24.1151 41.5732 38.2248 24.2556 29.2832 44.0785 31.6707 34.6233 31.1634 35.7659 22.5028 28.7704 31.3317 28.1489 34.8405 36.4348 29.6588 30.3794 31.8417 27.5653 30.8030 24.2482 34.0436 23.1126 38.7149 60.5414 67.8197 63.7326 71.7975 62.4829 66.6807 67.2448 65.1875 69.8212 66.8084 60.6726 57.9366 64.5469 61.5450 62.0900 62.4603 69.9823 62.8629 64.4621 66.4555 68.0184 61.5185 64.6927 70.7139 65.7588 66.9851 61.0731 67.6337 64.5009 68.5798
2.5774 3.1422 2.3452 2.8217 0.0000 3.9289 3.6007 7.2535 3.2967 6.6618 3.5084 2.7995 3.1849 7.8014 5.6001 2.7698 5.2862 3.9521 4.3631 3.3146 6.8873 3.2329 5.2285 5.6546 4.6586 3.8465 8.0370 4.1526 3.8323 4.6146 112.1620 112.1479 110.6343 97.7189 109.6753 111.8795 106.6145 110.8102 111.6587 95.8016 111.2806 108.1538 105.1095 109.2075 112.7993 110.5428 108.9554 97.8265 108.7618 110.6849 109.7890 97.2094 95.1880 109.4297 112.7928 112.1348 110.0129 107.6996 96.7547 111.1626 4.0791 6.9492 9.8836 7.0091 7.3173 7.5788 15.0156 11.9356 5.8421 12.9665 14.6319 12.5497 18.9153 13.3617 9.4357 7.8881 4.1349 7.4374 10.8126 7.8725 4.2374 9.1168 8.2529 7.2528 11.0324 11.0593 8.8385 14.3954 8.9451 6.6081 30.0375 37.7226 37.9723 39.0856 34.2747 25.7293 43.1110 39.7182 26.0986 31.0151 45.6050 33.4985 36.3259 32.6677 37.2778 24.0456 30.8514 32.9105 29.9057 36.4650 38.3540 31.6830 31.9602 33.5823 29.2484 32.5352 26.4051 35.9417 24.8265 40.5135 62.6226 69.9794 65.8000 73.9628 64.6513 68.9029 69.2393 67.2866 71.9850 68.9058 62.8213 60.1200 66.6184 63.5539 64.3388 64.7089 72.1230 64.9744 66.5852 68.6239 70.1347 63.4712 66.7210 72.8223 67.9367 69.1472 63.1061 69.7915 66.5136 70.6739
3.7961 3.3987 3.3261 2.8958 3.9289 0.0000 2.9373 4.4468 2.8425 5.0929 2.4655 5.2359 3.8397 5.4407 4.2015 4.0795 3.5175 3.1803 1.5939 3.3747 4.8337 3.4907 3.5348 3.9297 3.0201 3.1059 6.5942 2.8728 3.0638 2.0760 109.2365 109.2200 107.7157 94.7060 106.7181 108.8531 103.6382 107.7988 108.6686 92.7585 108.2519 105.2167 102.1831 106.2305 109.8340 107.6162 105.9615 94.8082 105.7814 107.7184 106.8471 94.0835 92.1121 106.3980 109.8621 109.1688 107.0156 104.6984 93.6821 108.1065 3.2299 6.4986 8.6995 5.5254 4.2905 5.9285 12.8872 9.8828 2.7151 10.5101 12.1214 10.2737 16.4024 11.3529 7.1774 6.3887 4.0493 5.0864 9.1407 6.1830 3.4931 7.2715 6.0953 4.9758 8.2313 9.2252 7.7260 12.0422 6.1116 6.6322 26.7779 34.8198 35.0308 35.6142 30.9876 22.7393 39.5988 36.7041 23.2963 28.3916 42.3798 30.3597 33.5195 29.7698 34.6368 21.5074 28.2344 29.4474 26.6197 33.4256 35.4481 28.6724 29.0946 30.5525 26.2508 29.2921 23.4202 32.6806 21.8010 37.1442 59.8267 67.0946 62.9292 71.2256 61.6618 66.0520 66.4516 64.6646 69.1405 66.2730 59.9906 57.5521 63.7539 60.7919 61.6183 62.1698 69.4289 62.1219 63.7291 65.7093 67.3552 60.6910 64.0289 69.9360 65.3110 66.5101 60.3429 66.9292 63.7067 68.0179
2.2108 2.8719 2.6459 2.5812 3.6007 2.9373 0.0000 5.2684 2.9938 3.7323 1.9326 4.5512 4.9105 5.8748 3.3314 2.2307 4.2326 2.5173 2.7668 2.2597 3.9347 1.8925 2.5387 4.1052 2.0304 1.7562 5.9460 2.5480 1.8760 3.4142 109.9588 110.0487 108.3662 95.5140 107.4380 109.6469 104.3421 108.4932 109.4347 93.5652 108.9668 106.0594 102.8197 106.9371 110.5849 108.2524 106.7587 95.6071 106.5308 108.3677 107.5149 94.9412 92.9644 107.1207 110.5977 109.9198 107.7904 105.4558 94.6530 108.8869 2.2153 4.7944 8.4078 5.7833 5.0757 5.3360 12.8637 9.7042 4.1695 10.4233 12.5170 10.2667 16.7512 10.8320 7.2068 6.0404 4.2205 5.1733 8.9697 6.0328 2.9475 7.0813 5.6757 4.6186 8.7163 8.4517 6.3378 12.0214 6.2971 4.6146 28.0775 35.7340 36.0713 36.8053 32.1393 24.2276 40.7337 37.7588 24.4874 29.4959 43.4343 31.5673 34.4799 31.0332 35.4324 22.6267 29.2253 30.7695 28.1780 34.4418 36.6203 29.8761 30.2413 31.7840 27.3120 30.6867 24.4423 33.7870 23.0249 38.2443 60.8913 68.1599 63.9719 72.1294 62.8031 67.0366 67.5135 65.5802 70.1296 67.1538 61.0485 58.5539 64.8387 62.0102 62.4713 62.9673 70.2381 63.1914 64.7590 66.6742 68.3455 61.7457 65.0836 70.9615 66.1014 67.3702 61.4226 67.9198 64.8031 68.9169
6.7948 6.6923 6.9362 6.5307 7.2535 4.4468 5.2684 0.0000 6.7631 6.6088 5.3883 7.5939 6.3696 7.5601 6.4826 6.8506 2.8857 6.5446 4.1829 5.4427 6.1274 6.4553 5.3129 6.2945 4.9560 5.9865 8.5545 6.2993 5.4121 4.9924 109.0027 109.1495 107.4160 94.0996 106.4972 108.5826 103.2618 107.4173 108.3006 92.0261 107.8948 104.9785 101.9130 105.9331 109.6219 107.3401 105.6411 94.1565 105.5506 107.4389 106.6115 93.3227 91.5023 105.9582 109.6620 108.9819 106.7437 104.4152 93.1375 107.7678 6.3657 8.1532 10.5577 8.3436 5.1296 7.6370 14.1529 11.2650 4.9463 11.3043 13.1142 11.1273 17.0856 12.1900 8.7900 8.6784 7.1246 7.0760 10.9715 8.6391 6.3671 9.0585 7.3771 6.6376 9.2213 10.3101 9.0762 12.9734 6.7952 8.4821 26.3816 34.7998 34.8369 34.4630 29.9719 22.9934 37.5635 36.1706 23.8803 28.9737 41.3539 29.9674 33.4149 29.6155 34.3387 22.2321 29.0391 27.9561 26.1867 32.7136 35.7987 28.9560 29.0285 30.6076 26.2052 28.8189 23.5804 32.1499 21.6988 36.0964 59.9352 67.0990 63.0148 71.3247 61.4909 65.9788 66.5116 64.9538 69.1320 66.5460 60.0466 58.0832 63.6671 61.0767 61.8168 62.5840 69.6464 62.1022 63.6102 65.6203 67.4222 60.6804 64.2965 70.0277 65.4922 66.8361 60.4204 66.9884 63.6603 68.3278
2.8596 2.5187 2.0767 1.7438 3.2967 2.8425 2.9938 6.7631 0.0000 4.7123 2.7112 5.1871 4.6792 4.7836 4.0790 3.3699 5.6345 1.8382 3.0754 3.8852 4.8626 2.6364 3.5897 4.2698 3.5583 2.4198 5.5485 1.9525 3.5908 3.0443 109.2608 109.2392 107.7875 94.9029 106.7979 108.9896 103.8369 107.9203 108.8653 92.9708 108.4063 105.3600 102.2504 106.3008 109.8766 107.6639 106.1306 94.9800 105.8697 107.7711 106.9261 94.3804 92.3044 106.5578 109.9174 109.2420 107.1069 104.8393 93.8731 108.2800 1.9202 5.6295 7.8372 4.2418 5.1230 5.4663 12.0981 9.2913 3.6626 10.1672 11.8146 9.9847 16.0024 10.8343 6.7409 5.1996 3.3819 4.7353 8.1103 5.0907 2.5387 6.5979 5.9140 4.7154 8.1410 8.4240 6.7866 11.6341 6.5196 5.5888 27.3624 35.0173 35.5225 36.5742 31.9446 23.2044 41.0599 37.3987 23.3200 28.3691 43.5209 30.9854 33.8300 30.2737 34.8742 21.4348 27.9389 30.5913 27.3218 34.1737 35.5676 28.8255 29.5672 30.9917 26.7112 29.9801 23.5565 33.2516 22.2724 38.0020 59.8003 67.2119 62.9644 71.1161 61.7952 66.0786 66.3959 64.4723 69.1515 66.0750 60.0581 57.2953 63.7958 60.8086 61.4980 61.8406 69.2295 62.2014 63.7881 65.7230 67.3429 60.7214 63.9755 69.9418 65.0805 66.2355 60.3857 66.9564 63.8243 67.8330
4.7973 4.4508 5.1025 4.4550 6.6618 5.0929 3.7323 6.6088 4.7123 0.0000 3.7958 7.6263 8.0621 4.7363 2.8413 4.8801 6.6043 3.5117 4.3438 5.1922 2.4847 3.9067 2.5717 4.8916 3.0926 3.3875 3.8394 3.4341 4.5723 5.2486 107.3415 107.5486 105.7155 92.9416 104.7246 107.0550 101.7879 105.8473 106.9206 91.1045 106.3019 103.6876 100.1498 104.2565 107.9188 105.5378 104.2214 93.1165 103.9093 105.6367 104.8432 92.3902 90.4460 104.4665 107.9430 107.2651 105.1680 102.8441 92.3217 106.2471 3.2811 3.5176 6.2264 4.6004 4.3037 2.9357 10.0658 6.7640 4.5087 7.3718 9.6647 7.4388 13.8734 7.7037 4.5979 4.1594 5.2163 3.1808 6.4890 4.0741 3.7276 4.5347 3.2251 2.6166 6.4651 5.5455 3.6358 8.9647 4.3947 3.6499 26.1869 33.4343 34.4615 34.9539 30.4296 22.7775 39.2258 36.2100 22.5885 27.7950 41.8234 29.5885 32.5237 29.6234 33.7782 21.2906 27.0293 29.3667 26.5905 32.5899 34.5759 27.7176 28.5625 29.9500 25.5985 29.0067 22.1732 31.7744 21.3665 36.3385 58.5239 65.7088 61.6102 69.5667 60.4150 64.4886 65.2920 63.1127 67.6210 64.6901 58.5683 56.0658 62.5355 59.7994 59.8303 60.2991 67.7253 60.7934 62.3440 64.1742 65.8542 59.5333 62.7582 68.4969 63.5457 64.8425 59.1207 65.4462 62.5454 66.4555
2.6069 1.8952 2.7053 1.9747 3.5084 2.4655 1.9326 5.3883 2.7112 3.7958 0.0000 4.7645 4.7487 5.7357 2.7309 2.8525 4.2351 2.0370 2.3073 2.7534 4.0328 2.0327 2.3116 3.9343 2.0471 2.3637 5.7252 2.1047 2.6367 3.3454 109.6229 109.7355 108.0322 95.1692 107.0398 109.2953 103.9928 108.1720 109.0935 93.3058 108.6048 105.7379 102.4686 106.5953 110.2218 107.9081 106.4012 95.3157 106.1737 108.0173 107.1597 94.5950 92.6677 106.7412 110.2148 109.5532 107.4389 105.0794 94.3940 108.5255 2.2861 4.9406 7.6152 5.0577 4.4702 4.5867 12.5516 9.1749 3.6243 10.0641 11.8786 9.6622 16.2185 10.5108 6.7298 5.7369 2.9313 4.6500 8.5048 5.6186 2.2701 6.4538 5.2804 4.3902 8.3747 8.4906 6.4654 11.6067 6.0610 4.8989 27.6315 35.3486 35.8344 36.4891 31.8159 23.7229 40.5341 37.5349 24.0211 29.1324 43.0427 31.0780 34.1286 30.6873 35.3701 22.3968 28.7620 30.5563 27.6988 34.1038 36.1913 29.3808 29.8621 31.3033 26.9815 30.2782 23.9626 33.4587 22.6452 37.9462 60.3623 67.5389 63.4469 71.6228 62.2467 66.4291 67.0762 65.0323 69.5907 66.6578 60.4002 57.8970 64.3492 61.3830 61.8596 62.3724 69.7841 62.6167 64.2203 66.2320 67.7806 61.2993 64.4963 70.4325 65.6022 66.8997 60.8389 67.3806 64.2184 68.4173
3.4822 4.4507 3.9242 4.4738 2.7995 5.2359 4.5512 7.5939 5.1871 7.6263 4.7645 0.0000 3.7446 9.5389 6.6336 3.3972 5.6240 5.7218 5.5576 3.7704 8.0874 4.2610 6.3040 7.0468 5.5338 5.1074 9.6426 5.6957 4.6477 6.2130 114.0449 114.0519 112.4966 99.6334 111.4976 113.6926 108.4358 112.6200 113.5296 97.6996 113.0710 110.0840 106.9538 111.0374 114.6412 112.3833 110.8632 99.7333 110.5847 112.4599 111.6244 99.0467 97.0387 111.2000 114.6682 113.9748 111.8582 109.5048 98.6403 112.9425 5.4594 7.5592 11.2680 8.9285 8.7744 8.8138 16.7212 13.4638 7.5370 14.3646 16.2860 14.1530 20.5665 14.6151 11.0747 9.6366 5.7206 8.8893 12.3623 9.5155 5.7591 10.7914 9.5677 8.6810 12.7161 12.4928 9.6672 16.0182 10.4476 7.1417 31.8428 39.5474 39.7824 40.5953 35.8779 27.7004 44.2883 41.3491 28.0661 33.1190 46.8305 35.2120 38.1198 34.6332 39.3457 26.1814 32.8955 34.3800 31.7223 37.9341 40.3616 33.5649 33.7967 35.4221 31.0292 34.2558 28.3344 37.6870 26.7850 42.1095 64.7129 72.0044 67.8236 76.0318 66.5838 70.8822 71.3518 69.4244 74.0052 71.0536 64.8601 62.2056 68.6887 65.6955 66.3363 66.7450 74.1680 67.0427 68.6277 70.6083 72.2194 65.6336 68.8839 74.8122 70.0176 71.2117 65.2383 71.8239 68.6266 72.7894
4.7483 5.0862 4.3850 4.6044 3.1849 3.8397 4.9105 6.3696 4.6792 8.0621 4.7487 3.7446 0.0000 8.6380 6.7950 4.8304 4.2170 5.5200 4.5733 3.8044 7.7329 5.2350 6.4360 5.7497 5.6178 5.3935 9.7600 5.4564 4.5744 4.3880 112.3760 112.2440 110.8724 97.8925 109.9317 111.9884 106.7509 110.9813 111.7600 95.8630 111.4760 108.1675 105.3436 109.4357 113.0319 110.8333 109.0408 97.9119 108.9395 110.9744 110.0559 97.2763 95.2756 109.6165 113.0141 112.3277 110.1254 107.8351 96.6715 111.2960 5.5757 9.0283 11.6979 8.3525 7.7336 9.0358 16.2911 13.3253 6.1092 14.0475 15.5397 13.6666 19.8427 14.8269 10.6522 9.5062 5.6551 8.5485 12.3529 9.3267 5.8867 10.4543 9.5430 8.3120 11.7038 12.5149 10.7108 15.5270 9.3913 8.9085 29.5497 37.4901 37.4319 38.3061 33.4977 25.1753 41.9749 38.9037 25.8351 30.7661 44.7509 32.9228 35.8368 31.9679 37.0672 23.7390 31.1215 31.8426 29.2407 35.6916 38.1738 31.4939 31.3774 33.1421 28.7381 31.7398 26.4348 35.5279 24.4109 39.8556 62.7511 70.1160 65.7680 74.3107 64.6947 69.1081 69.2860 67.6188 72.2311 69.1728 62.9884 60.5574 66.6766 63.5822 64.7557 65.2898 72.4213 65.0231 66.7507 68.7911 70.2966 63.5298 66.9008 72.9020 68.3421 69.5319 63.1557 69.9615 66.4161 71.0441
6.6979 6.0063 6.1305 5.6067 7.8014 5.4407 5.8748 7.5601 4.7836 4.7363 5.7357 9.5389 8.6380 0.0000 5.5633 7.1027 8.0240 4.5642 5.1703 7.4237 4.6604 5.9488 4.7278 5.9386 5.6316 5.1186 3.4899 4.4069 6.5565 4.9940 104.8946 104.9577 103.4818 90.4286 102.4694 104.6560 99.6241 103.5433 104.6048 88.4576 104.0496 101.1647 97.9633 101.9016 105.4713 103.3142 101.8344 90.5040 101.5437 103.3880 102.5987 89.8903 87.7724 102.1852 105.6048 104.9354 102.7830 100.5583 89.4081 103.9506 4.5660 6.1137 6.3127 2.9150 3.7091 4.7828 7.9822 6.0630 3.4772 6.4085 8.0078 6.7579 11.8484 7.6137 3.6579 3.0226 6.1860 2.7294 5.0311 2.9430 4.8087 4.3403 4.0235 3.1917 3.9208 5.2116 5.6534 7.8481 4.2123 6.6514 23.4053 31.2818 32.0600 32.7907 28.5071 19.7535 37.8414 34.2147 19.6819 24.7073 40.5514 27.5153 30.5355 26.9095 31.2092 17.9195 23.8004 27.0670 23.4923 31.1324 31.6208 24.8252 26.3818 27.4026 23.2822 26.3785 19.4112 29.2498 18.6308 34.2101 55.5518 63.0243 58.8643 66.8025 57.4362 61.7635 62.1137 60.2785 64.8230 61.8853 55.9016 53.1232 59.4985 56.7461 57.2394 57.5772 64.9505 58.0388 59.4740 61.3365 63.1824 56.5146 59.8743 65.7224 60.7848 61.9424 56.3029 62.7024 59.7951 63.5774
4.1807 3.5263 4.5216 3.5694 5.6001 4.2015 3.3314 6.4826 4.0790 2.8413 2.7309 6.6336 6.7950 5.5633 0.0000 4.2558 5.7390 2.7412 3.7512 4.1955 2.9385 3.5096 2.4844 3.7232 2.5914 3.3345 5.0150 2.9554 3.8009 4.5145 108.2066 108.3791 106.5277 94.0029 105.5168 107.8955 102.5167 106.7363 107.6774 92.1822 107.0999 104.4190 100.9390 105.1635 108.8235 106.3957 104.9942 94.1955 104.7306 106.4991 105.6613 93.4210 91.5148 105.2752 108.7671 108.0825 105.9651 103.6153 93.3703 107.0664 2.9934 4.6011 6.8998 4.9183 4.3544 3.3214 11.2977 7.6698 4.3673 8.5665 10.5177 8.1668 14.9232 8.9735 5.6387 5.2192 4.0721 3.9952 7.5497 4.9706 3.2960 5.0629 4.1782 3.3417 7.4383 7.1088 5.4934 10.1140 4.9289 4.6998 26.7062 34.0050 34.7360 35.4110 30.7022 22.9681 39.5371 36.3196 22.9750 28.2739 41.7212 29.8260 32.7924 29.8302 34.4400 21.7221 27.8181 29.8044 27.0502 32.7611 35.0413 28.2763 28.6624 30.2380 25.7464 29.3303 22.8050 32.3158 21.7399 36.7934 59.2592 66.3033 62.1695 70.4127 61.1839 65.2571 66.0442 63.9075 68.4409 65.4132 59.1881 56.7768 63.3281 60.2856 60.5790 61.1454 68.5713 61.4509 63.1807 65.0362 66.5152 60.2794 63.3716 69.2314 64.3806 65.6937 59.6536 66.1063 63.0507 67.2374
1.3099 2.8775 2.3008 2.7019 2.7698 4.0795 2.2307 6.8506 3.3699 4.8801 2.8525 3.3972 4.8304 7.1027 4.2558 0.0000 5.3441 3.2339 4.0687 2.6393 5.4275 2.0782 3.8381 5.1021 3.2906 2.3966 6.8777 3.3432 2.7098 4.6183 111.3320 111.4301 109.7578 97.0442 108.8287 111.0842 105.7773 109.9521 110.8849 95.1039 110.3932 107.5165 104.2437 108.3640 111.9918 109.6171 108.2208 97.1615 107.9343 109.7621 108.9064 96.5298 94.4748 108.5346 111.9907 111.3030 109.2246 106.8891 96.2144 110.3145 2.9089 5.1474 9.0360 6.6021 6.6889 6.3445 13.9237 10.7722 5.6671 11.7334 13.7671 11.4869 18.0308 11.9082 8.4261 6.9579 4.4941 6.4094 9.8159 6.9936 3.6895 8.1424 6.9732 5.9971 10.1960 9.5101 7.0331 13.2471 7.8979 4.6565 29.7336 37.2000 37.5680 38.5388 33.8459 25.7134 42.5270 39.2781 25.8628 30.8952 44.9891 33.1180 35.8988 32.5750 36.9091 23.9649 30.5677 32.5446 29.8099 35.9497 38.0217 31.3423 31.6564 33.2837 28.8139 32.2941 25.9547 35.3784 24.5661 39.9323 62.2827 69.5806 65.4277 73.4579 64.2499 68.4398 68.8835 66.9200 71.5479 68.4883 62.4480 59.7968 66.2926 63.3555 63.8042 64.2184 71.6220 64.6333 66.2061 68.0696 69.7235 63.1660 66.4491 72.3638 67.4525 68.6844 62.8144 69.3131 66.2376 70.2008
5.3533 5.4882 5.6136 5.2775 5.2862 3.5175 4.2326 2.8857 5.6345 6.6043 4.2351 5.6240 4.2170 8.0240 5.7390 5.3441 0.0000 5.5665 3.4860 3.4818 6.0782 5.3806 5.0003 5.1987 4.2254 5.1182 8.7942 5.5179 4.0964 4.1186 110.6256 110.6900 109.0066 95.9073 108.1318 110.2442 104.8416 109.1069 109.8999 93.8576 109.5830 106.5023 103.4835 107.6202 111.3114 108.9599 107.2340 95.9523 107.1839 109.1232 108.2315 95.2030 93.3584 107.6809 111.2536 110.5799 108.3516 106.0377 94.9761 109.4417 5.4956 8.1278 10.8487 8.1638 5.8547 7.7039 15.0998 11.9560 5.0673 12.3623 14.1017 11.9045 18.3269 13.1586 9.3514 8.8111 5.8950 7.4555 11.5381 8.8335 5.5833 9.2764 7.9351 6.8929 10.2594 10.9624 9.4533 13.9262 7.4246 8.1990 27.9020 35.9674 35.9938 36.1624 31.3904 24.0661 39.2770 37.2643 24.8346 29.9814 42.6729 31.1775 34.3258 30.6786 35.4958 23.0766 30.2838 29.6521 27.7331 33.7921 37.0158 30.2667 29.9190 31.8095 27.2711 30.1839 24.9352 33.6926 22.8535 37.7116 61.3956 68.5978 64.3710 72.8286 63.1613 67.5681 67.9812 66.3212 70.7196 67.8616 61.4929 59.4463 65.2266 62.3868 63.2958 64.0017 71.1093 63.5401 65.1987 67.2029 68.7941 62.1009 65.6145 71.5119 66.9293 68.2766 61.7469 68.4592 64.9823 69.7301
2.8452 2.3333 2.6666 1.8955 3.9521 3.1803 2.5173 6.5446 1.8382 3.5117 2.0370 5.7218 5.5200 4.5642 2.7412 3.2339 5.5665 0.0000 3.0500 3.7171 3.6017 2.3692 2.5114 3.6585 2.7866 2.0801 4.6325 1.4931 3.2511 3.2786 108.6443 108.7268 107.0893 94.3232 106.1212 108.3912 103.1361 107.2707 108.2106 92.4300 107.7232 104.7991 101.5381 105.6666 109.2794 106.9659 105.4911 94.4461 105.2506 107.0910 106.2367 93.8096 91.8011 105.8781 109.2768 108.6212 106.4945 104.1920 93.4888 107.6519 1.4475 4.7380 7.0189 3.7864 4.3786 4.1859 11.3782 8.2853 3.4266 9.2533 11.0246 8.8920 15.3133 9.7774 5.8384 4.5290 3.1040 3.9263 7.4396 4.4599 1.9059 5.4589 4.7983 3.6194 7.4835 7.4085 5.8694 10.6911 5.4804 4.7171 26.9604 34.4696 35.0582 36.0401 31.3569 22.9510 40.4505 36.8847 23.0131 28.0668 42.8058 30.4401 33.2792 29.8953 34.4053 21.2612 27.6585 30.1982 27.0897 33.5833 35.1903 28.4736 29.0815 30.5476 26.2005 29.6392 23.0535 32.7337 21.8566 37.4193 59.3570 66.6589 62.4798 70.6043 61.3766 65.5345 66.0192 63.9874 68.6541 65.5618 59.5041 56.8532 63.3915 60.3977 60.8932 61.3162 68.7179 61.6894 63.3147 65.2530 66.7996 60.2944 63.4914 69.4678 64.5357 65.7934 59.8590 66.4108 63.2894 67.3451
3.7709 3.2390 3.5494 2.8598 4.3631 1.5939 2.7668 4.1829 3.0754 4.3438 2.3073 5.5576 4.5733 5.1703 3.7512 4.0687 3.4860 3.0500 0.0000 3.4486 4.3485 3.2845 2.6865 4.0637 2.3944 2.7953 5.9833 2.6438 3.2969 2.4816 108.9387 109.0012 107.3947 94.3437 106.3973 108.5944 103.3584 107.4852 108.4098 92.3983 107.9490 105.0105 101.8729 105.9156 109.5401 107.2893 105.6978 94.4569 105.4981 107.3810 106.5544 93.7141 91.7645 106.0614 109.5596 108.8784 106.7060 104.4203 93.4142 107.8065 2.9772 5.8422 8.0933 5.1540 3.6676 5.2047 12.3847 9.3061 2.5424 9.8667 11.5550 9.5771 15.8653 10.6434 6.6006 5.8867 3.7719 4.5889 8.5975 5.7514 2.9992 6.6224 5.4233 4.3426 7.7915 8.5763 6.9213 11.4935 5.6233 6.0679 26.6109 34.5440 35.0247 35.4265 30.8137 22.7464 39.3708 36.6414 23.2029 28.3619 42.3365 30.1315 33.3588 29.7728 34.4757 21.5229 28.0661 29.2905 26.5242 33.1849 35.3664 28.5040 28.9589 30.5189 26.1735 29.1496 23.1521 32.5021 21.6486 36.9573 59.5583 66.8371 62.6997 70.8874 61.3616 65.7105 66.2219 64.3852 68.8422 65.9812 59.6982 57.2747 63.4829 60.6039 61.2939 61.8082 69.1588 61.8196 63.4185 65.3869 67.0468 60.4588 63.8068 69.7033 64.9618 66.2035 60.0681 66.6597 63.4672 67.7458
2.9746 3.7052 3.4726 3.4254 3.3146 3.3747 2.2597 5.4427 3.8852 5.1922 2.7534 3.7704 3.8044 7.4237 4.1955 2.6393 3.4818 3.7171 3.4486 0.0000 4.9975 3.2544 4.0692 3.9517 2.9383 3.1523 7.7635 3.8390 2.0436 3.7449 111.1627 111.1805 109.5329 96.7874 108.6501 110.8236 105.4632 109.6946 110.5607 94.8022 110.1788 107.1459 103.9747 108.1793 111.8471 109.4532 107.8824 96.8421 107.7246 109.6321 108.7301 96.1997 94.2536 108.3515 111.7802 111.0974 108.9317 106.6187 95.8818 110.0619 3.5774 6.5771 10.0120 7.1540 6.3479 6.7390 14.5131 11.2780 5.2529 11.9918 13.9262 11.6679 18.2827 12.5318 8.7339 7.7353 4.8732 6.7747 10.7059 7.6872 4.3263 8.4584 7.3325 6.0974 10.1703 10.0792 8.0764 13.4794 7.3246 6.2828 28.9577 36.4372 36.7044 37.5012 32.6416 24.9134 41.0912 38.1228 25.2263 30.3253 43.8277 32.1049 34.8748 31.5674 36.1743 23.4116 30.4685 31.3001 29.0174 34.6768 37.5433 30.8275 30.6487 32.5085 27.9211 31.2781 25.5050 34.6578 23.7525 38.9419 62.0630 69.3188 64.9859 73.4023 64.0609 68.2920 68.6890 66.8072 71.4141 68.3044 62.1944 59.8665 66.0448 63.0967 63.7655 64.3454 71.4937 64.2847 65.9995 67.9026 69.4356 62.8572 66.2232 72.0957 67.3956 68.6742 62.4671 69.1076 65.7571 70.1966
5.4508 5.1870 5.6298 4.9536 6.8873 4.8337 3.9347 6.1274 4.8626 2.4847 4.0328 8.0874 7.7329 4.6604 2.9385 5.4275 6.0782 3.6017 4.3485 4.9975 0.0000 4.7739 3.0876 3.4327 3.1618 3.9006 4.7020 3.7712 4.1514 4.4510 106.6422 106.7658 104.9609 92.3924 104.0775 106.3392 100.9825 105.1531 106.1051 90.4369 105.6098 102.7892 99.4185 103.6238 107.3108 104.8832 103.4097 92.4565 103.2119 105.0312 104.1640 91.8090 89.8454 103.7924 107.2683 106.5716 104.4252 102.1105 91.6315 105.5598 3.7237 5.3537 7.4589 4.8899 3.9810 3.8109 10.2391 7.1967 4.1654 7.5759 9.7002 7.4534 13.9234 8.3678 4.8803 4.8020 5.7740 3.7279 7.3086 4.6951 4.3563 4.7317 3.8517 2.2966 6.0792 5.7838 5.3666 8.9780 3.0886 5.4767 25.1208 32.3559 33.0139 33.7107 29.0074 21.5013 37.8418 34.6332 21.4679 26.6388 40.3898 28.3520 31.1416 28.1078 32.4308 20.0182 26.4389 27.9740 25.5202 31.1900 33.5561 26.8335 27.1335 28.6817 24.1710 27.7330 21.3553 30.6294 20.0983 35.0680 57.8739 65.0692 60.7606 69.0478 59.8635 63.9986 64.5236 62.5309 67.1228 63.9986 57.9477 55.6833 61.8560 59.0370 59.3495 60.0066 67.0750 60.0781 61.7794 63.5671 65.1692 58.7352 62.0666 67.8032 63.0080 64.3057 58.3141 64.7922 61.6832 65.8767
1.4589 1.7515 1.8463 1.7492 3.2329 3.4907 1.8925 6.4553 2.6364 3.9067 2.0327 4.2610 5.2350 5.9488 3.5096 2.0782 5.3806 2.3692 3.2845 3.2544 4.7739 0.0000 2.8575 5.0934 2.8358 1.9851 5.5727 2.3913 3.1200 4.3191 110.3300 110.4412 108.7784 95.8463 107.7630 110.0393 104.8232 108.8965 109.9044 93.9970 109.3546 106.5496 103.2225 107.2822 110.8920 108.6119 107.1948 96.0188 106.9062 108.7050 107.8788 95.3157 93.3295 107.5067 110.9457 110.2785 108.1826 105.8589 95.0507 109.2806 2.0246 4.0489 7.4978 5.2526 5.5114 5.0068 12.6664 9.4314 4.5455 10.3953 12.3911 10.2108 16.5999 10.5992 7.1037 5.6100 3.3066 5.0485 8.3723 5.5684 2.2495 6.8760 5.5893 4.8869 8.9266 8.5036 5.9131 12.0124 7.0029 3.8224 28.6629 36.2833 36.9159 37.6630 33.0475 24.7996 41.8639 38.7207 24.9426 29.9306 44.4078 32.2457 35.2226 31.8092 36.2247 23.1807 29.2936 31.7822 28.7406 35.3463 37.0325 30.2488 31.0095 32.3883 28.0814 31.4096 24.7688 34.4851 23.6996 39.1095 61.0815 68.3291 64.2653 72.2589 62.9795 67.1322 67.7812 65.6820 70.2645 67.3264 61.1969 58.4720 65.0681 62.1801 62.5193 62.8837 70.4019 63.4071 64.9179 66.8998 68.5536 62.0540 65.2539 71.2011 66.1895 67.4640 61.6579 68.1254 65.0907 69.0429
3.5915 3.1337 3.9734 3.1848 5.2285 3.5348 2.5387 5.3129 3.5897 2.5717 2.3116 6.3040 6.4360 4.7278 2.4844 3.8381 5.0003 2.5114 2.6865 4.0692 3.0876 2.8575 0.0000 4.4790 2.0194 2.5708 4.2800 2.5106 3.5715 3.9115 108.2774 108.5023 106.6779 93.8223 105.6997 108.0127 102.7033 106.8186 107.8216 91.9021 107.2473 104.5397 101.1485 105.2439 108.8926 106.5382 105.1500 93.9610 104.8580 106.6202 105.8222 93.2301 91.2705 105.3418 108.9075 108.2476 106.1183 103.7853 93.1064 107.1985 2.3363 3.7460 6.6087 4.4725 3.3615 3.3826 11.0874 7.7857 3.4752 8.5160 10.5850 8.1899 14.8138 8.8712 5.4554 4.5950 3.7725 3.4746 7.1826 4.6946 2.2685 5.2523 3.7568 2.9283 7.0507 6.7908 4.8798 10.2523 4.9469 4.0902 26.6799 34.4018 35.0296 35.4703 30.9405 23.0819 39.5856 36.7622 23.2578 28.4245 42.2718 30.2165 33.3514 30.0313 34.4049 21.7170 27.7994 29.6307 26.8508 33.3104 35.2763 28.4478 29.1083 30.5379 26.1509 29.4478 22.8890 32.3722 21.7776 36.9051 59.2262 66.4290 62.3802 70.3743 61.0192 65.2135 65.8960 63.9149 68.3873 65.5124 59.2892 56.7831 63.1829 60.3772 60.6560 61.1369 68.6042 61.5070 63.0294 64.9479 66.6435 60.1873 63.4623 69.3179 64.3479 65.6815 59.7517 66.2031 63.2052 67.2119
5.2628 5.1121 5.1504 4.6251 5.6546 3.9297 4.1052 6.2945 4.2698 4.8916 3.9343 7.0468 5.7497 5.9386 3.7232 5.1021 5.1987 3.6585 4.0637 3.9517 3.4327 5.0934 4.4790 0.0000 3.5803 4.0743 6.9462 3.8048 3.4156 3.0497 107.9256 107.8522 106.2508 93.8770 105.3932 107.5666 102.1592 106.4960 107.2579 91.8840 106.9577 103.7788 100.7077 104.9855 108.6595 106.2511 104.5748 93.8857 104.4537 106.4360 105.4973 93.3075 91.3126 105.1786 108.5193 107.8133 105.6384 103.3291 92.8944 106.8197 4.0762 7.4680 9.5262 5.9821 5.2869 6.0178 12.4494 9.5293 4.4153 10.0497 11.6031 9.6746 16.0298 11.1031 6.9509 6.6983 5.6795 5.5481 9.4870 6.4582 5.0438 6.6660 6.4410 4.6928 7.9319 8.5348 8.0170 11.1788 4.8964 7.4093 25.8101 32.9658 33.1989 34.3910 29.4270 21.5709 38.3336 34.6256 21.7956 26.9926 40.6090 28.6758 31.3120 28.1615 32.9662 20.1342 27.4812 28.4019 26.0154 31.2601 34.1254 27.5183 27.0787 29.0267 24.3893 27.9802 22.4070 31.3711 20.4646 35.7213 58.9379 66.1932 61.6782 70.3298 61.1000 65.3473 65.5475 63.7260 68.3901 65.1010 59.0603 56.9156 62.9972 59.8791 60.7307 61.4452 68.3376 61.1259 63.0700 64.8319 66.2276 59.7234 63.0332 68.8384 64.3750 65.5707 59.2500 65.9244 62.5522 67.0629
3.3854 3.1697 3.7311 3.1582 4.6586 3.0201 2.0304 4.9560 3.5583 3.0926 2.0471 5.5338 5.6178 5.6316 2.5914 3.2906 4.2254 2.7866 2.3944 2.9383 3.1618 2.8358 2.0194 3.5803 0.0000 2.1743 5.6523 2.6181 2.3826 3.3775 109.0012 109.1288 107.3563 94.6408 106.4145 108.6829 103.3226 107.5296 108.4463 92.7185 107.9663 105.1325 101.8469 105.9735 109.6372 107.2627 105.8035 94.7553 105.5322 107.3703 106.5415 94.0450 92.0805 106.0928 109.6066 108.9182 106.7955 104.4508 93.8576 107.8544 2.6520 4.8831 7.9458 5.4928 4.3374 4.5473 12.2269 8.9356 3.8620 9.5543 11.5705 9.3109 15.9349 10.0828 6.3818 5.7542 4.2850 4.5212 8.5374 5.6961 3.1031 6.2578 5.0320 3.8467 7.9778 7.8896 5.8922 11.1575 5.3622 4.8261 27.1840 34.7123 35.2037 35.7912 31.1113 23.3839 39.6352 36.7811 23.6504 28.9098 42.2972 30.4255 33.4884 30.2716 34.7339 22.1274 28.5799 29.8455 27.3176 33.2310 35.7872 28.9637 29.2020 30.8268 26.3860 29.6936 23.5790 32.8050 22.1298 37.2055 60.0456 67.2508 63.0736 71.2336 61.9122 66.1690 66.7242 64.7812 69.2658 66.3319 60.1079 57.7531 64.0251 61.1543 61.5820 62.1497 69.4488 62.2945 63.9270 65.7743 67.4161 60.9507 64.2550 70.0439 65.3077 66.5475 60.5329 67.0277 63.9784 68.0751
2.3375 2.6955 2.4635 2.2695 3.8465 3.1059 1.7562 5.9865 2.4198 3.3875 2.3637 5.1074 5.3935 5.1186 3.3345 2.3966 5.1182 2.0801 2.7953 3.1523 3.9006 1.9851 2.5708 4.0743 2.1743 0.0000 5.2585 1.9787 2.4979 3.3819 109.3182 109.3884 107.7666 94.9445 106.8205 109.0566 103.8093 107.9244 108.8810 93.0138 108.3948 105.4982 102.2528 106.3286 109.9560 107.6287 106.1911 95.0596 105.9141 107.7557 106.9289 94.4212 92.3759 106.5436 109.9738 109.2776 107.1785 104.8873 94.0768 108.2775 1.6631 4.5658 7.7970 5.0254 4.9488 4.9768 12.0755 9.0767 3.8993 9.8492 11.8349 9.7290 16.1108 10.2988 6.4930 5.2136 4.1506 4.5497 8.1914 5.2343 2.7654 6.4655 5.3186 4.1610 8.1460 7.7955 5.7168 11.3526 6.0023 4.3711 27.6766 35.1807 35.7113 36.5610 31.9290 23.7477 40.7156 37.4619 23.8773 28.9722 43.3711 31.1376 34.0245 30.7026 34.9883 22.0718 28.5392 30.6138 27.7558 34.1119 35.9942 29.2691 29.7679 31.3560 26.9299 30.2851 23.8715 33.3459 22.5512 37.9576 60.2350 67.5647 63.3899 71.4116 62.1841 66.4428 66.8454 64.9134 69.4857 66.4828 60.4350 57.8360 64.2127 61.3579 61.8297 62.2436 69.6154 62.5843 64.1565 65.9811 67.6894 61.1222 64.4433 70.3085 65.4576 66.6423 60.8191 67.2850 64.2644 68.1982
6.4214 5.6854 6.3503 5.6671 8.0370 6.5942 5.9460 8.5545 5.5485 3.8394 5.7252 9.6426 9.7600 3.4899 5.0150 6.8777 8.7942 4.6325 5.9833 7.7635 4.7020 5.5727 4.2800 6.9462 5.6523 5.2585 0.0000 4.8023 6.9655 6.5879 105.4269 105.7118 103.9088 90.9278 102.8799 105.2760 100.1188 104.0523 105.1858 89.1280 104.4980 101.9275 98.3769 102.3849 105.9894 103.6884 102.4452 91.1557 102.0931 103.7698 103.0028 90.4606 88.4457 102.6191 106.0804 105.4572 103.3797 101.1024 90.3602 104.4933 4.6985 4.0418 3.9123 2.9535 4.3695 2.9863 7.4079 4.5767 4.9852 5.6931 7.6915 5.5354 11.5358 5.8169 2.9300 1.6917 5.6988 2.6548 3.5007 2.3959 4.3284 2.9857 2.5381 3.0138 4.8875 3.7644 3.3780 7.2152 4.9395 4.6367 24.8879 32.3955 33.5708 34.2205 29.9003 21.5380 39.2168 35.7901 21.2591 26.2409 41.6888 28.8221 31.8514 28.6100 32.4641 19.8075 24.8221 28.8714 25.2272 32.4992 32.9046 26.1715 27.8282 28.8246 24.7759 28.1393 20.4464 30.5582 20.1710 35.5338 56.2875 63.5729 59.6906 67.2535 58.1712 62.2337 63.0140 60.7638 65.3511 62.4564 56.4183 53.5211 60.2838 57.5546 57.5180 57.7706 65.5049 58.7024 60.0626 61.9981 63.7421 57.3498 60.5092 66.4735 61.1428 62.4645 56.9745 63.2724 60.5817 64.0614
3.0407 2.3769 2.5190 2.0916 4.1526 2.8728 2.5480 6.2993 1.9525 3.4341 2.1047 5.6957 5.4564 4.4069 2.9554 3.3432 5.5179 1.4931 2.6438 3.8390 3.7712 2.3913 2.5106 3.8048 2.6181 1.9787 4.8023 0.0000 3.2436 3.1124 108.5794 108.6208 107.0380 94.2365 106.0241 108.2652 103.0621 107.1693 108.1373 92.3582 107.6259 104.7239 101.4905 105.5639 109.1600 106.9135 105.4251 94.3677 105.1348 106.9980 106.1451 93.7033 91.6758 105.7873 109.1855 108.5050 106.4072 104.0772 93.3449 107.5171 1.6292 4.7335 7.0757 3.9531 4.2652 4.3012 11.3774 8.3173 3.2174 9.1753 10.8956 8.9608 15.2511 9.7067 5.7806 4.5724 3.3555 3.6927 7.4564 4.3507 2.2555 5.6251 4.7438 3.6671 7.3406 7.5798 5.7823 10.6708 5.5115 4.7777 26.7982 34.3790 34.9767 35.8508 31.2692 22.8350 40.2675 36.8239 22.9874 28.0196 42.6447 30.3425 33.3428 29.9003 34.4957 21.2423 27.5441 30.0456 26.8790 33.5021 35.1234 28.3265 29.0654 30.4365 26.1461 29.4483 23.0171 32.6052 21.8141 37.2945 59.3238 66.6154 62.4472 70.5557 61.2517 65.4667 65.9844 63.9760 68.5723 65.5855 59.4575 56.8239 63.3325 60.3700 60.8605 61.2892 68.6772 61.6464 63.2478 65.1678 66.8123 60.2922 63.4937 69.3764 64.5447 65.7522 59.8841 66.3738 63.3227 67.3036
3.0604 3.7285 3.4026 3.4476 3.8323 3.0638 1.8760 5.4121 3.5908 4.5723 2.6367 4.6477 4.5744 6.5565 3.8009 2.7098 4.0964 3.2511 3.2969 2.0436 4.1514 3.1200 3.5715 3.4156 2.3826 2.4979 6.9655 3.2436 0.0000 3.2117 110.0451 110.0566 108.4092 95.7954 107.5408 109.6852 104.3221 108.5781 109.4202 93.8122 109.0578 106.0008 102.8882 107.0604 110.7246 108.3569 106.7977 95.8453 106.5791 108.4932 107.5955 95.2302 93.2234 107.2237 110.6683 109.9712 107.8599 105.4790 94.8565 108.9283 3.1867 6.0885 9.5140 6.5917 5.7134 6.2235 13.5536 10.4705 4.6884 11.0968 13.1023 10.9182 17.4369 11.6918 7.8201 6.9471 5.0892 5.9555 9.9836 6.8795 4.1513 7.7939 6.5915 5.2786 9.2390 9.1935 7.3725 12.5713 6.5061 5.8077 28.0585 35.6226 35.6628 36.6067 31.8317 24.0207 40.3579 37.2526 24.4264 29.4859 42.8507 31.3310 34.1816 30.7382 35.2603 22.5634 29.5249 30.5433 28.1524 34.0001 36.5676 29.9125 29.8509 31.4994 26.9843 30.4884 24.6708 33.6579 22.8966 38.0197 61.1500 68.4035 64.0943 72.4322 63.1281 67.4207 67.7105 65.8712 70.4468 67.4027 61.3048 58.9684 65.1109 62.1917 62.8102 63.4248 70.4929 63.4114 65.0983 66.9255 68.5597 61.9311 65.2974 71.0957 66.4770 67.6826 61.6087 68.1472 64.9961 69.1494
4.4910 4.3406 4.0189 3.7589 4.6146 2.0760 3.4142 4.9924 3.0443 5.2486 3.3454 6.2130 4.3880 4.9940 4.5145 4.6183 4.1186 3.2786 2.4816 3.7449 4.4510 4.3191 3.9115 3.0497 3.3775 3.3819 6.5879 3.1124 3.2117 0.0000 108.3417 108.2918 106.8116 93.9678 105.9213 108.0020 102.7152 106.9378 107.7448 91.9396 107.4505 104.2264 101.2949 105.3988 109.0232 106.7579 105.0786 93.9816 104.9111 106.9101 106.0091 93.3945 91.3564 105.5899 108.9920 108.3167 106.1367 103.8342 92.8689 107.2785 3.4220 7.1304 9.2433 5.4514 4.3600 6.2845 12.5083 9.8183 2.8877 10.3182 11.8576 10.0372 16.1247 11.3791 6.9727 6.2841 4.8932 5.1720 9.2160 6.2297 4.0653 7.0473 6.3607 4.8159 7.7782 8.8736 7.9622 11.6884 5.5341 7.2463 25.9442 33.8152 33.8220 34.7617 30.0437 21.7444 38.7984 35.4907 22.2800 27.3464 41.5264 29.4019 32.3778 28.6198 33.3954 20.2784 27.5179 28.5328 25.8317 32.3417 34.5078 27.8343 27.8964 29.5667 25.0967 28.3020 22.6712 31.7237 20.7196 36.1962 59.0491 66.4464 62.0797 70.4996 61.0320 65.4430 65.5871 63.9150 68.4697 65.4307 59.3232 56.9745 63.0117 60.0318 61.0035 61.5650 68.6302 61.3796 63.0638 64.9623 66.5672 59.8203 63.2371 69.1251 64.5739 65.7607 59.5266 66.1840 62.8837 67.2201
111.1429 110.1941 110.6722 110.0193 112.1620 109.2365 109.9588 109.0027 109.2608 107.3415 109.6229 114.0449 112.3760 104.8946 108.2066 111.3320 110.6256 108.6443 108.9387 111.1627 106.6422 110.3300 108.2774 107.9256 109.0012 109.3182 105.4269 108.5794 110.0451 108.3417 0.0000 11.7913 8.3004 25.0226 11.4481 10.3630 15.1717 8.9553 11.8556 26.5964 10.3437 15.7822 12.4822 7.9924 8.6684 7.8461 12.1576 24.6568 9.0360 10.7930 9.2544 26.7758 25.5257 11.1861 7.3605 9.3015 9.7438 11.8360 27.9896 10.0154 108.9165 108.6607 105.3379 105.8676 105.8124 106.3420 98.5008 101.7731 106.9456 100.6305 98.6830 101.0018 94.9035 101.4078 103.4689 105.2852 109.6657 105.5317 103.3150 105.3123 108.8978 104.0971 105.3739 105.7467 101.6181 102.8110 106.4741 98.9427 104.0558 109.3190 84.0099 77.4357 78.3467 77.7249 82.6945 88.6064 80.6624 79.2756 87.7195 84.1376 77.8136 82.1517 80.6674 83.5754 79.1162 90.4281 83.1687 84.9928 85.0477 82.7437 75.4872 81.8765 84.1333 81.0649 85.4634 83.2192 86.6503 77.9445 88.8941 75.7736 53.0054 47.2209 50.0870 42.4032 52.1103 49.2219 47.5535 49.6628 44.7483 47.7265 53.4419 57.9504 50.1939 53.6485 52.0309 53.4213 44.5558 51.7838 50.6327 46.4805 46.2196 52.5006 50.1399 42.4192 49.0816 47.3807 53.4861 45.4849 52.3564 44.8256
111.2376 110.3077 110.6622 110.0823 112.1479 109.2200 110.0487 109.1495 109.2392 107.5486 109.7355 114.0519 112.2440 104.9577 108.3791 111.4301 110.6900 108.7268 109.0012 111.1805 106.7658 110.4412 108.5023 107.8522 109.1288 109.3884 105.7118 108.6208 110.0566 108.2918 11.7913 0.0000 14.7714 28.2289 16.4139 10.8754 18.4906 13.7475 14.1779 29.1798 16.2524 12.7286 16.3091 13.8141 13.3427 16.3590 12.7202 26.7648 12.2457 17.8344 15.0787 29.7218 27.7967 19.5478 12.5757 11.0226 11.3297 14.6748 27.2587 13.4996 108.9938 109.0388 105.7779 105.9838 106.0387 106.6514 98.8316 102.1454 106.9882 100.9670 98.9683 101.4295 95.3162 101.9047 103.6607 105.4389 109.8336 105.6949 103.6575 105.4334 109.0687 104.3723 105.6603 105.9095 101.7473 103.1401 106.8394 99.2286 104.1747 109.6529 83.7019 76.6964 77.4232 77.3839 82.2662 87.9695 80.4503 78.2881 87.1633 83.2719 77.3825 81.6869 79.8824 82.7897 78.4429 89.7626 82.7233 84.6491 84.5707 82.0961 74.7142 81.3658 83.4698 80.3594 84.9552 82.5480 86.6040 77.6507 88.5770 75.5047 53.1277 47.8749 49.3315 43.4181 52.8214 50.7384 47.4445 49.8245 45.6216 47.8471 53.9541 58.5658 50.2404 53.2947 53.1403 54.6435 44.4628 51.8301 51.2657 46.8013 46.6481 52.2779 50.1123 41.9220 50.0612 47.5437 53.7570 46.0373 52.3996 45.3222
109.5944 108.6448 109.1781 108.4975 110.6343 107.7157 108.3662 107.4160 107.7875 105.7155 108.0322 112.4966 110.8724 103.4818 106.5277 109.7578 109.0066 107.0893 107.3947 109.5329 104.9609 108.7784 106.6779 106.2508 107.3563 107.7666 103.9088 107.0380 108.4092 106.8116 8.3004 14.7714 0.0000 26.4222 9.0558 11.4001 10.8528 8.5577 9.0402 27.8947 8.4703 14.7604 8.7351 9.4905 12.2716 7.7108 10.5640 26.1566 8.7760 10.0578 7.4679 27.7849 27.3827 10.4200 7.9389 9.2274 9.0641 9.4830 30.6290 9.3852 107.3874 107.0899 103.8275 104.4107 104.2603 104.7100 97.0626 100.2003 105.4521 99.0561 97.1376 99.3468 93.4615 99.7891 101.9099 103.8006 108.1239 104.0101 101.8871 103.8166 107.3690 102.4702 103.7774 104.1460 100.1046 101.2447 104.8974 97.3535 102.4100 107.7265 82.5769 75.5956 76.4728 75.9160 80.6683 87.1391 78.3577 77.1047 86.3463 82.8210 75.0818 80.2363 78.7546 81.9588 77.4283 89.1474 82.1052 83.3814 83.7932 80.4757 74.2056 80.5499 82.2419 79.3725 83.6613 81.6321 85.2400 76.3326 87.3456 73.8568 52.5597 46.4692 49.0267 42.3080 51.9673 48.9379 47.7070 49.3703 44.6328 47.1161 52.4343 57.6753 50.0947 53.1347 51.1504 53.1571 43.9994 50.8800 50.4102 46.1734 45.4486 52.0508 49.6013 41.9985 48.5778 47.2213 52.4511 44.8008 51.5038 44.6237
