0.0000 15.7480 14.6969 12.7279 11.4018 15.8114 12.8062 18.8680 11.9164 13.8564 14.4914 9.6954 11.7473 13.1909 14.2127 11.5758 12.2474 14.6287 14.5602 11.3137 14.6287 13.4164 14.0000 13.5647 12.9615 9.1652 12.4900 18.1659 12.1655 10.7703 31.7017 34.7563 32.0312 32.9848 32.5576 35.0143 32.9848 30.6268 33.7639 33.5261 34.8712 31.8434 34.2199 32.0312 33.2566 34.6266 34.7707 32.9242 31.1448 33.1662 33.1662 32.8938 32.2955 33.6155 34.0000 36.2491 32.6803 31.4006 31.7017 32.2180 13.5647 14.6969 18.4932 11.4891 13.3417 13.4907 17.6068 18.1659 19.2354 15.4272 18.0000 18.2209 15.6205 17.3205 17.4929 18.4391 16.5529 15.8745 16.4924 15.8745 12.4900 14.6969 16.0000 12.0416 17.1464 16.4317 14.5602 16.0624 14.8324 11.9164 23.7487 22.8035 26.3818 24.0000 20.3470 24.3311 23.8747 20.9284 19.6469 22.8035 26.6083 27.6767 21.4476 24.4540 22.0907 21.3073 25.5734 21.8632 26.6083 20.7364 28.4253 24.8998 20.1990 24.3311 19.5959 26.3439 22.4054 21.9545 21.4476 22.2711 32.1870 35.3412 31.0483 33.5261 33.0000 34.4964 31.0161 31.5278 33.7046 30.8058 33.7935 33.2566 32.3110 37.4566 30.5614 32.5269 29.2916 34.1467 32.3419 31.0483 31.6228 31.2410 34.4384 31.7962 31.8119 32.6956 32.0936 35.7631 35.5387 30.8058
15.7480 0.0000 17.7200 12.0000 15.2315 12.5698 18.7617 12.0830 14.2829 15.9374 13.1149 15.7480 14.1421 17.8885 13.1149 17.0880 14.2829 14.0000 10.9545 15.4919 15.4272 12.0000 11.1355 15.3623 15.6205 17.0294 16.6132 17.7200 17.6068 11.7473 29.9500 32.4037 30.4631 31.0805 30.2655 32.7414 31.1127 29.1204 31.9374 31.2730 32.5576 30.7246 30.2820 28.9828 32.1559 31.2890 30.0832 31.1448 28.7750 31.0483 30.7571 31.1769 31.4484 31.7805 30.9839 33.0757 30.3974 29.9666 30.4467 29.6311 12.8841 15.2971 14.0000 14.0712 12.9615 13.1149 17.2047 16.8523 17.0880 18.4391 13.6382 14.0712 19.4936 15.9374 15.2315 9.0554 10.3923 14.1421 17.7200 15.8114 14.6287 13.7840 16.0624 12.4499 16.4924 14.8997 18.9209 15.8114 17.5499 15.1658 25.8844 21.1187 25.9230 22.4499 19.2873 22.8035 18.7083 21.6333 19.1311 24.1247 25.2190 22.4944 24.8998 25.8457 18.9737 20.2978 23.6643 22.2261 25.3377 22.2711 26.2679 22.2711 19.7484 23.0217 22.1359 22.6274 20.4939 21.5407 20.3470 22.1811 31.0161 31.5753 29.2233 31.1127 29.3087 31.1448 29.0172 30.0666 30.6268 28.6880 31.9687 30.3974 28.3901 34.1906 28.6356 29.5296 26.8328 31.4960 29.3598 27.1662 29.1548 28.4956 31.1127 28.9310 29.5635 29.2746 29.9666 32.3574 32.4191 27.2213
14.6969 17.7200 0.0000 14.3527 8.1240 11.2250 12.2474 18.8149 16.2481 13.4164 11.4891 10.8628 14.2127 11.2250 12.8841 12.6491 12.4097 13.1909 11.4018 10.8628 10.0000 11.4891 16.2481 8.3666 10.1980 11.7473 17.9444 12.6491 10.3923 10.9545 32.5730 34.2053 33.5559 33.2265 33.4664 34.8712 33.0151 31.6544 33.7935 34.1174 35.1852 31.3688 34.4238 31.3050 33.7046 34.1028 33.7491 33.5857 31.4325 32.7109 33.0151 32.9242 32.5115 34.6699 34.4093 34.2929 32.2180 31.4643 32.0780 32.1248 14.6969 12.5698 14.5602 14.8997 12.7279 13.1149 14.1421 19.5959 12.4900 15.1658 18.8680 17.8885 16.9115 13.2665 12.4097 17.6635 16.1245 14.7648 15.6844 13.5647 13.2665 16.3707 13.7840 13.8203 12.9615 13.4907 16.0624 15.4272 17.6635 10.9545 23.8747 21.2132 23.8328 24.0832 20.0499 21.6795 21.5407 19.0788 17.5499 21.9545 24.4131 24.8596 20.5426 22.4944 22.1811 18.1108 21.7256 20.1494 24.4540 20.9284 26.4953 25.6905 21.6333 23.2379 19.2873 21.5407 21.6795 19.4422 20.5913 22.1811 32.5576 34.7707 30.4631 33.0151 32.1714 34.4674 30.2324 31.4960 33.1964 30.6105 33.4664 32.6803 32.0624 36.6742 30.2655 31.9687 29.6311 33.4066 34.3220 29.8664 30.7571 31.7805 33.1964 31.7962 31.3369 31.0644 32.6190 33.8674 35.2562 30.2490
12.7279 12.0000 14.3527 0.0000 10.6771 12.6491 17.2627 16.7332 6.9282 16.9115 13.2665 14.6969 14.6287 11.4018 10.1980 16.3095 14.2127 14.4222 11.9164 14.6287 14.6969 11.0454 13.5647 14.4222 14.0000 15.6844 13.7113 15.2315 14.0000 7.6158 30.1828 32.8024 30.7896 31.6860 31.9061 32.9848 31.5911 29.5635 32.2800 32.1870 33.1964 30.7896 31.4166 30.0998 32.2180 32.1714 31.5753 32.3110 29.4279 30.7896 30.8221 31.2730 31.1288 32.3110 32.1870 33.1662 31.4325 29.8998 29.7825 30.0666 13.0384 14.0000 16.2481 11.8322 12.8841 8.2462 16.4317 15.8745 18.0555 14.7648 14.2829 14.2127 16.4317 14.3527 16.7929 13.4164 14.0712 15.8114 16.6733 16.5529 10.6771 13.8564 13.6382 10.3441 13.9284 14.4914 18.5472 16.0624 18.2757 12.9615 22.4499 18.1659 20.7364 20.2485 17.3205 20.3961 18.1108 17.7200 17.1464 19.4422 21.1187 19.6469 21.5870 22.0454 17.7764 15.9374 20.8806 18.8680 22.8910 17.5499 24.7790 20.0000 18.6548 19.8494 18.7083 20.8327 18.7083 19.7484 18.2209 18.3303 31.2090 33.0606 28.9137 31.7490 30.0832 32.5269 28.5657 30.1330 31.4643 28.7576 31.8434 31.4325 29.7658 35.6511 29.1548 30.2655 26.7208 31.5595 30.3645 27.9643 29.1548 29.2916 31.6544 29.5127 30.3315 29.5466 30.2985 33.0000 34.0147 27.6586
11.4018 15.2315 8.1240 10.6771 0.0000 10.3923 13.6382 17.8326 10.8628 13.4907 12.1655 9.0554 12.8062 9.8995 11.3137 11.9164 11.0454 13.4164 11.4018 9.4868 10.9545 9.6954 14.5602 8.4853 10.9545 13.2665 16.6132 11.3137 9.4868 8.2462 33.1210 35.7491 34.1467 34.4964 35.0999 35.8050 34.6410 32.5576 34.8425 34.2345 36.6333 32.7109 34.9714 32.6497 35.0714 35.9583 35.0000 34.8425 32.6497 33.9116 34.1760 33.7639 33.8969 34.8712 35.3270 35.9722 34.0294 32.1870 33.2114 33.2566 13.6382 13.7113 17.0880 13.7840 13.0384 12.6491 16.4317 19.9499 16.0000 16.0000 18.7617 17.2627 18.9737 14.4914 15.2971 17.2627 16.6132 16.0000 18.4391 15.6844 12.2474 16.6132 15.8114 13.8203 15.3623 13.7840 16.3707 16.8523 17.3205 10.7703 26.5707 23.5797 25.1396 25.3772 21.8632 24.1247 23.3238 21.5870 20.5913 24.3311 26.4575 25.5343 23.2379 24.4131 23.4947 19.9499 23.7065 22.5832 27.2029 22.4054 28.7402 26.6833 22.8910 25.3772 21.2132 24.0416 23.6643 22.4944 21.5407 23.1948 33.3167 36.1248 31.5278 34.0294 33.7491 35.0714 30.6920 31.8748 34.1174 31.7333 34.4674 34.4093 33.3467 38.2230 32.0624 33.3467 29.8664 34.2345 34.4384 31.6228 31.4325 32.9848 34.5832 32.8481 32.4654 32.0468 33.3467 35.3977 36.5923 31.0644
15.8114 12.5698 11.2250 12.6491 10.3923 0.0000 15.2971 12.0830 15.4919 14.2829 13.4164 13.1149 10.3923 14.5602 12.0000 17.8326 12.7279 11.4891 5.8310 12.6491 10.5830 9.6954 13.1909 10.0995 14.2829 14.7648 18.0000 9.6954 14.0000 9.8995 33.2114 34.9571 34.3511 34.1467 33.7343 36.1939 34.5832 31.5911 33.8821 34.2345 35.6371 31.6228 33.8674 32.4962 34.7275 35.2278 33.5112 33.3467 32.2180 33.4664 34.1760 33.7343 34.2491 34.3802 33.1964 35.5528 32.7719 32.6803 32.4808 32.6497 14.0712 13.6382 12.6491 15.6205 13.3417 13.1149 15.1658 16.9706 14.8997 19.3907 17.4356 16.0624 20.6398 14.5602 13.7840 15.5563 15.8114 14.8324 19.4422 16.5529 13.6382 17.7764 17.1464 15.0665 15.7480 16.1245 19.2354 16.3095 18.1659 11.8322 25.0200 21.9089 24.9399 22.7596 20.0998 22.0907 19.8997 19.1833 19.8997 23.6220 27.1293 24.3311 23.7908 25.6125 22.0000 20.1494 23.9165 22.0000 25.8457 22.5389 28.9482 24.0000 22.9347 23.4094 20.2485 23.4521 22.1359 19.9499 20.5913 22.4499 33.4365 34.9428 30.7571 32.7109 32.4500 34.2929 30.6268 31.3688 33.7343 32.1714 33.8526 32.9848 31.7175 36.8375 30.6594 31.8119 29.1204 33.3766 33.9706 29.9666 30.5941 32.2490 33.1964 31.6702 31.4960 30.2820 32.4345 35.0000 35.0856 30.5778
12.8062 18.7617 12.2474 17.2627 13.6382 15.2971 0.0000 20.0499 18.8149 11.1355 10.7703 11.1355 12.0000 14.0712 14.1421 12.5698 11.5758 9.7980 14.7648 10.6771 11.1355 12.5698 12.8841 10.6771 9.4868 8.3666 15.5563 16.0000 14.0000 14.4914 29.9833 31.8434 30.4959 29.6311 30.4631 32.5883 30.8545 28.0000 30.7896 31.4006 32.8634 28.7402 32.4808 28.9137 30.3315 31.8277 31.6702 30.2324 28.4605 29.6648 30.8869 30.8869 29.5466 31.8748 31.5595 31.8748 28.9828 28.6007 28.9310 29.6648 12.4900 9.7980 15.4272 12.2474 13.3417 13.9284 12.1655 16.8523 12.9615 14.8997 17.9444 17.3205 15.4272 15.6205 12.8062 21.3542 17.2047 14.0000 13.8564 13.8564 13.1909 13.9284 15.0333 14.6629 13.3417 13.9284 16.1245 14.4222 12.0830 7.7460 23.5372 23.4947 26.6833 24.3311 19.9499 22.7156 22.8473 20.1494 18.2757 22.9347 26.6833 26.0384 20.6882 21.8174 22.0000 21.3073 24.2074 21.7256 24.7386 21.4942 26.4197 25.4165 20.2978 23.3666 20.4450 25.2982 22.1359 20.2978 19.6469 22.0454 29.2233 32.3265 27.9285 30.9839 30.1828 31.4325 29.1890 28.3196 31.2410 28.9655 31.3050 30.6920 30.0000 33.6898 27.3861 29.4618 27.8568 30.9839 31.2090 28.7750 28.0713 29.7993 30.9516 29.6479 28.4956 30.1828 30.1993 32.3265 31.9844 28.2312
18.8680 12.0830 18.8149 16.7332 17.8326 12.0830 20.0499 0.0000 19.5448 16.1245 15.6205 18.3848 13.5647 21.2603 15.6844 21.7256 15.0333 14.2127 11.4891 16.1864 14.9666 14.6287 14.8324 15.7480 17.6068 17.8885 19.8494 17.2627 18.7617 16.6733 35.6230 36.6879 35.4401 35.7211 34.6410 37.9473 35.7211 33.1662 36.1939 36.3593 37.4166 34.2053 35.9861 34.4674 36.7151 36.6742 35.3977 35.0428 33.9411 35.0428 35.8608 35.8887 35.7351 36.7423 35.9444 38.0789 34.5543 34.1760 33.9264 34.5254 17.2047 18.4391 14.2127 18.7083 15.2971 17.5499 19.3907 17.0294 19.2873 22.8035 19.3391 18.8680 23.9583 19.2873 18.9209 16.5529 16.0624 17.9444 22.6274 20.8806 19.1833 17.9444 20.8806 15.3948 19.6977 19.5959 22.6274 17.8885 21.5407 16.7332 25.4165 22.0000 26.6833 21.2603 20.1494 22.8035 19.6977 20.7846 21.0713 24.4949 29.5296 24.5357 26.3818 27.4591 20.8806 20.0998 26.3059 23.7065 25.2190 23.7908 29.0172 23.3666 23.1517 23.2809 24.2074 24.7386 21.6333 19.5959 20.3961 22.8473 34.9857 36.8917 31.9687 36.0000 33.6898 36.4417 33.4963 34.5254 35.3270 33.9853 36.9324 34.7563 33.1361 38.7169 33.2866 33.4963 31.6228 35.4683 34.9571 31.3688 33.0151 34.2053 36.0000 33.6601 33.2566 33.6601 34.1760 37.0540 36.5923 32.6343
11.9164 14.2829 16.2481 6.9282 10.8628 15.4919 18.8149 19.5448 0.0000 18.9737 15.8114 15.0333 15.8745 11.4018 14.0000 15.2315 15.8114 16.1864 15.2971 15.2315 17.5499 13.8564 16.1245 15.1658 15.6844 17.6068 14.0712 17.2047 15.0997 10.0000 32.6650 34.7563 33.0454 34.2929 34.6699 35.1568 34.0881 31.7175 34.9285 34.1760 36.0000 32.7109 34.0147 32.3110 34.4964 34.7131 34.7419 34.9857 31.5595 33.8526 33.3467 33.6452 33.2114 34.2053 34.4093 35.4401 33.8526 31.8434 32.4808 32.1559 15.5563 17.3781 19.8997 14.0000 14.4914 12.5698 19.5959 19.8997 21.1187 16.9706 17.9444 16.6733 18.7617 17.2627 20.3470 16.1864 17.6068 17.5499 19.2354 18.0555 13.7113 16.3707 17.5499 12.3693 17.8885 16.6132 20.2485 19.0788 19.2354 15.6844 25.2982 21.7715 22.7156 24.0416 21.2603 23.2809 22.4499 21.8632 20.1494 22.7596 24.1247 22.4499 23.6643 23.3666 21.3073 18.5472 22.3607 21.9545 26.1534 20.7846 27.3496 23.7487 21.1187 23.8328 21.2132 23.4947 22.4499 23.6220 21.0713 21.0238 33.4664 35.6511 31.6228 33.9411 33.2415 34.7851 31.1448 31.7490 33.9411 31.3528 34.6410 33.7343 32.7414 38.4318 31.4960 32.8634 28.8791 33.9706 32.4962 31.0805 31.4643 32.0312 34.2637 32.1714 32.8024 32.0780 32.9545 35.1141 36.5650 29.8161
13.8564 15.9374 13.4164 16.9115 13.4907 14.2829 11.1355 16.1245 18.9737 0.0000 11.9164 12.7279 13.4907 16.1245 14.1421 13.9284 9.4868 12.8841 14.6287 10.4881 10.3923 13.6382 13.3417 11.5758 10.8628 9.4868 15.7480 15.2971 14.4914 15.4919 29.8161 31.9061 30.3645 29.4279 30.3974 32.2800 30.5941 28.3549 29.8998 29.7993 32.2180 28.9137 32.4808 28.6356 31.3688 32.6343 31.2570 30.1662 28.8791 29.9333 30.5941 30.1662 30.6431 31.5278 31.9061 32.8329 29.6985 28.3196 29.4788 28.8097 12.1655 12.6491 14.2127 12.1655 11.5758 14.7648 13.9284 15.5563 14.0000 14.5602 16.9115 15.4919 16.7929 13.6382 12.4097 18.7617 13.7840 12.7279 15.4919 14.6969 15.6205 12.4900 16.3095 13.9642 14.5602 11.6619 12.9615 11.3137 14.6969 9.1652 23.7065 22.9347 26.3059 22.1811 18.6548 21.7256 22.8473 20.7364 18.1108 22.8473 27.8927 25.5343 20.0499 22.3159 22.2711 20.8806 23.2379 21.2132 24.6982 20.8327 25.6125 24.7386 20.3961 22.8910 20.7364 24.0832 20.7846 18.9209 18.3848 21.8174 28.7750 32.5423 28.0357 30.6268 30.1828 31.1448 28.2489 28.6705 31.3050 28.2312 30.6268 30.4959 29.6985 34.6266 28.5657 28.9482 27.0924 30.0666 31.2090 28.6356 28.3901 30.2985 31.1769 29.4449 28.4253 29.3087 29.7321 32.6037 31.9218 28.2666
14.4914 13.1149 11.4891 13.2665 12.1655 13.4164 10.7703 15.6205 15.8114 11.9164 0.0000 12.6491 14.2127 13.0384 10.2956 11.9164 8.4853 8.2462 11.2250 10.0000 11.4018 7.3485 10.0000 10.0000 7.8740 12.1655 15.6844 15.6205 12.4097 11.9164 30.2159 32.2490 31.1448 30.4302 31.1127 32.4345 30.9192 28.9828 31.8119 31.8119 33.1964 30.5614 31.9844 28.4956 31.7175 31.1288 30.8383 32.0000 28.7750 30.1993 30.6268 31.5278 30.3150 33.4963 32.4345 31.4325 29.6985 28.8791 29.2404 29.6985 9.5917 10.1980 12.4900 11.6619 9.0554 11.6619 12.6491 16.0624 10.6771 13.7840 14.6969 15.4272 16.1864 15.6205 12.6491 15.4272 13.0384 14.0712 12.8841 13.7840 11.4891 11.5758 13.7113 10.8167 10.7703 9.6954 18.1108 14.8324 13.2665 9.4868 23.9583 20.1494 24.0000 21.1660 18.4391 20.7846 17.2627 18.6548 16.1245 20.9762 22.6274 20.8806 21.8632 21.4942 17.6068 17.0294 21.6795 19.6977 21.9089 19.5959 23.0217 22.8473 17.6635 21.2132 21.5870 19.6977 18.9737 17.9444 17.9444 19.7990 30.3315 32.7567 28.4956 32.0000 29.3769 32.0312 29.2916 29.7993 31.2090 28.6182 32.4037 31.0161 29.4958 34.4238 28.6356 29.7321 28.0357 31.3688 30.8869 27.9643 29.0172 29.5296 31.4960 29.7489 29.3598 30.5123 30.9839 32.1714 32.9697 27.0740
9.6954 15.7480 10.8628 14.6969 9.0554 13.1149 11.1355 18.3848 15.0333 12.7279 12.6491 0.0000 12.7279 12.4097 11.7473 11.5758 12.0000 13.4907 12.8062 6.7823 10.8628 10.5830 14.6287 10.3923 9.1652 10.0000 17.3205 16.4924 7.4833 11.3137 32.4500 35.0714 33.4066 33.4664 33.2566 35.4119 33.8821 31.6544 33.3467 33.2566 35.4683 31.8748 34.8281 31.8434 33.7639 35.0571 34.4819 33.1059 31.9061 33.3766 33.2566 33.5261 33.0908 33.7935 33.9411 35.5528 32.5576 31.5595 31.8277 33.3467 12.6491 12.0000 18.2757 13.8564 14.0000 15.0997 17.2047 20.7846 16.1864 16.9706 19.8494 17.8326 18.8149 15.5563 14.0712 18.8149 15.0333 16.7332 18.0555 14.6969 11.0454 16.1864 15.6205 13.5277 15.9374 15.0333 15.3623 16.8523 16.9115 10.8628 26.7582 24.6171 29.2575 26.4575 21.9089 26.2298 24.0832 22.9347 20.4939 25.6905 28.8097 28.7402 23.9583 26.2298 24.1247 22.3607 26.4197 24.8596 28.9137 23.6220 30.1993 26.7208 23.1948 26.4197 22.0907 27.1293 24.8998 23.2809 23.5372 25.6905 32.4037 34.8855 31.4006 33.6155 33.0606 34.4674 30.1662 31.4643 34.0588 31.0000 33.9116 33.5261 32.4654 36.4829 31.3369 32.3728 29.4958 33.7639 34.2929 30.7246 31.2730 31.6228 33.8821 32.2645 32.2490 32.0468 32.8938 35.4260 35.3129 30.9677
11.7473 14.1421 14.2127 14.6287 12.8062 10.3923 12.0000 13.5647 15.8745 13.4907 14.2127 12.7279 0.0000 15.9374 15.4919 16.1245 13.1909 9.8995 10.2956 12.8841 11.5758 12.5698 11.6619 10.0000 14.2829 11.5758 15.8114 12.3288 16.1245 11.3137 33.5112 35.3553 33.4066 33.8526 33.4664 35.9722 34.1760 31.5595 34.8712 35.2704 36.1939 32.3110 34.8855 33.3167 34.1760 35.8469 34.6843 32.9545 31.8434 33.9116 35.1852 34.2345 33.1512 34.3511 34.6410 36.9053 33.3467 32.9545 33.0606 33.1361 14.7648 14.6287 13.9284 14.1421 14.3527 14.2829 15.4272 16.6132 16.4317 19.0263 17.8326 18.1108 18.7617 15.9374 15.2971 17.6068 17.2047 12.7279 18.1659 15.4919 15.8745 16.3707 16.9706 14.5945 16.6132 18.1108 16.7929 15.1658 15.2971 11.5758 24.2487 23.4094 26.4197 24.2899 20.6882 23.3238 22.9347 20.1494 20.3961 24.3721 28.1780 26.8328 23.0217 25.2982 22.5389 21.3073 25.2587 22.3159 26.0000 23.2809 29.4618 25.5343 21.8632 24.1247 19.5448 26.3059 22.9347 21.8174 20.2978 22.4499 32.9242 35.1710 30.4631 34.0294 33.3617 34.7563 32.5883 31.6228 33.8821 32.5423 34.7563 33.7046 32.6803 36.9730 30.6920 33.1662 30.2655 34.6410 33.0757 31.1769 31.3369 32.6803 34.3511 32.0468 31.7490 32.6650 32.7719 36.0139 35.3412 31.7962
13.1909 17.8885 11.2250 11.4018 9.8995 14.5602 14.0712 21.2603 11.4018 16.1245 13.0384 12.4097 15.9374 0.0000 13.1909 14.3527 13.4164 13.4164 14.0000 12.0830 15.1658 11.4891 16.7332 11.4891 11.9164 14.0712 14.9666 15.9374 10.3923 9.8995 30.9031 32.4962 32.1870 32.2490 32.5883 33.8526 32.5269 30.2655 32.2490 32.1248 34.2345 30.1662 33.1210 30.0333 32.4962 33.4813 32.9393 33.3167 29.8664 32.1248 32.0000 31.9687 31.0966 32.7414 32.7414 32.7719 31.2090 29.8664 29.9833 30.6594 11.4891 14.5602 18.0000 12.7279 11.6619 12.1655 17.2627 19.3391 14.6969 15.1658 19.5448 17.4356 16.4924 15.6205 16.1245 18.0000 17.9444 16.2481 15.8745 14.7648 10.8628 16.6733 16.4317 11.9583 14.6969 14.2829 18.4391 18.2209 15.9374 13.2665 23.3666 20.9762 22.1811 22.5832 20.5426 21.4009 21.4476 19.5448 17.4356 20.1494 22.9783 23.4521 20.7364 21.4942 22.1811 18.0000 20.7364 20.2485 24.7790 18.4391 26.0000 23.7487 20.6882 22.4944 18.2757 21.7715 21.2132 21.1660 21.1660 20.5426 31.1127 33.8969 29.2575 31.8119 31.1609 33.2265 29.4958 28.8444 32.4345 29.7489 32.5883 31.7805 31.5911 35.7911 29.7658 31.3369 27.2764 31.7175 32.3728 29.5973 29.3258 31.0483 32.0624 30.2820 30.5614 30.5450 31.9061 33.4515 35.0286 28.1247
14.2127 13.1149 12.8841 10.1980 11.3137 12.0000 14.1421 15.6844 14.0000 14.1421 10.2956 11.7473 15.4919 13.1909 0.0000 15.6205 12.0000 12.8841 11.7473 11.4891 10.0995 8.8318 13.7113 14.1421 9.4868 13.7113 14.9666 16.6132 10.6771 10.8628 29.8831 32.7109 30.5941 30.7896 31.0161 33.2566 31.4325 28.9137 30.9839 30.7246 32.6497 29.6311 30.9354 28.9482 31.7805 31.3528 30.9354 31.5595 29.4279 29.0172 29.6311 30.3315 31.0322 31.8748 31.2090 31.9374 29.7658 28.6356 28.6531 30.1330 10.9545 10.0995 14.6969 11.3137 12.8062 9.5917 14.3527 14.8997 15.7480 14.7648 15.8114 13.4164 17.6068 14.0000 14.2829 15.5563 11.8322 16.7929 16.7929 15.8745 7.3485 13.7113 12.9615 11.0905 12.7279 12.2474 18.6548 15.2971 18.0555 9.7980 23.6643 19.3907 24.4949 20.5426 17.4929 21.4009 17.6635 18.2757 17.2047 21.2603 24.5357 21.4009 22.6716 23.0651 18.8680 17.7200 23.2809 21.0713 24.0416 19.1311 25.7294 20.2978 20.1990 20.8327 21.1660 21.9545 19.1833 18.4391 18.8680 20.9284 30.4959 32.2645 28.4605 31.3688 29.0345 31.8119 26.7582 29.2916 30.7896 28.0535 31.3050 31.1127 28.7750 34.4238 28.9828 28.9828 26.8701 30.4302 31.2730 27.0555 28.0357 28.8097 30.8221 29.8161 29.0517 28.8617 29.5296 31.7333 32.6650 27.1846
11.5758 17.0880 12.6491 16.3095 11.9164 17.8326 12.5698 21.7256 15.2315 13.9284 11.9164 11.5758 16.1245 14.3527 15.6205 0.0000 13.6382 14.8997 17.2627 10.9545 14.3527 14.6969 15.7480 13.0384 10.8628 12.6491 16.3707 18.9209 13.9284 14.1421 31.0322 33.0151 31.8434 31.5595 32.6497 32.8634 31.4643 30.0666 32.8634 32.2490 33.8526 31.0483 33.3916 29.5296 32.3419 31.9218 33.2716 32.7719 29.5296 32.0936 31.5911 32.2800 30.7734 33.5261 33.3167 33.3167 31.2730 29.6311 31.4166 30.5614 14.9666 14.2829 17.6068 12.8841 13.6382 15.8114 15.2971 21.4942 17.1464 12.1655 17.6068 16.8523 16.1245 15.9374 16.3095 18.6011 16.1864 15.2971 14.8324 15.0333 14.8997 14.1421 15.8114 13.7477 15.6205 12.9615 14.6969 16.6132 15.5563 12.4097 26.9815 24.1247 26.9444 26.8701 22.5832 24.8193 24.6577 23.5372 19.1311 24.9800 26.0768 26.0768 21.9545 21.9545 22.4944 20.5426 22.5389 22.3607 26.1916 22.9783 26.0384 27.0924 20.5913 26.0384 23.3238 23.8747 23.3666 23.1517 20.9762 23.5797 31.3688 33.8083 30.7246 32.5576 31.6070 33.0454 29.7993 30.9516 33.0454 28.9310 33.0454 31.7490 31.0483 36.3180 29.0517 31.0483 28.9137 32.9242 31.8434 30.0998 30.5614 30.4631 32.6190 31.0000 31.1127 31.2570 31.5278 32.6037 34.0441 28.6880
12.2474 14.2829 12.4097 14.2127 11.0454 12.7279 11.5758 15.0333 15.8114 9.4868 8.4853 12.0000 13.1909 13.4164 12.0000 13.6382 0.0000 10.4881 11.1355 10.3923 12.6491 9.1652 11.1355 9.8995 10.7703 10.5830 13.7840 15.0333 12.2474 12.0830 31.5753 34.1760 32.6190 32.4037 32.4037 35.0714 33.0151 30.3974 33.2866 32.8024 35.0714 31.3688 33.8674 30.5614 33.4664 34.4238 33.4215 33.3467 31.0483 32.1559 32.9848 32.4962 32.6650 34.4384 33.6749 34.4964 31.4643 30.7246 31.1929 31.2410 9.5917 13.3417 14.8324 12.7279 8.1240 12.7279 16.0624 15.2315 12.6491 17.0294 17.9444 17.7764 17.8326 17.7200 14.7648 17.4356 15.4272 14.7648 16.1864 15.2315 12.7279 13.7840 17.2047 13.0000 15.8745 12.4097 17.7200 15.1658 11.3137 10.0995 24.4540 22.7156 24.6577 21.7256 19.8494 21.7715 21.0713 20.2485 19.2354 21.9545 26.1916 24.8193 21.9545 23.7908 21.2132 20.7364 24.7386 21.3073 24.8193 20.1990 26.0768 25.4165 19.8997 23.2379 20.8327 22.9347 20.6398 18.5472 19.9499 21.0238 31.3688 35.1426 30.0333 32.6497 32.0156 33.5261 30.8869 30.5941 32.6190 30.8058 33.6452 32.6190 31.9061 36.8103 30.6920 31.4006 29.2575 32.9848 33.0151 30.4631 30.4631 31.6860 33.9411 31.4484 29.9666 32.1403 32.1248 34.9142 34.9142 29.6142
14.6287 14.0000 13.1909 14.4222 13.4164 11.4891 9.7980 14.2127 16.1864 12.8841 8.2462 13.4907 9.8995 13.4164 12.8841 14.8997 10.4881 0.0000 10.2956 11.1355 11.4018 9.2736 9.2736 8.9443 10.5830 12.4900 14.8324 13.3417 14.7648 12.4900 31.2250 32.6190 31.9061 31.2090 31.7490 33.2866 32.0624 29.2575 32.1559 32.4654 34.2053 30.4959 32.7261 29.7993 32.0312 32.7567 31.7017 31.7175 29.1204 31.2730 32.3110 32.5883 30.7409 33.3167 32.1870 32.4654 30.4302 30.0333 29.8161 30.1993 10.4881 11.4891 11.9164 12.0000 10.7703 12.6491 12.8841 14.9666 11.9164 16.8523 15.9374 15.4919 17.5499 16.3095 13.7113 17.2627 15.8745 12.7279 15.2315 13.7113 13.2665 14.3527 16.8523 12.5300 12.6491 13.4907 19.2354 14.6969 13.1149 9.8995 23.0651 20.8327 24.0000 21.0713 18.4391 20.0000 18.3303 18.2757 16.9706 21.6333 24.8998 21.5407 21.9545 21.4009 18.8680 18.0555 21.8632 20.7364 22.5389 20.4939 24.7790 22.7156 18.9737 21.0238 20.2485 21.4476 20.2978 18.6548 17.4929 19.0788 30.6594 33.2716 28.6007 32.2490 30.4795 32.2800 30.5941 29.2916 32.1248 30.4795 33.2566 31.6860 30.3645 34.8281 28.5657 30.2985 28.2135 31.9061 31.5911 29.0861 29.0517 30.7571 31.8119 30.1164 30.0333 30.6105 31.5911 33.4215 33.8083 28.0891
14.5602 10.9545 11.4018 11.9164 11.4018 5.8310 14.7648 11.4891 15.2971 14.6287 11.2250 12.8062 10.2956 14.0000 11.7473 17.2627 11.1355 10.2956 0.0000 12.7279 11.9164 7.7460 10.7703 9.8995 13.6382 13.2665 17.0294 12.0830 13.1149 8.1240 32.2025 34.4674 33.3766 33.3766 32.2490 35.4119 33.3766 31.1127 33.7935 34.1760 34.8425 31.9061 33.0908 31.6860 33.8821 34.2491 32.5115 32.8024 31.3369 33.0151 33.4963 33.2566 33.1813 34.4384 33.1964 34.9571 32.0624 32.3110 31.6702 32.2800 12.0830 13.1909 12.0830 14.4914 11.5758 11.7473 15.1658 16.0624 13.0384 18.9209 16.2481 17.1464 18.7617 16.0000 12.7279 13.1149 14.4914 14.4914 17.2047 14.9666 12.4097 16.2481 15.6205 13.0767 14.4222 15.3623 18.7083 15.8114 16.0000 12.3288 23.5372 20.0499 24.2487 20.9762 18.5472 21.2603 17.3781 17.4929 18.2757 21.7715 24.4131 23.8328 23.0217 25.6515 19.4936 19.1311 23.9165 20.3961 24.0832 20.7846 27.1662 22.8035 20.2485 21.8174 18.9737 21.7715 20.2978 18.3848 20.2978 21.0238 32.9242 34.3948 30.1330 32.8329 31.5119 34.0000 30.9839 31.3688 32.7109 31.4484 33.7343 32.5576 31.1127 35.9583 30.1662 31.7490 29.0861 33.7046 32.8329 29.1204 30.8221 31.0483 33.1361 30.9354 31.0805 31.0644 32.3419 35.0286 35.0286 30.0167
11.3137 15.4919 10.8628 14.6287 9.4868 12.6491 10.6771 16.1864 15.2315 10.4881 10.0000 6.7823 12.8841 12.0830 11.4891 10.9545 10.3923 11.1355 12.7279 0.0000 10.2956 9.5917 13.4164 9.1652 8.3666 10.6771 17.6068 15.0333 7.3485 12.8062 32.6037 34.6121 33.6452 33.1361 33.5559 35.0714 33.9116 31.1127 32.8938 32.8329 35.4683 31.6860 34.8569 31.4960 34.1760 34.6554 34.1906 33.4365 31.5911 33.0757 32.9545 33.7935 33.0000 34.2929 33.9411 35.0143 32.3110 30.7571 31.2250 32.5576 11.5758 11.2250 16.4924 13.1909 11.6619 15.3623 15.6205 19.9499 15.0333 15.2971 18.6548 16.2481 19.1833 15.2971 14.2829 19.2873 15.3623 16.6733 17.5499 16.1864 12.0830 15.2971 17.1464 12.3693 14.6287 13.4164 16.0000 16.0624 16.7929 9.1652 26.3059 23.6643 28.1425 24.4540 21.1187 24.6982 22.6716 21.9545 19.3907 24.4949 28.3901 26.3439 23.7065 24.3311 22.8473 20.1990 24.5764 23.9583 26.9815 22.7596 28.4605 25.4951 22.4944 25.1794 23.2379 25.2190 23.7065 21.4476 21.4476 23.7487 32.0936 35.2562 30.9192 33.4963 32.4808 34.2053 29.9666 31.4325 34.5254 31.0322 34.1760 33.2265 32.1559 36.8375 31.2410 31.7805 29.0861 32.9242 33.9706 30.7896 30.8221 32.2800 33.7046 32.0468 32.0624 31.6386 32.8329 34.8281 35.1426 30.0167
14.6287 15.4272 10.0000 14.6969 10.9545 10.5830 11.1355 14.9666 17.5499 10.3923 11.4018 10.8628 11.5758 15.1658 10.0995 14.3527 12.6491 11.4018 11.9164 10.2956 0.0000 11.2250 14.2829 10.3923 8.3666 11.4891 17.0880 13.2665 12.5698 12.7279 31.0644 33.3167 31.2410 30.9516 32.0000 32.8329 31.4325 29.9333 31.5278 31.7175 33.7343 30.0998 32.7872 30.0666 31.9687 33.1210 31.8277 31.1127 29.8998 30.2655 31.4325 31.2090 30.7083 32.4037 32.8634 33.3167 31.0161 29.3598 29.9833 30.8545 14.0000 11.3137 12.1655 12.7279 14.4914 12.9615 11.8322 16.3707 14.5602 15.0333 16.7929 15.2971 17.4929 11.4891 12.1655 17.3205 13.4907 13.4907 16.6132 13.7840 13.4907 14.9666 13.1909 13.3791 11.6619 12.6491 15.3623 12.8841 18.3848 8.8318 23.4947 20.8327 25.5343 22.5389 18.2209 21.4009 20.2978 18.4391 17.3781 23.1084 26.6458 24.0000 21.2132 22.3159 21.0713 18.1659 22.4499 20.7364 23.8328 21.3073 26.4575 23.2809 21.2132 22.0000 20.0998 22.6716 20.6882 18.8149 17.8326 21.8632 30.1993 32.6343 28.1425 32.3110 30.2820 32.4037 28.0000 29.6648 31.4006 28.8617 31.7175 31.9061 29.7993 34.8281 29.0172 30.2655 27.9643 31.0805 32.3110 28.2489 28.7054 30.2655 31.4006 30.3809 29.7658 29.3428 30.3645 32.5423 33.0000 29.0000
13.4164 12.0000 11.4891 11.0454 9.6954 9.6954 12.5698 14.6287 13.8564 13.6382 7.3485 10.5830 12.5698 11.4891 8.8318 14.6969 9.1652 9.2736 7.7460 9.5917 11.2250 0.0000 10.0995 9.4868 10.0995 13.1149 16.9706 13.5647 10.0995 8.3666 31.6702 34.5543 33.1059 32.8634 32.9242 34.6699 33.5559 30.8869 33.3467 33.2566 35.1568 32.0936 33.1813 31.1448 33.7935 34.0441 32.5730 33.4664 31.1769 32.4037 32.9242 33.1361 32.8177 34.4674 33.5261 33.9706 32.0000 31.2730 30.9677 32.2180 9.4868 11.0454 14.1421 12.9615 11.1355 11.8322 15.2971 17.2627 12.8062 16.8523 16.1864 16.7929 18.8149 16.4924 13.4164 15.3623 14.6287 16.0624 16.3707 15.3623 9.3808 15.4272 15.0997 12.4499 12.8062 12.7279 19.2873 17.3781 15.0333 10.1980 25.6515 21.6333 25.7294 22.1811 20.1494 23.1948 17.8326 19.0788 18.9737 22.7596 24.6171 23.5372 24.2487 25.2587 20.0499 19.3391 24.4540 21.7256 25.1794 21.1660 27.2029 23.7065 20.5426 23.1517 21.4476 22.4054 21.2603 20.0998 20.8327 22.0454 32.2490 34.5688 30.1993 33.2265 31.3847 33.8231 30.1662 30.8869 32.8329 30.8707 33.6155 33.1964 31.1769 35.8469 30.8221 31.9374 28.9828 32.9545 32.5883 29.7658 30.4631 31.0805 33.1964 31.3528 31.3050 31.4484 32.5883 34.7419 34.9714 29.1376
14.0000 11.1355 16.2481 13.5647 14.5602 13.1909 12.8841 14.8324 16.1245 13.3417 10.0000 14.6287 11.6619 16.7332 13.7113 15.7480 11.1355 9.2736 10.7703 13.4164 14.2829 10.0995 0.0000 12.4900 14.0712 13.5647 16.3095 14.0712 16.6132 12.4097 28.9310 32.2800 30.2985 29.5973 30.0998 31.4960 30.5941 28.0000 30.9192 31.0161 32.0624 30.8869 30.6757 28.9828 31.0161 31.7017 29.4449 29.7321 28.1780 30.2985 30.8221 31.1448 30.4138 32.2180 31.3369 32.0312 29.9666 29.5296 29.2062 29.3598 10.8628 11.2250 14.2829 11.6619 12.8062 12.6491 13.4164 15.3623 14.8324 16.7332 11.9164 15.2315 17.4929 17.3781 12.9615 15.7480 14.8324 14.8324 15.4272 15.7480 13.7840 13.2665 16.5529 14.2478 13.2665 13.1149 17.7764 14.0712 13.1149 10.8628 25.0998 22.0454 26.5707 21.7715 18.3303 22.8473 18.7083 19.8494 19.0788 23.6220 24.6171 22.8035 23.7487 24.6577 18.0000 20.8806 24.4949 21.7256 24.1247 21.6333 25.2190 22.8910 17.9444 22.1811 22.1359 22.9783 21.0713 20.0000 18.3848 20.1494 29.8998 32.2025 28.3196 31.2410 29.6816 30.8221 29.5973 29.1204 30.9839 29.1376 31.3369 31.1448 28.9828 33.5112 27.9285 29.2575 27.3496 31.5595 29.2233 28.0357 29.0172 28.9828 31.0483 28.7576 29.5973 29.7825 30.3974 33.6006 32.6037 27.6586
13.5647 15.3623 8.3666 14.4222 8.4853 10.0995 10.6771 15.7480 15.1658 11.5758 10.0000 10.3923 10.0000 11.4891 14.1421 13.0384 9.8995 8.9443 9.8995 9.1652 10.3923 9.4868 12.4900 0.0000 10.1980 11.8322 17.3205 10.1980 12.0000 10.9545 33.3017 34.6699 33.9411 33.5559 33.9706 35.1852 33.9116 31.8434 34.5254 34.5254 36.4143 32.0624 35.1994 31.9374 34.2345 35.4542 34.1614 33.9116 31.6860 33.7639 34.2345 33.9706 32.9393 35.0428 35.0428 35.0428 32.8938 31.8119 32.5423 32.5883 13.1909 13.4907 14.8324 14.6287 11.5758 14.2829 14.9666 19.1833 12.3288 17.6068 18.9209 18.2757 18.7083 15.1658 13.2665 17.4929 16.9115 13.4164 16.7929 13.7113 14.9666 15.6205 16.4317 13.7477 14.2829 13.5647 17.1464 15.7480 14.8997 11.0454 25.1396 23.2379 25.0998 24.4949 21.0713 22.6274 22.0454 20.6398 19.1311 23.7908 26.2679 25.0998 22.4054 23.6643 22.4944 19.3907 22.8473 21.7715 25.2982 22.6274 27.3496 26.6458 21.4009 24.3721 20.5426 23.1517 22.9347 21.1187 20.4450 22.4054 32.4345 35.3129 30.3645 33.7935 33.1512 34.5254 31.8119 31.1448 33.5261 31.8277 34.5832 33.5261 32.9545 36.9459 31.0483 32.8329 29.9666 33.9116 33.9116 31.0483 30.9839 32.8329 33.9706 32.2025 31.6228 32.3574 33.6749 35.1141 35.6230 30.6105
12.9615 15.6205 10.1980 14.0000 10.9545 14.2829 9.4868 17.6068 15.6844 10.8628 7.8740 9.1652 14.2829 11.9164 9.4868 10.8628 10.7703 10.5830 13.6382 8.3666 8.3666 10.0995 14.0712 10.1980 0.0000 10.3923 14.9666 16.9706 10.1980 12.6491 30.9677 32.8024 31.2090 30.7246 31.7805 32.7719 31.3050 29.9333 31.6860 31.4960 33.8231 30.2324 33.0908 28.9482 31.8434 32.0780 32.1092 32.1559 29.3598 30.3645 30.6268 31.5278 30.2820 32.9545 32.9545 32.1559 30.5287 28.8791 29.6479 30.3974 11.4018 10.6771 14.8997 11.3137 11.8322 12.3288 13.8564 17.3205 13.2665 13.1909 17.4929 15.3623 15.7480 13.7113 13.3417 17.4356 12.3288 13.6382 14.3527 12.0830 11.1355 11.8322 12.4900 10.5357 11.1355 10.0995 16.0000 14.2127 16.0000 9.2736 23.1948 20.5913 24.6982 22.6274 18.2757 21.1187 19.8494 19.4422 15.8114 21.5870 24.6982 22.8473 20.5913 20.4450 19.8494 17.1464 21.5407 20.7364 23.2379 19.7990 24.2899 23.1948 19.3907 21.6795 20.4450 21.7715 20.3961 19.3907 18.6011 21.3542 30.2655 33.0000 29.0517 32.8024 30.3150 32.4962 28.7054 30.0333 31.5911 28.6531 32.5576 31.8434 30.2985 35.2278 29.1890 30.3315 28.1425 31.5595 32.1870 28.7750 29.1548 30.0666 31.6860 30.7734 30.1993 30.7409 31.2410 32.3265 33.6898 27.9464
9.1652 17.0294 11.7473 15.6844 13.2665 14.7648 8.3666 17.8885 17.6068 9.4868 12.1655 10.0000 11.5758 14.0712 13.7113 12.6491 10.5830 12.4900 13.2665 10.6771 11.4891 13.1149 13.5647 11.8322 10.3923 0.0000 13.2665 17.1464 12.1655 12.7279 30.2490 32.3728 30.6920 30.3315 29.7321 33.4066 30.7246 28.5657 31.1448 31.9061 32.2490 29.2233 32.8177 29.5296 31.0483 32.1092 32.2955 30.3645 29.0861 30.5287 31.0161 30.9839 30.5778 32.4037 31.9061 33.5857 29.5635 29.6311 29.4788 29.9333 12.3288 11.4891 15.0333 10.9545 11.7473 13.1149 13.9284 15.0333 14.5602 14.2127 17.1464 17.3205 13.0384 15.0333 12.8841 18.4932 14.4222 13.2665 12.9615 13.1909 12.4900 12.5698 13.3417 11.9583 14.0000 14.5602 12.5698 12.3288 13.0384 9.2736 20.5913 20.7846 25.2982 21.4942 17.2627 21.3073 21.5870 17.7764 16.1245 20.0499 25.2587 26.4953 17.7200 22.3159 20.3470 19.8494 23.7487 19.3907 23.5797 18.6011 25.6125 23.1948 18.1659 21.2603 17.2627 24.2074 19.5959 17.7200 19.1833 20.7846 30.0998 32.9697 28.8791 31.3369 30.5450 32.6497 29.3939 29.8664 31.9061 28.6880 31.4643 30.6920 30.0333 34.8281 28.0713 29.7321 28.1425 32.0624 31.5278 28.4605 29.7321 29.2916 31.9061 29.7825 29.2575 30.6757 30.3645 33.5112 32.7872 29.1719
12.4900 16.6132 17.9444 13.7113 16.6132 18.0000 15.5563 19.8494 14.0712 15.7480 15.6844 17.3205 15.8114 14.9666 14.9666 16.3707 13.7840 14.8324 17.0294 17.6068 17.0880 16.9706 16.3095 17.3205 14.9666 13.2665 0.0000 20.8806 18.5472 14.2829 29.0000 30.3974 28.6356 29.4618 29.3258 32.3728 29.3939 27.0555 30.5941 30.4302 31.3688 27.8568 30.8058 27.6405 29.5973 30.4467 31.4484 30.4959 27.1662 29.1204 29.5973 29.2575 29.0345 30.5941 29.7993 31.6544 28.4253 28.0000 28.2666 26.9072 13.7840 16.9115 16.7332 10.3923 12.1655 10.6771 16.7929 11.3137 18.8680 15.9374 17.2047 15.8114 12.6491 17.3781 19.1833 17.1464 15.8114 12.7279 14.5602 14.3527 14.2127 12.6491 16.3095 11.6190 17.4929 15.6844 18.5472 14.2127 13.4907 14.5602 17.8326 18.4932 18.8680 18.8680 16.1864 16.6132 20.8327 17.9444 15.3623 16.9115 22.6274 21.1660 16.1864 18.0000 18.3848 18.3848 20.4939 17.2627 21.1187 14.9666 22.1359 20.1494 15.9374 18.3303 15.3623 21.4009 16.4317 17.7200 16.6132 16.1245 29.2233 31.7962 27.8568 29.9666 29.4788 31.0161 29.1204 27.6405 30.0333 27.7669 30.8869 29.1890 29.0517 35.1994 26.5330 28.1425 26.3439 30.3974 29.5296 27.4591 28.1780 28.2843 30.6594 28.5132 27.5318 29.4109 28.6705 31.7017 32.3265 26.8514
18.1659 17.7200 12.6491 15.2315 11.3137 9.6954 16.0000 17.2627 17.2047 15.2971 15.6205 16.4924 12.3288 15.9374 16.6132 18.9209 15.0333 13.3417 12.0830 15.0333 13.2665 13.5647 14.0712 10.1980 16.9706 17.1464 20.8806 0.0000 17.2047 13.4907 34.1028 36.1386 35.3270 34.6987 35.8050 36.0278 35.5528 32.8024 35.1852 35.3553 36.9324 33.3766 35.3129 33.9706 35.8329 37.1080 34.4529 34.3511 33.1662 34.4384 35.6371 34.7275 35.0571 35.6931 35.8050 36.3318 34.7275 33.6155 34.1614 33.4963 17.2627 15.5563 16.4924 17.0880 16.8523 16.0000 15.6844 19.8494 16.9115 19.8997 18.6548 18.5472 22.1359 16.0624 15.4272 19.8997 20.6398 17.2047 20.9762 19.0788 18.1659 19.8997 19.6977 18.9473 16.4924 17.2627 19.3907 17.1464 19.5959 13.0384 27.6767 25.2190 26.2679 25.5343 22.5832 24.4131 23.8747 21.5870 22.7156 26.2679 28.1425 25.2587 24.9800 26.1151 24.4949 21.7256 24.4131 23.6643 27.3130 24.9399 29.7321 27.4591 24.4540 25.5343 22.8910 24.8596 25.0200 22.9347 20.8327 23.1084 33.8821 36.4280 31.3369 34.0881 34.3948 35.1852 32.1559 31.9687 34.9285 33.3317 34.5543 35.0428 33.7639 37.9605 32.2490 33.4963 30.7896 34.5832 34.7275 32.2180 31.6544 34.4093 34.4964 32.9697 32.8938 31.7333 34.1174 36.3731 36.5377 32.1714
12.1655 17.6068 10.3923 14.0000 9.4868 14.0000 14.0000 18.7617 15.0997 14.4914 12.4097 7.4833 16.1245 10.3923 10.6771 13.9284 12.2474 14.7648 13.1149 7.3485 12.5698 10.0995 16.6132 12.0000 10.1980 12.1655 18.5472 17.2047 0.0000 11.8322 33.3317 36.0832 34.6121 34.7275 34.3802 36.6060 34.9571 32.8024 34.3511 34.2345 36.4692 33.0757 35.6791 32.8634 35.3270 35.9583 35.3695 35.0143 33.2265 34.0881 33.8526 34.3802 34.1321 35.4965 35.3836 36.2215 33.6155 32.1870 32.0780 34.3511 12.5698 13.1149 18.7083 14.6969 13.3417 15.0997 18.3303 21.2603 16.2481 16.6733 20.8806 19.0263 19.5959 17.0294 15.6205 19.4422 16.6132 19.5959 18.6548 17.0880 10.2956 17.7200 16.8523 12.8452 15.6205 15.1658 17.7200 18.4932 19.0788 12.1655 26.1916 22.9783 28.0357 24.2899 21.6333 25.4558 22.4499 21.4009 19.9499 23.7908 27.4591 27.6043 24.3311 26.2679 23.6643 20.4939 26.0384 24.0000 27.8568 22.0000 29.6311 25.4951 23.4521 25.3377 22.6274 25.2190 23.7908 21.6333 23.7487 24.6577 33.5261 36.5103 32.0000 34.7563 33.3317 35.9166 30.5614 32.6190 35.0999 31.7962 35.0714 34.6121 33.4066 37.8021 32.9242 33.4365 30.2324 34.3511 35.4683 31.4325 32.1870 32.8329 35.0999 33.3017 33.2265 33.0303 33.9706 36.2629 37.0000 31.3209
10.7703 11.7473 10.9545 7.6158 8.2462 9.8995 14.4914 16.6733 10.0000 15.4919 11.9164 11.3137 11.3137 9.8995 10.8628 14.1421 12.0830 12.4900 8.1240 12.8062 12.7279 8.3666 12.4097 10.9545 12.6491 12.7279 14.2829 13.4907 11.8322 0.0000 30.8707 33.8231 31.9374 32.6190 32.0936 34.1467 32.4345 30.5941 33.3467 33.1964 34.0588 31.3369 32.1092 30.8545 32.9545 33.3617 32.3574 32.7414 30.2985 32.2490 32.4962 32.0000 31.9531 33.1361 32.9242 34.2929 31.9061 31.2730 31.2890 31.3369 11.5758 13.4164 14.6287 11.5758 12.0000 9.1652 15.5563 16.7929 14.8997 15.7480 15.5563 16.4924 15.8745 14.5602 14.0712 12.2474 14.4222 13.8564 15.3623 13.5647 9.7980 15.2971 12.8841 11.5326 13.7840 14.4914 16.3707 16.1864 15.0333 12.0000 23.5372 20.0499 22.9347 22.1811 19.2354 21.8174 19.2354 18.0000 17.9444 21.0713 22.2711 23.7065 21.4942 24.1661 19.9499 18.5472 22.5389 19.2873 24.4949 19.3907 26.6458 22.9783 19.2873 22.0907 17.2047 21.7715 20.0998 20.4939 20.3961 20.6398 32.1248 33.6303 29.7658 32.2490 31.1609 33.4365 29.8329 30.3315 31.8434 29.8831 32.5883 32.2490 30.7571 35.8190 29.6311 31.8119 28.1425 33.1361 31.4006 28.9828 30.2655 30.0000 32.5269 30.2820 30.6920 30.6757 31.4643 34.0147 34.7707 29.0689
31.7017 29.9500 32.5730 30.1828 33.1210 33.2114 29.9833 35.6230 32.6650 29.8161 30.2159 32.4500 33.5112 30.9031 29.8831 31.0322 31.5753 31.2250 32.2025 32.6037 31.0644 31.6702 28.9310 33.3017 30.9677 30.2490 29.0000 34.1028 33.3317 30.8707 0.0000 13.7477 9.9499 9.5394 11.7898 11.7898 10.5357 11.8743 12.6095 11.0905 12.8452 16.2173 11.7473 11.2694 10.2470 16.1864 10.0995 11.5326 10.1489 12.6095 13.2288 10.7238 11.9164 12.0416 15.4596 14.5945 13.9642 11.4455 12.4097 12.8452 26.5141 26.8887 28.3373 24.8395 29.4449 26.1343 24.8395 27.1477 28.8271 25.3180 23.5584 25.0400 24.1039 25.9422 24.7992 28.5832 27.7308 28.7228 23.8537 27.5500 28.5482 26.9258 27.6586 28.1780 26.2107 25.3574 27.9821 25.3969 28.4429 29.2062 29.3428 27.0370 31.9844 27.3679 24.7992 27.9821 28.8964 28.5482 25.2389 29.0689 28.0891 29.2062 27.0000 27.5136 27.0000 30.6105 27.4044 26.5895 28.9655 25.4755 25.8650 26.0576 24.7588 26.8887 28.6880 28.3373 24.3926 27.4044 25.7488 26.5141 11.4455 12.9615 13.3791 14.3178 12.1655 12.1244 14.5258 13.1529 14.1067 11.6619 10.1489 15.1987 12.2882 14.4222 13.5277 14.4568 11.9583 12.6886 13.8924 14.6629 14.3875 13.8924 13.7477 11.1355 14.8661 14.0712 13.5277 18.1108 16.0624 14.8997
34.7563 32.4037 34.2053 32.8024 35.7491 34.9571 31.8434 36.6879 34.7563 31.9061 32.2490 35.0714 35.3553 32.4962 32.7109 33.0151 34.1760 32.6190 34.4674 34.6121 33.3167 34.5543 32.2800 34.6699 32.8024 32.3728 30.3974 36.1386 36.0832 33.8231 13.7477 0.0000 14.9666 11.4018 13.4907 14.8324 11.4891 9.6954 12.6491 14.4222 10.8628 12.3288 15.2643 11.9164 10.1980 14.2478 13.6748 12.0830 8.9443 15.3623 14.4914 14.1421 14.0357 12.3288 14.6287 10.3923 9.8995 12.4900 13.5277 11.4891 29.6985 29.4279 29.5973 27.9643 30.5941 28.9482 26.1151 28.4253 30.4631 27.4955 26.3818 25.6905 25.8844 26.4575 27.4955 30.5614 29.6985 29.5635 25.5343 29.8998 31.7805 27.8927 29.8998 29.2404 28.9482 28.1069 31.4325 27.7489 30.5287 31.8434 28.3549 26.9815 30.0998 27.8568 25.8844 26.6458 29.7993 29.3939 24.2899 28.2135 28.6705 27.6043 25.8844 24.9399 27.2029 29.5635 24.5357 26.2679 27.4226 25.6125 24.5764 25.6125 25.1794 26.3439 29.5635 28.2843 23.9583 27.1662 25.0200 26.5330 15.7480 12.6886 14.2829 15.3623 14.5258 16.0000 18.5472 13.3417 17.1464 15.2643 12.9615 11.4018 14.2127 14.9332 13.1149 11.4891 14.4222 12.4097 16.7332 13.4164 15.4272 18.2757 12.0830 11.8743 15.0997 13.8203 16.4317 15.9687 12.6886 16.7631
32.0312 30.4631 33.5559 30.7896 34.1467 34.3511 30.4959 35.4401 33.0454 30.3645 31.1448 33.4066 33.4066 32.1870 30.5941 31.8434 32.6190 31.9061 33.3766 33.6452 31.2410 33.1059 30.2985 33.9411 31.2090 30.6920 28.6356 35.3270 34.6121 31.9374 9.9499 14.9666 0.0000 10.8628 11.1355 14.1421 10.4881 12.5698 17.2047 14.4222 16.3707 15.8114 12.6886 13.0384 11.4018 16.5227 13.7477 13.9284 10.6771 10.5830 12.8062 9.1652 11.0000 12.1655 18.6548 16.9115 14.6969 10.7703 15.0665 14.1421 28.3901 28.0713 28.6705 25.7682 30.2655 26.3059 25.7682 27.0555 30.0666 26.1151 25.1396 26.1151 24.2899 25.8844 26.1916 29.1548 27.8209 28.2489 24.3721 27.4591 30.2655 26.0768 26.9815 27.6948 27.1662 26.5330 28.6007 24.9399 29.8329 29.9666 28.0000 26.8328 31.6228 27.9285 24.5357 27.3861 30.0998 28.9482 25.4165 29.1548 29.1204 29.3258 27.0924 27.0185 27.4226 30.0333 27.7489 26.4575 28.4956 26.1534 26.1916 26.4575 25.2587 26.6083 28.6705 29.4618 24.0000 28.0357 25.6125 26.7582 11.4891 12.7671 12.0830 16.5529 12.6886 12.0830 16.3707 14.8324 10.2956 12.2882 13.4164 16.1245 13.1909 15.9060 14.0712 16.6132 14.0712 14.1421 12.4097 15.7480 13.2665 15.0997 16.1864 14.7309 12.5698 17.5214 13.4164 15.7797 15.6525 15.3948
