0.0000 7.5197 6.6631 5.7346 4.7541 7.3503 7.7628 9.1247 5.0916 6.4096 5.7840 6.2795 5.1711 9.4710 6.8989 6.3765 6.3368 7.4184 8.6801 4.7030 11.1665 4.3146 10.9410 6.0157 5.6730 6.7617 7.5578 5.9844 5.2818 7.9105 27.2656 28.8733 28.6050 27.9100 28.1878 28.5736 27.1048 28.6187 28.6723 27.6865 26.0842 28.7759 28.3434 27.4873 27.7415 27.9434 27.5404 27.4486 27.3022 26.8717 28.1218 27.0872 27.0945 27.0554 27.1490 27.8933 27.0772 27.0821 30.2908 28.2445 14.2063 12.4539 13.1964 13.1126 14.3840 13.5419 14.6231 14.8437 11.9694 16.5021 14.0406 16.8229 17.0426 14.6874 13.7852 12.7104 12.7071 15.1280 16.3346 14.4797 9.1054 14.7927 15.0870 13.5177 13.1169 14.2620 13.2775 15.1341 15.2718 11.2517 15.9842 18.5883 17.8589 20.7326 21.7667 16.3992 20.6104 19.9184 14.9043 13.7035 21.1871 18.4896 19.2503 21.3326 18.6750 15.7440 15.6783 19.1342 15.7759 18.7414 20.2914 14.1274 20.6051 18.2500 17.0648 15.4379 15.7327 21.1580 15.8500 22.1089 22.6704 24.4507 22.6066 23.4639 21.9840 21.7118 24.3652 22.6417 24.5875 23.5920 22.0588 24.1039 23.1986 24.4503 20.6045 22.7522 25.0390 24.4266 24.2182 23.1922 21.9518 22.9883 22.0872 25.0368 23.3045 25.3480 23.5215 24.0390 25.2270 26.7138
7.5197 0.0000 4.1378 4.6247 5.5606 3.3460 4.0910 5.9976 4.7657 4.9513 5.9263 10.6734 9.4247 4.8309 4.1933 5.3981 4.6088 4.0788 5.4425 7.3520 5.4409 5.0651 7.8831 4.7704 5.0647 7.3447 6.0483 3.8989 7.9892 8.0306 27.6506 29.4360 28.9772 28.3715 28.3801 28.9904 27.5984 29.1769 29.3480 28.3922 26.7513 29.3545 28.6253 27.8887 28.2112 28.5291 27.6638 27.9428 27.9560 27.5866 28.5254 27.6123 27.2598 27.5098 27.7788 28.3657 27.4053 27.4402 30.8879 28.7295 10.8116 8.3203 9.1394 9.0793 9.7882 8.9542 9.5629 10.6985 8.0223 11.8254 9.2033 12.2612 13.0086 11.0773 9.8619 8.9228 9.6385 10.8766 11.5699 9.8986 8.4040 10.5103 10.9627 9.7245 8.9395 9.7162 9.3564 10.7460 10.9922 9.6279 12.9404 16.1564 16.6454 19.3692 19.8320 12.7782 20.4644 18.2969 11.5692 11.2951 20.5018 15.9944 16.2881 18.6908 16.2079 12.9334 11.3587 17.0821 12.7416 17.1243 17.6330 10.1975 18.4422 15.3172 14.6570 12.6688 11.9964 18.9917 12.7995 20.2932 20.3484 23.0170 20.8837 21.7994 20.0510 19.6383 22.9635 20.6091 23.0647 21.4840 19.9898 21.5748 21.4244 22.4163 18.2239 20.1027 23.6666 22.6172 22.0244 21.4924 20.3202 21.1218 20.3532 23.7451 21.2744 23.8350 21.6787 22.3946 23.9556 25.1965
6.6631 4.1378 0.0000 4.0132 4.9728 3.6840 4.9401 6.5127 3.9071 5.8417 6.0388 9.7582 9.4655 4.4482 4.8491 6.1722 5.3189 5.8638 5.7072 7.2215 6.1917 4.1191 7.2731 5.3484 5.3246 8.2112 6.6636 4.6205 8.8694 8.6594 27.1161 28.8212 28.4627 27.9146 27.9106 28.4980 26.9719 28.6441 28.7939 27.8427 25.9447 28.7912 28.1265 27.3063 27.5596 27.9830 27.1732 27.4014 27.3917 26.9640 28.0048 27.0670 26.7588 26.9650 27.2165 27.7713 26.9151 26.9013 30.3263 28.1769 9.8327 7.8973 8.5591 8.5724 9.9205 8.7326 9.8901 10.0894 7.7836 11.7695 9.3602 12.2228 12.9647 10.6323 9.6126 8.2114 8.4755 10.5242 11.4802 9.5209 7.2774 10.1298 10.5399 8.9977 8.5285 9.4071 8.5977 10.4174 10.7686 8.1405 13.0997 16.1941 16.5258 19.2875 19.8867 12.9717 20.4075 18.2878 11.8057 11.4050 20.3539 16.1862 16.4192 18.7353 16.3160 12.6997 11.4729 16.9731 12.8023 17.1448 17.6985 10.5399 18.5098 15.4140 14.4065 12.6613 12.3659 19.0902 12.8193 20.2156 20.2670 22.8983 20.7471 21.5785 19.6491 19.4442 22.7549 20.4478 22.7990 21.3900 19.7302 21.5867 21.1983 22.3456 18.0755 20.0814 23.4335 22.4957 21.9648 21.3059 20.1378 20.8958 20.0727 23.4544 21.1543 23.5630 21.5126 22.1900 23.7478 25.0338
5.7346 4.6247 4.0132 0.0000 4.2623 4.4677 5.2855 6.9664 5.2141 5.0741 5.7251 8.8530 7.4169 6.4876 4.3394 5.7072 5.6095 5.5106 6.1403 5.3459 7.4904 3.7589 8.0017 5.4627 5.1810 6.9047 6.3352 4.4374 6.8549 8.7032 27.9521 29.6396 29.2540 28.5604 28.7876 29.2521 27.9024 29.4156 29.5458 28.6133 26.9843 29.6071 28.9208 28.1786 28.5106 28.6679 28.0263 28.2495 28.1710 27.6841 28.8426 27.7531 27.6849 27.7687 27.9755 28.6304 27.7993 27.7686 31.0243 29.0580 11.2617 9.0344 9.9241 10.0849 11.0917 10.0163 11.1028 11.6635 8.9057 13.3468 10.7336 13.7584 14.1253 11.8056 10.5719 9.7060 9.8027 11.8908 13.1140 11.0756 7.2410 11.6972 11.9888 10.4605 10.2548 10.9223 10.0770 11.8242 12.3532 9.1526 14.5631 17.3534 17.4676 20.1879 20.8757 14.5242 21.0027 19.2142 13.0449 12.7088 21.0854 17.2645 17.6791 19.8336 17.5748 14.1298 13.1844 18.0679 14.4830 18.0698 18.7857 12.1849 19.3995 16.7919 15.8073 14.3384 13.5637 20.1189 14.0012 21.3979 21.4526 23.7266 21.7526 22.6922 20.9374 20.7489 23.6717 21.6513 23.8529 22.5565 21.0070 22.6626 22.2135 23.3951 19.4662 21.2571 24.2306 23.5014 23.1263 22.4330 21.1344 22.0648 21.3231 24.4602 22.1775 24.5512 22.4768 23.2053 24.5875 25.9362
4.7541 5.5606 4.9728 4.2623 0.0000 5.8641 5.9009 8.0124 4.6808 5.2430 4.6863 6.9059 6.6388 8.1994 5.2468 4.6095 6.3160 5.9674 6.5556 4.1871 8.8521 4.0047 9.3556 5.0985 4.0689 6.4824 6.6737 5.1193 6.4912 7.9824 28.4575 30.1302 29.8206 29.1349 29.3279 29.8259 28.3457 29.9179 30.0355 29.0770 27.3429 30.0798 29.5506 28.6939 28.9836 29.2450 28.6508 28.7208 28.6567 28.1800 29.3771 28.3497 28.1948 28.2549 28.4892 29.1789 28.3376 28.3154 31.5644 29.5427 12.2490 10.5539 11.2837 11.6164 12.5481 11.5607 12.6213 13.0309 10.2179 14.7650 12.2639 14.9953 15.6998 13.2365 12.0341 10.9093 11.1793 13.0448 14.3570 12.4869 8.3235 13.0169 13.2629 11.8461 11.6882 12.3331 11.5159 13.4751 13.5777 10.1761 15.4910 18.4285 18.3253 21.0732 21.8236 15.7374 21.5019 20.1199 14.3789 13.6810 21.8117 18.3556 18.9158 21.0913 18.5828 15.3571 14.5422 19.1101 15.5366 18.9340 20.0169 13.4381 20.5049 18.0166 16.9198 15.3206 14.8012 21.1347 15.3894 22.2761 22.5840 24.7333 22.8059 23.6333 21.9254 21.7384 24.7114 22.6822 24.8284 23.6164 22.0093 23.9052 23.3357 24.4761 20.5371 22.4685 25.2902 24.5275 24.1402 23.4181 22.1836 23.1094 22.2438 25.3803 23.2826 25.5452 23.5605 24.2126 25.6152 26.9665
7.3503 3.3460 3.6840 4.4677 5.8641 0.0000 4.3186 5.3806 4.3732 5.8628 6.6851 10.9761 9.9506 3.6385 5.2704 6.4461 5.1024 5.2705 5.6914 7.9454 5.3364 5.2809 7.2579 5.1757 6.0324 8.5446 6.3542 4.3997 8.5868 8.6922 26.4931 28.2367 27.7598 27.1772 27.2057 27.7720 26.4086 27.9804 28.1476 27.1681 25.6148 28.1688 27.3847 26.6759 27.0369 27.2843 26.4657 26.7944 26.7382 26.3975 27.3231 26.3874 26.0947 26.2884 26.5593 27.1423 26.1896 26.2051 29.6753 27.5062 10.6098 8.7076 9.0012 8.9066 9.5687 8.8375 9.4877 10.3113 8.1657 11.4244 9.1408 12.0523 12.4024 10.5133 10.0190 8.7434 9.4125 10.9873 11.4907 9.6616 8.6084 10.3218 10.4834 9.3705 8.3608 9.5426 9.1411 10.2610 10.6338 9.4412 11.9902 15.0255 15.4728 18.0900 18.6462 11.7805 19.2385 17.0408 10.4783 10.3207 19.2185 14.8152 15.0802 17.5138 14.9719 11.6757 10.6005 15.7769 11.5763 16.0183 16.4934 9.1423 17.2128 14.0411 13.2966 11.3272 11.1345 17.8494 11.5555 19.0861 19.2992 21.9575 19.7402 20.7441 19.0478 18.5980 21.8520 19.5447 21.9860 20.4078 19.0199 20.5932 20.3599 21.4097 17.2105 19.1224 22.5610 21.5741 21.0463 20.3730 19.2066 20.0282 19.2810 22.6382 20.2353 22.7761 20.6106 21.3420 22.8063 24.1886
7.7628 4.0910 4.9401 5.2855 5.9009 4.3186 0.0000 5.5367 5.2888 4.2955 5.2780 9.8759 9.5844 5.7522 4.7278 4.3404 4.6533 3.8360 3.3209 7.2016 5.1387 5.4831 7.9926 4.5660 4.9624 6.6396 6.0244 3.7562 8.5542 6.6489 28.0897 29.8444 29.3236 28.6574 28.7806 29.3240 28.0732 29.5871 29.7456 28.8502 27.3986 29.7992 28.8947 28.2875 28.7225 28.8042 28.0057 28.4407 28.3785 28.0172 28.9238 27.9017 27.7012 27.9335 28.1994 28.7764 27.8159 27.8319 31.1835 29.1719 11.2815 8.8984 9.5409 9.6724 9.8588 9.1208 9.5839 10.9631 8.5079 11.9962 9.3185 12.4181 12.8284 11.2500 10.0361 9.3747 10.3907 11.1841 11.9812 10.2755 9.4159 11.0249 11.1097 10.3183 9.4275 9.8879 9.9183 10.7976 11.3840 10.6184 13.0757 16.1798 17.0663 19.4482 19.8058 12.8274 20.4277 18.2669 11.6709 11.5644 20.4885 15.9925 16.1343 18.5879 16.3286 13.0761 11.4743 16.9759 12.9729 17.0602 17.5016 10.2851 18.2888 15.2905 14.7362 12.8732 11.7344 18.8717 12.8271 20.3165 20.3798 23.0391 20.9563 21.9915 20.3232 19.8797 23.0216 20.7788 23.1784 21.5710 20.2571 21.4993 21.5184 22.4659 18.5357 20.0793 23.5946 22.6474 22.1082 21.6682 20.4131 21.2880 20.6648 23.8714 21.2867 23.8940 21.6505 22.4900 23.9371 25.2293
9.1247 5.9976 6.5127 6.9664 8.0124 5.3806 5.5367 0.0000 6.7471 6.9253 8.1400 12.0307 10.8665 5.8903 6.9687 7.6843 5.7222 7.1399 6.6734 9.3267 5.8935 7.0679 8.4598 5.6741 7.8329 9.9465 8.2339 6.2203 9.6438 9.1389 25.6966 27.4455 26.7361 25.8312 26.2709 26.7437 25.7893 26.9459 27.1897 26.3934 25.4971 27.4155 26.2433 25.8831 26.4888 26.0156 25.4392 26.1390 25.9130 25.4089 26.4559 25.0748 25.3543 25.4290 25.6715 26.3579 25.4768 25.3736 28.4764 26.8197 12.1639 10.1664 10.5113 10.1339 9.6518 10.1293 10.1981 11.4333 9.1509 11.7492 9.9401 12.5072 11.5534 10.5885 11.1281 10.1422 10.7277 12.1637 12.6702 10.8566 10.3171 11.2892 11.2225 10.7152 8.8781 10.5123 10.4504 10.3191 11.1026 10.5822 11.8267 13.6167 14.5552 16.6576 17.0713 11.0980 17.2592 15.4773 9.6717 10.7988 17.1240 13.2695 13.5330 16.0692 14.1270 11.1756 10.6237 13.8470 11.5198 14.4927 15.0272 8.9566 15.3446 12.8388 12.6442 10.7617 9.8555 16.3440 10.3641 17.6295 18.0601 20.1519 18.2016 19.5176 18.1967 17.7593 20.3246 18.4974 20.5979 19.2010 18.0318 19.1604 19.0030 19.9623 16.6565 17.7758 20.7587 19.9758 19.6618 19.1229 17.7845 18.9283 18.4309 21.2593 18.7616 21.3279 18.9656 19.8503 21.0535 22.6644
5.0916 4.7657 3.9071 5.2141 4.6808 4.3732 5.2888 6.7471 0.0000 6.0102 5.6391 8.8915 8.5475 5.9479 5.8727 5.5872 4.9410 5.7673 6.5467 6.5661 7.9119 3.9518 8.9895 3.9882 4.7786 7.5616 6.3330 4.1599 7.3764 7.3137 26.1678 27.8818 27.5705 26.9844 26.9971 27.5246 26.0097 27.6760 27.7736 26.7369 24.9669 27.7979 27.2268 26.3706 26.6179 27.0387 26.3091 26.3790 26.3359 26.0328 27.0181 26.1498 25.8354 26.0190 26.1797 26.8106 25.8694 25.9130 29.4186 27.1301 11.8145 10.1405 10.4922 10.3019 11.5273 10.6494 11.5278 11.9303 9.3714 13.3769 10.9131 13.7799 14.3596 12.1608 11.4186 9.9829 10.5284 12.4628 13.2216 11.4934 8.6757 11.9153 12.2634 10.9195 10.0487 11.3841 10.6237 12.1788 12.2786 9.8302 12.9308 16.1351 15.8207 18.7258 19.5179 13.0802 19.2186 17.7544 11.9234 10.8321 19.5614 15.9233 16.5291 18.8628 15.8146 12.8256 12.2821 16.8027 12.5210 16.5612 17.7740 10.4628 18.3651 15.2904 14.2868 12.2061 12.5911 18.7952 13.0611 19.7891 20.3055 22.6804 20.5279 21.4016 19.7650 19.3327 22.5776 20.3637 22.6447 21.3082 19.7865 21.8181 21.2195 22.3492 18.0078 20.3276 23.3648 22.4212 21.9801 21.0900 19.9202 20.8188 19.9121 23.2039 21.1936 23.5173 21.5152 22.1086 23.5176 24.9271
6.4096 4.9513 5.8417 5.0741 5.2430 5.8628 4.2955 6.9253 6.0102 0.0000 3.4059 8.2813 7.1438 7.3462 3.3143 3.8290 4.5006 3.6599 4.5271 5.4258 7.2255 4.5659 8.7792 4.8492 3.9766 4.4861 6.1233 4.2780 6.5432 6.1742 28.7501 30.5483 30.0597 29.3351 29.5449 30.1046 28.6883 30.2596 30.3979 29.4772 27.8915 30.4628 29.7545 28.9971 29.3823 29.5550 28.8626 29.0904 29.0075 28.5006 29.6739 28.6288 28.4183 28.5403 28.8575 29.5039 28.6019 28.5678 31.9000 29.8984 12.1650 9.7997 10.8689 10.9585 11.4119 10.6965 11.1302 12.4210 9.7372 13.6629 10.8884 13.9171 14.3049 12.4276 10.9426 10.5746 11.4191 12.2459 13.3479 11.8050 8.9697 12.2852 12.7585 11.3208 10.8430 11.2041 11.1704 12.3427 12.7034 10.9346 14.4558 17.4642 17.9805 20.5806 21.2392 14.7004 21.2759 19.5663 13.2188 12.7288 21.5189 17.4311 17.6857 20.2038 17.9819 14.5526 13.1692 18.2781 14.4409 18.2571 19.1212 12.3106 19.7226 17.1344 16.1842 14.4816 13.6754 20.4336 14.3097 21.7195 21.7660 24.1688 22.1791 23.0852 21.3190 21.0428 24.1544 22.0942 24.3783 22.8811 21.3624 22.9986 22.7267 23.6786 19.8472 21.5524 24.7564 23.8640 23.3866 22.8618 21.5502 22.5173 21.7380 24.9919 22.5150 25.0415 22.8673 23.6297 25.0879 26.4733
5.7840 5.9263 6.0388 5.7251 4.6863 6.6851 5.2780 8.1400 5.6391 3.4059 0.0000 6.6838 6.6275 8.3951 4.3701 3.5573 4.8649 4.7444 4.9276 4.8054 8.6530 4.5160 9.8156 5.3120 3.2974 4.1856 6.4444 4.5533 6.3505 5.1743 29.0769 30.8246 30.4206 29.7457 29.9040 30.4427 28.9622 30.5795 30.6832 29.7378 28.0359 30.7331 30.1392 29.3091 29.6171 29.9238 29.2437 29.3658 29.2984 28.8436 29.9828 29.0105 28.7503 28.8784 29.1648 29.7981 28.9085 28.9041 32.2356 30.1621 12.9012 10.7066 11.6981 11.8247 12.6448 11.7130 12.4309 13.3102 10.6255 14.7859 12.0863 14.9305 15.6571 13.6097 11.9755 11.3190 12.0733 13.1346 14.3474 12.7321 9.3505 13.2039 13.6938 12.2040 11.9444 12.3198 12.0118 13.6184 13.6993 11.3253 15.2399 18.4556 18.6530 21.3763 22.0854 15.6315 21.8482 20.3502 14.3744 13.3238 22.2356 18.4487 18.8138 21.2046 18.7487 15.4741 14.2466 19.2520 15.2192 18.9961 20.1113 13.2232 20.7320 18.1088 16.9984 15.2423 14.7854 21.2890 15.4554 22.4862 22.6862 25.0242 23.0404 23.8847 22.1239 21.8512 24.9848 22.9222 25.1418 23.7627 22.1938 23.9959 23.5876 24.5985 20.6608 22.5409 25.6271 24.7407 24.2811 23.6745 22.4238 23.3327 22.5096 25.7202 23.4577 25.8569 23.8030 24.4674 25.9218 27.2479
6.2795 10.6734 9.7582 8.8530 6.9059 10.9761 9.8759 12.0307 8.8915 8.2813 6.6838 0.0000 6.5527 13.0405 9.3280 7.2360 9.3896 9.6095 9.8233 5.7823 13.6947 7.6003 13.3127 8.9284 7.3013 7.3907 10.2292 8.8018 7.8798 7.8260 30.1377 31.6163 31.4000 30.6760 31.0508 31.4090 30.0302 31.4280 31.4680 30.6423 29.0790 31.6131 31.1817 30.3412 30.6439 30.7423 30.3976 30.3657 30.2747 29.6849 30.9897 29.9046 30.0487 29.9370 30.0817 30.8113 30.1476 30.1016 32.9374 31.2274 16.3758 14.7484 15.6967 15.8316 16.8895 16.0786 17.1242 17.2870 14.6137 19.0772 16.7130 19.1862 19.5910 17.3014 16.0346 15.2542 15.1734 17.1941 18.7028 16.9178 11.5350 17.3040 17.4626 16.1004 16.1583 16.7274 15.8127 17.8401 17.7706 13.7081 19.2259 21.7755 21.3201 23.9157 24.7357 19.6906 23.7119 23.1495 18.3715 17.3766 24.3415 21.7908 22.3256 24.2556 22.1275 19.1606 18.6389 22.3744 19.3561 21.8031 23.2690 17.6291 23.5431 21.5423 20.3989 19.1517 18.7573 24.0892 19.2112 25.1946 25.5662 27.1346 25.5931 26.3286 24.7856 24.7373 27.1121 25.5965 27.3224 26.5217 24.9036 26.7616 25.9500 27.1817 23.7807 25.5096 27.6131 27.1400 26.9700 26.1615 24.9751 25.8896 25.0975 27.7913 26.0647 27.9498 26.2432 26.7684 27.9515 29.2218
5.1711 9.4247 9.4655 7.4169 6.6388 9.9506 9.5844 10.8665 8.5475 7.1438 6.6275 6.5527 0.0000 12.0547 7.8042 7.5756 8.0177 8.6970 9.9367 4.8421 13.0222 6.6039 12.6909 7.6300 6.7290 6.2880 9.1997 7.6525 5.0592 8.9639 29.3741 30.8713 30.6011 29.8430 30.2590 30.6714 29.2651 30.5895 30.6589 29.8790 28.3815 30.8427 30.4320 29.5903 29.9106 29.9593 29.6276 29.6082 29.4614 28.7936 30.2249 29.1048 29.2792 29.0678 29.2891 30.0642 29.4016 29.3178 32.1854 30.5049 16.2388 14.1520 15.2278 15.1709 16.1598 15.5162 16.4332 16.9719 13.9098 18.4694 16.0088 18.6854 18.8386 16.6638 15.2739 14.8468 14.7739 16.8415 18.2918 16.5501 10.4661 16.6911 17.1708 15.5330 15.2943 15.9950 15.3687 17.1298 17.2862 13.2233 18.2838 20.4885 19.9973 22.7943 23.7292 18.7070 22.4104 21.9977 17.1731 16.1110 23.0549 20.5714 21.2023 23.2074 21.1732 18.1197 17.7978 21.1345 18.2937 20.6701 22.2403 16.7937 22.4439 20.6191 19.4243 18.1731 17.8786 23.1451 18.0345 24.1451 24.6889 26.1708 24.6557 25.4461 23.8973 23.8681 26.1663 24.7436 26.4426 25.6518 23.9967 25.8950 24.9712 26.2326 22.9183 24.6182 26.6838 26.2067 26.0883 25.2494 24.0409 24.9877 24.1718 26.9001 25.1376 27.0375 25.3385 25.8217 27.0139 28.3440
9.4710 4.8309 4.4482 6.4876 8.1994 3.6385 5.7522 5.8903 5.9479 7.3462 8.3951 13.0405 12.0547 0.0000 6.4005 8.3625 6.2044 6.5990 6.6528 10.2117 4.6278 6.7881 7.0578 6.7287 7.7397 10.2861 7.8126 5.9638 10.7127 10.0336 26.0486 27.8302 27.3312 26.8293 26.7068 27.3873 25.9238 27.5990 27.8000 26.8406 25.1069 27.7819 26.9221 26.2159 26.5127 26.9554 25.9600 26.3862 26.3704 26.0191 26.8781 26.0233 25.5657 25.8689 26.2068 26.6991 25.7434 25.7388 29.3109 27.0735 9.7551 7.9207 8.1232 7.6610 8.4483 7.8352 8.1336 9.0316 7.5323 9.8086 7.7144 10.5766 11.0174 9.2961 9.0266 7.8026 8.7065 9.8249 9.9223 8.4461 9.1411 8.9349 9.4431 8.1419 6.7084 8.1081 8.1221 8.7401 9.1985 9.1946 10.7009 13.8978 14.7196 17.3391 17.8141 10.2812 18.9585 16.3005 9.1571 9.2579 18.7131 13.7756 13.7488 16.3548 13.8964 10.3086 8.7355 14.6687 9.9799 15.2098 15.3934 7.6894 16.3649 12.7492 11.9595 9.9265 10.0400 16.9878 10.1740 18.0691 18.0773 21.1204 18.7330 19.6798 17.7485 17.3445 20.9575 18.4338 20.9935 19.2561 17.7354 19.4350 19.3250 20.3064 15.8895 17.8589 21.7510 20.5612 19.8932 19.3369 18.2057 18.9044 18.1385 21.7197 19.1493 21.8244 19.5810 20.3151 21.9769 23.3206
6.8989 4.1933 4.8491 4.3394 5.2468 5.2704 4.7278 6.9687 5.8727 3.3143 4.3701 9.3280 7.8042 6.4005 0.0000 5.0437 4.6297 4.1639 5.0462 5.9948 6.5474 4.2167 8.2141 5.2392 4.1488 5.4694 5.8538 4.4967 7.3088 7.6725 28.5511 30.3908 29.8878 29.2319 29.3450 30.0109 28.4393 30.1298 30.2412 29.3486 27.5730 30.3264 29.6378 28.8057 29.1489 29.4721 28.7014 28.8800 28.8417 28.3425 29.5121 28.5672 28.1834 28.3279 28.7378 29.3364 28.4342 28.4200 31.8213 29.7133 10.9711 8.2955 9.5863 9.6698 10.4526 9.4493 10.0987 11.2457 8.4351 12.7113 9.8353 12.8752 13.8576 11.5089 9.5666 9.1286 10.0399 10.9996 12.2005 10.5593 7.6282 10.9839 11.7917 10.0065 9.7553 9.9921 9.8448 11.3395 11.7165 9.6252 13.9906 17.1060 17.6888 20.3989 21.1077 14.1929 21.2242 19.3015 12.7913 12.1823 21.3776 17.1873 17.3942 19.9132 17.6124 14.0753 12.4955 17.8890 13.9047 18.0659 18.9010 11.7731 19.5785 16.8286 15.8200 14.0139 13.3617 20.3122 13.8984 21.4401 21.4246 23.9738 21.9040 22.7438 20.8613 20.5945 23.9443 21.7090 24.1175 22.5285 20.8998 22.7368 22.4813 23.3815 19.3361 21.1974 24.6147 23.5881 23.0162 22.5491 21.2860 22.1693 21.3281 24.7360 22.2080 24.8139 22.6180 23.3317 24.9254 26.2797
6.3765 5.3981 6.1722 5.7072 4.6095 6.4461 4.3404 7.6843 5.5872 3.8290 3.5573 7.2360 7.5756 8.3625 5.0437 0.0000 5.4973 4.3698 4.9718 4.9364 8.1131 4.9211 9.8414 4.9996 3.8860 4.8967 6.3546 4.2035 6.7155 5.8605 29.4848 31.2199 30.7776 30.0977 30.2683 30.7774 29.4460 30.9717 31.0843 30.1590 28.6049 31.1503 30.4623 29.7151 30.0880 30.2744 29.5527 29.7900 29.7363 29.3333 30.3763 29.3780 29.1382 29.3165 29.5927 30.1948 29.3021 29.3079 32.5800 30.5504 12.8230 10.6139 11.4883 11.8826 12.2820 11.4359 12.0830 13.2037 10.2926 14.5939 11.8275 14.7451 15.5582 13.5286 11.9898 11.2197 12.0860 13.0185 14.1796 12.5550 9.8172 13.1308 13.4119 12.2735 11.9864 12.2672 11.9545 13.5094 13.6468 11.5515 15.4317 18.5709 18.9517 21.4904 22.0415 15.5989 21.9652 20.4084 14.4169 13.6578 22.3764 18.4916 18.8352 21.1432 18.7976 15.6728 14.3202 19.3761 15.5283 19.1181 20.0884 13.2169 20.6978 18.0973 17.2463 15.4515 14.5620 21.2338 15.5714 22.5115 22.7913 25.1579 23.2276 24.1029 22.4406 22.1083 25.1632 23.0434 25.3034 23.8834 22.4497 23.9815 23.7579 24.7361 20.8861 22.5984 25.7285 24.8648 24.3750 23.8522 22.6513 23.5048 22.7707 25.9219 23.5892 25.9967 23.9135 24.6401 26.0607 27.3180
6.3368 4.6088 5.3189 5.6095 6.3160 5.1024 4.6533 5.7222 4.9410 4.5006 4.8649 9.3896 8.0177 6.2044 4.6297 5.4973 0.0000 4.7167 5.5412 6.9591 7.3528 4.7381 8.8543 4.3651 4.7875 6.3177 6.4156 3.6546 6.8578 6.1749 26.8869 28.5810 28.0713 27.3850 27.5771 28.1243 26.8156 28.2229 28.3995 27.5645 26.1141 28.5043 27.7099 27.0578 27.4391 27.5269 26.8240 27.1940 27.1018 26.6040 27.6755 26.6181 26.5319 26.6455 26.9153 27.5163 26.6698 26.6369 29.8747 27.9773 12.4989 9.9863 10.8920 10.4057 11.0844 10.7229 11.2527 12.2896 9.5478 13.1368 10.7243 13.6207 13.6975 12.1129 11.0879 10.5733 10.9892 12.5229 13.3058 11.6782 8.9694 11.9400 12.4221 11.1623 9.9643 11.0751 10.9835 11.9612 12.1856 10.4486 13.0513 15.7605 16.1373 18.7587 19.3518 13.0574 19.3442 17.7130 11.7718 11.2707 19.4972 15.6640 15.9148 18.3813 16.2412 12.9596 12.0036 16.4197 12.6150 16.4416 17.3893 10.6548 17.9386 15.1704 14.3612 12.5257 12.4219 18.5470 12.7982 19.7004 20.0465 22.2854 20.3627 21.3356 19.6926 19.3549 22.2711 20.3534 22.4459 21.1746 19.6167 21.2770 20.8716 21.9250 18.1829 19.8811 22.9138 22.0265 21.6532 21.0169 19.8629 20.6912 20.0349 23.0949 20.8194 23.2020 21.1198 21.7722 23.1554 24.5200
7.4184 4.0788 5.8638 5.5106 5.9674 5.2705 3.8360 7.1399 5.7673 3.6599 4.7444 9.6095 8.6970 6.5990 4.1639 4.3698 4.7167 0.0000 4.4684 6.5756 6.6057 5.3891 8.7552 4.9570 4.8130 5.3020 6.0693 3.7008 7.0020 6.2034 28.6776 30.4553 29.9869 29.3614 29.4298 30.0352 28.6005 30.2225 30.3356 29.4198 27.8128 30.4051 29.6682 28.9143 29.2855 29.5728 28.7398 28.9745 28.9752 28.5554 29.5562 28.6639 28.3358 28.4778 28.8222 29.4250 28.4756 28.5019 31.9009 29.8054 12.1951 9.6878 10.6037 10.5483 11.0139 10.2664 10.6298 12.0171 9.5803 13.1096 10.3318 13.4354 14.0341 12.3214 10.8629 10.3993 11.3268 11.9882 12.8074 11.3805 9.5362 11.9477 12.3718 11.1627 10.5108 11.0245 10.9302 12.0882 12.3292 11.2305 13.7866 17.1871 17.5920 20.2802 20.7930 13.9404 21.2070 19.2241 12.6333 12.0875 21.4522 16.9874 17.2966 19.6688 17.2739 13.9697 12.4807 18.0674 13.7007 17.8877 18.6043 11.3810 19.3588 16.4293 15.6020 13.8486 13.0772 19.9074 13.8603 21.2714 21.4415 24.0007 21.9279 22.8887 21.1124 20.7419 23.9765 21.7787 24.1455 22.5755 21.0735 22.6278 22.5027 23.4253 19.4072 21.1916 24.6864 23.6530 23.1128 22.5953 21.4075 22.2269 21.4871 24.8147 22.3161 24.8835 22.7117 23.4397 24.9498 26.1971
8.6801 5.4425 5.7072 6.1403 6.5556 5.6914 3.3209 6.6734 6.5467 4.5271 4.9276 9.8233 9.9367 6.6528 5.0462 4.9718 5.5412 4.4684 0.0000 7.6473 5.6152 6.3594 8.2088 5.8632 5.3159 6.6585 6.9956 4.8067 9.1369 6.5218 28.8495 30.5918 30.1158 29.4624 29.5602 30.1648 28.8024 30.4004 30.5453 29.7246 28.0845 30.5835 29.7452 29.0473 29.4759 29.6615 28.8014 29.2235 29.2097 28.7349 29.7240 28.7188 28.4816 28.6906 29.0165 29.5691 28.6975 28.6561 31.9701 30.0305 11.5394 9.3191 10.0732 10.0901 10.3459 9.6198 9.9677 11.2695 9.3182 12.3253 9.7371 12.6626 12.9917 11.7028 10.3699 9.9029 10.8642 11.2889 12.1630 10.6327 9.9963 11.3797 11.5086 10.5987 9.9910 10.1749 10.3142 11.1488 11.6851 11.1039 13.7128 16.8016 17.8196 20.2118 20.5420 13.5139 21.3609 19.1268 12.4623 12.4301 21.3923 16.7691 16.6793 19.1748 17.1687 13.6825 11.8159 17.7272 13.5926 17.7320 18.0746 11.1487 18.9424 16.0655 15.3669 13.7698 12.4944 19.5759 13.4990 21.0206 20.9643 23.6752 21.6219 22.5553 20.6761 20.4255 23.6172 21.4178 23.7622 22.1729 20.7023 22.0183 22.0478 22.9589 19.1572 20.5712 24.1994 23.2128 22.6320 22.3165 21.0773 21.8653 21.2079 24.4595 21.8098 24.3809 22.2324 23.0600 24.6044 25.7774
4.7030 7.3520 7.2215 5.3459 4.1871 7.9454 7.2016 9.3267 6.5661 5.4258 4.8054 5.7823 4.8421 10.2117 5.9948 4.9364 6.9591 6.5756 7.6473 0.0000 10.6009 4.7997 11.1388 6.1371 4.9329 5.2831 7.3107 5.8993 5.0669 7.7031 29.1660 30.8320 30.4602 29.7239 30.0552 30.4836 29.1026 30.5783 30.6411 29.7279 28.2029 30.7632 30.2468 29.4110 29.7852 29.8784 29.3946 29.4355 29.3215 28.8149 30.0764 29.0211 28.9452 28.9383 29.1849 29.8819 29.0802 29.0585 32.1748 30.2504 14.1033 12.0198 12.9691 13.3483 14.1501 13.2479 14.1974 14.8585 11.7517 16.5944 13.8752 16.7079 17.3183 14.9296 13.3987 12.5986 13.0122 14.7615 16.2348 14.3821 9.2496 14.7403 15.1781 13.6197 13.6220 14.0694 13.3232 15.2170 15.4306 11.6520 16.8608 19.5977 19.3756 22.0393 22.9119 17.2793 22.0018 21.0897 15.8418 14.8487 22.5932 19.5638 20.1693 22.3138 19.9087 16.8816 16.2812 20.2309 17.0585 19.8702 21.2693 14.9944 21.6156 19.4327 18.3897 16.8119 16.2642 22.2592 16.8180 23.3674 23.7879 25.6643 23.9007 24.7531 23.1718 22.9582 25.6767 23.8676 25.9047 24.7653 23.2696 25.0796 24.4528 25.5546 21.8844 23.7255 26.2229 25.5753 25.2798 24.5334 23.2719 24.2617 23.4465 26.3813 24.3816 26.5733 24.6441 25.2543 26.5291 27.8965
11.1665 5.4409 6.1917 7.4904 8.8521 5.3364 5.1387 5.8935 7.9119 7.2255 8.6530 13.6947 13.0222 4.6278 6.5474 8.1131 7.3528 6.6057 5.6152 10.6009 0.0000 8.2049 7.5158 7.3831 8.2094 10.3162 8.2460 7.0680 11.8100 10.4116 27.7608 29.6248 28.9358 28.3612 28.3330 29.0544 27.7501 29.3585 29.5562 28.7110 27.2080 29.6069 28.5580 27.9500 28.4511 28.6198 27.5785 28.2125 28.1807 27.8121 28.6326 27.6899 27.2366 27.5849 28.0297 28.4846 27.5185 27.4987 30.9540 28.8786 9.7688 7.5565 7.9355 8.0690 7.5977 7.0428 6.9062 8.8738 7.4524 9.3713 6.9969 9.9009 10.4778 9.3831 8.6546 7.8201 9.4092 9.3081 9.5279 8.0631 10.4059 8.9079 9.1867 8.5480 7.4391 7.6017 8.2100 8.1495 9.2462 10.3964 11.6073 14.5885 16.3225 18.4180 18.5939 10.9372 20.1406 17.1398 10.0436 10.8103 19.7743 14.4674 14.1482 16.9003 14.9052 11.5158 9.1886 15.3920 11.3381 16.1758 15.8679 8.4624 16.8825 13.5847 13.3874 11.3618 9.9401 17.6472 11.0590 18.9874 18.7344 21.8989 19.6078 20.6265 18.7832 18.3121 21.8482 19.2713 21.9607 19.9500 18.7344 19.8103 20.2442 20.9132 16.9563 18.2853 22.4679 21.2452 20.4487 20.3045 19.1227 19.8735 19.2607 22.7142 19.7543 22.6182 20.2477 21.1699 22.8237 24.0678
4.3146 5.0651 4.1191 3.7589 4.0047 5.2809 5.4831 7.0679 3.9518 4.5659 4.5160 7.6003 6.6039 6.7881 4.2167 4.9211 4.7381 5.3891 6.3594 4.7997 8.2049 0.0000 8.8131 4.3074 4.0200 6.1729 6.0336 3.8786 6.2621 7.5052 27.4421 29.1788 28.8307 28.1771 28.3317 28.8580 27.3068 28.9588 29.0444 28.0597 26.2943 29.1126 28.5549 27.6877 27.9529 28.3051 27.6653 27.6929 27.6340 27.1922 28.3672 27.4148 27.1751 27.2580 27.4906 28.1732 27.2752 27.2841 30.6605 28.5184 11.7109 9.5503 10.5199 10.4910 11.7440 10.7229 11.6834 12.1641 9.2565 13.9045 11.2092 14.1504 14.8414 12.3148 10.9772 9.9544 10.3679 12.3364 13.5479 11.7202 7.5204 12.1259 12.6497 10.9596 10.6673 11.4049 10.6303 12.4689 12.7085 9.3752 14.3420 17.4049 17.2172 20.0855 20.9565 14.5874 20.5260 19.1142 13.1654 12.1817 20.8588 17.3142 17.8659 20.1494 17.4624 14.1619 13.4147 18.0168 14.1882 17.8792 19.0997 12.1636 19.6169 16.8937 15.7292 14.0202 13.8095 20.2509 14.2225 21.3059 21.5391 23.7813 21.7540 22.6102 20.8990 20.6165 23.7129 21.6463 23.8801 22.5616 20.9588 22.9738 22.3830 23.4883 19.3499 21.4973 24.4175 23.5775 23.1700 22.3709 21.1141 22.0812 21.1902 24.4340 22.2992 24.6585 22.6046 23.2338 24.6501 26.0880
10.9410 7.8831 7.2731 8.0017 9.3556 7.2579 7.9926 8.4598 8.9895 8.7792 9.8156 13.3127 12.6909 7.0578 8.2141 9.8414 8.8543 8.7552 8.2088 11.1388 7.5158 8.8131 0.0000 9.0990 9.4225 11.2803 6.9819 8.5785 12.0790 11.6986 26.4896 28.2340 27.7956 27.1599 27.2015 27.7974 26.4137 28.0573 28.3016 27.3818 25.6868 28.2850 27.2972 26.6839 27.0745 27.2636 26.3419 26.9053 26.9223 26.4263 27.4403 26.2407 26.1477 26.2899 26.6231 27.2456 26.3899 26.3059 29.6459 27.6887 6.3551 6.3889 6.2463 5.4731 5.8741 6.0747 6.9293 6.1804 6.1667 7.2596 6.5134 7.9682 8.0536 5.8514 6.7316 6.5939 5.5723 6.7115 7.5520 5.9793 6.9516 6.4595 5.7911 5.2282 5.5729 6.5595 5.2767 6.7171 6.3555 6.5398 10.8545 14.3084 14.9092 17.4084 17.5463 10.8972 21.4770 16.4187 9.5864 10.3955 19.6819 14.3411 16.3662 16.1173 14.6575 10.2764 8.5812 15.6552 12.1032 15.2157 15.1059 11.6337 16.2270 14.2035 12.0633 13.7023 9.6675 16.5973 10.4566 18.6396 17.7447 20.7675 18.3865 19.4545 17.3681 17.4645 20.7125 18.1599 20.6856 19.0564 17.3925 18.7306 18.8512 20.0052 15.8607 17.2110 21.2321 20.2238 19.5687 19.1355 17.9211 18.6883 18.0972 21.5911 18.6946 21.4044 19.0565 20.0432 21.7062 23.0212
6.0157 4.7704 5.3484 5.4627 5.0985 5.1757 4.5660 5.6741 3.9882 4.8492 5.3120 8.9284 7.6300 6.7287 5.2392 4.9996 4.3651 4.9570 5.8632 6.1371 7.3831 4.3074 9.0990 0.0000 4.2755 6.6045 6.5070 3.8639 6.9982 6.6421 26.5823 28.2799 27.8876 27.2263 27.3529 27.9290 26.4811 28.0214 28.1488 27.2679 25.6809 28.2374 27.5743 26.7802 27.1532 27.3808 26.6533 26.8720 26.8140 26.3453 27.4329 26.4830 26.2739 26.3595 26.6428 27.2921 26.4230 26.3952 29.7079 27.6881 12.5466 10.5264 11.1151 10.7629 11.4244 11.0279 11.5300 12.4585 9.7889 13.5125 11.0308 13.9305 14.1125 12.3474 11.5266 10.6484 11.2604 12.7741 13.5772 12.0017 9.2094 12.2879 12.6586 11.4373 10.3568 11.5032 11.1992 12.2277 12.5187 10.6044 13.0451 15.8237 15.8865 18.6762 19.3255 13.1428 19.0119 17.6649 11.8425 11.2826 19.3835 15.6471 16.1378 18.5935 16.0281 12.9537 12.2846 16.5618 12.7805 16.3416 17.5137 10.6606 17.9567 15.2331 14.4622 12.5867 12.2857 18.5859 12.9526 19.6934 20.2134 22.4190 20.4650 21.3721 19.7242 19.4009 22.4062 20.3950 22.5504 21.2488 19.7143 21.5528 21.0597 22.0955 18.2091 20.1158 23.0975 22.1848 21.7860 21.0781 19.9261 20.8026 19.9778 23.1280 20.9612 23.2988 21.2878 21.9191 23.3352 24.7013
5.6730 5.0647 5.3246 5.1810 4.0689 6.0324 4.9624 7.8329 4.7786 3.9766 3.2974 7.3013 6.7290 7.7397 4.1488 3.8860 4.7875 4.8130 5.3159 4.9329 8.2094 4.0200 9.4225 4.2755 0.0000 4.7036 6.1822 4.1657 6.8536 6.3398 28.4939 30.2327 29.8555 29.2002 29.3062 29.8829 28.3534 30.0103 30.1157 29.1936 27.4041 30.1590 29.5624 28.7067 28.9970 29.3692 28.6496 28.7874 28.7312 28.2852 29.3912 28.4403 28.1479 28.2999 28.5930 29.2218 28.3482 28.3322 31.6690 29.5783 12.1975 10.1289 11.0927 11.1201 12.0737 11.1363 11.8878 12.7071 9.9322 14.1818 11.4567 14.3531 15.2265 12.9943 11.2948 10.6745 11.2855 12.5237 13.6844 12.1517 8.5913 12.5537 13.1307 11.5124 11.1376 11.6244 11.3207 12.9772 13.0481 10.6171 14.6887 17.9212 18.0950 20.8886 21.5583 15.0602 21.3726 19.8538 13.8452 12.8781 21.7080 17.9244 18.2824 20.7141 18.2472 14.9054 13.5922 18.7209 14.6104 18.5437 19.6511 12.5976 20.2929 17.5135 16.4650 14.6366 14.2759 20.7813 14.9744 21.8861 22.0670 24.4586 22.4750 23.2428 21.3916 21.1684 24.4376 22.2851 24.4939 23.1607 21.4796 23.4265 22.9908 24.0180 19.9934 21.9273 25.0807 24.1367 23.6587 23.0771 21.8226 22.6953 21.8444 25.0827 22.8582 25.2466 23.1936 23.8387 25.3810 26.6647
6.7617 7.3447 8.2112 6.9047 6.4824 8.5446 6.6396 9.9465 7.5616 4.4861 4.1856 7.3907 6.2880 10.2861 5.4694 4.8967 6.3177 5.3020 6.6585 5.2831 10.3162 6.1729 11.2803 6.6045 4.7036 0.0000 7.2536 5.8498 6.2448 5.9444 30.2759 32.0090 31.6185 30.9319 31.1259 31.6724 30.1631 31.7858 31.8432 30.9608 29.2565 31.9519 31.3593 30.5175 30.8425 31.1234 30.4930 30.5529 30.4976 30.0139 31.1902 30.2398 30.0180 30.0851 30.3753 31.0317 30.1607 30.1724 33.4220 31.4020 14.3723 11.8661 13.1054 13.1136 13.9508 12.9918 13.6436 14.7769 11.8782 16.2371 13.2803 16.2933 16.9815 14.9761 12.8451 12.7426 13.4938 14.3946 15.6750 14.2095 10.1383 14.6389 15.2346 13.7202 13.4286 13.6424 13.4560 15.0263 15.2660 12.7671 16.6839 19.8217 19.9625 22.7580 23.4681 17.1588 23.0849 21.7426 15.8002 14.6780 23.5876 19.8341 20.2168 22.5519 20.2255 16.9952 15.6797 20.7434 16.7191 20.3019 21.4743 14.8256 22.0721 19.5878 18.5472 16.9499 16.2443 22.6191 16.9424 23.8911 24.0128 26.2554 24.3872 25.1894 23.4636 23.2089 26.2032 24.2463 26.4406 25.0723 23.5052 25.2390 24.8383 25.8385 22.0211 23.8292 26.8527 26.0004 25.5784 25.0142 23.7297 24.6609 23.8319 27.0063 24.7198 27.0896 25.0804 25.7372 27.1614 28.4385
7.5578 6.0483 6.6636 6.3352 6.6737 6.3542 6.0244 8.2339 6.3330 6.1233 6.4444 10.2292 9.1997 7.8126 5.8538 6.3546 6.4156 6.0693 6.9956 7.3107 8.2460 6.0336 6.9819 6.5070 6.1822 7.2536 0.0000 5.8755 8.0495 8.3778 27.1801 29.0499 28.5950 27.9506 27.9976 28.5581 27.0802 28.8345 28.9289 27.8744 26.1863 28.9320 28.2363 27.4442 27.7805 28.0931 27.2828 27.4465 27.4411 27.1951 28.1509 27.1935 26.7781 27.0174 27.2881 27.9290 26.8751 26.9459 30.5574 28.2126 9.6592 7.9359 8.2747 8.4747 9.1764 8.3087 9.2073 9.8898 7.0711 11.3270 8.7993 11.3809 12.6316 10.1944 8.6674 8.1257 8.9105 9.8039 10.9760 9.4371 6.9657 9.7552 9.9816 8.9153 8.9226 9.4209 8.6610 10.5202 10.3621 8.5495 12.1726 16.1293 16.0714 18.8825 19.4924 12.8056 21.1034 17.6637 11.5742 10.2898 20.3970 16.0268 17.8913 18.6504 15.9037 12.7098 11.4539 17.1924 13.0398 16.4100 17.5658 11.9935 18.3783 16.0427 14.3691 14.0762 11.7543 18.6545 12.9159 20.1453 20.0846 22.8279 20.5003 21.4848 19.8777 19.3850 22.8029 20.2412 22.8996 21.1585 19.8103 21.5006 21.3569 22.2842 17.8164 19.9458 23.5206 22.4534 21.7918 21.1833 19.9402 20.8947 20.0868 23.5556 21.0450 23.7399 21.4581 22.2639 23.7630 25.1946
5.9844 3.8989 4.6205 4.4374 5.1193 4.3997 3.7562 6.2203 4.1599 4.2780 4.5533 8.8018 7.6525 5.9638 4.4967 4.2035 3.6546 3.7008 4.8067 5.8993 7.0680 3.8786 8.5785 3.8639 4.1657 5.8498 5.8755 0.0000 6.3888 6.1809 27.5351 29.1936 28.8020 28.2107 28.2943 28.8595 27.4618 28.9684 29.0918 28.2378 26.6400 29.1756 28.4733 27.7258 28.0724 28.3389 27.5443 27.8187 27.7992 27.3482 28.3554 27.4557 27.2357 27.3293 27.6203 28.2230 27.3553 27.3600 30.6403 28.6414 12.1503 9.7226 10.5168 10.2860 11.1136 10.4384 11.0836 12.0670 9.3305 13.1995 10.6185 13.6480 14.0071 12.2039 10.9504 10.2049 10.7146 12.2352 13.1367 11.4817 8.6632 11.8614 12.2563 10.9948 10.2087 11.0576 10.7298 12.1302 12.3263 10.3338 13.5007 16.4956 16.6899 19.4353 19.9972 13.4275 20.1025 18.4212 12.1970 11.5770 20.3769 16.3528 16.6715 18.9511 16.6069 13.3535 12.3221 17.3267 13.2638 17.0740 17.9291 11.0718 18.5923 15.7488 14.8878 13.2303 12.7621 19.1483 13.3149 20.3937 20.7896 23.1623 21.1987 22.1177 20.4065 20.1034 23.0816 21.0435 23.2312 21.9163 20.3539 21.9798 21.6167 22.7335 18.8164 20.5945 23.7793 22.8682 22.4553 21.8090 20.6774 21.4346 20.7068 23.8860 21.6192 23.9591 21.9600 22.5948 24.0434 25.2707
5.2818 7.9892 8.8694 6.8549 6.4912 8.5868 8.5542 9.6438 7.3764 6.5432 6.3505 7.8798 5.0592 10.7127 7.3088 6.7155 6.8578 7.0020 9.1369 5.0669 11.8100 6.2621 12.0790 6.9982 6.8536 6.2448 8.0495 6.3888 0.0000 7.8185 28.4312 30.0313 29.7077 28.9299 29.2971 29.6759 28.3761 29.7231 29.8063 28.8864 27.5247 29.9133 29.4582 28.6889 28.9978 29.0716 28.6191 28.6241 28.5291 27.9979 29.2558 28.1983 28.2545 28.1828 28.3434 29.0897 28.2892 28.2718 31.3434 29.4936 15.8545 13.7095 14.5594 14.4234 15.1992 14.6841 15.3455 16.2335 13.1906 17.4839 14.9485 17.8149 17.9179 15.9081 14.7815 14.2167 14.4485 16.2389 17.4249 15.7727 10.6899 15.9406 16.3602 14.8914 14.4280 15.4683 14.7669 16.3065 16.3438 13.1207 16.7831 19.2578 18.5978 21.3890 22.3138 17.1882 21.1544 20.5970 15.6368 14.5266 21.9064 19.0907 19.8559 21.8641 19.4480 16.7031 16.5416 19.8806 16.7022 19.2066 20.8967 15.0465 21.0918 19.0629 18.0115 16.5119 16.4090 21.7128 16.5933 22.7875 23.5037 25.1069 23.4360 24.3495 22.9475 22.6780 25.1351 23.5921 25.4271 24.4469 22.9469 24.7711 23.9763 25.1349 21.6122 23.5133 25.7605 25.1552 24.9702 24.0794 22.9033 23.8582 23.0773 25.9024 24.0595 26.1220 24.2819 24.8168 25.9520 27.3654
7.9105 8.0306 8.6594 8.7032 7.9824 8.6922 6.6489 9.1389 7.3137 6.1742 5.1743 7.8260 8.9639 10.0336 7.6725 5.8605 6.1749 6.2034 6.5218 7.7031 10.4116 7.5052 11.6986 6.6421 6.3398 5.9444 8.3778 6.1809 7.8185 0.0000 28.4296 30.0293 29.7161 29.0342 29.1900 29.6414 28.3876 29.8061 29.9329 29.0577 27.6086 29.9625 29.3012 28.6313 28.9482 29.1438 28.4428 28.6695 28.6781 28.2325 29.1936 28.2580 28.1665 28.3007 28.4591 29.0769 28.2222 28.2436 31.3894 29.5094 15.2391 13.0544 13.7885 13.3906 14.0695 13.6745 14.0169 15.0373 12.6609 15.9640 13.5593 16.3282 16.4221 15.0377 13.9450 13.4421 14.0734 15.1101 15.9491 14.5438 11.8338 14.9098 15.1578 14.1709 13.3033 14.2579 13.9392 15.0381 14.9864 13.4508 15.3204 18.2395 18.2513 20.8828 21.3593 15.5214 21.1749 19.9940 14.4467 13.6363 21.7240 18.0390 18.4028 20.6550 18.3110 15.5490 14.6101 19.1680 15.2056 18.3889 19.5696 13.1629 20.1196 17.5044 16.8399 15.1352 14.7756 20.5067 15.5400 21.8715 22.2393 24.3279 22.5416 23.4405 21.9158 21.5689 24.3099 22.5185 24.4728 23.3228 21.8446 23.3755 22.9721 24.0396 20.4082 22.1122 24.9649 24.1486 23.8232 23.1653 22.0331 22.8346 22.1746 25.0821 22.9880 25.1996 23.3018 23.9011 25.2023 26.3870
27.2656 27.6506 27.1161 27.9521 28.4575 26.4931 28.0897 25.6966 26.1678 28.7501 29.0769 30.1377 29.3741 26.0486 28.5511 29.4848 26.8869 28.6776 28.8495 29.1660 27.7608 27.4421 26.4896 26.5823 28.4939 30.2759 27.1801 27.5351 28.4312 28.4296 0.0000 4.3767 4.6704 5.7723 3.5444 6.0774 3.4378 5.1506 4.2513 4.7536 7.1154 4.7145 6.3206 2.3464 3.9874 6.6573 5.7532 2.6993 3.5894 3.6061 3.5204 7.7762 4.0664 3.7126 3.8795 4.5938 4.9158 4.4329 7.6699 4.7259 27.7015 28.1057 27.1155 25.7337 26.0198 27.4679 27.1416 26.7022 26.6645 25.9663 26.5674 26.5966 25.0461 24.8400 27.5325 26.5510 26.2822 28.1992 27.6832 27.1702 26.6844 26.2681 26.1658 26.1620 24.6739 27.0894 26.5111 25.6855 25.4447 25.4186 20.0296 17.5754 15.1655 14.3175 16.1461 20.4408 16.0490 15.7405 20.4412 20.6217 14.4785 17.5103 19.7511 18.0737 16.8363 19.7374 22.8021 17.4545 19.8221 15.7289 18.2394 22.0311 17.4314 18.1137 18.1577 19.8413 21.3639 16.9425 19.8433 15.2151 15.2069 13.5833 13.2940 12.2730 14.7317 13.5596 12.6788 13.3149 13.3487 13.5920 14.6148 17.3237 14.7876 14.3748 14.5812 16.6721 14.9305 14.2633 14.5218 12.4223 13.1556 13.5298 12.4945 11.9476 14.6243 14.3295 14.8865 13.6910 13.6044 15.4303
28.8733 29.4360 28.8212 29.6396 30.1302 28.2367 29.8444 27.4455 27.8818 30.5483 30.8246 31.6163 30.8713 27.8302 30.3908 31.2199 28.5810 30.4553 30.5918 30.8320 29.6248 29.1788 28.2340 28.2799 30.2327 32.0090 29.0499 29.1936 30.0313 30.0293 4.3767 0.0000 4.5659 6.9173 4.3802 6.0349 5.6614 3.9360 3.8742 5.6947 8.4161 4.0369 6.2356 3.8177 4.4954 6.6728 5.5608 4.6339 5.7307 4.5258 3.5381 7.8123 6.6055 5.2735 4.9545 4.8623 7.0253 6.2335 6.0882 6.1559 29.7258 30.0822 29.1215 27.6471 27.9736 29.4837 29.2225 28.7015 28.6864 27.8794 28.6297 28.6315 26.9017 26.8557 29.5669 28.5938 28.0978 30.2327 29.7497 29.1681 28.4484 28.2507 28.0359 28.1226 26.5939 29.0916 28.4562 27.7030 27.4200 27.1753 22.0863 19.1557 16.7557 15.7596 17.0947 22.2117 17.3821 17.4624 22.3549 22.6612 15.9168 19.2253 21.1150 19.0334 18.7841 21.5255 24.6241 19.2223 21.7951 17.3253 19.4030 23.9030 18.5842 19.5719 19.8198 21.7202 23.2492 17.9952 21.6213 16.3611 16.6842 14.3875 14.8830 13.8705 16.0451 15.5291 13.3779 14.9848 13.8354 15.3661 15.9967 18.0651 15.2572 15.4955 16.6302 17.9554 15.2962 15.2278 15.9256 13.8043 15.1261 14.6142 14.1077 12.6866 16.0063 14.5875 16.0511 14.5700 14.1446 15.1577
28.6050 28.9772 28.4627 29.2540 29.8206 27.7598 29.3236 26.7361 27.5705 30.0597 30.4206 31.4000 30.6011 27.3312 29.8878 30.7776 28.0713 29.9869 30.1158 30.4602 28.9358 28.8307 27.7956 27.8876 29.8555 31.6185 28.5950 28.8020 29.7077 29.7161 4.6704 4.5659 0.0000 5.1858 2.6167 5.4669 6.0766 4.2745 3.2206 5.9979 10.2495 5.6873 4.8246 3.5890 6.3908 5.8551 5.1166 5.9096 5.7439 4.7399 3.1842 7.2726 6.0241 4.5094 5.7065 5.4347 7.0625 6.2115 5.5604 6.0699 29.2166 29.4933 28.5248 27.1337 27.2152 28.8438 28.4917 28.1391 28.0578 27.1862 27.9601 27.8636 26.1410 26.1477 28.9632 27.9889 27.6568 29.6759 29.1499 28.5624 28.1211 27.6051 27.4543 27.5818 26.0049 28.4388 27.9548 27.0086 26.7759 26.7860 21.3216 18.1686 16.2607 14.6132 16.0780 21.5271 16.0060 16.1648 21.6064 22.1042 14.3118 18.1793 20.0638 18.0468 18.0035 20.9686 24.0549 17.6400 21.0778 16.4000 18.5271 23.2059 17.5295 18.7184 19.1406 20.9175 22.4627 17.0567 20.7937 15.1481 15.4342 12.7968 13.4767 12.6544 15.3127 14.4382 12.0797 13.8457 12.8610 13.9681 15.2026 16.9890 14.5553 14.1949 15.8919 16.8441 13.9441 13.7631 14.5152 12.6121 13.7351 13.6093 13.4305 11.4161 14.6638 13.7456 14.6247 13.2700 12.5878 14.1180
27.9100 28.3715 27.9146 28.5604 29.1349 27.1772 28.6574 25.8312 26.9844 29.3351 29.7457 30.6760 29.8430 26.8293 29.2319 30.0977 27.3850 29.3614 29.4624 29.7239 28.3612 28.1771 27.1599 27.2263 29.2002 30.9319 27.9506 28.2107 28.9299 29.0342 5.7723 6.9173 5.1858 0.0000 5.1223 4.3818 7.8312 4.8006 5.8218 6.2312 11.6693 6.3969 4.2495 5.7552 7.8236 3.2255 4.9878 7.2106 5.5252 5.7121 5.4138 4.5321 6.1359 6.5388 5.0362 5.8147 6.6713 5.8751 5.2254 6.4427 28.6922 28.9582 28.0406 26.6889 26.6341 28.3278 27.9282 27.6278 27.4549 26.7151 27.4168 27.4540 25.3279 25.4627 28.4443 27.5404 27.1416 29.1838 28.7257 28.0555 27.5130 27.1670 26.9475 27.1246 25.4636 27.9524 27.4421 26.3698 26.2251 26.2444 21.0850 17.8890 16.0511 14.3188 15.7525 21.1393 15.7477 15.7116 21.0915 21.9151 13.5711 17.6695 19.8510 17.9244 17.7364 20.5710 23.7177 17.1120 20.9411 16.0255 18.1496 22.8032 17.0405 18.4240 18.8950 20.5870 21.8001 16.6938 20.2511 15.1539 14.9834 12.1067 12.6227 12.3347 15.3716 14.3470 11.9779 13.7295 12.6061 13.7086 15.1501 16.6684 14.3314 14.0001 15.8334 16.3891 13.1648 13.4179 14.3019 12.4263 12.6416 13.6425 13.5146 11.2049 14.2059 13.5594 13.8684 12.8951 11.8485 14.1807
