0.0000 6.4429 4.9631 6.6940 4.3299 9.0507 4.1765 8.0096 4.3489 5.4458 5.1936 6.6339 6.1331 8.2339 5.7500 4.2097 4.2190 6.3136 5.7416 5.1166 7.6868 4.5873 11.1715 4.5993 3.8956 4.4247 8.3456 5.7329 6.8073 6.4894 22.0084 21.8316 20.8991 21.8021 21.1097 21.9502 20.9243 21.3681 21.4642 21.7866 20.6020 21.1958 22.3050 21.5330 20.9981 22.1704 22.0428 21.4673 21.3144 21.1850 21.2616 21.8371 20.5817 21.4147 21.3725 21.2183 20.5491 20.3197 22.2243 21.2597 16.6094 13.3040 14.6059 16.2013 15.5096 14.0703 16.5419 15.9168 13.6159 19.2643 14.7131 16.6146 21.0234 19.8448 15.5741 12.6813 16.4211 16.7213 18.0179 15.9405 13.5144 16.4829 18.7870 17.5447 16.5454 14.4087 15.6566 18.2951 18.3598 15.2685 14.0476 16.2199 19.6078 19.2357 19.8185 15.5248 13.1326 18.9978 16.7378 10.9047 19.4179 18.4911 14.4815 18.9398 16.6189 17.3183 17.9354 15.7217 12.1332 19.2206 19.8460 11.5397 19.1859 15.4623 17.0124 12.2265 15.6810 19.0973 16.8247 17.8416 20.9660 22.1207 21.7641 21.7808 21.6992 20.1940 21.6749 21.7696 21.9323 20.9104 21.3838 22.4054 21.6132 20.8814 20.1469 22.0554 22.1612 21.8922 21.1607 21.7923 21.8809 21.7988 20.4173 21.6297 21.7151 21.9662 21.8441 21.7767 21.8725 22.2596
6.4429 0.0000 4.4838 4.7572 5.9414 6.0622 5.2877 5.8193 6.3840 4.4488 8.6205 10.3589 9.5578 4.4163 4.8418 7.1397 5.3951 5.2825 6.7073 7.0753 3.4022 4.9751 8.6421 6.0362 6.2976 7.2043 8.6037 6.1333 8.6150 8.5174 19.4338 19.3470 18.2778 19.1894 18.4695 19.3794 18.3676 18.8364 18.8962 19.2543 18.0952 18.7088 19.7479 18.9691 18.4793 19.5667 19.4637 18.9405 18.6771 18.6274 18.6278 19.3074 17.9962 18.9339 18.8517 18.6728 17.8758 17.6670 19.6804 18.6730 14.2878 10.3953 12.1403 13.7860 12.9991 11.4646 13.7692 12.9195 10.7822 16.6522 11.4645 13.8518 18.3778 17.2260 13.3440 10.0889 13.7452 14.0972 15.3534 13.3436 12.0526 13.8069 16.5349 15.2902 13.7377 11.9182 12.9010 15.2462 15.8467 12.7363 11.2988 12.9584 16.9416 16.4466 16.9803 12.4433 8.9520 15.9258 13.4449 8.5368 16.5377 15.4293 10.5482 16.0945 13.6512 14.2325 14.9965 12.2983 8.8296 16.4333 17.0370 7.9784 16.1627 11.7509 13.8800 8.3156 12.2373 16.2099 13.5362 14.7090 18.2998 19.5477 19.1633 19.2211 19.1658 17.5287 19.0814 19.1891 19.3857 18.1591 18.8734 19.8560 19.1088 18.2588 17.5066 19.4797 19.6337 19.2717 18.5420 19.2446 19.2772 19.2275 17.8444 19.0644 19.0996 19.4052 19.2771 19.1942 19.2626 19.6686
4.9631 4.4838 0.0000 5.2852 5.5374 7.3960 4.7003 5.8250 4.8348 5.1037 6.9735 8.7817 8.0820 5.9357 4.8134 5.7550 4.3572 5.9526 5.4236 6.0225 5.3267 4.0733 9.7212 5.4456 5.1022 5.8853 7.8964 5.7197 7.3522 7.4926 20.0600 19.9497 18.9264 19.8335 19.1067 20.0210 19.0134 19.4623 19.5246 19.8856 18.6894 19.3380 20.3690 19.6073 19.0976 20.2016 20.0981 19.5229 19.3268 19.2420 19.2627 19.9121 18.6169 19.5396 19.4568 19.2980 18.5374 18.3062 20.2913 19.2957 14.7110 11.0501 12.5524 14.0544 13.4328 11.9774 14.3481 13.7179 11.4046 17.2131 12.3490 14.6084 19.0317 17.7975 13.8435 10.5965 14.3194 14.6082 15.9599 13.9834 11.8721 14.3457 17.0036 15.7549 14.4378 12.4737 13.4955 15.9984 16.3578 13.1646 11.8516 13.9268 17.6454 17.1415 17.8111 13.2756 10.6873 16.7739 14.3793 9.2313 17.2514 16.2080 11.6630 16.8292 14.4578 15.0874 15.7042 13.2596 9.7467 17.1222 17.7421 8.7874 16.9601 12.8028 14.6771 9.5036 13.7573 16.8964 14.3853 15.5432 18.9610 20.1765 19.8023 19.8400 19.7853 18.1816 19.7255 19.8372 20.0073 18.8513 19.4916 20.4634 19.7097 18.8909 18.1538 20.1126 20.2398 19.9240 19.1713 19.8693 19.9092 19.8745 18.4543 19.6862 19.7551 20.0202 19.8974 19.8259 19.9144 20.3049
6.6940 4.7572 5.2852 0.0000 6.1071 6.3499 6.8116 6.4446 7.5544 6.3846 9.1225 10.5005 9.8539 4.6603 6.4291 7.9959 6.5028 6.8912 7.3843 8.3759 4.6147 6.2567 8.9693 7.6647 7.1624 7.2564 9.6183 7.0776 9.0033 10.0207 19.9664 19.8188 18.8074 19.7310 19.0084 19.9053 18.8930 19.3292 19.4292 19.7754 18.6063 19.2108 20.2623 19.5039 19.0235 20.0939 20.0010 19.4203 19.2328 19.1373 19.1657 19.8020 18.5671 19.3832 19.3297 19.2137 18.4553 18.2205 20.1858 19.1950 14.6334 11.0206 12.4627 14.1681 13.3323 12.1968 14.2576 13.4476 11.1848 17.1748 12.3341 14.5124 18.9206 17.6799 13.7220 10.5878 14.2474 14.5945 15.8605 13.7696 12.1409 14.3120 16.8532 15.5745 14.3160 12.4892 13.3256 15.8464 16.2826 13.2246 12.0344 13.8369 17.3901 17.0480 17.5305 13.2546 10.1844 16.5805 14.1385 9.6729 17.2085 16.0936 11.5685 16.6150 14.2557 14.8913 15.6743 13.1474 9.5759 16.9503 17.6387 9.3664 16.7892 12.5185 14.5902 9.5832 13.0620 16.8098 14.2119 15.4052 18.8684 20.0704 19.6952 19.7655 19.6859 18.1315 19.6103 19.7198 19.8909 18.7413 19.3838 20.3580 19.6474 18.7951 18.0986 20.0138 20.1245 19.8229 19.1019 19.7670 19.8052 19.7759 18.3217 19.5792 19.6423 19.9048 19.7927 19.7289 19.8154 20.2005
4.3299 5.9414 5.5374 6.1071 0.0000 8.1049 5.6504 8.8922 5.9878 5.4906 6.8045 8.1084 6.9215 7.5473 5.6035 5.8355 6.2461 6.1008 6.8775 6.2989 7.1725 5.1611 10.5940 6.0274 4.9846 5.7880 8.2354 6.8036 7.5674 8.5722 21.6217 21.4385 20.5355 21.4217 20.7341 21.5612 20.5627 21.0019 21.0915 21.4123 20.2271 20.8269 21.9257 21.1622 20.6115 21.7812 21.6656 21.0764 20.9424 20.8210 20.8779 21.4455 20.2137 21.0595 20.9865 20.8319 20.1732 19.9310 21.8332 20.8800 16.2100 12.9717 14.2373 15.7733 15.1194 13.6565 16.1150 15.4172 13.1778 18.8593 14.3127 16.2887 20.6337 19.4092 15.3451 12.3359 15.9372 16.3704 17.6161 15.5187 13.3197 16.1010 18.4204 17.1984 16.1630 14.1285 15.1795 17.8385 18.0043 14.9259 13.8334 15.8588 19.2084 18.8574 19.3769 15.2590 12.7943 18.5439 16.2460 10.6351 19.0589 18.0365 14.0191 18.5306 16.1827 16.8817 17.4855 15.2988 11.7127 18.8004 19.4191 11.3836 18.7359 14.9494 16.5863 11.7648 15.1457 18.6703 16.3665 17.4135 20.5757 21.7395 21.3776 21.3880 21.3067 19.8208 21.2961 21.3850 21.5328 20.5016 21.0186 21.9934 21.2361 20.4950 19.7566 21.6583 21.7654 21.5024 20.7971 21.4177 21.4825 21.4228 20.0222 21.2328 21.3182 21.5531 21.4573 21.3981 21.4919 21.8666
9.0507 6.0622 7.3960 6.3499 8.1049 0.0000 8.5789 8.0376 9.3959 7.9530 11.4167 12.7016 12.0380 4.1078 8.0489 10.1609 8.7958 8.5333 7.7621 10.0922 5.8634 8.4159 9.4667 9.3689 9.2551 9.9474 10.8945 7.3748 10.1467 11.4712 17.8989 17.7911 16.7248 17.6277 16.9288 17.8218 16.8280 17.2736 17.3810 17.7176 16.5355 17.1787 18.2294 17.4566 16.9485 18.0130 17.9335 17.3763 17.1250 17.1301 17.0709 17.7936 16.4905 17.3830 17.3006 17.1177 16.3072 16.0492 18.1374 17.0739 12.8441 8.9643 10.5548 12.5023 11.5074 10.3284 12.1486 11.3578 9.8304 15.1422 9.7209 12.6989 16.8163 15.5674 12.2469 9.0888 11.9383 12.9245 13.7666 11.7885 11.2765 12.3919 15.0871 14.0559 12.0993 10.5132 11.4763 13.3853 14.3212 11.4136 9.8941 11.2648 15.3101 14.9407 15.2060 11.1540 6.2478 14.2755 12.0619 8.5465 14.9090 13.6020 8.1091 14.3237 11.7585 12.4398 13.2511 10.4734 6.6758 14.8963 15.3584 6.7115 14.2923 9.3150 12.0774 5.9944 10.6696 14.4572 11.7361 12.8116 16.7583 18.0126 17.6228 17.7542 17.6593 15.9688 17.5636 17.6345 17.8315 16.5079 17.4267 18.3111 17.6386 16.6998 15.9484 17.9448 18.1056 17.7621 17.0076 17.7170 17.7343 17.7128 16.2378 17.4913 17.5332 17.8490 17.7379 17.6556 17.7278 18.1300
4.1765 5.2877 4.7003 6.8116 5.6504 8.5789 0.0000 5.9134 4.2791 4.7514 6.3438 8.2087 7.6484 7.1234 5.5237 4.6654 4.2995 5.3744 4.8033 5.2343 6.4479 4.7962 10.6168 3.1945 4.2667 6.0205 8.4032 4.9884 7.1584 6.4849 21.1381 20.9985 20.0366 20.9228 20.2395 21.0822 20.0746 20.5284 20.6107 20.9370 19.8003 20.3807 21.4359 20.6654 20.1841 21.2804 21.1738 20.6338 20.4404 20.3439 20.3801 20.9922 19.7485 20.5824 20.5445 20.3893 19.6561 19.4595 21.3663 20.3939 15.9532 12.5257 13.9184 15.4981 14.7464 13.2805 15.6138 14.9774 12.7639 18.4014 13.6889 15.7220 20.1342 18.9707 15.0014 11.8833 15.6129 15.8596 17.1505 15.1170 13.2637 15.6564 18.0619 16.8346 15.6750 13.6791 14.8090 17.2863 17.4729 14.5288 13.1187 15.0685 18.7148 18.2795 18.8536 14.4736 11.6701 17.9578 15.6363 10.1401 18.4336 17.4658 13.1958 17.9482 15.5888 16.2772 16.9468 14.6079 11.1928 18.2780 18.8791 10.2206 18.1650 14.2555 15.9707 10.9305 14.5425 18.1192 15.7157 16.7940 20.0624 21.2460 20.8875 20.9279 20.8476 19.3093 20.7911 20.8950 21.0793 19.9770 20.5522 21.5438 20.7793 20.0157 19.2958 21.1775 21.2982 20.9892 20.2867 20.9362 21.0056 20.9241 19.5617 20.7723 20.8238 21.1000 20.9839 20.9061 20.9872 21.3761
8.0096 5.8193 5.8250 6.4446 8.8922 8.0376 5.9134 0.0000 7.5753 7.9740 10.2534 11.9320 11.5673 5.8442 7.8043 8.8183 6.8147 8.3846 6.8566 9.0782 5.2313 7.3716 9.8412 7.5319 8.0830 9.6169 10.2751 6.9434 10.0245 9.8368 19.6648 19.6128 18.5448 19.4223 18.7336 19.6269 18.6528 19.0927 19.1659 19.5230 18.4097 19.0326 19.9635 19.2184 18.8141 19.7773 19.6980 19.1841 18.9203 18.8806 18.8746 19.5583 18.3054 19.1605 19.1239 18.9798 18.1380 17.9655 19.9106 18.9079 14.8044 11.2498 12.7465 14.1467 13.4719 12.1608 14.1229 13.4459 11.4472 16.9003 12.1218 14.3499 18.6411 17.4775 13.9068 10.8606 14.3279 14.4272 15.7197 13.8735 12.8027 14.1802 16.8713 15.7312 14.2396 12.6823 13.4138 15.5502 16.0544 13.3083 11.8624 13.2479 17.1642 16.6686 17.2444 12.7932 9.0891 16.2161 13.7830 9.6105 16.7493 15.8026 11.0647 16.3605 14.0633 14.5777 15.3391 12.8159 9.5537 16.6716 17.3549 8.9549 16.4580 12.1795 14.2594 9.2468 12.7986 16.4946 13.8395 15.0319 18.5548 19.7775 19.4167 19.4980 19.4564 17.8292 19.3245 19.4467 19.6579 18.4149 19.1786 20.1058 19.3952 18.5223 17.8567 19.7263 19.8592 19.5022 18.8118 19.5040 19.5210 19.4803 18.1243 19.3236 19.3591 19.6627 19.5230 19.4376 19.5101 19.9140
4.3489 6.3840 4.8348 7.5544 5.9878 9.3959 4.2791 7.5753 0.0000 5.5864 4.4067 6.7547 6.0504 8.3268 5.3155 3.7212 3.8535 6.5671 4.9332 3.7422 7.7404 4.1250 11.2173 3.8260 4.0294 4.6716 7.7751 5.6918 5.8471 5.0096 21.8178 21.6921 20.7232 21.6126 20.9171 21.7733 20.7886 21.2246 21.2902 21.6271 20.4535 21.0765 22.1226 21.3648 20.8298 21.9760 21.8541 21.2967 21.1204 21.0221 21.0710 21.6671 20.3990 21.2995 21.2208 21.0382 20.3465 20.1350 22.0421 21.0837 16.5720 13.1683 14.6199 15.9895 15.3968 13.8622 16.4173 15.7888 13.5947 19.0598 14.4979 16.4642 20.8392 19.6997 15.5314 12.7129 16.3378 16.5500 17.8743 15.8774 13.4879 16.3033 18.7708 17.5477 16.4113 14.4069 15.5569 18.0922 18.2586 15.1560 13.8490 15.9356 19.4631 19.0292 19.6201 15.3415 12.7492 18.7767 16.5332 10.3940 19.1850 18.2849 14.1863 18.7929 16.5279 17.1256 17.6770 15.5090 11.8863 19.0465 19.6668 11.2271 18.9745 15.2422 16.8253 11.9381 15.4765 18.8719 16.6145 17.6011 20.7704 21.9371 21.5768 21.5860 21.5368 19.9913 21.4831 21.5934 21.7602 20.7055 21.2309 22.2100 21.4401 20.6842 19.9552 21.8650 21.9906 21.6903 20.9645 21.6179 21.6851 21.6144 20.2698 21.4583 21.5332 21.7854 21.6595 21.5913 21.6750 22.0553
5.4458 4.4488 5.1037 6.3846 5.4906 7.9530 4.7514 7.9740 5.5864 0.0000 6.7538 8.4818 7.6662 6.4657 3.4874 5.3923 4.7076 3.0304 6.2185 5.7020 5.5731 4.2138 9.9751 4.3630 5.4533 5.2127 7.6921 6.2561 7.2905 6.9731 20.5965 20.4850 19.4668 20.3657 19.6567 20.5381 19.5431 19.9964 20.0540 20.3991 19.2585 19.8455 20.8999 20.1374 19.6232 20.7385 20.6205 20.1063 19.8678 19.7936 19.8200 20.4484 19.1794 20.0905 20.0016 19.8323 19.0913 18.8755 20.8284 19.8604 15.4664 11.7336 13.3919 14.9714 14.1932 12.6811 15.1020 14.3435 12.0657 17.8894 12.9033 15.1074 19.5713 18.4632 14.4449 11.3862 15.0073 15.3276 16.6337 14.5989 12.7012 15.1123 17.6468 16.3840 15.0411 13.1078 14.2220 16.6407 17.0859 13.9086 12.6066 14.4914 18.2025 17.7201 18.2746 13.9015 11.0678 17.3084 14.9565 9.4915 17.8669 16.8062 12.4166 17.4123 15.0545 15.6428 16.3526 13.8530 10.5222 17.7042 18.2884 9.4629 17.5334 13.5020 15.3396 10.1149 13.7709 17.5325 15.0525 16.1443 19.5099 20.7002 20.3315 20.3730 20.3159 18.7519 20.2457 20.3465 20.5322 19.4006 20.0169 20.9952 20.2427 19.4576 18.7002 20.6392 20.7781 20.4458 19.7239 20.3919 20.4469 20.3903 19.0252 20.2277 20.2761 20.5553 20.4352 20.3595 20.4298 20.8241
5.1936 8.6205 6.9735 9.1225 6.8045 11.4167 6.3438 10.2534 4.4067 6.7538 0.0000 4.3431 3.9103 10.6577 6.3693 3.0924 5.4554 7.0251 6.2993 4.5391 10.0385 5.3365 13.0637 5.4989 4.5765 3.9406 8.5218 6.8882 5.1660 5.5188 23.4621 23.3072 22.3932 23.2756 22.5878 23.4240 22.4314 22.8696 22.9171 23.2590 22.0896 22.6892 23.7493 23.0019 22.4610 23.6318 23.4979 22.9212 22.8020 22.6595 22.7409 23.3006 22.0785 22.9097 22.8565 22.6972 22.0610 21.8439 23.6741 22.7635 18.2049 14.9854 16.3283 17.6549 17.0422 15.7401 18.2095 17.6831 15.2638 20.7868 16.4850 18.2496 22.5165 21.3798 17.0750 14.5019 18.0611 18.2926 19.6238 17.6377 14.6574 18.0860 20.3619 19.0812 18.2568 16.0825 17.3600 19.9779 19.9519 16.7853 15.7609 18.0141 21.1621 20.8360 21.4054 17.3418 15.2446 20.6531 18.5098 12.2761 21.0282 20.1518 16.4717 20.5785 18.4229 19.0369 19.5499 17.5468 14.0513 20.7832 21.4379 13.4639 20.8444 17.4186 18.7340 14.3119 17.5198 20.6882 18.6284 19.5453 22.4729 23.5653 23.2378 23.2198 23.1423 21.7020 23.1292 23.2455 23.3919 22.4386 22.8393 23.8324 23.0420 22.3762 21.6431 23.5087 23.6113 23.3473 22.6324 23.2561 23.3424 23.2582 21.9470 23.1053 23.1903 23.4248 23.3080 23.2465 23.3291 23.6988
6.6339 10.3589 8.7817 10.5005 8.1084 12.7016 8.2087 11.9320 6.7547 8.4818 4.3431 0.0000 4.4039 12.1500 7.9713 4.8652 7.6330 8.2925 7.8111 6.3042 11.5997 7.1501 14.2545 7.3791 6.1226 5.6406 9.9291 8.3194 6.4648 6.1147 24.4168 24.2427 23.3743 24.2386 23.5621 24.3732 23.4006 23.8210 23.8782 24.2038 23.0488 23.6289 24.6955 23.9699 23.4004 24.5946 24.4512 23.8658 23.7775 23.6190 23.7214 24.2417 23.0556 23.8601 23.7949 23.6474 23.0608 22.8405 24.6155 23.7297 19.2003 16.2117 17.4072 18.6959 18.1496 16.8993 19.3239 18.7646 16.4534 21.8207 17.6897 19.3386 23.4958 22.3713 18.1268 15.6957 19.1107 19.3759 20.6748 18.7008 15.6203 19.1788 21.3168 20.0663 19.3640 17.1792 18.4428 21.0632 20.9905 17.8377 17.0037 19.2195 22.1836 21.8858 22.4319 18.5372 16.6398 21.7387 19.6577 13.7090 22.0998 21.2451 17.7863 21.6583 19.5856 20.1618 20.6429 18.7774 15.4479 21.8120 22.4717 14.9030 21.9162 18.6613 19.8824 15.7410 18.7103 21.7624 19.7885 20.6811 23.4719 24.5223 24.1991 24.1644 24.0860 22.7232 24.1044 24.2037 24.3325 23.4452 23.7942 24.7605 23.9886 23.3592 22.6378 24.4616 24.5605 24.3197 23.6233 24.2061 24.2981 24.2196 22.9348 24.0599 24.1606 24.3697 24.2633 24.2102 24.2991 24.6528
6.1331 9.5578 8.0820 9.8539 6.9215 12.0380 7.6484 11.5673 6.0504 7.6662 3.9103 4.4039 0.0000 11.6727 6.9282 4.4255 7.2597 7.7017 7.4378 4.9778 11.0351 5.8633 13.7276 6.4186 4.9329 5.1193 8.9152 7.7596 5.1688 7.4434 24.0698 23.8995 23.0140 23.8909 23.2011 24.0303 23.0521 23.4807 23.5256 23.8642 22.6903 23.2809 24.3553 23.6213 23.0427 24.2464 24.1053 23.5243 23.4223 23.2696 23.3617 23.8952 22.6940 23.5290 23.4512 23.2944 22.6973 22.4697 24.2707 23.3840 18.7830 15.7017 16.9753 18.2848 17.6889 16.4043 18.9276 18.3670 15.9919 21.4309 17.2144 18.9484 23.1382 22.0144 17.7148 15.2773 18.6745 18.9684 20.2862 18.3248 15.1336 18.7529 20.9717 19.7032 18.9450 16.7491 18.0339 20.6628 20.6466 17.4132 16.6198 18.7945 21.8254 21.5112 22.0632 18.0991 16.1590 21.3447 19.2474 13.1126 21.7115 20.8402 17.3291 21.2955 19.1837 19.7489 20.2425 18.3218 14.9373 21.4388 22.0925 14.3877 21.5334 18.2192 19.4805 15.2246 18.2656 21.3642 19.3827 20.2715 23.1055 24.1723 23.8458 23.8124 23.7386 22.3482 23.7467 23.8535 23.9806 23.0824 23.4416 24.4175 23.6335 22.9930 22.2596 24.1169 24.2145 23.9659 23.2513 23.8622 23.9433 23.8734 22.5631 23.7075 23.8076 24.0192 23.9084 23.8574 23.9420 24.3012
8.2339 4.4163 5.9357 4.6603 7.5473 4.1078 7.1234 5.8442 8.3268 6.4657 10.6577 12.1500 11.6727 0.0000 6.7664 9.2967 7.2605 7.0000 7.1186 9.3043 2.9709 7.3533 8.3924 8.1445 8.5756 9.0674 9.9388 7.1318 9.8233 10.3559 18.2129 18.1333 17.0275 17.9475 17.2237 18.1494 17.1461 17.5978 17.6882 18.0468 16.8873 17.5227 18.5306 17.7637 17.3003 18.3234 18.2434 17.7028 17.4325 17.4094 17.3778 18.0910 16.7987 17.6936 17.6205 17.4729 16.6131 16.3957 18.4615 17.4104 13.1548 9.1693 10.8329 12.6226 11.7562 10.4130 12.3759 11.5218 9.6560 15.3970 10.0097 12.7281 17.1211 15.9034 12.3576 8.9986 12.4309 12.9126 14.0552 12.0071 11.2961 12.5646 15.3390 14.1999 12.3671 10.8369 11.5722 13.7445 14.5509 11.5522 10.0390 11.4813 15.6006 15.1146 15.5668 11.1607 6.6574 14.5023 11.9905 8.1130 15.1936 13.9781 8.5603 14.6487 12.1275 12.7512 13.6023 10.7244 6.9959 15.1026 15.7020 6.5720 14.6765 9.7795 12.3979 6.3644 10.7362 14.8165 11.9193 13.1667 17.0544 18.3278 17.9332 18.0513 17.9916 16.2985 17.8643 17.9607 18.1736 16.8498 17.7234 18.6407 17.9530 17.0160 16.2864 18.2629 18.4149 18.0535 17.3246 18.0334 18.0487 18.0286 16.5697 17.8290 17.8636 18.1738 18.0562 17.9719 18.0474 18.4553
5.7500 4.8418 4.8134 6.4291 5.6035 8.0489 5.5237 7.8043 5.3155 3.4874 6.3693 7.9713 6.9282 6.7664 0.0000 5.3053 4.7155 3.8534 5.7087 5.4204 5.8909 3.1854 10.0642 5.1129 4.7017 5.3962 6.9035 5.8923 6.1800 7.1709 20.7438 20.6529 19.6199 20.5278 19.8031 20.7049 19.7139 20.1654 20.2002 20.5665 19.3775 20.0166 21.0584 20.2913 19.7423 20.9005 20.7763 20.2352 20.0194 19.9328 19.9672 20.6147 19.3018 20.2610 20.1625 19.9710 19.2317 19.0162 20.9793 20.0062 15.5295 11.7696 13.4519 14.8586 14.1663 12.6875 15.2094 14.5251 12.0805 17.9660 13.0463 15.2492 19.7394 18.5876 14.4301 11.4870 15.1046 15.3567 16.7705 14.7887 12.3972 15.1365 17.8194 16.5101 15.2179 13.2485 14.3329 16.8280 17.2237 13.8646 12.7518 14.6462 18.3484 17.8686 18.4527 14.0643 11.1776 17.5053 15.1294 9.1724 18.0166 17.0103 12.6402 17.6420 15.3295 15.8274 16.4545 14.0712 10.5394 17.8376 18.4986 9.7093 17.7389 13.7499 15.5196 10.4870 14.0155 17.6724 15.2575 16.3238 19.6644 20.8550 20.4941 20.5008 20.4553 18.8812 20.4001 20.5151 20.6863 19.5680 20.1658 21.1379 20.3600 19.5926 18.8203 20.7994 20.9385 20.6003 19.8632 20.5490 20.6015 20.5388 19.1832 20.3788 20.4445 20.7181 20.5899 20.5121 20.5817 20.9773
4.2097 7.1397 5.7550 7.9959 5.8355 10.1609 4.6654 8.8183 3.7212 5.3923 3.0924 4.8652 4.4255 9.2967 5.3053 0.0000 4.7720 5.8100 5.1773 3.5095 8.6490 4.1380 12.0447 3.7038 3.2743 3.8238 8.0850 5.5967 5.2173 5.1944 22.5622 22.4120 21.4746 22.3656 21.6673 22.5158 21.5234 21.9611 22.0196 22.3576 21.1862 21.7853 22.8562 22.1031 21.5507 22.7274 22.5974 22.0288 21.8840 21.7580 21.8252 22.3987 21.1608 22.0217 21.9475 21.7788 21.1234 20.9075 22.7764 21.8419 17.2848 13.9637 15.3378 16.7289 16.0960 14.7096 17.2055 16.5945 14.2368 19.8551 15.3749 17.2494 21.5940 20.4458 16.2239 13.4060 17.0550 17.3270 18.6614 16.6305 13.9186 17.1083 19.4646 18.1853 17.2385 15.1021 16.3362 18.9361 19.0064 15.8277 14.7654 16.8963 20.2182 19.8513 20.4204 16.2331 13.9053 19.6234 17.4073 11.3728 20.0340 19.1161 15.2496 19.5937 17.3667 17.9699 18.5353 16.4300 12.9735 19.8060 20.4540 12.2097 19.8231 16.2260 17.6923 13.0312 16.3657 19.7004 17.5206 18.4941 21.5454 22.6703 22.3250 22.3166 22.2459 20.7820 22.2300 22.3335 22.4842 21.4935 21.9483 22.9323 22.1526 21.4519 20.7180 22.6083 22.7201 22.4397 21.7238 22.3539 22.4320 22.3584 21.0220 22.1984 22.2790 22.5175 22.4032 22.3413 22.4236 22.7962
4.2190 5.3951 4.3572 6.5028 6.2461 8.7958 4.2995 6.8147 3.8535 4.7076 5.4554 7.6330 7.2597 7.2605 4.7155 4.7720 0.0000 5.3635 5.4351 5.0289 6.5533 4.0428 10.6173 4.7904 4.6215 4.5604 7.6882 5.7014 6.4163 5.6108 21.2532 21.1412 20.1070 21.0316 20.3152 21.2117 20.1786 20.6392 20.6956 21.0556 19.8806 20.4956 21.5520 20.7721 20.2749 21.4046 21.2798 20.7351 20.5252 20.4246 20.4741 21.1144 19.8149 20.6940 20.6583 20.4890 19.7466 19.5380 21.4896 20.5093 16.0136 12.3290 13.9165 15.4568 14.7044 13.2622 15.7356 15.1346 12.7561 18.4828 13.6818 15.7451 20.2479 19.1106 14.8113 11.9194 15.7139 15.8936 17.2538 15.2477 12.8979 15.6541 18.2060 16.9064 15.7261 13.6210 14.8977 17.4268 17.6223 14.4710 13.0569 15.2082 18.8278 18.3981 19.0138 14.5560 11.8349 18.1080 15.7990 9.7863 18.5317 17.6106 13.3181 18.0943 15.7695 16.4406 17.0634 14.6549 11.0503 18.4088 19.0471 10.2282 18.3190 14.4130 16.0870 11.0251 14.7209 18.2358 15.8797 16.8936 20.1784 21.3570 21.0020 21.0327 20.9674 19.3819 20.8917 21.0218 21.2097 20.1005 20.6432 21.6768 20.8724 20.1049 19.3610 21.3092 21.4303 21.1139 20.3602 21.0469 21.1242 21.0381 19.6842 20.8932 20.9539 21.2420 21.0959 21.0166 21.0920 21.4965
6.3136 5.2825 5.9526 6.8912 6.1008 8.5333 5.3744 8.3846 6.5671 3.0304 7.0251 8.2925 7.7017 7.0000 3.8534 5.8100 5.3635 0.0000 6.6241 6.3440 6.0910 5.0706 10.4563 5.5976 5.7788 5.9754 8.0206 6.5372 7.1198 7.5983 20.9031 20.7992 19.7944 20.6785 19.9829 20.8526 19.8621 20.3156 20.3630 20.7116 19.5850 20.1689 21.2006 20.4459 19.9461 21.0465 20.9295 20.4028 20.1897 20.1059 20.1404 20.7675 19.5201 20.3873 20.3221 20.1619 19.4232 19.2148 21.1380 20.1819 15.8245 12.1919 13.7558 15.2861 14.5381 13.0908 15.4266 14.7170 12.3660 18.2279 13.3081 15.4643 19.8895 18.7483 14.7786 11.7676 15.3400 15.6659 16.9924 14.9802 12.9663 15.4805 17.9930 16.6693 15.4467 13.4801 14.5527 17.0116 17.4033 14.2446 13.0532 14.9269 18.5075 18.0738 18.6065 14.3323 11.6683 17.6599 15.3141 10.0314 18.2344 17.1631 12.9249 17.7285 15.4242 16.0101 16.7089 14.2826 11.0641 18.0187 18.6328 10.0535 17.8865 13.9488 15.7244 10.6958 14.1685 17.8900 15.4374 16.5424 19.8402 21.0009 20.6506 20.6814 20.6139 19.0958 20.5590 20.6649 20.8499 19.7262 20.3329 21.2952 20.5543 19.7927 19.0440 20.9458 21.0804 20.7545 20.0595 20.7052 20.7599 20.7005 19.3710 20.5454 20.5872 20.8705 20.7561 20.6788 20.7444 21.1327
5.7416 6.7073 5.4236 7.3843 6.8775 7.7621 4.8033 6.8566 4.9332 6.2185 6.2993 7.8111 7.4378 7.1186 5.7087 5.1773 5.4351 6.6241 0.0000 5.9595 7.3580 5.2260 11.0921 5.0036 4.9240 6.4044 8.4715 3.9778 5.2231 6.9986 20.6698 20.5419 19.5620 20.4522 19.7550 20.6233 19.6284 20.0713 20.1429 20.4898 19.3028 19.9347 20.9776 20.2121 19.6903 20.8126 20.7073 20.1432 19.9634 19.8769 19.9006 20.5324 19.2717 20.1396 20.0748 19.9072 19.1696 18.9577 20.8945 19.9066 15.4353 11.9163 13.3817 14.8484 14.1193 12.8120 15.0987 14.5619 12.3872 17.8877 13.1347 15.3686 19.6549 18.4551 14.4814 11.5785 15.0112 15.3961 16.6530 14.6910 12.4445 15.1126 17.6345 16.4352 15.1848 13.2058 14.3721 16.7424 17.0043 13.9008 12.6520 14.5730 18.2230 17.8192 18.3330 14.1134 10.9172 17.5035 15.2726 9.7045 17.9380 16.9560 12.5872 17.4778 15.1665 15.7545 16.3819 14.1405 10.4936 17.7866 18.4122 9.7669 17.6448 13.6602 15.4366 10.4649 14.1893 17.5761 15.2318 16.2386 19.5962 20.7758 20.4249 20.4672 20.3828 18.8182 20.3285 20.4300 20.6063 19.4920 20.1205 21.0599 20.3039 19.5246 18.7915 20.7157 20.8373 20.5291 19.8034 20.4803 20.5304 20.4660 19.0743 20.2886 20.3585 20.6245 20.5104 20.4366 20.5189 20.9076
5.1166 7.0753 6.0225 8.3759 6.2989 10.0922 5.2343 9.0782 3.7422 5.7020 4.5391 6.3042 4.9778 9.3043 5.4204 3.5095 5.0289 6.3440 5.9595 0.0000 8.5923 4.2792 11.8842 4.2178 3.7192 4.5152 7.9742 6.2852 5.6657 5.5927 22.3308 22.1982 21.2390 22.1294 21.4205 22.2848 21.3133 21.7447 21.7950 22.1355 20.9587 21.5684 22.6337 21.8824 21.2983 22.4961 22.3632 21.8061 21.6388 21.5375 21.5868 22.1641 20.9061 21.8372 21.7177 21.5233 20.8744 20.6549 22.5422 21.6114 17.0846 13.7536 15.1549 16.5140 15.9354 14.4169 17.0642 16.3414 14.2349 19.6133 15.0808 17.0115 21.3599 20.2549 16.0667 13.3699 16.8533 17.1177 18.4321 16.4349 13.7655 16.8737 19.3066 18.0780 17.0078 14.9219 16.1149 18.6770 18.8697 15.6172 14.5588 16.5954 20.0430 19.6032 20.1817 15.9537 13.5624 19.3624 17.1647 11.0869 19.7643 18.8617 14.9118 19.4080 17.2002 17.7386 18.2544 16.1426 12.6962 19.6145 20.2203 11.8799 19.5691 15.9319 17.4620 12.6917 16.0981 19.4518 17.2822 18.2140 21.3090 22.4483 22.0823 22.0657 22.0247 20.5303 21.9973 22.1032 22.2471 21.2472 21.7261 22.6879 21.9218 21.1943 20.4551 22.3726 22.4992 22.2084 21.4759 22.1241 22.1856 22.1254 20.8089 21.9625 22.0502 22.2786 22.1591 22.1056 22.1868 22.5532
7.6868 3.4022 5.3267 4.6147 7.1725 5.8634 6.4479 5.2313 7.7404 5.5731 10.0385 11.5997 11.0351 2.9709 5.8909 8.6490 6.5533 6.0910 7.3580 8.5923 0.0000 6.5272 8.1377 7.3877 7.9357 8.6032 9.3266 7.2595 9.8232 9.8107 18.7225 18.6601 17.5642 18.4572 17.7467 18.6609 17.6785 18.1249 18.2067 18.5585 17.4220 18.0387 19.0347 18.2767 17.8100 18.8367 18.7447 18.2372 17.9377 17.9177 17.9071 18.5942 17.2961 18.2335 18.1440 17.9809 17.1397 16.9300 18.9660 17.9430 13.7136 9.8179 11.5175 13.1620 12.4181 10.8819 13.0492 12.1099 10.1319 15.9300 10.6637 13.1798 17.6507 16.4922 12.8392 9.5924 13.0799 13.3965 14.6627 12.6934 11.7513 13.1249 15.9055 14.7325 13.0055 11.4359 12.1490 14.3638 15.1733 12.1356 10.7309 12.0993 16.1986 15.6449 16.1729 11.6325 7.7447 15.0467 12.4815 8.4840 15.7450 14.6040 9.4671 15.3069 12.8806 13.3808 14.2093 11.4150 8.0219 15.6522 16.2769 7.3536 15.3032 10.6525 13.0527 7.4214 11.3051 15.4422 12.5658 13.8498 17.5762 18.8412 18.4475 18.5361 18.5049 16.8361 18.3835 18.4814 18.6849 17.3979 18.2260 19.1489 18.4507 17.5412 16.8133 18.7761 18.9310 18.5624 17.8525 18.5448 18.5552 18.5385 17.1401 18.3538 18.3874 18.6928 18.5668 18.4842 18.5591 18.9656
4.5873 4.9751 4.0733 6.2567 5.1611 8.4159 4.7962 7.3716 4.1250 4.2138 5.3365 7.1501 5.8633 7.3533 3.1854 4.1380 4.0428 5.0706 5.2260 4.2792 6.5272 0.0000 10.5326 4.3024 3.5449 4.4277 7.2094 5.1092 5.5069 6.7074 21.3166 21.1973 20.1935 21.1060 20.3818 21.2745 20.2733 20.7211 20.7692 21.1268 19.9222 20.5587 21.6261 20.8548 20.2932 21.4785 21.3511 20.7888 20.6014 20.5036 20.5453 21.1647 19.8674 20.8068 20.7094 20.5189 19.8165 19.5912 21.5410 20.5760 15.9841 12.3859 13.9424 15.3370 14.7036 13.2275 15.7980 15.1191 12.7137 18.5351 13.7447 15.8347 20.3176 19.1551 14.9091 11.9414 15.6762 15.9362 17.3123 15.2601 12.7517 15.6694 18.2671 16.9783 15.8100 13.7397 14.8841 17.4832 17.7287 14.4050 13.2886 15.3251 18.9141 18.4889 19.0714 14.7049 11.9796 18.1888 15.8579 9.7625 18.6334 17.6797 13.4616 18.2404 15.9293 16.5011 17.1181 14.8044 11.1789 18.4649 19.1189 10.4345 18.4018 14.5351 16.2050 11.2163 14.7534 18.3013 15.9771 16.9947 20.2529 21.4305 21.0671 21.0641 21.0135 19.4601 20.9732 21.0859 21.2472 20.1765 20.7141 21.7004 20.9142 20.1588 19.3935 21.3664 21.4935 21.1826 20.4346 21.1147 21.1730 21.1083 19.7472 20.9447 21.0236 21.2803 21.1501 21.0855 21.1620 21.5519
11.1715 8.6421 9.7212 8.9693 10.5940 9.4667 10.6168 9.8412 11.2173 9.9751 13.0637 14.2545 13.7276 8.3924 10.0642 12.0447 10.6173 10.4563 11.0921 11.8842 8.1377 10.5326 0.0000 11.1892 11.4153 11.8449 8.5145 11.0637 12.9249 12.8687 15.4265 15.3110 14.2553 15.1630 14.4649 15.3341 14.3067 14.8178 14.9018 15.2424 14.1100 14.7155 15.7358 14.9465 14.4987 15.5123 15.4550 14.9401 14.6631 14.6240 14.6460 15.2797 14.0421 14.9096 14.7991 14.6854 13.8304 13.7368 15.6577 14.5609 9.9955 7.8714 8.5271 10.2828 8.8286 8.6089 10.1448 8.2789 7.2082 12.6362 9.4191 9.4930 14.3510 13.0970 9.6722 7.1288 10.1714 9.5734 11.1566 9.0197 9.5270 9.6474 12.4975 11.3522 10.0792 8.6512 8.4025 11.6165 11.5720 9.0301 7.7882 8.7060 12.7683 11.9567 12.3769 8.1392 10.8388 10.9881 9.6261 5.3742 12.4260 11.7814 12.0415 11.9443 9.3715 9.6161 11.0609 10.5201 7.7603 11.9436 12.8109 10.7567 11.5436 10.3107 9.9904 10.6806 7.0694 11.3816 9.7863 10.7232 14.2357 15.5566 15.1043 15.1889 15.1789 13.6790 15.0592 15.1460 15.3594 13.9532 14.8703 15.8245 15.1279 14.2058 13.5914 15.4380 15.6127 15.2296 14.5676 15.2348 15.2360 15.1872 13.9089 15.0354 15.0480 15.3500 15.2561 15.1893 15.2435 15.6519
4.5993 6.0362 5.4456 7.6647 6.0274 9.3689 3.1945 7.5319 3.8260 4.3630 5.4989 7.3791 6.4186 8.1445 5.1129 3.7038 4.7904 5.5976 5.0036 4.2178 7.3877 4.3024 11.1892 0.0000 4.1505 5.1862 8.1116 5.3728 6.4637 5.7969 21.5733 21.4418 20.4718 21.3579 20.6622 21.5165 20.5330 20.9737 21.0410 21.3736 20.2369 20.8176 21.8685 21.1171 20.5989 21.7181 21.6008 21.0827 20.8701 20.7778 20.8193 21.4098 20.1817 21.0567 20.9721 20.8132 20.1001 19.8946 21.7927 20.8426 16.4433 12.9814 14.4579 15.9723 15.2105 13.7372 16.1944 15.5316 13.3140 18.8685 14.2016 16.2407 20.5737 19.4816 15.4788 12.5088 16.1133 16.3485 17.6618 15.6608 13.5235 16.1555 18.5521 17.3486 16.1677 14.2119 15.3800 17.7854 18.0296 14.9532 13.7298 15.6290 19.2185 18.7545 19.3459 15.0290 12.3341 18.4624 16.2073 10.5007 18.9103 17.9729 13.8576 18.5175 16.2092 16.8021 17.4564 15.1691 11.8827 18.7628 19.3593 10.8266 18.6796 14.8921 16.5353 11.6029 15.1131 18.6036 16.2993 17.3130 20.5159 21.6785 21.3192 21.3533 21.2950 19.7733 21.2306 21.3273 21.5027 20.4439 20.9933 21.9642 21.2022 20.4538 19.7247 21.6181 21.7380 21.4271 20.7151 21.3689 21.4306 21.3723 20.0009 21.2102 21.2726 21.5263 21.4087 21.3400 21.4171 21.8025
3.8956 6.2976 5.1022 7.1624 4.9846 9.2551 4.2667 8.0830 4.0294 5.4533 4.5765 6.1226 4.9329 8.5756 4.7017 3.2743 4.6215 5.7788 4.9240 3.7192 7.9357 3.5449 11.4153 4.1505 0.0000 4.7231 7.7724 5.0687 5.2134 6.3970 22.0737 21.9199 20.9630 21.8767 21.1587 22.0286 21.0179 21.4678 21.5245 21.8709 20.6824 21.2853 22.3741 21.6067 21.0482 22.2393 22.1127 21.5373 21.3897 21.2626 21.3191 21.9163 20.6528 21.5309 21.4569 21.2834 20.6168 20.3954 22.2912 21.3451 16.7101 13.3182 14.7284 16.1938 15.4915 14.1030 16.6372 15.9906 13.6479 19.3305 14.7455 16.6739 21.0952 19.9234 15.6558 12.8072 16.4659 16.7572 18.1076 16.0695 13.4519 16.5203 18.9448 17.6492 16.6661 14.4917 15.7372 18.3722 18.4868 15.2491 14.1819 16.2752 19.7057 19.3260 19.8836 15.6074 13.1560 19.0693 16.8059 10.7616 19.4903 18.5503 14.5419 19.0548 16.7809 17.3950 17.9660 15.7773 12.3057 19.2703 19.9208 11.5197 19.2669 15.5497 17.1023 12.3227 15.7350 19.1423 16.9202 17.9086 21.0344 22.1798 21.8266 21.8170 21.7434 20.2560 21.7270 21.8391 21.9901 20.9760 21.4406 22.4450 21.6555 20.9365 20.1953 22.1175 22.2324 21.9449 21.2087 21.8637 21.9385 21.8579 20.5052 21.6983 21.7800 22.0261 21.9071 21.8444 21.9261 22.3038
4.4247 7.2043 5.8853 7.2564 5.7880 9.9474 6.0205 9.6169 4.6716 5.2127 3.9406 5.6406 5.1193 9.0674 5.3962 3.8238 4.5604 5.9754 6.4044 4.5152 8.6032 4.4277 11.8449 5.1862 4.7231 0.0000 8.2793 6.6230 5.8480 6.0546 22.5705 22.3969 21.4592 22.3767 21.6595 22.5245 21.5112 21.9545 22.0141 22.3597 21.1792 21.7744 22.8610 22.1016 21.5535 22.7357 22.6069 22.0192 21.8965 21.7484 21.8203 22.3958 21.1662 21.9960 21.9356 21.7903 21.1424 20.9171 22.7794 21.8504 17.1968 13.8259 15.2225 16.7062 16.0099 14.7314 17.1918 16.5413 14.1551 19.8604 15.3868 17.2292 21.5930 20.4363 16.1108 13.3633 17.0322 17.2996 18.6212 16.5311 13.7383 17.0711 19.3911 18.1011 17.1925 15.0209 16.2614 18.9393 18.9901 15.7552 14.6979 16.9440 20.1989 19.8571 20.4231 16.2511 13.9950 19.6410 17.4250 11.3878 20.0640 19.1236 15.2472 19.5563 17.3312 17.9773 18.5518 16.4052 12.8787 19.8091 20.4591 12.2429 19.8295 16.2034 17.6756 13.0406 16.3928 19.7000 17.5226 18.4892 21.5510 22.6727 22.3233 22.3224 22.2377 20.7780 22.2193 22.3346 22.4827 21.5009 21.9257 22.9345 22.1534 21.4478 20.7097 22.6102 22.7170 22.4490 21.7112 22.3495 22.4357 22.3582 20.9985 22.1933 22.2821 22.5145 22.3979 22.3405 22.4297 22.7975
8.3456 8.6037 7.8964 9.6183 8.2354 10.8945 8.4032 10.2751 7.7751 7.6921 8.5218 9.9291 8.9152 9.9388 6.9035 8.0850 7.6882 8.0206 8.4715 7.9742 9.3266 7.2094 8.5145 8.1116 7.7724 8.2793 0.0000 9.1248 8.6003 9.1092 19.7860 19.6783 18.6948 19.5987 18.8862 19.7538 18.7776 19.2326 19.2618 19.6228 18.4152 19.0836 20.1053 19.3368 18.7950 19.9340 19.8290 19.2885 19.0963 19.0040 19.0394 19.6451 18.3554 19.3305 19.2084 19.0258 18.2912 18.1151 20.0099 19.0284 14.3665 11.4000 12.5350 13.7649 12.9268 11.7439 14.4181 13.7058 11.1822 16.8908 12.9881 14.2754 18.8155 17.5982 13.4100 10.7543 14.2701 14.1160 15.7555 13.7547 11.1490 13.9925 16.7427 15.4344 14.4878 12.5307 13.3078 16.2878 16.0718 12.9340 12.1222 13.9575 17.3562 16.7939 17.4319 13.5590 13.5266 16.4718 14.6685 8.0934 17.1206 16.4871 14.8980 16.8352 14.4929 14.9562 15.6430 14.2680 10.7078 16.8049 17.5514 12.2812 16.8281 14.4969 14.9452 12.8649 13.1198 16.5181 14.8031 15.5937 18.6953 19.9029 19.5318 19.5232 19.5037 17.9601 19.4172 19.5532 19.7261 18.6196 19.1852 20.1666 19.3709 18.6165 17.9005 19.8338 19.9433 19.6275 18.8821 19.5988 19.6459 19.5689 18.2119 19.4123 19.4933 19.7375 19.6199 19.5515 19.6111 20.0076
5.7329 6.1333 5.7197 7.0776 6.8036 7.3748 4.9884 6.9434 5.6918 6.2561 6.8882 8.3194 7.7596 7.1318 5.8923 5.5967 5.7014 6.5372 3.9778 6.2852 7.2595 5.1092 11.0637 5.3728 5.0687 6.6230 9.1248 0.0000 5.8710 7.9503 20.5949 20.4499 19.4674 20.3756 19.6800 20.5429 19.5130 19.9716 20.0473 20.3904 19.1938 19.8149 20.9065 20.1199 19.5851 20.7504 20.6323 20.0528 19.8873 19.7921 19.8252 20.4700 19.1830 20.0184 19.9891 19.8113 19.0932 18.8634 20.8231 19.8276 15.3329 11.7966 13.2397 14.8929 14.1038 12.7704 15.0509 14.4277 12.2029 17.8925 12.9989 15.2283 19.5886 18.3744 14.3586 11.3881 14.8785 15.4061 16.5874 14.5618 12.5063 15.0629 17.5482 16.3041 15.0678 12.9701 14.2687 16.6755 16.9539 13.8505 12.5326 14.5215 18.1464 17.8079 18.2673 14.0128 10.9346 17.4488 15.2641 9.9975 17.8743 16.8541 12.4926 17.3642 14.9975 15.6937 16.3649 14.0166 10.5154 17.7637 18.3356 9.7051 17.5492 13.5675 15.3745 10.3599 14.0788 17.5235 15.1684 16.1677 19.5346 20.7010 20.3497 20.3888 20.2897 18.7382 20.2610 20.3505 20.5250 19.4077 20.0223 20.9971 20.2230 19.4582 18.6950 20.6421 20.7722 20.4722 19.7322 20.3891 20.4658 20.3813 19.0141 20.2128 20.2782 20.5667 20.4424 20.3658 20.4429 20.8399
6.8073 8.6150 7.3522 9.0033 7.5674 10.1467 7.1584 10.0245 5.8471 7.2905 5.1660 6.4648 5.1688 9.8233 6.1800 5.2173 6.4163 7.1198 5.2231 5.6657 9.8232 5.5069 12.9249 6.4637 5.2134 5.8480 8.6003 5.8710 0.0000 7.5431 22.5542 22.4059 21.4632 22.3623 21.6586 22.5181 21.5321 21.9590 22.0068 22.3593 21.1628 21.7857 22.8527 22.0994 21.5308 22.7195 22.5882 22.0122 21.8814 21.7561 21.8111 22.4053 21.1486 22.0195 21.9470 21.7729 21.1272 20.8990 22.7632 21.8282 17.2959 13.9189 15.3540 16.6671 15.9595 14.7679 17.2065 16.7449 14.3953 19.8443 15.3675 17.3355 21.5987 20.4344 16.1823 13.6323 17.0390 17.3386 18.6669 16.7054 13.6791 17.0549 19.5089 18.2048 17.2775 15.1037 16.4099 18.9640 19.0103 15.7894 14.7813 16.9590 20.2134 19.8852 20.4228 16.3787 13.9514 19.6832 17.5790 11.3944 20.0361 19.1252 15.2948 19.5890 17.4087 18.0095 18.5120 16.4567 12.9043 19.8177 20.4729 12.3311 19.8203 16.2472 17.7224 13.1251 16.5284 19.6597 17.5990 18.4781 21.5411 22.6506 22.3151 22.3071 22.2266 20.7494 22.2067 22.3250 22.4683 21.4847 21.9400 22.9133 22.1264 21.4279 20.6861 22.6030 22.7056 22.4305 21.6892 22.3481 22.4221 22.3434 20.9979 22.1784 22.2733 22.5107 22.3834 22.3238 22.4018 22.7768
6.4894 8.5174 7.4926 10.0207 8.5722 11.4712 6.4849 9.8368 5.0096 6.9731 5.5188 6.1147 7.4434 10.3559 7.1709 5.1944 5.6108 7.5983 6.9986 5.5927 9.8107 6.7074 12.8687 5.7969 6.3970 6.0546 9.1092 7.9503 7.5431 0.0000 22.6690 22.5774 21.5954 22.4594 21.7769 22.6297 21.6737 22.1010 22.1434 22.4847 21.3796 21.9641 22.9544 22.2331 21.7308 22.8163 22.6922 22.1893 21.9777 21.8907 21.9403 22.5314 21.3068 22.1868 22.1073 21.9380 21.2369 21.0540 22.8959 21.9716 17.7828 14.4085 15.9115 17.2249 16.5294 15.1242 17.5345 17.0172 14.8816 20.0337 15.6495 17.5335 21.7137 20.6897 16.6773 14.0747 17.4956 17.6309 18.9295 17.0831 14.7734 17.4467 19.8371 18.6148 17.4981 15.6109 16.8031 19.1053 19.2869 16.3091 15.0069 17.0083 20.4255 19.9752 20.5696 16.4430 14.0202 19.7399 17.6185 11.6557 20.1090 19.2694 15.3732 19.7805 17.6330 18.1761 18.6800 16.5830 13.3168 19.9986 20.5906 12.4472 19.9486 16.4096 17.8765 13.2348 16.6226 19.8291 17.7028 18.6045 21.6562 22.7708 22.4320 22.4522 22.4105 20.9070 22.3329 22.4489 22.6270 21.5985 22.0956 23.0639 22.3058 21.5810 20.8870 22.7223 22.8481 22.5319 21.8214 22.4768 22.5432 22.4736 21.1839 22.3397 22.3961 22.6548 22.5195 22.4460 22.5160 22.8956
22.0084 19.4338 20.0600 19.9664 21.6217 17.8989 21.1381 19.6648 21.8178 20.5965 23.4621 24.4168 24.0698 18.2129 20.7438 22.5622 21.2532 20.9031 20.6698 22.3308 18.7225 21.3166 15.4265 21.5733 22.0737 22.5705 19.7860 20.5949 22.5542 22.6690 0.0000 0.9043 1.8044 0.8982 1.6086 0.5646 1.6543 0.9872 0.9845 0.6548 2.0777 1.3612 0.5718 0.8444 1.8308 0.6098 0.3671 0.9284 1.4827 1.1997 1.2694 0.7310 2.1322 1.1728 1.0987 1.6551 2.3969 2.7769 0.5264 1.5261 8.5041 11.3852 10.3040 7.5855 9.6355 9.8154 8.4622 9.8088 11.3192 3.5316 10.9070 8.5340 1.6170 3.4003 8.1159 11.6877 8.7778 8.5482 7.5308 8.9974 11.4842 8.7150 4.1637 5.4493 7.5790 10.1511 9.3635 7.7619 7.4740 9.5814 11.6351 10.7312 3.4097 7.0850 7.1748 11.2011 16.5765 9.6759 8.7779 15.2529 7.0450 7.9856 15.2313 7.2718 10.3546 10.1163 7.7948 10.7195 14.2659 7.0476 6.9005 16.0116 9.6254 12.6901 10.2449 15.7929 12.3641 9.6264 10.4350 8.5696 1.6874 0.5724 0.6978 0.8449 1.1087 2.6540 1.0064 0.6089 0.7020 3.3063 1.4065 0.8897 1.2119 1.7119 2.7640 0.5169 0.7261 0.6696 1.5971 0.5581 0.6674 0.8631 2.2192 0.7258 0.8225 0.8632 0.5497 0.5351 0.6312 0.6549
21.8316 19.3470 19.9497 19.8188 21.4385 17.7911 20.9985 19.6128 21.6921 20.4850 23.3072 24.2427 23.8995 18.1333 20.6529 22.4120 21.1412 20.7992 20.5419 22.1982 18.6601 21.1973 15.3110 21.4418 21.9199 22.3969 19.6783 20.4499 22.4059 22.5774 0.9043 0.0000 2.0698 1.4227 1.9838 0.9022 1.6951 1.0563 1.3198 0.7519 1.9453 1.0636 1.1266 0.9748 1.6344 1.2075 1.1045 0.9692 1.9194 1.4439 1.6148 0.9206 2.1579 1.0560 1.0308 1.5504 2.5790 2.9293 0.7989 1.6288 8.3014 11.3423 10.1979 7.4672 9.5726 9.7652 8.4295 9.7470 11.2573 3.5604 10.9471 8.4795 1.9486 3.3656 7.9629 11.5667 8.6993 8.5012 7.4524 8.8247 11.2946 8.6616 3.8094 5.2069 7.5946 10.0396 9.2529 7.8778 7.3801 9.5128 11.5908 10.7915 3.4322 7.1422 7.1912 11.2410 16.6515 9.7874 8.8292 15.2021 7.1732 8.0999 15.3155 7.2750 10.3563 10.1672 7.8037 10.8070 14.2529 7.0831 6.9434 16.0248 9.7176 12.7762 10.2917 15.8270 12.3895 9.7058 10.5279 8.6732 1.8960 1.1611 1.0674 0.8845 0.8388 2.7169 1.2904 0.8775 0.5573 3.4509 1.2770 0.9808 1.0624 1.8508 2.7797 0.7769 0.9055 1.1543 1.8971 0.7141 1.1197 0.9070 2.2009 0.7732 1.0890 0.8876 0.8781 0.9364 1.1825 1.0481
20.8991 18.2778 18.9264 18.8074 20.5355 16.7248 20.0366 18.5448 20.7232 19.4668 22.3932 23.3743 23.0140 17.0275 19.6199 21.4746 20.1070 19.7944 19.5620 21.2390 17.5642 20.1935 14.2553 20.4718 20.9630 21.4592 18.6948 19.4674 21.4632 21.5954 1.8044 2.0698 0.0000 1.6254 0.5888 1.8918 0.9526 1.3319 1.0528 1.8031 1.5025 1.5284 2.1627 1.3629 1.6657 1.9545 1.7908 1.5113 1.3589 0.9014 0.7958 1.9718 1.4380 1.4994 1.5473 1.7689 1.5316 1.7540 2.1631 1.5996 7.4703 10.0712 8.9859 6.5341 8.3564 8.5906 7.3700 8.6068 10.1055 2.6319 9.6326 7.3440 1.1659 2.6716 6.8308 10.4284 7.6389 7.3861 6.5046 7.8740 10.2752 7.4820 3.4495 4.3658 6.0990 8.7575 8.1624 6.7518 6.6196 8.2820 10.3467 9.4755 2.5946 6.2327 6.4601 9.9895 15.4226 8.6596 7.7159 14.0506 6.1180 6.9746 14.1609 6.3090 9.1675 8.9906 6.8070 9.4282 12.9837 6.2023 6.1574 14.8851 8.6416 11.5643 9.1061 14.6508 11.1641 8.6108 9.2661 7.3176 1.0089 1.8808 1.5565 1.8264 1.9249 1.5694 1.5053 1.6074 1.9548 2.6612 1.6424 2.4720 1.8781 0.9043 1.6256 1.9563 2.2234 1.7041 0.8910 1.6839 1.7949 1.7859 1.5826 1.5202 1.4530 2.0720 1.6890 1.4977 1.4765 2.0656
21.8021 19.1894 19.8335 19.7310 21.4217 17.6277 20.9228 19.4223 21.6126 20.3657 23.2756 24.2386 23.8909 17.9475 20.5278 22.3656 21.0316 20.6785 20.4522 22.1294 18.4572 21.1060 15.1630 21.3579 21.8767 22.3767 19.5987 20.3756 22.3623 22.4594 0.8982 1.4227 1.6254 0.0000 1.3398 0.7493 1.4774 0.9679 1.0679 0.9739 1.9978 1.4742 1.1588 1.1013 1.9153 0.7670 0.7275 1.1171 0.7836 1.1539 1.1033 0.9708 1.9843 1.4014 0.9440 1.7051 1.8603 2.2712 1.1051 1.1546 8.0880 11.0104 9.8909 7.4357 9.2244 9.6132 7.9774 9.3408 10.9495 3.4081 10.4650 8.0852 1.2214 3.0188 8.0361 11.3590 8.2875 8.1052 7.0132 8.5911 11.3629 8.2839 4.2318 5.4052 7.1227 9.7299 8.9149 7.0973 6.9858 9.1705 11.2343 10.2784 3.1800 6.5130 6.6151 10.7365 16.2471 9.1333 8.2390 14.9902 6.3915 7.3327 14.8477 6.6709 9.8691 9.6174 7.2453 10.2809 13.9317 6.4693 6.2611 15.6610 9.0739 12.2440 9.7385 15.4390 11.9734 9.1136 9.9181 8.0136 1.4697 1.1050 0.8661 1.4025 1.6624 2.5384 1.4811 0.9055 1.1852 2.6364 1.9007 1.5046 1.8166 1.5572 2.5599 1.0994 1.4334 1.0868 1.5605 1.0884 0.6758 1.4577 2.1380 1.0171 0.7795 1.2380 1.0006 0.9675 1.0116 1.3124
