0.0000 2.9021 1.6489 2.3793 2.2490 3.1660 3.9216 6.7525 2.5927 4.6944 2.6805 3.2162 2.3845 6.4491 4.4967 1.4410 4.7599 2.8024 3.6948 2.8239 5.4453 1.2734 3.5282 4.8089 3.3604 3.1180 6.2434 2.7552 3.0896 4.1416 110.8430 111.1214 109.1070 111.1959 108.2096 110.8154 107.7279 109.4020 112.4647 112.3967 110.0936 110.5175 105.1271 107.8947 111.3617 109.2688 110.1904 111.6974 107.4484 109.3496 108.7198 109.3013 108.4569 108.2078 111.4100 110.9474 108.3517 106.4382 112.0807 109.8599 3.3127 4.7749 7.9205 6.4987 6.9470 6.4794 13.7069 10.3127 5.3330 12.3116 13.5806 11.8478 17.3002 11.4100 7.8017 6.4813 3.3202 5.7794 9.8864 6.4192 3.0814 8.1233 6.5188 6.6229 9.9001 9.0116 6.1250 13.2669 7.7523 3.9525 28.7651 36.8023 38.4175 38.3531 32.6569 26.7136 42.1702 38.7956 24.7844 29.3159 45.2042 32.0170 34.8602 31.3257 36.5869 22.9303 29.0362 32.1607 29.1242 35.8180 36.5739 30.5558 31.8738 32.8098 28.2438 31.8033 25.2097 35.0772 23.9285 39.4256 61.9140 70.6744 64.5137 74.3844 63.4553 67.2586 70.9955 67.4112 70.3402 69.1523 62.8043 66.0986 67.6153 66.1302 63.7187 62.9500 71.5659 63.6771 67.2990 67.9464 70.8448 62.7702 67.6462 71.9390 66.2641 69.3371 63.5605 68.5586 65.7169 70.9696
2.9021 0.0000 3.3951 2.6291 4.4713 4.0452 3.9253 7.1917 3.0158 3.6306 3.4809 4.8944 4.1616 6.1161 3.2973 2.7401 5.4008 3.4864 4.0157 4.3239 4.9838 2.3514 3.0681 5.4891 3.5455 2.8771 4.9875 3.2822 4.7541 4.7985 109.7298 110.1674 107.9378 109.9152 106.9497 109.7297 106.5326 108.2470 111.2993 111.2515 108.8839 109.4879 103.8683 106.7015 110.1210 108.0572 109.0140 110.5362 106.3060 108.0750 107.5313 108.0155 107.2695 106.9696 110.2280 109.7888 107.2131 105.2910 111.0242 108.6626 2.3980 3.0858 5.6652 5.2591 5.6899 4.4090 12.0581 8.4809 4.0913 10.4585 11.7384 9.9096 15.5983 9.4098 6.3429 5.1120 1.3361 4.5522 7.9677 5.1486 1.8306 6.3399 4.8013 5.3227 8.7849 7.7338 4.2529 11.4679 6.8743 2.2885 28.1739 36.1805 37.9991 37.7222 32.1226 26.2691 41.6742 38.4741 24.2538 28.9377 44.7367 31.3251 34.4496 31.0256 36.3393 22.8882 28.1624 31.6917 28.4887 35.3109 35.8193 29.6173 31.4057 32.1622 27.8029 31.2619 24.3369 34.4419 23.5404 38.7792 60.8595 69.3538 63.4516 73.1184 62.1945 65.9586 69.9814 66.1112 69.0836 67.9682 61.4904 64.7546 66.5175 65.0926 62.3047 61.5577 70.4262 62.5711 66.0411 66.7978 69.5484 61.9306 66.5161 70.8787 65.0365 68.1160 62.4631 67.3747 64.6803 69.6723
1.6489 3.3951 0.0000 2.0089 1.9822 3.1235 4.2024 6.9365 2.2809 4.9574 2.5894 3.9092 2.3376 6.0950 4.9104 2.6386 5.1526 2.5595 3.6440 3.4111 5.7679 1.8881 3.7179 4.7988 3.7271 3.2897 5.9707 2.5545 3.3874 3.8776 110.4481 110.6464 108.7667 110.8304 107.8335 110.3903 107.3723 109.0220 112.0910 112.0449 109.7182 110.0708 104.7543 107.5096 110.9545 108.9244 109.7816 111.3003 107.0503 108.9954 108.3384 108.9281 108.0611 107.8585 111.0059 110.5250 107.9578 106.0521 111.6500 109.4797 3.7054 5.3983 7.8951 6.2345 7.0056 6.7073 13.5639 10.2449 5.3555 12.3275 13.4649 11.8310 16.9994 11.4324 7.7392 6.3671 3.7798 5.6808 9.7995 6.1106 3.6386 8.2164 6.6836 6.7224 9.6350 9.0588 6.3235 13.2063 7.8017 4.5631 28.2546 36.3160 37.9590 37.9801 32.3888 26.0638 42.0032 38.4259 24.2320 28.6784 44.9740 31.6351 34.5244 30.8121 36.1319 22.2583 28.4035 31.8358 28.5378 35.5163 36.0354 30.0034 31.4537 32.3087 27.8167 31.2849 24.6798 34.6384 23.3973 39.0905 61.3061 70.1288 63.9546 73.8234 62.8997 66.7436 70.4098 66.8667 69.7835 68.5963 62.2515 65.5349 66.9984 65.4638 63.2126 62.3883 71.0035 63.0926 66.7416 67.4033 70.3307 62.1597 67.0409 71.3609 65.7295 68.7378 62.9803 68.0081 65.1611 70.4431
2.3793 2.6291 2.0089 0.0000 3.1820 2.8495 3.5987 6.6872 1.7420 3.8081 2.2203 4.7364 2.7585 5.3080 3.6978 2.9854 4.9534 2.0138 3.0150 3.5800 4.9250 1.8395 2.8175 4.3498 3.1782 2.6263 4.8987 2.2076 3.7548 3.4877 109.4591 109.7257 107.7574 109.7684 106.7661 109.4014 106.3552 108.0101 111.0801 111.0536 108.6773 109.1472 103.6920 106.4761 109.9098 107.8762 108.7418 110.2956 106.0545 107.9362 107.3177 107.8539 107.0451 106.8224 109.9846 109.5264 106.9248 105.0429 110.6901 108.4511 2.9231 4.7044 6.6212 5.1807 5.9096 5.4808 12.4168 8.9188 4.2049 11.0411 12.1780 10.4774 15.7536 10.1985 6.5959 5.3721 2.9039 4.5462 8.6067 4.9637 2.9698 6.9515 5.4854 5.6800 8.5291 8.0601 5.2189 11.9500 6.7059 3.9514 27.3539 35.3577 37.2338 37.0780 31.4934 25.2534 41.1912 37.6572 23.2872 27.8977 44.1953 30.6252 33.5938 30.0203 35.4736 21.6792 27.4589 30.9907 27.6610 34.5657 35.0775 28.9289 30.5872 31.4079 26.9919 30.3631 23.6107 33.7647 22.6139 38.1980 60.2675 68.9788 62.8977 72.7472 61.8092 65.5923 69.4772 65.7968 68.7124 67.5288 61.1086 64.4072 65.9955 64.4682 62.0480 61.2758 69.9845 62.0351 65.6755 66.3718 69.2002 61.2441 66.0045 70.3326 64.6679 67.6860 61.9248 66.9355 64.0822 69.3996
2.2490 4.4713 1.9822 3.1820 0.0000 3.7799 5.3028 7.2101 3.8686 6.3288 3.1619 3.0142 2.4596 7.5862 6.0242 3.1980 5.2740 3.8059 4.4045 3.5146 6.9609 2.9131 4.8417 5.5436 4.5932 4.7388 7.4592 4.0063 3.5724 4.8736 111.7879 111.9607 110.0984 112.1847 109.1871 111.7029 108.6920 110.3656 113.4060 113.3641 111.0604 111.3643 106.1168 108.8634 112.3304 110.2729 111.1193 112.6388 108.3828 110.3618 109.6719 110.2865 109.4238 109.1905 112.3351 111.8770 109.2962 107.3555 112.9599 110.8100 5.1251 6.6985 9.3350 7.8219 8.3567 8.1827 15.1808 11.7656 6.7226 13.9020 15.0230 13.3101 18.5687 13.0319 9.2591 8.0006 4.8123 7.2079 11.4174 7.7020 4.9606 9.7203 8.1396 8.2570 11.1271 10.6301 7.8475 14.7513 9.0896 5.8550 29.3486 37.4662 39.0093 39.0245 33.3379 27.1539 42.7998 39.3604 25.3978 29.8889 45.7206 32.6653 35.5240 31.7923 37.1253 23.3693 29.7810 32.8002 29.6453 36.4122 37.2479 31.2652 32.4956 33.4045 28.8800 32.3370 25.9469 35.7589 24.4067 40.1372 62.5410 71.4130 65.2479 75.1599 64.1999 68.0524 71.7103 68.2357 71.0995 69.9386 63.5392 66.8773 68.2969 66.7074 64.5718 63.7696 72.3699 64.3467 68.0748 68.7321 71.6666 63.3337 68.3081 72.6255 67.0849 70.1007 64.2062 69.2924 66.3947 71.8153
3.1660 4.0452 3.1235 2.8495 3.7799 0.0000 2.8889 4.3195 2.7997 3.9525 1.6535 5.0405 2.1800 5.1242 4.1453 3.8328 2.9938 2.5394 1.5337 2.9744 4.3742 2.8760 2.2097 3.6762 2.1607 3.0420 5.4886 2.4868 2.5236 2.1850 108.8942 109.1452 107.1859 109.2743 106.2686 108.7763 105.7138 107.3980 110.4396 110.3806 108.0759 108.5028 103.2030 105.9241 109.4210 107.3459 108.1765 109.7483 105.4664 107.4143 106.7721 107.3115 106.5058 106.1742 109.4580 108.9777 106.3595 104.4229 110.0314 107.8262 3.7700 5.5577 7.7831 6.0349 5.2988 6.1134 12.8570 9.3674 3.9181 11.2707 12.4162 10.8003 15.9389 10.6022 6.7511 6.1335 4.3767 4.5846 9.4861 5.7442 3.9104 7.5829 5.6042 5.6517 8.2396 8.2338 5.9863 12.2169 6.0447 5.1324 26.3238 34.7517 36.2362 35.7654 30.2112 24.5208 39.4643 36.5113 22.7775 27.4696 42.7452 29.7032 32.8328 29.0688 34.5884 21.0566 27.3235 29.4897 26.6211 33.5306 34.5228 28.4481 29.7540 30.5973 26.0453 29.3591 23.1021 32.6871 21.6071 36.9259 59.9156 68.6759 62.5173 72.5100 61.3571 65.3031 69.0804 65.6714 68.3650 67.3772 60.8370 64.2096 65.5780 64.1891 61.9300 61.2816 69.8021 61.6498 65.3312 65.9451 68.9548 60.7257 65.7268 69.9282 64.5052 67.5764 61.5705 66.5634 63.7102 69.2188
3.9216 3.9253 4.2024 3.5987 5.3028 2.8889 0.0000 5.4511 2.9911 2.3339 3.0353 6.4099 3.6489 4.3977 2.6783 4.0466 4.2751 2.4666 2.9624 3.5764 2.1823 3.4627 2.1155 2.6995 1.9403 2.4263 4.5444 2.3154 3.0808 2.3966 107.5208 107.8265 105.6909 107.8381 104.8461 107.4304 104.2977 105.9754 109.0565 108.9695 106.6992 107.1719 101.7271 104.5392 108.0566 105.9082 106.8342 108.3268 104.0701 105.9830 105.3418 105.9060 105.1287 104.8357 108.0430 107.5877 104.9488 103.0134 108.7083 106.4486 2.8082 4.6864 6.9496 4.9342 3.8170 4.5231 11.2509 7.8126 3.3209 9.6155 10.8152 9.1425 14.5714 8.9433 5.0622 4.7610 4.3013 3.4908 8.2545 4.7013 3.3019 5.6177 4.1612 3.9179 6.9434 6.4251 4.5344 10.4138 4.3376 4.3018 25.4291 33.4321 34.9959 34.8048 29.0051 23.6381 38.5724 35.2512 21.6837 26.3445 41.6583 28.4863 31.4533 28.0341 33.3275 20.1026 26.2352 28.7072 25.9837 32.2664 33.3748 27.3680 28.4788 29.4501 24.7659 28.4435 22.0723 31.6114 20.6565 35.8090 58.9376 67.6558 61.3318 71.4517 60.4815 64.2940 68.1163 64.5307 67.3036 66.1872 59.7965 63.1909 64.6992 63.2889 60.7722 60.1659 68.5646 60.6099 64.3800 64.9011 67.7913 59.7662 64.7176 68.8188 63.3232 66.4610 60.5468 65.4659 62.6610 68.0484
6.7525 7.1917 6.9365 6.6872 7.2101 4.3195 5.4511 0.0000 6.5528 6.2136 5.2044 7.5584 5.5016 7.3365 6.6410 7.0680 2.7821 6.3438 4.0229 5.3529 6.0012 6.3817 4.9293 6.1514 4.7412 6.4004 8.0741 6.1582 5.2526 5.1392 108.5300 108.8567 106.7503 108.9311 105.8796 108.3128 105.2389 106.8696 109.9382 109.8336 107.5696 108.1159 102.8165 105.4887 109.0454 106.9763 107.7151 109.3822 105.0725 107.0117 106.3928 106.8306 106.1614 105.6140 109.1037 108.6250 105.9035 103.9652 109.5289 107.3199 6.8840 7.9667 10.0215 8.6249 6.5328 8.1038 14.2405 10.9585 5.7307 12.2198 13.3741 11.8638 16.6076 11.7965 8.5513 8.6667 7.3609 6.8019 11.3987 8.3228 6.8140 9.4599 7.1884 7.3629 9.2220 9.8621 8.2244 13.2408 6.8731 7.9628 25.4908 34.4034 35.7806 34.2782 28.7698 24.4226 37.1331 35.6285 22.9998 27.6125 41.3879 28.9195 32.4152 28.4679 34.0381 21.3777 27.7789 27.6992 25.7419 32.5290 34.5079 28.3649 29.4578 30.2422 25.6408 28.4572 22.9689 31.8664 21.1385 35.5830 59.7503 68.4416 62.2822 72.4183 60.9174 64.9832 68.9233 65.7495 68.1040 67.4463 60.6407 64.0853 65.2609 64.1995 61.9124 61.5072 69.7581 61.3363 65.0050 65.6296 68.8304 60.4301 65.7589 69.7319 64.4787 67.6751 61.4021 66.3683 63.3865 69.3263
2.5927 3.0158 2.2809 1.7420 3.8686 2.7997 2.9911 6.5528 0.0000 3.2394 2.7223 5.3357 3.0406 4.1888 3.7430 3.0906 5.1531 1.7269 3.0552 3.8347 4.2575 2.0214 2.6606 4.0869 2.9449 1.6840 4.3182 1.4256 3.6514 2.7864 108.6968 108.9441 107.0200 109.0735 106.0725 108.6458 105.6277 107.2506 110.3506 110.2968 107.9630 108.3708 102.9926 105.7295 109.1807 107.1551 108.0342 109.5478 105.2985 107.2002 106.6005 107.1566 106.2949 106.0978 109.2709 108.7957 106.1942 104.3156 109.9174 107.7242 2.2161 4.1585 6.4604 4.4617 5.2663 5.1020 11.6703 8.4204 3.6942 10.3616 11.5896 10.0524 15.1290 9.5770 5.8768 4.5874 3.3682 3.7792 7.9995 4.3221 2.5574 6.4608 4.9863 4.8665 7.7510 7.1352 4.5109 11.3605 6.1369 3.5345 26.7074 34.7627 36.4968 36.4475 30.9249 24.6398 40.6788 37.0316 22.6579 27.2321 43.7195 30.1307 33.0219 29.4342 34.7556 20.9316 26.7284 30.3308 27.0420 34.0892 34.4566 28.3282 29.9897 30.7994 26.3344 29.7778 23.0250 33.0719 22.0274 37.5448 59.7229 68.5152 62.3066 72.1739 61.2469 65.0786 68.7848 65.2177 68.1322 66.9417 60.6365 63.8785 65.3779 63.9510 61.5334 60.7293 69.3424 61.5320 65.0977 65.7377 68.6639 60.6490 65.4603 69.7284 64.0811 67.0717 61.4168 66.3905 63.5945 68.7736
4.6944 3.6306 4.9574 3.8081 6.3288 3.9525 2.3339 6.2136 3.2394 0.0000 3.9558 7.1955 4.8832 4.0388 2.2275 4.6228 5.1593 3.2651 3.6086 4.6734 2.1077 3.9448 2.4716 3.9692 2.8810 2.3497 3.6716 3.0376 4.7380 3.6056 106.9630 107.3465 105.1452 107.2153 104.2151 106.9154 103.7876 105.4208 108.5377 108.4569 106.1171 106.7235 101.1019 103.9298 107.4080 105.3059 106.2364 107.7799 103.5360 105.3628 104.7895 105.2755 104.5438 104.2521 107.4818 107.0118 104.3766 102.5070 108.2200 105.8847 2.3345 3.7698 5.3595 3.8091 3.1836 2.9350 9.9319 6.4343 2.2239 8.1175 9.4083 7.7768 13.2806 7.4670 3.8696 3.5261 3.7561 2.4124 6.6628 3.5040 2.7357 4.2478 2.7869 2.7242 6.0215 5.2430 3.0179 9.0340 3.7095 3.5370 25.2161 33.0692 35.0650 34.6484 28.9746 23.4858 38.6602 35.4042 21.3098 26.0809 41.9571 28.2716 31.2696 28.0385 33.3533 20.1190 25.5676 28.6185 25.7116 32.1988 33.0003 26.7769 28.4022 29.2793 24.7926 28.2537 21.4857 31.4624 20.6561 35.6959 58.3044 66.8967 60.7033 70.6499 59.7057 63.4637 67.4725 63.6864 66.5712 65.4180 59.0194 62.3387 63.9964 62.6628 59.9019 59.2620 67.8355 59.9580 63.5677 64.1825 66.9954 59.2894 64.0734 68.2219 62.5399 65.6577 59.9223 64.8199 62.0268 67.2767
2.6805 3.4809 2.5894 2.2203 3.1619 1.6535 3.0353 5.2044 2.7223 3.9558 0.0000 4.5542 1.6879 5.7139 3.7133 3.3663 3.5081 2.1601 2.0968 2.5641 4.4794 2.3698 2.3735 3.5431 2.3170 3.1446 5.6265 2.3790 2.3942 2.7493 109.4013 109.6571 107.6481 109.7278 106.7178 109.2748 106.2038 107.9005 110.9421 110.8857 108.5698 109.0117 103.6345 106.4247 109.9018 107.8251 108.6784 110.2165 105.9572 107.8950 107.2353 107.7821 107.0042 106.6884 109.9156 109.4557 106.8516 104.8866 110.5486 108.3304 3.6190 5.5120 7.6456 6.0270 5.6895 5.9693 13.0960 9.4355 4.3006 11.4897 12.5963 10.8758 16.1672 10.7678 6.9556 6.2032 3.6843 4.8388 9.5903 5.7593 3.6532 7.5316 5.7515 5.8997 8.6739 8.5218 6.0101 12.3430 6.3649 4.8577 26.8935 35.1187 36.7395 36.3821 30.7288 24.9803 40.1238 36.9907 23.1521 27.8398 43.1768 30.1190 33.1845 29.5083 35.1016 21.5254 27.7229 30.2244 27.2488 33.9227 34.9743 28.8517 30.1917 30.9903 26.4901 29.8941 23.5507 33.2819 22.1166 37.5217 60.3377 69.0650 62.8943 72.9374 61.8488 65.7034 69.5906 66.0219 68.8032 67.7458 61.1903 64.6030 66.0821 64.5950 62.2573 61.6119 70.1460 62.0417 65.7913 66.4431 69.3403 61.1995 66.1394 70.3300 64.8795 67.9534 61.9755 66.9820 64.0881 69.6182
3.2162 4.8944 3.9092 4.7364 3.0142 5.0405 6.4099 7.5584 5.3357 7.1955 4.5542 0.0000 3.8295 9.2326 6.6676 3.2384 5.4299 5.5843 5.4817 3.8837 7.8713 3.7604 5.8041 6.9167 5.3248 5.8993 9.1064 5.4268 4.5612 6.5297 113.6183 113.8906 111.8725 113.9410 110.9381 113.5151 110.3954 112.1274 115.1609 115.0967 112.7971 113.2427 107.8675 110.6429 114.1200 112.0376 112.9393 114.4450 110.1651 112.0657 111.4654 112.0078 111.1783 110.8863 114.1592 113.6854 111.0888 109.1211 114.7646 112.5393 6.0132 6.7506 10.2780 9.3707 9.4063 8.9142 16.5515 12.9932 7.7558 14.8630 16.2090 14.4932 20.0008 13.9758 10.5382 9.3552 5.2429 8.3931 12.5014 9.2246 5.4973 10.8378 9.0158 9.3190 12.6362 11.8502 8.5968 15.9557 10.2867 6.1077 31.2101 39.3818 40.9479 40.5645 34.8875 29.3271 43.9424 41.0532 27.4311 32.1217 46.9879 34.3706 37.3024 33.8496 39.2732 25.6737 31.8879 34.3077 31.5287 37.9307 39.3146 33.1725 34.4136 35.3137 30.6778 34.1643 27.9087 37.5568 26.4451 41.7197 64.6866 73.3883 67.2594 77.1853 66.1164 70.0073 73.8099 70.2705 73.1019 72.0303 65.5213 68.8576 70.3603 68.9107 66.5036 65.7814 74.4352 66.4444 70.0568 70.7297 73.6451 65.5675 70.4499 74.6796 69.1596 72.1600 66.3380 71.3316 68.5023 73.8171
2.3845 4.1616 2.3376 2.7585 2.4596 2.1800 3.6489 5.5016 3.0406 4.8832 1.6879 3.8295 0.0000 6.3399 4.6224 3.1055 3.7582 2.6843 2.7116 2.3026 5.2814 2.4926 3.2729 3.8450 2.7799 3.7692 6.6302 2.7075 1.8785 3.1625 110.2481 110.4434 108.5075 110.6312 107.6035 110.1011 107.0478 108.7537 111.7968 111.7311 109.4430 109.8181 104.5355 107.3010 110.7914 108.7104 109.5564 111.0600 106.7869 108.7758 108.0987 108.6800 107.8408 107.5636 110.7843 110.3105 107.7034 105.7343 111.3567 109.1932 4.2494 6.0750 8.7355 6.9474 6.7272 7.0319 14.0957 10.5651 5.3464 12.5574 13.6998 12.0329 17.2726 11.8072 7.9685 7.1343 4.4815 5.7965 10.5898 6.7068 4.2762 8.5762 6.8342 6.8430 9.6255 9.4307 6.8686 13.4513 7.3926 5.4267 27.6522 35.8473 37.3445 37.0945 31.4245 25.6842 40.7692 37.5272 23.9014 28.5134 43.7293 30.8750 33.8577 30.1704 35.7040 22.0564 28.5293 30.9051 28.0138 34.5558 35.7775 29.7171 30.8670 31.7201 27.1031 30.5765 24.4413 34.0054 22.8357 38.2395 61.2521 70.0683 63.7861 73.8916 62.8140 66.6977 70.4295 67.0087 69.7727 68.6781 62.1871 65.6014 66.9901 65.4869 63.2660 62.6154 71.0446 63.0013 66.7655 67.3643 70.3423 62.0568 67.0684 71.2040 65.8402 68.8707 62.9148 67.9358 65.0260 70.5560
6.4491 6.1161 6.0950 5.3080 7.5862 5.1242 4.3977 7.3365 4.1888 4.0388 5.7139 9.2326 6.3399 0.0000 5.4371 6.8412 7.1434 4.4510 5.0454 7.0299 4.4763 5.8487 4.5202 5.4501 5.1958 3.9249 2.9369 4.3357 6.4325 3.7775 104.8241 105.0985 103.2211 105.2935 102.2909 104.8212 101.8560 103.4037 106.5337 106.4631 104.1506 104.5197 99.2307 101.8680 105.3250 103.3357 104.1948 105.7326 101.4766 103.3821 102.8018 103.3657 102.4638 102.2604 105.4645 105.0015 102.3617 100.5355 106.0643 103.9192 4.3525 5.7846 6.0550 3.0145 3.7863 4.9987 8.6160 6.0852 3.5236 7.7519 8.8458 7.6776 11.8416 7.3246 3.7992 3.3313 6.2647 2.8696 6.0479 3.1316 5.1351 5.1043 4.2477 3.4635 4.3516 4.5254 4.3356 8.7052 4.5064 5.7901 23.0781 31.3966 32.9990 33.0055 27.7261 21.1158 37.7398 33.8811 19.1901 23.7436 41.0035 26.9132 29.8883 26.0805 31.2376 17.4786 22.9790 26.8695 23.4097 31.1801 30.7905 24.7221 26.6463 27.3822 23.0353 26.3046 19.3486 29.4302 18.6175 34.0819 55.9475 64.8260 58.5898 68.3849 57.4359 61.3173 64.8702 61.4855 64.3341 63.1708 56.9747 60.1315 61.5178 60.2296 57.8851 57.0336 65.6013 57.8501 61.2726 61.8698 64.9251 56.8291 61.7183 65.9852 60.3046 63.3010 57.6818 62.6439 59.8852 64.9966
4.4967 3.2973 4.9104 3.6978 6.0242 4.1453 2.6783 6.6410 3.7430 2.2275 3.7133 6.6676 4.6224 5.4371 0.0000 4.2551 5.1846 3.3029 4.0294 4.3104 2.7928 3.8489 2.7136 3.7638 3.0258 3.0397 4.7006 3.3751 4.4917 4.1381 107.7497 108.1635 105.8570 107.9245 104.9125 107.6879 104.4503 106.2020 109.2558 109.1899 106.8109 107.5176 101.7864 104.7294 108.1930 106.0281 106.9891 108.5217 104.2897 106.0856 105.4968 105.9859 105.2770 104.9616 108.2240 107.7531 105.1317 103.2147 109.0069 106.6211 2.9784 4.1608 5.8743 4.8932 4.0209 3.3688 10.9061 7.0853 3.5257 9.0233 10.2307 8.3689 14.1916 8.1914 5.0012 4.6719 3.4153 3.5809 7.5941 4.5035 3.1109 4.8551 3.5357 3.8443 7.2257 6.4217 4.1802 9.8075 4.5746 3.7752 26.0678 33.8146 35.7233 35.3328 29.5618 24.3187 39.1924 35.8725 22.1054 26.9009 42.0755 28.8569 31.8576 28.6971 34.2449 21.0187 26.5621 29.4742 26.6453 32.6731 33.7161 27.5902 28.9973 29.8944 25.3217 29.0279 22.3415 32.2124 21.4413 36.3547 59.1655 67.5999 61.4444 71.5167 60.5881 64.2818 68.4387 64.5490 67.4410 66.2586 59.7662 63.1766 64.9476 63.4665 60.6418 60.0998 68.6741 60.7510 64.5133 65.1036 67.7917 60.2051 64.8795 69.0254 63.4003 66.5334 60.7143 65.5589 62.7593 68.1080
1.4410 2.7401 2.6386 2.9854 3.1980 3.8328 4.0466 7.0680 3.0906 4.6228 3.3663 3.2384 3.1055 6.8412 4.2551 0.0000 4.9756 3.4111 4.2258 2.9648 5.3579 1.7868 3.7410 5.0940 3.5374 3.2623 6.5381 3.2643 3.5209 4.7506 111.0718 111.4072 109.2859 111.3838 108.4063 111.0608 107.9116 109.6051 112.6839 112.5971 110.2889 110.7908 105.3074 108.1139 111.5839 109.4527 110.4236 111.9118 107.6718 109.5301 108.9199 109.4853 108.6684 108.4045 111.6340 111.1717 108.5678 106.6543 112.3410 110.0671 3.2089 4.2532 7.8934 6.7245 7.0065 6.2637 13.7120 10.3008 5.4974 12.1984 13.5549 11.8066 17.4246 11.2684 7.8537 6.5641 3.2439 5.9559 9.8572 6.6546 2.7609 8.0003 6.4038 6.5638 10.1180 8.9403 5.9484 13.1743 7.8320 3.5084 29.2028 37.1378 38.7879 38.6705 32.9173 27.2522 42.3889 39.0971 25.1905 29.8056 45.4155 32.3262 35.1306 31.7845 36.9713 23.4755 29.4581 32.5135 29.6406 36.0670 36.9670 30.9370 32.2207 33.2084 28.5698 32.2348 25.6054 35.4375 24.4055 39.7097 62.3464 71.0293 64.8683 74.7370 63.8358 67.6171 71.4132 67.7611 70.7079 69.4954 63.1751 66.4583 68.0457 66.6006 64.0352 63.2925 71.9247 64.0970 67.6827 68.3208 71.1754 63.2315 68.0623 72.3378 66.6152 69.6931 63.9736 68.9251 66.1273 71.3014
4.7599 5.4008 5.1526 4.9534 5.2740 2.9938 4.2751 2.7821 5.1531 5.1593 3.5081 5.4299 3.7582 7.1434 5.1846 4.9756 0.0000 4.8303 2.7951 3.1053 5.1836 4.5381 3.6008 4.8949 3.1993 5.0350 7.4665 4.7585 3.6142 4.3892 109.8259 110.1583 108.0192 110.1844 107.1614 109.6996 106.5599 108.2428 111.2924 111.2091 108.9210 109.4669 104.0816 106.8311 110.3744 108.2269 109.0457 110.6836 106.3988 108.3284 107.6858 108.1628 107.4617 106.9911 110.3822 109.9020 107.2069 105.3035 110.9538 108.6699 5.4986 6.7765 9.3259 7.9533 6.4630 7.3045 14.3453 10.7655 5.2739 12.3785 13.5635 11.8434 17.1565 11.7812 8.2371 7.9422 5.5819 6.3730 11.1034 7.7238 5.2806 8.8407 6.7003 6.9295 9.5973 9.5703 7.3790 13.2986 6.7909 6.5466 26.9884 35.4527 37.0771 35.9812 30.2490 25.5959 38.9240 36.8793 23.8482 28.6440 42.8360 30.0966 33.3099 29.7505 35.2376 22.3032 28.7791 29.5233 27.3599 33.6436 35.5893 29.5036 30.4373 31.5003 26.7608 29.9136 24.0734 33.3313 22.3137 37.1772 61.0016 69.6862 63.4943 73.6212 62.3131 66.2728 70.2285 66.8487 69.4152 68.5155 61.8437 65.3048 66.6271 65.3809 63.0761 62.5569 70.9837 62.5869 66.3335 66.9383 69.9738 61.7252 66.9328 71.0179 65.6267 68.8241 62.6024 67.6006 64.5987 70.4632
2.8024 3.4864 2.5595 2.0138 3.8059 2.5394 2.4666 6.3438 1.7269 3.2651 2.1601 5.5843 2.6843 4.4510 3.3029 3.4111 4.8303 0.0000 2.9487 3.3985 3.7722 2.4823 2.4702 2.9000 2.6074 2.1273 4.4860 1.4870 2.9910 2.2757 108.3629 108.6054 106.6261 108.7469 105.7279 108.3216 105.2597 106.9312 109.9946 109.9294 107.6139 108.0230 102.6402 105.4364 108.9114 106.8100 107.6992 109.2161 104.9701 106.9044 106.2466 106.8392 105.9904 105.7559 108.9198 108.4555 105.8423 103.9422 109.5956 107.3930 2.7819 5.0395 6.9738 4.7776 5.1077 5.2851 11.8474 8.4103 3.9835 10.5680 11.6383 9.9500 15.2004 9.8208 5.9266 4.9109 3.7097 4.0067 8.5249 4.5683 3.2088 6.4129 5.0981 4.9007 7.6837 7.2206 5.1471 11.3134 5.6262 4.3548 26.2245 34.1734 35.8648 35.9114 30.2150 24.1053 40.0030 36.2658 22.1168 26.7248 42.8928 29.4391 32.2642 28.7166 34.1199 20.3763 26.5775 29.8193 26.6668 33.3140 33.9573 27.9679 29.2519 30.2106 25.6428 29.2348 22.6247 32.5442 21.3521 36.9515 59.3944 68.1986 61.9231 71.9365 61.0316 64.8209 68.5476 65.0010 67.8897 66.6539 60.3200 63.6752 65.1662 63.6166 61.3087 60.5638 69.0852 61.1476 64.9090 65.4855 68.3578 60.2427 65.1613 69.3910 63.8161 66.8845 61.0266 66.0375 63.1568 68.5615
3.6948 4.0157 3.6440 3.0150 4.4045 1.5337 2.9624 4.0229 3.0552 3.6086 2.0968 5.4817 2.7116 5.0454 4.0294 4.2258 2.7951 2.9487 0.0000 3.2815 4.2554 3.1530 1.9116 3.9731 1.9868 3.2881 5.3534 2.7046 3.2538 2.5964 108.6233 108.9135 106.8927 108.9722 105.9446 108.4983 105.4335 107.0926 110.1540 110.1012 107.7835 108.2574 102.8965 105.6135 109.1065 107.0622 107.8822 109.4673 105.1817 107.1050 106.4924 106.9860 106.2099 105.8701 109.1587 108.6968 106.0456 104.1325 109.7485 107.5192 3.7420 5.4377 7.4152 5.8279 4.9787 5.7503 12.5344 9.0158 3.4686 10.8040 11.9269 10.3275 15.4544 10.1659 6.4344 5.9520 4.1979 4.3277 9.1348 5.4989 3.8514 7.2212 5.2462 5.3756 7.8665 8.0454 5.5515 11.8035 5.7180 5.1077 26.0148 34.4076 36.1185 35.4276 29.8827 24.3037 39.1023 36.3154 22.5539 27.2769 42.6029 29.3252 32.5971 28.8824 34.4213 20.9885 27.0490 29.1338 26.2875 33.1634 34.3268 28.1043 29.5478 30.3680 25.8539 28.9940 22.7652 32.4398 21.3715 36.6355 59.5741 68.3151 62.1731 72.1372 60.9542 64.8802 68.7773 65.3171 67.9938 67.0271 60.4301 63.8057 65.2241 63.8805 61.5502 60.9016 69.4565 61.2795 64.9238 65.5855 68.5771 60.4471 65.4408 69.6057 64.1453 67.2200 61.2258 66.2494 63.3574 68.8973
2.8239 4.3239 3.4111 3.5800 3.5146 2.9744 3.5764 5.3529 3.8347 4.6734 2.5641 3.8837 2.3026 7.0299 4.3104 2.9648 3.1053 3.3985 3.2815 0.0000 4.7831 2.9593 3.5688 3.6957 2.7455 4.0332 7.2025 3.4735 1.9755 4.0235 110.6375 110.8689 108.8134 110.9963 107.9890 110.5322 107.4191 109.1065 112.1814 112.1046 109.8177 110.2778 104.8636 107.6890 111.2163 109.0266 109.9306 111.4584 107.2076 109.1673 108.4876 109.0473 108.2834 107.9648 111.1743 110.6968 108.0397 106.1374 111.8257 109.5591 4.4764 6.0749 9.1065 7.4806 6.9365 7.0021 14.3447 10.7887 5.6580 12.6357 13.8728 12.1135 17.6122 11.9181 8.1557 7.4168 4.6128 6.2436 10.9462 7.2695 4.2572 8.5194 6.8219 6.8545 10.0312 9.3968 6.9574 13.4318 7.1261 5.4360 28.1013 36.0229 37.7404 37.3211 31.4169 26.2778 40.6111 37.6566 24.2826 28.9843 43.9124 31.0080 33.7921 30.4943 35.8934 22.5986 29.1929 31.0764 28.6116 34.4917 36.2221 30.2159 31.0555 32.2048 27.4060 30.9698 24.8612 34.3650 23.1865 38.3998 61.8644 70.6322 64.2436 74.4814 63.4415 67.2670 71.1151 67.5616 70.3485 69.1968 62.7588 66.2005 67.6216 66.1884 63.8470 63.2315 71.6088 63.4816 67.3555 67.8807 70.7888 62.6070 67.6922 71.7936 66.3624 69.4995 63.4782 68.4663 65.4744 71.1834
5.4453 4.9838 5.7679 4.9250 6.9609 4.3742 2.1823 6.0012 4.2575 2.1077 4.4794 7.8713 5.2814 4.4763 2.7928 5.3579 5.1836 3.7722 4.2554 4.7831 0.0000 4.8908 3.2820 3.3093 3.2066 3.2964 4.5783 3.7746 4.5766 3.6307 106.3791 106.7305 104.4983 106.6955 103.6736 106.3222 103.1706 104.8190 107.9311 107.8282 105.5261 106.1122 100.5282 103.3947 106.9163 104.7312 105.6732 107.2013 102.9630 104.8306 104.2063 104.7442 104.0021 103.6778 106.9244 106.4402 103.7756 101.8937 107.6174 105.2995 3.5464 5.0524 6.7339 4.7473 3.2722 3.9765 10.2222 6.8462 3.4505 8.4121 9.6404 7.9920 13.4342 7.9115 4.2533 4.4220 5.1682 3.4064 7.6369 4.4666 4.0331 4.6829 3.5330 2.9818 6.0355 5.3005 4.3307 9.0900 2.9878 4.8651 24.4919 32.2793 34.0904 33.7378 27.8632 22.8366 37.5243 34.2619 20.6407 25.3988 40.7725 27.4094 30.2316 27.0666 32.3240 19.3475 25.3140 27.6920 25.1589 31.1602 32.3623 26.3330 27.4518 28.4881 23.8007 27.4908 21.0049 30.6205 19.8095 34.7219 57.9626 66.6161 60.2149 70.4066 59.4698 63.2375 67.1523 63.4644 66.2878 65.1100 58.7531 62.1571 63.7090 62.3653 59.7010 59.1518 67.4713 59.5548 63.3649 63.8447 66.6842 58.8026 63.7768 67.8040 62.2395 65.4059 59.5432 64.4337 61.5686 67.0377
1.2734 2.3514 1.8881 1.8395 2.9131 2.8760 3.4627 6.3817 2.0214 3.9448 2.3698 3.7604 2.4926 5.8487 3.8489 1.7868 4.5381 2.4823 3.1530 2.9593 4.8908 0.0000 2.8754 4.6496 2.9172 2.5494 5.5868 2.3079 3.2181 3.7796 110.2450 110.5514 108.5079 110.5623 107.5610 110.1875 107.1143 108.7596 111.8452 111.7805 109.4513 109.9289 104.4773 107.2487 110.7077 108.6608 109.5566 111.0813 106.8300 108.7014 108.0995 108.6411 107.8269 107.5738 110.7900 110.3298 107.7217 105.8109 111.4473 109.2318 2.6552 4.1153 7.1433 5.8019 6.2041 5.6941 13.0077 9.5497 4.5055 11.4890 12.7916 11.0878 16.4803 10.6157 7.0975 5.8092 2.7124 5.0011 9.0901 5.6794 2.4119 7.3968 5.6865 5.9049 9.1495 8.4141 5.3653 12.5140 7.1161 3.3603 28.1398 36.2464 37.9652 37.7422 32.1061 26.1993 41.6409 38.3413 24.2493 28.8067 44.7372 31.4553 34.4050 30.8430 36.1886 22.5418 28.3765 31.5880 28.4937 35.3170 36.0174 29.8910 31.4236 32.2492 27.7326 31.2127 24.5395 34.5281 23.4514 38.8525 61.2791 69.9781 63.8486 73.7260 62.7510 66.5488 70.3935 66.7588 69.6525 68.5109 62.1110 65.3890 66.9528 65.5239 63.0080 62.2592 70.8908 63.0307 66.6082 67.3029 70.1871 62.2059 67.0389 71.3021 65.6067 68.6756 62.9360 67.9129 65.0782 70.3256
3.5282 3.0681 3.7179 2.8175 4.8417 2.2097 2.1155 4.9293 2.6606 2.4716 2.3735 5.8041 3.2729 4.5202 2.7136 3.7410 3.6008 2.4702 1.9116 3.5688 3.2820 2.8754 0.0000 3.7396 1.8404 2.2739 4.3375 2.3638 3.5333 2.6359 108.1024 108.4973 106.3208 108.4108 105.4021 108.0591 104.9051 106.5937 109.6583 109.5665 107.2569 107.8067 102.3312 105.1109 108.5855 106.4939 107.3878 108.9389 104.6854 106.5387 105.9513 106.4530 105.6902 105.3302 108.6473 108.1956 105.5547 103.6412 109.3220 107.0390 2.5734 4.2363 6.3373 4.7805 3.9505 4.3694 11.5053 7.8891 2.6540 9.8081 10.9800 9.2139 14.6855 9.0278 5.4514 4.8130 3.1674 3.4085 8.0353 4.6067 2.7003 5.8774 3.9995 4.1652 7.1722 6.8557 4.4078 10.7676 4.9553 3.9419 25.9373 34.2168 35.8850 35.3758 29.7648 24.2292 39.1667 36.1741 22.3203 27.0361 42.4972 29.1813 32.3705 28.7696 34.2166 20.8206 26.6913 29.1837 26.3209 33.0962 33.9858 27.8515 29.2908 30.1751 25.6174 28.9981 22.4663 32.2587 21.2817 36.4775 59.2554 67.8882 61.8091 71.7040 60.6137 64.4570 68.3754 64.8188 67.5972 66.5389 60.0321 63.3825 64.9161 63.5592 61.0401 60.3861 69.0091 60.9547 64.5540 65.2152 68.1190 60.1582 65.0671 69.2706 63.6461 66.7860 60.8648 65.8277 62.9908 68.3711
4.8089 5.4891 4.7988 4.3498 5.5436 3.6762 2.6995 6.1514 4.0869 3.9692 3.5431 6.9167 3.8450 5.4501 3.7638 5.0940 4.8949 2.9000 3.9731 3.6957 3.3093 4.6496 3.7396 0.0000 3.0797 3.9975 5.9938 3.3107 3.1022 2.8137 107.5363 107.7135 105.6937 107.9331 104.8876 107.4295 104.3152 106.0468 109.0822 108.9963 106.7393 107.1378 101.7622 104.6336 108.1766 105.9537 106.8544 108.3483 104.0851 106.0904 105.3878 106.0040 105.1802 104.9237 108.0617 107.5750 104.9182 103.0038 108.7202 106.4848 4.6936 6.7772 8.6267 6.3182 5.3603 6.2937 12.3756 8.9664 5.1683 10.8890 11.8662 10.2120 15.4350 10.3767 6.4351 6.2867 5.7459 5.0105 9.8219 5.9362 5.1530 6.9202 5.9811 5.5157 7.8665 7.5974 6.4492 11.3660 4.9866 6.2472 25.1707 32.8174 34.4927 34.4957 28.5352 23.1667 38.1901 34.4436 21.0806 25.8632 40.9861 27.8877 30.5433 27.3588 32.8891 19.4892 26.3326 28.4496 25.8739 31.3988 33.0276 27.1692 27.7466 29.0164 24.1286 27.9599 21.9329 31.2987 20.1286 35.4439 58.9106 67.7516 61.1762 71.5883 60.6737 64.4685 68.1953 64.7249 67.4748 66.2103 59.8670 63.4008 64.8093 63.2056 60.9944 60.4220 68.6487 60.5479 64.6463 64.9872 67.8430 59.6442 64.7320 68.7240 63.4756 66.5828 60.4908 65.4544 62.5064 68.2671
3.3604 3.5455 3.7271 3.1782 4.5932 2.1607 1.9403 4.7412 2.9449 2.8810 2.3170 5.3248 2.7799 5.1958 3.0258 3.5374 3.1993 2.6074 1.9868 2.7455 3.2066 2.9172 1.8404 3.0797 0.0000 2.7078 5.3609 2.3128 2.5897 2.6454 108.6001 108.9149 106.7800 108.9280 105.8861 108.5020 105.3508 107.0680 110.1050 110.0392 107.7444 108.2525 102.8195 105.6149 109.1244 107.0037 107.8864 109.4261 105.1331 107.0428 106.4478 106.9634 106.1654 105.8412 109.1291 108.6459 106.0064 104.0844 109.7665 107.4765 3.1122 4.8390 7.3663 5.7756 4.7095 5.1757 12.3094 8.7584 3.6260 10.5205 11.6883 10.0280 15.4881 9.8180 6.0399 5.6321 3.9257 4.1377 9.0397 5.4131 3.2754 6.6485 4.8941 4.8626 7.8873 7.5511 5.0658 11.4179 5.2811 4.4399 26.3000 34.3823 36.0477 35.5747 29.8478 24.5565 39.1543 36.1599 22.6471 27.4545 42.4008 29.3001 32.4091 29.0022 34.4416 21.1819 27.2962 29.3914 26.7245 32.9870 34.4181 28.2779 29.4502 30.3895 25.7528 29.2073 23.0027 32.5320 21.5574 36.6637 59.9048 68.6004 62.3330 72.3905 61.3328 65.2253 69.0693 65.5442 68.2852 67.2237 60.7107 64.1202 65.6062 64.2169 61.7499 61.1630 69.6320 61.5664 65.2995 65.8412 68.7798 60.7713 65.7211 69.8067 64.3702 67.4438 61.5107 66.4713 63.6544 69.0652
3.1180 2.8771 3.2897 2.6263 4.7388 3.0420 2.4263 6.4004 1.6840 2.3497 3.1446 5.8993 3.7692 3.9249 3.0397 3.2623 5.0350 2.1273 3.2881 4.0332 3.2964 2.5494 2.2739 3.9975 2.7078 0.0000 3.7076 1.9430 3.9339 2.9248 108.0865 108.4197 106.3548 108.4359 105.4433 108.0860 104.9936 106.6333 109.7214 109.6461 107.3204 107.8132 102.3493 105.1219 108.5826 106.5012 107.4221 108.9515 104.7094 106.5631 105.9742 106.5301 105.6929 105.4453 108.6705 108.1906 105.5808 103.7193 109.3627 107.1015 1.4370 3.3811 5.8781 3.9649 4.3905 4.1520 10.9059 7.6193 2.9511 9.5252 10.8018 9.1871 14.5142 8.7039 5.0056 3.8183 3.2421 3.1682 7.3653 3.9278 1.9441 5.5170 3.9948 3.8382 7.0937 6.1391 3.7553 10.4627 5.2699 2.9147 26.3265 34.3677 36.0631 35.9538 30.3577 24.3849 40.0739 36.5813 22.3330 26.9733 43.2275 29.6661 32.5535 29.0815 34.2530 20.7177 26.4324 29.8392 26.7376 33.6394 34.0168 27.9602 29.5134 30.4217 25.9094 29.4522 22.5919 32.5913 21.6336 36.9929 59.3148 68.0246 61.8670 71.6926 60.7866 64.6022 68.3526 64.7362 67.6574 66.4648 60.1759 63.4116 64.9755 63.5844 61.0439 60.2755 68.9134 61.0885 64.6320 65.2402 68.1473 60.2170 65.0517 69.3228 63.5874 66.6548 60.9595 65.9002 63.1421 68.2699
6.2434 4.9875 5.9707 4.8987 7.4592 5.4886 4.5444 8.0741 4.3182 3.6716 5.6265 9.1064 6.6302 2.9369 4.7006 6.5381 7.4665 4.4860 5.3534 7.2025 4.5783 5.5868 4.3375 5.9938 5.3609 3.7076 0.0000 4.5780 6.8799 4.6969 105.2106 105.6149 103.5192 105.5055 102.5432 105.2675 102.1993 103.7930 106.8950 106.8478 104.4751 104.9804 99.4723 102.2148 105.6233 103.6226 104.5251 106.0802 101.8708 103.6730 103.0950 103.6284 102.8321 102.5876 105.7682 105.3400 102.7588 100.9085 106.5645 104.2685 3.6988 4.8548 3.8705 1.6499 3.4923 3.4371 7.9155 4.8671 2.9807 7.0569 8.0324 6.4408 11.4239 6.2368 2.8358 1.8429 5.0303 2.5275 4.6953 2.0008 4.3873 3.6030 3.1634 2.9080 4.5937 4.1048 3.1686 7.8298 4.5680 4.6953 24.0012 32.1012 33.8916 33.9602 28.5770 21.9414 38.6860 34.9041 19.9986 24.5296 41.8207 27.6000 30.7143 26.9706 32.0437 18.5827 23.4667 28.0042 24.2850 32.0369 31.3386 25.2549 27.4328 28.0725 23.9958 27.2905 19.8837 30.2931 19.4805 34.9633 56.1799 64.8396 58.9374 68.4665 57.6322 61.4112 65.2358 61.4644 64.4585 63.2973 56.9918 60.1595 61.8301 60.4377 57.7976 56.9403 65.7837 57.9971 61.4058 62.1518 64.9766 57.2047 61.8634 66.3070 60.3502 63.4452 57.8332 62.7941 60.1229 65.0204
2.7552 3.2822 2.5545 2.2076 4.0063 2.4868 2.3154 6.1582 1.4256 3.0376 2.3790 5.4268 2.7075 4.3357 3.3751 3.2643 4.7585 1.4870 2.7046 3.4735 3.7746 2.3079 2.3638 3.3107 2.3128 1.9430 4.5780 0.0000 3.0240 2.3075 108.4408 108.6644 106.7124 108.7870 105.7769 108.3478 105.2956 106.9622 110.0290 109.9747 107.6594 108.0700 102.6920 105.4675 108.9412 106.8894 107.7645 109.2656 104.9950 106.9290 106.2948 106.8672 106.0101 105.8048 108.9800 108.4916 105.9014 103.9754 109.5916 107.4066 2.4719 4.5341 6.8120 4.8060 4.9504 5.0739 11.7705 8.4261 3.6685 10.3317 11.5224 9.9726 15.1350 9.5761 5.7589 4.8171 3.6663 3.6987 8.3225 4.4625 2.9252 6.4140 4.9072 4.7388 7.6108 7.2025 4.7384 11.2654 5.7032 3.9363 26.3224 34.3309 36.0071 35.9304 30.3475 24.2928 40.0254 36.4156 22.3670 26.9476 42.9505 29.5895 32.5479 28.9875 34.4074 20.6446 26.6561 29.8680 26.7022 33.4737 34.1593 28.0610 29.5060 30.3370 25.7862 29.3341 22.8093 32.6289 21.5873 37.0236 59.5812 68.3454 62.0659 72.0631 61.1107 64.9569 68.6940 65.1271 67.9907 66.8326 60.4586 63.7868 65.2782 63.8064 61.4128 60.6856 69.1934 61.3221 65.0005 65.5796 68.5092 60.4793 65.3303 69.5071 63.9811 66.9947 61.2421 66.1927 63.3997 68.6615
3.0896 4.7541 3.3874 3.7548 3.5724 2.5236 3.0808 5.2526 3.6514 4.7380 2.3942 4.5612 1.8785 6.4325 4.4917 3.5209 3.6142 2.9910 3.2538 1.9755 4.5766 3.2181 3.5333 3.1022 2.5897 3.9339 6.8799 3.0240 0.0000 3.0782 109.8063 109.9801 107.9988 110.1947 107.1851 109.6466 106.5713 108.2759 111.3234 111.2396 108.9929 109.3513 104.0720 106.8724 110.4111 108.2542 109.1287 110.6092 106.3347 108.3506 107.6448 108.2549 107.4348 107.1345 110.3425 109.8560 107.2385 105.2558 110.8968 108.7281 4.5034 6.3596 9.1860 7.2408 6.5091 7.0696 14.0191 10.5671 5.5502 12.4358 13.6088 11.9402 17.2552 11.7643 7.8264 7.2440 5.1514 5.9134 10.8342 6.9490 4.6042 8.4412 6.7602 6.6690 9.5184 9.1729 7.0033 13.2114 6.8817 5.7242 27.2281 35.3036 36.6876 36.5048 30.6689 25.3516 39.9588 36.7564 23.5247 28.1461 42.9201 30.2886 33.1440 29.5882 35.0507 21.6681 28.3939 30.3199 27.7340 33.8246 35.3802 29.4527 30.2367 31.2271 26.4588 30.1351 24.1813 33.4699 22.3441 37.5759 61.1086 69.9268 63.4889 73.7741 62.7231 66.6021 70.2968 66.8754 69.6097 68.5048 62.0707 65.5356 66.8687 65.4012 63.1531 62.5737 70.8265 62.7719 66.6743 67.1475 70.1442 61.8037 66.9182 70.9614 65.6747 68.7622 62.7340 67.7103 64.7938 70.4122
4.1416 4.7985 3.8776 3.4877 4.8736 2.1850 2.3966 5.1392 2.7864 3.6056 2.7493 6.5297 3.1625 3.7775 4.1381 4.7506 4.3892 2.2757 2.5964 4.0235 3.6307 3.7796 2.6359 2.8137 2.6454 2.9248 4.6969 2.3075 3.0782 0.0000 107.3539 107.5524 105.6456 107.7866 104.7713 107.2399 104.2177 105.8809 108.9277 108.8494 106.5917 106.9271 101.6863 104.4176 107.9220 105.8465 106.6875 108.1964 103.9235 105.9012 105.2537 105.8471 104.9875 104.7095 107.9295 107.4558 104.8215 102.8920 108.4809 106.3403 3.7636 5.8338 7.6367 5.1001 4.5264 5.8118 11.7242 8.4522 3.7798 10.3325 11.4402 9.8966 14.7823 9.7711 5.7679 5.3366 5.0858 3.8044 8.7952 4.9022 4.2992 6.7316 5.2163 4.8516 6.9880 7.0687 5.5561 11.1671 5.1117 5.4530 24.8819 33.2008 34.6112 34.4609 28.8745 22.9617 38.4466 34.9753 21.1645 25.8389 41.5139 28.2976 31.2812 27.5269 32.9865 19.3503 25.7605 28.2498 25.2981 32.1500 32.9682 26.9665 28.1676 29.0597 24.4401 27.9179 21.6569 31.2097 20.1116 35.5450 58.4840 67.3615 61.0131 71.1252 60.0525 63.9706 67.5869 64.2643 66.9775 65.8896 59.4965 62.8739 64.1921 62.7679 60.5722 59.8957 68.2952 60.2725 64.0109 64.5124 67.5606 59.2438 64.3106 68.4320 63.0639 66.1094 60.1543 65.1408 62.2852 67.7768
110.8430 109.7298 110.4481 109.4591 111.7879 108.8942 107.5208 108.5300 108.6968 106.9630 109.4013 113.6183 110.2481 104.8241 107.7497 111.0718 109.8259 108.3629 108.6233 110.6375 106.3791 110.2450 108.1024 107.5363 108.6001 108.0865 105.2106 108.4408 109.8063 107.3539 0.0000 11.1335 8.7067 10.4702 11.3860 10.4574 11.5774 8.9336 9.0373 9.9117 10.2189 9.4856 13.3938 8.0183 8.9920 7.7408 8.6630 7.4882 8.9775 10.5845 9.0382 11.4330 8.9894 11.0734 7.3713 9.0622 9.1916 11.7823 12.8058 10.1161 108.2142 108.6796 105.6031 105.1429 104.5597 105.9274 98.6304 101.7028 106.3944 100.2895 98.8059 100.5138 95.1026 101.3952 103.6336 105.1715 109.6667 105.5493 103.1733 105.1514 108.9824 103.9567 105.5014 104.8827 101.3227 102.7318 106.2324 99.0755 103.8944 109.0736 84.1698 77.3730 75.2440 77.1809 82.8408 85.9404 80.3522 78.0525 87.6082 84.0489 77.6236 82.1544 80.7452 82.8126 78.5489 90.2825 83.3926 83.4597 84.2517 81.7436 75.4596 81.5672 81.6432 80.0870 85.0472 82.1644 86.6615 77.6951 88.8676 75.5278 52.9301 46.1123 49.5805 42.2220 52.2558 49.3814 45.1462 48.4776 44.9098 45.9740 52.5383 50.3979 48.5873 50.4735 52.1802 53.6153 44.5916 51.8814 49.2639 46.3656 44.1973 52.5161 47.6516 42.4578 49.1473 47.1525 51.3167 45.7001 50.4649 44.1599
111.1214 110.1674 110.6464 109.7257 111.9607 109.1452 107.8265 108.8567 108.9441 107.3465 109.6571 113.8906 110.4434 105.0985 108.1635 111.4072 110.1583 108.6054 108.9135 110.8689 106.7305 110.5514 108.4973 107.7135 108.9149 108.4197 105.6149 108.6644 109.9801 107.5524 11.1335 0.0000 15.5345 16.3297 16.6319 10.3736 16.5790 13.4417 13.8721 15.9095 15.5708 8.7699 17.0065 13.6988 14.9533 15.5593 12.9333 12.0391 12.1617 17.3387 13.8216 17.1279 14.2135 18.8096 12.3300 10.9361 12.2852 14.5196 12.2391 14.0030 108.6084 109.2177 106.2006 105.5292 105.0360 106.4650 99.2364 102.2921 106.8153 100.9085 99.4564 101.2099 95.7321 102.0532 104.0447 105.5942 110.1501 105.9230 103.7746 105.4997 109.4134 104.5104 106.0093 105.3366 101.7170 103.2193 106.7308 99.6921 104.2803 109.5480 84.1154 76.8524 74.7818 77.1177 82.8676 85.6305 80.5167 77.4941 87.4163 83.6524 77.3094 82.0923 80.3461 82.4419 78.1457 89.9384 83.3133 83.5788 84.1607 81.4667 75.2734 81.5155 81.4355 79.7932 84.8335 81.9084 86.8292 77.6216 88.8088 75.5658 53.1601 47.3339 49.2054 43.5119 53.3702 50.9719 45.8760 49.4591 45.9573 46.7766 53.5029 51.5738 49.0551 50.5135 53.4628 54.7984 44.7429 52.0478 50.4051 46.8461 45.3725 52.3627 47.8572 42.1183 50.2050 47.5437 51.8499 46.3529 50.8034 45.4358
109.1070 107.9378 108.7667 107.7574 110.0984 107.1859 105.6909 106.7503 107.0200 105.1452 107.6481 111.8725 108.5075 103.2211 105.8570 109.2859 108.0192 106.6261 106.8927 108.8134 104.4983 108.5079 106.3208 105.6937 106.7800 106.3548 103.5192 106.7124 107.9988 105.6456 8.7067 15.5345 0.0000 9.9525 9.1027 12.5907 9.2459 8.9843 9.0966 8.6200 9.1088 12.5995 10.1543 9.9466 12.0469 7.6118 10.1466 8.7787 9.3370 9.9713 8.1371 10.2699 10.6832 10.3836 8.3137 10.0785 8.6122 9.9614 15.0236 9.7755 106.4524 106.8959 103.8661 103.4697 102.7454 104.0679 96.9163 99.9114 104.6618 98.4734 96.9768 98.6182 93.4203 99.5512 101.8438 103.4604 107.8766 103.8272 101.4992 103.4489 107.2084 102.0741 103.6705 103.0789 99.6157 100.9611 104.4598 97.1931 102.0247 107.2830 82.6046 75.4652 73.4435 75.2818 80.6014 84.4713 77.8829 75.8021 86.0654 82.5679 74.8868 80.0514 78.6804 81.0322 76.7683 88.8538 82.1689 81.7248 82.8901 79.3739 73.9662 80.0504 79.7159 78.2934 83.1187 80.4830 85.1140 75.9949 87.1841 73.4729 52.4627 45.4517 48.4672 42.3177 51.9180 48.8540 45.6915 48.1992 44.6727 45.5866 51.6400 50.0254 48.9541 50.4703 51.2044 53.2257 44.0723 50.9006 49.2470 46.0798 43.5454 52.1276 47.6094 42.1145 48.4974 47.1703 50.5367 44.9684 49.5694 43.9426
