1.000000 0.024331 0.269209 0.238923 0.136287 0.188195 0.139896 0.032616 0.077653 0.024185 0.006141 0.033439 0.065975 0.000000 0.055649 0.048050 0.024669 0.048336 0.041007 0.045415 0.047031 0.034676 0.012461 0.041827 0.043725 0.022640 0.043220 0.027019 0.036462 
0.024331 1.000000 0.027851 0.006613 0.041808 0.204727 0.293572 0.232514 0.028528 0.001717 0.008375 0.044079 0.071387 0.020293 0.050788 0.024094 0.051679 0.062421 0.068343 0.047447 0.050633 0.062571 0.071499 0.080440 0.057568 0.092230 0.061515 0.073568 0.087195 
0.269209 0.027851 1.000000 0.203112 0.174963 0.266743 0.141920 0.079682 0.484203 0.373626 0.084445 0.274780 0.450129 0.141475 0.186882 0.287466 0.162347 0.130201 0.344467 0.117193 0.225304 0.163258 0.160604 0.208183 0.150913 0.116237 0.161560 0.112077 0.074744 
0.238923 0.006613 0.203112 1.000000 0.111186 0.239134 0.139279 0.069712 0.159347 0.419481 0.402994 0.222189 0.153322 0.428642 0.062989 0.243388 0.376092 0.177348 0.193586 0.125947 0.128931 0.287528 0.160100 0.184018 0.106592 0.166857 0.129340 0.131390 0.081195 
0.136287 0.041808 0.174963 0.111186 1.000000 0.138099 0.116676 0.078979 0.145894 0.125033 0.059620 0.128939 0.108108 0.097403 0.081789 0.461761 0.140269 0.095345 0.175450 0.293528 0.411930 0.106606 0.104700 0.177479 0.383773 0.139615 0.279283 0.100977 0.065799 
0.188195 0.204727 0.266743 0.239134 0.138099 1.000000 0.315684 0.223343 0.200097 0.187555 0.099755 0.486857 0.372828 0.378204 0.118476 0.194905 0.473864 0.425671 0.338825 0.137819 0.282467 0.280401 0.397831 0.411488 0.228649 0.351123 0.242596 0.257869 0.202002 
0.139896 0.293572 0.141920 0.139279 0.116676 0.315684 1.000000 0.206902 0.103510 0.113995 0.057214 0.164703 0.131534 0.171453 0.070993 0.153001 0.357628 0.144696 0.363994 0.123550 0.189530 0.393142 0.209990 0.444089 0.207917 0.379409 0.303220 0.323282 0.169561 
0.032616 0.232514 0.079682 0.069712 0.078979 0.223343 0.206902 1.000000 0.093054 0.079321 0.054873 0.153109 0.166066 0.126571 0.068417 0.079551 0.167410 0.126838 0.154288 0.071498 0.136745 0.200459 0.414643 0.170472 0.127307 0.482213 0.139723 0.340350 0.457818 
0.077653 0.028528 0.484203 0.159347 0.145894 0.200097 0.103510 0.093054 1.000000 0.427309 0.198687 0.346714 0.449164 0.291228 0.222268 0.344418 0.262492 0.161467 0.328025 0.116760 0.270406 0.184588 0.227573 0.234517 0.149235 0.179843 0.130748 0.141584 0.101699 
0.024185 0.001717 0.373626 0.419481 0.125033 0.187555 0.113995 0.079321 0.427309 1.000000 0.545049 0.571378 0.372790 0.591386 0.112379 0.455472 0.449654 0.176766 0.442514 0.185982 0.243458 0.305623 0.318532 0.253362 0.170163 0.223181 0.176878 0.190650 0.131791 
0.006141 0.008375 0.084445 0.402994 0.059620 0.099755 0.057214 0.054873 0.198687 0.545049 1.000000 0.370508 0.142214 0.592920 0.080391 0.238075 0.350120 0.126457 0.168180 0.105567 0.111642 0.217622 0.183685 0.141985 0.085547 0.137057 0.086427 0.101639 0.078434 
0.033439 0.044079 0.274780 0.222189 0.128939 0.486857 0.164703 0.153109 0.346714 0.571378 0.370508 1.000000 0.352819 0.573892 0.183383 0.371248 0.556037 0.345656 0.501700 0.187192 0.317975 0.322758 0.541641 0.407026 0.220688 0.376984 0.234128 0.318228 0.197695 
0.065975 0.071387 0.450129 0.153322 0.108108 0.372828 0.131534 0.166066 0.449164 0.372790 0.142214 0.352819 1.000000 0.282530 0.251118 0.260474 0.297841 0.290348 0.332865 0.120717 0.259566 0.188703 0.384144 0.281761 0.195974 0.214705 0.128025 0.241692 0.126267 
0.000000 0.020293 0.141475 0.428642 0.097403 0.378204 0.171453 0.126571 0.291228 0.591386 0.592920 0.573892 0.282530 1.000000 0.113887 0.351559 0.715533 0.402309 0.372214 0.171033 0.250146 0.424583 0.482521 0.398839 0.180562 0.397206 0.218015 0.290417 0.190259 
0.055649 0.050788 0.186882 0.062989 0.081789 0.118476 0.070993 0.068417 0.222268 0.112379 0.080391 0.183383 0.251118 0.113887 1.000000 0.160580 0.123389 0.098999 0.127269 0.107057 0.170712 0.105103 0.116148 0.143818 0.160306 0.136315 0.114631 0.113734 0.084302 
0.048050 0.024094 0.287466 0.243388 0.461761 0.194905 0.153001 0.079551 0.344418 0.455472 0.238075 0.371248 0.260474 0.351559 0.160580 1.000000 0.381877 0.195378 0.395303 0.406162 0.524001 0.245153 0.235556 0.313969 0.448134 0.240623 0.406919 0.181429 0.115685 
0.024669 0.051679 0.162347 0.376092 0.140269 0.473864 0.357628 0.167410 0.262492 0.449654 0.350120 0.556037 0.297841 0.715533 0.123389 0.381877 1.000000 0.407825 0.450443 0.233285 0.318587 0.582875 0.521776 0.571288 0.259362 0.514546 0.404176 0.441701 0.227621 
0.048336 0.062421 0.130201 0.177348 0.095345 0.425671 0.144696 0.126838 0.161467 0.176766 0.126457 0.345656 0.290348 0.402309 0.098999 0.195378 0.407825 1.000000 0.213289 0.107886 0.200765 0.197492 0.337795 0.291671 0.198033 0.253519 0.172742 0.194066 0.131161 
0.041007 0.068343 0.344467 0.193586 0.175450 0.338825 0.363994 0.154288 0.328025 0.442514 0.168180 0.501700 0.332865 0.372214 0.127269 0.395303 0.450443 0.213289 1.000000 0.211012 0.329807 0.431786 0.446000 0.428755 0.308615 0.387542 0.418296 0.332268 0.222060 
0.045415 0.047447 0.117193 0.125947 0.293528 0.137819 0.123550 0.071498 0.116760 0.185982 0.105567 0.187192 0.120717 0.171033 0.107057 0.406162 0.233285 0.107886 0.211012 1.000000 0.294265 0.175570 0.127574 0.196255 0.548681 0.143454 0.316514 0.125585 0.078567 
0.047031 0.050633 0.225304 0.128931 0.411930 0.282467 0.189530 0.136745 0.270406 0.243458 0.111642 0.317975 0.259566 0.250146 0.170712 0.524001 0.318587 0.200765 0.329807 0.294265 1.000000 0.209853 0.282070 0.395092 0.713335 0.344211 0.408621 0.231757 0.125046 
0.034676 0.062571 0.163258 0.287528 0.106606 0.280401 0.393142 0.200459 0.184588 0.305623 0.217622 0.322758 0.188703 0.424583 0.105103 0.245153 0.582875 0.197492 0.431786 0.175570 0.209853 1.000000 0.304247 0.447154 0.194315 0.573054 0.281083 0.483931 0.167398 
0.012461 0.071499 0.160604 0.160100 0.104700 0.397831 0.209990 0.414643 0.227573 0.318532 0.183685 0.541641 0.384144 0.482521 0.116148 0.235556 0.521776 0.337795 0.446000 0.127574 0.282070 0.304247 1.000000 0.389574 0.204588 0.625210 0.257430 0.540208 0.511020 
0.041827 0.080440 0.208183 0.184018 0.177479 0.411488 0.444089 0.170472 0.234517 0.253362 0.141985 0.407026 0.281761 0.398839 0.143818 0.313969 0.571288 0.291671 0.428755 0.196255 0.395092 0.447154 0.389574 1.000000 0.380901 0.492262 0.489331 0.481421 0.193855 
0.043725 0.057568 0.150913 0.106592 0.383773 0.228649 0.207917 0.127307 0.149235 0.170163 0.085547 0.220688 0.195974 0.180562 0.160306 0.448134 0.259362 0.198033 0.308615 0.548681 0.713335 0.194315 0.204588 0.380901 1.000000 0.294398 0.496807 0.204896 0.093923 
0.022640 0.092230 0.116237 0.166857 0.139615 0.351123 0.379409 0.482213 0.179843 0.223181 0.137057 0.376984 0.214705 0.397206 0.136315 0.240623 0.514546 0.253519 0.387542 0.143454 0.344211 0.573054 0.625210 0.492262 0.294398 1.000000 0.385770 0.656557 0.599826 
0.043220 0.061515 0.161560 0.129340 0.279283 0.242596 0.303220 0.139723 0.130748 0.176878 0.086427 0.234128 0.128025 0.218015 0.114631 0.406919 0.404176 0.172742 0.418296 0.316514 0.408621 0.281083 0.257430 0.489331 0.496807 0.385770 1.000000 0.324877 0.141844 
0.027019 0.073568 0.112077 0.131390 0.100977 0.257869 0.323282 0.340350 0.141584 0.190650 0.101639 0.318228 0.241692 0.290417 0.113734 0.181429 0.441701 0.194066 0.332268 0.125585 0.231757 0.483931 0.540208 0.481421 0.204896 0.656557 0.324877 1.000000 0.276105 
0.036462 0.087195 0.074744 0.081195 0.065799 0.202002 0.169561 0.457818 0.101699 0.131791 0.078434 0.197695 0.126267 0.190259 0.084302 0.115685 0.227621 0.131161 0.222060 0.078567 0.125046 0.167398 0.511020 0.193855 0.093923 0.599826 0.141844 0.276105 1.000000 
