1.000000 -0.035524 0.224377 0.192233 0.083300 0.138392 0.087131 -0.026731 0.021069 -0.035678 -0.054830 -0.025858 0.008675 -0.061348 -0.002285 -0.010350 -0.035165 -0.010047 -0.017825 -0.013146 -0.011431 -0.024544 -0.048122 -0.016954 -0.014940 -0.037319 -0.015477 -0.032671 -0.022649 
-0.035524 1.000000 -0.031788 -0.054329 -0.016974 0.155939 0.250235 0.185430 -0.031070 -0.059526 -0.052459 -0.014564 0.014419 -0.039810 -0.007444 -0.035776 -0.006498 0.004903 0.011188 -0.010989 -0.007608 0.005062 0.014537 0.024028 -0.000248 0.036541 0.003941 0.016733 0.031196 
0.224377 -0.031788 1.000000 0.154225 0.124349 0.221759 0.089279 0.023223 0.452560 0.335200 0.028278 0.230289 0.416396 0.088807 0.136999 0.243754 0.110959 0.076841 0.304252 0.063035 0.177778 0.111926 0.109109 0.159607 0.098823 0.062020 0.110124 0.057605 0.017982 
0.192233 -0.054329 0.154225 1.000000 0.056660 0.192456 0.086476 0.012641 0.107775 0.383867 0.366369 0.174472 0.101380 0.393591 0.005506 0.196972 0.337816 0.126881 0.144114 0.072326 0.075493 0.243820 0.108574 0.133959 0.051783 0.115745 0.075927 0.078103 0.024829 
0.083300 -0.016974 0.124349 0.056660 1.000000 0.085223 0.062486 0.022476 0.093497 0.071356 0.001930 0.075501 0.053392 0.042031 0.025459 0.428741 0.087527 0.039847 0.124865 0.250188 0.375854 0.051798 0.049776 0.127019 0.345969 0.086832 0.235069 0.045825 0.008488 
0.138392 0.155939 0.221759 0.192456 0.085223 1.000000 0.273702 0.175697 0.151025 0.137713 0.044528 0.455377 0.334353 0.340059 0.064397 0.145515 0.441587 0.390437 0.298263 0.084926 0.238448 0.236256 0.360889 0.375384 0.181329 0.311316 0.196131 0.212341 0.153047 
0.087131 0.250235 0.089279 0.086476 0.062486 0.273702 1.000000 0.158247 0.048512 0.059641 -0.000623 0.113459 0.078256 0.120624 0.014000 0.101039 0.318220 0.092225 0.324976 0.069782 0.139810 0.355913 0.161525 0.409985 0.159325 0.341338 0.260474 0.281767 0.118616 
-0.026731 0.185430 0.023223 0.012641 0.022476 0.175697 0.158247 1.000000 0.037415 0.022839 -0.003108 0.101154 0.114907 0.072988 0.011267 0.023083 0.116333 0.073271 0.102406 0.014537 0.083787 0.151409 0.378733 0.119582 0.073769 0.450448 0.086947 0.299882 0.424556 
0.021069 -0.031070 0.452560 0.107775 0.093497 0.151025 0.048512 0.037415 1.000000 0.392176 0.149529 0.306637 0.415372 0.247746 0.174556 0.304200 0.217248 0.110025 0.286801 0.062576 0.225648 0.134564 0.180187 0.187557 0.097043 0.129528 0.077422 0.088922 0.046590 
-0.035678 -0.059526 0.335200 0.383867 0.071356 0.137713 0.059641 0.022839 0.392176 1.000000 0.517139 0.545083 0.334312 0.566319 0.057926 0.422067 0.415892 0.126263 0.408314 0.136044 0.197046 0.263025 0.276726 0.207557 0.119255 0.175525 0.126381 0.140998 0.078529 
-0.054830 -0.052459 0.028278 0.366369 0.001930 0.044528 -0.000623 -0.003108 0.149529 0.517139 1.000000 0.331890 0.089591 0.567947 0.023975 0.191332 0.310251 0.072867 0.117150 0.050696 0.057143 0.169625 0.133606 0.089347 0.029447 0.084118 0.030382 0.046527 0.021898 
-0.025858 -0.014564 0.230289 0.174472 0.075501 0.455377 0.113459 0.101154 0.306637 0.545083 0.331890 1.000000 0.313116 0.547752 0.133285 0.332676 0.528801 0.305514 0.471131 0.137328 0.276134 0.281211 0.513522 0.370649 0.172879 0.338763 0.187144 0.276403 0.148476 
0.008675 0.014419 0.416396 0.101380 0.053392 0.334353 0.078256 0.114907 0.415372 0.334312 0.089591 0.313116 1.000000 0.238515 0.205175 0.215106 0.254765 0.246813 0.291937 0.066775 0.214142 0.138932 0.346362 0.237698 0.146649 0.166529 0.074532 0.195171 0.072666 
-0.061348 -0.039810 0.088807 0.393591 0.042031 0.340059 0.120624 0.072988 0.247746 0.566319 0.567947 0.547752 0.238515 1.000000 0.059526 0.311778 0.698082 0.365642 0.333701 0.120178 0.204145 0.389282 0.450775 0.361959 0.130291 0.360226 0.170042 0.246886 0.140584 
-0.002285 -0.007444 0.136999 0.005506 0.025459 0.064397 0.014000 0.011267 0.174556 0.057926 0.023975 0.133285 0.205175 0.059526 1.000000 0.109084 0.069611 0.043724 0.073729 0.052277 0.119837 0.050203 0.061926 0.091293 0.108793 0.083330 0.060316 0.059364 0.028127 
-0.010350 -0.035776 0.243754 0.196972 0.428741 0.145515 0.101039 0.023083 0.304200 0.422067 0.191332 0.332676 0.215106 0.311778 0.109084 1.000000 0.343956 0.146016 0.358207 0.369731 0.494800 0.198845 0.188659 0.271882 0.414278 0.194038 0.370535 0.131211 0.061434 
-0.035165 -0.006498 0.110959 0.337816 0.087527 0.441587 0.318220 0.116333 0.217248 0.415892 0.310251 0.528801 0.254765 0.698082 0.069611 0.343956 1.000000 0.371497 0.416728 0.186249 0.276784 0.557286 0.492438 0.544987 0.213926 0.484765 0.367624 0.407451 0.180238 
-0.010047 0.004903 0.076841 0.126881 0.039847 0.390437 0.092225 0.073271 0.110025 0.126263 0.072867 0.305514 0.246813 0.365642 0.043724 0.146016 0.371497 1.000000 0.165027 0.053157 0.151734 0.148260 0.297170 0.248217 0.148834 0.207724 0.121991 0.144623 0.077860 
-0.017825 0.011188 0.304252 0.144114 0.124865 0.298263 0.324976 0.102406 0.286801 0.408314 0.117150 0.471131 0.291937 0.333701 0.073729 0.358207 0.416728 0.165027 1.000000 0.162609 0.288693 0.396927 0.412013 0.393710 0.266200 0.349969 0.382610 0.291304 0.174335 
-0.013146 -0.010989 0.063035 0.072326 0.250188 0.084926 0.069782 0.014537 0.062576 0.136044 0.050696 0.137328 0.066775 0.120178 0.052277 0.369731 0.186249 0.053157 0.162609 1.000000 0.250970 0.124993 0.074053 0.146947 0.520994 0.090906 0.274584 0.071942 0.022039 
-0.011431 -0.007608 0.177778 0.075493 0.375854 0.238448 0.139810 0.083787 0.225648 0.197046 0.057143 0.276134 0.214142 0.204145 0.119837 0.494800 0.276784 0.151734 0.288693 0.250970 1.000000 0.161379 0.238026 0.357982 0.695749 0.303980 0.372342 0.184627 0.071369 
-0.024544 0.005062 0.111926 0.243820 0.051798 0.236256 0.355913 0.151409 0.134564 0.263025 0.169625 0.281211 0.138932 0.389282 0.050203 0.198845 0.557286 0.148260 0.396927 0.124993 0.161379 1.000000 0.261565 0.413239 0.144889 0.546862 0.236979 0.452271 0.116320 
-0.048122 0.014537 0.109109 0.108574 0.049776 0.360889 0.161525 0.378733 0.180187 0.276726 0.133606 0.513522 0.346362 0.450775 0.061926 0.188659 0.492438 0.297170 0.412013 0.074053 0.238026 0.261565 1.000000 0.352126 0.155791 0.602218 0.211875 0.512000 0.481023 
-0.016954 0.024028 0.159607 0.133959 0.127019 0.375384 0.409985 0.119582 0.187557 0.207557 0.089347 0.370649 0.237698 0.361959 0.091293 0.271882 0.544987 0.248217 0.393710 0.146947 0.357982 0.413239 0.352126 1.000000 0.342920 0.461113 0.458003 0.449608 0.144400 
-0.014940 -0.000248 0.098823 0.051783 0.345969 0.181329 0.159325 0.073769 0.097043 0.119255 0.029447 0.172879 0.146649 0.130291 0.108793 0.414278 0.213926 0.148834 0.266200 0.520994 0.695749 0.144889 0.155791 0.342920 1.000000 0.251111 0.465937 0.156118 0.038337 
-0.037319 0.036541 0.062020 0.115745 0.086832 0.311316 0.341338 0.450448 0.129528 0.175525 0.084118 0.338763 0.166529 0.360226 0.083330 0.194038 0.484765 0.207724 0.349969 0.090906 0.303980 0.546862 0.602218 0.461113 0.251111 1.000000 0.348088 0.635488 0.575276 
-0.015477 0.003941 0.110124 0.075927 0.235069 0.196131 0.260474 0.086947 0.077422 0.126381 0.030382 0.187144 0.074532 0.170042 0.060316 0.370535 0.367624 0.121991 0.382610 0.274584 0.372342 0.236979 0.211875 0.458003 0.465937 0.348088 1.000000 0.283460 0.089198 
-0.032671 0.016733 0.057605 0.078103 0.045825 0.212341 0.281767 0.299882 0.088922 0.140998 0.046527 0.276403 0.195171 0.246886 0.059364 0.131211 0.407451 0.144623 0.291304 0.071942 0.184627 0.452271 0.512000 0.449608 0.156118 0.635488 0.283460 1.000000 0.231696 
-0.022649 0.031196 0.017982 0.024829 0.008488 0.153047 0.118616 0.424556 0.046590 0.078529 0.021898 0.148476 0.072666 0.140584 0.028127 0.061434 0.180238 0.077860 0.174335 0.022039 0.071369 0.116320 0.481023 0.144400 0.038337 0.575276 0.089198 0.231696 1.000000 
