1.000000 0.457818 0.032616 0.232514 0.167410 0.153109 0.126571 0.206902 0.223343 0.126838 0.414643 0.482213 0.340350 0.154288 0.200459 0.170472 0.166066 0.079682 0.093054 0.079321 0.069712 0.054873 0.079551 0.139723 0.136745 0.127307 0.068417 0.078979 0.071498
0.457818 1.000000 0.036462 0.087195 0.227621 0.197695 0.190259 0.169561 0.202002 0.131161 0.511020 0.599826 0.276105 0.222060 0.167398 0.193855 0.126267 0.074744 0.101699 0.131791 0.081195 0.078434 0.115685 0.141844 0.125046 0.093923 0.084302 0.065799 0.078567
0.032616 0.036462 1.000000 0.024331 0.024669 0.033439 0.000000 0.139896 0.188195 0.048336 0.012461 0.022640 0.027019 0.041007 0.034676 0.041827 0.065975 0.269209 0.077653 0.024185 0.238923 0.006141 0.048050 0.043220 0.047031 0.043725 0.055649 0.136287 0.045415
0.232514 0.087195 0.024331 1.000000 0.051679 0.044079 0.020293 0.293572 0.204727 0.062421 0.071499 0.092230 0.073568 0.068343 0.062571 0.080440 0.071387 0.027851 0.028528 0.001717 0.006613 0.008375 0.024094 0.061515 0.050633 0.057568 0.050788 0.041808 0.047447
0.167410 0.227621 0.024669 0.051679 1.000000 0.556037 0.715533 0.357628 0.473864 0.407825 0.521776 0.514546 0.441701 0.450443 0.582875 0.571288 0.297841 0.162347 0.262492 0.449654 0.376092 0.350120 0.381877 0.404176 0.318587 0.259362 0.123389 0.140269 0.233285
0.153109 0.197695 0.033439 0.044079 0.556037 1.000000 0.573892 0.164703 0.486857 0.345656 0.541641 0.376984 0.318228 0.501700 0.322758 0.407026 0.352819 0.274780 0.346714 0.571378 0.222189 0.370508 0.371248 0.234128 0.317975 0.220688 0.183383 0.128939 0.187192
0.126571 0.190259 0.000000 0.020293 0.715533 0.573892 1.000000 0.171453 0.378204 0.402309 0.482521 0.397206 0.290417 0.372214 0.424583 0.398839 0.282530 0.141475 0.291228 0.591386 0.428642 0.592920 0.351559 0.218015 0.250146 0.180562 0.113887 0.097403 0.171033
0.206902 0.169561 0.139896 0.293572 0.357628 0.164703 0.171453 1.000000 0.315684 0.144696 0.209990 0.379409 0.323282 0.363994 0.393142 0.444089 0.131534 0.141920 0.103510 0.113995 0.139279 0.057214 0.153001 0.303220 0.189530 0.207917 0.070993 0.116676 0.123550
0.223343 0.202002 0.188195 0.204727 0.473864 0.486857 0.378204 0.315684 1.000000 0.425671 0.397831 0.351123 0.257869 0.338825 0.280401 0.411488 0.372828 0.266743 0.200097 0.187555 0.239134 0.099755 0.194905 0.242596 0.282467 0.228649 0.118476 0.138099 0.137819
0.126838 0.131161 0.048336 0.062421 0.407825 0.345656 0.402309 0.144696 0.425671 1.000000 0.337795 0.253519 0.194066 0.213289 0.197492 0.291671 0.290348 0.130201 0.161467 0.176766 0.177348 0.126457 0.195378 0.172742 0.200765 0.198033 0.098999 0.095345 0.107886
0.414643 0.511020 0.012461 0.071499 0.521776 0.541641 0.482521 0.209990 0.397831 0.337795 1.000000 0.625210 0.540208 0.446000 0.304247 0.389574 0.384144 0.160604 0.227573 0.318532 0.160100 0.183685 0.235556 0.257430 0.282070 0.204588 0.116148 0.104700 0.127574
0.482213 0.599826 0.022640 0.092230 0.514546 0.376984 0.397206 0.379409 0.351123 0.253519 0.625210 1.000000 0.656557 0.387542 0.573054 0.492262 0.214705 0.116237 0.179843 0.223181 0.166857 0.137057 0.240623 0.385770 0.344211 0.294398 0.136315 0.139615 0.143454
0.340350 0.276105 0.027019 0.073568 0.441701 0.318228 0.290417 0.323282 0.257869 0.194066 0.540208 0.656557 1.000000 0.332268 0.483931 0.481421 0.241692 0.112077 0.141584 0.190650 0.131390 0.101639 0.181429 0.324877 0.231757 0.204896 0.113734 0.100977 0.125585
0.154288 0.222060 0.041007 0.068343 0.450443 0.501700 0.372214 0.363994 0.338825 0.213289 0.446000 0.387542 0.332268 1.000000 0.431786 0.428755 0.332865 0.344467 0.328025 0.442514 0.193586 0.168180 0.395303 0.418296 0.329807 0.308615 0.127269 0.175450 0.211012
0.200459 0.167398 0.034676 0.062571 0.582875 0.322758 0.424583 0.393142 0.280401 0.197492 0.304247 0.573054 0.483931 0.431786 1.000000 0.447154 0.188703 0.163258 0.184588 0.305623 0.287528 0.217622 0.245153 0.281083 0.209853 0.194315 0.105103 0.106606 0.175570
0.170472 0.193855 0.041827 0.080440 0.571288 0.407026 0.398839 0.444089 0.411488 0.291671 0.389574 0.492262 0.481421 0.428755 0.447154 1.000000 0.281761 0.208183 0.234517 0.253362 0.184018 0.141985 0.313969 0.489331 0.395092 0.380901 0.143818 0.177479 0.196255
0.166066 0.126267 0.065975 0.071387 0.297841 0.352819 0.282530 0.131534 0.372828 0.290348 0.384144 0.214705 0.241692 0.332865 0.188703 0.281761 1.000000 0.450129 0.449164 0.372790 0.153322 0.142214 0.260474 0.128025 0.259566 0.195974 0.251118 0.108108 0.120717
0.079682 0.074744 0.269209 0.027851 0.162347 0.274780 0.141475 0.141920 0.266743 0.130201 0.160604 0.116237 0.112077 0.344467 0.163258 0.208183 0.450129 1.000000 0.484203 0.373626 0.203112 0.084445 0.287466 0.161560 0.225304 0.150913 0.186882 0.174963 0.117193
0.093054 0.101699 0.077653 0.028528 0.262492 0.346714 0.291228 0.103510 0.200097 0.161467 0.227573 0.179843 0.141584 0.328025 0.184588 0.234517 0.449164 0.484203 1.000000 0.427309 0.159347 0.198687 0.344418 0.130748 0.270406 0.149235 0.222268 0.145894 0.116760
0.079321 0.131791 0.024185 0.001717 0.449654 0.571378 0.591386 0.113995 0.187555 0.176766 0.318532 0.223181 0.190650 0.442514 0.305623 0.253362 0.372790 0.373626 0.427309 1.000000 0.419481 0.545049 0.455472 0.176878 0.243458 0.170163 0.112379 0.125033 0.185982
0.069712 0.081195 0.238923 0.006613 0.376092 0.222189 0.428642 0.139279 0.239134 0.177348 0.160100 0.166857 0.131390 0.193586 0.287528 0.184018 0.153322 0.203112 0.159347 0.419481 1.000000 0.402994 0.243388 0.129340 0.128931 0.106592 0.062989 0.111186 0.125947
0.054873 0.078434 0.006141 0.008375 0.350120 0.370508 0.592920 0.057214 0.099755 0.126457 0.183685 0.137057 0.101639 0.168180 0.217622 0.141985 0.142214 0.084445 0.198687 0.545049 0.402994 1.000000 0.238075 0.086427 0.111642 0.085547 0.080391 0.059620 0.105567
0.079551 0.115685 0.048050 0.024094 0.381877 0.371248 0.351559 0.153001 0.194905 0.195378 0.235556 0.240623 0.181429 0.395303 0.245153 0.313969 0.260474 0.287466 0.344418 0.455472 0.243388 0.238075 1.000000 0.406919 0.524001 0.448134 0.160580 0.461761 0.406162
0.139723 0.141844 0.043220 0.061515 0.404176 0.234128 0.218015 0.303220 0.242596 0.172742 0.257430 0.385770 0.324877 0.418296 0.281083 0.489331 0.128025 0.161560 0.130748 0.176878 0.129340 0.086427 0.406919 1.000000 0.408621 0.496807 0.114631 0.279283 0.316514
0.136745 0.125046 0.047031 0.050633 0.318587 0.317975 0.250146 0.189530 0.282467 0.200765 0.282070 0.344211 0.231757 0.329807 0.209853 0.395092 0.259566 0.225304 0.270406 0.243458 0.128931 0.111642 0.524001 0.408621 1.000000 0.713335 0.170712 0.411930 0.294265
0.127307 0.093923 0.043725 0.057568 0.259362 0.220688 0.180562 0.207917 0.228649 0.198033 0.204588 0.294398 0.204896 0.308615 0.194315 0.380901 0.195974 0.150913 0.149235 0.170163 0.106592 0.085547 0.448134 0.496807 0.713335 1.000000 0.160306 0.383773 0.548681
0.068417 0.084302 0.055649 0.050788 0.123389 0.183383 0.113887 0.070993 0.118476 0.098999 0.116148 0.136315 0.113734 0.127269 0.105103 0.143818 0.251118 0.186882 0.222268 0.112379 0.062989 0.080391 0.160580 0.114631 0.170712 0.160306 1.000000 0.081789 0.107057
0.078979 0.065799 0.136287 0.041808 0.140269 0.128939 0.097403 0.116676 0.138099 0.095345 0.104700 0.139615 0.100977 0.175450 0.106606 0.177479 0.108108 0.174963 0.145894 0.125033 0.111186 0.059620 0.461761 0.279283 0.411930 0.383773 0.081789 1.000000 0.293528
0.071498 0.078567 0.045415 0.047447 0.233285 0.187192 0.171033 0.123550 0.137819 0.107886 0.127574 0.143454 0.125585 0.211012 0.175570 0.196255 0.120717 0.117193 0.116760 0.185982 0.125947 0.105567 0.406162 0.316514 0.294265 0.548681 0.107057 0.293528 1.000000
