1.000000 0.538304 0.000000 0.537765 0.787728 0.427928 0.720500 0.565247 0.575845 0.617888 0.717368 0.597311 0.757009 0.603547 0.481495 0.531877 0.547787 0.567599 0.539544 0.571047 0.587232 0.589174 0.602951 0.592398 0.600802 0.593548 0.803554 0.653170 0.635667
0.538304 1.000000 0.522264 0.346026 0.433241 0.450639 0.815241 0.784166 0.665909 0.608547 0.589129 0.601684 0.767708 0.629827 0.644243 0.672170 0.647313 0.594345 0.610313 0.630080 0.639415 0.657021 0.537425 0.628295 0.608237 0.621389 0.550561 0.552770 0.644076
0.000000 0.522264 1.000000 0.916175 0.868325 0.916571 0.745346 0.708580 0.758387 0.696218 0.678311 0.745041 0.850396 0.859198 0.885631 0.857372 0.813774 0.911602 0.945740 0.866949 0.848136 0.857958 0.840104 0.775796 0.793778 0.751803 0.721850 0.814152 0.810048
0.537765 0.346026 0.916175 1.000000 0.865204 0.903801 0.696329 0.655487 0.713369 0.694674 0.707138 0.755519 0.756580 0.749146 0.826404 0.778830 0.758646 0.910935 0.875279 0.820725 0.872947 0.795469 0.877156 0.749225 0.790201 0.744408 0.848671 0.867875 0.848355
0.787728 0.433241 0.868325 0.865204 1.000000 0.859442 0.719970 0.641531 0.658044 0.630780 0.693439 0.707996 0.787844 0.749557 0.736883 0.741977 0.713007 0.778252 0.849602 0.812419 0.760581 0.754183 0.790163 0.711140 0.710765 0.688579 0.766695 0.736304 0.731589
0.427928 0.450639 0.916571 0.903801 0.859442 1.000000 0.620751 0.616444 0.654261 0.656954 0.625028 0.687471 0.681014 0.708474 0.753955 0.718043 0.683141 0.847487 0.839530 0.775563 0.742955 0.722282 0.787261 0.664929 0.693912 0.663795 0.662363 0.763886 0.722476
0.720500 0.815241 0.745346 0.696329 0.719970 0.620751 1.000000 0.769061 0.743968 0.643481 0.699032 0.705733 0.825167 0.724563 0.770962 0.850847 0.828445 0.740372 0.842504 0.855904 0.844985 0.873464 0.731334 0.819646 0.757902 0.769689 0.722227 0.685220 0.713137
0.565247 0.784166 0.708580 0.655487 0.641531 0.616444 0.769061 1.000000 0.877908 0.639530 0.655016 0.644242 0.778925 0.708829 0.863533 0.885536 0.835579 0.731420 0.742387 0.765017 0.732356 0.744633 0.655804 0.720352 0.717770 0.709265 0.655985 0.673166 0.741390
0.575845 0.665909 0.758387 0.713369 0.658044 0.654261 0.743968 0.877908 1.000000 0.662176 0.635384 0.654445 0.765995 0.712800 0.894142 0.918341 0.806948 0.763249 0.781392 0.742378 0.778177 0.760758 0.698039 0.722163 0.707150 0.674210 0.649027 0.683207 0.708296
0.617888 0.608547 0.696218 0.694674 0.630780 0.656954 0.643481 0.639530 0.662176 1.000000 0.658843 0.689079 0.700818 0.680150 0.698504 0.717393 0.696063 0.753748 0.705579 0.686967 0.709230 0.723828 0.737251 0.696975 0.744807 0.737041 0.756127 0.778298 0.794291
0.717368 0.589129 0.678311 0.707138 0.693439 0.625028 0.699032 0.655016 0.635384 0.658843 1.000000 0.815220 0.718950 0.675901 0.686527 0.720259 0.682397 0.710772 0.720821 0.688594 0.748213 0.749649 0.879163 0.808489 0.862589 0.852470 0.747867 0.725559 0.690202
0.597311 0.601684 0.745041 0.755519 0.707996 0.687471 0.705733 0.644242 0.654445 0.689079 0.815220 1.000000 0.718707 0.689966 0.709513 0.723522 0.707658 0.756335 0.784599 0.748298 0.771586 0.762319 0.860564 0.825529 0.815561 0.904802 0.699547 0.699116 0.703010
0.757009 0.767708 0.850396 0.756580 0.787844 0.681014 0.825167 0.778925 0.765995 0.700818 0.718950 0.718707 1.000000 0.867319 0.857597 0.839930 0.797811 0.886952 0.882962 0.809028 0.834954 0.862435 0.761443 0.789733 0.810018 0.781979 0.802322 0.764786 0.848369
0.603547 0.629827 0.859198 0.749146 0.749557 0.708474 0.724563 0.708829 0.712800 0.680150 0.675901 0.689966 0.867319 1.000000 0.834530 0.795552 0.760895 0.837736 0.861150 0.763118 0.772968 0.814358 0.761750 0.746276 0.765211 0.763466 0.711928 0.737928 0.813742
0.481495 0.644243 0.885631 0.826404 0.736883 0.753955 0.770962 0.863533 0.894142 0.698504 0.686527 0.709513 0.857597 0.834530 1.000000 0.924707 0.902458 0.902856 0.897251 0.820108 0.874089 0.854604 0.785867 0.797584 0.809828 0.767621 0.737269 0.781364 0.852607
0.531877 0.672170 0.857372 0.778830 0.741977 0.718043 0.850847 0.885536 0.918341 0.717393 0.720259 0.723522 0.839930 0.795552 0.924707 1.000000 0.932278 0.849938 0.895167 0.911380 0.853860 0.888586 0.788660 0.853207 0.837152 0.815622 0.698593 0.751304 0.773821
0.547787 0.647313 0.813774 0.758646 0.713007 0.683141 0.828445 0.835579 0.806948 0.696063 0.682397 0.707658 0.797811 0.760895 0.902458 0.932278 1.000000 0.826272 0.872680 0.886062 0.832239 0.885294 0.752404 0.829125 0.783740 0.767813 0.694362 0.721942 0.789242
0.567599 0.594345 0.911602 0.910935 0.778252 0.847487 0.740372 0.731420 0.763249 0.753748 0.710772 0.756335 0.886952 0.837736 0.902856 0.849938 0.826272 1.000000 0.906812 0.828221 0.891403 0.860869 0.847769 0.785071 0.826162 0.777374 0.806301 0.838163 0.840605
0.539544 0.610313 0.945740 0.875279 0.849602 0.839530 0.842504 0.742387 0.781392 0.705579 0.720821 0.784599 0.882962 0.861150 0.897251 0.895167 0.872680 0.906812 1.000000 0.913964 0.875534 0.910911 0.851766 0.859861 0.826427 0.798579 0.738597 0.800177 0.817204
0.571047 0.630080 0.866949 0.820725 0.812419 0.775563 0.855904 0.765017 0.742378 0.686967 0.688594 0.748298 0.809028 0.763118 0.820108 0.911380 0.886062 0.828221 0.913964 1.000000 0.869383 0.874466 0.791115 0.809355 0.770878 0.761058 0.739286 0.754572 0.757350
0.587232 0.639415 0.848136 0.872947 0.760581 0.742955 0.844985 0.732356 0.778177 0.709230 0.748213 0.771586 0.834954 0.772968 0.874089 0.853860 0.832239 0.891403 0.875534 0.869383 1.000000 0.868363 0.856686 0.864797 0.831209 0.822059 0.837255 0.830458 0.832488
0.589174 0.657021 0.857958 0.795469 0.754183 0.722282 0.873464 0.744633 0.760758 0.723828 0.749649 0.762319 0.862435 0.814358 0.854604 0.888586 0.885294 0.860869 0.910911 0.874466 0.868363 1.000000 0.824418 0.887702 0.856610 0.851403 0.769852 0.785288 0.809680
0.602951 0.537425 0.840104 0.877156 0.790163 0.787261 0.731334 0.655804 0.698039 0.737251 0.879163 0.860564 0.761443 0.761750 0.785867 0.788660 0.752404 0.847769 0.851766 0.791115 0.856686 0.824418 1.000000 0.860831 0.897888 0.874785 0.812390 0.837236 0.799149
0.592398 0.628295 0.775796 0.749225 0.711140 0.664929 0.819646 0.720352 0.722163 0.696975 0.808489 0.825529 0.789733 0.746276 0.797584 0.853207 0.829125 0.785071 0.859861 0.809355 0.864797 0.887702 0.860831 1.000000 0.861430 0.889948 0.737999 0.712425 0.709931
0.600802 0.608237 0.793778 0.790201 0.710765 0.693912 0.757902 0.717770 0.707150 0.744807 0.862589 0.815561 0.810018 0.765211 0.809828 0.837152 0.783740 0.826162 0.826427 0.770878 0.831209 0.856610 0.897888 0.861430 1.000000 0.945255 0.780060 0.804148 0.798683
0.593548 0.621389 0.751803 0.744408 0.688579 0.663795 0.769689 0.709265 0.674210 0.737041 0.852470 0.904802 0.781979 0.763466 0.767621 0.815622 0.767813 0.777374 0.798579 0.761058 0.822059 0.851403 0.874785 0.889948 0.945255 1.000000 0.729661 0.728303 0.762137
0.803554 0.550561 0.721850 0.848671 0.766695 0.662363 0.722227 0.655985 0.649027 0.756127 0.747867 0.699547 0.802322 0.711928 0.737269 0.698593 0.694362 0.806301 0.738597 0.739286 0.837255 0.769852 0.812390 0.737999 0.780060 0.729661 1.000000 0.886145 0.875433
0.653170 0.552770 0.814152 0.867875 0.736304 0.763886 0.685220 0.673166 0.683207 0.778298 0.725559 0.699116 0.764786 0.737928 0.781364 0.751304 0.721942 0.838163 0.800177 0.754572 0.830458 0.785288 0.837236 0.712425 0.804148 0.728303 0.886145 1.000000 0.875120
0.635667 0.644076 0.810048 0.848355 0.731589 0.722476 0.713137 0.741390 0.708296 0.794291 0.690202 0.703010 0.848369 0.813742 0.852607 0.773821 0.789242 0.840605 0.817204 0.757350 0.832488 0.809680 0.799149 0.709931 0.798683 0.762137 0.875433 0.875120 1.000000
