1.000000 0.940185 0.947827 0.978208 0.885061 0.975707 0.936657 0.856642 0.881187 0.903964 0.949665 0.912165 0.883043 0.946175 0.849352 0.830841 0.930246 0.912641 0.885705 0.772335 0.832397 0.869079 0.926377 0.894933 0.769496 0.889127 0.821376 0.820935 0.760959 
0.940185 1.000000 0.836373 0.881833 0.797062 0.926608 0.957486 0.968537 0.754200 0.778454 0.836889 0.815310 0.774620 0.853520 0.724206 0.725984 0.876168 0.845691 0.809779 0.683992 0.736021 0.871409 0.907427 0.864849 0.705468 0.920437 0.784395 0.910721 0.882459 
0.947827 0.836373 1.000000 0.974333 0.963658 0.964145 0.891493 0.748904 0.983998 0.991243 0.965859 0.984369 0.982219 0.971652 0.966814 0.949419 0.943258 0.953320 0.965597 0.903844 0.946903 0.852834 0.917124 0.928946 0.886261 0.852696 0.892485 0.749025 0.640835 
0.978208 0.881833 0.974333 1.000000 0.925524 0.982709 0.917361 0.799014 0.931130 0.953087 0.991755 0.956916 0.930826 0.987887 0.908556 0.893795 0.962415 0.950564 0.927649 0.840090 0.892603 0.874980 0.941093 0.920409 0.830823 0.879125 0.856384 0.788823 0.701171 
0.885061 0.797062 0.963658 0.925524 1.000000 0.939107 0.891748 0.739297 0.971346 0.973001 0.917397 0.982053 0.978578 0.947810 0.975769 0.987007 0.948292 0.958308 0.979775 0.974854 0.988322 0.880359 0.916089 0.951638 0.967141 0.876191 0.956923 0.773327 0.617284 
0.975707 0.926608 0.964145 0.982709 0.939107 1.000000 0.968214 0.872517 0.920173 0.937769 0.962356 0.963927 0.933944 0.981635 0.902728 0.903226 0.984170 0.972227 0.951339 0.862361 0.908236 0.926117 0.980371 0.965311 0.869132 0.941890 0.905574 0.871618 0.775595 
0.936657 0.957486 0.891493 0.917361 0.891748 0.968214 1.000000 0.942018 0.835546 0.855857 0.878974 0.903522 0.862025 0.914424 0.824341 0.840810 0.958507 0.922206 0.910783 0.816736 0.851374 0.966874 0.970508 0.962264 0.837079 0.988484 0.905902 0.953436 0.854694 
0.856642 0.968537 0.748904 0.799014 0.739297 0.872517 0.942018 1.000000 0.669092 0.693879 0.751569 0.753970 0.702623 0.785571 0.650847 0.669174 0.838910 0.791842 0.765338 0.645040 0.684578 0.872658 0.894737 0.847463 0.682440 0.933369 0.762322 0.961326 0.955722 
0.881187 0.754200 0.983998 0.931130 0.971346 0.920173 0.835546 0.669092 1.000000 0.995987 0.931962 0.981320 0.994452 0.947104 0.993683 0.978733 0.914012 0.942223 0.966894 0.944493 0.973260 0.811401 0.877179 0.911182 0.920944 0.801378 0.900192 0.687849 0.551894 
0.903964 0.778454 0.991243 0.953087 0.973001 0.937769 0.855857 0.693879 0.995987 1.000000 0.954353 0.987275 0.991635 0.962730 0.987970 0.973879 0.931782 0.948413 0.970213 0.937349 0.969115 0.833685 0.894424 0.921016 0.912737 0.822943 0.899740 0.708766 0.582165 
0.949665 0.836889 0.965859 0.991755 0.917397 0.962356 0.878974 0.751569 0.931962 0.954353 1.000000 0.952943 0.930125 0.988091 0.910219 0.895712 0.949548 0.941060 0.920069 0.840675 0.893789 0.838509 0.921273 0.900098 0.829882 0.841304 0.836728 0.744474 0.654236 
0.912165 0.815310 0.984369 0.956916 0.982053 0.963927 0.903522 0.753970 0.981320 0.987275 0.952943 1.000000 0.991002 0.976295 0.977874 0.979004 0.968317 0.975919 0.992855 0.949380 0.980333 0.888296 0.944011 0.965882 0.942534 0.884189 0.938881 0.781789 0.648040 
0.883043 0.774620 0.982219 0.930826 0.978578 0.933944 0.862025 0.702623 0.994452 0.991635 0.930125 0.991002 1.000000 0.953172 0.989117 0.985431 0.932327 0.958033 0.985669 0.956627 0.984173 0.840336 0.903768 0.938496 0.943243 0.835220 0.926602 0.727262 0.587125 
0.946175 0.853520 0.971652 0.987887 0.947810 0.981635 0.914424 0.785571 0.947104 0.962730 0.988091 0.976295 0.953172 1.000000 0.932504 0.929913 0.979535 0.977578 0.954233 0.886707 0.930348 0.882677 0.957993 0.946281 0.885808 0.887480 0.895001 0.795789 0.682799 
0.849352 0.724206 0.966814 0.908556 0.975769 0.902728 0.824341 0.650847 0.993683 0.987970 0.910219 0.977874 0.989117 0.932504 1.000000 0.989505 0.909688 0.935162 0.968504 0.965841 0.984694 0.816075 0.870540 0.914780 0.941477 0.799460 0.911600 0.684801 0.534773 
0.830841 0.725984 0.949419 0.893795 0.987007 0.903226 0.840810 0.669174 0.978733 0.973879 0.895712 0.979004 0.985431 0.929913 0.989505 1.000000 0.924282 0.946970 0.979990 0.989931 0.998460 0.843260 0.886835 0.935495 0.977124 0.827928 0.947729 0.716356 0.548138 
0.930246 0.876168 0.943258 0.962415 0.948292 0.984170 0.958507 0.838910 0.914012 0.931782 0.949548 0.968317 0.932327 0.979535 0.909688 0.924282 1.000000 0.979943 0.962046 0.896926 0.929721 0.950980 0.983809 0.982763 0.906701 0.950535 0.936077 0.871262 0.742985 
0.912641 0.845691 0.953320 0.950564 0.958308 0.972227 0.922206 0.791842 0.942223 0.948413 0.941060 0.975919 0.958033 0.977578 0.935162 0.946970 0.979943 1.000000 0.967902 0.920068 0.950789 0.898274 0.960168 0.968325 0.926936 0.902492 0.936819 0.816152 0.675997 
0.885705 0.809779 0.965597 0.927649 0.979775 0.951339 0.910783 0.765338 0.966894 0.970213 0.920069 0.992855 0.985669 0.954233 0.968504 0.979990 0.962046 0.967902 1.000000 0.961145 0.984378 0.903985 0.944533 0.978095 0.959780 0.899915 0.960311 0.805974 0.661661 
0.772335 0.683992 0.903844 0.840090 0.974854 0.862361 0.816736 0.645040 0.944493 0.937349 0.840675 0.949380 0.956627 0.886707 0.965841 0.989931 0.896926 0.920068 0.961145 1.000000 0.990293 0.835149 0.857566 0.920323 0.988718 0.816756 0.955710 0.707292 0.522978 
0.832397 0.736021 0.946903 0.892603 0.988322 0.908236 0.851374 0.684578 0.973260 0.969115 0.893789 0.980333 0.984173 0.930348 0.984694 0.998460 0.929721 0.950789 0.984378 0.990293 1.000000 0.853676 0.895826 0.944749 0.981860 0.841336 0.952723 0.733807 0.564401 
0.869079 0.871409 0.852834 0.874980 0.880359 0.926117 0.966874 0.872658 0.811401 0.833685 0.838509 0.888296 0.840336 0.882677 0.816075 0.843260 0.950980 0.898274 0.903985 0.835149 0.853676 1.000000 0.945497 0.960335 0.846366 0.977050 0.918807 0.926991 0.802607 
0.926377 0.907427 0.917124 0.941093 0.916089 0.980371 0.970508 0.894737 0.877179 0.894424 0.921273 0.944011 0.903768 0.957993 0.870540 0.886835 0.983809 0.960168 0.944533 0.857566 0.895826 0.945497 1.000000 0.978433 0.879880 0.966106 0.917221 0.915072 0.820856 
0.894933 0.864849 0.928946 0.920409 0.951638 0.965311 0.962264 0.847463 0.911182 0.921016 0.900098 0.965882 0.938496 0.946281 0.914780 0.935495 0.982763 0.968325 0.978095 0.920323 0.944749 0.960335 0.978433 1.000000 0.934605 0.962859 0.961199 0.895441 0.754280 
0.769496 0.705468 0.886261 0.830823 0.967141 0.869132 0.837079 0.682440 0.920944 0.912737 0.829882 0.942534 0.943243 0.885808 0.941477 0.977124 0.906701 0.926936 0.959780 0.988718 0.981860 0.846366 0.879880 0.934605 1.000000 0.844385 0.963763 0.751102 0.562304 
0.889127 0.920437 0.852696 0.879125 0.876191 0.941890 0.988484 0.933369 0.801378 0.822943 0.841304 0.884189 0.835220 0.887480 0.799460 0.827928 0.950535 0.902492 0.899915 0.816756 0.841336 0.977050 0.966106 0.962859 0.844385 1.000000 0.910109 0.966746 0.863899 
0.821376 0.784395 0.892485 0.856384 0.956923 0.905574 0.905902 0.762322 0.900192 0.899740 0.836728 0.938881 0.926602 0.895001 0.911600 0.947729 0.936077 0.936819 0.960311 0.955710 0.952723 0.918807 0.917221 0.961199 0.963763 0.910109 1.000000 0.821121 0.643690 
0.820935 0.910721 0.749025 0.788823 0.773327 0.871618 0.953436 0.961326 0.687849 0.708766 0.744474 0.781789 0.727262 0.795789 0.684801 0.716356 0.871262 0.816152 0.805974 0.707292 0.733807 0.926991 0.915072 0.895441 0.751102 0.966746 0.821121 1.000000 0.921304 
0.760959 0.882459 0.640835 0.701171 0.617284 0.775595 0.854694 0.955722 0.551894 0.582165 0.654236 0.648040 0.587125 0.682799 0.534773 0.548138 0.742985 0.675997 0.661661 0.522978 0.564401 0.802607 0.820856 0.754280 0.562304 0.863899 0.643690 0.921304 1.000000 
