1.000000 0.963865 0.966816 0.966058 0.853771 0.897238 0.913017 0.896305 0.783923 0.804414 0.856992 0.858135 0.841270 0.852671 0.819740 0.810676 0.957099 0.957953 0.921209 0.894236 0.865996 0.881049 0.891603 0.933581 0.920436 0.461210 0.740406 0.662301 0.730122
0.963865 1.000000 0.927280 0.954789 0.779744 0.916848 0.920892 0.922140 0.832971 0.862910 0.834424 0.871067 0.864776 0.884175 0.813806 0.821349 0.887387 0.933599 0.833150 0.790572 0.918659 0.851046 0.898617 0.928477 0.954080 0.484887 0.716678 0.680232 0.780808
0.966816 0.927280 1.000000 0.958852 0.949074 0.845115 0.933365 0.878182 0.711462 0.725656 0.869542 0.861523 0.797130 0.807631 0.832655 0.796084 0.961502 0.941778 0.963752 0.921086 0.802051 0.924836 0.872347 0.924379 0.897989 0.529570 0.846145 0.732752 0.730867
0.966058 0.954789 0.958852 1.000000 0.845661 0.885744 0.938175 0.928947 0.701410 0.748188 0.778677 0.798266 0.762768 0.781615 0.742525 0.728608 0.911939 0.916499 0.876510 0.834961 0.826467 0.826265 0.824094 0.882627 0.883723 0.624454 0.805936 0.779333 0.821961
0.853771 0.779744 0.949074 0.845661 1.000000 0.725544 0.867211 0.767573 0.522736 0.516785 0.798676 0.754819 0.645386 0.648648 0.750928 0.684192 0.887165 0.816867 0.954317 0.894481 0.625544 0.890628 0.759049 0.815869 0.760399 0.498888 0.874608 0.699473 0.624619
0.897238 0.916848 0.845115 0.885744 0.725544 1.000000 0.930558 0.951889 0.654417 0.677931 0.651347 0.665289 0.671419 0.693255 0.604633 0.614430 0.754050 0.786748 0.737917 0.661460 0.829793 0.691490 0.749193 0.765830 0.798720 0.586198 0.730430 0.733049 0.846948
0.913017 0.920892 0.933365 0.938175 0.867211 0.930558 1.000000 0.975859 0.615817 0.658462 0.697828 0.710757 0.666283 0.688430 0.655248 0.631759 0.820604 0.836917 0.826760 0.746288 0.802739 0.772533 0.773067 0.797750 0.812972 0.695390 0.910877 0.878451 0.902386
0.896305 0.922140 0.878182 0.928947 0.767573 0.951889 0.975859 1.000000 0.615859 0.673778 0.628828 0.654566 0.639279 0.667386 0.583622 0.579599 0.764120 0.795591 0.746604 0.667320 0.811559 0.691201 0.740454 0.757221 0.790187 0.714686 0.833208 0.860319 0.930289
0.783923 0.832971 0.711462 0.701410 0.522736 0.654417 0.615817 0.615859 1.000000 0.976348 0.868663 0.909075 0.978893 0.979651 0.883638 0.928392 0.762499 0.832435 0.664774 0.666001 0.907153 0.798423 0.947285 0.893883 0.918547 0.000000 0.337540 0.255883 0.386384
0.804414 0.862910 0.725656 0.748188 0.516785 0.677931 0.658462 0.673778 0.976348 1.000000 0.817067 0.881017 0.952044 0.961973 0.834271 0.877316 0.760614 0.846833 0.645348 0.643375 0.924034 0.761564 0.931116 0.879531 0.915686 0.082442 0.382561 0.334286 0.478225
0.856992 0.834424 0.869542 0.778677 0.798676 0.651347 0.697828 0.628828 0.868663 0.817067 1.000000 0.982465 0.945242 0.935255 0.991588 0.974781 0.921870 0.891857 0.901655 0.904309 0.789822 0.981643 0.943402 0.973324 0.937556 0.124076 0.535563 0.358266 0.389474
0.858135 0.871067 0.861523 0.798266 0.754819 0.665289 0.710757 0.654566 0.909075 0.881017 0.982465 1.000000 0.969459 0.966820 0.988369 0.977186 0.901833 0.912024 0.854987 0.853519 0.846132 0.962724 0.955092 0.981137 0.969956 0.134475 0.527527 0.376597 0.428248
0.841270 0.864776 0.797130 0.762768 0.645386 0.671419 0.666283 0.639279 0.978893 0.952044 0.945242 0.969459 1.000000 0.996772 0.955417 0.977999 0.853074 0.888832 0.777358 0.781376 0.890421 0.893965 0.972762 0.955985 0.958053 0.052743 0.425570 0.306477 0.405386
0.852671 0.884175 0.807631 0.781615 0.648648 0.693255 0.688430 0.667386 0.979651 0.961973 0.935255 0.966820 0.996772 1.000000 0.943943 0.967913 0.853986 0.896836 0.774860 0.777346 0.900891 0.888690 0.975518 0.958771 0.967251 0.086837 0.446610 0.338769 0.441970
0.819740 0.813806 0.832655 0.742525 0.750928 0.604633 0.655248 0.583622 0.883638 0.834271 0.991588 0.988369 0.955417 0.943943 1.000000 0.986758 0.889112 0.878880 0.855625 0.857370 0.790769 0.966455 0.939931 0.960841 0.930599 0.060618 0.484719 0.306304 0.345625
0.810676 0.821349 0.796084 0.728608 0.684192 0.614430 0.631759 0.579599 0.928392 0.877316 0.974781 0.977186 0.977999 0.967913 0.986758 1.000000 0.858505 0.864078 0.808303 0.811789 0.814685 0.930431 0.949204 0.953617 0.933974 0.024726 0.421842 0.268057 0.339236
0.957099 0.887387 0.961502 0.911939 0.887165 0.754050 0.820604 0.764120 0.762499 0.760614 0.921870 0.901833 0.853074 0.853986 0.889112 0.858505 1.000000 0.952995 0.974607 0.975035 0.779887 0.940573 0.890591 0.950305 0.904058 0.335039 0.692928 0.550484 0.571905
0.957953 0.933599 0.941778 0.916499 0.816867 0.786748 0.836917 0.795591 0.832435 0.846833 0.891857 0.912024 0.888832 0.896836 0.878880 0.864078 0.952995 1.000000 0.896366 0.876441 0.867551 0.902144 0.912599 0.949519 0.932712 0.320781 0.676516 0.563630 0.614591
0.921209 0.833150 0.963752 0.876510 0.954317 0.737917 0.826760 0.746604 0.664774 0.645348 0.901655 0.854987 0.777358 0.774860 0.855625 0.808303 0.974607 0.896366 1.000000 0.982716 0.698932 0.946193 0.843874 0.909681 0.848327 0.373552 0.752281 0.578665 0.557302
0.894236 0.790572 0.921086 0.834961 0.894481 0.661460 0.746288 0.667320 0.666001 0.643375 0.904309 0.853519 0.781376 0.777346 0.857370 0.811789 0.975035 0.876441 0.982716 1.000000 0.657726 0.928429 0.826836 0.901354 0.832438 0.275160 0.658064 0.479205 0.464332
0.865996 0.918659 0.802051 0.826467 0.625544 0.829793 0.802739 0.811559 0.907153 0.924034 0.789822 0.846132 0.890421 0.900891 0.790769 0.814685 0.779887 0.867551 0.698932 0.657726 1.000000 0.774611 0.909696 0.871874 0.916798 0.253054 0.548020 0.501746 0.625008
0.881049 0.851046 0.924836 0.826265 0.890628 0.691490 0.772533 0.691201 0.798423 0.761564 0.981643 0.962724 0.893965 0.888690 0.966455 0.930431 0.940573 0.902144 0.946193 0.928429 0.774611 1.000000 0.923814 0.967231 0.927880 0.247068 0.656983 0.473618 0.473872
0.891603 0.898617 0.872347 0.824094 0.759049 0.749193 0.773067 0.740454 0.947285 0.931116 0.943402 0.955092 0.972762 0.975518 0.939931 0.949204 0.890591 0.912599 0.843874 0.826836 0.909696 0.923814 1.000000 0.962378 0.957601 0.197697 0.574574 0.453478 0.524817
0.933581 0.928477 0.924379 0.882627 0.815869 0.765830 0.797750 0.757221 0.893883 0.879531 0.973324 0.981137 0.955985 0.958771 0.960841 0.953617 0.950305 0.949519 0.909681 0.901354 0.871874 0.967231 0.962378 1.000000 0.985023 0.262172 0.612827 0.484238 0.542555
0.920436 0.954080 0.897989 0.883723 0.760399 0.798720 0.812972 0.790187 0.918547 0.915686 0.937556 0.969956 0.958053 0.967251 0.930599 0.933974 0.904058 0.932712 0.848327 0.832438 0.916798 0.927880 0.957601 0.985023 1.000000 0.290726 0.601233 0.508069 0.593257
0.461210 0.484887 0.529570 0.624454 0.498888 0.586198 0.695390 0.714686 0.000000 0.082442 0.124076 0.134475 0.052743 0.086837 0.060618 0.024726 0.335039 0.320781 0.373552 0.275160 0.253054 0.247068 0.197697 0.262172 0.290726 1.000000 0.753594 0.907178 0.835027
0.740406 0.716678 0.846145 0.805936 0.874608 0.730430 0.910877 0.833208 0.337540 0.382561 0.535563 0.527527 0.425570 0.446610 0.484719 0.421842 0.692928 0.676516 0.752281 0.658064 0.548020 0.656983 0.574574 0.612827 0.601233 0.753594 1.000000 0.934042 0.812840
0.662301 0.680232 0.732752 0.779333 0.699473 0.733049 0.878451 0.860319 0.255883 0.334286 0.358266 0.376597 0.306477 0.338769 0.306304 0.268057 0.550484 0.563630 0.578665 0.479205 0.501746 0.473618 0.453478 0.484238 0.508069 0.907178 0.934042 1.000000 0.918926
0.730122 0.780808 0.730867 0.821961 0.624619 0.846948 0.902386 0.930289 0.386384 0.478225 0.389474 0.428248 0.405386 0.441970 0.345625 0.339236 0.571905 0.614591 0.557302 0.464332 0.625008 0.473872 0.524817 0.542555 0.593257 0.835027 0.812840 0.918926 1.000000
