0.0000 29.3022 11.0786 14.1942 7.9456 22.6676 12.4622 8.7882 12.4380 34.0525 12.4187 13.7387 13.5785 21.4687 15.1236 10.3202 12.8946 20.0002 15.2253 17.0675 25.3737 11.6340 24.3877 13.6022 13.8658 13.3726 24.7037 22.6856 13.3773 8.3819 613.6745 623.8059 627.6151 626.0482 627.0461 617.1663 620.3517 628.2654 628.2473 626.8695 626.7618 629.4503 625.7053 624.0343 627.2790 626.5666 619.2008 625.7355 609.9279 625.7742 621.4341 626.0819 617.5822 626.8065 611.6538 619.2373 621.4370 619.5104 608.2319 621.8412 42.0864 58.0351 83.0462 98.0509 57.5571 80.3548 100.4694 88.8815 57.1894 102.9086 112.1220 81.0826 149.8812 105.0787 81.3760 53.9502 66.3764 48.6303 85.5116 69.0404 25.2057 85.0491 48.2346 57.2639 95.6331 81.3094 65.0935 108.4999 52.8908 41.9536 249.5581 279.9120 263.1060 281.0248 219.4983 303.4039 251.4408 294.1912 222.5260 255.1451 274.4537 222.7970 255.2185 278.5787 263.4281 271.1716 246.3496 252.1499 293.9673 267.1347 278.7116 275.8912 242.7903 293.9211 247.7575 275.2273 231.1726 255.0349 231.1838 270.7554 447.2392 499.5887 463.9052 493.0081 471.0463 470.8091 466.0569 485.9837 486.5637 471.4119 504.9729 504.9398 480.6705 477.6923 478.2302 473.5046 484.5071 451.8597 465.6756 487.9840 493.0407 436.9616 479.1222 495.0556 455.5471 519.4369 467.5915 511.8007 450.5781 506.0205
29.3022 0.0000 27.7826 20.5712 32.4501 18.2948 22.7485 32.3068 23.6049 12.4739 21.5558 19.8939 30.6874 12.9313 21.9565 21.8228 18.9215 18.9845 22.6509 23.3563 17.5458 22.2514 17.7317 17.9281 19.1007 21.1328 10.6906 18.6850 20.1640 25.6021 592.7811 608.9804 603.7979 602.5708 603.2289 599.9058 597.4127 603.7767 603.6711 603.2146 602.9446 614.6248 602.7663 600.2171 603.4618 602.7494 596.8985 601.9182 591.5322 602.8352 598.4951 603.1429 596.2947 602.9893 589.3516 596.9350 600.1607 597.2081 593.1618 598.6995 24.7670 47.4771 60.1557 73.1060 35.2973 56.8657 76.9803 64.5552 42.5277 75.7365 87.7564 57.5935 121.6322 81.5895 57.6446 30.8501 48.6594 25.0200 61.9397 45.0925 35.3632 60.6688 29.2308 40.5669 70.4538 57.8202 49.0126 84.9074 32.8673 39.8218 235.6113 267.5859 247.0902 264.6266 206.1744 291.5035 232.5855 283.1186 207.4269 240.8658 264.6656 207.0614 242.2693 264.6774 254.7161 258.1102 228.9553 239.1836 279.1418 257.0016 264.8311 259.1862 230.3963 279.9834 235.8572 260.8110 215.3736 239.4540 220.5871 256.7891 420.8265 472.5902 441.6029 466.6321 447.1294 443.9113 443.7546 458.9853 459.0319 443.8800 479.2066 479.0348 457.6115 453.8750 451.2318 446.5061 457.7953 425.4470 441.7190 461.2470 464.8914 413.2403 452.6142 470.4795 429.1344 493.9398 442.0401 487.2245 426.7713 479.6404
11.0786 27.7826 0.0000 15.7873 12.6366 18.6569 9.7286 12.3061 11.0166 30.8501 13.0225 15.7389 7.6127 18.5840 17.7721 14.8333 11.6206 15.4099 11.0524 11.7433 20.1139 10.6385 25.8730 15.2087 14.3746 13.4012 26.2467 17.3709 9.6085 8.5830 608.4028 617.7577 622.5250 620.9580 621.9559 611.3825 615.4141 623.2707 623.2526 621.7793 621.6716 623.4021 620.7677 618.9442 622.1888 621.4764 614.0303 620.6453 604.1636 620.8366 616.4965 621.1443 612.3105 621.7163 606.5297 614.0668 616.1653 614.3399 602.3090 616.7511 44.9318 60.6382 85.7921 99.3829 60.3030 83.1007 103.2154 91.0535 59.2749 103.3126 114.1360 83.8285 148.9828 107.8246 83.8797 56.6961 69.5462 51.1632 88.1748 71.3275 30.3895 87.1036 50.9805 60.4337 97.3317 84.0553 67.2741 111.1425 53.1464 46.7798 243.2843 272.9797 257.3222 275.2605 213.1129 296.4780 245.9227 286.2517 216.6048 249.2222 267.9171 217.0132 249.1703 272.5305 255.0100 264.8952 240.5852 245.2176 287.9191 258.6864 272.7887 270.1073 236.2575 287.5357 240.5114 269.2415 225.4082 249.2511 223.7189 264.7072 441.9187 494.4357 458.7346 487.6876 466.0516 465.9066 460.8863 480.8821 481.6612 466.5093 499.7657 499.6193 475.5804 472.6381 473.0773 468.4220 479.3542 446.5392 460.4655 482.9171 488.9033 431.8715 473.9693 490.0609 450.2266 514.2347 462.3893 506.8059 445.4880 500.7000
14.1942 20.5712 15.7873 0.0000 15.2851 22.1655 10.9763 17.8351 17.7629 26.7550 9.7291 10.0800 19.9804 18.2876 7.9352 10.6910 14.4221 21.1116 17.3885 13.8571 25.2317 10.2295 17.4109 11.1518 7.9497 10.3375 15.1210 23.1613 16.8857 12.9186 611.0508 625.0675 622.9661 621.6194 622.3971 617.2370 616.4612 622.9449 622.9094 622.2631 622.1128 630.7119 621.8148 619.3853 622.6300 621.9176 615.8290 621.0864 609.3070 621.8837 617.5436 622.1914 614.6375 622.1575 608.2820 615.8654 618.4922 616.1386 609.2489 617.7480 30.3772 46.4108 72.5721 88.4487 47.8361 69.8807 89.9953 78.6241 45.0158 93.1337 102.3962 70.6085 139.9798 94.6389 71.2488 43.4761 55.8519 38.7418 74.9548 59.2555 19.3482 75.1348 37.7605 46.6235 85.7599 70.8353 52.8181 98.5097 45.7033 31.9751 251.1501 281.8368 263.4412 280.7726 221.0903 305.7544 250.1183 296.8717 223.5140 256.3489 277.0311 223.1485 256.8284 279.8403 266.5133 272.8283 246.2864 253.9017 295.2289 270.2200 279.6025 275.9619 244.5422 295.5132 250.1081 276.4889 231.2876 255.4581 233.8643 272.3279 439.7777 491.5074 460.5333 485.5868 466.2976 462.8971 462.6850 477.9025 478.3796 463.2277 498.3899 497.9895 476.6037 473.0432 470.1490 465.4234 476.7464 444.3981 460.8872 480.1982 484.4773 432.3126 471.6338 489.7178 448.0855 513.1781 461.1232 506.4628 445.9291 498.5951
7.9456 32.4501 12.6366 15.2851 0.0000 27.2417 12.7160 7.8184 15.9249 37.7810 14.3549 15.0355 15.3823 25.5518 15.2651 14.3224 17.3465 24.6184 19.2569 18.4019 30.0773 12.8790 27.8943 17.0646 15.8144 14.7164 28.2171 26.7847 16.9351 10.9776 618.5240 628.5523 632.4722 630.9053 631.9032 621.7196 625.3602 632.9619 632.9438 631.7266 631.6189 634.1967 630.7138 628.8914 632.1361 631.4237 624.1534 630.5926 614.3587 630.7827 626.4426 631.0904 622.4317 631.6636 616.6065 624.1899 626.2864 624.4630 612.7337 626.6983 44.2069 60.1790 86.4017 101.7600 60.9126 83.7104 103.8250 92.2622 58.8454 106.3395 116.0948 84.4382 152.9406 108.5764 84.8657 57.3058 69.6816 52.2309 88.8094 72.9320 25.6773 88.9145 51.5901 60.4532 99.6216 84.6649 66.6477 112.0586 57.1565 42.4621 254.0786 284.1187 267.6593 285.4556 224.0188 307.4811 256.0233 297.9941 227.0182 259.8336 278.8230 227.3503 259.9648 283.3251 266.9689 275.6898 250.7803 256.3566 298.7136 270.6755 283.2037 280.4445 247.1311 298.4416 251.6652 279.9737 235.6034 259.5883 235.0564 275.5018 451.3373 503.3724 468.8578 497.1061 475.8037 474.7133 471.0095 489.7674 490.4680 475.3161 509.0855 509.0378 485.5276 482.5494 482.0139 477.2883 488.3060 455.9577 470.3933 491.7677 497.1796 441.8187 483.1249 499.7521 459.6451 523.7644 471.9190 516.4972 455.4352 510.1185
22.6676 18.2948 18.6569 22.1655 27.2417 0.0000 17.9913 23.8822 13.7582 22.1686 18.4879 18.6515 21.8935 12.7893 23.2202 18.8322 10.9299 8.5000 11.9944 17.5451 10.6370 16.6535 15.2633 15.6929 17.0237 17.6968 21.7672 9.3728 12.1913 18.8715 593.1373 603.9350 605.8431 604.3294 605.2740 596.5630 599.1713 606.5973 606.5791 605.0974 604.9898 609.5794 604.5249 602.2623 605.5134 604.7945 598.3345 603.9634 589.3024 604.5938 600.2537 604.9015 597.0450 605.0344 590.7875 598.3709 600.8998 598.6441 588.1164 600.4581 40.4073 60.2161 74.7310 82.9017 43.8636 70.8625 86.7760 75.7322 57.8387 85.6747 97.3691 67.3892 131.0002 91.3852 68.7266 46.4159 64.1333 38.8365 71.7354 57.7454 37.1554 71.5698 39.7892 54.3701 80.3601 69.9564 64.7482 94.7031 36.8225 51.9114 229.9442 260.1491 242.5991 260.3993 199.8845 284.0361 230.6634 275.1811 202.3814 235.2163 255.7968 202.1937 235.5780 258.7078 245.4769 251.3136 225.7241 232.3870 274.0963 248.9543 258.4938 255.2879 223.0275 274.3073 228.3898 255.3564 210.7713 234.4824 212.5398 251.1221 425.0867 477.4293 443.0388 470.8556 449.3781 448.7449 445.1905 463.8243 464.4995 449.3476 482.8204 482.7873 459.3138 455.9646 456.0708 451.3452 462.3477 429.7072 443.7921 465.8246 471.0285 415.1896 456.9628 473.3875 433.3946 497.3822 445.5369 490.1325 428.8061 483.8680
12.4622 22.7485 9.7286 10.9763 12.7160 17.9913 0.0000 15.6730 10.6046 26.2665 10.7803 10.2280 13.5672 15.5160 11.3703 12.1348 11.6564 15.6368 12.0823 9.0536 20.5684 8.1547 21.7878 12.0513 9.8594 8.5962 21.9089 17.7868 9.6553 10.2053 608.4498 619.7655 621.5662 619.9993 620.9972 612.6341 614.5900 622.0068 621.9887 620.8206 620.7129 625.4099 619.9436 617.9854 621.2301 620.5177 613.7335 619.6866 605.3064 620.0125 615.6724 620.3202 612.3575 620.7576 606.1865 613.7699 616.2122 614.0431 603.9469 615.8768 39.2594 55.2315 81.4543 95.0033 55.9652 78.7629 98.8775 86.6317 53.8980 97.9408 109.7743 79.4907 143.0192 103.4868 79.5418 52.3583 64.7341 46.8254 83.8370 66.9897 24.2839 82.6838 46.6427 55.5057 92.7649 79.7174 61.7003 106.8046 50.7661 40.6260 245.3414 275.7694 258.5738 276.4033 215.2817 299.4149 246.6120 290.3401 218.2120 251.0469 270.4995 218.2649 251.1781 274.5383 259.7655 267.2052 241.7281 248.0073 289.9269 263.4722 274.3429 271.3590 238.6477 289.7045 243.7686 271.1869 226.5532 250.5028 227.3326 266.7150 439.5304 491.7169 458.4378 485.2993 464.8977 462.8124 460.5895 478.1120 478.5670 463.4152 497.7738 497.6020 474.7325 471.6434 470.3584 465.6328 476.6354 444.1509 459.4873 480.1122 485.1133 430.9128 471.3181 488.7970 447.8383 512.4527 460.6073 505.5421 444.5293 498.3117
8.7882 32.3068 12.3061 17.8351 7.8184 23.8822 15.6730 0.0000 13.3437 37.9192 15.2692 15.8662 15.1833 24.1657 18.3311 13.2438 17.8860 21.4681 15.9731 21.1061 27.7582 15.6402 25.1264 15.9710 17.3096 17.0979 28.9226 23.6070 16.7669 10.1770 615.4243 624.9023 629.4323 627.8653 628.8632 617.9952 622.2647 630.1471 630.1290 628.6866 628.5790 630.5467 627.6183 625.8515 629.0961 628.3837 621.0090 627.5526 610.7758 627.6872 623.3471 627.9949 619.3320 628.6236 613.4621 621.0455 623.1868 621.3186 609.0836 623.6584 45.5353 61.2242 84.9371 99.0195 57.4264 82.0088 100.3388 89.6668 59.8784 104.1361 113.2002 80.9520 151.0725 105.3282 82.6941 54.3682 70.1497 49.5032 85.4653 71.5009 28.4116 85.9562 49.8003 61.0372 96.5964 81.8120 67.8776 108.9486 53.1044 44.9609 250.5440 280.4980 263.9349 281.8727 220.4842 303.8604 252.7229 293.9600 223.3728 256.1836 275.2884 223.6259 256.3148 279.6750 263.0773 272.0397 247.1975 252.7359 295.0636 266.7840 279.5583 276.7200 243.5965 294.9071 248.0297 276.3237 232.0205 255.8638 231.3685 271.8517 448.4992 500.8193 465.7134 494.2681 472.9280 472.0255 467.8651 487.2144 487.7801 472.6283 506.2329 506.1998 482.4877 479.5145 479.4609 474.7353 485.7378 453.1197 467.3533 489.2146 494.5928 438.7788 480.3529 496.9374 456.8071 520.8851 469.0398 513.6824 452.3953 507.2805
12.4380 23.6049 11.0166 17.7629 15.9249 13.7582 10.6046 13.3437 0.0000 27.2597 15.1017 13.1090 12.2812 14.5429 18.1854 12.1547 11.3542 10.4351 9.8469 14.0978 16.0436 11.7266 20.4571 13.2566 14.9863 13.4063 25.0513 13.1678 9.8679 10.1686 603.0366 613.3024 617.6678 616.1009 617.2707 606.2294 610.2608 618.6048 618.5867 616.9222 616.8145 618.9468 615.6143 614.0870 617.5209 616.6193 608.8506 615.7881 598.8172 615.7048 611.3431 615.9909 607.1207 616.8592 601.3763 608.8871 610.7990 609.1602 597.6013 611.8939 43.7289 60.0155 81.9067 93.8122 54.6397 78.9783 97.5520 85.5407 59.6927 96.8298 108.4025 78.1652 142.1493 102.1613 78.9516 51.3377 67.5161 45.7060 82.5115 66.9460 30.4693 81.4823 46.7698 58.0067 91.6323 78.7816 66.7361 105.4792 48.6747 46.4185 238.9733 269.0666 252.1862 269.9142 208.9135 292.8187 240.3693 283.7963 211.8954 244.5837 264.0704 211.8602 244.7149 268.0752 253.2065 260.4399 235.2789 241.3045 283.4637 256.9131 268.0810 264.9543 232.0258 283.3363 237.1723 264.7238 220.2068 244.0981 220.7888 260.2519 437.5207 489.8362 453.5550 483.2895 461.3857 461.0907 455.7067 476.2313 476.8453 461.6934 495.2544 495.2212 470.7232 467.9722 468.4778 463.8412 474.7547 442.1411 455.9449 478.2315 483.7362 427.0313 469.3697 485.3950 445.8285 509.7822 457.9369 502.1400 440.6308 496.3019
34.0525 12.4739 30.8501 26.7550 37.7810 22.1686 26.2665 37.9192 27.2597 0.0000 27.0478 25.0888 34.5373 14.9981 28.0602 27.1468 22.7972 20.9462 26.4843 25.7202 19.7935 26.8209 23.7812 23.7001 23.8615 25.7832 14.8869 21.0046 23.6959 30.4143 585.4714 601.0300 597.5206 595.9580 596.9516 591.9126 590.7998 597.7716 597.7535 596.7750 596.6673 606.6744 596.1534 593.9398 597.1845 596.4721 590.2274 595.6410 583.4703 596.2223 591.8822 596.5300 589.3237 596.7120 582.6804 590.2639 593.1784 590.5370 585.2114 592.0866 27.7744 53.9209 62.0602 75.5890 36.7449 59.3487 79.4633 67.0382 45.4063 76.5061 90.0565 60.0765 119.9699 84.0725 60.1276 33.2389 52.5156 27.4112 64.4228 47.5755 41.8267 63.1518 37.5880 46.5554 72.8734 60.3032 52.0052 87.3904 32.3657 46.5862 228.0152 260.1800 239.2341 257.0305 199.0530 284.4201 224.6791 276.3721 199.7193 233.1484 257.3584 199.1110 235.0712 256.9881 247.0416 250.3928 220.9621 231.4662 271.1913 250.2550 257.7091 251.2797 223.5973 272.6988 228.8256 253.2149 207.7775 231.7732 213.8406 249.1931 414.9465 466.7847 434.9318 460.7539 440.8521 438.0313 437.0835 453.1798 453.2856 438.1337 473.3284 473.1566 450.9423 447.5978 445.4263 440.7006 451.9152 419.5669 435.4417 455.3670 459.4139 406.8671 446.7341 464.5618 423.2544 488.0222 436.1619 481.3069 420.4836 473.7622
12.4187 21.5558 13.0225 9.7291 14.3549 18.4879 10.7803 15.2692 15.1017 27.0478 0.0000 12.2828 16.9231 17.7025 10.1577 9.9639 10.1655 17.8849 13.8700 15.5106 22.2380 10.9501 17.1792 7.5745 9.4606 10.0813 16.0444 19.4063 11.5868 10.2819 610.7809 621.9821 623.3822 621.9542 622.8132 614.9796 616.7961 623.7626 623.7445 622.6366 622.5289 627.6265 622.1497 619.8014 623.0461 622.3337 615.9556 621.5026 607.4727 622.2186 617.8785 622.5263 614.6886 622.5736 608.4086 615.9920 618.5434 616.2652 606.2320 618.0829 32.2566 49.0024 73.0866 88.4304 47.5975 70.3953 90.5099 79.1413 47.3562 93.6081 102.3833 71.1231 140.5843 95.1191 71.6320 43.9907 56.5414 39.0290 75.7165 59.4788 22.2725 75.1699 38.2751 47.4308 85.7405 71.3498 54.4609 98.7642 46.3729 38.1883 247.5363 277.8088 260.9194 278.5696 217.4765 301.3486 248.7368 292.0953 220.5262 253.2635 272.3451 220.6104 253.3947 276.7549 261.4801 269.2663 244.0291 250.0467 292.1434 265.1868 276.7117 273.7045 240.6872 291.8994 245.7023 273.4035 228.7428 252.8483 229.0935 268.9316 441.5996 493.5369 460.6599 487.3684 466.7137 464.6844 462.8116 479.9320 480.1987 465.0468 499.6357 499.4639 476.9386 473.4594 472.1785 467.4529 478.5683 446.2201 461.3033 482.0201 485.8196 432.7288 473.3872 490.5529 449.9075 514.3146 462.4693 507.2979 446.3452 500.3809
13.7387 19.8939 15.7389 10.0800 15.0355 18.6515 10.2280 15.8662 13.1090 25.0888 12.2828 0.0000 19.7502 14.3618 9.3653 9.6371 15.3441 18.3338 15.3334 13.7072 22.1756 11.5841 17.4936 10.4957 10.5410 10.5675 17.7459 20.3405 15.7887 12.6117 608.3344 620.9820 620.8158 619.2789 620.2468 613.2564 614.1208 621.2762 621.2581 620.0702 619.9625 626.6264 619.4744 617.2350 620.4797 619.7673 613.3376 618.9362 605.3091 619.5433 615.2032 619.8510 612.2421 620.0072 605.7907 613.3741 616.0969 613.6472 605.1634 615.4076 36.4219 52.1108 75.8237 89.3849 50.0293 72.8953 92.9417 80.5166 50.7650 92.6333 103.6962 73.5548 139.3066 97.5509 73.6060 46.4225 61.0362 40.9364 77.9955 61.2169 21.9340 76.6627 40.7068 51.9237 86.6211 73.7816 58.7642 100.8688 47.2394 36.5702 247.1882 277.7677 259.5035 276.8134 217.1284 301.6666 246.5067 293.0373 219.4285 252.2634 273.5411 219.0716 252.9323 275.8174 263.2243 268.9322 242.3059 250.0056 291.1434 266.6346 275.5170 271.9813 240.6461 291.5513 246.0203 272.4034 227.3499 251.3868 230.2202 268.3661 438.8577 490.4774 458.0420 484.6265 464.1473 461.9434 460.1937 476.9297 477.3159 462.1640 497.1150 496.9432 474.2633 470.8930 469.1189 464.3933 475.8264 443.4782 458.7369 479.2782 483.2747 430.1623 470.6453 488.0664 447.1656 511.7939 459.9486 504.8114 443.7788 497.6390
13.5785 30.6874 7.6127 19.9804 15.3823 21.8935 13.5672 15.1833 12.2812 34.5373 16.9231 19.7502 0.0000 22.3791 21.7899 17.7720 14.1055 18.3101 14.1858 16.0179 22.8735 14.3559 29.0592 18.1163 18.1261 17.1424 29.4343 20.1600 11.8273 11.3203 608.2861 615.3441 623.9901 622.4231 623.9292 609.5317 616.1611 625.2634 625.2452 623.2444 623.2886 620.9885 621.5146 620.4093 624.1795 622.9415 614.6362 622.1104 602.9047 622.0270 617.3324 622.0482 612.7222 623.1814 607.2766 614.5766 616.0485 614.7618 600.0845 618.2162 47.8172 63.9920 88.9796 102.6907 63.4905 86.2883 106.4029 94.1556 63.4779 106.3013 117.4865 87.0161 152.2026 111.0121 87.0672 59.8837 72.4315 54.3507 91.3624 74.5151 33.9493 90.4221 54.1680 63.3190 100.5833 87.2428 70.3732 114.3300 56.5661 50.4526 241.2220 269.8932 255.4714 274.0016 210.2627 293.4609 245.5917 282.6118 214.9805 246.9977 265.1182 215.5343 246.7566 270.1169 251.6763 262.5559 239.3264 241.6986 285.5054 255.3830 270.6281 268.6957 233.8438 284.7882 237.3533 267.3908 224.1494 247.8296 220.5738 262.2936 444.6052 497.2261 459.3672 490.3856 468.0442 468.9398 461.4890 483.7301 484.5647 469.3573 502.5561 502.3057 477.0455 474.6307 475.8838 471.5696 482.1445 449.2256 462.8145 485.9506 492.3962 433.6899 476.7596 492.0536 453.0048 516.6518 464.9256 508.7986 447.3269 503.3864
21.4687 12.9313 18.5840 18.2876 25.5518 12.7893 15.5160 24.1657 14.5429 14.9981 17.7025 14.3618 22.3791 0.0000 19.1972 15.8662 13.6696 12.1371 13.9381 14.4505 12.7072 14.4557 15.8941 15.1430 11.9971 14.1915 15.7058 11.8972 13.6238 17.0938 594.4807 607.2525 607.4028 605.8358 606.8337 599.0625 600.4564 607.9317 607.9136 606.6571 606.5495 612.8968 605.8099 603.8220 607.0667 606.3543 599.6843 605.5231 591.2667 605.8789 601.5387 606.1865 598.3856 606.5942 592.1374 599.7208 602.2403 599.9939 591.4338 601.7431 33.4520 52.9036 71.7850 84.7660 45.6956 68.8566 88.6080 76.1829 48.7742 86.2199 99.2011 69.2211 130.8890 93.2172 69.2723 42.0888 57.3901 36.5558 73.5674 56.7623 32.9100 72.2965 38.3889 48.0523 82.0180 69.4479 56.4781 96.5351 39.7029 43.9339 233.3642 264.8023 245.4764 262.7863 203.7062 288.7200 232.5940 280.2625 205.6989 238.5338 261.2045 205.3334 239.4857 262.0252 250.9732 255.2789 228.1120 236.3523 277.4138 254.1388 262.1696 257.8658 227.5441 277.7841 233.0736 258.6739 213.3451 237.6431 217.7244 254.5421 426.3311 478.4083 444.3887 472.1000 450.7343 449.4913 446.5404 464.8034 465.2342 450.0823 484.0994 484.0317 460.5988 457.4799 457.0499 452.3243 463.3268 430.9516 445.3238 466.8036 472.0063 416.7493 458.1188 474.7219 434.6390 498.7783 446.9330 491.4669 430.3658 485.1124
15.1236 21.9565 17.7721 7.9352 15.2651 23.2202 11.3703 18.3311 18.1854 28.0602 10.1577 9.3653 21.7899 19.1972 0.0000 10.1203 16.3203 22.4091 19.0717 13.5710 26.1842 10.5086 17.2051 12.5155 8.5822 8.9409 16.1486 24.2523 19.0303 14.7888 613.0481 625.0729 624.8989 623.4999 624.3299 617.7390 618.3418 625.0274 625.0093 624.1533 624.0456 630.7173 623.6953 621.3181 624.5628 623.8504 617.8474 623.0193 610.0825 623.7643 619.4242 624.0720 616.9558 624.0903 610.3005 617.8839 620.8106 618.1570 609.2543 619.6286 29.9756 45.9477 72.1705 88.0580 46.7361 69.4791 89.6681 78.6656 44.6142 93.5033 101.9122 70.2069 140.6034 94.4284 70.5447 43.0745 55.4503 38.6406 74.7238 58.7493 16.3536 74.9405 37.3589 46.2219 85.3782 70.4336 52.4164 97.7757 47.3185 30.7731 251.4274 282.4321 263.6979 281.2745 221.3676 306.3497 251.2919 297.6276 223.5194 256.4377 277.9956 223.3697 257.4742 280.0566 267.6788 273.4741 246.7884 254.5475 295.2342 271.1278 279.9523 276.4639 245.1880 295.7905 250.7034 276.6271 231.5684 255.6077 234.7134 272.6053 442.6303 494.2751 462.5518 488.3992 468.2304 465.7151 464.7035 480.7023 480.6393 465.3495 500.8837 500.7119 478.5604 474.9761 472.9166 468.1910 479.5991 447.2508 462.8200 483.0508 485.9459 434.2455 474.4180 491.8176 450.9382 515.5626 463.7173 508.5627 447.8619 501.4116
10.3202 21.8228 14.8333 10.6910 14.3224 18.8322 12.1348 13.2438 12.1547 27.1468 9.9639 9.6371 17.7720 15.8662 10.1203 0.0000 12.3092 17.3548 13.7808 14.5202 21.9923 10.8462 16.7180 8.1801 10.8448 10.3638 18.7416 19.2075 14.3010 9.6182 609.4317 621.3718 622.8055 621.2386 622.2365 613.9472 615.6408 623.3490 623.3309 622.0599 621.9522 627.0161 620.9943 619.2247 622.4694 621.7570 614.7403 620.9258 606.4856 621.0632 616.7231 621.3709 613.3394 621.9969 607.1934 614.7768 617.1942 615.0499 605.5531 617.0316 35.7834 51.7321 74.4279 89.9061 48.9351 71.7329 91.8475 80.5304 50.8864 94.6241 103.4374 72.4606 141.3870 96.4567 72.7870 45.3283 59.6404 40.6046 76.8069 60.6678 21.5697 76.5294 39.6126 50.5279 86.8028 72.6874 58.7906 99.9747 46.0847 36.9205 247.2995 277.7206 259.9320 277.5825 217.2397 301.3990 247.5808 292.7321 219.8182 252.6531 272.8915 219.5779 252.9333 276.1445 262.4692 268.8851 242.9966 249.9585 291.5331 266.0730 275.9067 272.6721 240.5990 291.6626 245.7527 272.7931 227.9033 251.8158 229.7246 268.4774 441.1080 493.1997 459.4447 486.8769 466.1370 464.2827 461.5964 479.5948 479.8338 464.6819 499.1982 499.0264 475.8609 472.8826 471.8413 467.1157 478.1182 445.7285 460.7266 481.5950 485.5051 432.1520 472.8957 490.1393 449.4159 513.8771 462.0318 506.8843 445.7685 499.8893
12.8946 18.9215 11.6206 14.4221 17.3465 10.9299 11.6564 17.8860 11.3542 22.7972 10.1655 15.3441 14.1055 13.6696 16.3203 12.3092 0.0000 9.6714 10.7267 13.0545 13.8574 9.4908 17.8786 9.7084 10.6764 10.7807 17.5872 11.4139 6.9159 10.0992 602.2603 613.2323 615.8081 614.2412 615.2391 605.7564 608.7859 616.4932 616.4751 615.0625 614.9548 618.8767 614.1395 612.2273 615.4720 614.7596 607.6057 613.9285 598.4653 614.2084 609.8683 614.5161 606.1680 614.9995 600.0587 607.6422 610.0227 607.9153 597.4136 610.0727 36.1845 54.7613 75.0441 89.3478 49.5550 72.3528 92.4674 80.4417 53.3850 93.8098 103.7832 73.0806 139.9119 97.0766 73.2270 45.9482 60.3085 40.4971 77.4268 60.7083 29.5004 76.7258 40.2325 50.6116 87.2409 73.3073 60.2676 100.3945 43.1158 45.4435 238.9832 269.3673 251.8531 269.5623 208.9234 292.8812 239.7901 283.7131 211.6787 244.5136 263.9535 211.4211 244.6448 268.0050 253.1043 260.6281 234.8870 241.6052 283.3936 256.8109 267.7672 264.4812 232.2457 283.3463 237.2348 264.6537 219.9948 243.7364 220.7056 260.1817 434.9878 487.1823 452.3101 480.7566 459.2741 458.4723 454.4618 473.5774 474.2269 459.0750 492.7307 492.6883 468.9284 465.8853 465.8239 461.0983 472.1008 439.6082 453.7292 475.5776 480.7179 425.1547 466.7754 483.2834 443.2956 507.4096 455.5642 500.0285 438.7711 493.7690
20.0002 18.9845 15.4099 21.1116 24.6184 8.5000 15.6368 21.4681 10.4351 20.9462 17.8849 18.3338 18.3101 12.1371 22.4091 17.3548 9.6714 0.0000 11.2515 14.6254 8.2955 14.8775 19.0284 15.2529 15.9583 16.2245 22.1584 7.5599 9.7429 16.5093 594.6790 604.7995 608.8590 607.2921 608.2900 597.5933 601.4509 609.6214 609.6033 608.1134 608.0057 610.4439 606.8044 605.2782 608.5376 607.8105 600.1472 606.9794 590.4701 606.8960 602.5332 607.1810 598.5868 608.0504 592.6002 600.1837 602.4415 600.4568 588.9809 603.0851 40.7805 59.2343 77.3089 89.0508 50.0127 74.3806 92.9251 80.6479 57.9779 91.9319 103.6027 73.5383 136.5680 97.5343 74.3539 47.1468 64.1018 40.9978 77.8846 62.2863 36.4532 76.6415 42.2544 54.6730 86.5137 74.1838 64.5693 100.8522 42.8940 50.8093 230.8564 261.2146 243.5330 261.5670 200.7966 284.9321 232.0812 275.9117 203.2460 236.0809 256.0711 203.2240 236.4902 259.5723 245.4365 252.3791 226.8917 233.4525 274.9608 249.1431 259.3345 256.3182 224.0930 275.2195 229.2857 256.2209 211.7366 235.4619 212.9042 252.0343 428.2726 480.7333 444.8516 474.0414 452.4023 452.0809 447.0033 467.1284 467.8355 452.6836 486.0633 485.9732 461.9144 458.9888 459.3749 454.6492 465.6518 432.8931 446.8162 469.1286 474.4185 418.2055 460.2668 476.4117 436.5805 500.6454 448.8001 493.1567 431.8220 487.0539
15.2253 22.6509 11.0524 17.3885 19.2569 11.9944 12.0823 15.9731 9.8469 26.4843 13.8700 15.3334 14.1858 13.9381 19.0717 13.7808 10.7267 11.2515 0.0000 12.4211 16.0539 12.3540 16.9538 11.8106 13.0089 13.5299 23.2155 10.5171 10.4264 11.1908 601.4139 611.6249 614.4936 612.9266 613.9245 604.7994 607.6081 615.1225 615.1044 613.7479 613.6402 617.2693 612.9617 610.9128 614.1574 613.4450 606.6803 612.6139 597.6090 613.0306 608.6905 613.3383 605.3216 613.6849 599.1333 606.7168 609.1764 606.9899 595.9712 608.8949 41.8717 58.6654 80.7552 90.5236 51.3032 77.8269 94.2155 84.2951 57.6859 94.4913 105.4024 75.3958 139.7726 99.0729 77.8080 50.1863 65.9678 44.4620 79.1750 65.8097 31.8564 78.4240 45.6184 56.8553 88.8516 77.6302 64.8788 102.1693 45.0572 48.2271 237.1295 266.8873 250.7392 268.7059 207.0698 290.6457 239.0300 281.3645 210.2653 242.9063 262.0953 210.4302 243.0375 266.3977 251.3065 258.7624 234.0307 239.1252 281.7862 254.7704 266.4509 263.5243 230.1820 281.4926 234.8141 263.0463 218.8537 242.6681 218.3571 258.5744 433.1096 485.4959 451.3847 478.8784 457.9034 457.0064 453.5364 471.9820 472.7611 457.6092 491.0854 490.9136 467.7506 464.5707 464.1375 459.5513 470.4144 437.7301 452.4146 474.0170 479.9024 423.8401 465.0294 481.9127 441.4175 505.7643 453.9190 498.6578 437.4566 491.8909
17.0675 23.3563 11.7433 13.8571 18.4019 17.5451 9.0536 21.1061 14.0978 25.7202 15.5106 13.7072 16.0179 14.4505 13.5710 14.5202 13.0545 14.6254 12.4211 0.0000 17.1315 9.2821 22.5708 16.4521 10.5423 8.6403 22.2750 15.0258 13.2200 13.2200 602.7965 615.5843 615.8315 614.2646 615.2625 607.6553 608.9002 616.5247 616.5065 615.0859 614.9782 621.2286 614.2537 612.2507 615.4954 614.7830 608.0778 613.9519 599.8164 614.3227 609.9825 614.6303 606.7042 615.0229 600.5308 608.1143 610.5589 608.3874 599.7656 610.1869 39.6255 55.7895 81.8204 95.3983 56.3313 79.1290 99.2436 87.0434 54.2915 98.8833 110.1173 79.8568 143.8210 103.8529 79.9079 52.7244 65.1002 47.1915 84.2031 67.3558 26.6317 83.0529 47.0088 55.8718 93.2511 80.0835 62.0664 107.1707 49.1868 41.8590 241.7037 272.2730 253.8665 271.1908 211.6440 296.1906 240.8565 287.2186 214.0307 246.8656 267.5784 213.6652 247.3375 270.3570 257.1178 263.3197 236.7047 244.3931 285.7456 260.7914 270.1192 266.3801 235.0336 286.0668 240.5442 267.0057 221.7129 245.9749 224.3770 262.8816 434.7458 487.1411 452.7821 480.5146 459.3055 458.5260 454.9338 473.5362 474.4189 459.1287 492.7016 492.5298 469.0426 465.9087 465.7827 461.1251 472.0596 439.3663 453.7526 475.5365 482.1018 425.1781 466.6746 483.3149 443.0537 507.3805 455.5351 500.0599 438.7946 493.5271
25.3737 17.5458 20.1139 25.2317 30.0773 10.6370 20.5684 27.7582 16.0436 19.7935 22.2380 22.1756 22.8735 12.7072 26.1842 21.9923 13.8574 8.2955 16.0539 17.1315 0.0000 19.5218 22.3664 19.6577 19.3519 20.6977 21.5042 8.5104 14.5299 20.8586 588.9396 600.1298 602.8396 601.2727 602.3301 592.8337 595.4778 603.6642 603.6461 602.0940 601.9863 605.7742 600.8314 599.2588 602.5804 601.7911 594.2085 600.9599 585.2464 600.9003 596.5602 601.2080 592.8473 602.0310 586.6615 594.2450 596.7020 594.5181 584.3112 597.0657 40.2032 61.7743 74.0984 86.0706 47.0325 70.6572 89.9449 77.5798 57.6366 88.5756 100.5380 70.5580 133.4256 94.5541 70.6306 45.6156 64.0722 38.4993 74.9043 58.5630 40.8623 73.6334 42.1113 54.4805 83.6175 70.7848 64.6871 97.8720 39.7899 54.1344 226.2874 257.1672 238.7734 256.3693 196.2276 281.0848 226.6273 272.2231 198.5762 231.4111 252.3825 198.4644 232.2183 254.9166 241.7640 248.2183 221.8832 229.2917 270.2911 245.3817 254.7727 251.5586 219.9322 270.6505 225.4385 251.5512 206.5057 230.7024 209.2156 247.4652 422.4087 474.7705 438.9129 468.1775 446.4451 446.3948 441.0645 461.3703 462.1494 446.9976 480.1424 480.1092 455.8950 453.0316 453.5240 448.9997 459.6890 427.0291 440.8886 463.4053 469.8817 412.1861 454.3040 470.4545 430.7165 494.7258 442.8805 487.1995 425.8026 481.1899
11.6340 22.2514 10.6385 10.2295 12.8790 16.6535 8.1547 15.6402 11.7266 26.8209 10.9501 11.5841 14.3559 14.4557 10.5086 10.8462 9.4908 14.8775 12.3540 9.2821 19.5218 0.0000 18.8128 11.7889 7.4059 5.5736 19.3739 16.7559 11.3072 9.8882 606.4970 617.6589 620.2134 618.6465 619.6444 610.4782 613.0021 620.9626 620.9445 619.4678 619.3601 623.3033 618.3557 616.6326 619.8788 619.1649 611.6814 618.3338 603.0517 618.4246 614.0845 618.7323 610.4047 619.4048 604.1344 611.7178 614.2595 611.9910 601.8403 614.4395 36.3747 52.3467 78.5695 93.1459 53.0804 75.8782 95.9928 83.9927 51.0132 97.4490 107.4000 76.6060 143.6568 100.6221 76.6571 49.4736 61.8494 44.0087 80.9523 64.2199 23.3611 80.4729 43.7579 52.6210 90.8135 76.8327 58.8155 103.9199 47.0130 38.6510 243.4094 273.5731 256.4179 274.1486 213.3496 297.4518 244.5137 288.8339 216.1174 248.9402 269.3720 216.1089 249.0714 272.4317 258.9633 264.8344 239.5276 245.8110 287.8202 262.5407 272.3030 269.2031 236.4619 287.7725 241.8055 269.0803 224.4146 248.3468 226.1263 264.6084 439.6344 492.0199 456.3857 485.4032 463.7435 463.4030 458.5374 478.4150 479.1576 464.0058 497.3681 497.3349 473.2688 470.3300 470.6615 465.9358 476.9384 444.2548 458.1574 480.4152 485.7796 429.5599 471.5534 487.7529 447.9422 511.9362 460.0908 504.4979 443.1764 498.4156
24.3877 17.7317 25.8730 17.4109 27.8943 15.2633 21.7878 25.1264 20.4571 23.7812 17.1792 17.4936 29.0592 15.8941 17.2051 16.7180 17.8786 19.0284 16.9538 22.5708 22.3664 18.8128 0.0000 14.9958 15.3571 17.2169 15.9750 17.3389 20.5356 21.2563 597.7960 610.3588 609.3477 608.1492 608.7786 602.7578 602.9910 609.3636 609.3455 608.7929 608.4943 616.0032 608.3446 605.7798 609.0115 608.2991 602.3588 607.4680 595.1285 608.4135 604.0734 608.7212 601.4814 608.5390 594.8118 602.3953 605.3362 602.6684 594.5401 604.2778 31.5979 49.7773 68.4617 75.9283 34.6741 65.3918 77.3437 71.3782 48.2866 80.5145 89.8697 60.0725 127.2610 84.1549 63.4959 39.1940 55.3851 33.5586 62.6069 53.5256 29.9579 64.5080 33.4398 45.5501 73.3094 64.4857 54.8050 85.7039 34.8396 40.8336 236.4069 267.4897 248.6975 266.2933 206.4723 291.4074 236.2304 283.1846 208.8052 241.6401 264.6122 208.6036 242.2430 265.1315 254.3966 258.2430 231.8072 239.3164 280.5201 257.0675 264.9207 261.4826 230.4098 280.7700 235.7863 261.7802 216.5029 240.8359 220.6531 257.5847 426.6269 478.1223 447.0632 472.3957 452.6791 449.7117 449.2149 464.6989 464.9250 449.7227 484.9045 484.7328 463.1335 459.4248 456.7508 452.0252 463.5957 431.2474 447.2687 467.0474 470.7897 418.8186 458.4145 476.1538 434.9348 499.6142 447.7381 492.8989 432.3496 485.4082
13.6022 17.9281 15.2087 11.1518 17.0646 15.6929 12.0513 15.9710 13.2566 23.7001 7.5745 10.4957 18.1163 15.1430 12.5155 8.1801 9.7084 15.2529 11.8106 16.4521 19.6577 11.7889 14.9958 0.0000 11.1175 11.1341 15.7463 16.8843 11.5732 10.9538 607.2104 619.3406 619.9082 618.3412 619.3391 611.9214 613.1764 620.1874 620.1693 619.1625 619.0549 624.9850 618.5299 616.3274 619.5720 618.8596 612.4197 618.0285 604.4137 618.5988 614.2587 618.9065 611.1181 619.0996 604.8727 612.4561 614.9728 612.7293 603.5220 614.4631 33.6295 50.1144 72.2429 86.3631 46.3522 69.3145 89.2645 77.1644 50.1002 90.7486 100.3714 69.8777 137.5082 93.8737 69.9288 42.7453 57.9455 37.2654 74.2250 57.5052 24.8208 73.4880 37.1060 48.7033 83.5096 70.1044 56.9984 97.2052 44.2763 40.5086 244.9608 275.3808 257.9580 275.5106 214.9011 299.0541 245.6006 289.6832 217.7871 250.6220 270.0058 217.5521 250.7532 274.1134 259.4087 266.7723 240.9708 247.6187 289.5020 263.0660 273.8756 270.6463 238.2592 289.3239 243.4077 270.7620 225.8831 249.8413 226.7989 266.2901 437.7057 489.5711 457.1240 483.4745 463.2397 460.7905 459.2757 475.9662 476.0838 460.9319 495.8850 495.7132 473.3188 469.9853 468.2127 463.4871 474.6744 442.3261 457.8292 478.1262 481.6173 429.2547 469.4933 486.9776 446.0135 510.5639 458.7186 503.7227 442.8712 496.4869
13.8658 19.1007 14.3746 7.9497 15.8144 17.0237 9.8594 17.3096 14.9863 23.8615 9.4606 10.5410 18.1261 11.9971 8.5822 10.8448 10.6764 15.9583 13.0089 10.5423 19.3519 7.4059 15.3571 11.1175 0.0000 6.3420 14.6714 17.3154 12.7430 10.9746 605.8834 618.3736 618.6532 617.0863 618.0842 610.3380 611.6542 619.1972 619.1791 617.9076 617.7999 624.0179 617.0078 615.0724 618.3171 617.6047 611.0416 616.7736 602.6064 617.0767 612.7366 617.3844 609.7911 617.8446 603.4946 611.0781 613.6459 611.3512 602.5549 612.9410 30.9371 47.2127 73.1319 88.4614 47.6428 70.4406 90.5552 79.0485 45.8676 93.1153 102.7874 71.1684 140.1207 95.2591 71.7027 44.0360 56.4118 38.8780 75.5146 59.6245 22.7766 75.5317 38.3203 47.1834 86.2591 71.3951 53.3779 98.8957 43.0590 36.3382 244.5389 275.5758 256.7716 274.0815 214.4791 299.4934 243.9210 290.8471 216.8200 249.6833 271.2318 216.4545 250.5306 273.1681 260.9149 266.5306 239.3874 247.6040 288.5349 264.3474 273.0772 269.1611 238.2454 288.9020 243.8471 269.7950 224.6180 248.7642 227.9330 265.7167 437.0437 489.2009 455.7460 482.8125 461.9847 460.2838 457.8977 475.5959 475.8614 460.7095 495.1944 495.0226 471.7967 468.7304 467.8424 463.1168 474.1193 441.6642 456.5743 477.5962 482.6181 427.9997 468.8314 485.9874 445.3516 509.8733 458.0280 502.7325 441.6162 495.8250
13.3726 21.1328 13.4012 10.3375 14.7164 17.6968 8.5962 17.0979 13.4063 25.7832 10.0813 10.5675 17.1424 14.1915 8.9409 10.3638 10.7807 16.2245 13.5299 8.6403 20.6977 5.5736 17.2169 11.1341 6.3420 0.0000 16.9569 17.8144 12.7134 10.9813 606.9813 619.2195 620.3075 618.7405 619.7384 611.5437 613.3418 620.9346 620.9164 619.5618 619.4541 624.8639 618.6954 616.7267 619.9713 619.2589 612.1818 618.4278 604.1107 618.7643 614.4242 619.0720 610.8786 619.4988 604.6349 612.2183 614.7334 612.4915 603.4009 614.6286 33.7261 49.6982 75.9210 90.4085 50.4319 73.2296 93.3442 81.4294 48.8654 95.1934 104.7003 73.9574 142.1146 97.9745 74.0086 46.8250 59.2008 41.3103 78.3037 61.5821 22.2371 77.7215 41.1411 49.9725 88.0246 74.1842 56.1670 101.2714 45.0971 36.9314 245.0227 275.3425 257.7705 275.2088 214.9630 299.2602 245.3513 290.7023 217.6659 250.5008 271.0557 217.3386 250.6565 273.9923 260.7383 266.5368 240.5931 247.5663 289.3808 264.2687 273.7544 270.2686 238.2067 289.3858 243.6138 270.6409 225.7703 249.6538 227.8543 266.2006 438.9767 491.1590 456.8862 484.7456 463.7154 462.4038 459.0379 477.5540 478.1585 463.0066 496.9322 496.7604 473.4843 470.3846 469.8005 465.0749 476.0774 443.5972 458.2285 479.5543 484.7322 429.6540 470.7644 487.7248 447.2846 511.6111 459.7658 504.4698 443.2705 497.7580
24.7037 10.6906 26.2467 15.1210 28.2171 21.7672 21.9089 28.9226 25.0513 14.8869 16.0444 17.7459 29.4343 15.7058 16.1486 18.7416 17.5872 22.1584 23.2155 22.2750 21.5042 19.3739 15.9750 15.7463 14.6714 16.9569 0.0000 20.6876 20.5914 22.4170 599.9914 614.6502 610.8716 609.8363 610.3025 606.0811 604.6782 610.8504 610.6002 610.4800 610.0182 620.2946 610.0318 607.4670 610.5354 609.8230 604.2696 608.9919 598.0247 610.1007 605.7606 610.4084 603.3736 610.0629 596.7226 604.3060 607.4002 604.5792 598.8316 605.9650 19.4767 43.5816 59.5454 74.0963 35.3988 56.8540 76.9686 65.0419 37.6439 78.9956 88.2914 57.5818 125.9533 81.5779 57.6329 30.4494 45.7526 25.5433 62.1192 45.2518 28.8534 61.2827 29.7184 37.5455 71.6885 57.8085 43.8242 84.8957 35.4274 35.9486 241.2304 272.3494 252.7600 270.2457 211.1706 296.2670 238.8360 287.7730 213.0966 246.0587 268.6586 212.7311 247.3033 269.8703 258.3418 263.3032 235.1306 244.3766 284.8115 261.4483 269.7814 264.9621 235.0546 285.5934 240.6207 266.4301 220.9926 245.0408 225.0339 262.4082 427.3694 478.8510 448.9739 473.2205 454.2030 450.4404 451.1256 465.4275 465.3298 450.0794 486.0434 485.6231 464.9825 460.9487 457.4314 452.7272 464.3243 431.9760 448.9544 467.7761 471.1346 420.5058 459.2315 477.3713 435.6634 500.8316 448.7767 494.1163 434.0368 486.2287
22.6856 18.6850 17.3709 23.1613 26.7847 9.3728 17.7868 23.6070 13.1678 21.0046 19.4063 20.3405 20.1600 11.8972 24.2523 19.2075 11.4139 7.5599 10.5171 15.0258 8.5104 16.7559 17.3389 16.8843 17.3154 17.8144 20.6876 0.0000 12.3149 18.3131 592.4279 603.0004 606.0205 604.4535 605.4514 595.5733 598.9160 606.6314 606.6133 605.2748 605.1671 608.6448 604.2695 602.4397 605.6843 604.9719 597.9076 604.1408 588.2897 604.3385 599.9983 604.6461 596.3356 605.2118 590.3606 597.9441 600.1903 598.2172 587.1817 600.2466 39.2842 60.2398 76.3427 86.3688 47.3307 73.4143 90.2430 79.7492 56.5513 89.4993 101.1529 70.9832 134.6268 94.8523 73.3877 46.3316 63.6510 40.0315 75.2025 61.3201 37.6522 74.0885 41.9915 53.2503 84.1806 73.2176 63.6018 98.1701 40.3377 51.9654 228.7286 259.0130 241.5363 259.3866 198.6688 282.7345 229.8974 273.7887 201.4468 234.2817 254.0525 201.2041 234.4129 257.7732 243.6332 250.2965 224.7113 231.2509 273.1617 247.0587 257.5353 254.2982 221.8914 273.0917 227.0881 254.4218 209.6855 233.4420 210.7812 249.9498 425.1592 477.3880 442.6120 470.9281 449.4123 448.8454 444.7636 463.8209 464.7177 449.4481 482.8929 482.8598 459.0759 456.0976 456.0296 451.4197 462.3065 429.7797 443.9415 465.8559 472.5929 415.3670 456.9469 473.4216 433.4671 497.4228 445.5774 490.1667 428.9835 483.9405
13.3773 20.1640 9.6085 16.8857 16.9351 12.1913 9.6553 16.7669 9.8679 23.6959 11.5868 15.7887 11.8273 13.6238 19.0303 14.3010 6.9159 9.7429 10.4264 13.2200 14.5299 11.3072 20.5356 11.5732 12.7430 12.7134 20.5914 12.3149 0.0000 9.7425 602.6342 612.8902 616.4280 614.8611 615.8590 605.7917 609.2188 617.1881 617.1700 615.6824 615.5747 618.5346 614.5723 612.8472 616.1043 615.3795 608.1603 614.5483 598.4500 614.6413 610.3011 614.9489 606.5419 615.6194 600.6133 608.1968 610.3966 608.4699 597.0716 610.6541 39.6447 57.4306 79.0034 92.5524 53.5143 76.3120 96.4266 84.1773 56.2669 95.2254 107.0293 77.0398 140.6078 101.0359 77.0909 49.9074 63.2469 44.3745 81.3861 64.5388 31.7814 80.1152 44.1918 54.5071 90.0361 77.2666 62.6446 104.3538 47.0282 48.1857 238.5130 268.6880 251.7315 269.5469 208.4532 292.0503 240.0560 282.8928 211.3367 244.1716 263.3195 211.4225 244.3027 267.6630 251.9920 260.0769 234.8717 240.9259 283.0515 255.6987 267.5091 264.5166 231.5663 282.8761 236.4024 264.3116 219.7054 243.6604 219.8854 259.8397 436.0138 488.2807 452.8646 481.7827 459.9690 459.3636 455.0163 474.6758 475.1040 459.9521 493.7476 493.7144 469.4834 466.5555 466.9222 462.1966 473.1992 440.6343 454.4870 476.6760 481.7924 425.7745 467.8142 483.9784 444.3217 508.3243 456.4789 500.7234 439.3910 494.7951
8.3819 25.6021 8.5830 12.9186 10.9776 18.8715 10.2053 10.1770 10.1686 30.4143 10.2819 12.6117 11.3203 17.0938 14.7888 9.6182 10.0992 16.5093 11.1908 13.2200 20.8586 9.8882 21.2563 10.9538 10.9746 10.9813 22.4170 18.3131 9.7425 0.0000 609.3717 620.4874 622.7970 621.2301 622.5548 613.1260 615.7359 623.8889 623.8708 622.0514 621.9437 626.1318 621.0895 619.2162 622.8051 621.7485 614.6693 620.9173 605.6975 621.1584 616.8183 621.4661 613.2794 621.9884 607.1223 614.7058 617.1342 614.9789 604.6688 617.0231 40.7258 56.5342 80.7373 95.3649 55.2482 78.0460 98.1606 86.3580 55.8065 99.9280 109.8076 78.7738 146.7532 102.7698 79.0044 51.6414 65.3401 46.3676 83.1201 66.8278 26.5672 82.4283 45.9257 56.2276 93.2065 79.0005 63.5926 106.1018 49.4004 43.1635 246.1641 276.3907 259.0658 276.7944 216.1043 299.8251 247.1246 290.3754 218.9339 251.7688 270.9270 218.7568 251.8999 275.2602 259.5420 267.7257 242.1755 248.6286 290.6487 263.2487 275.0224 271.8509 239.2690 290.5271 244.1787 271.9088 227.0080 250.9947 227.5699 267.4369 442.4403 494.5982 459.3737 488.2092 466.6698 465.7323 461.5253 480.9932 481.4869 466.3351 500.1967 500.1409 475.8784 473.2563 473.2397 468.5790 479.5167 447.0608 461.0837 482.9935 488.4470 432.3155 474.2280 490.6792 450.7482 514.8757 463.0303 507.4242 445.7702 501.2216
613.6745 592.7811 608.4028 611.0508 618.5240 593.1373 608.4498 615.4243 603.0366 585.4714 610.7809 608.3344 608.2861 594.4807 613.0481 609.4317 602.2603 594.6790 601.4139 602.7965 588.9396 606.4970 597.7960 607.2104 605.8834 606.9813 599.9914 592.4279 602.6342 609.3717 0.0000 48.6628 28.7026 23.9655 26.3814 17.4201 18.0589 28.0849 27.6837 27.5754 27.2599 52.1226 24.9437 24.2775 27.4643 26.9494 17.5111 23.7815 15.3004 25.1516 21.6749 23.7737 10.8192 26.0078 11.6292 13.7286 14.3504 17.8006 30.8245 22.3551 603.0985 627.7412 603.3755 563.0394 578.6080 586.5756 546.8552 561.3369 618.3524 549.4218 559.7960 579.1413 517.0588 575.8420 570.5815 596.9208 620.9387 580.8569 554.6706 584.0511 627.0114 586.4613 612.0266 622.4970 565.0185 596.9493 625.4647 558.9200 568.6080 622.3019 384.8421 376.0294 382.5521 365.6777 413.2451 378.4735 369.7275 374.9630 404.6175 386.3905 394.6718 395.2670 386.6166 377.5754 393.9614 384.0728 396.3022 396.6265 365.9747 390.8364 378.0658 372.9378 404.0950 379.2735 394.4231 380.6274 390.7030 368.0058 404.8665 385.5833 204.2785 186.1813 183.4549 162.2581 192.8620 186.2209 165.5112 196.5397 178.9565 200.0241 225.0189 203.7577 197.6866 225.3935 217.1296 193.7297 174.9874 220.4000 187.7796 180.1934 193.6963 216.7276 184.3792 188.1262 189.7074 165.8639 217.1758 202.5974 212.3251 186.7557
