1.000000 0.944831 0.868597 0.103081 0.105994 0.192212 0.043829 0.000000 0.093575 0.309365 0.062460 0.070580 0.064967 0.146072 0.305392 0.272693 0.181265 0.058491 0.118730 0.635812 0.573237 0.490546 0.286797 0.377413 0.259211 0.179514 0.008456 0.200373 0.096839
0.944831 1.000000 0.979638 0.337814 0.376564 0.477840 0.346965 0.317178 0.417902 0.589960 0.401937 0.389166 0.398403 0.465097 0.597016 0.571924 0.505603 0.399384 0.452590 0.853758 0.807872 0.751773 0.590490 0.659758 0.552279 0.497434 0.348472 0.504801 0.411659
0.868597 0.979638 1.000000 0.451815 0.504881 0.594361 0.501724 0.463179 0.559771 0.707404 0.562901 0.539220 0.543547 0.609935 0.725417 0.702880 0.641420 0.557083 0.605451 0.915774 0.906124 0.856901 0.737681 0.790468 0.696662 0.651059 0.516869 0.643419 0.571689
0.103081 0.337814 0.451815 1.000000 0.965015 0.853254 0.909820 0.355971 0.389028 0.411944 0.630944 0.656676 0.598448 0.575157 0.512756 0.513900 0.500768 0.487789 0.554955 0.616750 0.654768 0.708854 0.681517 0.752489 0.699087 0.766232 0.774635 0.821398 0.826242
0.105994 0.376564 0.504881 0.965015 1.000000 0.949283 0.968704 0.452274 0.499737 0.495611 0.742265 0.749420 0.707469 0.686354 0.595977 0.606152 0.611994 0.605741 0.661515 0.707465 0.742181 0.802479 0.792916 0.829765 0.816324 0.875587 0.876321 0.925222 0.918995
0.192212 0.477840 0.594361 0.853254 0.949283 1.000000 0.924613 0.552612 0.620893 0.610128 0.818953 0.813544 0.806008 0.786346 0.691320 0.711663 0.732303 0.708406 0.752098 0.824630 0.811856 0.881662 0.857624 0.871863 0.853699 0.916381 0.903295 0.963466 0.917869
0.043829 0.346965 0.501724 0.909820 0.968704 0.924613 1.000000 0.527156 0.578226 0.556192 0.808796 0.794248 0.754161 0.742260 0.657533 0.664103 0.675371 0.687680 0.734196 0.709243 0.787283 0.832657 0.861930 0.873434 0.903399 0.940306 0.939161 0.959460 0.978039
0.000000 0.317178 0.463179 0.355971 0.452274 0.552612 0.527156 1.000000 0.967496 0.910651 0.884208 0.861798 0.898931 0.822820 0.901323 0.905349 0.928286 0.956404 0.944691 0.653297 0.681316 0.721536 0.781274 0.778348 0.630047 0.704711 0.749372 0.638174 0.616190
0.093575 0.417902 0.559771 0.389028 0.499737 0.620893 0.578226 0.967496 1.000000 0.961447 0.916157 0.866332 0.923814 0.898215 0.954201 0.962432 0.983672 0.984824 0.973247 0.751437 0.768257 0.805051 0.847085 0.833595 0.705865 0.771514 0.784444 0.705176 0.670392
0.309365 0.589960 0.707404 0.411944 0.495611 0.610128 0.556192 0.910651 0.961447 1.000000 0.864545 0.822934 0.867201 0.873206 0.991185 0.981407 0.965231 0.933061 0.942516 0.823696 0.838598 0.849623 0.851743 0.866599 0.703251 0.754054 0.735266 0.689000 0.645099
0.062460 0.401937 0.562901 0.630944 0.742265 0.818953 0.808796 0.884208 0.916157 0.864545 1.000000 0.980346 0.984570 0.970909 0.906584 0.935928 0.947211 0.964112 0.969007 0.790981 0.829475 0.884906 0.945810 0.919523 0.849441 0.928558 0.943902 0.890056 0.870888
0.070580 0.389166 0.539220 0.656676 0.749420 0.813544 0.794248 0.861798 0.866332 0.822934 0.980346 1.000000 0.976208 0.943181 0.869416 0.902446 0.900395 0.917816 0.932825 0.761227 0.788233 0.851519 0.902654 0.893133 0.792385 0.892916 0.930441 0.867310 0.840564
0.064967 0.398403 0.543547 0.598448 0.707469 0.806008 0.754161 0.898931 0.923814 0.867201 0.984570 0.976208 1.000000 0.962730 0.897848 0.933673 0.952337 0.954564 0.956675 0.791659 0.790336 0.860797 0.899127 0.883014 0.778934 0.880640 0.908286 0.851755 0.811102
0.146072 0.465097 0.609935 0.575157 0.686354 0.786346 0.742260 0.822820 0.898215 0.873206 0.970909 0.943181 0.962730 1.000000 0.907144 0.948965 0.941174 0.930257 0.929757 0.816146 0.831535 0.884076 0.927825 0.891380 0.802055 0.889817 0.879406 0.846621 0.807313
0.305392 0.597016 0.725417 0.512756 0.595977 0.691320 0.657533 0.901323 0.954201 0.991185 0.906584 0.869416 0.897848 0.907144 1.000000 0.991774 0.973131 0.946193 0.962711 0.853094 0.882781 0.897040 0.905926 0.920182 0.777088 0.828645 0.809338 0.770418 0.736995
0.272693 0.571924 0.702880 0.513900 0.606152 0.711663 0.664103 0.905349 0.962432 0.981407 0.935928 0.902446 0.933673 0.948965 0.991774 1.000000 0.983875 0.959433 0.968314 0.852771 0.871323 0.897849 0.914823 0.914177 0.774081 0.840567 0.825090 0.784216 0.743633
0.181265 0.505603 0.641420 0.500768 0.611994 0.732303 0.675371 0.928286 0.983672 0.965231 0.947211 0.900395 0.952337 0.941174 0.973131 0.983875 1.000000 0.983272 0.984653 0.839996 0.844538 0.885825 0.906837 0.898546 0.784034 0.849632 0.844893 0.800130 0.757179
0.058491 0.399384 0.557083 0.487789 0.605741 0.708406 0.687680 0.956404 0.984824 0.933061 0.964112 0.917816 0.954564 0.930257 0.946193 0.959433 0.983272 1.000000 0.992989 0.767809 0.804258 0.846283 0.906722 0.882640 0.792023 0.853926 0.867482 0.795320 0.773672
0.118730 0.452590 0.605451 0.554955 0.661515 0.752098 0.734196 0.944691 0.973247 0.942516 0.969007 0.932825 0.956675 0.929757 0.962711 0.968314 0.984653 0.992989 1.000000 0.805612 0.842925 0.882013 0.927222 0.919791 0.823507 0.883450 0.894381 0.833846 0.811420
0.635812 0.853758 0.915774 0.616750 0.707465 0.824630 0.709243 0.653297 0.751437 0.823696 0.790981 0.761227 0.791659 0.816146 0.853094 0.852771 0.839996 0.767809 0.805612 1.000000 0.960426 0.970964 0.884261 0.915000 0.832929 0.843141 0.756933 0.847400 0.769646
0.573237 0.807872 0.906124 0.654768 0.742181 0.811856 0.787283 0.681316 0.768257 0.838598 0.829475 0.788233 0.790336 0.831535 0.882781 0.871323 0.844538 0.804258 0.842925 0.960426 1.000000 0.986057 0.948748 0.966804 0.923143 0.907832 0.822362 0.886690 0.853452
0.490546 0.751773 0.856901 0.708854 0.802479 0.881662 0.832657 0.721536 0.805051 0.849623 0.884906 0.851519 0.860797 0.884076 0.897040 0.897849 0.885825 0.846283 0.882013 0.970964 0.986057 1.000000 0.965671 0.981339 0.925183 0.941792 0.876747 0.932082 0.889448
0.286797 0.590490 0.737681 0.681517 0.792916 0.857624 0.861930 0.781274 0.847085 0.851743 0.945810 0.902654 0.899127 0.927825 0.905926 0.914823 0.906837 0.906722 0.927222 0.884261 0.948748 0.965671 1.000000 0.979669 0.954908 0.975636 0.932684 0.941149 0.929488
0.377413 0.659758 0.790468 0.752489 0.829765 0.871863 0.873434 0.778348 0.833595 0.866599 0.919523 0.893133 0.883014 0.891380 0.920182 0.914177 0.898546 0.882640 0.919791 0.915000 0.966804 0.981339 0.979669 1.000000 0.934247 0.960560 0.921014 0.939179 0.923332
0.259211 0.552279 0.696662 0.699087 0.816324 0.853699 0.903399 0.630047 0.705865 0.703251 0.849441 0.792385 0.778934 0.802055 0.777088 0.774081 0.784034 0.792023 0.823507 0.832929 0.923143 0.925183 0.954908 0.934247 1.000000 0.971797 0.913639 0.952959 0.960656
0.179514 0.497434 0.651059 0.766232 0.875587 0.916381 0.940306 0.704711 0.771514 0.754054 0.928558 0.892916 0.880640 0.889817 0.828645 0.840567 0.849632 0.853926 0.883450 0.843141 0.907832 0.941792 0.975636 0.960560 0.971797 1.000000 0.972652 0.986704 0.983622
0.008456 0.348472 0.516869 0.774635 0.876321 0.903295 0.939161 0.749372 0.784444 0.735266 0.943902 0.930441 0.908286 0.879406 0.809338 0.825090 0.844893 0.867482 0.894381 0.756933 0.822362 0.876747 0.932684 0.921014 0.913639 0.972652 1.000000 0.962929 0.963918
0.200373 0.504801 0.643419 0.821398 0.925222 0.963466 0.959460 0.638174 0.705176 0.689000 0.890056 0.867310 0.851755 0.846621 0.770418 0.784216 0.800130 0.795320 0.833846 0.847400 0.886690 0.932082 0.941149 0.939179 0.952959 0.986704 0.962929 1.000000 0.982867
0.096839 0.411659 0.571689 0.826242 0.918995 0.917869 0.978039 0.616190 0.670392 0.645099 0.870888 0.840564 0.811102 0.807313 0.736995 0.743633 0.757179 0.773672 0.811420 0.769646 0.853452 0.889448 0.929488 0.923332 0.960656 0.983622 0.963918 0.982867 1.000000
