1.000000 0.686632 0.852309 0.847079 0.841952 0.828796 0.786640 0.685833 0.748707 0.643734 0.579006 0.655010 0.701332 0.587068 0.724342 0.739289 0.676533 0.682379 0.705662 0.725041 0.738619 0.656924 0.653175 0.694436 0.724991 0.662931 0.711855 0.676571 0.680227 
0.686632 1.000000 0.638366 0.495758 0.673327 0.843615 0.865493 0.845555 0.621087 0.000000 0.588323 0.697376 0.720308 0.646715 0.693457 0.641355 0.733023 0.718513 0.757598 0.707457 0.710762 0.712105 0.761539 0.759967 0.731656 0.760867 0.742999 0.783465 0.730120 
0.852309 0.638366 1.000000 0.829626 0.802688 0.839599 0.801022 0.734028 0.931724 0.898096 0.731242 0.859058 0.896841 0.795864 0.850951 0.886013 0.809990 0.798154 0.883917 0.743224 0.864693 0.787658 0.788961 0.831401 0.775552 0.779401 0.764873 0.755176 0.732987 
0.847079 0.495758 0.829626 1.000000 0.766031 0.827700 0.765416 0.710448 0.804390 0.897505 0.898754 0.827503 0.804973 0.903658 0.770226 0.846337 0.868859 0.801820 0.781695 0.812776 0.772896 0.828240 0.776504 0.798704 0.779637 0.768384 0.764681 0.742311 0.748045 
0.841952 0.673327 0.802688 0.766031 1.000000 0.788162 0.795864 0.722272 0.750899 0.729753 0.692462 0.751681 0.755746 0.737805 0.744308 0.892308 0.776644 0.751095 0.765862 0.892305 0.880961 0.791908 0.712474 0.793625 0.906786 0.770868 0.860656 0.749249 0.708766 
0.828796 0.843615 0.839599 0.827700 0.788162 1.000000 0.886399 0.844078 0.770699 0.796377 0.713060 0.908023 0.875781 0.881458 0.743159 0.813280 0.920468 0.882556 0.888000 0.776782 0.869261 0.830075 0.893912 0.907617 0.847400 0.884255 0.832742 0.824687 0.804858 
0.786640 0.865493 0.801022 0.765416 0.795864 0.886399 1.000000 0.861318 0.731212 0.737678 0.667910 0.825147 0.813696 0.796537 0.738030 0.785180 0.901201 0.823138 0.900689 0.799085 0.814920 0.876594 0.832279 0.926959 0.875367 0.900003 0.904192 0.891556 0.806780 
0.685833 0.845555 0.734028 0.710448 0.722272 0.844078 0.861318 1.000000 0.719079 0.723411 0.697316 0.812310 0.791870 0.768254 0.714427 0.718090 0.816926 0.777938 0.824625 0.731065 0.759205 0.795662 0.913149 0.826268 0.779653 0.903543 0.790493 0.933460 0.857877 
0.748707 0.621087 0.931724 0.804390 0.750899 0.770699 0.731212 0.719079 1.000000 0.908124 0.800584 0.856552 0.874155 0.819349 0.884625 0.870024 0.815684 0.800992 0.834526 0.738774 0.824173 0.765391 0.791089 0.801790 0.747693 0.763708 0.747420 0.754714 0.751428 
0.643734 0.000000 0.898096 0.897505 0.729753 0.796377 0.737678 0.723411 0.908124 1.000000 0.925779 0.917175 0.894440 0.931517 0.842846 0.882932 0.879460 0.822051 0.860877 0.756727 0.823687 0.850078 0.832009 0.827849 0.739367 0.803736 0.757819 0.775837 0.781172 
0.579006 0.588323 0.731242 0.898754 0.692462 0.713060 0.667910 0.697316 0.800584 0.925779 1.000000 0.856052 0.781803 0.931322 0.732318 0.804166 0.852514 0.771581 0.755761 0.781305 0.728421 0.820169 0.778083 0.749828 0.709733 0.748294 0.716127 0.732002 0.747931 
0.655010 0.697376 0.859058 0.827503 0.751681 0.908023 0.825147 0.812310 0.856552 0.917175 0.856052 1.000000 0.899787 0.926481 0.778184 0.872114 0.936321 0.891831 0.908213 0.750355 0.870083 0.862444 0.916285 0.900209 0.804838 0.897940 0.800220 0.837575 0.836606 
0.701332 0.720308 0.896841 0.804973 0.755746 0.875781 0.813696 0.791870 0.874155 0.894440 0.781803 0.899787 1.000000 0.864877 0.767605 0.858237 0.876744 0.887061 0.894588 0.732009 0.856012 0.831456 0.872766 0.880339 0.796235 0.841237 0.773116 0.807283 0.799258 
0.587068 0.646715 0.795864 0.903658 0.737805 0.881458 0.796537 0.768254 0.819349 0.931517 0.931322 0.926481 0.864877 1.000000 0.754633 0.847883 0.947744 0.891394 0.860974 0.789309 0.821796 0.886652 0.890689 0.878368 0.801706 0.851841 0.791357 0.815551 0.829622 
0.724342 0.693457 0.850951 0.770226 0.744308 0.743159 0.738030 0.714427 0.884625 0.842846 0.732318 0.778184 0.767605 0.754633 1.000000 0.789721 0.770552 0.777649 0.790073 0.738476 0.836534 0.753454 0.742826 0.794911 0.768041 0.745256 0.747107 0.734286 0.741046 
0.739289 0.641355 0.886013 0.846337 0.892308 0.813280 0.785180 0.718090 0.870024 0.882932 0.804166 0.872114 0.858237 0.847883 0.789721 1.000000 0.860728 0.825425 0.851662 0.850671 0.903410 0.817658 0.785354 0.837118 0.873202 0.788822 0.827389 0.765469 0.749409 
0.676533 0.733023 0.809990 0.868859 0.776644 0.920468 0.901201 0.816926 0.815684 0.879460 0.852514 0.936321 0.876744 0.947744 0.770552 0.860728 1.000000 0.905375 0.900699 0.789462 0.865050 0.918210 0.899932 0.938478 0.852430 0.918435 0.879064 0.868011 0.850293 
0.682379 0.718513 0.798154 0.801820 0.751095 0.882556 0.823138 0.777938 0.800992 0.822051 0.771581 0.891831 0.887061 0.891394 0.777649 0.825425 0.905375 1.000000 0.860591 0.727915 0.805524 0.838704 0.851543 0.890884 0.827596 0.864093 0.770261 0.782275 0.834883 
0.705662 0.757598 0.883917 0.781695 0.765862 0.888000 0.900689 0.824625 0.834526 0.860877 0.755761 0.908213 0.894588 0.860974 0.790073 0.851662 0.900699 0.860591 1.000000 0.748059 0.862723 0.883283 0.898885 0.911446 0.818583 0.897055 0.849950 0.868587 0.840247 
0.725041 0.707457 0.743224 0.812776 0.892305 0.776782 0.799085 0.731065 0.738774 0.756727 0.781305 0.750355 0.732009 0.789309 0.738476 0.850671 0.789462 0.727915 0.748059 1.000000 0.811001 0.850141 0.726915 0.782947 0.933222 0.779444 0.854126 0.764702 0.716678 
0.738619 0.710762 0.864693 0.772896 0.880961 0.869261 0.814920 0.759205 0.824173 0.823687 0.728421 0.870083 0.856012 0.821796 0.836534 0.903410 0.865050 0.805524 0.862723 0.811001 1.000000 0.807972 0.814292 0.874999 0.880873 0.830633 0.841631 0.794961 0.751723 
0.656924 0.712105 0.787658 0.828240 0.791908 0.830075 0.876594 0.795662 0.765391 0.850078 0.820169 0.862444 0.831456 0.886652 0.753454 0.817658 0.918210 0.838704 0.883283 0.850141 0.807972 1.000000 0.840356 0.905276 0.862362 0.900484 0.888242 0.868249 0.840215 
0.653175 0.761539 0.788961 0.776504 0.712474 0.893912 0.832279 0.913149 0.791089 0.832009 0.778083 0.916285 0.872766 0.890689 0.742826 0.785354 0.899932 0.851543 0.898885 0.726915 0.814292 0.840356 1.000000 0.875780 0.772035 0.919631 0.788427 0.900606 0.905642 
0.694436 0.759967 0.831401 0.798704 0.793625 0.907617 0.926959 0.826268 0.801790 0.827849 0.749828 0.900209 0.880339 0.878368 0.794911 0.837118 0.938478 0.890884 0.911446 0.782947 0.874999 0.905276 0.875780 1.000000 0.876995 0.920123 0.913080 0.879343 0.796572 
0.724991 0.731656 0.775552 0.779637 0.906786 0.847400 0.875367 0.779653 0.747693 0.739367 0.709733 0.804838 0.796235 0.801706 0.768041 0.873202 0.852430 0.827596 0.818583 0.933222 0.880873 0.862362 0.772035 0.876995 1.000000 0.864682 0.948298 0.827552 0.733317 
0.662931 0.760867 0.779401 0.768384 0.770868 0.884255 0.900003 0.903543 0.763708 0.803736 0.748294 0.897940 0.841237 0.851841 0.745256 0.788822 0.918435 0.864093 0.897055 0.779444 0.830633 0.900484 0.919631 0.920123 0.864682 1.000000 0.883921 0.916989 0.931234 
0.711855 0.742999 0.764873 0.764681 0.860656 0.832742 0.904192 0.790493 0.747420 0.757819 0.716127 0.800220 0.773116 0.791357 0.747107 0.827389 0.879064 0.770261 0.849950 0.854126 0.841631 0.888242 0.788427 0.913080 0.948298 0.883921 1.000000 0.858199 0.767214 
0.676571 0.783465 0.755176 0.742311 0.749249 0.824687 0.891556 0.933460 0.754714 0.775837 0.732002 0.837575 0.807283 0.815551 0.734286 0.765469 0.868011 0.782275 0.868587 0.764702 0.794961 0.868249 0.900606 0.879343 0.827552 0.916989 0.858199 1.000000 0.884289 
0.680227 0.730120 0.732987 0.748045 0.708766 0.804858 0.806780 0.857877 0.751428 0.781172 0.747931 0.836606 0.799258 0.829622 0.741046 0.749409 0.850293 0.834883 0.840247 0.716678 0.751723 0.840215 0.905642 0.796572 0.733317 0.931234 0.767214 0.884289 1.000000 
