2910 0.000000 0.002637 0.000000 0.000000 0.000000 0.000000 0.000000 0.056032 0.000000 0.000000 0.000000 0.000000 0.000000 0.000000 0.000000 0.000000 0.000000 0.000000 0.000000 0.000000 0.000000 0.000000 0.000000 0.000000 0.000000 0.000000 0.000000 0.000000 0.941332
24 0.000000 0.002637 0.000000 0.000000 0.000000 0.000000 0.000000 0.056032 0.000000 0.000000 0.000000 0.000000 0.000000 0.000000 0.000000 0.000000 0.000000 0.000000 0.000000 0.000000 0.000000 0.000000 0.000000 0.000000 0.000000 0.000000 0.000000 0.000000 0.941332
25 0.000194 0.001870 0.000325 0.000240 0.000000 0.008280 0.000765 0.039282 0.000045 0.000345 0.000142 0.000322 0.013338 0.010667 0.000000 0.000000 0.001568 0.036021 0.000945 0.000000 0.000038 0.000290 0.191363 0.002449 0.000001 0.031234 0.000004 0.002033 0.658239
26 0.000000 0.002637 0.000000 0.000000 0.000000 0.000000 0.000000 0.056032 0.000000 0.000000 0.000000 0.000000 0.000000 0.000000 0.000000 0.000000 0.000000 0.000000 0.000000 0.000000 0.000000 0.000000 0.000000 0.000000 0.000000 0.000000 0.000000 0.000000 0.941332
20 0.000000 0.002637 0.000000 0.000000 0.000000 0.000000 0.000000 0.056032 0.000000 0.000000 0.000000 0.000000 0.000000 0.000000 0.000000 0.000000 0.000000 0.000000 0.000000 0.000000 0.000000 0.000000 0.000000 0.000000 0.000000 0.000000 0.000000 0.000000 0.941332
21 0.000000 0.002637 0.000000 0.000000 0.000000 0.000000 0.000000 0.056032 0.000000 0.000000 0.000000 0.000000 0.000000 0.000000 0.000000 0.000000 0.000000 0.000000 0.000000 0.000000 0.000000 0.000000 0.000000 0.000000 0.000000 0.000000 0.000000 0.000000 0.941332
22 0.000212 0.001790 0.000455 0.000273 0.000002 0.008945 0.000866 0.037538 0.000256 0.000873 0.000000 0.001912 0.017831 0.011847 0.000000 0.000019 0.002650 0.038115 0.001431 0.000000 0.000153 0.000430 0.205405 0.003076 0.000008 0.034733 0.000013 0.002298 0.628867
23 0.000000 0.002637 0.000000 0.000000 0.000000 0.000000 0.000000 0.056032 0.000000 0.000000 0.000000 0.000000 0.000000 0.000000 0.000000 0.000000 0.000000 0.000000 0.000000 0.000000 0.000000 0.000000 0.000000 0.000000 0.000000 0.000000 0.000000 0.000000 0.941332
2858 0.000175 0.001978 0.000323 0.000409 0.000001 0.006904 0.000651 0.041762 0.000258 0.000772 0.000411 0.000755 0.012079 0.017006 0.000001 0.000022 0.002650 0.015808 0.000999 0.000000 0.000074 0.000715 0.167019 0.001828 0.000003 0.024710 0.000008 0.001721 0.700959
2912 0.000000 0.002637 0.000000 0.000000 0.000000 0.000000 0.000000 0.056032 0.000000 0.000000 0.000000 0.000000 0.000000 0.000000 0.000000 0.000000 0.000000 0.000000 0.000000 0.000000 0.000000 0.000000 0.000000 0.000000 0.000000 0.000000 0.000000 0.000000 0.941332
2913 0.000000 0.002637 0.000000 0.000000 0.000000 0.000000 0.000000 0.056032 0.000000 0.000000 0.000000 0.000000 0.000000 0.000000 0.000000 0.000000 0.000000 0.000000 0.000000 0.000000 0.000000 0.000000 0.000000 0.000000 0.000000 0.000000 0.000000 0.000000 0.941332
2914 0.000000 0.002637 0.000000 0.000000 0.000000 0.000000 0.000000 0.056032 0.000000 0.000000 0.000000 0.000000 0.000000 0.000000 0.000000 0.000000 0.000000 0.000000 0.000000 0.000000 0.000000 0.000000 0.000000 0.000000 0.000000 0.000000 0.000000 0.000000 0.941332
2915 0.000000 0.002637 0.000000 0.000000 0.000000 0.000000 0.000000 0.056032 0.000000 0.000000 0.000000 0.000000 0.000000 0.000000 0.000000 0.000000 0.000000 0.000000 0.000000 0.000000 0.000000 0.000000 0.000000 0.000000 0.000000 0.000000 0.000000 0.000000 0.941332
2916 0.000000 0.002637 0.000000 0.000000 0.000000 0.000000 0.000000 0.056032 0.000000 0.000000 0.000000 0.000000 0.000000 0.000000 0.000000 0.000000 0.000000 0.000000 0.000000 0.000000 0.000000 0.000000 0.000000 0.000000 0.000000 0.000000 0.000000 0.000000 0.941332
2917 0.000000 0.002637 0.000000 0.000000 0.000000 0.000000 0.000000 0.056032 0.000000 0.000000 0.000000 0.000000 0.000000 0.000000 0.000000 0.000000 0.000000 0.000000 0.000000 0.000000 0.000000 0.000000 0.000000 0.000000 0.000000 0.000000 0.000000 0.000000 0.941332
2918 0.000000 0.002637 0.000000 0.000000 0.000000 0.000000 0.000000 0.056032 0.000000 0.000000 0.000000 0.000000 0.000000 0.000000 0.000000 0.000000 0.000000 0.000000 0.000000 0.000000 0.000000 0.000000 0.000000 0.000000 0.000000 0.000000 0.000000 0.000000 0.941332
2919 0.000000 0.002637 0.000000 0.000000 0.000000 0.000000 0.000000 0.056032 0.000000 0.000000 0.000000 0.000000 0.000000 0.000000 0.000000 0.000000 0.000000 0.000000 0.000000 0.000000 0.000000 0.000000 0.000000 0.000000 0.000000 0.000000 0.000000 0.000000 0.941332
2853 0.000300 0.001279 0.001047 0.001515 0.000009 0.011736 0.001365 0.026480 0.002944 0.004974 0.004540 0.005589 0.036724 0.065793 0.000008 0.000169 0.014895 0.050941 0.004536 0.000002 0.000613 0.003062 0.258208 0.006885 0.000050 0.049305 0.000078 0.004600 0.442355
2855 0.000137 0.002167 0.000259 0.000032 0.000003 0.005164 0.000853 0.045786 0.000082 0.000060 0.000000 0.000059 0.009282 0.001153 0.000000 0.000012 0.000364 0.009556 0.001265 0.000000 0.000175 0.000107 0.119077 0.002034 0.000016 0.030119 0.000025 0.003995 0.768219
2854 0.000137 0.002167 0.000259 0.000032 0.000003 0.005164 0.000853 0.045786 0.000082 0.000060 0.000000 0.000059 0.009282 0.001153 0.000000 0.000012 0.000364 0.009556 0.001265 0.000000 0.000175 0.000107 0.119077 0.002034 0.000016 0.030119 0.000025 0.003995 0.768219
128 0.000338 0.000651 0.000609 0.002662 0.000004 0.015096 0.002157 0.012752 0.001955 0.004631 0.015128 0.012168 0.020257 0.133318 0.000004 0.000077 0.033442 0.123875 0.002477 0.000000 0.000324 0.006785 0.292829 0.005220 0.000023 0.097988 0.000034 0.009666 0.205529
961 0.000314 0.001169 0.001113 0.002348 0.000010 0.011617 0.001366 0.024248 0.003249 0.007304 0.013870 0.006281 0.037946 0.095543 0.000012 0.000263 0.019471 0.038810 0.004747 0.000002 0.000640 0.004460 0.260939 0.007113 0.000057 0.046864 0.000086 0.004715 0.405442
379 0.000321 0.001066 0.000131 0.000000 0.000000 0.015835 0.002633 0.021287 0.000000 0.000000 0.000000 0.000000 0.006138 0.000000 0.000000 0.000000 0.000000 0.163348 0.000290 0.000000 0.000000 0.000000 0.299866 0.002238 0.000000 0.128575 0.000000 0.013615 0.344656
378 0.000321 0.001066 0.000131 0.000000 0.000000 0.015835 0.002633 0.021287 0.000000 0.000000 0.000000 0.000000 0.006138 0.000000 0.000000 0.000000 0.000000 0.163348 0.000290 0.000000 0.000000 0.000000 0.299866 0.002238 0.000000 0.128575 0.000000 0.013615 0.344656
18 0.000000 0.002637 0.000000 0.000000 0.000000 0.000000 0.000000 0.056032 0.000000 0.000000 0.000000 0.000000 0.000000 0.000000 0.000000 0.000000 0.000000 0.000000 0.000000 0.000000 0.000000 0.000000 0.000000 0.000000 0.000000 0.000000 0.000000 0.000000 0.941332
293 0.000321 0.001066 0.000131 0.000000 0.000000 0.015835 0.002633 0.021287 0.000000 0.000000 0.000000 0.000000 0.006138 0.000000 0.000000 0.000000 0.000000 0.163348 0.000290 0.000000 0.000000 0.000000 0.299866 0.002238 0.000000 0.128575 0.000000 0.013615 0.344656
2903 0.000000 0.002637 0.000000 0.000000 0.000000 0.000000 0.000000 0.056032 0.000000 0.000000 0.000000 0.000000 0.000000 0.000000 0.000000 0.000000 0.000000 0.000000 0.000000 0.000000 0.000000 0.000000 0.000000 0.000000 0.000000 0.000000 0.000000 0.000000 0.941332
2902 0.000000 0.002637 0.000000 0.000000 0.000000 0.000000 0.000000 0.056032 0.000000 0.000000 0.000000 0.000000 0.000000 0.000000 0.000000 0.000000 0.000000 0.000000 0.000000 0.000000 0.000000 0.000000 0.000000 0.000000 0.000000 0.000000 0.000000 0.000000 0.941332
2901 0.000000 0.002637 0.000000 0.000000 0.000000 0.000000 0.000000 0.056032 0.000000 0.000000 0.000000 0.000000 0.000000 0.000000 0.000000 0.000000 0.000000 0.000000 0.000000 0.000000 0.000000 0.000000 0.000000 0.000000 0.000000 0.000000 0.000000 0.000000 0.941332
2900 0.000000 0.002637 0.000000 0.000000 0.000000 0.000000 0.000000 0.056032 0.000000 0.000000 0.000000 0.000000 0.000000 0.000000 0.000000 0.000000 0.000000 0.000000 0.000000 0.000000 0.000000 0.000000 0.000000 0.000000 0.000000 0.000000 0.000000 0.000000 0.941332
2907 0.000000 0.002637 0.000000 0.000000 0.000000 0.000000 0.000000 0.056032 0.000000 0.000000 0.000000 0.000000 0.000000 0.000000 0.000000 0.000000 0.000000 0.000000 0.000000 0.000000 0.000000 0.000000 0.000000 0.000000 0.000000 0.000000 0.000000 0.000000 0.941332
2906 0.000000 0.002637 0.000000 0.000000 0.000000 0.000000 0.000000 0.056032 0.000000 0.000000 0.000000 0.000000 0.000000 0.000000 0.000000 0.000000 0.000000 0.000000 0.000000 0.000000 0.000000 0.000000 0.000000 0.000000 0.000000 0.000000 0.000000 0.000000 0.941332
2905 0.000000 0.002637 0.000000 0.000000 0.000000 0.000000 0.000000 0.056032 0.000000 0.000000 0.000000 0.000000 0.000000 0.000000 0.000000 0.000000 0.000000 0.000000 0.000000 0.000000 0.000000 0.000000 0.000000 0.000000 0.000000 0.000000 0.000000 0.000000 0.941332
2904 0.000000 0.002637 0.000000 0.000000 0.000000 0.000000 0.000000 0.056032 0.000000 0.000000 0.000000 0.000000 0.000000 0.000000 0.000000 0.000000 0.000000 0.000000 0.000000 0.000000 0.000000 0.000000 0.000000 0.000000 0.000000 0.000000 0.000000 0.000000 0.941332
313 0.000321 0.001066 0.000131 0.000000 0.000000 0.015835 0.002633 0.021287 0.000000 0.000000 0.000000 0.000000 0.006138 0.000000 0.000000 0.000000 0.000000 0.163348 0.000290 0.000000 0.000000 0.000000 0.299866 0.002238 0.000000 0.128575 0.000000 0.013615 0.344656
2909 0.000000 0.002637 0.000000 0.000000 0.000000 0.000000 0.000000 0.056032 0.000000 0.000000 0.000000 0.000000 0.000000 0.000000 0.000000 0.000000 0.000000 0.000000 0.000000 0.000000 0.000000 0.000000 0.000000 0.000000 0.000000 0.000000 0.000000 0.000000 0.941332
2908 0.000000 0.002637 0.000000 0.000000 0.000000 0.000000 0.000000 0.056032 0.000000 0.000000 0.000000 0.000000 0.000000 0.000000 0.000000 0.000000 0.000000 0.000000 0.000000 0.000000 0.000000 0.000000 0.000000 0.000000 0.000000 0.000000 0.000000 0.000000 0.941332
19 0.000000 0.002637 0.000000 0.000000 0.000000 0.000000 0.000000 0.056032 0.000000 0.000000 0.000000 0.000000 0.000000 0.000000 0.000000 0.000000 0.000000 0.000000 0.000000 0.000000 0.000000 0.000000 0.000000 0.000000 0.000000 0.000000 0.000000 0.000000 0.941332
2828 0.000338 0.000677 0.000566 0.002712 0.000002 0.014975 0.002157 0.013338 0.001266 0.005814 0.017572 0.010613 0.018528 0.129541 0.000001 0.000069 0.031244 0.119913 0.002662 0.000000 0.000183 0.006563 0.292997 0.004700 0.000012 0.098319 0.000021 0.009810 0.215403
83 0.000000 0.002637 0.000000 0.000000 0.000000 0.000000 0.000000 0.056032 0.000000 0.000000 0.000000 0.000000 0.000000 0.000000 0.000000 0.000000 0.000000 0.000000 0.000000 0.000000 0.000000 0.000000 0.000000 0.000000 0.000000 0.000000 0.000000 0.000000 0.941332
84 0.000000 0.002637 0.000000 0.000000 0.000000 0.000000 0.000000 0.056032 0.000000 0.000000 0.000000 0.000000 0.000000 0.000000 0.000000 0.000000 0.000000 0.000000 0.000000 0.000000 0.000000 0.000000 0.000000 0.000000 0.000000 0.000000 0.000000 0.000000 0.941332
102 0.000000 0.002637 0.000000 0.000000 0.000000 0.000000 0.000000 0.056032 0.000000 0.000000 0.000000 0.000000 0.000000 0.000000 0.000000 0.000000 0.000000 0.000000 0.000000 0.000000 0.000000 0.000000 0.000000 0.000000 0.000000 0.000000 0.000000 0.000000 0.941332
103 0.000319 0.000468 0.000705 0.004306 0.000004 0.013604 0.001798 0.009047 0.002703 0.008660 0.048014 0.016218 0.021821 0.208381 0.000006 0.000130 0.047696 0.102382 0.002848 0.000001 0.000323 0.009920 0.263243 0.005550 0.000022 0.079009 0.000035 0.007447 0.145339
100 0.000000 0.002637 0.000000 0.000000 0.000000 0.000000 0.000000 0.056032 0.000000 0.000000 0.000000 0.000000 0.000000 0.000000 0.000000 0.000000 0.000000 0.000000 0.000000 0.000000 0.000000 0.000000 0.000000 0.000000 0.000000 0.000000 0.000000 0.000000 0.941332
101 0.000000 0.002637 0.000000 0.000000 0.000000 0.000000 0.000000 0.056032 0.000000 0.000000 0.000000 0.000000 0.000000 0.000000 0.000000 0.000000 0.000000 0.000000 0.000000 0.000000 0.000000 0.000000 0.000000 0.000000 0.000000 0.000000 0.000000 0.000000 0.941332
2832 0.000315 0.000582 0.001304 0.005268 0.000012 0.011346 0.001179 0.011687 0.006124 0.015313 0.074205 0.011697 0.041826 0.229820 0.000022 0.000490 0.038983 0.054858 0.005555 0.000004 0.000680 0.008852 0.235231 0.007872 0.000066 0.039226 0.000093 0.003453 0.193936
6000 0.000127 0.000071 0.000623 0.007217 0.000002 0.004284 0.000376 0.001249 0.003789 0.028384 0.429647 0.014726 0.016550 0.303036 0.000005 0.000183 0.041523 0.026739 0.002657 0.000001 0.000128 0.006166 0.075435 0.002452 0.000010 0.013921 0.000013 0.001167 0.019519
591 0.000321 0.001066 0.000131 0.000000 0.000000 0.015835 0.002633 0.021287 0.000000 0.000000 0.000000 0.000000 0.006138 0.000000 0.000000 0.000000 0.000000 0.163348 0.000290 0.000000 0.000000 0.000000 0.299866 0.002238 0.000000 0.128575 0.000000 0.013615 0.344656
590 0.000321 0.001066 0.000131 0.000000 0.000000 0.015835 0.002633 0.021287 0.000000 0.000000 0.000000 0.000000 0.006138 0.000000 0.000000 0.000000 0.000000 0.163348 0.000290 0.000000 0.000000 0.000000 0.299866 0.002238 0.000000 0.128575 0.000000 0.013615 0.344656
2921 0.000000 0.002637 0.000000 0.000000 0.000000 0.000000 0.000000 0.056032 0.000000 0.000000 0.000000 0.000000 0.000000 0.000000 0.000000 0.000000 0.000000 0.000000 0.000000 0.000000 0.000000 0.000000 0.000000 0.000000 0.000000 0.000000 0.000000 0.000000 0.941332
2920 0.000000 0.002637 0.000000 0.000000 0.000000 0.000000 0.000000 0.056032 0.000000 0.000000 0.000000 0.000000 0.000000 0.000000 0.000000 0.000000 0.000000 0.000000 0.000000 0.000000 0.000000 0.000000 0.000000 0.000000 0.000000 0.000000 0.000000 0.000000 0.941332
2923 0.000000 0.002637 0.000000 0.000000 0.000000 0.000000 0.000000 0.056032 0.000000 0.000000 0.000000 0.000000 0.000000 0.000000 0.000000 0.000000 0.000000 0.000000 0.000000 0.000000 0.000000 0.000000 0.000000 0.000000 0.000000 0.000000 0.000000 0.000000 0.941332
2922 0.000000 0.002637 0.000000 0.000000 0.000000 0.000000 0.000000 0.056032 0.000000 0.000000 0.000000 0.000000 0.000000 0.000000 0.000000 0.000000 0.000000 0.000000 0.000000 0.000000 0.000000 0.000000 0.000000 0.000000 0.000000 0.000000 0.000000 0.000000 0.941332
593 0.000286 0.000336 0.000895 0.005492 0.000004 0.011673 0.001436 0.006404 0.003851 0.015680 0.095206 0.019309 0.027620 0.260391 0.000009 0.000211 0.053689 0.084577 0.004121 0.000001 0.000347 0.011038 0.222668 0.005994 0.000026 0.060654 0.000039 0.005568 0.102476
592 0.000338 0.000840 0.000358 0.001253 0.000002 0.015947 0.002415 0.016589 0.000747 0.001634 0.000000 0.006191 0.012755 0.067552 0.000001 0.000020 0.017717 0.145549 0.001254 0.000000 0.000136 0.003560 0.307482 0.003726 0.000009 0.114464 0.000014 0.011563 0.267885
595 0.000321 0.001066 0.000131 0.000000 0.000000 0.015835 0.002633 0.021287 0.000000 0.000000 0.000000 0.000000 0.006138 0.000000 0.000000 0.000000 0.000000 0.163348 0.000290 0.000000 0.000000 0.000000 0.299866 0.002238 0.000000 0.128575 0.000000 0.013615 0.344656
594 0.000321 0.001066 0.000131 0.000000 0.000000 0.015835 0.002633 0.021287 0.000000 0.000000 0.000000 0.000000 0.006138 0.000000 0.000000 0.000000 0.000000 0.163348 0.000290 0.000000 0.000000 0.000000 0.299866 0.002238 0.000000 0.128575 0.000000 0.013615 0.344656
2882 0.000000 0.002637 0.000000 0.000000 0.000000 0.000000 0.000000 0.056032 0.000000 0.000000 0.000000 0.000000 0.000000 0.000000 0.000000 0.000000 0.000000 0.000000 0.000000 0.000000 0.000000 0.000000 0.000000 0.000000 0.000000 0.000000 0.000000 0.000000 0.941332
2883 0.000127 0.002191 0.000188 0.000088 0.000001 0.005001 0.000567 0.046365 0.000030 0.000195 0.000000 0.000168 0.007132 0.003505 0.000000 0.000003 0.000556 0.009831 0.000590 0.000000 0.000045 0.000202 0.120264 0.001226 0.000001 0.021634 0.000005 0.001704 0.778382
2880 0.000000 0.002637 0.000000 0.000000 0.000000 0.000000 0.000000 0.056032 0.000000 0.000000 0.000000 0.000000 0.000000 0.000000 0.000000 0.000000 0.000000 0.000000 0.000000 0.000000 0.000000 0.000000 0.000000 0.000000 0.000000 0.000000 0.000000 0.000000 0.941332
2881 0.000000 0.002637 0.000000 0.000000 0.000000 0.000000 0.000000 0.056032 0.000000 0.000000 0.000000 0.000000 0.000000 0.000000 0.000000 0.000000 0.000000 0.000000 0.000000 0.000000 0.000000 0.000000 0.000000 0.000000 0.000000 0.000000 0.000000 0.000000 0.941332
2886 0.000000 0.002637 0.000000 0.000000 0.000000 0.000000 0.000000 0.056032 0.000000 0.000000 0.000000 0.000000 0.000000 0.000000 0.000000 0.000000 0.000000 0.000000 0.000000 0.000000 0.000000 0.000000 0.000000 0.000000 0.000000 0.000000 0.000000 0.000000 0.941332
2887 0.000000 0.002637 0.000000 0.000000 0.000000 0.000000 0.000000 0.056032 0.000000 0.000000 0.000000 0.000000 0.000000 0.000000 0.000000 0.000000 0.000000 0.000000 0.000000 0.000000 0.000000 0.000000 0.000000 0.000000 0.000000 0.000000 0.000000 0.000000 0.941332
2884 0.000000 0.002637 0.000000 0.000000 0.000000 0.000000 0.000000 0.056032 0.000000 0.000000 0.000000 0.000000 0.000000 0.000000 0.000000 0.000000 0.000000 0.000000 0.000000 0.000000 0.000000 0.000000 0.000000 0.000000 0.000000 0.000000 0.000000 0.000000 0.941332
2885 0.000000 0.002637 0.000000 0.000000 0.000000 0.000000 0.000000 0.056032 0.000000 0.000000 0.000000 0.000000 0.000000 0.000000 0.000000 0.000000 0.000000 0.000000 0.000000 0.000000 0.000000 0.000000 0.000000 0.000000 0.000000 0.000000 0.000000 0.000000 0.941332
2888 0.000000 0.002637 0.000000 0.000000 0.000000 0.000000 0.000000 0.056032 0.000000 0.000000 0.000000 0.000000 0.000000 0.000000 0.000000 0.000000 0.000000 0.000000 0.000000 0.000000 0.000000 0.000000 0.000000 0.000000 0.000000 0.000000 0.000000 0.000000 0.941332
2889 0.000000 0.002637 0.000000 0.000000 0.000000 0.000000 0.000000 0.056032 0.000000 0.000000 0.000000 0.000000 0.000000 0.000000 0.000000 0.000000 0.000000 0.000000 0.000000 0.000000 0.000000 0.000000 0.000000 0.000000 0.000000 0.000000 0.000000 0.000000 0.941332
183 0.000233 0.000203 0.000958 0.006767 0.000005 0.008838 0.000986 0.003803 0.004791 0.025629 0.190869 0.021109 0.027329 0.302656 0.000010 0.000328 0.056926 0.058759 0.004384 0.000002 0.000323 0.010680 0.165491 0.005269 0.000026 0.039427 0.000034 0.003495 0.060670
2 0.000123 0.002207 0.000219 0.000078 0.000002 0.004787 0.000582 0.046698 0.000063 0.000089 0.000023 0.000230 0.008279 0.003041 0.000000 0.000007 0.000729 0.007273 0.000724 0.000000 0.000160 0.000140 0.115727 0.001246 0.000009 0.021582 0.000016 0.001964 0.784004
2684 0.000138 0.000083 0.000630 0.007282 0.000002 0.004733 0.000431 0.001483 0.003964 0.023968 0.404913 0.013997 0.017336 0.310782 0.000005 0.000206 0.042796 0.030156 0.002682 0.000001 0.000148 0.006856 0.084033 0.002668 0.000012 0.016094 0.000015 0.001369 0.023216
197 0.000338 0.000737 0.000466 0.002294 0.000001 0.015250 0.002215 0.014570 0.001023 0.004492 0.011854 0.007277 0.015927 0.112118 0.000001 0.000046 0.027105 0.125773 0.001758 0.000000 0.000114 0.005358 0.298905 0.003809 0.000006 0.102750 0.000012 0.010330 0.235468
99 0.000000 0.002637 0.000000 0.000000 0.000000 0.000000 0.000000 0.056032 0.000000 0.000000 0.000000 0.000000 0.000000 0.000000 0.000000 0.000000 0.000000 0.000000 0.000000 0.000000 0.000000 0.000000 0.000000 0.000000 0.000000 0.000000 0.000000 0.000000 0.941332
2899 0.000000 0.002637 0.000000 0.000000 0.000000 0.000000 0.000000 0.056032 0.000000 0.000000 0.000000 0.000000 0.000000 0.000000 0.000000 0.000000 0.000000 0.000000 0.000000 0.000000 0.000000 0.000000 0.000000 0.000000 0.000000 0.000000 0.000000 0.000000 0.941332
2898 0.000000 0.002637 0.000000 0.000000 0.000000 0.000000 0.000000 0.056032 0.000000 0.000000 0.000000 0.000000 0.000000 0.000000 0.000000 0.000000 0.000000 0.000000 0.000000 0.000000 0.000000 0.000000 0.000000 0.000000 0.000000 0.000000 0.000000 0.000000 0.941332
17 0.000000 0.002637 0.000000 0.000000 0.000000 0.000000 0.000000 0.056032 0.000000 0.000000 0.000000 0.000000 0.000000 0.000000 0.000000 0.000000 0.000000 0.000000 0.000000 0.000000 0.000000 0.000000 0.000000 0.000000 0.000000 0.000000 0.000000 0.000000 0.941332
2895 0.000000 0.002637 0.000000 0.000000 0.000000 0.000000 0.000000 0.056032 0.000000 0.000000 0.000000 0.000000 0.000000 0.000000 0.000000 0.000000 0.000000 0.000000 0.000000 0.000000 0.000000 0.000000 0.000000 0.000000 0.000000 0.000000 0.000000 0.000000 0.941332
2894 0.000000 0.002637 0.000000 0.000000 0.000000 0.000000 0.000000 0.056032 0.000000 0.000000 0.000000 0.000000 0.000000 0.000000 0.000000 0.000000 0.000000 0.000000 0.000000 0.000000 0.000000 0.000000 0.000000 0.000000 0.000000 0.000000 0.000000 0.000000 0.941332
2897 0.000000 0.002637 0.000000 0.000000 0.000000 0.000000 0.000000 0.056032 0.000000 0.000000 0.000000 0.000000 0.000000 0.000000 0.000000 0.000000 0.000000 0.000000 0.000000 0.000000 0.000000 0.000000 0.000000 0.000000 0.000000 0.000000 0.000000 0.000000 0.941332
2896 0.000000 0.002637 0.000000 0.000000 0.000000 0.000000 0.000000 0.056032 0.000000 0.000000 0.000000 0.000000 0.000000 0.000000 0.000000 0.000000 0.000000 0.000000 0.000000 0.000000 0.000000 0.000000 0.000000 0.000000 0.000000 0.000000 0.000000 0.000000 0.941332
2891 0.000000 0.002637 0.000000 0.000000 0.000000 0.000000 0.000000 0.056032 0.000000 0.000000 0.000000 0.000000 0.000000 0.000000 0.000000 0.000000 0.000000 0.000000 0.000000 0.000000 0.000000 0.000000 0.000000 0.000000 0.000000 0.000000 0.000000 0.000000 0.941332
2890 0.000000 0.002637 0.000000 0.000000 0.000000 0.000000 0.000000 0.056032 0.000000 0.000000 0.000000 0.000000 0.000000 0.000000 0.000000 0.000000 0.000000 0.000000 0.000000 0.000000 0.000000 0.000000 0.000000 0.000000 0.000000 0.000000 0.000000 0.000000 0.941332
2893 0.000000 0.002637 0.000000 0.000000 0.000000 0.000000 0.000000 0.056032 0.000000 0.000000 0.000000 0.000000 0.000000 0.000000 0.000000 0.000000 0.000000 0.000000 0.000000 0.000000 0.000000 0.000000 0.000000 0.000000 0.000000 0.000000 0.000000 0.000000 0.941332
2892 0.000000 0.002637 0.000000 0.000000 0.000000 0.000000 0.000000 0.056032 0.000000 0.000000 0.000000 0.000000 0.000000 0.000000 0.000000 0.000000 0.000000 0.000000 0.000000 0.000000 0.000000 0.000000 0.000000 0.000000 0.000000 0.000000 0.000000 0.000000 0.941332
2911 0.000000 0.002637 0.000000 0.000000 0.000000 0.000000 0.000000 0.056032 0.000000 0.000000 0.000000 0.000000 0.000000 0.000000 0.000000 0.000000 0.000000 0.000000 0.000000 0.000000 0.000000 0.000000 0.000000 0.000000 0.000000 0.000000 0.000000 0.000000 0.941332
1 0.000128 0.000071 0.000617 0.007228 0.000002 0.004301 0.000378 0.001261 0.003778 0.027690 0.429156 0.014315 0.016506 0.303808 0.000005 0.000183 0.041573 0.026915 0.002618 0.000001 0.000129 0.006215 0.075736 0.002450 0.000010 0.014022 0.000013 0.001177 0.019715
676 0.000000 0.002637 0.000000 0.000000 0.000000 0.000000 0.000000 0.056032 0.000000 0.000000 0.000000 0.000000 0.000000 0.000000 0.000000 0.000000 0.000000 0.000000 0.000000 0.000000 0.000000 0.000000 0.000000 0.000000 0.000000 0.000000 0.000000 0.000000 0.941332
2873 0.000136 0.002167 0.000163 0.000000 0.000000 0.005342 0.000808 0.045772 0.000000 0.000000 0.000000 0.000000 0.005883 0.000000 0.000000 0.000000 0.000000 0.013807 0.000827 0.000000 0.000006 0.000000 0.122281 0.001538 0.000000 0.029775 0.000001 0.003612 0.767882
76 0.000000 0.002637 0.000000 0.000000 0.000000 0.000000 0.000000 0.056032 0.000000 0.000000 0.000000 0.000000 0.000000 0.000000 0.000000 0.000000 0.000000 0.000000 0.000000 0.000000 0.000000 0.000000 0.000000 0.000000 0.000000 0.000000 0.000000 0.000000 0.941332
74 0.000000 0.002637 0.000000 0.000000 0.000000 0.000000 0.000000 0.056032 0.000000 0.000000 0.000000 0.000000 0.000000 0.000000 0.000000 0.000000 0.000000 0.000000 0.000000 0.000000 0.000000 0.000000 0.000000 0.000000 0.000000 0.000000 0.000000 0.000000 0.941332
2850 0.010250 0.014468 0.008055 0.007500 0.000266 0.057607 0.042237 0.047102 0.004530 0.006887 0.000416 0.002785 0.031479 0.035177 0.000000 0.000994 0.042133 0.071301 0.018293 0.000000 0.001606 0.025181 0.108800 0.052846 0.000728 0.188941 0.002057 0.110013 0.108349
2860 0.003897 0.002815 0.009227 0.013321 0.000280 0.036767 0.015489 0.011470 0.018034 0.032890 0.028369 0.027147 0.059962 0.144374 0.000136 0.003513 0.104001 0.066699 0.030154 0.000072 0.003741 0.028705 0.116233 0.052308 0.001000 0.111701 0.002208 0.041040 0.034446
2861 0.011701 0.021246 0.008848 0.006035 0.000862 0.049144 0.050643 0.069487 0.003551 0.004639 0.000595 0.008150 0.022027 0.016279 0.000000 0.002361 0.030587 0.029314 0.024880 0.000185 0.002915 0.022991 0.091965 0.046886 0.002566 0.158784 0.006282 0.143532 0.163546
2862 0.010698 0.040398 0.000000 0.006756 0.000000 0.021958 0.058837 0.136536 0.000000 0.000000 0.000000 0.000000 0.000000 0.016891 0.000000 0.000000 0.000000 0.010135 0.000000 0.000000 0.000000 0.037160 0.011824 0.000000 0.000000 0.120771 0.000000 0.196124 0.331910
2863 0.008754 0.008602 0.011483 0.013163 0.000392 0.051828 0.033114 0.027498 0.008912 0.018510 0.010183 0.022773 0.041382 0.074694 0.000070 0.002008 0.087489 0.049211 0.033904 0.000117 0.002811 0.029911 0.105190 0.059317 0.001060 0.149541 0.003103 0.082711 0.062269
2864 0.012605 0.023999 0.001908 0.013017 0.000000 0.049338 0.051116 0.078260 0.000000 0.002939 0.005877 0.000000 0.008532 0.036217 0.000000 0.000000 0.050446 0.028200 0.001547 0.000000 0.000000 0.046373 0.092953 0.010208 0.000000 0.162422 0.000000 0.138088 0.185957
2848 0.004566 0.004099 0.009250 0.010106 0.000409 0.040961 0.020183 0.017766 0.014362 0.021661 0.010857 0.031224 0.049866 0.096738 0.000307 0.003155 0.092632 0.062404 0.029926 0.000105 0.005023 0.023065 0.127576 0.058938 0.001616 0.142736 0.003267 0.059773 0.057428
2849 0.004004 0.002088 0.009824 0.018727 0.000186 0.033470 0.013340 0.006785 0.019109 0.050135 0.064607 0.043303 0.046525 0.185779 0.000064 0.002456 0.124556 0.049015 0.033344 0.000024 0.002250 0.031189 0.082561 0.045880 0.000645 0.083017 0.001490 0.030319 0.015309
2869 0.000000 0.094340 0.000000 0.000000 0.000000 0.000000 0.000000 0.283019 0.000000 0.000000 0.000000 0.000000 0.000000 0.000000 0.000000 0.000000 0.000000 0.000000 0.000000 0.000000 0.000000 0.000000 0.000000 0.000000 0.000000 0.000000 0.000000 0.000000 0.622642
2829 0.000964 0.000923 0.003210 0.009508 0.000022 0.019692 0.003893 0.008854 0.012772 0.023900 0.066219 0.016651 0.052725 0.253391 0.000028 0.000708 0.068266 0.078426 0.015790 0.000004 0.000593 0.019147 0.175133 0.017982 0.000091 0.066425 0.000187 0.012398 0.072098
877 0.003721 0.002147 0.008497 0.016482 0.000278 0.033482 0.014865 0.007941 0.018313 0.038057 0.050212 0.038063 0.041319 0.167406 0.000259 0.003566 0.129536 0.052856 0.027635 0.000079 0.003678 0.035326 0.088127 0.052241 0.001108 0.103002 0.002326 0.039186 0.020294
2033 0.012107 0.017041 0.008823 0.008567 0.000073 0.065763 0.040045 0.051308 0.005778 0.007448 0.000000 0.009814 0.027222 0.044264 0.000000 0.000110 0.051491 0.062333 0.017757 0.000000 0.000624 0.016161 0.130333 0.049198 0.000037 0.174964 0.000660 0.085593 0.112485
2871 0.007437 0.074372 0.000000 0.000000 0.000000 0.014874 0.033467 0.220884 0.000000 0.000000 0.000000 0.000000 0.000000 0.000000 0.000000 0.000000 0.000000 0.000000 0.000000 0.000000 0.000000 0.000000 0.014874 0.000000 0.000000 0.066934 0.000000 0.089246 0.477912
2870 0.000000 0.094340 0.000000 0.000000 0.000000 0.000000 0.000000 0.283019 0.000000 0.000000 0.000000 0.000000 0.000000 0.000000 0.000000 0.000000 0.000000 0.000000 0.000000 0.000000 0.000000 0.000000 0.000000 0.000000 0.000000 0.000000 0.000000 0.000000 0.622642
2851 0.004808 0.120192 0.000000 0.000000 0.000000 0.000000 0.024038 0.288462 0.000000 0.000000 0.000000 0.000000 0.000000 0.000000 0.000000 0.000000 0.000000 0.000000 0.000000 0.000000 0.000000 0.000000 0.000000 0.000000 0.000000 0.000000 0.000000 0.072115 0.490385
2852 0.015816 0.025256 0.015607 0.000671 0.000378 0.074048 0.050008 0.063014 0.002014 0.000000 0.000000 0.002014 0.051519 0.001007 0.000000 0.000168 0.007216 0.073292 0.041198 0.000000 0.002475 0.001007 0.121539 0.068552 0.000503 0.172009 0.002769 0.100269 0.107652
2857 0.006523 0.065775 0.000000 0.000000 0.000000 0.016308 0.029354 0.210915 0.000000 0.000000 0.000000 0.000000 0.000000 0.000000 0.000000 0.000000 0.000000 0.000000 0.000000 0.000000 0.000000 0.000000 0.021744 0.000000 0.000000 0.073386 0.000000 0.078278 0.497717
2856 0.011898 0.095181 0.000595 0.000000 0.000000 0.011005 0.053837 0.232005 0.000000 0.000000 0.000000 0.000000 0.000000 0.000000 0.000000 0.000000 0.000000 0.000000 0.000297 0.000000 0.000000 0.000000 0.002677 0.005354 0.000000 0.045509 0.000000 0.145449 0.396193
2836 0.005171 0.004202 0.007833 0.015312 0.000266 0.040095 0.022629 0.016881 0.005587 0.027711 0.029416 0.029764 0.034413 0.116813 0.000078 0.002054 0.105357 0.046540 0.025126 0.000080 0.002941 0.041805 0.105388 0.051851 0.000987 0.145976 0.002264 0.063927 0.049531
2837 0.002865 0.001430 0.005506 0.020101 0.000134 0.027526 0.010899 0.005895 0.011311 0.033453 0.107578 0.030958 0.028012 0.224606 0.000107 0.001993 0.129069 0.042798 0.017094 0.000043 0.001740 0.043600 0.084900 0.034525 0.000565 0.085383 0.001200 0.028646 0.018063
2835 0.004256 0.003069 0.005406 0.019459 0.000068 0.036455 0.016648 0.013098 0.006916 0.018769 0.061022 0.017268 0.028418 0.191777 0.000013 0.000458 0.108271 0.047855 0.016425 0.000001 0.000701 0.045815 0.115505 0.034876 0.000266 0.118221 0.000712 0.045849 0.042404
2833 0.001397 0.000396 0.003635 0.020765 0.000058 0.014885 0.004256 0.001520 0.009725 0.044782 0.268115 0.033647 0.018378 0.271875 0.000065 0.001514 0.116914 0.024555 0.012187 0.000026 0.000963 0.032571 0.047337 0.018864 0.000262 0.036990 0.000496 0.009467 0.004354
1729 0.001235 0.000981 0.002192 0.016383 0.000016 0.018999 0.002804 0.007152 0.007703 0.015879 0.167841 0.008168 0.029198 0.339046 0.000013 0.000255 0.065549 0.066524 0.005427 0.000003 0.000235 0.019086 0.135042 0.008985 0.000042 0.031340 0.000125 0.005239 0.044539
2925 0.021111 0.055836 0.005507 0.000000 0.000000 0.059201 0.072510 0.128346 0.000000 0.000000 0.000000 0.000000 0.005507 0.000000 0.000000 0.000000 0.000000 0.031207 0.013768 0.000000 0.000000 0.000000 0.049258 0.027536 0.000000 0.181735 0.000000 0.145939 0.202539
2927 0.000000 0.172414 0.000000 0.000000 0.000000 0.000000 0.000000 0.344828 0.000000 0.000000 0.000000 0.000000 0.000000 0.000000 0.000000 0.000000 0.000000 0.000000 0.000000 0.000000 0.000000 0.000000 0.000000 0.000000 0.000000 0.000000 0.000000 0.000000 0.482759
2926 0.000000 0.172414 0.000000 0.000000 0.000000 0.000000 0.000000 0.344828 0.000000 0.000000 0.000000 0.000000 0.000000 0.000000 0.000000 0.000000 0.000000 0.000000 0.000000 0.000000 0.000000 0.000000 0.000000 0.000000 0.000000 0.000000 0.000000 0.000000 0.482759
2959 0.001002 0.000263 0.002318 0.019810 0.000023 0.011896 0.002257 0.000978 0.010254 0.028376 0.345824 0.018270 0.017739 0.318533 0.000053 0.000788 0.083446 0.029665 0.005746 0.000007 0.000563 0.022498 0.041941 0.009187 0.000082 0.021894 0.000122 0.003668 0.002797
606 0.004658 0.006154 0.006865 0.004585 0.000112 0.048635 0.020983 0.028391 0.004610 0.006051 0.000000 0.004967 0.062016 0.045804 0.000087 0.000485 0.036937 0.121288 0.018584 0.000004 0.001924 0.014980 0.173630 0.050510 0.000263 0.179375 0.000981 0.060400 0.096724
2866 0.000000 0.172414 0.000000 0.000000 0.000000 0.000000 0.000000 0.344828 0.000000 0.000000 0.000000 0.000000 0.000000 0.000000 0.000000 0.000000 0.000000 0.000000 0.000000 0.000000 0.000000 0.000000 0.000000 0.000000 0.000000 0.000000 0.000000 0.000000 0.482759
2946 0.003987 0.002366 0.005161 0.021951 0.000017 0.036253 0.011846 0.009115 0.004159 0.029592 0.079589 0.029930 0.025959 0.235632 0.000015 0.000223 0.109285 0.060056 0.015495 0.000000 0.000240 0.037510 0.112627 0.026183 0.000035 0.090992 0.000145 0.024089 0.027548
2945 0.000000 0.125000 0.000000 0.000000 0.000000 0.000000 0.000000 0.312500 0.000000 0.000000 0.000000 0.000000 0.000000 0.000000 0.000000 0.000000 0.000000 0.000000 0.000000 0.000000 0.000000 0.000000 0.000000 0.000000 0.000000 0.000000 0.000000 0.000000 0.562500
2944 0.000000 0.125000 0.000000 0.000000 0.000000 0.000000 0.000000 0.312500 0.000000 0.000000 0.000000 0.000000 0.000000 0.000000 0.000000 0.000000 0.000000 0.000000 0.000000 0.000000 0.000000 0.000000 0.000000 0.000000 0.000000 0.000000 0.000000 0.000000 0.562500
618 0.000000 0.043764 0.000000 0.000000 0.000000 0.000000 0.000000 0.207877 0.000000 0.000000 0.000000 0.000000 0.000000 0.000000 0.000000 0.000000 0.000000 0.000000 0.000000 0.000000 0.000000 0.000000 0.000000 0.000000 0.000000 0.000000 0.000000 0.000000 0.748359
209 0.005602 0.006789 0.010103 0.010425 0.000052 0.050648 0.015763 0.027994 0.001997 0.021101 0.007249 0.009102 0.085388 0.110088 0.000009 0.000166 0.045122 0.086260 0.027062 0.000000 0.001040 0.017113 0.185650 0.041306 0.000058 0.113076 0.000362 0.029442 0.091033
613 0.000000 0.043764 0.000000 0.000000 0.000000 0.000000 0.000000 0.207877 0.000000 0.000000 0.000000 0.000000 0.000000 0.000000 0.000000 0.000000 0.000000 0.000000 0.000000 0.000000 0.000000 0.000000 0.000000 0.000000 0.000000 0.000000 0.000000 0.000000 0.748359
2978 0.000000 0.043764 0.000000 0.000000 0.000000 0.000000 0.000000 0.207877 0.000000 0.000000 0.000000 0.000000 0.000000 0.000000 0.000000 0.000000 0.000000 0.000000 0.000000 0.000000 0.000000 0.000000 0.000000 0.000000 0.000000 0.000000 0.000000 0.000000 0.748359
2979 0.000000 0.043764 0.000000 0.000000 0.000000 0.000000 0.000000 0.207877 0.000000 0.000000 0.000000 0.000000 0.000000 0.000000 0.000000 0.000000 0.000000 0.000000 0.000000 0.000000 0.000000 0.000000 0.000000 0.000000 0.000000 0.000000 0.000000 0.000000 0.748359
2972 0.003276 0.002436 0.006183 0.014936 0.000100 0.037865 0.009403 0.010241 0.012557 0.023291 0.036956 0.015412 0.058506 0.224738 0.000093 0.001386 0.086058 0.103399 0.013547 0.000034 0.002261 0.023981 0.148142 0.027241 0.000325 0.086177 0.000443 0.018017 0.032995
2976 0.001527 0.005167 0.005257 0.000000 0.000012 0.032343 0.003606 0.041616 0.000000 0.000000 0.000000 0.000000 0.112244 0.000000 0.000000 0.000000 0.000000 0.148634 0.017523 0.000000 0.000469 0.000000 0.278186 0.018158 0.000045 0.058987 0.000063 0.006341 0.269822
2977 0.000000 0.043764 0.000000 0.000000 0.000000 0.000000 0.000000 0.207877 0.000000 0.000000 0.000000 0.000000 0.000000 0.000000 0.000000 0.000000 0.000000 0.000000 0.000000 0.000000 0.000000 0.000000 0.000000 0.000000 0.000000 0.000000 0.000000 0.000000 0.748359
2975 0.000000 0.043764 0.000000 0.000000 0.000000 0.000000 0.000000 0.207877 0.000000 0.000000 0.000000 0.000000 0.000000 0.000000 0.000000 0.000000 0.000000 0.000000 0.000000 0.000000 0.000000 0.000000 0.000000 0.000000 0.000000 0.000000 0.000000 0.000000 0.748359
356 0.001294 0.000404 0.003600 0.019172 0.000052 0.015333 0.004002 0.001646 0.011337 0.041467 0.245998 0.029038 0.024103 0.289589 0.000098 0.001407 0.110573 0.031824 0.011967 0.000012 0.001093 0.029703 0.053841 0.018973 0.000199 0.038923 0.000414 0.008997 0.004940
2789 0.020590 0.120110 0.000000 0.000000 0.000000 0.051476 0.041181 0.233356 0.000000 0.000000 0.000000 0.000000 0.000000 0.000000 0.000000 0.000000 0.000000 0.000000 0.000000 0.000000 0.000000 0.000000 0.068634 0.000000 0.000000 0.102951 0.000000 0.041181 0.320522
371 0.000000 0.172414 0.000000 0.000000 0.000000 0.000000 0.000000 0.344828 0.000000 0.000000 0.000000 0.000000 0.000000 0.000000 0.000000 0.000000 0.000000 0.000000 0.000000 0.000000 0.000000 0.000000 0.000000 0.000000 0.000000 0.000000 0.000000 0.000000 0.482759
467 0.024422 0.025988 0.017233 0.017510 0.000369 0.096304 0.042116 0.046632 0.002857 0.008939 0.000000 0.015759 0.043038 0.082665 0.000000 0.000092 0.062114 0.065155 0.026633 0.000000 0.002120 0.013086 0.132615 0.045249 0.000553 0.120265 0.001475 0.048014 0.058796
4 0.006816 0.017276 0.007555 0.000000 0.000010 0.054035 0.023589 0.073682 0.000000 0.000000 0.000000 0.000000 0.046664 0.000000 0.000000 0.000000 0.000000 0.073836 0.024225 0.000000 0.000175 0.000000 0.190107 0.039192 0.000000 0.140773 0.000072 0.060563 0.241431
710 0.000000 0.008989 0.000000 0.000000 0.000000 0.000000 0.000000 0.101124 0.000000 0.000000 0.000000 0.000000 0.000000 0.000000 0.000000 0.000000 0.000000 0.000000 0.000000 0.000000 0.000000 0.000000 0.000000 0.000000 0.000000 0.000000 0.000000 0.000000 0.889888
2824 0.000000 0.008989 0.000000 0.000000 0.000000 0.000000 0.000000 0.101124 0.000000 0.000000 0.000000 0.000000 0.000000 0.000000 0.000000 0.000000 0.000000 0.000000 0.000000 0.000000 0.000000 0.000000 0.000000 0.000000 0.000000 0.000000 0.000000 0.000000 0.889888
2825 0.000000 0.008989 0.000000 0.000000 0.000000 0.000000 0.000000 0.101124 0.000000 0.000000 0.000000 0.000000 0.000000 0.000000 0.000000 0.000000 0.000000 0.000000 0.000000 0.000000 0.000000 0.000000 0.000000 0.000000 0.000000 0.000000 0.000000 0.000000 0.889888
2826 0.000000 0.008989 0.000000 0.000000 0.000000 0.000000 0.000000 0.101124 0.000000 0.000000 0.000000 0.000000 0.000000 0.000000 0.000000 0.000000 0.000000 0.000000 0.000000 0.000000 0.000000 0.000000 0.000000 0.000000 0.000000 0.000000 0.000000 0.000000 0.889888
2827 0.000000 0.008989 0.000000 0.000000 0.000000 0.000000 0.000000 0.101124 0.000000 0.000000 0.000000 0.000000 0.000000 0.000000 0.000000 0.000000 0.000000 0.000000 0.000000 0.000000 0.000000 0.000000 0.000000 0.000000 0.000000 0.000000 0.000000 0.000000 0.889888
2820 0.000000 0.008989 0.000000 0.000000 0.000000 0.000000 0.000000 0.101124 0.000000 0.000000 0.000000 0.000000 0.000000 0.000000 0.000000 0.000000 0.000000 0.000000 0.000000 0.000000 0.000000 0.000000 0.000000 0.000000 0.000000 0.000000 0.000000 0.000000 0.889888
2821 0.000000 0.008989 0.000000 0.000000 0.000000 0.000000 0.000000 0.101124 0.000000 0.000000 0.000000 0.000000 0.000000 0.000000 0.000000 0.000000 0.000000 0.000000 0.000000 0.000000 0.000000 0.000000 0.000000 0.000000 0.000000 0.000000 0.000000 0.000000 0.889888
2822 0.000000 0.008989 0.000000 0.000000 0.000000 0.000000 0.000000 0.101124 0.000000 0.000000 0.000000 0.000000 0.000000 0.000000 0.000000 0.000000 0.000000 0.000000 0.000000 0.000000 0.000000 0.000000 0.000000 0.000000 0.000000 0.000000 0.000000 0.000000 0.889888
2823 0.000000 0.008989 0.000000 0.000000 0.000000 0.000000 0.000000 0.101124 0.000000 0.000000 0.000000 0.000000 0.000000 0.000000 0.000000 0.000000 0.000000 0.000000 0.000000 0.000000 0.000000 0.000000 0.000000 0.000000 0.000000 0.000000 0.000000 0.000000 0.889888
855 0.000000 0.008989 0.000000 0.000000 0.000000 0.000000 0.000000 0.101124 0.000000 0.000000 0.000000 0.000000 0.000000 0.000000 0.000000 0.000000 0.000000 0.000000 0.000000 0.000000 0.000000 0.000000 0.000000 0.000000 0.000000 0.000000 0.000000 0.000000 0.889888
972 0.000000 0.008989 0.000000 0.000000 0.000000 0.000000 0.000000 0.101124 0.000000 0.000000 0.000000 0.000000 0.000000 0.000000 0.000000 0.000000 0.000000 0.000000 0.000000 0.000000 0.000000 0.000000 0.000000 0.000000 0.000000 0.000000 0.000000 0.000000 0.889888
853 0.000000 0.008989 0.000000 0.000000 0.000000 0.000000 0.000000 0.101124 0.000000 0.000000 0.000000 0.000000 0.000000 0.000000 0.000000 0.000000 0.000000 0.000000 0.000000 0.000000 0.000000 0.000000 0.000000 0.000000 0.000000 0.000000 0.000000 0.000000 0.889888
1112 0.000000 0.008989 0.000000 0.000000 0.000000 0.000000 0.000000 0.101124 0.000000 0.000000 0.000000 0.000000 0.000000 0.000000 0.000000 0.000000 0.000000 0.000000 0.000000 0.000000 0.000000 0.000000 0.000000 0.000000 0.000000 0.000000 0.000000 0.000000 0.889888
894 0.000000 0.008989 0.000000 0.000000 0.000000 0.000000 0.000000 0.101124 0.000000 0.000000 0.000000 0.000000 0.000000 0.000000 0.000000 0.000000 0.000000 0.000000 0.000000 0.000000 0.000000 0.000000 0.000000 0.000000 0.000000 0.000000 0.000000 0.000000 0.889888
999 0.000000 0.008989 0.000000 0.000000 0.000000 0.000000 0.000000 0.101124 0.000000 0.000000 0.000000 0.000000 0.000000 0.000000 0.000000 0.000000 0.000000 0.000000 0.000000 0.000000 0.000000 0.000000 0.000000 0.000000 0.000000 0.000000 0.000000 0.000000 0.889888
