1.000000 0.389916 0.658058 0.446323 0.535004 0.825820 0.928539 0.335750 0.401099 0.373266 0.346828 0.399998 0.459027 0.365302 0.383021 0.391110 0.420482 0.454464 0.523880 0.399134 0.495569 0.439773 0.443589 0.628484 0.465732 0.701303 0.517728 0.734858 0.132812 
0.389916 1.000000 0.253491 0.246081 0.318996 0.267334 0.345531 0.825605 0.261303 0.257385 0.302919 0.249613 0.218835 0.246566 0.313701 0.285333 0.240597 0.207765 0.242721 0.313728 0.276288 0.247789 0.192649 0.240307 0.311367 0.221458 0.314367 0.299738 0.116846 
0.658058 0.253491 1.000000 0.720706 0.661937 0.901999 0.727569 0.154072 0.677342 0.630503 0.419179 0.680684 0.845905 0.564371 0.562313 0.657255 0.713949 0.703942 0.936669 0.599770 0.753111 0.697774 0.652635 0.973364 0.636963 0.856217 0.664752 0.695849 0.038211 
0.446323 0.246081 0.720706 1.000000 0.518253 0.655343 0.477157 0.129157 0.855288 0.890491 0.664830 0.903619 0.727312 0.872143 0.611739 0.779230 0.965125 0.633396 0.748888 0.640429 0.699311 0.961486 0.613927 0.730340 0.562125 0.653457 0.521683 0.488906 0.069736 
0.535004 0.318996 0.661937 0.518253 1.000000 0.617401 0.631155 0.283863 0.534227 0.472098 0.378647 0.521257 0.506556 0.429255 0.522399 0.584220 0.528164 0.458378 0.616933 0.617551 0.878560 0.530424 0.450511 0.697085 0.921852 0.648968 0.984276 0.663290 0.212831 
0.825820 0.267334 0.901999 0.655343 0.617401 1.000000 0.839526 0.167298 0.561359 0.518983 0.383024 0.575169 0.746723 0.510517 0.488240 0.527660 0.623621 0.732225 0.784168 0.505084 0.662038 0.639240 0.701585 0.880634 0.568465 0.927226 0.601165 0.748366 0.013411 
0.928539 0.345531 0.727569 0.477157 0.631155 0.839526 1.000000 0.306277 0.423686 0.388144 0.340984 0.421823 0.496867 0.371340 0.408194 0.429977 0.453285 0.482760 0.595099 0.443160 0.567731 0.498634 0.465514 0.733674 0.551441 0.805342 0.629120 0.919292 0.091484 
0.335750 0.825605 0.154072 0.129157 0.283863 0.167298 0.306277 1.000000 0.154221 0.143923 0.227190 0.131644 0.095204 0.124410 0.259946 0.202397 0.118033 0.076040 0.137538 0.260087 0.197412 0.139108 0.058676 0.138296 0.267731 0.115478 0.277858 0.284619 0.290790 
0.401099 0.261303 0.677342 0.855288 0.534227 0.561359 0.423686 0.154221 1.000000 0.928068 0.652001 0.931642 0.741181 0.825762 0.738754 0.911392 0.930480 0.592235 0.780072 0.697568 0.775041 0.833132 0.586686 0.711566 0.603530 0.584726 0.551089 0.442112 0.112959 
0.373266 0.257385 0.630503 0.890491 0.472098 0.518983 0.388144 0.143923 0.928068 1.000000 0.801335 0.960633 0.721406 0.919755 0.647242 0.839836 0.942457 0.583016 0.731784 0.631918 0.674392 0.848139 0.581209 0.656028 0.543696 0.538780 0.495690 0.405367 0.104416 
0.346828 0.302919 0.419179 0.664830 0.378647 0.383024 0.340984 0.227190 0.652001 0.801335 1.000000 0.702784 0.505858 0.858974 0.461251 0.536242 0.676069 0.454268 0.463203 0.428596 0.439851 0.586151 0.463999 0.421944 0.399178 0.386083 0.383004 0.342621 0.203408 
0.399998 0.249613 0.680684 0.903619 0.521257 0.575169 0.421823 0.131644 0.931642 0.960633 0.702784 1.000000 0.727973 0.876811 0.703998 0.877969 0.971462 0.615556 0.774089 0.703913 0.748963 0.875737 0.619527 0.712705 0.596043 0.604243 0.542303 0.440202 0.089116 
0.459027 0.218835 0.845905 0.727312 0.506556 0.746723 0.496867 0.095204 0.741181 0.721406 0.505858 0.727973 1.000000 0.706051 0.579246 0.666800 0.750679 0.819109 0.896256 0.560176 0.680220 0.708629 0.809111 0.843548 0.541162 0.756877 0.519663 0.505860 0.062230 
0.365302 0.246566 0.564371 0.872143 0.429255 0.510517 0.371340 0.124410 0.825762 0.919755 0.858974 0.876811 0.706051 1.000000 0.556061 0.683151 0.884735 0.636244 0.627045 0.529905 0.580095 0.809662 0.654774 0.578723 0.472126 0.530873 0.437598 0.379924 0.093855 
0.383021 0.313701 0.562313 0.611739 0.522399 0.488240 0.408194 0.259946 0.738754 0.647242 0.461251 0.703998 0.579246 0.556061 1.000000 0.790125 0.687356 0.478380 0.631516 0.746993 0.750137 0.631292 0.499001 0.612508 0.625346 0.529351 0.553818 0.438550 0.237939 
0.391110 0.285333 0.657255 0.779230 0.584220 0.527660 0.429977 0.202397 0.911392 0.839836 0.536242 0.877969 0.666800 0.683151 0.790125 1.000000 0.864316 0.527149 0.771158 0.884108 0.825460 0.812575 0.517361 0.716403 0.711401 0.573744 0.628432 0.472012 0.166080 
0.420482 0.240597 0.713949 0.965125 0.528164 0.623621 0.453285 0.118033 0.930480 0.942457 0.676069 0.971462 0.750679 0.884735 0.687356 0.864316 1.000000 0.638999 0.788854 0.698025 0.751533 0.945536 0.634870 0.747380 0.598709 0.650508 0.547281 0.477094 0.066256 
0.454464 0.207765 0.703942 0.633396 0.458378 0.732225 0.482760 0.076040 0.592235 0.583016 0.454268 0.615556 0.819109 0.636244 0.478380 0.527149 0.638999 1.000000 0.696559 0.470630 0.563563 0.619422 0.946642 0.713088 0.465365 0.821114 0.454931 0.489764 0.072852 
0.523880 0.242721 0.936669 0.748888 0.616933 0.784168 0.595099 0.137538 0.780072 0.731784 0.463203 0.774089 0.896256 0.627045 0.631516 0.771158 0.788854 0.696559 1.000000 0.681773 0.781669 0.748907 0.669754 0.946436 0.656454 0.792586 0.647562 0.616203 0.060439 
0.399134 0.313728 0.599770 0.640429 0.617551 0.505084 0.443160 0.260087 0.697568 0.631918 0.428596 0.703913 0.560176 0.529905 0.746993 0.884108 0.698025 0.470630 0.681773 1.000000 0.781258 0.696994 0.473220 0.656597 0.756499 0.555616 0.666605 0.492307 0.232213 
0.495569 0.276288 0.753111 0.699311 0.878560 0.662038 0.567731 0.197412 0.775041 0.674392 0.439851 0.748963 0.680220 0.580095 0.750137 0.825460 0.751533 0.563563 0.781669 0.781258 1.000000 0.717780 0.558392 0.802834 0.901024 0.704084 0.873448 0.601885 0.136660 
0.439773 0.247789 0.697774 0.961486 0.530424 0.639240 0.498634 0.139108 0.833132 0.848139 0.586151 0.875737 0.708629 0.809662 0.631292 0.812575 0.945536 0.619422 0.748907 0.696994 0.717780 1.000000 0.606419 0.740508 0.599069 0.680892 0.552554 0.545984 0.081853 
0.443589 0.192649 0.652635 0.613927 0.450511 0.701585 0.465514 0.058676 0.586686 0.581209 0.463999 0.619527 0.809111 0.654774 0.499001 0.517361 0.634870 0.946642 0.669754 0.473220 0.558392 0.606419 1.000000 0.667966 0.468295 0.795485 0.454014 0.478256 0.090586 
0.628484 0.240307 0.973364 0.730340 0.697085 0.880634 0.733674 0.138296 0.711566 0.656028 0.421944 0.712705 0.843548 0.578723 0.612508 0.716403 0.747380 0.713088 0.946436 0.656597 0.802834 0.740508 0.667966 1.000000 0.693591 0.896158 0.719780 0.744204 0.023564 
0.465732 0.311367 0.636963 0.562125 0.921852 0.568465 0.551441 0.267731 0.603530 0.543696 0.399178 0.596043 0.541162 0.472126 0.625346 0.711401 0.598709 0.465365 0.656454 0.756499 0.901024 0.599069 0.468295 0.693591 1.000000 0.629906 0.934425 0.606157 0.216349 
0.701303 0.221458 0.856217 0.653457 0.648968 0.927226 0.805342 0.115478 0.584726 0.538780 0.386083 0.604243 0.756877 0.530873 0.529351 0.573744 0.650508 0.821114 0.792586 0.555616 0.704084 0.680892 0.795485 0.896158 0.629906 1.000000 0.654977 0.820423 0.000000 
0.517728 0.314367 0.664752 0.521683 0.984276 0.601165 0.629120 0.277858 0.551089 0.495690 0.383004 0.542303 0.519663 0.437598 0.553818 0.628432 0.547281 0.454931 0.647562 0.666605 0.873448 0.552554 0.454014 0.719780 0.934425 0.654977 1.000000 0.682863 0.207133 
0.734858 0.299738 0.695849 0.488906 0.663290 0.748366 0.919292 0.284619 0.442112 0.405367 0.342621 0.440202 0.505860 0.379924 0.438550 0.472012 0.477094 0.489764 0.616203 0.492307 0.601885 0.545984 0.478256 0.744204 0.606157 0.820423 0.682863 1.000000 0.115792 
0.132812 0.116846 0.038211 0.069736 0.212831 0.013411 0.091484 0.290790 0.112959 0.104416 0.203408 0.089116 0.062230 0.093855 0.237939 0.166080 0.066256 0.072852 0.060439 0.232213 0.136660 0.081853 0.090586 0.023564 0.216349 0.000000 0.207133 0.115792 1.000000 
