"","sig_1","sig_2","sig_3","sig_4","sig_5","sig_6","sig_7","sig_8","sig_9","sig_10","sig_11","sig_12","sig_13","sig_14","sig_15","sig_16","sig_17","sig_18","sig_19","sig_20","sig_21","sig_22","sig_23","sig_24","sig_25","sig_26","sig_27","sig_28","sig_29","EC1","EC2","EC3","EC4","EC5","EC6"
"sig_1",1.00000000000002,0.893197700887201,0.902557688721438,0.910939712767659,0.873117081272468,0.982316978846749,0.907061764052529,0.821836664977048,0.848628428701318,0.892634754438657,0.778212787458628,0.91053686578538,0.858596903872699,0.948708455280876,0.888032855640088,0.910339689472453,0.975900635989052,0.929514625493891,0.881618461501282,0.788861811597215,0.872706063443772,0.898252388257336,0.948234657043356,0.9044703612393,0.854584961344904,0.859710108827948,0.851967585127545,0.822921787216586,0.766591100554576,0.117995391606015,0.0754281831434546,0.117452039025096,0.145808519995742,-0.0203795823802839,0.257908084608702
"sig_2",0.893197700887201,1.00000000000003,0.83698214379377,0.682004507999556,0.881866079709552,0.927938561863343,0.977756757549915,0.96911511109031,0.769137989447503,0.762581108342704,0.508057703728896,0.812027000331353,0.822432336363025,0.752969991030441,0.869896323826168,0.824415708454039,0.88542965386058,0.913304103824746,0.849040028141935,0.727556241592101,0.88975438921787,0.910913677024112,0.921975572998025,0.949086451162073,0.886458858622066,0.949992346939275,0.941115971887366,0.954097276894833,0.910635020029924,0.143235548485376,0.0997351458777287,0.166396490110201,0.195034732208678,-0.0238127667934444,0.364906370817407
"sig_3",0.902557688721438,0.83698214379377,1.00000000000002,0.698909693031548,0.97097336054121,0.93046701183458,0.878279189519546,0.763701087160316,0.990056796489524,0.97882624773974,0.501390635966931,0.983636726491015,0.989812753781692,0.781623006472804,0.964174895567268,0.990179830040829,0.90532273429435,0.94326308469843,0.990653759444564,0.956327545235836,0.967851096323251,0.868474798661485,0.938213873279552,0.90842502844682,0.939339857539414,0.852119772442162,0.905538730365155,0.802297706437129,0.695962030282845,0.0906254444926563,0.0567745477141352,0.110425197724384,0.137719928105804,-0.0163298022250967,0.225389151547204
"sig_4",0.910939712767659,0.682004507999556,0.698909693031548,1.00000000000003,0.633622600690407,0.848828548009323,0.698418775855216,0.620320232204089,0.645502287134583,0.750285748841211,0.966402739292307,0.754581411372351,0.634222960527883,0.987599301069583,0.674240907525364,0.739300084267954,0.882992931435865,0.750605703216859,0.666624729809544,0.584162262944381,0.635775905159892,0.727334946205708,0.79279032863142,0.693932754939632,0.627997809385617,0.641695377005134,0.603213798367226,0.60229511574829,0.59672192190512,0.0885904735121363,0.0551827471428142,0.0717987163757558,0.095461350305859,-0.0165475542157902,0.16380478115105
"sig_5",0.873117081272468,0.881866079709552,0.97097336054121,0.633622600690407,0.999999999999978,0.915223672152098,0.909717398331302,0.821844396050232,0.953604046450882,0.919126562086059,0.430563850397718,0.937789833599589,0.972330229998612,0.722016546435832,0.977302361562152,0.959607383276343,0.872312413917088,0.938567203234116,0.973615203515061,0.938451336036383,0.990602910907946,0.865368400491327,0.928754143194029,0.92730824925973,0.985510721914227,0.884958569402836,0.944144798226651,0.850280098999756,0.755448507105462,0.101579808824796,0.0629796262699341,0.12217822501092,0.147198450953536,-0.0178024400639607,0.249504792359671
"sig_6",0.982316978846749,0.927938561863343,0.93046701183458,0.848828548009323,0.915223672152098,0.999999999999973,0.958636543562573,0.879705720292139,0.881278058603389,0.908422747967924,0.689743345106693,0.937298999135958,0.906387064902549,0.91285214708398,0.929401886250176,0.937790768752014,0.991509284119403,0.979093340064097,0.92814587917486,0.830418123863682,0.929907085947759,0.954436043358432,0.988635537231156,0.964550545718911,0.909573595555554,0.932671569000459,0.924936435565906,0.898084677438748,0.822685809503143,0.110540823475079,0.0695952705734346,0.122697474044551,0.151921987875167,-0.0200387678642451,0.256716434754593
"sig_7",0.907061764052529,0.977756757549915,0.878279189519546,0.698418775855216,0.909717398331302,0.958636543562573,0.999999999999959,0.954457887455029,0.820454750832873,0.810603475227062,0.513024968401971,0.860186499056855,0.87535154668939,0.782839633646332,0.906592837112844,0.868588687877607,0.93099387892287,0.964160940940021,0.898813525949267,0.779651827674727,0.933044762334213,0.971353104391895,0.962960600707757,0.991903368959405,0.919191440760237,0.989566366202783,0.977423735241175,0.975310844688029,0.891226779347249,0.120068106817205,0.0779349467069588,0.141491959713758,0.171613311438938,-0.0221623745505109,0.297784183239166
"sig_8",0.821836664977048,0.96911511109031,0.763701087160316,0.620320232204089,0.821844396050232,0.879705720292139,0.954457887455029,1,0.695340721905564,0.692827519558888,0.45554657212399,0.753950049097135,0.759895831141488,0.698467685129984,0.808988006202569,0.760145900778046,0.842985684212764,0.873884506796248,0.793861904351887,0.666437511076962,0.843038645173524,0.888140282386155,0.896325975080438,0.924231698166787,0.847395056979856,0.950668184512344,0.924678393961484,0.98094107360409,0.978694081128702,0.126633407177787,0.0840374115576973,0.158102084732216,0.182715941982558,-0.0232954153957211,0.328914939051159
"sig_9",0.848628428701318,0.769137989447503,0.990056796489524,0.645502287134583,0.953604046450882,0.881278058603389,0.820454750832873,0.695340721905564,1,0.976521496977875,0.447989914346395,0.972108559595662,0.990757675842454,0.731900223028041,0.93801333119961,0.977121265300588,0.85886877910868,0.906875555538719,0.98370781292041,0.980205456302375,0.94894042259028,0.820871823614872,0.898660479562698,0.860853333370803,0.918596826603782,0.799269090449001,0.86872758579623,0.743139705542283,0.627916224297103,0.0756729443694341,0.0473075737284207,0.0984194407930523,0.123210982335003,-0.0140221587167649,0.192751536467665
"sig_10",0.892634754438657,0.762581108342704,0.97882624773974,0.750285748841211,0.919126562086059,0.908422747967924,0.810603475227062,0.692827519558888,0.976521496977875,0.999999999999973,0.579405742135848,0.994631482075346,0.959234362310484,0.821809020369653,0.922782879364821,0.988677236748365,0.901707022695907,0.909712088506392,0.964992243705788,0.945586840669536,0.917508400506389,0.819280084995196,0.918759572027915,0.850219823921239,0.892167473733267,0.783865308272884,0.838777948012195,0.729720366679647,0.64187199736996,0.0762453039357483,0.0475469433265871,0.0956219373972118,0.120850366065493,-0.0142420062103344,0.191283406000882
"sig_11",0.778212787458628,0.508057703728896,0.501390635966931,0.966402739292307,0.430563850397718,0.689743345106693,0.513024968401971,0.45554657212399,0.447989914346395,0.579405742135848,1.00000000000003,0.576985315479691,0.426622919798613,0.919976721498709,0.479957895806264,0.557071533660716,0.740101905288368,0.565659114869742,0.463307711976199,0.391004549769146,0.429038217658145,0.548859370534244,0.620844651016864,0.500322767245175,0.433983090778727,0.449972881733236,0.396147533831227,0.417688845540966,0.453773666225741,0.0704386179996305,0.0439234050376411,0.0448162724430118,0.0634321295091004,-0.0132144034292102,0.10905880281599
"sig_12",0.91053686578538,0.812027000331353,0.983636726491015,0.754581411372351,0.937789833599589,0.937298999135958,0.860186499056855,0.753950049097135,0.972108559595662,0.994631482075346,0.576985315479691,0.999999999999986,0.96723144849511,0.832777932762602,0.943450476802789,0.994990401413676,0.928613800081805,0.942709038813214,0.977291014067208,0.939906226200546,0.943109824389559,0.864246300991645,0.951390993583838,0.895644755973748,0.920474410473155,0.839829257518907,0.88388712156568,0.791436335296619,0.703265662368032,0.082287015331985,0.0513142694354342,0.104812591259244,0.130840791944006,-0.0152939936773143,0.207856870857941
"sig_13",0.858596903872699,0.822432336363025,0.989812753781692,0.634222960527883,0.972330229998612,0.906387064902549,0.87535154668939,0.759895831141488,0.990757675842454,0.959234362310484,0.426622919798613,0.96723144849511,0.999999999999958,0.730262375895217,0.957526638037635,0.975294798372794,0.880792569509135,0.943193872046594,0.995730401553082,0.97345043647917,0.978144559226645,0.873341319584526,0.928527678892833,0.911041072281898,0.949950110923288,0.86216561167933,0.91929693026036,0.809796208530422,0.688060196481721,0.0827185853747669,0.051769525081104,0.106492033595839,0.132241105274166,-0.0151606332789302,0.210397323004605
"sig_14",0.948708455280876,0.752969991030441,0.781623006472804,0.987599301069583,0.722016546435832,0.91285214708398,0.782839633646332,0.698467685129984,0.731900223028041,0.821809020369653,0.919976721498709,0.832777932762602,0.730262375895217,1.00000000000002,0.762448011859843,0.819052797240798,0.942829215073377,0.84024603189429,0.759717656550112,0.673077215845,0.733803855599224,0.815264668772739,0.872393598307467,0.787491759930325,0.719382011129136,0.739155071209964,0.705769097435037,0.696545142900897,0.666149425813265,0.0901758598148579,0.0561272687682363,0.0834339055201283,0.108787395143402,-0.0168860438202592,0.179167227290227
"sig_15",0.888032855640088,0.869896323826168,0.964174895567268,0.674240907525364,0.977302361562152,0.929401886250176,0.906592837112844,0.808988006202569,0.93801333119961,0.922782879364821,0.479957895806264,0.943450476802789,0.957526638037635,0.762448011859843,1.00000000000001,0.968919626368946,0.897403581606763,0.956044811844736,0.95722156678797,0.892098517245094,0.982283577957891,0.879449632492276,0.933849676938803,0.932898219274051,0.965396563745286,0.882651872900822,0.926557870549141,0.84303433226826,0.741265846680644,0.0922716661639679,0.0577438994086669,0.120941148176714,0.151952069907067,-0.0161866964559884,0.234973703488484
"sig_16",0.910339689472453,0.824415708454039,0.990179830040829,0.739300084267954,0.959607383276343,0.937790768752014,0.868588687877607,0.760145900778046,0.977121265300588,0.988677236748365,0.557071533660716,0.994990401413676,0.975294798372794,0.819052797240798,0.968919626368946,0.999999999999958,0.921635703077244,0.94812698851942,0.980703233590314,0.942357924789794,0.96097986371606,0.862414561724248,0.947733865649067,0.902905111920993,0.940589609254893,0.843871474082623,0.893479579476307,0.795437356449544,0.703962042131934,0.0846226749273709,0.0528177863081799,0.108201487249553,0.135381551631639,-0.015719123390096,0.213572572436395
"sig_17",0.975900635989052,0.88542965386058,0.90532273429435,0.882992931435865,0.872312413917088,0.991509284119403,0.93099387892287,0.842985684212764,0.85886877910868,0.901707022695907,0.740101905288368,0.928613800081805,0.880792569509135,0.942829215073377,0.897403581606763,0.921635703077244,0.999999999999991,0.968786996916567,0.904340286319993,0.805922831150677,0.896148622391674,0.953193216664534,0.979783357678785,0.943868344564642,0.871031569594338,0.910750651870711,0.891816376771564,0.870452633493257,0.789749003001983,0.0993812464557465,0.0620452131938153,0.109003171675859,0.137789251911928,-0.0185608189628055,0.224717954995326
"sig_18",0.929514625493891,0.913304103824746,0.94326308469843,0.750605703216859,0.938567203234116,0.979093340064097,0.964160940940021,0.873884506796248,0.906875555538719,0.909712088506392,0.565659114869742,0.942709038813214,0.943193872046594,0.84024603189429,0.956044811844736,0.94812698851942,0.968786996916567,1.00000000000004,0.955677785228571,0.866797567285851,0.966997790267335,0.9725385999433,0.987618193971042,0.985162205307932,0.940715438326701,0.957057558816177,0.959003567573467,0.915913664664741,0.806039533109169,0.0973095588528346,0.061556975811803,0.119358361420697,0.148405278774687,-0.0180657288798508,0.23827610715361
"sig_19",0.881618461501282,0.849040028141935,0.990653759444564,0.666624729809544,0.973615203515061,0.92814587917486,0.898813525949267,0.793861904351887,0.98370781292041,0.964992243705788,0.463307711976199,0.977291014067208,0.995730401553082,0.759717656550112,0.95722156678797,0.980703233590314,0.904340286319993,0.955677785228571,0.999999999999993,0.966317495864779,0.981125294654476,0.8925151033011,0.951152839160958,0.929020835523649,0.959090436131877,0.885154178248663,0.935678169216674,0.838123692569216,0.728963791968185,0.0874262168888422,0.0548497788603821,0.110075060672678,0.13620762996888,-0.016130090076285,0.223088543625178
"sig_20",0.788861811597215,0.727556241592101,0.956327545235836,0.584162262944381,0.938451336036383,0.830418123863682,0.779651827674727,0.666437511076962,0.980205456302375,0.945586840669536,0.391004549769146,0.939906226200546,0.97345043647917,0.673077215845,0.892098517245094,0.942357924789794,0.805922831150677,0.866797567285851,0.966317495864779,1.00000000000001,0.929484221931857,0.77470001730611,0.86501570491261,0.820170802406806,0.91583670690145,0.766261220285227,0.847370275192929,0.712039312530125,0.607786384151233,0.0695797913201943,0.0434240783178566,0.0892467399581688,0.105326562848602,-0.0130317881809841,0.173994394448857
"sig_21",0.872706063443772,0.88975438921787,0.967851096323251,0.635775905159892,0.990602910907946,0.929907085947759,0.933044762334213,0.843038645173524,0.94894042259028,0.917508400506389,0.429038217658145,0.943109824389559,0.978144559226645,0.733803855599224,0.982283577957891,0.96097986371606,0.896148622391674,0.966997790267335,0.981125294654476,0.929484221931857,1.00000000000003,0.908308482060691,0.950988595431467,0.956491619115009,0.988030294068993,0.921369568335849,0.965836253775679,0.883555302423746,0.775240749972022,0.0943899391504722,0.0587198542789331,0.120025985333258,0.147016161106993,-0.0169350544920037,0.238147188030578
"sig_22",0.898252388257336,0.910913677024112,0.868474798661485,0.727334946205708,0.865368400491327,0.954436043358432,0.971353104391895,0.888140282386155,0.820871823614872,0.819280084995196,0.548859370534244,0.864246300991645,0.873341319584526,0.815264668772739,0.879449632492276,0.862414561724248,0.953193216664534,0.9725385999433,0.8925151033011,0.77470001730611,0.908308482060691,1.00000000000002,0.959955763182927,0.982824450673559,0.873560466902572,0.976038965325935,0.947405364847426,0.941168992081692,0.816739899493419,0.0987434136965096,0.0626804630051024,0.113547969934947,0.143061847399183,-0.0188899630584202,0.233062626667245
"sig_23",0.948234657043356,0.921975572998025,0.938213873279552,0.79279032863142,0.928754143194029,0.988635537231156,0.962960600707757,0.896325975080438,0.898660479562698,0.918759572027915,0.620844651016864,0.951390993583838,0.928527678892833,0.872393598307467,0.933849676938803,0.947733865649067,0.979783357678785,0.987618193971042,0.951152839160958,0.86501570491261,0.950988595431467,0.959955763182927,0.999999999999975,0.975980384109276,0.934916891761711,0.953308148563169,0.951896495832942,0.922919493929696,0.849262067761331,0.101359475295216,0.0635082761022835,0.122307321432767,0.147840209887878,-0.0187902360220232,0.245265178948035
"sig_24",0.9044703612393,0.949086451162073,0.90842502844682,0.693932754939632,0.92730824925973,0.964550545718911,0.991903368959405,0.924231698166787,0.860853333370803,0.850219823921239,0.500322767245175,0.895644755973748,0.911041072281898,0.787491759930325,0.932898219274051,0.902905111920993,0.943868344564642,0.985162205307932,0.929020835523649,0.820170802406806,0.956491619115009,0.982824450673559,0.975980384109276,0.99999999999999,0.934784993978321,0.990025560990003,0.983344406094233,0.963645647842361,0.857630718517103,0.106264861432313,0.0673244198263806,0.12967483522324,0.159877869569752,-0.0196215775725271,0.263635858043853
"sig_25",0.854584961344904,0.886458858622066,0.939339857539414,0.627997809385617,0.985510721914227,0.909573595555554,0.919191440760237,0.847395056979856,0.918596826603782,0.892167473733267,0.433983090778727,0.920474410473155,0.949950110923288,0.719382011129136,0.965396563745286,0.940589609254893,0.871031569594338,0.940715438326701,0.959090436131877,0.91583670690145,0.988030294068993,0.873560466902572,0.934916891761711,0.934784993978321,0.999999999999993,0.902902026991436,0.957638103209694,0.874695053339765,0.790911367903152,0.0969497264357858,0.0602901087697313,0.121053377841381,0.147771367172547,-0.0179355040171563,0.244636462991345
"sig_26",0.859710108827948,0.949992346939275,0.852119772442162,0.641695377005134,0.884958569402836,0.932671569000459,0.989566366202783,0.950668184512344,0.799269090449001,0.783865308272884,0.449972881733236,0.839829257518907,0.86216561167933,0.739155071209964,0.882651872900822,0.843871474082623,0.910750651870711,0.957057558816177,0.885154178248663,0.766261220285227,0.921369568335849,0.976038965325935,0.953308148563169,0.990025560990003,0.902902026991436,0.999999999999972,0.978025372202606,0.986625288257476,0.894178072400295,0.106475629372902,0.0680109586560476,0.133758628061237,0.159606233256244,-0.019784654314046,0.267354409595396
"sig_27",0.851967585127545,0.941115971887366,0.905538730365155,0.603213798367226,0.944144798226651,0.924936435565906,0.977423735241175,0.924678393961484,0.86872758579623,0.838777948012195,0.396147533831227,0.88388712156568,0.91929693026036,0.705769097435037,0.926557870549141,0.893479579476307,0.891816376771564,0.959003567573467,0.935678169216674,0.847370275192929,0.965836253775679,0.947405364847426,0.951896495832942,0.983344406094233,0.957638103209694,0.978025372202606,1.00000000000004,0.962947888405359,0.862748225333761,0.107281635861231,0.0680953451841778,0.134658025526452,0.167299580051475,-0.0194570381023037,0.274249701295898
"sig_28",0.822921787216586,0.954097276894833,0.802297706437129,0.60229511574829,0.850280098999756,0.898084677438748,0.975310844688029,0.98094107360409,0.743139705542283,0.729720366679647,0.417688845540966,0.791436335296619,0.809796208530422,0.696545142900897,0.84303433226826,0.795437356449544,0.870452633493257,0.915913664664741,0.838123692569216,0.712039312530125,0.883555302423746,0.941168992081692,0.922919493929696,0.963645647842361,0.874695053339765,0.986625288257476,0.962947888405359,1,0.945078450413893,0.112844036268669,0.0717630128345036,0.142800746212411,0.170671385967001,-0.0214416943113849,0.288163585821274
"sig_29",0.766591100554576,0.910635020029924,0.695962030282845,0.59672192190512,0.755448507105462,0.822685809503143,0.891226779347249,0.978694081128702,0.627916224297103,0.64187199736996,0.453773666225741,0.703265662368032,0.688060196481721,0.666149425813265,0.741265846680644,0.703962042131934,0.789749003001983,0.806039533109169,0.728963791968185,0.607786384151233,0.775240749972022,0.816739899493419,0.849262067761331,0.857630718517103,0.790911367903152,0.894178072400295,0.862748225333761,0.945078450413893,1.00000000000002,0.116829774669673,0.0730996331588274,0.14606563432374,0.16286981277571,-0.0221827879125932,0.294330319157932
"EC1",0.117995391606015,0.143235548485376,0.0906254444926563,0.0885904735121363,0.101579808824796,0.110540823475079,0.120068106817205,0.126633407177787,0.0756729443694341,0.0762453039357483,0.0704386179996305,0.082287015331985,0.0827185853747669,0.0901758598148579,0.0922716661639679,0.0846226749273709,0.0993812464557465,0.0973095588528346,0.0874262168888422,0.0695797913201943,0.0943899391504722,0.0987434136965096,0.101359475295216,0.106264861432313,0.0969497264357858,0.106475629372902,0.107281635861231,0.112844036268669,0.116829774669673,1,-0.239912252137493,-0.20186956552705,0.0724579974024825,-0.0050253990155682,-0.0279977439437517
"EC2",0.0754281831434546,0.0997351458777287,0.0567745477141352,0.0551827471428142,0.0629796262699341,0.0695952705734346,0.0779349467069588,0.0840374115576973,0.0473075737284207,0.0475469433265871,0.0439234050376411,0.0513142694354342,0.051769525081104,0.0561272687682363,0.0577438994086669,0.0528177863081799,0.0620452131938153,0.061556975811803,0.0548497788603821,0.0434240783178566,0.0587198542789331,0.0626804630051024,0.0635082761022835,0.0673244198263806,0.0602901087697313,0.0680109586560476,0.0680953451841778,0.0717630128345036,0.0730996331588274,-0.239912252137493,1.00000000000002,-0.0943214734514983,0.0290439207462471,0.0795589811915573,0.0180657474923957
"EC3",0.117452039025096,0.166396490110201,0.110425197724384,0.0717987163757558,0.12217822501092,0.122697474044551,0.141491959713758,0.158102084732216,0.0984194407930523,0.0956219373972118,0.0448162724430118,0.104812591259244,0.106492033595839,0.0834339055201283,0.120941148176714,0.108201487249553,0.109003171675859,0.119358361420697,0.110075060672678,0.0892467399581688,0.120025985333258,0.113547969934947,0.122307321432767,0.12967483522324,0.121053377841381,0.133758628061237,0.134658025526452,0.142800746212411,0.14606563432374,-0.20186956552705,-0.0943214734514983,0.999999999999999,-0.0613110338215353,-0.0222485614031618,0.117982766042245
"EC4",0.145808519995742,0.195034732208678,0.137719928105804,0.095461350305859,0.147198450953536,0.151921987875167,0.171613311438938,0.182715941982558,0.123210982335003,0.120850366065493,0.0634321295091004,0.130840791944006,0.132241105274166,0.108787395143402,0.151952069907067,0.135381551631639,0.137789251911928,0.148405278774687,0.13620762996888,0.105326562848602,0.147016161106993,0.143061847399183,0.147840209887878,0.159877869569752,0.147771367172547,0.159606233256244,0.167299580051475,0.170671385967001,0.16286981277571,0.0724579974024825,0.0290439207462471,-0.0613110338215353,1.00000000000001,0.0624081693598646,0.142854174834939
"EC5",-0.0203795823802839,-0.0238127667934444,-0.0163298022250967,-0.0165475542157902,-0.0178024400639607,-0.0200387678642451,-0.0221623745505109,-0.0232954153957211,-0.0140221587167649,-0.0142420062103344,-0.0132144034292102,-0.0152939936773143,-0.0151606332789302,-0.0168860438202592,-0.0161866964559884,-0.015719123390096,-0.0185608189628055,-0.0180657288798508,-0.016130090076285,-0.0130317881809841,-0.0169350544920037,-0.0188899630584202,-0.0187902360220232,-0.0196215775725271,-0.0179355040171563,-0.019784654314046,-0.0194570381023037,-0.0214416943113849,-0.0221827879125932,-0.0050253990155682,0.0795589811915573,-0.0222485614031618,0.0624081693598646,1.00000000000003,-0.0727487886829186
"EC6",0.257908084608702,0.364906370817407,0.225389151547204,0.16380478115105,0.249504792359671,0.256716434754593,0.297784183239166,0.328914939051159,0.192751536467665,0.191283406000882,0.10905880281599,0.207856870857941,0.210397323004605,0.179167227290227,0.234973703488484,0.213572572436395,0.224717954995326,0.23827610715361,0.223088543625178,0.173994394448857,0.238147188030578,0.233062626667245,0.245265178948035,0.263635858043853,0.244636462991345,0.267354409595396,0.274249701295898,0.288163585821274,0.294330319157932,-0.0279977439437517,0.0180657474923957,0.117982766042245,0.142854174834939,-0.0727487886829186,0.99999999999999
