"","sig_1","sig_2","sig_3","sig_4","sig_5","sig_6","sig_7","sig_8","sig_9","sig_10","sig_11","sig_12","sig_13","sig_14","sig_15","sig_16","sig_17","sig_18","sig_19","sig_20","sig_21","sig_22","sig_23","sig_24","sig_25","sig_26","sig_27","sig_28","sig_29","EC1","EC2","EC3","EC4","EC5","EC6"
"sig_1",0.999999999999995,-0.117792505223648,0.0537149773924237,0.168809993385563,0.105588588638667,0.146277249529734,0.180296254535405,-0.124183147382571,-0.00286126423071765,-0.0198700349594137,-0.0338000025606579,0.014623040762157,-0.00938837000379316,-0.0201869981220549,0.0181368539337064,-0.0226113151138249,-0.0173157197288637,-0.0172151942418574,-0.0167328846446086,0.0186506732628408,-0.0253182116266074,0.0494059518007848,-0.0264282051689283,-0.0117868054807748,-0.0230255973462705,-0.0415529453897916,0.0894908912624007,-0.0675909155784205,-0.0998626450424962,0.0173861043040903,-0.030110129125657,-0.0450967367186732,-0.0099061750434558,0.0929797276995155,0.0311616570524984
"sig_2",-0.117792505223648,0.999999999999997,-0.0968486439410807,-0.0980790592742666,-0.00218754162872235,-0.00696406610729599,0.0690511258077103,0.362620873447937,-0.0979336288228156,-0.116057983682881,-0.093133854214985,-0.101293178318005,-0.0900861335760531,-0.0911822886615118,-0.0334822527658772,-0.0918873913112797,-0.111917289015207,-0.0663296237481563,-0.0881660404494294,-0.0312534226860873,-0.0748519687624176,-0.0565903672862368,-0.0198650109237195,-0.0895459230823871,-0.0434951607838009,-0.0386844401582163,0.00307056917943189,-0.0249321320219057,0.0829406609399229,0.0379090459914506,0.0271271308480253,-0.0579450473787188,0.00517304267198633,-0.0224171051233253,-0.0178162941604764
"sig_3",0.0537149773924237,-0.0968486439410807,0.999999999999992,0.195948841348239,0.0679471731131775,0.353167176386445,0.0697458462316035,-0.030085928636613,0.633020420624465,0.595182124918596,0.192072799096077,0.539303293798491,0.767311804640348,0.14204288787468,0.33939928815404,0.36522569788873,0.262859225283295,0.0985148334906822,0.561880127282238,0.0495557716245484,0.370515921693032,0.076720323465908,0.178713759496516,0.311129533836436,0.154922924205672,0.0622098524555228,-0.027034972850052,0.0379047939961871,-0.0260825403245355,-0.0830916989938585,0.0730899870889744,-0.0389447432408983,-0.0115391533950226,0.119747660298685,-0.0296161743117227
"sig_4",0.168809993385563,-0.0980790592742666,0.195948841348239,0.999999999999997,0.0483093384138405,0.220521451685577,0.239479478181782,-0.0577788077217626,0.137653617748949,0.331965188032609,0.418407746532482,0.187708844976851,0.144832703724359,0.470418982841963,0.00559207471235155,0.224709474575285,0.468606749061409,0.146587676612687,0.163777038725989,0.155058213727029,0.081596749569004,0.56744660133096,0.117263265066281,0.250271398765774,0.0684917192921789,0.0976113126651338,0.0275092666057658,0.0751943712406368,-0.0328211163461576,-0.0152100998691543,-0.0119743486971784,-0.0471396215892958,0.0413802882151367,-0.00359748031886478,0.0747997326149293
"sig_5",0.105588588638667,-0.00218754162872235,0.0679471731131775,0.0483093384138405,0.999999999999995,-0.0085815760975749,0.558854945062211,-0.0467813752085169,0.0708667030037164,0.0462687014499587,0.031364693939791,0.0915102332923931,0.0370748501271524,-0.000617045052175906,0.103987841561284,0.246247238601856,0.0641204892637841,-0.0159018195614619,0.0361836546123882,0.415806585571672,0.223476484165266,0.0934704955702812,0.0203158984333586,0.0393587827145066,0.253589486681595,0.0270414382366455,0.900667956251567,0.0396806324073906,-0.0059723079989033,-0.0966061210892128,0.0898782247644499,0.0537767686400277,-0.0299338667925536,-0.035282206994439,-0.0292377670916293
"sig_6",0.146277249529734,-0.00696406610729599,0.353167176386445,0.220521451685577,-0.0085815760975749,0.999999999999996,0.125783932082634,0.159939934124636,0.179129041998981,0.196919905597009,0.173363126581203,0.286268941781597,0.284811736320302,0.31438737145147,0.090995455437268,0.160232265589363,0.34434412851325,0.549939511587879,0.244228480600048,0.0164690138365341,0.163976398004054,0.100681699501033,0.704499989251519,0.322084009784754,0.139538693508145,0.314179406188384,-0.0306915252300753,0.140489853564406,0.086671133209145,-0.0695167126436571,0.0360081891224966,-0.0118317928299456,0.0376391589626778,-0.052023789970807,0.0643835729749826
"sig_7",0.180296254535405,0.0690511258077103,0.0697458462316035,0.239479478181782,0.558854945062211,0.125783932082634,0.999999999999995,0.110306539418038,0.0265663385479482,0.0412696292284465,0.100845384533699,0.0268559365064029,0.0300085108852445,0.0278531099636141,-0.0351174719581301,0.0606113410248244,0.2538671156133,0.00972679534608456,0.14518283580953,0.191837139373709,0.0617272171575728,0.45024290568041,0.0713290024683943,0.309618182647143,0.105933802776246,0.403248573423111,0.573419168461003,0.39940802005129,0.168355371352959,-0.0807468491510822,0.0567119412790988,0.0217569166708987,0.0195923350150876,-0.0322079591805661,-0.00255278962755319
"sig_8",-0.124183147382571,0.362620873447937,-0.030085928636613,-0.0577788077217626,-0.0467813752085169,0.159939934124636,0.110306539418038,0.999999999999995,-0.0639717381485301,-0.0638912861185391,-0.0339252560115845,-0.066941872881448,0.0291474899608289,-0.0301088703687548,-0.0239786223992956,-0.0427762781845033,0.0140351827922617,0.0264647250159697,0.00436813614423117,-0.0196236373858127,0.0369302838669876,0.0267366566917988,0.308957777069142,0.0427645088320606,0.0909276446500309,0.280465412607094,-0.029394279888718,0.397787539591778,0.743240434238048,0.0330938407841342,-0.0121999757864585,-0.0312156833810702,0.0165112314937438,-0.0582123800302623,0.0434109367937329
"sig_9",-0.00286126423071765,-0.0979336288228156,0.633020420624465,0.137653617748949,0.0708667030037164,0.179129041998981,0.0265663385479482,-0.0639717381485301,0.999999999999987,0.535891457898516,0.24288268501595,0.584616726775397,0.485495784304329,0.175364392440121,0.379405113703556,0.442262669025979,0.22954932419042,0.122745316989711,0.543650749295243,0.070611392765853,0.371730198584545,0.058127140278766,0.0987160913174571,0.236242468525161,0.122452890935415,0.0417772697957985,0.00223767781306604,0.0208185592067824,-0.0431391530126514,-0.00765653910940182,0.0768869761571364,-0.0304560919779246,-0.0542185762546371,0.0408235378334095,-0.063269668882278
"sig_10",-0.0198700349594137,-0.116057983682881,0.595182124918596,0.331965188032609,0.0462687014499587,0.196919905597009,0.0412696292284465,-0.0638912861185391,0.535891457898516,1.00000000000001,0.520468730567146,0.540144536651943,0.590359443936479,0.342618931414294,0.043486067595449,0.524940843004261,0.451804241880192,0.120075473845682,0.529952841570884,0.115106672229789,0.289580656414719,0.184054840477823,0.139231445901327,0.297930074575123,0.137767322566161,0.05589361483671,-0.00654085367682232,0.0273607300098451,-0.0327605608953198,-0.0208365794967814,0.00887061344697286,0.00019142181079166,-0.00203994417081923,0.0705285049388175,-0.0379694723362801
"sig_11",-0.0338000025606579,-0.093133854214985,0.192072799096077,0.418407746532482,0.031364693939791,0.173363126581203,0.100845384533699,-0.0339252560115845,0.24288268501595,0.520468730567146,1.00000000000001,0.338284739202857,0.179218624043767,0.461089658323803,0.00909283858910181,0.457835868978939,0.739950938757262,0.108696618537944,0.257840246057152,0.0918604469173055,0.186235762905881,0.399945686517142,0.154756959993909,0.317527397388356,0.119758625405441,0.196128287608155,0.0197452098645113,0.102610404368079,-0.0136721794068079,0.0530835278132921,-0.00940184298427244,-0.0117317393849931,0.00566124600865275,-0.0120440238496698,-0.0499810716099425
"sig_12",0.014623040762157,-0.101293178318005,0.539303293798491,0.187708844976851,0.0915102332923931,0.286268941781597,0.0268559365064029,-0.066941872881448,0.584616726775397,0.540144536651943,0.338284739202857,0.999999999999996,0.358097864460725,0.210032052216294,0.295735231445911,0.483286227809142,0.345195435467814,0.182287268471185,0.432122800364397,0.106351609753421,0.345253323477595,0.0925223974430568,0.133955843504205,0.190982041562292,0.196169610397041,0.0817417308191082,0.0065436566739221,0.0170141630257521,-0.0551620499095552,-0.0594400660247658,0.0359852549705225,0.0715819087279986,-0.0466952048831876,-0.00645579439584845,-0.0181115466634806
"sig_13",-0.00938837000379316,-0.0900861335760531,0.767311804640348,0.144832703724359,0.0370748501271524,0.284811736320302,0.0300085108852445,0.0291474899608289,0.485495784304329,0.590359443936479,0.179218624043767,0.358097864460725,0.999999999999995,0.173435441106595,0.174220966900266,0.285027527430736,0.289596241223629,0.135191222072922,0.415587868260385,0.0638177615110098,0.339140734382314,0.0400569635456938,0.314361430130257,0.191246846034133,0.144187391990533,0.101318783622026,-0.0115563747100232,0.0864899325852527,0.0523123891805283,-0.0725609223052502,0.0884058108925127,-0.035751587887267,-0.00729415074950214,0.0237923502694605,-0.00796170671459183
"sig_14",-0.0201869981220549,-0.0911822886615118,0.14204288787468,0.470418982841963,-0.000617045052175906,0.31438737145147,0.0278531099636141,-0.0301088703687548,0.175364392440121,0.342618931414294,0.461089658323803,0.210032052216294,0.173435441106595,0.999999999999993,0.00549294432916388,0.25151107332492,0.439114463003826,0.435405302320673,0.171019797302685,0.0586323947011232,0.121996517616514,0.170838563959649,0.324109453505398,0.265096173591911,0.0660336898138497,0.100449709398067,0.000277291845076377,0.046298915929462,-0.016774023278144,-0.0256378686483949,-0.00271120082430482,0.0208473517817765,-0.0425498461590639,-0.0136899085510283,0.0766863597013847
"sig_15",0.0181368539337064,-0.0334822527658772,0.33939928815404,0.00559207471235155,0.103987841561284,0.090995455437268,-0.0351174719581301,-0.0239786223992956,0.379405113703556,0.043486067595449,0.00909283858910181,0.295735231445911,0.174220966900266,0.00549294432916388,0.999999999999995,0.246589544124524,0.00017261632558665,0.0170007835067678,0.00623590111896912,-0.00366731272037684,0.396566741393548,-0.0196555017258057,0.0376284574847659,-0.00780989447355771,-0.00198418472190556,-0.0195880921370693,-0.0116588532374112,-0.0190927826455198,-0.0222777207329356,-0.0282805329243865,0.0824895199963255,-0.0303999780784749,-0.0263574184235922,-0.0181970889837338,-0.0227877080827242
"sig_16",-0.0226113151138249,-0.0918873913112797,0.36522569788873,0.224709474575285,0.246247238601856,0.160232265589363,0.0606113410248244,-0.0427762781845033,0.442262669025979,0.524940843004261,0.457835868978939,0.483286227809142,0.285027527430736,0.25151107332492,0.246589544124524,1,0.410207952350512,0.104529929481733,0.327473961123187,0.249962024732421,0.555673728912402,0.173444750845193,0.134687749975465,0.285969092562363,0.509840688154988,0.114475447966399,0.0440822256819975,0.0774546049078504,-0.027481556040735,-0.058110600528566,0.0794799427802695,-0.0175128165826102,-0.00181177563322957,0.0197478731115805,-0.044821986154868
"sig_17",-0.0173157197288637,-0.111917289015207,0.262859225283295,0.468606749061409,0.0641204892637841,0.34434412851325,0.2538671156133,0.0140351827922617,0.22954932419042,0.451804241880192,0.739950938757262,0.345195435467814,0.289596241223629,0.439114463003826,0.00017261632558665,0.410207952350512,0.999999999999995,0.208784846333928,0.290931839509394,0.138755018903224,0.212292032423991,0.469761336905829,0.315959514138987,0.480401661502299,0.212914752575902,0.364570545784912,0.0770943294016256,0.346960088179908,0.0437149835925292,0.00508833531694772,0.00402137395171527,-0.00592579328230407,0.0016775884272847,-0.0341808974800494,0.0185372445161489
"sig_18",-0.0172151942418574,-0.0663296237481563,0.0985148334906822,0.146587676612687,-0.0159018195614619,0.549939511587879,0.00972679534608456,0.0264647250159697,0.122745316989711,0.120075473845682,0.108696618537944,0.182287268471185,0.135191222072922,0.435405302320673,0.0170007835067678,0.104529929481733,0.208784846333928,1,0.151795848067942,0.0155258002539854,0.0851691594900278,0.0235371117524779,0.583810480938666,0.231044467788929,0.0243094091463295,0.204823150751654,-0.0156175170512005,0.0462842646632467,0.01979144253763,-0.065137042278154,0.00459814085482074,0.0510871348181676,-0.0589321659397407,-0.0483725630739152,0.130873089801759
"sig_19",-0.0167328846446086,-0.0881660404494294,0.561880127282238,0.163777038725989,0.0361836546123882,0.244228480600048,0.14518283580953,0.00436813614423117,0.543650749295243,0.529952841570884,0.257840246057152,0.432122800364397,0.415587868260385,0.171019797302685,0.00623590111896912,0.327473961123187,0.290931839509394,0.151795848067942,0.999999999999996,0.0583499318232962,0.271914259208559,0.13485404322832,0.184792789492665,0.408011401800607,0.163825109919266,0.166654956788574,0.00299802040248732,0.12812477686813,0.0171088341675028,-0.0385628397340858,-0.0305689070544399,0.0582370776991243,0.0269128724378326,0.036553581887472,-0.022694058649582
"sig_20",0.0186506732628408,-0.0312534226860873,0.0495557716245484,0.155058213727029,0.415806585571672,0.0164690138365341,0.191837139373709,-0.0196236373858127,0.070611392765853,0.115106672229789,0.0918604469173055,0.106351609753421,0.0638177615110098,0.0586323947011232,-0.00366731272037684,0.249962024732421,0.138755018903224,0.0155258002539854,0.0583499318232962,1.00000000000001,0.0817775540879224,0.276268872151433,0.0457573637548038,0.102399314147453,0.198545354038605,0.0597178184656446,0.334080231735439,0.0814486656237403,0.0021768750144715,-0.0444869419709601,0.0970379496856817,-0.0243295790431145,-0.0346408021159336,-0.023915914238677,-0.0187667023391855
"sig_21",-0.0253182116266074,-0.0748519687624176,0.370515921693032,0.081596749569004,0.223476484165266,0.163976398004054,0.0617272171575728,0.0369302838669876,0.371730198584545,0.289580656414719,0.186235762905881,0.345253323477595,0.339140734382314,0.121996517616514,0.396566741393548,0.555673728912402,0.212292032423991,0.0851691594900278,0.271914259208559,0.0817775540879224,0.99999999999999,0.0720626579103502,0.195408507309361,0.23506146802317,0.360825587892822,0.231587340858207,0.053927995328833,0.177452710850333,0.101664907076,-0.0405803459970532,0.0172630895196045,-0.00492138039147232,-0.00611532401917101,0.00613457404354863,0.0437935949402401
"sig_22",0.0494059518007848,-0.0565903672862368,0.076720323465908,0.56744660133096,0.0934704955702812,0.100681699501033,0.45024290568041,0.0267366566917988,0.058127140278766,0.184054840477823,0.399945686517142,0.0925223974430568,0.0400569635456938,0.170838563959649,-0.0196555017258057,0.173444750845193,0.469761336905829,0.0235371117524779,0.13485404322832,0.276268872151433,0.0720626579103502,1.00000000000001,0.0968149493124155,0.345466795283009,0.0324371905871159,0.319910568842335,0.119925296664677,0.366093663225609,0.0979136420607979,0.0398634381845418,-0.0241021510376648,-0.0412970725539088,0.0751771498109546,-0.00365983666799023,-0.0409083272008299
"sig_23",-0.0264282051689283,-0.0198650109237195,0.178713759496516,0.117263265066281,0.0203158984333586,0.704499989251519,0.0713290024683943,0.308957777069142,0.0987160913174571,0.139231445901327,0.154756959993909,0.133955843504205,0.314361430130257,0.324109453505398,0.0376284574847659,0.134687749975465,0.315959514138987,0.583810480938666,0.184792789492665,0.0457573637548038,0.195408507309361,0.0968149493124155,1,0.257138924191906,0.249693059609611,0.34361774751903,0.0209465565647561,0.246492745979098,0.309712304187457,-0.0883983458416039,0.0199064366822096,0.0116221153625267,0.0593688181286366,-0.0757369350667544,0.0873768639822452
"sig_24",-0.0117868054807748,-0.0895459230823871,0.311129533836436,0.250271398765774,0.0393587827145066,0.322084009784754,0.309618182647143,0.0427645088320606,0.236242468525161,0.297930074575123,0.317527397388356,0.190982041562292,0.191246846034133,0.265096173591911,-0.00780989447355771,0.285969092562363,0.480401661502299,0.231044467788929,0.408011401800607,0.102399314147453,0.23506146802317,0.345466795283009,0.257138924191906,1.00000000000001,0.147717984858949,0.505851945609013,0.0827005727604817,0.368012755316089,0.104248835844567,-0.0521772300174339,0.0622973778748636,0.0332683521815135,-0.0517754634900525,-0.00494144693128444,-0.0200313029192853
"sig_25",-0.0230255973462705,-0.0434951607838009,0.154922924205672,0.0684917192921789,0.253589486681595,0.139538693508145,0.105933802776246,0.0909276446500309,0.122452890935415,0.137767322566161,0.119758625405441,0.196169610397041,0.144187391990533,0.0660336898138497,-0.00198418472190556,0.509840688154988,0.212914752575902,0.0243094091463295,0.163825109919266,0.198545354038605,0.360825587892822,0.0324371905871159,0.249693059609611,0.147717984858949,0.999999999999998,0.211108684268517,0.0828441811535722,0.190175572542097,0.161635688373629,-0.0547796865539321,0.0286745895515676,-0.0184699995775369,0.0159855129237727,-0.0175451978039278,0.0599728851635437
"sig_26",-0.0415529453897916,-0.0386844401582163,0.0622098524555228,0.0976113126651338,0.0270414382366455,0.314179406188384,0.403248573423111,0.280465412607094,0.0417772697957985,0.05589361483671,0.196128287608155,0.0817417308191082,0.101318783622026,0.100449709398067,-0.0195880921370693,0.114475447966399,0.364570545784912,0.204823150751654,0.166654956788574,0.0597178184656446,0.231587340858207,0.319910568842335,0.34361774751903,0.505851945609013,0.211108684268517,1.00000000000001,0.0812183796920777,0.67229080584511,0.402132166325517,-0.0207017134911721,0.0406247703659912,-0.00217959991463973,-0.0209384118510596,-0.0533537935588157,0.0265238459474026
"sig_27",0.0894908912624007,0.00307056917943189,-0.027034972850052,0.0275092666057658,0.900667956251567,-0.0306915252300753,0.573419168461003,-0.029394279888718,0.00223767781306604,-0.00654085367682232,0.0197452098645113,0.0065436566739221,-0.0115563747100232,0.000277291845076377,-0.0116588532374112,0.0440822256819975,0.0770943294016256,-0.0156175170512005,0.00299802040248732,0.334080231735439,0.053927995328833,0.119925296664677,0.0209465565647561,0.0827005727604817,0.0828441811535722,0.0812183796920777,0.999999999999995,0.121511400527428,0.0200267998461835,-0.0720463350983571,0.0646513591447394,0.0543790674148518,-0.0277003254224964,-0.0416659422598202,-0.0197052254442742
"sig_28",-0.0675909155784205,-0.0249321320219057,0.0379047939961871,0.0751943712406368,0.0396806324073906,0.140489853564406,0.39940802005129,0.397787539591778,0.0208185592067824,0.0273607300098451,0.102610404368079,0.0170141630257521,0.0864899325852527,0.046298915929462,-0.0190927826455198,0.0774546049078504,0.346960088179908,0.0462842646632467,0.12812477686813,0.0814486656237403,0.177452710850333,0.366093663225609,0.246492745979098,0.368012755316089,0.190175572542097,0.67229080584511,0.121511400527428,1,0.601932147261646,0.058799928690916,-0.0172107136240797,-0.000114504823172331,-0.0284315635439523,-0.054001992644004,0.0112506381474835
"sig_29",-0.0998626450424962,0.0829406609399229,-0.0260825403245355,-0.0328211163461576,-0.0059723079989033,0.086671133209145,0.168355371352959,0.743240434238048,-0.0431391530126514,-0.0327605608953198,-0.0136721794068079,-0.0551620499095552,0.0523123891805283,-0.016774023278144,-0.0222777207329356,-0.027481556040735,0.0437149835925292,0.01979144253763,0.0171088341675028,0.0021768750144715,0.101664907076,0.0979136420607979,0.309712304187457,0.104248835844567,0.161635688373629,0.402132166325517,0.0200267998461835,0.601932147261646,0.999999999999988,0.135763567093329,-0.0535061207015103,-0.0364791361485455,-0.00655940230994882,-0.063867447206449,-0.0102245202508924
"EC1",0.0173861043040903,0.0379090459914506,-0.0830916989938585,-0.0152100998691543,-0.0966061210892128,-0.0695167126436571,-0.0807468491510822,0.0330938407841342,-0.00765653910940182,-0.0208365794967814,0.0530835278132921,-0.0594400660247658,-0.0725609223052502,-0.0256378686483949,-0.0282805329243865,-0.058110600528566,0.00508833531694772,-0.065137042278154,-0.0385628397340858,-0.0444869419709601,-0.0405803459970532,0.0398634381845418,-0.0883983458416039,-0.0521772300174339,-0.0547796865539321,-0.0207017134911721,-0.0720463350983571,0.058799928690916,0.135763567093329,0.999999999999989,-0.447330111559195,-0.248064109164822,-0.172813751742856,-0.119310137568815,-0.149408764701769
"EC2",-0.030110129125657,0.0271271308480253,0.0730899870889744,-0.0119743486971784,0.0898782247644499,0.0360081891224966,0.0567119412790988,-0.0121999757864585,0.0768869761571364,0.00887061344697286,-0.00940184298427244,0.0359852549705225,0.0884058108925127,-0.00271120082430482,0.0824895199963255,0.0794799427802695,0.00402137395171527,0.00459814085482074,-0.0305689070544399,0.0970379496856817,0.0172630895196045,-0.0241021510376648,0.0199064366822096,0.0622973778748636,0.0286745895515676,0.0406247703659912,0.0646513591447394,-0.0172107136240797,-0.0535061207015103,-0.447330111559195,0.999999999999996,-0.364070014864577,-0.253629214551232,-0.175104910196069,-0.219279005612737
"EC3",-0.0450967367186732,-0.0579450473787188,-0.0389447432408983,-0.0471396215892958,0.0537767686400277,-0.0118317928299456,0.0217569166708987,-0.0312156833810702,-0.0304560919779246,0.00019142181079166,-0.0117317393849931,0.0715819087279986,-0.035751587887267,0.0208473517817765,-0.0303999780784749,-0.0175128165826102,-0.00592579328230407,0.0510871348181676,0.0582370776991243,-0.0243295790431145,-0.00492138039147232,-0.0412970725539088,0.0116221153625267,0.0332683521815135,-0.0184699995775369,-0.00217959991463973,0.0543790674148518,-0.000114504823172331,-0.0364791361485455,-0.248064109164822,-0.364070014864577,1,-0.140648490991421,-0.0971033302604434,-0.121599797957427
"EC4",-0.0099061750434558,0.00517304267198633,-0.0115391533950226,0.0413802882151367,-0.0299338667925536,0.0376391589626778,0.0195923350150876,0.0165112314937438,-0.0542185762546371,-0.00203994417081923,0.00566124600865275,-0.0466952048831876,-0.00729415074950214,-0.0425498461590639,-0.0263574184235922,-0.00181177563322957,0.0016775884272847,-0.0589321659397407,0.0269128724378326,-0.0346408021159336,-0.00611532401917101,0.0751771498109546,0.0593688181286366,-0.0517754634900525,0.0159855129237727,-0.0209384118510596,-0.0277003254224964,-0.0284315635439523,-0.00655940230994882,-0.172813751742856,-0.253629214551232,-0.140648490991421,0.999999999999998,-0.067646992003519,-0.0847124453712636
"EC5",0.0929797276995155,-0.0224171051233253,0.119747660298685,-0.00359748031886478,-0.035282206994439,-0.052023789970807,-0.0322079591805661,-0.0582123800302623,0.0408235378334095,0.0705285049388175,-0.0120440238496698,-0.00645579439584845,0.0237923502694605,-0.0136899085510283,-0.0181970889837338,0.0197478731115805,-0.0341808974800494,-0.0483725630739152,0.036553581887472,-0.023915914238677,0.00613457404354863,-0.00365983666799023,-0.0757369350667544,-0.00494144693128444,-0.0175451978039278,-0.0533537935588157,-0.0416659422598202,-0.054001992644004,-0.063867447206449,-0.119310137568815,-0.175104910196069,-0.0971033302604434,-0.067646992003519,1,-0.0584852386404726
"EC6",0.0311616570524984,-0.0178162941604764,-0.0296161743117227,0.0747997326149293,-0.0292377670916293,0.0643835729749826,-0.00255278962755319,0.0434109367937329,-0.063269668882278,-0.0379694723362801,-0.0499810716099425,-0.0181115466634806,-0.00796170671459183,0.0766863597013847,-0.0227877080827242,-0.044821986154868,0.0185372445161489,0.130873089801759,-0.022694058649582,-0.0187667023391855,0.0437935949402401,-0.0409083272008299,0.0873768639822452,-0.0200313029192853,0.0599728851635437,0.0265238459474026,-0.0197052254442742,0.0112506381474835,-0.0102245202508924,-0.149408764701769,-0.219279005612737,-0.121599797957427,-0.0847124453712636,-0.0584852386404726,1
