"","BCA","KC","KG","KI","LE","OPENK","POP","RGDPCH","RGDPL","RGDPL2","XRAT","BCAperRGDPL","KCxRGDPL","KGxRGDPL","KIxRGDPL","KCxRGDPLxPOP","KGxRGDPLxPOP","KIxRGDPLxPOP","RGDPCHxPOP","RGDPLxPOP","RGDPL2xPOP","sig_1","sig_2","sig_3","sig_4","sig_5","sig_6","sig_7","sig_8","sig_9","sig_10","sig_11","sig_12","sig_13","sig_14","sig_15","sig_16","sig_17","sig_18","sig_19","sig_20","sig_21","sig_22","sig_23","sig_24","sig_25","sig_26","sig_27","sig_28","sig_29"
"BCA",1,-0.213070512015375,-0.00822230770605696,0.0527294789920746,-0.487326888380371,0.123030629291959,-0.490624001454066,-0.0921593548842125,-0.0923306070495057,-0.0951829451424697,0.0647438370060925,0.988970160794052,-0.243679128737742,-0.105366600497136,-0.0408945928185561,-0.641228709187475,-0.578483340097694,-0.588069833847889,-0.609979705288104,-0.609879694157691,-0.609131268061755,0.0167008395123342,0.0243141061636599,-0.0495680323815265,-0.0524257168197855,0.0327880803154205,0.00462616761731889,0.0619160694711783,0.0479467164990935,-0.1036821662826,-0.151591721913925,-0.113943232345361,-0.167877937711126,-0.079950336976724,-0.11371951826511,0.0370608786025794,-0.0101922826867024,-0.09370500632584,-0.036173981440191,-0.0943873786566356,0.0266637386133736,0.0162370732603362,-0.0151969995276673,-0.0512714355120548,-0.00904163445767438,0.0219257435767317,0.0367042670307143,0.0481979220337043,0.0917603378291089,0.0667871357900239
"KC",-0.213070512015375,1,0.0985583681773804,-0.592427282310612,0.218367967189537,-0.680388627890914,0.233789630069434,-0.421788994447781,-0.420614295158986,-0.410755017981668,-0.19186450623778,-0.227289609638948,0.0257691238451227,-0.315744736774511,-0.660220574260508,0.236993724152258,0.235832463814952,0.175043429347553,0.220919302446974,0.221016912665616,0.221810557503152,-0.00594763619247059,0.0465408188853617,-0.0263736578046694,0.0369913298631956,-0.117816841077783,-0.136261224749679,-0.196765296469498,0.00490497214867337,0.149032648552434,0.184426235380417,0.209623290982947,0.106026717264096,0.107943888117851,0.144992756410767,-0.0261875190062871,0.0676314076015058,0.031476820561022,0.0614831821653318,0.0272600651911287,-0.0330272010236181,-0.00855065890621619,0.0250074431041709,-0.139421482756233,-0.0931153660869697,-0.0452462534156954,-0.227295071889331,-0.178924821596017,-0.318395820740009,-0.0879467168846582
"KG",-0.00822230770605696,0.0985583681773804,1,-0.260289979923862,-0.0945774437607501,0.0228499200844176,-0.0897024960589256,-0.332013203723419,-0.331385023110855,-0.328835496304222,-0.140520492247828,-0.0250974338680874,-0.32335703566509,0.379271868218518,-0.395729821359691,-0.0791834370594758,-0.0327995458772363,-0.129464339416492,-0.090473002779536,-0.0902966826921607,-0.0882669506059273,-0.120899533031958,0.0984281892078634,-0.0866895738201186,-0.0858661930772689,0.0122609567387857,-0.108282221555781,-0.134516793475465,0.181457309681699,-0.0597386294453349,-0.0784797618931888,-0.0425963280266754,-0.113230395825995,-0.0896798020310788,-0.0802620006734653,-0.00813581490965966,-0.00368175151825316,-0.105083918465134,-0.136468963338805,-0.117936223696132,0.056801440605371,-0.00950642201751606,-0.111212998361696,-0.115693953960278,-0.132342601143988,0.0166441460366814,-0.16962882800111,-0.0385180241432959,-0.151161508239887,0.0767313343195414
"KI",0.0527294789920746,-0.592427282310612,-0.260289979923862,1,-0.0616520533125671,0.279624133296082,-0.0744296654947533,-0.0213233688773432,-0.0231037772569699,-0.0362653850558403,0.437732090064596,0.0624962931656342,-0.265367759518101,-0.216360513721484,0.435133289368895,-0.109137983598373,-0.131896503791671,0.000284396099399947,-0.0894750597388985,-0.0897024276166251,-0.0919408296530915,0.0971712614624963,-0.0641238989467918,0.0922306423794415,-0.00114746344358422,0.106285970201439,0.195917295527309,0.154222606618949,-0.0305570593479634,-0.0739867082119729,-0.105986643159747,-0.146191056030473,-0.0153394072846842,-0.0249919376951065,-0.0721700985388931,0.0319643119960701,-0.0388257902088627,0.036528101781972,-0.0151921204101455,0.0491293710834543,0.0225193944645709,0.0345956247564154,-0.0347818780917558,0.2039640530991,0.0991481272252408,0.0496178950889632,0.147443943718891,0.119431589911798,0.0827592941200573,0.013377734887429
"LE",-0.487326888380371,0.218367967189537,-0.0945774437607501,-0.0616520533125671,1,-0.338222433618261,0.996739782167869,0.159330129611042,0.159603620590152,0.163756291993752,0.0860986102475888,-0.43785181085567,0.343636308142711,0.13366384928185,0.0824255705301954,0.96790749382086,0.974431558337729,0.969058877839125,0.977548779464344,0.977590749051896,0.977793429835649,-0.120990031238613,-0.274815977800915,0.413764191827447,0.442389976208848,0.0100886165839499,0.0668940400567378,-0.231597717865384,-0.400304068344945,0.640137555393399,0.715248652781078,0.625190568929027,0.740745117978784,0.435282218896934,0.62280016053064,0.252845114367376,0.427378542671543,0.580305507686464,0.385779023209113,0.520255315154691,0.145499710934589,0.175436341301731,0.300151627528938,0.249606191107615,0.335804862576717,0.0595834426427182,0.0532963288185178,0.015109276844511,-0.228654814443596,-0.381792099448618
"OPENK",0.123030629291959,-0.680388627890914,0.0228499200844176,0.279624133296082,-0.338222433618261,1,-0.352844779852745,0.382698088442116,0.381866724031382,0.372129835592114,-0.09553168194532,0.112974942616059,0.0200456951125952,0.364418197112891,0.502729566001142,-0.284885959024206,-0.288657500943981,-0.293173281612746,-0.289668080149457,-0.289689024938427,-0.289539520945931,0.0780447481084911,0.167211629777483,-0.156426017851977,-0.204723578506082,-0.00570771255251654,-7.5528518454982e-05,0.0972157816209235,0.0738461324554985,-0.282189635182054,-0.296412422761998,-0.313143233398767,-0.231908251857081,-0.203341792209167,-0.25724992118479,-0.142084434327515,-0.209753774043029,-0.192504915833103,-0.146083917559155,-0.154144313077308,-0.0683278884704744,-0.100173989612348,-0.143882793485542,-0.00877469192331519,-0.0717624771861912,-0.0228097583637324,0.0550357994588712,0.0361382481245233,0.0918191445309623,0.0269964172028138
"POP",-0.490624001454066,0.233789630069434,-0.0897024960589256,-0.0744296654947533,0.996739782167869,-0.352844779852745,1,0.141801655703237,0.142115136007247,0.146668058081186,0.0865592150891851,-0.445209600381157,0.330516945359723,0.121548280727856,0.0598818290267259,0.965428535724677,0.975203552295388,0.95944736051326,0.973761355419054,0.973827257663024,0.974333920492122,-0.125006619327942,-0.285291381168543,0.425629764524315,0.469525407331153,0.0141570065940947,0.0720625548498916,-0.239525872583096,-0.415122128934608,0.657666307913563,0.734474002782466,0.656981579175676,0.752903118885727,0.443141341434937,0.64939540724606,0.264802810362127,0.450908658386738,0.604998099565838,0.392337878405067,0.527015163374391,0.160337137656262,0.1839783665691,0.320775203104697,0.256046116893136,0.343417472501242,0.0638852162102926,0.0528653212123071,0.0157174335662464,-0.240704264622625,-0.398083307858232
"RGDPCH",-0.0921593548842125,-0.421788994447781,-0.332013203723419,-0.0213233688773432,0.159330129611042,0.382698088442116,0.141801655703237,0.999999999999999,0.999993891722054,0.99965809329672,-0.198094385453338,-0.0786433589826577,0.874726653967745,0.688242451907687,0.876263501533433,0.214395746588244,0.199591398795565,0.213371505241292,0.217713908678175,0.21763422366333,0.216931212182526,-0.126854659632424,-0.114625326860353,0.0935254893058928,0.00371514310824377,-0.0146962055048947,0.052245196586443,0.0202368868117227,-0.093187077293455,0.0672913566480169,0.0860872788764963,0.0181360379120609,0.135748413904189,0.127338460107003,0.0895200842850568,0.00829751376498168,-0.0142888658278254,0.102729119328013,0.211307252467019,0.171383564838958,-0.0786686208432677,0.0184182102257604,0.078975872837407,0.211896227461841,0.205274437305138,-0.00582052476678291,0.271490734115183,0.0864592764443392,0.28785065930002,0.0167518311186218
"RGDPL",-0.0923306070495057,-0.420614295158986,-0.331385023110855,-0.0231037772569699,0.159603620590152,0.381866724031382,0.142115136007247,0.999993891722054,1,0.999719230520121,-0.198302824534969,-0.07883887228028,0.875167061984205,0.688532834586258,0.875417526549035,0.214707604337206,0.200001335839823,0.213486541542667,0.217994007669346,0.217915637254584,0.217221973924752,-0.126847396482069,-0.114359690232306,0.0934088061341024,0.0036574397184806,-0.0147357103716192,0.0519737942600754,0.0200987927957895,-0.0927193225918983,0.0673331756133223,0.0861071689634759,0.0182846939845517,0.135622214208664,0.127464877293033,0.0895125291969807,0.00819256857586101,-0.0143109531600026,0.102555938784781,0.211367013831396,0.171294569709645,-0.0787214885580773,0.0185243929363963,0.0789239192766449,0.211550575580899,0.205080493305933,-0.00573194658295253,0.271151500282202,0.0862602136501559,0.287652471109608,0.0170017038219947
"RGDPL2",-0.0951829451424697,-0.410755017981668,-0.328835496304222,-0.0362653850558403,0.163756291993752,0.372129835592114,0.146668058081186,0.99965809329672,0.999719230520121,1,-0.198834853238192,-0.0819525387262369,0.879561540044124,0.688889536290864,0.867864756668035,0.219195143784303,0.205577321946981,0.215887116752712,0.222144707664893,0.222075982933276,0.221493482792058,-0.12668446591073,-0.113925653273476,0.0914234529891493,0.00291449567283276,-0.016421647068166,0.0495009311974487,0.0202986030239944,-0.0902952325779438,0.0677638379678258,0.0866038817046915,0.0199726924963496,0.134391770833622,0.127407787640863,0.0893688421508782,0.00726750041821205,-0.0147282295388028,0.10069973198503,0.210807795046621,0.169183038747722,-0.0797345164359071,0.0178681016706564,0.0782058047609212,0.207568219169527,0.202475691065284,-0.006809167204418,0.268483939079895,0.0838387780782364,0.287970856746741,0.0195716517678713
"XRAT",0.0647438370060925,-0.19186450623778,-0.140520492247828,0.437732090064596,0.0860986102475888,-0.09553168194532,0.0865592150891851,-0.198094385453338,-0.198302824534969,-0.198834853238192,0.999999999999999,0.093849894455127,-0.281761713821624,-0.293442774618061,-0.0159450925508166,-0.00614584780007893,-0.00817778497287867,0.0724897710685072,0.0124050208361945,0.012348863552879,0.0117460470078137,-0.0189617340922849,-0.108762587867795,0.233715382726022,0.155256374944477,0.126773770011001,0.161562538154514,0.00712216459317306,-0.155694712254842,0.178332094580948,0.100285973574103,0.0303177616053225,0.194390637672882,0.134475697466363,0.11342305315497,0.205213076649018,0.174909264070447,0.219100575805959,0.148492884967323,0.231862813308417,0.144765878105829,0.137690824669284,0.11613658814996,0.207962332722918,0.251937684227973,0.100381576212982,0.156183977370259,0.167186465661556,0.0161094360984934,-0.142808303208666
"BCAperRGDPL",0.988970160794052,-0.227289609638948,-0.0250974338680874,0.0624962931656342,-0.43785181085567,0.112974942616059,-0.445209600381157,-0.0786433589826577,-0.07883887228028,-0.0819525387262369,0.093849894455127,1,-0.22805329239864,-0.105524729447687,-0.0255946364764756,-0.592821537384872,-0.538639829925173,-0.527637374145545,-0.558669008993395,-0.558612834201406,-0.55847131890285,0.0128104877734912,0.00904593509520076,-0.0190026563350773,-0.0341343065447989,0.0364467427884497,0.0069253572350814,0.0544268352602555,0.0223316555436696,-0.0636127641334745,-0.110311576321992,-0.0934817039909401,-0.118628276053955,-0.0445227042129594,-0.0858008406111331,0.053351370475266,0.012573210080432,-0.0646117432152628,-0.00590434344559398,-0.0504959034229417,0.0323003583577861,0.0304706985822203,0.000113530163835372,-0.0361085620928287,0.0185765303555097,0.0280314494768676,0.044417891381377,0.0552421652345698,0.0876924473946162,0.0448339659878902
"KCxRGDPL",-0.243679128737742,0.0257691238451227,-0.32335703566509,-0.265367759518101,0.343636308142711,0.0200456951125952,0.330516945359723,0.874726653967745,0.875167061984205,0.879561540044124,-0.281761713821624,-0.22805329239864,1,0.6033605330791,0.633117769562958,0.415302773473375,0.394434021944409,0.388327055156757,0.412351807697148,0.41229058636814,0.411682713228058,-0.144890123213272,-0.189604446952937,0.16410282320645,0.0820465051503453,-0.0368034580642951,0.0550556850379978,-0.0350508797472169,-0.181653106510458,0.202167550644309,0.235858160513228,0.160340182173681,0.263882945639049,0.250956140543087,0.228835369827987,0.0349343807341553,0.0601667393415185,0.200498410295255,0.341744188456608,0.272335835494386,-0.0857722995974388,0.0536064900450076,0.161977460718365,0.242306761857186,0.268909066999318,-0.00633636937209209,0.27700651890789,0.0605574590344223,0.226180008050433,-0.0487791797750563
"KGxRGDPL",-0.105366600497136,-0.315744736774511,0.379271868218518,-0.216360513721484,0.13366384928185,0.364418197112891,0.121548280727856,0.688242451907687,0.688532834586258,0.688889536290864,-0.293442774618061,-0.105524729447687,0.6033605330791,1,0.517607425104092,0.194420240761847,0.222019190635423,0.153736133979091,0.190626918563075,0.190702428373781,0.191718560196965,-0.196174261056778,-0.16147812120148,0.110584613218782,0.0206976285120722,0.0283278234577338,0.0579492597372518,-0.0459094815012676,-0.063731855945568,0.086725266055537,0.0869999021463199,0.0492587655537485,0.125319174998987,0.122547804808532,0.112420276043195,0.048773708490497,0.0438794752209109,0.122004094855297,0.183963689889877,0.168444006102693,0.00196932592021631,0.0588396824676898,0.0711938539152503,0.234564384884103,0.200551294260135,0.0421819607409476,0.230913899561283,0.107657702398259,0.211905309786864,0.0532782426387898
"KIxRGDPL",-0.0408945928185561,-0.660220574260508,-0.395729821359691,0.435133289368895,0.0824255705301954,0.502729566001142,0.0598818290267259,0.876263501533433,0.875417526549035,0.867864756668035,-0.0159450925508166,-0.0255946364764756,0.633117769562958,0.517607425104092,1,0.108538005748299,0.0852078550648476,0.164580914752278,0.121717198977287,0.121528908395164,0.119697626705453,-0.0593271047006815,-0.107164913775794,0.0913898832538385,-0.0199735269630204,0.0169493104933498,0.116714590525239,0.0883260899685865,-0.073662732098033,-0.0034802546669865,0.00183407965664254,-0.0683675856937093,0.0825245923175418,0.0737605502687381,0.0196402244519333,0.00387259974340309,-0.0524584187923755,0.0769379447389623,0.14558261262462,0.142783234236312,-0.0727996396431635,0.0142230931312828,0.0333761624030586,0.25968002996874,0.194557245292295,0.00663439703061097,0.287983406065881,0.108687828538671,0.284015446017389,0.0350020581560365
"KCxRGDPLxPOP",-0.641228709187475,0.236993724152258,-0.0791834370594758,-0.109137983598373,0.96790749382086,-0.284885959024206,0.965428535724677,0.214395746588244,0.214707604337206,0.219195143784303,-0.00614584780007893,-0.592821537384872,0.415302773473375,0.194420240761847,0.108538005748299,1,0.98628423104352,0.97407606848783,0.998239266806477,0.998257210818786,0.998449719273471,-0.10684749832118,-0.235148461517107,0.349963672204843,0.362691306721152,-0.0116509408408199,0.0450584547218299,-0.208712235606766,-0.345939121739311,0.547749586222592,0.6326932817364,0.532366457485785,0.667487457666818,0.39332055957255,0.541323452706011,0.180097371224556,0.335386765978297,0.49909277214888,0.343726140551015,0.470062299471992,0.0908258535278402,0.134635208634008,0.246690412257291,0.22463906626932,0.284820248443693,0.0383051700847102,0.0414828634622775,-0.00606294281114651,-0.201631350271931,-0.328953321460243
"KGxRGDPLxPOP",-0.578483340097694,0.235832463814952,-0.0327995458772363,-0.131896503791671,0.974431558337729,-0.288657500943981,0.975203552295388,0.199591398795565,0.200001335839823,0.205577321946981,-0.00817778497287867,-0.538639829925173,0.394434021944409,0.222019190635423,0.0852078550648476,0.98628423104352,1,0.948257315691932,0.985350932515429,0.985490669339553,0.987037180091858,-0.110259981048076,-0.242536082676838,0.355826644371108,0.384108960834989,-0.0043754370363466,0.0471981228215094,-0.213510423658711,-0.354866528110635,0.563348746023834,0.640769242592065,0.565030615155231,0.664225301806899,0.389572989427663,0.559946955247981,0.202300510951807,0.36256641024658,0.51287027657717,0.344702665147749,0.461093573180804,0.112115762812901,0.144720353504889,0.25952310237938,0.219891291331456,0.289353177740217,0.0450618509269543,0.0389508346685553,-0.000744505734986291,-0.208605042633924,-0.337584793429675
"KIxRGDPLxPOP",-0.588069833847889,0.175043429347553,-0.129464339416492,0.000284396099399947,0.969058877839125,-0.293173281612746,0.95944736051326,0.213371505241292,0.213486541542667,0.215887116752712,0.0724897710685072,-0.527637374145545,0.388327055156757,0.153736133979091,0.164580914752278,0.97407606848783,0.948257315691932,1,0.983551976218545,0.983425203585852,0.981856699648636,-0.11231007454549,-0.254371289083327,0.380393463902985,0.381004513402689,-0.00512822348275212,0.0646367464969726,-0.210842178708247,-0.369285655673922,0.571808595361078,0.650619789704946,0.534780411767177,0.699170566852453,0.418777337885349,0.560776601021052,0.201062898732545,0.350769639648579,0.529766731601901,0.374380179424094,0.50824652196516,0.0933156380286127,0.149731587959144,0.264296046901221,0.259259411591464,0.320049847726072,0.045957434097843,0.0680654353847367,0.00695656189920903,-0.196389738570998,-0.345746454844389
"RGDPCHxPOP",-0.609979705288104,0.220919302446974,-0.090473002779536,-0.0894750597388985,0.977548779464344,-0.289668080149457,0.973761355419054,0.217713908678175,0.217994007669346,0.222144707664893,0.0124050208361945,-0.558669008993395,0.412351807697148,0.190626918563075,0.121717198977287,0.998239266806477,0.985350932515429,0.983551976218545,1,0.999999477183387,0.999934830820012,-0.111141560290041,-0.247194490583672,0.366236403662137,0.37770036608874,-0.0083020776714494,0.0520535251295682,-0.212600167945453,-0.361460907110097,0.566688739823784,0.650880234500657,0.547309975208185,0.688193455641866,0.407474659148529,0.559365526114287,0.193198371661182,0.35066640323082,0.519006950559029,0.35961152544218,0.488968326226512,0.0970179308396453,0.143661663770696,0.259033135943994,0.237990886126521,0.302286463633639,0.0427642214407812,0.0516847576518357,-0.000141855803948255,-0.20174121165267,-0.340949037545835
"RGDPLxPOP",-0.609879694157691,0.221016912665616,-0.0902966826921607,-0.0897024276166251,0.977590749051896,-0.289689024938427,0.973827257663024,0.21763422366333,0.217915637254584,0.222075982933276,0.012348863552879,-0.558612834201406,0.41229058636814,0.190702428373781,0.121528908395164,0.998257210818786,0.985490669339553,0.983425203585852,0.999999477183387,1,0.999944596471281,-0.111126751297175,-0.247161003074186,0.366167820150637,0.377705514382809,-0.00829064052890157,0.0520301725030093,-0.212583645594216,-0.361411014791067,0.566619585877958,0.650799218776376,0.547349800570195,0.688066014717858,0.407371786367983,0.559324500646119,0.193178693177755,0.350653276576108,0.518949358216094,0.359505157739294,0.488831923171885,0.0970555846327434,0.143637460394683,0.25901744531841,0.237904439885528,0.302205303893607,0.0427622986386998,0.0516277908609127,-0.00015153668341412,-0.201747288958766,-0.340912599424622
"RGDPL2xPOP",-0.609131268061755,0.221810557503152,-0.0882669506059273,-0.0919408296530915,0.977793429835649,-0.289539520945931,0.974333920492122,0.216931212182526,0.217221973924752,0.221493482792058,0.0117460470078137,-0.55847131890285,0.411682713228058,0.191718560196965,0.119697626705453,0.998449719273471,0.987037180091858,0.981856699648636,0.999934830820012,0.999944596471281,1,-0.110807318515648,-0.246479907640325,0.364976035397318,0.377147984268249,-0.00819348377661602,0.0516226661257272,-0.212129034705169,-0.360457904078877,0.565303973402898,0.649342400704607,0.54717103763378,0.686056801263679,0.405773044984068,0.558180907865755,0.192857404659268,0.35018724139681,0.517622665540704,0.357835202997106,0.486811773641302,0.0973718361162434,0.143218432382553,0.258295597636084,0.236591037506255,0.300891664710827,0.0426829783433876,0.0508735036828279,-0.000246844069179845,-0.201529266045254,-0.340087652868746
"sig_1",0.0167008395123342,-0.00594763619247059,-0.120899533031958,0.0971712614624963,-0.120990031238613,0.0780447481084911,-0.125006619327942,-0.126854659632424,-0.126847396482069,-0.12668446591073,-0.0189617340922849,0.0128104877734912,-0.144890123213272,-0.196174261056778,-0.0593271047006815,-0.10684749832118,-0.110259981048076,-0.11231007454549,-0.111141560290041,-0.111126751297175,-0.110807318515648,0.999999999999999,0.181452657222166,-0.115801355750885,-0.0246398696748898,-0.016067487771775,0.336581566990521,0.736056071672774,-0.0681093311537689,-0.160492298747349,-0.1634186170419,-0.158740954578809,-0.165194266553593,-0.111043480213,-0.17396645485024,-0.0865265370980388,-0.131602419506928,-0.168340279919617,-0.136470058163207,-0.134744580672414,-0.0532072142012726,-0.0591649950553035,-0.104896372186762,-0.0964306309032045,-0.135710880423452,-0.0232611833778538,-0.0122284550383513,-0.0419932928891498,0.0205851505804949,-0.138001705738346
"sig_2",0.0243141061636599,0.0465408188853617,0.0984281892078634,-0.0641238989467918,-0.274815977800915,0.167211629777483,-0.285291381168543,-0.114625326860353,-0.114359690232306,-0.113925653273476,-0.108762587867795,0.00904593509520076,-0.189604446952937,-0.16147812120148,-0.107164913775794,-0.235148461517107,-0.242536082676838,-0.254371289083327,-0.247194490583672,-0.247161003074186,-0.246479907640325,0.181452657222166,0.999999999999998,-0.50375323680628,-0.512619145311073,-0.262685872836236,-0.424848759913445,-0.0928511043073538,0.614633064439497,-0.419388014775872,-0.395105275989314,-0.398467010978464,-0.427452761960667,-0.369073071563751,-0.480611577331685,-0.32022878163185,-0.407289459867689,-0.548207962846658,-0.470542528496914,-0.458857036445144,-0.250220587183102,-0.299169057606295,-0.526671829147209,-0.502249603167554,-0.577647233089801,-0.212278608440444,-0.584327456874026,-0.343032096102123,-0.387254839778702,0.127185638930605
"sig_3",-0.0495680323815265,-0.0263736578046694,-0.0866895738201186,0.0922306423794415,0.413764191827447,-0.156426017851977,0.425629764524315,0.0935254893058928,0.0934088061341024,0.0914234529891493,0.233715382726022,-0.0190026563350773,0.16410282320645,0.110584613218782,0.0913898832538385,0.349963672204843,0.355826644371108,0.380393463902985,0.366236403662137,0.366167820150637,0.364976035397318,-0.115801355750885,-0.50375323680628,1,0.596444083060376,0.593676587105266,0.533360627418245,-0.0103029086706016,-0.659914420975938,0.683167555000567,0.614805582520721,0.530737593670845,0.652291675956765,0.889812407660909,0.629388491375827,0.553673577480777,0.680073498562673,0.69960059785581,0.820757563145904,0.927037974982754,0.444075296458909,0.774912459310735,0.531877252666178,0.629794025650951,0.886524898975828,0.57944846566638,0.555961966291401,0.532770584297276,0.0625508695978146,-0.551583788655504
"sig_4",-0.0524257168197855,0.0369913298631956,-0.0858661930772689,-0.00114746344358422,0.442389976208848,-0.204723578506082,0.469525407331153,0.00371514310824377,0.0036574397184806,0.00291449567283276,0.155256374944477,-0.0341343065447989,0.0820465051503453,0.0206976285120722,-0.0199735269630204,0.362691306721152,0.384108960834989,0.381004513402689,0.37770036608874,0.377705514382809,0.377147984268249,-0.0246398696748898,-0.512619145311073,0.596444083060376,1,0.220993022468976,0.359704224463072,-0.0134875640946164,-0.73373070111526,0.681249439186716,0.682968772290171,0.793206697881873,0.682294396254317,0.409116741016119,0.851867710880073,0.467899006987982,0.676885286937295,0.891627364512008,0.543142702753556,0.51771017199316,0.415908816535021,0.318125834903257,0.900150005011376,0.394724570745846,0.648564794950907,0.17769883181029,0.449562087762191,0.269891536663694,-0.0219554567548393,-0.665816353487792
"sig_5",0.0327880803154205,-0.117816841077783,0.0122609567387857,0.106285970201439,0.0100886165839499,-0.00570771255251654,0.0141570065940947,-0.0146962055048947,-0.0147357103716192,-0.016421647068166,0.126773770011001,0.0364467427884497,-0.0368034580642951,0.0283278234577338,0.0169493104933498,-0.0116509408408199,-0.0043754370363466,-0.00512822348275212,-0.0083020776714494,-0.00829064052890157,-0.00819348377661602,-0.016067487771775,-0.262685872836236,0.593676587105266,0.220993022468976,1.00000000000002,0.387924941999301,0.198649745503715,-0.297561947623633,0.203895784405305,0.0857296491363836,0.0526174945988293,0.108462122919582,0.390406179751499,0.111321370954337,0.40190620788487,0.422263037731314,0.217483264494826,0.326931091262034,0.423457230200069,0.598596554798002,0.81700104495016,0.230533576397502,0.285746017908665,0.559923707491592,0.929237061650434,0.42001621115119,0.903296504791871,0.272967436078392,-0.206271329603793
"sig_6",0.00462616761731889,-0.136261224749679,-0.108282221555781,0.195917295527309,0.0668940400567378,-7.5528518454982e-05,0.0720625548498916,0.052245196586443,0.0519737942600754,0.0495009311974487,0.161562538154514,0.0069253572350814,0.0550556850379978,0.0579492597372518,0.116714590525239,0.0450584547218299,0.0471981228215094,0.0646367464969726,0.0520535251295682,0.0520301725030093,0.0516226661257272,0.336581566990521,-0.424848759913445,0.533360627418245,0.359704224463072,0.387924941999301,0.999999999999997,0.427829964072714,-0.517070762104121,0.173441265158675,0.109701730026602,0.108623464165469,0.179284618284498,0.353519897738565,0.223976076025995,0.254463226147985,0.231619897724139,0.36721393098769,0.422043966725866,0.411106039846075,0.215994358038329,0.356294603206207,0.384158057686128,0.704498925125183,0.563664507244503,0.302347316755215,0.754553948524424,0.415862066770399,0.326793474367555,-0.335227859516282
"sig_7",0.0619160694711783,-0.196765296469498,-0.134516793475465,0.154222606618949,-0.231597717865384,0.0972157816209235,-0.239525872583096,0.0202368868117227,0.0200987927957895,0.0202986030239944,0.00712216459317306,0.0544268352602555,-0.0350508797472169,-0.0459094815012676,0.0883260899685865,-0.208712235606766,-0.213510423658711,-0.210842178708247,-0.212600167945453,-0.212583645594216,-0.212129034705169,0.736056071672774,-0.0928511043073538,-0.0103029086706016,-0.0134875640946164,0.198649745503715,0.427829964072714,1,-0.153179742639199,-0.26900946595101,-0.314363786122193,-0.303738553094609,-0.280708323402121,-0.139934265928133,-0.26627515121209,-0.0447463526241215,-0.162714184707385,-0.165463421767618,-0.0787582065265704,-0.121647237392196,0.00806926395720103,0.0249462920555707,0.0490700914137785,0.0599948078125359,0.0718129863516013,0.101405426605757,0.397053050590326,0.245038778817762,0.627515896074479,0.00364859283985178
"sig_8",0.0479467164990935,0.00490497214867337,0.181457309681699,-0.0305570593479634,-0.400304068344945,0.0738461324554985,-0.415122128934608,-0.093187077293455,-0.0927193225918983,-0.0902952325779438,-0.155694712254842,0.0223316555436696,-0.181653106510458,-0.063731855945568,-0.073662732098033,-0.345939121739311,-0.354866528110635,-0.369285655673922,-0.361460907110097,-0.361411014791067,-0.360457904078877,-0.0681093311537689,0.614633064439497,-0.659914420975938,-0.73373070111526,-0.297561947623633,-0.517070762104121,-0.153179742639199,1,-0.626846196590213,-0.60326589614373,-0.611775612002739,-0.63656535554694,-0.512981922194612,-0.713636222926525,-0.44756137814701,-0.595322990910067,-0.777463888035432,-0.637730978420201,-0.621808413562995,-0.35248568671898,-0.398947473382762,-0.713577055461569,-0.528635110679461,-0.734024403857716,-0.26192711199687,-0.6003892887182,-0.3710350439102,-0.163410539880113,0.768609113279034
"sig_9",-0.1036821662826,0.149032648552434,-0.0597386294453349,-0.0739867082119729,0.640137555393399,-0.282189635182054,0.657666307913563,0.0672913566480169,0.0673331756133223,0.0677638379678258,0.178332094580948,-0.0636127641334745,0.202167550644309,0.086725266055537,-0.0034802546669865,0.547749586222592,0.563348746023834,0.571808595361078,0.566688739823784,0.566619585877958,0.565303973402898,-0.160492298747349,-0.419388014775872,0.683167555000567,0.681249439186716,0.203895784405305,0.173441265158675,-0.26900946595101,-0.626846196590213,0.999999999999993,0.940183178781952,0.846501434558731,0.888981528064948,0.658042859441158,0.885653165780887,0.655262004634257,0.886948488988184,0.835489308639281,0.680589822231825,0.720316929869523,0.477086643965261,0.464178360553367,0.5572318352541,0.335398516259247,0.639390909366912,0.242254370749546,0.19913746153439,0.208998507715644,-0.253731186731954,-0.59965015212898
"sig_10",-0.151591721913925,0.184426235380417,-0.0784797618931888,-0.105986643159747,0.715248652781078,-0.296412422761998,0.734474002782466,0.0860872788764963,0.0861071689634759,0.0866038817046915,0.100285973574103,-0.110311576321992,0.235858160513228,0.0869999021463199,0.00183407965664254,0.6326932817364,0.640769242592065,0.650619789704946,0.650880234500657,0.650799218776376,0.649342400704607,-0.1634186170419,-0.395105275989314,0.614805582520721,0.682968772290171,0.0857296491363836,0.109701730026602,-0.314363786122193,-0.60326589614373,0.940183178781952,1.00000000000001,0.90560371001417,0.959932369265923,0.611202795671712,0.911939912664576,0.487224271601539,0.78667330611417,0.840506130145806,0.583417079789976,0.707518231736473,0.368236375535888,0.341208610996441,0.52361574625167,0.311524532659097,0.535015517982879,0.148896065416618,0.104810819543626,0.0837462922797732,-0.320238539479489,-0.589261825757013
"sig_11",-0.113943232345361,0.209623290982947,-0.0425963280266754,-0.146191056030473,0.625190568929027,-0.313143233398767,0.656981579175676,0.0181360379120609,0.0182846939845517,0.0199726924963496,0.0303177616053225,-0.0934817039909401,0.160340182173681,0.0492587655537485,-0.0683675856937093,0.532366457485785,0.565030615155231,0.534780411767177,0.547309975208185,0.547349800570195,0.54717103763378,-0.158740954578809,-0.398467010978464,0.530737593670845,0.793206697881873,0.0526174945988293,0.108623464165469,-0.303738553094609,-0.611775612002739,0.846501434558731,0.90560371001417,1.00000000000001,0.836318633260407,0.49496136745571,0.949138068673929,0.432812360967036,0.729034357455329,0.85718863773735,0.509565948346182,0.551131918145271,0.339330931657092,0.276484578581351,0.64138550329902,0.249363625496058,0.461915420316506,0.102131295956801,0.0958060202682809,0.0395176641890804,-0.327212652677105,-0.604270607593908
"sig_12",-0.167877937711126,0.106026717264096,-0.113230395825995,-0.0153394072846842,0.740745117978784,-0.231908251857081,0.752903118885727,0.135748413904189,0.135622214208664,0.134391770833622,0.194390637672882,-0.118628276053955,0.263882945639049,0.125319174998987,0.0825245923175418,0.667487457666818,0.664225301806899,0.699170566852453,0.688193455641866,0.688066014717858,0.686056801263679,-0.165194266553593,-0.427452761960667,0.652291675956765,0.682294396254317,0.108462122919582,0.179284618284498,-0.280708323402121,-0.63656535554694,0.888981528064948,0.959932369265923,0.836318633260407,1,0.618278182019805,0.892356264045222,0.450039862873685,0.71550027456012,0.873273296981472,0.606156819642978,0.776166451127526,0.320201676329904,0.341256698011263,0.535874997625907,0.416401327247378,0.605025152424762,0.166891481860664,0.205098621100181,0.131884552846461,-0.259051819927416,-0.603812426014512
"sig_13",-0.079950336976724,0.107943888117851,-0.0896798020310788,-0.0249919376951065,0.435282218896934,-0.203341792209167,0.443141341434937,0.127338460107003,0.127464877293033,0.127407787640863,0.134475697466363,-0.0445227042129594,0.250956140543087,0.122547804808532,0.0737605502687381,0.39332055957255,0.389572989427663,0.418777337885349,0.407474659148529,0.407371786367983,0.405773044984068,-0.111043480213,-0.369073071563751,0.889812407660909,0.409116741016119,0.390406179751499,0.353519897738565,-0.139934265928133,-0.512981922194612,0.658042859441158,0.611202795671712,0.49496136745571,0.618278182019805,1,0.57230841322267,0.405562061410208,0.548516568777626,0.559302306620064,0.86210121059491,0.90373473872297,0.244901338655392,0.695100705479847,0.338401812731364,0.533292819811537,0.707208224524432,0.456300868635588,0.322603554897385,0.276845330098783,-0.124736147285597,-0.458340372892082
"sig_14",-0.11371951826511,0.144992756410767,-0.0802620006734653,-0.0721700985388931,0.62280016053064,-0.25724992118479,0.64939540724606,0.0895200842850568,0.0895125291969807,0.0893688421508782,0.11342305315497,-0.0858008406111331,0.228835369827987,0.112420276043195,0.0196402244519333,0.541323452706011,0.559946955247981,0.560776601021052,0.559365526114287,0.559324500646119,0.558180907865755,-0.17396645485024,-0.480611577331685,0.629388491375827,0.851867710880073,0.111321370954337,0.223976076025995,-0.26627515121209,-0.713636222926525,0.885653165780887,0.911939912664576,0.949138068673929,0.892356264045222,0.57230841322267,0.999999999999997,0.493959154799335,0.766684789451241,0.958172901831407,0.665662993122776,0.66172274635805,0.36988068276768,0.336237390694812,0.75503689905401,0.396187023563504,0.639126754242971,0.145492542698203,0.280376871126215,0.141356952865771,-0.243383115924249,-0.678715229914909
"sig_15",0.0370608786025794,-0.0261875190062871,-0.00813581490965966,0.0319643119960701,0.252845114367376,-0.142084434327515,0.264802810362127,0.00829751376498168,0.00819256857586101,0.00726750041821205,0.205213076649018,0.053351370475266,0.0349343807341553,0.048773708490497,0.00387259974340309,0.180097371224556,0.202300510951807,0.201062898732545,0.193198371661182,0.193178693177755,0.192857404659268,-0.0865265370980388,-0.32022878163185,0.553673577480777,0.467899006987982,0.40190620788487,0.254463226147985,-0.0447463526241215,-0.44756137814701,0.655262004634257,0.487224271601539,0.432812360967036,0.450039862873685,0.405562061410208,0.493959154799335,1.00000000000001,0.704326568417408,0.531165001577962,0.482324531402527,0.443019789422694,0.517620446316377,0.526398065977468,0.419277981894929,0.249477819641302,0.591756911061379,0.314986672220448,0.306899129722491,0.44663356794007,0.00631396595532041,-0.399692646904569
"sig_16",-0.0101922826867024,0.0676314076015058,-0.00368175151825316,-0.0388257902088627,0.427378542671543,-0.209753774043029,0.450908658386738,-0.0142888658278254,-0.0143109531600026,-0.0147282295388028,0.174909264070447,0.012573210080432,0.0601667393415185,0.0438794752209109,-0.0524584187923755,0.335386765978297,0.36256641024658,0.350769639648579,0.35066640323082,0.350653276576108,0.35018724139681,-0.131602419506928,-0.407289459867689,0.680073498562673,0.676885286937295,0.422263037731314,0.231619897724139,-0.162714184707385,-0.595322990910067,0.886948488988184,0.78667330611417,0.729034357455329,0.71550027456012,0.548516568777626,0.766684789451241,0.704326568417408,0.999999999999998,0.761118346169697,0.579156188690778,0.621151025612472,0.756305723080715,0.563645823356899,0.598043242157275,0.288528549348313,0.661824137835796,0.40403112203622,0.261433749637621,0.439803354821402,-0.140803328022605,-0.561600280951307
"sig_17",-0.09370500632584,0.031476820561022,-0.105083918465134,0.036528101781972,0.580305507686464,-0.192504915833103,0.604998099565838,0.102729119328013,0.102555938784781,0.10069973198503,0.219100575805959,-0.0646117432152628,0.200498410295255,0.122004094855297,0.0769379447389623,0.49909277214888,0.51287027657717,0.529766731601901,0.519006950559029,0.518949358216094,0.517622665540704,-0.168340279919617,-0.548207962846658,0.69960059785581,0.891627364512008,0.217483264494826,0.36721393098769,-0.165463421767618,-0.777463888035432,0.835489308639281,0.840506130145806,0.85718863773735,0.873273296981472,0.559302306620064,0.958172901831407,0.531165001577962,0.761118346169697,0.999999999999995,0.685124277126953,0.702810174509109,0.425483379643234,0.382347370081563,0.821110980380457,0.528230593913525,0.758538236177356,0.209340222560392,0.462133043107776,0.28515978788309,-0.0972617928086849,-0.704746126351506
"sig_18",-0.036173981440191,0.0614831821653318,-0.136468963338805,-0.0151921204101455,0.385779023209113,-0.146083917559155,0.392337878405067,0.211307252467019,0.211367013831396,0.210807795046621,0.148492884967323,-0.00590434344559398,0.341744188456608,0.183963689889877,0.14558261262462,0.343726140551015,0.344702665147749,0.374380179424094,0.35961152544218,0.359505157739294,0.357835202997106,-0.136470058163207,-0.470542528496914,0.820757563145904,0.543142702753556,0.326931091262034,0.422043966725866,-0.0787582065265704,-0.637730978420201,0.680589822231825,0.583417079789976,0.509565948346182,0.606156819642978,0.86210121059491,0.665662993122776,0.482324531402527,0.579156188690778,0.685124277126953,1.00000000000001,0.798981889613811,0.278129899340141,0.571281872965575,0.569687197544005,0.553985850915444,0.847204792213037,0.341654050430283,0.555368584696414,0.339423400018227,0.0294141630815416,-0.542431788734339
"sig_19",-0.0943873786566356,0.0272600651911287,-0.117936223696132,0.0491293710834543,0.520255315154691,-0.154144313077308,0.527015163374391,0.171383564838958,0.171294569709645,0.169183038747722,0.231862813308417,-0.0504959034229417,0.272335835494386,0.168444006102693,0.142783234236312,0.470062299471992,0.461093573180804,0.50824652196516,0.488968326226512,0.488831923171885,0.486811773641302,-0.134744580672414,-0.458857036445144,0.927037974982754,0.51771017199316,0.423457230200069,0.411106039846075,-0.121647237392196,-0.621808413562995,0.720316929869523,0.707518231736473,0.551131918145271,0.776166451127526,0.90373473872297,0.66172274635805,0.443019789422694,0.621151025612472,0.702810174509109,0.798981889613811,1.00000000000001,0.320040571528709,0.666909679666685,0.435896711023451,0.63154218584866,0.809044809207327,0.476697773531258,0.437456395546838,0.375677320524832,-0.051778226512587,-0.530927813096344
"sig_20",0.0266637386133736,-0.0330272010236181,0.056801440605371,0.0225193944645709,0.145499710934589,-0.0683278884704744,0.160337137656262,-0.0786686208432677,-0.0787214885580773,-0.0797345164359071,0.144765878105829,0.0323003583577861,-0.0857722995974388,0.00196932592021631,-0.0727996396431635,0.0908258535278402,0.112115762812901,0.0933156380286127,0.0970179308396453,0.0970555846327434,0.0973718361162434,-0.0532072142012726,-0.250220587183102,0.444075296458909,0.415908816535021,0.598596554798002,0.215994358038329,0.00806926395720103,-0.35248568671898,0.477086643965261,0.368236375535888,0.339330931657092,0.320201676329904,0.244901338655392,0.36988068276768,0.517620446316377,0.756305723080715,0.425483379643234,0.278129899340141,0.320040571528709,0.99999999999999,0.456177980450649,0.393006439332426,0.156211211460419,0.462510196046672,0.4854263820652,0.227852247159117,0.65887926337536,0.0247519880081291,-0.32855043538654
"sig_21",0.0162370732603362,-0.00855065890621619,-0.00950642201751606,0.0345956247564154,0.175436341301731,-0.100173989612348,0.1839783665691,0.0184182102257604,0.0185243929363963,0.0178681016706564,0.137690824669284,0.0304706985822203,0.0536064900450076,0.0588396824676898,0.0142230931312828,0.134635208634008,0.144720353504889,0.149731587959144,0.143661663770696,0.143637460394683,0.143218432382553,-0.0591649950553035,-0.299169057606295,0.774912459310735,0.318125834903257,0.81700104495016,0.356294603206207,0.0249462920555707,-0.398947473382762,0.464178360553367,0.341208610996441,0.276484578581351,0.341256698011263,0.695100705479847,0.336237390694812,0.526398065977468,0.563645823356899,0.382347370081563,0.571281872965575,0.666909679666685,0.456177980450649,1.00000000000001,0.292612948832191,0.359619131513625,0.669593729991426,0.876396694159611,0.362095350434312,0.634187199082483,0.0537284734837259,-0.345032537364108
