1.000000 0.431649 0.028305 0.090743 0.067657 0.930870 0.648391 0.440330 0.478719 0.666681 0.741331 0.785046 0.777749 0.142947 0.093452 0.290130 0.204816 0.195903 0.294298 0.184382 0.183352 0.254247 0.227592 0.373893 0.236508 0.296423 0.416571 0.503090 0.492817
0.431649 1.000000 0.000000 0.030706 0.029577 0.476634 0.594513 0.722009 0.724517 0.429660 0.382233 0.415759 0.594622 0.175413 0.173784 0.343777 0.211876 0.196950 0.206306 0.223963 0.206508 0.169049 0.169418 0.235831 0.186717 0.194971 0.438204 0.319964 0.360739
0.028305 0.000000 1.000000 0.888012 0.784317 0.089590 0.089061 0.103429 0.121651 0.208445 0.217392 0.177301 0.157878 0.071078 0.102783 0.189241 0.091051 0.124504 0.145111 0.132059 0.157712 0.572118 0.551171 0.383207 0.349719 0.455034 0.309556 0.312543 0.390571
0.090743 0.030706 0.888012 1.000000 0.942421 0.217783 0.226757 0.276017 0.293636 0.428734 0.403374 0.354866 0.317801 0.178317 0.236697 0.389779 0.217722 0.268695 0.298971 0.295500 0.320321 0.847833 0.787890 0.629021 0.594202 0.676761 0.522692 0.558162 0.644984
0.067657 0.029577 0.784317 0.942421 1.000000 0.199688 0.236158 0.294305 0.309102 0.429813 0.418740 0.361981 0.331761 0.223478 0.302559 0.445631 0.264960 0.318535 0.346352 0.353807 0.383155 0.822525 0.885059 0.701602 0.694626 0.751831 0.563885 0.596532 0.678346
0.930870 0.476634 0.089590 0.217783 0.199688 1.000000 0.816829 0.640201 0.672057 0.881101 0.915140 0.944947 0.915353 0.330012 0.277534 0.530870 0.414678 0.407689 0.523680 0.407739 0.402140 0.468059 0.436036 0.618539 0.477834 0.529872 0.643302 0.749247 0.725415
0.648391 0.594513 0.089061 0.226757 0.236158 0.816829 1.000000 0.888248 0.910809 0.863227 0.869396 0.867443 0.930399 0.698354 0.643036 0.840825 0.755260 0.755331 0.796815 0.744437 0.736331 0.502783 0.516518 0.726742 0.634625 0.670784 0.861134 0.805988 0.779039
0.440330 0.722009 0.103429 0.276017 0.294305 0.640201 0.888248 1.000000 0.993208 0.797697 0.715195 0.711969 0.813373 0.614581 0.626085 0.838877 0.665289 0.682592 0.677837 0.712968 0.689643 0.572425 0.552334 0.690129 0.636540 0.640183 0.855598 0.757816 0.771842
0.478719 0.724517 0.121651 0.293636 0.309102 0.672057 0.910809 0.993208 1.000000 0.810468 0.743908 0.742078 0.843010 0.619645 0.625155 0.844426 0.672153 0.687654 0.689591 0.712431 0.695829 0.580195 0.565742 0.706601 0.644023 0.656779 0.883754 0.772071 0.789398
0.666681 0.429660 0.208445 0.428734 0.429813 0.881101 0.863227 0.797697 0.810468 1.000000 0.954660 0.953542 0.907165 0.536276 0.522972 0.785294 0.625211 0.640308 0.732207 0.665926 0.653608 0.746461 0.692421 0.859519 0.757564 0.784202 0.847760 0.951734 0.928424
0.741331 0.382233 0.217392 0.403374 0.418740 0.915140 0.869396 0.715195 0.743908 0.954660 1.000000 0.992674 0.947832 0.535612 0.503301 0.745534 0.624826 0.628683 0.743405 0.634992 0.640788 0.665577 0.694323 0.862338 0.749704 0.797410 0.831490 0.931570 0.904198
0.785046 0.415759 0.177301 0.354866 0.361981 0.944947 0.867443 0.711969 0.742078 0.953542 0.992674 1.000000 0.949108 0.496028 0.460874 0.708284 0.588320 0.583770 0.704539 0.594252 0.596291 0.627349 0.639631 0.819096 0.706414 0.742830 0.799713 0.906735 0.874637
0.777749 0.594622 0.157878 0.317801 0.331761 0.915353 0.930399 0.813373 0.843010 0.907165 0.947832 0.949108 1.000000 0.514833 0.482778 0.727890 0.595164 0.589862 0.679673 0.599265 0.600746 0.570197 0.617782 0.769157 0.655325 0.710304 0.838583 0.849871 0.851201
0.142947 0.175413 0.071078 0.178317 0.223478 0.330012 0.698354 0.614581 0.619645 0.536276 0.535612 0.496028 0.514833 1.000000 0.974466 0.882785 0.989292 0.977679 0.943222 0.964401 0.965507 0.383174 0.455352 0.647914 0.671888 0.662408 0.728618 0.621994 0.551981
0.093452 0.173784 0.102783 0.236697 0.302559 0.277534 0.643036 0.626085 0.625155 0.522972 0.503301 0.460874 0.482778 0.974466 1.000000 0.901381 0.968060 0.959451 0.917699 0.977145 0.978485 0.444533 0.534318 0.687446 0.740019 0.710590 0.754449 0.639521 0.583534
0.290130 0.343777 0.189241 0.389779 0.445631 0.530870 0.840825 0.838877 0.844426 0.785294 0.745534 0.708284 0.727890 0.882785 0.901381 1.000000 0.917409 0.944021 0.933085 0.959226 0.956328 0.667472 0.706093 0.868985 0.856577 0.850011 0.935632 0.861059 0.830482
0.204816 0.211876 0.091051 0.217722 0.264960 0.414678 0.755260 0.665289 0.672153 0.625211 0.624826 0.588320 0.595164 0.989292 0.968060 0.917409 1.000000 0.981103 0.976904 0.981201 0.981194 0.448340 0.519245 0.720960 0.734997 0.723538 0.786701 0.706032 0.632815
0.195903 0.196950 0.124504 0.268695 0.318535 0.407689 0.755331 0.682592 0.687654 0.640308 0.628683 0.583770 0.589862 0.977679 0.959451 0.944021 0.981103 1.000000 0.968258 0.982516 0.983235 0.503479 0.558383 0.751371 0.755854 0.754667 0.807986 0.727644 0.665289
0.294298 0.206306 0.145111 0.298971 0.346352 0.523680 0.796815 0.677837 0.689591 0.732207 0.743405 0.704539 0.679673 0.943222 0.917699 0.933085 0.976904 0.968258 1.000000 0.966937 0.971418 0.547771 0.612081 0.819202 0.808046 0.810505 0.836727 0.811710 0.736463
0.184382 0.223963 0.132059 0.295500 0.353807 0.407739 0.744437 0.712968 0.712431 0.665926 0.634992 0.594252 0.599265 0.964401 0.977145 0.959226 0.981201 0.982516 0.966937 1.000000 0.995295 0.547904 0.606601 0.783506 0.804998 0.785129 0.833270 0.760966 0.700955
0.183352 0.206508 0.157712 0.320321 0.383155 0.402140 0.736331 0.689643 0.695829 0.653608 0.640788 0.596291 0.600746 0.965507 0.978485 0.956328 0.981194 0.983235 0.971418 0.995295 1.000000 0.554445 0.631491 0.799421 0.820613 0.808673 0.844624 0.763427 0.707732
0.254247 0.169049 0.572118 0.847833 0.822525 0.468059 0.502783 0.572425 0.580195 0.746461 0.665577 0.627349 0.570197 0.383174 0.444533 0.667472 0.448340 0.503479 0.547771 0.547904 0.554445 1.000000 0.871584 0.847800 0.800180 0.834854 0.762263 0.834348 0.884761
0.227592 0.169418 0.551171 0.787890 0.885059 0.436036 0.516518 0.552334 0.565742 0.692421 0.694323 0.639631 0.617782 0.455352 0.534318 0.706093 0.519245 0.558383 0.612081 0.606601 0.631491 0.871584 1.000000 0.924364 0.917982 0.946513 0.802532 0.849641 0.895262
0.373893 0.235831 0.383207 0.629021 0.701602 0.618539 0.726742 0.690129 0.706601 0.859519 0.862338 0.819096 0.769157 0.647914 0.687446 0.868985 0.720960 0.751371 0.819202 0.783506 0.799421 0.847800 0.924364 1.000000 0.967961 0.980563 0.911121 0.972621 0.963926
0.236508 0.186717 0.349719 0.594202 0.694626 0.477834 0.634625 0.636540 0.644023 0.757564 0.749704 0.706414 0.655325 0.671888 0.740019 0.856577 0.734997 0.755854 0.808046 0.804998 0.820613 0.800180 0.917982 0.967961 1.000000 0.967831 0.857454 0.911624 0.892184
0.296423 0.194971 0.455034 0.676761 0.751831 0.529872 0.670784 0.640183 0.656779 0.784202 0.797410 0.742830 0.710304 0.662408 0.710590 0.850011 0.723538 0.754667 0.810505 0.785129 0.808673 0.834854 0.946513 0.980563 0.967831 1.000000 0.890597 0.926206 0.926331
0.416571 0.438204 0.309556 0.522692 0.563885 0.643302 0.861134 0.855598 0.883754 0.847760 0.831490 0.799713 0.838583 0.728618 0.754449 0.935632 0.786701 0.807986 0.836727 0.833270 0.844624 0.762263 0.802532 0.911121 0.857454 0.890597 1.000000 0.909391 0.924931
0.503090 0.319964 0.312543 0.558162 0.596532 0.749247 0.805988 0.757816 0.772071 0.951734 0.931570 0.906735 0.849871 0.621994 0.639521 0.861059 0.706032 0.727644 0.811710 0.760966 0.763427 0.834348 0.849641 0.972621 0.911624 0.926206 0.909391 1.000000 0.980321
0.492817 0.360739 0.390571 0.644984 0.678346 0.725415 0.779039 0.771842 0.789398 0.928424 0.904198 0.874637 0.851201 0.551981 0.583534 0.830482 0.632815 0.665289 0.736463 0.700955 0.707732 0.884761 0.895262 0.963926 0.892184 0.926331 0.924931 0.980321 1.000000
