1.000000 0.064510 0.040860 0.067930 0.036462 0.051932 0.034417 0.326240 0.012742 0.036521 0.246955 0.071600 0.125695 0.043097 0.027214 0.057242 0.056396 0.034811 0.148212 0.253430 0.055818 0.035154 0.067692 0.050446 0.034191 0.032530 0.034122 0.037804 0.017026
0.064510 1.000000 0.271260 0.051986 0.048033 0.001613 0.020817 0.000000 0.008152 0.042690 0.042346 0.024283 0.047905 0.030122 0.031449 0.073909 0.047166 0.051471 0.286553 0.262197 0.058052 0.045685 0.097669 0.082828 0.045279 0.085564 0.072676 0.116626 0.035695
0.040860 0.271260 1.000000 0.120297 0.127693 0.062231 0.093446 0.044378 0.045790 0.073429 0.077151 0.067034 0.065968 0.075336 0.071602 0.106813 0.098200 0.117280 0.154558 0.235130 0.123378 0.103567 0.172386 0.153092 0.101355 0.310614 0.282169 0.484717 0.123987
0.067930 0.051986 0.120297 1.000000 0.605651 0.534732 0.587601 0.241561 0.338595 0.243968 0.359285 0.328518 0.121831 0.354718 0.271685 0.141251 0.292420 0.212601 0.186349 0.475685 0.390957 0.421312 0.432141 0.385179 0.247162 0.387508 0.248807 0.412384 0.377709
0.036462 0.048033 0.127693 0.605651 1.000000 0.450886 0.668827 0.323540 0.376330 0.202827 0.226442 0.252384 0.150165 0.457095 0.355775 0.304575 0.320269 0.331032 0.339355 0.378697 0.370488 0.485245 0.492571 0.498471 0.588663 0.521832 0.400797 0.422819 0.426024
0.051932 0.001613 0.062231 0.534732 0.450886 1.000000 0.589083 0.373477 0.523247 0.209007 0.473145 0.421917 0.094207 0.405966 0.269784 0.102258 0.215277 0.172668 0.093039 0.175925 0.433881 0.272557 0.336134 0.240586 0.228829 0.226673 0.170544 0.256319 0.232507
0.034417 0.020817 0.093446 0.587601 0.668827 0.589083 1.000000 0.463846 0.620899 0.192772 0.185815 0.243728 0.091565 0.390126 0.317826 0.119720 0.241936 0.229424 0.120842 0.354299 0.321167 0.476681 0.334441 0.299910 0.417829 0.339018 0.229180 0.408511 0.342993
0.326240 0.000000 0.044378 0.241561 0.323540 0.373477 0.463846 1.000000 0.375810 0.086042 0.239074 0.123667 0.079183 0.175409 0.141138 0.078472 0.096905 0.091696 0.086638 0.220435 0.155237 0.176569 0.141584 0.114331 0.227291 0.123314 0.093922 0.125445 0.104826
0.012742 0.008152 0.045790 0.338595 0.376330 0.523247 0.620899 0.375810 1.000000 0.100987 0.087237 0.168008 0.054670 0.267481 0.226805 0.064603 0.111214 0.107423 0.054920 0.094066 0.144095 0.162197 0.148021 0.121948 0.256855 0.141417 0.100767 0.156825 0.133682
0.036521 0.042690 0.073429 0.243968 0.202827 0.209007 0.192772 0.086042 0.100987 1.000000 0.184600 0.285116 0.137039 0.308427 0.163266 0.221854 0.352999 0.180447 0.125498 0.129483 0.263224 0.177732 0.293451 0.268840 0.142152 0.202233 0.150016 0.184057 0.208409
0.246955 0.042346 0.077151 0.359285 0.226442 0.473145 0.185815 0.239074 0.087237 0.184600 1.000000 0.491177 0.205909 0.290467 0.153472 0.169488 0.259589 0.157097 0.217046 0.282125 0.450229 0.191176 0.414727 0.291579 0.128248 0.187606 0.151013 0.150346 0.110036
0.071600 0.024283 0.067034 0.328518 0.252384 0.421917 0.243728 0.123667 0.168008 0.285116 0.491177 1.000000 0.200999 0.444408 0.278003 0.131372 0.283001 0.170109 0.111358 0.146487 0.438574 0.190225 0.288055 0.271644 0.141181 0.175616 0.157647 0.180684 0.165671
0.125695 0.047905 0.065968 0.121831 0.150165 0.094207 0.091565 0.079183 0.054670 0.137039 0.205909 0.200999 1.000000 0.470522 0.242593 0.357959 0.488636 0.328114 0.160781 0.130682 0.139933 0.086325 0.192272 0.195791 0.101041 0.160717 0.131199 0.089046 0.089233
0.043097 0.030122 0.075336 0.354718 0.457095 0.405966 0.390126 0.175409 0.267481 0.308427 0.290467 0.444408 0.470522 1.000000 0.648628 0.443231 0.517497 0.465474 0.199973 0.169524 0.340174 0.248014 0.383620 0.340329 0.264922 0.300284 0.211030 0.237863 0.242554
0.027214 0.031449 0.071602 0.271685 0.355775 0.269784 0.317826 0.141138 0.226805 0.163266 0.153472 0.278003 0.242593 0.648628 1.000000 0.233764 0.420915 0.428157 0.105753 0.127413 0.211420 0.183441 0.217595 0.233378 0.231939 0.234252 0.203969 0.206874 0.202652
0.057242 0.073909 0.106813 0.141251 0.304575 0.102258 0.119720 0.078472 0.064603 0.221854 0.169488 0.131372 0.357959 0.443231 0.233764 1.000000 0.362918 0.535446 0.371491 0.166447 0.164367 0.120089 0.430435 0.386190 0.190071 0.369436 0.283693 0.150784 0.169572
0.056396 0.047166 0.098200 0.292420 0.320269 0.215277 0.241936 0.096905 0.111214 0.352999 0.259589 0.283001 0.488636 0.517497 0.420915 0.362918 1.000000 0.619597 0.186662 0.232448 0.315586 0.236653 0.312480 0.447475 0.204170 0.362872 0.269893 0.220060 0.280091
0.034811 0.051471 0.117280 0.212601 0.331032 0.172668 0.229424 0.091696 0.107423 0.180447 0.157097 0.170109 0.328114 0.465474 0.428157 0.535446 0.619597 1.000000 0.239587 0.184284 0.282948 0.217691 0.303388 0.521926 0.226087 0.399662 0.348724 0.225151 0.238925
0.148212 0.286553 0.154558 0.186349 0.339355 0.093039 0.120842 0.086638 0.054920 0.125498 0.217046 0.111358 0.160781 0.199973 0.105753 0.371491 0.186662 0.239587 1.000000 0.264145 0.201358 0.154001 0.477986 0.443132 0.258989 0.382723 0.287578 0.176172 0.128184
0.253430 0.262197 0.235130 0.475685 0.378697 0.175925 0.354299 0.220435 0.094066 0.129483 0.282125 0.146487 0.130682 0.169524 0.127413 0.166447 0.232448 0.184284 0.264145 1.000000 0.308553 0.317994 0.359085 0.350358 0.189774 0.308413 0.217360 0.399343 0.150132
0.055818 0.058052 0.123378 0.390957 0.370488 0.433881 0.321167 0.155237 0.144095 0.263224 0.450229 0.438574 0.139933 0.340174 0.211420 0.164367 0.315586 0.282948 0.201358 0.308553 1.000000 0.452286 0.401997 0.466043 0.178686 0.290490 0.281564 0.286818 0.216022
0.035154 0.045685 0.103567 0.421312 0.485245 0.272557 0.476681 0.176569 0.162197 0.177732 0.191176 0.190225 0.086325 0.248014 0.183441 0.120089 0.236653 0.217691 0.154001 0.317994 0.452286 1.000000 0.292027 0.407935 0.243879 0.364374 0.226117 0.318988 0.313030
0.067692 0.097669 0.172386 0.432141 0.492571 0.336134 0.334441 0.141584 0.148021 0.293451 0.414727 0.288055 0.192272 0.383620 0.217595 0.430435 0.312480 0.303388 0.477986 0.359085 0.401997 0.292027 1.000000 0.530227 0.288635 0.506682 0.397778 0.381090 0.309059
0.050446 0.082828 0.153092 0.385179 0.498471 0.240586 0.299910 0.114331 0.121948 0.268840 0.291579 0.271644 0.195791 0.340329 0.233378 0.386190 0.447475 0.521926 0.443132 0.350358 0.466043 0.407935 0.530227 1.000000 0.347158 0.571753 0.424994 0.306159 0.352410
0.034191 0.045279 0.101355 0.247162 0.588663 0.228829 0.417829 0.227291 0.256855 0.142152 0.128248 0.141181 0.101041 0.264922 0.231939 0.190071 0.204170 0.226087 0.258989 0.189774 0.178686 0.243879 0.288635 0.347158 1.000000 0.457334 0.317014 0.235377 0.264099
0.032530 0.085564 0.310614 0.387508 0.521832 0.226673 0.339018 0.123314 0.141417 0.202233 0.187606 0.175616 0.160717 0.300284 0.234252 0.369436 0.362872 0.399662 0.382723 0.308413 0.290490 0.364374 0.506682 0.571753 0.457334 1.000000 0.559284 0.459425 0.501723
0.034122 0.072676 0.282169 0.248807 0.400797 0.170544 0.229180 0.093922 0.100767 0.150016 0.151013 0.157647 0.131199 0.211030 0.203969 0.283693 0.269893 0.348724 0.287578 0.217360 0.281564 0.226117 0.397778 0.424994 0.317014 0.559284 1.000000 0.475829 0.454761
0.037804 0.116626 0.484717 0.412384 0.422819 0.256319 0.408511 0.125445 0.156825 0.184057 0.150346 0.180684 0.089046 0.237863 0.206874 0.150784 0.220060 0.225151 0.176172 0.399343 0.286818 0.318988 0.381090 0.306159 0.235377 0.459425 0.475829 1.000000 0.498448
0.017026 0.035695 0.123987 0.377709 0.426024 0.232507 0.342993 0.104826 0.133682 0.208409 0.110036 0.165671 0.089233 0.242554 0.202652 0.169572 0.280091 0.238925 0.128184 0.150132 0.216022 0.313030 0.309059 0.352410 0.264099 0.501723 0.454761 0.498448 1.000000
