"","sig_1","sig_2","sig_3","sig_4","sig_5","sig_6","sig_7","sig_8","sig_9","sig_10","sig_11","sig_12","sig_13","sig_14","sig_15","sig_16","sig_17","sig_18","sig_19","sig_20","sig_21","sig_22","sig_23","sig_24","sig_25","sig_26","sig_27","sig_28","sig_29","Integration"
"sig_1",1,0.932224175080117,0.958746219539518,0.974578338669967,0.981187036469482,0.994484953851149,0.992939311691292,0.936190818033545,0.926067827301449,0.893862120639545,0.927388030719991,0.901176076959996,0.940964422772349,0.95754469291033,0.954774890860772,0.963678580464638,0.969949795917023,0.984720969758349,0.936358987813768,0.965783217520472,0.972483287784715,0.986576616616977,0.978271631244545,0.990266050898236,0.972244869824566,0.995071824389095,0.977920754267883,0.984435681328664,0.938003414087078,0.238368565474503
"sig_2",0.932224175080117,1,0.819075804987989,0.840177341864833,0.913871138400691,0.894376430680638,0.95382887357091,0.998503099190328,0.768132283274026,0.721398400325661,0.761005272848619,0.732827391023725,0.789334419049224,0.807871244217322,0.83530880836715,0.827467193095131,0.831454549146031,0.87272229675986,0.784697531815896,0.864928907186039,0.854346171642169,0.885499258923123,0.855133559692388,0.88393535679489,0.881839220798996,0.921611876381492,0.924121976744715,0.961438145903527,0.99550584358047,0.278615840865378
"sig_3",0.958746219539518,0.819075804987989,1,0.990872709897966,0.947354479393727,0.980119553440843,0.921859027876216,0.821680625487789,0.994078260193721,0.981927480454774,0.988284161773657,0.984884148061259,0.997770516334414,0.993982428465621,0.976963197175395,0.993594888886063,0.994460059646207,0.974521008509212,0.9972601102063,0.960533869296697,0.984828525366831,0.954231010492333,0.994238012306306,0.978382877934803,0.959978394857508,0.946343344129022,0.92743012516117,0.90051930652956,0.823801269184418,0.177301380839247
"sig_4",0.974578338669967,0.840177341864833,0.990872709897966,1,0.954031869036319,0.991120949452522,0.946064387723469,0.844048258448533,0.976047354686561,0.961507586218068,0.985774288956297,0.964512303679392,0.983986687222463,0.997332518245498,0.968282551285609,0.990813378495017,0.999164284031477,0.98827353771592,0.980873065885411,0.964279564410995,0.983124284325363,0.981635020102785,0.995101476394605,0.989788305334968,0.961558703706261,0.969196539218492,0.940472421568673,0.926866090873406,0.84661024214758,0.220206855982917
"sig_5",0.981187036469482,0.913871138400691,0.947354479393727,0.954031869036319,1,0.978973189286472,0.975638354305009,0.920221555627535,0.915253086107871,0.878269047725838,0.907425750711486,0.886670678036936,0.930347116563258,0.939556497513388,0.972089480748018,0.964569090275268,0.95419152932295,0.971542685371136,0.927416014533943,0.988615358615477,0.98051469859736,0.96322469379257,0.967281962006822,0.97986030709931,0.996092221502361,0.978648017368828,0.996943367530682,0.970058542879785,0.923860714095199,0.201486106029494
"sig_6",0.994484953851149,0.894376430680638,0.980119553440843,0.991120949452522,0.978973189286472,0.999999999999999,0.978180697391883,0.899322803987078,0.955347923296162,0.928828615780075,0.957322893198506,0.934696073315994,0.96767477594657,0.980826985891126,0.972478487600791,0.984334345500785,0.989077971085786,0.994955659052137,0.963420029201458,0.974448983604785,0.987226398137032,0.989738493530419,0.993444138776738,0.998125926663295,0.97852135985399,0.990814775727549,0.971362667096918,0.965468723069153,0.902331436969314,0.229690387810875
"sig_7",0.992939311691292,0.95382887357091,0.921859027876216,0.946064387723469,0.975638354305009,0.978180697391883,0.999999999999999,0.959920062185646,0.879936021575639,0.840232352393495,0.881460128881483,0.848882368306319,0.898990347993659,0.921991885078089,0.928505394350999,0.933502346355103,0.938815182458054,0.970949955057624,0.892761005663825,0.949377776971912,0.949366845572166,0.979490487406953,0.949604793123667,0.975743727939976,0.959146186975479,0.994489782684119,0.98073112198558,0.998141836238976,0.962742746843598,0.260207030053052
"sig_8",0.936190818033545,0.998503099190328,0.821680625487789,0.844048258448533,0.920221555627535,0.899322803987078,0.959920062185646,0.999999999999999,0.770116127035266,0.7214558998866,0.762558854588339,0.733004621042831,0.792049002406283,0.811437430221747,0.841785484007969,0.832374705586468,0.835352266454385,0.880480867388383,0.786556759879342,0.870948920144421,0.86012506263141,0.892549540537591,0.859031564349815,0.890314034286348,0.88851600879925,0.929049851708641,0.932082486072326,0.96884662198561,0.999164237153701,0.283489421651237
"sig_9",0.926067827301449,0.768132283274026,0.994078260193721,0.976047354686561,0.915253086107871,0.955347923296162,0.879936021575639,0.770116127035266,0.999999999999996,0.991559762379234,0.989051786448257,0.992221635214092,0.99848344344591,0.986009754753144,0.964607399936692,0.98190098338098,0.981995482013227,0.950600210045523,0.997489960819594,0.936103886585511,0.966593518825251,0.922930937573191,0.97938300438679,0.953459567420975,0.933846531405835,0.910541005645277,0.890131108652035,0.855054094422774,0.772311815326631,0.150872182634174
"sig_10",0.893862120639545,0.721398400325661,0.981927480454774,0.961507586218068,0.878269047725838,0.928828615780075,0.840232352393495,0.7214558998866,0.991559762379234,0.999999999999998,0.988494418926441,0.999525651766747,0.987931940658568,0.976405610815603,0.935939121785307,0.966262755054088,0.968352122307851,0.924705028164158,0.991846644604145,0.908920093769866,0.943628044912615,0.897561744656907,0.959184015728872,0.927388615028263,0.901187443980117,0.875632716946494,0.849470578209501,0.811130280618146,0.722240712886015,0.146375591601729
"sig_11",0.927388030719991,0.761005272848619,0.988284161773657,0.985774288956297,0.907425750711486,0.957322893198506,0.881460128881483,0.762558854588339,0.989051786448257,0.988494418926441,0.999999999999998,0.988495321092128,0.989902842043681,0.994622815687983,0.951748619963351,0.980381855435929,0.988844564235807,0.953655639145342,0.989330553623366,0.934514967011832,0.961201087101704,0.93819553519544,0.978806952239306,0.955138706740569,0.925654866768013,0.914959077903266,0.884029761043577,0.854732668843766,0.764131033041399,0.183299329835195
"sig_12",0.901176076959996,0.732827391023725,0.984884148061259,0.964512303679392,0.886670678036936,0.934696073315994,0.848882368306319,0.733004621042831,0.992221635214092,0.999525651766747,0.988495321092128,0.999999999999996,0.989672729507803,0.978242453381388,0.941880787797305,0.970071605763622,0.971456658211833,0.929802606377699,0.994025099369212,0.915481941757281,0.949413419577587,0.902413289403052,0.963943570407189,0.932999787239739,0.908675745358746,0.882841573310918,0.858470492629834,0.820537115385321,0.733838707141135,0.148861465107403
"sig_13",0.940964422772349,0.789334419049224,0.997770516334414,0.983986687222463,0.930347116563258,0.96767477594657,0.898990347993659,0.792049002406283,0.99848344344591,0.987931940658568,0.989902842043681,0.989672729507803,0.999999999999999,0.991252469268017,0.971222001026652,0.988417258370081,0.989107037063272,0.964121524787311,0.998546287460461,0.948559728125003,0.975733345732059,0.938486301511885,0.987713432285781,0.966339977255282,0.94684863936956,0.927934972681593,0.908130170734552,0.87580521610488,0.794613428594786,0.167639754535691
"sig_14",0.95754469291033,0.807871244217322,0.993982428465621,0.997332518245498,0.939556497513388,0.980826985891126,0.921991885078089,0.811437430221747,0.986009754753144,0.976405610815603,0.994622815687983,0.978242453381388,0.991252469268017,0.999999999999999,0.967841145765456,0.991767229397636,0.998681821200847,0.979474058210649,0.988906337838242,0.956606494095314,0.979670716953658,0.967005693433716,0.992614556635118,0.980132391037361,0.952447358950469,0.950621264732126,0.922266210946396,0.900011167663185,0.814151533351029,0.206306944610344
"sig_15",0.954774890860772,0.83530880836715,0.976963197175395,0.968282551285609,0.972089480748018,0.972478487600791,0.928505394350999,0.841785484007969,0.964607399936692,0.935939121785307,0.951748619963351,0.941880787797305,0.971222001026652,0.967841145765456,1,0.988030813086009,0.974231481233456,0.968654645009466,0.969383789213485,0.977087378830453,0.993250614886063,0.943419402229633,0.982375991193149,0.974461727612589,0.984169448040636,0.948919996818812,0.956540547793296,0.914490512267645,0.846846538174192,0.168139476991408
"sig_16",0.963678580464638,0.827467193095131,0.993594888886063,0.990813378495017,0.964569090275268,0.984334345500785,0.933502346355103,0.832374705586468,0.98190098338098,0.966262755054088,0.980381855435929,0.970071605763622,0.988417258370081,0.991767229397636,0.988030813086009,1,0.994439097152741,0.983785809448067,0.98784830456641,0.97704703313963,0.996114910947446,0.965433366679519,0.99386299279099,0.986907959637984,0.977800587455187,0.958622102482642,0.948710628841803,0.915231248851775,0.836009899104008,0.190257968164896
"sig_17",0.969949795917023,0.831454549146031,0.994460059646207,0.999164284031477,0.95419152932295,0.989077971085786,0.938815182458054,0.835352266454385,0.981995482013227,0.968352122307851,0.988844564235807,0.971456658211833,0.989107037063272,0.998681821200847,0.974231481233456,0.994439097152741,1,0.986489559739997,0.986718787770874,0.966431185638638,0.986502299278812,0.975376842969948,0.9967291129715,0.988268962698281,0.964241126583644,0.963611302817502,0.939033331005191,0.918972720024182,0.838120828339078,0.210208580507573
"sig_18",0.984720969758349,0.87272229675986,0.974521008509212,0.98827353771592,0.971542685371136,0.994955659052137,0.970949955057624,0.880480867388383,0.950600210045523,0.924705028164158,0.953655639145342,0.929802606377699,0.964121524787311,0.979474058210649,0.968654645009466,0.983785809448067,0.986489559739997,0.999999999999999,0.958400860175609,0.970099560360328,0.98495910610881,0.992491014756735,0.987548091167568,0.998171286903035,0.974078619609897,0.989669480454992,0.967158007453299,0.959274137328331,0.885620772587545,0.246614831141233
"sig_19",0.936358987813768,0.784697531815896,0.9972601102063,0.980873065885411,0.927416014533943,0.963420029201458,0.892761005663825,0.786556759879342,0.997489960819594,0.991846644604145,0.989330553623366,0.994025099369212,0.998546287460461,0.988906337838242,0.969383789213485,0.98784830456641,0.986718787770874,0.958400860175609,1,0.94677683081536,0.975176614698913,0.932333595193487,0.984895805979069,0.962183352103969,0.944806735250578,0.921401983777879,0.903689847622991,0.868774541219434,0.788423552846204,0.160509773821264
"sig_20",0.965783217520472,0.864928907186039,0.960533869296697,0.964279564410995,0.988615358615477,0.974448983604785,0.949377776971912,0.870948920144421,0.936103886585511,0.908920093769866,0.934514967011832,0.915481941757281,0.948559728125003,0.956606494095314,0.977087378830453,0.97704703313963,0.966431185638638,0.970099560360328,0.94677683081536,0.999999999999999,0.984349371515938,0.958072523577702,0.972837817474758,0.976733740571754,0.994413709274688,0.962508559452369,0.98011514509514,0.938276692080017,0.874728790491191,0.19390698938875
"sig_21",0.972483287784715,0.854346171642169,0.984828525366831,0.983124284325363,0.98051469859736,0.987226398137032,0.949366845572166,0.86012506263141,0.966593518825251,0.943628044912615,0.961201087101704,0.949413419577587,0.975733345732059,0.979670716953658,0.993250614886063,0.996114910947446,0.986502299278812,0.98495910610881,0.975176614698913,0.984349371515938,0.999999999999997,0.967450884206969,0.991070390280879,0.99012513789842,0.990022583268063,0.968805867881805,0.96771226540382,0.934892986000076,0.864194057957273,0.190762668949242
"sig_22",0.986576616616977,0.885499258923123,0.954231010492333,0.981635020102785,0.96322469379257,0.989738493530419,0.979490487406953,0.892549540537591,0.922930937573191,0.897561744656907,0.93819553519544,0.902413289403052,0.938486301511885,0.967005693433716,0.943419402229633,0.965433366679519,0.975376842969948,0.992491014756735,0.932333595193487,0.958072523577702,0.967450884206969,0.999999999999998,0.972737226425985,0.991720973276895,0.959386552425337,0.993475130728102,0.962976757766306,0.96905197557061,0.896486796252362,0.268196746444379
"sig_23",0.978271631244545,0.855133559692388,0.994238012306306,0.995101476394605,0.967281962006822,0.993444138776738,0.949604793123667,0.859031564349815,0.97938300438679,0.959184015728872,0.978806952239306,0.963943570407189,0.987713432285781,0.992614556635118,0.982375991193149,0.99386299279099,0.9967291129715,0.987548091167568,0.984895805979069,0.972837817474758,0.991070390280879,0.972737226425985,1,0.990840785564224,0.97488155317878,0.969579624771552,0.952560372289232,0.932039957727202,0.861921148689809,0.204204021795579
"sig_24",0.990266050898236,0.88393535679489,0.978382877934803,0.989788305334968,0.97986030709931,0.998125926663295,0.975743727939976,0.890314034286348,0.953459567420975,0.927388615028263,0.955138706740569,0.932999787239739,0.966339977255282,0.980132391037361,0.974461727612589,0.986907959637984,0.988268962698281,0.998171286903035,0.962183352103969,0.976733740571754,0.99012513789842,0.991720973276895,0.990840785564224,0.999999999999998,0.98137211034936,0.991277886672475,0.973903097229964,0.96368798384279,0.894272088899977,0.23133355102545
"sig_25",0.972244869824566,0.881839220798996,0.959978394857508,0.961558703706261,0.996092221502361,0.97852135985399,0.959146186975479,0.88851600879925,0.933846531405835,0.901187443980117,0.925654866768013,0.908675745358746,0.94684863936956,0.952447358950469,0.984169448040636,0.977800587455187,0.964241126583644,0.974078619609897,0.944806735250578,0.994413709274688,0.990022583268063,0.959386552425337,0.97488155317878,0.98137211034936,1,0.969981844546624,0.988913187233523,0.950187050634318,0.892846357636243,0.191223668928417
"sig_26",0.995071824389095,0.921611876381492,0.946343344129022,0.969196539218492,0.978648017368828,0.990814775727549,0.994489782684119,0.929049851708641,0.910541005645277,0.875632716946494,0.914959077903266,0.882841573310918,0.927934972681593,0.950621264732126,0.948919996818812,0.958622102482642,0.963611302817502,0.989669480454992,0.921401983777879,0.962508559452369,0.968805867881805,0.993475130728102,0.969579624771552,0.991277886672475,0.969981844546624,0.999999999999999,0.980618720545931,0.988606219139458,0.933253679123705,0.260112720674704
"sig_27",0.977920754267883,0.924121976744715,0.92743012516117,0.940472421568673,0.996943367530682,0.971362667096918,0.98073112198558,0.932082486072326,0.890131108652035,0.849470578209501,0.884029761043577,0.858470492629834,0.908130170734552,0.922266210946396,0.956540547793296,0.948710628841803,0.939033331005191,0.967158007453299,0.903689847622991,0.98011514509514,0.96771226540382,0.962976757766306,0.952560372289232,0.973903097229964,0.988913187233523,0.980618720545931,1,0.978997702257124,0.936557106120084,0.220129084450554
"sig_28",0.984435681328664,0.961438145903527,0.90051930652956,0.926866090873406,0.970058542879785,0.965468723069153,0.998141836238976,0.96884662198561,0.855054094422774,0.811130280618146,0.854732668843766,0.820537115385321,0.87580521610488,0.900011167663185,0.914490512267645,0.915231248851775,0.918972720024182,0.959274137328331,0.868774541219434,0.938276692080017,0.934892986000076,0.96905197557061,0.932039957727202,0.96368798384279,0.950187050634318,0.988606219139458,0.978997702257124,1,0.972483983429302,0.268059123234175
"sig_29",0.938003414087078,0.99550584358047,0.823801269184418,0.84661024214758,0.923860714095199,0.902331436969314,0.962742746843598,0.999164237153701,0.772311815326631,0.722240712886015,0.764131033041399,0.733838707141135,0.794613428594786,0.814151533351029,0.846846538174192,0.836009899104008,0.838120828339078,0.885620772587545,0.788423552846204,0.874728790491191,0.864194057957273,0.896486796252362,0.861921148689809,0.894272088899977,0.892846357636243,0.933253679123705,0.936557106120084,0.972483983429302,1,0.287035191288073
"Integration",0.238368565474503,0.278615840865378,0.177301380839247,0.220206855982917,0.201486106029494,0.229690387810875,0.260207030053052,0.283489421651237,0.150872182634174,0.146375591601729,0.183299329835195,0.148861465107403,0.167639754535691,0.206306944610344,0.168139476991408,0.190257968164896,0.210208580507573,0.246614831141233,0.160509773821264,0.19390698938875,0.190762668949242,0.268196746444379,0.204204021795579,0.23133355102545,0.191223668928417,0.260112720674704,0.220129084450554,0.268059123234175,0.287035191288073,1
