"","sig_1","sig_2","sig_3","sig_4","sig_5","sig_6","sig_7","sig_8","sig_9","sig_10","sig_11","sig_12","sig_13","sig_14","sig_15","sig_16","sig_17","sig_18","sig_19","sig_20","sig_21","sig_22","sig_23","sig_24","sig_25","sig_26","sig_27","sig_28","sig_29","EC1","EC2","EC3","EC4","EC5","EC6"
"sig_1",0.999999999999995,0.0053012349904982,0.222493985239604,0.28363373399408,0.0758891323035532,0.214363560814957,0.0972216278654859,0.0112765588884341,0.0209458197977814,0.000930571152587994,-0.0361192235998975,0.00719497827835589,0.0154955557456697,-0.0337129559749527,-0.00344979478458256,0.00702827087003548,-0.0138264485560617,-0.00854531456359054,0.0150498705833415,0.00339890547328622,0.00485980623657484,-0.0140705928875145,-0.0192628046170612,-0.0143616881917643,0.00509988698705264,-0.013103614053676,-0.019374358327052,-0.021334148688351,-0.0344133782182838,0.00033212679074014,0.0455609992581581,0.1310036513424,-0.00173804299831258,0.00107965112148538,0.015154845379518
"sig_2",0.0053012349904982,0.999999999999989,-0.0204005632954478,-0.0692000553134757,-0.0121362283565523,0.225456567194807,0.246126865614893,0.093847783478574,-0.0313218905512366,-0.0594160270912633,-0.0511995026348081,-0.000829935845644528,0.0109092108592972,-0.0380947193883908,-0.00891492766526749,-0.0288419668410648,0.00594427203115678,-0.00283414193660858,0.0420026971909894,-0.00697146668806606,-0.00105424828192472,-0.00280719558549952,0.0414081793841811,0.0198265400039196,-0.00342617681804814,0.0464788541968422,-0.00430846678577798,0.0172890631481396,-0.0142183533525156,0.0571945110467248,-0.053726234570629,0.00205420069436538,0.0670631706282383,0.0308533096974987,0.00894640198510381
"sig_3",0.222493985239604,-0.0204005632954478,0.999999999999968,0.184280885511148,0.154793633985374,0.222383931603412,0.132416338730412,0.0834458318815375,0.466038580390968,0.444300391028256,0.0236031425237782,0.29466542557546,0.432229177359914,0.147149870029826,0.193665231677663,0.267423747847372,0.132105767884002,0.107220377102384,0.365252005233282,-0.00387757654118501,0.224762314123995,0.100259493804398,0.113409584963745,0.185829826777543,0.0892903828153766,0.109380984698289,0.0850338172476802,0.0804934494356069,0.0545440712643066,0.0618897011189605,0.109950991883208,0.174424583211115,0.0269425857568335,0.0740675974561906,0.0706784841496789
"sig_4",0.28363373399408,-0.0692000553134757,0.184280885511148,0.999999999999997,0.0624616065084771,0.102606988136241,0.0371826932076013,0.00891463050562405,0.0880658670926929,0.329101345341775,0.383828358504387,0.140378312834376,0.0985544684362191,0.378818387394384,0.0429867706089631,0.132556678932295,0.251777715994384,0.10640395278471,0.0799181124791449,0.0591163776043129,0.0334868489655061,0.162809986152467,0.0576530472384576,0.0614777977336611,0.0740494881860484,0.0615758703536064,0.0402106663384262,0.0370431236251886,0.0383184474714326,0.0904521363169299,0.120104181480689,0.146622684630856,-0.00745047690356774,0.0271767616491873,0.107125994999395
"sig_5",0.0758891323035532,-0.0121362283565523,0.154793633985374,0.0624616065084771,0.999999999999992,0.0963375518426062,0.0754255013941651,0.0394722869736119,0.114622244787073,0.0380371553987921,0.000857974335685094,0.101910512377125,0.0711038380546979,0.0581237446998013,0.0755022684567683,0.480966454549506,0.0980617238751174,0.0255427440342993,0.118390107969181,0.511652784406347,0.347518923638855,0.126242783601046,0.0542437072495757,0.120465319617213,0.60945527825097,0.0806158003115498,0.135621447159168,0.0654379456881217,0.0311552350652041,0.0711057707320711,-0.0466522148046517,-0.018783204827412,-0.014538974703785,-0.0218630874913781,0.0765128038407749
"sig_6",0.214363560814957,0.225456567194807,0.222383931603412,0.102606988136241,0.0963375518426062,0.999999999999977,0.212804900217209,0.340810379943736,0.0978531900328257,0.0977578359138652,0.0218330279312195,0.43592598986086,0.294348170623474,0.278068262059311,0.0787976008480314,0.136265802825702,0.358450285269585,0.262519610508788,0.277816443289227,0.0187866265267368,0.215528308122063,0.12987671987265,0.333789678958902,0.269043813876994,0.138188144004901,0.285164663228164,0.11320986327447,0.165557903653808,0.0954032196104296,0.0223410673697951,0.0903086647244944,0.148563052703699,0.00189464216676743,0.0180569948983954,0.12385172677824
"sig_7",0.0972216278654859,0.246126865614893,0.132416338730412,0.0371826932076013,0.0754255013941651,0.212804900217209,0.999999999999992,0.277177561287075,0.0416062608810482,0.0407354634957735,-0.00605524436639227,0.119720260786191,0.120287568446213,0.0941732365331042,0.0786970929953396,0.0990711748386872,0.313299241094102,0.0973851515168637,0.413976292837089,0.0375587081391016,0.153108604847426,0.257439439773422,0.147247920201117,0.35453007126243,0.1417321298026,0.377332435553374,0.178591903157837,0.233359830617023,0.0865476020345781,0.0336070138925357,0.0240790455123829,0.0512791516545811,0.00980053406956355,-0.0215513137503686,0.16226785417749
"sig_8",0.0112765588884341,0.093847783478574,0.0834458318815375,0.00891463050562405,0.0394722869736119,0.340810379943736,0.277177561287075,1.00000000000002,0.0345163616043494,0.0300908733412562,-0.00130645483273811,0.229077688231539,0.176185231116891,0.092616529013728,0.0800949791652735,0.0764393446115126,0.25339695734575,0.0693064378547749,0.236293927720787,0.00204415885034691,0.158128325706424,0.114520700467591,0.740968121304723,0.281629663196288,0.102103174502996,0.638556013771634,0.109886357613804,0.473204381217244,0.169034891542205,0.0280122864563833,0.00793139397984785,0.0742390385217269,0.00235013619784673,-0.0294026915840253,0.156575596100198
"sig_9",0.0209458197977814,-0.0313218905512366,0.466038580390968,0.0880658670926929,0.114622244787073,0.0978531900328257,0.0416062608810482,0.0345163616043494,1.00000000000003,0.443514831991343,0.124096959462201,0.290296870583606,0.457715956148985,0.195757605608191,0.26625694449324,0.361714014085573,0.184576275198867,0.119411796554634,0.201404011502196,0.00830899782794599,0.22327508677455,0.0609809990314039,0.125878852232693,0.191315942702057,0.0717234735131702,0.0964735912631635,0.138271909685256,0.0603396951015281,0.121452016635556,0.0858819415880535,0.129394046931978,0.105205935690204,0.0853912866573432,0.0641615855749217,0.132712652105068
"sig_10",0.000930571152587994,-0.0594160270912633,0.444300391028256,0.329101345341775,0.0380371553987921,0.0977578359138652,0.0407354634957735,0.0300908733412562,0.443514831991343,1.00000000000005,0.466186091152352,0.451183646584697,0.349261317593488,0.549414572702166,0.182429606003764,0.354159813611093,0.348591265055494,0.167605695132837,0.295014872925204,0.0175458067820445,0.145704422996107,0.186976223685294,0.188253890863094,0.174829065589147,0.0674755797319838,0.121029621970302,0.0858709063496461,0.0999188745096741,0.163712152276906,0.171327657756234,0.181427048342008,0.213112134038226,0.172669542955362,0.0293995396965678,0.296623467918677
"sig_11",-0.0361192235998975,-0.0511995026348081,0.0236031425237782,0.383828358504387,0.000857974335685094,0.0218330279312195,-0.00605524436639227,-0.00130645483273811,0.124096959462201,0.466186091152352,1.00000000000005,0.251914543028705,0.0768936915566337,0.581710401979941,0.0319605810632035,0.166489462597401,0.294902108826727,0.0642387915289731,0.071725046287923,0.023564664236787,0.0333636504116741,0.171284031830003,0.092184896120071,0.0703032983717508,0.0296522027283034,0.0595663488244484,0.039586209494848,0.0413137858422911,0.0549454593601004,0.163068478749729,0.105316500560913,0.126301431015959,0.0833388775115622,-0.0206456734107253,0.217109040788399
"sig_12",0.00719497827835589,-0.000829935845644528,0.29466542557546,0.140378312834376,0.101910512377125,0.43592598986086,0.119720260786191,0.229077688231539,0.290296870583606,0.451183646584697,0.251914543028705,1.00000000000005,0.385354724328304,0.552499688227261,0.140293151161179,0.335694291789403,0.508047567489753,0.366132863307508,0.346220916327217,0.0188179498410955,0.2972553688969,0.193263461063011,0.473911760575173,0.35747136289139,0.189164711939934,0.328724132958466,0.217296163158227,0.237787897621628,0.329947311978342,0.087441242704851,0.16883526081704,0.202758212038707,0.160361937370492,-0.00861490172470415,0.308245280967221
"sig_13",0.0154955557456697,0.0109092108592972,0.432229177359914,0.0985544684362191,0.0711038380546979,0.294348170623474,0.120287568446213,0.176185231116891,0.457715956148985,0.349261317593488,0.0768936915566337,0.385354724328304,0.999999999999992,0.308046279370797,0.188417847819235,0.284223459742055,0.310747168053432,0.329614034188717,0.330253210134076,0.00531888581002055,0.271403535570465,0.136855790578287,0.284257041917992,0.302827581299729,0.0851639847463839,0.153057200999575,0.146251979884485,0.208796952799911,0.161278504021137,0.0914763373292819,0.141825824440641,0.151026464535863,0.0715734681650358,0.0269726370322828,0.193986235615548
"sig_14",-0.0337129559749527,-0.0380947193883908,0.147149870029826,0.378818387394384,0.0581237446998013,0.278068262059311,0.0941732365331042,0.092616529013728,0.195757605608191,0.549414572702166,0.581710401979941,0.552499688227261,0.308046279370797,0.999999999999996,0.0806066134423734,0.311734884081143,0.652471002129598,0.367882783153188,0.272701551773914,0.0521884206473221,0.168865027805805,0.349466410023368,0.32918080339149,0.294715559291966,0.14252354338833,0.264992909648578,0.155017960258491,0.184463886346658,0.243486747749104,0.174981703433141,0.1279614429219,0.211423400571119,0.141827182725741,-0.0292282487693458,0.365639164001566
"sig_15",-0.00344979478458256,-0.00891492766526749,0.193665231677663,0.0429867706089631,0.0755022684567683,0.0787976008480314,0.0786970929953396,0.0800949791652735,0.26625694449324,0.182429606003764,0.0319605810632035,0.140293151161179,0.188417847819235,0.0806066134423734,0.999999999999981,0.127153686072004,0.100572529402539,0.0842690011793793,0.234930299172526,0.00392575548659097,0.357268847615287,0.0478860085559538,0.134386230342882,0.290356927947606,0.131050725534738,0.133589556917903,0.0914741954857981,0.132751108909101,0.0783074285877489,0.0349595296448259,0.00944864898798326,0.052157214901662,0.0918522784932455,-0.0186763024478941,0.0911760464937506
"sig_16",0.00702827087003548,-0.0288419668410648,0.267423747847372,0.132556678932295,0.480966454549506,0.136265802825702,0.0990711748386872,0.0764393446115126,0.361714014085573,0.354159813611093,0.166489462597401,0.335694291789403,0.284223459742055,0.311734884081143,0.127153686072004,0.999999999999951,0.371600635801433,0.123901462816459,0.293123993755979,0.0481500633989899,0.38862915227521,0.15468865202655,0.188598994200546,0.259254660547394,0.417377321903328,0.205086282228237,0.279861698161672,0.143851898467919,0.147466559756605,0.155609544082848,0.0555461837929155,0.0910061253141979,0.0588881388998687,-0.0201305689159986,0.196329164139635
"sig_17",-0.0138264485560617,0.00594427203115678,0.132105767884002,0.251777715994384,0.0980617238751174,0.358450285269585,0.313299241094102,0.25339695734575,0.184576275198867,0.348591265055494,0.294902108826727,0.508047567489753,0.310747168053432,0.652471002129598,0.100572529402539,0.371600635801433,0.999999999999983,0.392730051918828,0.358466642039315,0.0340565350346317,0.282664703996112,0.476524148785476,0.41611590488375,0.468648772874451,0.225331974214374,0.503239538249387,0.345733053357861,0.371938494332866,0.339227090303947,0.145633863397624,0.138124630836921,0.202855129250705,0.143908271913337,-0.00876787154290097,0.392779097065069
"sig_18",-0.00854531456359054,-0.00283414193660858,0.107220377102384,0.10640395278471,0.0255427440342993,0.262519610508788,0.0973851515168637,0.0693064378547749,0.119411796554634,0.167605695132837,0.0642387915289731,0.366132863307508,0.329614034188717,0.367882783153188,0.0842690011793793,0.123901462816459,0.392730051918828,0.999999999999981,0.169824864356543,0.00742324100415499,0.170063973859832,0.164137355387201,0.16952383242191,0.263809595847452,0.0759942810363312,0.204452028007968,0.138971690552549,0.155725833296036,0.230402796167105,0.0516167213335463,0.0952060924105926,0.100713073129538,0.0352102270476553,0.0166008582494957,0.159249055497703
"sig_19",0.0150498705833415,0.0420026971909894,0.365252005233282,0.0799181124791449,0.118390107969181,0.277816443289227,0.413976292837089,0.236293927720787,0.201404011502196,0.295014872925204,0.071725046287923,0.346220916327217,0.330253210134076,0.272701551773914,0.234930299172526,0.293123993755979,0.358466642039315,0.169824864356543,1.00000000000002,0.0142718523445026,0.351708750478833,0.330355865843216,0.289341363697832,0.433019500099025,0.213521574305305,0.421357308468629,0.234967870095623,0.270945220447446,0.247058949220587,0.134739009772349,0.0580998497331988,0.0782239706258783,0.0998523248756465,7.03103475742304e-05,0.265478522388081
"sig_20",0.00339890547328622,-0.00697146668806606,-0.00387757654118501,0.0591163776043129,0.511652784406347,0.0187866265267368,0.0375587081391016,0.00204415885034691,0.00830899782794599,0.0175458067820445,0.023564664236787,0.0188179498410955,0.00531888581002055,0.0521884206473221,0.00392575548659097,0.0481500633989899,0.0340565350346317,0.00742324100415499,0.0142718523445026,1,0.0166294909533792,0.196064594754068,0.0153749383331174,0.0172791402855474,0.684090175056428,0.0161090554568623,0.0449753552975704,0.0191920617869344,0.0146400189291961,0.0467821445509741,-0.0312313535426099,-0.0110657648797032,-0.0107849120841082,-0.00808690173823164,0.0182767823080803
"sig_21",0.00485980623657484,-0.00105424828192472,0.224762314123995,0.0334868489655061,0.347518923638855,0.215528308122063,0.153108604847426,0.158128325706424,0.22327508677455,0.145704422996107,0.0333636504116741,0.2972553688969,0.271403535570465,0.168865027805805,0.357268847615287,0.38862915227521,0.282664703996112,0.170063973859832,0.351708750478833,0.0166294909533792,0.999999999999978,0.122235246867959,0.24406992417956,0.47159556827773,0.325793393514243,0.313366085970194,0.320526575794749,0.240872035426074,0.198701098047068,0.106004677771124,0.0608935500868059,0.063013326101909,0.0527103960173841,-0.0303312454363849,0.121771941539082
"sig_22",-0.0140705928875145,-0.00280719558549952,0.100259493804398,0.162809986152467,0.126242783601046,0.12987671987265,0.257439439773422,0.114520700467591,0.0609809990314039,0.186976223685294,0.171284031830003,0.193263461063011,0.136855790578287,0.349466410023368,0.0478860085559538,0.15468865202655,0.476524148785476,0.164137355387201,0.330355865843216,0.196064594754068,0.122235246867959,1.00000000000003,0.192148671782568,0.316579074538665,0.220109644862,0.355866616006111,0.262231196364934,0.284329322889744,0.208204646508306,0.0385813240967704,0.0901271013557358,0.121125774151474,0.0516724793417977,-0.0247794957076302,0.214583908857634
"sig_23",-0.0192628046170612,0.0414081793841811,0.113409584963745,0.0576530472384576,0.0542437072495757,0.333789678958902,0.147247920201117,0.740968121304723,0.125878852232693,0.188253890863094,0.092184896120071,0.473911760575173,0.284257041917992,0.32918080339149,0.134386230342882,0.188598994200546,0.41611590488375,0.16952383242191,0.289341363697832,0.0153749383331174,0.24406992417956,0.192148671782568,0.999999999999975,0.325919283063977,0.162538616217838,0.429296106333886,0.19562659604728,0.472332275246453,0.463006973838978,0.0692805461243827,0.0910946826845478,0.136776810356079,0.0762597556101343,-0.034691740517325,0.217831878498985
"sig_24",-0.0143616881917643,0.0198265400039196,0.185829826777543,0.0614777977336611,0.120465319617213,0.269043813876994,0.35453007126243,0.281629663196288,0.191315942702057,0.174829065589147,0.0703032983717508,0.35747136289139,0.302827581299729,0.294715559291966,0.290356927947606,0.259254660547394,0.468648772874451,0.263809595847452,0.433019500099025,0.0172791402855474,0.47159556827773,0.316579074538665,0.325919283063977,1.00000000000001,0.275901407886304,0.557991287348567,0.514586092067105,0.492172301988901,0.358698187555792,0.100530221490368,0.0711016383625294,0.0790294046327093,0.0659673782951613,-0.0364905110739196,0.217790326319909
"sig_25",0.00509988698705264,-0.00342617681804814,0.0892903828153766,0.0740494881860484,0.60945527825097,0.138188144004901,0.1417321298026,0.102103174502996,0.0717234735131702,0.0674755797319838,0.0296522027283034,0.189164711939934,0.0851639847463839,0.14252354338833,0.131050725534738,0.417377321903328,0.225331974214374,0.0759942810363312,0.213521574305305,0.684090175056428,0.325793393514243,0.220109644862,0.162538616217838,0.275901407886304,1.00000000000001,0.207060494183419,0.284768333958984,0.192525859698021,0.115278252227449,0.119901419811319,-0.0207939596092048,0.0039396220806017,-0.0167069640369612,-0.0225217991178779,0.0936437985557737
"sig_26",-0.013103614053676,0.0464788541968422,0.109380984698289,0.0615758703536064,0.0806158003115498,0.285164663228164,0.377332435553374,0.638556013771634,0.0964735912631635,0.121029621970302,0.0595663488244484,0.328724132958466,0.153057200999575,0.264992909648578,0.133589556917903,0.205086282228237,0.503239538249387,0.204452028007968,0.421357308468629,0.0161090554568623,0.313366085970194,0.355866616006111,0.429296106333886,0.557991287348567,0.207060494183419,1.00000000000003,0.315096256527581,0.484827566565521,0.417728883353933,0.0608691267282778,0.00874557549746868,0.0850256388935518,0.0398014591832385,-0.0343393843771948,0.24261618592321
"sig_27",-0.019374358327052,-0.00430846678577798,0.0850338172476802,0.0402106663384262,0.135621447159168,0.11320986327447,0.178591903157837,0.109886357613804,0.138271909685256,0.0858709063496461,0.039586209494848,0.217296163158227,0.146251979884485,0.155017960258491,0.0914741954857981,0.279861698161672,0.345733053357861,0.138971690552549,0.234967870095623,0.0449753552975704,0.320526575794749,0.262231196364934,0.19562659604728,0.514586092067105,0.284768333958984,0.315096256527581,1.00000000000002,0.292658460139563,0.246688721480785,0.0849008584104416,0.0786457958097816,0.0405044309627336,0.00678844177442358,-0.018814318644543,0.185252593132064
"sig_28",-0.021334148688351,0.0172890631481396,0.0804934494356069,0.0370431236251886,0.0654379456881217,0.165557903653808,0.233359830617023,0.473204381217244,0.0603396951015281,0.0999188745096741,0.0413137858422911,0.237787897621628,0.208796952799911,0.184463886346658,0.132751108909101,0.143851898467919,0.371938494332866,0.155725833296036,0.270945220447446,0.0191920617869344,0.240872035426074,0.284329322889744,0.472332275246453,0.492172301988901,0.192525859698021,0.484827566565521,0.292658460139563,1,0.45015673175108,-0.00700283132036592,0.0398304333549304,0.063912690552898,-0.00358306860219952,-0.0225548485120518,0.245508532669075
"sig_29",-0.0344133782182838,-0.0142183533525156,0.0545440712643066,0.0383184474714326,0.0311552350652041,0.0954032196104296,0.0865476020345781,0.169034891542205,0.121452016635556,0.163712152276906,0.0549454593601004,0.329947311978342,0.161278504021137,0.243486747749104,0.0783074285877489,0.147466559756605,0.339227090303947,0.230402796167105,0.247058949220587,0.0146400189291961,0.198701098047068,0.208204646508306,0.463006973838978,0.358698187555792,0.115278252227449,0.417728883353933,0.246688721480785,0.45015673175108,1.00000000000005,-0.00517110894631464,0.0723434298934553,0.110586375273401,0.047881269678272,-0.0172989399618588,0.199500131399544
"EC1",0.00033212679074014,0.0571945110467248,0.0618897011189605,0.0904521363169299,0.0711057707320711,0.0223410673697951,0.0336070138925357,0.0280122864563833,0.0858819415880535,0.171327657756234,0.163068478749729,0.087441242704851,0.0914763373292819,0.174981703433141,0.0349595296448259,0.155609544082848,0.145633863397624,0.0516167213335463,0.134739009772349,0.0467821445509741,0.106004677771124,0.0385813240967704,0.0692805461243827,0.100530221490368,0.119901419811319,0.0608691267282778,0.0849008584104416,-0.00700283132036592,-0.00517110894631464,0.999999999999993,-0.249283079075073,-0.158736807424313,0.146477815738904,-0.0498092812280282,0.00736705669720131
"EC2",0.0455609992581581,-0.053726234570629,0.109950991883208,0.120104181480689,-0.0466522148046517,0.0903086647244944,0.0240790455123829,0.00793139397984785,0.129394046931978,0.181427048342008,0.105316500560913,0.16883526081704,0.141825824440641,0.1279614429219,0.00944864898798326,0.0555461837929155,0.138124630836921,0.0952060924105926,0.0580998497331988,-0.0312313535426099,0.0608935500868059,0.0901271013557358,0.0910946826845478,0.0711016383625294,-0.0207939596092048,0.00874557549746868,0.0786457958097816,0.0398304333549304,0.0723434298934553,-0.249283079075073,1.00000000000001,-0.045409330840822,-0.0702839402005328,0.0189164601850838,-0.0257213366154682
"EC3",0.1310036513424,0.00205420069436538,0.174424583211115,0.146622684630856,-0.018783204827412,0.148563052703699,0.0512791516545811,0.0742390385217269,0.105205935690204,0.213112134038226,0.126301431015959,0.202758212038707,0.151026464535863,0.211423400571119,0.052157214901662,0.0910061253141979,0.202855129250705,0.100713073129538,0.0782239706258783,-0.0110657648797032,0.063013326101909,0.121125774151474,0.136776810356079,0.0790294046327093,0.0039396220806017,0.0850256388935518,0.0405044309627336,0.063912690552898,0.110586375273401,-0.158736807424313,-0.045409330840822,1.00000000000003,-0.0289270315621415,0.0461793996096369,0.0852447080964305
"EC4",-0.00173804299831258,0.0670631706282383,0.0269425857568335,-0.00745047690356774,-0.014538974703785,0.00189464216676743,0.00980053406956355,0.00235013619784673,0.0853912866573432,0.172669542955362,0.0833388775115622,0.160361937370492,0.0715734681650358,0.141827182725741,0.0918522784932455,0.0588881388998687,0.143908271913337,0.0352102270476553,0.0998523248756465,-0.0107849120841082,0.0527103960173841,0.0516724793417977,0.0762597556101343,0.0659673782951613,-0.0167069640369612,0.0398014591832385,0.00678844177442358,-0.00358306860219952,0.047881269678272,0.146477815738904,-0.0702839402005328,-0.0289270315621415,0.99999999999997,-0.000361580036916133,0.158346266664458
"EC5",0.00107965112148538,0.0308533096974987,0.0740675974561906,0.0271767616491873,-0.0218630874913781,0.0180569948983954,-0.0215513137503686,-0.0294026915840253,0.0641615855749217,0.0293995396965678,-0.0206456734107253,-0.00861490172470415,0.0269726370322828,-0.0292282487693458,-0.0186763024478941,-0.0201305689159986,-0.00876787154290097,0.0166008582494957,7.03103475742304e-05,-0.00808690173823164,-0.0303312454363849,-0.0247794957076302,-0.034691740517325,-0.0364905110739196,-0.0225217991178779,-0.0343393843771948,-0.018814318644543,-0.0225548485120518,-0.0172989399618588,-0.0498092812280282,0.0189164601850838,0.0461793996096369,-0.000361580036916133,1.00000000000003,-0.0553168630057915
"EC6",0.015154845379518,0.00894640198510381,0.0706784841496789,0.107125994999395,0.0765128038407749,0.12385172677824,0.16226785417749,0.156575596100198,0.132712652105068,0.296623467918677,0.217109040788399,0.308245280967221,0.193986235615548,0.365639164001566,0.0911760464937506,0.196329164139635,0.392779097065069,0.159249055497703,0.265478522388081,0.0182767823080803,0.121771941539082,0.214583908857634,0.217831878498985,0.217790326319909,0.0936437985557737,0.24261618592321,0.185252593132064,0.245508532669075,0.199500131399544,0.00736705669720131,-0.0257213366154682,0.0852447080964305,0.158346266664458,-0.0553168630057915,1
