1.000000 0.000000 0.758229 0.756816 0.768213 0.764631 0.747359 0.735350 0.708023 0.708872 0.776822 0.679745 0.703029 0.524103 0.602151 0.632741 0.477293 0.463637 0.624578 0.586090 0.833132 0.819857 0.740833 0.676444 0.682356 0.802293 0.752277 0.737258 0.725474
0.000000 1.000000 0.673496 0.756246 0.783671 0.758197 0.784905 0.830962 0.845618 0.848586 0.775015 0.830974 0.810323 0.890376 0.901715 0.862961 0.938901 0.923579 0.934571 0.931017 0.880651 0.804312 0.871552 0.942279 0.928342 0.879849 0.831161 0.872456 0.865346
0.758229 0.673496 1.000000 0.871765 0.818650 0.867477 0.822879 0.782149 0.780759 0.774263 0.846225 0.801911 0.807787 0.757178 0.763364 0.770411 0.726651 0.725704 0.719854 0.742449 0.701506 0.771902 0.768776 0.708703 0.726192 0.715299 0.782792 0.770283 0.765427
0.756816 0.756246 0.871765 1.000000 0.932431 0.887573 0.936512 0.819139 0.808982 0.817544 0.855029 0.921744 0.920248 0.833768 0.815371 0.840325 0.791031 0.799028 0.774210 0.792363 0.749684 0.784760 0.785908 0.760404 0.772587 0.772403 0.804758 0.788104 0.792718
0.768213 0.783671 0.818650 0.932431 1.000000 0.860679 0.931690 0.822825 0.808606 0.826623 0.834210 0.916817 0.926967 0.836635 0.826119 0.850631 0.805931 0.809226 0.791661 0.798288 0.771235 0.789779 0.790485 0.780098 0.787745 0.782244 0.806370 0.794940 0.798341
0.764631 0.758197 0.867477 0.887573 0.860679 1.000000 0.908980 0.868174 0.827392 0.885337 0.876340 0.870139 0.914354 0.902216 0.889031 0.905866 0.814278 0.816071 0.782256 0.804642 0.760248 0.794538 0.792188 0.752428 0.783460 0.801053 0.841321 0.799262 0.807211
0.747359 0.784905 0.822879 0.936512 0.931690 0.908980 1.000000 0.863195 0.819103 0.858531 0.842817 0.924683 0.936862 0.879471 0.859610 0.890264 0.821501 0.826886 0.797945 0.811404 0.762552 0.791281 0.795143 0.776972 0.793413 0.786654 0.832486 0.802711 0.812525
0.735350 0.830962 0.782149 0.819139 0.822825 0.868174 0.863195 1.000000 0.825557 0.870342 0.831903 0.856845 0.880425 0.887063 0.904046 0.915095 0.850076 0.845190 0.818268 0.841736 0.798380 0.831564 0.818497 0.813696 0.866948 0.803997 0.891765 0.869627 0.857340
0.708023 0.845618 0.780759 0.808982 0.808606 0.827392 0.819103 0.825557 1.000000 0.839220 0.902875 0.873240 0.858552 0.900488 0.862371 0.892986 0.884969 0.906224 0.855272 0.874317 0.776605 0.791547 0.808295 0.819299 0.822946 0.821034 0.828429 0.813613 0.844676
0.708872 0.848586 0.774263 0.817544 0.826623 0.885337 0.858531 0.870342 0.839220 1.000000 0.841218 0.867792 0.898095 0.938221 0.883839 0.916230 0.862294 0.887835 0.883974 0.835571 0.771526 0.794875 0.802267 0.799622 0.829704 0.855721 0.834065 0.823987 0.820516
0.776822 0.775015 0.846225 0.855029 0.834210 0.876340 0.842817 0.831903 0.902875 0.841218 1.000000 0.895053 0.879670 0.900376 0.864871 0.882760 0.887944 0.876402 0.796755 0.856397 0.787102 0.800901 0.802836 0.762421 0.780270 0.838352 0.834193 0.798294 0.849188
0.679745 0.830974 0.801911 0.921744 0.916817 0.870139 0.924683 0.856845 0.873240 0.867792 0.895053 1.000000 0.940634 0.920869 0.889106 0.906125 0.885923 0.894600 0.842272 0.863606 0.758981 0.787175 0.807487 0.804543 0.816251 0.808642 0.837211 0.811735 0.839741
0.703029 0.810323 0.807787 0.920248 0.926967 0.914354 0.936862 0.880425 0.858552 0.898095 0.879670 0.940634 1.000000 0.923507 0.889357 0.928441 0.864469 0.871396 0.826859 0.836712 0.754530 0.791290 0.799230 0.786896 0.807251 0.803064 0.844211 0.807482 0.831948
0.524103 0.890376 0.757178 0.833768 0.836635 0.902216 0.879471 0.887063 0.900488 0.938221 0.900376 0.920869 0.923507 1.000000 0.919714 0.945895 0.927049 0.952567 0.920072 0.883591 0.758722 0.787476 0.814661 0.831720 0.854910 0.875895 0.852530 0.843287 0.849326
0.602151 0.901715 0.763364 0.815371 0.826119 0.889031 0.859610 0.904046 0.862371 0.883839 0.864871 0.889106 0.889357 0.919714 1.000000 0.933683 0.928333 0.883554 0.848002 0.914688 0.847016 0.808843 0.864276 0.878313 0.877712 0.799700 0.872087 0.850809 0.879788
0.632741 0.862961 0.770411 0.840325 0.850631 0.905866 0.890264 0.915095 0.892986 0.916230 0.882760 0.906125 0.928441 0.945895 0.933683 1.000000 0.902751 0.906111 0.856145 0.884366 0.795846 0.800488 0.836162 0.832236 0.846175 0.821354 0.859185 0.837283 0.866064
0.477293 0.938901 0.726651 0.791031 0.805931 0.814278 0.821501 0.850076 0.884969 0.862294 0.887944 0.885923 0.864469 0.927049 0.928333 0.902751 1.000000 0.925864 0.892393 0.927007 0.841220 0.800493 0.857855 0.898030 0.889280 0.828647 0.859932 0.858259 0.882654
0.463637 0.923579 0.725704 0.799028 0.809226 0.816071 0.826886 0.845190 0.906224 0.887835 0.876402 0.894600 0.871396 0.952567 0.883554 0.906111 0.925864 1.000000 0.965563 0.890068 0.759145 0.778511 0.819361 0.848535 0.865418 0.908588 0.827719 0.843855 0.844800
0.624578 0.934571 0.719854 0.774210 0.791661 0.782256 0.797945 0.818268 0.855272 0.883974 0.796755 0.842272 0.826859 0.920072 0.848002 0.856145 0.892393 0.965563 1.000000 0.857380 0.762433 0.780434 0.810762 0.847256 0.869423 0.925683 0.809067 0.839505 0.820669
0.586090 0.931017 0.742449 0.792363 0.798288 0.804642 0.811404 0.841736 0.874317 0.835571 0.856397 0.863606 0.836712 0.883591 0.914688 0.884366 0.927007 0.890068 0.857380 1.000000 0.882811 0.804348 0.887477 0.924643 0.891150 0.806164 0.844375 0.846459 0.880611
0.833132 0.880651 0.701506 0.749684 0.771235 0.760248 0.762552 0.798380 0.776605 0.771526 0.787102 0.758981 0.754530 0.758722 0.847016 0.795846 0.841220 0.759145 0.762433 0.882811 1.000000 0.835461 0.856342 0.920404 0.865681 0.816599 0.806462 0.813655 0.843318
0.819857 0.804312 0.771902 0.784760 0.789779 0.794538 0.791281 0.831564 0.791547 0.794875 0.800901 0.787175 0.791290 0.787476 0.808843 0.800488 0.800493 0.778511 0.780434 0.804348 0.835461 1.000000 0.815024 0.815603 0.909258 0.798964 0.892908 0.849093 0.899879
0.740833 0.871552 0.768776 0.785908 0.790485 0.792188 0.795143 0.818497 0.808295 0.802267 0.802836 0.807487 0.799230 0.814661 0.864276 0.836162 0.857855 0.819361 0.810762 0.887477 0.856342 0.815024 1.000000 0.890123 0.863786 0.794408 0.817391 0.824115 0.870860
0.676444 0.942279 0.708703 0.760404 0.780098 0.752428 0.776972 0.813696 0.819299 0.799622 0.762421 0.804543 0.786896 0.831720 0.878313 0.832236 0.898030 0.848535 0.847256 0.924643 0.920404 0.815603 0.890123 1.000000 0.906468 0.802081 0.823124 0.850774 0.861091
0.682356 0.928342 0.726192 0.772587 0.787745 0.783460 0.793413 0.866948 0.822946 0.829704 0.780270 0.816251 0.807251 0.854910 0.877712 0.846175 0.889280 0.865418 0.869423 0.891150 0.865681 0.909258 0.863786 0.906468 1.000000 0.844089 0.894497 0.922599 0.900554
0.802293 0.879849 0.715299 0.772403 0.782244 0.801053 0.786654 0.803997 0.821034 0.855721 0.838352 0.808642 0.803064 0.875895 0.799700 0.821354 0.828647 0.908588 0.925683 0.806164 0.816599 0.798964 0.794408 0.802081 0.844089 1.000000 0.795688 0.813496 0.790498
0.752277 0.831161 0.782792 0.804758 0.806370 0.841321 0.832486 0.891765 0.828429 0.834065 0.834193 0.837211 0.844211 0.852530 0.872087 0.859185 0.859932 0.827719 0.809067 0.844375 0.806462 0.892908 0.817391 0.823124 0.894497 0.795688 1.000000 0.892838 0.883686
0.737258 0.872456 0.770283 0.788104 0.794940 0.799262 0.802711 0.869627 0.813613 0.823987 0.798294 0.811735 0.807482 0.843287 0.850809 0.837283 0.858259 0.843855 0.839505 0.846459 0.813655 0.849093 0.824115 0.850774 0.922599 0.813496 0.892838 1.000000 0.883607
0.725474 0.865346 0.765427 0.792718 0.798341 0.807211 0.812525 0.857340 0.844676 0.820516 0.849188 0.839741 0.831948 0.849326 0.879788 0.866064 0.882654 0.844800 0.820669 0.880611 0.843318 0.899879 0.870860 0.861091 0.900554 0.790498 0.883686 0.883607 1.000000
