1.000000 -0.089933 0.104364 0.013227 0.063022 -0.049928 -0.076703 -0.092778 -0.216712 -0.345631 -0.265750 -0.329722 -0.291092 -0.332265 -0.123172 -0.209802 -0.317743 -0.176116 -0.281487 -0.129538 -0.149450 -0.174892 -0.212891 -0.259277 -0.101741 -0.183164 -0.132871 -0.111153 -0.069053 
-0.089933 1.000000 -0.185265 -0.165391 -0.060989 0.148497 0.227789 0.245009 -0.175137 -0.220047 -0.158394 -0.147532 -0.120246 -0.149076 -0.067836 -0.148282 -0.092052 -0.040821 -0.079366 -0.064552 -0.075017 -0.055726 0.012203 -0.064273 -0.036029 0.028228 -0.037553 0.072143 0.059427 
0.104364 -0.185265 1.000000 0.053374 0.111965 -0.025660 -0.085821 -0.106743 0.472450 0.282066 -0.081307 0.131221 0.291359 -0.088074 0.185019 0.220704 -0.088934 -0.050424 0.151277 0.044820 0.138402 -0.061821 -0.088408 -0.003729 0.024562 -0.097326 0.002853 -0.081059 -0.062462 
0.013227 -0.165391 0.053374 1.000000 0.004385 0.121549 0.009914 -0.059880 0.012660 0.278643 0.501011 0.090025 0.023743 0.411425 -0.007421 0.141064 0.261999 0.066553 0.006324 0.044362 -0.017286 0.182716 0.030608 0.067520 -0.004138 0.015302 0.017826 -0.026751 -0.037328 
0.063022 -0.060989 0.111965 0.004385 1.000000 0.009508 -0.007087 -0.031329 0.050463 0.018682 -0.041582 0.008425 0.018778 -0.046051 0.048779 0.414779 -0.024746 -0.014662 0.031170 0.158633 0.368917 -0.006226 -0.025481 0.008411 0.336341 -0.015308 0.099307 -0.015330 -0.019075 
-0.049928 0.148497 -0.025660 0.121549 0.009508 1.000000 0.263851 0.180157 -0.081332 -0.054031 -0.001379 0.313908 0.185224 0.264109 0.014689 -0.041966 0.371288 0.383308 0.217530 0.002628 0.158972 0.131214 0.346231 0.291140 0.107814 0.277882 0.100395 0.136679 0.107870 
-0.076703 0.227789 -0.085821 0.009914 -0.007087 0.263851 1.000000 0.312255 -0.101449 -0.089997 -0.037299 0.046619 0.019577 0.051828 -0.013052 -0.034441 0.380125 0.086081 0.318763 0.005169 0.026631 0.302373 0.238430 0.397917 0.131564 0.440710 0.230561 0.413388 0.201350 
-0.092778 0.245009 -0.106743 -0.059880 -0.031329 0.180157 0.312255 1.000000 -0.085500 -0.093920 -0.055845 -0.015956 -0.012611 0.004554 -0.028561 -0.059471 0.106429 0.031557 0.049787 -0.023208 -0.011714 0.056154 0.479623 0.128184 0.019894 0.471620 0.060879 0.562202 0.538722 
-0.216712 -0.175137 0.472450 0.012660 0.050463 -0.081332 -0.101449 -0.085500 1.000000 0.596266 0.152122 0.360151 0.495318 0.156648 0.323676 0.400887 0.099807 0.061355 0.272131 0.164652 0.202924 0.006120 0.019310 0.101468 0.072889 -0.026161 0.044939 -0.049585 -0.042366 
-0.345631 -0.220047 0.282066 0.278643 0.018682 -0.054031 -0.089997 -0.093920 0.596266 1.000000 0.550972 0.576185 0.530704 0.489532 0.244144 0.515710 0.324821 0.146377 0.377709 0.247825 0.219389 0.156828 0.097418 0.210111 0.098016 0.035326 0.097377 -0.030982 -0.033937 
-0.265750 -0.158394 -0.081307 0.501011 -0.041582 -0.001379 -0.037299 -0.055845 0.152122 0.550972 1.000000 0.333982 0.188891 0.744832 0.036565 0.235552 0.470683 0.181056 0.154756 0.125418 0.065456 0.296410 0.134810 0.184289 0.031795 0.084414 0.058293 0.001716 -0.014376 
-0.329722 -0.147532 0.131221 0.090025 0.008425 0.313908 0.046619 -0.015956 0.360151 0.576185 0.333982 1.000000 0.508304 0.502002 0.190669 0.319881 0.508534 0.300758 0.515659 0.192189 0.290678 0.207539 0.304951 0.382708 0.198509 0.215963 0.162146 0.067964 0.023103 
-0.291092 -0.120246 0.291359 0.023743 0.018778 0.185224 0.019577 -0.012611 0.495318 0.530704 0.188891 0.508304 1.000000 0.323431 0.311828 0.328326 0.294742 0.255460 0.442436 0.149318 0.281892 0.112327 0.212607 0.298118 0.142053 0.116093 0.132978 0.038383 0.002612 
-0.332265 -0.149076 -0.088074 0.411425 -0.046051 0.264109 0.051828 0.004554 0.156648 0.489532 0.744832 0.502002 0.323431 1.000000 0.061539 0.219673 0.659679 0.399681 0.294580 0.140251 0.143526 0.313421 0.344130 0.399128 0.087105 0.243511 0.144883 0.084499 0.032240 
-0.123172 -0.067836 0.185019 -0.007421 0.048779 0.014689 -0.013052 -0.028561 0.323676 0.244144 0.036565 0.190669 0.311828 0.061539 1.000000 0.213307 0.047727 0.029639 0.215210 0.075921 0.241341 0.013158 0.027394 0.114275 0.055702 0.005085 0.058973 -0.005538 -0.017319 
-0.209802 -0.148282 0.220704 0.141064 0.414779 -0.041966 -0.034441 -0.059471 0.400887 0.515710 0.235552 0.319881 0.328326 0.219673 0.213307 1.000000 0.179720 0.072346 0.269600 0.484226 0.372137 0.093371 0.052356 0.148323 0.343655 0.026742 0.225697 -0.009953 -0.024088 
-0.317743 -0.092052 -0.088934 0.261999 -0.024746 0.371288 0.380125 0.106429 0.099807 0.324821 0.470683 0.508534 0.294742 0.659679 0.047727 0.179720 1.000000 0.371820 0.468777 0.138296 0.159465 0.572188 0.474934 0.618164 0.171002 0.489139 0.309991 0.277036 0.115837 
-0.176116 -0.040821 -0.050424 0.066553 -0.014662 0.383308 0.086081 0.031557 0.061355 0.146377 0.181056 0.300758 0.255460 0.399681 0.029639 0.072346 0.371820 1.000000 0.207833 0.044701 0.143095 0.124458 0.251031 0.336698 0.089337 0.193292 0.080368 0.060772 0.030508 
-0.281487 -0.079366 0.151277 0.006324 0.031170 0.217530 0.318763 0.049787 0.272131 0.377709 0.154756 0.515659 0.442436 0.294580 0.215210 0.269600 0.468777 0.207833 1.000000 0.164778 0.278384 0.295822 0.319103 0.545869 0.246317 0.320228 0.389000 0.197289 0.082110 
-0.129538 -0.064552 0.044820 0.044362 0.158633 0.002628 0.005169 -0.023208 0.164652 0.247825 0.125418 0.192189 0.149318 0.140251 0.075921 0.484226 0.138296 0.044701 0.164778 1.000000 0.294811 0.075531 0.039325 0.117986 0.336021 0.027381 0.236372 0.014352 -0.006058 
-0.149450 -0.075017 0.138402 -0.017286 0.368917 0.158972 0.026631 -0.011714 0.202924 0.219389 0.065456 0.290678 0.281892 0.143526 0.241341 0.372137 0.159465 0.143095 0.278384 0.294811 1.000000 0.064995 0.126212 0.222209 0.295156 0.100543 0.188743 0.041577 0.002751 
-0.174892 -0.055726 -0.061821 0.182716 -0.006226 0.131214 0.302373 0.056154 0.006120 0.156828 0.296410 0.207539 0.112327 0.313421 0.013158 0.093371 0.572188 0.124458 0.295822 0.075531 0.064995 1.000000 0.229041 0.450443 0.107397 0.360456 0.239246 0.193212 0.083678 
-0.212891 0.012203 -0.088408 0.030608 -0.025481 0.346231 0.238430 0.479623 0.019310 0.097418 0.134810 0.304951 0.212607 0.344130 0.027394 0.052356 0.474934 0.251031 0.319103 0.039325 0.126212 0.229041 1.000000 0.399195 0.117748 0.586440 0.186894 0.495539 0.453505 
-0.259277 -0.064273 -0.003729 0.067520 0.008411 0.291140 0.397917 0.128184 0.101468 0.210111 0.184289 0.382708 0.298118 0.399128 0.114275 0.148323 0.618164 0.336698 0.545869 0.117986 0.222209 0.450443 0.399195 1.000000 0.195679 0.516260 0.444545 0.324314 0.164139 
-0.101741 -0.036029 0.024562 -0.004138 0.336341 0.107814 0.131564 0.019894 0.072889 0.098016 0.031795 0.198509 0.142053 0.087105 0.055702 0.343655 0.171002 0.089337 0.246317 0.336021 0.295156 0.107397 0.117748 0.195679 1.000000 0.141484 0.331119 0.102276 0.024310 
-0.183164 0.028228 -0.097326 0.015302 -0.015308 0.277882 0.440710 0.471620 -0.026161 0.035326 0.084414 0.215963 0.116093 0.243511 0.005085 0.026742 0.489139 0.193292 0.320228 0.027381 0.100543 0.360456 0.586440 0.516260 0.141484 1.000000 0.281101 0.564239 0.508083 
-0.132871 -0.037553 0.002853 0.017826 0.099307 0.100395 0.230561 0.060879 0.044939 0.097377 0.058293 0.162146 0.132978 0.144883 0.058973 0.225697 0.309991 0.080368 0.389000 0.236372 0.188743 0.239246 0.186894 0.444545 0.331119 0.281101 1.000000 0.211015 0.071978 
-0.111153 0.072143 -0.081059 -0.026751 -0.015330 0.136679 0.413388 0.562202 -0.049585 -0.030982 0.001716 0.067964 0.038383 0.084499 -0.005538 -0.009953 0.277036 0.060772 0.197289 0.014352 0.041577 0.193212 0.495539 0.324314 0.102276 0.564239 0.211015 1.000000 0.534516 
-0.069053 0.059427 -0.062462 -0.037328 -0.019075 0.107870 0.201350 0.538722 -0.042366 -0.033937 -0.014376 0.023103 0.002612 0.032240 -0.017319 -0.024088 0.115837 0.030508 0.082110 -0.006058 0.002751 0.083678 0.453505 0.164139 0.024310 0.508083 0.071978 0.534516 1.000000 
