1.000000 0.658394 0.673322 0.668617 0.646092 0.684672 0.560427 0.589468 0.467260 0.503314 0.630582 0.595759 0.596832 0.329745 0.448690 0.315695 0.379424 0.760450 0.742347 0.652480 0.633037 0.617921 0.637648 0.556349 0.563659 0.718620 0.493606 0.660238 0.000000
0.658394 1.000000 0.900378 0.836192 0.906296 0.790626 0.884943 0.882790 0.736263 0.770319 0.741372 0.727626 0.739209 0.703542 0.705320 0.714238 0.761321 0.649109 0.695193 0.721935 0.699641 0.705795 0.696718 0.663081 0.679080 0.678837 0.681221 0.813953 0.657649
0.673322 0.900378 1.000000 0.798476 0.899306 0.761927 0.877857 0.892476 0.750868 0.784534 0.746382 0.727119 0.751556 0.723514 0.713246 0.727955 0.765251 0.677298 0.701872 0.724105 0.708764 0.713317 0.702814 0.689008 0.699163 0.691852 0.704384 0.740709 0.693747
0.668617 0.836192 0.798476 1.000000 0.866626 0.820368 0.811677 0.874322 0.838253 0.862176 0.808929 0.752605 0.833034 0.734783 0.721778 0.737211 0.856971 0.662877 0.708227 0.771689 0.714551 0.725238 0.705087 0.652675 0.693466 0.716956 0.691868 0.807954 0.660196
0.646092 0.906296 0.899306 0.866626 1.000000 0.773749 0.889180 0.906804 0.796989 0.839998 0.801980 0.741324 0.795489 0.744582 0.730896 0.751915 0.824769 0.665893 0.703876 0.759566 0.719182 0.732411 0.709036 0.684870 0.706723 0.697711 0.712787 0.746455 0.695385
0.684672 0.790626 0.761927 0.820368 0.773749 1.000000 0.846785 0.825049 0.804316 0.829401 0.758767 0.857909 0.771548 0.836717 0.792524 0.820455 0.854351 0.698307 0.716751 0.761903 0.713254 0.782539 0.719351 0.665722 0.689235 0.767608 0.711193 0.778446 0.682284
0.560427 0.884943 0.877857 0.811677 0.889180 0.846785 1.000000 0.912286 0.838360 0.862546 0.793147 0.816020 0.808395 0.833862 0.802552 0.846142 0.883684 0.661220 0.698404 0.766042 0.731343 0.769517 0.725610 0.721646 0.737455 0.727168 0.772998 0.718107 0.757498
0.589468 0.882790 0.892476 0.874322 0.906804 0.825049 0.912286 1.000000 0.838714 0.894606 0.826112 0.795518 0.851105 0.803756 0.765357 0.813436 0.887483 0.655413 0.703888 0.775669 0.725603 0.758830 0.714508 0.698033 0.725292 0.719656 0.751877 0.726015 0.729437
0.467260 0.736263 0.750868 0.838253 0.796989 0.804316 0.838360 0.838714 1.000000 0.902192 0.859579 0.800831 0.830921 0.894450 0.874801 0.830518 0.882021 0.779538 0.727439 0.814403 0.784780 0.825215 0.803486 0.823140 0.822296 0.715139 0.780899 0.666956 0.856257
0.503314 0.770319 0.784534 0.862176 0.839998 0.829401 0.862546 0.894606 0.902192 1.000000 0.875386 0.843853 0.877015 0.857733 0.831664 0.862526 0.919951 0.709976 0.716197 0.796398 0.766141 0.805981 0.764603 0.759223 0.778377 0.744382 0.792175 0.676213 0.801654
0.630582 0.741372 0.746382 0.808929 0.801980 0.758767 0.793147 0.826112 0.859579 0.875386 1.000000 0.750103 0.811960 0.783767 0.772260 0.777019 0.835472 0.713369 0.758304 0.842123 0.810961 0.793834 0.740502 0.733995 0.807216 0.720911 0.740190 0.691726 0.757480
0.595759 0.727626 0.727119 0.752605 0.741324 0.857909 0.816020 0.795518 0.800831 0.843853 0.750103 1.000000 0.768800 0.832515 0.817530 0.862687 0.854509 0.684385 0.704231 0.754020 0.733883 0.776309 0.726699 0.741589 0.746546 0.743946 0.790964 0.689884 0.777610
0.596832 0.739209 0.751556 0.833034 0.795489 0.771548 0.808395 0.851105 0.830921 0.877015 0.811960 0.768800 1.000000 0.800725 0.763792 0.836563 0.908778 0.677681 0.708677 0.761728 0.747964 0.743242 0.718586 0.715035 0.755762 0.791586 0.831111 0.681291 0.781706
0.329745 0.703542 0.723514 0.734783 0.744582 0.836717 0.833862 0.803756 0.894450 0.857733 0.783767 0.832515 0.800725 1.000000 0.892534 0.890883 0.892594 0.771551 0.716203 0.797437 0.795111 0.829250 0.794549 0.851013 0.838605 0.754318 0.843012 0.619426 0.909766
0.448690 0.705320 0.713246 0.721778 0.730896 0.792524 0.802552 0.765357 0.874801 0.831664 0.772260 0.817530 0.763792 0.892534 1.000000 0.839721 0.830571 0.829472 0.721383 0.775895 0.778769 0.826373 0.836057 0.889121 0.841253 0.723828 0.793889 0.639734 0.898330
0.315695 0.714238 0.727955 0.737211 0.751915 0.820455 0.846142 0.813436 0.830518 0.862526 0.777019 0.862687 0.836563 0.890883 0.839721 1.000000 0.929701 0.661435 0.686905 0.753051 0.775178 0.776480 0.741673 0.781637 0.805080 0.866065 0.948792 0.618215 0.887588
0.379424 0.761321 0.765251 0.856971 0.824769 0.854351 0.883684 0.887483 0.882021 0.919951 0.835472 0.854509 0.908778 0.892594 0.830571 0.929701 1.000000 0.660882 0.698805 0.787162 0.774397 0.782730 0.735302 0.758517 0.790462 0.819744 0.882537 0.658866 0.840157
0.760450 0.649109 0.677298 0.662877 0.665893 0.698307 0.661220 0.655413 0.779538 0.709976 0.713369 0.684385 0.677681 0.771551 0.829472 0.661435 0.660882 1.000000 0.763641 0.724229 0.733939 0.774439 0.792448 0.883014 0.805447 0.737927 0.665737 0.587553 0.826430
0.742347 0.695193 0.701872 0.708227 0.703876 0.716751 0.698404 0.703888 0.727439 0.716197 0.758304 0.704231 0.708677 0.716203 0.721383 0.686905 0.698805 0.763641 1.000000 0.843743 0.782408 0.853643 0.735793 0.736577 0.867023 0.714152 0.689453 0.678178 0.721335
0.652480 0.721935 0.724105 0.771689 0.759566 0.761903 0.766042 0.775669 0.814403 0.796398 0.842123 0.754020 0.761728 0.797437 0.775895 0.753051 0.787162 0.724229 0.843743 1.000000 0.843644 0.830705 0.739000 0.746789 0.845996 0.709764 0.727741 0.692579 0.757754
0.633037 0.699641 0.708764 0.714551 0.719182 0.713254 0.731343 0.725603 0.784780 0.766141 0.810961 0.733883 0.747964 0.795111 0.778769 0.775178 0.774397 0.733939 0.782408 0.843644 1.000000 0.830593 0.748137 0.784732 0.886175 0.733724 0.769193 0.676045 0.814921
0.617921 0.705795 0.713317 0.725238 0.732411 0.782539 0.769517 0.758830 0.825215 0.805981 0.793834 0.776309 0.743242 0.829250 0.826373 0.776480 0.782730 0.774439 0.853643 0.830705 0.830593 1.000000 0.812686 0.799049 0.854603 0.702831 0.743450 0.669663 0.804979
0.637648 0.696718 0.702814 0.705087 0.709036 0.719351 0.725610 0.714508 0.803486 0.764603 0.740502 0.726699 0.718586 0.794549 0.836057 0.741673 0.735302 0.792448 0.735793 0.739000 0.748137 0.812686 1.000000 0.839798 0.802804 0.708052 0.730029 0.674061 0.813655
0.556349 0.663081 0.689008 0.652675 0.684870 0.665722 0.721646 0.698033 0.823140 0.759223 0.733995 0.741589 0.715035 0.851013 0.889121 0.781637 0.758517 0.883014 0.736577 0.746789 0.784732 0.799049 0.839798 1.000000 0.863035 0.718336 0.779870 0.596618 0.914680
0.563659 0.679080 0.699163 0.693466 0.706723 0.689235 0.737455 0.725292 0.822296 0.778377 0.807216 0.746546 0.755762 0.838605 0.841253 0.805080 0.790462 0.805447 0.867023 0.845996 0.886175 0.854603 0.802804 0.863035 1.000000 0.775502 0.810675 0.618839 0.894463
0.718620 0.678837 0.691852 0.716956 0.697711 0.767608 0.727168 0.719656 0.715139 0.744382 0.720911 0.743946 0.791586 0.754318 0.723828 0.866065 0.819744 0.737927 0.714152 0.709764 0.733724 0.702831 0.708052 0.718336 0.775502 1.000000 0.890622 0.604966 0.825301
0.493606 0.681221 0.704384 0.691868 0.712787 0.711193 0.772998 0.751877 0.780899 0.792175 0.740190 0.790964 0.831111 0.843012 0.793889 0.948792 0.882537 0.665737 0.689453 0.727741 0.769193 0.743450 0.730029 0.779870 0.810675 0.890622 1.000000 0.610755 0.903480
0.660238 0.813953 0.740709 0.807954 0.746455 0.778446 0.718107 0.726015 0.666956 0.676213 0.691726 0.689884 0.681291 0.619426 0.639734 0.618215 0.658866 0.587553 0.678178 0.692579 0.676045 0.669663 0.674061 0.596618 0.618839 0.604966 0.610755 1.000000 0.552716
0.000000 0.657649 0.693747 0.660196 0.695385 0.682284 0.757498 0.729437 0.856257 0.801654 0.757480 0.777610 0.781706 0.909766 0.898330 0.887588 0.840157 0.826430 0.721335 0.757754 0.814921 0.804979 0.813655 0.914680 0.894463 0.825301 0.903480 0.552716 1.000000
