1.000000 0.874401 0.868216 0.951244 0.879415 0.980953 0.941420 0.735839 0.832490 0.888515 0.879992 0.927479 0.796895 0.983712 0.819767 0.928650 0.989327 0.907230 0.855020 0.785188 0.880354 0.946433 0.908200 0.926101 0.883470 0.841730 0.900603 0.723895 0.621319 
0.874401 1.000000 0.835768 0.714955 0.860775 0.927531 0.964277 0.955265 0.764459 0.793539 0.599962 0.827962 0.793238 0.797411 0.810288 0.807082 0.855879 0.931498 0.843067 0.707867 0.877844 0.838669 0.945985 0.950725 0.868349 0.959277 0.930897 0.942726 0.865707 
0.868216 0.835768 1.000000 0.716546 0.941288 0.920948 0.902427 0.713263 0.984943 0.988212 0.587432 0.977839 0.991051 0.812544 0.992831 0.933936 0.872551 0.946610 0.998531 0.815562 0.988275 0.869141 0.937160 0.935606 0.935066 0.855508 0.941590 0.739218 0.604445 
0.951244 0.714955 0.716546 1.000000 0.726568 0.883627 0.808732 0.567264 0.702362 0.778206 0.982955 0.830964 0.623957 0.985673 0.653575 0.845287 0.947925 0.755323 0.695412 0.669459 0.718899 0.877152 0.759937 0.783666 0.735555 0.671387 0.751274 0.538864 0.470130 
0.879415 0.860775 0.941288 0.726568 1.000000 0.915372 0.933558 0.729242 0.910481 0.913826 0.596327 0.905553 0.921748 0.809122 0.935168 0.954514 0.877552 0.914815 0.938911 0.943760 0.972530 0.932410 0.906898 0.923694 0.997880 0.859329 0.965459 0.742211 0.610817 
0.980953 0.927531 0.920948 0.883627 0.915372 1.000000 0.981537 0.816125 0.879361 0.920758 0.786651 0.951827 0.867834 0.946769 0.883466 0.935037 0.978718 0.970295 0.916381 0.797048 0.935822 0.947708 0.971116 0.980944 0.918559 0.923120 0.950920 0.821519 0.707713 
0.941420 0.964277 0.902427 0.808732 0.933558 0.981537 1.000000 0.882792 0.851487 0.879325 0.695754 0.906382 0.858637 0.886112 0.875710 0.916036 0.942782 0.971882 0.905032 0.822961 0.939174 0.945022 0.979571 0.989840 0.939054 0.966194 0.974437 0.890553 0.783963 
0.735839 0.955265 0.713263 0.567264 0.729242 0.816125 0.882792 1.000000 0.642051 0.659361 0.457761 0.697087 0.682977 0.658162 0.697923 0.664115 0.730971 0.847906 0.732592 0.560167 0.764904 0.715224 0.881216 0.873211 0.744090 0.935687 0.848705 0.983950 0.969866 
0.832490 0.764459 0.984943 0.702362 0.910481 0.879361 0.851487 0.642051 1.000000 0.989202 0.583192 0.970926 0.981073 0.792314 0.988212 0.939099 0.852934 0.899423 0.983021 0.793696 0.965759 0.851967 0.896061 0.891235 0.904189 0.792740 0.906286 0.665641 0.548311 
0.888515 0.793539 0.988212 0.778206 0.913826 0.920758 0.879325 0.659361 0.989202 1.000000 0.668912 0.993448 0.970737 0.857367 0.974945 0.947750 0.899090 0.923167 0.982536 0.796781 0.965372 0.878455 0.915214 0.913856 0.908909 0.810798 0.916162 0.678362 0.556035 
0.879992 0.599962 0.587432 0.982955 0.596327 0.786651 0.695754 0.457761 0.583192 0.668912 1.000000 0.730546 0.484073 0.940633 0.517868 0.748046 0.877963 0.629972 0.562966 0.554771 0.585639 0.788453 0.638684 0.664783 0.608489 0.544751 0.628021 0.417811 0.375720 
0.927479 0.827962 0.977839 0.830964 0.905553 0.951827 0.906382 0.697087 0.970926 0.993448 0.730546 1.000000 0.947345 0.902145 0.955499 0.949374 0.934784 0.939876 0.971306 0.776247 0.958758 0.896766 0.935299 0.935886 0.902873 0.837410 0.923520 0.711458 0.592664 
0.796895 0.793238 0.991051 0.623957 0.921748 0.867834 0.858637 0.682977 0.981073 0.970737 0.484073 0.947345 1.000000 0.733871 0.994597 0.897387 0.806767 0.920865 0.993462 0.800448 0.975324 0.818788 0.908386 0.901720 0.913813 0.829684 0.916896 0.718559 0.582256 
0.983712 0.797411 0.812544 0.985673 0.809122 0.946769 0.886112 0.658162 0.792314 0.857367 0.940633 0.902145 0.733871 1.000000 0.757194 0.902223 0.985177 0.853722 0.797008 0.731299 0.815620 0.925631 0.855211 0.873265 0.816126 0.774559 0.838453 0.644186 0.556238 
0.819767 0.810288 0.992831 0.653575 0.935168 0.883466 0.875710 0.697923 0.988212 0.974945 0.517868 0.955499 0.994597 0.757194 1.000000 0.921696 0.830295 0.922889 0.994695 0.807599 0.985591 0.840390 0.915857 0.913123 0.929641 0.835313 0.933220 0.727506 0.596468 
0.928650 0.807082 0.933936 0.845287 0.954514 0.935037 0.916036 0.664115 0.939099 0.947750 0.748046 0.949374 0.897387 0.902223 0.921696 1.000000 0.947710 0.895272 0.926194 0.898313 0.949205 0.969397 0.897731 0.912374 0.955003 0.812010 0.935367 0.667639 0.559585 
0.989327 0.855879 0.872551 0.947925 0.877552 0.978718 0.942782 0.730971 0.852934 0.899090 0.877963 0.934784 0.806767 0.985177 0.830295 0.947710 1.000000 0.912420 0.862832 0.792285 0.885627 0.967578 0.918770 0.933326 0.882625 0.852769 0.905661 0.727537 0.631517 
0.907230 0.931498 0.946610 0.755323 0.914815 0.970295 0.971882 0.847906 0.899423 0.923167 0.629972 0.939876 0.920865 0.853722 0.922889 0.895272 0.912420 1.000000 0.951013 0.778468 0.957884 0.896141 0.992834 0.992489 0.915245 0.962945 0.957351 0.877510 0.746509 
0.855020 0.843067 0.998531 0.695412 0.938911 0.916381 0.905032 0.732592 0.983021 0.982536 0.562966 0.971306 0.993462 0.797008 0.994695 0.926194 0.862832 0.951013 1.000000 0.808997 0.989917 0.862644 0.943511 0.940332 0.934116 0.869120 0.947334 0.761503 0.629183 
0.785188 0.707867 0.815562 0.669459 0.943760 0.797048 0.822961 0.560167 0.793696 0.796781 0.554771 0.776247 0.800448 0.731299 0.807599 0.898313 0.792285 0.778468 0.808997 1.000000 0.857088 0.903992 0.762388 0.788129 0.941699 0.718457 0.858836 0.568520 0.448314 
0.880354 0.877844 0.988275 0.718899 0.972530 0.935822 0.939174 0.764904 0.965759 0.965372 0.585639 0.958758 0.975324 0.815620 0.985591 0.949205 0.885627 0.957884 0.989917 0.857088 1.000000 0.901887 0.952814 0.958060 0.970855 0.893124 0.975319 0.788998 0.655207 
0.946433 0.838669 0.869141 0.877152 0.932410 0.947708 0.945022 0.715224 0.851967 0.878455 0.788453 0.896766 0.818788 0.925631 0.840390 0.969397 0.967578 0.896141 0.862644 0.903992 0.901887 1.000000 0.902496 0.921380 0.935832 0.855342 0.926280 0.718511 0.617817 
0.908200 0.945985 0.937160 0.759937 0.906898 0.971116 0.979571 0.881216 0.896061 0.915214 0.638684 0.935299 0.908386 0.855211 0.915857 0.897731 0.918770 0.992834 0.943511 0.762388 0.952814 0.902496 1.000000 0.996493 0.909197 0.974894 0.963936 0.902568 0.795395 
0.926101 0.950725 0.935606 0.783666 0.923694 0.980944 0.989840 0.873211 0.891235 0.913856 0.664783 0.935886 0.901720 0.873265 0.913123 0.912374 0.933326 0.992489 0.940332 0.788129 0.958060 0.921380 0.996493 1.000000 0.927334 0.972595 0.974011 0.894802 0.776840 
0.883470 0.868349 0.935066 0.735555 0.997880 0.918559 0.939054 0.744090 0.904189 0.908909 0.608489 0.902873 0.913813 0.816126 0.929641 0.955003 0.882625 0.915245 0.934116 0.941699 0.970855 0.935832 0.909197 0.927334 1.000000 0.864817 0.973954 0.755413 0.629991 
0.841730 0.959277 0.855508 0.671387 0.859329 0.923120 0.966194 0.935687 0.792740 0.810798 0.544751 0.837410 0.829684 0.774559 0.835313 0.812010 0.852769 0.962945 0.869120 0.718457 0.893124 0.855342 0.974894 0.972595 0.864817 1.000000 0.935191 0.963679 0.862609 
0.900603 0.930897 0.941590 0.751274 0.965459 0.950920 0.974437 0.848705 0.906286 0.916162 0.628021 0.923520 0.916896 0.838453 0.933220 0.935367 0.905661 0.957351 0.947334 0.858836 0.975319 0.926280 0.963936 0.974011 0.973954 0.935191 1.000000 0.861862 0.755001 
0.723895 0.942726 0.739218 0.538864 0.742211 0.821519 0.890553 0.983950 0.665641 0.678362 0.417811 0.711458 0.718559 0.644186 0.727506 0.667639 0.727537 0.877510 0.761503 0.568520 0.788998 0.718511 0.902568 0.894802 0.755413 0.963679 0.861862 1.000000 0.944703 
0.621319 0.865707 0.604445 0.470130 0.610817 0.707713 0.783963 0.969866 0.548311 0.556035 0.375720 0.592664 0.582256 0.556238 0.596468 0.559585 0.631517 0.746509 0.629183 0.448314 0.655207 0.617817 0.795395 0.776840 0.629991 0.862609 0.755001 0.944703 1.000000 
