0.0000 16.1245 15.0997 8.3666 11.4018 12.4900 14.0712 16.6733 11.1355 14.9666 12.0830 15.6205 18.4932 14.4222 15.5563 13.8564 9.1652 15.0997 10.5830 15.7480 14.7648 10.5830 14.2829 8.9443 12.1655 10.8628 13.4164 13.9284 13.7840 11.6619 45.4643 44.4635 46.0109 45.7930 46.0109 44.9110 45.5082 46.0109 45.7930 45.9456 46.0109 43.9886 45.7712 45.8803 46.0109 46.0109 45.7056 45.7930 45.1996 45.9456 45.7056 45.7930 45.0222 45.9674 45.5741 45.6180 45.4643 45.4423 44.2380 45.9021 20.2978 17.6068 25.9230 23.8328 20.5426 25.2190 21.3542 24.3311 20.3961 23.4094 24.7790 21.0713 30.3974 24.0832 20.1494 21.7256 22.0454 21.0238 20.4450 22.0000 15.7480 24.0416 16.7929 25.8070 22.6274 20.0998 17.7482 22.3383 19.0788 20.0998 34.2053 38.3406 40.9268 39.1024 33.4365 38.6652 41.8091 38.0789 36.0832 36.3593 37.0540 36.0278 37.4967 38.8330 36.0278 37.0000 38.0263 36.3180 41.0731 34.8281 38.5616 39.4208 34.6699 39.5095 36.3180 39.9500 38.8587 38.8458 33.6749 40.0874 39.2301 39.3700 35.6931 37.2693 36.6606 36.5513 37.0675 37.5633 39.4715 37.7889 41.6653 37.9737 36.1386 39.7115 40.5832 36.4143 36.3731 40.3733 37.3229 38.9102 39.6358 39.0384 38.5227 40.8779 37.4700 37.3765 41.3642 39.4208 40.1622 39.9375
16.1245 0.0000 17.6068 14.6287 14.4222 12.7279 15.8114 21.8632 15.0333 11.8322 16.3707 15.8114 23.4947 10.8628 18.1108 17.2047 11.6619 16.9706 16.6733 14.2829 15.0997 14.8997 12.5698 15.6844 17.7764 14.0712 15.8745 16.2481 14.8324 13.9284 43.4856 43.4396 44.0795 43.9659 44.0795 43.1161 43.8520 44.0795 44.2154 43.9659 44.0795 42.9767 43.8292 43.8748 44.0795 44.0795 43.7150 44.1701 43.3705 43.9659 43.8064 43.9659 43.6692 44.0114 43.7607 43.8976 43.4396 43.5086 43.2551 43.8520 16.1245 17.1464 21.4476 20.7364 18.9209 18.8680 19.5959 18.4932 16.6733 16.3095 19.3907 17.4929 26.6083 18.8149 17.6068 16.9706 15.6205 17.5499 19.1833 17.6068 20.6398 16.6132 12.8841 19.4936 18.0555 16.0624 17.9722 18.8944 15.2971 20.6882 29.3939 33.1059 35.0000 32.9090 30.0333 32.4191 35.9722 34.1174 29.6985 30.7571 30.8058 31.0483 31.3369 33.1361 30.8545 31.7648 32.3419 32.0468 35.0571 29.8831 33.8969 35.1568 30.4959 32.9697 31.3209 33.5261 32.8634 34.5688 29.8329 34.4819 36.9188 34.9285 32.3419 35.9026 34.0588 32.8938 34.7275 34.3657 35.9166 34.1760 38.2099 34.8425 33.3467 37.0000 38.1445 32.5269 32.8177 37.2022 33.6898 35.3553 36.8646 36.6879 34.7851 36.9188 35.0428 34.1321 38.3014 36.0555 37.0270 37.1618
15.0997 17.6068 0.0000 15.5563 13.7840 14.2127 18.7617 19.4422 13.6382 15.4919 14.3527 14.4222 18.5472 14.0712 16.3707 11.7473 14.8324 16.8523 14.4914 8.0000 15.4919 11.1355 16.8523 14.5602 17.1464 16.0624 18.8680 12.8062 16.3707 10.2956 46.9787 45.5082 47.2969 47.1275 47.2969 46.0326 46.8508 47.2969 47.3392 47.2335 47.2969 45.3321 47.0638 47.3181 47.2969 47.2969 47.1487 47.3181 46.5725 47.2335 47.0213 47.1275 46.6798 47.4025 47.1487 46.8081 46.9574 46.2925 45.9674 47.3181 16.9706 21.8174 28.2135 26.6458 21.8632 26.9444 24.8596 26.0768 21.0238 24.3721 26.9072 24.5357 32.8329 25.9615 19.9499 21.3073 24.3721 23.7065 22.9783 25.4165 22.6716 26.0384 21.0713 29.5635 27.2764 23.8747 23.1301 25.6710 17.4356 24.6982 36.9594 39.3954 41.3159 40.5832 35.0714 38.8458 42.4264 38.2884 37.0405 36.4692 38.6394 38.5487 37.7359 40.9390 37.3363 39.6106 38.5487 36.9730 43.0232 36.7015 40.8534 40.1248 37.5233 40.7308 36.2353 41.7612 40.5216 40.2865 35.6371 40.6571 41.0000 40.4722 36.3043 38.9487 38.4708 38.2884 37.2827 38.5616 40.9145 38.7556 42.7317 40.1497 38.0789 40.8044 42.5088 38.1838 37.7227 42.3556 38.3536 40.8656 41.7971 40.4722 39.0384 42.0119 39.0896 37.5633 42.7434 40.7431 41.5331 40.8289
8.3666 14.6287 15.5563 0.0000 14.3527 11.3137 15.6205 15.2971 10.0000 12.3288 11.9164 14.7648 18.8680 13.0384 13.0384 14.2829 12.6491 13.1149 8.3666 14.1421 12.8841 9.0554 12.2474 7.6158 12.4900 11.4018 11.7473 13.1909 14.5602 12.4097 43.7607 43.3013 44.4410 44.3734 44.4410 43.3244 44.1701 44.4410 44.0795 44.3509 44.4410 42.3674 44.1701 44.2832 44.4410 44.4410 44.1701 44.3058 43.5316 44.3509 44.2380 44.3734 43.4856 44.3959 43.8976 44.1248 43.9659 43.8976 43.0232 44.2606 16.7332 15.2315 22.0907 21.4476 19.0263 20.8806 18.6011 21.6333 17.6068 20.0000 21.6333 17.3781 26.7208 21.0238 17.0294 16.0624 17.3781 17.7764 17.6635 21.4009 15.8114 20.3961 12.4900 21.4476 20.0998 17.2047 17.5214 17.8045 14.8997 14.8997 30.8545 35.0428 37.3765 35.3695 30.2324 34.8569 37.6298 35.0999 33.1361 32.8938 33.4813 33.0151 33.1662 35.3553 32.2800 34.3657 34.4384 32.9697 37.4566 31.5436 35.1426 36.0278 31.2410 36.0694 32.2955 37.7359 35.6090 35.1426 31.3050 36.6742 37.4032 37.0945 32.9545 34.7994 34.1760 34.0588 35.0714 35.4260 37.7094 34.8138 39.6485 35.8050 34.0588 37.7227 38.6135 33.2265 34.3366 37.8946 35.7631 36.2491 37.3765 37.2559 35.5809 38.3797 35.4683 34.7707 39.1024 37.2827 37.6962 37.6696
11.4018 14.4222 13.7840 14.3527 0.0000 11.9164 14.7648 15.5563 12.1655 14.2829 9.3808 16.1245 20.0998 14.4914 14.6969 14.6287 10.0000 17.6635 13.9284 15.0997 15.6205 13.4907 13.0384 10.7703 13.6382 12.8062 13.4164 13.5647 11.1355 11.4891 45.6399 44.3509 46.2925 45.9891 46.2925 44.9778 45.7930 46.2925 46.5510 46.1628 46.2925 45.0444 46.0760 46.1411 46.2925 46.2925 45.8367 46.2925 45.3321 46.1628 45.9021 45.9891 45.7493 46.2925 45.9456 45.7712 45.5302 45.5741 44.5758 46.1411 18.7083 18.8149 25.2982 24.2899 17.8326 25.6515 22.8910 22.9347 20.0000 24.4131 23.0651 20.8327 32.1870 23.9165 20.6398 20.8806 22.2261 21.4009 21.4009 20.4939 17.8326 24.2487 18.7083 24.2899 24.5357 20.7846 19.1050 23.9792 20.0499 23.7908 35.0428 37.8682 39.5348 39.2301 32.8634 38.1969 41.0366 36.7423 35.7771 35.5246 37.0540 35.9166 36.8239 39.0640 35.2420 36.9730 37.3631 35.6230 40.4351 34.2491 38.4318 38.7556 35.2704 38.4578 36.2353 38.7814 37.9210 38.7685 33.1964 38.3797 39.3827 39.4462 35.3553 37.7492 38.0526 37.0135 36.8782 37.2693 39.7240 38.8330 41.9524 39.0128 37.3898 39.8372 41.4367 37.1484 36.9188 40.9878 37.0000 38.9615 40.4846 39.8246 38.8844 41.0731 37.8946 38.1182 41.5812 40.8167 40.4846 40.3609
12.4900 12.7279 14.2127 11.3137 11.9164 0.0000 14.4914 15.2315 9.6954 10.0000 10.5830 16.3707 18.2209 10.1980 11.3137 15.3623 12.9615 15.1658 11.3137 11.3137 8.0000 11.9164 11.3137 9.5917 15.0333 12.6491 10.2956 9.6954 8.8318 11.3137 43.8064 43.3705 44.6654 44.6654 44.6654 43.4626 44.7325 44.6654 44.4860 44.4410 44.6654 42.8836 44.4410 44.4635 44.6654 44.6654 44.2832 44.7549 43.6234 44.4410 44.6206 44.6654 44.1701 44.7102 44.0795 44.3283 44.1022 44.3509 43.6692 44.3734 15.9374 18.5472 22.1811 20.9762 17.6635 21.8174 21.4476 20.2485 18.6011 19.0263 21.5870 19.2873 27.6405 19.7484 18.2757 16.4317 18.6548 17.3781 18.9209 20.2485 17.1464 21.4942 14.2127 21.7256 21.8632 18.1659 20.0749 18.3576 15.2315 18.5472 31.7175 36.0555 37.8814 36.8917 31.3688 35.8190 39.3192 35.1852 33.3167 33.0151 34.7707 34.2929 33.7343 36.6606 33.2866 33.8674 35.2420 33.2114 38.1707 32.2645 35.8748 36.5240 33.1964 36.6197 34.2491 36.6060 35.5246 36.6742 32.4345 37.8021 37.9868 37.6829 33.5261 35.1994 35.0714 34.5832 34.7851 35.0286 37.7359 35.8887 39.9249 35.5809 34.6121 37.7492 39.4588 33.8231 34.0147 38.8072 35.3412 36.5240 38.4318 37.7624 36.2491 38.7685 36.4966 34.9142 39.8873 37.5766 37.8814 38.5097
14.0712 15.8114 18.7617 15.6205 14.7648 14.4914 0.0000 16.1864 16.3707 18.1659 15.3623 17.4356 17.7200 15.5563 16.8523 18.7617 12.8841 13.7113 13.9284 18.9209 15.4272 14.2829 14.8997 16.5529 12.3288 8.0000 16.3095 14.8997 16.3095 12.2474 46.0109 45.3762 46.5510 46.4220 46.5510 45.9891 46.5081 46.5510 46.2925 46.5940 46.5510 45.0000 46.5725 46.4650 46.5510 46.5510 46.3357 46.3141 46.2709 46.5940 46.1844 46.4220 45.9891 46.4435 46.0543 46.1411 46.2277 45.5302 45.4863 46.4650 20.2485 20.9762 25.5734 23.6643 22.3159 25.6125 24.1247 25.5343 23.4521 23.5372 25.0200 21.8632 31.5911 23.2809 21.4476 21.1187 23.4094 19.3391 21.2603 26.1151 21.3073 22.0454 19.0788 25.0599 23.5797 20.6882 20.8087 23.4307 18.1659 22.0000 33.7046 38.1051 37.9342 39.2046 34.2053 38.4578 41.4005 36.8511 33.2866 35.6651 37.1618 35.9166 36.1939 37.4700 35.6931 35.6791 37.0135 36.2353 39.9625 34.8569 38.3014 39.3446 34.8712 37.5633 36.2905 36.9594 37.2559 38.5616 35.3553 38.5357 39.9875 38.7556 36.2215 37.9605 38.3145 36.9594 38.2361 37.8814 40.0500 38.9102 42.2611 37.9737 37.3095 40.4846 41.0000 37.0405 36.7287 40.2244 37.5633 39.3446 40.3856 40.5216 39.3700 41.1461 37.8153 38.3014 42.3910 39.7744 40.9268 40.5093
16.6733 21.8632 19.4422 15.2971 15.5563 15.2315 16.1864 0.0000 14.0000 19.3391 13.0384 17.8326 16.3707 19.2873 13.9284 17.7200 19.5448 14.9666 11.9164 20.3961 15.3623 16.4317 16.1245 13.0384 11.9164 14.1421 13.7113 15.0997 15.8114 15.0333 45.8585 44.5982 46.7654 46.6583 46.7654 45.4203 46.5940 46.7654 46.5081 46.6154 46.7654 44.6878 46.5296 46.5940 46.7654 46.7654 46.4866 46.6798 45.6399 46.6154 46.6583 46.6583 46.0109 46.7654 46.2925 46.2493 46.2277 46.3141 45.1331 46.5940 19.9499 23.0651 25.9230 24.7790 21.4476 24.4540 23.9583 25.6515 25.5343 25.4165 24.7386 21.8174 32.5883 24.1661 22.3159 18.6548 23.8747 19.5448 22.3607 28.4253 19.2873 25.8457 20.6882 23.8747 26.3818 22.5832 23.7276 23.1301 18.3303 20.5913 34.7563 38.0526 37.8814 39.9625 32.8938 38.8201 40.7676 35.2136 35.3836 35.2420 38.0395 36.7967 35.1283 38.8072 34.0000 37.5633 36.9324 35.0286 40.2865 34.3366 38.5616 39.1152 35.5246 38.4057 36.3180 39.2173 37.8682 38.1707 35.7491 37.9078 40.2119 40.0250 36.1109 37.5100 38.7040 37.1214 38.1314 38.1182 40.8412 39.5474 43.3590 39.7492 37.6563 40.4104 42.3674 37.2022 37.9078 41.7133 38.6652 39.4968 41.2432 41.1825 38.7040 42.5558 38.5487 39.2810 42.3674 42.1900 41.0488 40.9756
11.1355 15.0333 13.6382 10.0000 12.1655 9.6954 16.3707 14.0000 0.0000 11.0454 12.4097 13.6382 13.1909 12.5698 14.6287 12.7279 11.8322 12.0830 6.4807 11.8322 10.8628 8.7178 14.2127 9.3808 12.4900 12.2474 11.4891 8.8318 9.8995 12.3288 44.4410 43.3474 45.1774 45.0888 45.1774 44.0341 44.8888 45.1774 45.1774 45.0666 45.1774 43.3474 44.9555 45.0000 45.1774 45.1774 44.8665 45.1553 44.1701 45.0666 45.0888 45.0888 44.5982 45.1331 44.7996 44.7996 44.7549 44.7549 43.8976 44.9778 15.8114 18.2757 24.8998 22.0454 18.4932 23.3666 19.5959 20.9762 18.3848 20.7846 21.6795 18.8680 28.3549 21.5407 17.2627 18.5472 20.8806 18.5472 17.7764 20.1494 15.8114 22.6274 15.7480 22.4054 21.2132 18.8680 21.0000 19.6723 15.7480 15.9374 32.7109 36.1939 38.1969 36.4555 31.6544 36.0139 39.5474 35.0999 33.9706 33.4664 34.6266 35.1568 34.2929 37.7359 33.5261 35.1710 34.8712 33.3017 38.8973 32.4500 37.2156 37.7889 33.8231 37.5899 34.0441 38.3667 36.8782 37.6165 32.7719 38.0657 38.6911 38.0526 33.9411 36.2905 35.3836 35.2420 35.6371 35.9305 38.6264 36.7696 40.7185 37.6032 35.4119 38.2753 40.3856 34.8138 35.1994 39.3954 36.6197 37.3898 39.2301 38.7040 36.3868 39.3827 37.1214 35.7351 40.6817 38.9102 39.1024 38.8716
14.9666 11.8322 15.4919 12.3288 14.2829 10.0000 18.1659 19.3391 11.0454 0.0000 11.4018 15.5563 20.8327 9.8995 16.8523 14.8324 13.1149 14.6969 13.5647 12.1655 11.6619 12.4900 15.3623 11.4891 15.7480 13.6382 12.0830 11.1355 10.4881 13.8564 43.0232 42.6966 43.4396 43.4856 43.4396 42.8602 43.4166 43.4396 43.4396 43.3244 43.4396 42.3202 43.3705 43.3244 43.4396 43.4396 43.0929 43.4856 42.8369 43.3244 43.4626 43.4856 43.1625 43.4626 42.9767 43.2319 43.3013 43.3474 42.8602 43.1856 13.4164 15.8114 19.1311 17.4356 17.0880 20.3470 18.2757 17.0880 15.6205 15.9374 17.3781 16.3707 25.6125 17.7200 14.8997 14.3527 17.0294 16.0000 16.4924 15.1658 15.2315 18.7083 13.5647 20.6882 19.9499 15.9374 18.5203 17.5214 13.4907 16.3707 28.1425 30.8221 34.0147 31.2570 26.6833 31.0000 34.0000 31.9061 29.1548 28.8791 29.0689 29.4958 30.0333 32.7414 28.8791 30.4467 29.4618 29.0689 33.6303 27.9464 31.7017 32.3419 28.3549 32.2955 28.7924 33.7343 31.6544 32.4808 28.2135 32.7567 36.6742 35.6931 31.3688 34.0441 33.3467 33.2866 33.1361 33.8083 36.6060 33.8526 38.9102 34.8425 33.5261 36.3731 37.8021 32.4037 33.1210 36.9865 34.1906 35.3553 36.7287 35.7491 34.3802 36.4829 35.2420 33.0606 37.7757 36.0555 37.2424 36.3731
12.0830 16.3707 14.3527 11.9164 9.3808 10.5830 15.3623 13.0384 12.4097 11.4018 0.0000 15.0997 20.0000 13.5647 12.4097 13.1149 13.0384 16.0624 12.5698 15.1658 13.1909 12.8062 12.7279 7.0711 10.8628 11.9164 9.4868 11.2250 11.5758 10.5830 43.9204 42.9535 44.4410 44.3283 44.4410 43.5086 44.1928 44.4410 44.3959 44.3058 44.4410 43.1161 44.3283 44.3283 44.4410 44.4410 44.0341 44.3734 43.6005 44.3058 44.3283 44.3283 43.8748 44.4860 43.9204 44.0341 44.0795 44.1701 43.0465 44.2380 15.3623 16.3707 20.1494 20.3961 16.1864 22.4944 20.6882 21.5870 18.8680 21.5407 20.3470 18.1659 28.3196 20.8327 18.0000 15.6844 19.1833 18.0000 18.7083 20.7364 13.9284 21.7715 17.0880 22.3159 23.4094 17.7764 16.8819 20.2731 16.2481 19.8494 31.4006 34.0588 36.0416 36.0971 28.6356 34.9714 37.2290 33.0757 32.4962 31.6860 34.4819 32.2490 32.9848 35.1852 31.6860 33.8083 33.9706 31.9531 36.8646 31.0000 34.3657 34.5832 31.4006 35.3129 32.6037 35.9166 34.2637 34.4819 30.2324 35.0856 37.4299 37.6032 33.1361 34.7994 35.6931 34.8425 34.6410 35.4542 38.0263 36.2491 40.5956 36.5240 35.2136 37.7757 39.1535 34.6121 35.2846 38.9872 35.4542 36.7423 38.1182 37.3898 36.7967 39.1280 35.9722 35.5668 39.2810 38.2623 38.5876 38.2492
15.6205 15.8114 14.4222 14.7648 16.1245 16.3707 17.4356 17.8326 13.6382 15.5563 15.0997 0.0000 18.9209 12.5698 18.8680 7.3485 15.2971 14.2829 14.4222 14.2829 16.8523 12.1655 18.1108 14.7648 11.8322 13.2665 16.4924 14.4222 16.4924 9.8995 45.2659 44.1475 45.5961 45.4863 45.5961 44.5758 44.7772 45.5961 45.6837 45.6399 45.5961 43.8520 45.3982 45.5522 45.5961 45.5961 45.3100 45.4203 44.6878 45.6399 45.4203 45.4863 44.6878 45.5302 45.1996 45.1774 45.5741 44.9110 44.1022 45.4863 16.3707 17.8326 24.2074 22.4944 20.6398 21.4476 21.2603 23.8747 21.1660 19.0788 23.1517 21.0713 28.5307 22.4944 17.4929 19.3907 22.0907 19.7484 20.8806 23.7065 17.4929 20.3470 17.7764 25.6125 22.8035 18.9737 19.0000 22.2486 15.1658 19.1311 32.0312 35.2704 36.2353 36.4005 31.0805 35.3977 38.7814 34.0881 31.3688 32.5883 34.3366 33.6749 34.1467 36.1109 32.9242 34.7131 34.8999 34.2199 38.7427 32.8786 36.6742 37.4433 33.9706 36.6197 33.8378 35.8050 35.8608 36.6742 32.3419 36.8375 38.3797 36.8511 35.1568 37.3229 36.0000 34.5832 36.2215 36.5103 37.5766 36.0278 40.4228 38.2099 35.2704 38.4318 40.6817 35.4401 35.9026 39.3192 36.3456 38.2623 38.4838 38.3145 36.2767 39.6106 36.4966 36.7015 40.8779 38.7298 39.8372 39.2556
18.4932 23.4947 18.5472 18.8680 20.0998 18.2209 17.7200 16.3707 13.1909 20.8327 20.0000 18.9209 0.0000 20.3470 21.4942 17.7200 18.6011 12.5698 12.3288 19.0788 16.6132 15.6844 20.2978 18.9209 15.1658 15.4919 19.4422 14.6287 18.5472 17.8326 47.3392 45.7275 48.0521 47.9896 48.0521 47.2758 47.9479 48.0521 47.9687 48.0521 48.0521 46.0109 48.0312 47.9479 48.0521 48.0521 47.8853 47.9062 47.3814 48.0521 47.9896 47.9896 47.6340 47.9687 47.6970 47.5500 47.9270 47.4868 46.9574 47.9479 21.2132 26.4197 32.2180 27.7128 27.1293 30.6920 25.8844 28.5307 25.4165 27.3130 28.6356 25.5343 33.7639 27.0924 22.7596 25.2982 28.0000 24.6982 23.6220 29.3598 23.1948 29.3939 24.4949 28.3549 27.2029 24.9399 27.1477 26.4764 20.8327 20.6882 39.5727 42.4500 42.9767 42.4382 38.8072 42.5558 45.8039 40.3980 38.9872 39.5727 42.0595 42.2137 39.7240 43.6119 40.4969 41.8927 40.6202 39.5095 45.1996 38.8716 44.5758 45.0999 40.6940 43.6463 40.0625 44.3170 43.6578 44.3283 40.2989 44.0795 42.9069 41.4246 38.5487 40.0375 39.1918 39.2938 39.5727 39.7618 42.5911 41.6173 44.1588 41.6653 38.8587 41.9643 44.0341 39.2173 39.2301 43.3590 40.3609 41.4246 43.4396 43.0116 40.0749 43.2319 40.8167 39.2556 44.7102 42.4500 43.4856 42.6263
14.4222 10.8628 14.0712 13.0384 14.4914 10.1980 15.5563 19.2873 12.5698 9.8995 13.5647 12.5698 20.3470 0.0000 15.6205 12.4900 13.0384 13.7840 14.3527 9.5917 9.3808 13.1149 15.2315 13.4164 14.7648 12.1655 15.0333 14.0712 10.6771 10.0995 44.7772 44.4185 45.1774 45.1996 45.1774 44.3959 44.9778 45.1774 45.0444 45.1110 45.1774 43.5546 45.0444 45.0888 45.1774 45.1774 44.8888 45.1331 44.5084 45.1110 45.1110 45.1996 44.5982 45.1774 44.6878 44.9333 45.0444 44.6654 44.3509 44.9778 17.3781 18.1659 22.7156 20.5426 20.5426 20.5426 21.8632 20.0000 19.5448 16.9115 22.4054 20.2485 26.9444 18.7617 16.7332 16.8523 18.8680 18.0000 20.9284 19.7484 19.2354 18.2757 14.2829 22.4944 21.4476 18.9209 19.4165 19.6723 13.8564 18.1659 31.1127 35.8050 37.6165 35.0000 30.1662 34.3366 39.2938 35.9166 32.3110 32.0624 33.4515 33.4365 33.7343 35.1283 33.2566 34.0441 34.5543 34.1614 38.1707 31.5119 35.2846 36.9053 31.6860 35.5949 33.9264 36.1386 36.3043 37.1080 31.3050 36.7015 38.5097 37.0945 33.7639 36.0139 35.3553 34.0294 35.2136 35.5387 37.5766 35.6651 39.8246 36.7151 34.8712 37.8814 39.1280 34.6410 34.4529 38.5227 35.2846 37.3095 38.4838 37.9210 36.0278 38.3014 36.5240 34.7994 40.3113 36.7967 39.0768 38.3797
15.5563 18.1108 16.3707 13.0384 14.6969 11.3137 16.8523 13.9284 14.6287 16.8523 12.4097 18.8680 21.4942 15.6205 0.0000 18.4391 18.3303 19.3391 13.4164 15.0333 13.7840 13.6382 12.5698 12.8062 16.1245 16.3707 14.2127 14.6287 14.8324 13.0384 44.8888 44.5309 45.7275 45.7056 45.7275 44.4860 45.7275 45.7275 45.3762 45.5961 45.7275 43.9431 45.5082 45.5302 45.7275 45.7275 45.4643 45.6618 44.8219 45.5961 45.6180 45.7056 45.0000 45.6837 45.1331 45.4423 45.2217 44.6878 44.5533 45.5082 17.3781 17.9444 23.1948 23.4094 17.2627 23.0651 23.9165 24.1661 22.2711 23.9583 24.0000 21.4476 29.4279 21.4009 20.1990 16.6132 19.5959 19.7990 21.2132 25.9615 20.9762 21.8174 15.4272 23.0651 24.3311 20.7364 21.8403 19.6214 17.7200 20.5426 34.3802 39.2173 39.4335 40.2368 32.9848 38.2492 41.6893 36.7423 36.7967 35.0143 38.4318 37.1484 35.9166 38.5487 35.5809 36.9730 38.4708 35.7071 40.9268 35.1141 37.5633 37.4166 35.3553 39.0512 36.9188 39.3192 37.7889 38.3014 34.5254 39.2810 38.8716 39.1408 33.9116 35.8190 37.1753 35.4401 35.9166 36.4555 38.8844 36.8511 41.3280 37.0945 36.1109 38.7169 40.4351 35.0714 35.2846 39.6989 36.8103 37.5500 39.3573 39.4968 37.6563 40.2616 36.8239 36.4829 41.4367 39.0384 38.3797 39.8372
13.8564 17.2047 11.7473 14.2829 14.6287 15.3623 18.7617 17.7200 12.7279 14.8324 13.1149 7.3485 17.7200 12.4900 18.4391 0.0000 14.3527 14.3527 14.3527 12.8062 15.6205 12.4900 17.2627 12.8841 11.7473 13.5647 16.4317 14.3527 15.5563 10.0995 45.0666 43.6463 45.3542 45.2217 45.3542 44.3058 44.5533 45.3542 45.4423 45.3321 45.3542 43.5316 45.1553 45.3100 45.3542 45.3542 45.0000 45.1996 44.3959 45.3321 45.2217 45.2217 44.4860 45.3542 44.9778 44.9110 45.2659 44.9555 43.7379 45.2217 16.8523 18.9209 25.8844 23.5372 22.1811 24.0416 21.8632 24.6171 20.8806 20.6398 24.0832 22.3159 29.5635 23.0651 17.7764 20.3470 21.9545 22.3159 22.4054 23.4947 17.0294 23.3666 19.0263 26.7582 24.3721 20.1990 18.3030 23.6008 16.2481 20.2485 35.0143 37.6563 39.7115 38.3536 32.8634 37.7757 41.1096 37.0405 34.9857 35.0428 37.2693 36.2215 36.5513 38.6523 35.6651 38.0920 37.2827 36.4005 41.3884 34.8281 39.2556 39.8748 35.7211 39.3573 35.9026 39.6485 39.1408 39.3065 33.9116 39.2810 38.8716 37.8153 35.2987 37.1887 35.9722 35.2704 35.6931 36.8646 38.1838 36.7423 40.6940 38.5227 35.1852 38.4318 40.7308 35.8887 36.2629 40.4722 36.3456 38.5227 39.1280 38.1838 36.4966 40.1373 36.9324 36.2905 40.7308 38.7556 40.3361 39.2556
9.1652 11.6619 14.8324 12.6491 10.0000 12.9615 12.8841 19.5448 11.8322 13.1149 13.0384 15.2971 18.6011 13.0384 18.3303 14.3527 0.0000 15.0333 12.7279 14.7648 14.6287 11.7473 13.2665 12.0000 13.2665 10.5830 14.3527 13.1909 13.4164 11.5758 44.6654 43.6234 45.0444 44.7772 45.0444 44.2832 44.6206 45.0444 45.1774 45.0000 45.0444 43.7836 44.8888 44.9110 45.0444 45.0444 44.7772 44.9333 44.5084 45.0000 44.7549 44.7772 44.5309 44.9778 44.8888 44.7772 44.5084 44.5533 43.6921 44.9778 18.0555 17.7200 24.7386 22.7156 19.2873 24.2074 19.6469 21.3073 17.6068 21.8632 22.2711 19.0788 28.5657 22.5389 18.3848 21.1187 20.9284 19.7990 18.5472 18.3848 17.7200 21.4476 17.3781 23.6220 20.0499 18.1659 16.9411 22.0227 17.8885 21.5870 32.3419 35.5528 38.1969 35.8190 31.7490 35.7071 39.3192 35.7491 32.9848 33.5559 34.6554 33.6749 34.9857 36.2215 34.1760 34.6843 35.2136 33.8969 38.2492 32.3574 36.8375 37.7359 32.7109 36.5923 33.8969 36.9053 36.3868 37.2156 31.2090 37.5633 38.4057 37.4433 34.2053 37.0270 35.6931 35.4965 36.1109 36.2353 38.3145 37.0405 40.2492 36.9865 35.3553 38.5876 39.3573 35.2704 35.3412 39.2428 35.7351 37.2559 38.6911 38.1838 37.5233 39.2556 36.5787 35.9026 40.1123 37.7094 39.3319 38.7943
15.0997 16.9706 16.8523 13.1149 17.6635 15.1658 13.7113 14.9666 12.0830 14.6969 16.0624 14.2829 12.5698 13.7840 19.3391 14.3527 15.0333 0.0000 10.2956 16.3095 12.8841 12.8062 16.7929 15.0333 11.0454 8.4853 16.5529 14.2829 15.8114 13.9284 44.8219 43.9204 45.2880 45.2659 45.2880 44.7102 45.1553 45.2880 45.0222 45.3321 45.2880 43.3244 45.2659 45.2438 45.2880 45.2880 45.1331 45.0888 44.8665 45.3321 45.1110 45.2659 44.6878 45.2217 44.8665 44.8665 45.2438 44.6654 44.3734 45.1996 17.8885 21.5870 25.7294 21.7715 24.2487 23.8328 20.6398 23.0217 21.7256 20.2485 23.0217 19.6977 29.3598 21.4009 17.0880 18.1659 21.5870 18.5472 20.0000 24.4540 20.0000 22.3159 17.9444 23.4094 22.0454 20.2485 21.9773 22.0227 13.5647 16.1864 32.2800 35.3553 36.3180 34.7419 31.3369 35.1994 38.0789 35.3553 31.8119 33.3167 33.7491 34.2053 32.9848 35.8887 32.8024 35.8469 32.9242 33.6006 38.0920 31.6702 37.1080 38.4708 32.1248 35.6230 32.2955 38.0789 37.2290 37.1349 33.6452 35.7631 39.4588 37.4967 34.5254 36.7831 35.8608 35.6090 36.5513 36.7831 39.3954 37.3095 41.2068 38.1838 35.3270 39.0256 40.1871 35.5528 35.9305 39.5980 36.9188 38.4708 39.6106 39.0640 36.3593 39.6611 37.1484 35.9305 40.6079 38.8072 40.6079 38.4838
10.5830 16.6733 14.4914 8.3666 13.9284 11.3137 13.9284 11.9164 6.4807 13.5647 12.5698 14.4222 12.3288 14.3527 13.4164 14.3527 12.7279 10.2956 0.0000 14.0712 11.5758 7.8740 13.4164 9.4868 10.3923 10.1980 11.3137 9.2736 13.0384 12.0000 44.1022 43.0697 44.7772 44.6878 44.7772 43.7836 44.6206 44.7772 44.5533 44.7325 44.7772 42.7902 44.5982 44.6654 44.7772 44.7772 44.6654 44.6654 44.0114 44.7325 44.6430 44.6878 44.1022 44.7325 44.4410 44.3959 44.4410 44.1248 43.5086 44.7102 15.5563 17.8326 23.7065 21.2603 18.2209 22.5832 18.6011 21.4476 18.6011 21.3542 21.7256 17.6068 27.4955 20.9762 16.5529 17.1464 20.4939 16.6733 16.0624 22.3607 16.4317 21.6795 15.4272 22.0907 20.1494 18.2757 20.3224 18.7350 14.4222 15.0997 31.5595 35.4401 36.7015 35.8469 30.7896 35.2562 38.5227 33.8231 32.8938 32.6497 34.2491 34.2053 33.1059 36.4143 32.7414 34.4529 34.1760 32.4191 37.9078 31.7333 36.1525 36.6879 32.5269 36.4555 32.8177 37.6032 36.1109 36.0971 32.2800 36.9188 38.1445 37.5766 33.4066 35.4260 35.0143 34.7563 35.6931 35.6791 38.4448 36.2215 40.4969 36.7423 34.8425 37.9868 39.5854 34.3802 34.7707 38.6782 36.4555 36.9053 38.5097 38.4448 36.1939 39.1791 36.2215 35.2278 40.1622 38.1576 38.5357 38.3536
15.7480 14.2829 8.0000 14.1421 15.0997 11.3137 18.9209 20.3961 11.8322 12.1655 15.1658 14.2829 19.0788 9.5917 15.0333 12.8062 14.7648 16.3095 14.0712 0.0000 11.7473 10.9545 15.9374 14.4914 18.1659 16.1245 17.7200 12.4097 13.5647 10.7703 46.0760 45.2880 46.5725 46.5510 46.5725 45.4203 46.3573 46.5725 46.5296 46.4650 46.5725 44.6654 46.3357 46.4866 46.5725 46.5725 46.3789 46.6369 45.7275 46.4650 46.5081 46.5510 46.0326 46.6154 46.2493 46.2925 46.2925 45.7712 45.6180 46.4435 16.3095 20.3961 26.6083 24.8596 21.3542 24.2899 24.0832 23.1948 19.6469 21.3542 25.3377 23.4094 30.0666 23.1948 18.4932 19.3391 21.8174 21.7256 22.0454 23.0217 22.3607 23.0217 17.3781 26.4575 24.9399 22.0000 22.7816 22.6936 15.6844 21.4009 35.2704 38.7040 40.8289 38.7169 34.1760 37.3765 41.8091 38.1576 36.0832 35.2136 36.9730 37.5766 36.5787 39.5474 36.3868 37.9605 37.5233 36.2077 41.7013 35.4260 39.3573 39.3192 36.1386 39.6358 35.8469 40.4969 39.3700 39.8623 34.8712 40.2616 40.4599 39.4715 35.3553 38.0132 37.1753 36.7423 36.1663 37.1887 39.6737 37.3095 41.5933 38.6264 37.0945 39.6611 41.3884 36.3318 36.2077 40.9634 37.4566 39.0896 40.6079 39.7240 37.5233 40.3856 38.3406 36.1801 42.1070 39.0384 40.2616 40.0375
14.7648 15.0997 15.4919 12.8841 15.6205 8.0000 15.4272 15.3623 10.8628 11.6619 13.1909 16.8523 16.6132 9.3808 13.7840 15.6205 14.6287 12.8841 11.5758 11.7473 0.0000 14.0712 14.2829 12.0000 15.0997 13.0384 13.3417 11.9164 9.7980 11.8322 44.8442 44.3058 45.4643 45.5302 45.4643 44.6206 45.6618 45.4643 45.1110 45.2659 45.4643 43.4856 45.2659 45.2880 45.4643 45.4643 45.3100 45.4863 44.6878 45.2659 45.6618 45.5302 45.0222 45.5082 45.1331 45.3542 45.1553 45.4203 44.7325 45.2659 17.8326 21.5870 24.1661 21.8632 21.1187 21.2603 22.1811 20.1990 21.5407 19.5959 23.5372 20.8327 27.7489 19.5959 18.4932 16.5529 20.2978 17.0294 20.5913 22.5389 20.0000 21.3542 16.4317 22.0907 22.3159 20.1990 22.1585 19.2614 13.6382 18.2209 32.0624 36.5513 38.4057 36.2077 31.3050 35.5949 40.1995 35.8329 33.6452 32.6497 35.2562 35.0714 33.6452 36.2215 33.6452 35.0856 35.1283 33.6601 38.7169 32.1714 36.4555 37.7094 32.6190 36.7287 34.6843 37.6032 36.9865 37.7757 33.0757 37.8550 39.4588 38.3667 34.0588 36.1801 35.9722 35.0143 35.8329 35.9583 38.9102 37.0405 40.8901 36.9865 35.4401 38.5097 39.6358 34.8138 35.1426 39.7492 36.2905 37.3631 39.5854 38.9358 36.7967 39.6106 37.4967 35.4824 40.7799 37.6563 39.2810 39.0512
10.5830 14.8997 11.1355 9.0554 13.4907 11.9164 14.2829 16.4317 8.7178 12.4900 12.8062 12.1655 15.6844 13.1149 13.6382 12.4900 11.7473 12.8062 7.8740 10.9545 14.0712 0.0000 14.6287 11.4891 12.4097 11.4018 14.2829 8.7178 14.4222 10.0995 44.4860 43.6005 44.9333 44.8442 44.9333 44.0795 44.5758 44.9333 44.7996 44.9778 44.9333 43.1625 44.8219 44.8665 44.9333 44.9333 44.7325 44.7549 44.3734 44.9778 44.6654 44.8442 44.2154 44.8442 44.5309 44.5533 44.7549 43.8520 43.7836 44.8442 13.8564 15.4272 24.0416 22.0454 17.8885 23.9583 19.7484 23.2379 18.0555 20.9762 22.1359 19.4936 28.5657 22.2261 16.0624 18.3848 20.9284 19.1833 17.0294 22.3607 17.2627 20.9762 14.9666 25.2190 21.5870 18.4932 19.7231 20.2731 14.6287 17.0880 32.5269 36.0278 37.4566 37.1349 32.0000 36.0139 38.9615 34.9571 33.2265 33.7343 34.6266 34.8425 34.6410 37.3898 33.7639 34.9142 34.8712 33.5112 39.0768 33.5410 36.9459 36.5787 33.9116 37.5366 33.0606 37.8946 36.1386 36.5923 32.9848 37.7227 38.1969 37.6032 33.5261 36.0416 35.4683 35.4119 35.2704 36.0139 38.3927 35.6651 40.4722 36.7967 35.2987 38.2492 39.9124 34.5254 34.9428 38.7040 36.5377 37.6032 38.4057 38.0526 36.4692 39.1280 36.1663 35.4542 40.5586 38.2099 38.7169 38.4057
14.2829 12.5698 16.8523 12.2474 13.0384 11.3137 14.8997 16.1245 14.2127 15.3623 12.7279 18.1108 20.2978 15.2315 12.5698 17.2627 13.2665 16.7929 13.4164 15.9374 14.2829 14.6287 0.0000 11.8322 14.8324 13.4164 12.6491 15.4272 16.2481 13.5647 42.8135 42.3910 43.8520 43.6921 43.8520 42.4617 43.7836 43.8520 43.8064 43.6463 43.8520 42.2966 43.5546 43.5775 43.8520 43.8520 43.4626 43.9204 42.7434 43.6463 43.6005 43.6921 43.2782 43.8064 43.3244 43.5086 42.9302 43.2319 42.4617 43.6005 15.7480 18.0000 21.6333 22.3607 18.6011 20.9762 20.2485 21.4942 16.6733 21.4942 20.9762 16.9115 26.0000 20.2978 18.8680 15.5563 14.0000 18.7083 18.8149 22.2711 20.3470 20.6882 14.8997 17.3205 19.7484 16.3707 17.4642 18.4120 16.6132 20.5426 32.0936 35.5528 36.8103 35.6511 31.4006 35.0000 37.8418 34.9285 33.3766 32.5883 35.7631 33.6452 32.2800 34.9571 33.2866 35.2278 35.6651 33.2716 37.1618 31.4166 36.0139 36.8239 32.4037 35.5106 33.4515 37.0945 35.5809 35.8748 31.3369 36.7287 37.1080 36.1663 32.7414 35.1426 34.1467 33.4963 34.7851 34.8569 36.6879 35.4119 38.8587 35.0143 33.3766 37.1618 38.4838 32.7719 33.4215 38.3145 34.2199 34.6699 37.4566 37.5233 35.4965 38.0395 35.0999 33.8083 38.4318 36.5513 36.8375 37.7492
8.9443 15.6844 14.5602 7.6158 10.7703 9.5917 16.5529 13.0384 9.3808 11.4891 7.0711 14.7648 18.9209 13.4164 12.8062 12.8841 12.0000 15.0333 9.4868 14.4914 12.0000 11.4891 11.8322 0.0000 11.5758 12.3288 7.8740 11.4018 11.9164 11.5758 43.5775 42.6263 44.2606 44.1248 44.2606 42.9535 43.9431 44.2606 44.1248 44.0568 44.2606 42.4382 43.9431 44.1022 44.2606 44.2606 43.9204 44.2606 43.1161 44.0568 44.1475 44.1248 43.4856 44.3283 43.8520 43.8748 43.6463 44.1928 42.6497 44.0795 16.3707 16.6132 20.9762 20.9762 16.6132 20.6882 18.6011 20.2978 17.3205 20.5913 20.7846 17.0294 26.7208 21.0238 17.4929 15.9374 18.2757 17.3205 17.6635 19.7990 13.1149 21.7715 15.3623 21.1660 21.1660 17.3205 17.0000 18.5742 15.5563 17.6635 30.5287 34.0294 36.6742 35.3129 28.7750 34.4529 37.2290 33.3167 32.7109 31.5911 33.6898 32.1870 32.4654 35.0143 31.4643 33.5410 34.1467 31.7017 36.7015 30.4467 34.3948 35.1568 31.0483 35.4824 32.2955 36.4692 34.6987 34.3948 29.7658 35.9583 37.1618 37.4967 33.0151 34.5977 34.5254 34.2345 34.8425 35.1426 37.6563 35.5246 39.9249 36.0000 34.2637 37.4566 38.8201 33.7639 34.7419 38.7298 35.4260 36.0832 37.6165 37.0675 36.0000 39.0512 35.7211 35.0286 39.0000 37.6563 37.9342 37.9868
12.1655 17.7764 17.1464 12.4900 13.6382 15.0333 12.3288 11.9164 12.4900 15.7480 10.8628 11.8322 15.1658 14.7648 16.1245 11.7473 13.2665 11.0454 10.3923 18.1659 15.0997 12.4097 14.8324 11.5758 0.0000 7.4833 12.0830 13.4907 14.8324 11.4018 43.8520 42.6732 44.2380 44.1022 44.2380 43.6463 43.7836 44.2380 44.1475 44.3058 44.2380 42.7902 44.2380 44.1928 44.2380 44.2380 43.9659 43.9431 43.6921 44.3058 44.0114 44.1022 43.5086 44.1475 43.7607 43.7607 44.1928 43.6692 42.7902 44.1475 16.6733 16.6733 22.2261 19.7990 19.4422 22.8473 19.2354 22.9783 20.3961 21.1660 21.0713 17.6635 27.5318 20.1494 16.7929 17.7200 20.2978 17.7764 18.3303 23.0217 14.2829 20.4939 17.4356 22.1359 20.9284 17.2047 16.5831 20.4695 15.7480 16.4924 31.7490 35.2987 35.8190 35.9583 29.7993 35.7631 38.6264 33.7639 32.0624 32.5269 35.1994 33.2566 33.5857 35.2987 33.0454 34.6554 34.6121 33.6303 37.9078 31.6386 35.8748 37.1753 32.1559 35.9026 33.8083 36.3318 36.0555 36.1525 31.6228 35.9026 37.3229 36.3868 33.5559 35.0286 35.1283 33.8526 35.5246 35.7351 37.4967 36.3043 40.1248 36.9053 34.2053 37.4299 39.0512 34.7275 35.0571 38.3145 35.4542 36.8511 37.7492 37.7624 36.1939 38.9230 35.3836 35.5106 39.6863 37.7624 39.1024 38.1445
10.8628 14.0712 16.0624 11.4018 12.8062 12.6491 8.0000 14.1421 12.2474 13.6382 11.9164 13.2665 15.4919 12.1655 16.3707 13.5647 10.5830 8.4853 10.1980 16.1245 13.0384 11.4018 13.4164 12.3288 7.4833 0.0000 13.0384 12.8841 13.1909 10.3923 44.1701 43.3705 44.6206 44.5084 44.6206 44.0568 44.4185 44.6206 44.4410 44.6654 44.6206 43.0697 44.6206 44.5758 44.6206 44.6206 44.4185 44.3959 44.1928 44.6654 44.3509 44.5084 43.9886 44.5533 44.1248 44.1928 44.4635 43.9204 43.4166 44.5533 16.9706 17.4929 22.8035 19.8997 20.6398 22.9347 20.0000 21.9089 19.6469 20.0000 21.4476 18.1659 28.8444 19.8997 17.0294 17.6635 19.9499 16.7332 18.3848 21.8174 16.4317 20.2978 15.5563 22.4499 20.5426 17.3781 16.7033 20.9523 14.9666 17.4929 31.7805 35.4683 36.4555 35.7351 30.9516 35.8469 38.6264 35.1283 31.6860 33.4365 34.1906 33.2566 34.0000 35.7211 33.1361 34.6266 34.1174 33.9559 37.8550 32.0156 36.2077 37.6563 31.9687 35.5949 33.3617 36.5240 36.1663 36.4829 32.6803 35.9861 37.9868 36.6879 34.0881 35.7631 35.5809 34.6410 35.7771 35.9583 38.0263 36.5787 40.4228 36.6333 34.7851 38.2230 39.2810 34.9285 34.7994 38.4968 35.6791 37.4166 38.2492 38.0526 36.4966 38.9230 35.8608 35.7631 39.8121 37.9210 39.2556 38.1707
13.4164 15.8745 18.8680 11.7473 13.4164 10.2956 16.3095 13.7113 11.4891 12.0830 9.4868 16.4924 19.4422 15.0333 14.2127 16.4317 14.3527 16.5529 11.3137 17.7200 13.3417 14.2829 12.6491 7.8740 12.0830 13.0384 0.0000 11.4018 12.0830 14.4222 42.2256 41.6293 43.0232 42.9767 43.0232 41.9643 42.9767 43.0232 42.9767 42.8135 43.0232 41.7253 42.8135 42.8602 43.0232 43.0232 42.6732 43.1161 41.9404 42.8135 43.0000 42.9767 42.5558 43.0929 42.5088 42.6263 42.5323 43.2319 41.7971 42.7902 15.1658 15.5563 16.9706 17.1464 14.2127 18.5472 17.4356 17.8885 15.5563 18.3848 17.6068 14.0000 24.0416 17.8326 17.0880 14.2829 16.6733 13.7113 14.8324 18.0555 10.5830 19.4936 14.6287 17.4356 18.7083 13.7113 16.2173 15.1987 15.6844 15.2971 28.0000 32.0936 33.8969 33.6303 27.2397 32.9393 35.6371 30.6920 29.9333 29.1548 31.9531 30.1330 30.1330 33.0454 29.9333 29.9500 32.5269 29.8496 33.9559 28.4429 32.0156 33.3766 29.8329 33.3017 31.4802 32.9848 31.7175 32.2645 28.4605 34.5688 35.4260 35.5246 31.8748 32.6343 32.8938 32.0936 33.8231 33.2716 35.6371 33.9411 38.5227 33.6749 32.6190 35.7071 37.5100 31.9061 32.7567 36.6879 33.8083 33.9116 35.7071 35.8608 34.4674 37.2424 34.2929 33.4813 37.7757 35.9722 36.1525 37.0270
13.9284 16.2481 12.8062 13.1909 13.5647 9.6954 14.8997 15.0997 8.8318 11.1355 11.2250 14.4222 14.6287 14.0712 14.6287 14.3527 13.1909 14.2829 9.2736 12.4097 11.9164 8.7178 15.4272 11.4018 13.4907 12.8841 11.4018 0.0000 11.9164 11.2250 44.2832 43.2319 44.7996 44.7772 44.7996 44.0114 44.7549 44.7996 44.7549 44.7102 44.7996 43.2551 44.7102 44.7102 44.7996 44.7996 44.5982 44.7996 44.1248 44.7102 44.7996 44.7772 44.4635 44.8219 44.4860 44.4635 44.6206 44.4185 43.9204 44.6654 12.7279 18.2757 22.6716 20.9762 16.3095 23.4947 20.2485 21.6795 18.5472 20.2978 21.0238 19.2873 28.3549 21.4476 17.3781 17.6635 22.0907 17.0880 16.1245 21.5870 15.8114 22.1359 17.6068 24.6577 22.4944 18.2209 21.0950 19.6214 14.4914 18.3303 31.2730 34.1174 35.7071 36.4280 30.8221 35.0571 37.8418 32.2800 31.3369 31.7175 33.8083 33.6749 32.8938 36.4966 32.1559 32.6037 33.2866 31.1929 37.1887 32.1092 35.5668 34.9857 33.3766 36.2077 32.2955 35.4401 33.7935 35.1426 32.2490 36.7287 38.0395 37.5233 33.4664 35.5668 35.4119 35.2704 35.0428 35.3412 38.2884 36.0278 40.5956 36.1939 35.4119 37.9342 39.8873 34.3511 34.8281 38.8330 36.2077 37.0945 38.5616 37.9210 36.6060 39.0512 36.6333 35.3695 40.1622 38.2099 38.4318 38.5097
13.7840 14.8324 16.3707 14.5602 11.1355 8.8318 16.3095 15.8114 9.8995 10.4881 11.5758 16.4924 18.5472 10.6771 14.8324 15.5563 13.4164 15.8114 13.0384 13.5647 9.7980 14.4222 16.2481 11.9164 14.8324 13.1909 12.0830 11.9164 0.0000 12.5698 45.1774 44.4185 45.8148 45.7712 45.8148 44.9333 45.7275 45.8148 45.8148 45.6618 45.8148 44.4185 45.6837 45.6399 45.8148 45.8148 45.5082 45.8148 44.9555 45.6618 45.9021 45.7712 45.4203 45.8148 45.3762 45.5741 45.5082 45.6180 44.7772 45.5961 18.6011 19.2873 24.1661 20.7364 18.3848 23.3666 22.5389 19.4422 21.3542 20.8327 22.1359 20.8806 30.2324 20.0000 19.1833 19.1833 22.1811 17.7200 20.4450 18.6011 16.4317 22.4944 16.1245 23.1517 23.0217 19.8997 20.8087 20.9523 17.8885 19.5959 33.1059 37.0945 39.0768 37.3765 31.4643 36.9730 40.9878 36.1663 34.4674 33.9411 35.0856 35.1283 35.8050 38.1838 34.0294 34.9428 35.5246 34.3074 39.3573 32.9090 36.7560 37.8682 33.7639 37.5899 35.9861 37.4967 37.0135 38.5097 33.1964 37.9342 39.2810 38.8330 34.7851 36.6742 36.9594 35.6371 35.8050 36.0694 38.8844 37.8153 41.5211 37.9473 36.3593 38.7685 40.6817 35.9444 35.4824 39.8246 36.5103 38.1838 39.8121 39.1918 37.5233 39.7366 37.7889 36.9730 41.2432 39.4462 39.7366 39.7869
11.6619 13.9284 10.2956 12.4097 11.4891 11.3137 12.2474 15.0333 12.3288 13.8564 10.5830 9.8995 17.8326 10.0995 13.0384 10.0995 11.5758 13.9284 12.0000 10.7703 11.8322 10.0995 13.5647 11.5758 11.4018 10.3923 14.4222 11.2250 12.5698 0.0000 45.4423 44.4410 45.8585 45.7275 45.8585 44.8442 45.4423 45.8585 45.7275 45.8148 45.8585 43.9659 45.6618 45.7712 45.8585 45.8585 45.6837 45.7056 45.1331 45.8148 45.7493 45.7275 45.0666 45.8367 45.5302 45.5741 45.5961 45.0666 44.4635 45.7930 16.2481 18.1659 24.1661 22.7156 18.9737 21.9545 22.4499 23.2809 21.3542 21.0713 24.0832 21.4942 29.6648 22.0907 18.3303 18.2209 21.5870 18.3848 20.3961 23.9165 18.8680 20.8327 16.9115 25.4165 23.4094 19.3907 18.6279 21.7945 14.4914 21.4009 32.9848 36.6879 37.9078 38.1182 32.0000 36.6470 40.3733 35.2987 33.1059 33.5261 36.2353 34.8712 35.1852 36.9324 34.0881 35.6511 36.2491 34.5977 39.7618 33.7787 37.2424 37.4967 34.1467 37.4299 34.9428 36.9053 36.6606 37.4566 33.0454 37.7757 39.0000 38.0526 35.0143 37.2693 36.9865 35.5528 36.1109 36.6197 38.4708 37.0405 41.1339 37.7889 36.0000 39.0512 40.3609 35.9166 35.8190 39.9500 36.3180 38.4448 39.3065 38.9102 37.6032 40.2368 36.8511 36.8646 41.1704 38.7040 39.6611 39.6358
45.4643 43.4856 46.9787 43.7607 45.6399 43.8064 46.0109 45.8585 44.4410 43.0232 43.9204 45.2659 47.3392 44.7772 44.8888 45.0666 44.6654 44.8219 44.1022 46.0760 44.8442 44.4860 42.8135 43.5775 43.8520 44.1701 42.2256 44.2832 45.1774 45.4423 0.0000 5.8310 4.0000 4.2426 4.0000 4.0000 5.4772 4.0000 4.8990 3.4641 4.0000 6.1644 3.7417 3.1623 4.0000 4.0000 3.4641 4.8990 3.1623 3.4641 4.6904 4.2426 4.4721 4.0000 3.4641 4.0000 3.4641 6.9282 5.2915 3.1623 40.7799 39.7618 40.2865 38.5357 41.2674 41.0731 37.8550 39.4335 40.2616 38.6135 36.6197 38.4838 39.5601 37.4299 38.1182 40.5339 39.7366 41.6293 38.0657 40.0125 42.6497 39.7115 40.2368 41.1461 38.4838 37.9078 40.1746 38.2361 40.8534 41.1461 44.4635 46.5725 47.3286 46.2817 44.6206 46.6476 47.6760 46.5725 45.6837 45.1774 47.2017 45.2438 45.1774 46.8081 46.2277 46.5188 46.3789 45.3872 47.2229 44.8553 46.8402 47.4025 45.5961 46.9255 46.1303 47.8017 46.8508 46.8828 44.9333 47.7493 17.6068 22.8254 25.0000 23.3666 21.8403 20.3224 22.2935 16.8523 20.9045 22.6053 20.1246 23.8956 25.3969 16.5529 16.5529 23.9792 18.2209 27.0000 22.8035 27.8747 20.3470 13.8924 21.5639 22.8473 17.6352 22.4499 16.4924 19.5704 20.3961 18.6548
44.4635 43.4396 45.5082 43.3013 44.3509 43.3705 45.3762 44.5982 43.3474 42.6966 42.9535 44.1475 45.7275 44.4185 44.5309 43.6463 43.6234 43.9204 43.0697 45.2880 44.3058 43.6005 42.3910 42.6263 42.6732 43.3705 41.6293 43.2319 44.4185 44.4410 5.8310 0.0000 6.6332 6.0000 6.6332 5.0990 6.1644 6.6332 8.0000 6.3246 6.6332 6.7823 6.1644 6.4807 6.6332 6.6332 6.4807 7.2111 5.2915 6.3246 6.6332 6.0000 6.6332 6.9282 7.4833 5.6569 5.8310 8.6023 4.4721 6.7823 40.2616 39.8873 40.9512 38.8973 40.8044 41.5090 37.4032 39.5348 40.0125 39.0000 36.7287 38.4578 40.2865 37.9605 37.8550 40.7063 40.4104 41.6053 37.7492 39.8873 41.8450 40.3856 40.8044 41.7493 38.7427 38.1707 39.8999 38.8587 40.4846 41.3642 44.8888 46.5296 47.4131 46.6262 44.4860 46.7974 48.0312 46.0326 45.7930 45.1331 47.4763 45.5522 45.3542 47.2969 46.1844 46.9468 46.4220 45.2106 47.6655 44.8330 47.3920 47.7598 45.9021 47.2440 46.0869 48.1560 47.3181 47.1381 44.7549 47.7703 18.3848 23.6432 25.4362 24.2074 22.6936 21.3776 22.8692 18.0000 22.0227 24.0208 21.1896 25.4362 26.1343 17.3205 18.1108 25.3969 19.5959 28.2666 23.4947 28.9310 21.9089 15.1987 22.4277 24.2899 18.6279 23.3666 17.5499 21.1424 21.8174 19.3391
46.0109 44.0795 47.2969 44.4410 46.2925 44.6654 46.5510 46.7654 45.1774 43.4396 44.4410 45.5961 48.0521 45.1774 45.7275 45.3542 45.0444 45.2880 44.7772 46.5725 45.4643 44.9333 43.8520 44.2606 44.2380 44.6206 43.0232 44.7996 45.8148 45.8585 4.0000 6.6332 0.0000 1.4142 0.0000 5.6569 3.4641 0.0000 2.8284 1.4142 0.0000 6.7823 2.0000 1.4142 0.0000 0.0000 2.8284 2.0000 5.0990 1.4142 2.8284 1.4142 3.4641 1.4142 4.0000 2.8284 4.0000 6.1644 5.6569 2.0000 40.9756 39.9124 40.4104 38.4578 41.5572 41.3884 37.7492 39.5601 40.7308 38.6652 36.7287 38.8458 39.8372 37.4032 38.0132 40.9268 40.3856 41.8927 38.2753 40.1123 42.9767 39.5854 40.8289 42.2729 38.6394 38.3014 40.2492 38.7298 40.9756 41.7493 44.4635 46.4650 47.3075 46.1519 44.4185 46.5618 47.6760 46.5940 45.5961 45.0666 47.0532 45.1331 45.4203 46.7440 46.3357 46.5403 46.1411 45.4313 47.3075 45.0555 46.7547 47.2335 45.4203 46.9042 46.0217 47.7598 46.9148 46.7974 44.8665 47.5184 17.0294 22.2036 24.3516 23.0651 21.7945 20.0749 22.1133 16.9706 20.8087 22.1133 19.8746 23.8537 25.1595 15.8745 15.5563 24.0624 18.2209 26.5895 22.5389 28.1247 19.7990 12.6886 21.4709 22.6274 17.1756 22.2261 15.7480 18.6815 20.4450 17.7764
