0.0000 7.3098 5.7180 5.2886 5.2373 7.0195 5.2605 5.8507 4.1350 7.2726 10.3437 6.3511 5.5724 5.7052 5.7407 4.9724 9.9699 6.3526 8.2216 4.7391 6.7805 5.3237 5.7108 4.5022 8.9625 7.2010 6.4246 5.0825 5.6044 9.0916 27.0647 28.0238 26.9111 26.7410 26.7710 27.0450 27.0245 26.8257 27.3462 26.7898 26.6500 27.7878 28.1452 27.5561 26.6539 26.9603 27.6630 26.7549 27.0042 26.9498 26.8893 26.9204 27.4663 27.3093 27.3341 26.7987 27.4846 27.1317 27.2722 26.7792 15.6004 13.4447 15.0520 17.0125 16.0364 16.4885 18.3275 18.7408 14.8765 17.4042 17.7731 18.8138 17.5030 15.5713 16.7298 14.0812 15.4541 17.3172 17.1478 14.2460 13.7686 16.0097 15.4100 14.3248 17.5592 15.9424 14.7312 18.0642 16.2889 15.1466 23.2899 25.8705 22.1997 25.0467 24.7982 24.6822 24.5413 26.3575 20.8745 22.0575 28.5517 21.9595 26.5199 23.5310 23.4854 23.1969 20.4528 23.5342 22.9668 25.5015 24.1504 21.3212 21.0916 22.2057 25.2077 24.0296 20.5980 22.5029 23.0324 24.7225 26.2520 27.4833 28.1637 28.0746 27.2110 27.5622 28.5696 27.5253 27.8315 27.9302 27.1155 28.0958 28.6503 27.8229 25.8866 27.5672 28.0640 27.6944 26.8844 27.7191 27.3815 27.5620 28.4785 27.9749 27.4739 28.6385 26.6190 28.9832 27.0836 27.4879
7.3098 0.0000 5.3547 6.7938 4.7808 6.3055 5.2822 6.6998 5.1636 3.5897 8.8295 6.9608 7.7309 4.3183 6.0760 3.7225 10.2435 4.3046 5.1394 4.9659 5.3022 4.7125 6.8029 4.2361 9.9957 3.6996 4.0062 6.4113 5.6437 7.6968 29.3797 30.3319 29.2130 29.2863 29.0335 29.3300 29.4935 29.1696 29.5991 29.0373 29.1045 30.1735 30.3199 29.6576 29.0942 29.1250 29.7978 29.1103 29.4444 29.3611 29.1948 29.4226 29.5500 29.5651 29.4444 29.1278 29.6390 29.5941 29.6315 29.2290 13.7823 13.0861 14.1613 13.6194 15.1912 14.1537 14.8491 15.0266 12.7720 14.5057 14.4244 14.9327 14.4929 12.7583 13.6658 12.3342 17.7672 14.4899 13.8717 11.9720 12.7712 13.3760 12.6152 11.9826 14.7223 13.0232 11.2223 18.2214 13.9786 15.6848 23.3291 25.5134 21.1233 25.7056 24.7920 24.9822 25.6338 26.8746 19.6165 22.3750 30.2377 21.2312 26.7034 23.6518 23.3732 22.5827 18.8036 23.5650 22.8768 26.1790 23.8549 20.5423 21.2782 22.1124 25.7662 23.6498 18.8620 22.7327 22.8946 25.6531 27.4587 29.0980 29.8028 29.6700 28.6909 29.2001 30.2857 29.0072 29.3171 29.3948 28.4833 29.5781 30.3386 29.3058 27.0565 29.0796 29.6242 29.2306 28.3589 29.4023 28.6981 29.0924 30.1082 29.6058 29.0856 30.2984 27.8550 30.8134 28.5385 28.8468
5.7180 5.3547 0.0000 4.8089 3.5203 4.9155 3.7603 5.3126 4.2240 5.7475 6.9283 4.3868 4.9239 5.1853 3.7670 3.6536 8.0881 4.4694 7.3527 4.1686 5.2619 3.6133 5.0011 4.1411 8.5607 5.5742 4.0811 5.3742 4.3937 6.9719 29.2385 30.1449 29.1128 29.0546 28.9630 29.2252 29.3347 29.0010 29.4922 28.9244 28.9191 29.9313 30.2127 29.6018 28.9218 29.0718 29.7251 28.9572 29.2740 29.2403 29.0826 29.2014 29.5054 29.4284 29.3679 29.0059 29.5455 29.3900 29.4225 29.0530 15.5442 14.1379 15.7181 16.4376 16.6497 16.2953 17.7839 17.8946 14.8633 17.1604 17.3659 17.9326 17.0184 15.3766 16.3337 14.3416 17.5851 16.9448 16.6983 14.2886 14.3169 16.0798 15.0021 14.2757 17.3365 15.5605 14.1265 19.2510 16.3322 16.3360 24.0748 26.3167 22.3830 26.1724 25.5332 25.5166 25.9030 27.2973 21.0850 23.0626 30.0889 22.4130 27.2877 24.3685 24.1669 23.6426 20.3580 24.2798 23.6159 26.6020 24.7038 21.7670 22.0466 22.9638 26.1970 24.5289 20.5315 23.4747 23.7243 25.9892 27.6903 29.0741 29.7307 29.6278 28.7146 29.1543 30.2084 29.0434 29.3374 29.4090 28.5826 29.5652 30.2395 29.3230 27.2816 29.0868 29.5918 29.2212 28.4210 29.3442 28.8006 29.0990 30.0349 29.5435 29.0862 30.2203 28.0442 30.6199 28.6170 28.9426
5.2886 6.7938 4.8089 0.0000 4.4427 6.9544 5.3320 5.1796 5.3237 7.7808 7.1380 3.9947 4.3210 6.0021 3.7250 5.0100 6.8430 4.6329 9.2102 4.8540 5.6344 5.0168 5.0860 5.2302 6.3982 6.9226 5.4956 5.4874 3.9332 5.8913 29.5566 30.4930 29.3831 29.2470 29.2616 29.5292 29.4882 29.3219 29.8099 29.2571 29.1021 30.2459 30.5812 30.0387 29.1255 29.4343 30.1113 29.2530 29.5117 29.4066 29.3613 29.4100 29.9167 29.7503 29.8130 29.3133 29.9529 29.6304 29.7582 29.2910 16.0334 13.8923 16.1208 17.5252 17.1214 17.1709 18.9463 19.1053 15.3898 18.2670 18.4977 19.1047 18.1443 16.1559 17.3914 14.7775 17.7496 17.9197 17.6614 14.7651 14.1751 16.8512 15.5750 14.7369 18.3547 16.3342 14.4008 19.7271 17.2862 16.2262 25.3395 27.7097 24.0497 27.4220 26.8259 26.7292 26.8967 28.5232 22.7804 24.3741 30.9074 23.8689 28.5565 25.7452 25.5062 25.1780 22.1325 25.4813 25.0476 27.6745 26.1103 23.2958 23.3170 24.3681 27.3391 25.9381 22.1188 24.7942 25.0681 27.0056 28.1113 29.4294 30.0826 29.9948 29.1116 29.5083 30.5002 29.4114 29.7348 29.8210 28.9425 29.9535 30.5944 29.6474 27.6984 29.4907 29.9167 29.5335 28.8186 29.7007 29.2249 29.3863 30.3788 29.8923 29.3283 30.5928 28.4798 30.9556 29.0185 29.3387
5.2373 4.7808 3.5203 4.4427 0.0000 5.3826 3.5356 4.5629 3.8680 4.8516 7.4681 4.8246 5.3544 3.7249 4.1113 2.9668 8.0496 4.1288 5.8863 3.0819 4.8061 3.8653 5.3509 3.4683 7.7741 4.4974 3.6824 4.9212 3.8858 6.3661 29.1720 30.0741 29.0707 29.0009 28.9560 29.1655 29.2968 28.9948 29.4730 28.9139 28.9744 29.8999 30.1061 29.4851 28.9253 28.9971 29.6353 28.9688 29.2412 29.2121 29.0426 29.1509 29.4320 29.3447 29.2792 28.9331 29.4699 29.3409 29.3883 29.0428 15.1457 13.9957 15.2845 15.8456 16.1914 15.7228 17.0783 17.2174 14.4538 16.5418 16.6405 17.2718 16.4364 14.7797 15.8059 13.9002 17.5661 16.3733 15.9966 13.8369 14.1178 15.4160 14.5701 13.8020 16.7277 14.9893 13.5532 18.8477 15.7457 16.1469 23.6397 25.8517 21.8683 25.8326 25.0522 25.1356 25.5706 26.9564 20.5286 22.7073 29.8544 21.8207 26.8565 23.9575 23.6969 23.1543 19.7745 23.8031 23.2002 26.2081 24.2396 21.2535 21.6217 22.5373 25.7733 24.0387 19.8699 23.0786 23.2452 25.6461 27.2803 28.7595 29.4109 29.2951 28.3727 28.8091 29.8718 28.6898 28.9762 29.0563 28.2175 29.2383 29.9274 28.9832 26.8806 28.7575 29.2397 28.8807 28.0740 29.0425 28.4422 28.7578 29.7092 29.2244 28.7564 29.8928 27.6594 30.3311 28.2631 28.5857
7.0195 6.3055 4.9155 6.9544 5.3826 0.0000 5.1466 4.9473 4.7347 5.5096 7.5398 6.2050 6.5219 5.7740 6.2819 5.4468 8.1009 5.9676 7.0478 5.3726 4.8380 6.3086 5.2098 5.3353 9.3227 7.4632 4.7393 5.1361 5.5539 6.9675 27.6646 28.5450 27.5598 27.5845 27.4871 27.6832 27.8484 27.5064 27.9583 27.4527 27.5203 28.3948 28.5832 27.9105 27.4332 27.5039 28.0898 27.5159 27.7576 27.7761 27.5470 27.7323 27.8909 27.8614 27.7229 27.4273 27.9340 27.8551 27.8379 27.6014 16.1909 14.9507 15.6257 16.4227 16.4333 16.4746 17.2789 18.0250 15.5218 16.6273 16.8751 17.9012 16.3330 15.3574 16.4111 14.5223 17.6482 17.0099 16.1943 14.3876 14.9797 15.6852 15.4950 14.9105 16.7222 15.8837 14.5025 18.4021 15.9617 16.8214 21.9927 24.4439 20.5454 24.0601 23.5001 23.5723 23.8343 25.2937 19.0899 20.9624 28.0828 20.4122 25.3236 22.2892 22.0943 21.6539 18.6607 22.2834 21.6596 24.5038 22.7088 19.7740 19.7407 20.9456 24.1332 22.5913 18.7478 21.3390 21.6688 23.8762 25.9667 27.4638 28.1001 28.0288 27.1021 27.5518 28.5668 27.4692 27.7084 27.7402 26.9973 28.0004 28.6128 27.7802 25.6377 27.5166 28.0190 27.6203 26.8158 27.7108 27.1871 27.5691 28.4041 27.9364 27.5328 28.5767 26.4055 29.0705 26.9356 27.3160
5.2605 5.2822 3.7603 5.3320 3.5356 5.1466 0.0000 4.7530 3.4519 5.0669 7.4766 5.2143 6.0140 4.9651 4.1722 3.5920 8.2463 4.7230 6.7182 3.0032 4.7857 3.4618 5.1222 3.4201 8.7007 5.2735 3.7821 4.7690 4.7400 7.3982 29.0918 30.0117 29.0156 28.9323 28.8933 29.0858 29.2677 28.9173 29.4230 28.8710 28.9236 29.7690 30.0071 29.3831 28.8375 28.9162 29.5561 28.9124 29.1775 29.2067 28.9883 29.0461 29.3498 29.2627 29.2075 28.8594 29.3787 29.2625 29.3168 28.9674 15.5615 14.0939 15.6165 16.2397 16.5657 16.0947 17.5430 17.6201 14.6229 16.9635 16.9826 17.6907 16.8535 15.2152 16.1959 14.2957 17.6824 16.8099 16.4960 14.1956 14.6875 15.8197 15.0135 14.2144 17.1189 15.4649 14.1505 19.0735 16.0782 16.5589 23.8374 26.1725 22.1862 25.9656 25.2985 25.3247 25.6348 27.1040 20.7840 22.8110 29.8530 22.1054 27.0833 24.1730 23.9489 23.4619 20.1399 24.0740 23.4148 26.3675 24.5118 21.5152 21.7290 22.7433 25.9206 24.3460 20.3464 23.1332 23.4516 25.7663 27.4895 28.8991 29.5661 29.4656 28.5633 28.9850 30.0225 28.8677 29.1422 29.2311 28.4262 29.4049 30.0882 29.1666 27.1004 28.9498 29.4293 29.0571 28.2532 29.1833 28.6138 28.9344 29.8697 29.3726 28.9452 30.0554 27.8616 30.4708 28.4325 28.7627
5.8507 6.6998 5.3126 5.1796 4.5629 4.9473 4.7530 0.0000 4.2500 6.2370 7.4963 5.7339 4.7383 4.7819 5.0843 5.1789 7.7878 5.5026 7.0228 4.7407 3.8160 5.3049 5.7396 4.9084 7.6001 7.4396 4.9196 5.0163 4.4977 6.5888 28.1401 29.0534 28.0453 27.8380 28.1205 28.1730 28.2712 27.9934 28.5370 28.1282 28.0185 28.7763 29.0358 28.5112 27.8028 28.1005 28.6062 28.0732 28.2182 28.1998 28.0919 27.9719 28.5266 28.2448 28.4009 27.9250 28.5077 28.2396 28.2836 28.0648 16.1440 14.3465 15.6353 17.0625 16.3254 16.7029 18.0941 18.8093 15.6794 17.3517 17.7748 18.7646 16.9571 15.5580 17.0996 14.6833 17.1899 17.5363 16.6530 14.5515 14.4659 16.2900 15.7471 14.8840 17.5803 16.2526 14.6621 18.3802 16.3921 16.1415 22.6391 25.1483 21.6195 24.9022 24.1055 24.0624 24.2606 25.9493 20.3813 21.7999 28.3126 21.2002 25.8904 23.1948 22.8399 22.6352 19.7504 22.7151 22.4274 24.9827 23.4903 20.8097 20.6537 21.7818 24.5818 23.2855 19.6173 22.1516 22.3258 24.3802 25.7043 27.1395 27.7434 27.6496 26.7703 27.1855 28.1694 27.1238 27.3540 27.4157 26.6141 27.6225 28.2618 27.3570 25.2794 27.1793 27.6005 27.1856 26.5108 27.4117 26.8417 27.1138 28.0177 27.5672 27.1100 28.2544 26.1215 28.6545 26.6332 26.9878
4.1350 5.1636 4.2240 5.3237 3.8680 4.7347 3.4519 4.2500 0.0000 4.7670 8.4834 5.7656 5.4723 4.2976 4.9036 3.5347 9.0297 5.0848 6.3100 3.3645 4.6946 4.3310 4.5531 2.9884 8.7274 6.0470 4.2350 4.0777 4.7730 7.6974 27.5491 28.4781 27.4268 27.3191 27.3473 27.5276 27.6643 27.3646 27.8699 27.3661 27.3572 28.2540 28.4770 27.8853 27.2559 27.3793 28.0248 27.4002 27.6028 27.5968 27.4338 27.4722 27.8332 27.6961 27.7066 27.3114 27.8815 27.6938 27.7725 27.3958 15.1828 13.6839 14.8171 15.9356 15.7758 15.7423 17.1232 17.5826 14.4449 16.3488 16.6168 17.5434 16.3676 14.7041 15.8263 13.6003 16.3071 16.4555 15.9823 13.5934 13.7623 15.1241 14.6839 13.8057 16.5118 15.1369 13.7160 17.9912 15.4959 15.5640 22.5950 25.0701 21.1514 24.6170 24.0914 24.0910 24.2049 25.8469 19.7675 21.4799 28.4844 20.9942 25.9025 22.9017 22.7466 22.2919 19.2554 22.8084 22.2355 25.0368 23.3636 20.3886 20.4280 21.4934 24.7022 23.1891 19.3538 21.9026 22.2781 24.3465 26.0669 27.4565 28.1416 28.0272 27.1256 27.5374 28.5859 27.4277 27.7477 27.8249 27.0141 28.0152 28.6535 27.7680 25.6868 27.5016 28.0089 27.6572 26.7856 27.7066 27.2299 27.5320 28.4415 27.9480 27.4886 28.6421 26.4394 29.0324 26.9802 27.3635
7.2726 3.5897 5.7475 7.7808 4.8516 5.5096 5.0669 6.2370 4.7670 0.0000 9.2558 7.7458 7.9625 4.3456 6.9155 4.3005 10.8393 5.6432 3.5324 4.9980 5.6434 5.3919 7.0114 4.0982 10.6632 4.3540 4.1609 6.4540 6.1627 8.4269 28.5960 29.4914 28.4811 28.5596 28.3953 28.5859 28.8685 28.4210 28.8689 28.3718 28.5923 29.3759 29.3932 28.7158 28.4476 28.3276 28.9186 28.4543 28.7671 28.7718 28.4738 28.6953 28.7047 28.7163 28.5623 28.3586 28.7700 28.8467 28.8428 28.5887 14.4213 14.0659 14.4821 13.8796 15.3424 14.3596 14.8015 15.1671 13.4875 14.4794 14.3231 15.0470 14.4215 13.1528 13.9781 12.8834 17.7988 14.8594 13.8778 12.5858 13.8185 13.4114 13.3634 12.7942 14.6545 13.4795 12.2834 17.8859 13.9201 16.2565 22.0613 24.1987 19.8067 24.3686 23.4981 23.6988 24.4275 25.5466 18.3353 21.1478 29.0214 19.9249 25.3720 22.3261 22.0619 21.2465 17.5997 22.3902 21.5848 24.9031 22.5014 19.2440 19.9819 20.8007 24.4742 22.3380 17.7036 21.4268 21.6211 24.4495 26.5688 28.2259 28.8858 28.7722 27.8060 28.2764 29.4238 28.1071 28.4023 28.4676 27.7040 28.7101 29.4406 28.5145 26.2380 28.1990 28.7508 28.4397 27.4745 28.5009 27.8158 28.3249 29.2012 28.7608 28.3313 29.3831 27.0097 29.9422 27.6661 27.9676
10.3437 8.8295 6.9283 7.1380 7.4681 7.5398 7.4766 7.4963 8.4834 9.2558 0.0000 6.2263 7.9136 8.7888 6.5146 8.0489 6.2095 6.8644 10.8362 7.6730 7.2930 7.8661 7.6533 8.3829 8.5823 9.0364 6.4726 8.3261 7.2908 6.5785 32.0357 32.9157 31.9414 31.9032 31.7899 32.0216 32.1296 31.8674 32.3273 31.7727 31.7546 32.6875 32.9408 32.3196 31.7691 31.8467 32.4887 31.8601 32.0707 32.0427 31.9152 32.0146 32.2568 32.1972 32.1106 31.8152 32.3487 32.1899 32.2277 31.9189 18.1325 16.7089 18.5971 18.8185 19.4764 18.9922 20.1124 20.1273 17.5235 19.7243 19.7226 20.0722 19.4041 17.9377 18.9795 17.2238 21.2436 19.4383 19.0507 16.8576 17.1166 18.6992 17.4764 16.9987 19.8502 18.1428 16.1226 22.2543 19.1001 19.4521 26.9019 29.0054 25.1912 29.1115 28.2800 28.3429 28.7538 30.1006 23.9171 26.0322 32.8510 25.1574 30.0418 27.2594 26.9246 26.4904 23.1581 27.0317 26.4993 29.3630 27.4968 24.6312 24.8698 25.9501 28.9348 27.2989 23.2236 26.3985 26.5093 28.8303 30.1805 31.6064 32.2704 32.1654 31.2864 31.7245 32.6906 31.5760 31.8556 31.9107 31.0614 32.0661 32.7708 31.7961 29.7770 31.6801 32.1064 31.6824 30.9954 31.9075 31.2919 31.5585 32.5381 32.0384 31.5747 32.7491 30.5443 33.1698 31.1332 31.4260
6.3511 6.9608 4.3868 3.9947 4.8246 6.2050 5.2143 5.7339 5.7656 7.7458 6.2263 0.0000 5.6320 6.0215 4.7025 5.5032 5.9390 4.4935 9.5198 4.9967 5.2081 5.0946 5.0513 5.5427 6.6904 6.9672 5.4561 4.8943 3.8104 5.1943 29.9288 30.8613 29.7434 29.6590 29.5569 29.8991 29.8616 29.6509 30.1451 29.5564 29.3896 30.6070 30.9837 30.3913 29.4868 29.7699 30.4918 29.5474 29.8435 29.7575 29.7104 29.8285 30.2486 30.1516 30.1207 29.6684 30.3117 30.0033 30.1032 29.6373 16.6270 14.7444 16.7934 17.8323 17.7672 17.7140 19.2266 19.3759 16.0189 18.5641 18.8471 19.3888 18.4117 16.6291 17.7024 15.4392 18.5064 18.2272 18.0982 15.3492 14.8987 17.4107 16.1159 15.4128 18.7711 16.8310 14.9388 20.4315 17.7755 17.1075 25.5462 27.8706 24.0393 27.6035 27.0413 26.9580 27.1809 28.7222 22.7818 24.4670 31.2656 24.0089 28.7910 25.8367 25.6576 25.2561 22.0238 25.7068 25.1385 27.9668 26.2656 23.3413 23.4563 24.5155 27.5956 26.1066 22.2118 24.9547 25.2185 27.2673 28.7279 30.0330 30.7250 30.6229 29.7176 30.1631 31.1545 30.0479 30.3634 30.4394 29.5320 30.5557 31.2119 30.2698 28.2994 30.1006 30.5749 30.1469 29.4168 30.3106 29.8331 30.0146 31.0102 30.4837 29.9721 31.2175 29.0554 31.5669 29.6113 29.9494
5.5724 7.7309 4.9239 4.3210 5.3544 6.5219 6.0140 4.7383 5.4723 7.9625 7.9136 5.6320 0.0000 6.2508 4.6688 5.8483 8.3678 6.1646 9.1437 5.7743 6.2205 5.2808 6.1300 5.9012 7.5915 8.1613 6.1498 6.5313 5.1627 7.6162 28.3725 29.2850 28.1746 27.9660 28.1517 28.3644 28.3453 28.0631 28.6119 28.1432 27.9153 28.9916 29.3410 28.8725 27.8639 28.3092 28.9015 28.0715 28.3358 28.2241 28.1902 28.1413 28.7591 28.4977 28.6913 28.1263 28.7402 28.4059 28.4914 28.1080 16.3092 14.1599 15.9232 17.9866 16.7802 17.3023 19.2614 19.7076 16.0016 18.3922 18.9531 19.7936 18.1883 16.3518 17.7801 15.1133 16.8079 18.1485 17.8701 15.1289 14.4384 17.1691 16.1976 15.3643 18.6190 16.8813 15.3512 18.9100 17.2522 15.9126 24.1979 26.6360 23.1866 26.2153 25.6481 25.5005 25.6345 27.3277 22.0662 23.2245 29.4910 22.9043 27.3217 24.6065 24.3799 24.1718 21.4085 24.3300 23.9247 26.3703 25.0216 22.3645 22.2337 23.2480 26.0708 24.8351 21.3511 23.6646 23.9508 25.7651 26.8277 28.0832 28.7039 28.6103 27.7471 28.1616 29.1293 28.0935 28.3801 28.4745 27.6532 28.6089 29.2139 28.3465 26.4222 28.1355 28.5689 28.2094 27.5004 28.3492 27.9001 28.0872 28.9996 28.5474 28.0271 29.2146 27.2206 29.5645 27.6925 28.0217
5.7052 4.3183 5.1853 6.0021 3.7249 5.7740 4.9651 4.7819 4.2976 4.3456 8.7888 6.0215 6.2508 0.0000 6.1711 3.7243 9.0060 4.5276 5.1113 4.1136 3.9865 4.6714 6.3412 3.9565 8.1618 5.1101 4.5952 5.0040 4.1452 6.8222 28.3103 29.2250 28.1228 28.0763 28.0178 28.2600 28.3805 28.0477 28.5581 28.0443 28.0254 29.0099 29.2276 28.6204 27.9630 28.0848 28.7529 28.0626 28.3115 28.2425 28.1294 28.2573 28.5398 28.4317 28.4231 28.0400 28.6115 28.4401 28.4885 28.1380 14.6878 13.5415 14.5389 15.0910 15.4813 15.1334 16.2120 16.7274 14.1195 15.5984 15.8855 16.7734 15.4691 13.8982 15.0861 13.2900 17.0179 15.6208 15.0913 13.0401 13.2466 14.6245 14.0718 13.2378 15.9862 14.4614 12.8429 18.0090 14.8647 15.5647 22.5958 24.8548 20.7869 24.8080 24.0126 24.0855 24.6124 26.0136 19.4854 21.5626 29.0067 20.7234 25.8669 22.8754 22.6252 22.0864 18.5978 22.7474 22.1082 25.1948 23.1918 20.1345 20.5293 21.4262 24.7708 22.9790 18.6916 22.0225 22.1668 24.6652 26.3383 27.8729 28.5540 28.4092 27.4448 27.9361 29.0065 27.8157 28.0889 28.1898 27.3001 28.3621 29.0620 28.1151 25.9265 27.8641 28.3791 28.0107 27.1567 28.1657 27.5462 27.9058 28.8426 28.3391 27.8887 29.0254 26.7355 29.4789 27.3368 27.6933
5.7407 6.0760 3.7670 3.7250 4.1113 6.2819 4.1722 5.0843 4.9036 6.9155 6.5146 4.7025 4.6688 6.1711 0.0000 4.2230 7.9360 4.6631 8.2995 4.3173 5.6539 3.8766 5.0361 4.6752 8.0544 6.2428 4.2091 6.0357 5.1136 7.1795 29.6903 30.6338 29.5745 29.4449 29.4490 29.6641 29.7612 29.4964 29.9994 29.4607 29.3416 30.3461 30.6825 30.1024 29.3204 29.5732 30.2096 29.4677 29.7202 29.6829 29.5713 29.5635 30.0113 29.8737 29.9095 29.4696 30.0494 29.8122 29.8908 29.4931 15.7071 13.8320 15.8557 16.8895 16.8361 16.6227 18.2843 18.3943 14.9210 17.6678 17.8104 18.4293 17.5540 15.5539 16.8030 14.5353 17.8235 17.3317 17.0911 14.4275 14.3801 16.3840 15.2037 14.4071 17.8270 15.8840 14.1450 19.5219 16.7399 16.3449 24.9499 27.3238 23.5240 27.1104 26.4410 26.3922 26.6243 28.1943 22.1813 23.9728 30.7221 23.3819 28.1773 25.3748 25.1166 24.7270 21.5478 25.1353 24.5992 27.3950 25.7142 22.8167 22.9285 23.9355 26.9841 25.5172 21.5792 24.3442 24.6226 26.7712 28.0000 29.3583 30.0249 29.9203 29.0445 29.4526 30.4626 29.3403 29.6345 29.7162 28.8609 29.8611 30.5442 29.5822 27.5755 29.4212 29.8651 29.4759 28.7450 29.6509 29.0964 29.3352 30.3173 29.8307 29.3235 30.5292 28.3620 30.9202 28.9259 29.2392
4.9724 3.7225 3.6536 5.0100 2.9668 5.4468 3.5920 5.1789 3.5347 4.3005 8.0489 5.5032 5.8483 3.7243 4.2230 0.0000 8.9799 3.8024 5.5554 3.3685 4.8107 3.5505 4.9001 2.8086 8.6596 4.1769 3.2810 4.8391 4.6566 7.2450 28.5720 29.4850 28.4333 28.4066 28.3175 28.5300 28.7096 28.3686 28.8579 28.3027 28.3728 29.2788 29.4794 28.8513 28.3021 28.3412 28.9965 28.3770 28.6481 28.6298 28.4278 28.5452 28.7805 28.7104 28.6653 28.3311 28.8465 28.7509 28.7965 28.4249 14.3831 13.0954 14.4632 14.7732 15.4738 14.8960 16.1016 16.3687 13.4526 15.5512 15.5744 16.3194 15.4230 13.8001 14.8223 12.8376 16.8734 15.5664 14.9906 12.7194 13.1687 14.3208 13.6239 12.6993 15.6573 14.0270 12.5303 18.1021 14.7345 15.5095 23.0688 25.3853 21.2770 25.2576 24.5531 24.6206 24.9928 26.4353 19.8525 22.0743 29.3889 21.2493 26.3762 23.4035 23.1867 22.5952 19.2776 23.3218 22.6492 25.6974 23.7459 20.6407 21.0109 21.9238 25.3123 23.5268 19.3058 22.4270 22.7150 25.1033 26.7676 28.2625 28.9353 28.8337 27.9041 28.3415 29.4222 28.1899 28.5108 28.5949 27.7544 28.7692 29.4878 28.5186 26.3799 28.2777 28.7856 28.4348 27.5723 28.5414 27.9363 28.2910 29.2606 28.7688 28.2713 29.4410 27.1591 29.9047 27.7702 28.0863
9.9699 10.2435 8.0881 6.8430 8.0496 8.1009 8.2463 7.7878 9.0297 10.8393 6.2095 5.9390 8.3678 9.0060 7.9360 8.9799 0.0000 7.8281 12.3145 8.3086 7.3878 9.3475 7.2712 9.2761 6.5890 10.5400 8.3542 7.2678 6.8084 4.6353 31.3226 32.2064 31.2523 31.1341 31.1103 31.3276 31.3595 31.1684 31.6567 31.0619 30.9940 31.9501 32.2884 31.7005 31.0296 31.1817 31.8536 31.1457 31.3287 31.3213 31.2100 31.2535 31.6321 31.5154 31.4648 31.1029 31.6921 31.4491 31.5143 31.1566 18.8587 16.9876 18.9904 20.0641 19.9121 19.8309 21.3552 21.4503 18.3103 20.7493 20.9576 21.4422 20.4519 18.9967 20.0747 17.8332 20.8107 20.4325 20.2199 17.6988 17.4595 19.7516 18.4121 17.8579 20.8123 19.1314 17.0928 22.3908 20.0677 19.4339 26.8161 29.0851 25.5031 28.8526 28.2279 28.2061 28.3310 29.8936 24.2690 25.9068 32.2245 25.3772 29.9457 27.1670 26.9272 26.6649 23.6413 26.9128 26.4828 29.0876 27.5686 24.8720 24.7518 25.9454 28.7065 27.3702 23.7590 26.3023 26.4998 28.4267 29.8217 31.0936 31.7486 31.6756 30.8222 31.2509 32.1529 31.1226 31.4041 31.4665 30.5953 31.5869 32.2434 31.3057 29.4055 31.2140 31.6115 31.1524 30.5374 31.3822 30.8802 31.0506 32.0368 31.4856 31.0480 32.2332 30.1517 32.5660 30.6737 31.0067
6.3526 4.3046 4.4694 4.6329 4.1288 5.9676 4.7230 5.5026 5.0848 5.6432 6.8644 4.4935 6.1646 4.5276 4.6631 3.8024 7.8281 0.0000 7.0903 4.3510 4.2880 4.2011 5.5572 4.2752 7.8397 4.7168 3.8439 4.9418 3.9265 5.9145 29.5279 30.4464 29.3216 29.3696 29.1537 29.4912 29.5285 29.2640 29.7133 29.1450 29.0908 30.2604 30.5115 29.8884 29.1398 29.3206 29.9940 29.1796 29.5105 29.4016 29.2951 29.5163 29.7584 29.7317 29.6482 29.2622 29.8301 29.6638 29.7134 29.3065 14.9360 13.3853 15.2017 15.5618 16.2216 15.8049 16.9248 17.1478 14.1140 16.4216 16.5232 17.0944 16.2011 14.4387 15.5647 13.5131 17.9542 16.2794 15.7641 13.2192 13.2273 15.2058 14.0524 13.3370 16.5874 14.7202 12.7689 19.1535 15.7362 16.0611 24.2738 26.5546 22.4877 26.5077 25.7621 25.8014 26.2344 27.6400 21.0813 23.2697 30.5613 22.4893 27.6127 24.6065 24.3520 23.8003 20.3361 24.4809 23.8717 26.8875 24.9066 21.7911 22.1508 23.1659 26.5283 24.7423 20.3693 23.6796 23.9224 26.2856 27.9361 29.4219 30.1124 30.0290 29.0675 29.5614 30.5703 29.4044 29.7164 29.7740 28.8859 29.9391 30.6468 29.6494 27.5381 29.4726 29.9555 29.5458 28.7607 29.7181 29.1167 29.4172 30.4206 29.9154 29.3837 30.6238 28.3410 31.0782 28.9441 29.2550
8.2216 5.1394 7.3527 9.2102 5.8863 7.0478 6.7182 7.0228 6.3100 3.5324 10.8362 9.5198 9.1437 5.1113 8.2995 5.5554 12.3145 7.0903 0.0000 6.4894 6.9897 6.7508 8.7528 5.6664 11.7860 5.4261 5.8155 7.8662 7.7292 9.9684 28.2772 29.1195 28.1857 28.2490 28.2096 28.2950 28.6325 28.1338 28.6027 28.1567 28.4698 29.0438 28.9845 28.3183 28.1954 28.0369 28.5212 28.2418 28.5119 28.5365 28.2069 28.3819 28.3802 28.3362 28.2252 28.0506 28.4096 28.5416 28.4828 28.3795 14.4499 14.4137 14.3156 13.4538 14.9547 14.0549 14.1480 14.8552 13.6747 13.8274 13.7747 14.7257 13.5814 12.8164 13.7416 12.7977 17.7250 14.5825 13.1624 12.4832 13.9810 13.0958 13.4296 12.7522 14.1158 13.3469 12.5005 17.2612 13.3878 16.2377 20.7586 22.8142 18.5033 23.1906 22.0921 22.3969 23.2537 24.2999 17.0968 20.0098 27.8799 18.5066 24.0075 21.0812 20.7329 19.9162 16.2926 20.9788 20.2852 23.6184 21.1562 17.9737 18.8205 19.5359 23.1432 20.9239 16.2507 20.2200 20.2700 23.2466 25.4346 27.2154 27.8228 27.7033 26.7171 27.2015 28.3462 27.0646 27.2914 27.3519 26.6135 27.6405 28.3675 27.4469 25.1011 27.1290 27.6637 27.3559 26.4210 27.4948 26.7223 27.2779 28.1298 27.7104 27.3138 28.2896 25.9075 28.8979 26.5793 26.8831
4.7391 4.9659 4.1686 4.8540 3.0819 5.3726 3.0032 4.7407 3.3645 4.9980 7.6730 4.9967 5.7743 4.1136 4.3173 3.3685 8.3086 4.3510 6.4894 0.0000 4.8071 3.9386 5.1890 3.1557 8.1007 4.9923 3.4419 4.4230 4.4996 7.0819 28.7458 29.6830 28.6450 28.5604 28.4619 28.6946 28.8502 28.5519 29.0594 28.4911 28.4730 29.4277 29.7327 29.0747 28.4412 28.5607 29.2484 28.5306 28.7578 28.7491 28.6121 28.6951 29.0041 28.9446 28.8680 28.4934 29.0773 28.8915 28.9560 28.5740 15.0698 13.6995 15.1789 15.9240 16.2315 15.7503 17.2382 17.3545 14.2828 16.6178 16.6800 17.4623 16.6343 14.8067 15.8145 13.9098 17.1583 16.3372 16.2618 13.8008 14.1180 15.4348 14.6631 13.8036 16.8100 15.0537 13.5920 18.7653 15.7088 16.0172 23.8369 26.2224 22.2065 25.9268 25.2914 25.3474 25.6080 27.1477 20.7875 22.7332 29.8531 22.0864 27.0998 24.1267 23.9345 23.4785 20.1328 24.0984 23.4076 26.3368 24.5432 21.4956 21.6562 22.7291 25.8972 24.3681 20.3237 23.1239 23.4386 25.7541 27.3401 28.7609 29.4558 29.3228 28.4344 28.8514 29.8799 28.7491 29.0319 29.1206 28.2872 29.3036 29.9635 29.0533 26.9500 28.8186 29.3125 28.9316 28.1086 29.0517 28.5001 28.8075 29.7463 29.2473 28.7866 29.9323 27.7203 30.3618 28.2948 28.6446
6.7805 5.3022 5.2619 5.6344 4.8061 4.8380 4.7857 3.8160 4.6946 5.6434 7.2930 5.2081 6.2205 3.9865 5.6539 4.8107 7.3878 4.2880 6.9897 4.8071 0.0000 5.1397 5.7525 4.7757 7.4277 6.6999 4.7308 4.6344 3.7987 5.4797 28.7051 29.6073 28.5343 28.4761 28.4640 28.6764 28.7660 28.4726 28.9809 28.4933 28.3864 29.3589 29.6544 29.0579 28.3173 28.5529 29.1688 28.4722 28.6989 28.6474 28.5427 28.6305 28.9862 28.8603 28.8631 28.4436 29.0281 28.8114 28.8339 28.5518 15.4923 13.8377 15.2677 16.1675 16.2209 16.0885 17.2482 17.8575 14.9210 16.6151 16.9654 17.8484 16.2689 14.7989 16.2028 14.0484 17.7118 16.6604 15.9893 13.7867 13.7335 15.6694 14.8326 14.1044 16.9698 15.4642 13.3819 18.6648 15.8717 16.0619 23.0506 25.4114 21.5659 25.3247 24.5325 24.5062 25.0043 26.4386 20.2623 22.0919 29.1953 21.4017 26.3470 23.4740 23.1445 22.7725 19.4675 23.2044 22.6631 25.5880 23.7419 20.8553 20.9636 22.0314 25.1326 23.5819 19.4814 22.5139 22.6703 25.0449 26.5817 28.0828 28.7324 28.6213 27.6731 28.1617 29.1747 28.0801 28.3005 28.3750 27.5088 28.5658 29.2430 28.3101 26.1514 28.1159 28.5809 28.1579 27.4233 28.3839 27.7637 28.0958 29.0067 28.5205 28.0874 29.2144 27.0002 29.6625 27.5556 27.9160
5.3237 4.7125 3.6133 5.0168 3.8653 6.3086 3.4618 5.3049 4.3310 5.3919 7.8661 5.0946 5.2808 4.6714 3.8766 3.5505 9.3475 4.2011 6.7508 3.9386 5.1397 0.0000 6.1015 3.6164 8.8557 4.7054 4.1349 5.8863 4.7688 8.0044 29.2744 30.2161 29.0754 28.9879 28.9474 29.2408 29.3045 28.9570 29.4956 28.9637 28.8830 29.9375 30.2278 29.6518 28.8399 29.0720 29.7550 28.9319 29.2522 29.1706 29.0722 29.1506 29.5452 29.4149 29.4559 29.0112 29.5935 29.3720 29.4550 29.0448 15.0562 13.4237 15.2057 15.8444 16.1934 15.7898 17.2327 17.3896 14.2461 16.6300 16.8179 17.4866 16.4840 14.6079 15.7794 13.8122 17.4070 16.3827 16.0778 13.6742 13.7534 15.5125 14.5157 13.6537 16.9600 15.0627 13.5338 18.8401 15.6821 15.9599 24.2172 26.5376 22.5421 26.4304 25.6875 25.6586 26.0734 27.5580 21.2349 23.1825 30.3140 22.4767 27.4751 24.5876 24.3330 23.8299 20.3970 24.3728 23.7854 26.7775 24.8991 21.8611 22.2110 23.1063 26.3444 24.6997 20.5272 23.5859 23.8177 26.1711 27.5717 29.0005 29.6882 29.5646 28.6248 29.0920 30.1308 28.9662 29.2476 29.3590 28.4563 29.4869 30.2025 29.2117 27.1332 29.0302 29.5111 29.1124 28.3399 29.3038 28.7045 28.9727 29.9727 29.4691 28.9759 30.1872 27.9375 30.5792 28.5236 28.8511
5.7108 6.8029 5.0011 5.0860 5.3509 5.2098 5.1222 5.7396 4.5531 7.0114 7.6533 5.0513 6.1300 6.3412 5.0361 4.9001 7.2712 5.5572 8.7528 5.1890 5.7525 6.1015 0.0000 4.8738 8.1170 7.4524 5.2096 4.2727 5.2408 6.7013 28.0162 28.9483 27.9148 27.8371 27.7671 27.9695 28.1373 27.8521 28.3617 27.7356 27.7989 28.7095 28.9723 28.3128 27.7587 27.7819 28.5077 27.8648 28.0870 28.1242 27.8863 27.9849 28.2408 28.1659 28.1063 27.7884 28.3347 28.1915 28.2735 27.8367 15.8299 13.9609 15.4867 16.5538 16.5654 16.6142 17.8939 18.3315 14.9007 17.0824 17.2409 18.1318 17.0729 15.5050 16.5091 14.1109 17.1541 17.1929 16.7713 14.1346 14.4304 15.7848 15.1934 14.3722 16.9994 15.7471 14.0226 18.7519 16.2645 16.4231 23.8344 26.4878 22.5678 25.7916 25.4401 25.4320 25.2428 27.0688 21.0475 22.7215 29.4735 22.4191 27.2361 24.1953 24.1142 23.6877 20.8651 24.1311 23.6059 26.2395 24.7811 21.7520 21.5492 22.8225 25.9720 24.6137 20.9041 23.1061 23.6384 25.4094 26.9233 28.2809 28.9870 28.9052 28.0389 28.4180 29.3995 28.2731 28.6450 28.7012 27.8676 28.8936 29.5262 28.5921 26.5627 28.4084 28.8659 28.4539 27.6533 28.5237 28.1131 28.3117 29.2944 28.7678 28.2419 29.5314 27.2875 29.8868 27.8246 28.2142
4.5022 4.2361 4.1411 5.2302 3.4683 5.3353 3.4201 4.9084 2.9884 4.0982 8.3829 5.5427 5.9012 3.9565 4.6752 2.8086 9.2761 4.2752 5.6664 3.1557 4.7757 3.6164 4.8738 0.0000 8.9036 4.3231 3.6261 4.4800 4.3759 7.5290 28.2404 29.1658 28.1210 28.0896 27.9782 28.2178 28.3908 28.0259 28.5162 27.9502 28.0161 28.9772 29.1801 28.5261 27.9712 28.0350 28.6874 28.0021 28.3251 28.3109 28.0953 28.2285 28.4582 28.4088 28.3191 27.9930 28.5103 28.4199 28.4594 28.0977 14.5229 13.2444 14.5283 15.0482 15.5246 15.1167 16.2997 16.5645 13.6339 15.6496 15.7662 16.5165 15.7042 13.9390 14.9731 13.0075 16.7590 15.7262 15.2354 12.9002 13.3600 14.4395 13.8051 13.0392 15.8131 14.2610 12.7680 18.0801 14.9249 15.5399 22.9773 25.3594 21.2502 25.1146 24.4835 24.5377 24.8484 26.3146 19.7970 21.9422 29.2050 21.2284 26.3232 23.2826 23.0999 22.5298 19.2305 23.2595 22.5821 25.5761 23.6519 20.5297 20.7981 21.8142 25.2069 23.5022 19.3299 22.2876 22.6433 24.9482 26.7337 28.1934 28.8794 28.7812 27.8578 28.2981 29.3579 28.1636 28.4713 28.5384 27.7260 28.7384 29.4106 28.4939 26.3627 28.2400 28.7529 28.3887 27.5221 28.4702 27.9193 28.2677 29.1909 28.7079 28.2367 29.3805 27.1320 29.8352 27.7147 28.0573
8.9625 9.9957 8.5607 6.3982 7.7741 9.3227 8.7007 7.6001 8.7274 10.6632 8.5823 6.6904 7.5915 8.1618 8.0544 8.6596 6.5890 7.8397 11.7860 8.1007 7.4277 8.8557 8.1170 8.9036 0.0000 10.2673 8.8137 7.5588 6.7514 6.5223 29.4501 30.3617 29.2743 29.0748 29.2013 29.3908 29.3935 29.2132 29.7646 29.2303 29.0617 30.0411 30.4198 29.8880 29.0138 29.3052 29.9977 29.2070 29.3615 29.3023 29.2886 29.2407 29.7995 29.5733 29.7038 29.1813 29.8647 29.4839 29.6135 29.1956 16.5269 14.4160 16.3947 17.9777 17.4854 17.5433 19.3126 19.6755 16.0693 18.5841 18.9618 19.7560 18.3864 16.5129 17.9364 15.3295 18.0013 18.2362 18.0057 15.3377 14.5553 17.3956 16.3213 15.2865 18.8878 16.9495 14.8078 19.9094 17.6198 16.5660 25.0763 27.4159 23.8721 27.1497 26.4924 26.3756 26.6110 28.2521 22.7090 24.0718 30.5763 23.5862 28.2012 25.4774 25.1567 25.0498 21.9020 25.1446 24.6874 27.3002 25.8814 23.1378 23.0609 24.2027 26.8893 25.6746 21.9886 24.5761 24.7039 26.7374 27.6827 28.9918 29.6638 29.5318 28.6546 29.0646 30.0602 28.9842 29.2806 29.3928 28.4586 29.4996 30.1589 29.2113 27.2263 29.0552 29.4738 29.0801 28.3707 29.2932 28.7730 28.9541 29.9344 29.4249 28.9185 30.1507 28.0301 30.4991 28.5752 28.9168
7.2010 3.6996 5.5742 6.9226 4.4974 7.4632 5.2735 7.4396 6.0470 4.3540 9.0364 6.9672 8.1613 5.1101 6.2428 4.1769 10.5400 4.7168 5.4261 4.9923 6.6999 4.7054 7.4524 4.3231 10.2673 0.0000 4.3383 6.9498 5.9689 8.3614 30.3053 31.2052 30.1623 30.2743 29.9548 30.2791 30.4565 30.0844 30.5065 29.8899 30.0802 31.1114 31.2096 30.5086 30.1004 30.0253 30.6936 29.9883 30.3978 30.3446 30.1085 30.4128 30.4250 30.5036 30.2825 30.0533 30.5073 30.5375 30.5580 30.1871 14.3758 13.9389 15.1215 14.2370 16.0775 14.7901 15.5735 15.3004 13.3004 15.3183 15.0417 15.2847 15.3985 13.6397 14.2927 13.1515 18.5868 15.2042 14.7077 12.9044 13.8886 14.1739 13.2944 12.7063 15.4537 13.5806 12.2861 19.2094 14.8330 16.6477 24.2292 26.2359 21.8373 26.5150 25.6204 25.8222 26.5389 27.6449 20.3891 23.3036 31.0684 22.0581 27.4846 24.4555 24.2084 23.3607 19.5226 24.4894 23.6989 27.0567 24.6258 21.3402 22.2059 22.9647 26.6011 24.4554 19.7039 23.6138 23.7801 26.5565 28.5397 30.1547 30.8197 30.7138 29.7423 30.2135 31.3216 30.0350 30.3435 30.4125 29.5916 30.6163 31.3587 30.3707 28.1734 30.1209 30.6475 30.2987 29.4138 30.4460 29.7584 30.1581 31.1309 30.6630 30.1713 31.3085 28.9371 31.8229 29.6124 29.8952
6.4246 4.0062 4.0811 5.4956 3.6824 4.7393 3.7821 4.9196 4.2350 4.1609 6.4726 5.4561 6.1498 4.5952 4.2091 3.2810 8.3542 3.8439 5.8155 3.4419 4.7308 4.1349 5.2096 3.6261 8.8137 4.3383 0.0000 5.3211 4.8703 6.7775 29.3530 30.2777 29.2643 29.2469 29.1287 29.3249 29.5333 29.2039 29.6773 29.1244 29.2045 30.0633 30.2563 29.5885 29.1300 29.1407 29.7824 29.2028 29.4509 29.4533 29.2501 29.3641 29.5538 29.5138 29.4160 29.1223 29.6333 29.5556 29.5885 29.2685 15.0778 14.0494 15.2657 15.2342 16.2134 15.5047 16.4546 16.6485 14.1326 16.0201 15.9369 16.5661 15.9110 14.3347 15.3350 13.6833 18.0951 16.0076 15.4384 13.4472 14.2389 14.8654 14.2424 13.5638 16.1044 14.6198 13.0342 18.9003 15.3132 16.6279 23.7054 25.9947 21.8431 25.9561 25.1584 25.2924 25.6928 27.1088 20.3798 22.7355 30.1005 21.7986 27.0155 24.0431 23.7852 23.1875 19.7374 23.9397 23.2953 26.3474 24.3411 21.2137 21.5659 22.5969 25.9246 24.1373 19.8033 23.0596 23.2993 25.7961 27.4529 28.9971 29.6796 29.5592 28.6421 29.0760 30.1366 28.9293 29.2255 29.2970 28.4563 29.4934 30.2126 29.2333 27.0653 29.0314 29.5170 29.1342 28.3082 29.2895 28.6470 29.0047 29.9742 29.4795 29.0108 30.1763 27.8458 30.6460 28.4746 28.7966
5.0825 6.4113 5.3742 5.4874 4.9212 5.1361 4.7690 5.0163 4.0777 6.4540 8.3261 4.8943 6.5313 5.0040 6.0357 4.8391 7.2678 4.9418 7.8662 4.4230 4.6344 5.8863 4.2727 4.4800 7.5588 6.9498 5.3211 0.0000 4.4782 6.4066 27.7006 28.6067 27.5638 27.5151 27.4365 27.6732 27.7724 27.5144 28.0241 27.4513 27.4683 28.4017 28.6716 27.9988 27.4215 27.5007 28.1934 27.5016 27.6993 27.7342 27.5498 27.6815 27.9675 27.8970 27.7898 27.4406 28.0511 27.8262 27.9111 27.5400 16.0664 14.2496 15.6014 16.7657 16.7020 16.7220 17.9293 18.4924 15.1885 17.1371 17.3832 18.3518 17.1312 15.6080 16.7211 14.3004 17.0557 17.3412 16.8070 14.2791 14.2217 15.9612 15.4138 14.4754 17.2782 15.9711 14.0825 18.8616 16.4142 16.2648 23.0048 25.4934 21.5958 24.8856 24.5241 24.4911 24.4955 26.1715 20.2412 21.8279 28.7074 21.4897 26.3186 23.2328 23.1308 22.7614 19.8192 23.2623 22.6147 25.3967 23.7916 20.8437 20.7177 21.9136 25.0572 23.6572 19.9864 22.2412 22.7132 24.6421 26.5052 27.8512 28.5433 28.4589 27.5663 27.9417 28.9837 27.8605 28.1816 28.2467 27.4313 28.4407 29.0484 28.1942 26.1343 27.9422 28.4381 28.0494 27.2007 28.0918 27.6700 27.9470 28.8518 28.3324 27.8931 29.0316 26.8665 29.4124 27.3893 27.7934
5.6044 5.6437 4.3937 3.9332 3.8858 5.5539 4.7400 4.4977 4.7730 6.1627 7.2908 3.8104 5.1627 4.1452 5.1136 4.6566 6.8084 3.9265 7.7292 4.4996 3.7987 4.7688 5.2408 4.3759 6.7514 5.9689 4.8703 4.4782 0.0000 4.9385 29.1355 30.0625 28.9885 28.9392 28.8160 29.1220 29.1270 28.9110 29.3721 28.7812 28.7031 29.8903 30.1936 29.5736 28.7788 29.0027 29.6873 28.7860 29.1107 29.0242 28.9376 29.1098 29.4608 29.3935 29.2983 28.8698 29.4946 29.2581 29.3231 28.9080 15.6757 14.0095 15.6941 16.7479 16.6701 16.5480 18.0142 18.2635 15.0771 17.3306 17.6517 18.2655 17.2346 15.4633 16.6005 14.3766 17.7820 17.1549 16.8130 14.2775 13.9294 16.1951 15.0842 14.4104 17.5600 15.7261 13.8620 19.2987 16.6034 16.2070 24.1625 26.4324 22.5859 26.2676 25.6236 25.5985 25.9921 27.4135 21.2859 23.1538 30.1387 22.5337 27.4092 24.4607 24.2197 23.7872 20.5190 24.3316 23.7532 26.6303 24.7866 21.8864 22.0420 23.0826 26.2602 24.6655 20.6230 23.5977 23.8360 26.0302 27.6818 29.0884 29.7495 29.6538 28.7206 29.1805 30.1916 29.0867 29.3672 29.4359 28.5719 29.6053 30.2485 29.3351 27.2828 29.1230 29.6017 29.2087 28.4441 29.3726 28.8452 29.1082 30.0481 29.5476 29.0684 30.2296 28.0719 30.6429 28.6261 28.9717
9.0916 7.6968 6.9719 5.8913 6.3661 6.9675 7.3982 6.5888 7.6974 8.4269 6.5785 5.1943 7.6162 6.8222 7.1795 7.2450 4.6353 5.9145 9.9684 7.0819 5.4797 8.0044 6.7013 7.5290 6.5223 8.3614 6.7775 6.4066 4.9385 0.0000 30.7832 31.6812 30.6586 30.6489 30.5388 30.7951 30.8336 30.6119 31.0335 30.4800 30.4250 31.5187 31.7372 31.1565 30.4749 30.6496 31.2548 30.5246 30.8279 30.7447 30.6182 30.7763 31.0594 30.9930 30.9088 30.5492 31.0781 30.9456 30.9732 30.6370 17.1044 15.6619 17.3582 17.8983 18.2452 17.9490 19.0495 19.2801 16.6012 18.5741 18.7481 19.1919 18.2725 16.8166 17.9163 15.9005 19.9101 18.4621 17.8861 15.6756 15.4808 17.4986 16.3696 15.8619 18.7468 16.9901 14.7512 20.9247 17.9914 18.0406 25.4172 27.5513 23.7479 27.6904 26.8520 26.8955 27.4087 28.6891 22.5067 24.6257 31.5437 23.7532 28.6212 25.7903 25.4866 25.0080 21.6763 25.5612 25.0670 27.9503 25.9944 23.1513 23.4453 24.4588 27.5565 25.8302 21.7344 24.9999 25.0921 27.3993 28.9170 30.3628 30.9973 30.9174 29.9943 30.4673 31.4712 30.3294 30.6140 30.6654 29.7925 30.8217 31.5066 30.5520 28.5127 30.3895 30.8440 30.4259 29.7200 30.6524 30.0598 30.3228 31.2895 30.7986 30.3058 31.4889 29.2926 31.9268 29.8921 30.1789
27.0647 29.3797 29.2385 29.5566 29.1720 27.6646 29.0918 28.1401 27.5491 28.5960 32.0357 29.9288 28.3725 28.3103 29.6903 28.5720 31.3226 29.5279 28.2772 28.7458 28.7051 29.2744 28.0162 28.2404 29.4501 30.3053 29.3530 27.7006 29.1355 30.7832 0.0000 3.7149 4.2192 4.8240 6.4105 2.6395 5.4700 5.3689 5.0866 6.4474 7.6685 4.2214 6.0733 5.1865 4.6619 5.1430 4.3363 6.1239 5.1431 7.2338 4.4491 4.0586 4.8655 5.5841 4.6423 2.6728 3.9817 2.9625 3.2444 4.2729 28.3060 26.8978 24.8582 28.3345 24.4843 27.8978 27.6313 30.8844 28.2498 26.1533 27.5413 30.6215 26.2389 26.8586 28.1511 25.7072 21.0581 28.7117 27.0862 26.3097 26.0353 25.8867 28.5962 27.4181 26.4682 28.5265 29.1467 21.9616 25.7621 24.6883 20.6801 23.3983 23.0751 19.1484 21.8142 21.1531 18.7443 20.9039 22.5378 19.1066 19.8791 22.2506 22.3802 20.5199 21.4014 22.1296 24.3908 21.6082 21.0955 20.1422 22.2380 21.7062 19.2015 20.2762 21.1866 22.3831 24.0755 19.4599 21.2441 18.9532 19.7684 19.3810 20.3254 20.6221 20.1826 20.4068 20.6573 20.3026 20.8996 20.8105 20.6366 20.9440 20.6226 20.9451 20.3094 20.3373 20.9889 21.1264 19.4692 19.1216 20.4577 21.0187 20.9645 20.2692 20.2720 20.6250 20.1573 21.0431 19.8736 20.4051
28.0238 30.3319 30.1449 30.4930 30.0741 28.5450 30.0117 29.0534 28.4781 29.4914 32.9157 30.8613 29.2850 29.2250 30.6338 29.4850 32.2064 30.4464 29.1195 29.6830 29.6073 30.2161 28.9483 29.1658 30.3617 31.2052 30.2777 28.6067 30.0625 31.6812 3.7149 0.0000 4.4125 5.5863 6.8610 3.5230 6.3921 5.1337 4.8444 6.6733 8.7778 3.6054 5.0760 4.6685 6.1077 4.6432 3.7163 7.1586 5.7335 8.1310 4.7283 5.8007 3.5064 4.9222 3.9024 4.2491 3.5731 3.9218 3.1850 5.3816 29.1357 27.8324 25.6938 29.1514 25.4086 28.7103 28.3775 31.6237 29.1427 26.9500 28.3415 31.3936 27.0074 27.7582 28.9906 26.5677 21.9251 29.5060 27.8944 27.1778 26.9641 26.7648 29.4616 28.3023 27.2448 29.3938 30.0699 22.8064 26.5857 25.5998 20.9745 23.3851 23.3600 19.0797 21.9353 21.2394 19.1143 20.8655 22.8929 19.3990 19.8571 22.6068 22.3500 20.6152 21.5389 22.3111 24.8627 21.9985 21.2641 20.1741 22.3427 22.0266 19.5253 20.5065 21.2560 22.5799 24.4907 19.8235 21.5702 19.2350 20.1947 19.8171 20.5839 20.8963 20.4792 20.7058 20.9547 20.6762 21.2309 21.1175 21.2462 21.3560 20.9447 21.4811 20.8605 20.7122 21.3173 21.6738 19.8823 19.4686 20.8865 21.6499 21.2366 20.7254 20.8728 20.8759 20.7246 21.4052 20.2848 20.8111
26.9111 29.2130 29.1128 29.3831 29.0707 27.5598 29.0156 28.0453 27.4268 28.4811 31.9414 29.7434 28.1746 28.1228 29.5745 28.4333 31.2523 29.3216 28.1857 28.6450 28.5343 29.0754 27.9148 28.1210 29.2743 30.1623 29.2643 27.5638 28.9885 30.6586 4.2192 4.4125 0.0000 4.4467 4.5660 3.5053 4.3266 3.0054 3.0089 5.4491 6.5045 5.0658 6.5904 5.5652 3.0346 3.8682 4.6239 5.3829 3.8759 5.2315 2.4542 5.4937 3.9859 5.5548 4.9625 3.5157 5.0306 2.7511 3.7431 4.1330 28.2297 26.7856 24.7747 28.2900 24.5430 27.9155 27.5840 30.8202 28.2149 26.1376 27.5494 30.6241 26.1934 26.7573 28.0532 25.6288 21.0675 28.5986 27.0417 26.1643 25.7922 25.8640 28.5003 27.3217 26.4621 28.4975 28.9864 22.0938 25.7400 24.6055 20.7766 23.3765 23.0663 19.0553 21.8707 21.1132 18.9847 20.9972 22.5314 18.9396 20.1049 22.2817 22.4263 20.4377 21.3363 22.1100 24.2974 21.7325 21.0291 20.1807 22.2170 21.6208 19.1765 20.2129 21.2068 22.4358 23.9794 19.5869 21.2873 19.0959 19.9989 19.7419 20.5523 20.8385 20.3134 20.6093 20.8924 20.5792 21.1488 21.0755 20.9815 21.2382 20.8878 21.3143 20.5757 20.5804 21.2209 21.4736 19.7440 19.3992 20.7796 21.4219 21.1780 20.6122 20.6301 20.8785 20.5015 21.3523 20.1239 20.6851
26.7410 29.2863 29.0546 29.2470 29.0009 27.5845 28.9323 27.8380 27.3191 28.5596 31.9032 29.6590 27.9660 28.0763 29.4449 28.4066 31.1341 29.3696 28.2490 28.5604 28.4761 28.9879 27.8371 28.0896 29.0748 30.2743 29.2469 27.5151 28.9392 30.6489 4.8240 5.5863 4.4467 0.0000 7.4789 4.6260 6.1465 4.7906 6.1846 7.8990 8.2151 4.7026 6.6724 6.9032 4.3904 6.0434 5.9382 7.2954 5.8655 7.4595 5.5145 2.8884 6.3210 4.7561 7.1191 4.7700 6.0592 3.5014 4.9152 4.8022 28.0910 26.5389 24.5453 28.4319 24.2072 27.7279 27.7916 31.0400 28.1651 26.2520 27.8125 30.8412 26.2769 26.7635 28.2052 25.5466 20.2695 28.6100 27.1344 26.2204 25.7663 25.9773 28.5466 27.3189 26.6198 28.5441 29.1309 21.4287 25.6596 24.1741 20.8968 23.7453 23.5628 19.4717 21.9917 21.1472 18.6680 21.1023 23.1234 19.2823 19.6579 22.5376 22.5394 20.8039 21.6533 22.5846 24.8468 21.6528 21.3044 20.1004 22.5984 22.0967 19.5111 20.5406 21.1854 22.6661 24.4363 19.8226 21.4121 18.9540 18.8981 18.3372 19.3013 19.4357 19.0526 19.3787 19.4912 19.2623 19.8515 19.8889 19.6147 19.8931 19.5717 19.9089 19.3613 19.3068 19.8874 20.1048 18.4075 18.0312 19.4390 19.9654 19.8328 19.1573 19.2315 19.6677 19.2610 19.8808 18.8766 19.4026
