0.0000 3.5452 6.6123 7.4955 5.0070 5.9144 5.3441 6.7620 4.7098 4.5758 8.8351 7.0680 7.5512 4.0658 8.2131 4.0977 9.7047 4.4895 6.0351 3.8424 4.8649 4.1315 6.4550 3.6377 9.1388 3.8212 5.6143 3.3900 6.6540 7.8218 19.3225 19.4623 19.7424 19.9606 19.0987 19.5405 19.3588 19.4589 19.4483 17.8568 19.0839 20.0046 20.2108 20.0921 19.5118 19.4960 19.9656 18.6007 19.6261 19.5553 18.8732 20.1405 19.6682 20.0967 19.2777 19.4723 19.1425 19.8214 19.4152 19.2279 15.0601 15.0122 15.4268 18.1280 17.1540 16.1191 18.9146 17.4890 14.7834 17.5942 18.4526 17.8482 18.5765 17.9285 16.8563 15.1021 16.1110 16.3856 18.7600 16.1339 15.2096 17.6565 14.5747 16.4753 17.2075 16.1501 13.7863 16.8223 18.4439 14.2714 19.0409 19.6017 17.1034 19.5820 19.9223 19.8333 18.5210 19.3073 17.0964 19.8766 19.5599 18.9127 20.0324 19.5974 19.1903 18.3497 19.1835 18.8368 19.3019 20.0165 18.9015 19.1585 18.7389 17.7844 20.5008 18.2392 18.4270 18.1530 19.7352 18.8241 20.2505 19.8884 20.1492 20.3371 19.9217 20.2185 19.9791 20.2566 20.3645 20.2813 19.9439 20.1385 20.0840 19.9325 20.2515 19.9548 19.7170 19.8001 20.0169 20.2787 20.4285 19.9237 20.2007 19.5967 19.8484 20.2574 20.2412 19.7155 20.3528 20.3388
3.5452 0.0000 5.8131 6.8694 4.7832 4.9359 4.8454 5.6888 3.4387 4.4661 8.1802 6.3914 6.6673 4.6403 7.4211 4.0817 9.3971 4.6847 6.3093 3.4849 5.2987 3.6099 5.7001 3.0773 9.2086 3.2964 5.1413 3.2235 5.9258 7.4900 19.4616 19.5875 19.8784 20.0787 19.2509 19.6671 19.4749 19.6046 19.5898 18.0086 19.2602 20.1223 20.3299 20.2124 19.6479 19.6105 20.1059 18.7657 19.7443 19.6764 19.0248 20.2546 19.8109 20.2116 19.3999 19.6053 19.3125 19.9481 19.5587 19.3484 15.1892 15.0699 15.5896 18.2495 17.3261 16.2433 19.0628 17.6270 14.9822 17.7476 18.5868 17.9830 18.6741 18.0494 17.0583 15.2402 16.3083 16.5138 18.9018 16.3231 15.4311 17.8169 14.7565 16.6380 17.3664 16.2946 13.8654 16.9728 18.5746 14.4383 19.1565 19.7089 17.2276 19.6965 20.0168 19.9373 18.6181 19.4104 17.2106 19.9810 19.6489 19.0128 20.1452 19.7177 19.2984 18.4700 19.3206 18.9228 19.4154 20.1157 19.0202 19.2707 18.8304 17.9039 20.6087 18.3523 18.5520 18.2632 19.8395 18.9137 20.3567 19.9813 20.2499 20.4400 20.0219 20.3183 20.0771 20.3600 20.4677 20.3793 20.0412 20.2391 20.1822 20.0294 20.3507 20.0558 19.8147 19.8988 20.1178 20.3782 20.5318 20.0208 20.3037 19.6857 19.9483 20.3551 20.3449 19.8154 20.4586 20.4389
6.6123 5.8131 0.0000 4.3549 3.9470 5.2140 4.4302 9.0824 5.8387 6.3410 5.3686 4.3468 4.1797 7.9444 4.8976 5.6773 6.5356 5.3944 9.8759 5.0320 6.8771 5.1388 4.4422 6.7111 8.4529 6.3582 5.8191 5.9402 5.4030 6.0217 21.7384 21.8679 22.1287 22.3320 21.5012 21.9523 21.7675 21.8508 21.8496 20.2902 21.4740 22.3832 22.5818 22.4837 21.8770 21.8881 22.3533 20.9960 22.0069 21.9384 21.3164 22.5025 22.0651 22.4616 21.7127 21.8784 21.5643 22.2044 21.8150 21.6283 17.0613 17.0705 17.6415 20.4117 19.5013 18.3410 21.2979 19.7630 17.0420 19.9123 20.8478 20.2387 20.8945 20.2438 19.1998 17.3354 18.2946 18.5580 21.1231 18.5230 17.5710 20.0493 16.9142 18.8034 19.5917 18.5052 16.0098 19.0326 20.7308 16.6612 21.5032 21.9799 19.6953 22.0278 22.3101 22.2354 21.0643 21.7074 19.7092 22.2623 21.9596 21.4252 22.4418 22.0209 21.6207 20.8975 21.6055 21.2869 21.7077 22.4017 21.3798 21.5672 21.0726 20.3826 22.8583 20.7970 20.9701 20.7091 22.1687 21.2881 22.6153 22.2606 22.5341 22.7081 22.3068 22.5862 22.3593 22.6322 22.7384 22.6445 22.3303 22.5135 22.4597 22.3094 22.6252 22.3225 22.1053 22.1915 22.3998 22.6476 22.7994 22.3079 22.5849 21.9816 22.2281 22.6244 22.6177 22.1027 22.7221 22.7009
7.4955 6.8694 4.3549 0.0000 4.6426 4.9908 4.4365 9.5385 6.5436 7.6324 5.4982 4.1738 5.3222 8.8513 3.1396 7.0122 4.8342 6.2238 9.7396 6.1312 7.9702 6.0236 4.9094 7.5366 8.7043 7.3035 6.0596 6.5404 3.9918 4.0029 22.3239 22.4599 22.7197 22.9155 22.0887 22.5450 22.3572 22.4527 22.4441 20.8749 22.0619 22.9724 23.1702 23.0739 22.4671 22.4787 22.9442 21.6083 22.6154 22.5494 21.8997 23.0970 22.6490 23.0478 22.2955 22.4668 22.1571 22.7922 22.4034 22.2148 17.9043 17.8359 18.5074 21.0887 20.1842 19.1823 21.9533 20.5234 17.8247 20.6178 21.4931 20.9346 21.5460 20.9252 19.9691 18.0777 19.0106 19.3694 21.7442 19.2669 18.2855 20.7253 17.7241 19.5545 20.3225 19.2118 16.7687 19.8452 21.4218 17.4552 22.1224 22.6000 20.4021 22.6519 22.9308 22.8475 21.7023 22.3315 20.3814 22.8779 22.5823 22.0539 23.0610 22.6465 22.2383 21.5665 22.2152 21.9000 22.3362 23.0151 22.0290 22.2064 21.7194 21.0412 23.4588 21.4351 21.6273 21.3629 22.7786 21.9068 23.2041 22.8529 23.1196 23.2952 22.8892 23.1699 22.9450 23.2161 23.3231 23.2364 22.9130 23.0987 23.0486 22.8936 23.2122 22.9102 22.6879 22.7819 22.9870 23.2340 23.3860 22.8886 23.1720 22.5679 22.8090 23.2105 23.2030 22.6885 23.3090 23.2892
5.0070 4.7832 3.9470 4.6426 0.0000 5.3859 2.7481 8.4381 5.3219 4.5965 7.1830 5.5110 6.0470 5.8369 5.4686 4.3497 7.2352 4.8013 7.5962 4.1784 4.6821 4.3260 4.7009 5.1942 8.0398 5.3581 4.8280 4.4644 5.7089 5.5652 20.6400 20.7800 21.0545 21.2598 20.4185 20.8626 20.6710 20.7967 20.7812 19.2062 20.4197 21.3020 21.5096 21.4010 20.8115 20.8018 21.2748 19.9579 20.9397 20.8795 20.2187 21.4354 20.9827 21.3878 20.5999 20.7985 20.4896 21.1266 20.7359 20.5452 16.3943 16.2666 17.0335 19.4798 18.5659 17.6340 20.3121 18.8909 16.2259 19.0601 19.8091 19.2413 19.8883 19.2676 18.3777 16.4805 17.4685 17.8221 20.0670 17.6849 16.7254 19.0922 16.0834 17.9530 18.6593 17.5577 15.1586 18.3586 19.7942 15.8919 20.3806 20.8955 18.5264 20.9096 21.2300 21.1390 19.8996 20.6140 18.5247 21.1754 20.8659 20.2728 21.3490 20.9292 20.5033 19.7497 20.4927 20.1622 20.6168 21.3213 20.2658 20.4840 20.0037 19.1964 21.7836 19.6242 19.8224 19.5385 21.0512 20.1574 21.5319 21.1723 21.4373 21.6205 21.2127 21.4996 21.2681 21.5424 21.6477 21.5597 21.2346 21.4242 21.3694 21.2190 21.5355 21.2396 21.0090 21.0998 21.3065 21.5597 21.7099 21.2128 21.4911 20.8905 21.1383 21.5377 21.5287 21.0097 21.6369 21.6180
5.9144 4.9359 5.2140 4.9908 5.3859 0.0000 5.4250 5.7421 5.0900 6.6355 6.3790 5.1001 4.6985 7.3102 5.6334 5.4497 7.6201 6.3219 8.8052 5.1189 7.2258 4.1497 5.2092 5.5803 8.9629 5.7886 4.5923 4.9676 4.6319 6.3646 20.7787 20.9057 21.1949 21.3789 20.5603 20.9885 20.7935 20.9307 20.8991 19.3229 20.5839 21.4313 21.6323 21.5217 20.9711 20.9237 21.4152 20.1303 21.0646 21.0086 20.3444 21.5576 21.1217 21.5126 20.7245 20.9291 20.6491 21.2579 20.8793 20.6537 16.4647 16.4861 16.8944 19.5642 18.6413 17.6058 20.4142 18.9652 16.4159 19.1540 19.9344 19.3604 20.0057 19.4140 18.3642 16.7009 17.6202 17.8695 20.2366 17.7180 16.7931 19.1142 16.1466 17.9999 18.7414 17.7125 15.3729 18.2583 19.8874 15.8667 20.5164 21.0059 18.6810 21.0387 21.3291 21.2610 20.0312 20.7512 18.6493 21.3003 20.9915 20.4008 21.4768 21.0546 20.6224 19.8791 20.6399 20.2810 20.7606 21.4309 20.3818 20.6006 20.1258 19.3392 21.9013 19.7447 19.9506 19.6938 21.1800 20.2785 21.6581 21.2966 21.5557 21.7379 21.3285 21.6182 21.3816 21.6599 21.7657 21.6809 21.3495 21.5410 21.4871 21.3368 21.6526 21.3610 21.1259 21.2107 21.4273 21.6775 21.8306 21.3253 21.6078 21.0034 21.2498 21.6539 21.6451 21.1298 21.7604 21.7348
5.3441 4.8454 4.4302 4.4365 2.7481 5.4250 0.0000 8.2895 5.2242 4.8698 7.1311 5.4321 6.0901 6.3379 5.0793 5.4890 7.2890 4.7914 7.2612 4.3125 5.6131 4.8241 4.9982 5.3372 8.8342 5.7603 5.2718 4.7170 5.2888 5.6383 20.7963 20.9328 21.2090 21.4131 20.5776 21.0170 20.8244 20.9526 20.9344 19.3543 20.6008 21.4583 21.6633 21.5523 20.9695 20.9571 21.4302 20.1200 21.1035 21.0427 20.3664 21.5950 21.1277 21.5419 20.7477 20.9510 20.6416 21.2765 20.8898 20.7003 16.6590 16.5382 17.2485 19.6555 18.7833 17.8872 20.5067 19.0886 16.5038 19.3011 19.9899 19.4345 20.0622 19.4926 18.5763 16.7219 17.7173 18.0758 20.2552 17.9288 16.9512 19.2850 16.3354 18.1763 18.8731 17.8019 15.4328 18.5546 19.9788 16.1508 20.5499 21.0599 18.7274 21.0723 21.3898 21.3038 20.0749 20.7855 18.7002 21.3354 21.0360 20.4386 21.5142 21.0928 20.6696 19.9253 20.6612 20.3312 20.7806 21.4765 20.4371 20.6470 20.1762 19.3762 21.9378 19.8001 19.9878 19.7198 21.2149 20.3234 21.6883 21.3310 21.5900 21.7746 21.3668 21.6533 21.4244 21.6970 21.8017 21.7168 21.3885 21.5803 21.5262 21.3733 21.6904 21.3965 21.1624 21.2566 21.4639 21.7153 21.8629 21.3665 21.6459 21.0491 21.2912 21.6927 21.6833 21.1657 21.7921 21.7745
6.7620 5.6888 9.0824 9.5385 8.4381 5.7421 8.2895 0.0000 6.4611 6.9894 10.1666 8.9748 7.8456 6.8522 9.9444 7.0600 11.9423 8.6998 8.7591 6.8917 7.7872 6.4447 8.4860 5.4899 11.4332 6.9239 6.2386 6.3393 8.4176 10.0892 19.3678 19.4726 19.7928 19.9479 19.2078 19.5485 19.3443 19.5471 19.4964 17.9985 19.3027 19.9788 20.1896 20.0669 19.6049 19.4762 20.0062 18.8314 19.6228 19.5784 18.9620 20.1051 19.7263 20.0750 19.2758 19.5145 19.3075 19.8379 19.5014 19.2281 15.5916 15.6795 15.7571 18.2890 17.4077 16.4138 19.0290 17.6571 15.5469 17.9862 18.5546 17.9729 18.6524 18.1109 17.0964 15.8014 16.7128 16.7503 18.8994 16.5697 15.8317 17.7907 15.0648 16.7784 17.4001 16.5823 14.5293 17.0413 18.5971 14.8249 19.0018 19.5291 17.0806 19.4888 19.8095 19.7501 18.4283 19.2695 17.0472 19.8100 19.4736 18.8072 19.9706 19.5440 19.1163 18.2691 19.1999 18.7656 19.2754 19.9267 18.8380 19.1016 18.6728 17.7278 20.4141 18.1587 18.3574 18.0898 19.6487 18.7363 20.1859 19.8107 20.0544 20.2473 19.8401 20.1373 19.8931 20.1714 20.2733 20.1894 19.8513 20.0527 19.9937 19.8501 20.1591 19.8908 19.6412 19.7112 19.9359 20.1859 20.3313 19.8335 20.1076 19.5194 19.7729 20.1660 20.1544 19.6475 20.2780 20.2504
4.7098 3.4387 5.8387 6.5436 5.3219 5.0900 5.2242 6.4611 0.0000 5.8123 7.7783 6.0367 6.8158 6.2749 7.4297 5.2711 9.3036 4.4055 7.2220 4.5489 6.8893 4.8588 5.5800 4.9984 9.3468 4.9179 6.0931 3.9536 4.9875 7.2459 20.3808 20.5010 20.7823 20.9611 20.1488 20.5776 20.3944 20.4979 20.4821 18.9206 20.1678 21.0188 21.2206 21.1109 20.5527 20.5223 21.0073 19.6789 20.6256 20.5829 19.9439 21.1360 20.7141 21.1057 20.3241 20.5155 20.2425 20.8429 20.4722 20.2480 15.7169 15.9258 16.0644 19.0570 18.1214 16.7446 19.8755 18.3042 15.7227 18.5330 19.4637 18.8118 19.5545 18.8695 17.6920 16.0781 17.0180 17.1514 19.7958 17.0745 16.1921 18.5854 15.4670 17.3325 18.1257 17.0760 14.6388 17.4574 19.3672 15.1210 20.0825 20.5711 18.1635 20.5917 20.8978 20.8344 19.5804 20.3074 18.2018 20.8791 20.5456 19.9558 21.0336 20.6088 20.2137 19.4083 20.2148 19.8643 20.3155 21.0070 19.9325 20.1485 19.6862 18.8791 21.4624 19.2934 19.4991 19.2265 20.7468 19.8593 21.2460 20.8848 21.1407 21.3250 20.9180 21.2076 20.9770 21.2488 21.3554 21.2610 20.9421 21.1310 21.0784 20.9308 21.2451 20.9465 20.7253 20.8005 21.0154 21.2664 21.4117 20.9242 21.1938 20.5988 20.8545 21.2475 21.2354 20.7249 21.3479 21.3199
4.5758 4.4661 6.3410 7.6324 4.5965 6.6355 4.8698 6.9894 5.8123 0.0000 9.2532 7.7970 6.9361 3.5578 7.8506 4.7503 10.2603 5.6973 6.0512 4.2902 3.0365 5.1132 6.8009 3.7178 9.7219 5.3653 4.9175 4.8364 7.7477 8.3223 19.1440 19.2645 19.5600 19.7670 18.9613 19.3501 19.1536 19.3232 19.2925 17.7845 19.0230 19.7913 19.9982 19.8814 19.3435 19.2844 19.7799 18.5328 19.4269 19.3657 18.7512 19.9231 19.4963 19.8837 19.0751 19.3067 19.0331 19.6328 19.2599 19.0605 15.3641 15.2955 15.9136 18.1372 17.2382 16.4277 18.8768 17.5002 15.1244 17.8271 18.3456 17.7809 18.4570 17.9092 17.0860 15.3560 16.4326 16.6571 18.6375 16.4894 15.6390 17.7609 14.9020 16.6811 17.2398 16.2977 14.1710 17.1288 18.4281 14.7646 18.8041 19.3638 16.8363 19.3044 19.6706 19.5868 18.2455 19.0634 16.8284 19.6292 19.3028 18.6198 19.7814 19.3566 18.9391 18.0700 18.9599 18.5980 19.0646 19.7653 18.6611 18.9215 18.4857 17.5135 20.2476 17.9879 18.1560 17.8725 19.4736 18.5611 20.0099 19.6480 19.8983 20.0904 19.6828 19.9742 19.7396 20.0130 20.1154 20.0295 19.6989 19.8971 19.8377 19.6892 20.0025 19.7267 19.4834 19.5627 19.7728 20.0295 20.1735 19.6817 19.9531 19.3669 19.6146 20.0079 19.9963 19.4824 20.1078 20.0935
8.8351 8.1802 5.3686 5.4982 7.1830 6.3790 7.1311 10.1666 7.7783 9.2532 0.0000 4.4034 4.9823 10.4272 5.9671 8.5005 6.1439 7.5114 12.2097 7.5231 9.6903 7.5526 5.8965 9.0584 9.6046 8.3044 7.5753 8.3026 5.6528 6.9237 23.2358 23.3635 23.6102 23.8072 22.9851 23.4495 23.2736 23.3240 23.3277 21.7923 22.9383 23.8687 24.0578 23.9698 23.3565 23.3839 23.8331 22.4721 23.4986 23.4256 22.8114 23.9798 23.5484 23.9407 23.2248 23.3609 23.0437 23.6873 23.3002 23.1190 18.3832 18.4564 18.8489 21.8287 20.9102 19.6466 22.7146 21.1646 18.4006 21.2709 22.3311 21.7137 22.3516 21.7108 20.5079 18.7639 19.6099 19.8904 22.6142 19.8651 18.9389 21.4610 18.3065 20.1787 21.0169 19.9637 17.4991 20.2272 22.1397 17.9882 23.0555 23.5048 21.3586 23.5711 23.8229 23.7540 22.6741 23.2426 21.3593 23.7767 23.4981 23.0066 23.9589 23.5395 23.1671 22.4988 23.1323 22.8487 23.2420 23.9065 22.9430 23.0874 22.6156 22.0192 24.3483 22.4125 22.5617 22.3281 23.7066 22.8555 24.1053 23.7675 24.0376 24.2032 23.8068 24.0797 23.8587 24.1257 24.2324 24.1435 23.8327 24.0114 23.9619 23.8105 24.1231 23.8191 23.6113 23.6949 23.9021 24.1441 24.2950 23.8088 24.0853 23.4886 23.7247 24.1183 24.1124 23.6089 24.2122 24.1930
7.0680 6.3914 4.3468 4.1738 5.5110 5.1001 5.4321 8.9748 6.0367 7.7970 4.4034 0.0000 4.4553 8.8587 5.1858 6.9387 6.3454 5.6435 10.7119 5.6612 8.2379 6.0652 4.3576 7.5264 9.0122 6.3977 5.8427 6.6702 3.5471 5.4424 22.4419 22.5708 22.8136 23.0222 22.1786 22.6560 22.4856 22.5133 22.5274 20.9556 22.1169 23.0846 23.2791 23.1897 22.5503 22.5990 23.0446 21.6234 22.7006 22.6268 22.0036 23.1980 22.7492 23.1612 22.4271 22.5664 22.2306 22.8971 22.4931 22.3241 17.4049 17.5185 17.9049 20.9967 20.0393 18.6618 21.8746 20.2739 17.4212 20.3685 21.5193 20.8561 21.5367 20.8334 19.6188 17.8155 18.7068 18.9444 21.7903 18.9559 18.0025 20.6141 17.3369 19.2608 20.1233 19.0390 16.4675 19.3642 21.3184 17.0088 22.2388 22.7002 20.4647 22.7663 23.0293 22.9593 21.8363 22.4285 20.5017 22.9822 22.6896 22.1834 23.1563 22.7281 22.3590 21.6540 22.3203 22.0425 22.4221 23.1180 22.1204 22.2730 21.7941 21.1589 23.5654 21.5663 21.7277 21.4772 22.9020 22.0445 23.3285 22.9849 23.2592 23.4265 23.0286 23.3051 23.0829 23.3510 23.4610 23.3635 23.0567 23.2326 23.1839 23.0337 23.3472 23.0345 22.8328 22.9154 23.1225 23.3674 23.5186 23.0326 23.3064 22.7088 22.9472 23.3457 23.3364 22.8287 23.4371 23.4161
7.5512 6.6673 4.1797 5.3222 6.0470 4.6985 6.0901 7.8456 6.8158 6.9361 4.9823 4.4553 0.0000 8.6025 5.4618 7.0204 7.8890 7.1160 10.9715 6.1618 7.6632 6.0330 5.2330 7.1831 9.4820 7.1752 5.2018 7.2056 5.7152 7.2430 21.8944 22.0154 22.2793 22.4783 21.6606 22.1036 21.9203 22.0071 21.9935 20.4594 21.6443 22.5278 22.7258 22.6300 22.0398 22.0333 22.5070 21.1770 22.1539 22.0828 21.4808 22.6413 22.2195 22.6073 21.8665 22.0350 21.7336 22.3593 21.9723 21.7724 17.1896 17.3526 17.6220 20.5626 19.5900 18.3977 21.3920 19.8407 17.2028 20.0456 20.9994 20.3600 21.0334 20.3931 19.2460 17.5535 18.4543 18.6717 21.2879 18.6400 17.7455 20.1484 17.0274 18.8908 19.6584 18.7160 16.3253 19.0404 20.8698 16.7761 21.6502 22.1208 19.8587 22.1577 22.4400 22.3768 21.2229 21.8553 19.8585 22.4075 22.1056 21.5694 22.5794 22.1504 21.7603 21.0312 21.7518 21.4503 21.8562 22.5311 21.5237 21.6855 21.2101 20.5350 22.9918 20.9626 21.1080 20.8662 22.3175 21.4383 22.7553 22.4073 22.6740 22.8467 22.4464 22.7261 22.5001 22.7694 22.8752 22.7825 22.4690 22.6530 22.5999 22.4481 22.7634 22.4678 22.2495 22.3277 22.5404 22.7870 22.9360 22.4479 22.7222 22.1263 22.3669 22.7622 22.7542 22.2462 22.8603 22.8382
4.0658 4.6403 7.9444 8.8513 5.8369 7.3102 6.3379 6.8522 6.2749 3.5578 10.4272 8.8587 8.6025 0.0000 9.1718 4.7325 11.1197 6.3795 5.1904 5.2225 3.4524 5.4313 7.9444 3.4748 10.2006 5.3577 6.0432 4.7596 8.4928 9.1823 18.4633 18.5989 18.8986 19.1059 18.2959 18.6780 18.4810 18.6628 18.6291 17.1106 18.3151 19.1309 19.3445 19.2187 18.6821 18.6228 19.1195 17.8714 18.7842 18.7135 18.0647 19.2701 18.8358 19.2261 18.3964 18.6341 18.3548 18.9745 18.5860 18.3867 14.9659 14.6851 15.4335 17.5038 16.5784 15.9194 18.2218 16.9863 14.5102 17.1714 17.6994 17.1681 17.8136 17.2728 16.4861 14.7569 15.8817 16.1183 17.9737 15.8084 14.9553 17.1069 14.3198 16.0820 16.6413 15.6840 13.6450 16.6811 17.8101 14.1248 18.1159 18.7249 16.1603 18.6457 19.0241 18.9249 17.5299 18.4106 16.1032 18.9628 18.6491 17.9236 19.1220 18.6960 18.2715 17.3750 18.2876 17.9040 18.4049 19.1102 17.9930 18.2878 17.8823 16.7903 19.6125 17.2758 17.4643 17.1685 18.7965 17.8692 19.3571 18.9863 19.2412 19.4365 19.0219 19.3202 19.0751 19.3557 19.4613 19.3812 19.0365 19.2366 19.1787 19.0287 19.3426 19.0698 18.8156 18.8978 19.1108 19.3728 19.5224 19.0145 19.2938 18.6936 18.9482 19.3499 19.3371 18.8167 19.4530 19.4429
8.2131 7.4211 4.8976 3.1396 5.4686 5.6334 5.0793 9.9444 7.4297 7.8506 5.9671 5.1858 5.4618 9.1718 0.0000 7.7433 5.8919 7.1593 9.7336 6.8622 8.4858 6.3551 6.4353 8.0017 9.9457 8.2555 6.6869 7.4584 5.5009 6.1393 22.2821 22.4212 22.6750 22.8752 22.0535 22.5044 22.3189 22.4192 22.4130 20.8801 22.0154 22.9305 23.1261 23.0242 22.4329 22.4415 22.8915 21.5952 22.5873 22.5158 21.8606 23.0595 22.6042 23.0027 22.2477 22.4285 22.1131 22.7514 22.3635 22.1884 18.1624 17.9923 18.7531 21.1234 20.2509 19.3775 21.9559 20.6283 17.9569 20.6551 21.4924 20.9754 21.5656 20.9563 20.0966 18.1953 19.1693 19.5290 21.7233 19.3598 18.4672 20.7746 17.9365 19.6936 20.4007 19.3317 16.9512 20.0484 21.4607 17.6602 22.0736 22.5691 20.3980 22.6055 22.8929 22.8077 21.6507 22.2981 20.3526 22.8354 22.5429 21.9967 23.0115 22.6115 22.1909 21.5307 22.1728 21.8653 22.3034 22.9729 21.9963 22.1854 21.7190 20.9965 23.4171 21.3946 21.5868 21.3195 22.7258 21.8633 23.1644 22.8172 23.0786 23.2533 22.8559 23.1303 22.9090 23.1755 23.2792 23.1953 22.8767 23.0596 23.0101 22.8589 23.1685 22.8807 22.6585 22.7494 22.9486 23.1940 23.3436 22.8539 23.1318 22.5377 22.7784 23.1707 23.1621 22.6570 23.2638 23.2483
4.0977 4.0817 5.6773 7.0122 4.3497 5.4497 5.4890 7.0600 5.2711 4.7503 8.5005 6.9387 7.0204 4.7325 7.7433 0.0000 9.2318 4.8318 7.1996 3.7077 4.8544 3.8144 5.9610 4.2875 8.6246 4.7065 5.3957 3.9267 6.7640 7.5833 19.6894 19.8214 20.1110 20.2999 19.4996 19.8948 19.6920 19.8425 19.8293 18.2697 19.5054 20.3326 20.5413 20.4289 19.8702 19.8343 20.3256 19.0206 19.9615 19.8978 19.2781 20.4641 20.0492 20.4227 19.6389 19.8310 19.5597 20.1677 19.7963 19.5852 15.3860 15.2187 15.8669 18.4411 17.5561 16.4526 19.3052 17.8325 15.3157 18.0458 18.8041 18.2071 18.8707 18.2683 17.2562 15.5855 16.5325 16.7177 19.1114 16.6108 15.6944 18.0778 15.0035 16.8911 17.6196 16.5169 14.1644 17.1615 18.7453 14.7661 19.3721 19.8992 17.4256 19.8967 20.2046 20.1169 18.8255 19.6023 17.4224 20.1619 19.8410 19.2223 20.3412 19.9141 19.4976 18.6721 19.5222 19.1147 19.6036 20.3060 19.2128 19.4824 18.9982 18.1254 20.7993 18.5341 18.7463 18.4623 20.0318 19.1150 20.5444 20.1674 20.4479 20.6328 20.2249 20.5158 20.2713 20.5571 20.6621 20.5708 20.2451 20.4384 20.3754 20.2329 20.5455 20.2459 20.0108 20.1025 20.3135 20.5699 20.7230 20.2216 20.4995 19.8868 20.1540 20.5482 20.5430 20.0160 20.6534 20.6342
9.7047 9.3971 6.5356 4.8342 7.2352 7.6201 7.2890 11.9423 9.3036 10.2603 6.1439 6.3454 7.8890 11.1197 5.8919 9.2318 0.0000 8.5828 12.1556 8.6291 10.1315 8.5188 7.1147 10.0464 9.4191 9.6558 8.7790 8.7721 6.5705 4.7742 23.6232 23.7731 24.0202 24.2157 23.3962 23.8520 23.6643 23.7533 23.7608 22.2149 23.3468 24.2727 24.4674 24.3709 23.7637 23.7850 24.2318 22.9162 23.9403 23.8653 23.2040 24.3988 23.9490 24.3423 23.6149 23.7626 23.4418 24.0907 23.7102 23.5343 19.4159 19.1373 20.0204 22.4223 21.5795 20.7160 23.3283 21.9870 19.2589 21.9772 22.8296 22.3418 22.8834 22.3043 21.4218 19.4899 20.3628 20.8085 23.0608 20.6624 19.6637 22.1009 19.2294 21.0001 21.7735 20.6426 18.2036 21.3292 22.7707 18.9302 23.4867 23.9714 21.8985 24.0255 24.2824 24.1852 23.1028 23.6928 21.8517 24.2063 23.9358 23.4487 24.4093 24.0107 23.6126 23.0026 23.5815 23.2545 23.6967 24.3514 23.4239 23.5936 23.1149 22.4902 24.7871 22.8547 23.0455 22.7812 24.1263 23.2762 24.5067 24.1552 24.4286 24.5994 24.1965 24.4720 24.2481 24.5186 24.6248 24.5464 24.2147 24.4008 24.3520 24.1957 24.5136 24.2163 23.9901 24.0897 24.2918 24.5372 24.6925 24.1897 24.4803 23.8698 24.1106 24.5099 24.5053 23.9901 24.6088 24.5957
4.4895 4.6847 5.3944 6.2238 4.8013 6.3219 4.7914 8.6998 4.4055 5.6973 7.5114 5.6435 7.1160 6.3795 7.1593 4.8318 8.5828 0.0000 7.4535 3.6399 6.5470 5.0150 5.4121 5.5465 9.0282 4.6949 6.3082 4.2781 5.2377 6.6303 20.9093 21.0363 21.2959 21.4991 20.6627 21.1160 20.9402 20.9992 21.0011 19.4391 20.6431 21.5524 21.7487 21.6498 21.0436 21.0631 21.5198 20.1202 21.1585 21.0955 20.4731 21.6694 21.2287 21.6379 20.8754 21.0284 20.7168 21.3678 20.9795 20.7989 15.9863 16.1577 16.4987 19.5203 18.5645 17.1724 20.3595 18.7511 15.9990 18.9491 19.9748 19.2919 20.0110 19.3440 18.0922 16.3516 17.3157 17.5305 20.2826 17.4901 16.5483 19.1259 15.8117 17.7742 18.5744 17.4570 14.9715 17.8584 19.8000 15.4979 20.6517 21.1347 18.7475 21.1697 21.4610 21.3911 20.1875 20.8560 18.8070 21.4224 21.1114 20.5499 21.5863 21.1549 20.7904 19.9921 20.7557 20.4430 20.8517 21.5597 20.4967 20.7023 20.2375 19.4904 22.0136 19.8964 20.0726 19.8124 21.3181 20.4410 21.7841 21.4330 21.7012 21.8795 21.4764 21.7597 21.5322 21.8028 21.9111 21.8165 21.5033 21.6886 21.6352 21.4859 21.8013 21.4888 21.2776 21.3607 21.5697 21.8218 21.9675 21.4843 21.7522 21.1572 21.4086 21.8008 21.7910 21.2756 21.8932 21.8755
6.0351 6.3093 9.8759 9.7396 7.5962 8.8052 7.2612 8.7591 7.2220 6.0512 12.2097 10.7119 10.9715 5.1904 9.7336 7.1996 12.1556 7.4535 0.0000 7.0257 6.8264 6.9995 9.9787 5.4218 12.0682 7.3098 8.5418 6.1701 9.4898 10.3081 18.6535 18.7810 19.0864 19.2766 18.5081 18.8541 18.6599 18.8776 18.8280 17.3806 18.5847 19.2975 19.4999 19.3660 18.9008 18.8061 19.2869 18.1640 18.9764 18.9268 18.2625 19.4471 19.0050 19.3905 18.5517 18.8204 18.5721 19.1432 18.7883 18.5913 15.9267 15.5785 16.3764 17.9337 17.1531 16.7553 18.5948 17.5675 15.4148 17.7460 18.0097 17.5887 18.1597 17.7408 17.1707 15.4831 16.6302 16.9336 18.2824 16.4953 15.6947 17.5689 15.2051 16.7654 17.1991 16.2210 14.4643 17.3878 18.2315 15.0093 18.2977 18.9001 16.4234 18.8008 19.1869 19.0926 17.6944 18.6116 16.3312 19.1339 18.8323 18.0639 19.2796 18.8780 18.4425 17.5825 18.4720 18.0806 18.6082 19.2732 18.1818 18.5033 18.1539 16.9873 19.7516 17.4289 17.6465 17.3764 18.9368 18.0488 19.5102 19.1564 19.3780 19.5764 19.1748 19.4628 19.2326 19.4982 19.5961 19.5314 19.1887 19.3902 19.3347 19.1900 19.4883 19.2388 18.9806 19.0683 19.2670 19.5185 19.6564 19.1698 19.4386 18.8725 19.1150 19.4974 19.4840 18.9878 19.5973 19.5897
3.8424 3.4849 5.0320 6.1312 4.1784 5.1189 4.3125 6.8917 4.5489 4.2902 7.5231 5.6612 6.1618 5.2225 6.8622 3.7077 8.6291 3.6399 7.0257 0.0000 5.0870 3.6452 5.2117 3.9233 8.7994 3.8211 4.4810 3.4556 5.6382 6.6647 20.0269 20.1482 20.4279 20.6319 19.8063 20.2305 20.0430 20.1454 20.1406 18.5776 19.8264 20.6734 20.8738 20.7644 20.1917 20.1724 20.6464 19.2972 20.2852 20.2229 19.5951 20.7994 20.3578 20.7616 19.9741 20.1587 19.8597 20.4948 20.1137 19.9234 15.5135 15.5988 16.0462 18.7745 17.8751 16.6835 19.6112 18.0730 15.5044 18.3167 19.1324 18.5086 19.2148 18.5893 17.4965 15.7783 16.7803 16.9691 19.4476 16.8939 15.9895 18.3869 15.2594 17.1670 17.8889 16.8020 14.3841 17.3684 19.0661 15.0041 19.7367 20.2421 17.7782 20.2519 20.5622 20.4885 19.2218 19.9618 17.8276 20.5269 20.2063 19.5938 20.6914 20.2620 19.8614 19.0429 19.8694 19.5163 19.9602 20.6676 19.5692 19.8119 19.3519 18.5081 21.1362 18.9330 19.1183 18.8506 20.4006 19.5043 20.9029 20.5419 20.8065 20.9901 20.5856 20.8736 20.6400 20.9160 21.0213 20.9287 20.6083 20.7984 20.7409 20.5952 20.9088 20.6078 20.3833 20.4666 20.6781 20.9311 21.0791 20.5891 20.8593 20.2662 20.5170 20.9123 20.9015 20.3828 21.0087 20.9899
4.8649 5.2987 6.8771 7.9702 4.6821 7.2258 5.6131 7.7872 6.8893 3.0365 9.6903 8.2379 7.6632 3.4524 8.4858 4.8544 10.1315 6.5470 6.8264 5.0870 0.0000 5.8535 7.0541 4.3826 9.3742 5.8315 5.1677 5.2091 8.4095 8.1757 19.1451 19.2776 19.5752 19.7831 18.9705 19.3609 19.1584 19.3490 19.3140 17.7875 19.0206 19.8051 20.0192 19.8990 19.3568 19.2925 19.7965 18.5578 19.4546 19.3917 18.7557 19.9414 19.5128 19.8987 19.0859 19.3209 19.0417 19.6481 19.2736 19.0650 15.5019 15.2970 16.1255 18.2039 17.2697 16.6173 18.9301 17.6275 15.1935 17.8991 18.3751 17.8390 18.4843 17.9494 17.2162 15.3995 16.4868 16.7905 18.6386 16.5673 15.6731 17.8045 14.9807 16.7668 17.3206 16.3539 14.2259 17.3563 18.4876 14.8728 18.8234 19.4069 16.8921 19.3412 19.7141 19.6126 18.2686 19.0952 16.8632 19.6578 19.3329 18.6592 19.8187 19.3976 18.9702 18.1186 18.9878 18.6093 19.0987 19.8008 18.7027 18.9679 18.5305 17.5445 20.2833 18.0201 18.2001 17.9023 19.5002 18.5807 20.0276 19.6576 19.9122 20.1075 19.6918 19.9883 19.7480 20.0252 20.1301 20.0481 19.7024 19.9053 19.8469 19.6943 20.0142 19.7403 19.4864 19.5682 19.7817 20.0430 20.1931 19.6861 19.9665 19.3670 19.6182 20.0196 20.0082 19.4848 20.1237 20.1099
4.1315 3.6099 5.1388 6.0236 4.3260 4.1497 4.8241 6.4447 4.8588 5.1132 7.5526 6.0652 6.0330 5.4313 6.3551 3.8144 8.5188 5.0150 6.9995 3.6452 5.8535 0.0000 5.7865 3.8005 8.7322 4.0402 4.8938 4.0321 5.7073 7.2259 19.9219 20.0650 20.3421 20.5506 19.7004 20.1431 19.9514 20.0667 20.0572 18.4707 19.6717 20.5962 20.8030 20.6868 20.1083 20.0866 20.5639 19.2235 20.2302 20.1517 19.4775 20.7352 20.2730 20.6824 19.8758 20.0717 19.7551 20.4199 20.0148 19.8174 15.6361 15.4772 16.0513 18.6962 17.7384 16.7550 19.5311 18.1435 15.3942 18.1657 19.0435 18.4778 19.1524 18.5064 17.5042 15.6656 16.6689 16.9847 19.3438 16.7154 15.8203 18.2494 15.2066 17.1320 17.8517 16.7683 14.3072 17.4763 19.0215 14.8508 19.6481 20.1973 17.7892 20.2034 20.5103 20.4227 19.1446 19.9024 17.7358 20.4667 20.1493 19.5336 20.6365 20.2170 19.7721 19.0018 19.7900 19.4150 19.9066 20.6056 19.5210 19.7725 19.3191 18.4293 21.0979 18.8699 19.0658 18.7900 20.3381 19.4133 20.8303 20.4596 20.7355 20.9200 20.5055 20.7987 20.5568 20.8393 20.9445 20.8625 20.5273 20.7217 20.6638 20.5123 20.8320 20.5339 20.2917 20.3862 20.5984 20.8611 21.0152 20.5059 20.7877 20.1683 20.4317 20.8372 20.8255 20.2946 20.9358 20.9216
6.4550 5.7001 4.4422 4.9094 4.7009 5.2092 4.9982 8.4860 5.5800 6.8009 5.8965 4.3576 5.2330 7.9444 6.4353 5.9610 7.1147 5.4121 9.9787 5.2117 7.0541 5.7865 0.0000 6.7820 8.2011 5.9276 5.5360 5.9508 4.7867 5.5035 21.4503 21.5733 21.8426 22.0428 21.1999 21.6612 21.4754 21.5603 21.5467 19.9383 21.1894 22.0974 22.2984 22.2058 21.5852 21.5976 22.0823 20.6802 21.7087 21.6439 21.0172 22.2156 21.7760 22.1775 21.4177 21.5911 21.2800 21.9148 21.5181 21.3174 16.5072 16.6756 17.0647 20.0840 19.0866 17.8055 20.9351 19.3114 16.7311 19.5391 20.5439 19.8632 20.5657 19.8798 18.7220 16.9621 17.8481 18.0716 20.8208 18.0937 17.0909 19.6724 16.3949 18.3084 19.1605 18.0698 15.5332 18.4627 20.4071 16.1638 21.2061 21.6709 19.3431 21.7272 22.0088 21.9481 20.7566 21.4000 19.3884 21.9767 21.6567 21.1352 22.1488 21.7110 21.3363 20.5801 21.3217 20.9858 21.4025 22.1107 21.0703 21.2462 20.7406 20.0677 22.5649 20.4778 20.6617 20.3972 21.8872 20.9838 22.3261 21.9693 22.2442 22.4197 22.0109 22.2972 22.0640 22.3427 22.4544 22.3540 22.0361 22.2213 22.1689 22.0137 22.3383 22.0218 21.8064 21.8924 22.1070 22.3576 22.5137 22.0118 22.2938 21.6819 21.9275 22.3360 22.3287 21.8058 22.4377 22.4103
3.6377 3.0773 6.7111 7.5366 5.1942 5.5803 5.3372 5.4899 4.9984 3.7178 9.0584 7.5264 7.1831 3.4748 8.0017 4.2875 10.0464 5.5465 5.4218 3.9233 4.3826 3.8005 6.7820 0.0000 9.6678 4.1701 4.9994 3.5859 7.0513 8.2267 18.8281 18.9579 19.2647 19.4609 18.6504 19.0385 18.8361 19.0130 18.9804 17.4237 18.6856 19.4882 19.7058 19.5816 19.0409 18.9745 19.4862 18.2145 19.1327 19.0674 18.4166 19.6264 19.1956 19.5846 18.7593 18.9885 18.7162 19.3299 18.9491 18.7296 14.9846 14.7955 15.4824 17.7605 16.8571 16.0676 18.5529 17.2259 14.7081 17.4292 18.0206 17.4625 18.0849 17.5623 16.6991 14.8838 16.0178 16.2683 18.3217 16.0135 15.1149 17.3619 14.4374 16.2869 16.9082 15.8986 13.6967 16.7717 18.0621 14.2364 18.4920 19.0709 16.5284 19.0246 19.3679 19.2845 17.9204 18.7703 16.4830 19.3287 19.0071 18.3145 19.4995 19.0649 18.6331 17.7624 18.6668 18.2569 18.7669 19.4667 18.3558 18.6279 18.2011 17.1894 19.9715 17.6537 17.8444 17.5637 19.1721 18.2341 19.7118 19.3328 19.5970 19.7927 19.3716 19.6724 19.4267 19.7115 19.8188 19.7352 19.3884 19.5926 19.5322 19.3789 19.6996 19.4161 19.1598 19.2484 19.4664 19.7289 19.8809 19.3662 19.6524 19.0373 19.2981 19.7038 19.6952 19.1647 19.8119 19.7984
9.1388 9.2086 8.4529 8.7043 8.0398 8.9629 8.8342 11.4332 9.3468 9.7219 9.6046 9.0122 9.4820 10.2006 9.9457 8.6246 9.4191 9.0282 12.0682 8.7994 9.3742 8.7322 8.2011 9.6678 0.0000 8.9900 8.7908 9.0304 8.9747 8.3681 20.0527 20.2050 20.4433 20.6710 19.7701 20.2833 20.1192 20.1534 20.1577 18.5452 19.6924 20.7261 20.9284 20.8335 20.1819 20.2437 20.6694 19.2774 20.3414 20.2763 19.6021 20.8515 20.3790 20.8108 20.0544 20.2116 19.8465 20.5378 20.1030 19.9457 15.1828 15.2760 15.7779 18.6583 17.6803 16.4755 19.5287 17.9573 15.0796 18.0088 19.0999 18.4642 19.2047 18.4319 17.3380 15.4371 16.3258 16.6753 19.3620 16.6459 15.6524 18.2270 15.0655 16.9626 17.8122 16.6118 14.0776 17.2655 18.9548 14.8164 19.8797 20.2945 17.9625 20.3565 20.6415 20.5620 19.3591 19.9988 18.0079 20.5992 20.3143 19.7206 20.7292 20.3647 19.9003 19.2148 19.8965 19.6631 20.0461 20.7350 19.7478 19.9091 19.4019 18.6977 21.2022 19.0582 19.2693 19.0222 20.4693 19.5959 20.9641 20.6252 20.9054 21.0642 20.6739 20.9476 20.7241 20.9912 21.0954 20.9997 20.7112 20.8742 20.8236 20.6822 20.9895 20.6720 20.4725 20.5694 20.7651 21.0123 21.1642 20.6855 20.9458 20.3569 20.5987 20.9908 20.9786 20.4738 21.0802 21.0520
3.8212 3.2964 6.3582 7.3035 5.3581 5.7886 5.7603 6.9239 4.9179 5.3653 8.3044 6.3977 7.1752 5.3577 8.2555 4.7065 9.6558 4.6949 7.3098 3.8211 5.8315 4.0402 5.9276 4.1701 8.9900 0.0000 5.3476 4.4664 5.9898 7.5520 19.9475 20.0731 20.3356 20.5677 19.6998 20.1588 19.9905 20.0462 20.0479 18.4756 19.6533 20.6160 20.8093 20.7043 20.0989 20.1147 20.5701 19.1568 20.2192 20.1344 19.5044 20.7410 20.2741 20.7013 19.9056 20.0830 19.7405 20.4313 20.0055 19.8449 15.3959 15.3948 15.8249 18.6660 17.6807 16.5348 19.4491 17.9869 15.1686 18.0091 19.0346 18.4027 19.1234 18.4424 17.3597 15.4707 16.5215 16.7729 19.3511 16.5895 15.6656 18.2483 15.0005 16.9583 17.7320 16.6065 14.2171 17.2354 18.9712 14.6766 19.6782 20.2113 17.7547 20.2213 20.5273 20.4545 19.1909 19.9139 17.7699 20.4885 20.1810 19.5581 20.6344 20.2038 19.8020 18.9958 19.7908 19.4804 19.9105 20.6267 19.5247 19.7603 19.3414 18.4482 21.1092 18.9139 19.0787 18.8209 20.3664 19.4730 20.8637 20.5176 20.7810 20.9602 20.5522 20.8409 20.6098 20.8806 20.9862 20.9025 20.5813 20.7684 20.7149 20.5627 20.8791 20.5755 20.3523 20.4367 20.6474 20.9045 21.0518 20.5608 20.8287 20.2317 20.4780 20.8815 20.8665 20.3506 20.9712 20.9572
5.6143 5.1413 5.8191 6.0596 4.8280 4.5923 5.2718 6.2386 6.0931 4.9175 7.5753 5.8427 5.2018 6.0432 6.6869 5.3957 8.7790 6.3082 8.5418 4.4810 5.1677 4.8938 5.5360 4.9994 8.7908 5.3476 0.0000 5.3870 6.1423 6.5385 20.4299 20.5545 20.8347 21.0425 20.2014 20.6438 20.4565 20.5720 20.5509 18.9855 20.2127 21.0877 21.2910 21.1810 20.6051 20.5798 21.0602 19.7495 20.7105 20.6480 20.0054 21.2107 20.7638 21.1713 20.3817 20.5854 20.2794 20.9143 20.5188 20.3247 16.0665 16.1761 16.6253 19.2531 18.2664 17.2787 20.0392 18.5852 15.9537 18.7804 19.5873 18.9839 19.6506 19.0435 18.0403 16.2593 17.2555 17.5376 19.8618 17.3918 16.4976 18.8180 15.7641 17.6441 18.3315 17.3518 15.0294 18.0356 19.5499 15.5824 20.1568 20.6610 18.2617 20.6756 20.9887 20.9231 19.6714 20.3936 18.2765 20.9599 20.6445 20.0289 21.1139 20.6910 20.2661 19.4888 20.2769 19.9630 20.4010 21.0929 20.0201 20.2227 19.7677 18.9496 21.5557 19.3904 19.5685 19.3132 20.8276 19.9393 21.3206 20.9703 21.2261 21.4079 21.0018 21.2899 21.0581 21.3292 21.4349 21.3453 21.0238 21.2115 21.1593 21.0074 21.3221 21.0355 20.8052 20.8834 21.0950 21.3473 21.4970 21.0027 21.2754 20.6845 20.9260 21.3239 21.3136 20.8018 21.4229 21.4035
3.3900 3.2235 5.9402 6.5404 4.4644 4.9676 4.7170 6.3393 3.9536 4.8364 8.3026 6.6702 7.2056 4.7596 7.4584 3.9267 8.7721 4.2781 6.1701 3.4556 5.2091 4.0321 5.9508 3.5859 9.0304 4.4664 5.3870 0.0000 6.0449 6.8987 19.5243 19.6594 19.9595 20.1418 19.3279 19.7343 19.5346 19.6916 19.6664 18.0911 19.3722 20.1817 20.3934 20.2733 19.7345 19.6705 20.1727 18.8812 19.8159 19.7647 19.0946 20.3147 19.8868 20.2765 19.4645 19.6705 19.4023 20.0122 19.6515 19.4191 15.3515 15.2680 15.8558 18.3895 17.4876 16.4651 19.2019 17.7772 15.2180 17.9995 18.6756 18.0991 18.7742 18.1892 17.2006 15.4583 16.4982 16.7372 18.9934 16.5498 15.6231 17.9174 14.9311 16.8190 17.5058 16.4372 14.0566 17.1567 18.6761 14.6497 19.2267 19.7637 17.2935 19.7596 20.0843 19.9985 18.6884 19.4865 17.2916 20.0463 19.7158 19.0839 20.2224 19.7952 19.3760 18.5460 19.3953 18.9851 19.4948 20.1854 19.0857 19.3510 18.8938 17.9926 20.6632 18.4056 18.6212 18.3293 19.9021 18.9817 20.4098 20.0284 20.2902 20.4860 20.0653 20.3654 20.1220 20.4045 20.5127 20.4290 20.0781 20.2836 20.2259 20.0742 20.3972 20.1048 19.8570 19.9405 20.1628 20.4233 20.5747 20.0625 20.3473 19.7337 19.9978 20.4024 20.3905 19.8602 20.5080 20.4894
6.6540 5.9258 5.4030 3.9918 5.7089 4.6319 5.2888 8.4176 4.9875 7.7477 5.6528 3.5471 5.7152 8.4928 5.5009 6.7640 6.5705 5.2377 9.4898 5.6382 8.4095 5.7073 4.7867 7.0513 8.9747 5.9898 6.1423 6.0449 0.0000 4.9491 22.1018 22.2310 22.4894 22.6882 21.8449 22.3154 22.1400 22.1980 22.1923 20.6046 21.8152 22.7538 22.9467 22.8515 22.2378 22.2604 22.7195 21.3333 22.3730 22.3087 21.6577 22.8696 22.4159 22.8294 22.0741 22.2341 21.9139 22.5649 22.1652 21.9764 17.2390 17.3592 17.6865 20.7077 19.7500 18.4687 21.5856 20.0288 17.2678 20.1572 21.2030 20.5683 21.2265 20.5780 19.3503 17.6097 18.4987 18.7731 21.4935 18.7037 17.7157 20.3127 17.1036 19.0043 19.8601 18.7602 16.2953 19.1186 21.0365 16.7696 21.8972 22.3559 20.1155 22.4191 22.6872 22.6210 21.4795 22.0966 20.1222 22.6460 22.3571 21.8261 22.8212 22.3924 22.0097 21.3000 21.9757 21.6858 22.0932 22.7791 21.7737 21.9375 21.4653 20.7964 23.2271 21.1926 21.3728 21.1317 22.5582 21.6915 22.9889 22.6462 22.9104 23.0827 22.6779 22.9593 22.7350 23.0050 23.1128 23.0237 22.7081 22.8901 22.8410 22.6870 23.0044 22.6937 22.4810 22.5693 22.7779 23.0246 23.1744 22.6820 22.9597 22.3600 22.5975 23.0003 22.9918 22.4807 23.0986 23.0754
7.8218 7.4900 6.0217 4.0029 5.5652 6.3646 5.6383 10.0892 7.2459 8.3223 6.9237 5.4424 7.2430 9.1823 6.1393 7.5833 4.7742 6.6303 10.3081 6.6647 8.1757 7.2259 5.5035 8.2267 8.3681 7.5520 6.5385 6.8987 4.9491 0.0000 22.5371 22.6773 22.9302 23.1311 22.2897 22.7596 22.5796 22.6555 22.6562 21.0815 22.2632 23.1915 23.3884 23.2894 22.6781 22.7011 23.1509 21.8014 22.8305 22.7697 22.1015 23.3138 22.8536 23.2668 22.5151 22.6776 22.3549 23.0042 22.6124 22.4365 18.0822 18.0593 18.6986 21.3092 20.3914 19.3668 22.1664 20.7277 17.9940 20.8102 21.7174 21.1553 21.7667 21.1358 20.1632 18.2809 19.1803 19.5658 21.9552 19.4638 18.4640 20.9289 17.9119 19.7470 20.5273 19.3990 16.9649 20.0825 21.6447 17.6482 22.3587 22.8355 20.6339 22.8868 23.1668 23.0809 21.9467 22.5651 20.6540 23.1050 22.8147 22.2962 23.2859 22.8784 22.4802 21.8134 22.4435 22.1474 22.5692 23.2507 22.2650 22.4363 21.9621 21.2905 23.6804 21.6738 21.8756 21.6077 23.0088 22.1566 23.4302 23.0816 23.3438 23.5186 23.1157 23.3964 23.1731 23.4402 23.5474 23.4602 23.1381 23.3213 23.2744 23.1202 23.4371 23.1358 22.9177 23.0075 23.2117 23.4580 23.6085 23.1159 23.3943 22.7994 23.0371 23.4355 23.4266 22.9156 23.5327 23.5132
19.3225 19.4616 21.7384 22.3239 20.6400 20.7787 20.7963 19.3678 20.3808 19.1440 23.2358 22.4419 21.8944 18.4633 22.2821 19.6894 23.6232 20.9093 18.6535 20.0269 19.1451 19.9219 21.4503 18.8281 20.0527 19.9475 20.4299 19.5243 22.1018 22.5371 0.0000 0.6507 0.9829 1.2707 0.8342 0.5116 0.6634 1.1192 0.8115 2.1847 1.6613 1.3077 1.5024 1.2822 1.0038 0.7713 1.1513 1.7188 1.1188 1.0403 0.8655 1.5102 0.8931 1.3924 0.5547 0.7572 0.9583 1.0445 0.8284 0.7039 8.4813 7.5047 8.4886 3.2634 4.3626 7.7450 2.5186 4.6518 7.9586 4.9827 1.7275 2.8623 2.3879 3.2439 5.7091 6.6790 6.4068 6.5689 1.4393 5.8953 6.6284 3.5945 7.4776 5.2862 4.1920 4.9670 8.7271 7.0574 3.3282 8.3017 1.5875 1.8879 6.8836 1.9181 1.9825 1.8504 6.4423 1.8824 6.5619 1.8311 1.8197 6.4552 2.1476 1.7685 1.7290 6.4221 1.5159 2.0358 1.6363 1.9004 1.9985 1.7521 2.1045 6.4077 2.2331 6.4692 6.4184 6.4745 2.3041 2.2970 1.7659 1.8239 1.7529 1.8920 1.5220 1.7708 1.6162 1.7478 1.8328 1.9197 1.6001 1.6864 1.7410 1.5364 1.8235 1.6916 1.5551 1.5068 1.6695 1.8843 2.0287 1.5981 1.7510 1.5340 1.4309 1.8047 1.7493 1.4555 1.8676 1.8703
19.4623 19.5875 21.8679 22.4599 20.7800 20.9057 20.9328 19.4726 20.5010 19.2645 23.3635 22.5708 22.0154 18.5989 22.4212 19.8214 23.7731 21.0363 18.7810 20.1482 19.2776 20.0650 21.5733 18.9579 20.2050 20.0731 20.5545 19.6594 22.2310 22.6773 0.6507 0.0000 0.7139 1.0142 0.9774 0.3649 0.5483 0.9661 0.5422 2.3295 1.8489 1.1414 1.1792 1.0099 0.8657 0.4942 0.9870 1.7599 0.7788 0.6738 1.0988 1.2624 0.6049 1.0941 0.5706 0.6160 1.1192 0.7697 0.7280 0.6722 8.5796 7.6576 8.6087 3.2707 4.4794 7.8363 2.5335 4.7382 8.1472 5.1154 1.9529 3.0049 2.3273 3.3975 5.7904 6.8321 6.5472 6.6701 1.5807 6.0931 6.8293 3.8099 7.6315 5.4127 4.2642 5.1316 8.9599 7.1090 3.3364 8.4690 1.7622 1.6794 7.0216 1.8637 1.8004 1.7408 6.5759 1.8978 6.6914 1.6723 1.8000 6.5530 2.0227 1.5858 1.6992 6.5331 1.5339 2.1721 1.5656 1.6909 2.0935 1.5702 2.0409 6.5442 2.0193 6.6119 6.5397 6.6246 2.2766 2.3556 1.5893 1.7844 1.6329 1.7276 1.4138 1.6076 1.4988 1.6056 1.6824 1.7734 1.5242 1.5550 1.6323 1.4301 1.6766 1.5678 1.5274 1.4333 1.5894 1.7277 1.8728 1.4839 1.6164 1.5251 1.2486 1.6317 1.5975 1.4181 1.6954 1.6816
19.7424 19.8784 22.1287 22.7197 21.0545 21.1949 21.2090 19.7928 20.7823 19.5600 23.6102 22.8136 22.2793 18.8986 22.6750 20.1110 24.0202 21.2959 19.0864 20.4279 19.5752 20.3421 21.8426 19.2647 20.4433 20.3356 20.8347 19.9595 22.4894 22.9302 0.9829 0.7139 0.0000 0.7059 1.0703 0.7073 1.0740 0.6041 0.5607 2.7289 1.5988 0.9740 0.8476 0.8139 0.5390 0.8213 0.5189 1.7514 0.6754 0.5212 1.4246 0.9656 0.3401 0.8059 1.0961 0.6188 1.1029 0.5201 0.6174 1.0594 8.7094 7.8578 8.7341 3.2834 4.6442 7.8874 2.3661 4.7682 8.2212 4.9958 2.1072 3.1557 2.4685 3.3906 5.8579 6.9573 6.6131 6.6872 1.6031 6.2079 7.0243 3.9328 7.8825 5.5512 4.3969 5.2757 9.1405 7.1534 3.2839 8.6616 2.0736 1.6498 7.4322 2.0864 1.8074 1.7449 6.9534 2.0477 7.1222 1.6777 1.9386 6.8964 2.0007 1.6146 1.8744 6.8968 1.5382 2.5278 1.6739 1.6533 2.4201 1.6628 2.2019 6.9267 1.7937 7.0045 6.9026 6.9953 2.4262 2.7749 1.4625 1.8377 1.6390 1.6115 1.5057 1.5417 1.5876 1.5317 1.5688 1.6543 1.6408 1.5322 1.6474 1.5305 1.6242 1.5710 1.7151 1.6097 1.6328 1.6628 1.7369 1.6339 1.5734 1.7627 1.4392 1.5804 1.5332 1.6104 1.5369 1.5398
19.9606 20.0787 22.3320 22.9155 21.2598 21.3789 21.4131 19.9479 20.9611 19.7670 23.8072 23.0222 22.4783 19.1059 22.8752 20.2999 24.2157 21.4991 19.2766 20.6319 19.7831 20.5506 22.0428 19.4609 20.6710 20.5677 21.0425 20.1418 22.6882 23.1311 1.2707 1.0142 0.7059 0.0000 1.5796 0.8960 1.1619 1.0231 1.0144 3.1365 2.0620 0.5190 0.4877 0.4850 0.8855 0.8805 0.6341 2.2511 0.6380 0.8153 1.8351 0.4462 0.8037 0.3422 1.3130 0.8130 1.6893 0.3779 1.1500 1.2196 8.8359 8.0310 8.9060 3.3540 4.8901 7.9601 2.4872 4.8299 8.4649 5.2653 2.3133 3.2854 2.5080 3.4932 5.9664 7.2597 6.8536 6.8439 1.7943 6.4848 7.3305 4.0724 8.1195 5.7914 4.5542 5.5104 9.3449 7.2751 3.2811 8.9122 2.0396 1.4151 7.5467 1.9269 1.4444 1.3454 6.9926 1.9180 7.2664 1.3358 1.6280 6.9388 1.7927 1.4237 1.8276 6.9723 1.5282 2.4076 1.5304 1.2888 2.4011 1.5741 2.0809 7.0271 1.2667 7.0617 6.9725 7.0438 2.2117 2.7338 0.9635 1.3997 1.1583 1.0757 1.0867 1.0207 1.1518 1.0238 1.0586 1.1125 1.2322 1.0249 1.1574 1.1194 1.1082 1.1142 1.3856 1.2406 1.1778 1.1289 1.2023 1.2263 1.0766 1.4580 1.1073 1.0602 1.0211 1.2891 1.0074 0.9848
