0.0000 4.0506 2.3087 2.5834 2.6864 4.7295 2.1679 4.8829 1.8161 4.9744 5.2792 5.6182 3.9536 2.6848 2.8229 4.5410 5.9772 2.7026 4.4233 2.6124 4.2221 2.6692 3.2605 3.3594 3.2229 1.8381 6.3023 2.7209 2.7239 4.8921 73.6087 73.7255 74.6092 74.5683 73.6969 73.6214 73.6963 74.1622 74.2221 73.4703 72.6494 74.3990 75.8981 75.1595 74.1174 74.7024 75.0255 72.9632 73.3026 73.8629 73.8158 74.8113 74.6644 75.6313 73.9254 73.4222 74.3744 74.1426 73.2849 73.5547 80.1347 78.6689 82.4916 76.7773 78.8416 78.0714 79.0342 73.4355 76.5332 77.8813 76.8762 72.7877 77.7482 77.9347 75.8757 77.3331 81.5151 78.0916 76.3333 77.2139 77.5313 76.8014 75.9539 76.2899 76.9503 76.1370 74.9830 86.7919 79.3467 82.0528 38.1192 38.9458 32.5797 40.0981 36.1881 39.4095 38.1135 38.6570 32.8076 37.9511 43.6727 33.0986 39.6784 38.0258 36.5913 33.3157 33.0248 36.2970 37.7485 39.1495 36.8130 33.2994 35.4372 34.7260 40.5338 35.5751 32.4436 35.2909 36.6254 37.8739 75.5970 76.0744 74.6357 76.3619 74.4924 75.5634 76.2359 75.4388 75.3844 74.5722 76.3316 75.6243 75.3481 76.3023 73.7006 74.9982 75.0744 74.6648 73.8613 75.5317 75.3921 75.4990 75.4516 75.7095 75.9364 76.6892 74.8626 75.5474 74.3268 76.5643
4.0506 0.0000 4.2790 4.9947 6.4410 4.2054 5.6368 6.7641 4.1396 3.6352 7.1847 9.2556 7.8308 4.6498 5.7232 2.9972 7.5221 4.6272 4.7448 4.4213 4.6205 5.9223 2.1778 3.7502 4.2238 2.5965 6.0877 2.9398 5.4377 5.0837 70.0418 70.1586 71.0424 70.9942 69.9561 70.0545 69.9894 70.5401 70.6000 69.7295 68.9086 70.8322 72.3313 71.5926 70.5505 71.0803 71.4586 69.2224 69.6167 70.1221 70.1937 71.2445 71.0976 72.0644 70.1846 69.7878 70.8075 70.5758 69.7181 69.9326 77.3495 75.8809 79.6482 73.9339 75.9982 75.2280 75.9624 70.5921 73.7210 75.0379 73.9105 69.8993 74.6010 75.0913 72.9404 74.4898 78.7382 75.2482 73.2997 74.2154 74.7607 73.6050 73.1267 73.4808 74.0977 73.2644 72.1668 83.9486 76.5037 79.3668 34.3697 35.2153 28.7830 36.5198 32.4530 35.7119 34.4678 35.0739 29.0200 34.1777 40.1058 29.3020 36.0087 34.3478 32.7947 29.5622 29.2282 32.5581 33.9678 35.5826 33.0819 29.5028 31.6920 30.9928 36.8559 31.7784 28.6470 31.5514 32.9035 34.2917 71.9907 72.5076 71.1441 72.7951 70.9255 71.9966 72.8722 71.8948 71.8285 71.2222 72.7648 72.0575 71.9783 73.0678 70.0630 71.4229 71.8400 71.4304 70.2945 71.9648 71.8253 71.9322 72.2172 72.4751 72.4546 73.1373 71.2958 72.3130 71.0686 73.0133
2.3087 4.2790 0.0000 2.8068 2.9011 3.4308 2.1831 3.4604 1.6919 4.6062 4.5945 5.7947 4.1909 2.5857 2.4008 4.2542 4.9175 2.6967 3.1578 1.5714 3.3986 2.7732 3.4707 3.1282 2.5659 2.1012 5.0248 2.5518 2.5653 3.4791 73.6975 73.8283 74.6981 74.7259 73.9259 73.7102 73.9253 74.3197 74.3797 73.6993 72.8784 74.4879 75.9870 75.2483 74.2062 74.8746 75.1143 73.1921 73.5316 74.0919 73.9733 74.9002 74.7533 75.7201 74.1544 73.6512 74.4632 74.2315 73.3748 73.7123 79.8862 78.4203 82.2430 76.5287 78.5930 77.8228 78.7180 73.1869 76.2846 77.6327 76.5601 72.4941 77.4320 77.6861 75.5595 77.0845 81.2665 77.8430 76.0171 76.8977 77.2862 76.4852 75.7053 76.0413 76.6925 75.8592 74.7344 86.5434 79.0981 81.8077 38.1795 39.0061 32.6399 40.1893 36.2484 39.5031 38.1235 38.8034 32.8678 38.0113 43.7615 33.1589 39.6965 38.0809 36.6516 33.4080 33.1168 36.3573 37.8136 39.2383 36.8953 33.3597 35.4974 34.8386 40.5227 35.6353 32.5039 35.3512 36.6857 38.0342 75.6464 76.1633 74.7246 76.4508 74.5812 75.6523 76.3247 75.5276 75.4732 74.6611 76.4205 75.7132 75.4370 76.1701 73.7187 75.0785 75.1028 74.7439 73.9502 75.6205 75.4810 75.5879 75.3194 75.5774 76.0253 76.7781 74.9515 75.4153 74.4157 76.6532
2.5834 4.9947 2.8068 0.0000 2.3248 3.9564 1.6848 3.7526 1.3269 5.7624 3.0577 4.4440 3.3970 1.5415 2.4966 5.9120 3.9660 1.7545 3.1692 2.2693 3.3673 2.6925 4.1989 3.9244 1.7828 3.2443 4.8963 3.4612 0.8256 3.0558 74.7730 74.8898 75.7736 75.7254 74.6850 74.7857 74.7084 75.2591 75.3190 74.4584 73.6375 75.5633 77.0624 76.3238 75.2817 75.7994 76.1898 73.9513 74.3357 74.8510 74.9127 75.9757 75.8288 76.7956 74.9135 74.5069 75.5387 75.3069 74.4493 74.6517 81.6912 80.2347 84.0480 78.3337 80.3980 79.6278 80.4636 74.9919 78.0896 79.4377 78.3103 74.2991 79.1776 79.4911 77.3402 78.8895 83.0919 79.6480 77.7628 78.6433 79.1144 78.2309 77.5103 77.8463 78.4974 77.6642 76.5394 88.3484 80.9031 83.6359 39.1996 40.0452 33.6227 41.2510 37.2829 40.4974 39.2654 39.8065 33.8506 39.0076 44.8370 34.1417 40.8303 39.1777 37.6344 34.3588 34.0679 37.3880 38.7915 40.3138 37.8786 34.3425 36.5218 35.7691 41.6857 36.6181 33.4867 36.3750 37.7333 39.0229 76.7489 77.2387 75.8001 77.5263 75.6567 76.7278 77.4990 76.6031 76.5487 75.8489 77.4959 76.7886 76.6050 77.6945 74.8525 76.1540 76.4667 76.0571 75.0257 76.6960 76.5564 76.6634 76.8439 77.1018 77.1008 77.8536 76.0270 76.9397 75.6953 77.7287
2.6864 6.4410 2.9011 2.3248 0.0000 5.4954 0.8857 4.3842 2.5376 6.9008 4.9020 3.6605 2.5136 3.2433 2.2071 6.4758 5.6427 2.9485 4.8303 2.6440 4.7468 2.2994 5.6712 4.9496 3.2448 3.8972 6.6166 4.4738 2.0478 4.4865 75.9400 76.0683 76.9405 76.9659 76.1499 75.9527 76.1492 76.5598 76.6197 75.9233 75.1024 76.7303 78.2294 77.4908 76.4487 77.1000 77.3568 75.4161 75.7556 76.3158 76.2134 77.1426 76.9957 77.9626 76.3783 75.8752 76.7057 76.4739 75.6162 75.9523 82.0686 80.6027 84.4255 78.7112 80.7755 80.0052 80.9776 75.3693 78.4671 79.8152 78.8196 74.7311 79.6915 79.8685 77.8191 79.2670 83.4490 80.0255 78.2767 79.1572 79.4556 78.7448 77.8878 78.2238 78.8937 78.0803 76.9169 88.7258 81.2805 83.9771 40.4942 41.3208 34.9546 42.4179 38.5631 41.7845 40.4331 41.0320 35.1825 40.3260 46.0040 35.4736 42.0112 40.3956 38.9663 35.6906 35.4291 38.6720 40.1234 41.4808 39.1880 35.6744 37.8121 37.1010 42.8534 37.9500 34.8186 37.6659 39.0004 40.2606 77.9166 78.4057 76.9670 78.6932 76.8237 77.8947 78.5672 77.7701 77.7157 76.9035 78.6629 77.9556 77.6794 78.4026 76.0202 77.3210 77.3452 76.9864 76.1926 77.8630 77.7234 77.8303 77.5520 77.8099 78.2677 79.0205 77.1939 77.6478 76.6581 78.8956
4.7295 4.2054 3.4308 3.9564 5.4954 0.0000 4.6545 3.6955 3.0576 3.4112 4.7655 6.8253 5.3994 3.2421 3.3745 3.9955 4.5581 3.0688 1.9176 2.9511 2.5559 4.4152 2.6791 2.7790 2.6347 3.8321 2.2461 2.6191 4.3130 1.5824 72.3554 72.4722 73.3559 73.3078 72.3347 72.3681 72.3340 72.8664 72.9263 72.1081 71.2872 73.1457 74.6448 73.9062 72.8641 73.4067 73.7722 71.6009 71.9430 72.5006 72.5200 73.5581 73.4111 74.3780 72.5631 72.1142 73.1211 72.8893 72.0317 72.2590 79.6142 78.1020 81.8824 76.1681 78.2324 77.4621 78.1965 72.8262 75.9421 77.2721 76.1447 72.1335 76.8438 77.3254 75.1746 76.7239 80.9592 77.4823 75.5338 76.4495 76.9817 75.8971 75.3477 75.7019 76.3318 75.4986 74.3879 86.1827 78.7374 81.6315 36.6871 37.5277 31.1476 38.8333 34.7654 38.0255 36.7814 37.3874 31.3755 36.5190 42.4194 31.6665 38.3223 36.6602 35.1592 31.9279 31.5928 34.8705 36.3336 37.8962 35.4153 31.8673 34.0051 33.3586 39.1682 34.1430 31.0115 33.8663 35.2158 36.6052 74.3043 74.8211 73.4230 75.1086 73.2391 74.3101 75.1511 74.1855 74.1311 73.5011 75.0783 74.3710 74.2572 75.3467 72.3766 73.7364 74.1189 73.7093 72.6081 74.2784 74.1388 74.2458 74.4960 74.7540 74.7335 75.4359 73.6093 74.5919 73.3475 75.3110
2.1679 5.6368 2.1831 1.6848 0.8857 4.6545 0.0000 3.6220 1.7054 6.0973 4.2216 4.1634 2.6213 2.4271 1.9375 5.8078 4.9396 2.1923 3.9955 1.9338 3.9393 2.2875 4.8598 4.1396 2.4550 3.2882 5.7912 3.6601 1.3618 3.9210 75.1906 75.3074 76.1911 76.1953 75.3567 75.2033 75.3561 75.7891 75.8491 75.1301 74.3092 75.9809 77.4800 76.7413 75.6993 76.3294 76.6074 74.6230 74.9624 75.5227 75.4428 76.3932 76.2463 77.2132 75.5852 75.0820 75.9563 75.7245 74.8668 75.1817 81.4899 80.0240 83.8467 78.1325 80.1968 79.4265 80.3531 74.7906 77.8883 79.2364 78.1951 74.1066 79.0671 79.2898 77.1946 78.6883 82.8704 79.4467 77.6522 78.5328 78.8929 78.1203 77.3091 77.6450 78.2962 77.4629 76.3382 88.1471 80.7018 83.4144 39.7246 40.5512 34.1851 41.6707 37.7935 41.0149 39.6861 40.2624 34.4130 39.5565 45.2546 34.7040 41.2510 39.6260 38.1967 34.9211 34.6383 37.9024 39.3539 40.7314 38.4184 34.9048 37.0426 36.3314 42.1064 37.1805 34.0490 36.8963 38.2308 39.4887 77.1695 77.6563 76.2176 77.9438 76.0743 77.1453 77.8178 77.0207 76.9663 76.1541 77.9135 77.2062 76.9300 77.6716 75.2732 76.5716 76.5958 76.2370 75.4432 77.1136 76.9740 77.0809 76.8210 77.0789 77.5183 78.2711 76.4445 76.9168 75.9087 78.1462
4.8829 6.7641 3.4604 3.7526 4.3842 3.6955 3.6220 0.0000 3.7008 6.5838 2.2139 5.1418 2.9677 3.3432 3.4664 6.2486 1.7252 4.0177 3.7751 2.7082 4.3507 5.0273 5.6675 4.6326 2.8583 4.7027 3.2345 4.4295 3.4484 3.0669 75.7139 75.8518 76.7144 76.7495 75.9238 75.7266 75.9232 76.3433 76.4032 75.6972 74.8763 76.5042 78.0033 77.2646 76.2226 76.8836 77.1307 75.1901 75.5295 76.0898 75.9969 76.9165 76.7696 77.7365 76.1523 75.6492 76.4796 76.2478 75.3983 75.7359 81.9318 80.4659 84.2886 78.5743 80.6386 79.8684 80.7982 75.2325 78.3302 79.6783 78.6402 74.5517 79.5122 79.7317 77.6397 79.1301 83.3146 79.8886 78.0973 78.9779 79.3371 78.5654 77.7509 78.0869 78.7380 77.9048 76.7800 88.5890 81.1437 83.8586 40.1871 41.0137 34.6476 42.1918 38.2560 41.4938 40.1399 40.7941 34.8755 40.0190 45.7778 35.1707 41.7041 40.0885 38.6592 35.3987 35.1316 38.3649 39.8164 41.2546 38.8860 35.3673 37.5051 36.8293 42.5559 37.6430 34.5136 37.3588 38.6933 40.0249 77.6627 78.1796 76.7409 78.4671 76.5976 77.6686 78.3410 77.5440 77.4895 76.6774 78.4368 77.7295 77.4533 78.2117 75.7350 77.0949 77.1191 76.7602 75.9665 77.6369 77.4973 77.6042 77.3610 77.6189 78.0416 78.7944 76.9678 77.4568 76.4320 78.6695
1.8161 4.1396 1.6919 1.3269 2.5376 3.0576 1.7054 3.7008 0.0000 4.6090 3.8295 5.3363 3.8605 1.3526 2.1415 4.7607 4.5311 1.6096 2.7879 1.4441 2.6032 2.2985 3.2573 2.8047 1.5684 2.1298 4.5959 2.3533 1.4124 3.3191 73.7007 73.8175 74.7013 74.6531 73.7092 73.7134 73.7085 74.2267 74.2867 73.4826 72.6616 74.4910 75.9901 75.2515 74.2094 74.7670 75.1175 72.9754 73.3149 73.8751 73.8803 74.9034 74.7565 75.7233 73.9376 73.4745 74.4664 74.2346 73.3770 73.6193 80.4566 78.9962 82.8134 77.0991 79.1634 78.3932 79.2704 73.7573 76.8550 78.2031 77.1124 73.0645 77.9843 78.2565 76.1119 77.6549 81.8534 78.4134 76.5695 77.4500 77.8760 77.0376 76.2757 76.6117 77.2629 76.4296 75.3049 87.1138 79.6685 82.3974 38.1606 38.9872 32.6210 40.1918 36.2295 39.4509 38.2072 38.7483 32.8489 37.9924 43.7647 33.1400 39.7721 38.1195 36.6327 33.3570 33.0662 36.3384 37.7898 39.2415 36.8544 33.3408 35.4785 34.7674 40.6275 35.6164 32.4850 35.3323 36.6751 37.9506 75.6907 76.1664 74.7278 76.4540 74.5844 75.6555 76.3279 75.5308 75.4764 74.6643 76.4236 75.7163 75.4402 76.4537 73.7943 75.0919 75.2258 74.8162 73.9534 75.6237 75.4841 75.5911 75.6030 75.8610 76.0285 76.7813 74.9547 75.6988 74.4544 76.6564
4.9744 3.6352 4.6062 5.7624 6.9008 3.4112 6.0973 6.5838 4.6090 0.0000 7.8769 9.7795 8.2975 5.0159 6.3090 1.8863 7.4617 5.6198 3.2333 4.3768 2.9851 6.7555 2.4822 2.3756 4.1711 3.7702 4.0516 2.5799 5.9020 4.3991 69.4681 69.5849 70.4687 70.4430 69.5551 69.4808 69.5545 70.0368 70.0967 69.3286 68.5076 70.2584 71.7575 71.0189 69.9768 70.5770 70.8849 68.8214 69.1609 69.7211 69.6904 70.6708 70.5239 71.4907 69.7836 69.2845 70.2338 70.0021 69.1444 69.4293 76.3768 74.8533 78.6128 72.8886 74.9529 74.1826 74.9170 69.5467 72.6720 73.9926 72.8652 68.8540 73.5556 74.0459 71.8951 73.4444 77.6892 74.2029 72.2543 73.1700 73.7174 72.5547 72.0777 72.4318 73.0523 72.2191 71.1178 82.9032 75.4579 78.3941 33.7965 34.6099 28.2293 35.9461 31.8869 35.1859 33.8941 34.5002 28.4423 33.6428 39.5321 28.7334 35.4350 33.7399 32.2821 29.0908 28.6596 31.9517 33.4965 35.0089 32.5781 28.9410 31.1000 30.5214 36.2099 31.2847 28.0784 31.0291 32.2606 33.7180 71.4170 71.9339 70.4952 72.2214 70.3518 71.4229 72.0953 71.2982 71.2438 70.4317 72.1911 71.4838 71.2076 72.1821 69.4893 70.8491 70.9543 70.5447 69.7208 71.3911 71.2515 71.3585 71.3314 71.5894 71.7959 72.5487 70.7221 71.4273 70.1863 72.4238
5.2792 7.1847 4.5945 3.0577 4.9020 4.7655 4.2216 2.2139 3.8295 7.8769 0.0000 4.3365 3.1416 3.8289 3.4481 8.0126 1.3171 3.6585 4.8190 4.5284 5.4532 4.9952 6.3879 6.1060 3.7603 5.3034 4.1871 5.6087 3.1998 3.7840 77.0230 77.1397 78.0235 77.9753 77.0159 77.0356 77.0153 77.5564 77.6163 76.7893 75.9684 77.8133 79.3124 78.5737 77.5316 78.0966 78.4397 76.2822 76.6330 77.1819 77.2100 78.2256 78.0787 79.0455 77.2444 76.8041 77.7886 77.5569 76.6992 76.9490 83.8275 82.3759 86.1844 80.4701 82.5344 81.7642 82.5594 77.1283 80.2260 81.5741 80.4467 76.4355 81.2734 81.6275 79.4766 81.0259 85.2331 81.7844 79.8585 80.7515 81.2556 80.3267 79.6467 79.9827 80.6338 79.8006 78.6758 90.4847 83.0394 85.7771 41.4091 42.2547 35.8659 43.5009 39.4924 42.7069 41.4749 42.0550 36.0938 41.2373 47.0869 36.3848 43.0399 41.3872 39.8776 36.6019 36.3111 39.5975 41.0347 42.5637 40.0992 36.5856 38.7313 38.0174 43.8953 38.8613 35.7299 38.5845 39.9429 41.2728 78.9718 79.4887 78.0500 79.7762 77.9066 78.9777 79.6791 78.8530 78.7986 78.0291 79.7459 79.0386 78.7851 79.8747 77.0620 78.4040 78.6469 78.2373 77.2756 78.9459 78.8064 78.9133 79.0240 79.2820 79.3507 80.1035 78.2769 79.1199 77.8755 79.9786
5.6182 9.2556 5.7947 4.4440 3.6605 6.8253 4.1634 5.1418 5.3363 9.7795 4.3365 0.0000 3.2680 5.1155 3.6610 9.9295 5.0167 4.8658 6.8888 6.0720 7.3102 3.5829 8.4421 7.9425 5.8598 6.9689 7.6439 7.4293 3.9621 5.8790 78.9157 79.0325 79.9162 79.8896 78.9694 78.9284 78.9688 79.4834 79.5433 78.7428 77.9219 79.7060 81.2051 80.4665 79.4244 80.0237 80.3325 78.2357 78.5751 79.1354 79.1370 80.1183 79.9714 80.9383 79.1979 78.7312 79.6814 79.4496 78.5919 78.8760 85.6218 84.1642 87.9787 82.2644 84.3287 83.5585 84.4823 78.9226 82.0203 83.3684 82.3244 78.2359 83.1963 83.4218 81.3239 82.8202 87.0214 83.5787 81.7815 82.6620 83.0439 82.2496 81.4410 81.7770 82.4281 81.5949 80.4701 92.2790 84.8338 87.5654 43.4268 44.2534 37.8873 45.4545 41.4957 44.7171 43.4698 44.0110 38.1152 43.2587 48.9797 38.4062 45.0348 43.3821 41.8990 38.6233 38.3325 41.6046 43.0561 44.5001 42.1206 38.6070 40.7448 40.0336 45.8902 40.8827 37.7513 40.5986 41.9378 43.1868 80.9533 81.3814 79.9427 81.6689 79.7994 80.9049 81.5429 80.7458 80.6914 79.9175 81.6386 80.9313 80.6551 81.5991 79.0570 80.3546 80.3713 79.9861 79.1683 80.8387 80.6991 80.8060 80.7485 81.0064 81.2434 81.9962 80.1993 80.8443 79.6338 81.8713
3.9536 7.8308 4.1909 3.3970 2.5136 5.3994 2.6213 2.9677 3.8605 8.2975 3.1416 3.2680 0.0000 3.8667 2.2786 8.3533 3.9343 3.4877 5.4413 4.4569 5.8968 2.6588 7.0306 6.4338 4.3598 5.3832 4.8809 5.9898 2.9442 4.5512 77.4429 77.5597 78.4435 78.4246 77.5397 77.4556 77.5391 78.0184 78.0783 77.3132 76.4922 78.2332 79.7323 78.9937 77.9516 78.5587 78.8597 76.8060 77.1455 77.7057 77.6720 78.6456 78.4986 79.4655 77.7682 77.2662 78.2086 77.9768 77.1192 77.4110 83.9681 82.5022 86.3250 80.6107 82.6892 81.9047 82.9073 77.2688 80.3666 81.7147 80.7494 76.6608 81.6213 81.7680 79.7488 81.1665 85.3485 81.9249 80.2064 81.0870 81.3849 80.6745 79.7873 80.1233 80.8234 80.0101 78.8171 90.6253 83.1800 85.8913 41.9549 42.7815 36.4154 43.9472 40.0238 43.2452 41.9626 42.5037 36.6433 41.7868 47.5069 36.9343 43.5275 41.8749 40.4270 37.1514 36.8605 40.1327 41.5842 42.9928 40.6487 37.1351 39.2729 38.5617 44.3829 39.4108 36.2793 39.1266 40.4611 41.6948 79.4461 79.9086 78.4700 80.1962 78.3266 79.3977 80.0701 79.2730 79.2186 78.4103 80.1658 79.4585 79.1824 80.1581 77.5497 78.8473 78.9303 78.5206 77.6956 79.3659 79.2263 79.3333 79.3074 79.5654 79.7707 80.5234 78.6968 79.4032 78.1610 80.3985
2.6848 4.6498 2.5857 1.5415 3.2433 3.2421 2.4271 3.3432 1.3526 5.0159 3.8289 5.1155 3.8667 0.0000 3.1717 5.2793 4.2853 2.0913 2.4887 1.7576 2.4300 2.7425 3.3625 3.2783 1.6543 3.1259 4.0485 3.1494 1.6202 3.2334 73.9259 74.0427 74.9264 74.8789 73.9282 73.9386 73.9276 74.4727 74.5327 73.7016 72.8807 74.7162 76.2153 75.4767 74.4346 75.0130 75.3427 73.1944 73.5493 74.0942 74.1263 75.1286 74.9816 75.9485 74.1567 73.7205 74.6916 74.4598 73.6022 73.8653 80.9468 79.5009 83.2931 77.5788 79.6431 78.8728 79.8021 74.2369 77.3410 78.6828 77.6441 73.5556 78.5161 78.7361 76.6436 78.1346 82.3582 78.8930 77.1012 77.9817 78.3807 77.5693 76.7554 77.1008 77.7425 76.9093 75.7868 87.5934 80.1481 82.9022 38.4003 39.2460 32.8531 40.4508 36.4837 39.6982 38.4662 39.0073 33.0810 38.2245 43.9899 33.3720 40.0311 38.3785 36.8648 33.5891 33.2983 36.5888 38.0219 39.4964 37.0864 33.5728 35.7226 34.9994 40.8865 35.8485 32.7171 35.5758 36.9341 38.1831 75.9496 76.3916 74.9530 76.6791 74.8096 75.9013 76.6469 75.7560 75.7016 75.0213 76.6488 75.9415 75.7530 76.8425 74.0533 75.3509 75.6147 75.2153 74.1786 75.8489 75.7093 75.8163 75.9918 76.2498 76.2536 77.0064 75.1957 76.0877 74.8433 76.8815
2.8229 5.7232 2.4008 2.4966 2.2071 3.3745 1.9375 3.4664 2.1415 6.3090 3.4481 3.6610 2.2786 3.1717 0.0000 6.3996 4.4331 1.8514 3.9816 2.9605 4.3232 1.7455 4.9264 4.6268 2.8461 3.3976 4.8990 4.0261 2.3287 3.3072 75.5093 75.6261 76.5099 76.4617 75.5459 75.5220 75.5452 76.0514 76.1114 75.3193 74.4984 76.2996 77.7987 77.0601 76.0180 76.5917 76.9261 74.8121 75.1516 75.7118 75.7050 76.7120 76.5650 77.5319 75.7743 75.2992 76.2750 76.0432 75.1856 75.4440 82.2042 80.7457 84.5610 78.8467 80.9110 80.1408 80.9532 75.5049 78.6026 79.9507 78.8233 74.8121 79.6671 80.0041 77.8532 79.4025 83.6030 80.1610 78.2523 79.1328 79.6255 78.7204 78.0233 78.3593 79.0104 78.1772 77.0524 88.8614 81.4161 84.1470 39.9284 40.7550 34.3888 41.9872 37.9973 41.2187 39.9629 40.5413 34.6167 39.7602 45.5733 34.9077 41.5279 39.8752 38.4005 35.1248 34.8340 38.1062 39.5576 41.0501 38.6221 35.1086 37.2463 36.5387 42.3833 37.3842 34.2528 37.1001 38.4346 39.7591 77.4582 77.9750 76.5364 78.2625 76.3930 77.4640 78.1365 77.3394 77.2850 76.4728 78.2322 77.5249 77.2488 78.2982 75.5500 76.8903 77.0704 76.6608 75.7620 77.4323 77.2927 77.3997 77.4475 77.7055 77.8371 78.5898 76.7632 77.5434 76.2990 78.4649
4.5410 2.9972 4.2542 5.9120 6.4758 3.9955 5.8078 6.2486 4.7607 1.8863 8.0126 9.9295 8.3533 5.2793 6.3996 0.0000 7.5918 5.8899 3.8653 3.9738 3.6346 6.9154 2.2575 2.1546 4.2839 3.0277 5.1685 2.7311 6.0532 4.5435 69.7550 69.8970 70.7556 70.7946 70.0034 69.7677 70.0028 70.3946 70.4484 69.7768 68.9559 70.5453 72.0444 71.3058 70.2637 70.9521 71.1718 69.2697 69.6091 70.1694 70.0420 70.9577 70.8108 71.7776 70.2319 69.7287 70.5207 70.2889 69.4435 69.7810 75.8608 74.4010 78.2177 72.5034 74.5677 73.7975 74.5550 69.1616 72.2593 73.6074 72.4800 68.4688 73.2690 73.6608 71.5099 73.0592 77.2582 73.8177 71.8691 72.7848 73.2807 72.3223 71.6800 72.0160 72.6671 71.8339 70.7091 82.5180 75.0728 77.8516 34.1801 34.9934 28.6183 36.2557 32.2704 35.5694 34.1810 34.8697 28.7806 34.0263 39.8190 29.0867 35.7599 34.1019 32.6657 29.4782 29.0465 32.3352 33.8800 35.2958 32.9617 29.3246 31.4835 30.9049 36.4968 31.6682 28.4228 31.4126 32.6441 34.1005 71.7039 72.2207 70.7821 72.5083 70.6387 71.7098 72.3822 71.5851 71.5307 70.7186 72.4779 71.7706 71.4945 72.2281 69.7762 71.1360 71.1602 70.8014 70.0077 71.6780 71.5384 71.6454 71.3774 71.6354 72.0828 72.8356 71.0089 71.4733 70.4732 72.7107
5.9772 7.5221 4.9175 3.9660 5.6427 4.5581 4.9396 1.7252 4.5311 7.4617 1.3171 5.0167 3.9343 4.2853 4.4331 7.5918 0.0000 4.7210 4.6098 4.2874 5.1518 5.9821 6.5197 5.5889 3.7318 5.6708 4.0573 5.2722 3.8509 3.7449 76.6910 76.8077 77.6915 77.6834 76.8113 76.7036 76.8107 77.2772 77.3372 76.5847 75.7638 77.4813 78.9804 78.2417 77.1997 77.8175 78.1077 76.0776 76.4170 76.9773 76.9308 77.8936 77.7467 78.7135 77.0398 76.5366 77.4567 77.2249 76.3672 76.6698 83.3459 81.8973 85.7028 79.9885 82.0528 81.2826 82.1287 76.6467 79.7444 81.0925 79.9708 75.9539 80.8427 81.1459 78.9950 80.5443 84.7546 81.3028 79.4278 80.3084 80.7771 79.8960 79.1651 79.5011 80.1522 79.3190 78.1942 90.0031 82.5578 85.2986 41.1437 41.9703 35.6042 43.1689 39.2126 42.4340 41.1386 41.7248 35.8321 40.9756 46.7549 36.1231 42.7036 41.0510 39.6158 36.3402 36.0493 39.3215 40.7730 42.2317 39.8375 36.3239 38.4617 37.7599 43.5590 38.5996 35.4681 38.3154 39.6499 40.9555 78.6398 79.1567 77.7180 79.4442 77.5747 78.6457 79.3181 78.5210 78.4666 77.6545 79.4139 78.7066 78.4304 79.3852 76.7258 78.0720 78.1574 77.7478 76.9436 78.6139 78.4744 78.5813 78.5346 78.7925 79.0187 79.7715 77.9449 78.6304 77.4091 79.6466
2.7026 4.6272 2.6967 1.7545 2.9485 3.0688 2.1923 4.0177 1.6096 5.6198 3.6585 4.8658 3.4877 2.0913 1.8514 5.8899 4.7210 0.0000 2.9820 2.7227 3.3321 2.0979 3.9220 3.9309 2.2167 3.3617 4.5466 3.3113 2.1187 3.2970 74.3049 74.4217 75.3055 75.2573 74.1887 74.3176 74.2233 74.7740 74.8339 73.9309 73.1194 75.0952 76.5943 75.8557 74.8136 75.3143 75.7217 73.4238 73.8506 74.3235 74.4276 75.5076 75.3606 76.3275 74.3927 74.0218 75.0706 74.8388 73.9812 74.1666 81.6767 80.2307 84.0217 78.3074 80.3717 79.6014 80.3971 74.9655 78.0708 79.4114 78.2840 74.2728 79.1111 79.4647 77.3139 78.8632 83.0880 79.6216 77.6962 78.5888 79.1105 78.1644 77.4840 77.8307 78.4711 77.6379 76.5166 88.3220 80.8767 83.6320 38.7643 39.6100 33.1573 40.8148 36.8476 40.0621 38.8393 39.3713 33.4146 38.5723 44.4566 33.6641 40.3951 38.7425 37.1760 33.8811 33.5903 36.9527 38.3461 39.8604 37.4434 33.8649 36.0866 35.3022 41.2505 36.1714 33.0091 35.9398 37.2981 38.5547 76.3136 76.7706 75.5154 77.0582 75.1886 76.3100 77.2435 76.2661 76.1997 75.6028 77.0278 76.3792 76.3495 77.4391 74.4173 75.7149 76.2113 75.8016 74.5576 76.2279 76.0883 76.2125 76.5884 76.8464 76.8259 77.5085 75.5597 76.6843 75.4399 77.3846
4.4233 4.7448 3.1578 3.1692 4.8303 1.9176 3.9955 3.7751 2.7879 3.2333 4.8190 6.8888 5.4413 2.4887 3.9816 3.8653 4.6098 2.9820 0.0000 2.5666 1.0615 4.1774 2.9905 1.9560 1.9393 3.7308 1.9871 3.1379 3.5319 2.2849 72.2590 72.3758 73.2596 73.2114 72.2123 72.2717 72.2117 72.7621 72.8220 71.9857 71.1648 73.0493 74.5484 73.8098 72.7677 73.3023 73.6758 71.4786 71.8387 72.3783 72.4157 73.4617 73.3148 74.2816 72.4408 72.0098 73.0247 72.7929 71.9353 72.1546 79.1918 77.7459 81.5476 75.8333 77.8976 77.1274 77.9000 72.4915 75.5892 76.9373 75.8099 71.7987 76.6140 76.9907 74.8398 76.3891 80.6031 77.1476 75.1991 76.1147 76.6256 75.6673 75.0099 75.3459 75.9970 75.1638 74.0390 85.8479 78.4027 81.1471 36.6388 37.4844 31.0862 38.7369 34.7221 37.9366 36.7046 37.2911 31.3141 36.4577 42.3230 31.6052 38.2695 36.6169 35.0979 31.8223 31.5314 34.8272 36.2550 37.7998 35.3196 31.8060 33.9610 33.2442 39.1249 34.0816 30.9502 33.8142 35.1725 36.5088 74.2079 74.7247 73.2861 75.0123 73.1427 74.2138 74.9530 74.0891 74.0347 73.3029 74.9819 74.2746 74.0590 75.1485 72.2917 73.6400 73.9207 73.5111 72.5117 74.1820 74.0424 74.1494 74.2979 74.5558 74.5868 75.3396 73.5129 74.3937 73.1493 75.2147
2.6124 4.4213 1.5714 2.2693 2.6440 2.9511 1.9338 2.7082 1.4441 4.3768 4.5284 6.0720 4.4569 1.7576 2.9605 3.9738 4.2874 2.7227 2.5666 0.0000 2.4227 3.3791 3.1642 2.4256 1.3900 2.4300 4.2705 2.3069 2.2868 2.7941 73.4837 73.6271 74.4767 74.5247 73.7248 73.4889 73.7242 74.1186 74.1785 73.4982 72.6773 74.2665 75.7656 75.0274 73.9849 74.6735 74.8930 72.9911 73.3305 73.8908 73.7722 74.6789 74.5319 75.4988 73.9533 73.4502 74.2419 74.0153 73.1736 73.5111 79.5722 78.1064 81.9291 76.2148 78.2791 77.5089 78.4504 72.8730 75.9707 77.3188 76.2924 72.2039 77.1643 77.3722 75.2919 76.7706 80.9563 77.5291 75.7495 76.6300 76.9788 76.2176 75.3914 75.7274 76.3785 75.5531 74.4205 86.2294 78.7842 81.5003 37.9679 38.7944 32.4283 39.9681 36.0368 39.2818 37.9022 38.5822 32.6562 37.7997 43.5402 32.9643 39.4849 37.8692 36.4400 33.1867 32.9253 36.1456 37.5971 39.0170 36.6741 33.1480 35.2858 34.6174 40.3109 35.4237 32.3073 35.1396 36.4741 37.8130 75.4251 75.9419 74.5033 76.2294 74.3599 75.4309 76.1034 75.3063 75.2519 74.4397 76.1991 75.4918 75.2156 75.8859 73.4974 74.8572 74.8814 74.5226 73.7289 75.3992 75.2596 75.3666 75.0353 75.2985 75.8039 76.5567 74.7301 75.1311 74.1943 76.4318
4.2221 4.6205 3.3986 3.3673 4.7468 2.5559 3.9393 4.3507 2.6032 2.9851 5.4532 7.3102 5.8968 2.4300 4.3232 3.6346 5.1518 3.3321 1.0615 2.4227 0.0000 4.6145 2.7538 1.6261 1.9877 3.5438 2.7314 2.9491 3.5001 3.1280 71.7569 71.8737 72.7575 72.7486 71.8190 71.7696 71.8183 72.3424 72.4023 71.5924 70.7714 72.5472 74.0463 73.3077 72.2656 72.8827 73.1737 71.0852 71.4247 71.9849 71.9960 72.9596 72.8126 73.7795 72.0474 71.5902 72.5226 72.2908 71.4332 71.7350 78.6332 77.1872 80.9703 75.2560 77.3204 76.5501 77.4056 71.9142 75.0273 76.3600 75.2476 71.2214 76.1195 76.4134 74.2625 75.8119 80.0445 76.5703 74.7047 75.5852 76.0670 75.1728 74.4330 74.7871 75.4198 74.5865 73.4731 85.2707 77.8254 80.5885 36.1633 36.9956 30.6237 38.2348 34.2332 37.4536 36.2157 36.7889 30.8516 35.9951 41.8209 31.1427 37.7807 36.1281 34.6354 31.3597 31.0689 34.3411 35.7925 37.2977 34.8571 31.3435 33.4812 32.7701 38.6361 33.6191 30.4877 33.3350 34.6837 36.0067 73.7058 74.2226 72.7840 74.5101 72.6406 73.7116 74.3841 73.5870 73.5326 72.7204 74.4798 73.7725 73.4964 74.5381 71.8029 73.1379 73.3102 72.9006 72.0096 73.6799 73.5403 73.6473 73.6874 73.9453 74.0847 74.8374 73.0108 73.7832 72.5388 74.7125
2.6692 5.9223 2.7732 2.6925 2.2994 4.4152 2.2875 5.0273 2.2985 6.7555 4.9952 3.5829 2.6588 2.7425 1.7455 6.9154 5.9821 2.0979 4.1774 3.3791 4.6145 0.0000 5.1602 5.0255 3.5660 3.9101 5.8963 4.5214 2.7467 4.8662 75.6821 75.7989 76.6827 76.6345 75.6203 75.6948 75.6325 76.1832 76.2432 75.3937 74.5728 76.4724 77.9715 77.2329 76.1908 76.7235 77.0989 74.8866 75.2599 75.7863 75.8369 76.8848 76.7378 77.7047 75.8488 75.4310 76.4478 76.2160 75.3584 75.5758 82.6242 81.1610 84.9811 79.2668 81.3311 80.5609 81.4705 75.9250 79.0227 80.3708 79.3125 75.2322 80.1845 80.4242 78.3120 79.8226 84.0182 80.5811 78.7696 79.6502 80.0408 79.2377 78.4434 78.7794 79.4305 78.5973 77.4725 89.2814 81.8361 84.5623 40.1782 41.0239 34.6126 42.2287 38.2616 41.4761 40.2441 40.7852 34.8405 39.9862 45.7461 35.1315 41.8090 40.1564 38.6242 35.3486 35.0578 38.3667 39.7814 41.2743 38.8573 35.3323 37.5005 36.7589 42.6644 37.6080 34.4765 37.3537 38.7120 39.9610 77.7275 78.1478 76.7092 78.4353 76.5700 77.6792 78.4146 77.5122 77.4578 76.8107 78.4050 77.6977 77.5207 78.6102 75.8312 77.1288 77.3824 77.0046 75.9348 77.6051 77.4655 77.5725 77.7595 78.0175 78.0099 78.7626 76.9736 77.8554 76.6110 78.6377
3.2605 2.1778 3.4707 4.1989 5.6712 2.6791 4.8598 5.6675 3.2573 2.4822 6.3879 8.4421 7.0306 3.3625 4.9264 2.2575 6.5197 3.9220 2.9905 3.1642 2.7538 5.1602 0.0000 1.9310 3.1822 2.0375 4.2922 2.0492 4.5398 3.6269 70.8058 70.9226 71.8063 71.7582 70.7731 70.8185 70.7725 71.3228 71.3828 70.5465 69.7256 71.5961 73.0952 72.3566 71.3145 71.8631 72.2226 70.0394 70.3994 70.9391 70.9764 72.0085 71.8615 72.8284 71.0016 70.5706 71.5715 71.3397 70.4821 70.7154 78.0339 76.5555 80.3167 74.6024 76.6667 75.8965 76.6309 71.2606 74.3956 75.7064 74.5790 70.5678 75.2907 75.7598 73.6089 75.1589 79.4128 75.9167 73.9682 74.8838 75.4353 74.3440 73.8013 74.1555 74.7661 73.9329 72.8414 84.6170 77.1783 80.0511 35.1194 35.9650 29.5670 37.2837 33.2027 36.4759 35.2318 35.8378 29.7949 34.9384 40.8698 30.0859 36.7727 35.0976 33.5786 30.3603 30.0121 33.3078 34.7660 36.3466 33.8477 30.2867 32.4417 31.7910 37.6056 32.5624 29.4309 32.3153 33.6532 35.0556 72.7547 73.2715 71.8329 73.5590 71.6895 72.7605 73.5194 72.6359 72.5815 71.8693 73.5287 72.8214 72.6254 73.7150 70.8270 72.1868 72.4871 72.0775 71.0585 72.7288 72.5892 72.6962 72.8643 73.1222 73.1335 73.8863 72.0597 72.9601 71.7157 73.7614
3.3594 3.7502 3.1282 3.9244 4.9496 2.7790 4.1396 4.6326 2.8047 2.3756 6.1060 7.9425 6.4338 3.2783 4.6268 2.1546 5.5889 3.9309 1.9560 2.4256 1.6261 5.0255 1.9310 0.0000 2.4241 2.4501 3.5442 2.1848 4.0651 3.3059 71.2416 71.3584 72.2421 72.2396 71.3786 71.2543 71.3780 71.8334 71.8934 71.1520 70.3311 72.0319 73.5310 72.7924 71.7503 72.3737 72.6584 70.6449 70.9843 71.5446 71.4870 72.4442 72.2973 73.2642 71.6071 71.1039 72.0073 71.7755 70.9178 71.2260 77.7704 76.3222 80.1273 74.4130 76.4773 75.7071 76.5399 71.0712 74.1689 75.5170 74.3896 70.3784 75.2538 75.5704 73.4195 74.9688 79.1794 75.7273 73.8390 74.7195 75.2019 74.3071 73.5896 73.9256 74.5767 73.7435 72.6187 84.4276 76.9824 79.7234 35.6287 36.4553 30.0891 37.7195 33.6976 36.9861 35.6676 36.2865 30.3170 35.4605 41.3056 30.6081 37.2084 35.5301 34.1008 30.8910 30.5356 33.8065 35.2967 36.7824 34.3784 30.8089 32.9466 32.3217 38.0328 33.0850 29.9531 32.8294 34.1349 35.5173 73.1905 73.7073 72.2686 73.9948 72.1253 73.1963 73.8688 73.0717 73.0173 72.2051 73.9645 73.2572 72.9810 73.9018 71.2628 72.6226 72.6739 72.2880 71.4942 73.1646 73.0250 73.1319 73.0511 73.3090 73.5693 74.3221 72.4955 73.1469 71.9597 74.1972
3.2229 4.2238 2.5659 1.7828 3.2448 2.6347 2.4550 2.8583 1.5684 4.1711 3.7603 5.8598 4.3598 1.6543 2.8461 4.2839 3.7318 2.2167 1.9393 1.3900 1.9877 3.5660 3.1822 2.4241 0.0000 2.5119 3.4956 1.9935 1.9515 2.3109 73.3653 73.4821 74.3659 74.3177 73.3360 73.3780 73.3354 73.8768 73.9368 73.1094 72.2885 74.1556 75.6547 74.9161 73.8740 74.4171 74.7821 72.6023 72.9534 73.5020 73.5304 74.5680 74.4210 75.3879 73.5645 73.1246 74.1310 73.8992 73.0416 73.2694 80.1377 78.6849 82.4946 76.7803 78.8446 78.0744 78.8275 73.4385 76.5362 77.8843 76.7569 72.7457 77.5414 77.9377 75.7868 77.3361 81.5421 78.0946 76.1460 77.0617 77.5646 76.5947 75.9569 76.2929 76.9440 76.1108 74.9860 86.7949 79.3497 82.0861 37.7375 38.5832 32.1940 39.8432 35.8209 39.0354 37.8033 38.3973 32.4219 37.5654 43.4293 32.7129 39.3683 37.7157 36.2057 32.9300 32.6392 35.9259 37.3628 38.9061 36.4273 32.9138 35.0598 34.3594 40.2237 35.1894 32.0580 34.9130 36.2713 37.6151 75.3142 75.8310 74.3924 76.1185 74.2490 75.3200 75.9925 75.1954 75.1410 74.3288 76.0882 75.3809 75.1048 76.1707 73.3905 74.7463 74.9429 74.5332 73.6180 75.2883 75.1487 75.2557 75.3200 75.5780 75.6930 76.4458 74.6192 75.4159 74.1714 76.3209
1.8381 2.5965 2.1012 3.2443 3.8972 3.8321 3.2882 4.7027 2.1298 3.7702 5.3034 6.9689 5.3832 3.1259 3.3976 3.0277 5.6708 3.3617 3.7308 2.4300 3.5438 3.9101 2.0375 2.4501 2.5119 0.0000 5.3718 1.8058 3.4354 3.9562 72.3137 72.4305 73.3143 73.2679 72.3858 72.3264 72.3851 72.8618 72.9217 72.1592 71.3383 73.1040 74.6031 73.8645 72.8224 73.4020 73.7305 71.6520 71.9915 72.5517 72.5154 73.5164 73.3694 74.3363 72.6142 72.1111 73.0794 72.8476 71.9900 72.2543 78.8885 77.4237 81.2453 75.5311 77.5954 76.8251 77.5619 72.1892 75.2869 76.6350 75.5076 71.4964 76.2759 76.6884 74.5375 76.0869 80.2810 76.8453 74.8968 75.8125 76.3035 75.3292 74.7077 75.0436 75.6948 74.8615 73.7368 85.5457 78.1004 80.8250 36.7053 37.5319 31.1657 38.7916 34.7742 38.0371 36.7397 37.3458 31.3936 36.5371 42.3777 31.6847 38.2806 36.6226 35.1774 31.9420 31.6109 34.8831 36.3477 37.8545 35.4293 31.8855 34.0232 33.3726 39.1306 34.1611 31.0297 33.8804 35.2115 36.5682 74.2626 74.7794 73.3408 75.0670 73.1974 74.2685 74.9409 74.1438 74.0894 73.2773 75.0366 74.3293 74.0532 75.0189 72.3349 73.6947 73.7911 73.3814 72.5664 74.2367 74.0971 74.2041 74.1682 74.4262 74.6415 75.3942 73.5676 74.2641 73.0319 75.2694
6.3023 6.0877 5.0248 4.8963 6.6166 2.2461 5.7912 3.2345 4.5959 4.0516 4.1871 7.6439 4.8809 4.0485 4.8990 5.1685 4.0573 4.5466 1.9871 4.2705 2.7314 5.8963 4.2922 3.5442 3.4956 5.3718 0.0000 4.5236 5.1541 2.8272 73.0172 73.1339 74.0177 73.9695 72.9743 73.0298 72.9770 73.5278 73.5877 72.7477 71.9268 73.8075 75.3066 74.5679 73.5258 74.0680 74.4339 72.2405 72.6044 73.1403 73.1814 74.2198 74.0729 75.0397 73.2028 72.7755 73.7828 73.5511 72.6934 72.9203 80.0822 78.6363 82.4157 76.7014 78.7657 77.9955 78.7299 73.3596 76.4764 77.8054 76.6780 72.6668 77.4264 77.8588 75.7079 77.2572 81.4935 78.0157 76.0672 76.9829 77.5160 76.4797 75.8820 76.2362 76.8652 76.0319 74.9222 86.7161 79.2708 82.0472 37.3454 38.1910 31.7892 39.4951 35.4287 38.6872 37.4431 38.0492 32.0171 37.1606 43.0811 32.3081 38.9840 37.3235 35.8008 32.5679 32.2344 35.5338 36.9736 38.5579 36.0572 32.5089 34.6676 33.9986 39.8316 34.7846 31.6531 34.5267 35.8792 37.2670 74.9660 75.4829 74.0536 75.7704 73.9008 74.9719 75.7817 74.8472 74.7928 74.1316 75.7401 75.0328 74.8877 75.9773 73.0383 74.3982 74.7495 74.3398 73.2698 74.9401 74.8006 74.9075 75.1266 75.3846 75.3641 76.0977 74.2711 75.2224 73.9780 75.9728
2.7209 2.9398 2.5518 3.4612 4.4738 2.6191 3.6601 4.4295 2.3533 2.5799 5.6087 7.4293 5.9898 3.1494 4.0261 2.7311 5.2722 3.3113 3.1379 2.3069 2.9491 4.5214 2.0492 2.1848 1.9935 1.8058 4.5236 0.0000 3.5719 3.2968 71.7465 71.8633 72.7470 72.7534 71.8961 71.7592 71.8955 72.3472 72.4071 71.6695 70.8486 72.5368 74.0359 73.2973 72.2552 72.8875 73.1633 71.1624 71.5018 72.0621 72.0008 72.9491 72.8022 73.7691 72.1246 71.6214 72.5122 72.2804 71.4227 71.7398 78.5055 76.9951 80.7833 75.0690 77.1333 76.3630 77.1167 71.7271 74.8352 76.1730 75.0456 71.0344 75.8307 76.2263 74.0755 75.6248 79.8524 76.3832 74.4347 75.3504 75.8749 74.8840 74.2456 74.5951 75.2327 74.3995 73.2810 85.0836 77.6383 80.5228 36.1067 36.9333 30.5671 38.2244 34.1958 37.4948 36.1725 36.7951 30.7950 35.9517 41.8105 31.0861 37.7133 36.0272 34.5910 31.3997 31.0225 34.2845 35.8054 37.2873 34.8870 31.2869 33.4246 32.8303 38.5071 33.5936 30.4311 33.3380 34.6129 36.0259 73.6954 74.2122 72.7735 74.4997 72.6302 73.7012 74.3737 73.5766 73.5222 72.7100 74.4694 73.7621 73.4859 74.3854 71.7677 73.1275 73.1575 72.7929 71.9991 73.6695 73.5299 73.6368 73.5347 73.7927 74.0742 74.8270 73.0004 73.6305 72.4646 74.7021
2.7239 5.4377 2.5653 0.8256 2.0478 4.3130 1.3618 3.4484 1.4124 5.9020 3.1998 3.9621 2.9442 1.6202 2.3287 6.0532 3.8509 2.1187 3.5319 2.2868 3.5001 2.7467 4.5398 4.0651 1.9515 3.4354 5.1541 3.5719 0.0000 3.2427 75.0217 75.1385 76.0222 75.9852 75.0696 75.0344 75.0690 75.5790 75.6389 74.8430 74.0221 75.8120 77.3111 76.5725 75.5304 76.1193 76.4385 74.3358 74.6753 75.2356 75.2326 76.2244 76.0774 77.0443 75.2981 74.8268 75.7874 75.5556 74.6979 74.9716 81.7965 80.3403 84.1534 78.4391 80.5034 79.7332 80.6045 75.0973 78.1950 79.5431 78.4466 74.4045 79.3185 79.5965 77.4461 78.9949 83.1976 79.7534 77.9037 78.7842 79.2201 78.3718 77.6157 77.9517 78.6028 77.7696 76.6448 88.4537 81.0084 83.7416 39.4948 40.3214 33.9553 41.5179 37.5637 40.7851 39.5332 40.0744 34.1832 39.3267 45.0857 34.4742 41.0982 39.4456 37.9669 34.6913 34.4005 37.6726 39.1241 40.5635 38.1886 34.6750 36.8128 36.1016 41.9536 36.9507 33.8192 36.6665 38.0012 39.2715 77.0167 77.4874 76.0487 77.7749 75.9054 76.9764 77.6489 76.8518 76.7974 75.9852 77.7446 77.0373 76.7611 77.7790 75.1204 76.4180 76.5512 76.1416 75.2743 76.9447 76.8051 76.9120 76.9284 77.1863 77.3494 78.1022 76.2756 77.0242 75.7798 77.9773
4.8921 5.0837 3.4791 3.0558 4.4865 1.5824 3.9210 3.0669 3.3191 4.3991 3.7840 5.8790 4.5512 3.2334 3.3072 4.5435 3.7449 3.2970 2.2849 2.7941 3.1280 4.8662 3.6269 3.3059 2.3109 3.9562 2.8272 3.2968 3.2427 0.0000 73.5350 73.6518 74.5355 74.4873 73.5624 73.5477 73.5618 74.0515 74.1115 73.3358 72.5149 74.3253 75.8244 75.0857 74.0437 74.5918 74.9518 72.8286 73.1681 73.7284 73.7051 74.7376 74.5907 75.5576 73.7909 73.2993 74.3007 74.0689 73.2112 73.4441 80.1798 78.7139 82.5366 76.8223 78.8867 78.1164 78.8508 73.4805 76.5782 77.9263 76.7989 72.7877 77.5333 77.9797 75.8288 77.3782 81.5650 78.1366 76.1881 77.1038 77.5875 76.5866 75.9989 76.3349 76.9861 76.1528 75.0281 86.8370 79.3917 82.1116 37.8663 38.6929 32.3267 40.0129 35.9463 39.2452 37.9610 38.5670 32.5546 37.7021 43.5989 32.8457 39.5018 37.8067 36.3415 33.1501 32.7719 36.0441 37.5558 39.0757 36.6374 33.0465 35.1842 34.5807 40.3048 35.3440 32.1907 35.0885 36.3725 37.7848 75.4838 76.0007 74.5620 76.2882 74.4187 75.4897 76.1733 75.3650 75.3106 74.5232 76.2579 75.5506 75.2793 76.3688 73.5561 74.9160 75.1410 74.7314 73.7876 75.4580 75.3184 75.4253 75.5182 75.7761 75.8627 76.6155 74.7889 75.6140 74.3696 76.4906
73.6087 70.0418 73.6975 74.7730 75.9400 72.3554 75.1906 75.7139 73.7007 69.4681 77.0230 78.9157 77.4429 73.9259 75.5093 69.7550 76.6910 74.3049 72.2590 73.4837 71.7569 75.6821 70.8058 71.2416 73.3653 72.3137 73.0172 71.7465 75.0217 73.5350 0.0000 2.4899 1.8526 2.0599 3.1292 0.8758 2.1726 2.4835 2.0237 3.6111 3.5398 3.0359 3.4135 1.9139 2.0615 2.5454 2.2209 4.4956 2.6052 2.9994 1.7457 2.1309 1.7071 2.8576 3.3141 2.1346 1.2202 1.2350 1.8265 1.9331 47.2500 46.7840 48.0191 42.2444 43.3711 43.6938 42.2614 40.5029 42.9183 42.8527 41.1475 39.1323 41.0107 43.2675 41.7932 43.5011 45.8358 44.0589 40.7491 41.4069 44.0549 40.1885 43.3189 42.4184 41.0308 42.4419 42.0825 49.3958 44.0946 48.2933 37.2479 36.5036 42.5577 35.3381 38.7950 35.8858 37.6999 36.6107 42.1685 37.3323 32.7648 41.8368 35.6229 37.3361 38.5753 41.6047 41.7517 38.8147 37.3974 36.2835 38.2870 41.9086 39.6884 40.1866 34.8190 39.6317 42.8964 39.7898 38.4102 37.2707 19.6860 18.2020 19.4036 20.2641 20.2024 21.1563 18.5853 20.0626 20.2781 20.4560 20.4501 20.1708 19.9356 21.5350 19.2875 20.1576 20.5313 19.8116 18.6698 18.2747 19.5280 19.4194 20.5224 19.6535 19.5755 20.1375 19.9868 20.2087 19.4811 20.1662
73.7255 70.1586 73.8283 74.8898 76.0683 72.4722 75.3074 75.8518 73.8175 69.5849 77.1397 79.0325 77.5597 74.0427 75.6261 69.8970 76.8077 74.4217 72.3758 73.6271 71.8737 75.7989 70.9226 71.3584 73.4821 72.4305 73.1339 71.8633 75.1385 73.6518 2.4899 0.0000 3.7072 3.3646 4.3064 2.2588 3.4192 3.6719 3.3373 4.2551 4.5309 2.9118 4.2172 3.7386 4.1684 3.8784 3.3798 4.5628 2.3952 3.9298 3.2477 3.9696 2.8382 4.0705 2.9797 2.5971 2.7594 2.1961 1.1113 3.3624 48.7302 48.6908 49.8724 44.1512 45.2778 45.6006 44.1681 42.3942 44.8251 44.7594 43.0543 40.9442 42.9175 45.1743 43.7000 45.4078 47.3485 45.9657 42.6558 43.3137 45.9617 42.0953 45.2256 44.3252 42.9376 44.3487 43.9893 51.0908 45.9701 50.1687 37.7805 37.0362 43.0903 35.8120 39.2540 36.4184 38.0817 37.1433 42.7011 37.8649 33.1306 42.3598 36.1262 37.8687 39.1079 42.1373 42.2576 39.3409 37.9300 36.6982 38.8196 42.4412 40.1624 40.7192 35.2911 40.1643 43.4215 40.3224 38.9050 37.7099 21.7726 20.2886 21.4902 22.3506 22.2600 23.2429 20.6587 22.1492 22.3647 22.5426 22.5367 22.2573 22.0222 23.5588 21.3451 22.2442 22.6179 21.8932 20.7564 20.3613 21.6146 21.5060 22.6090 21.5892 21.6621 22.2241 22.0734 22.1444 21.5677 22.2528
74.6092 71.0424 74.6981 75.7736 76.9405 73.3559 76.1911 76.7144 74.7013 70.4687 78.0235 79.9162 78.4435 74.9264 76.5099 70.7556 77.6915 75.3055 73.2596 74.4767 72.7575 76.6827 71.8063 72.2421 74.3659 73.3143 74.0177 72.7470 76.0222 74.5355 1.8526 3.7072 0.0000 0.9172 2.8087 1.7359 2.5880 2.0977 1.7750 4.3039 3.4746 3.4369 2.5173 1.3484 1.0875 2.3687 1.6923 5.4217 3.6636 3.4396 1.9288 1.3834 1.2037 1.5621 4.4162 3.4665 1.5626 1.6737 3.1589 2.1135 45.9608 45.5358 46.7913 40.9962 42.1228 42.4456 41.0131 39.4519 41.6701 41.6045 39.8993 38.0812 39.7625 42.0193 40.5450 42.2529 44.5466 42.8107 39.5009 40.1587 42.8067 38.9403 42.0706 41.1702 39.7826 41.1937 40.8343 48.1066 42.8890 47.0876 38.0145 37.2580 43.3263 36.1829 39.6398 36.7107 38.5447 37.4405 42.9871 38.1480 33.6072 42.6643 36.4676 38.1795 39.3710 42.3724 42.5675 39.6595 38.1757 37.1282 39.0847 42.6809 40.5332 41.0137 35.6638 40.4224 43.6987 40.6159 39.2550 38.1155 18.4434 16.9537 18.1553 19.0158 18.9133 19.9081 17.5143 18.8143 19.0298 19.2078 19.2018 18.9225 18.7014 20.3811 18.0086 18.9093 19.2831 18.6577 17.4216 17.0264 18.2797 18.1711 19.2775 18.4996 18.3280 18.8892 18.7385 19.0548 18.2328 18.9180
74.5683 70.9942 74.7259 75.7254 76.9659 73.3078 76.1953 76.7495 74.6531 70.4430 77.9753 79.8896 78.4246 74.8789 76.4617 70.7946 77.6834 75.2573 73.2114 74.5247 72.7486 76.6345 71.7582 72.2396 74.3177 73.2679 73.9695 72.7534 75.9852 74.4873 2.0599 3.3646 0.9172 0.0000 2.5170 1.7934 2.3559 1.7574 1.7418 4.0188 3.1246 3.3488 2.9192 1.4080 1.6351 1.9089 1.9792 5.0595 3.1615 3.0600 1.6631 1.7544 1.1464 1.9505 3.7853 2.9559 1.8801 1.6561 2.9165 1.7209 46.6350 45.9275 47.4041 41.3880 42.5146 42.8374 41.4049 39.7769 42.0619 41.9962 40.2911 38.4063 40.1543 42.4130 40.9368 42.6446 45.2208 43.3349 39.8926 40.5505 43.1985 39.3321 42.4624 41.5620 40.3651 41.5855 41.2260 48.7808 43.2857 47.5934 38.1457 37.3892 43.4575 36.3141 39.7710 36.8419 38.6759 37.5717 43.1151 38.2792 33.6174 42.7339 36.5988 38.3107 39.5022 42.5036 42.6023 39.7907 38.3069 37.2594 39.2159 42.7781 40.6644 41.1449 35.7950 40.5536 43.7583 40.7471 39.3862 38.2467 18.8041 17.3202 18.5218 19.3822 19.2797 20.2745 17.8657 19.1808 19.3962 19.5742 19.5683 19.2889 19.0799 20.7597 18.3750 19.2758 19.6495 19.0363 17.7880 17.3928 18.6462 18.5376 19.6560 18.8781 18.7065 19.2557 19.1050 19.4334 18.5993 19.2844
