0.0000 5.0873 1.8990 2.3929 1.7055 5.0953 2.1604 2.3366 2.5809 5.5757 2.4862 2.5566 2.1420 3.6101 2.5322 1.8672 3.0444 4.0193 3.6950 2.8065 4.9080 2.2177 5.5464 2.7895 2.5223 2.6201 4.4524 4.5940 2.8829 1.5982 126.9925 126.8668 127.3345 127.3024 127.3319 126.9594 127.1755 127.3358 127.3478 127.3214 127.3347 127.0593 127.2872 127.2776 127.3336 127.3341 127.1464 127.3091 126.8368 127.3204 127.2084 127.3017 127.0834 127.2895 126.9760 127.1314 127.1790 127.0546 126.6727 127.2299 6.1815 7.7408 11.5288 16.0073 10.7580 12.1694 17.6591 14.6607 7.5588 17.7286 18.3434 12.7468 26.0539 15.9904 13.4262 7.9074 8.8230 8.3820 15.7171 10.6863 3.7138 13.0442 6.7251 7.5715 16.0927 11.4926 8.5740 18.1256 10.3574 5.8474 49.4995 52.8512 47.3266 58.7725 45.5121 56.0038 53.3028 57.0146 40.4397 50.9241 64.9981 41.8804 52.0979 52.3152 50.2890 49.4847 40.5982 45.1860 52.6282 54.6176 51.6998 47.3675 47.7947 53.0914 49.8612 49.7069 41.3398 50.5210 44.8794 53.6434 79.8977 87.9239 83.0979 88.2609 81.3355 83.8800 87.1131 87.8140 86.7283 83.7368 85.4743 85.7755 83.2673 80.9712 83.6339 83.8319 87.8877 80.5589 83.8679 89.1370 88.0369 78.7307 85.2752 86.6002 85.3869 89.7797 80.8110 87.5239 81.0735 88.2716
5.0873 0.0000 4.4499 3.8549 5.6825 3.3729 4.2338 5.3135 4.1183 2.1230 3.4027 4.0554 4.8824 2.4219 4.2314 3.9124 2.9029 2.9268 3.8914 4.3356 2.5809 3.9468 4.2425 2.9261 3.3246 3.9287 1.8046 3.0915 3.1928 4.1281 122.9069 122.9520 123.1699 123.1502 123.1683 122.9237 123.0496 123.1745 123.1899 123.1652 123.1757 123.1365 123.1363 123.1269 123.1694 123.1690 123.0210 123.1587 122.7915 123.1648 123.0698 123.1519 122.9851 123.1313 122.8830 123.0166 123.0587 122.9907 122.6987 123.0878 3.6953 6.6421 8.2462 11.5070 6.7181 8.1747 13.1685 10.2441 5.9614 13.0036 13.7417 8.3293 21.3994 11.6800 8.9127 4.3741 6.7907 4.2641 11.1026 6.5166 5.7383 8.9515 4.2321 6.1396 11.8710 7.5960 7.3283 13.5152 6.0851 5.9352 45.9757 49.0832 43.6509 55.1453 42.1087 52.4636 50.0609 53.5628 36.7341 47.4551 62.2997 38.2630 48.4783 48.7691 46.7972 45.8444 36.6821 41.8369 48.8981 51.4430 47.9435 43.6473 44.2972 49.4543 46.3029 46.1970 37.4886 46.9905 41.2655 50.3564 75.5239 83.4628 78.7188 83.7817 76.9744 79.4445 82.8991 83.3056 82.2471 79.2322 81.0425 81.3830 78.9673 76.7163 79.1370 79.3421 83.4591 76.2888 79.5621 84.7523 83.4358 74.5406 80.8736 82.3842 81.0235 85.3116 76.4486 83.3313 76.7871 83.7665
1.8990 4.4499 0.0000 2.3377 2.0998 4.6477 1.6652 2.4795 2.4281 4.9048 1.9325 2.3946 1.2989 3.1133 2.6719 2.2859 2.2928 3.1760 3.1215 2.4097 3.9971 1.8886 5.5942 2.3944 2.1789 2.3880 3.9065 3.8015 1.9058 1.2991 126.3099 126.1578 126.6677 126.6320 126.6631 126.2692 126.4996 126.6684 126.6789 126.6542 126.6694 126.3466 126.6199 126.6078 126.6646 126.6659 126.4726 126.6387 126.1483 126.6531 126.5358 126.6342 126.4037 126.6218 126.2974 126.4538 126.5052 126.3677 125.9743 126.5610 6.1364 8.3003 11.7376 15.7009 10.3364 11.9605 17.2645 14.3882 7.9232 17.2240 17.9345 12.4312 25.5460 15.8325 13.0493 7.8163 9.2320 8.0602 15.1880 10.4950 4.4760 12.8683 6.9132 8.0678 15.8262 11.3817 9.0162 17.6917 9.7743 6.5502 48.6692 51.8116 46.3937 57.9305 44.6335 55.0443 52.6044 56.0982 39.4944 50.0922 64.3910 41.1201 51.2022 51.4199 49.3210 48.4925 39.6139 44.3642 51.6896 53.8565 50.6695 46.4769 46.8449 52.1077 48.9403 48.8568 40.4281 49.7413 43.9159 52.7935 79.1052 87.1241 82.2384 87.4662 80.5394 83.1489 86.3065 87.1003 85.9701 82.8933 84.7643 85.0399 82.4294 80.1482 82.9430 83.0572 87.1612 79.7602 83.1411 88.3549 87.2256 77.9378 84.4448 85.8408 84.6173 88.9936 80.0451 86.7415 80.2016 87.5184
2.3929 3.8549 2.3377 0.0000 2.4274 5.1835 1.6122 3.4919 3.4602 4.4076 1.6707 2.2106 3.0652 3.1537 1.2860 2.2373 2.6812 4.0031 4.0815 2.1710 4.5573 1.6006 5.7027 2.4823 1.3465 1.6717 2.9646 4.5821 2.7328 2.2260 126.5238 126.5054 126.8084 126.7828 126.8036 126.5251 126.6795 126.8083 126.8245 126.8014 126.8105 126.6954 126.7706 126.7619 126.8051 126.8061 126.6512 126.7928 126.3937 126.8006 126.7033 126.7849 126.6070 126.7676 126.5011 126.6435 126.6864 126.6006 126.2732 126.7211 4.5535 6.3550 10.0121 14.6765 9.9516 10.6288 16.4587 13.1771 6.0422 16.4434 16.9813 11.3964 24.8945 14.5275 11.9298 6.4937 7.3917 7.1483 14.5756 9.2369 3.1641 11.7099 5.5021 6.3832 15.1136 9.9948 7.2917 16.7657 9.3713 4.5827 49.3617 52.4833 47.0350 58.5405 45.4221 55.8109 53.3160 56.8864 40.1441 50.7914 65.3272 41.6551 51.8642 52.1439 50.0607 49.2061 40.0935 45.0842 52.2990 54.6698 51.3334 47.0502 47.6526 52.8326 49.6809 49.5312 40.9106 50.3483 44.6453 53.6223 79.1176 87.1156 82.3672 87.4007 80.5813 83.0513 86.4745 86.9648 85.8762 82.8923 84.7035 84.9882 82.5733 80.3219 82.7960 82.9770 87.0875 79.9180 83.1766 88.3580 87.0840 78.1457 84.5216 85.9901 84.6783 88.9220 80.0913 86.9091 80.4078 87.4164
1.7055 5.6825 2.0998 2.4274 0.0000 6.1602 2.0684 2.7841 3.6363 6.2414 2.7235 2.8053 2.4208 4.5204 2.4311 2.8249 3.6354 4.8268 4.5489 2.7577 5.6650 2.3251 6.7858 3.4694 2.7991 2.6205 4.9522 5.5103 3.3599 2.2746 128.0498 127.9315 128.3927 128.3593 128.3885 128.0181 128.2319 128.3944 128.4050 128.3812 128.3930 128.1234 128.3461 128.3350 128.3897 128.3919 128.2045 128.3652 127.8953 128.3807 128.2638 128.3605 128.1407 128.3481 128.0352 128.1898 128.2337 128.1171 127.7342 128.2888 6.5908 7.9331 12.0628 16.8023 11.6695 12.7582 18.4942 15.3171 7.8138 18.5161 19.0799 13.4662 26.9015 16.7001 14.0911 8.5171 9.1715 9.1370 16.5218 11.3383 3.6802 13.7591 7.3029 7.9586 17.0522 12.0693 8.8207 18.8716 11.2306 5.9798 50.5092 53.7117 48.2902 59.6622 46.4435 56.9473 54.3743 57.9815 41.3988 51.9130 66.0624 42.9543 53.0087 53.2963 51.2426 50.4201 41.4646 46.2169 53.5823 55.6794 52.5531 48.3380 48.7021 54.0148 50.7890 50.7348 42.3025 51.5880 45.7984 54.6202 80.8375 88.8445 83.9977 89.1743 82.2672 84.8290 88.0990 88.7632 87.6453 84.6180 86.4074 86.7276 84.2109 81.9016 84.5852 84.7477 88.8517 81.5176 84.8748 90.0880 88.8916 79.7302 86.1893 87.5888 86.3372 90.6965 81.7593 88.5198 81.9824 89.1971
5.0953 3.3729 4.6477 5.1835 6.1602 0.0000 5.1830 4.9677 3.3634 3.9687 4.2914 5.0918 4.5926 3.1998 5.6012 4.0406 3.0978 2.1491 3.2411 5.4180 2.2069 4.9514 2.7868 3.3100 4.6146 5.1263 4.0744 2.2311 3.4339 4.1868 122.1237 122.0223 122.4676 122.4356 122.4625 122.0952 122.3043 122.4684 122.4788 122.4543 122.4675 122.2173 122.4245 122.4099 122.4641 122.4655 122.2775 122.4376 121.9678 122.4551 122.3394 122.4397 122.2173 122.4231 122.1056 122.2636 122.3151 122.1895 121.8179 122.3633 5.9997 8.5647 10.2252 12.7705 6.8255 10.0109 13.9815 11.9490 8.1531 13.8691 14.7914 9.5490 21.8802 13.1628 10.4675 6.3217 8.7331 6.0287 11.7176 8.2854 6.7923 10.3903 5.5935 7.6972 12.2544 9.2846 9.1311 14.5257 6.7010 7.7561 44.6172 48.1466 42.6066 53.9375 40.6867 51.3135 48.7047 52.2502 35.7681 46.1099 60.3047 37.1025 47.2066 47.5700 45.5964 44.8635 36.1827 40.7326 47.9014 49.8193 46.9418 42.8650 43.0267 48.4055 45.0063 44.9980 36.7034 45.7135 40.1038 49.1081 75.2624 83.2224 78.4139 83.7023 76.7533 79.3154 82.4424 83.1423 82.1363 79.0283 80.8619 81.1589 78.6520 76.3138 78.9582 79.2851 83.2636 75.7404 79.1971 84.4875 83.4181 74.0217 80.6212 81.9095 80.6812 85.2425 76.1211 82.8629 76.3251 83.6835
2.1604 4.2338 1.6652 1.6122 2.0684 5.1830 0.0000 3.4082 3.1377 4.5489 1.8953 2.2524 2.2296 3.1738 1.6994 2.5604 2.6558 3.7955 3.9805 1.5235 4.4113 1.3559 6.0980 2.7428 1.5378 1.5028 3.4597 4.5149 2.2983 2.0081 126.6447 126.5553 126.9706 126.9414 126.9667 126.6212 126.8211 126.9731 126.9832 126.9597 126.9729 126.7448 126.9274 126.9154 126.9673 126.9701 126.7922 126.9475 126.4980 126.9578 126.8513 126.9419 126.7356 126.9274 126.6266 126.7783 126.8264 126.7126 126.3479 126.8730 5.4196 7.5676 11.0275 15.3715 10.4954 11.3908 17.0347 13.8401 7.1391 16.9794 17.6243 12.1422 25.3684 15.3313 12.5950 7.3993 8.4760 7.7194 15.1561 9.9784 4.0282 12.4974 6.5454 7.4684 15.7585 10.9382 8.3871 17.4014 9.7639 5.7749 49.2496 52.3346 46.8899 58.5016 45.3434 55.6313 53.2882 56.7670 39.9980 50.7382 65.2043 41.5925 51.7874 52.0052 49.8987 49.0457 39.9669 44.9682 52.1533 54.5467 51.1885 46.9388 47.5223 52.6708 49.5829 49.4081 40.8235 50.3118 44.5186 53.5142 79.1961 87.2406 82.4396 87.5390 80.6619 83.1975 86.5158 87.1909 86.0214 83.0017 84.8158 85.0949 82.5926 80.3344 82.9944 83.1349 87.2648 79.9839 83.2897 88.5014 87.2567 78.1886 84.5745 86.0302 84.8327 89.0503 80.1760 86.9437 80.4429 87.5794
2.3366 5.3135 2.4795 3.4919 2.7841 4.9677 3.4082 0.0000 2.3327 6.0686 3.0799 2.6284 2.7350 3.9881 3.8331 2.2787 3.5686 3.7784 2.6760 4.2800 4.9114 3.4603 5.0369 2.7392 3.6025 3.9944 5.0104 4.0940 3.3634 2.0069 126.5165 126.3870 126.8739 126.8375 126.8687 126.4772 126.7028 126.8764 126.8855 126.8605 126.8737 126.5814 126.8269 126.8140 126.8699 126.8712 126.6758 126.8424 126.3571 126.8585 126.7406 126.8411 126.6108 126.8294 126.5043 126.6618 126.7105 126.5796 126.1927 126.7661 6.9165 8.1970 11.9121 16.0123 10.4454 12.5465 17.7640 14.9848 8.1156 17.7756 18.4089 12.8161 26.0044 16.2028 13.7393 8.0625 9.2888 8.6422 15.4794 11.0293 4.6139 12.9198 6.8737 8.0526 15.8597 11.6541 9.0431 18.2101 10.4540 6.5437 48.8970 52.3613 46.9189 58.1086 44.6725 55.4628 52.3076 56.3167 39.9239 50.2762 64.0805 41.4069 51.5084 51.7354 49.8000 48.8990 40.2909 44.4458 52.2239 53.9094 51.2165 46.8508 47.0227 52.5368 49.1867 49.2424 41.0138 49.9597 44.2108 52.6338 79.7155 87.6480 82.7933 88.0344 81.0527 83.7164 86.8391 87.5515 86.5409 83.4901 85.2361 85.5973 83.0115 80.6450 83.4015 83.5241 87.6180 80.2200 83.5949 88.8775 87.8245 78.3228 85.0270 86.3059 84.9085 89.5963 80.5249 87.2255 80.6950 88.0255
2.5809 4.1183 2.4281 3.4602 3.6363 3.3634 3.1377 2.3327 0.0000 4.4666 2.8779 2.6285 2.4954 2.4496 3.8146 1.9152 2.6885 2.2086 1.8534 3.8059 3.3812 3.1918 3.8211 2.2611 3.1433 3.5841 4.0112 2.5882 2.4443 1.9605 124.8965 124.7718 125.2547 125.2176 125.2504 124.8622 125.0839 125.2568 125.2668 125.2390 125.2549 124.9615 125.2045 125.1930 125.2519 125.2529 125.0570 125.2254 124.7381 125.2373 125.1202 125.2196 124.9882 125.2086 124.8862 125.0394 125.0862 124.9652 124.5763 125.1444 6.1490 8.2929 11.1582 14.7121 9.1557 11.3937 16.3067 13.6376 7.8819 16.2964 17.0653 11.6091 24.4379 14.9838 12.4105 7.1668 8.9564 7.2886 14.1450 9.8062 5.1865 11.8453 6.3779 7.8188 14.5167 10.7894 8.9832 16.8320 8.9095 6.7596 47.3185 50.8085 45.2430 56.7537 43.3272 53.8824 50.9561 54.8279 38.2741 48.8047 62.8228 39.7048 50.0506 50.1642 48.2108 47.3065 38.5843 42.9117 50.5451 52.4212 49.6309 45.1965 45.6216 50.9602 47.7342 47.5953 39.2880 48.3756 42.7092 51.3094 77.9085 85.9259 81.0994 86.3082 79.2937 81.9483 85.0714 85.8686 84.7895 81.7790 83.4980 83.8005 81.2311 78.8926 81.6936 81.8270 85.9064 78.5162 81.8248 87.1568 86.1246 76.6044 83.2932 84.5491 83.2906 87.8480 78.7845 85.4546 79.0067 86.3092
5.5757 2.1230 4.9048 4.4076 6.2414 3.9687 4.5489 6.0686 4.4666 0.0000 4.2119 4.5163 5.3224 2.4968 4.6799 4.5203 3.6891 3.3661 4.5840 4.5386 2.9876 4.3857 4.8179 4.0022 3.8264 4.3579 2.4135 3.5582 3.8658 4.8159 122.5923 122.6215 122.8743 122.8507 122.8723 122.5989 122.7400 122.8790 122.8901 122.8668 122.8775 122.7956 122.8352 122.8233 122.8716 122.8759 122.7143 122.8583 122.4692 122.8675 122.7647 122.8537 122.6684 122.8363 122.5726 122.7097 122.7508 122.6745 122.3739 122.7828 4.0790 7.5317 8.5898 11.3884 6.9345 8.0343 12.9834 9.9520 6.5115 12.8145 13.6753 8.4498 21.1176 11.6413 8.7541 4.8125 7.4943 4.0898 11.1352 6.5111 6.4855 9.0082 5.3546 6.9947 11.8431 7.9993 8.0499 13.3809 5.9144 6.6495 45.7206 48.7836 43.1778 55.1125 42.0091 52.0905 49.8413 53.2724 36.2954 47.2387 62.3454 37.7823 48.3474 48.4199 46.3836 45.3890 36.0707 41.3439 48.4182 51.2163 47.5661 43.0746 44.1323 49.0642 46.1424 45.7326 36.9255 46.6378 40.9778 50.1044 74.9334 82.9955 78.2613 83.2269 76.3737 78.8866 82.3275 82.8841 81.7113 78.7908 80.5861 80.8166 78.4087 76.1683 78.7250 78.8205 82.9611 75.8683 79.0320 84.2379 82.9458 74.0371 80.3793 81.8615 80.6241 84.7424 75.9701 82.7537 76.3212 83.2727
2.4862 3.4027 1.9325 1.6707 2.7235 4.2914 1.8953 3.0799 2.8779 4.2119 0.0000 2.3477 2.4949 2.7721 1.9517 1.9851 1.7837 3.1177 3.3371 2.5687 3.6700 1.7672 5.1450 1.6858 1.4691 1.8637 2.6979 3.7652 1.7511 1.6813 125.7432 125.6606 126.0665 126.0375 126.0626 125.7251 125.9165 126.0683 126.0824 126.0566 126.0680 125.8619 126.0254 126.0136 126.0628 126.0622 125.8884 126.0421 125.5938 126.0553 125.9479 126.0392 125.8347 126.0223 125.7235 125.8780 125.9239 125.8195 125.4452 125.9676 4.7421 6.7563 10.2324 14.5066 9.2546 10.5284 16.1088 13.1271 6.3758 16.0527 16.6104 11.0438 24.4230 14.4669 11.7504 6.4084 7.6198 6.9379 14.0595 9.0815 3.5418 11.5620 5.3287 6.4314 14.6679 9.8285 7.4763 16.3910 8.8479 5.3805 48.4416 51.5474 46.2032 57.6350 44.4454 54.8614 52.4788 55.9239 39.3053 49.8632 64.3438 40.8759 50.9205 51.2269 49.1229 48.3441 39.3759 44.2756 51.4795 53.7021 50.4455 46.2869 46.6672 51.9236 48.6936 48.7115 40.1550 49.5057 43.6871 52.7093 78.5137 86.5211 81.6984 86.8245 80.0149 82.5022 85.7912 86.3954 85.2996 82.2716 84.1683 84.4673 81.9605 79.7127 82.2274 82.4105 86.5098 79.2733 82.5785 87.7533 86.5105 77.4943 83.8709 85.3585 84.0044 88.3795 79.4951 86.3144 79.7176 86.8524
2.5566 4.0554 2.3946 2.2106 2.8053 5.0918 2.2524 2.6284 2.6285 4.5163 2.3477 0.0000 3.0988 2.7907 2.3830 2.0797 3.2665 3.6024 3.0548 3.0967 4.4818 2.4199 5.2347 2.4749 2.3045 2.7520 3.4913 3.9751 2.9606 2.1604 126.2234 126.1775 126.5288 126.5031 126.5255 126.2140 126.3847 126.5330 126.5446 126.5214 126.5320 126.3647 126.4899 126.4775 126.5263 126.5306 126.3580 126.5077 126.0827 126.5191 126.4127 126.5051 126.3061 126.4889 126.2045 126.3485 126.3957 126.3010 125.9551 126.4339 5.3174 7.0836 10.4166 14.7051 9.8976 10.9729 16.6049 13.3958 6.6686 16.6170 17.1972 11.7021 24.9346 14.7834 12.3077 6.6874 8.0199 7.2000 14.5861 9.6068 4.0691 11.6145 6.0633 7.0863 15.0092 10.4406 7.9705 17.0192 9.4693 5.3534 48.9755 52.2343 46.7415 58.3040 44.9675 55.4342 52.4997 56.4562 39.6930 50.4583 64.7781 41.2485 51.6543 51.7360 49.7943 48.7248 39.7452 44.3508 52.0035 54.2271 51.0955 46.5048 47.2023 52.4394 49.3406 49.1811 40.6306 49.9888 44.2379 52.7932 78.9156 86.9086 82.1465 87.1832 80.2633 82.8533 86.1909 86.7925 85.6871 82.7433 84.4448 84.7724 82.2805 79.9794 82.6210 82.6686 86.8503 79.6883 82.8914 88.1699 86.9718 77.7565 84.2904 85.6715 84.2996 88.7163 79.8170 86.5849 80.1302 87.1887
2.1420 4.8824 1.2989 3.0652 2.4208 4.5926 2.2296 2.7350 2.4954 5.3224 2.4949 3.0988 0.0000 3.5531 3.2323 2.6707 2.4918 3.2596 3.4099 2.7924 4.0877 2.2884 5.7772 2.8368 2.7081 2.7003 4.4613 3.9874 2.1468 1.7959 126.2377 126.0262 126.6373 126.5917 126.6330 126.1796 126.4485 126.6393 126.6476 126.6195 126.6373 126.2214 126.5800 126.5706 126.6336 126.6321 126.4208 126.5987 126.0609 126.6170 126.4916 126.5943 126.3412 126.5884 126.2316 126.3957 126.4474 126.2923 125.8618 126.5184 6.5995 8.8109 12.2517 16.1372 10.5125 12.3393 17.4847 14.7475 8.4457 17.5237 18.2452 12.7580 25.7525 16.2703 13.4303 8.2587 9.6967 8.3978 15.4429 10.8572 4.8070 13.3851 7.3366 8.4409 16.1039 11.8008 9.4051 17.9921 9.9590 7.1127 48.4859 51.6903 46.2654 57.7196 44.4774 54.8786 52.5399 55.9327 39.4088 49.9459 64.1077 41.0195 50.9973 51.2753 49.1851 48.4080 39.5617 44.2626 51.5543 53.6333 50.5258 46.4008 46.6895 51.9678 48.7745 48.7099 40.3754 49.6400 43.7766 52.6924 79.1549 87.1874 82.2427 87.5496 80.6013 83.1934 86.2951 87.1784 86.0430 82.9435 84.8238 85.0919 82.4794 80.1742 83.0341 83.1688 87.2067 79.7484 83.1900 88.4547 87.3192 77.9722 84.4909 85.8354 84.6771 89.0741 80.1105 86.7695 80.2119 87.6193
3.6101 2.4219 3.1133 3.1537 4.5204 3.1998 3.1738 3.9881 2.4496 2.4968 2.7721 2.7907 3.5531 0.0000 3.5352 2.6289 2.3706 2.1702 2.6544 3.4322 2.6303 2.9857 3.7899 2.3054 2.5976 3.2429 2.3716 2.2701 2.3904 2.8482 123.8944 123.8405 124.2127 124.1843 124.2112 123.8761 124.0621 124.2166 124.2260 124.2013 124.2145 124.0274 124.1704 124.1589 124.2114 124.2130 124.0326 124.1919 123.7520 124.2003 124.0926 124.1855 123.9793 124.1709 123.8756 124.0219 124.0717 123.9628 123.6229 124.1125 4.6834 7.5150 9.6730 12.9889 7.9610 9.6437 14.6099 11.7441 6.7826 14.5844 15.3537 9.9995 22.8869 13.2611 10.5451 5.6870 7.9525 5.4971 12.6032 8.0786 5.3213 10.3280 5.4682 7.0354 13.1246 9.2724 8.1692 15.1344 7.3140 6.2234 46.6805 49.8796 44.3231 56.1030 42.8002 53.1094 50.5118 54.1900 37.3710 48.1101 62.7804 38.8697 49.3582 49.4355 47.4241 46.4440 37.3838 42.1893 49.6219 52.0156 48.7574 44.2062 44.9966 50.1214 47.0566 46.7729 38.1866 47.6060 41.9872 50.8122 76.5632 84.5833 79.7863 84.8642 77.9553 80.5071 83.8408 84.4777 83.3606 80.3941 82.1578 82.4428 79.9217 77.6658 80.3237 80.4105 84.5363 77.3299 80.5522 85.7921 84.6770 75.4331 81.9443 83.3316 82.0518 86.3914 77.5126 84.2360 77.7847 84.8950
2.5322 4.2314 2.6719 1.2860 2.4311 5.6012 1.6994 3.8331 3.8146 4.6799 1.9517 2.3830 3.2323 3.5352 0.0000 2.5991 3.0502 4.3822 4.5733 2.0858 4.9268 1.6460 6.1910 2.9968 1.4708 1.4432 3.1783 5.0520 3.0517 2.6390 126.8717 126.8265 127.1726 127.1491 127.1694 126.8619 127.0331 127.1738 127.1885 127.1649 127.1737 127.0198 127.1337 127.1213 127.1688 127.1707 127.0050 127.1532 126.7304 127.1634 127.0607 127.1491 126.9576 127.1309 126.8469 126.9990 127.0454 126.9481 126.6005 127.0782 4.4246 6.2775 10.0445 14.9009 10.2629 10.6114 16.6165 13.2585 5.8863 16.6695 17.1375 11.5845 25.1024 14.6694 12.0506 6.5805 7.2944 7.2572 14.8430 9.3544 2.7975 11.9087 5.6943 6.2708 15.3836 10.1037 7.0746 16.9413 9.6071 4.4475 49.7677 52.8744 47.4197 59.0154 45.8898 56.1961 53.7881 57.3169 40.5359 51.2377 65.7994 42.0549 52.3001 52.5505 50.4697 49.6060 40.4063 45.4836 52.6768 55.1162 51.7347 47.4014 48.0925 53.2141 50.1053 49.9397 41.2927 50.8111 45.0584 54.0521 79.4183 87.4448 82.6740 87.6896 80.8814 83.3231 86.7794 87.2820 86.1565 83.2034 85.0207 85.2823 82.9036 80.6608 83.1128 83.2697 87.3732 80.2828 83.5006 88.7109 87.3814 78.5113 84.8286 86.3024 85.0064 89.1981 80.4345 87.2524 80.7559 87.7109
1.8672 3.9124 2.2859 2.2373 2.8249 4.0406 2.5604 2.2787 1.9152 4.5203 1.9851 2.0797 2.6707 2.6289 2.5991 0.0000 2.3787 2.9593 2.7573 3.1681 3.9222 2.3440 4.2368 1.7054 2.2890 2.6552 3.5196 3.5088 2.4036 1.5626 125.7308 125.6594 126.0533 126.0240 126.0501 125.7139 125.9030 126.0561 126.0696 126.0421 126.0527 125.8532 126.0098 126.0002 126.0518 126.0502 125.8750 126.0293 125.5862 126.0400 125.9324 126.0249 125.8196 126.0106 125.7117 125.8654 125.9075 125.8054 125.4450 125.9532 5.2729 6.9786 10.3713 14.6337 9.3355 10.9301 16.3367 13.3806 6.7445 16.3604 16.9785 11.3771 24.6320 14.6612 12.1576 6.5591 7.8946 7.1316 14.2662 9.4188 3.7963 11.6000 5.5245 6.7303 14.5962 10.2106 7.8768 16.7683 9.1554 5.3335 48.3985 51.8149 46.2737 57.6516 44.3750 54.9717 52.0951 55.9159 39.3568 49.7959 64.0068 40.7144 51.0006 51.2401 49.2880 48.4266 39.5274 44.0491 51.5851 53.5369 50.6269 46.2325 46.6940 52.0228 48.7613 48.6342 40.2360 49.4020 43.7478 52.4807 78.6599 86.6358 81.8514 86.9848 80.0582 82.6033 85.9156 86.4907 85.4352 82.4635 84.1892 84.5150 82.0727 79.7262 82.3161 82.5044 86.5831 79.3107 82.6117 87.8772 86.7165 77.4764 84.0428 85.3702 84.0423 88.5343 79.5471 86.3100 79.8097 86.9768
3.0444 2.9029 2.2928 2.6812 3.6354 3.0978 2.6558 3.5686 2.6885 3.6891 1.7837 3.2665 2.4918 2.3706 3.0502 2.3787 0.0000 2.1292 3.1189 2.8208 2.4887 2.2259 4.5404 1.6844 2.0385 2.4366 2.7624 2.9152 1.1416 2.0931 124.6315 124.5322 124.9765 124.9413 124.9717 124.6021 124.8120 124.9769 124.9894 124.9616 124.9757 124.7211 124.9307 124.9173 124.9727 124.9719 124.7842 124.9479 124.4809 124.9618 124.8473 124.9434 124.7238 124.9299 124.6168 124.7702 124.8191 124.6966 124.3295 124.8715 4.9880 7.5306 10.4037 14.0816 8.5607 10.4494 15.4532 12.7508 7.1100 15.4015 16.1383 10.6224 23.7226 14.1916 11.3252 6.4224 8.1902 6.5577 13.3600 8.8522 4.6501 11.4731 5.5007 7.0093 14.1189 9.7492 8.1748 15.8847 8.0616 6.2019 47.1967 50.3527 44.9375 56.3372 43.2081 53.6534 51.4073 54.7091 38.1331 48.5796 63.1063 39.6491 49.6200 50.0084 47.9282 47.1875 38.1958 43.1752 50.2378 52.4768 49.1837 45.1349 45.4484 50.7064 47.4554 47.4174 38.9541 48.2802 42.4931 51.6367 77.4856 85.4611 80.5760 85.8301 78.9515 81.4823 84.7339 85.3684 84.2872 81.2004 83.1010 83.3897 80.8777 78.5955 81.2207 81.4466 85.4820 78.1063 81.5302 86.7164 85.5057 76.4050 82.8134 84.2454 83.0120 87.3584 78.4259 85.1986 78.6017 85.8600
4.0193 2.9268 3.1760 4.0031 4.8268 2.1491 3.7955 3.7784 2.2086 3.3661 3.1177 3.6024 3.2596 2.1702 4.3822 2.9593 2.1292 0.0000 2.1949 4.1157 1.4795 3.5792 3.5977 2.3342 3.3661 3.8749 3.3491 1.4389 2.1529 2.9522 123.3572 123.2360 123.7177 123.6815 123.7135 123.3198 123.5461 123.7191 123.7293 123.7045 123.7178 123.4220 123.6687 123.6556 123.7143 123.7150 123.5199 123.6870 123.1997 123.7024 123.5831 123.6832 123.4532 123.6722 123.3441 123.5022 123.5523 123.4181 123.0409 123.6087 5.6437 8.4189 10.5808 13.4983 7.7525 10.3542 14.8627 12.4068 7.8695 14.7918 15.6736 10.3063 22.8834 13.8793 11.0855 6.3809 8.7894 6.1510 12.6180 8.7460 5.9928 10.9157 5.9726 7.7957 13.3138 9.7989 8.9820 15.4048 7.3812 7.1864 45.8126 49.1627 43.6490 55.1140 41.8170 52.3346 49.7491 53.3337 36.7333 47.2968 61.6450 38.2407 48.4035 48.6094 46.6873 45.7830 36.9366 41.5950 48.9334 51.0371 47.9362 43.7012 44.0625 49.3673 46.1619 46.0763 37.6941 46.9364 41.1177 49.9917 76.2939 84.2725 79.4090 84.6810 77.6977 80.3415 83.4886 84.2387 83.1438 80.0826 81.8919 82.1879 79.6438 77.2878 80.0775 80.2350 84.3018 76.8672 80.2834 85.5623 84.4167 75.0718 81.6274 82.9507 81.7326 86.2156 77.1650 83.8961 77.3500 84.6926
3.6950 3.8914 3.1215 4.0815 4.5489 3.2411 3.9805 2.6760 1.8534 4.5840 3.3371 3.0548 3.4099 2.6544 4.5733 2.7573 3.1189 2.1949 0.0000 4.6091 3.2503 3.9312 3.2894 2.4014 3.7711 4.4082 4.0632 1.8569 2.9635 2.6967 124.1524 124.0282 124.4984 124.4657 124.4927 124.1209 124.3370 124.5000 124.5085 124.4889 124.5001 124.2251 124.4544 124.4433 124.4946 124.4959 124.3094 124.4673 123.9932 124.4844 124.3709 124.4692 124.2478 124.4552 124.1369 124.2916 124.3465 124.2146 123.8336 124.3942 6.2473 8.4082 10.9866 14.1175 8.5140 11.1092 15.7382 13.2779 8.0093 15.7349 16.5114 11.1450 23.8581 14.5585 12.0095 6.8403 8.9963 6.9782 13.4134 9.6098 5.7749 11.2927 6.2829 7.9851 13.8619 10.4284 9.0634 16.3059 8.3757 7.0559 46.5932 50.0069 44.5510 55.9858 42.4840 53.1307 50.0416 54.0360 37.4856 48.0276 62.1049 39.0211 49.3099 49.4058 47.5014 46.4924 37.8795 42.0679 49.8477 51.7143 48.9135 44.4307 44.7616 50.1805 46.9195 46.8926 38.5853 47.6181 41.9073 50.3664 77.2668 85.1915 80.3635 85.5871 78.6186 81.2730 84.4132 85.1421 84.1087 81.0370 82.8118 83.1604 80.5268 78.2020 80.9792 81.0637 85.1792 77.7908 81.1519 86.4384 85.4356 75.8494 82.5659 83.8434 82.4696 87.1480 78.0734 84.7572 78.2507 85.5879
2.8065 4.3356 2.4097 2.1710 2.7577 5.4180 1.5235 4.2800 3.8059 4.5386 2.5687 3.0967 2.7924 3.4322 2.0858 3.1681 2.8208 4.1157 4.6091 0.0000 4.4597 1.5187 6.5222 3.4318 1.7508 1.3368 3.6273 4.8384 2.6686 2.7039 126.5522 126.4821 126.8686 126.8383 126.8661 126.5322 126.7180 126.8721 126.8797 126.8590 126.8710 126.6598 126.8260 126.8149 126.8664 126.8680 126.6910 126.8444 126.4139 126.8580 126.7493 126.8403 126.6371 126.8264 126.5376 126.6801 126.7244 126.6117 126.2820 126.7704 5.2739 7.8027 10.9806 15.2614 10.6178 11.3127 16.7986 13.5792 7.2965 16.8393 17.5199 12.0953 25.2279 15.2290 12.3545 7.4172 8.6470 7.5843 15.0661 9.9244 4.3736 12.6676 6.8166 7.7214 15.8385 10.9523 8.4890 17.3019 9.6205 5.8053 49.1892 52.2113 46.7347 58.4320 45.3779 55.5357 53.4072 56.7621 39.9008 50.6689 65.3050 41.5032 51.7009 51.9166 49.8618 48.9820 39.6883 44.9743 51.9956 54.5817 51.0237 46.7902 47.5050 52.5470 49.5408 49.2571 40.6386 50.2709 44.4785 53.6260 78.9932 87.0146 82.1780 87.3269 80.4279 82.9548 86.3618 86.9639 85.7796 82.7614 84.5453 84.8177 82.3610 80.0982 82.7670 82.9377 87.0373 79.7737 83.1080 88.3366 87.0500 78.0461 84.3396 85.7857 84.7095 88.7734 79.9612 86.7218 80.2449 87.3269
4.9080 2.5809 3.9971 4.5573 5.6650 2.2069 4.4113 4.9114 3.3812 2.9876 3.6700 4.4818 4.0877 2.6303 4.9268 3.9222 2.4887 1.4795 3.2503 4.4597 0.0000 4.1001 4.0559 3.1062 3.7577 4.2580 3.2933 1.9836 2.6302 3.7869 122.5634 122.4550 122.9115 122.8786 122.9094 122.5305 122.7461 122.9146 122.9231 122.8989 122.9144 122.6347 122.8639 122.8509 122.9089 122.9101 122.7193 122.8827 122.4105 122.8984 122.7808 122.8792 122.6547 122.8657 122.5488 122.7023 122.7535 122.6200 122.2591 122.8044 5.5463 8.5931 10.2954 12.8316 7.1452 9.8313 14.0527 11.7146 7.9485 13.9491 14.9078 9.6154 22.0411 13.2886 10.3268 6.1649 8.7962 5.6603 11.8413 8.1862 6.5676 10.5846 5.9717 7.8961 12.7669 9.3177 9.0179 14.6039 6.5394 7.5233 45.0879 48.3062 42.8375 54.3061 41.1601 51.5308 49.2853 52.6296 35.9605 46.5908 61.1779 37.5333 47.5956 47.8336 45.8954 45.0215 36.0592 41.0218 48.0828 50.3860 47.0653 42.9589 43.3459 48.5680 45.4180 45.3200 36.8424 46.2297 40.3552 49.4665 75.3987 83.3887 78.5123 83.7938 76.8450 79.4734 82.6125 83.3594 82.2506 79.1754 81.0233 81.3111 78.7611 76.4431 79.1881 79.3935 83.4433 76.0096 79.4426 84.6986 83.5012 74.2707 80.7143 82.0920 80.9556 85.3086 76.2927 83.0558 76.5057 83.7905
2.2177 3.9468 1.8886 1.6006 2.3251 4.9514 1.3559 3.4603 3.1918 4.3857 1.7672 2.4199 2.2884 2.9857 1.6460 2.3440 2.2259 3.5792 3.9312 1.5187 4.1001 0.0000 5.8597 2.5399 1.2062 1.0229 3.2475 4.3238 2.1576 2.0438 126.3236 126.2232 126.6608 126.6239 126.6561 126.2977 126.5018 126.6611 126.6723 126.6464 126.6590 126.4132 126.6129 126.6026 126.6569 126.6571 126.4728 126.6328 126.1742 126.6449 126.5347 126.6268 126.4131 126.6152 126.3086 126.4584 126.5079 126.3878 126.0227 126.5576 5.0397 7.2959 10.7301 15.0456 10.0330 11.0109 16.5603 13.4261 6.8420 16.6657 17.2727 11.7234 25.0238 15.0153 12.2235 6.9590 8.2129 7.3014 14.7245 9.6001 3.7316 12.2910 6.2531 7.1284 15.4114 10.5389 7.9865 17.0419 9.3056 5.4823 49.0164 52.0805 46.6317 58.1611 45.0705 55.3728 53.0949 56.5121 39.7719 50.4341 65.0255 41.3431 51.4860 51.7313 49.7040 48.8240 39.6404 44.6920 51.9018 54.3234 50.9196 46.6327 47.2534 52.3919 49.3156 49.1209 40.5602 50.0647 44.2599 53.2839 78.9544 86.9702 82.1062 87.2463 80.3856 82.8895 86.2584 86.8655 85.7138 82.7303 84.5368 84.8249 82.3600 80.0831 82.7141 82.8531 86.9374 79.7142 83.0387 88.2467 86.9658 77.9623 84.3009 85.7406 84.5555 88.7529 79.9168 86.6968 80.1761 87.2972
5.5464 4.2425 5.5942 5.7027 6.7858 2.7868 6.0980 5.0369 3.8211 4.8179 5.1450 5.2347 5.7772 3.7899 6.1910 4.2368 4.5404 3.5977 3.2894 6.5222 4.0559 5.8597 0.0000 3.9577 5.4571 6.1253 4.7528 2.9542 4.8468 4.8904 122.1327 122.0926 122.4379 122.4152 122.4329 122.1253 122.2995 122.4386 122.4511 122.4291 122.4363 122.2919 122.4014 122.3885 122.4347 122.4370 122.2693 122.4178 121.9894 122.4285 122.3239 122.4173 122.2217 122.3962 122.1050 122.2605 122.3105 122.2082 121.8599 122.3441 6.0996 7.9330 9.5110 12.1893 6.4973 9.6685 13.7640 11.6850 7.6137 13.7837 14.5557 9.2742 21.7616 12.6071 10.4084 5.7229 8.0940 5.8943 11.4581 8.1180 6.7577 9.4495 5.2019 7.2045 11.4424 8.8154 8.5469 14.3398 6.9433 7.2187 44.9811 48.7215 43.0887 54.4386 40.9884 51.7623 48.3991 52.5417 36.1162 46.3793 60.4508 37.2562 47.7661 47.9474 46.0711 45.1894 36.6550 40.6341 48.4033 50.0476 47.5947 43.0225 43.4070 48.8438 45.4314 45.3150 37.0733 45.8678 40.5078 48.9894 75.4675 83.3685 78.6639 83.7832 76.8648 79.3963 82.6384 83.1765 82.2615 79.2644 80.9883 81.3152 78.8542 76.5297 79.0128 79.2583 83.2607 75.9737 79.2535 84.5616 83.6070 74.0614 80.8602 82.0524 80.6110 85.3772 76.2826 82.9782 76.5647 83.7432
2.7895 2.9261 2.3944 2.4823 3.4694 3.3100 2.7428 2.7392 2.2611 4.0022 1.6858 2.4749 2.8368 2.3054 2.9968 1.7054 1.6844 2.3342 2.4014 3.4318 3.1062 2.5399 3.9577 0.0000 2.2919 2.8779 2.8392 2.8495 1.7869 1.8279 124.8830 124.8166 125.1995 125.1714 125.1955 124.8683 125.0502 125.2021 125.2162 125.1880 125.2004 125.0160 125.1589 125.1462 125.1965 125.1968 125.0228 125.1775 124.7383 125.1886 125.0803 125.1722 124.9743 125.1568 124.8627 125.0131 125.0599 124.9600 124.5955 125.1026 5.0345 6.9291 10.0513 13.9718 8.5251 10.4182 15.6347 12.8353 6.6837 15.5348 16.2025 10.6354 23.8527 14.0618 11.4811 6.1390 7.7133 6.6182 13.4489 8.8428 4.3301 11.0294 5.0096 6.5750 13.9315 9.5746 7.8340 15.9728 8.3723 5.7133 47.5583 50.8393 45.4176 56.6815 43.4674 54.0921 51.3988 55.0408 38.5039 48.9455 63.2755 39.9709 50.0478 50.3899 48.3807 47.5453 38.7203 43.3604 50.7132 52.7562 49.6947 45.4836 45.7703 51.1507 47.8257 47.8511 39.4074 48.5888 42.8531 51.7107 77.8318 85.7750 80.9778 86.1422 79.2715 81.7989 85.0768 85.6470 84.6074 81.5600 83.3861 83.7339 81.2326 78.9280 81.4832 81.6976 85.7823 78.4454 81.8085 87.0110 85.8160 76.6581 83.1610 84.5832 83.2132 87.7136 78.7113 85.5266 78.9535 86.1586
2.5223 3.3246 2.1789 1.3465 2.7991 4.6146 1.5378 3.6025 3.1433 3.8264 1.4691 2.3045 2.7081 2.5976 1.4708 2.2890 2.0385 3.3661 3.7711 1.7508 3.7577 1.2062 5.4571 2.2919 0.0000 1.1946 2.5010 3.9945 2.0713 2.0259 125.8529 125.7987 126.1687 126.1404 126.1663 125.8357 126.0195 126.1728 126.1833 126.1587 126.1721 125.9856 126.1269 126.1156 126.1674 126.1678 125.9921 126.1456 125.7124 126.1579 126.0512 126.1417 125.9379 126.1273 125.8367 125.9810 126.0306 125.9228 125.5831 126.0695 4.3289 6.7166 10.0069 14.3376 9.4344 10.3405 15.9355 12.7799 6.2094 15.9850 16.5911 11.0145 24.4085 14.2972 11.5326 6.2473 7.5530 6.6469 14.0701 8.9361 3.5196 11.5901 5.5224 6.5012 14.7689 9.7937 7.3672 16.3554 8.6986 4.9995 48.6457 51.7299 46.2836 57.8471 44.7602 55.0358 52.7321 56.1762 39.4029 50.1083 64.7140 40.9780 51.1500 51.4021 49.3381 48.4581 39.2860 44.3959 51.5341 53.9927 50.5759 46.2964 46.9396 52.0671 48.9650 48.8017 40.1866 49.6948 43.9283 52.9569 78.4652 86.4780 81.6689 86.7593 79.9203 82.4138 85.7731 86.3471 85.2331 82.2452 84.0725 84.3363 81.8884 79.6593 82.1967 82.3561 86.4329 79.2614 82.5342 87.7521 86.4764 77.4989 83.8443 85.2994 84.0636 88.2555 79.4502 86.2435 79.7518 86.7733
2.6201 3.9287 2.3880 1.6717 2.6205 5.1263 1.5028 3.9944 3.5841 4.3579 1.8637 2.7520 2.7003 3.2429 1.4432 2.6552 2.4366 3.8749 4.4082 1.3368 4.2580 1.0229 6.1253 2.8779 1.1946 0.0000 3.1040 4.6454 2.3641 2.4591 126.3558 126.2834 126.6797 126.6475 126.6756 126.3383 126.5301 126.6812 126.6933 126.6673 126.6797 126.4736 126.6368 126.6255 126.6772 126.6758 126.5005 126.6554 126.2147 126.6652 126.5606 126.6500 126.4449 126.6354 126.3401 126.4871 126.5342 126.4266 126.0752 126.5807 4.6831 6.9750 10.3896 14.8789 10.0448 10.7206 16.3907 13.1898 6.4997 16.4719 17.0406 11.5177 24.8442 14.7631 11.9495 6.7829 7.8530 7.1525 14.6349 9.3391 3.5541 12.1477 6.0301 6.8084 15.3317 10.2652 7.6282 16.8212 9.2450 5.1907 49.1209 52.1746 46.7362 58.3072 45.2662 55.4940 53.3293 56.6668 39.8976 50.5875 65.2211 41.4617 51.5939 51.8707 49.8114 48.9735 39.7265 44.9259 51.9938 54.4729 51.0047 46.7822 47.4353 52.5210 49.4493 49.2621 40.6459 50.2209 44.3896 53.5348 78.9100 86.9362 82.1009 87.2169 80.3717 82.8468 86.2482 86.8228 85.6678 82.6878 84.5053 84.7763 82.3537 80.0948 82.6459 82.8316 86.9066 79.7245 83.0173 88.2460 86.9118 78.0002 84.2825 85.7434 84.5677 88.7066 79.9123 86.7107 80.2010 87.2377
4.4524 1.8046 3.9065 2.9646 4.9522 4.0744 3.4597 5.0104 4.0112 2.4135 2.6979 3.4913 4.4613 2.3716 3.1783 3.5196 2.7624 3.3491 4.0632 3.6273 3.2933 3.2475 4.7528 2.8392 2.5010 3.1040 0.0000 3.6130 3.0373 3.6803 123.9492 123.9708 124.2247 124.2048 124.2211 123.9582 124.1002 124.2269 124.2417 124.2215 124.2266 124.1622 124.1916 124.1791 124.2214 124.2240 124.0703 124.2091 123.8259 124.2186 124.1220 124.2067 124.0333 124.1865 123.9237 124.0677 124.1106 124.0317 123.7221 124.1384 2.9024 6.0245 8.2680 12.1353 7.4933 8.2149 13.7788 10.7280 5.1856 13.7308 14.3163 8.8508 22.1994 12.1119 9.3427 4.4104 6.3083 4.6188 11.9519 6.8244 4.6029 9.4092 4.1697 5.5295 12.5954 7.7546 6.5289 14.0839 6.7072 5.1230 47.0950 50.1098 44.6897 56.4523 43.3014 53.4888 51.2102 54.6318 37.7790 48.5915 63.4800 39.3504 49.6665 49.8590 47.7419 46.8529 37.6684 42.8791 49.9352 52.5603 49.0320 44.6801 45.4560 50.5069 47.4214 47.2722 38.5103 48.0881 42.3609 51.4763 76.4833 84.4992 79.7559 84.7292 77.9846 80.4063 83.8437 84.3173 83.2249 80.2553 82.1638 82.3954 79.9756 77.8238 80.1679 80.3232 84.4295 77.4053 80.5496 85.7445 84.4332 75.5975 81.8929 83.4347 82.0555 86.2582 77.5386 84.3657 77.8760 84.7609
4.5940 3.0915 3.8015 4.5821 5.5103 2.2311 4.5149 4.0940 2.5882 3.5582 3.7652 3.9751 3.9874 2.2701 5.0520 3.5088 2.9152 1.4389 1.8569 4.8384 1.9836 4.3238 2.9542 2.8495 3.9945 4.6454 3.6130 0.0000 2.9436 3.5206 122.7680 122.6532 123.1218 123.0882 123.1170 122.7330 122.9547 123.1240 123.1315 123.1098 123.1232 122.8395 123.0765 123.0632 123.1188 123.1206 122.9280 123.0924 122.6116 123.1079 122.9905 123.0902 122.8624 123.0776 122.7551 122.9083 122.9631 122.8272 122.4562 123.0156 5.8379 8.6014 10.4683 12.9975 7.2507 10.1667 14.4048 12.1304 7.9861 14.3717 15.2630 9.9868 22.4768 13.5469 10.7980 6.2269 8.8960 5.8800 12.0874 8.5987 6.4212 10.5104 6.0350 7.9588 12.7286 9.6043 9.0659 15.0155 6.9264 7.4594 45.2562 48.5962 43.0965 54.6812 41.2488 51.7480 49.0012 52.7230 36.1045 46.6961 61.0975 37.6410 47.9371 48.0462 46.1016 45.1362 36.3693 40.8551 48.3963 50.4769 47.4558 43.0452 43.4848 48.7863 45.5948 45.4812 37.1028 46.2961 40.5534 49.2676 75.7810 83.7299 78.8661 84.1130 77.1471 79.7944 82.9317 83.6856 82.6274 79.5555 81.3880 81.6829 79.0655 76.7646 79.5428 79.6419 83.7186 76.3427 79.7073 84.9838 83.9498 74.4501 81.1001 82.3952 81.0987 85.6584 76.6497 83.3100 76.8100 84.1259
2.8829 3.1928 1.9058 2.7328 3.3599 3.4339 2.2983 3.3634 2.4443 3.8658 1.7511 2.9606 2.1468 2.3904 3.0517 2.4036 1.1416 2.1529 2.9635 2.6686 2.6302 2.1576 4.8468 1.7869 2.0713 2.3641 3.0373 2.9436 0.0000 1.8260 124.9028 124.7830 125.2539 125.2197 125.2510 124.8698 125.0870 125.2559 125.2665 125.2393 125.2551 124.9728 125.2071 125.1926 125.2509 125.2521 125.0602 125.2252 124.7468 125.2393 125.1221 125.2201 124.9951 125.2082 124.8885 125.0420 125.0937 124.9686 124.5862 125.1469 5.4619 7.9171 10.8376 14.4782 8.9840 10.8840 15.9242 13.1766 7.4637 15.8097 16.5690 11.0984 24.0900 14.6391 11.7751 6.8828 8.5876 6.9702 13.8132 9.2663 4.8781 11.8089 6.0000 7.4422 14.5263 10.2511 8.5981 16.3243 8.4867 6.5440 47.3936 50.5125 45.1273 56.5493 43.3868 53.7856 51.5382 54.8671 38.2658 48.7985 63.2955 39.8541 49.8436 50.1512 48.0858 47.3065 38.3617 43.2912 50.4222 52.6331 49.3555 45.2835 45.5927 50.8626 47.6476 47.6119 39.1483 48.4922 42.6356 51.7321 77.7200 85.7088 80.8355 86.0808 79.1834 81.7597 84.9582 85.6733 84.5372 81.4607 83.3326 83.6578 81.0707 78.7945 81.4934 81.6887 85.7789 78.3662 81.7751 86.9663 85.7781 76.6021 83.0278 84.4726 83.2600 87.6196 78.6437 85.4148 78.8240 86.1134
1.5982 4.1281 1.2991 2.2260 2.2746 4.1868 2.0081 2.0069 1.9605 4.8159 1.6813 2.1604 1.7959 2.8482 2.6390 1.5626 2.0931 2.9522 2.6967 2.7039 3.7869 2.0438 4.8904 1.8279 2.0259 2.4591 3.6803 3.5206 1.8260 0.0000 126.0235 125.9193 126.3615 126.3286 126.3596 125.9940 126.2011 126.3659 126.3772 126.3493 126.3640 126.1095 126.3167 126.3053 126.3600 126.3603 126.1741 126.3344 125.8739 126.3482 126.2353 126.3301 126.1141 126.3173 126.0084 126.1597 126.2087 126.0846 125.7222 126.2584 5.8048 7.7027 11.1637 15.2463 9.8594 11.6107 16.8896 14.0252 7.4353 16.8563 17.5450 11.9638 25.1810 15.3647 12.7085 7.2870 8.6440 7.7202 14.7729 10.0802 4.1016 12.3664 6.2034 7.4302 15.3107 10.8646 8.4646 17.3161 9.4809 5.9920 48.4814 51.7535 46.3225 57.7038 44.4403 54.9529 52.3169 55.9692 39.3978 49.9079 64.0763 40.9386 51.0353 51.2850 49.2529 48.4226 39.5900 44.2367 51.6142 53.6317 50.6084 46.3855 46.6986 52.0307 48.7838 48.7475 40.3522 49.5420 43.7968 52.6063 78.9436 86.9302 82.0929 87.3037 80.3762 82.9703 86.1461 86.8487 85.7773 82.7279 84.5261 84.8439 82.2753 79.9912 82.6766 82.8575 86.9421 79.5674 82.9201 88.1682 87.0523 77.7426 84.2763 85.6517 84.3858 88.8310 79.8282 86.5778 80.0532 87.2955
126.9925 122.9069 126.3099 126.5238 128.0498 122.1237 126.6447 126.5165 124.8965 122.5923 125.7432 126.2234 126.2377 123.8944 126.8717 125.7308 124.6315 123.3572 124.1524 126.5522 122.5634 126.3236 122.1327 124.8830 125.8529 126.3558 123.9492 122.7680 124.9028 126.0235 0.0000 12.3389 7.3694 6.7478 7.3255 4.1952 4.7314 7.6954 7.1449 7.2061 7.2715 11.4459 6.8198 6.2145 7.4824 7.4149 4.2870 6.5698 4.1042 6.9450 5.4720 6.7640 3.1059 7.1380 2.8556 3.3869 4.5044 3.3829 9.0798 5.7920 123.9934 125.8333 121.4154 114.5254 117.2189 119.1302 112.1450 116.4791 125.0842 111.8430 112.3307 117.0365 103.9716 115.8277 116.9924 121.9056 124.2452 120.4410 113.1272 119.4150 127.6473 117.8242 123.2693 124.6421 113.0943 119.7118 125.2827 112.3061 117.7030 126.9535 79.8098 78.1555 82.0766 74.1786 84.9101 75.0501 79.0727 74.0451 88.4308 79.3001 74.3101 86.3755 78.5722 77.5279 80.5562 80.8581 89.4090 85.4219 77.2663 76.8694 79.0946 82.4609 82.7008 77.4361 80.2439 79.9672 87.4988 78.5944 84.6210 79.0863 52.5049 45.2374 48.8908 46.7774 52.1060 50.2876 44.3967 45.4559 47.7528 49.5036 50.0694 49.1443 49.9537 52.3290 49.8007 50.7016 45.1905 50.0767 47.4699 44.3732 48.2004 51.7112 47.6961 45.4504 45.8391 46.8219 51.5485 45.6350 50.4190 46.9482
126.8668 122.9520 126.1578 126.5054 127.9315 122.0223 126.5553 126.3870 124.7718 122.6215 125.6606 126.1775 126.0262 123.8405 126.8265 125.6594 124.5322 123.2360 124.0282 126.4821 122.4550 126.2232 122.0926 124.8166 125.7987 126.2834 123.9708 122.6532 124.7830 125.9193 12.3389 0.0000 18.0873 17.5584 17.8948 9.7956 15.5086 17.8997 17.5058 17.6761 17.9172 3.2738 17.2151 16.9686 17.9259 17.9110 15.3515 17.1885 8.9693 17.5233 16.4028 17.2435 13.7928 17.5034 12.4033 14.4266 15.4666 11.6124 4.2496 16.4670 124.1354 126.1315 121.9653 115.1492 117.3043 119.4539 112.5459 116.9747 125.3372 112.3696 112.8830 117.3913 104.6977 116.4963 117.4154 122.1094 124.5812 120.6013 113.4480 119.7501 127.6227 118.3329 123.4827 124.8634 113.4975 120.1055 125.5047 112.8260 117.7547 127.1728 79.1757 77.1923 81.4117 73.5545 84.2083 73.7635 78.7934 72.8075 87.9322 78.5158 73.2087 86.0409 77.7897 76.6275 79.5215 80.0347 89.0878 84.5889 76.4338 75.8000 78.3445 81.9167 81.8516 76.3633 79.3993 79.1811 87.1294 78.1162 83.8926 78.1019 54.3118 48.2746 50.4221 49.3652 54.3010 52.5572 45.4425 49.1458 50.5667 51.8255 53.5473 52.1324 51.8857 54.0942 53.2575 53.3989 47.9238 51.7392 50.0968 47.1397 51.3402 53.2139 49.7474 47.0090 48.3064 49.7611 53.9910 47.6273 51.8060 50.4277
127.3345 123.1699 126.6677 126.8084 128.3927 122.4676 126.9706 126.8739 125.2547 122.8743 126.0665 126.5288 126.6373 124.2127 127.1726 126.0533 124.9765 123.7177 124.4984 126.8686 122.9115 126.6608 122.4379 125.1995 126.1687 126.6797 124.2247 123.1218 125.2539 126.3615 7.3694 18.0873 0.0000 2.2356 1.5122 11.0878 4.5662 1.9571 2.0696 1.9340 1.4234 17.3795 2.3745 2.1051 1.5469 1.8265 4.4480 2.2054 10.3387 1.9901 3.1963 2.4106 6.4097 1.5038 6.6754 5.0323 5.0184 8.3624 14.9092 2.7217 124.2106 125.9510 121.4126 114.4920 117.4935 119.2629 112.2586 116.5591 125.2418 111.8987 112.3512 117.1663 103.9329 115.7784 117.0681 122.1008 124.3602 120.6664 113.2836 119.5598 127.9470 117.8518 123.4505 124.8275 113.2004 119.8154 125.4577 112.3476 117.9838 127.1145 80.6061 79.1241 82.9253 75.0299 85.7420 76.2617 79.6714 75.2254 89.1088 80.2374 75.3949 86.9901 79.4701 78.4982 81.5615 81.7715 90.1190 86.3199 78.1567 77.9183 80.0017 83.2958 83.6431 78.4972 81.1813 80.8662 88.0998 79.3174 85.4387 80.0929 52.2496 44.4792 48.9775 46.2385 51.8429 49.8822 44.7877 44.3648 47.2745 49.0357 48.9950 48.3808 49.7480 52.0911 48.5256 50.0361 44.7754 49.9739 46.8882 43.7326 47.2786 51.6582 47.5555 45.4665 45.5066 46.1155 50.8965 45.2104 50.5535 45.8751
