0.0000 6.8980 5.6143 6.8245 7.0173 6.8158 5.9037 6.0847 6.5447 4.0281 7.9522 6.9081 6.4186 4.1655 6.3568 4.7277 6.8829 6.2189 6.3949 5.4386 7.6403 5.4101 5.0726 7.0051 6.4067 6.7003 5.2082 5.5622 5.2097 6.2841 19.9614 19.6465 19.9547 20.3290 19.4482 19.6881 19.6433 20.2831 19.8599 18.8813 19.5442 20.5419 20.5157 20.9797 19.9935 19.6528 20.4135 18.9133 19.9813 20.1769 19.1768 20.8185 20.5023 20.2793 19.7151 20.1756 19.6418 20.4157 20.1500 19.6998 16.2680 17.4825 17.1423 19.3899 18.9391 16.0760 19.6232 18.5130 14.5835 19.0906 19.3726 18.3630 19.3641 19.3119 18.3988 17.4719 17.5455 18.2787 19.6223 17.3124 15.7680 18.4809 15.7628 17.6118 17.4474 16.9015 15.4066 19.1125 19.8870 16.3527 17.7805 20.1809 18.0818 20.2072 19.9089 19.4012 18.7763 18.5889 15.9257 20.4198 19.9701 18.0906 18.3383 18.9106 19.5906 19.0667 17.2850 18.4783 19.9049 19.3916 18.1798 18.6264 18.2936 16.3555 20.8124 19.2643 18.1816 19.1509 16.8845 19.6576 20.7012 20.5289 20.5603 20.8459 20.3777 20.8601 20.7319 20.8026 20.8639 21.1862 20.4600 20.4228 20.6665 20.6022 20.5930 20.0596 20.5812 20.4065 20.7869 20.6017 20.6771 20.4055 20.6871 19.9836 20.5405 20.3751 20.3373 19.9120 20.8565 21.0127
6.8980 0.0000 4.0318 3.8758 5.4096 8.6698 5.2564 6.1560 2.3491 5.1685 3.9940 2.4561 5.6274 7.4091 2.9246 6.0477 4.4977 4.0775 9.1147 5.2432 11.5309 6.4652 6.3277 11.1551 3.7246 5.7260 5.6726 7.1826 5.8326 9.0964 22.3841 22.0868 22.3612 22.7124 21.8978 22.1237 22.0987 22.6831 22.2719 21.3421 21.9850 22.9159 22.8983 23.3481 22.3951 22.0731 22.7909 21.3414 22.3731 22.5558 21.6576 23.1712 22.8848 22.6670 22.1597 22.5713 22.0748 22.8104 22.5310 22.1318 18.7066 19.7856 19.5818 21.7620 21.3466 18.5642 22.0151 20.8553 17.1823 21.5251 21.7439 20.7763 21.7241 21.7122 20.8326 19.8658 19.8259 20.6627 22.0256 19.7256 18.2513 20.9590 18.2476 20.0404 19.9469 19.3794 18.0033 21.5190 22.2622 18.8795 20.4107 22.6036 20.5679 22.6243 22.3280 21.8486 21.3688 21.1471 18.6037 22.8078 22.3915 20.6806 20.8933 21.4613 22.0653 21.5872 19.9492 21.0519 22.3068 21.9006 20.7616 21.2272 20.8501 19.1166 23.1768 21.8005 20.7111 21.6815 19.6250 22.1349 23.0920 22.9114 22.9477 23.2236 22.7696 23.2328 23.1038 23.1778 23.2430 23.5434 22.8401 22.8198 23.0514 22.9749 22.9867 22.4431 22.9621 22.8116 23.1632 22.9765 23.0638 22.7870 23.0749 22.3703 22.9264 22.7777 22.7312 22.3436 23.2232 23.3771
5.6143 4.0318 0.0000 3.0850 3.8661 6.0711 3.6393 4.7787 3.4894 4.3392 5.1847 4.2280 4.5260 5.7558 3.0787 4.1169 3.8273 3.0486 7.0448 3.8363 10.1537 5.1016 5.0023 9.4213 2.8075 3.7646 5.2402 4.8055 3.9266 7.3997 21.3572 21.0604 21.3349 21.7095 20.8413 21.0938 21.0522 21.6719 21.2362 20.3033 20.9766 21.9046 21.8941 22.3426 21.3672 21.0458 21.7729 20.3068 21.3620 21.5473 20.6025 22.1753 21.8758 21.6574 21.1214 21.5546 21.0311 21.7976 21.5229 21.1082 17.6758 18.8241 18.5784 20.7597 20.3698 17.4978 21.0107 19.8884 16.1344 20.5545 20.7667 19.7715 20.7288 20.7088 19.8285 18.8336 18.8648 19.6667 21.0159 18.7295 17.1363 19.9487 17.2281 19.0433 18.8921 18.3905 16.9285 20.5077 21.2674 17.8296 19.2971 21.5726 19.5161 21.5934 21.2949 20.8073 20.2733 20.0665 17.4709 21.7856 21.3597 19.5848 19.8045 20.3832 21.0063 20.5091 18.8180 19.9671 21.2805 20.8308 19.6615 20.1325 19.7763 17.9436 22.1694 20.7281 19.6404 20.6092 18.4330 21.0837 22.0782 21.9001 21.9335 22.2123 21.7574 22.2245 22.0952 22.1704 22.2315 22.5385 21.8333 21.8024 22.0387 21.9687 21.9692 21.4245 21.9499 21.7954 22.1524 21.9675 22.0511 21.7720 22.0605 21.3572 21.9142 21.7590 21.7173 21.3148 22.2146 22.3696
6.8245 3.8758 3.0850 0.0000 3.1651 7.3657 4.6310 6.0157 3.2282 5.3692 4.9867 3.8447 5.0022 6.9367 3.0940 5.7777 3.4161 3.8296 8.5508 5.0403 11.2820 6.3294 6.1491 10.7235 3.0045 4.5100 5.6304 5.7669 4.5711 8.8523 22.2396 21.9475 22.2139 22.5688 21.7376 21.9809 21.9469 22.5452 22.1168 21.1957 21.8268 22.7717 22.7535 23.2065 22.2423 21.9295 22.6446 21.2019 22.2279 22.4147 21.5061 23.0328 22.7414 22.5252 22.0032 22.4271 21.9113 22.6719 22.3770 21.9789 18.5223 19.6413 19.4353 21.6153 21.2046 18.3582 21.8580 20.6736 16.9766 21.3720 21.5973 20.6128 21.5910 21.5526 20.6665 19.6665 19.6574 20.5077 21.8857 19.5409 17.9878 20.8112 18.0778 19.8850 19.7828 19.1771 17.7917 21.3701 22.1190 18.7047 20.2607 22.4548 20.4277 22.4660 22.1855 21.7019 21.2171 20.9907 18.4697 22.6626 22.2451 20.5252 20.7229 21.3082 21.9119 21.4336 19.7605 20.9086 22.1567 21.7504 20.5987 21.0674 20.7049 18.9519 23.0341 21.6404 20.5452 21.5329 19.4304 21.9889 22.9507 22.7724 22.8059 23.0825 22.6264 23.0904 22.9623 23.0357 23.1010 23.4019 22.6999 22.6776 22.9109 22.8326 22.8468 22.2961 22.8178 22.6721 23.0223 22.8347 22.9227 22.6430 22.9336 22.2268 22.7882 22.6368 22.5887 22.1990 23.0800 23.2353
7.0173 5.4096 3.8661 3.1651 0.0000 7.8056 4.5476 5.8697 4.4703 5.5374 6.3364 4.8185 4.4518 6.7473 4.6061 5.7791 4.9513 4.9582 8.7119 4.8551 11.0381 5.7450 6.4723 10.5630 4.5886 3.4424 5.2662 5.5348 4.1784 9.1500 22.3014 22.0358 22.2881 22.6293 21.8306 22.0649 22.0441 22.6275 22.1895 21.2674 21.8623 22.8505 22.8291 23.2850 22.3060 22.0227 22.7211 21.2524 22.3037 22.4879 21.5911 23.1115 22.8158 22.6071 22.0725 22.5026 21.9617 22.7591 22.4350 22.0508 18.4639 19.5931 19.4166 21.6325 21.2201 18.3540 21.8794 20.6163 16.8580 21.3604 21.5987 20.5800 21.6637 21.5740 20.6436 19.6678 19.5855 20.4746 21.9513 19.5050 17.9880 20.8639 18.0068 19.8807 19.8421 19.0653 17.7470 21.4046 22.1576 18.7213 20.3695 22.5422 20.5009 22.5355 22.2838 21.7679 21.3135 21.0740 18.6215 22.7428 22.3374 20.6121 20.8041 21.3886 22.0095 21.5109 19.8289 21.0227 22.2252 21.8477 20.6898 21.1287 20.7711 19.0372 23.1152 21.7148 20.5809 21.6203 19.5427 22.0951 23.0404 22.8642 22.8976 23.1678 22.7117 23.1777 23.0524 23.1235 23.1933 23.4906 22.7970 22.7766 23.0095 22.9249 22.9433 22.3944 22.9076 22.7699 23.1167 22.9247 23.0097 22.7443 23.0283 22.3214 22.8939 22.7311 22.6793 22.2971 23.1727 23.3228
6.8158 8.6698 6.0711 7.3657 7.8056 0.0000 6.3975 6.1042 8.1278 6.3982 9.5692 8.9384 7.1342 5.5791 7.5991 5.0377 7.9962 5.9376 4.4193 7.0550 8.2488 7.0013 6.0214 6.6411 7.0658 6.6185 7.4547 4.5952 5.4314 5.0814 19.2747 18.9362 19.2412 19.6506 18.7129 18.9898 18.8814 19.5454 19.1546 18.2341 19.0691 19.7807 19.7837 20.2103 19.3118 18.8881 19.6608 18.2886 19.2522 19.4314 18.4905 20.0582 19.7749 19.5502 19.0318 19.4337 18.9986 19.6405 19.4864 19.0494 15.9523 17.1625 16.8042 18.8030 18.4996 15.5711 18.9963 18.0834 14.5265 18.7291 18.8913 17.8861 18.6848 18.7652 17.9384 16.9829 17.1674 17.8417 18.9043 17.0076 15.2696 18.0024 15.5327 17.1772 16.7754 16.7259 15.2036 18.5185 19.2351 15.9927 16.9501 19.3967 17.2990 19.4098 19.1010 18.5698 17.8936 17.7634 15.1840 19.5982 19.1469 17.2632 17.5401 18.0970 18.7925 18.1849 16.5083 17.6341 19.1115 18.5293 17.3674 17.7970 17.4820 15.5261 20.0099 18.4138 17.4037 18.2922 15.9134 18.8267 19.9135 19.7310 19.7475 20.0544 19.6066 20.0768 19.9228 20.0119 20.0556 20.3702 19.6759 19.6233 19.8627 19.8119 19.7882 19.2878 19.7915 19.6221 19.9766 19.8176 19.8919 19.5956 19.8819 19.2141 19.7309 19.5831 19.5691 19.1364 20.0487 20.2018
5.9037 5.2564 3.6393 4.6310 4.5476 6.3975 0.0000 3.4273 4.3870 4.7504 6.4881 5.3694 4.0741 5.7673 4.3207 3.7211 5.6037 3.8298 6.9911 3.9364 9.4392 4.6332 4.3876 9.0219 4.0243 4.0065 4.8791 5.4128 4.6952 7.1676 21.0465 20.7601 21.0400 21.4035 20.5698 20.7999 20.7671 21.3720 20.9577 20.0058 20.6784 21.6001 21.5934 22.0400 21.0705 20.7505 21.4768 19.9902 21.0617 21.2424 20.3184 21.8725 21.5751 21.3596 20.8243 21.2560 20.7435 21.4940 21.2169 20.8112 17.3779 18.5042 18.2868 20.4273 20.0590 17.1976 20.7049 19.5836 15.8308 20.2283 20.4466 19.4493 20.4292 20.4049 19.5239 18.5529 18.5541 19.3554 20.7088 18.4377 16.9004 19.6611 16.9265 18.7208 18.5910 18.1278 16.6482 20.2050 20.9585 17.5121 18.9911 21.2767 19.1811 21.2744 20.9889 20.4825 19.9480 19.7434 17.1963 21.4794 21.0509 19.2564 19.5084 20.0539 20.7037 20.1834 18.4993 19.6505 20.9605 20.5121 19.3386 19.8049 19.4483 17.6160 21.8644 20.3989 19.3042 20.2794 18.1043 20.7764 21.7787 21.6005 21.6351 21.9109 21.4561 21.9253 21.7974 21.8726 21.9372 22.2397 21.5379 21.5033 21.7431 21.6720 21.6699 21.1318 21.6493 21.4981 21.8557 21.6642 21.7470 21.4811 21.7627 21.0591 21.6225 21.4601 21.4203 21.0174 21.9189 22.0683
6.0847 6.1560 4.7787 6.0157 5.8697 6.1042 3.4273 0.0000 5.8818 4.5655 7.9381 6.1092 3.5257 6.1896 5.5471 3.4044 7.3095 4.2398 6.3801 5.1616 8.9068 4.2149 4.8081 8.3008 5.7169 5.0204 5.0843 6.4763 5.1998 6.0579 20.4973 20.1817 20.4750 20.8388 19.9871 20.2214 20.1801 20.7905 20.3875 19.4362 20.1281 21.0261 21.0189 21.4667 20.5215 20.1650 20.9065 19.4631 20.4822 20.6631 19.7370 21.2947 21.0072 20.7847 20.2559 20.6798 20.2073 20.9105 20.6705 20.2426 16.8946 18.0303 17.7081 19.9035 19.4910 16.6192 20.1093 18.9580 15.1919 19.6840 19.8941 18.8537 19.8603 19.8603 18.9245 18.0431 18.0394 18.8480 20.1204 17.9164 16.4060 19.0778 16.2932 18.1744 17.9962 17.4772 16.1359 19.6587 20.3757 17.0492 18.3255 20.6840 18.5234 20.6932 20.3978 19.8578 19.3052 19.1047 16.5107 20.8890 20.4467 18.6249 18.8905 19.4429 20.1074 19.5428 17.8957 19.0203 20.3780 19.8997 18.7221 19.1451 18.7944 16.9313 21.2770 19.7715 18.6476 19.6522 17.4533 20.1724 21.1918 21.0134 21.0389 21.3325 20.8768 21.3457 21.2028 21.2828 21.3446 21.6525 20.9505 20.9190 21.1598 21.0806 21.0859 20.5627 21.0661 20.9082 21.2690 21.0890 21.1700 20.8981 21.1699 20.4691 21.0352 20.8698 20.8354 20.4284 21.3331 21.4837
6.5447 2.3491 3.4894 3.2282 4.4703 8.1278 4.3870 5.8818 0.0000 5.1818 4.1887 2.9212 5.0871 6.8520 2.3965 5.6291 4.0788 3.8388 8.7694 4.8005 11.2553 6.0447 6.1085 10.8020 2.8245 4.7171 5.3493 6.4333 5.2318 8.9413 22.2506 21.9678 22.2357 22.5879 21.7771 22.0074 21.9800 22.5680 22.1452 21.2157 21.8451 22.7974 22.7785 23.2303 22.2612 21.9624 22.6693 21.2037 22.2537 22.4382 21.5325 23.0575 22.7650 22.5502 22.0283 22.4513 21.9301 22.6972 22.3977 22.0041 18.5351 19.6615 19.4608 21.6340 21.2237 18.4082 21.8865 20.7172 17.0035 21.3757 21.6108 20.6310 21.6234 21.5753 20.6898 19.7255 19.6875 20.5178 21.9114 19.5841 18.0835 20.8349 18.1033 19.8958 19.8154 19.2250 17.8125 21.3897 22.1427 18.7331 20.2990 22.4861 20.4678 22.4958 22.2204 21.7387 21.2487 21.0257 18.5194 22.6943 22.2788 20.5615 20.7626 21.3384 21.9481 21.4707 19.8042 20.9441 22.1880 21.7838 20.6347 21.0984 20.7376 18.9851 23.0618 21.6767 20.5934 21.5619 19.4874 22.0230 22.9819 22.8069 22.8417 23.1108 22.6559 23.1208 22.9972 23.0674 23.1351 23.4352 22.7355 22.7119 22.9448 22.8696 22.8787 22.3372 22.8523 22.7036 23.0551 22.8667 22.9519 22.6821 22.9681 22.2671 22.8235 22.6711 22.6238 22.2377 23.1155 23.2674
4.0281 5.1685 4.3392 5.3692 5.5374 6.3982 4.7504 4.5655 5.1818 0.0000 7.0250 4.9674 4.6948 4.4752 5.0622 3.5931 6.1411 4.6122 6.3645 4.5493 8.1560 4.5198 3.8422 7.7010 5.4520 5.3102 3.7209 5.3546 3.6215 6.4034 20.5033 20.1995 20.4901 20.8543 20.0044 20.2447 20.1952 20.8036 20.4005 19.4485 20.1490 21.0480 21.0248 21.4793 20.5324 20.1710 20.9243 19.4759 20.4912 20.6739 19.7561 21.3114 21.0188 20.8043 20.2742 20.6925 20.2002 20.9210 20.6870 20.2680 16.7770 17.8790 17.6221 19.8689 19.4994 16.5155 20.0847 18.8745 15.0869 19.6217 19.8484 18.7863 19.8364 19.8210 18.8603 17.9660 17.9123 18.7452 20.1090 17.8341 16.2516 19.0532 16.2077 18.1014 17.9514 17.2861 15.9741 19.6183 20.3493 16.8905 18.3162 20.6771 18.5316 20.6908 20.3920 19.8626 19.3079 19.1112 16.4689 20.8972 20.4632 18.5898 18.8404 19.4415 20.1025 19.5495 17.8222 19.0137 20.3785 19.9090 18.6960 19.1388 18.7729 16.9294 21.2837 19.7664 18.6087 19.6624 17.4347 20.1788 21.2069 21.0173 21.0478 21.3399 20.8770 21.3622 21.2135 21.2957 21.3563 21.6655 20.9626 20.9316 21.1685 21.0976 21.0925 20.5615 21.0793 20.9208 21.2816 21.0947 21.1765 20.9073 21.1831 20.4811 21.0451 20.8766 20.8420 20.4335 21.3459 21.4983
7.9522 3.9940 5.1847 4.9867 6.3364 9.5692 6.4881 7.9381 4.1887 7.0250 0.0000 4.7642 7.2763 8.5297 4.6538 7.6000 4.8526 5.8277 10.3004 6.3252 12.7113 8.1422 7.5838 12.3393 4.3282 6.6552 7.3584 7.8355 7.1936 10.4475 23.1321 22.8348 23.1068 23.4597 22.6469 22.8786 22.8444 23.4345 23.0151 22.1110 22.7353 23.6669 23.6491 24.0954 23.1392 22.8298 23.5360 22.0945 23.1264 23.3149 22.4115 23.9134 23.6305 23.4143 22.9111 23.3211 22.8129 23.5618 23.2764 22.8849 19.4507 20.5365 20.3893 22.5160 22.1046 19.3742 22.7859 21.6771 18.0275 22.2911 22.5077 21.5811 22.4795 22.4671 21.6336 20.6119 20.5893 21.4040 22.7858 20.4697 18.9746 21.7328 19.0900 20.8309 20.7249 20.2004 18.7559 22.2755 23.0243 19.6274 21.2489 23.3664 21.4303 23.3905 23.1028 22.6536 22.1794 21.9652 19.4973 23.5745 23.1654 21.5183 21.6986 22.2677 22.8401 22.3998 20.7760 21.8616 23.0879 22.6869 21.5803 22.0603 21.6864 20.0048 23.9387 22.6086 21.5671 22.4782 20.4725 22.9043 23.8399 23.6634 23.7088 23.9717 23.5215 23.9788 23.8576 23.9280 23.9927 24.2938 23.5894 23.5697 23.7958 23.7272 23.7368 23.1948 23.7142 23.5629 23.9101 23.7237 23.8115 23.5332 23.8297 23.1333 23.6689 23.5327 23.4864 23.1055 23.9724 24.1269
6.9081 2.4561 4.2280 3.8447 4.8185 8.9384 5.3694 6.1092 2.9212 4.9674 4.7642 0.0000 5.1202 7.5585 3.5976 6.2603 5.1740 4.5453 9.3729 5.2621 11.5180 6.0353 6.6162 11.2336 4.3687 5.2426 5.3470 7.3116 5.5169 9.2411 22.5645 22.2788 22.5471 22.8883 22.0947 22.3161 22.2944 22.8724 22.4566 21.5233 22.1440 23.1066 23.0794 23.5379 22.5756 22.2633 22.9793 21.5195 22.5533 22.7408 21.8475 23.3590 23.0682 22.8566 22.3416 22.7569 22.2434 23.0015 22.7052 22.3122 18.7961 19.8805 19.6761 21.9112 21.4837 18.6638 22.1543 20.9138 17.1966 21.6233 21.8663 20.8624 21.9019 21.8519 20.9300 19.9756 19.8956 20.7729 22.1942 19.8182 18.3453 21.1072 18.2883 20.1557 20.0983 19.3862 18.0597 21.6712 22.4183 18.9680 20.6165 22.7935 20.7476 22.8034 22.5207 22.0410 21.5738 21.3352 18.8183 23.0015 22.5847 20.8688 21.0727 21.6593 22.2653 21.7888 20.1292 21.2578 22.4940 22.1075 20.9571 21.4132 21.0349 19.3205 23.3658 21.9917 20.8626 21.8824 19.8486 22.3369 23.2861 23.1039 23.1406 23.4149 22.9555 23.4254 23.2951 23.3682 23.4362 23.7380 23.0320 23.0154 23.2481 23.1660 23.1827 22.6359 23.1525 23.0060 23.3593 23.1682 23.2546 22.9849 23.2687 22.5580 23.1270 22.9697 22.9216 22.5342 23.4171 23.5715
6.4186 5.6274 4.5260 5.0022 4.4518 7.1342 4.0741 3.5257 5.0871 4.6948 7.2763 5.1202 0.0000 6.1017 5.2561 4.3400 6.7322 4.7797 7.6716 5.1097 9.7786 4.2408 5.5059 9.3434 5.4410 3.8657 4.5452 6.3663 4.4227 7.5561 21.4059 21.1115 21.3847 21.7276 20.9213 21.1450 21.1210 21.7109 21.2908 20.3335 20.9723 21.9443 21.9215 22.3875 21.4171 21.0952 21.8205 20.3459 21.3822 21.5652 20.6701 22.2072 21.9158 21.6951 21.1654 21.5880 21.0891 21.8433 21.5405 21.1358 17.6037 18.7788 18.5045 20.7730 20.3011 17.4150 20.9598 19.6760 15.8800 20.4653 20.7196 19.6467 20.7690 20.6953 19.7113 18.8255 18.7091 19.6200 21.0289 18.6524 17.1662 19.9447 17.0032 18.9482 18.8710 18.1181 16.8373 20.5277 21.2594 17.8658 19.3606 21.6285 19.4833 21.6218 21.3638 20.8173 20.3223 20.0912 17.5954 21.8283 21.4006 19.6302 19.8391 20.4327 21.0846 20.5417 18.8721 20.0436 21.3049 20.8988 19.7257 20.1385 19.7746 17.9901 22.2064 20.7528 19.5964 20.6508 18.5355 21.1504 22.1337 21.9563 21.9818 22.2687 21.8043 22.2769 22.1392 22.2155 22.2860 22.5904 21.8813 21.8626 22.1029 22.0110 22.0349 21.4957 21.9997 21.8501 22.2094 22.0210 22.1066 21.8365 22.1148 21.3979 21.9815 21.8169 21.7691 21.3777 22.2683 22.4218
4.1655 7.4091 5.7558 6.9367 6.7473 5.5791 5.7673 6.1896 6.8520 4.4752 8.5297 7.5585 6.1017 0.0000 6.9576 4.4369 7.4089 6.4185 5.6099 5.5924 7.1672 5.3458 4.9205 6.1875 6.7003 5.9769 4.9890 3.8315 4.5188 6.5231 19.5625 19.2721 19.5736 19.9293 19.0942 19.3132 19.2731 19.9020 19.4881 18.5149 19.1602 20.1373 20.1231 20.5774 19.6137 19.2776 20.0151 18.5287 19.5933 19.7744 18.8181 20.4202 20.1145 19.8938 19.3301 19.7847 19.2583 20.0265 19.7573 19.3219 15.8554 17.1670 16.8450 18.9940 18.5672 15.6990 19.2180 18.1194 14.2190 18.7270 19.0127 17.9704 19.0178 18.9177 18.0054 17.1095 17.1404 17.9020 19.2398 16.9573 15.3760 18.1500 15.4253 17.2277 17.0626 16.5804 15.0674 18.7307 19.5035 16.0311 17.3885 19.7898 17.6613 19.7829 19.5275 18.9675 18.3437 18.1625 15.6469 19.9974 19.5651 17.6621 17.9254 18.4785 19.2022 18.6177 16.8522 18.0876 19.4792 18.9717 17.7690 18.1725 17.8647 15.9211 20.4055 18.8162 17.7311 18.7191 16.4449 19.2634 20.3123 20.1428 20.1645 20.4520 19.9909 20.4663 20.3409 20.4130 20.4743 20.7855 20.0767 20.0359 20.2835 20.2128 20.2080 19.6942 20.1907 20.0265 20.3948 20.2149 20.2813 20.0258 20.2989 19.6039 20.1678 19.9899 19.9569 19.5361 20.4643 20.6114
6.3568 2.9246 3.0787 3.0940 4.6061 7.5991 4.3207 5.5471 2.3965 5.0622 4.6538 3.5976 5.2561 6.9576 0.0000 5.3709 3.5684 3.3201 8.3038 4.7107 11.1938 6.1805 5.7275 10.5748 2.5804 5.0921 5.4238 6.2344 5.1316 8.6412 22.0641 21.7673 22.0404 22.4038 21.5595 21.8058 21.7699 22.3747 21.9423 21.0242 21.6682 22.6092 22.5971 23.0395 22.0695 21.7647 22.4768 21.0229 22.0683 22.2573 21.3200 22.8712 22.5741 22.3591 21.8306 22.2616 21.7361 22.5023 22.2217 21.8115 18.4024 19.5213 19.2914 21.4617 21.0617 18.2361 21.7147 20.5980 16.8552 21.2371 21.4485 20.4885 21.4269 21.4054 20.5445 19.5566 19.5767 20.3706 21.7277 19.4285 17.9047 20.6409 17.9566 19.7398 19.6310 19.0951 17.6707 21.2052 21.9605 18.5685 20.0734 22.2879 20.2884 22.3096 22.0185 21.5493 21.0363 20.8278 18.2677 22.5040 22.0804 20.3594 20.5648 21.1367 21.7357 21.2681 19.6012 20.7287 22.0092 21.5730 20.4276 20.8989 20.5445 18.7619 22.8718 21.4841 20.4114 21.3591 19.2481 21.8148 22.7808 22.6112 22.6467 22.9174 22.4672 22.9259 22.8024 22.8735 22.9367 23.2405 22.5399 22.5115 22.7461 22.6735 22.6782 22.1410 22.6576 22.5050 22.8569 22.6743 22.7554 22.4829 22.7691 22.0759 22.6211 22.4716 22.4294 22.0341 22.9197 23.0718
4.7277 6.0477 4.1169 5.7777 5.7791 5.0377 3.7211 3.4044 5.6291 3.5931 7.6000 6.2603 4.3400 4.4369 5.3709 0.0000 6.4169 4.3660 4.9661 4.2495 8.1057 4.3501 3.8579 7.2767 5.3622 4.9929 4.7714 4.7341 4.0890 5.3859 19.9795 19.6665 19.9657 20.3424 19.4641 19.7023 19.6634 20.2928 19.8781 18.9011 19.6168 20.5313 20.5269 20.9770 20.0072 19.6543 20.4106 18.9179 19.9862 20.1656 19.2088 20.8143 20.5104 20.2822 19.7383 20.1777 19.6816 20.4167 20.1606 19.7248 16.3474 17.5313 17.2265 19.4028 18.9993 16.0945 19.6446 18.5634 14.7173 19.2143 19.4318 18.4190 19.3648 19.3687 18.4739 17.5131 17.5544 18.3410 19.6355 17.4089 15.8384 18.5682 15.8344 17.6733 17.4705 17.0963 15.5831 19.1587 19.9056 16.4913 17.7800 20.1871 18.0317 20.2026 19.8929 19.3629 18.7729 18.5851 15.9382 20.3963 19.9544 18.0849 18.3599 18.9136 19.5925 19.0295 17.3332 18.4767 19.8816 19.3765 18.1843 18.6267 18.2803 16.3493 20.7986 19.2602 18.1658 19.1363 16.8650 19.6574 20.7037 20.5237 20.5510 20.8435 20.3856 20.8577 20.7248 20.8030 20.8630 21.1727 20.4578 20.4200 20.6656 20.5963 20.5910 20.0555 20.5750 20.4126 20.7816 20.5965 20.6758 20.3994 20.6829 19.9730 20.5413 20.3753 20.3371 19.9197 20.8471 21.0014
6.8829 4.4977 3.8273 3.4161 4.9513 7.9962 5.6037 7.3095 4.0788 6.1411 4.8526 5.1740 6.7322 7.4089 3.5684 6.4169 0.0000 4.7650 8.8219 4.8415 11.7594 7.2910 6.9276 11.0653 3.4112 6.0847 6.9929 6.2914 5.8043 9.3354 22.3650 22.0714 22.3372 22.7110 21.8529 22.1063 22.0629 22.6684 22.2409 21.3371 22.0005 22.9014 22.8908 23.3277 22.3669 22.0560 22.7726 21.3330 22.3698 22.5580 21.6297 23.1622 22.8675 22.6561 22.1346 22.5575 22.0368 22.7941 22.5218 22.1226 18.7616 19.8452 19.6706 21.7746 21.4054 18.6242 22.0505 20.9940 17.3596 21.5953 21.7936 20.8684 21.7339 21.7303 20.9152 19.8729 19.9330 20.6916 22.0348 19.7844 18.2288 20.9857 18.4100 20.1197 19.9719 19.5190 18.0695 21.5215 22.2822 18.8943 20.3995 22.5827 20.6346 22.6100 22.3108 21.8582 21.3528 21.1525 18.6189 22.7923 22.3860 20.6846 20.8797 21.4424 22.0257 21.5803 19.9180 21.0345 22.3043 21.8723 20.7451 21.2328 20.8752 19.1223 23.1669 21.7906 20.7602 21.6693 19.5632 22.1080 23.0668 22.8922 22.9325 23.1989 22.7506 23.2105 23.0884 23.1599 23.2191 23.5211 22.8250 22.7941 23.0232 22.9606 22.9587 22.4205 22.9427 22.7918 23.1371 22.9550 23.0375 22.7569 23.0540 22.3702 22.8959 22.7580 22.7163 22.3217 23.2002 23.3540
6.2189 4.0775 3.0486 3.8296 4.9582 5.9376 3.8298 4.2398 3.8388 4.6122 5.8277 4.5453 4.7797 6.4185 3.3201 4.3660 4.7650 0.0000 6.8586 4.7459 10.1361 5.6658 4.9687 9.3320 3.4796 4.5278 5.7399 5.7583 4.7784 6.9456 21.0978 20.7836 21.0731 21.4476 20.5850 20.8336 20.7753 21.3870 20.9892 20.0604 20.7855 21.6208 21.6153 22.0538 21.1175 20.7594 21.4980 20.0716 21.0842 21.2643 20.3528 21.8837 21.6014 21.3837 20.8718 21.2761 20.8058 21.5001 21.2749 20.8647 17.5437 18.6652 18.3881 20.5234 20.1601 17.2893 20.7543 19.6842 16.0469 20.3503 20.5451 19.5409 20.4583 20.4866 19.6185 18.6506 18.6971 19.4696 20.7226 18.5998 17.0110 19.7112 17.0628 18.8328 18.6099 18.2419 16.7913 20.2609 21.0021 17.6579 18.9760 21.2748 19.2139 21.2893 20.9871 20.5045 19.9411 19.7511 17.1467 21.4862 21.0484 19.2700 19.5009 20.0815 20.7072 20.1916 18.5351 19.6389 20.9892 20.5139 19.3506 19.8176 19.4612 17.6357 21.8640 20.4142 19.3514 20.2823 18.1000 20.7699 21.7783 21.5968 21.6274 21.9119 21.4541 21.9290 21.7889 21.8663 21.9246 22.2345 21.5348 21.4992 21.7354 21.6687 21.6641 21.1389 21.6502 21.4941 21.8466 21.6712 21.7535 21.4703 21.7576 21.0658 21.6070 21.4578 21.4277 21.0201 21.9133 22.0662
6.3949 9.1147 7.0448 8.5508 8.7119 4.4193 6.9911 6.3801 8.7694 6.3645 10.3004 9.3729 7.6716 5.6099 8.3038 4.9661 8.8219 6.8586 0.0000 6.5717 7.3228 6.2740 6.7225 5.3778 8.2210 7.6637 7.9612 5.8372 6.5632 4.0854 18.6741 18.3278 18.6650 19.0580 18.1420 18.3973 18.2911 18.9578 18.5968 17.6620 18.4459 19.1986 19.2027 19.6186 18.7433 18.3146 19.0923 17.7346 18.6844 18.8674 17.8981 19.4766 19.1897 18.9695 18.4358 18.8548 18.4211 19.0476 18.9170 18.4582 15.4255 16.6635 16.2272 18.2161 17.8888 15.0935 18.4251 17.6203 14.0043 18.1093 18.3194 17.3568 18.0935 18.1808 17.3583 16.5032 16.6907 17.2774 18.3206 16.4428 14.8623 17.3409 15.0161 16.6042 16.2065 16.2128 14.6314 17.9378 18.6435 15.3945 16.2535 18.7880 16.7643 18.8158 18.4823 17.9818 17.2261 17.1274 14.5618 19.0118 18.5686 16.5839 16.9006 17.4547 18.1574 17.5624 15.8677 16.9895 18.5484 17.8996 16.7390 17.1266 16.8664 14.7915 19.4168 17.7816 16.8262 17.6510 15.2392 18.2004 19.3160 19.1540 19.1700 19.4649 19.0213 19.4911 19.3470 19.4290 19.4688 19.7880 19.1007 19.0386 19.2772 19.2379 19.1924 18.7338 19.2197 19.0314 19.3908 19.2339 19.2924 19.0245 19.2987 18.6690 19.1441 18.9990 18.9874 18.5540 19.4689 19.6172
5.4386 5.2432 3.8363 5.0403 4.8551 7.0550 3.9364 5.1616 4.8005 4.5493 6.3252 5.2621 5.1097 5.5924 4.7107 4.2495 4.8415 4.7459 6.5717 0.0000 9.4008 4.6433 5.6952 8.7919 4.7381 4.8273 5.6197 5.3710 4.7665 7.3048 21.0429 20.7546 21.0414 21.3985 20.5650 20.7979 20.7592 21.3634 20.9555 20.0101 20.6778 21.6029 21.5868 22.0297 21.0725 20.7445 21.4802 20.0123 21.0564 21.2439 20.3175 21.8679 21.5681 21.3587 20.8213 21.2498 20.7353 21.4880 21.2212 20.8135 17.3830 18.5367 18.2907 20.4317 20.0572 17.2009 20.6990 19.6027 15.8640 20.2167 20.4616 19.4694 20.4308 20.3994 19.5237 18.5509 18.5508 19.3309 20.7096 18.4286 16.9030 19.6444 16.9502 18.7238 18.5819 18.0657 16.6212 20.1945 20.9525 17.5113 18.9782 21.2636 19.2318 21.2666 20.9870 20.4943 19.9418 19.7429 17.2177 21.4753 21.0607 19.2395 19.4824 20.0562 20.6917 20.1838 18.4723 19.6520 20.9788 20.5125 19.3434 19.7894 19.4531 17.6195 21.8620 20.3933 19.3254 20.2816 18.1016 20.7729 21.7717 21.5993 21.6325 21.9051 21.4510 21.9203 21.7961 21.8681 21.9282 22.2331 21.5336 21.4993 21.7363 21.6682 21.6647 21.1417 21.6488 21.4927 21.8485 21.6642 21.7405 21.4752 21.7601 21.0733 21.6152 21.4571 21.4204 21.0160 21.9136 22.0631
7.6403 11.5309 10.1537 11.2820 11.0381 8.2488 9.4392 8.9068 11.2553 8.1560 12.7113 11.5180 9.7786 7.1672 11.1938 8.1057 11.7594 10.1361 7.3228 9.4008 0.0000 8.6163 8.3997 3.3804 11.1218 10.1194 9.0914 8.4559 8.8706 6.0322 17.2608 16.9171 17.2779 17.6785 16.7541 16.9954 16.8757 17.5523 17.2080 16.2176 17.1297 17.7884 17.7677 18.2011 17.3581 16.9010 17.6936 16.3273 17.2453 17.3996 16.5035 18.0619 17.7943 17.5589 17.0324 17.4283 17.0294 17.6200 17.5378 17.1210 14.0083 15.0919 14.8626 16.7844 16.4876 13.5929 16.9352 15.9682 12.7583 16.6141 16.8515 15.7411 16.7438 16.7531 15.8603 15.1476 15.2084 15.7710 16.8774 15.0086 13.3750 15.9774 13.3937 15.1587 14.7456 14.4044 13.1618 16.4803 17.2279 13.9490 14.7595 17.3911 15.1595 17.3454 17.1312 16.4083 15.6690 15.5913 13.0676 17.5790 17.0834 14.9580 15.3910 15.8944 16.7465 15.9804 14.2121 15.5105 17.0180 16.4482 15.1836 15.4933 15.2180 13.2916 18.0049 16.1624 15.1277 16.0936 13.5714 16.7649 17.8862 17.6869 17.6949 18.0301 17.5672 18.0712 17.8970 17.9800 18.0264 18.3529 17.6508 17.5924 17.8416 17.7942 17.7622 17.2914 17.7696 17.5850 17.9610 17.7986 17.8623 17.5906 17.8499 17.1760 17.7226 17.5312 17.5415 17.0879 18.0517 18.1927
5.4101 6.4652 5.1016 6.3294 5.7450 7.0013 4.6332 4.2149 6.0447 4.5198 8.1422 6.0353 4.2408 5.3458 6.1805 4.3501 7.2910 5.6658 6.2740 4.6433 8.6163 0.0000 6.3222 7.9956 6.3954 4.9960 5.1527 6.0822 4.8421 6.4256 20.5345 20.2563 20.5401 20.8815 20.0799 20.2929 20.2743 20.8697 20.4505 19.4824 20.0949 21.1060 21.0811 21.5409 20.5711 20.2603 20.9862 19.4971 20.5563 20.7424 19.8045 21.3799 21.0711 20.8588 20.3070 20.7563 20.2188 21.0034 20.7047 20.2877 16.7821 17.9840 17.6549 19.9051 19.4671 16.6575 20.1415 18.9231 15.0570 19.5820 19.8657 18.8401 19.9270 19.8472 18.8782 18.0238 17.9683 18.7866 20.2027 17.8094 16.3982 19.0795 16.2450 18.1237 18.0716 17.3670 16.0247 19.6719 20.4155 16.9576 18.4335 20.7703 18.6408 20.7717 20.4972 19.9523 19.4154 19.1919 16.6909 20.9785 20.5611 18.6877 18.9548 19.5203 20.2021 19.6539 17.9308 19.1419 20.4647 20.0065 18.8210 19.2118 18.8884 17.0012 21.3648 19.8491 18.7093 19.7631 17.5838 20.2841 21.2903 21.1215 21.1450 21.4265 20.9688 21.4390 21.3121 21.3839 21.4506 21.7539 21.0549 21.0264 21.2681 21.1856 21.1911 20.6701 21.1691 21.0121 21.3772 21.1847 21.2581 21.0107 21.2763 20.5821 21.1533 20.9746 20.9291 20.5306 21.4369 21.5827
5.0726 6.3277 5.0023 6.1491 6.4723 6.0214 4.3876 4.8081 6.1085 3.8422 7.5838 6.6162 5.5059 4.9205 5.7275 3.8579 6.9276 4.9687 6.7225 5.6952 8.3997 6.3222 0.0000 7.9456 5.5376 5.8297 4.5229 5.6127 4.9269 6.9285 20.3551 20.0450 20.3426 20.7157 19.8536 20.0949 20.0398 20.6625 20.2633 19.3166 20.0292 20.8934 20.8903 21.3331 20.3835 20.0271 20.7682 19.3138 20.3558 20.5296 19.6084 21.1651 20.8781 20.6571 20.1330 20.5460 20.0697 20.7712 20.5445 20.1262 16.7278 17.8533 17.6062 19.7549 19.3988 16.4453 19.9964 18.9005 15.1534 19.5672 19.7782 18.7505 19.7085 19.7103 18.8342 17.8958 17.8960 18.6832 19.9843 17.8028 16.1901 18.9512 16.2387 18.0153 17.8150 17.4156 15.9198 19.5199 20.2498 16.8324 18.1777 20.5299 18.4117 20.5358 20.2403 19.7337 19.1267 18.9647 16.3334 20.7472 20.2908 18.4599 18.6980 19.2874 19.9489 19.4008 17.7062 18.8449 20.2288 19.7350 18.5359 19.0166 18.6455 16.7958 21.1330 19.6291 18.5276 19.4918 17.2385 20.0031 21.0521 20.8675 20.9002 21.1853 20.7275 21.2063 21.0631 21.1458 21.2066 21.5152 20.8138 20.7715 21.0115 20.9518 20.9330 20.4025 20.9252 20.7643 21.1257 20.9378 21.0210 20.7531 21.0317 20.3312 20.8843 20.7250 20.6940 20.2830 21.1930 21.3449
7.0051 11.1551 9.4213 10.7235 10.5630 6.6411 9.0219 8.3008 10.8020 7.7010 12.3393 11.2336 9.3434 6.1875 10.5748 7.2767 11.0653 9.3320 5.3778 8.7919 3.3804 7.9956 7.9456 0.0000 10.5144 9.6390 8.8870 7.4515 8.2282 5.1315 17.1605 16.8083 17.1698 17.5702 16.6365 16.8864 16.7622 17.4485 17.0976 16.1294 16.9931 17.6837 17.6810 18.1029 17.2525 16.8043 17.5868 16.2368 17.1561 17.3201 16.3844 17.9658 17.6958 17.4627 16.9224 17.3312 16.9232 17.5237 17.4369 16.9920 13.9878 15.2589 14.8332 16.7608 16.4110 13.5721 16.8698 16.0138 12.6640 16.5924 16.8399 15.7477 16.6703 16.6799 15.8105 15.1083 15.2630 15.7809 16.7984 15.0250 13.3869 15.8702 13.4350 15.0969 14.6527 14.4849 13.1317 16.4233 17.1618 13.9892 14.6082 17.2716 15.1244 17.2452 17.0158 16.3409 15.5295 15.4660 12.9546 17.4756 16.9888 14.8825 15.2605 15.7869 16.6220 15.8723 14.1134 15.3883 16.9507 16.3162 15.0792 15.3784 15.1410 13.0874 17.8958 16.0746 15.1017 15.9824 13.4242 16.6436 17.7889 17.6164 17.6141 17.9393 17.4835 17.9748 17.8110 17.8918 17.9340 18.2626 17.5716 17.5043 17.7538 17.7096 17.6711 17.2309 17.6866 17.4952 17.8639 17.7197 17.7707 17.5036 17.7634 17.1205 17.6284 17.4542 17.4638 17.0100 17.9560 18.0972
6.4067 3.7246 2.8075 3.0045 4.5886 7.0658 4.0243 5.7169 2.8245 5.4520 4.3282 4.3687 5.4410 6.7003 2.5804 5.3622 3.4112 3.4796 8.2210 4.7381 11.1218 6.3954 5.5376 10.5144 0.0000 4.6455 5.7984 5.7742 5.1081 8.4834 21.9773 21.6773 21.9519 22.3243 21.4672 21.7194 21.6713 22.2869 21.8575 20.9399 21.6032 22.5195 22.5073 22.9525 21.9830 21.6695 22.3871 20.9383 21.9792 22.1703 21.2320 22.7819 22.4883 22.2727 21.7440 22.1722 21.6515 22.4098 22.1383 21.7306 18.3262 19.4573 19.2400 21.3829 21.0024 18.1481 21.6414 20.5471 16.8345 21.1745 21.3895 20.4136 21.3512 21.3299 20.4808 19.4688 19.5176 20.2942 21.6346 19.3770 17.7862 20.5749 17.9143 19.6858 19.5281 19.0615 17.5725 21.1314 21.8893 18.4637 19.9762 22.1941 20.2030 22.2126 21.9215 21.4654 20.9335 20.7294 18.1853 22.4114 21.9850 20.2669 20.4599 21.0427 21.6377 21.1763 19.5031 20.6245 21.9176 21.4743 20.3257 20.8123 20.4595 18.6773 22.7842 21.3870 20.3332 21.2584 19.1339 21.7094 22.6881 22.5146 22.5524 22.8215 22.3683 22.8325 22.7065 22.7795 22.8412 23.1480 22.4446 22.4141 22.6468 22.5806 22.5797 22.0408 22.5626 22.4077 22.7602 22.5771 22.6616 22.3826 22.6738 21.9808 22.5198 22.3756 22.3361 21.9374 22.8239 22.9789
6.7003 5.7260 3.7646 4.5100 3.4424 6.6185 4.0065 5.0204 4.7171 5.3102 6.6552 5.2426 3.8657 5.9769 5.0921 4.9929 6.0847 4.5278 7.6637 4.8273 10.1194 4.9960 5.8297 9.6390 4.6455 0.0000 5.3456 5.1219 3.9825 7.9339 21.5417 21.2782 21.5381 21.8929 21.0874 21.3199 21.2817 21.8746 21.4484 20.5133 21.1829 22.1004 22.0786 22.5321 21.5651 21.2579 21.9701 20.4922 21.5495 21.7298 20.8371 22.3632 22.0681 21.8610 21.3262 21.7498 21.2179 21.9969 21.7056 21.3226 17.7452 18.8964 18.7064 20.8938 20.5445 17.6105 21.1410 19.9105 16.1965 20.6504 20.8776 19.8238 20.9270 20.8617 19.9085 18.9670 18.8812 19.7491 21.1885 18.8473 17.2620 20.1667 17.2848 19.1536 19.0572 18.3879 17.0203 20.6640 21.4205 17.9500 19.5489 21.7775 19.6943 21.7618 21.5122 20.9883 20.4929 20.2665 17.8062 21.9796 21.5616 19.7837 19.9992 20.5926 21.2393 20.7065 19.0126 20.2131 21.4612 21.0513 19.8769 20.3135 19.9627 18.1887 22.3573 20.9110 19.7751 20.8127 18.6884 21.3108 22.2863 22.1037 22.1355 22.4109 21.9532 22.4270 22.2939 22.3697 22.4355 22.7364 22.0417 22.0163 22.2513 22.1714 22.1817 21.6447 22.1520 22.0088 22.3603 22.1706 22.2527 21.9885 22.2680 21.5648 22.1369 21.9683 21.9279 21.5336 22.4189 22.5673
5.2082 5.6726 5.2402 5.6304 5.2662 7.4547 4.8791 5.0843 5.3493 3.7209 7.3584 5.3470 4.5452 4.9890 5.4238 4.7714 6.9929 5.7399 7.9612 5.6197 9.0914 5.1527 4.5229 8.8870 5.7984 5.3456 0.0000 5.8581 4.0679 8.0933 21.1832 20.8963 21.1726 21.5085 20.7061 20.9256 20.9119 21.5066 21.0743 20.1141 20.6969 21.7401 21.7142 22.1861 21.1973 20.8959 21.6116 20.1199 21.1801 21.3656 20.4407 22.0086 21.7093 21.4878 20.9442 21.3860 20.8551 21.6432 21.3263 20.9088 17.3203 18.5062 18.2344 20.5343 20.0459 17.1468 20.7369 19.4170 15.4998 20.1827 20.4594 19.3945 20.5559 20.4371 19.4613 18.5580 18.4772 19.3679 20.8202 18.3525 16.8612 19.6817 16.7323 18.6959 18.6594 17.8311 16.5149 20.2854 21.0316 17.5797 19.1447 21.4170 19.2637 21.4123 21.1620 20.6084 20.1069 19.8663 17.3406 21.6279 21.1924 19.4108 19.6259 20.2054 20.8759 20.3283 18.6155 19.8232 21.0942 20.6871 19.4895 19.9115 19.5475 17.7572 22.0079 20.5359 19.3580 20.4382 18.3155 20.9473 21.9315 21.7555 21.7816 22.0672 21.6033 22.0747 21.9441 22.0168 22.0897 22.3946 21.6835 21.6642 21.9057 21.8157 21.8360 21.2882 21.7992 21.6497 22.0142 21.8229 21.9056 21.6441 21.9158 21.1920 21.7903 21.6121 21.5618 21.1677 22.0733 22.2244
5.5622 7.1826 4.8055 5.7669 5.5348 4.5952 5.4128 6.4763 6.4333 5.3546 7.8355 7.3116 6.3663 3.8315 6.2344 4.7341 6.2914 5.7583 5.8372 5.3710 8.4559 6.0822 5.6127 7.4515 5.7742 5.1219 5.8581 0.0000 3.8460 6.9088 20.1323 19.8319 20.1246 20.4987 19.6310 19.8768 19.8127 20.4538 20.0341 19.0903 19.7934 20.6874 20.6770 21.1253 20.1710 19.8141 20.5582 19.0956 20.1454 20.3284 19.3816 20.9617 20.6636 20.4421 19.8979 20.3341 19.8202 20.5685 20.3206 19.8972 16.4116 17.6356 17.4377 19.5362 19.1830 16.2661 19.8066 18.7467 14.9045 19.3742 19.5931 18.5997 19.5334 19.5027 18.6433 17.6098 17.6834 18.4557 19.7837 17.5152 15.8221 18.7608 16.0904 17.8457 17.6257 17.2663 15.6978 19.2869 20.0598 16.5493 18.0083 20.3462 18.2657 20.3452 20.0679 19.5310 18.9457 18.7691 16.2592 20.5454 20.1176 18.2666 18.5269 19.0773 19.7697 19.2056 17.4679 18.6652 20.0356 19.5369 18.3719 18.8078 18.4806 16.5921 20.9565 19.4099 18.3404 19.3046 17.0488 19.8175 20.8486 20.6653 20.6981 20.9877 20.5257 21.0023 20.8707 20.9478 21.0047 21.3172 20.6028 20.5628 20.8056 20.7414 20.7363 20.2025 20.7218 20.5626 20.9236 20.7424 20.8172 20.5372 20.8313 20.1294 20.6839 20.5210 20.4904 20.0681 20.9921 21.1443
5.2097 5.8326 3.9266 4.5711 4.1784 5.4314 4.6952 5.1998 5.2318 3.6215 7.1936 5.5169 4.4227 4.5188 5.1316 4.0890 5.8043 4.7784 6.5632 4.7665 8.8706 4.8421 4.9269 8.2282 5.1081 3.9825 4.0679 3.8460 0.0000 6.7608 20.9248 20.6303 20.9020 21.2698 20.4153 20.6677 20.6151 21.2310 20.8034 19.8561 20.5491 21.4705 21.4425 21.9071 20.9380 20.5946 21.3413 19.8780 20.9045 21.0946 20.1756 21.7359 21.4382 21.2239 20.6862 21.1087 20.5927 21.3542 21.0835 20.6763 17.1178 18.2794 18.0266 20.2897 19.9030 16.8757 20.5008 19.2455 15.4574 20.0289 20.2668 19.1894 20.2727 20.2203 19.2578 18.3010 18.2597 19.1311 20.5371 18.1854 16.5445 19.4796 16.5873 18.5017 18.3559 17.6490 16.3190 20.0330 20.7816 17.2922 18.8097 21.1187 18.9899 21.1200 20.8435 20.3105 19.7861 19.5651 17.0008 21.3287 20.9018 19.0756 19.2841 19.9021 20.5625 20.0147 18.2743 19.4929 20.8051 20.3726 19.1719 19.6083 19.2482 17.4270 21.7183 20.2209 19.0660 20.1304 17.9243 20.6315 21.6408 21.4520 21.4802 21.7721 21.3036 21.7894 21.6437 21.7250 21.7879 22.0986 21.3891 21.3635 21.6008 21.5226 21.5300 20.9830 21.5062 21.3543 21.7126 21.5257 21.6106 21.3297 21.6170 20.9063 21.4772 21.3138 21.2722 20.8664 21.7734 21.9294
6.2841 9.0964 7.3997 8.8523 9.1500 5.0814 7.1676 6.0579 8.9413 6.4034 10.4475 9.2411 7.5561 6.5231 8.6412 5.3859 9.3354 6.9456 4.0854 7.3048 6.0322 6.4256 6.9285 5.1315 8.4834 7.9339 8.0933 6.9088 6.7608 0.0000 18.3467 17.9710 18.3163 18.7382 17.7737 18.0469 17.9185 18.6003 18.2454 17.2705 18.1826 18.8566 18.8446 19.2814 18.4034 17.9316 18.7514 17.3851 18.3063 18.4966 17.5368 19.1285 18.8478 18.6187 18.0940 18.4949 18.0891 18.6816 18.5893 18.1365 15.0624 16.2122 15.7927 17.8781 17.5599 14.5992 18.0462 17.1344 13.6710 17.7507 17.9554 16.8898 17.7323 17.8385 16.9623 16.1106 16.2795 16.8852 17.9215 16.0955 14.4231 16.9884 14.4701 16.2321 15.7531 15.6465 14.2112 17.5700 18.2938 14.9760 15.8312 18.4394 16.2791 18.4562 18.1246 17.5784 16.8361 16.7240 14.0220 18.6589 18.1794 16.1627 16.4914 17.0688 17.8034 17.1704 15.4405 16.5771 18.1571 17.5456 16.3317 16.7231 16.4234 14.3879 19.0699 17.3812 16.3617 17.2596 14.8030 17.8269 18.9565 18.7665 18.7835 19.1032 18.6362 19.1378 18.9640 19.0552 19.0960 19.4314 18.7151 18.6614 18.9020 18.8571 18.8205 18.3345 18.8426 18.6500 19.0204 18.8643 18.9363 18.6358 18.9213 18.2557 18.7598 18.6152 18.6099 18.1558 19.1040 19.2630
19.9614 22.3841 21.3572 22.2396 22.3014 19.2747 21.0465 20.4973 22.2506 20.5033 23.1321 22.5645 21.4059 19.5625 22.0641 19.9795 22.3650 21.0978 18.6741 21.0429 17.2608 20.5345 20.3551 17.1605 21.9773 21.5417 21.1832 20.1323 20.9248 18.3467 0.0000 0.8686 0.5180 0.8591 1.1720 0.8766 1.1617 0.8068 0.6990 1.8101 2.0776 1.0756 1.0026 1.5068 0.6513 1.0353 0.8572 1.7705 0.7154 0.7612 1.3715 1.4618 0.9479 0.7296 0.6979 0.7204 0.7405 1.1864 1.0086 1.0509 5.1302 4.9130 4.1827 1.8854 2.4186 5.1473 1.8104 3.4966 7.3757 2.4400 2.1071 2.9119 2.2188 1.8178 2.7176 3.7336 4.2369 2.9758 1.6222 4.3072 5.6894 2.5929 5.8301 3.3496 3.7041 5.5085 6.1447 1.4813 1.7450 5.1980 6.7039 1.5870 6.6188 1.6006 1.8551 2.1902 6.6456 6.4745 7.5492 1.6741 1.5598 6.6890 6.6790 2.5796 1.8516 6.5659 6.8338 6.5767 1.9950 6.5134 2.9797 6.6103 6.5963 7.7318 1.9646 6.5287 6.7331 3.0257 9.5342 2.3819 1.4965 1.6482 1.5291 1.6754 1.6122 1.5217 1.7504 1.6920 1.7674 1.9990 1.3716 1.4292 1.6121 1.4249 1.6901 1.5382 1.4020 1.3473 1.7070 1.6835 1.7111 1.4948 1.5455 1.3005 1.7355 1.4248 1.3576 1.3771 1.6972 1.8294
19.6465 22.0868 21.0604 21.9475 22.0358 18.9362 20.7601 20.1817 21.9678 20.1995 22.8348 22.2788 21.1115 19.2721 21.7673 19.6665 22.0714 20.7836 18.3278 20.7546 16.9171 20.2563 20.0450 16.8083 21.6773 21.2782 20.8963 19.8319 20.6303 17.9710 0.8686 0.0000 0.8112 1.3962 0.8227 0.6629 0.5733 1.1190 0.8991 1.4716 2.1897 1.4491 1.4513 1.9913 1.1248 0.7954 1.2906 1.6722 0.8976 1.1261 0.8902 1.8330 1.4273 1.0740 0.7146 1.0292 1.0783 1.3822 1.4829 1.0943 4.8229 4.7216 3.8878 2.0550 2.2943 4.7786 2.0058 3.4978 7.0146 2.5495 2.2812 2.8357 2.1256 1.8444 2.6401 3.5015 4.1360 2.8847 1.4040 4.0858 5.2651 2.1877 5.4610 3.1276 3.1922 5.2684 5.7372 1.3528 1.9159 4.7812 6.3233 1.7427 6.3197 1.7501 1.8214 1.9992 6.3166 6.1680 7.1175 1.8637 1.3588 6.3599 6.3738 2.2476 1.7243 6.3202 6.5102 6.2202 1.9658 6.2645 2.6207 6.3354 6.2995 7.3112 2.2582 6.2696 6.4827 2.6564 9.1164 2.0433 1.6487 1.7040 1.6215 1.9337 1.6435 1.8153 1.8896 1.8803 1.9418 2.3226 1.4147 1.4183 1.6932 1.5677 1.7666 1.4467 1.5808 1.3126 1.8551 1.8293 1.8588 1.4797 1.6914 1.1417 1.7014 1.4067 1.4121 1.0412 1.9311 2.1233
19.9547 22.3612 21.3349 22.2139 22.2881 19.2412 21.0400 20.4750 22.2357 20.4901 23.1068 22.5471 21.3847 19.5736 22.0404 19.9657 22.3372 21.0731 18.6650 21.0414 17.2779 20.5401 20.3426 17.1698 21.9519 21.5381 21.1726 20.1246 20.9020 18.3163 0.5180 0.8112 0.0000 0.8593 0.9400 0.7378 1.0451 0.6774 0.4375 1.7747 2.0701 1.0245 0.9271 1.5029 0.4916 0.8525 0.7856 1.8256 0.5165 0.7774 1.2863 1.3977 0.8567 0.5670 0.6109 0.6274 0.7533 1.1088 0.8975 0.8976 5.1456 4.8434 4.0842 1.8794 2.3489 5.0758 1.7650 3.4250 7.3935 2.4480 2.0686 2.8870 2.0609 1.7797 2.6800 3.6378 4.1827 2.9353 1.4688 4.2519 5.6480 2.4696 5.7719 3.3702 3.6610 5.4612 6.1310 1.4986 1.6502 5.1908 6.8329 1.5066 6.7603 1.6367 1.7875 2.2057 6.8035 6.6411 7.6227 1.6711 1.5622 6.8639 6.8276 2.6748 1.8589 6.7462 6.9937 6.7196 2.0846 6.6957 2.9483 6.7859 6.7535 7.8398 1.9208 6.7111 6.9007 3.1392 9.6201 2.4332 1.4131 1.5429 1.4354 1.5906 1.4900 1.4384 1.6306 1.5891 1.6747 1.9395 1.2281 1.3191 1.4818 1.2971 1.5816 1.3257 1.2861 1.2173 1.5922 1.5595 1.6417 1.3244 1.4326 1.1367 1.5597 1.3297 1.1922 1.2467 1.5739 1.7672
20.3290 22.7124 21.7095 22.5688 22.6293 19.6506 21.4035 20.8388 22.5879 20.8543 23.4597 22.8883 21.7276 19.9293 22.4038 20.3424 22.7110 21.4476 19.0580 21.3985 17.6785 20.8815 20.7157 17.5702 22.3243 21.8929 21.5085 20.4987 21.2698 18.7382 0.8591 1.3962 0.8593 0.0000 1.6644 1.3409 1.7031 0.7295 1.1018 2.4259 2.0581 0.7075 0.6371 1.0573 0.7823 1.3792 0.6350 2.3978 0.8705 0.8326 1.9763 0.9966 0.5226 0.5965 1.1729 0.7679 1.2322 1.0738 0.7209 1.1946 5.4592 5.0855 4.4149 1.8294 2.4129 5.4810 1.6213 3.4775 7.7365 2.3167 1.9695 3.0986 2.1926 1.7304 2.8669 3.9173 4.3300 3.1128 1.6838 4.4606 6.1018 2.7599 6.1767 3.6388 4.1125 5.7427 6.5444 1.8811 1.4916 5.6075 7.2413 1.4220 7.1151 1.5194 1.8711 2.4576 7.1425 6.9763 8.1021 1.5315 1.7466 7.2220 7.1674 3.0144 2.0937 7.0387 7.3740 7.0877 2.2299 6.9795 3.3585 7.0945 7.1000 8.2778 1.5758 7.0035 7.1998 3.4737 10.0352 2.7347 1.2688 1.5018 1.3980 1.3629 1.4652 1.1368 1.4941 1.3824 1.4941 1.5799 1.2159 1.3490 1.4212 1.1529 1.5179 1.5267 1.1416 1.3058 1.4406 1.4149 1.4538 1.4290 1.3302 1.3784 1.6181 1.3909 1.2106 1.6123 1.3436 1.4515
