0.0000 5.9070 3.4624 5.2614 6.6300 3.2016 7.0883 6.1128 5.0658 5.6114 6.6780 5.9085 6.4103 4.9426 6.1376 3.8767 6.7125 4.6776 5.4618 6.1944 3.5784 4.1666 4.0927 3.7189 5.6335 3.0693 4.7138 3.4105 2.7809 3.4743 65.9905 66.3247 67.6513 66.2869 67.4832 65.7889 65.7132 69.6992 67.2951 66.7749 66.6516 68.2990 68.7453 70.7385 68.0673 67.7740 68.3311 66.2911 68.0443 67.2579 65.8010 69.1390 71.6235 67.8174 66.0244 67.1202 69.4636 67.0954 68.3482 66.7273 59.8903 58.4887 58.6459 60.3736 62.6211 57.5632 60.8381 56.5279 58.9760 61.2905 60.0426 57.0801 63.2767 59.6427 60.9384 58.3249 58.9986 58.2790 62.3461 60.4110 58.8222 61.4044 58.8219 57.9651 60.7889 58.0640 60.6262 65.5585 59.2028 62.3772 31.8168 35.6614 30.5256 33.8944 32.4238 31.8030 31.5694 33.3947 26.2937 33.6852 37.0384 28.3002 34.0764 31.8170 33.3158 27.8156 25.1463 31.5444 36.6165 34.4298 33.2046 29.0183 30.9803 28.8032 37.1075 31.2682 27.5000 31.4175 25.4235 35.7165 68.9756 68.5396 67.5138 68.7575 67.7346 68.7209 68.9970 69.5912 69.5455 68.6826 70.0942 68.3603 70.3800 68.9758 66.1397 69.3516 67.6099 66.6883 66.5793 68.2008 68.2397 69.1991 69.3902 67.8604 70.6682 69.4166 66.3326 67.6156 68.6133 69.2057
5.9070 0.0000 3.4462 2.7148 5.8310 3.2999 4.0572 1.6469 2.5860 3.7229 2.1587 4.4406 3.9922 2.4862 2.5109 5.4062 2.0600 2.5860 2.6306 3.2897 5.0580 2.5547 5.2500 6.2772 2.3122 3.4556 3.1562 3.1348 3.2469 4.5693 67.9768 68.5375 69.6376 68.4998 69.4696 67.9703 67.7643 71.9120 69.5079 68.7613 68.6380 70.5118 70.9581 72.9513 70.2801 69.7604 70.5439 68.2775 70.0307 69.2443 67.7874 71.3518 73.8363 70.0302 68.0108 69.1322 71.6765 69.3020 70.5611 68.7136 62.8950 61.4918 61.6016 63.3293 65.5767 60.5188 63.7938 59.4836 61.9818 64.2462 62.9982 60.0357 66.2324 62.5984 63.8940 61.2806 61.9619 61.2467 65.3018 63.3666 61.8702 64.3601 61.7881 60.9669 63.7446 61.0197 63.6004 68.5142 62.1585 65.4082 33.8907 37.7353 32.5995 35.9307 34.4977 33.8769 33.6591 35.4404 28.3177 35.7591 39.2512 30.3741 36.1503 33.9008 35.3897 29.8801 27.1791 33.7471 38.6905 36.6588 35.2785 31.0449 33.0542 30.8696 39.2991 33.3421 29.5241 33.4673 27.4942 37.8062 71.1391 70.7025 69.7266 70.9703 69.9474 70.8839 71.2098 71.8040 71.7584 70.8767 72.2572 70.5731 72.5928 71.1655 68.3403 71.5146 69.8227 68.9011 68.7423 70.3676 70.4027 71.4119 71.6030 70.0732 72.8810 71.5795 68.4262 69.8285 70.8262 71.4157
3.4624 3.4462 0.0000 3.5808 6.7227 2.2460 6.4496 3.5654 4.8525 2.6421 5.1022 5.7164 6.4686 3.9617 5.4336 2.4007 4.7030 4.0855 2.2753 5.2751 2.9529 3.7023 3.1444 3.3050 3.5568 3.1560 1.6423 1.8368 2.1144 2.1319 65.7246 66.1122 67.3854 66.0744 67.2174 65.5449 65.4555 69.4867 67.0826 66.5090 66.3858 68.0864 68.5327 70.5259 67.8548 67.5082 68.1186 66.0253 67.7785 66.9920 65.5352 68.9264 71.4110 67.6049 65.7586 66.8543 69.2511 66.8766 68.1357 66.4614 59.7844 58.3828 58.5400 60.2678 62.5152 57.4573 60.7323 56.4220 58.8701 61.1846 59.9367 56.9742 63.1708 59.5368 60.8325 58.2190 58.8928 58.1731 62.2403 60.3051 58.7458 61.2985 58.7160 57.8592 60.6831 57.9581 60.5204 65.4526 59.0969 62.2837 31.5215 35.3771 30.2303 33.6458 32.1285 31.5522 31.3512 33.1460 25.9828 33.3898 36.8258 28.0049 33.7810 31.5216 33.0204 27.5416 24.8405 31.2490 36.3212 34.2173 32.9093 28.7058 30.6850 28.5587 36.8121 30.9729 27.1875 31.1689 25.1349 35.4678 68.7459 68.3098 67.3012 68.5449 67.5221 68.4912 68.7845 69.3786 69.3330 68.4529 69.8645 68.1477 70.1674 68.7461 65.8846 69.1219 67.3973 66.4758 66.3496 67.9711 68.0100 68.9866 69.1776 67.6478 70.4557 69.1868 66.0298 67.4031 68.4008 68.9904
5.2614 2.7148 3.5808 0.0000 3.6619 3.5358 3.2043 2.0857 2.0262 4.2766 2.3168 3.6076 3.1603 1.3052 1.9370 5.8132 2.4534 2.1181 2.9229 2.2416 5.5632 2.0594 5.8564 6.3548 0.8812 3.0913 3.7743 2.8920 2.7945 4.9347 68.5213 69.1165 70.1360 69.0787 69.9680 68.5492 68.3432 72.4910 70.0869 69.2597 69.1364 71.0907 71.5370 73.5302 70.8591 70.2588 71.1229 68.7759 70.5291 69.7427 68.2858 71.9307 74.4153 70.6091 68.5092 69.6383 72.2554 69.8809 71.1400 69.2801 63.3500 61.9484 62.1056 63.8333 66.0808 61.0229 64.2978 59.9876 62.4357 64.7502 63.5023 60.5398 66.7364 63.1024 64.3981 61.7846 62.4583 61.7387 65.8058 63.8707 62.3241 64.8641 62.2816 61.4248 64.2486 61.5237 64.0859 69.0182 62.6625 65.8620 34.5030 38.3475 33.2118 36.5372 35.1100 34.4892 34.2380 36.0526 28.9141 36.3713 39.8301 30.9864 36.7625 34.5207 36.0019 30.4923 27.7914 34.3670 39.3027 37.2788 35.8952 31.6571 33.6665 31.4819 39.9191 33.9544 30.1088 34.0795 28.1064 38.3939 71.6863 71.2087 70.3055 71.5492 70.5264 71.4788 71.7887 72.3829 72.3505 71.4966 72.7633 71.1520 73.1717 71.7855 68.8940 72.0273 70.4016 69.4988 69.2484 70.9466 70.9088 71.9908 72.1819 70.6521 73.4599 72.0857 68.9734 70.4074 71.4051 71.9947
6.6300 5.8310 6.7227 3.6619 0.0000 6.7961 4.9185 5.2625 3.3755 7.8373 5.0597 1.8975 2.2384 3.5225 3.6390 8.9690 5.0186 3.6136 6.5430 4.2610 9.1001 3.7688 9.4167 9.5502 4.4070 5.1567 7.2858 6.0788 5.0548 8.4511 71.9563 72.4377 73.6171 72.3999 73.4491 71.8705 71.7076 75.8122 73.4081 72.7407 72.6174 74.4120 74.8583 76.8515 74.1803 73.7399 74.4441 72.2569 74.0101 73.2237 71.7669 75.2520 77.7365 73.9304 71.9903 73.0860 75.5766 73.2022 74.4612 72.6931 66.5071 65.1055 65.2627 66.9904 69.2379 64.1799 67.4549 63.1447 65.5927 67.9073 66.6593 63.6968 69.8935 66.2595 67.5552 64.9417 65.6154 64.8958 68.9629 67.0278 65.4507 68.0212 65.4387 64.5819 67.4057 64.6808 67.2430 72.1753 65.8196 68.9940 38.0089 41.8534 36.7176 40.0393 38.6159 37.9950 37.5766 39.5585 32.4480 39.8772 43.1514 34.4922 40.2684 38.0090 39.5078 33.9982 31.2972 37.7981 42.8086 40.7099 39.3966 35.1727 37.1723 34.9877 43.3502 37.4603 33.6544 37.5854 31.6123 41.8386 75.2024 74.6150 73.6268 74.8705 73.8750 74.9397 75.1100 75.7407 75.7816 74.9277 76.2369 74.5820 76.4930 75.2270 72.4036 75.5435 73.8324 72.9299 72.7460 74.2762 74.4088 75.3121 75.5032 73.9734 76.8030 75.5163 72.4895 73.7286 74.7263 75.3159
3.2016 3.2999 2.2460 3.5358 6.7961 0.0000 6.3740 4.3373 4.8507 3.0114 4.5137 5.4671 6.3300 3.5238 4.8345 2.9768 4.8480 3.3548 2.6568 5.5576 2.5825 3.0973 2.7596 3.7945 3.3833 1.7884 2.0516 1.6611 1.8539 2.0577 65.4201 66.0200 67.0401 65.9822 66.8720 65.4527 65.2468 69.3945 66.9904 66.1637 66.0404 67.9942 68.4405 70.4337 67.7626 67.1628 68.0264 65.6799 67.4331 66.6467 65.1898 68.8342 71.3188 67.5127 65.4132 66.5470 69.1589 66.7844 68.0435 66.1789 60.4932 59.0900 59.2214 60.9492 63.1966 58.1387 61.4137 57.1034 59.5801 61.8660 60.6181 57.6556 63.8522 60.2182 61.5139 58.9004 59.5742 58.8545 62.9217 60.9865 59.4685 61.9799 59.3974 58.5652 61.3645 58.6395 61.2018 66.1340 59.7783 63.0065 31.3767 35.2213 30.0855 33.4157 31.9837 31.3629 31.1415 32.9264 25.7878 33.2451 36.7336 27.8601 33.6363 31.3992 32.8757 27.3661 24.6651 31.2455 36.1765 34.1572 32.7737 28.5309 30.5402 28.3556 36.7975 30.8281 26.9825 30.9533 24.9802 35.2886 68.5699 68.1174 67.2090 68.4527 67.4299 68.3573 68.6922 69.2864 69.2408 68.3751 69.6720 68.0555 70.0752 68.6640 65.7725 68.9294 67.3051 66.3836 66.1571 67.8501 67.8175 68.8944 69.0854 67.5556 70.3635 68.9944 65.8571 67.3109 68.3086 68.8982
7.0883 4.0572 6.4496 3.2043 4.9185 6.3740 0.0000 3.1658 2.3034 7.4122 2.5260 5.2186 2.7702 3.3342 2.0889 8.6910 2.3359 4.0701 6.1179 1.4143 8.6778 4.1812 8.9978 9.2346 3.7628 5.3873 6.8637 5.7767 4.9320 8.0290 71.6466 72.1924 73.3074 72.1547 73.1394 71.6252 71.4368 75.5670 73.1629 72.4311 72.3078 74.1667 74.6130 76.6062 73.9351 73.4302 74.1989 71.9473 73.7005 72.9141 71.4572 75.0067 77.4913 73.6851 71.6806 72.7763 75.3314 72.9569 74.2160 72.4053 66.2303 64.8287 64.9859 66.7136 68.9611 63.9031 67.1781 62.8679 65.3159 67.6305 66.3825 63.4200 69.6167 65.9827 67.2783 64.6649 65.3386 64.6190 68.6861 66.7510 65.1953 67.7444 65.1619 64.3051 67.1289 64.4040 66.9662 71.8985 65.5428 68.7332 37.6439 41.4885 36.3527 39.6743 38.2509 37.6301 37.3140 39.1936 32.0550 39.5122 42.9061 34.1273 39.9035 37.6441 39.1429 33.6332 30.9323 37.4587 42.4436 40.3705 39.0317 34.7981 36.8074 34.6228 43.0107 37.0953 33.2506 37.2204 31.2473 41.4856 74.8241 74.3308 73.3815 74.6252 73.6024 74.5705 74.8647 75.4589 75.4421 74.5883 75.8855 74.2426 76.2477 74.8772 72.0253 75.1652 73.4930 72.5905 72.3705 74.0226 74.0309 75.0668 75.2579 73.7281 76.5359 75.2078 72.1112 73.4834 74.4811 75.0707
6.1128 1.6469 3.5654 2.0857 5.2625 4.3373 3.1658 0.0000 2.2585 4.3458 1.6848 4.7287 3.3054 2.4198 2.1917 5.7085 1.3437 3.3222 3.1070 2.1344 5.6496 3.1881 5.9691 6.3054 1.7210 4.0691 3.8220 3.5285 3.7771 5.0183 68.7446 69.2217 70.4054 69.1840 70.2374 68.6545 68.4941 72.5963 70.1922 69.5291 69.4058 71.1960 71.6423 73.6355 70.9644 70.5282 71.2282 69.0453 70.7985 70.0121 68.5552 72.0360 74.5206 70.7144 68.7786 69.8743 72.3607 69.9862 71.2453 69.4814 63.2396 61.8364 61.9848 63.7125 65.9600 60.9020 64.1770 59.8668 62.3265 64.6294 63.3814 60.4189 66.6156 62.9816 64.2773 61.6638 62.3375 61.6179 65.6850 63.7499 62.2149 64.7433 62.1608 61.3116 64.1278 61.4029 63.9651 68.8974 62.5417 65.7528 34.5756 38.4202 33.2844 36.6844 35.1826 34.5909 34.3589 36.1847 29.0166 36.4440 39.9354 31.0590 36.8352 34.5758 36.0746 30.5650 27.8658 34.3624 39.3753 37.3268 35.9634 31.7413 33.7391 31.5900 39.9144 34.0270 30.2230 34.2075 28.1791 38.5065 71.8368 71.4008 70.4108 71.6545 70.6316 71.5821 71.8940 72.4882 72.4426 71.5438 72.9554 71.2573 73.2770 71.8370 68.9756 72.2128 70.5069 69.5853 69.4405 71.0620 71.1009 72.0961 72.2872 70.7574 73.5652 72.2778 69.0556 70.5127 71.5104 72.1000
5.0658 2.5860 4.8525 2.0262 3.3755 4.8507 2.3034 2.2585 0.0000 5.9051 2.4552 3.2846 1.6880 1.8800 1.2748 7.0925 2.3459 2.3933 4.6109 1.7145 7.1722 2.4436 7.5300 7.6360 2.6366 3.7842 5.3763 4.1482 3.2870 6.5379 70.1230 70.6157 71.7838 70.5779 71.6158 70.0485 69.8786 73.9902 71.5861 70.9075 70.7842 72.5900 73.0362 75.0294 72.3583 71.9066 72.6221 70.4237 72.1769 71.3905 69.9336 73.4300 75.9145 72.1084 70.1570 71.2527 73.7546 71.3801 72.6392 70.8598 64.6317 63.2301 63.3873 65.1151 67.3625 62.3046 65.5795 61.2693 63.7174 66.0319 64.7840 61.8215 68.0181 64.3841 65.6798 63.0663 63.7400 63.0204 67.0876 65.1524 63.5983 66.1458 63.5633 62.7065 65.5303 62.8054 65.3677 70.2999 63.9442 67.1363 36.0754 39.9200 34.7842 38.1058 36.6824 36.0616 35.7434 37.6251 30.5103 37.9437 41.3293 32.5588 38.3350 36.0756 37.5744 32.0647 29.3638 35.8716 40.8751 38.7834 37.4632 33.2350 35.2389 33.0543 41.4237 35.5268 31.7167 35.6519 29.6788 39.9051 73.2716 72.7886 71.8047 73.0484 72.0256 73.0089 73.2880 73.8821 73.8551 73.0012 74.3433 72.6555 74.6709 73.2962 70.4728 73.6127 71.9059 71.0034 70.8284 72.4499 72.4888 73.4901 73.6812 72.1513 74.9592 73.6656 70.5587 71.9066 72.9043 73.4939
5.6114 3.7229 2.6421 4.2766 7.8373 3.0114 7.4122 4.3458 5.9051 0.0000 5.3651 6.5315 7.3705 4.5007 5.9108 2.3641 5.3362 4.4987 1.5822 6.4231 3.2958 4.1802 2.2854 3.8346 3.8973 3.3541 1.3954 2.9898 3.9092 2.5094 64.5272 65.0950 66.1740 65.0573 66.0060 64.5278 64.3218 68.4695 66.0655 65.2977 65.1744 67.0693 67.5156 69.5088 66.8377 66.2968 67.1015 64.8139 66.5671 65.7806 64.3238 67.9093 70.3939 66.5877 64.5472 65.6490 68.2340 65.8595 67.1186 65.2860 59.2887 57.8855 57.9993 59.7270 61.9745 56.9166 60.1915 55.8813 58.3756 60.6439 59.3960 56.4335 62.6301 58.9961 60.2918 57.6783 58.3557 57.6404 61.6995 59.7644 58.2640 60.7578 58.1818 57.3607 60.1423 57.4174 59.9942 64.9119 58.5562 61.8020 30.3352 34.2390 29.0439 32.5077 30.9495 30.4142 30.2354 32.0080 24.7487 32.2194 35.8087 26.8186 32.6131 30.3353 31.8341 26.4044 23.6346 30.1719 35.1394 33.2001 31.7229 27.4893 29.4986 27.4215 35.7239 29.7866 25.9409 30.0309 23.9495 34.3637 67.6554 67.2193 66.2841 67.5278 66.5049 67.4239 67.7673 68.3615 68.3159 67.4155 68.7740 67.1306 69.1503 67.6982 64.7941 68.0313 66.3802 65.4586 65.2591 66.9252 66.9195 67.9694 68.1605 66.6307 69.4385 68.0963 64.8684 66.3860 67.3837 67.9733
6.6780 2.1587 5.1022 2.3168 5.0597 4.5137 2.5260 1.6848 2.4552 5.3651 0.0000 4.9982 2.8942 2.8623 1.8294 7.0679 0.7633 3.2794 3.9634 1.7905 6.7471 3.2116 6.8402 7.8189 2.2668 4.0689 4.8558 4.6025 4.1260 6.1578 69.6608 70.2628 71.2867 70.2251 71.1186 69.6956 69.4896 73.6373 71.2332 70.4103 70.2870 72.2371 72.6834 74.6766 72.0054 71.4094 72.2692 69.9265 71.6797 70.8933 69.4364 73.0771 75.5616 71.7555 69.6598 70.7958 73.4018 71.0273 72.2864 70.4196 64.5513 63.1480 63.2863 65.0140 67.2615 62.2035 65.4785 61.1683 63.6381 65.9309 64.6829 61.7204 67.9171 64.2831 65.5788 62.9653 63.6390 62.9194 66.9865 65.0514 63.5265 66.0448 63.4623 62.6232 65.4293 62.7044 65.2666 70.1989 63.8432 67.0645 35.5754 39.4200 34.2842 37.6521 36.1824 35.5616 35.3844 37.1416 29.9865 37.4438 40.9765 32.0588 37.8350 35.6001 37.0744 31.5648 28.8638 35.4464 40.3751 38.3679 36.9746 32.7296 34.7389 32.5543 40.9984 35.0268 31.1812 35.1644 29.1789 39.5315 72.8022 72.3662 71.4519 72.6956 71.6727 72.5917 72.9351 73.5293 73.4837 72.5833 73.9208 72.2984 74.3181 72.8659 69.9780 73.1782 71.5480 70.6264 70.4059 72.0929 72.0663 73.1372 73.3283 71.7985 74.6063 73.2432 70.0638 71.5538 72.5515 73.1410
5.9085 4.4406 5.7164 3.6076 1.8975 5.4671 5.2186 4.7287 3.2846 6.5315 4.9982 0.0000 2.8686 3.0421 3.6427 7.9356 5.0552 2.3569 5.2374 4.8046 7.7772 2.4944 8.0937 8.4719 3.7251 3.9027 5.9614 4.8664 3.8024 7.2528 70.7902 71.3187 72.4510 71.2810 72.2830 70.7515 70.5513 74.6932 72.2892 71.5747 71.4514 73.2930 73.7393 75.7325 73.0614 72.5738 73.3252 71.0909 72.8441 72.0577 70.6008 74.1330 76.6176 72.8114 70.8242 71.9199 74.4577 72.0832 73.3423 71.5270 65.4712 64.0680 64.2167 65.9445 68.1919 63.1340 66.4090 62.0987 64.5581 66.8613 65.6134 62.6509 68.8475 65.2135 66.5092 63.8957 64.5695 63.8498 67.9170 65.9818 64.4465 66.9753 64.3928 63.5432 66.3598 63.6349 66.1971 71.1293 64.7736 67.9845 36.7631 40.6077 35.4719 38.7936 37.3701 36.7493 36.4403 38.3128 31.1925 38.6315 42.0324 33.2465 39.0227 36.7633 38.2621 32.7525 30.0515 36.5897 41.5628 39.5015 38.1509 33.9173 35.9266 33.7420 42.1417 36.2145 32.3989 36.3397 30.3666 40.6166 73.9841 73.4862 72.5078 73.7515 72.7286 73.7214 73.9910 74.5852 74.5731 73.7193 75.0408 73.3736 75.3740 74.0087 71.1854 74.3252 72.6240 71.7214 71.5277 73.1488 73.1906 74.1931 74.3842 72.8544 75.6622 74.3631 71.2712 72.6097 73.6074 74.1970
6.4103 3.9922 6.4686 3.1603 2.2384 6.3300 2.7702 3.3054 1.6880 7.3705 2.8942 2.8686 0.0000 2.9838 1.6230 8.7137 2.8676 3.1262 6.0763 2.3278 8.6334 3.2580 8.9500 9.2500 3.7754 4.6900 6.8196 5.7879 4.5887 7.9850 71.5786 72.1035 73.2394 72.0657 73.0714 71.5363 71.3570 75.4780 73.0739 72.3631 72.2398 74.0778 74.5240 76.5172 73.8461 73.3622 74.1099 71.8793 73.6325 72.8461 71.3892 74.9178 77.4023 73.5962 71.6126 72.7083 75.2424 72.8679 74.1270 72.3255 66.2530 64.8514 65.0086 66.7363 68.9838 63.9258 67.2008 62.8906 65.3386 67.6532 66.4052 63.4427 69.6394 66.0054 67.3011 64.6876 65.3613 64.6417 68.7088 66.7737 65.2119 67.7671 65.1846 64.3278 67.1516 64.4267 66.9889 71.9212 65.5655 68.7499 37.5903 41.4349 36.2991 39.6207 38.1973 37.5765 37.2251 39.1400 32.0025 39.4586 42.8171 34.0737 39.8499 37.5905 39.0893 33.5796 30.8787 37.3960 42.3900 40.3078 38.9781 34.7445 36.7538 34.5692 42.9480 37.0417 33.2088 37.1668 31.1937 41.4229 74.7732 74.2537 73.2926 74.5362 73.5134 74.5105 74.7758 75.3699 75.3794 74.5256 75.8083 74.1799 76.1588 74.8145 71.9744 75.1143 73.4303 72.5278 72.3168 73.9336 73.9796 74.9779 75.1690 73.6392 76.4470 75.1307 72.0603 73.3944 74.3921 74.9817
4.9426 2.4862 3.9617 1.3052 3.5225 3.5238 3.3342 2.4198 1.8800 4.5007 2.8623 3.0421 2.9838 0.0000 1.9538 6.1837 2.9145 1.3761 3.1729 2.7911 5.7723 1.6226 6.0152 6.6783 1.2380 2.7714 3.9313 3.0326 2.4018 5.2951 68.6807 69.2703 70.3415 69.2326 70.1735 68.7031 68.4971 72.6448 70.2407 69.4651 69.3418 71.2446 71.6909 73.6841 71.0130 70.4643 71.2768 68.9814 70.7345 69.9481 68.4913 72.0846 74.5691 70.7630 68.7147 69.8402 72.4093 70.0348 71.2939 69.4375 63.7171 62.3139 62.4561 64.1838 66.4313 61.3734 64.6483 60.3381 62.8040 65.1007 63.8528 60.8903 67.0869 63.4529 64.7486 62.1351 62.8088 62.0892 66.1563 64.2212 62.6924 65.2146 62.6321 61.7891 64.5991 61.8742 64.4364 69.3687 63.0130 66.2303 34.7028 38.5473 33.4115 36.7335 35.3098 34.6889 34.3919 36.2524 29.1138 36.5711 39.9840 31.1861 36.9623 34.7169 36.2017 30.6921 27.9912 34.5633 39.5025 37.4750 36.0914 31.8569 33.8662 31.6817 40.1153 34.1542 30.3113 34.2793 28.3062 38.5901 71.9305 71.4106 70.4594 71.7031 70.6802 71.6751 71.9426 72.5368 72.5467 71.6928 72.9652 71.3472 73.3256 71.9817 69.1317 72.2716 70.5975 69.6950 69.4741 71.1004 71.1370 72.1447 72.3358 70.8060 73.6138 72.2876 69.2176 70.5613 71.5590 72.1485
6.1376 2.5109 5.4336 1.9370 3.6390 4.8345 2.0889 2.1917 1.2748 5.9108 1.8294 3.6427 1.6230 1.9538 0.0000 7.5986 1.9795 2.2878 4.5814 1.7553 7.2219 2.5917 7.4518 8.1820 2.3052 3.9509 5.3732 4.5692 3.7109 6.6984 70.1924 70.7959 71.8164 70.7581 71.6404 70.2287 70.0227 74.1704 71.7663 70.9321 70.8088 72.7702 73.2165 75.2097 72.5385 71.9312 72.8023 70.4483 72.2015 71.4150 69.9582 73.6102 76.0947 72.2886 70.1816 71.3270 73.9348 71.5604 72.8194 70.9432 65.1342 63.7310 63.8724 65.6001 67.8475 62.7896 66.0646 61.7544 64.2210 66.5170 65.2690 62.3065 68.5032 64.8692 66.1648 63.5514 64.2251 63.5054 67.5726 65.6374 64.1094 66.6309 64.0484 63.2061 66.0154 63.2905 65.8527 70.7850 64.4293 67.6474 36.1867 40.0313 34.8955 38.2373 36.7937 36.1729 35.9175 37.7363 30.5978 38.0550 41.5096 32.6701 38.4462 36.2208 37.6857 32.1760 29.4751 36.0671 40.9864 38.9788 37.5953 33.3409 35.3502 33.1656 41.6191 35.6381 31.7925 35.7632 29.7901 40.0939 73.3955 72.8974 71.9850 73.2287 72.2058 73.1789 73.4682 74.0624 74.0505 73.1967 74.4520 72.8510 74.8512 73.4855 70.5968 73.7366 72.1014 71.1988 70.9391 72.6260 72.6020 73.6703 73.8614 72.3316 75.1394 73.7743 70.6826 72.0868 73.0845 73.6741
3.8767 5.4062 2.4007 5.8132 8.9690 2.9768 8.6910 5.7085 7.0925 2.3641 7.0679 7.9356 8.7137 6.1837 7.5986 0.0000 6.7380 6.2433 3.3126 7.4694 2.2839 5.7736 1.6684 2.1102 5.6066 4.4263 2.5143 3.3348 4.3093 1.4755 63.6071 63.9915 65.2679 63.9537 65.0998 63.4251 63.3403 67.3660 64.9619 64.3915 64.2682 65.9658 66.4121 68.4053 65.7341 65.3907 65.9979 63.9077 65.6609 64.8745 63.4176 66.8058 69.2903 65.4842 63.6410 64.7368 67.1305 64.7560 66.0150 64.3439 57.5392 56.1376 56.2948 58.0226 60.2700 55.2121 58.4871 54.1768 56.6249 58.9394 57.6915 54.7290 60.9256 57.2916 58.5873 55.9738 56.6476 55.9279 59.9951 58.0599 56.5108 59.0533 56.4709 55.6140 58.4379 55.7130 58.2752 63.2074 56.8517 60.0488 29.3153 33.2619 28.0718 31.5306 29.9723 29.4471 29.3340 31.0309 23.7798 31.2423 34.7913 25.7951 31.6360 29.3414 30.8407 25.4459 22.6375 29.0289 34.1623 32.0966 30.7006 26.5076 28.4951 26.4842 34.5920 28.8102 24.9739 29.0663 22.9443 33.3527 66.6228 66.1868 65.1806 66.4243 65.4014 66.3681 66.6638 67.2580 67.2123 66.3298 67.7414 66.0271 68.0468 66.6230 63.7616 66.9988 65.2767 64.3551 64.2265 65.8480 65.8869 66.8659 67.0570 65.5272 68.3350 67.0638 63.9123 65.2824 66.2801 66.8697
6.7125 2.0600 4.7030 2.4534 5.0186 4.8480 2.3359 1.3437 2.3459 5.3362 0.7633 5.0552 2.8676 2.9145 1.9795 6.7380 0.0000 3.6964 4.0466 1.6118 6.6094 3.5549 6.9295 7.3121 2.4056 4.5419 4.7957 4.3664 4.2987 6.0517 69.7131 70.1905 71.3739 70.1527 71.2058 69.6233 69.4636 73.5650 71.1609 70.4975 70.3742 72.1648 72.6111 74.6043 71.9331 71.4967 72.1969 70.0137 71.7669 70.9805 69.5236 73.0048 75.4893 71.6832 69.7470 70.8428 73.3294 70.9550 72.2140 70.4499 64.2643 62.8611 63.0019 64.7297 66.9771 61.9192 65.1942 60.8839 63.3511 65.6465 64.3986 61.4361 67.6327 63.9987 65.2944 62.6809 63.3547 62.6350 66.7022 64.7670 63.2396 65.7604 63.1780 62.3363 65.1450 62.4201 64.9823 69.9145 63.5588 66.7775 35.5876 39.4322 34.2964 37.6539 36.1946 35.5738 35.3283 37.1541 30.0276 37.4560 40.9042 32.0710 37.8472 35.5878 37.0866 31.5770 28.8768 35.3737 40.3873 38.2956 36.9754 32.7522 34.7511 32.5665 40.9257 35.0390 31.2340 35.1770 29.1911 39.4759 72.8045 72.3685 71.3796 72.6233 71.6004 72.5498 72.8628 73.4570 73.4113 72.5116 73.9232 72.2261 74.2458 72.8047 69.9800 73.1805 71.4757 70.5541 70.4083 72.0298 72.0686 73.0649 73.2560 71.7262 74.5340 73.2455 70.0666 71.4814 72.4791 73.0687
4.6776 2.5860 4.0855 2.1181 3.6136 3.3548 4.0701 3.3222 2.3933 4.4987 3.2794 2.3569 3.1262 1.3761 2.2878 6.2433 3.6964 0.0000 3.4401 3.7112 5.8080 0.9821 5.9854 6.8145 2.0324 2.0876 3.9463 3.1248 2.0791 5.3242 68.6684 69.2719 70.3021 69.2341 70.1226 68.7047 68.4987 72.6464 70.2423 69.4142 69.2910 71.2462 71.6924 73.6856 71.0145 70.4134 71.2783 68.9305 70.6837 69.8972 68.4404 72.0862 74.5707 70.7646 68.6638 69.8128 72.4108 70.0363 71.2954 69.4156 63.7631 62.3598 62.4951 64.2228 66.4702 61.4123 64.6873 60.3771 62.8499 65.1397 63.8917 60.9292 67.1259 63.4919 64.7875 62.1741 62.8478 62.1282 66.1953 64.2602 62.7383 65.2536 62.6711 61.8350 64.6381 61.9132 64.4754 69.4077 63.0520 66.2763 34.6854 38.5299 33.3942 36.7395 35.2943 34.6716 34.3935 36.2350 29.0965 36.5537 39.9855 31.1688 36.9449 34.7230 36.1843 30.6747 27.9738 34.5693 39.4851 37.4811 36.0975 31.8395 33.8489 31.6643 40.1213 34.1368 30.2912 34.2619 28.2888 38.5962 71.9076 71.3831 70.4610 71.7046 70.6818 71.6811 71.9442 72.5383 72.5527 71.6989 72.9421 71.3532 73.3272 71.9878 69.1088 72.2486 70.6036 69.7011 69.4511 71.1020 71.1140 72.1463 72.3374 70.8076 73.6154 72.2601 69.1947 70.5628 71.5605 72.1501
5.4618 2.6306 2.2753 2.9229 6.5430 2.6568 6.1179 3.1070 4.6109 1.5822 3.9634 5.2374 6.0763 3.1729 4.5814 3.3126 4.0466 3.4401 0.0000 5.1335 3.3494 2.9140 3.0716 4.2590 2.4268 2.9096 1.4990 2.4520 3.0598 2.5607 65.7386 66.3421 67.3496 66.3044 67.1724 65.7749 65.5689 69.7166 67.3126 66.4640 66.3431 68.3164 68.7627 70.7559 68.0848 67.4632 68.3486 65.9802 67.7334 66.9470 65.4902 69.1564 71.6410 67.8348 65.7136 66.8602 69.4811 67.1066 68.3657 66.4882 60.7169 59.3137 59.4465 61.1742 63.4217 58.3637 61.6387 57.3285 59.8038 62.0911 60.8431 57.8806 64.0773 60.4433 61.7389 59.1255 59.7992 59.0796 63.1467 61.2116 59.6922 62.2050 59.6225 58.7889 61.5895 58.8646 61.4268 66.3591 60.0034 63.2301 31.6306 35.4752 30.3394 33.7314 32.2376 31.6168 31.4637 33.2103 26.0417 33.4990 37.0558 28.1140 33.8902 31.6659 33.1296 27.6200 24.9190 31.5122 36.4304 34.4472 33.0404 28.7848 30.7941 28.6156 37.0643 31.0820 27.2364 31.2331 25.2341 35.6108 68.8666 68.4306 67.5312 68.7749 67.7520 68.6710 69.0144 69.6086 69.5630 68.6626 69.9852 68.3777 70.3974 68.9453 66.0392 69.2426 67.6273 66.7057 66.4703 68.1722 68.1307 69.2165 69.4076 67.8778 70.6856 69.3075 66.1148 67.6331 68.6308 69.2204
6.1944 3.2897 5.2751 2.2416 4.2610 5.5576 1.4143 2.1344 1.7145 6.4231 1.7905 4.8046 2.3278 2.7911 1.7553 7.4694 1.6118 3.7112 5.1335 0.0000 7.6969 3.7894 8.0219 8.1075 2.7946 4.8486 5.8833 4.6699 4.3629 7.0486 70.6599 71.1142 72.3207 71.0765 72.1527 70.5470 70.4155 74.4887 72.0846 71.4444 71.3211 73.0885 73.5348 75.5280 72.8568 72.4435 73.1206 70.9606 72.7138 71.9274 70.4705 73.9285 76.4130 72.6069 70.6939 71.7897 74.2532 71.8787 73.1377 71.3967 65.0072 63.6056 63.7628 65.4905 67.7380 62.6801 65.9550 61.6448 64.0928 66.4074 65.1594 62.1970 68.3936 64.7596 66.0553 63.4418 64.1155 63.3959 67.4630 65.5279 63.9604 66.5213 63.9388 63.0820 65.9058 63.1809 65.7431 70.6754 64.3197 67.4983 36.6086 40.4532 35.3174 38.6390 37.2156 36.5948 36.2803 38.1583 31.0435 38.4769 41.8279 33.0920 38.8682 36.6088 38.1076 32.5979 29.8970 36.3665 41.4083 39.2782 37.9964 33.7681 35.7721 33.5875 41.9185 36.0600 32.2499 36.1851 30.2120 40.4383 73.7664 73.2872 72.3033 73.5470 72.5241 73.5037 73.7865 74.3807 74.3499 73.4960 74.8418 73.1504 75.1695 73.7910 70.9677 74.1075 72.4007 71.4982 71.3269 72.9484 72.9873 73.9886 74.1797 72.6499 75.4577 74.1642 71.0825 72.4052 73.4029 73.9924
3.5784 5.0580 2.9529 5.5632 9.1001 2.5825 8.6778 5.6496 7.1722 3.2958 6.7471 7.7772 8.6334 5.7723 7.2219 2.2839 6.6094 5.8080 3.3494 7.6969 0.0000 5.4915 1.1895 1.3336 5.2297 4.1126 2.2522 3.4143 4.0553 1.2029 63.1298 63.7049 64.7906 63.6672 64.6226 63.1377 62.9317 67.0794 64.6753 63.9143 63.7910 65.6792 66.1255 68.1187 65.4475 64.9134 65.7113 63.4305 65.1837 64.3973 62.9404 66.5192 69.0037 65.1976 63.1638 64.2734 66.8439 64.4694 65.7284 63.8881 57.9620 56.5588 56.6871 58.4148 60.6623 55.6044 58.8793 54.5691 57.0488 59.3317 58.0838 55.1213 61.3179 57.6839 58.9796 56.3661 57.0398 56.3202 60.3874 58.4522 56.9372 59.4456 56.8631 56.0339 58.8301 56.1052 58.6675 63.5997 57.2440 60.4752 29.0222 32.8667 27.7309 31.1099 29.6292 29.0163 28.8265 30.6101 23.4332 30.8905 34.4186 25.5055 31.2817 29.0223 30.5211 25.0115 22.3105 28.8666 33.8219 31.8100 30.4099 26.1763 28.1856 26.0154 34.4187 28.4735 24.6293 28.6330 22.6256 32.9735 66.2797 65.8437 64.8940 66.1377 65.1148 66.0338 66.3772 66.9714 66.9257 66.0254 67.3984 65.7405 67.7602 66.3080 63.4337 66.6557 64.9901 64.0685 63.8835 65.5350 65.5438 66.5793 66.7704 65.2406 68.0484 66.7207 63.5196 64.9959 65.9936 66.5831
4.1666 2.5547 3.7023 2.0594 3.7688 3.0973 4.1812 3.1881 2.4436 4.1802 3.2116 2.4944 3.2580 1.6226 2.5917 5.7736 3.5549 0.9821 2.9140 3.7894 5.4915 0.0000 5.7176 6.3447 2.1626 1.7246 3.6588 2.9483 1.8655 4.8840 68.4632 69.0558 70.0856 69.0180 69.9176 68.4886 68.2826 72.4303 70.0262 69.2093 69.0860 71.0301 71.4763 73.4695 70.7984 70.2084 71.0622 68.7255 70.4787 69.6923 68.2354 71.8701 74.3546 70.5485 68.4588 69.5854 72.1947 69.8202 71.0793 69.2219 63.3092 61.9060 62.0598 63.7875 66.0350 60.9770 64.2520 59.9418 62.3961 64.7044 63.4564 60.4939 66.6906 63.0566 64.3523 61.7388 62.4125 61.6929 65.7600 63.8249 62.2845 64.8183 62.2358 61.3812 64.2028 61.4779 64.0401 68.9724 62.6167 65.8225 34.4067 38.2512 33.1154 36.4450 35.0137 34.3929 34.1774 35.9563 28.8177 36.2750 39.7694 30.8901 36.6662 34.4219 35.9056 30.3960 27.6951 34.2682 39.2064 37.1800 35.7964 31.5608 33.5701 31.3856 39.8202 33.8581 30.0124 33.9832 28.0101 38.3244 71.5952 71.1558 70.2449 71.4885 70.4657 71.3847 71.7281 72.3222 72.2766 71.3978 72.7104 71.0914 73.1111 71.6867 68.7964 71.9678 70.3410 69.4194 69.1955 70.8859 70.8559 71.9302 72.1213 70.5915 73.3993 72.0327 68.8823 70.3467 71.3444 71.9340
4.0927 5.2500 3.1444 5.8564 9.4167 2.7596 8.9978 5.9691 7.5300 2.2854 6.8402 8.0937 8.9500 6.0152 7.4518 1.6684 6.9295 5.9854 3.0716 8.0219 1.1895 5.7176 0.0000 1.8116 5.3506 4.3088 2.1688 3.5821 4.4158 1.1093 62.9430 63.5280 64.5686 63.4903 64.4005 62.9608 62.7548 66.9026 64.4985 63.6922 63.5689 65.5023 65.9486 67.9418 65.2707 64.6913 65.5345 63.2084 64.9616 64.1752 62.7183 66.3423 68.8269 65.0207 62.9417 64.0608 66.6670 64.2925 65.5516 63.7017 57.8585 56.4552 56.5689 58.2966 60.5441 55.4862 58.7611 54.4509 56.9453 59.2135 57.9656 55.0031 61.1997 57.5657 58.8614 56.2479 56.9254 56.2101 60.2691 58.3340 56.8337 59.3274 56.7515 55.9304 58.7119 55.9870 58.5639 63.4815 57.1258 60.3717 28.7792 32.6548 27.4880 30.9235 29.3862 28.8300 28.6496 30.4238 23.1903 30.6475 34.2417 25.2626 31.0388 28.7869 30.2782 24.8135 22.0720 28.6332 33.5789 31.6331 30.1670 25.9334 27.9427 25.8307 34.1852 28.2306 24.3850 28.4466 22.3869 32.7967 66.0672 65.6311 64.7171 65.9608 64.9379 65.8569 66.2003 66.7945 66.7489 65.8485 67.1858 65.5636 67.5833 66.1312 63.2059 66.4431 64.8132 63.8916 63.6709 65.3582 65.3312 66.4024 66.5935 65.0637 67.8715 66.5081 63.2802 64.8190 65.8167 66.4063
3.7189 6.2772 3.3050 6.3548 9.5502 3.7945 9.2346 6.3054 7.6360 3.8346 7.8189 8.4719 9.2500 6.6783 8.1820 2.1102 7.3121 6.8145 4.2590 8.1075 1.3336 6.3447 1.8116 0.0000 6.2071 5.0762 3.3943 3.8624 4.8682 2.1400 62.8766 63.2733 64.5374 63.2355 64.3694 62.7060 62.5994 66.6478 64.2437 63.6611 63.5378 65.2475 65.6938 67.6870 65.0159 64.6602 65.2797 63.1773 64.9305 64.1441 62.6872 66.0875 68.5721 64.7660 62.9106 64.0063 66.4122 64.0399 65.2968 63.6134 57.0388 55.6356 55.7895 57.5172 59.7647 54.7068 57.9817 53.6715 56.1256 58.4341 57.1861 54.2237 60.4203 56.7863 58.0820 55.4685 56.1422 55.4226 59.4897 57.5546 56.0141 58.5480 55.9655 55.1108 57.9325 55.2076 57.7698 62.7021 56.3464 59.5520 28.6617 32.5159 27.3705 30.7846 29.2687 28.6911 28.4756 30.2849 23.1345 30.5301 33.9869 25.1451 30.9213 28.6619 30.1607 24.6662 21.9837 28.3998 33.4614 31.3784 30.0495 25.8592 27.8252 25.6902 33.9524 28.1131 24.3409 28.3077 22.2652 32.6067 65.9201 65.4841 64.4623 65.7060 64.6832 65.6654 65.9455 66.5397 66.4941 65.6271 67.0387 65.3088 67.3285 65.9203 63.0589 66.2961 64.5584 63.6369 63.5238 65.1454 65.1842 66.1477 66.3387 64.8089 67.6167 66.3611 63.1819 64.5642 65.5619 66.1515
5.6335 2.3122 3.5568 0.8812 4.4070 3.3833 3.7628 1.7210 2.6366 3.8973 2.2668 3.7251 3.7754 1.2380 2.3052 5.6066 2.4056 2.0324 2.4268 2.7946 5.2297 2.1626 5.3506 6.2071 0.0000 3.1331 3.4750 2.6713 2.9872 4.6956 68.0743 68.6778 69.6817 68.6400 69.4997 68.1106 67.9046 72.0523 69.6482 68.7914 68.6740 70.6521 71.0983 73.0915 70.4204 69.7905 70.6842 68.3076 70.0608 69.2744 67.8175 71.4921 73.9766 70.1705 68.0409 69.1923 71.8167 69.4422 70.7013 68.8191 63.1330 61.7298 61.8679 63.5956 65.8430 60.7851 64.0601 59.7499 62.2198 64.5125 63.2645 60.3020 66.4987 62.8647 64.1603 61.5469 62.2206 61.5010 65.5681 63.6329 62.1082 64.6264 62.0439 61.2049 64.0109 61.2860 63.8482 68.7805 62.4248 65.6462 34.0348 37.8793 32.7435 36.0913 34.6461 34.0209 33.7994 35.5844 28.4458 35.9031 39.3914 30.5181 36.2943 34.0748 35.5337 30.0241 27.3232 33.9211 38.8345 36.8329 35.4493 31.1889 33.1982 31.0136 39.4731 33.4862 29.6405 33.6113 27.6382 37.9480 71.2330 70.7627 69.8668 71.1105 70.0877 71.0329 71.3501 71.9442 71.9045 71.0507 72.3173 70.7134 72.7330 71.3396 68.4481 71.5747 69.9629 69.0528 68.8024 70.5079 70.4628 71.5522 71.7433 70.2134 73.0213 71.6397 68.5201 69.9687 70.9664 71.5560
3.0693 3.4556 3.1560 3.0913 5.1567 1.7884 5.3873 4.0691 3.7842 3.3541 4.0689 3.9027 4.6900 2.7714 3.9509 4.4263 4.5419 2.0876 2.9096 4.8486 4.1126 1.7246 4.3088 5.0762 3.1331 0.0000 2.8330 2.0180 1.6781 3.5034 67.0693 67.6706 68.6869 67.6329 68.5188 67.1034 66.8974 71.0451 68.6410 67.8105 67.6872 69.6449 70.0912 72.0844 69.4132 68.8096 69.6770 67.3267 69.0799 68.2935 66.8366 70.4849 72.9694 69.1633 67.0600 68.1953 70.8096 68.4351 69.6942 67.8281 61.9344 60.5312 60.6763 62.4040 64.6515 59.5936 62.8685 58.5583 61.0213 63.3209 62.0730 59.1105 65.3071 61.6731 62.9688 60.3553 61.0290 60.3094 64.3765 62.4414 60.9097 63.4348 60.8523 60.0064 62.8193 60.0944 62.6566 67.5889 61.2332 64.4477 32.9898 36.8343 31.6985 35.0599 33.5968 32.9759 32.7922 34.5501 27.4008 34.8581 38.3843 29.4731 35.2493 33.0137 34.4887 28.9791 26.2781 32.8600 37.7895 35.7757 34.3882 30.1439 32.1532 29.9686 38.4120 32.4411 28.5955 32.5730 26.5932 36.9393 70.2017 69.7657 68.8597 70.1034 69.0805 69.9995 70.3429 70.9371 70.8915 69.9911 71.3203 69.7062 71.7259 70.2784 67.3870 70.5777 68.9558 68.0342 67.8054 69.5007 69.4658 70.5450 70.7361 69.2063 72.0141 70.6426 67.4691 68.9616 69.9593 70.5488
4.7138 3.1562 1.6423 3.7743 7.2858 2.0516 6.8637 3.8220 5.3763 1.3954 4.8558 5.9614 6.8196 3.9313 5.3732 2.5143 4.7957 3.9463 1.4990 5.8833 2.2522 3.6588 2.1688 3.3943 3.4750 2.8330 0.0000 1.9785 2.7654 1.8790 64.9965 65.5651 66.6559 65.5273 66.4878 64.9979 64.7919 68.9396 66.5355 65.7795 65.6562 67.5394 67.9857 69.9789 67.3077 66.7787 67.5715 65.2957 67.0489 66.2625 64.8056 68.3794 70.8639 67.0578 65.0290 66.1316 68.7041 66.3296 67.5886 65.7553 59.8327 58.4295 58.5488 60.2765 62.5239 57.4660 60.7410 56.4308 58.9196 61.1934 59.9454 56.9829 63.1796 59.5456 60.8412 58.2278 58.9015 58.1844 62.2490 60.3138 58.8080 61.3073 58.7258 57.9047 60.6918 57.9669 60.5382 65.4614 59.1057 62.3460 30.8563 34.7083 29.5651 32.9770 31.4633 30.8835 30.6867 32.4773 25.2674 32.7247 36.2788 27.3397 33.1159 30.8565 32.3553 26.8567 24.1447 30.6939 35.6560 33.6702 32.2441 28.0105 30.0198 27.8826 36.2459 30.3077 26.4621 30.5001 24.4598 34.8337 68.1380 67.7020 66.7542 67.9979 66.9750 67.8940 68.2374 68.8316 68.7859 67.8856 69.2566 67.6007 69.6204 68.1682 65.2768 68.5140 66.8503 65.9287 65.7417 67.3952 67.4021 68.4395 68.6306 67.1008 69.9086 68.5790 65.3511 66.8560 67.8537 68.4433
3.4105 3.1348 1.8368 2.8920 6.0788 1.6611 5.7767 3.5285 4.1482 2.9898 4.6025 4.8664 5.7879 3.0326 4.5692 3.3348 4.3664 3.1248 2.4520 4.6699 3.4143 2.9483 3.5821 3.8624 2.6713 2.0180 1.9785 0.0000 1.8983 2.8183 66.2305 66.6329 67.8913 66.5951 67.7233 66.0657 65.9533 70.0074 67.6033 67.0150 66.8917 68.6072 69.0534 71.0467 68.3755 68.0141 68.6393 66.5312 68.2844 67.4979 66.0411 69.4472 71.9317 68.1256 66.2645 67.3602 69.7718 67.4181 68.6564 66.9673 60.8120 59.4087 59.5357 61.2634 63.5108 58.4529 61.7279 57.4177 59.8988 62.1803 60.9323 57.9698 64.1665 60.5325 61.8281 59.2147 59.8884 59.1687 63.2359 61.3007 59.7872 62.2942 59.7117 58.8839 61.6787 58.9538 61.5174 66.4483 60.0926 63.3252 32.0841 35.9287 30.7929 34.1199 32.6911 32.0703 31.7944 33.6338 26.5755 33.9524 37.3465 28.5688 34.3437 32.0843 33.5831 28.0734 25.4246 31.8465 36.8838 34.7583 33.4719 29.3001 31.2476 29.0801 37.3986 31.5355 27.7819 31.6606 25.6875 35.9420 69.3030 68.8623 67.8220 69.0656 68.0428 69.0436 69.3052 69.8993 69.8537 69.0281 70.4170 68.6685 70.6882 69.3275 66.5042 69.6743 67.9181 66.9965 66.9020 68.5236 68.5624 69.5073 69.6984 68.1686 70.9764 69.7393 66.6144 67.9238 68.9215 69.5284
2.7809 3.2469 2.1144 2.7945 5.0548 1.8539 4.9320 3.7771 3.2870 3.9092 4.1260 3.8024 4.5887 2.4018 3.7109 4.3093 4.2987 2.0791 3.0598 4.3629 4.0553 1.8655 4.4158 4.8682 2.9872 1.6781 2.7654 1.8983 0.0000 3.4785 67.0802 67.6304 68.7410 67.5927 68.5730 67.0632 66.8653 71.0050 68.6009 67.8647 67.7414 69.6047 70.0510 72.0442 69.3731 68.8638 69.6369 67.3809 69.1341 68.3477 66.8908 70.4447 72.9293 69.1231 67.1142 68.2100 70.7694 68.3949 69.6540 67.8338 61.8382 60.4350 60.5871 62.3148 64.5622 59.5043 62.7793 58.4691 60.9250 63.2317 61.9837 59.0212 65.2179 61.5839 62.8795 60.2661 60.9398 60.2201 64.2873 62.3521 60.8134 63.3456 60.7631 59.9101 62.7301 60.0052 62.5674 67.4997 61.1440 64.3514 33.0192 36.8638 31.7280 35.0556 33.6262 33.0054 32.7520 34.5689 27.4303 34.8876 38.3441 29.5026 35.2788 33.0194 34.5182 29.0086 26.3076 32.8435 37.8189 35.7553 34.4070 30.1734 32.1827 29.9981 38.3955 32.4706 28.6310 32.5958 26.6227 36.8991 70.2140 69.7739 68.8195 70.0632 69.0404 69.9593 70.3027 70.8969 70.8513 69.9731 71.3286 69.6660 71.6857 70.2620 67.4152 70.5859 68.9156 67.9940 67.8136 69.4606 69.4740 70.5048 70.6959 69.1661 71.9739 70.6509 67.5011 68.9214 69.9191 70.5087
3.4743 4.5693 2.1319 4.9347 8.4511 2.0577 8.0290 5.0183 6.5379 2.5094 6.1578 7.2528 7.9850 5.2951 6.6984 1.4755 6.0517 5.3242 2.5607 7.0486 1.2029 4.8840 1.1093 2.1400 4.6956 3.5034 1.8790 2.8183 3.4785 0.0000 63.7605 64.3072 65.4059 64.2694 65.2379 63.7400 63.5507 67.6817 65.2776 64.5296 64.4063 66.2815 66.7278 68.7210 66.0498 65.5287 66.3136 64.0458 65.7990 65.0126 63.5557 67.1215 69.6060 65.7999 63.7791 64.8749 67.4461 65.0717 66.3307 64.5193 58.4393 57.0361 57.1841 58.9118 61.1592 56.1013 59.3763 55.0661 57.5261 59.8287 58.5807 55.6182 61.8149 58.1809 59.4765 56.8631 57.5368 56.8172 60.8843 58.9492 57.4145 59.9426 57.3601 56.5112 59.3271 56.6022 59.1644 64.0967 57.7410 60.9525 29.6353 33.4798 28.3441 31.7410 30.2423 29.6475 29.4288 31.2413 24.0464 31.5036 35.0209 26.1187 31.8948 29.6354 31.1342 25.6353 22.9284 29.4509 34.4350 32.4123 31.0230 26.7894 28.7988 26.6485 35.0029 29.0867 25.2410 29.2641 23.2432 33.5758 66.8662 66.4301 65.4963 66.7400 65.7171 66.6361 66.9795 67.5737 67.5280 66.6277 67.9848 66.3428 68.3625 66.9103 64.0049 67.2422 65.5924 64.6708 64.4699 66.1373 66.1303 67.1816 67.3727 65.8429 68.6507 67.3071 64.0879 65.5981 66.5958 67.1854
65.9905 67.9768 65.7246 68.5213 71.9563 65.4201 71.6466 68.7446 70.1230 64.5272 69.6608 70.7902 71.5786 68.6807 70.1924 63.6071 69.7131 68.6684 65.7386 70.6599 63.1298 68.4632 62.9430 62.8766 68.0743 67.0693 64.9965 66.2305 67.0802 63.7605 0.0000 2.4095 2.1971 1.7716 2.8389 1.7134 0.9353 4.7334 2.3961 2.5890 2.8139 4.6696 3.7446 6.9776 3.2042 2.5494 3.5498 3.3706 2.6372 2.0160 2.5845 4.6563 6.8334 3.1657 1.4719 1.3800 3.8894 1.7915 4.7248 1.6447 30.1196 30.0161 28.9066 27.7878 30.7503 27.5151 27.9601 29.3584 29.3758 29.6917 27.5900 29.4047 29.0446 29.0172 30.9002 29.0729 29.6442 28.3888 29.8193 29.1646 30.6596 29.8205 29.4037 28.7183 28.5162 29.4877 31.6547 31.3335 28.1303 32.0267 35.0287 31.0910 36.0682 32.7399 34.2061 34.7832 35.3103 33.4322 40.0717 33.1807 30.4226 38.0839 32.6794 34.9147 33.3254 38.5078 41.1987 35.4242 30.3017 32.8847 33.6705 37.5260 35.7172 37.4662 30.0037 35.4114 39.2405 35.1891 40.9163 31.2515 16.3612 14.9805 15.3115 17.1944 17.8672 17.7365 15.3407 18.4352 18.0566 17.0339 17.3169 16.6272 17.4373 17.4069 16.0907 17.0403 17.1865 15.6409 15.1991 15.1283 15.7743 16.7772 16.5835 14.9269 18.8231 16.3558 15.9020 14.9520 17.8404 16.2625
66.3247 68.5375 66.1122 69.1165 72.4377 66.0200 72.1924 69.2217 70.6157 65.0950 70.2628 71.3187 72.1035 69.2703 70.7959 63.9915 70.1905 69.2719 66.3421 71.1142 63.7049 69.0558 63.5280 63.2733 68.6778 67.6706 65.5651 66.6329 67.6304 64.3072 2.4095 0.0000 3.3423 2.2970 4.0973 2.0284 2.3370 4.4153 2.4623 3.9222 3.9581 2.7619 3.3886 5.7794 3.7925 3.1940 3.0731 5.0997 3.2738 3.2102 3.7585 4.1825 5.7122 3.3234 3.0866 2.6432 3.7513 2.0573 3.0342 2.9210 29.8924 29.7634 28.6539 27.5731 30.4574 27.2567 27.6719 29.1000 29.1193 29.3196 27.3201 29.1462 28.9968 28.6453 30.5239 28.8202 29.3915 28.2610 29.5311 28.9079 30.4521 29.5323 29.1510 28.5448 28.1543 29.2293 31.3098 31.0844 27.8579 31.6504 35.4276 31.5578 36.5202 33.0580 34.6326 35.2254 35.6216 33.8087 40.7135 33.6445 30.5490 38.6211 33.0837 35.2550 33.8081 38.9891 41.7193 35.6096 30.8097 32.9863 34.0155 38.1610 36.1278 38.0224 30.2002 35.9041 39.9801 35.5707 41.3945 31.5313 17.3592 15.7920 15.7199 17.2294 17.8194 18.2250 15.1808 18.3843 18.4785 17.6726 18.2678 17.1655 17.8393 18.0113 16.5733 18.0193 17.1872 15.8900 15.9596 15.7155 16.7592 17.0266 16.7627 15.3400 18.8308 17.3425 17.1223 15.1105 17.6943 16.9026
67.6513 69.6376 67.3854 70.1360 73.6171 67.0401 73.3074 70.4054 71.7838 66.1740 71.2867 72.4510 73.2394 70.3415 71.8164 65.2679 71.3739 70.3021 67.3496 72.3207 64.7906 70.0856 64.5686 64.5374 69.6817 68.6869 66.6559 67.8913 68.7410 65.4059 2.1971 3.3423 0.0000 1.8752 1.3999 3.3889 2.1797 3.4303 1.2790 2.2284 2.4023 4.2468 2.6833 5.9904 2.1356 1.6284 2.6093 4.1839 1.6682 1.3095 2.5999 3.7882 5.8976 1.9559 2.1348 1.3065 2.8584 1.5034 4.2956 1.3545 29.6235 29.5887 28.3886 27.2098 29.9810 27.2500 27.1759 29.0933 29.1106 28.9224 26.9849 29.1395 28.0704 28.3800 30.1794 28.6805 29.1262 28.1237 28.9427 28.5000 30.2566 28.9891 29.0571 28.4397 27.8871 29.2226 31.0445 30.4570 27.5926 31.2638 36.5169 32.5791 37.5563 34.2281 35.6943 36.2714 36.7984 34.9204 41.6951 34.6689 31.9107 39.6701 34.1675 36.4028 34.8136 40.1307 42.8216 36.9123 31.7899 34.3729 35.1586 39.1209 37.2054 39.0891 31.4918 36.8996 40.7278 36.6773 42.5310 32.7396 15.1158 13.7663 14.2232 16.1062 16.8182 16.6483 14.4813 17.3470 16.9684 15.9065 15.9431 15.4998 16.3512 16.2796 14.9824 15.8107 16.1012 14.5722 14.0435 14.0401 14.5601 15.7940 15.5386 13.8899 17.9281 15.0547 14.6135 14.0257 16.9268 15.1351
66.2869 68.4998 66.0744 69.0787 72.3999 65.9822 72.1547 69.1840 70.5779 65.0573 70.2251 71.2810 72.0657 69.2326 70.7581 63.9537 70.1527 69.2341 66.3044 71.0765 63.6672 69.0180 63.4903 63.2355 68.6400 67.6329 65.5273 66.5951 67.5927 64.2694 1.7716 2.2970 1.8752 0.0000 2.2455 2.4564 1.2686 3.8221 1.4333 2.6127 2.5259 4.0887 3.1623 6.4557 2.3520 2.1909 2.8269 4.4503 2.7540 2.1571 2.3335 3.9233 6.2232 2.1419 2.2794 1.7279 3.5247 1.2137 4.1854 1.3199 28.8554 28.7519 27.6424 26.5317 29.4130 26.3016 26.6275 28.1449 28.1623 28.3009 26.2786 28.1912 27.7020 27.6338 29.5095 27.8087 28.3800 27.1753 28.4867 27.7738 29.4122 28.4879 28.1395 27.4914 27.1409 28.2742 30.2983 30.0010 26.8464 30.6758 35.0504 31.1335 36.1856 32.7944 34.2524 34.8663 35.3786 33.4516 40.5892 33.2001 30.3060 38.4204 32.6988 34.9081 33.4187 38.8387 41.6816 35.3393 30.3211 32.6808 33.6770 37.8534 35.8003 37.8961 29.8893 35.4433 39.4973 35.2241 41.3100 31.2882 15.4973 14.0878 14.1851 15.8889 16.5460 16.7163 14.0929 17.1297 17.0140 16.1021 16.4530 15.6173 16.4274 16.4857 14.9735 16.1764 15.8810 14.3187 14.2128 14.1745 14.8971 15.6240 15.4352 13.8164 17.7515 15.4919 15.1386 13.6472 16.5349 15.2960
