0.0000 6.4341 5.3408 3.3366 3.4223 6.5455 3.1233 5.0229 3.5721 6.2944 4.3400 4.1228 3.4573 4.3695 3.8860 3.2450 4.5880 5.4018 6.9267 2.0122 6.7918 3.4333 6.6645 5.3973 4.6315 3.9012 5.8481 6.6146 4.6473 5.7709 122.6529 123.6602 124.1158 123.8136 124.2447 124.7737 124.6008 123.6278 124.4579 123.1583 123.8345 124.6904 124.2386 125.5540 124.3537 125.6952 123.6907 125.2013 124.1977 124.6564 123.4132 124.1601 126.3626 123.3577 123.2031 123.1638 125.5375 122.3621 124.9584 124.2872 6.2791 6.8151 11.3844 15.9846 11.8289 12.5270 18.3290 14.8376 6.6955 18.8544 16.6957 14.0732 25.8998 16.7690 13.6146 10.9349 9.8523 8.3120 16.6688 9.2801 3.0771 13.7011 8.2190 7.0955 17.3656 11.7700 8.6018 19.0697 12.5320 5.5150 48.0635 51.9753 45.7530 52.9539 44.7343 51.2396 53.7690 54.4130 39.3898 48.7978 61.1005 40.0925 49.0862 46.6399 49.0521 45.5058 38.5734 42.8027 52.8684 52.2154 48.9154 43.7246 47.0121 49.1210 47.6507 46.1797 38.7533 50.0506 41.1902 53.5344 76.7037 83.2501 80.4089 84.0984 79.4080 80.1849 83.6513 85.2358 82.3067 79.9929 81.1793 81.8264 81.3278 75.2569 78.9100 81.5616 81.9437 75.9925 78.5538 84.1561 82.6049 77.3769 82.7824 81.9351 82.4317 83.7972 73.7162 82.5442 79.1868 85.0171
6.4341 0.0000 4.9554 4.0249 6.1368 3.3133 4.1027 4.2341 3.7878 1.6296 2.8356 3.7129 4.6631 2.6932 2.7783 3.4676 2.7285 2.6071 4.6770 5.0738 2.7374 3.4025 1.9907 4.2521 3.0155 2.8221 1.5215 2.6726 3.1031 3.5139 116.5478 117.6760 117.9270 117.6536 118.0385 118.6745 118.4555 117.4384 118.2757 116.9949 117.6632 118.6964 118.0559 119.3784 118.1672 119.5063 117.5177 119.0185 118.0725 118.4861 117.2540 117.9509 120.2205 117.1662 117.0790 117.0356 119.3735 116.2523 118.9169 118.1182 3.9044 4.6157 6.3986 10.2451 6.1330 6.8791 12.1981 9.2448 5.1041 12.7647 10.8349 8.5037 19.7434 11.0391 8.1337 5.4359 5.4959 3.1993 10.4869 4.5984 5.7715 8.1379 3.9029 4.2718 11.2348 6.6578 6.7345 13.1464 6.4910 4.8990 42.3687 46.3419 40.1578 47.3126 39.1908 45.7352 48.2291 48.8589 33.7551 43.1750 55.8079 34.2594 43.4146 41.0237 43.6568 39.9482 33.0551 37.3871 47.1827 46.7715 43.3792 37.9914 41.5997 43.5273 41.9182 40.4815 33.0009 44.3062 35.6976 48.1409 70.6783 77.1343 74.4485 78.1141 73.4457 74.0946 77.7321 79.0936 76.2149 73.9176 75.0586 75.7603 75.3735 69.2993 72.7171 75.5012 75.8368 69.9204 72.5541 78.0877 76.4881 71.4005 76.7837 75.9471 76.3060 77.7913 67.6476 76.6037 73.2504 78.9363
5.3408 4.9554 0.0000 3.5450 3.0307 3.0822 3.1000 2.4812 2.8032 5.3037 3.9259 3.3066 2.9118 3.7489 3.9924 3.4703 3.5669 2.9878 2.9717 4.8308 3.6452 4.3882 4.0311 2.1690 3.2176 3.9958 5.0377 4.1922 3.1415 2.0736 118.7219 119.6661 120.2489 119.9140 120.3504 120.7784 120.7044 119.7643 120.5534 119.2707 119.9786 120.6627 120.3860 121.6559 120.4951 121.7977 119.7939 121.2788 120.2859 120.7784 119.5183 120.3210 122.4880 119.4785 119.2976 119.3127 121.6581 118.4201 121.0324 120.3637 6.8743 7.6313 10.8054 14.5339 8.7630 10.9835 16.1358 13.6599 7.7243 16.6703 14.7582 12.4667 23.4623 15.2419 12.5123 9.3710 9.0657 7.3887 14.0973 8.6671 5.0806 11.9705 7.1740 7.0633 14.6881 10.4933 9.6544 17.1028 9.9061 7.1234 43.7894 47.8729 41.6287 48.4017 40.0438 47.1039 49.0424 49.9212 35.3120 44.4183 56.1982 35.9041 44.7153 42.3262 44.9233 41.5754 35.0627 38.4727 48.9089 47.4003 45.0860 40.0673 42.5420 45.0097 43.3202 42.0711 35.0412 45.6727 37.0292 48.8513 73.3507 79.8194 76.9906 80.8458 76.0807 76.9576 80.1322 81.9840 79.2003 76.7875 77.9103 78.6010 77.9464 71.7913 75.6058 78.3476 78.6951 72.2945 75.2636 80.7738 79.4529 73.6910 79.4563 78.5251 78.8775 80.7893 70.3532 79.0696 75.5869 81.8271
3.3366 4.0249 3.5450 0.0000 3.3180 3.8021 2.1159 2.5466 2.1453 3.8987 2.1465 1.4175 2.4219 2.3878 1.9193 1.6032 2.0237 2.6588 4.2519 2.5413 4.4593 2.1451 3.9267 2.8818 1.9146 2.1188 3.5012 4.1861 2.7992 3.2947 119.9417 121.0141 121.3664 121.0829 121.4824 122.0767 121.8877 120.8680 121.7070 120.4122 121.0958 121.9974 121.5247 122.7990 121.5965 122.9520 120.9641 122.4435 121.4956 121.8897 120.6800 121.4287 123.6499 120.5999 120.4976 120.4395 122.8054 119.6725 122.2986 121.5258 4.5452 5.2473 9.2367 13.5676 8.9721 10.0027 15.7075 12.4662 5.3107 16.2788 14.1207 11.4744 23.2114 14.2729 11.3094 8.3020 7.4762 5.9631 13.8765 7.0243 3.0838 11.0187 5.7957 5.0917 14.6020 9.3435 7.2637 16.5082 9.8458 4.4782 45.4851 49.3866 43.2299 50.2144 41.9847 48.7951 50.9458 51.7656 36.7450 46.1344 58.5313 37.4769 46.4902 44.0463 46.5406 42.9223 36.1320 40.0552 50.3203 49.5028 46.4386 41.2178 44.3660 46.5723 44.9845 43.6173 36.1842 47.3724 38.5785 50.6572 74.1074 80.5428 77.7772 81.4465 76.7976 77.5419 81.0785 82.5743 79.7176 77.3634 78.5618 79.2536 78.7262 72.6893 76.2207 78.8626 79.3202 73.3124 75.8769 81.4679 79.9427 74.7200 80.2255 79.4090 79.6819 81.2618 71.1269 79.9583 76.5042 82.4242
3.4223 6.1368 3.0307 3.3180 0.0000 5.0118 2.6500 3.3232 2.9489 6.4249 4.1852 3.5487 3.0085 4.1842 4.0799 3.2194 4.3879 4.5595 5.0826 3.5914 5.5659 4.1761 5.5835 3.6703 3.9117 4.2050 5.8183 5.9386 4.0293 3.9782 121.2665 122.2192 122.7992 122.4810 122.8911 123.3119 123.2571 122.2987 123.1309 121.8208 122.5348 123.2516 122.9109 124.2236 123.0497 124.3520 122.3587 123.8084 122.8202 123.3590 122.0910 122.8634 125.0296 122.0490 121.8359 121.9068 124.2080 120.9497 123.5336 122.9410 6.8236 7.4943 11.7350 16.0772 10.7376 12.3778 17.9920 15.0298 7.4452 18.5553 16.3968 13.9120 25.4536 16.7488 13.8276 10.6596 9.8329 8.4333 16.0028 9.4703 3.4607 13.4675 8.1019 7.2963 16.5999 11.6242 9.4127 18.7879 11.8548 6.4389 46.3660 50.5447 44.3153 51.0217 42.7610 49.7400 51.6856 52.5960 37.9964 47.1402 58.6629 38.4620 47.3347 44.9871 47.6184 44.2554 37.5849 41.1456 51.5362 49.9847 47.6976 42.6367 45.2082 47.6340 45.9976 44.7183 37.6473 48.3402 39.7196 51.5481 75.8272 82.3495 79.5402 83.3354 78.5969 79.4226 82.6699 84.4486 81.5950 79.2688 80.3528 81.0286 80.5129 74.3462 78.0729 80.8340 81.1398 74.8782 77.7613 83.3237 81.8940 76.3132 81.9505 80.9750 81.4525 83.2143 72.8602 81.6001 78.1915 84.2835
6.5455 3.3133 3.0822 3.8021 5.0118 0.0000 3.9631 2.2597 3.6630 3.5748 3.4632 2.9156 4.0563 3.0146 3.5946 3.8688 3.0306 2.1306 1.9871 5.6228 2.8295 4.4305 2.0336 2.4671 2.5403 3.7569 3.5691 3.3047 3.4205 1.5277 116.8490 117.9064 118.2899 118.0267 118.4015 118.9799 118.8278 117.7791 118.6246 117.3263 118.0389 118.9160 118.4549 119.7356 118.5184 119.8709 117.8939 119.3305 118.4000 118.8262 117.5951 118.3651 120.5992 117.5075 117.4144 117.3832 119.7495 116.5636 119.2240 118.4282 5.5077 6.3483 8.3631 11.9830 6.4749 8.5964 13.6339 11.1584 6.3824 14.3220 12.3743 9.8246 20.9694 12.6517 10.0863 6.8099 6.9209 5.2266 11.5551 6.3941 5.6253 9.2210 5.3456 5.5996 12.0411 8.2998 8.1745 14.5878 7.7666 6.2146 42.4084 46.5120 40.1869 47.0575 38.6830 45.8541 47.4594 48.6192 33.7022 43.0489 55.0543 34.2634 43.3859 41.0049 43.7181 40.1224 33.4523 36.8297 47.4875 46.1651 43.7535 38.4258 41.3129 43.5968 41.9611 40.5414 33.3509 44.1139 35.6914 47.3114 71.4223 77.8199 75.0905 78.8129 74.0905 74.8654 78.3472 79.9271 77.1162 74.8205 75.8485 76.5970 76.0136 69.9738 73.5739 76.2143 76.6377 70.4555 73.1881 78.7527 77.3848 71.8137 77.5699 76.6303 76.8481 78.7409 68.4233 77.1803 73.7508 79.8231
3.1233 4.1027 3.1000 2.1159 2.6500 3.9631 0.0000 2.9148 1.0344 4.2807 2.2837 2.3756 1.8803 2.1002 2.0306 1.4143 2.4469 2.9578 4.6409 2.4001 3.9670 2.1122 4.0562 3.2587 2.4616 2.0732 3.8314 4.0771 2.1934 3.1100 119.8553 120.8336 121.3579 121.0375 121.4675 121.9405 121.8184 120.8688 121.6852 120.3891 121.0708 121.8755 121.4745 122.7735 121.5808 122.9212 120.9163 122.4121 121.4120 121.8909 120.6444 121.4110 123.5846 120.5974 120.4240 120.4149 122.7617 119.5646 122.1446 121.5072 5.2637 6.1010 9.8863 14.0860 9.3042 10.5658 16.0943 13.0596 6.0832 16.6910 14.6235 12.1663 23.6493 14.8802 11.8717 8.9804 8.3651 6.4336 14.3385 7.7498 3.4648 11.7824 6.6248 5.9474 14.9604 10.0111 8.1607 16.9450 10.0865 5.2577 45.1790 49.2281 42.9871 50.1099 41.8397 48.4839 50.8942 51.5359 36.6488 45.9948 58.1426 37.1927 46.2237 43.7867 46.3364 42.8305 36.0086 40.0387 50.1448 49.2534 46.2352 41.0636 44.1678 46.3318 44.8191 43.3628 36.0657 47.1729 38.4378 50.7261 74.1170 80.6899 77.8622 81.5868 76.8509 77.6429 81.0056 82.7324 79.7973 77.5133 78.6496 79.2954 78.7984 72.6728 76.3602 79.0772 79.4000 73.3354 76.0402 81.6231 80.1189 74.7125 80.2268 79.3098 79.8105 81.3611 71.1695 79.9433 76.5853 82.5362
5.0229 4.2341 2.4812 2.5466 3.3232 2.2597 2.9148 0.0000 2.8507 4.4396 2.8656 1.7681 3.0122 2.7391 3.0526 2.9853 2.8913 2.6487 2.6429 4.4862 3.9173 3.7877 3.2701 1.6941 1.9820 3.3115 4.1290 4.1969 3.2249 1.8430 118.8175 119.8425 120.2835 120.0035 120.3912 120.9445 120.8055 119.7544 120.6173 119.3034 120.0238 120.8493 120.4502 121.7272 120.5028 121.8679 119.8842 121.3010 120.3836 120.8112 119.5909 120.3599 122.5727 119.5002 119.4008 119.3653 121.7315 118.5328 121.1792 120.4082 5.2946 6.1355 9.4607 13.5257 8.0248 9.8775 15.3359 12.5894 6.0038 16.0655 13.8717 11.2416 22.7996 14.1395 11.4063 8.0634 7.5326 6.1187 13.2989 7.2471 3.9288 10.7251 5.9400 5.5617 13.8126 9.3267 7.9195 16.1706 9.3676 5.5117 44.2957 48.4012 42.1267 48.9102 40.5525 47.7423 49.3130 50.4634 35.6575 44.9327 56.7867 36.2163 45.2739 42.8809 45.5456 42.0363 35.3641 38.6963 49.4094 47.9411 45.6315 40.3889 43.1212 45.4872 43.8628 42.4660 35.3206 46.0701 37.5543 49.1234 73.4336 79.8441 77.0744 80.8027 76.0960 76.8744 80.3111 81.9383 79.1315 76.8248 77.9106 78.6147 78.0480 72.0186 75.5898 78.2331 78.6349 72.4882 75.1865 80.7887 79.3861 73.8450 79.6030 78.6482 78.8601 80.7354 70.4828 79.2047 75.7758 81.8526
3.5721 3.7878 2.8032 2.1453 2.9489 3.6630 1.0344 2.8507 0.0000 3.9950 2.4271 2.3979 1.6461 2.0911 2.0520 1.4816 2.1500 2.4577 4.1961 2.6961 3.4907 2.0456 3.7077 2.9202 2.2847 1.9911 3.6479 3.5062 1.8888 2.7311 119.3618 120.3317 120.8545 120.5304 120.9712 121.4407 121.3225 120.3673 121.1876 119.8905 120.5682 121.3637 120.9795 122.2834 121.0965 122.4174 120.4192 121.9155 120.9161 121.4031 120.1503 120.9136 123.0858 120.1026 119.9232 119.9167 122.2575 119.0596 121.6497 121.0121 5.3951 6.2574 9.7841 13.8062 8.9583 10.3609 15.7455 12.8229 6.3304 16.3060 14.3426 11.9523 23.2883 14.6332 11.6507 8.7764 8.3304 6.2536 13.9854 7.6705 3.9291 11.5604 6.4806 6.0366 14.6709 9.8554 8.3608 16.6765 9.6718 5.5498 44.6471 48.6409 42.4161 49.5737 41.3010 47.9009 50.3832 50.9673 36.0724 45.4257 57.6674 36.6877 45.6850 43.2368 45.7513 42.2266 35.4322 39.4958 49.5689 48.7305 45.6464 40.4871 43.5889 45.7597 44.2462 42.8147 35.5012 46.6369 37.8434 50.1890 73.5985 80.1547 77.2999 81.0660 76.3234 77.1413 80.4747 82.2161 79.3040 76.9650 78.1391 78.7690 78.2496 72.1260 75.8545 78.5682 78.8907 72.7854 75.5243 81.0973 79.6109 74.1704 79.6919 78.7786 79.2913 80.8337 70.6367 79.3954 76.0224 82.0120
6.2944 1.6296 5.3037 3.8987 6.4249 3.5748 4.2807 4.4396 3.9950 0.0000 3.1765 3.5818 4.6252 2.6968 2.8601 3.6406 2.4844 2.6672 4.7174 4.9903 3.4498 3.3843 2.5381 4.5524 3.0563 2.8406 1.6381 2.8013 3.4866 3.8981 116.7661 117.9255 118.1319 117.8938 118.2674 118.9449 118.6937 117.6398 118.4943 117.2044 117.8697 118.9403 118.2820 119.5863 118.3768 119.7309 117.7515 119.2448 118.3181 118.6750 117.4694 118.1772 120.4352 117.3738 117.2897 117.2171 119.5921 116.4955 119.1714 118.3355 3.9321 4.7879 6.1909 10.0548 6.4701 7.0212 12.2702 9.0999 4.9937 12.8405 10.9973 8.3698 19.7640 10.9848 8.0055 5.3740 5.5862 3.0624 10.6252 4.4829 5.8501 7.9564 4.1185 4.4254 11.3952 6.8511 6.5842 13.2193 6.7700 4.9232 42.7265 46.5988 40.3673 47.7476 39.5336 46.0166 48.4959 49.1991 33.8627 43.4760 56.3736 34.5892 43.8106 41.3681 43.8926 40.0472 33.0615 37.4538 47.3843 47.2173 43.5518 38.0976 41.9017 43.7421 42.2620 40.7333 33.0950 44.5590 35.8970 48.3040 70.7211 77.1814 74.4712 78.0591 73.4222 74.1061 77.8078 79.1392 76.2468 73.9680 75.1093 75.7892 75.3541 69.3627 72.8011 75.4294 75.8768 70.0593 72.4757 78.0923 76.5235 71.4585 76.8351 76.0148 76.3533 77.7533 67.7119 76.6105 73.2876 78.9460
4.3400 2.8356 3.9259 2.1465 4.1852 3.4632 2.2837 2.8656 2.4271 3.1765 0.0000 2.0738 3.3373 1.8178 1.4066 1.8034 2.1075 2.7161 4.6186 3.3685 3.7236 2.2011 3.0400 3.2286 1.9851 1.7217 2.6563 3.6938 2.3624 3.1965 118.8731 119.9550 120.2925 119.9924 120.3970 120.9930 120.7992 119.8024 120.6228 119.3325 120.0134 120.9614 120.4327 121.7107 120.5035 121.8679 119.8613 121.3724 120.4192 120.8088 119.6014 120.3297 122.5703 119.5065 119.4307 119.3748 121.7236 118.6031 121.2217 120.4465 3.5638 4.2359 8.1439 12.4501 7.8518 8.6806 14.4793 11.3128 4.4413 15.1061 12.8278 10.3747 22.0644 13.0818 10.0986 7.2539 6.3377 4.8271 12.7436 5.9169 3.4737 10.0540 4.7172 3.9763 13.3755 8.1090 6.4781 15.2087 8.6725 3.8681 44.5353 48.5038 42.3786 49.3810 41.2015 47.9220 50.2368 50.9184 36.0062 45.2949 57.6504 36.5084 45.5709 43.1393 45.7055 42.1882 35.4089 39.4643 49.4748 48.6834 45.5923 40.3740 43.6117 45.7397 44.0937 42.7151 35.3103 46.5020 37.8132 50.0976 73.1296 79.6045 76.8967 80.5358 75.8958 76.5482 80.0860 81.5627 78.7031 76.4114 77.6103 78.3148 77.8426 71.7826 75.1878 77.9591 78.3165 72.3725 74.9872 80.5258 78.9480 73.8240 79.2656 78.4623 78.7079 80.3016 70.1716 79.0798 75.6679 81.4391
4.1228 3.7129 3.3066 1.4175 3.5487 2.9156 2.3756 1.7681 2.3979 3.5818 2.0738 0.0000 2.7422 2.0434 2.0418 2.0490 1.9920 2.3816 3.5294 3.3980 4.1312 2.6754 3.3255 2.5356 1.4537 2.3523 3.2764 4.0200 2.9619 2.6619 119.2913 120.3744 120.7203 120.4605 120.8329 121.4411 121.2671 120.2061 121.0637 119.7582 120.4595 121.3809 120.8870 122.1649 120.9422 122.3148 120.3286 121.7807 120.8482 121.2511 120.0404 120.7903 123.0185 119.9448 119.8567 119.8006 122.1649 119.0245 121.6665 120.8659 4.4264 5.2025 8.7913 13.0836 8.3504 9.5333 15.1791 12.0349 5.0779 15.8335 13.6384 10.9020 22.6503 13.7603 10.8938 7.7136 7.0248 5.5482 13.2775 6.5345 3.3787 10.3712 5.4938 4.8666 13.8799 8.9588 7.1000 15.9672 9.3918 4.4837 44.9337 48.9226 42.6861 49.6628 41.3508 48.3135 50.1606 51.1917 36.1664 45.5898 57.8065 36.8357 45.9425 43.5128 46.1010 42.4580 35.6694 39.3661 49.8703 48.8365 46.0412 40.7340 43.8363 46.0522 44.4787 43.0585 35.6764 46.7180 38.1004 49.9364 73.6008 80.0197 77.2811 80.9342 76.2766 77.0112 80.5842 82.0709 79.2054 76.9184 78.0273 78.7516 78.2200 72.2136 75.7114 78.3209 78.7873 72.7890 75.3312 80.9391 79.4652 74.1543 79.7448 78.8736 79.1031 80.7852 70.6266 79.4357 76.0051 81.9400
3.4573 4.6631 2.9118 2.4219 3.0085 4.0563 1.8803 3.0122 1.6461 4.6252 3.3373 2.7422 0.0000 2.8177 2.8361 2.2359 2.6774 2.8840 4.2107 2.8806 4.1216 2.6509 4.4976 2.9933 2.7469 2.6464 4.3724 3.9676 2.5704 3.1293 119.8413 120.7799 121.3646 121.0308 121.5030 121.9622 121.8241 120.8627 121.6893 120.3921 121.0846 121.7973 121.4963 122.8013 121.5877 122.9407 120.9270 122.4193 121.4045 121.8844 120.6389 121.4197 123.5825 120.6058 120.4358 120.3527 122.7653 119.5685 122.1515 121.4916 6.0773 6.9827 10.4401 14.4575 9.5433 11.1260 16.4375 13.5265 6.9344 17.0018 15.1079 12.6087 23.9477 15.3459 12.3362 9.4766 9.0481 6.8995 14.6488 8.4010 4.1642 12.1778 7.1680 6.8147 15.3907 10.6122 8.9595 17.4052 10.3560 6.1392 45.0848 49.0067 42.7509 49.9146 41.5986 48.2465 50.6839 51.3242 36.3439 45.7309 58.1067 37.1243 46.0653 43.6051 46.0964 42.5010 35.6607 39.6388 49.9006 49.1293 46.0122 40.8393 43.8823 46.0861 44.6448 43.1474 35.9016 47.0205 38.1554 50.3492 74.1015 80.6083 77.6571 81.4989 76.7295 77.5982 80.9611 82.7226 79.8156 77.4390 78.6179 79.2450 78.6652 72.5602 76.4017 79.0014 79.3518 73.2356 75.9496 81.5758 80.1170 74.5584 80.1726 79.2395 79.7243 81.2763 71.1149 79.8282 76.3965 82.5325
4.3695 2.6932 3.7489 2.3878 4.1842 3.0146 2.1002 2.7391 2.0911 2.6968 1.8178 2.0434 2.8177 0.0000 1.4955 1.9046 1.9175 2.2496 4.0691 3.4129 3.4336 2.2247 2.7683 3.2834 1.9312 1.6790 2.5100 3.3922 2.3727 2.6914 118.5636 119.6115 119.9929 119.7269 120.1168 120.7028 120.5140 119.4834 120.3424 119.0363 119.7182 120.6692 120.1336 121.4519 120.2275 121.5772 119.5952 121.0584 120.1160 120.5398 119.3098 120.0526 122.2745 119.2268 119.1076 119.0695 121.4488 118.2650 120.9132 120.1725 4.2098 5.1437 8.1673 12.3622 7.9070 8.9991 14.4396 11.4006 5.0756 15.1257 13.0636 10.4568 22.0345 13.1491 10.1982 7.2979 6.9320 4.8336 12.6986 6.1420 3.9747 10.0074 5.2958 4.8591 13.2803 8.6131 7.1040 15.3189 8.6986 4.5557 44.2279 48.2380 41.9146 49.1822 40.8645 47.5667 49.7478 50.5994 35.5056 44.9847 57.2864 36.0618 45.2942 42.8678 45.4449 41.7897 34.8749 38.8841 49.1295 48.3919 45.2942 39.9089 43.3065 45.3245 43.8380 42.2644 34.8856 46.0692 37.4883 49.6475 72.8081 79.3148 76.5343 80.2055 75.4797 76.2197 79.7760 81.3106 78.4052 76.1493 77.2366 77.9062 77.4279 71.3966 74.9635 77.6234 77.9920 72.0488 74.6113 80.2257 78.7301 73.3895 78.9336 77.9923 78.4029 79.9432 69.8163 78.6216 75.3099 81.1382
3.8860 2.7783 3.9924 1.9193 4.0799 3.5946 2.0306 3.0526 2.0520 2.8601 1.4066 2.0418 2.8361 1.4955 0.0000 1.2921 1.6885 2.4372 4.6360 2.7428 3.6631 1.3875 3.1701 3.3696 1.8383 0.9000 2.3627 3.4995 2.1352 3.2139 119.0318 120.1105 120.4538 120.1678 120.5716 121.1706 120.9639 119.9626 120.7995 119.5039 120.1826 121.1287 120.5828 121.8907 120.6829 122.0356 120.0435 121.5348 120.5697 120.9925 119.7614 120.4845 122.7282 119.6900 119.5825 119.5340 121.8851 118.7510 121.3751 120.6276 3.6580 4.4969 8.1342 12.4748 8.1708 8.9438 14.6336 11.3671 4.6302 15.2090 13.1027 10.5393 22.2061 13.2452 10.1603 7.3875 6.6811 4.8245 12.9139 6.0488 3.4765 10.1977 4.9741 4.4189 13.6310 8.3514 6.6339 15.4410 8.8168 3.9051 44.6786 48.6520 42.4548 49.5595 41.4209 47.9873 50.4527 51.1087 36.0476 45.4483 57.9406 36.6329 45.7178 43.3045 45.8557 42.2252 35.3135 39.5450 49.5175 48.9462 45.6547 40.3581 43.7635 45.8063 44.2561 42.8110 35.3564 46.6502 37.9186 50.2639 73.1715 79.6613 76.9090 80.5706 75.9125 76.6032 80.1701 81.6231 78.7376 76.4482 77.6105 78.2890 77.8469 71.7989 75.2804 77.9900 78.3510 72.4300 75.0164 80.5975 79.0080 73.8808 79.2808 78.4415 78.8237 80.2814 70.1852 79.0732 75.7224 81.4540
3.2450 3.4676 3.4703 1.6032 3.2194 3.8688 1.4143 2.9853 1.4816 3.6406 1.8034 2.0490 2.2359 1.9046 1.2921 0.0000 1.9534 2.6159 4.6432 2.1931 3.8665 1.3839 3.6548 3.1861 2.0474 1.3148 3.0163 3.8201 2.1074 3.1970 119.6536 120.6935 121.0974 120.7977 121.2088 121.7568 121.5906 120.6091 121.4406 120.1474 120.8331 121.7148 121.2164 122.5351 121.3366 122.6699 120.6670 122.1709 121.1859 121.6431 120.4023 121.1352 123.3533 120.3406 120.1980 120.1763 122.5162 119.3612 121.9692 121.2674 4.4152 5.1344 9.0473 13.3779 8.8566 9.8153 15.4791 12.2706 5.3267 15.9915 13.9124 11.4338 23.0168 14.1365 11.0795 8.2436 7.5131 5.7421 13.7028 6.8831 3.1972 11.0663 5.7282 5.0902 14.4593 9.1993 7.3316 16.3086 9.5685 4.3721 45.1314 49.1007 42.9221 49.9734 41.7969 48.4206 50.8718 51.5115 36.5342 45.8676 58.2354 37.1404 46.1237 43.7249 46.2847 42.6989 35.8326 40.0077 49.9881 49.2877 46.1286 40.9009 44.1471 46.2680 44.6860 43.3158 35.9254 47.1176 38.3673 50.6933 73.8266 80.3047 77.5331 81.2563 76.5775 77.2956 80.8117 82.3184 79.4310 77.0968 78.2650 78.9507 78.4972 72.3938 75.9482 78.6894 79.0318 73.0398 75.7129 81.2664 79.7072 74.4957 79.9110 79.0589 79.4780 80.9834 70.8073 79.7003 76.2968 82.1388
4.5880 2.7285 3.5669 2.0237 4.3879 3.0306 2.4469 2.8913 2.1500 2.4844 2.1075 1.9920 2.6774 1.9175 1.6885 1.9534 0.0000 1.5869 3.7767 3.4200 3.1303 2.1142 2.8440 3.0225 1.4809 1.6688 2.3859 2.6606 2.2071 2.8074 118.3464 119.4205 119.7900 119.4972 119.9056 120.4720 120.2884 119.2993 120.1224 118.8373 119.5191 120.4015 119.9350 121.2033 120.0106 121.3733 119.3713 120.8696 119.9059 120.3084 119.0910 119.8363 122.0474 119.0253 118.8988 118.8403 121.2104 118.0778 120.6984 119.9407 4.3660 5.2718 8.2471 12.2156 7.7358 8.8640 14.2929 11.2269 5.4156 14.8386 12.9093 10.3202 21.7548 13.0619 10.1154 7.1301 6.8760 4.7744 12.5308 6.1698 4.4213 9.9372 5.2123 4.9694 13.2758 8.3863 7.2540 15.2188 8.3709 4.8673 43.9078 47.8516 41.6440 48.8137 40.5682 47.1848 49.6129 50.2774 35.1741 44.6592 57.2670 35.9163 44.9408 42.4839 44.9920 41.3128 34.4771 38.6070 48.6861 48.1251 44.8086 39.5517 42.8790 44.9738 43.4623 42.0490 34.5522 45.8179 37.0402 49.3212 72.4250 78.9183 76.1635 79.7962 75.1519 75.9107 79.4026 80.9615 78.0613 75.7474 76.9238 77.5839 77.0834 71.0429 74.6062 77.2464 77.6736 71.7021 74.2449 79.8584 78.3301 73.0908 78.5472 77.7268 78.0943 79.6094 69.4676 78.2901 74.9088 80.7867
5.4018 2.6071 2.9878 2.6588 4.5595 2.1306 2.9578 2.6487 2.4577 2.6672 2.7161 2.3816 2.8840 2.2496 2.4372 2.6159 1.5869 0.0000 2.8764 4.1810 2.3134 2.8895 2.2065 2.4180 1.8242 2.3485 2.5930 2.1956 2.1577 1.8998 117.5888 118.6451 119.0259 118.7363 119.1473 119.7112 119.5414 118.5397 119.3671 118.0793 118.7636 119.6336 119.1769 120.4621 119.2668 120.6063 118.6143 120.0997 119.1407 119.5536 118.3308 119.0859 121.3030 118.2665 118.1487 118.0949 120.4600 117.3106 119.9461 119.1826 5.0659 5.9450 8.3742 12.1012 7.2065 8.8124 13.9792 11.1939 6.1250 14.5142 12.7011 10.2146 21.3864 12.9507 10.1247 7.1270 7.1031 5.0098 12.0814 6.4258 5.1243 9.6965 5.2741 5.4709 12.8400 8.4542 7.9975 14.9781 7.9754 5.7127 43.0455 46.9898 40.7728 47.7963 39.5525 46.3363 48.5778 49.3463 34.2931 43.7036 56.1995 35.0133 44.0311 41.5991 44.1919 40.5089 33.7215 37.6658 47.8728 47.1257 44.0356 38.7859 41.9508 44.1176 42.5509 41.1431 33.7776 44.9100 36.1644 48.2950 71.7997 78.2373 75.4391 79.1975 74.4791 75.2733 78.7604 80.3223 77.4682 75.1006 76.2488 76.9421 76.3945 70.3068 73.9701 76.6227 77.0418 70.9193 73.6181 79.2005 77.7175 72.3277 77.8935 77.0316 77.3747 79.0111 68.7802 77.5866 74.1407 80.1594
6.9267 4.6770 2.9717 4.2519 5.0826 1.9871 4.6409 2.6429 4.1961 4.7174 4.6186 3.5294 4.2107 4.0691 4.6360 4.6432 3.7767 2.8764 0.0000 6.2324 3.7933 5.2557 3.2958 2.4851 3.2780 4.7653 4.8491 3.9223 4.2485 2.0475 117.0123 118.0223 118.4968 118.2221 118.6152 119.1417 119.0224 117.9700 118.8304 117.5127 118.2443 119.0085 118.6827 119.9469 118.7391 120.0825 118.1166 119.5205 118.5822 119.0398 117.7978 118.6045 120.7885 117.7307 117.5907 117.5640 119.9513 116.7233 119.3813 118.6181 6.6671 7.5814 9.5998 12.9192 7.1518 9.7223 14.4728 12.2343 7.4854 15.1336 13.2810 10.7716 21.6845 13.6205 11.1657 7.8425 8.0433 6.3486 12.3502 7.5923 6.1652 10.1465 6.4430 6.7610 12.8798 9.3515 9.1704 15.4850 8.5356 7.3040 42.4673 46.4997 40.1714 47.0597 38.5757 45.8255 47.2650 48.4998 33.6357 43.0112 54.9557 34.4017 43.4625 41.0356 43.6090 40.0319 33.4767 36.5674 47.5347 46.0055 43.7907 38.5205 41.1364 43.5537 41.9715 40.6026 33.4694 44.0943 35.5771 46.9868 71.6794 78.0665 75.2551 79.0089 74.3000 75.1712 78.5192 80.2457 77.4706 75.1127 76.1983 76.8860 76.1919 70.2278 73.9386 76.4665 76.9361 70.6592 73.3694 78.9939 77.7380 71.9623 77.8432 76.8709 77.0639 79.0506 68.7283 77.3471 73.8800 80.1427
2.0122 5.0738 4.8308 2.5413 3.5914 5.6228 2.4001 4.4862 2.6961 4.9903 3.3685 3.3980 2.8806 3.4129 2.7428 2.1931 3.4200 4.1810 6.2324 0.0000 5.5071 2.1052 5.5308 4.7407 3.7737 2.5865 4.4119 5.3757 3.4935 4.9299 121.3192 122.3749 122.7534 122.4493 122.8706 123.4289 123.2464 122.2721 123.0920 121.8130 122.4797 123.3861 122.8728 124.1856 122.9949 124.3248 122.3262 123.8415 122.8648 123.2843 122.0574 122.7787 125.0008 122.0010 121.8725 121.8236 124.1686 121.0380 123.6457 122.9326 5.4832 6.0328 10.1830 14.6899 10.7085 11.3093 16.9961 13.5135 6.1729 17.4824 15.4816 12.8826 24.4934 15.5265 12.3984 9.7187 8.8638 7.2055 15.3019 8.2300 3.4615 12.4666 7.2323 6.3554 16.1184 10.6806 8.1337 17.8112 11.2313 4.9693 46.7346 50.6806 44.4945 51.5686 43.4803 49.9751 52.5933 53.1837 38.1093 47.5197 59.9847 38.7455 47.7198 45.3067 47.8655 44.1927 37.2324 41.6249 51.4617 51.0097 47.5409 42.3472 45.7613 47.8150 46.3023 44.8529 37.4037 48.7766 39.9125 52.3346 75.2607 81.7536 78.9616 82.6900 77.9684 78.7275 82.2735 83.7638 80.8226 78.4829 79.6353 80.3105 79.8933 73.7405 77.3769 80.1073 80.4823 74.5020 77.1474 82.7436 81.0960 75.9552 81.3043 80.4571 81.0061 82.3212 72.1947 81.0975 77.7250 83.5317
6.7918 2.7374 3.6452 4.4593 5.5659 2.8295 3.9670 3.9173 3.4907 3.4498 3.7236 4.1312 4.1216 3.4336 3.6631 3.8665 3.1303 2.3134 3.7933 5.5071 0.0000 4.1008 2.3927 3.4092 3.3219 3.4746 3.2743 1.8489 2.5094 2.5404 116.1624 117.1672 117.6816 117.3382 117.7837 118.2488 118.1161 117.2005 117.9992 116.7192 117.4062 118.1752 117.7859 119.0918 117.9062 119.2366 117.2088 118.7334 117.7205 118.1946 116.9511 117.7115 119.8874 116.9162 116.7513 116.7399 119.0674 115.8901 118.4788 117.8171 5.8937 6.7792 8.5080 11.7272 6.4443 8.4774 13.2081 10.8928 7.1034 13.7407 12.1008 10.0357 20.5592 12.6233 9.8562 7.1272 7.4659 5.1528 11.3376 6.8234 6.4469 9.7081 5.7038 6.2757 12.1243 8.2681 8.8528 14.3013 6.9787 6.8066 41.4158 45.5073 39.3147 46.2677 38.1197 44.7714 47.3839 47.8423 32.9747 42.2165 54.6698 33.4915 42.3800 39.9985 42.7355 39.1642 32.3693 36.5121 46.3621 45.6351 42.5396 37.3858 40.4587 42.6127 41.0314 39.6495 32.4401 43.4939 34.7467 47.1623 70.5119 77.0221 74.2024 78.0468 73.2566 74.0720 77.4055 79.1123 76.2306 73.9060 75.0307 75.7009 75.2134 69.0005 72.7415 75.5415 75.7907 69.5984 72.5057 78.0496 76.5214 71.0634 76.5984 75.6855 76.1850 77.8360 67.5181 76.3414 72.9169 78.9534
3.4333 3.4025 4.3882 2.1451 4.1761 4.4305 2.1122 3.7877 2.0456 3.3843 2.2011 2.6754 2.6509 2.2247 1.3875 1.3839 2.1142 2.8895 5.2557 2.1052 4.1008 0.0000 3.9626 3.8634 2.5717 1.2119 2.8253 3.7513 2.3699 3.9148 119.5471 120.5903 120.9766 120.6715 121.0990 121.6673 121.4790 120.4867 121.3330 120.0266 120.7101 121.6045 121.1007 122.4225 121.2130 122.5600 120.5526 122.0635 121.0797 121.5144 120.2896 121.0047 123.2287 120.2230 120.0967 120.0367 122.3863 119.2659 121.8581 121.1473 4.2514 5.0650 8.7330 12.9992 8.9464 9.5784 15.1876 11.8876 5.2270 15.6944 13.7060 11.2171 22.7531 13.8511 10.7233 8.1205 7.4602 5.4086 13.5583 6.7237 3.7715 10.8996 5.7316 5.1754 14.3904 9.0341 7.1699 16.0181 9.3775 4.3474 45.1120 49.0071 42.8595 50.0345 41.9392 48.3441 51.0758 51.5399 36.4487 45.8645 58.5607 37.1065 46.1366 43.6919 46.2198 42.5324 35.5633 40.0225 49.8409 49.4842 45.9306 40.6644 44.1565 46.1588 44.6729 43.2150 35.7185 47.1391 38.2679 50.8200 73.5433 80.0320 77.2122 80.9417 76.2663 76.9693 80.5503 82.0230 79.0943 76.7614 77.9823 78.6270 78.2092 72.1195 75.6723 78.3776 78.7087 72.8160 75.4209 81.0167 79.3732 74.2788 79.6078 78.7702 79.2343 80.5940 70.5375 79.4187 76.0448 81.8261
6.6645 1.9907 4.0311 3.9267 5.5835 2.0336 4.0562 3.2701 3.7077 2.5381 3.0400 3.3255 4.4976 2.7683 3.1701 3.6548 2.8440 2.2065 3.2958 5.5308 2.3927 3.9626 0.0000 3.1866 2.5405 3.3075 2.4922 2.5937 3.1682 2.3722 116.3473 117.4439 117.7565 117.5016 117.8716 118.4649 118.3021 117.2575 118.1307 116.8064 117.5084 118.4663 117.9021 119.2171 118.0174 119.3426 117.3622 118.8125 117.8978 118.3186 117.0978 117.8240 120.0526 117.0020 116.8834 116.8980 119.2078 116.0441 118.7012 117.9445 4.3966 5.3392 7.1287 10.7728 5.5879 7.2838 12.5084 9.8889 5.4780 13.1350 11.1200 8.7345 20.0006 11.4779 8.7507 5.6897 5.7795 3.8517 10.5560 5.1523 5.6140 8.3428 4.1040 4.5608 11.2143 6.9759 7.1550 13.3971 6.5763 5.4499 42.0280 46.0803 39.8917 46.8646 38.6204 45.4653 47.5400 48.3829 33.4363 42.7731 55.0546 33.9517 43.0718 40.7034 43.3704 39.7426 32.9611 36.8397 47.0327 46.0893 43.2562 37.9241 41.1041 43.2207 41.5955 40.2251 32.9031 43.8948 35.3619 47.4518 70.7434 77.1895 74.4697 78.1639 73.4997 74.1908 77.7239 79.1853 76.3751 74.0944 75.2081 75.9045 75.4444 69.3945 72.8504 75.5797 75.9151 69.9078 72.5662 78.1483 76.6532 71.3674 76.9050 75.9927 76.2601 77.9855 67.7740 76.6098 73.2311 79.0720
5.3973 4.2521 2.1690 2.8818 3.6703 2.4671 3.2587 1.6941 2.9202 4.5524 3.2286 2.5356 2.9933 3.2834 3.3696 3.1861 3.0225 2.4180 2.4851 4.7407 3.4092 3.8634 3.1866 0.0000 2.3216 3.4653 4.2597 3.6339 2.8745 1.7699 118.3583 119.3597 119.8534 119.5275 119.9645 120.4771 120.3389 119.3433 120.1848 118.8704 119.5919 120.3283 120.0050 121.2887 120.0791 121.4268 119.4229 120.8862 119.9196 120.3613 119.1371 119.9198 122.1077 119.0720 118.9525 118.9102 121.2705 118.0914 120.6980 119.9664 5.6686 6.5172 9.7265 13.5306 7.7432 9.8549 15.1878 12.5848 6.5482 15.7804 13.7029 11.3241 22.6027 14.1889 11.3988 8.3010 7.7751 6.2344 13.1490 7.5444 4.5269 10.9019 5.8880 5.9054 13.8476 9.2400 8.4195 16.0566 8.9910 6.1010 43.6776 47.6520 41.5208 48.2081 39.9668 47.0256 48.9614 49.8122 35.0797 44.2071 56.3356 35.7629 44.6115 42.2229 44.7986 41.3403 34.7238 38.2353 48.7294 47.4054 44.9065 39.7973 42.4135 44.8331 43.1718 41.8951 34.7782 45.5823 36.8226 48.6555 72.9566 79.3506 76.4980 80.3345 75.6327 76.4338 79.7886 81.4438 78.6898 76.2987 77.5046 78.1948 77.5725 71.4956 75.1438 77.8130 78.1669 71.9483 74.7592 80.3282 78.8968 73.3820 79.0959 78.2018 78.3811 80.2643 70.0046 78.7477 75.2152 81.3624
4.6315 3.0155 3.2176 1.9146 3.9117 2.5403 2.4616 1.9820 2.2847 3.0563 1.9851 1.4537 2.7469 1.9312 1.8383 2.0474 1.4809 1.8242 3.2780 3.7737 3.3219 2.5717 2.5405 2.3216 0.0000 2.1075 2.6976 3.0820 2.5080 2.2506 118.4607 119.5332 119.9140 119.6413 120.0325 120.5956 120.4346 119.4102 120.2711 118.9549 119.6597 120.5321 120.0626 121.3574 120.1438 121.5080 119.5092 120.9656 120.0154 120.4573 119.2348 119.9763 122.1877 119.1575 119.0269 118.9928 121.3460 118.1883 120.8089 120.0662 4.0619 5.0702 8.3235 12.4273 7.5052 8.8845 14.4417 11.4420 4.9854 15.0626 12.9157 10.3056 21.9493 13.1602 10.2668 7.1285 6.6233 4.8326 12.5563 6.0833 3.7805 9.9226 4.9139 4.6049 13.2373 8.2645 6.9182 15.2515 8.5051 4.5592 44.0772 48.0769 41.9028 48.8865 40.6115 47.4236 49.5428 50.3831 35.3886 44.7934 57.1191 36.0641 45.1046 42.6880 45.2590 41.6359 34.8065 38.6771 48.9962 48.0834 45.1777 39.8969 43.0097 45.1926 43.6419 42.2641 34.8901 45.9483 37.2769 49.3087 72.7761 79.2397 76.4747 80.1334 75.5001 76.2306 79.7376 81.2621 78.4024 76.1254 77.2813 77.9584 77.4732 71.4484 74.9575 77.5726 77.9695 72.0075 74.5533 80.1806 78.6859 73.4166 78.9333 78.0615 78.3372 79.9916 69.8589 78.6554 75.2391 81.1484
3.9012 2.8221 3.9958 2.1188 4.2050 3.7569 2.0732 3.3115 1.9911 2.8406 1.7217 2.3523 2.6464 1.6790 0.9000 1.3148 1.6688 2.3485 4.7653 2.5865 3.4746 1.2119 3.3075 3.4653 2.1075 0.0000 2.3635 3.3170 1.9306 3.3134 118.9945 120.0655 120.4188 120.1251 120.5456 121.1294 120.9232 119.9310 120.7647 119.4767 120.1478 121.0769 120.5470 121.8533 120.6526 122.0010 119.9920 121.5040 120.5413 120.9433 119.7259 120.4461 122.6802 119.6550 119.5453 119.4846 121.8441 118.7170 121.3442 120.5912 4.0167 4.8446 8.2704 12.5371 8.2931 9.0981 14.6878 11.4433 5.0276 15.2325 13.2406 10.7080 22.2440 13.3802 10.2594 7.5705 6.9901 5.0197 12.9792 6.3021 3.8086 10.3736 5.2271 4.8191 13.7770 8.5942 7.0164 15.5490 8.8361 4.2771 44.5612 48.5143 42.3248 49.4525 41.3249 47.8439 50.4420 51.0165 35.9270 45.3199 57.9291 36.5513 45.5645 43.1515 45.7389 42.0748 35.1253 39.4811 49.3324 48.8953 45.4650 40.2025 43.6438 45.6608 44.1339 42.6703 35.2296 46.5725 37.7807 50.2150 73.0689 79.5469 76.7723 80.4838 75.7903 76.5112 80.0737 81.5337 78.6437 76.3290 77.4942 78.1678 77.7304 71.6376 75.1784 77.9044 78.2526 72.3170 74.9320 80.5240 78.9102 73.7723 79.1537 78.3096 78.7446 80.1596 70.0439 78.9492 75.5882 81.3507
5.8481 1.5215 5.0377 3.5012 5.8183 3.5691 3.8314 4.1290 3.6479 1.6381 2.6563 3.2764 4.3724 2.5100 2.3627 3.0163 2.3859 2.5930 4.8491 4.4119 3.2743 2.8253 2.4922 4.2597 2.6976 2.3635 0.0000 3.0648 3.1077 3.7358 117.3351 118.4873 118.7053 118.4607 118.8180 119.4820 119.2601 118.2132 119.0785 117.7806 118.4691 119.5023 118.8376 120.1693 118.9516 120.2962 118.3071 119.7895 118.8555 119.2643 118.0498 118.7295 121.0063 117.9543 117.8656 117.8243 120.1551 117.0603 119.7026 118.9019 3.5297 4.2609 6.4166 10.6339 6.8743 7.3190 12.7899 9.5373 4.6747 13.3300 11.3935 8.7862 20.2494 11.4474 8.4799 5.6922 5.5708 3.4697 11.0178 4.5771 5.2689 8.3736 4.1150 4.2027 11.8723 6.9815 6.3827 13.6463 7.2660 4.3164 43.2030 47.1962 41.0310 48.0680 40.0053 46.6009 49.0157 49.7317 34.5230 44.0010 56.6918 35.0727 44.2045 41.8473 44.5754 40.7307 33.7175 38.1006 47.9352 47.6092 44.1893 38.7559 42.4192 44.3260 42.7651 41.3289 33.8050 45.1284 36.5266 48.8608 71.3708 77.7794 75.1085 78.7658 74.1178 74.7388 78.5114 79.7512 76.8422 74.5769 75.6627 76.3966 76.0809 69.9774 73.3726 76.0961 76.4789 70.6320 73.1967 78.7871 77.1273 72.1418 77.4567 76.6086 76.9969 78.4270 68.3028 77.2945 73.9171 79.5920
6.6146 2.6726 4.1922 4.1861 5.9386 3.3047 4.0771 4.1969 3.5062 2.8013 3.6938 4.0200 3.9676 3.3922 3.4995 3.8201 2.6606 2.1956 3.9223 5.3757 1.8489 3.7513 2.5937 3.6339 3.0820 3.3170 3.0648 0.0000 2.7016 3.1011 116.2276 117.2397 117.7444 117.4075 117.8757 118.3503 118.1951 117.2639 118.0823 116.7807 117.4637 118.2297 117.8673 119.1586 117.9732 119.3170 117.2942 118.8236 117.8026 118.2572 117.0330 117.7922 119.9466 116.9967 116.8152 116.7597 119.1214 115.9786 118.5430 117.8853 5.4806 6.5095 8.1763 11.2706 6.3084 8.1493 12.9223 10.4687 6.7077 13.4064 11.7482 9.6666 20.3439 12.2563 9.3760 6.8450 7.1544 4.4987 11.2225 6.4391 6.3933 9.4337 5.3273 5.9473 12.1328 7.8924 8.3708 13.9889 6.6957 6.5747 41.6580 45.5114 39.4202 46.6589 38.4404 44.8497 47.7411 48.0229 32.9836 42.3846 55.2896 33.7899 42.7070 40.2196 42.7063 39.0514 32.2103 36.5630 46.3999 46.0315 42.4893 37.3252 40.5885 42.6694 41.1942 39.8042 32.3758 43.6986 34.7366 47.3810 70.3866 76.9166 74.0189 77.8009 73.1040 73.9117 77.2678 78.9729 76.0882 73.7229 75.0101 75.6090 75.0708 68.9725 72.6779 75.3302 75.6416 69.6167 72.2881 77.8880 76.3685 71.0346 76.4797 75.6382 76.0574 77.5992 67.4822 76.2453 72.7967 78.7995
4.6473 3.1031 3.1415 2.7992 4.0293 3.4205 2.1934 3.2249 1.8888 3.4866 2.3624 2.9619 2.5704 2.3727 2.1352 2.1074 2.2071 2.1577 4.2485 3.4935 2.5094 2.3699 3.1682 2.8745 2.5080 1.9306 3.1077 2.7016 0.0000 2.6367 118.3087 119.3160 119.8145 119.4611 119.9277 120.4143 120.2513 119.3349 120.1219 118.8338 119.5245 120.3138 119.9191 121.2189 120.0367 121.3697 119.3502 120.8926 119.8632 120.3167 119.0757 119.8371 122.0244 119.0463 118.8974 118.8538 121.2037 118.0454 120.6201 119.9544 5.1801 6.0020 9.0925 12.9450 8.0014 9.4645 14.7723 11.9298 6.2716 15.2943 13.3858 11.1275 22.2672 13.8129 10.7555 8.1112 7.7185 5.5733 13.0071 7.1731 4.6425 10.8345 5.8318 5.7367 13.7952 8.9692 8.1819 15.7001 8.5910 5.6676 43.5964 47.5781 41.4242 48.4419 40.3365 46.8679 49.6047 50.0106 35.1272 44.3742 56.8721 35.7077 44.5994 42.1697 44.7307 41.2412 34.4180 38.6666 48.4769 47.8573 44.5717 39.4645 42.6123 44.7569 43.1843 41.7991 34.4901 45.7023 36.8305 49.3367 72.5492 79.0713 76.2402 80.0242 75.2842 76.0769 79.4238 81.1011 78.2320 75.8788 77.0919 77.7365 77.2032 71.0515 74.7553 77.5355 77.8140 71.6838 74.5024 80.0552 78.4956 73.1537 78.6186 77.7803 78.2530 79.7775 69.5710 78.4005 74.9866 80.9218
5.7709 3.5139 2.0736 3.2947 3.9782 1.5277 3.1100 1.8430 2.7311 3.8981 3.1965 2.6619 3.1293 2.6914 3.2139 3.1970 2.8074 1.8998 2.0475 4.9299 2.5404 3.9148 2.3722 1.7699 2.2506 3.3134 3.7358 3.1011 2.6367 0.0000 117.5568 118.5574 119.0461 118.7503 119.1597 119.6645 119.5412 118.5389 119.3760 118.0740 118.7795 119.5803 119.1894 120.4883 119.2895 120.6155 118.6322 120.0783 119.1174 119.5918 118.3431 119.1196 121.3132 118.2833 118.1333 118.1341 120.4821 117.2599 119.8952 119.1893 5.7184 6.6156 9.1761 12.8648 7.2271 9.4325 14.5166 12.0230 6.6439 15.1531 13.2037 10.7958 21.9170 13.5961 10.8783 7.7240 7.6300 5.7975 12.4745 7.1389 5.0671 10.2871 5.8377 5.9711 13.0539 9.0084 8.5297 15.4771 8.4093 6.2785 42.9013 47.0023 40.7146 47.5963 39.2558 46.2895 48.1528 49.1226 34.3045 43.5757 55.5313 34.8596 43.8965 41.5101 44.1661 40.6532 33.9715 37.4839 47.9941 46.6809 44.2122 38.9895 41.7801 44.0876 42.4727 41.0888 33.9609 44.7381 36.1757 47.9886 72.1372 78.5924 75.7840 79.5787 74.8217 75.6460 78.9974 80.6951 77.8820 75.5548 76.6335 77.3227 76.7452 70.6572 74.3584 77.0396 77.3922 71.1526 73.9697 79.5483 78.1674 72.5404 78.2739 77.3009 77.6379 79.4759 69.1594 77.8837 74.4575 80.5652
122.6529 116.5478 118.7219 119.9417 121.2665 116.8490 119.8553 118.8175 119.3618 116.7661 118.8731 119.2913 119.8413 118.5636 119.0318 119.6536 118.3464 117.5888 117.0123 121.3192 116.1624 119.5471 116.3473 118.3583 118.4607 118.9945 117.3351 116.2276 118.3087 117.5568 0.0000 11.1471 10.0977 8.5584 9.9107 7.9654 6.8937 10.0528 9.7753 8.7184 9.9732 10.7455 9.1378 9.7954 8.8419 10.0353 8.4631 9.8412 6.5586 10.1640 8.4565 10.4972 7.9504 10.3714 7.1706 9.5793 8.3535 7.5437 9.4504 8.5697 118.4246 118.7957 114.0666 109.0918 111.6270 112.1610 106.0196 110.5675 119.0716 105.6855 108.3213 110.9765 99.4122 108.9024 111.5123 113.4748 115.6423 115.3595 107.4309 115.5419 121.6636 111.3986 116.2428 118.0002 106.8709 113.3315 118.7512 106.1210 110.6664 120.0715 76.3963 73.2380 78.7685 74.3014 80.9934 74.2734 74.4691 71.4341 84.5435 76.4634 71.8016 83.6551 76.3066 78.3195 77.0189 79.4297 86.0042 82.8012 72.3179 75.4991 76.7662 80.3490 78.8158 75.4947 77.0588 78.2002 84.9680 74.2395 83.4791 75.0075 49.8663 45.1244 47.7544 45.0137 48.4717 47.8688 43.2084 44.1735 47.1608 50.0468 49.1683 47.9004 47.5903 53.0949 50.0905 48.4027 45.9457 49.9497 49.4744 44.4322 47.8270 48.9681 45.9291 46.0316 44.1765 47.9209 54.2311 45.6362 49.0010 45.5509
123.6602 117.6760 119.6661 121.0141 122.2192 117.9064 120.8336 119.8425 120.3317 117.9255 119.9550 120.3744 120.7799 119.6115 120.1105 120.6935 119.4205 118.6451 118.0223 122.3749 117.1672 120.5903 117.4439 119.3597 119.5332 120.0655 118.4873 117.2397 119.3160 118.5574 11.1471 0.0000 16.6820 14.2646 17.3960 11.0697 13.1744 16.7129 16.8584 14.7035 16.1252 7.3996 16.4466 16.7964 16.1675 16.4322 15.3911 15.9504 11.5094 17.3040 15.4080 17.8717 14.2050 17.3266 12.8797 14.7153 14.7759 11.1943 8.1651 15.3740 119.6579 120.1212 115.5595 110.6508 112.8040 113.5686 107.5052 112.1352 120.3587 107.2243 109.8251 112.4798 101.2796 110.5089 112.9959 114.8695 117.0633 116.5668 108.9066 116.9179 122.7435 112.9426 117.5408 119.2945 108.3537 114.7653 120.1202 107.6855 111.8750 121.3383 76.9919 73.6984 79.2205 75.2958 81.6966 74.5566 75.3081 71.4721 85.2482 76.9236 71.9154 84.4685 76.9664 78.8022 77.2466 80.0227 86.7842 83.3646 72.9886 75.8792 77.3428 81.1574 79.0979 75.8557 77.7861 78.7026 85.8788 74.9174 84.0465 75.7850 52.4407 48.3852 49.6848 47.9478 50.6934 50.7211 44.8070 48.1963 50.6621 52.9838 52.7461 50.8544 50.0338 55.2946 53.6348 51.8800 48.8303 52.2949 52.4814 47.9014 51.6696 50.7912 48.4486 47.9101 47.0475 51.0042 56.9389 47.6363 50.9877 49.3240
124.1158 117.9270 120.2489 121.3664 122.7992 118.2899 121.3579 120.2835 120.8545 118.1319 120.2925 120.7203 121.3646 119.9929 120.4538 121.0974 119.7900 119.0259 118.4968 122.7534 117.6816 120.9766 117.7565 119.8534 119.9140 120.4188 118.7053 117.7444 119.8145 119.0461 10.0977 16.6820 0.0000 7.1737 4.7489 11.8324 8.3418 4.6819 6.6021 4.9356 5.2199 16.3788 5.5722 6.5493 6.6468 4.0161 6.3665 5.7156 9.2844 7.3948 6.9607 5.1704 8.2855 4.9446 7.2133 9.7233 6.6555 8.7556 14.3971 7.1378 119.7307 120.0430 115.1811 110.1612 113.0060 113.3394 107.1287 111.6361 120.3438 106.7630 109.4382 112.0846 100.3387 109.8900 112.6363 114.6826 116.8413 116.6976 108.5732 116.7472 123.0750 112.4833 117.5109 119.2657 107.9974 114.5662 119.9409 107.1846 112.0432 121.3568 78.5845 75.3581 80.7261 76.3561 82.9415 76.6116 76.0938 73.7322 86.3218 78.4753 74.0570 85.4549 78.4436 80.4524 79.2730 81.3946 87.8686 84.7058 74.3932 77.7253 78.8424 82.1112 81.1353 77.6909 79.0063 80.1348 86.6223 76.1460 85.4902 76.9520 50.8880 45.1125 48.7376 45.5327 49.3999 48.2052 45.0350 43.7640 47.5134 50.0465 48.9718 48.0566 48.0448 53.9765 49.7795 48.2635 46.3291 50.8512 49.8908 44.5152 47.7539 50.1579 46.6854 47.1549 44.4413 47.9282 54.5890 46.3721 50.0230 45.2054
