0.0000 9.0441 6.5094 3.5084 2.9630 7.2385 8.4644 7.8187 3.5663 5.3852 5.8411 4.9470 6.3162 6.1837 4.1209 3.6745 4.0989 5.1485 5.0087 5.7570 7.2157 7.8715 7.1269 5.9928 6.9472 5.2904 5.7779 6.1433 4.1439 5.5499 28.1099 29.4573 29.0992 28.6266 29.0230 28.8426 28.7545 28.1946 28.9105 28.4111 28.6358 28.7516 29.2842 29.6569 30.0921 29.2058 29.1459 27.4627 28.6591 29.0507 28.4700 27.9223 27.9995 29.3236 28.6249 28.8094 29.6036 29.2613 29.7561 28.0750 14.1804 12.1765 13.8479 17.2942 15.6620 15.5074 17.7621 17.0938 14.0256 16.6441 17.7452 16.1317 16.9711 14.4339 16.8017 13.7107 14.1677 14.7543 17.7310 13.4504 12.5169 14.5763 14.7935 13.1012 14.4786 14.0655 13.1397 15.8205 15.3773 12.8090 18.5235 24.0986 20.9050 25.1349 21.6023 22.4964 25.3979 24.4121 20.3101 21.2735 27.7405 23.4855 23.9434 21.2471 22.9746 21.6472 19.2492 23.1723 24.2858 26.5539 21.2417 19.1971 19.4078 22.1047 20.4394 21.6551 19.7794 22.5567 21.7185 24.2858 25.7947 25.8694 25.0804 28.0529 25.0107 24.9506 27.5907 26.0770 27.8015 26.3517 26.8685 27.1455 26.9620 25.4903 25.8718 25.7010 26.1499 26.2696 25.2704 28.3882 25.7262 25.0380 25.6352 26.7138 26.6120 25.8352 27.1470 27.3528 26.3820 25.5657
9.0441 0.0000 6.5242 9.1164 8.6879 6.3889 5.4333 6.4147 8.8591 5.0775 9.1478 12.0973 11.7704 4.5948 6.7790 6.6519 8.2937 7.1049 6.9934 8.8404 5.4155 8.5101 8.7027 5.5015 6.6033 5.9465 4.6911 5.0588 6.9076 7.1458 29.5548 31.1965 30.8615 30.3445 30.4988 30.4304 30.5593 29.9930 30.2446 29.7905 29.9049 30.1307 30.9007 31.1122 31.8862 30.5992 30.3912 28.7958 30.1387 30.7428 29.8548 29.6688 29.3406 30.9177 29.9656 30.7635 31.0534 31.0247 31.3487 29.2465 11.7447 11.3785 11.3262 12.6998 12.3456 11.2042 12.4521 12.4335 10.9637 12.7559 12.8136 11.3951 12.5588 12.0506 12.0930 11.1119 13.5518 10.6917 12.9506 10.2034 11.8275 11.2335 11.4057 11.2894 11.1275 10.7125 10.6843 12.9037 12.0956 13.3050 15.6232 22.5104 18.4213 24.5109 20.0783 20.6908 25.6900 23.1020 17.2566 19.2976 27.8648 22.0310 22.3977 19.8036 21.3498 18.3178 15.0753 22.2167 21.8741 26.3876 19.6210 15.8154 17.1488 20.2573 19.2628 19.3760 15.5289 21.0245 19.3571 23.7050 25.1299 25.2620 24.5303 27.9402 24.0277 24.1926 27.7480 25.2015 27.4275 26.0835 26.2674 26.3167 27.1580 24.3983 25.4350 24.3937 25.7242 25.4979 24.7610 28.4182 24.8581 24.3627 25.1177 26.6725 26.1096 25.0525 26.8223 27.3672 26.1332 24.6734
6.5094 6.5242 0.0000 6.0378 6.6575 4.2919 5.5957 4.6425 6.3993 4.5754 5.7289 8.2115 9.3230 3.5885 5.4109 5.9358 5.2950 5.2500 4.3859 8.0257 4.4534 6.9608 6.0819 4.9761 4.7276 4.1788 5.0539 3.7243 4.5853 5.1156 27.2900 28.6849 28.4598 27.8657 28.1883 28.0656 28.0740 27.4195 28.0872 27.6580 27.8030 27.8788 28.4706 28.7862 29.3899 28.3120 28.2253 26.7428 27.9073 28.3831 27.6083 27.1821 27.1425 28.5376 27.7552 28.1929 28.7581 28.5407 28.9708 27.1574 12.4205 10.7218 11.6287 14.6026 13.2708 12.6935 14.8157 14.5359 12.2566 13.9181 14.8091 13.3667 13.7276 11.7900 13.9082 11.7267 12.6874 12.2983 14.6120 11.2309 11.5393 11.6725 12.9367 11.4724 12.2061 11.5530 11.4824 13.2456 12.5853 11.8666 15.5462 21.4976 18.0380 22.9996 19.0471 19.8480 23.7387 21.9130 17.3095 18.5879 25.9712 20.9184 21.3735 18.6126 20.3397 18.3002 15.5562 20.9334 21.3862 24.5942 18.5972 15.9574 16.4841 19.3734 18.0570 18.7324 16.2923 20.0525 18.8955 22.2094 23.7363 23.9173 23.1059 26.2787 22.8502 22.8512 25.9480 23.9138 25.9269 24.5269 24.8626 25.0398 25.3214 23.2749 23.9378 23.4068 24.2787 24.2115 23.3088 26.6876 23.6592 23.0784 23.6769 24.9661 24.6609 23.7431 25.3175 25.5977 24.5887 23.4942
3.5084 9.1164 6.0378 0.0000 3.9066 7.3381 8.4120 7.7548 3.8669 5.7519 4.1834 5.0456 6.8475 5.7462 4.3850 4.8418 4.3162 5.2041 5.5029 7.2978 7.0195 7.5186 7.8120 6.6394 6.3822 4.7719 6.1543 5.9407 4.6344 4.7400 28.4504 29.7358 29.3832 28.8874 29.3344 29.1405 29.0237 28.4962 29.2404 28.7805 29.0050 29.0604 29.5630 29.9757 30.3659 29.5160 29.4479 27.8322 29.0024 29.3385 28.7530 28.2259 28.3682 29.6117 29.0015 29.1087 29.9036 29.5874 30.0772 28.3961 13.7399 11.7269 13.3529 17.0259 15.0242 15.0943 17.4541 16.7887 13.7367 16.2898 17.4922 15.9110 16.4912 13.9465 16.5300 13.3840 13.8657 14.3998 17.3633 13.0083 12.0470 14.2555 14.4308 12.6604 14.3705 13.7022 12.5831 15.5582 14.9080 12.3175 18.7431 24.1771 21.1020 25.3546 21.7771 22.5036 25.6986 24.5316 20.4876 21.4211 28.0102 23.6153 24.0723 21.4489 23.1503 21.6472 19.1250 23.3261 24.2681 26.7843 21.4272 19.3208 19.6377 22.2361 20.6699 21.8042 19.7382 22.6986 21.7620 24.5710 25.7796 25.8798 25.0932 28.0575 24.9667 24.9421 27.6251 26.0207 27.7630 26.3542 26.8209 27.1357 26.9687 25.4468 25.8450 25.6129 26.1413 26.2389 25.2301 28.4201 25.6952 25.0105 25.6410 26.7717 26.6155 25.8172 27.1158 27.3711 26.4271 25.5663
2.9630 8.6879 6.6575 3.9066 0.0000 7.7012 8.9394 8.1389 3.2353 5.4185 5.6531 5.1284 5.2488 6.2865 4.5585 3.6176 4.0314 4.4863 4.9435 5.0498 7.3674 8.3363 7.6166 5.8147 7.0356 5.7944 5.6345 6.1907 4.2366 4.8632 28.7111 30.0335 29.7088 29.2337 29.6172 29.4357 29.3198 28.8241 29.5292 29.0005 29.2467 29.3425 29.8877 30.2595 30.6739 29.7960 29.7166 28.0661 29.2866 29.6520 29.0515 28.4823 28.5985 29.9230 29.2375 29.4042 30.2078 29.8793 30.3547 28.6666 14.7694 12.8910 14.4154 17.6612 15.9619 15.8994 18.0637 17.4401 14.5567 17.0634 18.0592 16.4785 17.1216 14.9108 17.1768 14.2528 15.0421 15.1612 18.0011 13.9432 13.2685 15.0304 15.3138 13.7756 14.9081 14.5452 13.7397 16.2519 15.8263 13.7112 18.8018 24.4655 21.2080 25.5302 21.8733 22.7944 25.8047 24.7235 20.5622 21.6227 28.1638 23.8172 24.2669 21.5994 23.3440 21.9229 19.4261 23.4417 24.5673 26.9670 21.5824 19.4472 19.6887 22.4567 20.6868 22.0268 19.9683 22.8696 21.9341 24.7355 26.2164 26.3225 25.5110 28.4861 25.4491 25.3778 28.0065 26.5345 28.2228 26.7482 27.3129 27.5799 27.3928 25.8773 26.2653 26.1080 26.5940 26.6710 25.7064 28.8612 26.1511 25.4575 26.0853 27.1402 27.0659 26.2822 27.5138 27.8310 26.8075 25.9908
7.2385 6.3889 4.2919 7.3381 7.7012 0.0000 4.8702 4.2840 7.9146 4.8691 7.5466 9.7186 10.9016 4.4415 5.3343 6.2538 6.0829 6.7493 4.8370 8.9558 3.5131 7.1941 4.3135 5.8587 5.1944 4.2884 5.2916 4.5571 5.4397 6.4901 26.0141 27.5117 27.3002 26.7045 26.9627 26.8767 26.9402 26.2852 26.8275 26.3853 26.4349 26.5867 27.2428 27.5106 28.2076 27.0067 26.9189 25.4515 26.6554 27.2358 26.3638 26.0360 25.8324 27.3103 26.4439 27.1039 27.4700 27.3955 27.7716 25.8210 11.2320 9.8200 10.4454 13.0487 12.1042 11.4725 13.3374 13.0986 10.8676 12.4715 13.1841 11.8179 12.3769 10.8525 12.4666 10.3582 11.4119 10.8649 13.2409 10.0262 10.5985 10.3453 11.5848 10.2784 10.3452 10.3951 10.3745 11.7115 11.4650 11.0368 13.8234 20.1163 16.2762 21.6490 17.5778 18.4912 22.4671 20.6306 15.5190 17.0036 24.7147 19.5625 19.9306 17.1946 18.8729 16.8266 14.3288 19.5315 20.0016 23.3250 17.1437 14.1405 14.6928 17.7548 16.6486 17.0172 14.6712 18.5070 17.4315 20.6836 22.3743 22.4681 21.6517 25.0188 21.3759 21.4311 24.7693 22.5330 24.6709 23.2224 23.5567 23.6539 24.1442 21.8602 22.6315 21.9938 22.8865 22.7869 21.9107 25.3915 22.2152 21.6163 22.3147 23.6604 23.2659 22.3437 24.0678 24.3021 23.1827 22.0056
8.4644 5.4333 5.5957 8.4120 8.9394 4.8702 0.0000 4.0932 8.7754 6.3997 9.1249 10.8694 12.7916 4.8094 6.4234 7.0009 7.7156 8.4848 6.5919 10.2251 4.0949 6.5680 7.5959 6.7177 5.8124 4.7958 5.7192 4.9103 6.2664 8.0260 27.3555 28.9530 28.6036 28.0036 28.3239 28.2176 28.3028 27.6599 28.0560 27.6656 27.7613 27.9744 28.6708 28.9276 29.6305 28.4228 28.2663 26.6622 27.9428 28.4973 27.6806 27.4244 27.1999 28.6951 27.8363 28.4322 28.8451 28.7862 29.1364 27.0995 10.4277 9.2016 9.6778 12.0755 11.1539 10.4374 12.3504 11.9611 10.1427 11.7280 12.4381 10.9523 12.0678 10.0609 11.5755 9.7827 11.1235 10.1912 12.2160 9.2312 9.9402 9.7220 10.5443 9.7423 10.4700 9.7928 9.7567 11.4189 10.4789 10.6166 14.9460 21.1104 17.2604 22.9049 18.7572 19.4036 23.9490 21.7751 16.2866 17.9774 26.1793 20.6566 21.0460 18.4133 19.9949 17.3559 14.6245 20.8079 20.7535 24.6647 18.2388 14.9206 15.9257 18.9663 18.0514 18.0574 15.1042 19.6316 18.2900 21.9967 23.4690 23.5707 22.8388 26.1953 22.3953 22.5345 25.9561 23.5465 25.7663 24.4272 24.5843 24.7064 25.3486 22.8848 23.8091 22.8944 24.0246 23.8925 23.0301 26.6098 23.2713 22.6988 23.4375 24.9055 24.3888 23.3835 25.2154 25.5413 24.4110 23.0862
7.8187 6.4147 4.6425 7.7548 8.1389 4.2840 4.0932 0.0000 8.2921 5.9026 8.3159 9.6953 11.4878 5.0620 6.1952 6.6344 7.2667 7.5886 5.0239 9.5502 3.7013 6.5159 6.6114 6.5033 5.7251 5.0565 6.1128 5.1469 5.7013 7.2607 26.3821 27.6780 27.6143 26.9627 27.3062 27.2220 27.1676 26.5356 27.2363 26.9193 26.9224 26.9320 27.4328 27.7771 28.3645 27.3093 27.2876 26.1060 27.1115 27.5488 26.7256 26.2150 26.2425 27.6110 26.9214 27.2993 27.7835 27.6127 28.0501 26.2796 11.7189 10.0042 10.7809 13.4485 11.9391 11.5507 13.6176 13.6022 11.6396 12.8942 13.5556 12.1569 12.2841 10.5212 12.7182 10.8497 11.8713 11.3938 13.1508 10.6004 10.8486 10.3507 12.1983 10.8703 11.2932 10.8331 11.0126 11.6317 11.0520 11.0109 14.3374 19.8854 16.3733 21.5161 17.3114 18.1689 22.3022 20.4711 15.6605 17.0069 24.6107 19.3044 19.7681 17.1743 18.8603 16.7657 14.2412 19.2696 19.8081 23.1375 17.0122 14.4590 14.7716 17.7795 16.7212 17.0556 14.6327 18.4151 17.1335 20.8179 22.1881 22.4780 21.6505 24.7843 21.4630 21.3071 24.4351 22.4493 24.3848 22.9886 23.4003 23.5480 23.8805 21.7033 22.3547 21.8542 22.8039 22.6695 21.8474 25.2174 22.1380 21.5854 22.2321 23.4429 23.1542 22.2874 23.7027 24.1451 23.0781 21.9776
3.5663 8.8591 6.3993 3.8669 3.2353 7.9146 8.7754 8.2921 0.0000 5.6998 5.1478 5.0370 6.4512 6.0566 4.8211 4.2628 4.3794 4.8859 5.6568 6.1892 7.5050 8.0956 7.7227 5.8071 6.7031 5.7531 5.7914 5.9533 4.4311 5.0413 28.8282 30.1529 29.8060 29.2773 29.7454 29.5367 29.4279 28.8910 29.6346 29.1336 29.3387 29.4680 29.9829 30.3820 30.7646 29.9092 29.8478 28.1201 29.3748 29.7523 29.1681 28.5953 28.7002 30.0203 29.3295 29.4972 30.2932 29.9849 30.4744 28.7615 14.2396 12.3768 14.0084 17.4470 15.7429 15.6070 17.8260 17.1577 14.0501 16.7460 17.9277 16.2490 17.1034 14.5497 16.9883 13.9071 14.5475 14.8391 17.8586 13.3778 12.5878 14.7297 14.8398 13.2306 14.6652 14.1020 13.1198 16.1120 15.5969 13.1256 19.0665 24.7719 21.5101 25.9169 22.2733 23.1420 26.1748 25.0619 20.9468 21.9480 28.5197 24.1794 24.6338 21.9507 23.6944 22.1818 19.6468 23.8845 24.9156 27.3299 21.9301 19.6734 20.0591 22.7725 21.0903 22.3350 20.1914 23.2442 22.3447 25.0477 26.4351 26.5107 25.7159 28.7236 25.6053 25.5705 28.2555 26.6948 28.4377 27.0115 27.5024 27.7894 27.6275 26.0962 26.5005 26.2913 26.8034 26.8774 25.8908 29.0641 26.3465 25.6616 26.2881 27.3872 27.2816 26.4592 27.7723 28.0310 27.0620 26.1882
5.3852 5.0775 4.5754 5.7519 5.4185 4.8691 6.3997 5.9026 5.6998 0.0000 5.9680 8.6257 8.1494 3.0872 4.1816 3.9846 5.0287 3.8298 4.2743 6.0911 4.7192 7.4400 6.1069 3.7071 5.0961 4.0398 3.4361 3.6000 4.3164 4.5459 28.0967 29.5656 29.2760 28.7397 29.0383 28.9157 28.9478 28.3389 28.8942 28.4311 28.5325 28.6655 29.3069 29.6344 30.2309 29.1236 29.0611 27.4496 28.7007 29.2239 28.4382 28.0757 27.9105 29.3644 28.5217 29.0889 29.5626 29.3984 29.8236 27.9386 12.6045 11.3174 12.0514 14.6426 13.6364 12.9136 14.6758 14.5002 12.1281 14.2190 14.8169 13.3560 14.1481 12.5820 14.0332 11.9982 13.3424 12.2528 14.8950 11.3156 11.9022 12.2424 12.8213 11.7379 12.1592 11.7874 11.4349 13.7420 13.2361 12.7087 16.0216 22.4690 18.8291 24.0125 19.9973 20.7403 24.8035 22.9139 17.9816 19.4136 27.0308 21.9401 22.3314 19.5745 21.2522 19.1527 16.2820 21.9029 22.3034 25.7127 19.4920 16.6387 17.3512 20.2402 18.9542 19.6145 16.8446 20.9565 19.7143 23.2143 24.6057 24.7234 23.9065 27.2048 23.6356 23.6845 26.8853 24.7473 26.8034 25.4031 25.7529 25.8922 26.2453 24.0743 24.8126 24.1962 25.1162 25.0424 24.1764 27.5868 24.4481 23.8564 24.5041 25.8797 25.5278 24.5743 26.1704 26.5081 25.4598 24.2254
5.8411 9.1478 5.7289 4.1834 5.6531 7.5466 9.1249 8.3159 5.1478 5.9680 0.0000 6.7081 7.4341 5.8461 5.8990 6.3339 5.2392 5.0349 6.3396 8.5296 7.5670 8.2174 8.2220 7.4140 6.2465 5.2492 6.4087 5.8703 5.8806 4.7161 29.3759 30.7380 30.3735 29.8960 30.2661 30.0742 30.0031 29.4814 30.1706 29.6548 29.9107 30.0311 30.5755 30.9754 31.4017 30.4754 30.4157 28.6747 29.9157 30.2969 29.6907 29.2171 29.2528 30.6235 29.8704 30.1447 30.8884 30.5667 31.0534 29.2934 13.9622 12.2464 13.6168 16.9608 15.2564 15.0448 17.2445 16.6342 13.7382 16.2667 17.3546 15.8524 16.4304 14.1491 16.5135 13.6597 14.5280 14.3096 17.3255 12.9803 12.5692 14.3912 14.4858 13.0003 14.3637 13.6365 12.6062 15.7814 15.2035 13.2028 19.0238 24.8679 21.5659 26.1660 22.3672 23.1598 26.5645 25.1912 20.9110 21.9691 28.8624 24.2605 24.7010 21.9653 23.7209 21.9991 19.1908 23.9911 24.8568 27.6458 22.0258 19.6119 20.1067 22.8193 21.1973 22.3383 19.8902 23.3551 22.3012 25.2964 26.5474 26.6869 25.8411 28.9337 25.6487 25.6705 28.5212 26.7849 28.6006 27.1820 27.6461 27.9184 27.8707 26.1264 26.6236 26.3472 26.9267 26.9562 25.9947 29.3253 26.4288 25.7453 26.4101 27.6046 27.4234 26.5980 27.9239 28.2321 27.2279 26.3062
4.9470 12.0973 8.2115 5.0456 5.1284 9.7186 10.8694 9.6953 5.0370 8.6257 6.7081 0.0000 7.0137 8.8607 7.1124 6.8249 6.0463 7.5042 7.2303 8.1908 9.5043 9.3408 9.0878 8.9376 8.7996 8.0328 8.9817 8.5510 6.5263 7.4480 27.8613 29.0543 28.7214 28.2039 28.7548 28.5039 28.3108 27.7561 28.7167 28.2135 28.4889 28.5317 28.9497 29.3895 29.6569 28.9677 28.9419 27.3032 28.4229 28.6902 28.2346 27.4906 27.8158 28.9974 28.4554 28.2758 29.3274 28.8804 29.4121 27.9545 16.1505 13.5525 15.6833 19.5648 17.3577 17.6379 20.1311 19.4149 16.2437 18.6337 20.0392 18.5287 18.8365 15.6963 19.0789 15.6818 15.5021 17.0277 19.8111 15.5183 14.0122 16.3650 17.0473 14.8590 16.7264 16.1223 15.1960 17.4548 17.0184 13.7078 20.1849 24.9899 22.1809 25.6773 22.5017 23.4252 25.7453 25.1832 21.8605 22.3930 28.0105 24.3447 24.7858 22.1230 23.9128 23.1205 20.9907 23.9164 25.3840 26.9279 22.1960 20.8205 20.6497 23.1631 21.2830 22.8895 21.6170 23.4902 22.8873 24.9399 26.3119 26.3953 25.5783 28.3441 25.7038 25.5364 27.7515 26.6873 28.1917 26.6888 27.3501 27.7093 27.1344 26.1736 26.3077 26.4327 26.6057 26.8550 25.7603 28.6575 26.3471 25.5911 26.1142 26.9850 27.0959 26.3874 27.5236 27.6521 26.7709 26.1902
6.3162 11.7704 9.3230 6.8475 5.2488 10.9016 12.7916 11.4878 6.4512 8.1494 7.4341 7.0137 0.0000 9.5615 8.2899 7.3395 7.0802 6.4073 8.0410 5.4076 10.9494 11.6139 10.4158 8.4237 10.1307 9.4911 9.0947 9.4703 7.8778 7.0816 30.1185 31.1675 30.9865 30.5388 30.8931 30.7451 30.5534 30.0708 30.9617 30.4774 30.7134 30.6727 31.0710 31.5007 31.7720 31.0803 31.0876 29.6566 30.6811 30.9448 30.4073 29.7334 30.0013 31.1894 30.6260 30.6571 31.4938 31.0479 31.5952 30.1564 18.0683 16.1563 17.6044 20.8228 19.0532 19.0009 21.1306 20.6726 17.8664 20.1486 21.0857 19.6552 19.7995 17.9232 20.2431 17.5505 18.1900 18.3497 20.9939 17.2812 16.5753 18.1137 18.6145 17.0152 18.0373 17.5790 16.9651 19.1719 18.8650 16.8289 20.9625 26.1750 23.4139 27.0784 23.7017 24.6003 27.1331 26.2520 22.9058 23.6783 29.3639 25.4578 25.9783 23.4196 25.1731 24.0808 21.6354 25.0689 26.3923 28.3302 23.4824 21.8603 21.9202 24.3108 22.4846 24.0908 22.3113 24.7467 23.8756 26.4032 27.6998 27.8964 27.0815 29.7513 27.0860 26.9467 29.2306 28.0658 29.5151 28.1017 28.7604 29.0528 28.6382 27.4381 27.6443 27.7432 28.0581 28.1496 27.2186 30.1110 27.7012 27.0535 27.5881 28.4656 28.5313 27.8585 28.7859 29.1118 28.2289 27.6095
6.1837 4.5948 3.5885 5.7462 6.2865 4.4415 4.8094 5.0620 6.0566 3.0872 5.8461 8.8607 9.5615 0.0000 4.2599 4.7324 5.3733 4.9348 4.8526 7.6484 3.8826 6.6483 6.4362 4.3108 4.1860 3.0200 3.3320 2.8798 4.3556 4.9075 28.3033 29.8150 29.5159 28.9364 29.2658 29.1301 29.1564 28.5776 29.0859 28.6332 28.7571 28.9249 29.5644 29.8652 30.5021 29.3495 29.2666 27.6332 28.9145 29.4304 28.6464 28.2845 28.1415 29.5996 28.7553 29.3173 29.7884 29.6514 30.0678 28.1158 11.5266 10.2834 10.9689 13.6251 12.5404 11.7799 13.7362 13.3973 11.0517 13.2619 13.9018 12.3501 13.3578 11.5806 13.0426 10.9580 12.4131 11.2232 13.8782 10.2009 10.8397 11.1909 11.7181 10.6892 11.4385 10.7600 10.3356 12.9251 12.1663 11.7092 15.9810 22.3467 18.6282 24.0262 19.8811 20.6017 24.8615 22.8902 17.7196 19.2601 27.1620 21.8135 22.2316 19.5741 21.2139 18.8088 15.8632 21.8206 22.0841 25.7403 19.4477 16.3746 17.2189 20.1628 18.9769 19.4468 16.4552 20.8376 19.5210 23.2051 24.5729 24.7203 23.9284 27.2157 23.5795 23.6387 26.9314 24.7076 26.7933 25.4110 25.6932 25.8489 26.2874 24.0055 24.7888 24.0925 25.1095 24.9902 24.1318 27.6253 24.3892 23.8222 24.5147 25.9079 25.5116 24.5455 26.1520 26.5540 25.4579 24.2183
4.1209 6.7790 5.4109 4.3850 4.5585 5.3343 6.4234 6.1952 4.8211 4.1816 5.8990 7.1124 8.2899 4.2599 0.0000 3.5641 4.6876 5.3990 4.7271 6.8965 5.1183 6.7978 6.4919 5.2007 5.6144 3.4778 4.0317 4.8395 3.3102 5.0637 28.0061 29.4399 29.1308 28.5993 28.9413 28.8052 28.7857 28.2394 28.8015 28.3176 28.4663 28.6093 29.2186 29.5478 30.0803 29.0496 28.9831 27.3625 28.6090 29.0661 28.3572 27.9076 27.8612 29.2483 28.5002 28.9054 29.4666 29.2671 29.7193 27.8823 12.2838 10.6953 11.9712 15.0003 13.6856 13.1794 15.3531 14.7352 11.8508 14.5667 15.3937 13.7201 14.8876 12.7781 14.4842 11.7393 12.8567 12.5177 15.5016 11.3246 11.0644 12.5779 12.6311 11.2411 12.4089 11.9146 11.1234 13.9227 13.4923 11.8250 17.0000 22.8955 19.4365 24.2840 20.4283 21.2363 24.8837 23.4089 18.6830 19.9447 27.2093 22.3770 22.7838 20.1963 21.8091 19.9408 17.3987 22.1826 22.8765 25.8990 20.0587 17.4882 18.0076 20.8442 19.4837 20.2133 17.7886 21.3532 20.2484 23.4874 24.9019 24.9773 24.2068 27.3611 23.9951 23.9961 26.9891 25.1030 27.0046 25.5790 26.0085 26.1899 26.3450 24.4449 25.0506 24.5542 25.3239 25.3420 24.4222 27.7211 24.7362 24.1100 24.8056 26.0436 25.7761 24.9010 26.3418 26.6895 25.6266 24.5510
3.6745 6.6519 5.9358 4.8418 3.6176 6.2538 7.0009 6.6344 4.2628 3.9846 6.3339 6.8249 7.3395 4.7324 3.5641 0.0000 4.6189 4.8343 4.5522 5.1229 5.8513 7.3072 6.7515 4.6077 5.9936 4.5357 4.2684 4.9553 3.7855 5.2364 28.4967 29.9211 29.6471 29.1150 29.4559 29.2940 29.2582 28.7334 29.3443 28.8215 28.9726 29.1309 29.7328 30.0556 30.5683 29.5643 29.5211 27.8605 29.1331 29.5791 28.8870 28.3745 28.3382 29.7751 28.9799 29.3650 29.9809 29.7510 30.2088 28.4029 13.2455 11.5493 12.8923 15.7994 14.5684 14.0464 16.0682 15.5857 12.7928 15.5191 16.1728 14.5632 15.6334 13.5346 15.3007 12.6522 13.7221 13.3692 16.2274 12.2578 12.0220 13.3178 13.5700 12.2965 13.2819 12.8807 12.0945 14.6604 14.2179 12.6322 17.6720 23.6980 20.1579 24.9703 21.0766 21.9789 25.4974 24.1009 19.3599 20.6898 27.8494 23.0557 23.4762 20.8545 22.5449 20.7520 18.1820 22.8277 23.6621 26.5335 20.7447 18.2596 18.7095 21.5845 20.0567 21.0342 18.5911 22.0825 20.9944 24.1976 25.5553 25.6846 24.8681 27.9752 24.7339 24.6561 27.5631 25.8207 27.6454 26.1869 26.7025 26.8913 26.9771 25.1156 25.6590 25.3068 26.0001 26.0046 25.1109 28.3686 25.4489 24.8120 25.4614 26.6284 26.4486 25.5878 26.9555 27.3293 26.2753 25.2550
4.0989 8.2937 5.2950 4.3162 4.0314 6.0829 7.7156 7.2667 4.3794 5.0287 5.2392 6.0463 7.0802 5.3733 4.6876 4.6189 0.0000 4.3167 4.6151 6.7016 6.2081 7.8183 5.7247 5.5413 5.8664 4.8519 5.4322 4.8413 4.1399 4.2630 27.1891 28.6593 28.2400 27.7076 28.1511 27.9604 27.8780 27.3163 27.9890 27.4701 27.6982 27.8863 28.4525 28.8269 29.2959 28.3179 28.2155 26.4147 27.7310 28.1764 27.5345 27.0611 27.0884 28.4440 27.7069 27.9808 28.7304 28.4793 28.9393 27.0801 13.7241 11.8202 13.1667 16.3938 14.7679 14.7482 16.8721 16.1866 13.3894 15.5106 16.7298 15.2563 15.7532 13.4718 15.9852 13.1364 13.8128 13.9939 16.7353 12.6971 12.2775 13.5833 14.1788 12.5560 13.4207 13.2503 12.8004 14.9295 14.6318 12.8246 17.1455 23.1066 19.6213 24.2075 20.5066 21.4675 24.5230 23.3786 19.0245 20.1111 26.8882 22.4956 22.9197 20.1065 21.9196 20.4470 17.9777 22.1654 23.2247 25.6962 20.1705 17.6931 18.1117 20.9501 19.2255 20.4476 18.5269 21.4251 20.6149 23.1421 24.8619 24.8541 24.0388 27.2515 23.8988 23.9754 26.8100 25.1222 27.0075 25.5014 25.9522 26.2091 26.1414 24.4856 25.0019 24.7239 25.1973 25.2683 24.2441 27.5728 24.7126 23.9613 24.6706 25.8572 25.6763 24.8566 26.3340 26.5208 25.4190 24.5490
5.1485 7.1049 5.2500 5.2041 4.4863 6.7493 8.4848 7.5886 4.8859 3.8298 5.0349 7.5042 6.4073 4.9348 5.3990 4.8343 4.3167 0.0000 4.5298 5.9922 6.7264 8.6140 6.9180 4.4129 6.0676 5.5184 4.7053 4.8465 5.1686 3.4251 28.5566 29.9333 29.6400 29.1731 29.4331 29.3032 29.2729 28.7216 29.3461 28.8494 29.0551 29.1391 29.7429 30.0872 30.6202 29.6023 29.5081 27.9111 29.1259 29.5651 28.8453 28.4289 28.3915 29.8029 29.0055 29.4280 30.0457 29.7691 30.2233 28.4306 14.1092 12.6756 13.6203 16.4891 15.0552 14.7414 16.5856 16.3473 13.7637 15.8276 16.6599 15.2196 15.5908 14.0356 15.8913 13.5545 14.7220 13.9498 16.6985 12.9035 13.0480 13.8846 14.5131 13.1733 13.6611 13.3542 12.9336 15.3118 14.8711 13.8418 17.2766 23.4426 19.9851 24.7609 20.8739 21.7457 25.2607 23.6886 19.2858 20.5287 27.5433 22.8133 23.2629 20.5021 22.2763 20.5171 17.7164 22.6210 23.3749 26.3104 20.5503 17.9664 18.4491 21.2789 19.6459 20.7968 18.3125 21.9242 20.8153 23.9296 25.4248 25.5519 24.7063 27.8560 24.5338 24.5481 27.4623 25.6489 27.5267 26.0800 26.5402 26.7412 26.8500 24.9425 25.5247 25.1714 25.8455 25.8298 24.9354 28.2518 25.2829 24.6700 25.2765 26.5289 26.2964 25.4456 26.8521 27.1786 26.1314 25.1325
5.0087 6.9934 4.3859 5.5029 4.9435 4.8370 6.5919 5.0239 5.6568 4.2743 6.3396 7.2303 8.0410 4.8526 4.7271 4.5522 4.6151 4.5298 0.0000 6.3917 4.8092 7.3059 5.5550 4.7478 5.5379 4.7102 4.6609 4.8001 4.1580 4.6465 26.6926 28.0221 27.8402 27.2914 27.6077 27.4810 27.4379 26.8455 27.5286 27.0766 27.2065 27.2694 27.8326 28.1570 28.7208 27.6872 27.6444 26.2213 27.3524 27.7813 27.0278 26.5221 26.5202 27.9202 27.1502 27.5595 28.1440 27.8953 28.3378 26.6061 13.0866 11.3753 12.3701 15.3194 13.8471 13.5960 15.5286 15.3677 12.9932 14.5541 15.4856 14.0968 14.3069 12.5325 14.7004 12.3791 13.1245 13.0177 15.3404 12.0642 12.0625 12.4158 13.6904 12.1790 12.5528 12.4554 12.2872 13.5631 13.3092 12.3694 15.5454 21.3928 17.9134 22.6369 18.7594 19.7424 23.1670 21.7166 17.2842 18.4781 25.5025 20.7508 21.2056 18.4678 20.2099 18.6376 16.1527 20.5064 21.4049 24.2090 18.4256 16.0875 16.2919 19.2279 17.7212 18.6808 16.6165 19.8282 18.7773 21.8651 23.3992 23.5759 22.7329 25.8349 22.6149 22.5079 25.4415 23.6715 25.5278 24.0533 24.5676 24.7408 24.8561 22.9837 23.5186 23.2158 23.8933 23.8566 22.9713 26.2482 23.3480 22.7192 23.3361 24.4695 24.3019 23.4561 24.8468 25.1672 24.1178 23.1594
5.7570 8.8404 8.0257 7.2978 5.0498 8.9558 10.2251 9.5502 6.1892 6.0911 8.5296 8.1908 5.4076 7.6484 6.8965 5.1229 6.7016 5.9922 6.3917 0.0000 8.8166 10.1945 8.6666 5.8422 8.6796 8.1490 7.0216 7.7260 6.4759 6.9450 29.1732 30.4666 30.2384 29.7513 30.0631 29.9152 29.8638 29.3256 30.0017 29.4966 29.6614 29.7361 30.3142 30.6333 31.1220 30.1837 30.1495 28.5967 29.7789 30.1946 29.5213 28.9873 28.9930 30.3599 29.6001 29.9572 30.6064 30.3022 30.7713 29.1114 16.1633 14.4969 15.6471 18.3551 17.2141 16.7168 18.5461 18.2479 15.7792 17.8897 18.5859 17.1819 17.7377 16.0324 17.7652 15.5136 16.3437 16.0859 18.5918 15.1969 15.1374 15.8707 16.5152 15.2039 15.8240 15.5774 15.1575 17.0712 16.7386 15.4734 18.7617 24.6159 21.3689 25.6877 22.0736 22.9903 26.1296 24.8075 20.6446 21.8282 28.3482 23.9024 24.3695 21.7307 23.4443 21.9733 19.4774 23.7282 24.6268 27.1698 21.7053 19.6188 19.9076 22.5659 20.9015 22.1640 20.0569 23.1133 22.0800 25.0111 26.4299 26.5875 25.7925 28.7121 25.7036 25.6077 28.2935 26.7155 28.4281 26.9983 27.5499 27.7332 27.7064 26.0737 26.5135 26.2939 26.8946 26.9122 26.0272 29.0965 26.4049 25.7915 26.3498 27.3981 27.3134 26.4871 27.7558 28.0864 27.1077 26.2045
7.2157 5.4155 4.4534 7.0195 7.3674 3.5131 4.0949 3.7013 7.5050 4.7192 7.5670 9.5043 10.9494 3.8826 5.1183 5.8513 6.2081 6.7264 4.8092 8.8166 0.0000 6.2850 5.6477 5.4850 4.9500 4.2156 5.0225 4.1675 4.8951 6.0130 26.5137 28.0283 27.7538 27.1594 27.5006 27.3691 27.3827 26.7650 27.3349 26.8838 27.0274 27.1347 27.7911 28.0923 28.7588 27.5822 27.4968 25.9329 27.1685 27.6828 26.8803 26.4837 26.3923 27.8219 27.0327 27.5113 28.0456 27.8883 28.3156 26.3725 11.0070 9.5433 10.1972 12.9032 11.5313 11.1293 13.0982 12.9216 10.8801 12.2629 13.0987 11.7154 12.0998 10.3955 12.3081 10.3107 11.3999 10.6456 12.9687 9.7812 10.3806 10.1420 11.4510 10.1114 10.6615 10.2470 10.1763 11.5731 10.9347 10.7980 14.3640 20.5126 16.7374 22.0923 17.9088 18.7022 22.9332 21.1043 15.8755 17.3727 25.2862 19.9865 20.3842 17.6701 19.3537 17.1689 14.4977 19.8568 20.3456 23.8256 17.4817 14.5580 15.1260 18.2802 17.0787 17.5163 14.8936 18.8777 17.6011 21.2962 22.7643 22.9272 22.0816 25.4473 21.8726 21.8467 25.1014 22.9826 25.0714 23.5766 23.9638 24.1227 24.4615 22.2421 22.9663 22.3681 23.3201 23.2466 22.3429 25.8788 22.6343 22.0005 22.7069 24.0739 23.7207 22.7731 24.3711 24.7860 23.5996 22.4342
7.8715 8.5101 6.9608 7.5186 8.3363 7.1941 6.5680 6.5159 8.0956 7.4400 8.2174 9.3408 11.6139 6.6483 6.7978 7.3072 7.8183 8.6140 7.3059 10.1945 6.2850 0.0000 8.6131 8.0945 4.5912 6.0455 7.3304 6.7857 6.7932 7.9585 26.4102 27.9690 27.5960 27.0300 27.4323 27.2694 27.2663 26.6661 27.1932 26.7816 26.9446 27.0970 27.7400 28.0630 28.6734 27.5499 27.5321 25.8272 27.0483 27.5262 26.8368 26.3756 26.3084 27.7686 26.9921 27.3619 27.9983 27.7478 28.2179 26.3301 8.9250 6.7128 8.2968 11.6267 9.8791 9.6183 12.3572 11.5383 9.1825 11.2052 12.2319 10.7608 11.7499 8.3685 11.1072 8.2962 8.9030 9.2862 11.9304 8.3943 7.8301 8.9763 9.7686 7.9110 10.0268 8.7348 8.0884 10.1513 9.1935 7.5720 15.1808 21.1006 17.7204 22.4970 18.6748 19.1054 23.3788 21.7300 16.5944 17.6886 25.7575 20.4411 20.8658 18.0643 19.7544 17.7287 15.1373 20.3894 21.0694 24.2263 17.9051 15.9432 16.9263 19.2796 17.6393 18.6708 15.8379 19.3520 18.2304 21.7453 22.9902 23.1530 22.3774 25.6697 22.0991 22.0553 25.2642 23.2215 25.2813 23.8349 24.2018 24.4032 24.6045 22.5509 23.2264 22.6416 23.5612 23.5346 22.5616 26.0990 22.9109 22.1902 22.9449 24.2700 23.9734 23.0179 24.5925 24.9665 23.8419 22.6996
7.1269 8.7027 6.0819 7.8120 7.6166 4.3135 7.5959 6.6114 7.7227 6.1069 8.2220 9.0878 10.4158 6.4362 6.4919 6.7515 5.7247 6.9180 5.5550 8.6666 5.6477 8.6131 0.0000 6.3975 6.7220 6.4283 6.8845 6.2599 6.1517 7.1705 24.5963 26.1696 25.9400 25.3572 25.6297 25.4857 25.4797 24.8951 25.5629 25.0109 25.1151 25.3471 25.9310 26.1927 26.9188 25.6539 25.7214 24.0669 25.2921 25.8657 25.0688 24.6101 24.4423 25.9480 24.9918 25.6537 26.1638 25.9386 26.4377 24.5273 12.6215 10.9058 11.9421 14.7939 13.7588 13.3934 15.2001 14.9497 12.3284 14.0181 14.8639 13.5716 14.0144 12.1264 14.3707 11.7848 12.1537 12.5465 15.0689 11.5745 11.6442 11.7342 13.2267 11.4985 11.4278 11.9389 11.9123 12.9158 13.1277 11.8093 14.2502 20.4551 16.5983 21.4340 17.5672 18.9355 21.6896 20.7952 16.0906 17.2735 24.2182 19.7655 20.1340 17.2896 19.1332 17.9282 15.8959 19.3323 20.7331 22.9881 17.3568 14.8085 14.7798 17.9807 16.3795 17.4259 15.9292 18.5714 18.0112 20.2395 22.2161 22.2180 21.2864 24.6919 21.3183 21.2374 24.2825 22.5446 24.5176 22.8602 23.4143 23.5665 23.6763 21.7701 22.3416 22.1883 22.5871 22.6124 21.6612 24.9857 22.0270 21.3431 21.9698 23.1986 22.9977 22.2112 23.7993 23.9146 22.7093 21.8254
5.9928 5.5015 4.9761 6.6394 5.8147 5.8587 6.7177 6.5033 5.8071 3.7071 7.4140 8.9376 8.4237 4.3108 5.2007 4.6077 5.5413 4.4129 4.7478 5.8422 5.4850 8.0945 6.3975 0.0000 5.9691 5.5495 4.0062 4.5532 4.4942 4.7874 27.8956 29.3231 29.1038 28.5420 28.8077 28.6927 28.7195 28.1417 28.6918 28.2195 28.3487 28.4634 29.1000 29.3595 30.0262 28.8831 28.7975 27.2989 28.5348 29.0269 28.2044 27.8139 27.7126 29.1315 28.3009 28.8723 29.3332 29.1507 29.5778 27.7190 12.9264 11.6134 12.3880 15.0084 13.9421 13.2964 15.0709 14.9715 12.5648 14.5318 15.1524 13.6769 14.3460 12.9077 14.3246 12.2505 13.5125 12.7040 15.2023 11.7287 12.1983 12.4712 13.2345 12.0129 12.4398 12.1148 11.9317 13.9706 13.5279 12.9236 15.8530 22.1087 18.5492 23.5760 19.6167 20.4531 24.2633 22.4819 17.7460 19.1829 26.5858 21.5453 22.0019 19.3653 21.0376 18.9887 16.3112 21.4730 21.9508 25.2342 19.2523 16.4197 17.0393 19.9501 18.5693 19.3616 16.7350 20.6366 19.4444 22.8415 24.3174 24.4452 23.6562 26.8110 23.4067 23.4096 26.4881 24.4828 26.4452 25.0340 25.4070 25.5439 25.9110 23.7733 24.4634 23.9140 24.8146 24.7393 23.8999 27.2156 24.1482 23.6288 24.2112 25.5382 25.2092 24.2866 25.8188 26.1845 25.1229 23.9800
6.9472 6.6033 4.7276 6.3822 7.0356 5.1944 5.8124 5.7251 6.7031 5.0961 6.2465 8.7996 10.1307 4.1860 5.6144 5.9936 5.8664 6.0676 5.5379 8.6796 4.9500 4.5912 6.7220 5.9691 0.0000 4.4645 5.2725 4.2887 5.5600 5.7438 26.9116 28.4830 28.1425 27.5556 27.9174 27.7511 27.7823 27.2053 27.7000 27.2511 27.3628 27.5679 28.2189 28.5222 29.1776 27.9949 27.9201 26.2458 27.5366 28.0706 27.2918 26.9046 26.7484 28.2430 27.3810 27.9408 28.4404 28.3076 28.7194 26.7319 9.8928 8.1704 9.2312 12.2273 10.8050 10.3706 12.6229 12.0886 9.6424 11.7517 12.5992 11.1202 11.9914 9.5094 11.6879 9.1981 10.4290 9.7961 12.4887 8.7681 8.9676 9.5313 10.2992 8.8961 10.0439 9.2330 8.7762 11.1508 10.4161 9.5461 14.9010 21.3503 17.6733 22.8844 18.8371 19.4747 23.7220 21.8540 16.6626 18.0138 26.0652 20.7233 21.1251 18.3243 20.0335 17.8192 14.9969 20.7067 21.2052 24.6215 18.2355 15.5738 16.5917 19.2357 17.7517 18.6043 15.6677 19.6292 18.4978 21.9972 23.3604 23.4585 22.6688 26.0682 22.3441 22.3973 25.7589 23.5248 25.6594 24.2355 24.5339 24.7075 25.1110 22.8372 23.6120 22.9371 23.8957 23.8006 22.8872 26.4665 23.1998 22.5378 23.3008 24.6920 24.3139 23.3263 25.0260 25.3618 24.2133 22.9867
5.2904 5.9465 4.1788 4.7719 5.7944 4.2884 4.7958 5.0565 5.7531 4.0398 5.2492 8.0328 9.4911 3.0200 3.4778 4.5357 4.8519 5.5184 4.7102 8.1490 4.2156 6.0455 6.4283 5.5495 4.4645 0.0000 3.9013 3.4628 4.1113 5.0984 28.1006 29.6241 29.2575 28.7177 29.0585 28.9083 28.9188 28.3740 28.8631 28.3680 28.5420 28.7488 29.3960 29.7081 30.2842 29.1893 29.0805 27.3626 28.6737 29.1654 28.4441 28.0782 27.9552 29.4076 28.5846 29.0637 29.6069 29.4496 29.8594 27.9225 11.2253 9.7196 10.8913 13.8474 12.6112 12.0526 14.2148 13.5467 10.8392 13.4572 14.2886 12.6141 13.8768 11.6588 13.3693 10.7134 11.9820 11.3696 14.3364 10.1360 10.1700 11.4934 11.5287 10.3109 11.4723 10.8661 10.0380 13.0501 12.3513 11.0231 16.5563 22.7343 19.0641 24.2826 20.2742 21.0247 24.9950 23.2817 18.2110 19.6330 27.3246 22.2171 22.6214 19.9322 21.5766 19.3951 16.6151 22.1171 22.5660 25.9407 19.8475 16.9044 17.6540 20.5927 19.3211 19.8819 17.1453 21.1702 19.9919 23.3917 24.8472 24.9224 24.1396 27.4214 23.8413 23.9084 27.0868 25.0016 27.0409 25.6274 25.9501 26.1339 26.4502 24.3351 25.0512 24.4220 25.3064 25.2538 24.3537 27.8049 24.6563 24.0294 24.7437 26.0898 25.7367 24.8084 26.3972 26.7367 25.6394 24.4743
5.7779 4.6911 5.0539 6.1543 5.6345 5.2916 5.7192 6.1128 5.7914 3.4361 6.4087 8.9817 9.0947 3.3320 4.0317 4.2684 5.4322 4.7053 4.6609 7.0216 5.0225 7.3304 6.8845 4.0062 5.2725 3.9013 0.0000 4.1360 4.1767 4.8530 28.7306 30.2816 29.9529 29.4292 29.7016 29.5695 29.6220 29.0740 29.4935 28.9900 29.1258 29.3375 30.0377 30.2999 30.9606 29.7821 29.6985 27.9841 29.3258 29.8670 29.0847 28.7328 28.5200 30.0434 29.1223 29.7853 30.2226 30.0786 30.4958 28.5328 11.9845 10.9913 11.6234 14.0544 13.3066 12.4070 14.1494 13.7788 11.3681 13.8570 14.3529 12.7397 14.0716 12.5671 13.5745 11.4196 13.1523 11.7018 14.4908 10.7754 11.4600 12.0471 12.0614 11.2422 11.6987 11.3257 10.8735 13.5735 13.1192 12.5716 16.4472 22.9793 19.1438 24.5747 20.4531 21.2401 25.3826 23.4871 18.2112 19.8126 27.7240 22.4357 22.8481 20.1479 21.7927 19.4569 16.5455 22.3882 22.7081 26.3381 19.9966 16.9057 17.7606 20.7819 19.4889 20.0445 17.0481 21.4092 20.1014 23.7311 25.2116 25.3121 24.5397 27.8482 24.1910 24.2629 27.5456 25.3585 27.4290 26.0310 26.3445 26.4704 26.9240 24.6342 25.4376 24.7411 25.7427 25.6185 24.7826 28.2519 25.0154 24.4363 25.1418 26.5172 26.1532 25.1733 26.7757 27.1897 26.0629 24.8054
6.1433 5.0588 3.7243 5.9407 6.1907 4.5571 4.9103 5.1469 5.9533 3.6000 5.8703 8.5510 9.4703 2.8798 4.8395 4.9553 4.8413 4.8465 4.8001 7.7260 4.1675 6.7857 6.2599 4.5532 4.2887 3.4628 4.1360 0.0000 4.3683 4.8255 27.9616 29.5348 29.1033 28.5759 28.8930 28.7605 28.8044 28.1716 28.6596 28.2167 28.4044 28.6016 29.2580 29.5703 30.2008 29.0768 28.8721 27.1730 28.4737 29.0149 28.2554 27.9738 27.8215 29.2718 28.4347 28.9421 29.5036 29.3555 29.7311 27.7388 11.8672 10.5270 11.2836 14.0389 12.6804 12.3287 14.2320 13.8065 11.5651 13.3535 14.2859 12.8680 13.4684 11.6491 13.4475 11.3188 12.6214 11.6733 14.2484 10.5837 10.9938 11.5870 12.0983 10.9702 11.7137 11.1782 10.8060 13.2229 12.4154 11.8413 15.8115 22.2538 18.5236 23.8759 19.8488 20.5182 24.6918 22.6773 17.6828 19.1614 26.8973 21.7460 22.1645 19.3405 21.0639 18.7790 15.8055 21.7699 21.9966 25.5750 19.3382 16.1541 17.0830 20.0404 18.7330 19.3458 16.4996 20.7460 19.4979 22.9202 24.4879 24.5448 23.7765 27.1188 23.4084 23.5786 26.8372 24.5978 26.7327 25.3325 25.5706 25.7535 26.1746 23.9491 24.7431 24.0155 24.9563 24.9035 23.9591 27.5212 24.2802 23.6554 24.3613 25.8109 25.3870 24.4114 26.1668 26.4459 25.3161 24.1251
4.1439 6.9076 4.5853 4.6344 4.2366 5.4397 6.2664 5.7013 4.4311 4.3164 5.8806 6.5263 7.8778 4.3556 3.3102 3.7855 4.1399 5.1686 4.1580 6.4759 4.8951 6.7932 6.1517 4.4942 5.5600 4.1113 4.1767 4.3683 0.0000 4.7919 27.6295 29.0828 28.7496 28.2009 28.5913 28.4125 28.3818 27.7911 28.4305 27.9194 28.1376 28.2702 28.8888 29.2104 29.7546 28.7366 28.6276 26.9598 28.2278 28.6822 28.0044 27.4915 27.5187 28.9013 28.1392 28.4435 29.1572 28.9025 29.3422 27.5466 12.8104 10.9617 12.3221 15.5002 13.9720 13.6547 15.8568 15.3406 12.6263 14.9033 15.8774 14.2835 15.0261 12.7439 14.9524 12.2306 13.1635 13.0763 15.7769 11.8385 11.5551 12.8017 13.2951 11.7844 12.9006 12.4060 11.8544 14.1491 13.6298 11.9982 16.8034 22.6799 19.2056 23.9512 20.1301 20.9966 24.5172 23.0858 18.5090 19.6937 26.8511 22.1170 22.5276 19.7889 21.5091 19.7627 17.1563 21.8965 22.6666 25.5463 19.7023 17.2589 17.6561 20.6034 19.0526 20.0141 17.7453 21.0901 20.0412 23.1610 24.7406 24.8393 24.0449 27.1903 23.8913 23.8526 26.7681 24.9891 26.8828 25.4002 25.8450 26.0634 26.1350 24.3440 24.8833 24.4711 25.2037 25.2365 24.2711 27.5763 24.6525 23.9883 24.6275 25.8287 25.6345 24.7432 26.2117 26.5296 25.4534 24.4572
5.5499 7.1458 5.1156 4.7400 4.8632 6.4901 8.0260 7.2607 5.0413 4.5459 4.7161 7.4480 7.0816 4.9075 5.0637 5.2364 4.2630 3.4251 4.6465 6.9450 6.0130 7.9585 7.1705 4.7874 5.7438 5.0984 4.8530 4.8255 4.7919 0.0000 28.3007 29.6650 29.3613 28.8539 29.2171 29.0396 28.9773 28.4573 29.1026 28.6087 28.8281 28.9021 29.4926 29.8541 30.3542 29.3575 29.2561 27.6379 28.8962 29.2891 28.5874 28.1209 28.1777 29.5164 28.7966 29.1258 29.7878 29.5360 29.9948 28.1738 13.5172 12.0267 12.9779 16.0219 14.2145 14.2274 16.2064 15.8882 13.3502 15.2501 16.2368 14.8528 14.9910 13.4061 15.4704 13.0190 14.0957 13.4201 16.2107 12.4004 12.4675 13.4287 13.9883 12.5059 13.3074 12.9610 12.3686 14.7519 14.2139 13.1495 17.1296 23.1558 19.7357 24.4986 20.5923 21.3904 24.9887 23.4860 19.0131 20.1998 27.3633 22.5595 23.0198 20.3054 22.0669 20.2514 17.4356 22.2533 23.0437 26.1007 20.2755 17.6900 18.2065 21.0335 19.4247 20.5454 18.0478 21.5840 20.4074 23.7075 25.0563 25.1852 24.3540 27.5006 24.1626 24.1695 27.1111 25.3006 27.1638 25.6833 26.1532 26.3959 26.4459 24.5890 25.1168 24.7866 25.4881 25.4686 24.5355 27.9262 24.9186 24.2439 24.9408 26.1723 25.9544 25.0909 26.4269 26.8484 25.7489 24.7813
28.1099 29.5548 27.2900 28.4504 28.7111 26.0141 27.3555 26.3821 28.8282 28.0967 29.3759 27.8613 30.1185 28.3033 28.0061 28.4967 27.1891 28.5566 26.6926 29.1732 26.5137 26.4102 24.5963 27.8956 26.9116 28.1006 28.7306 27.9616 27.6295 28.3007 0.0000 6.3050 4.0947 4.6329 3.4462 2.2159 3.5799 4.2822 3.6827 4.2502 2.6981 3.8620 6.0443 5.1067 8.1562 4.5908 4.0380 5.7111 3.7677 3.9196 3.3105 4.3795 2.2825 3.9740 2.7023 3.8791 4.7859 4.2135 3.6303 2.7926 26.3985 25.0994 25.1214 26.7652 25.4082 26.7332 27.3646 27.9739 27.2953 24.9638 26.2817 26.8157 24.4590 23.8253 26.5250 25.7157 23.2927 26.7494 26.0862 26.4907 25.9400 24.2142 27.6599 25.5972 24.7207 26.0506 27.3271 23.3043 24.7158 24.3093 19.5718 18.4780 18.4981 15.9635 18.0236 18.4935 15.7453 17.9554 19.6470 17.5199 15.9164 18.5524 18.0086 17.0711 17.4562 21.0947 23.1449 17.8403 19.9933 16.8171 17.3993 19.9952 18.4934 17.6748 16.6562 18.3258 22.5074 17.1510 19.6142 14.4538 15.7362 13.7207 13.2246 16.4077 14.8255 15.2077 15.4796 15.8293 17.3809 15.7293 15.6936 15.9404 14.9215 15.8374 16.3797 16.9351 14.7018 16.0610 14.7377 15.6370 15.2547 14.1541 13.7199 14.9042 15.0150 14.5826 17.6295 15.1445 14.3369 14.2610
29.4573 31.1965 28.6849 29.7358 30.0335 27.5117 28.9530 27.6780 30.1529 29.5656 30.7380 29.0543 31.1675 29.8150 29.4399 29.9211 28.6593 29.9333 28.0221 30.4666 28.0283 27.9690 26.1696 29.3231 28.4830 29.6241 30.2816 29.5348 29.0828 29.6650 6.3050 0.0000 6.4712 4.6684 6.3346 6.0306 4.6779 5.3696 8.1085 9.7597 6.9554 4.6017 2.8702 3.6390 3.3059 3.6352 5.8576 11.1135 8.3026 7.2870 6.4116 3.7886 6.1869 3.8185 7.0135 5.0163 3.8393 4.5516 4.5374 7.2985 28.3471 26.8884 26.9487 28.8561 27.1091 28.5479 29.3454 30.0840 29.2955 26.9844 28.3463 28.7802 25.9611 25.4263 28.5046 27.5823 25.1492 28.6609 27.7846 28.4298 27.6583 25.8445 29.6785 27.4628 26.6722 27.8653 29.1916 24.7933 26.2514 25.7769 21.2715 18.3426 19.5215 15.7631 18.1693 18.6812 14.9904 17.7334 21.0839 18.6277 14.6193 18.3330 17.9309 17.8832 18.0491 22.0493 24.4886 17.6225 20.2520 15.6775 18.0423 21.6128 19.6367 18.1319 17.6936 19.0896 23.7760 17.5572 20.0266 14.9170 14.4185 13.1266 12.7913 14.2633 14.7014 14.2893 13.2542 14.8751 15.3170 14.1713 14.5748 14.8347 12.9714 15.2518 14.8241 16.2781 13.8667 14.7235 13.9315 13.2341 14.6831 13.7625 13.5364 12.9449 13.8209 13.9114 15.3099 13.0870 13.0408 13.7935
29.0992 30.8615 28.4598 29.3832 29.7088 27.3002 28.6036 27.6143 29.8060 29.2760 30.3735 28.7214 30.9865 29.5159 29.1308 29.6471 28.2400 29.6400 27.8402 30.2384 27.7538 27.5960 25.9400 29.1038 28.1425 29.2575 29.9529 29.1033 28.7496 29.3613 4.0947 6.4712 0.0000 4.5061 3.8470 3.3341 3.9227 3.7864 3.4757 5.6128 4.8475 4.4360 5.9102 6.1211 7.7243 6.0328 4.6587 6.6966 3.9087 2.5366 3.0271 5.5649 4.6997 4.2297 5.4207 3.8210 5.9015 4.7384 4.2491 4.4123 27.8055 26.3993 26.4729 28.3682 26.6884 28.2179 28.9749 29.5446 28.7935 26.3261 27.9282 28.4373 25.7773 25.1178 28.1102 27.1861 24.6447 28.2711 27.6173 27.8928 27.1826 25.7174 29.1119 26.9236 26.2637 27.4861 28.6908 24.7771 26.0764 25.4473 21.1612 19.5786 20.1445 17.1126 19.4877 19.6183 16.8786 18.8990 21.3762 19.0414 16.5616 19.7636 19.2765 18.4100 18.7638 22.4815 24.5365 19.2225 21.1159 17.7018 18.7956 21.5639 20.0883 19.0476 18.0421 19.8038 24.0486 18.6515 20.9616 15.6886 16.3502 14.3195 13.9268 16.6949 15.4033 16.0496 15.7724 16.2765 17.6591 16.3410 16.1629 16.5911 15.0200 16.6243 17.0013 17.5793 15.1197 16.6906 15.2023 15.8948 15.9400 14.7059 14.2703 15.4892 15.5139 15.1835 18.1410 15.4072 14.9590 14.9998
28.6266 30.3445 27.8657 28.8874 29.2337 26.7045 28.0036 26.9627 29.2773 28.7397 29.8960 28.2039 30.5388 28.9364 28.5993 29.1150 27.7076 29.1731 27.2914 29.7513 27.1594 27.0300 25.3572 28.5420 27.5556 28.7177 29.4292 28.5759 28.2009 28.8539 4.6329 4.6684 4.5061 0.0000 5.6246 4.5045 3.4654 3.7043 6.1104 7.7614 5.4224 4.6934 4.4152 5.0377 5.8154 4.4632 5.0885 8.1888 6.1595 5.3654 5.0317 3.7753 5.3346 2.9280 5.8937 3.1495 3.8703 4.9747 4.5825 5.3880 27.2358 25.8167 25.8872 27.8057 26.0644 27.5829 28.3944 28.9512 28.2009 25.7793 27.3796 27.8182 25.1858 24.4145 27.5302 26.5645 24.0460 27.6820 26.9102 27.3155 26.5981 24.9434 28.5435 26.3308 25.6729 26.8389 28.1587 24.0129 25.3878 24.8086 20.5436 18.5005 19.1792 16.2023 18.4301 18.6306 15.8565 17.9987 20.5955 18.2584 15.7177 18.7179 18.2780 17.7195 17.9494 21.6092 23.8207 18.1333 20.2370 16.6008 17.8664 20.8460 19.3294 18.0465 17.4893 18.8288 23.2885 17.5364 19.9963 14.9328 15.4066 13.6676 13.3376 15.8322 14.8937 15.0612 14.8559 15.4845 16.7013 15.4418 15.2954 15.7214 14.2488 15.9293 16.0399 16.7322 14.6676 15.6837 14.5078 14.8149 15.2649 14.1610 14.0256 14.4098 14.7934 14.5010 16.8451 14.4990 14.1230 14.3120
