0.0000 4.1824 2.7580 2.3973 2.4249 4.5391 1.9687 3.1962 1.6260 6.2590 2.3842 2.4284 2.6220 3.6541 1.7065 2.6485 2.7156 4.0816 3.3257 2.2670 4.2153 3.0872 6.9853 4.0406 3.0092 1.9755 4.7938 4.2227 2.8842 2.9452 114.9729 118.7079 120.1175 117.4137 120.3517 117.5785 119.8979 116.0895 117.3404 117.5741 116.0721 115.7284 118.0243 117.2345 122.0202 116.6664 115.0463 115.4828 116.3026 120.3734 116.7478 116.4559 115.9902 118.8670 116.8811 120.2929 119.2005 120.0229 119.1544 113.8776 5.1829 6.2722 10.2617 13.1217 8.1372 11.5643 14.7141 11.7657 6.5096 15.1947 16.4987 11.2712 23.1054 14.0359 11.3792 7.5985 8.0987 6.2939 14.3548 10.9909 4.8039 13.0082 6.2424 7.0482 13.9108 10.3913 6.4255 17.2052 6.9241 4.9342 36.4205 46.9803 40.3617 50.1873 37.6874 45.3298 46.9897 44.5598 31.5579 41.4010 55.6460 37.6975 42.9140 40.6333 45.0131 37.4402 34.4466 39.5155 45.7947 48.5228 42.7610 39.0672 37.5912 43.4795 40.0485 40.9659 33.8869 42.6848 34.8849 48.1958 69.4734 76.7027 74.3275 78.5879 70.5971 71.0737 77.4735 76.1920 77.9908 73.6877 74.4727 73.0549 76.0305 66.8852 74.5761 69.1323 77.2664 69.2916 71.6408 80.3133 75.5126 68.8683 74.6600 74.8743 73.4813 77.3346 72.7322 77.0132 70.5052 78.3017
4.1824 0.0000 3.8294 3.5321 3.8008 4.3351 2.9338 3.2256 4.3503 2.5608 3.0774 4.3763 5.3155 1.9311 4.2757 3.7941 3.4614 2.5501 4.6869 3.5232 2.2490 2.3599 7.1601 3.2964 2.3643 3.2167 1.9240 1.3734 2.7658 3.8170 112.0613 115.8315 117.0888 114.3686 117.3395 114.6281 116.9370 113.1055 114.3379 114.5829 113.0880 112.8041 115.0439 114.2767 118.9853 113.6931 112.0597 112.4832 113.3946 117.3743 113.7428 113.4198 113.0164 115.8804 113.9160 117.3343 116.1924 117.0511 116.2570 110.8318 3.4920 3.9073 6.9878 9.5508 5.6527 8.0208 11.2474 8.2381 4.5206 11.8031 13.1522 8.1889 19.6353 10.6864 7.7226 4.8558 6.2995 3.2447 10.8752 7.6117 3.1708 9.7117 4.3636 5.2805 11.2933 7.3206 4.3202 13.9153 3.7770 3.5344 33.7783 44.3427 37.7960 47.7565 35.3197 42.5344 45.2603 42.2086 28.9212 38.7138 54.1064 35.4127 40.3051 38.0027 42.4328 34.3751 31.1218 37.3693 42.7807 46.8494 39.9984 36.1577 35.2018 41.0167 37.5411 38.4574 30.8827 40.0500 32.3905 46.0245 66.1227 73.3193 70.9791 75.1894 67.2489 67.6612 74.1458 72.6486 74.4967 70.2023 71.0543 69.6489 72.7242 63.5496 71.1630 65.5052 73.8296 66.0779 68.3185 76.9374 72.0909 65.6398 71.2843 71.6626 70.1233 73.7655 69.4311 73.8211 67.3655 74.8425
2.7580 3.8294 0.0000 3.4531 2.1553 4.8829 2.8664 3.3687 2.9561 5.8409 3.5523 3.9688 4.0156 4.0513 3.4241 3.8149 2.9349 3.4019 3.6517 2.0212 3.3912 3.6004 7.5866 2.7225 2.8501 2.8689 4.7393 3.7158 1.5504 2.1677 113.8432 117.4835 118.9844 116.2742 119.1445 116.4379 118.7514 114.9754 116.2165 116.3439 114.9473 114.5155 116.8604 116.1106 120.8344 115.5451 113.9319 114.3601 115.1355 119.2673 115.6303 115.3467 114.8312 117.7147 115.7656 119.0686 118.0532 118.8146 117.9993 112.7971 5.1603 6.8625 10.3567 12.8533 7.7335 11.3818 14.6317 11.7039 7.0562 14.6920 16.1494 10.8954 22.5720 13.8798 10.9444 7.7334 9.0218 5.7140 13.8119 10.9217 5.2176 12.7261 6.6826 7.6285 13.8330 9.9417 6.9941 16.8053 6.1571 5.8450 35.1145 45.4844 39.0965 48.5790 36.3481 43.7933 46.0498 43.1154 30.2386 40.0132 54.4255 36.5189 41.3544 39.0962 43.4447 35.8769 33.0894 38.5922 44.3171 47.2410 41.2111 37.8088 36.1359 42.1388 38.8149 39.7304 32.6382 41.4926 33.3521 47.0990 68.2092 75.4656 72.9822 77.4031 69.4731 69.9676 76.1518 75.0365 76.8414 72.4746 73.3608 71.8262 74.7681 65.4982 73.3899 67.9315 76.1268 67.9642 70.5628 79.0365 74.4368 67.6328 73.3140 73.6488 72.2715 76.1672 71.3402 75.7671 69.1802 77.0583
2.3973 3.5321 3.4531 0.0000 2.2838 5.2903 1.4415 3.7588 2.0167 5.5860 1.7825 1.4857 3.4890 2.5695 2.7497 1.1642 3.3262 4.4262 4.5481 2.2900 4.1759 2.2901 8.1902 4.4296 2.8204 1.5173 4.5306 3.5298 2.9356 3.9677 115.3302 119.1225 120.3663 117.6801 120.6169 117.9312 120.2170 116.3922 117.6244 117.8640 116.3565 116.1088 118.3170 117.5696 122.2590 116.9607 115.3499 115.7726 116.6880 120.6440 117.0228 116.7247 116.3059 119.1550 117.1935 120.6067 119.4915 120.3339 119.5535 114.1304 4.4995 5.3014 9.3194 12.3417 8.0533 10.7719 13.8816 10.8601 5.8111 14.7548 16.0005 10.8194 22.6246 13.3267 10.7328 7.1294 6.7305 6.0994 13.8545 9.9898 4.0092 12.4793 6.0032 6.4802 13.9160 9.8298 5.3271 16.7116 6.5310 3.5205 36.9710 47.5104 40.9692 50.7640 38.3735 45.7495 47.9728 45.2522 32.1021 41.8860 56.7366 38.4144 43.4091 41.1622 45.5433 37.6648 34.4885 40.3596 46.0716 49.5436 43.2043 39.4096 38.2640 44.1419 40.6876 41.6278 34.1844 43.2336 35.4683 48.9873 69.5035 76.6673 74.3746 78.5477 70.6116 71.0415 77.5101 76.0064 77.8697 73.5795 74.4132 73.0198 76.0871 66.9178 74.4709 68.8633 77.1915 69.3978 71.6733 80.3101 75.3995 68.9820 74.6554 75.0158 73.5055 77.1412 72.7788 77.1414 70.6853 78.2065
2.4249 3.8008 2.1553 2.2838 0.0000 5.4900 2.0699 3.7295 2.0068 6.0270 2.7222 2.5826 3.6128 3.5214 3.1784 2.5282 3.4906 4.1939 4.3947 1.3915 4.0426 2.6318 8.4794 3.9420 2.8874 1.8329 4.8147 3.6483 2.1057 3.2085 115.0289 118.6813 120.1437 117.4173 120.2899 117.5861 119.9369 116.1258 117.3787 117.5412 116.0908 115.6761 118.0298 117.2753 121.9882 116.7262 115.0791 115.4926 116.3132 120.4195 116.7799 116.4856 116.0093 118.8770 116.9261 120.2715 119.2239 120.0096 119.1733 113.9279 4.9118 6.4028 10.2531 13.0316 8.1888 11.4347 14.5779 11.6447 6.7614 15.2065 16.5289 11.2870 23.1368 14.0766 11.1695 7.8449 8.3097 6.0649 14.2422 10.8954 4.6375 13.1255 6.7700 7.5348 14.4376 10.2154 6.3786 17.1440 6.5440 4.6975 36.3678 46.8709 40.4417 50.0208 37.7950 45.0827 47.5420 44.5402 31.5511 41.3836 56.0605 37.9465 42.7436 40.4551 44.8005 37.0646 34.0392 39.9008 45.5085 48.8215 42.5052 38.9808 37.5921 43.5437 40.1842 41.0482 33.8191 42.8142 34.7387 48.4585 69.1915 76.5086 74.0477 78.3792 70.4378 70.9081 77.1799 75.9381 77.7487 73.4560 74.3294 72.8456 75.8232 66.6042 74.3737 68.7801 77.0588 69.1307 71.5671 80.0771 75.3704 68.7596 74.3853 74.7312 73.3047 77.0405 72.4863 76.8152 70.3861 78.0220
4.5391 4.3351 4.8829 5.2903 5.4900 0.0000 4.2917 2.0282 4.9359 5.1318 4.4827 5.5794 4.3523 4.3245 3.6049 5.6418 3.5383 2.8798 2.2275 4.9578 3.3293 4.5180 4.5440 3.7402 3.7906 4.8342 3.5123 4.6944 4.6348 3.5682 111.7095 115.4307 116.7966 114.0861 117.1014 114.3319 116.5962 112.7555 114.0281 114.2940 112.7358 112.5248 114.7359 113.9287 118.6835 113.3908 111.7466 112.1850 112.9878 117.0438 113.4181 113.1277 112.7315 115.4688 113.5897 116.9742 115.8579 116.7068 115.9023 110.5395 5.1174 5.7813 8.5342 10.8064 5.9331 9.5808 12.5303 9.7601 5.6160 12.1806 13.6772 8.8787 20.0613 11.4623 9.0298 5.7915 7.5552 4.8537 11.6622 9.2124 4.8695 10.1061 4.6734 5.5542 10.5167 8.4383 6.1682 14.5770 5.5469 5.6220 33.1890 43.8317 37.2961 46.9836 34.2401 42.3375 43.2787 41.5325 28.3638 38.2838 52.6743 34.5694 39.7806 37.5728 42.1502 34.4745 31.5042 35.8827 42.5862 45.4444 39.7328 35.6081 34.4767 40.1745 36.8939 37.8991 30.7703 39.2940 31.9592 44.4405 66.2357 73.3957 71.0436 75.3699 67.1907 67.7837 74.3066 72.9908 74.8629 70.4363 71.2545 69.7663 72.8505 63.6923 71.4014 66.0670 74.0203 65.9249 68.2259 77.0555 72.3226 65.6824 71.5573 71.6433 70.3206 74.1269 69.5693 73.8378 67.1451 75.1619
1.9687 2.9338 2.8664 1.4415 2.0699 4.2917 0.0000 2.7524 1.8249 4.9957 1.5078 2.0935 3.1414 2.2542 2.1249 1.8104 2.5293 3.3487 3.5485 1.9384 3.3075 1.8163 7.3606 3.6120 1.9897 1.2692 3.6712 2.9288 2.2741 3.0460 114.4137 118.1777 119.4750 116.7897 119.7015 117.0140 119.3132 115.4786 116.7292 116.9542 115.4471 115.1862 117.4073 116.6494 121.3564 116.0733 114.4475 114.8658 115.7574 119.7421 116.1154 115.8331 115.4122 118.2383 116.2940 119.6795 118.5948 119.4235 118.6216 113.2565 4.0440 5.0447 8.9598 11.8712 7.2638 10.3087 13.4330 10.4400 5.4593 14.0975 15.4016 10.2083 22.0085 12.8255 10.1193 6.5735 6.8099 5.2603 13.2235 9.6338 3.5974 11.8655 5.4080 6.0847 13.1531 9.2615 5.1333 16.1110 5.7980 3.5301 35.9415 46.5309 39.9918 49.7967 37.3557 44.7730 46.8911 44.2505 31.1148 40.9380 55.6910 37.4301 42.4390 40.1673 44.5765 36.7416 33.6295 39.2978 45.1199 48.4758 42.2260 38.4340 37.2534 43.1078 39.7046 40.6264 33.2834 42.2310 34.4507 47.9022 68.6233 75.8419 73.5209 77.7170 69.7443 70.2131 76.6403 75.2293 77.0795 72.7871 73.6216 72.1876 75.2351 66.0770 73.6810 68.1210 76.3778 68.5233 70.8258 79.4747 74.6123 68.1345 73.8275 74.1295 72.6869 76.3740 71.9400 76.2360 69.8020 77.3887
3.1962 3.2256 3.3687 3.7588 3.7295 2.0282 2.7524 0.0000 3.4223 4.7542 3.1109 4.0540 3.3222 3.1406 2.4810 4.1501 2.6374 2.1769 1.9552 3.2594 2.3794 3.0108 5.7528 2.8181 2.3618 3.1918 2.9929 3.5200 3.0647 2.4291 112.7846 116.4655 117.8703 115.1459 118.1271 115.3776 117.6664 113.8390 115.1052 115.3194 113.8141 113.5285 115.7918 115.0137 119.7356 114.4510 112.8193 113.2406 114.0442 118.1306 114.4972 114.2019 113.7731 116.5724 114.6582 118.0402 116.9303 117.7533 116.9626 111.6190 4.3031 5.3994 8.7069 11.2092 6.1887 9.8171 12.9041 10.0390 5.3860 12.9199 14.3553 9.3076 20.9361 12.0505 9.3540 5.9386 7.3036 4.6108 12.2526 9.3683 3.9644 10.8185 4.8300 5.6487 11.6310 8.5947 5.6374 15.1641 5.2141 4.6506 34.1537 44.7584 38.2924 47.8815 35.3315 43.1853 44.6634 42.4644 29.3453 39.2022 53.8239 35.6777 40.6668 38.4447 42.9335 35.2124 32.2228 37.1863 43.4527 46.5665 40.5706 36.6456 35.4254 41.2432 37.9229 38.9108 31.7075 40.4002 32.8195 45.7166 67.1199 74.3541 71.9448 76.2717 68.1754 68.7262 75.1651 73.8697 75.7495 71.3436 72.2037 70.7123 73.7559 64.5674 72.3142 66.8604 74.9604 66.8995 69.2558 77.9571 73.2699 66.6439 72.4119 72.6231 71.2297 74.9957 70.4628 74.7874 68.1223 76.0327
1.6260 4.3503 2.9561 2.0167 2.0068 4.9359 1.8249 3.4223 0.0000 6.4190 2.6666 1.7469 2.1726 3.5070 2.1496 2.2346 3.3551 4.4183 3.6648 1.7298 4.5102 2.7223 8.0105 4.4747 3.2620 1.7591 5.1094 4.2010 2.9523 3.4487 115.6586 119.3547 120.7564 118.0602 120.9809 118.2459 120.5768 116.7539 117.9987 118.2228 116.7214 116.3728 118.6751 117.9026 122.6448 117.3579 115.7032 116.1377 116.9792 121.0223 117.4006 117.1126 116.6659 119.4952 117.5524 120.9161 119.8545 120.6568 119.8103 114.5350 5.5411 6.6145 10.5398 13.4418 8.7323 11.9159 15.0388 12.0238 6.9661 15.6367 16.9684 11.7832 23.5225 14.4099 11.7106 8.1400 8.1205 6.7294 14.7715 11.2583 5.0615 13.3800 6.8684 7.5436 14.5290 10.8842 6.6731 17.7050 7.3237 4.7652 36.9755 47.5642 41.0294 50.7172 38.3121 45.8214 47.6688 45.2417 32.1556 42.0312 56.4963 38.4414 43.4609 41.1821 45.5938 37.8580 34.7494 40.1164 46.1999 49.2796 43.2494 39.4480 38.2094 44.0694 40.7495 41.6410 34.4099 43.3005 35.4682 48.7476 69.8500 77.1156 74.7450 79.0327 70.9732 71.5020 77.8822 76.5813 78.3986 74.0918 74.8733 73.4541 76.4581 67.2659 75.0415 69.4958 77.7246 69.7074 72.0966 80.7624 75.9612 69.3617 75.0763 75.3399 74.0013 77.6964 73.1744 77.4754 70.9729 78.7251
6.2590 2.5608 5.8409 5.5860 6.0270 5.1318 4.9957 4.7542 6.4190 0.0000 5.0147 6.4274 7.2410 3.5167 6.1734 5.6303 4.9263 3.5356 6.1413 5.6825 3.5754 4.4375 7.2225 4.4355 4.1365 5.3557 2.3510 2.8458 4.7547 5.3673 110.2929 114.1027 115.2062 112.5216 115.4942 112.8212 115.1195 111.2833 112.4850 112.7922 111.2675 111.1111 113.1922 112.4558 117.1237 111.8703 110.2185 110.6542 111.6707 115.4827 111.8742 111.5859 111.2283 114.0342 112.0808 115.5110 114.3635 115.2383 114.4689 108.9810 4.5603 3.7456 5.2471 7.5298 5.2094 6.2934 9.4454 6.3164 4.4833 9.9080 11.2289 6.6816 17.4561 8.8191 5.9500 3.9960 6.0769 2.5386 8.8626 5.8926 4.2237 7.8545 3.9966 5.2153 9.6799 6.1880 4.5226 12.1368 3.4935 4.6111 32.2685 42.8105 36.2709 46.2388 33.8925 40.9545 43.9315 40.8548 27.3187 37.1365 52.8541 33.8067 38.7193 36.4635 41.1663 32.7696 29.3719 35.9105 41.0642 45.5315 38.4567 34.3984 33.8233 39.4871 35.9882 36.9136 29.0720 38.4165 30.8968 44.6120 64.2447 71.3245 69.1258 73.2705 65.2944 65.6834 72.2853 70.6078 72.4462 68.2031 68.9480 67.6678 70.8546 61.6400 69.1031 63.4765 71.7919 64.1572 66.3310 74.9849 70.0053 63.6952 69.3566 69.7203 68.1884 71.7436 67.4819 71.8875 65.5367 72.8219
2.3842 3.0774 3.5523 1.7825 2.7222 4.4827 1.5078 3.1109 2.6666 5.0147 0.0000 2.3321 3.7116 2.2395 2.4831 1.8937 2.5007 3.8249 4.0640 2.9516 3.5006 2.3716 7.0947 3.7910 2.1970 1.8147 3.6354 3.3760 3.0173 3.5352 114.3964 118.1976 119.4311 116.7308 119.6535 116.9744 119.2536 115.4327 116.6845 116.9248 115.4020 115.2268 117.3553 116.6045 121.3137 116.0215 114.4074 114.8274 115.7276 119.6747 116.0689 115.7842 115.3569 118.2106 116.2627 119.6873 118.5515 119.4201 118.6204 113.1971 3.5187 4.2929 8.4161 11.4197 6.9540 9.8631 12.9189 9.9769 4.6477 13.7393 14.9542 9.6968 21.6728 12.3415 9.8799 5.9948 6.0843 5.1270 12.8491 9.1492 2.8280 11.5234 4.7709 5.3364 12.7127 8.7822 4.3127 15.6378 5.7481 2.9590 36.1365 46.6848 40.1828 49.8987 37.4586 45.0259 47.0501 44.4095 31.2412 41.0849 55.7796 37.5077 42.5705 40.3508 44.8483 36.9924 33.8587 39.4640 45.3541 48.5992 42.4837 38.6861 37.4754 43.3106 39.8284 40.7687 33.4086 42.3755 34.6536 48.0877 68.7451 75.9119 73.5805 77.7639 69.8332 70.1908 76.7774 75.2432 77.0720 72.7912 73.6384 72.2697 75.3881 66.1938 73.6344 68.1258 76.3194 68.6611 70.8561 79.5019 74.5447 68.2264 73.9311 74.2345 72.6595 76.3972 72.0189 76.3365 69.8909 77.4284
2.4284 4.3763 3.9688 1.4857 2.5826 5.5794 2.0935 4.0540 1.7469 6.4274 2.3321 0.0000 2.8874 3.2414 2.8204 1.5800 3.9668 5.0698 4.6596 2.5773 4.8715 2.5886 8.6222 5.1542 3.5308 1.8838 5.2017 4.3156 3.6253 4.4735 116.1553 119.9053 121.2062 118.4946 121.4577 118.7343 121.0344 117.2095 118.4526 118.7036 117.1857 116.8955 119.1478 118.3896 123.0911 117.7960 116.1653 116.5928 117.4782 121.4718 117.8471 117.5461 117.1334 119.9832 118.0242 121.4345 120.3103 121.1533 120.3440 114.9577 5.2474 6.0186 10.0373 13.1255 8.7962 11.5540 14.5869 11.6048 6.4885 15.5394 16.7664 11.6227 23.4556 14.1011 11.5460 7.8868 7.2147 6.9341 14.7010 10.7738 4.6337 13.2421 6.7075 7.0920 14.5503 10.6579 5.9776 17.4785 7.4081 3.8933 37.6759 48.2841 41.7480 51.4940 39.0670 46.5294 48.5426 46.0347 32.8516 42.6724 57.4396 39.2068 44.1966 41.9292 46.3167 38.4564 35.2203 40.9031 46.8365 50.2432 43.9903 40.1017 39.0012 44.8543 41.4550 42.3769 34.9893 43.9784 36.2600 49.5487 70.2723 77.4966 75.1437 79.3611 71.3385 71.8108 78.3032 76.8257 78.6985 74.3906 75.2136 73.8289 76.8917 67.7095 75.3437 69.7091 78.0156 70.1998 72.4507 81.1315 76.2449 69.8129 75.4958 75.8247 74.3338 77.9445 73.6307 77.9651 71.4619 79.0465
2.6220 5.3155 4.0156 3.4890 3.6128 4.3523 3.1414 3.3222 2.1726 7.2410 3.7116 2.8874 0.0000 4.3497 2.2819 3.8073 4.1258 4.9092 3.0491 3.1246 5.0364 3.7004 7.6727 5.1500 4.2543 3.1574 5.6535 5.2969 4.2321 4.1487 115.7323 119.4047 120.8708 118.1328 121.1443 118.3483 120.6595 116.8024 118.0954 118.3276 116.7853 116.4468 118.8019 117.9740 122.7498 117.4418 115.7957 116.2241 117.0061 121.1275 117.4967 117.1759 116.7601 119.5416 117.6350 121.0167 119.9098 120.7400 119.8988 114.5979 6.3140 7.3561 11.0989 13.9214 9.0800 12.5030 15.5239 12.5531 7.5141 15.8751 17.2891 12.1978 23.7998 14.7464 12.1899 8.5947 8.5600 7.4475 15.2012 11.8417 5.8646 13.5988 7.3198 7.7739 14.4457 11.4231 7.3944 18.0668 8.0353 5.5842 36.9622 47.6216 41.0551 50.7307 38.1192 46.0046 47.1146 45.2703 32.1925 42.0690 56.3793 38.4707 43.5403 41.2980 45.6851 38.0665 34.9743 39.6797 46.2892 49.1692 43.3845 39.3728 38.1929 43.9891 40.7510 41.6771 34.5442 43.2170 35.6496 48.2767 69.9702 77.2488 74.8475 79.1905 70.9902 71.6213 78.0651 76.8007 78.6670 74.2626 75.0654 73.5792 76.6083 67.4026 75.2972 69.7915 77.9343 69.7674 72.1518 80.9409 76.2103 69.5136 75.3240 75.5058 74.1720 77.9114 73.4101 77.6656 70.9671 78.9938
3.6541 1.9311 4.0513 2.5695 3.5214 4.3245 2.2542 3.1406 3.5070 3.5167 2.2395 3.2414 4.3497 0.0000 3.6140 2.6636 3.2660 3.2899 4.4686 3.2088 3.0942 1.8908 7.3397 3.8566 2.5442 2.5211 2.7312 2.2127 3.0959 4.1357 113.4256 117.2217 118.3938 115.6925 118.6696 115.9924 118.2764 114.4180 115.6697 115.9360 114.3953 114.2298 116.3664 115.6008 120.2984 115.0282 113.3953 113.8189 114.7719 118.6562 115.0628 114.7385 114.3694 117.1923 115.2581 118.6758 117.5187 118.4058 117.6306 112.1399 3.9281 3.9099 7.3471 10.2160 6.7078 8.8648 11.9296 8.8004 4.6123 12.7059 14.0023 9.0141 20.4262 11.3030 8.7330 5.4594 5.6239 4.4206 11.7540 8.0830 3.1575 10.3964 4.6860 5.3000 11.9569 8.2801 4.1810 14.8170 5.1614 2.7953 35.1713 45.7543 39.2071 49.0494 36.6021 43.9988 46.3092 43.6508 30.2499 40.1158 55.3719 36.6994 41.6367 39.4128 43.9793 35.8297 32.4861 38.5019 44.1405 48.0832 41.4307 37.4029 36.6227 42.3682 38.9263 39.8432 32.1861 41.3603 33.8018 47.1710 67.3927 74.5379 72.2874 76.4482 68.4271 68.8448 75.4849 73.8526 75.6950 71.4098 72.2010 70.8747 74.0441 64.7946 72.3497 66.7194 75.0487 67.3130 69.5147 78.2191 73.2274 66.9081 72.5873 72.9609 71.3978 74.9823 70.7167 75.0941 68.5999 76.1118
1.7065 4.2757 3.4241 2.7497 3.1784 3.6049 2.1249 2.4810 2.1496 6.1734 2.4831 2.8204 2.2819 3.6140 0.0000 3.1592 2.5411 3.8193 2.5577 2.9408 3.9259 3.2565 6.3827 3.9941 2.8923 2.5263 4.4883 4.4854 3.4091 2.9234 114.5957 118.3641 119.7314 117.0535 119.9980 117.2528 119.5248 115.7122 116.9637 117.1991 115.6687 115.4093 117.6581 116.8754 121.6223 116.2992 114.6876 115.1073 115.9308 119.9964 116.3663 116.0797 115.6428 118.4635 116.5116 119.9078 118.8262 119.6567 118.8345 113.4935 4.7866 5.8970 9.8630 12.7002 7.5308 11.1637 14.2684 11.3766 5.9674 14.6348 15.9564 10.7578 22.6129 13.4609 10.9194 7.0577 7.4535 6.1062 13.9032 10.5259 4.4026 12.3590 5.6796 6.2865 13.1872 9.9083 6.0010 16.6744 6.5624 4.6546 36.1108 46.7175 40.1319 49.8947 37.3033 45.1212 46.4258 44.2852 31.3082 41.1526 55.3871 37.4504 42.6433 40.4131 44.7569 37.2414 34.2846 39.0847 45.5258 48.2225 42.5444 38.7244 37.3242 43.1807 39.7802 40.7688 33.6870 42.3159 34.6936 47.6637 69.1516 76.3537 74.0248 78.2353 70.2288 70.7410 77.1802 75.8615 77.7066 73.3647 74.2006 72.7313 75.7338 66.6426 74.2556 68.8429 76.9421 68.9511 71.2456 79.9824 75.1783 68.6033 74.3903 74.5958 73.2129 77.0129 72.4515 76.7400 70.1722 78.0207
2.6485 3.7941 3.8149 1.1642 2.5282 5.6418 1.8104 4.1501 2.2346 5.6303 1.8937 1.5800 3.8073 2.6636 3.1592 0.0000 3.4548 4.6928 4.9283 2.6569 4.5507 2.5778 8.3714 4.6552 3.0468 1.7117 4.6929 3.6773 3.2383 4.2375 115.5435 119.3359 120.5425 117.8730 120.7738 118.1129 120.4087 116.5958 117.8113 118.0725 116.5579 116.3513 118.4852 117.7505 122.4337 117.1663 115.5402 115.9664 116.9123 120.8018 117.2055 116.9328 116.5086 119.3526 117.3938 120.7902 119.6963 120.5444 119.7396 114.3399 4.7121 5.2583 9.2391 12.3390 8.3108 10.8143 13.8620 10.8176 5.8352 14.8665 16.0474 10.8918 22.6382 13.3568 10.8618 7.2439 6.6426 6.1774 13.8878 9.9628 4.0560 12.5738 6.0711 6.6152 14.0254 9.9624 5.2624 16.7740 6.8210 3.4274 37.2289 47.7457 41.2411 50.9454 38.6402 45.9691 48.2683 45.5550 32.3128 42.1322 56.9448 38.6060 43.5914 41.3613 45.8867 37.9077 34.6659 40.6096 46.2800 49.7341 43.4482 39.6178 38.5485 44.3844 40.9381 41.8526 34.3746 43.4923 35.6594 49.2737 69.6814 76.8225 74.5589 78.7316 70.7822 71.1755 77.7039 76.1393 77.9552 73.7139 74.4886 73.1810 76.2987 67.0832 74.5696 68.9894 77.2915 69.5761 71.8409 80.4700 75.4769 69.1448 74.8118 75.1727 73.6549 77.2829 72.9247 77.2819 70.8875 78.3309
2.7156 3.4614 2.9349 3.3262 3.4906 3.5383 2.5293 2.6374 3.3551 4.9263 2.5007 3.9668 4.1258 3.2660 2.5411 3.4548 0.0000 2.7626 2.9195 3.4107 2.8511 3.6586 5.7088 2.3751 1.9596 3.0278 3.6260 3.6904 2.7140 2.1593 113.1426 116.9401 118.1917 115.5698 118.4034 115.7724 118.0049 114.2491 115.4552 115.6666 114.1932 114.0419 116.0992 115.3813 120.0736 114.7993 113.2050 113.6431 114.5126 118.4346 114.8519 114.6209 114.1399 116.9838 115.0589 118.3760 117.3549 118.1602 117.3743 112.0442 3.8289 5.0368 8.6132 11.3186 6.2993 9.9211 13.0743 10.1709 5.0358 13.2154 14.5595 9.2439 21.0712 12.1675 9.6939 5.8924 7.0864 4.6336 12.3622 9.2561 3.7072 11.0613 4.5466 5.4976 11.9496 8.4851 5.2476 15.2901 5.3431 4.7167 34.7926 45.2204 38.8081 48.3277 35.9246 43.6372 45.3922 42.8961 29.8445 39.6934 53.9018 35.9426 41.0550 38.8900 43.4490 35.7966 32.9787 38.0819 44.1320 46.7576 41.1171 37.4734 35.9197 41.8177 38.4087 39.4004 32.2538 40.9833 33.1105 46.6094 67.7773 74.8650 72.5604 76.8013 68.8996 69.2775 75.7497 74.3698 76.1513 71.8413 72.6865 71.2749 74.3535 65.1326 72.6254 67.3262 75.3792 67.4804 69.8518 78.4592 73.5661 67.1086 72.8386 73.1202 71.6714 75.5580 70.8338 75.2360 68.6949 76.4625
4.0816 2.5501 3.4019 4.4262 4.1939 2.8798 3.3487 2.1769 4.4183 3.5356 3.8249 5.0698 4.9092 3.2899 3.8193 4.6928 2.7626 0.0000 3.0895 3.7962 1.7439 3.5108 5.7881 2.0940 2.3983 3.8847 2.3753 2.7297 2.7255 2.5016 111.4252 115.1533 116.4795 113.7987 116.7112 114.0307 116.3123 112.4920 113.7386 113.9341 112.4601 112.1887 114.3993 113.6563 118.3520 113.0834 111.4601 111.8833 112.7388 116.7559 113.1295 112.8494 112.4212 115.2297 113.3145 116.6446 115.5716 116.3952 115.6202 110.2744 4.1293 5.1397 7.8962 10.1720 5.3748 8.8466 12.0151 9.1424 5.2877 11.8623 13.3225 8.3379 19.6969 11.1162 8.2301 5.2908 7.4579 3.2954 11.0421 8.4461 4.0989 9.8295 4.4695 5.6564 10.8776 7.6525 5.5313 14.1488 4.0336 5.0706 32.8482 43.3753 36.9080 46.5802 34.1557 41.7047 43.7664 41.1282 27.9712 37.8321 52.6568 34.3314 39.2782 37.0154 41.5460 33.7300 30.7899 36.2272 42.0521 45.3744 39.1114 35.3577 34.0968 39.9561 36.5917 37.5666 30.2767 39.0995 31.3536 44.7366 65.7283 72.9125 70.5655 74.8437 66.8473 67.3687 73.7045 72.4226 74.2733 69.9158 70.7773 69.2823 72.3053 63.1186 70.8331 65.3914 73.5446 65.4768 67.8913 76.5210 71.8171 65.1641 70.8962 71.1683 69.8056 73.5767 68.9379 73.3056 66.7577 74.5374
3.3257 4.6869 3.6517 4.5481 4.3947 2.2275 3.5485 1.9552 3.6648 6.1413 4.0640 4.6596 3.0491 4.4686 2.5577 4.9283 2.9195 3.0895 0.0000 3.9280 3.5726 4.2561 5.5135 3.5042 3.4699 4.0487 4.4911 4.8473 3.8363 2.7356 113.1553 116.8598 118.2821 115.5937 118.5327 115.8087 118.0635 114.2402 115.5212 115.7099 114.2079 113.9450 116.1967 115.4071 120.1490 114.8594 113.2415 113.6718 114.4409 118.5285 114.9076 114.6392 114.1959 116.9609 115.0891 118.4003 117.3517 118.1514 117.3567 112.0708 5.4090 6.7246 9.9614 12.4296 7.0918 11.1161 14.1652 11.3430 6.5926 13.8959 15.4046 10.3599 21.8057 13.1455 10.5745 7.1089 8.4236 5.8343 13.3161 10.6116 5.2955 11.7825 5.8614 6.6317 12.2930 9.7033 6.9142 16.2005 6.4331 6.0081 34.4139 45.0105 38.5365 48.0875 35.4602 43.4845 44.4618 42.6047 29.6470 39.5130 53.5681 35.8047 40.9208 38.7139 43.1727 35.6865 32.9062 37.2624 43.8929 46.3752 40.8690 37.0209 35.5533 41.3954 38.1718 39.1607 32.1978 40.6214 33.0098 45.7129 67.6958 74.9211 72.5295 76.8676 68.7423 69.3545 75.7122 74.5577 76.4229 71.9878 72.8514 71.2970 74.3002 65.1075 72.9447 67.6237 75.6184 67.3689 69.8195 78.5548 73.8872 67.1496 72.9798 73.1171 71.8477 75.7165 70.9895 75.2644 68.5505 76.6711
2.2670 3.5232 2.0212 2.2900 1.3915 4.9578 1.9384 3.2594 1.7298 5.6825 2.9516 2.5773 3.1246 3.2088 2.9408 2.6569 3.4107 3.7962 3.9280 0.0000 3.7883 2.2783 8.1737 3.8159 2.8135 1.6617 4.5705 3.2696 1.8522 3.0285 114.7481 118.3908 119.8598 117.1346 120.0717 117.3160 119.6683 115.8557 117.0896 117.2923 115.8382 115.3831 117.7751 116.9984 121.7383 116.4487 114.7959 115.2237 116.0453 120.1562 116.5061 116.2013 115.7334 118.5980 116.6321 119.9960 118.9346 119.7174 118.8771 113.6301 5.2514 6.4952 10.1915 12.9019 8.2327 11.3631 14.5596 11.5370 6.9052 15.0365 16.4226 11.2918 22.9206 13.9777 11.0327 7.8377 8.3706 6.0380 14.1423 10.8351 4.9493 12.9243 6.7867 7.5830 14.2374 10.3119 6.6144 17.1422 6.5234 4.8475 36.0261 46.5437 40.0519 49.7547 37.4313 44.7550 47.0633 44.2789 31.1966 40.9923 55.7763 37.6017 42.4619 40.1490 44.4969 36.7163 33.6238 39.3737 45.1225 48.5502 42.1926 38.4888 37.2234 43.1325 39.8043 40.6877 33.4000 42.4179 34.4736 48.0044 68.8479 76.1272 73.6910 78.0584 70.0378 70.5761 76.8527 75.6109 77.4345 73.1049 73.9208 72.4570 75.4249 66.2164 74.0948 68.4714 76.7714 68.7090 71.1793 79.7658 75.0820 68.3602 74.0362 74.3661 72.9814 76.7000 72.1466 76.5129 69.9794 77.7144
4.2153 2.2490 3.3912 4.1759 4.0426 3.3293 3.3075 2.3794 4.5102 3.5754 3.5006 4.8715 5.0364 3.0942 3.9259 4.5507 2.8511 1.7439 3.5726 3.7883 0.0000 3.2557 6.3331 2.1561 1.9150 3.7415 2.2100 2.6194 2.7213 2.8549 111.6025 115.3246 116.6696 113.9551 116.8856 114.2121 116.4742 112.6787 113.9092 114.0950 112.6355 112.3683 114.5796 113.8535 118.5104 113.2443 111.6449 112.0625 112.8946 116.9480 113.3126 113.0257 112.5742 115.4217 113.4964 116.8474 115.7624 116.5683 115.8283 110.4566 3.1459 4.6221 7.5513 9.9136 4.7999 8.4036 11.6318 8.8077 4.6123 11.6132 13.0648 7.9212 19.7059 10.8172 7.9192 4.8419 6.9310 3.1760 10.8994 8.0504 3.3830 9.6358 4.1708 5.0019 10.8177 7.0232 4.8746 13.7700 3.4439 4.5534 33.1491 43.6438 37.2961 46.9112 34.4521 41.9748 44.2568 41.4349 28.3588 38.0979 53.0876 34.7959 39.5486 37.3389 41.7365 33.9574 31.0101 36.6741 42.3518 45.8403 39.4470 35.7396 34.4212 40.3252 36.9467 37.9629 30.6499 39.4407 31.6896 45.1370 65.9127 73.1084 70.6770 74.9823 67.0594 67.4997 73.8788 72.5508 74.4372 70.0438 71.0156 69.4745 72.5249 63.3380 70.9793 65.4975 73.6587 65.7332 68.1101 76.6726 71.9915 65.4380 71.0879 71.4437 69.9362 73.6811 69.1596 73.5915 66.9765 74.7041
3.0872 2.3599 3.6004 2.2901 2.6318 4.5180 1.8163 3.0108 2.7223 4.4375 2.3716 2.5886 3.7004 1.8908 3.2565 2.5778 3.6586 3.5108 4.2561 2.2783 3.2557 0.0000 7.9350 4.2117 2.5244 1.9007 3.2588 2.3418 2.7630 3.8822 113.9795 117.6850 119.0473 116.2959 119.2880 116.5270 118.8792 115.0272 116.2761 116.5382 115.0130 114.6543 116.9911 116.2056 120.9259 115.6483 113.9784 114.4031 115.2826 119.3220 115.6728 115.3520 114.9566 117.7972 115.8390 119.2635 118.1302 118.9622 118.1304 112.7723 4.2433 4.9211 8.5186 11.3375 7.1685 9.7319 12.8164 9.8303 5.4798 13.6449 14.9506 10.0079 21.5597 12.4021 9.5145 6.4194 6.7123 5.0353 12.7905 9.2310 3.6564 11.4757 5.5547 6.2158 12.9279 9.0400 5.0786 15.6888 5.5256 3.1252 35.4801 46.1749 39.6093 49.5611 37.0708 44.3116 46.7658 44.0040 30.7427 40.5662 55.7907 37.2600 42.1521 39.8154 44.1838 36.1770 32.8270 38.8509 44.5504 48.5247 41.7849 37.8238 36.9512 42.7389 39.3666 40.2417 32.7587 41.8431 34.1982 47.5390 67.9204 75.2184 72.8322 77.0708 69.0218 69.5180 75.9732 74.5394 76.4054 72.1187 72.9394 71.5217 74.5659 65.4194 73.1422 67.4208 75.7453 67.9532 70.1815 78.8589 74.0481 67.5656 73.2090 73.5265 72.0684 75.6250 71.3980 75.6804 69.2400 76.7542
6.9853 7.1601 7.5866 8.1902 8.4794 4.5440 7.3606 5.7528 8.0105 7.2225 7.0947 8.6222 7.6727 7.3397 6.3827 8.3714 5.7088 5.7881 5.5135 8.1737 6.3331 7.9350 0.0000 5.9661 6.7102 7.8538 6.1079 7.6824 7.5243 6.0084 109.9077 113.7793 115.0277 112.3535 115.3845 112.5796 114.7753 110.9688 112.2510 112.5778 110.9660 110.9257 112.9391 112.1313 116.9840 111.5603 109.9754 110.4294 111.2604 115.2300 111.6520 111.3815 110.9576 113.7584 111.7784 115.2761 114.1138 115.0284 114.1666 108.7648 7.3983 7.3142 9.3009 11.0524 6.7596 10.1934 12.8181 10.4787 6.8936 11.9664 13.2052 8.9024 19.1670 11.4629 9.8049 6.4979 9.1724 6.4033 11.4148 9.9432 7.1540 10.1341 5.3384 6.6763 9.3380 8.9877 7.9500 14.0670 7.3129 8.4021 32.0677 42.5361 35.7522 45.5630 32.7635 41.3686 41.2867 39.9125 27.0081 37.0222 50.2989 32.5007 38.4389 36.3730 41.1559 33.9215 31.3252 34.3555 41.8065 43.2040 38.7093 34.8098 33.1950 38.7897 35.2103 36.2527 29.6047 37.7676 30.6487 43.0052 65.4093 72.3472 70.1829 74.3372 66.2996 66.7376 73.4245 72.0798 73.8041 69.4731 70.1197 68.8280 71.8938 62.8090 70.1404 65.3020 72.8751 64.8628 67.0421 75.9373 71.0273 64.4316 70.5454 70.4479 69.1431 73.2869 68.4058 72.6053 66.0342 74.1473
4.0406 3.2964 2.7225 4.4296 3.9420 3.7402 3.6120 2.8181 4.4747 4.4355 3.7910 5.1542 5.1500 3.8566 3.9941 4.6552 2.3751 2.0940 3.5042 3.8159 2.1561 4.2117 5.9661 0.0000 2.4446 4.0378 3.4145 3.5253 2.5499 1.9428 111.9281 115.6320 116.9707 114.2865 117.1580 114.5189 116.7610 113.0004 114.2234 114.3798 112.9602 112.7183 114.8515 114.1538 118.8129 113.5553 111.9627 112.3935 113.2197 117.2335 113.6255 113.3742 112.8844 115.7197 113.8059 117.1091 116.0724 116.8651 116.1233 110.8065 4.1464 5.5732 8.5314 10.8221 5.8301 9.5434 12.7312 9.8863 5.5593 12.4737 13.9172 8.6897 20.3208 11.7734 9.0740 5.8358 7.9225 3.9369 11.6172 9.0582 4.2692 10.5734 4.8013 6.0093 11.5148 7.9425 5.8686 14.6448 4.6128 5.5617 33.4287 43.7315 37.4315 46.6910 34.4972 42.1717 44.2337 41.4326 28.4169 38.2635 52.7062 34.6381 39.5065 37.3640 41.9738 34.2772 31.5552 36.9029 42.6207 45.4649 39.5747 36.0695 34.4785 40.4208 37.0441 38.0463 30.8567 39.6632 31.6460 45.3255 66.4495 73.5559 71.1600 75.5446 67.6324 68.0615 74.3783 73.1154 74.9402 70.5535 71.4455 69.9664 73.0252 63.7138 71.3609 66.0625 74.1377 66.0733 68.6130 77.0957 72.4261 65.7807 71.4974 71.8123 70.3825 74.2791 69.4438 73.9256 67.3379 75.1530
3.0092 2.3643 2.8501 2.8204 2.8874 3.7906 1.9897 2.3618 3.2620 4.1365 2.1970 3.5308 4.2543 2.5442 2.8923 3.0468 1.9596 2.3983 3.4699 2.8135 1.9150 2.5244 6.7102 2.4446 0.0000 2.4102 2.7398 2.4921 2.0870 2.3904 112.9911 116.7333 118.0374 115.3668 118.2395 115.5838 117.8610 114.0905 115.2906 115.5025 114.0371 113.7869 115.9495 115.2369 119.8967 114.6421 113.0277 113.4490 114.3191 118.3058 114.6873 114.4450 113.9612 116.8201 114.8767 118.2298 117.1825 117.9683 117.1981 111.8663 2.9271 4.4141 8.0280 10.7726 5.7710 9.1622 12.3551 9.4711 4.5173 12.7547 14.0765 8.8125 20.8059 11.6936 8.9240 5.4237 6.6422 3.9384 11.9443 8.6552 2.8536 10.6728 4.3792 5.1738 11.9033 7.8377 4.5602 14.7577 4.3845 3.7344 34.5779 45.0672 38.7243 48.3144 35.9295 43.3655 45.6672 42.8638 29.7670 39.4978 54.2886 36.1055 40.9554 38.7331 43.1783 35.3764 32.4005 38.1090 43.7855 47.0927 40.8898 37.1986 35.8282 41.7474 38.3544 39.3408 32.0534 40.9079 33.0286 46.6267 67.3475 74.5276 72.1375 76.4020 68.5102 68.9092 75.3057 73.9296 75.7784 71.4470 72.3640 70.9042 73.9502 64.7894 72.3198 66.8273 75.0107 67.1933 69.5376 78.0985 73.3013 66.8417 72.4870 72.8299 71.3230 75.0730 70.5744 74.9544 68.4482 76.0555
1.9755 3.2167 2.8689 1.5173 1.8329 4.8342 1.2692 3.1918 1.7591 5.3557 1.8147 1.8838 3.1574 2.5211 2.5263 1.7117 3.0278 3.8847 4.0487 1.6617 3.7415 1.9007 7.8538 4.0378 2.4102 0.0000 4.1286 3.1140 2.4456 3.4320 114.8190 118.5471 119.9018 117.1941 120.1265 117.3942 119.7348 115.9084 117.1532 117.3815 115.8841 115.5490 117.8317 117.0491 121.7983 116.4988 114.8594 115.2780 116.1507 120.1776 116.5567 116.2529 115.7924 118.6723 116.6999 120.1067 119.0058 119.8382 118.9938 113.6691 4.5647 5.5051 9.4032 12.3058 7.8066 10.7253 13.8437 10.8396 5.9343 14.5927 15.8705 10.6931 22.4811 13.3057 10.5723 7.0894 7.2611 5.6661 13.6793 10.1121 4.0664 12.3722 6.0442 6.6391 13.7019 9.7787 5.5426 16.5854 6.2671 3.7902 36.3221 46.8726 40.3621 50.1607 37.7309 45.1346 47.3389 44.6490 31.4867 41.2519 56.1076 37.8543 42.7973 40.5083 44.9026 37.0681 33.8790 39.6320 45.4494 48.9032 42.5992 38.8035 37.6062 43.4818 40.0605 40.9748 33.6311 42.6619 34.8411 48.2983 68.9879 76.2177 73.8346 78.0977 70.1277 70.5606 77.0250 75.6196 77.4251 73.1301 73.9490 72.5592 75.5875 66.4129 74.0775 68.4640 76.7558 68.9006 71.2175 79.8657 75.0074 68.4948 74.1743 74.5187 73.0138 76.7347 72.3171 76.6420 70.1281 77.7812
4.7938 1.9240 4.7393 4.5306 4.8147 3.5123 3.6712 2.9929 5.1094 2.3510 3.6354 5.2017 5.6535 2.7312 4.4883 4.6929 3.6260 2.3753 4.4911 4.5705 2.2100 3.2588 6.1079 3.4145 2.7398 4.1286 0.0000 2.4022 3.8295 3.9621 111.1267 114.8813 116.1470 113.4258 116.4034 113.6768 115.9860 112.1463 113.3955 113.6773 112.1261 111.8993 114.0882 113.3245 118.0248 112.7543 111.1038 111.5225 112.4440 116.4072 112.7795 112.4838 112.0855 114.9141 112.9512 116.4005 115.2591 116.1180 115.3106 109.8944 3.3713 3.3993 6.1911 8.7102 4.5788 7.2041 10.3118 7.4061 3.7076 10.7370 12.0571 7.1428 18.6917 9.6989 6.8544 3.8333 5.9340 2.2890 9.8911 6.8931 2.9417 8.6828 3.2022 4.4035 9.9379 6.4585 3.9726 12.8402 3.2055 3.6831 32.8896 43.5366 36.9948 46.9200 34.3893 41.7899 44.1491 41.4005 28.0583 37.9250 53.1790 34.4995 39.4695 37.2075 41.7496 33.7037 30.4589 36.2961 42.0005 45.8853 39.2709 35.2793 34.4112 40.1205 36.6618 37.5919 30.1173 39.1245 31.5935 44.9485 65.3320 72.5129 70.1816 74.3873 66.3871 66.8130 73.3730 71.8513 73.7129 69.4206 70.2470 68.8597 71.9717 62.8365 70.3252 64.7873 72.9560 65.2662 67.4313 76.1179 71.2489 64.8701 70.5637 70.8430 69.3354 72.9732 68.6909 72.9759 66.5728 74.0533
4.2227 1.3734 3.7158 3.5298 3.6483 4.6944 2.9288 3.5200 4.2010 2.8458 3.3760 4.3156 5.2969 2.2127 4.4854 3.6773 3.6904 2.7297 4.8473 3.2696 2.6194 2.3418 7.6824 3.5253 2.4921 3.1140 2.4022 0.0000 2.6069 3.8314 112.3479 116.0585 117.3616 114.6500 117.5895 114.8747 117.2282 113.4008 114.6184 114.8766 113.3870 113.0377 115.3006 114.5495 119.2457 113.9868 112.3229 112.7550 113.6842 117.6499 114.0158 113.7142 113.2883 116.1524 114.1796 117.5836 116.4717 117.3078 116.4842 111.1337 4.0802 4.5077 7.4476 10.0038 6.2663 8.4703 11.6461 8.6224 5.1497 12.2632 13.5875 8.7321 20.0312 11.1848 8.1993 5.6182 6.8234 3.6045 11.2929 8.0804 3.7632 10.2477 5.0033 5.9786 11.8877 7.8792 4.8911 14.3873 4.2446 3.7832 33.9754 44.4992 38.0075 47.9257 35.5734 42.6195 45.5474 42.4619 29.1216 38.8777 54.3097 35.6352 40.4704 38.1195 42.6114 34.4605 31.1361 37.5710 42.8776 47.0528 40.1410 36.2655 35.3799 41.1558 37.7597 38.6333 31.0642 40.3002 32.5094 46.2640 66.3140 73.5053 71.1374 75.4189 67.4390 67.8936 74.3083 72.8366 74.6807 70.4043 71.2106 69.8212 72.8867 63.7057 71.3722 65.6922 74.0238 66.2343 68.5522 77.1529 72.3258 65.8217 71.4602 71.8283 70.3515 73.9452 69.6154 73.9792 67.5790 75.0071
2.8842 2.7658 1.5504 2.9356 2.1057 4.6348 2.2741 3.0647 2.9523 4.7547 3.0173 3.6253 4.2321 3.0959 3.4091 3.2383 2.7140 2.7255 3.8363 1.8522 2.7213 2.7630 7.5243 2.5499 2.0870 2.4456 3.8295 2.6069 0.0000 2.3118 113.4350 117.1287 118.5124 115.8169 118.6976 116.0299 118.3283 114.5367 115.7593 115.9220 114.5080 114.1300 116.4118 115.6830 120.3781 115.0998 113.4855 113.9062 114.7465 118.8071 115.1722 114.8848 114.4150 117.2893 115.3352 118.6574 117.6074 118.3988 117.6091 112.3215 4.4288 5.8453 9.2879 11.8347 7.0641 10.3427 13.6014 10.6497 6.2045 13.8451 15.2456 10.0649 21.7063 12.9112 9.9618 6.8367 8.0689 4.8634 12.9362 9.8399 4.3837 11.8307 5.9113 6.8522 13.1484 9.0923 6.0403 15.9469 5.3409 4.9228 34.8275 45.2186 38.8231 48.4100 36.1728 43.4837 45.9765 42.9631 29.9368 39.6913 54.4790 36.3086 41.1093 38.8352 43.2391 35.4732 32.5457 38.4096 43.9362 47.2638 40.9274 37.4036 35.9548 41.9291 38.5452 39.4815 32.1950 41.1746 33.1391 46.9369 67.6648 74.8843 72.4622 76.8020 68.8888 69.3697 75.6069 74.3702 76.1944 71.8490 72.7330 71.2379 74.2231 64.9909 72.7698 67.2317 75.5048 67.4530 69.9700 78.4671 73.7964 67.0993 72.7638 73.1319 71.7078 75.4957 70.8178 75.2701 68.7338 76.4340
2.9452 3.8170 2.1677 3.9677 3.2085 3.5682 3.0460 2.4291 3.4487 5.3673 3.5352 4.4735 4.1487 4.1357 2.9234 4.2375 2.1593 2.5016 2.7356 3.0285 2.8549 3.8822 6.0084 1.9428 2.3904 3.4320 3.9621 3.8314 2.3118 0.0000 112.8923 116.5404 118.0145 115.3278 118.1975 115.4771 117.7782 114.0289 115.2373 115.4271 113.9929 113.6210 115.8825 115.1557 119.8650 114.5922 112.9586 113.3943 114.1815 118.2865 114.6408 114.4057 113.8959 116.7345 114.7877 118.1118 117.0992 117.8650 117.0395 111.8402 4.6557 6.2081 9.6393 12.0866 6.6682 10.6034 13.8106 10.9911 6.1905 13.7085 15.1052 9.9336 21.6492 12.9845 10.1736 6.7914 8.5147 4.8802 12.8948 10.2274 4.6290 11.7922 5.4573 6.7013 12.5519 9.0710 6.4630 15.8319 5.4859 5.6151 34.2516 44.6490 38.2621 47.6584 35.3899 43.0485 44.8786 42.2628 29.3464 39.1937 53.3469 35.4845 40.5151 38.2717 42.7804 35.2412 32.4905 37.5306 43.5758 46.1609 40.4865 36.9532 35.2984 41.2185 37.8815 38.8420 31.8605 40.5552 32.5283 46.0417 67.5263 74.7104 72.2653 76.6801 68.7162 69.2222 75.4475 74.3045 76.1130 71.7573 72.5921 71.1018 74.0675 64.8757 72.5980 67.2835 75.2979 67.1915 69.7146 78.2533 73.6437 66.8871 72.6389 72.8488 71.5462 75.4435 70.6083 74.9898 68.4706 76.3080
114.9729 112.0613 113.8432 115.3302 115.0289 111.7095 114.4137 112.7846 115.6586 110.2929 114.3964 116.1553 115.7323 113.4256 114.5957 115.5435 113.1426 111.4252 113.1553 114.7481 111.6025 113.9795 109.9077 111.9281 112.9911 114.8190 111.1267 112.3479 113.4350 112.8923 0.0000 12.4552 11.2505 11.0042 13.7240 9.9567 9.1854 9.2707 8.2162 9.9978 8.6477 12.1657 10.6860 8.0068 13.2686 8.3582 7.9829 7.1366 8.3698 13.4085 9.8637 9.2514 8.0974 10.6965 7.7238 10.2524 10.8975 10.6896 11.1571 10.4701 112.1538 111.6906 108.4150 105.2409 108.1680 106.4700 104.6877 106.9220 111.3227 102.1608 101.5519 105.9863 95.7365 104.5250 105.7524 109.3055 112.9044 109.5328 102.9697 107.8143 112.6896 104.5471 110.5315 111.0402 103.2423 107.0727 112.2370 101.0592 109.2308 113.9498 79.7804 70.2738 75.9243 70.8609 79.4816 71.9632 74.7640 72.8413 84.4923 75.4494 68.8362 79.2036 74.8023 76.5436 72.9431 79.7525 83.7488 79.2075 71.9873 73.1530 74.6160 78.5704 79.4530 73.7339 76.0695 75.5547 82.5967 73.3869 81.9126 71.8221 51.3887 44.7703 46.6281 42.8426 51.3235 50.2354 43.8324 47.6567 45.8690 48.5646 49.5664 48.3566 44.7706 54.5217 47.0842 54.5099 44.5694 50.8342 48.0995 40.5846 47.4077 50.1749 46.2097 44.5724 46.3237 47.2871 47.3747 43.3021 49.5964 44.2311
118.7079 115.8315 117.4835 119.1225 118.6813 115.4307 118.1777 116.4655 119.3547 114.1027 118.1976 119.9053 119.4047 117.2217 118.3641 119.3359 116.9401 115.1533 116.8598 118.3908 115.3246 117.6850 113.7793 115.6320 116.7333 118.5471 114.8813 116.0585 117.1287 116.5404 12.4552 0.0000 16.9571 14.4514 16.6582 8.9723 13.7153 15.4757 14.0930 15.1738 15.9422 9.6472 14.8771 13.2161 16.6448 15.7298 12.6866 13.3174 8.8560 18.2802 15.1488 15.3957 12.6019 13.7903 11.7529 13.0924 14.3207 10.7900 7.4815 17.1826 116.0041 115.6554 112.4798 109.3225 112.0463 110.4799 108.7730 110.9487 115.2685 106.2061 105.6589 110.0041 100.1246 108.7046 109.7170 113.2939 117.0194 113.3211 106.9935 111.9344 116.5171 108.6838 114.4491 115.0541 107.3345 111.0424 116.2066 105.2191 113.0448 117.7751 83.0399 73.2837 79.3960 73.2754 82.7052 74.9353 78.0240 76.0601 87.9034 78.7570 71.7177 82.7261 77.9045 79.5582 76.1112 82.9071 86.8607 82.1399 74.8411 76.1397 77.6587 81.6279 82.6385 76.6594 79.4798 78.7545 86.1367 76.9569 85.1721 74.6805 54.8368 49.0668 49.4134 47.5847 54.9210 54.3298 47.1871 51.9924 50.2205 52.7963 53.3824 52.2143 48.4453 57.8486 51.9519 58.8862 48.5810 54.3748 52.4608 44.4655 52.7495 54.3579 50.2627 48.0995 50.4745 51.1169 51.3308 47.0349 53.2583 48.2615
120.1175 117.0888 118.9844 120.3663 120.1437 116.7966 119.4750 117.8703 120.7564 115.2062 119.4311 121.2062 120.8708 118.3938 119.7314 120.5425 118.1917 116.4795 118.2821 119.8598 116.6696 119.0473 115.0277 116.9707 118.0374 119.9018 116.1470 117.3616 118.5124 118.0145 11.2505 16.9571 0.0000 9.0547 8.8909 12.4666 7.4690 9.6747 6.5603 8.8807 8.7909 18.7420 6.1716 8.4946 7.0913 8.0195 8.9245 8.7439 13.8021 6.0170 6.9935 9.2907 10.0092 8.3191 9.6836 8.2956 8.6543 8.8838 14.3371 10.4667 117.1694 116.5884 113.1135 109.8755 113.2269 111.2591 109.3348 111.6151 116.2493 106.8680 106.1897 110.7934 100.0170 109.1712 110.6066 114.2259 117.6714 114.5396 107.6548 112.5040 117.6622 109.2794 115.4812 115.9552 108.0646 111.9545 117.1312 105.7612 114.2898 118.9026 85.1934 75.5412 81.5076 75.5486 84.7522 77.3199 80.2508 78.5648 89.6112 80.6198 74.5092 84.3888 79.7461 81.7306 78.9556 84.8335 88.7029 84.7920 76.9545 78.6327 79.9030 83.5309 84.9007 79.1725 81.5428 81.0929 87.5163 78.6758 87.1395 77.3647 55.4631 47.6833 50.3895 46.1019 54.8461 53.4853 47.6201 49.9656 48.1380 51.2316 51.9162 51.5988 48.8543 58.0835 49.2932 57.2049 47.0382 54.4011 51.5840 43.3255 49.4228 54.0444 49.6352 48.4426 49.7977 49.6650 50.6321 46.9182 53.4585 46.6582
