0.0000 14.6287 14.0712 13.1149 12.4900 16.7332 10.2956 11.9164 12.6491 15.5563 9.8995 10.7703 12.2474 16.8523 14.0000 12.0000 12.1655 10.3923 11.9164 12.7279 14.3527 11.7473 12.4097 12.8062 13.7840 17.6068 12.7279 13.3417 10.3923 13.8564 35.3412 37.2559 38.1182 37.7889 39.3573 39.7744 37.5633 37.0135 39.2938 36.2629 39.4335 35.3695 37.3095 38.0920 39.3446 40.4599 37.0675 37.1618 36.7015 38.4968 37.7094 37.3765 39.8623 38.4318 38.0920 37.2559 35.9444 35.9166 36.1663 36.9324 14.9666 17.6635 19.2354 21.6333 17.0294 21.4009 21.4942 18.2757 15.4919 21.1660 20.0000 20.1494 21.8174 18.4391 16.4924 13.4164 15.6205 16.0000 12.8062 18.8680 12.3288 14.3527 14.3527 17.9444 16.6433 13.1909 17.2627 17.9722 12.0830 16.7929 30.1662 32.1870 28.0357 26.3249 27.0555 28.7576 25.0400 26.4764 25.2982 28.0179 26.5895 27.0000 28.1247 28.9655 26.3059 26.5707 27.3496 26.8514 31.2570 26.0960 30.3150 31.2570 26.0576 28.8271 25.8263 29.2062 27.1846 26.9629 24.1039 29.7825 38.4578 38.1576 34.6410 35.5528 35.6090 36.3593 34.7419 36.3180 35.6791 36.2767 37.9737 37.2290 34.3802 36.4555 36.0139 35.9722 32.2800 36.3043 36.5513 34.9714 38.1838 36.7015 35.2278 36.4829 33.0303 34.5254 38.2361 37.4566 37.1753 37.3095
14.6287 0.0000 17.6635 15.2315 18.5472 18.4391 12.0000 10.9545 17.5499 16.6132 12.8841 19.4422 16.4924 17.4356 17.5499 14.0712 13.1909 12.4900 16.9706 12.3288 13.3417 18.2209 10.8628 14.3527 15.2315 18.6548 15.6844 13.8564 10.7703 20.1990 31.9844 34.6699 35.1710 35.0143 35.9861 36.3043 35.2278 33.7343 37.0675 33.1512 35.9861 34.1028 34.6121 35.1141 37.6298 37.6962 34.8712 34.2199 34.1028 35.3836 35.2136 34.4819 38.1707 35.0000 35.2846 34.6699 33.5261 33.6749 33.7343 34.7851 11.4891 18.4932 20.5426 19.8997 17.6635 16.8523 17.6068 13.2665 12.9615 15.8745 18.1108 16.1864 17.2047 18.2757 20.0499 15.0333 13.4164 18.4391 17.7200 18.8149 11.7473 15.2315 13.7113 17.7764 20.2237 13.4164 12.8062 17.8045 15.4272 13.7113 27.7128 31.3369 26.5707 24.9600 23.9583 26.5895 25.1595 27.1109 25.7682 25.2389 25.9808 25.0000 24.7588 27.4044 25.4558 25.0200 27.7489 27.4044 31.6386 23.5160 27.5500 30.0832 25.3574 28.1603 22.5167 28.3725 26.5895 23.1301 23.8537 28.4077 34.8569 36.2491 32.1870 34.2345 33.2265 33.5857 32.5730 33.4515 32.2955 33.9706 34.3220 33.8231 31.9374 35.3129 34.5688 34.1174 30.9839 33.3766 34.6699 33.8083 35.4965 35.1710 33.4515 33.6006 31.0000 32.9242 35.3270 35.6511 34.0000 34.8138
14.0712 17.6635 0.0000 13.8564 13.8564 18.2757 11.4018 14.0712 18.6011 16.7332 10.6771 14.0000 12.0830 23.6220 18.7083 14.4914 13.5647 14.2127 8.3666 16.5529 11.7473 8.6023 16.7929 11.5758 17.4356 18.6011 18.5472 18.8149 12.0000 12.4097 35.2278 38.2884 37.9605 37.0675 40.1123 39.5474 38.3536 37.1753 41.2553 37.6696 40.3361 35.9583 38.8587 38.3797 39.7240 42.2256 37.8682 37.5366 37.1887 39.0640 37.6298 37.0810 40.7554 38.9744 39.1024 38.5487 36.3868 36.3043 36.0555 37.1753 18.5472 20.3470 20.3470 25.7682 17.6068 22.4499 22.5389 21.3073 22.2261 21.7256 20.3961 20.4450 24.9399 21.2132 16.9706 17.2047 20.9762 20.6398 18.2209 23.1517 15.5563 17.6068 15.4272 19.0263 20.7123 14.8997 20.2978 20.0250 14.8997 16.4924 29.2575 29.1890 26.0384 25.6710 26.1916 30.2820 27.2947 28.0891 27.5318 28.2666 26.5518 25.6710 28.3373 28.8964 27.5318 24.8998 28.0357 27.0370 31.2890 26.0576 29.4109 29.4449 27.7669 27.7669 24.9199 28.5482 29.2404 26.5141 22.9565 28.8964 38.1969 39.6737 35.1852 35.9444 36.7151 36.6606 35.9305 36.5650 37.3765 37.6829 39.2683 36.9053 35.5246 38.2492 37.4299 37.9210 33.8821 36.4966 36.9324 36.9188 39.2428 36.7287 36.9459 37.6696 34.5398 35.9722 38.9358 38.1969 36.9865 37.5766
13.1149 15.2315 13.8564 0.0000 15.3623 18.7083 13.1909 13.4907 15.6844 13.8564 6.1644 13.9284 14.4914 18.5472 17.4929 13.3417 11.4891 12.9615 14.2829 16.8523 13.2665 13.7113 12.8062 14.8997 15.8745 16.0000 12.1655 13.5647 14.1421 18.0000 32.4191 35.8050 36.0971 33.9411 36.9459 38.2884 34.8569 33.7343 38.4708 34.5688 36.9188 33.2716 35.3836 34.7994 37.3631 38.9744 35.3270 34.7419 35.2846 35.6371 35.3270 34.1028 38.2492 35.6230 36.7015 35.2704 34.8999 33.9411 34.8138 34.0294 13.2665 13.8564 13.8564 20.3470 9.4868 18.0000 17.0294 15.5563 17.0880 18.0000 14.5602 15.8745 18.4391 16.7929 16.6733 10.6771 16.6733 15.6844 11.9164 13.7840 12.6491 13.9284 10.2956 15.3623 14.9332 11.0454 17.1464 14.4568 15.0997 14.6969 26.0768 27.8209 23.3666 20.4206 23.1517 25.1595 20.6640 23.3880 22.8035 23.3880 20.3224 21.8403 24.9199 25.6320 22.5832 21.1660 25.3377 23.4734 27.8388 20.9523 25.6320 25.0000 23.8537 23.9792 20.4695 24.3516 25.2784 22.6495 20.8567 25.8650 35.7071 36.6060 32.6803 34.7851 33.1964 34.0294 33.2716 33.2114 34.2783 33.5559 36.3043 33.4365 32.1248 35.6230 33.3017 34.6121 30.8869 33.6749 34.0588 33.4813 35.6651 33.1813 34.3948 35.0286 32.3574 32.5576 36.0555 35.0286 33.8526 34.8999
12.4900 18.5472 13.8564 15.3623 0.0000 15.9374 14.0712 14.8324 15.8745 14.3527 11.4891 13.0384 14.4222 20.6882 14.2127 16.4317 12.0000 14.7648 10.7703 20.0998 17.8885 12.3288 12.6491 16.4924 14.5602 17.7764 15.0997 15.9374 14.8324 13.1149 36.4005 38.8072 38.4578 37.7359 40.3856 40.3237 39.5854 37.6829 40.6940 37.5633 41.5812 37.1887 39.5980 39.3065 40.0250 41.7493 38.0526 37.5899 36.6742 39.1152 38.6523 37.4299 41.1218 39.9875 38.9744 37.8153 36.7967 37.4700 36.5513 36.9053 18.4391 18.6548 20.3470 22.7596 18.3303 19.8494 24.6982 22.7596 18.6548 24.5357 20.6398 21.1187 24.3721 21.1660 18.5472 17.0880 18.6548 18.5472 16.7929 18.8680 15.0333 17.0294 19.6469 14.3527 20.5183 14.2829 17.0880 16.9411 16.8523 14.4222 28.5657 28.2489 26.2298 28.6880 29.8664 29.9833 28.9310 28.0891 25.7682 30.4795 28.2666 27.4044 31.1288 27.6948 26.1534 28.4605 29.4279 25.9808 29.9833 25.1197 30.6757 30.2490 26.9629 28.9310 27.0740 28.8964 27.7308 29.4449 24.9600 28.7924 39.0768 39.6737 35.3553 36.9053 36.8239 36.9324 36.3456 35.9305 38.0657 37.8418 40.3237 37.0405 36.0555 38.3536 37.5100 37.4700 34.6699 37.3631 37.2559 37.4833 39.5221 36.2077 37.4032 38.2230 35.2562 36.3318 38.9358 39.8121 37.9210 36.8782
16.7332 18.4391 18.2757 18.7083 15.9374 0.0000 16.1245 15.3623 21.5407 17.2627 17.3205 17.9444 16.4924 19.3391 18.2209 18.7083 18.9209 18.0555 12.8062 18.2209 14.8324 16.7929 14.8324 23.2379 20.4939 22.4054 16.0624 13.6382 16.4924 16.8523 36.1525 39.5474 39.1280 38.9102 40.5339 39.0896 38.7685 37.0135 40.0000 36.4555 40.8534 37.1618 38.6005 38.7685 40.2989 40.3609 37.8682 38.2492 37.7227 38.6523 39.1408 39.0000 40.4599 39.3827 40.2616 38.6782 37.2022 37.1753 37.1484 37.2022 18.7617 16.4317 22.5389 24.9399 20.1990 18.1108 23.2809 22.4944 14.2127 24.5764 22.0000 18.6011 25.6125 22.6274 21.0238 20.1494 15.2315 16.6733 19.4936 20.1990 12.5698 17.3781 20.6398 19.2873 22.9565 17.3205 18.5472 19.0000 18.1659 19.5959 32.4962 32.1559 27.3130 27.2580 28.9482 28.7924 28.0179 29.0000 26.0768 28.0179 29.7825 28.7228 28.9310 28.4781 25.6125 27.6043 28.4253 26.2869 33.0000 26.9629 32.2955 31.7648 26.4386 30.0832 28.4429 29.8496 28.3019 27.7669 28.1957 30.8383 38.3275 39.4208 34.5543 36.8239 35.7771 36.3318 36.0139 36.5103 37.2961 37.6032 40.9390 37.1753 36.1939 38.2753 37.0540 37.8682 35.4119 36.9053 36.3043 37.0540 39.6485 37.4833 37.2424 37.0270 36.0416 35.7491 38.0000 38.1445 38.1576 37.2559
10.2956 12.0000 11.4018 13.1909 14.0712 16.1245 0.0000 10.2956 15.0333 15.9374 9.8995 11.7473 12.3288 15.9374 15.6844 13.7113 12.0000 11.4891 10.1980 12.1655 11.1355 11.0454 13.3417 12.6491 16.5529 15.9374 15.1658 12.4097 7.6158 14.5602 34.6554 37.4166 38.2753 37.1484 39.3065 39.6485 37.4566 36.3868 39.9249 36.8375 39.5095 35.8469 37.1214 37.7492 40.1497 40.2865 37.1484 36.8917 37.0270 38.1314 37.7094 37.1349 40.8289 38.1707 38.7427 37.4967 35.9444 36.1109 35.9444 37.6829 14.4914 17.8885 20.5426 21.0238 17.7200 19.8494 19.2873 16.8523 15.6205 20.4450 18.8680 19.7990 21.8174 20.4450 16.6733 14.4914 17.7764 18.0000 16.9115 20.3961 10.8628 16.7929 15.0997 17.8885 19.3132 11.3137 16.2481 17.9165 13.7113 15.8745 29.8664 32.1559 27.4955 25.9422 26.6458 29.6479 27.0740 27.8388 26.9815 27.6225 26.2869 25.9037 27.7308 29.7825 27.4226 25.3772 27.3130 27.8747 31.4802 25.5539 30.4467 30.6757 26.7395 28.7228 24.8797 29.8831 28.1957 25.7099 24.5153 30.3150 38.4838 38.3927 34.2929 35.8050 35.9444 36.3868 35.2278 35.8190 35.9026 36.6333 37.2559 36.2767 34.2637 36.9459 36.8103 36.5513 33.3167 36.1939 36.7151 35.8469 37.8682 36.9188 35.6511 35.9583 33.7787 34.3511 38.2623 37.2156 36.6879 37.5766
11.9164 10.9545 14.0712 13.4907 14.8324 15.3623 10.2956 0.0000 14.4914 16.4924 10.8628 13.4164 12.0830 17.8326 16.0624 8.6023 13.8564 12.4900 13.0384 14.6969 12.4097 11.5758 11.4891 15.2315 16.2481 17.2047 12.8841 14.0712 9.0554 11.9164 33.6898 35.6371 36.3731 35.1568 38.1707 37.3363 36.0971 34.8999 38.7556 34.8281 37.2156 34.8855 35.6090 35.6511 37.9473 38.8201 35.5528 35.6230 35.5949 36.7151 35.9166 35.8469 38.6394 36.4005 36.7831 36.4966 34.8425 34.2637 34.8999 35.6651 14.9666 14.7648 20.6398 22.4499 15.4272 18.3848 19.4422 19.3391 14.0000 21.9089 18.2757 16.4924 20.9762 15.5563 16.3095 15.1658 14.7648 16.0624 16.4924 17.7764 11.1355 12.8062 15.0333 16.3707 18.7350 12.4900 16.6132 18.5203 14.2829 15.4272 30.3645 32.4962 28.6705 25.6320 25.1396 28.2312 26.1343 28.7576 27.3496 28.3725 28.3019 26.9258 27.0740 29.6142 26.6083 26.9072 28.0000 27.0740 33.5112 25.5539 30.3480 32.5423 27.6586 30.4138 25.5539 30.4138 29.1719 26.6646 25.5930 30.5123 36.7560 37.3095 32.8024 34.9857 33.6452 34.5832 33.5410 34.2783 34.7994 35.5528 36.1939 34.9571 33.2265 35.7351 35.5949 35.6090 31.4643 35.5246 35.2136 34.5398 37.2290 35.7911 34.5688 34.8281 31.9844 33.4963 36.6060 36.4005 34.7851 36.0278
12.6491 17.5499 18.6011 15.6844 15.8745 21.5407 15.0333 14.4914 0.0000 20.4450 14.1421 12.3288 13.0384 21.4476 13.7840 16.7929 14.0712 10.7703 18.1108 18.8149 19.8997 15.7480 13.1149 17.4929 12.7279 22.9347 14.4222 16.8523 13.4907 16.7929 36.3456 37.3363 39.4842 37.6563 40.1871 41.6413 38.3536 38.0263 40.4228 37.3497 40.2616 36.1525 37.7889 37.9342 40.6448 40.8289 37.3631 37.8021 37.7492 38.4968 38.6005 37.4299 40.2865 40.0125 39.4081 37.4700 36.8239 36.6606 37.3363 37.3095 14.1421 21.2132 23.7908 26.1534 18.8680 24.3311 24.6982 21.3073 19.0788 25.0200 20.8327 21.8632 22.3607 20.5913 19.8494 16.0000 20.5426 21.1660 17.3205 20.0499 18.0000 19.1311 20.1990 20.3470 20.3224 13.2665 18.4391 20.4206 20.1990 18.7083 29.4958 33.3467 28.9137 29.3087 29.6311 32.0156 26.1343 27.4408 26.4953 30.4138 27.8029 29.5466 32.6343 29.1033 27.6405 28.5657 30.4302 28.5132 30.9677 26.1343 30.3809 30.3809 29.1376 31.0322 26.4764 30.5778 27.6586 27.7669 25.8650 32.1092 40.0375 38.4968 35.4401 37.9737 36.0832 37.8418 36.4005 37.2961 37.1080 37.3631 38.2099 36.6333 35.2136 37.1349 37.0000 36.3593 33.4664 38.4448 37.1214 36.8375 39.1663 37.2156 37.1887 37.3229 33.0908 34.9571 39.7492 38.9487 37.0135 37.7889
15.5563 16.6132 16.7332 13.8564 14.3527 17.2627 15.9374 16.4924 20.4450 0.0000 12.8841 19.5959 16.6733 16.5529 22.0000 14.6287 12.6491 15.0997 14.8997 17.8326 14.0712 16.4317 11.9164 18.0555 18.9209 21.4009 12.0830 15.6844 17.1464 18.1659 30.6431 33.7639 33.6898 32.0624 34.6843 35.1283 34.1614 32.1248 35.7491 32.1092 36.7560 32.9697 34.9571 34.3948 35.6651 37.2961 32.9848 32.5730 31.9531 33.6749 33.9411 32.3883 36.7015 34.7994 34.2199 32.3728 32.2800 32.7719 32.0624 31.6860 18.5472 15.3623 15.4919 16.5529 15.8114 16.0624 20.2485 16.0624 17.4929 18.3848 14.3527 19.1311 18.8680 16.6132 17.3781 11.6619 15.0997 10.5830 14.0712 15.0997 13.5647 12.8841 14.6969 13.5647 15.0000 12.4097 14.0712 13.3041 12.9615 10.7703 22.3159 22.0000 19.3391 21.7945 23.1948 20.7605 22.6053 23.5584 20.2978 22.6495 22.2935 19.0526 22.4277 21.7945 17.7764 21.5407 21.7715 17.6918 24.5561 19.8746 24.2693 24.7992 20.3224 21.6564 20.1246 21.1896 22.0681 22.4277 19.6214 21.1424 33.7491 34.6410 30.2324 31.9374 31.1127 31.4006 30.7409 31.9531 32.2955 32.7414 34.8138 31.5278 31.1769 33.6006 32.5115 33.0757 29.0172 31.3688 31.6860 32.4808 33.0757 32.4191 32.3265 33.8969 30.5778 31.8434 33.8821 33.8674 33.5857 32.4345
9.8995 12.8841 10.6771 6.1644 11.4891 17.3205 9.8995 10.8628 14.1421 12.8841 0.0000 12.4900 11.9164 17.8326 15.4272 11.4891 8.2462 10.8628 10.8628 15.0997 12.3288 11.0454 10.6771 11.0454 13.7113 15.1658 12.6491 13.6382 11.0454 14.6969 33.4215 36.4143 36.5377 35.0714 37.8550 38.7298 35.9861 35.0714 39.0384 35.4824 38.3536 34.3074 36.6060 36.2629 38.3667 39.8372 36.2491 35.6791 35.5668 36.8239 36.1663 35.0856 39.3573 36.8375 37.2156 35.9166 35.2136 34.8138 35.0143 35.2136 13.2665 15.8745 16.4924 20.7846 12.8841 18.7083 19.0788 16.6132 16.3707 18.9209 16.7332 16.9706 20.0499 17.3205 16.8523 11.4891 15.9374 16.4317 13.2665 16.3095 11.6619 13.4907 11.4018 14.8324 16.4621 10.2956 15.7480 15.6525 14.1421 12.5698 27.2029 28.6007 24.8998 23.4734 25.0998 27.1477 23.9792 25.5539 24.7790 25.7876 23.2594 23.9792 26.6271 26.9629 24.4131 23.8328 27.1293 25.0799 29.4788 22.5610 27.4773 27.6586 25.2784 26.0576 22.4722 26.3249 26.7769 24.8395 21.9317 27.2580 36.5103 37.6032 33.5261 35.2704 34.4674 35.0143 34.0147 34.3948 35.0571 35.0428 36.8782 34.8712 33.0757 36.5650 34.9714 35.5246 31.6544 34.6410 35.2987 34.3657 36.9053 34.5688 34.9714 36.0139 32.7261 33.8526 37.0135 36.4555 35.0143 35.8887
10.7703 19.4422 14.0000 13.9284 13.0384 17.9444 11.7473 13.4164 12.3288 19.5959 12.4900 0.0000 12.0830 20.8327 13.9284 14.7648 15.6844 14.1421 13.0384 17.4356 16.4924 9.5917 16.9115 16.4924 16.7332 16.6733 15.2971 14.0000 11.8322 12.0830 37.2693 39.2173 40.1373 38.8844 41.5812 42.0000 39.0512 38.7556 41.6413 38.8201 40.9023 36.1525 38.8330 39.2046 40.4228 42.3910 38.8072 39.1791 39.2046 40.0000 39.1152 38.7169 42.0119 40.6079 40.7554 39.4462 37.8153 37.8682 37.9737 38.9615 17.4356 17.9444 21.8632 24.2074 16.4317 23.7065 22.7596 22.3159 19.4936 25.1396 20.9284 21.3542 24.8596 20.1494 16.6132 16.5529 21.8632 20.1494 16.1864 20.4450 15.9374 18.2209 18.3303 19.7990 18.3576 14.3527 20.9762 19.0526 16.4924 20.0000 32.3110 32.9848 29.4958 27.1477 29.0172 31.9531 26.7021 27.1477 27.1662 30.6757 27.6225 28.3373 31.1288 31.1288 28.6007 27.2397 29.0172 28.4781 32.7261 27.0000 32.2335 31.0966 28.6531 30.8058 27.6948 30.5450 29.6142 29.0345 25.7099 32.1403 40.7799 40.0999 36.0278 37.5766 37.2827 38.3406 37.0540 37.1080 38.4318 38.3406 40.2244 38.0789 36.1386 37.9342 37.4032 38.4448 34.6987 38.7298 37.8153 37.7492 40.2244 37.5633 37.4299 38.1969 35.0286 35.6651 40.3980 39.3319 38.6005 38.8330
12.2474 16.4924 12.0830 14.4914 14.4222 16.4924 12.3288 12.0830 13.0384 16.6733 11.9164 12.0830 0.0000 22.4499 18.9737 12.6491 12.1655 11.8322 13.3417 13.4164 11.8322 10.3923 13.4907 14.2127 14.4222 20.6398 16.3095 16.0624 12.2474 11.5758 36.5923 38.9615 39.8623 37.9737 40.8779 40.6448 38.6135 38.1838 41.2553 37.9605 40.7063 36.4829 38.7814 39.2046 40.5956 41.4367 37.6563 38.8716 38.1182 38.8072 39.1408 37.7227 41.0000 40.5093 40.4599 38.4968 37.2022 36.8782 37.7094 37.4700 16.3095 20.8327 23.7908 25.3772 17.8326 24.0000 24.7790 21.5870 19.4936 23.7487 21.8174 20.3470 25.0200 19.8494 19.5959 17.7764 20.0998 19.5959 17.8885 21.8174 16.9115 17.0294 16.9706 21.2603 21.1424 13.0384 20.0499 21.2838 16.8523 17.3205 31.0161 31.1769 27.6767 27.8747 28.5307 31.4166 26.3249 26.2869 27.4226 29.8831 28.7576 28.1247 31.0000 29.6816 26.5707 26.9072 30.1662 27.4408 32.7567 27.1109 30.9677 29.5127 30.0167 30.7083 26.7769 29.4449 29.6142 27.1846 25.4755 31.0966 38.9230 40.0500 34.9285 37.0135 36.1109 37.5500 36.4555 37.5633 37.6165 38.3145 39.4968 37.3363 36.5513 38.0920 37.7492 38.5746 34.0588 37.9737 37.2827 37.7757 40.4475 37.9868 38.0657 38.1969 34.5977 36.2491 39.8748 38.8201 37.9210 38.2361
16.8523 17.4356 23.6220 18.5472 20.6882 19.3391 15.9374 17.8326 21.4476 16.5529 17.8326 20.8327 22.4499 0.0000 22.0454 19.5448 18.5472 18.3848 19.2873 19.1833 19.3391 21.1660 16.7332 23.1948 25.2587 23.5797 15.2315 13.9284 17.9444 22.4499 35.7911 38.7040 39.1535 38.6264 39.4842 40.3733 38.4318 37.9473 40.2244 37.5366 41.4608 37.4566 38.3406 39.1280 41.5933 41.2189 39.1918 38.3797 38.5097 39.5474 39.3192 38.7943 42.8602 39.5095 39.4335 37.7359 37.7359 38.2884 36.9324 39.2683 21.3542 16.9115 22.2711 19.8997 22.7596 20.1494 22.0000 18.4391 16.2481 24.3721 20.5426 25.8070 22.9783 22.5389 21.7256 14.8997 18.5472 14.9666 19.6977 19.5959 13.8564 19.6469 20.8327 20.1990 19.1572 18.0000 17.8885 18.9473 18.6548 19.8997 31.2410 34.2345 29.2916 27.6225 28.8097 27.2213 28.8271 31.4802 27.2397 27.0740 27.3313 27.1846 27.2213 30.9354 26.5707 28.0713 26.0768 26.8514 32.5115 27.2580 33.0303 34.0147 24.7588 28.8271 27.2947 30.7409 28.3019 28.0891 28.4077 31.2250 39.6358 38.6005 35.7491 37.7889 36.6333 37.4433 35.9305 36.5377 35.8748 37.3363 38.3145 38.0526 34.9285 37.5366 37.2961 37.4700 34.4674 36.8239 37.7359 36.2077 37.6032 38.3797 36.1525 37.6696 34.8569 35.4965 38.8330 38.1182 38.5227 39.1918
14.0000 17.5499 18.7083 17.4929 14.2127 18.2209 15.6844 16.0624 13.7840 22.0000 15.4272 13.9284 18.9737 22.0454 0.0000 20.0000 17.2627 14.6287 15.4272 21.3073 21.3542 17.3781 15.0333 19.4422 14.1421 20.2485 16.0624 15.6205 13.4164 18.8149 35.0571 36.5787 36.8103 37.9210 38.2753 39.3954 37.6696 36.9324 38.4187 35.5106 38.8201 34.8855 36.8511 36.9459 38.2099 40.2119 37.6032 36.3456 36.2629 38.0526 36.7151 37.0000 39.5854 38.1182 37.9605 36.9865 35.1852 35.7771 35.1852 36.5240 14.0712 18.9737 21.7715 26.1534 19.5448 20.2978 22.4054 21.4009 16.4924 23.4947 21.3073 19.0788 22.0454 21.8174 19.6469 17.7200 18.1659 22.0907 17.3205 19.7484 14.4222 18.8149 20.9284 17.2627 20.9523 15.9374 16.4317 17.4642 19.7990 19.2873 30.7246 33.7935 28.9482 28.5482 29.7321 31.6702 27.9821 29.4449 26.2679 30.0832 27.7308 29.7153 31.3528 28.7924 29.1204 29.0517 30.3974 29.7489 31.8591 25.3180 30.7409 31.7648 26.6646 30.9031 27.2580 31.0322 27.4408 28.6880 26.3629 31.9531 38.1182 37.7889 34.6410 36.6333 36.1109 36.2767 35.5668 35.1426 36.0971 36.1663 38.5487 36.1109 33.6749 36.8375 35.2846 35.2987 33.4066 36.6879 36.0278 35.3129 38.0526 35.3695 35.3129 35.7071 32.4191 34.1760 37.7624 38.2492 36.4966 35.9166
12.0000 14.0712 14.4914 13.3417 16.4317 18.7083 13.7113 8.6023 16.7929 14.6287 11.4891 14.7648 12.6491 19.5448 20.0000 0.0000 14.4222 13.0384 15.3623 14.6287 12.0830 11.2250 13.8564 14.1421 17.4356 18.1108 12.5698 16.1245 11.2250 12.4900 33.8378 35.5528 36.4829 34.7563 38.2492 37.6829 35.9305 35.2987 39.0640 34.8569 37.3497 34.4819 36.1663 36.0139 37.5500 39.7115 35.5246 35.8748 35.5387 37.2022 35.6090 35.6511 38.6652 36.5377 36.5377 36.3868 35.0714 34.6121 35.0143 35.4401 17.5499 15.6205 19.3907 21.5870 13.9284 20.9762 20.5913 19.2354 17.4356 21.1187 18.3303 17.6635 20.9762 12.4097 16.7929 14.0712 16.5529 14.6969 15.4272 17.6635 14.2829 11.2250 12.5698 17.3205 15.8430 14.0712 18.3303 19.2094 11.6619 15.3623 29.5635 30.6594 28.0713 24.5561 23.5797 26.7021 24.0624 27.2580 26.6083 28.1247 27.4408 25.0400 25.1992 29.2062 25.1794 25.6905 26.6458 25.1197 32.9393 25.1595 29.2404 31.8591 26.9629 29.4109 24.5561 28.3725 29.0689 26.7021 23.6008 28.5832 36.8103 37.5500 33.3766 34.4384 33.5559 34.4093 32.8481 35.0571 34.3657 35.5809 36.2491 35.3270 33.4664 35.4260 35.3977 35.8887 30.4959 35.3553 35.0714 34.3657 37.1214 35.8190 34.0441 35.6791 31.4802 33.7343 37.2290 36.4005 35.3836 36.3593
12.1655 13.1909 13.5647 11.4891 12.0000 18.9209 12.0000 13.8564 14.0712 12.6491 8.2462 15.6844 12.1655 18.5472 17.2627 14.4222 0.0000 10.0000 14.0000 14.2829 13.7840 14.0000 9.3808 10.8628 12.6491 17.1464 14.6287 14.2127 12.7279 16.6733 34.2491 36.9324 37.6431 35.7771 38.3797 39.5980 37.5366 36.3318 39.4968 36.0139 40.1622 35.5949 37.5766 37.5366 39.9500 40.2119 36.6606 36.0416 35.5668 37.5500 37.2827 35.4260 39.9124 38.1969 37.3497 35.9722 35.6651 36.0000 35.5809 35.6651 14.2127 19.1311 18.7083 20.7364 16.9115 19.2354 22.0000 16.6733 17.1464 18.9737 19.1311 20.2485 20.0000 19.1311 20.7846 13.9284 18.0000 17.4929 15.5563 17.4356 13.8564 15.2315 14.9666 14.7648 19.3132 10.6771 15.2315 17.1756 15.6205 13.4907 25.6125 27.2764 23.9165 25.9808 26.0000 28.2312 25.0799 25.3180 24.5764 26.5518 24.1039 23.8956 28.1247 26.5895 23.4947 24.2074 28.0000 25.0000 28.4781 22.3383 27.5862 26.7769 25.7488 26.2869 22.1133 26.4764 26.2107 24.4745 21.8403 26.5518 37.2961 38.2623 34.1760 36.0832 35.0999 35.9444 34.8855 35.0571 35.2846 36.1663 37.0675 35.4965 34.3511 37.0000 36.0694 36.0000 32.6803 35.4965 36.3318 35.7911 37.9210 35.4260 36.0971 36.7831 33.1210 34.8999 38.0526 37.8550 36.1939 36.1109
10.3923 12.4900 14.2127 12.9615 14.7648 18.0555 11.4891 12.4900 10.7703 15.0997 10.8628 14.1421 11.8322 18.3848 14.6287 13.0384 10.0000 0.0000 14.5602 13.4907 14.0712 12.6491 9.7980 12.7279 12.3288 20.8327 11.3137 12.8841 8.7178 15.8745 33.9264 35.6931 37.5366 36.2491 38.1182 38.5746 37.5100 36.0832 39.3446 35.0571 38.7169 35.1710 36.7696 37.1349 39.0640 39.6611 36.0832 35.5668 35.1710 37.3631 36.5787 36.0139 38.4578 37.6165 37.1887 36.1939 34.8999 35.0714 34.7851 35.1852 12.7279 18.7617 19.0788 23.5797 16.5529 21.0238 21.8632 16.4317 16.7332 19.2873 18.4391 19.1833 18.3848 18.4391 18.2757 12.8841 16.9706 16.3095 14.2829 17.8326 12.9615 15.4919 15.1658 16.7929 18.3576 11.8322 15.4272 17.4642 14.4914 14.6287 25.0599 29.6311 23.9583 25.4362 24.4540 27.3679 22.6936 25.0799 23.2379 26.0960 24.3105 23.6008 26.7395 25.2389 23.9165 23.4947 25.6125 24.5967 27.9464 23.0000 26.0576 27.5500 24.1454 26.2107 21.3307 26.8142 24.4745 22.9129 21.4243 27.4044 37.3497 37.4433 33.6452 35.7491 34.7851 35.3270 34.0441 35.7071 34.4238 35.2136 36.9324 35.2420 33.7935 36.1248 35.8748 34.8138 31.5595 35.6090 35.7491 35.4542 37.6829 35.5106 35.3129 35.2278 31.6702 33.5857 37.8418 37.0810 35.6090 36.0000
11.9164 16.9706 8.3666 14.2829 10.7703 12.8062 10.1980 13.0384 18.1108 14.8997 10.8628 13.0384 13.3417 19.2873 15.4272 15.3623 14.0000 14.5602 0.0000 16.9115 12.3288 9.5917 14.6287 15.6844 17.6635 18.9737 16.1245 15.9374 11.9164 11.6619 34.5688 38.0789 37.2424 37.1214 39.2810 38.6264 37.6696 36.7151 39.8246 36.5650 40.2616 35.4542 38.2623 37.7492 39.1408 40.8044 37.4433 36.9459 36.5103 38.5227 37.3095 36.9459 40.2368 38.4578 38.4578 37.5766 35.8050 35.8608 35.1852 36.7151 17.5499 17.2047 20.1494 24.0000 18.4391 19.5448 21.9089 20.4939 18.3848 22.4499 19.3907 19.5959 24.8596 21.2132 16.4317 16.0000 17.3205 17.7200 16.9115 21.2132 11.9164 16.5529 16.8523 16.9706 19.5704 14.2127 17.3781 17.5784 14.7648 15.6205 30.2655 30.0333 26.1151 26.2869 27.5681 29.2746 28.2666 28.8617 26.6083 27.8029 27.0740 26.7021 28.5482 28.5132 26.7955 26.1916 27.3496 26.4008 31.1288 25.8650 30.5450 30.5450 26.1725 28.0179 26.3249 28.7924 28.3373 27.3679 24.7992 29.3769 37.5100 38.3927 34.2053 35.2136 35.9444 35.9166 35.0286 35.7351 36.4555 36.9053 39.2938 36.5513 34.8712 37.2961 36.3456 36.9594 33.7046 35.5809 36.1386 35.7351 38.3667 35.8469 35.8748 36.6742 34.1906 34.9285 37.6032 37.5366 37.0405 36.6879
12.7279 12.3288 16.5529 16.8523 20.0998 18.2209 12.1655 14.6969 18.8149 17.8326 15.0997 17.4356 13.4164 19.1833 21.3073 14.6287 14.2829 13.4907 16.9115 0.0000 10.1980 16.7332 15.5563 13.0384 17.4356 18.8149 18.1659 13.7113 12.1655 19.0263 35.3412 38.0526 39.3319 38.4187 39.8873 39.8999 37.7492 36.8782 39.6989 36.4005 39.4081 35.7631 37.2290 38.6135 40.7922 40.2368 36.9324 37.6962 37.4566 38.3927 38.5227 37.8286 40.3113 38.4057 38.6394 37.8682 36.3043 36.6333 37.1753 37.9210 15.6844 21.1187 22.0000 20.5426 19.3907 22.0454 20.3470 15.5563 16.7929 17.4356 21.8174 20.6882 21.5870 20.5426 20.9284 17.2627 18.2757 19.0263 17.6635 22.5389 14.8324 17.1464 13.5647 22.4499 20.6155 15.7480 19.0263 21.1424 13.0384 19.3391 30.5941 32.0312 27.6405 25.4362 24.7790 28.6880 24.1039 24.9600 26.1534 25.7876 26.7395 25.5147 25.7488 29.6479 25.8457 23.6220 27.4955 27.8388 32.5423 26.5518 29.9166 29.8831 26.8514 28.6182 24.1868 28.7924 27.7669 23.4734 23.7697 29.1719 38.3797 38.8330 34.7563 35.6090 35.6090 36.7151 34.9714 36.7560 34.8569 36.8239 37.3095 37.3898 35.2987 37.0000 36.8375 36.9594 33.4365 35.9444 37.0675 36.5650 38.6523 38.2753 35.8748 36.4005 34.0735 35.1852 38.4448 37.4566 37.6829 37.9210
14.3527 13.3417 11.7473 13.2665 17.8885 14.8324 11.1355 12.4097 19.8997 14.0712 12.3288 16.4924 11.8322 19.3391 21.3542 12.0830 13.7840 14.0712 12.3288 10.1980 0.0000 12.8841 14.6287 14.8997 18.0555 18.3303 16.4317 14.3527 11.8322 16.0624 33.4515 37.3631 37.4833 36.0555 38.5876 37.9737 36.5377 35.4119 39.5221 35.3412 38.4318 34.6843 36.7151 36.7287 38.8072 39.9375 36.0278 36.4829 36.2905 37.2827 36.9594 36.1248 39.5348 37.2424 37.9342 37.0945 35.6651 35.2704 35.5809 36.0832 15.7480 17.2047 19.4936 21.3073 15.7480 18.9209 19.1833 16.0000 17.0294 17.8885 18.1108 17.3781 21.8174 18.7617 18.6011 15.8114 16.9706 16.3707 17.1464 20.2485 12.8841 14.8324 12.2474 19.2873 18.9473 13.5647 18.0555 18.4662 12.2474 16.5529 28.8444 28.9482 24.4540 22.5167 22.2711 26.0192 23.5160 24.4745 24.6577 23.9374 24.6374 22.9565 23.8118 27.3679 23.3666 21.7715 24.8193 24.3926 30.6431 23.8956 27.7308 27.5136 25.1595 26.2107 22.5610 26.2107 27.1109 22.2486 22.4277 26.9629 36.4829 38.1051 33.2566 34.4964 34.2053 34.9285 34.0147 35.3695 34.5398 36.0555 37.3631 35.3836 34.3220 36.2353 35.5668 36.9324 32.5883 34.7851 35.4401 35.4542 37.4433 36.0971 35.3412 35.6791 33.3916 34.2053 37.3095 36.2077 36.2491 36.4143
11.7473 18.2209 8.6023 13.7113 12.3288 16.7929 11.0454 11.5758 15.7480 16.4317 11.0454 9.5917 10.3923 21.1660 17.3781 11.2250 14.0000 12.6491 9.5917 16.7332 12.8841 0.0000 16.0000 14.2127 18.1108 18.1108 14.8997 16.0000 10.5830 7.7460 36.3456 38.7040 39.2301 37.6563 40.7799 40.1248 39.1791 37.9737 41.8808 38.1969 40.6571 36.9188 39.0640 39.0512 40.1248 41.8927 38.1314 38.1182 37.8550 39.7492 38.2099 37.8550 40.8289 39.7618 39.6863 39.0384 37.0135 36.8511 36.7696 37.6829 19.2354 17.7200 21.0713 25.2982 16.8523 23.2809 23.5372 22.5832 21.0238 24.3721 20.7846 21.1187 25.1794 19.0788 16.2481 16.4924 20.8806 17.7764 17.2047 20.4939 14.6969 16.8523 16.6132 18.2757 19.5704 14.8997 20.3470 19.8746 14.5602 16.8523 30.9516 31.6228 28.2135 27.4408 27.9643 31.1929 27.8388 29.3428 28.4253 31.0322 28.9655 27.1477 30.0832 30.8707 28.3549 26.8701 28.5657 27.6586 32.9393 27.8388 31.8591 31.8904 29.0000 30.4795 27.1846 30.6757 30.7083 29.0689 25.5930 31.2570 39.2046 39.8999 35.2987 36.4417 36.7967 37.2022 35.8748 36.8103 37.6696 37.8418 40.0749 37.5500 36.3043 37.9605 37.8286 38.0789 33.9706 37.6298 37.5233 37.5100 40.1995 37.1618 37.2424 37.6165 34.8281 35.7491 39.6989 38.6394 37.8153 38.3927
12.4097 10.8628 16.7929 12.8062 12.6491 14.8324 13.3417 11.4891 13.1149 11.9164 10.6771 16.9115 13.4907 16.7332 15.0333 13.8564 9.3808 9.7980 14.6287 15.5563 14.6287 16.0000 0.0000 16.1245 11.4891 20.0000 10.0995 12.6491 12.5698 17.2627 31.5436 34.1467 34.9142 33.3467 35.8469 36.3043 34.6554 33.2265 36.3318 32.3265 36.9459 33.4215 34.4964 34.2199 37.0945 36.5377 33.3766 33.1813 32.6650 34.4674 34.7275 33.5112 36.4005 34.9714 34.6554 33.0757 33.1361 33.0151 32.9848 32.3728 10.9545 15.9374 17.8885 20.0998 15.4272 15.2315 20.0000 15.4919 11.4018 18.7083 16.1864 15.8114 16.9706 16.8523 18.8149 12.7279 11.2250 14.2829 13.8564 14.0712 11.0454 12.3288 15.3623 13.0384 18.0831 9.1652 10.6771 14.5945 15.2971 11.4891 24.6577 27.5681 23.0651 24.7588 24.8596 25.0400 23.1733 24.8797 21.9089 24.7588 24.4336 24.1039 26.0960 23.5160 21.1660 24.5357 26.3059 22.6053 27.4408 20.8087 26.0192 27.1109 23.3880 25.8650 21.7025 25.5930 23.1301 23.0434 22.1585 25.7876 34.4819 34.8425 31.2410 33.6452 31.6544 32.4345 31.8277 32.7872 32.3883 33.1059 34.6699 32.3728 31.5278 34.3074 33.3916 32.6190 30.0998 33.0757 32.8938 32.9090 35.0999 33.1512 33.3617 33.3916 30.4795 31.7175 34.4964 35.0571 33.0757 32.9848
12.8062 14.3527 11.5758 14.8997 16.4924 23.2379 12.6491 15.2315 17.4929 18.0555 11.0454 16.4924 14.2127 23.1948 19.4422 14.1421 10.8628 12.7279 15.6844 13.0384 14.8997 14.2127 16.1245 0.0000 15.2971 16.6733 19.2354 18.4932 11.9164 17.2627 35.2278 37.2022 37.9868 37.0135 39.5348 40.2741 37.8550 37.0945 40.3237 37.1618 39.7869 35.6511 38.0789 38.5097 40.2244 41.5812 37.4967 37.0270 36.5923 38.7814 37.3363 36.6470 40.5832 38.2230 37.8021 37.4700 35.8329 36.4417 36.2215 37.3898 17.1464 22.9783 20.6882 22.8473 18.6011 23.8328 21.9089 18.5472 21.5407 18.4932 21.9545 21.7256 21.9545 20.0499 20.0499 16.4924 21.2603 22.1359 17.6068 23.1084 16.9706 17.3781 13.3417 19.8997 20.4695 15.2971 19.4422 21.1424 14.5602 16.5529 28.6705 30.1330 27.7489 26.6271 26.1534 30.8058 26.3249 27.4044 28.1425 28.6880 26.4008 25.6320 27.9821 29.9833 28.1425 25.2190 29.7993 28.8964 32.1403 25.9808 29.2746 30.2490 28.3373 28.6182 23.7697 29.0689 29.2746 26.2869 21.9773 28.7228 38.3014 39.2428 35.5809 35.9166 36.6060 36.8782 35.3129 36.3456 35.8469 36.9865 36.9594 37.1484 34.8138 37.9078 37.3229 36.7423 32.8329 36.0278 37.4166 36.4829 38.7298 37.1887 35.9305 37.4566 33.4515 35.8887 38.8844 38.3536 36.7423 37.6563
13.7840 15.2315 17.4356 15.8745 14.5602 20.4939 16.5529 16.2481 12.7279 18.9209 13.7113 16.7332 14.4222 25.2587 14.1421 17.4356 12.6491 12.3288 17.6635 17.4356 18.0555 18.1108 11.4891 15.2971 0.0000 20.0998 17.0880 17.6635 14.6969 20.1990 34.7131 36.7967 37.7227 36.8239 38.9230 39.7240 37.7492 36.4417 39.0896 35.1141 38.7685 35.0571 37.2022 36.9730 38.8587 39.9375 35.9444 36.0416 35.3412 37.3363 37.3898 35.9583 38.6394 37.8814 37.2424 36.3318 35.7771 35.6371 36.1109 35.0143 10.3923 22.4499 21.0238 24.2899 17.0294 20.8806 23.4947 18.7617 17.2627 20.0000 20.3470 17.1464 19.9499 21.0238 21.5407 18.0555 17.2627 22.2261 16.1245 19.7990 17.7764 17.2627 17.6068 18.1659 21.5174 13.4907 16.5529 18.6815 18.0555 16.7332 26.6083 29.1548 25.3377 27.1846 26.5707 29.1376 23.8118 22.8254 22.9783 27.5500 25.5147 26.7769 29.6142 24.9199 24.6982 26.4575 29.7658 26.5895 28.3725 22.3383 26.0960 26.5141 26.6271 28.1247 23.4307 27.0740 24.5561 24.4745 22.1133 27.5862 37.4833 38.0789 34.5832 36.1939 35.0999 35.6651 35.2562 36.0971 35.5949 36.0555 37.7094 35.3553 34.6121 36.8375 35.7631 35.4401 33.0454 36.4417 36.0832 35.9861 38.3927 35.2278 36.3456 36.1525 32.8481 34.6410 37.8946 38.6394 36.0832 35.1568
17.6068 18.6548 18.6011 16.0000 17.7764 22.4054 15.9374 17.2047 22.9347 21.4009 15.1658 16.6733 20.6398 23.5797 20.2485 18.1108 17.1464 20.8327 18.9737 18.8149 18.3303 18.1108 20.0000 16.6733 20.0998 0.0000 20.8327 16.3095 17.4929 21.5407 36.6742 39.3192 39.5601 37.9737 41.0000 41.7133 38.9487 36.9594 41.2553 38.2492 39.8372 37.1080 38.0526 38.6394 40.6202 41.6773 38.4968 37.7757 38.4838 39.5980 38.6264 38.0657 41.9643 38.0657 39.0256 39.3192 38.0526 38.1576 38.4708 38.8072 19.6977 19.0263 19.1311 19.4936 16.4924 20.1990 19.1833 21.2603 19.0788 21.4942 22.6716 20.6882 23.0217 21.4476 21.8174 20.5913 22.4944 22.7596 18.8680 19.6469 16.7332 18.6011 16.7929 18.0000 22.1133 17.9444 22.2711 19.7231 16.8523 21.8174 32.5576 32.5576 30.6920 25.8650 27.4591 31.2890 27.8388 27.9106 28.9828 30.5778 27.5500 26.8142 28.7924 33.1210 29.5635 26.8701 31.1127 30.7409 34.5398 26.4008 32.8177 32.0780 29.4788 31.0644 26.9629 31.6702 31.5436 29.1719 25.9422 30.7409 39.8121 40.6448 36.4417 37.1214 37.2022 37.4433 36.8646 34.9428 37.8021 37.4967 38.8330 37.6032 35.8050 38.7169 37.3229 38.1838 35.4401 37.4433 38.3667 37.5633 39.5727 37.0000 37.0000 37.5366 36.8375 36.2215 39.2173 39.1791 37.9473 38.1576
12.7279 15.6844 18.5472 12.1655 15.0997 16.0624 15.1658 12.8841 14.4222 12.0830 12.6491 15.2971 16.3095 15.2315 16.0624 12.5698 14.6287 11.3137 16.1245 18.1659 16.4317 14.8997 10.0995 19.2354 17.0880 20.8327 0.0000 11.8322 13.7840 16.7332 31.0322 32.4345 34.2199 32.2180 34.9142 35.8050 33.6006 31.6544 35.4119 31.3847 35.2562 32.5423 33.2265 33.0303 35.4401 36.0971 32.4654 32.1092 32.4500 33.4365 33.2566 33.2114 35.0856 33.8969 34.3366 32.7109 32.0624 32.0000 32.4037 31.6544 15.0333 10.8628 14.6969 19.3907 12.5698 16.4924 18.1659 16.6733 13.5647 19.8997 13.6382 16.1864 15.9374 13.3417 15.0333 9.2736 12.9615 8.9443 11.0454 10.0000 10.5830 11.2250 14.7648 12.6491 13.1529 11.4018 13.4907 12.7671 13.6382 13.7840 24.2899 27.7849 23.0217 21.9773 23.3238 22.6936 20.3224 24.7992 20.6398 24.3105 23.2164 21.8861 23.7276 23.3880 20.3961 22.6274 22.5832 20.3224 26.4008 20.8087 25.5147 27.4773 21.0950 24.7588 21.0476 24.5561 22.3830 23.3024 21.4709 25.1197 34.8569 33.6452 30.2655 32.7109 30.5287 31.5278 30.3480 31.8591 31.9844 31.6228 34.2637 31.2090 30.0998 32.6956 31.7962 31.1769 28.0713 32.4654 31.2090 31.5119 33.1361 32.2645 31.4484 32.2335 29.3087 30.0333 33.8821 33.0908 32.4037 32.6803
13.3417 13.8564 18.8149 13.5647 15.9374 13.6382 12.4097 14.0712 16.8523 15.6844 13.6382 14.0000 16.0624 13.9284 15.6205 16.1245 14.2127 12.8841 15.9374 13.7113 14.3527 16.0000 12.6491 18.4932 17.6635 16.3095 11.8322 0.0000 12.4900 18.9209 34.2783 37.1214 38.0395 37.0945 38.1969 38.7556 37.1618 35.5246 38.6782 35.1710 38.4057 34.9428 36.1386 37.2693 38.8844 39.0000 36.5513 36.1525 36.2905 37.0405 37.2022 36.6197 39.6611 37.3765 38.0657 36.4966 35.4683 36.0555 35.6371 36.1939 14.3527 14.0712 18.1659 18.3848 15.5563 17.0294 18.3303 15.6844 12.1655 19.2873 18.2757 18.3848 18.6548 19.1311 19.1311 14.3527 16.6132 14.9666 14.5602 14.8997 10.0995 16.0000 16.0624 16.6733 17.9722 13.4907 15.7480 14.4568 14.8324 17.4929 28.2843 30.4631 25.0599 23.6432 25.3772 26.3629 23.0000 24.4745 22.7156 25.1992 24.1454 23.3880 25.5539 26.9629 23.4947 22.9347 25.2982 24.8797 29.6479 23.0000 28.7576 27.7669 23.0000 26.5895 23.1301 27.0370 24.9600 23.6008 23.8118 28.0535 37.3765 37.6298 33.1964 35.6931 34.4674 35.1852 34.2783 33.8378 34.4529 34.8999 37.6563 35.2420 33.6452 36.0416 34.8569 35.5246 32.9242 35.1568 35.4119 35.7631 37.2827 35.3695 35.1141 34.9428 33.4515 33.2866 37.0675 36.6742 36.3318 35.9722
10.3923 10.7703 12.0000 14.1421 14.8324 16.4924 7.6158 9.0554 13.4907 17.1464 11.0454 11.8322 12.2474 17.9444 13.4164 11.2250 12.7279 8.7178 11.9164 12.1655 11.8322 10.5830 12.5698 11.9164 14.6969 17.4929 13.7840 12.4900 0.0000 13.4164 34.1906 36.2215 37.2424 36.7151 38.6394 38.7298 37.0270 36.4692 39.3700 35.6791 38.6135 34.6843 36.6333 36.9730 38.9872 40.2865 36.7967 36.4005 36.2629 38.0789 36.4966 36.6742 39.9124 37.5899 37.7227 36.9865 35.0999 35.6090 34.8712 36.9594 13.3417 17.6635 20.7364 22.8035 16.7332 20.2485 19.6977 16.9115 15.6844 19.5959 18.8149 18.1659 20.2485 17.8326 17.0880 14.0000 17.2627 18.2757 16.6132 19.9499 11.3137 15.2315 14.8324 17.5499 18.3576 12.3288 15.2315 17.9165 13.1149 15.4272 29.1890 31.9687 27.4226 25.7876 25.0200 29.1719 25.6320 27.7308 26.2679 27.6225 26.4008 25.7488 26.6646 28.7924 26.9815 25.1794 27.0185 27.2213 31.8277 24.6779 29.2746 30.9031 25.8650 28.9655 23.9792 29.2404 27.5862 25.2784 23.3452 29.8496 37.7757 37.8946 34.1760 35.4683 35.3270 35.6931 34.3074 35.6511 34.6843 36.2491 36.8239 36.0000 33.6155 36.1801 36.2077 35.8887 32.3110 35.9722 36.0278 35.4824 37.7889 36.4280 34.7131 35.4824 31.8277 33.8821 38.0263 37.3229 36.1109 36.9324
13.8564 20.1990 12.4097 18.0000 13.1149 16.8523 14.5602 11.9164 16.7929 18.1659 14.6969 12.0830 11.5758 22.4499 18.8149 12.4900 16.6733 15.8745 11.6619 19.0263 16.0624 7.7460 17.2627 17.2627 20.1990 21.5407 16.7332 18.9209 13.4164 0.0000 37.6696 39.1918 39.5601 38.5227 42.0119 40.7185 39.8372 39.1152 42.0951 38.9230 42.0119 37.6696 40.1746 39.8372 40.8167 42.9069 38.9358 39.4588 38.7427 40.5709 39.1152 39.0512 41.7971 41.2674 40.4104 39.8497 37.6563 37.8153 37.5766 38.8330 22.1811 19.1311 24.5764 27.0555 20.2485 24.6577 26.1916 25.8844 21.9545 27.5318 23.1517 23.0217 28.0000 19.2873 17.8885 19.0263 21.6795 19.0263 20.0000 23.0217 17.1464 17.3205 20.3470 19.9499 21.0000 17.1464 21.9089 22.4277 17.0880 18.8149 33.2566 32.5576 30.5614 29.7825 29.8998 32.5423 30.3809 31.6702 30.3645 32.9090 32.1403 30.1496 31.9218 32.2955 29.3598 29.7993 30.2985 28.5132 35.4260 29.6142 34.1028 34.9142 30.7083 32.9393 29.9500 32.1714 32.5423 31.7333 27.8388 32.7872 40.5586 40.7676 36.0832 37.4700 37.3095 38.3145 36.7287 37.9342 39.0256 39.6485 40.8412 38.7556 37.2559 38.7169 38.9744 39.3700 34.7275 38.9102 38.0789 38.3014 41.0853 38.8458 37.7757 39.2046 35.1710 37.1753 40.5463 39.9625 39.0128 39.2428
35.3412 31.9844 35.2278 32.4191 36.4005 36.1525 34.6554 33.6898 36.3456 30.6431 33.4215 37.2693 36.5923 35.7911 35.0571 33.8378 34.2491 33.9264 34.5688 35.3412 33.4515 36.3456 31.5436 35.2278 34.7131 36.6742 31.0322 34.2783 34.1906 37.6696 0.0000 12.9228 11.7473 10.6301 14.4914 13.6015 11.5758 13.8203 15.5885 9.3808 15.4919 12.0830 11.7047 9.8995 15.2643 16.1245 11.7047 9.7980 9.1652 14.0357 8.6603 9.2736 15.8745 10.7703 12.2474 10.9087 12.3693 10.1489 8.6603 12.0416 30.4467 28.9310 28.4077 29.2404 29.5127 27.3313 25.1595 26.4386 31.8591 25.9422 24.6779 27.9106 24.5561 26.6271 28.9655 28.5132 29.2404 30.7409 27.5862 29.1719 30.2490 27.7308 29.3087 29.1719 27.3861 28.6880 27.4408 25.4951 30.5778 29.8831 28.5132 29.6142 26.7769 24.6171 28.0179 25.6125 28.3549 31.8434 28.1957 27.6405 28.3196 27.5681 26.2298 27.8209 27.5500 27.5136 28.5132 28.3901 30.5941 26.6458 27.4226 30.5287 27.5681 29.1548 26.6458 28.0000 27.3496 27.1662 27.2764 27.8568 13.7113 9.7468 11.0905 10.7238 10.9087 8.5440 9.3808 14.2829 9.6954 12.5300 13.9642 11.5326 10.9087 13.7840 11.9164 14.4568 11.5326 8.3066 11.2694 14.0712 13.8924 12.6491 13.4907 10.4881 13.7113 9.9499 11.9583 12.0830 12.2882 10.9087
37.2559 34.6699 38.2884 35.8050 38.8072 39.5474 37.4166 35.6371 37.3363 33.7639 36.4143 39.2173 38.9615 38.7040 36.5787 35.5528 36.9324 35.6931 38.0789 38.0526 37.3631 38.7040 34.1467 37.2022 36.7967 39.3192 32.4345 37.1214 36.2215 39.1918 12.9228 0.0000 12.3693 11.9164 14.3875 17.9444 14.6629 13.3417 12.1655 10.9087 14.6629 16.0312 11.6619 12.2882 16.3707 19.7737 12.8062 11.0905 13.3041 12.6491 10.4881 14.1774 16.7631 14.3178 16.0935 12.6491 9.7980 11.3137 13.7840 14.8997 33.7343 31.7805 30.9516 32.1248 32.0624 30.7246 27.8568 30.7571 34.1467 28.9828 27.6405 30.6594 25.2190 26.9815 30.6594 30.5614 32.0000 32.7414 30.0000 31.0161 32.7414 29.0172 32.4037 31.1127 29.3428 31.1127 30.0666 28.3373 32.6497 32.8634 29.0517 31.9061 30.0666 26.8142 30.0000 28.1247 29.5127 34.2199 30.4959 31.3528 31.2570 29.8496 28.2666 29.7825 29.7993 30.0998 30.6268 30.2820 31.8277 28.7924 29.2404 33.5410 29.8831 32.2025 28.4781 30.5123 28.5482 29.9833 28.5832 29.9166 20.0749 14.1421 13.4164 16.0624 13.0384 14.2127 14.0357 17.6352 16.7631 16.6132 12.9615 12.3288 10.5830 15.0000 15.1327 14.0000 9.8995 16.0624 11.4891 15.4596 12.0830 19.1572 13.1529 14.3178 12.3693 15.6205 16.3707 13.6748 15.3623 15.2971
38.1182 35.1710 37.9605 36.0971 38.4578 39.1280 38.2753 36.3731 39.4842 33.6898 36.5377 40.1373 39.8623 39.1535 36.8103 36.4829 37.6431 37.5366 37.2424 39.3319 37.4833 39.2301 34.9142 37.9868 37.7227 39.5601 34.2199 38.0395 37.2424 39.5601 11.7473 12.3693 0.0000 14.3178 10.1980 12.4499 14.2127 16.8226 12.5300 12.2474 14.0712 13.7113 14.2478 13.8564 9.8489 21.2603 17.0000 14.0000 13.1149 15.1987 9.6437 12.1655 20.0499 15.0997 14.9666 12.4499 10.2470 11.5326 10.1489 14.1774 34.7131 31.5753 31.6070 32.7567 33.0303 29.7153 28.6880 31.5753 35.1994 29.6142 28.4781 31.0966 28.0891 27.9821 30.7083 31.5436 31.9218 33.8674 30.8707 32.3265 33.1210 29.7153 32.8177 31.7333 29.5973 32.3265 30.2490 28.0713 33.2716 32.4191 32.0468 32.1403 31.0000 28.0357 32.0156 28.9137 32.7414 36.4143 31.8277 32.1870 32.6803 31.7805 29.4618 31.1448 31.5436 32.6650 32.3883 31.7805 34.8425 30.4959 31.3369 34.8999 30.7896 33.2866 31.3688 31.4325 30.8545 32.2490 30.8221 31.2730 13.0384 15.2643 12.6886 13.6015 13.8924 11.8743 14.3527 14.0000 15.6205 16.7631 16.3401 14.4568 11.6190 16.7332 12.3288 18.0278 12.0416 13.3041 12.2066 15.3623 14.0357 17.4356 14.1421 16.6733 12.3288 17.7482 13.5277 15.2315 15.9060 13.0000
