0.0000 7.8318 6.0604 5.6106 4.2385 11.9006 8.0894 8.8324 5.5222 7.4439 4.6097 8.5114 4.6526 9.6596 6.2688 4.0720 6.8050 8.6472 7.8977 6.5141 10.6050 3.5309 4.8439 6.2401 5.3998 6.9539 11.0988 5.5926 4.2723 6.6660 22.0410 21.5315 22.3320 22.2405 22.2951 22.5191 22.2243 22.0965 21.0514 21.1926 20.9663 21.0532 22.6308 22.8469 22.4355 22.1433 22.4040 20.1977 22.9609 23.0561 22.1870 22.4895 22.3175 22.6259 22.0927 22.7048 21.5061 21.6761 21.1682 21.8141 17.9297 19.4817 19.2469 19.1531 20.8358 20.9092 21.2874 17.0051 15.5062 21.5829 21.4781 19.5080 20.2664 19.7605 20.5030 18.9425 17.6955 20.8335 21.9217 18.1234 16.8961 19.4883 17.6150 17.7985 20.2593 16.5676 18.2651 22.7155 21.7232 17.5335 20.0857 20.2487 19.4469 17.8089 15.5968 19.2955 20.5447 16.0425 15.5204 14.9604 17.3392 16.1088 20.7871 16.0153 19.3670 20.4429 18.7033 13.6160 18.3218 20.3387 19.0261 16.8548 17.9992 14.1652 15.3286 19.5790 15.1998 19.9485 20.3232 20.6090 22.8383 22.7793 23.0306 23.0267 22.4702 22.5497 22.8224 23.1325 23.3506 23.0877 23.1554 22.6480 22.7991 22.6789 23.1327 23.0431 22.2682 22.4971 22.7993 23.0076 22.2401 22.5564 23.3509 22.4798 22.7982 22.9889 22.8877 23.1472 22.6878 22.9106
7.8318 0.0000 10.2483 4.5629 7.9099 6.7715 9.4527 4.2552 7.1733 5.2027 7.8651 3.3682 6.1224 4.0202 9.1294 6.2729 7.3358 4.2011 3.1576 4.2927 8.4963 7.4636 5.2040 4.8911 4.7339 10.7515 7.1494 5.8870 7.8307 7.5603 18.5940 18.1144 18.9455 18.9150 18.8323 19.0888 18.7344 18.7787 17.7285 17.7243 17.7718 17.4118 19.1696 19.3570 19.1642 18.7337 18.8832 16.8347 19.4949 19.5972 18.7349 19.0063 18.9451 19.2709 18.5535 19.2297 18.2051 18.1079 17.7829 18.3917 14.6037 16.3036 15.9918 15.8102 17.6377 17.5720 17.9239 13.8524 11.8772 18.2016 18.1185 16.3700 16.7125 16.2464 17.1199 15.9151 14.4238 17.4171 18.5426 14.7344 13.6075 16.1147 15.1030 14.6578 16.8096 12.7596 15.1553 19.3461 18.3507 14.6506 16.1405 16.4226 15.4372 13.4464 10.1145 15.2418 16.7084 11.5798 11.5508 10.2792 12.4709 10.8380 17.1094 10.9833 15.4903 16.8076 15.2643 8.3112 14.4331 16.4398 14.9377 12.4105 14.2179 8.7971 9.9306 15.2984 10.0570 16.1830 16.4837 16.8357 19.4538 19.2890 19.5508 19.5727 19.0654 19.1589 19.3340 19.6704 19.8696 19.6079 19.6971 19.3467 19.3897 19.1368 19.6630 19.6189 18.8187 19.0987 19.3729 19.6116 18.8499 19.0342 19.9153 19.0562 19.3451 19.5083 19.3594 19.7144 19.3662 19.4620
6.0604 10.2483 0.0000 7.6233 6.1837 14.3494 9.7827 11.3498 8.5786 10.0567 5.3905 10.8312 6.1522 12.0296 7.5070 7.2562 7.4467 10.9298 10.0273 8.7447 13.0023 6.9881 7.7027 8.5380 7.6307 3.6284 13.4073 8.3360 5.9463 6.8564 23.5829 23.0828 23.8584 23.7901 23.8194 24.0258 23.7470 23.6289 22.6126 22.7801 22.5868 22.6570 24.1432 24.3531 23.9871 23.6717 23.9310 21.7874 24.4613 24.5637 23.7216 24.0008 23.8762 24.1691 23.6396 24.2175 23.0700 23.2158 22.7076 23.3555 19.6590 21.0638 20.9759 20.8022 22.4386 22.5334 22.8982 18.8479 17.4378 23.1237 23.0731 21.1918 21.8915 21.3595 22.1515 20.5946 19.4635 22.4552 23.5275 19.7586 18.7039 21.2384 19.2659 19.4836 21.8871 18.3533 19.9645 24.2500 23.3121 19.2806 21.8016 21.9248 21.2151 19.6072 17.6980 21.0518 22.1762 18.1118 17.5929 17.1300 19.3078 18.1440 22.4609 18.0334 21.0755 22.0660 20.4219 15.8375 20.0480 21.9759 20.7901 18.7499 19.6945 16.2856 17.4831 21.3245 17.3023 21.5936 22.0144 22.2102 24.3683 24.3050 24.5343 24.5446 23.9827 24.0820 24.3282 24.6416 24.8440 24.5923 24.6539 24.1981 24.3279 24.2026 24.6376 24.5689 23.7894 24.0297 24.3133 24.5357 23.7922 24.0631 24.8539 24.0193 24.3195 24.5028 24.3989 24.6470 24.2317 24.4317
5.6106 4.5629 7.6233 0.0000 6.1122 9.3068 8.2122 6.1536 5.5290 5.4502 5.3488 5.9111 3.9548 6.3166 6.8604 4.6654 5.1677 5.5493 4.4019 3.9387 9.2310 5.6352 4.5737 4.8017 3.1369 7.9174 8.7146 5.2014 5.0625 5.7760 20.0571 19.5412 20.3755 20.3289 20.3089 20.5507 20.2421 20.1790 19.0942 19.1930 19.0774 18.9727 20.6575 20.8712 20.5546 20.1725 20.4127 18.2071 20.9962 21.0954 20.2236 20.5090 20.3972 20.7161 20.0822 20.7336 19.5609 19.6327 19.1689 19.8345 15.9774 17.6081 17.3727 17.1702 18.9674 18.9982 19.3775 15.1289 13.3581 19.6634 19.5648 17.6730 18.2192 17.7072 18.5664 17.1472 15.7704 18.8734 20.0293 16.1249 14.9499 17.5742 15.9813 15.8672 18.2849 14.3100 16.4297 20.8119 19.8011 15.7630 17.8917 18.0985 17.2212 15.3378 12.6593 17.0088 18.3980 13.5635 13.2823 12.3968 14.6900 13.2489 18.7307 13.2552 17.1709 18.3617 16.7196 10.7133 16.0974 18.1329 16.7285 14.3492 15.7858 11.1552 12.4465 17.1999 12.3817 17.7866 18.1868 18.4635 20.9116 20.7932 21.0570 21.0691 20.5255 20.6067 20.8484 21.1714 21.3863 21.1156 21.2012 20.7474 20.8537 20.6749 21.1670 21.1104 20.2995 20.5490 20.8548 21.0716 20.2920 20.5618 21.4040 20.5328 20.8307 21.0165 20.8892 21.1956 20.7760 20.9565
4.2385 7.9099 6.1837 6.1122 0.0000 11.4934 8.4400 8.6135 6.4113 7.5738 5.2871 8.7216 5.3740 9.5901 6.9280 3.5470 6.0968 9.1196 8.0544 6.6539 10.4399 5.4044 5.7730 6.2499 5.0877 6.9927 10.8790 5.9557 5.6927 7.2244 21.8370 21.3187 22.1285 22.0567 22.0739 22.3035 22.0031 21.9039 20.8431 20.9815 20.8178 20.8396 22.4184 22.6343 22.2513 21.9274 22.1855 19.9994 22.7439 22.8438 21.9727 22.2723 22.1318 22.4481 21.8735 22.4886 21.3110 21.4560 20.9522 21.6107 17.7685 19.2974 19.0551 18.9885 20.6615 20.7563 21.1048 16.8758 15.3087 21.3973 21.2919 19.3568 20.0627 19.5663 20.3246 18.7793 17.5437 20.6444 21.7338 17.9314 16.7393 19.3187 17.5056 17.6487 20.0858 16.3740 18.0835 22.5174 21.5444 17.4297 19.8545 20.0238 19.2077 17.5639 15.3001 19.0826 20.3166 15.7819 15.3042 14.6882 17.0628 15.8181 20.6016 15.7553 19.1690 20.2260 18.5374 13.3452 18.1105 20.0892 18.7920 16.6155 17.7737 13.8614 15.0355 19.3231 14.9224 19.7240 20.0997 20.3832 22.6395 22.5676 22.8133 22.8169 22.2594 22.3478 22.6052 22.9215 23.1351 22.8728 22.9421 22.4555 22.5950 22.4635 22.9228 22.8395 22.0570 22.2875 22.5944 22.8053 22.0416 22.3382 23.1426 22.2840 22.5883 22.7789 22.6701 22.9326 22.4977 22.7050
11.9006 6.7715 14.3494 9.3068 11.4934 0.0000 12.6481 7.1388 10.3682 6.1702 12.2160 6.9261 10.9501 4.8306 12.8109 10.1249 10.9677 7.4903 7.9150 8.2332 8.1232 11.4156 9.5979 9.0053 9.1190 14.6865 3.8934 9.6498 12.0395 12.2115 16.5596 16.0711 16.9380 16.9316 16.7903 17.0449 16.6688 16.8153 15.7615 15.6702 15.8474 15.2794 17.1272 17.3085 17.1922 16.6953 16.8031 15.0430 17.4533 17.5336 16.7389 16.9724 16.9145 17.2508 16.4388 17.1920 16.2317 16.0247 15.8196 16.3613 12.8417 14.6389 14.2763 14.0839 15.8193 15.6923 15.9871 12.1582 10.0522 16.3372 16.1807 14.5854 14.7929 14.3812 15.1962 14.3207 12.6668 15.4144 16.5455 13.1833 12.0587 14.1378 13.8774 13.0624 14.9648 11.2127 13.5134 17.3442 16.4059 13.0378 13.7603 14.2093 13.2485 10.9930 5.9979 12.9388 14.5906 8.6541 9.3784 7.0557 9.1238 7.0587 14.9024 7.6703 13.1785 14.6403 13.6542 5.0043 12.2975 14.1707 12.5303 9.6621 12.4985 5.3262 5.7602 12.6651 6.6158 14.1171 14.2337 14.8101 17.4251 17.2051 17.4930 17.4956 17.0674 17.1520 17.2796 17.6153 17.8011 17.5496 17.6480 17.3438 17.3543 17.0439 17.6114 17.5652 16.8199 17.0759 17.3398 17.5558 16.8077 16.9828 17.8681 17.0261 17.2887 17.4498 17.2591 17.6671 17.3753 17.4103
8.0894 9.4527 9.7827 8.2122 8.4400 12.6481 0.0000 10.3677 9.0228 9.6721 8.1572 9.8563 7.8142 10.6490 7.7340 7.8027 8.7623 9.6419 9.2981 8.5389 8.3888 8.2147 8.2359 8.0566 8.0218 10.1786 12.1288 7.9606 8.1410 9.5673 19.0547 18.5372 19.3329 19.2731 19.3231 19.5479 19.2754 19.1377 18.0544 18.1793 17.9433 18.0778 19.6460 19.8996 19.5021 19.1440 19.4425 17.1632 20.0063 20.0919 19.1996 19.5318 19.3764 19.6982 19.0902 19.7488 18.4825 18.6941 18.1516 18.8071 15.0370 16.5556 16.1499 16.0370 17.7986 17.8719 18.2969 14.1708 12.9993 18.6408 18.5115 16.5526 17.2066 16.7460 17.4915 15.9584 14.8627 17.7788 18.9296 15.3583 13.8440 16.3906 14.5210 14.9067 17.2295 13.8887 15.3235 19.7539 18.6913 14.7649 16.8201 17.2255 16.1639 15.4342 15.6665 16.3909 17.5306 14.2503 13.2543 15.2997 15.7440 16.1852 17.7104 14.8819 16.1502 17.3307 15.4435 13.9477 15.2992 17.3265 15.7292 14.3129 14.9339 13.9038 15.4882 16.7357 15.3505 16.7734 17.2609 17.7338 19.8867 19.7856 20.0538 20.0579 19.4885 19.5675 19.8682 20.1561 20.3917 20.1189 20.2020 19.6449 19.8149 19.6950 20.1680 20.0848 19.2973 19.5041 19.8430 20.0406 19.2560 19.5947 20.3991 19.5069 19.8086 20.0123 19.9009 20.1773 19.6777 19.9512
8.8324 4.2552 11.3498 6.1536 8.6135 7.1388 10.3677 0.0000 7.9662 5.5375 9.3753 5.8952 7.3974 4.1246 10.3715 6.8852 8.8289 5.2299 4.2919 5.1268 9.0161 8.0868 6.9243 5.8905 6.4402 11.6878 7.0179 6.5399 8.4676 8.0376 18.2661 17.7388 18.6118 18.5958 18.4696 18.7386 18.4014 18.4562 17.3969 17.3844 17.5423 17.0543 18.8281 19.0213 18.8414 18.3809 18.5749 16.5176 19.1602 19.2616 18.4159 18.6627 18.6380 18.9686 18.2069 18.9094 17.8615 17.7625 17.4416 18.0694 14.4558 16.0249 15.7500 15.4497 17.3676 17.2738 17.6790 13.7304 11.6502 17.8858 17.8389 16.1094 16.3975 16.0072 16.8295 15.6953 14.1774 17.1499 18.2663 14.5567 13.5522 15.9080 15.0603 14.3267 16.5187 12.4646 15.0284 19.0506 18.0640 14.4107 15.8051 16.0683 15.0739 12.9990 9.4689 14.8854 16.3512 10.6969 11.4173 9.6762 11.9199 10.2282 16.7154 10.3840 15.0772 16.4531 14.9491 7.3747 14.0783 16.0397 14.5883 11.8953 13.8837 7.8406 9.1848 14.8670 9.5041 15.7439 16.1513 16.4549 19.1169 18.9219 19.1869 19.2378 18.7042 18.7965 18.9921 19.3227 19.5283 19.2473 19.3640 19.0019 19.0429 18.7980 19.3227 19.2719 18.4372 18.7373 19.0458 19.2600 18.4875 18.6853 19.5640 18.7373 18.9856 19.1538 19.0037 19.3589 19.0408 19.1211
5.5222 7.1733 8.5786 5.5290 6.4113 10.3682 9.0228 7.9662 0.0000 6.1362 7.0860 7.1051 6.6645 8.3049 6.7390 5.6466 7.4380 7.0933 7.4833 5.6021 9.9751 4.8693 5.8904 7.0874 5.5847 8.7949 9.8444 6.7689 5.7571 8.6843 21.0377 20.5195 21.3433 21.2516 21.2615 21.4996 21.1845 21.1128 20.1016 20.1763 20.0943 19.9969 21.6144 21.8179 21.4292 21.1358 21.3729 19.2852 21.9238 22.0242 21.1634 21.4577 21.3147 21.6322 21.0464 21.6673 20.5511 20.6581 20.2068 20.8288 16.9230 18.5696 18.1954 18.1951 19.8657 19.8595 20.2154 16.0329 14.3904 20.6155 20.4215 18.5637 19.2627 18.8021 19.4583 18.0763 16.7501 19.7798 20.8796 17.1992 15.8808 18.4143 16.8640 16.8305 19.2223 15.5390 17.2971 21.6907 20.7052 16.6738 18.9217 19.1222 18.2475 16.6342 14.1408 18.1022 19.4149 14.6937 14.1865 13.4642 15.9322 14.6728 19.7101 14.6640 18.2404 19.3305 17.7096 12.2553 17.2043 19.2120 17.8183 15.5850 16.9345 12.9240 13.8330 18.3368 13.7701 18.8900 19.2081 19.5430 21.8184 21.7374 21.9897 21.9811 21.4402 21.5374 21.7885 22.1012 22.3144 22.0492 22.1221 21.6364 21.7786 21.6467 22.0934 21.9952 21.2449 21.4726 21.7705 21.9758 21.2157 21.5211 22.3119 21.4836 21.7552 21.9547 21.8445 22.1143 21.7098 21.8822
7.4439 5.2027 10.0567 5.4502 7.5738 6.1702 9.6721 5.5375 6.1362 0.0000 8.1192 6.0818 7.0582 4.4633 8.7425 6.2696 7.4755 6.0697 5.7914 5.1478 7.6534 7.1983 6.1475 6.5857 5.4650 10.2668 5.7557 6.7241 7.5697 8.1089 18.5590 18.0157 18.8985 18.8471 18.7870 19.0342 18.6941 18.6982 17.6249 17.6531 17.6746 17.3930 19.1482 19.3554 19.0663 18.6712 18.8631 16.8003 19.4806 19.5704 18.7243 18.9864 18.8811 19.2177 18.5165 19.2195 18.1093 18.0930 17.7016 18.3407 14.4647 16.2155 15.9040 15.7283 17.5385 17.4953 17.8332 13.5348 11.7286 18.2150 18.0408 16.1839 16.6958 16.2063 17.0415 15.7502 14.2584 17.3233 18.4719 14.6957 13.4528 15.9569 14.7887 14.4038 16.7891 12.8409 14.9280 19.2975 18.3086 14.2266 16.1405 16.4389 15.5441 13.5182 10.1722 15.2781 16.7715 11.2589 11.3022 9.9671 12.4321 10.8503 17.0779 11.0208 15.4300 16.7574 15.3221 8.3592 14.4125 16.4566 14.9764 12.3465 14.2645 8.8802 9.8833 15.3485 10.0980 16.1853 16.5108 16.9061 19.4013 19.2565 19.5285 19.5367 19.0136 19.1117 19.3179 19.6555 19.8615 19.5915 19.6821 19.2626 19.3455 19.1343 19.6501 19.5750 18.7865 19.0410 19.3401 19.5551 18.7701 19.0306 19.8889 19.0230 19.3003 19.4972 19.3464 19.6761 19.3097 19.4401
4.6097 7.8651 5.3905 5.3488 5.2871 12.2160 8.1572 9.3753 7.0860 8.1192 0.0000 8.7213 3.9347 9.8152 6.3209 4.8301 6.0341 8.5268 7.8542 6.6865 11.0281 5.5009 5.0899 6.2761 5.3765 5.9101 11.5561 6.2299 4.5946 5.4620 22.2096 21.7057 22.5068 22.4271 22.4611 22.6894 22.3994 22.2818 21.2300 21.3749 21.1638 21.2248 22.8025 23.0119 22.6304 22.3099 22.5769 20.3553 23.1312 23.2297 22.3588 22.6554 22.4941 22.8019 22.2757 22.8747 21.6804 21.8372 21.3302 21.9822 18.1377 19.6277 19.4632 19.3381 21.0266 21.1306 21.5043 17.2856 15.7343 21.7501 21.6774 19.7195 20.4523 19.9295 20.7198 19.1389 17.8923 21.0390 22.1486 18.2499 17.1206 19.7389 17.7820 18.0189 20.4454 16.7461 18.4828 22.9028 21.9198 17.7799 20.2890 20.4351 19.6674 17.9855 15.8397 19.5111 20.7306 16.4372 15.8683 15.3278 17.5974 16.3552 21.0051 16.2310 19.5582 20.6414 18.9000 13.8956 18.5253 20.5139 19.2334 17.0679 18.1598 14.3690 15.6242 19.7781 15.4577 20.1296 20.5239 20.7665 23.0172 22.9485 23.1968 23.2088 22.6392 22.7294 22.9886 23.3071 23.5218 23.2561 23.3275 22.8407 22.9798 22.8485 23.3050 23.2356 22.4299 22.6787 22.9704 23.1919 22.4216 22.7140 23.5260 22.6525 22.9755 23.1555 23.0535 23.3199 22.8780 23.0847
8.5114 3.3682 10.8312 5.9111 8.7216 6.9261 9.8563 5.8952 7.1051 6.0818 8.7213 0.0000 7.2668 5.2524 9.6245 7.1971 8.1325 4.3838 4.8594 5.1180 8.9631 7.5249 5.8072 5.1972 5.8400 11.4867 7.6536 6.3796 8.5531 9.4166 18.7450 18.2858 19.0999 19.0665 18.9906 19.2386 18.8716 18.9278 17.9124 17.8884 17.9470 17.5776 19.3159 19.4970 19.3053 18.8918 19.0215 17.0498 19.6281 19.7310 18.8719 19.1498 19.0883 19.4153 18.7001 19.3606 18.3840 18.2685 17.9638 18.5524 14.7567 16.5348 16.1428 16.0394 17.7825 17.7119 18.0251 14.1056 12.0933 18.3741 18.2334 16.5482 16.9024 16.4235 17.2567 16.1247 14.6705 17.5534 18.6523 14.9909 13.7480 16.2257 15.3368 14.8867 16.9724 13.0158 15.3174 19.4759 18.4863 14.9415 16.2786 16.5731 15.5811 13.7003 10.4087 15.3996 16.8477 11.9367 11.6434 10.5318 12.6786 11.1070 17.2834 11.2948 15.6858 16.9609 15.4592 8.7772 14.6472 16.6139 15.1074 12.6604 14.4851 9.3489 10.2418 15.4682 10.3003 16.3974 16.6184 17.0094 19.5953 19.4368 19.6938 19.6995 19.2102 19.3065 19.4742 19.8072 20.0026 19.7517 19.8273 19.4843 19.5297 19.2823 19.7912 19.7477 18.9830 19.2431 19.5068 19.7514 19.0062 19.1796 20.0503 19.2090 19.4817 19.6495 19.5012 19.8554 19.5107 19.5998
4.6526 6.1224 6.1522 3.9548 5.3740 10.9501 7.8142 7.3974 6.6645 7.0582 3.9347 7.2668 0.0000 8.0007 6.7749 4.1326 6.4279 7.2595 5.7208 5.5297 10.2313 4.5372 4.7059 4.2993 4.5351 7.0671 10.3123 5.0070 4.2592 4.5865 21.0597 20.5394 21.3578 21.3046 21.3045 21.5380 21.2400 21.1540 20.0787 20.2004 20.0619 20.0217 21.6478 21.8660 21.5221 21.1587 21.4202 19.1918 21.9851 22.0851 21.2097 21.5021 21.3856 21.7033 21.0971 21.7288 20.5383 20.6567 20.1695 20.8304 17.0086 18.5577 18.3576 18.1757 19.9121 20.0069 20.3790 16.2127 14.4785 20.6274 20.5754 18.6407 19.2556 18.7624 19.5776 18.0665 16.7671 19.8969 21.0184 17.1455 15.9904 18.5977 16.8731 16.8883 19.3048 15.4950 17.4430 21.7883 20.8023 16.7618 19.0200 19.1966 18.3589 16.5910 14.1588 18.1862 19.4709 14.8732 14.5484 13.7342 16.0536 14.7264 19.7947 14.6773 18.2967 19.4345 17.7285 12.1643 17.2359 19.2413 17.8829 15.6060 16.8839 12.6089 13.9440 18.4107 13.8521 18.8650 19.2688 19.5323 21.8950 21.7957 22.0477 22.0620 21.4992 21.5859 21.8429 22.1594 22.3762 22.1090 22.1885 21.7091 21.8325 21.6820 22.1586 22.0909 21.2859 21.5230 21.8377 22.0578 21.2822 21.5595 22.3922 21.5239 21.8243 22.0092 21.8933 22.1783 21.7422 21.9465
9.6596 4.0202 12.0296 6.3166 9.5901 4.8306 10.6490 4.1246 8.3049 4.4633 9.8152 5.2524 8.0007 0.0000 10.5057 7.9197 8.8579 4.7569 4.5068 5.2794 8.0506 9.0615 7.3961 6.4391 6.5513 12.3053 5.1987 7.3719 9.3115 8.8949 17.3236 16.8086 17.6865 17.6800 17.5498 17.8165 17.4664 17.5449 16.4591 16.4261 16.5549 16.0720 17.9038 18.1042 17.9347 17.4541 17.6237 15.6008 18.2459 18.3399 17.5005 17.7460 17.7137 18.0510 17.2536 17.9868 16.9292 16.8103 16.5095 17.1265 13.4534 15.1740 14.8522 14.6017 16.4467 16.3697 16.7293 12.7294 10.5396 17.0148 16.9192 15.1963 15.4396 15.0333 15.8953 14.8134 13.2157 16.1675 17.3214 13.6484 12.4993 14.8875 14.1658 13.4757 15.6056 11.5330 14.0902 18.1415 17.1451 13.5202 14.7070 15.0467 14.0393 11.8381 7.6546 13.7640 15.3731 9.5379 10.1015 8.1235 10.4475 8.5428 15.7524 8.8835 14.0333 15.4677 14.1315 5.8536 13.0091 15.0111 13.4381 10.5979 12.9025 6.1722 7.4466 13.6970 7.8890 14.8032 15.1100 15.5148 18.2074 18.0025 18.2812 18.3105 17.8071 17.8998 18.0770 18.4121 18.6141 18.3421 18.4502 18.0918 18.1258 17.8573 18.4080 18.3665 17.5560 17.8277 18.1263 18.3488 17.5724 17.7690 18.6645 17.8130 18.0706 18.2440 18.0739 18.4523 18.1196 18.2076
6.2688 9.1294 7.5070 6.8604 6.9280 12.8109 7.7340 10.3715 6.7390 8.7425 6.3209 9.6245 6.7749 10.5057 0.0000 6.9411 7.7913 9.6320 9.3489 7.7735 9.9664 6.7319 6.9795 8.4212 6.7971 7.9845 12.2151 8.1995 6.3531 7.9659 21.3466 20.8483 21.6305 21.5312 21.5911 21.8130 21.5300 21.3923 20.3831 20.5099 20.3203 20.4033 21.9221 22.1417 21.7088 21.4430 21.7121 19.5373 22.2446 22.3430 21.4744 21.7856 21.6188 21.9283 21.3923 21.9935 20.8117 21.0138 20.5124 21.1365 17.3268 18.8489 18.4420 18.4726 20.0839 20.1454 20.5327 16.3735 15.1568 20.8901 20.7347 18.8018 19.5774 19.1091 19.7763 18.2880 17.1252 20.0773 21.1582 17.5979 16.1692 18.7086 16.8411 17.2471 19.5500 16.1345 17.5816 21.9850 20.9825 16.9782 19.3023 19.5906 18.6683 17.6088 16.3976 18.7144 19.8939 15.8724 15.0793 15.7490 17.2722 16.8913 20.0977 16.1846 18.6313 19.7360 17.9153 14.5897 17.7140 19.6979 18.2626 16.5608 17.3658 14.6490 16.1609 18.9867 16.0511 19.2089 19.6436 19.9937 22.1173 22.0598 22.3078 22.3016 21.7488 21.8264 22.1171 22.4081 22.6319 22.3730 22.4362 21.9051 22.0751 21.9769 22.4122 22.3191 21.5730 21.7769 22.0753 22.2829 21.5252 21.8579 22.6264 21.7770 22.0762 22.2738 22.1785 22.4201 21.9560 22.1964
4.0720 6.2729 7.2562 4.6654 3.5470 10.1249 7.8027 6.8852 5.6466 6.2696 4.8301 7.1971 4.1326 7.9197 6.9411 0.0000 6.2785 7.5203 6.5367 5.5880 9.3784 4.2945 4.7157 4.7467 4.1534 7.9812 9.6980 4.8021 5.1069 6.5157 20.8975 20.3588 21.1959 21.1320 21.1272 21.3694 21.0647 20.9750 19.9020 20.0139 19.9087 19.8494 21.4878 21.7032 21.3288 20.9857 21.2471 19.0390 21.8142 21.9137 21.0310 21.3347 21.2002 21.5297 20.9199 21.5540 20.3703 20.5009 19.9998 20.6653 16.7900 18.3586 18.0749 17.9757 19.7204 19.7920 20.1574 15.9050 14.2122 20.4618 20.3411 18.4015 19.0828 18.5956 19.3490 17.8379 16.5426 19.6792 20.7966 16.9567 15.7359 18.3245 16.5997 16.6485 19.1088 15.3150 17.1443 21.5902 20.6004 16.4953 18.7963 18.9814 18.1089 16.3978 13.9164 17.9825 19.2835 14.5155 14.1066 13.3233 15.7977 14.4843 19.5827 14.4475 18.0942 19.2128 17.4829 11.8286 17.0431 19.0532 17.6818 15.3726 16.6917 12.4023 13.6207 18.2101 13.5549 18.6945 19.0563 19.3721 21.7143 21.6201 21.8757 21.8814 21.3231 21.4069 21.6730 21.9872 22.2110 21.9394 22.0197 21.5225 21.6588 21.5201 21.9877 21.9010 21.1074 21.3431 21.6685 21.8734 21.0975 21.3973 22.2143 21.3539 21.6434 21.8406 21.7308 22.0026 21.5801 21.7741
6.8050 7.3358 7.4467 5.1677 6.0968 10.9677 8.7623 8.8289 7.4380 7.4755 6.0341 8.1325 6.4279 8.8579 7.7913 6.2785 0.0000 7.7136 7.6031 5.7608 10.6740 7.7236 6.3344 7.1970 4.3939 7.5920 10.1360 6.6412 6.9117 8.0466 21.2178 20.7179 21.5267 21.4826 21.4893 21.7141 21.4332 21.3230 20.2233 20.3876 20.1583 20.2083 21.8282 22.0481 21.7159 21.3265 21.5947 19.3572 22.1684 22.2675 21.3968 21.6884 21.5681 21.8777 21.2844 21.9114 20.6993 20.8208 20.2961 20.9886 17.1975 18.6910 18.5935 18.3827 20.0941 20.2189 20.5814 16.3662 14.7309 20.8241 20.7657 18.8396 19.4446 18.9012 19.7695 18.2383 16.9724 20.0770 21.2301 17.3006 16.1980 18.8289 16.8910 17.0647 19.5278 15.6811 17.5558 21.9825 20.9936 16.9069 19.2452 19.4137 18.6247 16.7958 14.4970 18.4245 19.7169 15.3032 14.8843 14.2265 16.3698 15.0335 20.0098 14.9871 18.5549 19.5814 17.9933 12.6822 17.4340 19.4384 18.1680 15.9094 17.1256 13.1087 14.3038 18.6354 14.1524 19.1030 19.5135 19.7511 22.0821 21.9828 22.2388 22.2492 21.6903 21.7753 22.0248 22.3457 22.5598 22.2954 22.3700 21.9024 22.0240 21.8623 22.3420 22.2943 21.4735 21.7197 22.0237 22.2454 21.4694 21.7439 22.5798 21.6986 22.0128 22.1975 22.0758 22.3627 21.9184 22.1331
8.6472 4.2011 10.9298 5.5493 9.1196 7.4903 9.6419 5.2299 7.0933 6.0697 8.5268 4.3838 7.2595 4.7569 9.6320 7.5203 7.7136 0.0000 4.6046 3.4081 9.3160 7.9378 5.9692 5.6760 5.9563 11.2798 7.2171 6.1493 8.0746 8.8609 18.4716 17.9947 18.8305 18.8023 18.7241 18.9818 18.6472 18.6830 17.6306 17.6241 17.6388 17.2877 19.0610 19.2514 19.0596 18.6135 18.8144 16.7370 19.3986 19.4984 18.6441 18.9069 18.8414 19.1560 18.4538 19.1422 18.0774 17.9978 17.6760 18.2815 14.5471 16.1524 15.9006 15.6605 17.5093 17.4583 17.8571 13.8511 11.7261 18.0833 18.0264 16.2722 16.6289 16.2088 17.0048 15.8235 14.2906 17.3300 18.4733 14.7369 13.5873 16.0686 15.0214 14.5159 16.7053 12.6672 15.1542 19.2642 18.2455 14.5793 16.0690 16.3289 15.3604 13.3570 9.9735 15.1386 16.6210 11.5236 11.7380 10.2344 12.3632 10.7001 16.9774 10.8147 15.3540 16.6614 15.1605 8.1595 14.3079 16.3274 14.8608 12.2428 14.2121 8.6624 9.7954 15.1737 9.9072 16.0840 16.4183 16.7384 19.3407 19.1669 19.4366 19.4720 18.9365 19.0379 19.2308 19.5637 19.7670 19.4900 19.5960 19.2157 19.2766 19.0391 19.5559 19.5183 18.6912 18.9781 19.2603 19.4950 18.7141 18.9277 19.8033 18.9504 19.2249 19.3863 19.2419 19.6081 19.2362 19.3478
7.8977 3.1576 10.0273 4.4019 8.0544 7.9150 9.2981 4.2919 7.4833 5.7914 7.8542 4.8594 5.7208 4.5068 9.3489 6.5367 7.6031 4.6046 0.0000 4.4965 9.1315 7.4070 5.9712 4.3402 5.1759 10.2281 7.8193 5.6294 7.3103 6.8427 18.7838 18.3007 19.1342 19.1293 19.0239 19.2786 18.9372 18.9748 17.9143 17.9406 17.9872 17.6176 19.3633 19.5564 19.3816 18.9249 19.0885 17.0152 19.6957 19.7977 18.9564 19.2014 19.1659 19.4813 18.7584 19.4372 18.3894 18.2881 17.9474 18.5866 14.8733 16.5562 16.3262 16.0139 17.8920 17.8118 18.1940 14.1834 12.2360 18.4216 18.3717 16.6431 16.9147 16.4118 17.3996 16.1592 14.7336 17.6746 18.8055 14.9675 13.9437 16.4644 15.4361 14.8678 17.0325 12.9516 15.4724 19.5785 18.5813 14.8952 16.4204 16.6783 15.7482 13.6556 10.4696 15.4935 16.9488 11.8736 12.0140 10.7274 12.7969 11.1459 17.3639 11.2625 15.7134 17.0589 15.5161 8.6796 14.6721 16.6568 15.1842 12.6792 14.4467 8.9364 10.3485 15.5517 10.3911 16.3465 16.7561 17.0106 19.6555 19.4844 19.7465 19.7817 19.2661 19.3516 19.5297 19.8711 20.0627 19.8007 19.8918 19.5600 19.5926 19.3325 19.8597 19.8333 19.0166 19.3045 19.5788 19.8161 19.0561 19.2272 20.1109 19.2622 19.5459 19.7054 19.5499 19.9097 19.5645 19.6621
6.5141 4.2927 8.7447 3.9387 6.6539 8.2332 8.5389 5.1268 5.6021 5.1478 6.6865 5.1180 5.5297 5.2794 7.7735 5.5880 5.7608 3.4081 4.4965 0.0000 8.9644 6.3902 4.5483 4.8434 3.9801 9.3007 7.5411 5.0437 6.3383 7.2946 19.2207 18.7071 19.5537 19.5024 19.4736 19.7201 19.3989 19.3740 18.2898 18.3415 18.2650 18.0856 19.8166 20.0291 19.7494 19.3410 19.5806 17.3909 20.1655 20.2645 19.3865 19.6685 19.5725 19.8917 19.2242 19.9066 18.7519 18.7714 18.3689 19.0070 15.1474 16.7550 16.5195 16.3313 18.1468 18.1680 18.5632 14.3243 12.3432 18.8091 18.7462 16.8632 17.3654 16.9307 17.7106 16.3548 14.8633 18.0463 19.1913 15.3530 14.1320 16.7290 15.3197 15.0489 17.4361 13.3836 15.6629 19.9994 18.9774 14.9817 16.9585 17.1824 16.2537 14.3400 11.2959 16.0532 17.4782 12.3739 12.4264 11.1605 13.5044 11.9678 17.8000 11.9943 16.2193 17.4691 15.8927 9.3229 15.1423 17.1992 15.7774 13.2390 14.9549 9.8532 11.0744 16.1743 11.1260 16.8977 17.2735 17.5832 20.0863 19.9486 20.2152 20.2410 19.6797 19.7788 20.0067 20.3386 20.5513 20.2719 20.3686 19.9279 20.0247 19.8295 20.3373 20.2779 19.4465 19.7138 20.0182 20.2476 19.4492 19.7110 20.5777 19.6990 19.9940 20.1714 20.0365 20.3675 19.9526 20.1180
10.6050 8.4963 13.0023 9.2310 10.4399 8.1232 8.3888 9.0161 9.9751 7.6534 11.0281 8.9631 10.2313 8.0506 9.9664 9.3784 10.6740 9.3160 9.1315 8.9644 0.0000 10.5433 9.3101 9.3531 9.0020 13.3820 8.2109 9.6764 11.1207 11.5276 15.4268 14.8985 15.7705 15.6908 15.6481 15.9182 15.5544 15.5485 14.5763 14.5087 14.6413 14.2792 16.0010 16.2044 15.8778 15.5499 15.7139 13.7107 16.3294 16.4221 15.5563 15.8360 15.6770 16.0326 15.3219 16.0604 14.9939 14.9794 14.6393 15.2191 11.3079 13.1576 12.4522 12.3896 14.3341 14.1449 14.5745 10.3906 9.2080 15.0316 14.7654 12.9423 13.4711 13.0101 13.7701 12.6032 11.1837 13.9831 15.1869 11.7012 10.0716 12.4114 11.5327 11.4290 13.4693 10.0481 11.6616 16.0873 15.0219 11.2348 12.3492 13.0919 11.7700 11.0815 11.3579 12.1076 13.4587 9.4076 8.1704 11.3792 10.9072 11.9923 13.5796 10.3007 11.7148 13.3286 11.6254 10.0368 11.0235 13.1863 11.1585 9.7137 10.9767 9.7428 11.1533 12.2228 11.3717 12.6526 13.0994 13.8315 16.2153 16.0675 16.3641 16.3551 15.8669 15.9216 16.1664 16.4816 16.7081 16.4391 16.5226 16.0705 16.1799 15.9721 16.4971 16.3996 15.6211 15.8863 16.1692 16.3771 15.5934 15.8732 16.7290 15.8464 16.1335 16.3185 16.1762 16.5223 16.1361 16.2608
3.5309 7.4636 6.9881 5.6352 5.4044 11.4156 8.2147 8.0868 4.8693 7.1983 5.5009 7.5249 4.5372 9.0615 6.7319 4.2945 7.7236 7.9378 7.4070 6.3902 10.5433 0.0000 4.8603 5.4512 5.8970 7.8290 10.7991 5.3798 4.0467 7.0957 21.5682 21.0331 21.8542 21.7902 21.7964 22.0264 21.7288 21.6315 20.5851 20.6997 20.5912 20.5502 22.1482 22.3618 21.9757 21.6535 21.9168 19.7352 22.4710 22.5675 21.7014 21.9955 21.8590 22.1826 21.5967 22.2151 21.0403 21.1826 20.6853 21.3368 17.4813 19.0594 18.7795 18.6752 20.3733 20.4393 20.8036 16.6663 14.9941 21.1314 21.0050 19.0830 19.7841 19.2931 20.0220 18.5355 17.2876 20.3607 21.4508 17.6966 16.4477 19.0173 17.3256 17.3269 19.7761 16.0896 17.8600 22.2443 21.2649 17.2028 19.5494 19.7189 18.8774 17.2391 14.8959 18.7398 19.9959 15.3726 14.9801 14.2485 16.6765 15.4240 20.2901 15.3789 18.8298 19.9240 18.2139 12.8538 17.8122 19.7980 18.4563 16.2190 17.4908 13.4451 14.6045 18.9964 14.4946 19.4207 19.7859 20.0828 22.3664 22.2844 22.5345 22.5365 21.9734 22.0639 22.3341 22.6430 22.8618 22.5970 22.6693 22.1699 22.3128 22.1873 22.6381 22.5487 21.7769 22.0003 22.3183 22.5273 21.7590 22.0603 22.8655 22.0152 22.2999 22.5006 22.3931 22.6561 22.2295 22.4305
4.8439 5.2040 7.7027 4.5737 5.7730 9.5979 8.2359 6.9243 5.8904 6.1475 5.0899 5.8072 4.7059 7.3961 6.9795 4.7157 6.3344 5.9692 5.9712 4.5483 9.3101 4.8603 0.0000 4.9678 4.2008 8.6354 9.2346 4.9634 5.7990 6.9982 20.5225 20.0189 20.8421 20.7711 20.7716 21.0145 20.6892 20.6350 19.5791 19.6537 19.5347 19.4467 21.1131 21.3138 20.9874 20.6362 20.8560 18.6756 21.4446 21.5386 20.6577 20.9542 20.8048 21.1312 20.5453 21.1795 20.0393 20.1023 19.6679 20.2981 16.3713 17.9811 17.7165 17.6024 19.3710 19.4228 19.7765 15.5024 13.7661 20.0712 19.9701 18.0314 18.6838 18.1822 18.9678 17.4947 16.1197 19.3159 20.4227 16.5069 15.3244 17.9439 16.3272 16.3063 18.6905 14.8208 16.7737 21.2124 20.2171 16.1245 18.3605 18.5693 17.6921 15.9322 13.3415 17.5450 18.8530 14.1714 13.7904 12.9720 15.2983 13.9429 19.1653 13.8871 17.6504 18.8424 17.1319 11.3469 16.6169 18.6442 17.2402 14.9301 16.3476 11.9541 13.1055 17.7511 13.0378 18.2952 18.6308 18.9465 21.3393 21.2425 21.5001 21.5151 20.9603 21.0546 21.2863 21.6158 21.8283 21.5608 21.6401 21.1840 21.2977 21.1272 21.6123 21.5372 20.7354 20.9965 21.2865 21.5166 20.7355 21.0018 21.8446 20.9583 21.2795 21.4558 21.3416 21.6431 21.2180 21.3931
6.2401 4.8911 8.5380 4.8017 6.2499 9.0053 8.0566 5.8905 7.0874 6.5857 6.2761 5.1972 4.2993 6.4391 8.4212 4.7467 7.1970 5.6760 4.3402 4.8434 9.3531 5.4512 4.9678 0.0000 4.8232 9.0977 8.7551 3.5307 5.8364 6.9150 19.6167 19.1336 19.9456 19.9234 19.8859 20.1254 19.8104 19.7785 18.6939 18.7725 18.6739 18.5172 20.2149 20.4246 20.1671 19.7462 19.9707 17.8082 20.5577 20.6552 19.7932 20.0743 19.9861 20.3034 19.6361 20.2969 19.1550 19.1797 18.7578 19.4065 15.6522 17.2910 17.0333 16.8104 18.5840 18.6100 18.9920 14.9274 13.0118 19.2392 19.1788 17.3362 17.7852 17.2924 18.1727 16.8136 15.4686 18.4829 19.6002 15.8458 14.6553 17.2113 15.8792 15.6267 17.8759 13.9368 16.1760 20.4012 19.3864 15.6136 17.3908 17.6234 16.7191 14.8142 11.9464 16.5034 17.9106 13.0903 12.9478 11.9139 14.0778 12.5754 18.2653 12.6483 16.7062 17.9261 16.2971 10.0999 15.6563 17.6422 16.2048 13.8017 15.4110 10.4255 11.7850 16.6459 11.7113 17.3183 17.6789 17.9799 20.4900 20.3524 20.6178 20.6304 20.1052 20.1766 20.4079 20.7268 20.9356 20.6730 20.7573 20.3329 20.4201 20.2165 20.7198 20.6800 19.8793 20.1233 20.4228 20.6471 19.8797 20.1172 20.9678 20.1005 20.3972 20.5702 20.4343 20.7637 20.3394 20.5156
5.3998 4.7339 7.6307 3.1369 5.0877 9.1190 8.0218 6.4402 5.5847 5.4650 5.3765 5.8400 4.5351 6.5513 6.7971 4.1534 4.3939 5.9563 5.1759 3.9801 9.0020 5.8970 4.2008 4.8232 0.0000 8.2278 8.7236 5.2447 5.9188 6.5577 20.2178 19.7026 20.5378 20.4929 20.4718 20.7142 20.4011 20.3342 19.2477 19.3470 19.2303 19.1395 20.8219 21.0367 20.7148 20.3293 20.5645 18.3412 21.1558 21.2557 20.3720 20.6657 20.5528 20.8837 20.2476 20.8921 19.7248 19.7967 19.3131 19.9951 16.0683 17.6986 17.4673 17.3046 19.0767 19.1588 19.5085 15.2093 13.4522 19.8057 19.6999 17.7766 18.3619 17.8227 18.6957 17.2030 15.8601 19.0111 20.1621 16.1974 15.0208 17.6732 15.9935 15.9756 18.4454 14.4553 16.4743 20.9547 19.9550 15.8567 18.0470 18.2587 17.3824 15.5162 12.8939 17.1911 18.5542 13.7863 13.3344 12.5557 14.9079 13.4909 18.8956 13.4911 17.3543 18.5125 16.8305 10.9129 16.2428 18.2983 16.9026 14.5402 15.9131 11.4231 12.6804 17.4011 12.5914 17.9612 18.3371 18.6241 21.0708 20.9602 21.2189 21.2292 20.6775 20.7615 21.0031 21.3329 21.5493 21.2802 21.3607 20.8963 21.0091 20.8365 21.3270 21.2643 20.4512 20.6996 21.0132 21.2370 20.4536 20.7175 21.5689 20.6892 20.9900 21.1788 21.0556 21.3551 20.9255 21.1183
6.9539 10.7515 3.6284 7.9174 6.9927 14.6865 10.1786 11.6878 8.7949 10.2668 5.9101 11.4867 7.0671 12.3053 7.9845 7.9812 7.5920 11.2798 10.2281 9.3007 13.3820 7.8290 8.6354 9.0977 8.2278 0.0000 13.6408 8.6535 5.8597 7.1388 23.6752 23.1998 23.9626 23.8910 23.9242 24.1293 23.8564 23.7310 22.7165 22.9058 22.6735 22.7647 24.2437 24.4502 24.0943 23.7796 24.0370 21.9064 24.5646 24.6694 23.8387 24.1081 23.9847 24.2612 23.7470 24.3230 23.1705 23.3130 22.8138 23.4631 19.8151 21.2175 21.1563 20.9605 22.5899 22.6496 23.0319 19.0023 17.6445 23.2347 23.2051 21.3441 22.0081 21.4657 22.3132 20.7759 19.6552 22.5816 23.6566 19.9121 18.8883 21.4260 19.4863 19.6751 22.0014 18.4772 20.1418 24.3756 23.4249 19.4273 21.9388 22.0562 21.3816 19.7208 17.8554 21.1818 22.3246 18.3231 17.8205 17.3970 19.4623 18.2799 22.5932 18.1721 21.2180 22.2028 20.5901 16.1280 20.1852 22.0967 20.9478 18.9404 19.8428 16.4560 17.6775 21.4402 17.4598 21.7009 22.1630 22.3123 24.4700 24.4109 24.6424 24.6543 24.1010 24.1917 24.4333 24.7466 24.9411 24.6945 24.7511 24.3216 24.4409 24.3029 24.7412 24.6902 23.9112 24.1546 24.4162 24.6395 23.9046 24.1694 24.9542 24.1238 24.4347 24.6068 24.4969 24.7530 24.3378 24.5315
11.0988 7.1494 13.4073 8.7146 10.8790 3.8934 12.1288 7.0179 9.8444 5.7557 11.5561 7.6536 10.3123 5.1987 12.2151 9.6980 10.1360 7.2171 7.8193 7.5411 8.2109 10.7991 9.2346 8.7551 8.7236 13.6408 0.0000 9.0993 11.1579 11.5491 15.9945 15.5087 16.3813 16.3606 16.2640 16.5062 16.1560 16.2492 15.1276 15.0866 15.1069 14.6913 16.6024 16.7983 16.6432 16.1487 16.3075 14.3774 16.9657 17.0459 16.2321 16.4575 16.3758 16.6952 15.8936 16.6982 15.5993 15.4542 15.2138 15.7899 12.0849 13.8997 13.7209 13.3553 15.2093 15.1157 15.5232 11.2818 9.0267 15.7713 15.7013 13.9715 14.2190 13.8532 14.6530 13.5811 11.8439 14.8747 16.0600 12.5212 11.3525 13.5651 13.1119 12.2725 14.4152 10.5190 12.8919 16.8739 15.9201 12.1966 13.2323 13.6562 12.7262 10.4263 5.6537 12.5226 14.0558 7.8500 8.7666 5.8104 8.4509 6.2755 14.3627 6.8381 12.9429 14.0708 13.0811 4.3829 11.7403 13.6780 12.1510 9.0421 12.0429 5.8023 5.3877 12.0565 5.6695 13.6722 13.7432 14.2994 16.9183 16.7162 17.0243 17.0173 16.5559 16.6396 16.7897 17.1391 17.3266 17.0653 17.1624 16.8104 16.8542 16.5493 17.1392 17.0893 16.3105 16.5586 16.8268 17.0567 16.2602 16.4897 17.3970 16.5088 16.8048 16.9570 16.7650 17.1873 16.8289 16.9107
5.5926 5.8870 8.3360 5.2014 5.9557 9.6498 7.9606 6.5399 6.7689 6.7241 6.2299 6.3796 5.0070 7.3719 8.1995 4.8021 6.6412 6.1493 5.6294 5.0437 9.6764 5.3798 4.9634 3.5307 5.2447 8.6535 9.0993 0.0000 5.2089 7.3158 20.0060 19.5373 20.3402 20.2937 20.2948 20.5283 20.2243 20.1600 19.0683 19.1840 18.9948 18.9419 20.6211 20.8305 20.5402 20.1464 20.3923 18.1977 20.9712 21.0704 20.2064 20.4865 20.3709 20.6689 20.0539 20.7136 19.5245 19.5904 19.1566 19.7981 16.0327 17.6336 17.4285 17.2050 18.9730 19.0047 19.4124 15.2550 13.4265 19.6211 19.5946 17.6938 18.2106 17.7214 18.5792 17.1822 15.8154 18.9062 20.0185 16.2480 15.0751 17.6575 16.1379 15.9997 18.2772 14.3788 16.5509 20.8124 19.7797 15.8980 17.8782 18.0924 17.2421 15.3433 12.6530 17.0217 18.3906 13.6600 13.5658 12.5828 14.7002 13.2371 18.6929 13.2579 17.1832 18.3661 16.7331 10.8269 16.1206 18.1198 16.7410 14.3738 15.9176 11.1588 12.4771 17.1675 12.3651 17.7662 18.1629 18.4410 20.8811 20.7684 21.0359 21.0489 20.5120 20.5823 20.8226 21.1433 21.3495 21.0855 21.1656 20.7301 20.8326 20.6397 21.1400 21.0995 20.2905 20.5402 20.8238 21.0470 20.2739 20.5370 21.3746 20.4942 20.8192 20.9823 20.8516 21.1779 20.7280 20.9186
4.2723 7.8307 5.9463 5.0625 5.6927 12.0395 8.1410 8.4676 5.7571 7.5697 4.5946 8.5531 4.2592 9.3115 6.3531 5.1069 6.9117 8.0746 7.3103 6.3383 11.1207 4.0467 5.7990 5.8364 5.9188 5.8597 11.1579 5.2089 0.0000 5.4581 21.7598 21.2529 22.0611 22.0011 22.0149 22.2387 21.9531 21.8514 20.7938 20.9390 20.7604 20.7648 22.3488 22.5636 22.2086 21.8641 22.1363 19.9519 22.6831 22.7812 21.9278 22.2106 22.0857 22.3859 21.8129 22.4343 21.2473 21.3811 20.8825 21.5436 17.7644 19.2691 19.0977 18.9135 20.6269 20.6730 21.0791 16.9180 15.3434 21.3218 21.2577 19.3447 20.0004 19.4966 20.2913 18.8050 17.5530 20.6060 21.7036 17.9349 16.7758 19.3543 17.5715 17.5955 20.0169 16.3062 18.1681 22.4809 21.4825 17.4412 19.8151 19.9686 19.1833 17.4586 15.2054 18.9888 20.2576 15.7343 15.4621 14.7285 16.9951 15.6999 20.5222 15.6395 19.0610 20.1580 18.4763 13.2627 18.0348 20.0197 18.7351 16.5065 17.7132 13.6913 14.9653 19.2335 14.8333 19.6290 20.0565 20.2925 22.5785 22.4927 22.7434 22.7535 22.1915 22.2785 22.5420 22.8525 23.0637 22.7999 22.8754 22.4016 22.5337 22.3915 22.8483 22.7813 21.9880 22.2317 22.5294 22.7407 21.9767 22.2668 23.0699 22.2216 22.5164 22.7046 22.5921 22.8680 22.4321 22.6369
6.6660 7.5603 6.8564 5.7760 7.2244 12.2115 9.5673 8.0376 8.6843 8.1089 5.4620 9.4166 4.5865 8.8949 7.9659 6.5157 8.0466 8.8609 6.8427 7.2946 11.5276 7.0957 6.9982 6.9150 6.5577 7.1388 11.5491 7.3158 5.4581 0.0000 21.6604 21.1530 21.9642 21.9234 21.8792 22.1131 21.8166 21.7682 20.7348 20.8473 20.7953 20.6403 22.2122 22.4168 22.1358 21.7605 21.9913 19.8775 22.5384 22.6389 21.8111 22.0661 21.9905 22.2938 21.6801 22.2974 21.1905 21.2470 20.8010 21.4529 17.8526 19.2722 19.1648 18.8829 20.6385 20.6521 21.0428 17.0466 15.5083 21.2225 21.1940 19.3729 19.8963 19.3960 20.2761 18.8567 17.6196 20.5614 21.6415 17.8571 16.9158 19.3874 17.7846 17.6603 19.9614 16.2545 18.2619 22.3704 21.4169 17.5418 19.6731 19.8225 19.0533 17.2548 14.9724 18.8524 20.0972 15.5633 15.5005 14.6602 16.7841 15.4627 20.4179 15.4112 18.9059 20.0910 18.4546 13.0835 17.9301 19.8379 18.5900 16.3683 17.5182 13.3585 14.7741 19.0449 14.7379 19.4493 19.9160 20.1078 22.4597 22.3434 22.5830 22.6195 22.0669 22.1619 22.3860 22.7050 22.9050 22.6428 22.7300 22.3240 22.4100 22.2349 22.7037 22.6498 21.8430 22.1183 22.4059 22.6188 21.8774 22.1077 22.9222 22.1030 22.3784 22.5551 22.4342 22.7195 22.3504 22.5032
22.0410 18.5940 23.5829 20.0571 21.8370 16.5596 19.0547 18.2661 21.0377 18.5590 22.2096 18.7450 21.0597 17.3236 21.3466 20.8975 21.2178 18.4716 18.7838 19.2207 15.4268 21.5682 20.5225 19.6167 20.2178 23.6752 15.9945 20.0060 21.7598 21.6604 0.0000 1.1613 0.8678 1.1814 0.8020 0.9355 0.9570 1.0226 1.8371 1.7754 2.7700 2.0928 0.9657 1.3196 1.4962 0.7241 0.9243 2.9384 1.4831 1.4921 0.8023 0.9760 1.0335 1.2820 1.5202 1.2414 1.5740 1.2219 1.6802 0.8234 5.4418 3.6291 4.0733 4.3698 2.0766 2.3119 1.8635 6.9776 9.7987 1.5704 1.8356 3.2689 2.6169 3.3930 2.2941 4.0996 5.4787 2.6738 1.8042 5.5770 7.5944 6.7778 6.1224 5.4593 2.4004 7.2203 4.8651 1.7686 1.4909 5.9482 8.9556 6.3980 9.0588 8.3207 14.7702 6.8128 6.3472 11.2653 11.1318 14.6097 11.3715 14.4496 6.2922 12.6590 7.3133 6.3579 7.1210 15.2748 7.2378 6.3660 9.1684 10.1993 7.4549 15.4388 14.8109 9.2114 14.4987 6.5822 6.3772 2.6854 1.5154 1.2397 1.6282 1.6323 1.3147 1.2348 1.3689 1.6585 1.9052 1.5988 1.7348 1.4573 1.3148 1.0257 1.6884 1.7843 1.4571 1.1186 1.3934 1.5868 0.8493 1.2584 2.0431 0.9355 1.3680 1.4963 1.3046 1.7287 1.4154 1.4257
21.5315 18.1144 23.0828 19.5412 21.3187 16.0711 18.5372 17.7388 20.5195 18.0157 21.7057 18.2858 20.5394 16.8086 20.8483 20.3588 20.7179 17.9947 18.3007 18.7071 14.8985 21.0331 20.0189 19.1336 19.7026 23.1998 15.5087 19.5373 21.2529 21.1530 1.1613 0.0000 1.3089 1.6269 1.1963 1.4453 1.4968 1.3729 1.2892 1.2802 2.7135 1.9173 1.7581 2.1610 2.0053 0.9441 1.6860 2.2013 2.2575 2.2398 1.3966 1.6181 1.6124 2.1060 1.9500 2.0211 1.1769 1.2766 1.0329 0.8058 5.0028 3.0183 3.7409 3.8915 1.7285 2.5360 2.0280 6.6435 9.2988 1.8597 2.0891 2.7946 2.2984 3.0337 2.2057 3.5707 4.9063 2.7325 2.4166 5.0675 7.1860 6.5971 5.5377 4.7374 2.1878 6.6541 4.3308 2.4201 1.9967 5.2855 8.8034 6.3373 8.8408 7.9998 14.3802 6.6419 6.3156 10.8382 10.7878 14.2790 11.0805 14.1431 6.2590 12.3165 6.9739 6.3039 6.9143 14.7881 6.9298 6.2660 8.8917 9.7999 7.1131 14.9384 14.4067 9.0337 14.1901 6.3709 6.3052 2.5002 2.2759 1.9294 2.2601 2.4432 1.7282 1.8047 2.1246 2.4170 2.7376 2.3304 2.5696 1.9992 1.9295 1.8457 2.4427 2.5022 1.6541 1.4953 2.1709 2.3469 1.2732 1.8318 2.8153 1.6646 2.0145 2.2679 2.0870 2.3857 2.1060 2.2540
22.3320 18.9455 23.8584 20.3755 22.1285 16.9380 19.3329 18.6118 21.3433 18.8985 22.5068 19.0999 21.3578 17.6865 21.6305 21.1959 21.5267 18.8305 19.1342 19.5537 15.7705 21.8542 20.8421 19.9456 20.5378 23.9626 16.3813 20.3402 22.0611 21.9642 0.8678 1.3089 0.0000 0.7966 0.8219 0.6323 1.1398 0.7064 1.9192 1.9862 2.8272 2.6735 0.8763 1.3747 1.1558 0.5634 1.1841 3.1012 1.4045 1.3164 0.9965 1.1696 0.9514 1.1830 1.8810 1.2234 1.4362 1.7329 1.8903 0.8602 5.9328 3.9706 4.4443 4.8023 2.1961 2.7200 2.1639 7.4706 10.2787 1.9994 2.1144 3.5643 3.1287 3.8735 2.6905 4.4393 5.9184 3.0990 2.0998 6.0578 8.0106 7.1785 6.2723 5.8238 2.8827 7.6900 5.2212 1.7065 1.7483 6.2589 9.4527 6.8773 9.5341 8.8400 15.1927 7.2811 6.8045 11.7249 11.6277 15.0588 11.8743 14.9025 6.7167 13.1415 7.6806 6.7726 7.5592 15.6789 7.7228 6.8001 9.6419 10.6978 7.8769 15.8178 15.2351 9.7311 14.9596 6.9730 6.8469 3.3268 1.4485 1.2780 1.5785 1.5890 1.3500 1.1618 1.5028 1.5547 1.8527 1.5615 1.7143 1.1561 1.0486 1.2528 1.6271 1.7351 1.6817 0.8956 1.4322 1.4259 0.8984 1.5671 1.9371 0.8827 1.3428 1.5724 1.4797 1.5225 1.1013 1.4694
22.2405 18.9150 23.7901 20.3289 22.0567 16.9316 19.2731 18.5958 21.2516 18.8471 22.4271 19.0665 21.3046 17.6800 21.5312 21.1320 21.4826 18.8023 19.1293 19.5024 15.6908 21.7902 20.7711 19.9234 20.4929 23.8910 16.3606 20.2937 22.0011 21.9234 1.1814 1.6269 0.7966 0.0000 1.1528 0.9488 1.2416 0.7516 2.1121 2.0873 2.7933 2.8173 1.0960 1.5367 1.0029 1.0617 1.4177 3.2586 1.5430 1.5006 1.1488 1.4034 0.9653 1.0975 1.9820 1.3603 1.6330 1.9622 2.2526 1.1866 5.9299 4.0554 4.3719 4.9147 2.3012 2.6646 2.1716 7.4378 10.2673 2.1086 2.1698 3.5820 3.3085 4.0770 2.7578 4.4851 5.9259 3.1544 2.1327 6.1468 8.0014 7.1443 6.2680 5.9055 2.9100 7.7717 5.2450 1.8282 1.8304 6.2347 9.5198 6.9366 9.5971 8.9477 15.2713 7.3526 6.8562 11.7746 11.5941 15.0983 11.9483 14.9833 6.7593 13.2115 7.7523 6.8454 7.5732 15.7538 7.7785 6.8834 9.7243 10.7916 7.9219 15.9033 15.3130 9.8195 15.0157 7.0528 6.9150 3.5238 1.5897 1.5656 1.8010 1.7675 1.5940 1.4493 1.7237 1.7655 2.0287 1.7693 1.8680 1.3529 1.3043 1.5601 1.8529 1.8960 1.9209 1.2327 1.5578 1.5809 1.1686 1.8202 2.0778 1.1434 1.6270 1.7750 1.7142 1.7194 1.3330 1.6234
