0.0000 6.7348 6.6268 5.8474 4.7552 6.6888 7.6223 8.6327 4.4177 7.6091 4.3723 3.9827 4.8370 7.7202 5.7996 4.1913 8.0491 6.8216 7.4772 5.5344 10.4951 4.1072 3.5621 5.4109 4.5173 6.3555 7.8774 4.0802 4.4082 6.3987 28.4380 28.8221 29.3926 29.5181 29.3378 30.2905 28.7511 27.4876 28.1574 28.1514 29.0894 27.8332 29.8433 29.4358 29.1505 29.1063 29.3394 28.4568 28.6975 30.1714 28.9010 28.9800 29.6337 29.2724 27.5621 27.6347 28.3932 28.7912 28.2992 28.0975 11.7290 11.6863 15.6557 17.7616 15.9292 15.6310 17.7031 15.4531 11.7840 15.3638 17.6113 15.2065 19.3831 16.2072 16.7881 13.3754 12.6978 14.6066 17.5012 12.1314 12.8625 15.9480 12.1835 13.2189 16.8049 14.3492 14.1015 17.4994 16.2988 11.8535 21.0189 19.6213 20.4017 19.8683 21.3892 21.5659 22.3720 22.3337 17.1641 17.2577 24.1307 17.3826 23.0556 18.0192 20.4889 18.6717 17.9063 18.6957 18.7909 21.6520 21.2449 19.4699 17.3881 18.6161 18.7146 21.2516 16.9486 20.7109 19.9403 22.8956 24.4429 25.0842 26.8921 24.1352 24.8037 25.0425 25.9393 24.2849 26.5098 25.9595 25.1826 24.3932 25.5908 24.9031 24.7019 25.8019 25.7950 24.4831 25.3574 23.2855 24.7431 26.6281 25.7854 25.4210 24.3894 26.1751 25.1625 26.1867 24.8801 24.5394
6.7348 0.0000 9.0055 3.7765 8.0784 4.1755 6.6699 3.5666 6.2641 3.1115 5.7723 6.1631 4.6630 4.8180 7.1877 4.6020 10.5556 3.2593 3.6926 3.9246 6.5536 4.4429 6.6279 4.2977 4.8974 9.6124 3.8511 4.6713 5.2895 6.0704 28.0550 28.4298 29.2350 29.1924 29.1684 29.9961 28.6973 27.2319 27.7762 27.5957 28.7709 27.3655 29.5883 29.1755 28.8890 28.9105 29.0386 27.9588 28.3958 30.0500 28.4385 28.5480 29.4911 29.1461 26.9765 27.1941 27.9507 28.4260 27.9546 27.5392 10.2285 8.9998 11.6851 13.0053 11.7891 11.6330 13.1614 10.9815 8.7142 11.2507 13.0889 10.9568 14.4475 11.5860 12.2314 10.4234 9.9239 11.0903 13.1707 8.7547 10.6895 11.5731 9.6980 9.4893 12.3225 9.6670 10.2416 13.8753 12.2377 10.0589 17.8253 16.8312 17.4995 16.8606 18.8322 18.1122 20.9939 19.9462 13.5580 13.3889 22.8074 13.4727 20.6126 14.5868 17.4608 15.0123 13.7125 15.3463 15.5965 19.5006 17.8001 15.7442 14.2753 15.8911 15.4162 18.6621 11.9262 18.1128 16.7510 21.0213 22.3989 22.9858 25.1836 21.9124 23.2416 23.1734 24.2382 22.1138 24.8973 24.1482 23.5127 22.3928 24.1283 22.7176 22.9585 23.8042 24.0469 22.5286 23.7147 21.2667 22.8181 24.9310 24.2093 23.6773 22.3408 24.3951 22.7277 24.5028 23.2386 23.0159
6.6268 9.0055 0.0000 7.2319 5.0589 9.3743 9.1717 11.0600 7.7422 10.1109 5.7615 6.4440 6.8653 10.5118 6.8837 7.0743 6.9277 8.6625 9.7358 7.4344 12.4899 6.9318 6.2542 7.4567 7.0387 4.7249 10.2880 7.3116 6.7623 6.3702 29.8517 30.1865 30.7854 30.9667 30.7375 31.6727 30.1862 28.9530 29.4974 29.5626 30.4845 29.2302 31.2610 30.8336 30.5567 30.4845 30.7561 29.8397 30.1284 31.5814 30.3033 30.4178 31.0762 30.7125 28.9990 29.0580 29.7617 30.2044 29.6451 29.5347 14.5952 14.1737 17.5777 19.3508 17.8570 17.8075 19.4977 17.2792 14.2769 17.0308 19.2621 17.2650 20.7435 17.9436 18.6400 15.8851 15.4470 16.9763 19.3961 14.2865 15.3372 17.8553 14.4549 15.3916 18.5589 16.0130 16.1076 19.2909 18.2364 14.6428 22.2374 20.8912 21.5712 21.1606 22.6894 22.7324 23.6150 23.5811 18.4285 18.6655 25.4016 18.8743 24.2526 19.4687 21.6451 19.6608 19.0513 19.8654 19.9312 22.7322 22.3775 20.7536 18.2165 19.7568 19.9916 22.4780 18.2124 21.8849 21.1494 24.0678 25.7142 26.4066 28.1533 25.4706 26.0896 26.2774 27.2098 25.6473 27.8020 27.2123 26.4857 25.6914 26.8901 26.1989 26.0006 27.0932 27.0601 25.7460 26.7010 24.6206 26.0504 27.8600 27.0123 26.6923 25.6924 27.4837 26.4210 27.4688 26.1472 25.8686
5.8474 3.7765 7.2319 0.0000 6.4838 4.5601 6.2549 5.4157 5.4443 4.7298 4.6193 5.3603 4.2771 5.2269 5.8217 3.5915 8.6206 3.3195 4.9463 3.5474 7.6531 4.0677 5.9519 4.0138 4.3103 8.0053 4.7587 4.5864 4.7908 5.2028 29.0814 29.4078 30.2378 30.2595 30.1248 31.0406 29.6879 28.2679 28.7662 28.6940 29.7753 28.3615 30.6439 30.2487 29.9419 29.8814 30.0921 29.0193 29.4539 31.0576 29.5025 29.6547 30.4735 30.1669 28.0937 28.2641 29.0178 29.5042 28.9390 28.6513 11.3233 10.3746 13.1256 14.5763 13.2718 13.2215 14.5964 12.6349 10.3611 12.7468 14.5000 12.4399 16.0385 13.2011 13.7953 11.8792 11.3054 12.4888 14.6716 10.0237 12.1026 13.3082 10.7303 11.0087 14.1671 11.3935 11.6868 15.1712 13.5152 11.2023 19.1795 18.1260 18.7860 18.3361 20.2613 19.4328 22.2145 21.3081 14.8645 14.9773 24.0091 15.1998 21.7576 16.1628 18.7809 16.0135 14.9354 16.8995 16.9584 20.6876 19.0661 17.2456 15.5570 17.2538 16.9929 20.0260 13.6219 19.3442 17.9528 22.2257 23.5670 24.2778 26.3492 23.2464 24.3284 24.2879 25.3830 23.4274 26.0605 25.3518 24.6661 23.5486 25.2318 24.0061 24.1020 24.9840 25.1893 23.7361 24.8768 22.5530 24.0065 26.0451 25.3164 24.8382 23.5683 25.5308 24.0167 25.6671 24.3519 24.1165
4.7552 8.0784 5.0589 6.4838 0.0000 7.8045 8.3319 9.9929 6.1562 9.0561 5.7589 5.2585 6.2519 9.6301 6.4237 5.8057 6.2041 7.6452 8.5343 6.4249 11.6208 5.6758 5.1762 6.7378 6.2345 5.8767 9.0256 5.6854 6.4687 7.0617 29.7052 30.0648 30.5380 30.6766 30.4946 31.3197 29.9270 28.6785 29.3585 29.3882 30.3718 29.1318 30.9697 30.5058 30.2884 30.2649 30.3912 29.7831 29.8371 31.1840 30.0824 30.0711 30.7853 30.3920 28.8287 28.7600 29.6260 30.0011 29.4928 29.3584 13.5108 13.2162 16.9307 18.7560 17.1171 17.0076 18.8041 16.6418 13.3363 16.3922 18.6728 16.5423 20.3011 17.2779 18.0016 14.9968 14.5236 16.0950 18.6620 13.3510 14.3785 17.2022 13.5607 14.6761 18.0082 15.3990 15.3594 18.4496 17.4169 13.5054 21.7987 20.6263 21.1847 20.8438 22.3010 22.3104 23.1826 23.1885 18.2751 18.5719 24.9806 18.4925 23.8095 19.2676 21.3567 19.2613 18.8705 19.5988 19.7765 22.4249 22.0364 20.5044 18.1718 19.6166 19.6241 22.0329 17.9522 21.4491 20.7713 23.6378 25.2428 26.0234 27.6089 25.1183 25.5803 25.8080 26.6691 25.1911 27.2302 26.6668 25.9500 25.3464 26.4074 25.7303 25.4457 26.5222 26.5720 25.3176 26.2171 24.2296 25.6549 27.2796 26.5076 26.2779 25.2764 26.9517 25.9224 26.9663 25.7712 25.3796
6.6888 4.1755 9.3743 4.5601 7.8045 0.0000 6.6036 4.3800 6.1824 4.5971 6.8735 5.5950 4.9490 4.5661 7.8596 5.2432 10.1730 3.0161 4.1494 4.5564 7.4599 5.1613 6.7614 4.3294 5.4195 10.2777 3.6295 4.9342 5.7197 6.5806 26.8107 27.2251 27.8504 27.8557 27.8113 28.6295 27.2521 25.8148 26.5257 26.4068 27.5435 26.1822 28.2151 27.7792 27.5157 27.5725 27.6311 26.8714 26.9948 28.5861 27.1970 27.1955 28.0638 27.7053 25.7189 25.7979 26.7363 27.1435 26.7028 26.3349 10.4073 9.7604 12.7677 14.1460 12.4084 12.4370 13.8992 12.1575 10.2555 11.3817 13.6089 11.8281 15.3763 12.4287 13.2499 10.9356 10.6576 11.6050 13.4541 9.7100 11.8471 12.1700 10.8613 10.4899 13.3631 11.0077 11.6374 13.4677 12.6699 10.2841 17.0285 15.8227 16.4630 15.9842 17.5911 17.4721 19.6354 18.8430 12.9436 12.9264 21.2936 12.6588 19.5100 13.6721 16.6699 14.3933 13.6472 14.6253 14.9688 18.3195 17.1651 15.2150 13.5422 14.8031 14.5922 17.5813 11.9200 17.0343 15.8787 19.7887 21.3120 22.0551 24.0909 20.9729 22.0245 22.0709 23.0710 21.2160 23.7159 23.0165 22.2893 21.4566 22.8741 21.7410 21.7276 22.7879 22.9891 21.4741 22.5452 20.1900 21.8156 23.7677 22.9368 22.5123 21.3383 23.2934 21.8405 23.3538 22.0636 21.7244
7.6223 6.6699 9.1717 6.2549 8.3319 6.6036 0.0000 7.4799 7.0187 7.0395 7.6839 7.2668 6.6889 7.0452 5.9843 6.7500 9.3373 6.3586 6.3531 5.9980 6.3865 6.5042 7.4839 6.7701 6.3892 9.8550 6.6800 6.5033 6.7576 8.0464 26.4752 26.8422 27.5073 27.4719 27.4572 28.2926 26.9634 25.4758 26.1337 25.9939 27.1683 25.8584 27.8927 27.4959 27.1939 27.2373 27.3234 26.3908 26.7119 28.3082 26.8042 26.8411 27.7558 27.4050 25.4204 25.4785 26.3516 26.8367 26.3672 25.9320 9.4745 8.6025 11.5705 13.0897 11.3282 11.2911 12.8915 11.1532 9.9463 10.3558 12.6784 10.8220 14.4099 11.3945 12.2540 9.6519 9.7574 10.5404 12.5094 8.9275 10.6126 11.2361 9.3928 9.2567 12.2440 10.2437 10.5718 12.6595 11.6268 9.2968 16.5685 15.5075 16.1166 16.0402 18.9446 17.4065 19.3517 19.3668 12.9136 14.4632 21.8833 14.5643 19.0793 14.4262 16.1387 13.7213 12.6813 15.9773 14.5117 18.2171 16.7161 15.2653 13.3227 15.4988 16.1387 17.5565 13.7032 16.5495 15.4649 19.4310 20.8313 21.5410 23.6580 20.4846 21.5629 21.5783 22.6642 20.6906 23.3341 22.6443 21.8596 20.8751 22.4625 21.2711 21.3332 22.3262 22.5192 20.9581 22.0580 19.7447 21.2788 23.3359 22.5943 22.0308 20.8257 22.8334 21.3107 22.9135 21.5668 21.3274
8.6327 3.5666 11.0600 5.4157 9.9929 4.3800 7.4799 0.0000 7.8711 3.5822 8.0398 7.9052 6.3363 4.2320 8.9291 6.6653 12.1621 3.9725 3.9668 5.5848 6.4117 6.5725 8.6998 5.5852 6.6969 11.9564 3.8331 6.6847 7.1623 7.2922 27.2339 27.6292 28.3081 28.1808 28.2308 28.9288 27.8640 26.3387 26.9137 26.6967 27.9569 26.6110 28.6154 28.2273 27.9343 27.9860 28.0061 27.1833 27.4896 29.0009 27.5314 27.5051 28.5092 28.2218 26.1973 26.2742 27.0902 27.6029 27.1577 26.6897 9.9778 8.9840 11.0720 11.7798 10.5933 10.6883 11.8407 10.1601 8.9443 10.0060 11.5723 9.9077 12.9881 10.4042 11.1273 9.7389 9.4388 10.1937 11.6152 8.3243 10.8848 10.3494 9.8595 8.8644 11.3564 8.7783 9.9660 12.0645 10.8434 9.8655 15.9712 15.1290 15.7278 15.0493 17.0734 16.0464 19.7524 18.2139 11.8748 11.6635 21.3663 11.4192 18.7254 12.9729 15.7087 13.1121 12.1568 13.4531 14.0717 17.9066 15.8655 13.8960 13.1514 14.2333 13.5456 16.8800 9.9325 16.3392 14.7649 19.4031 20.6850 21.3716 23.4699 20.3038 21.6292 21.4638 22.5563 20.4406 23.2231 22.5003 21.8824 20.7517 22.5081 21.0133 21.2695 22.0305 22.4146 20.8672 22.0969 19.7221 21.1469 23.2437 22.5906 22.0816 20.6734 22.6738 20.9430 22.8453 21.6433 21.4304
4.4177 6.2641 7.7422 5.4443 6.1562 6.1824 7.0187 7.8711 0.0000 6.4525 5.5658 4.2324 5.7639 6.1441 6.1982 3.7751 7.4399 6.2601 6.6569 4.4156 9.1018 3.9512 3.9005 5.2070 3.8192 7.7042 6.1431 4.7870 4.5961 7.1726 28.3182 28.6585 29.3821 29.5329 29.2616 30.3292 28.7798 27.4358 28.0047 27.9852 28.9814 27.6186 29.8996 29.5209 29.1563 29.0355 29.3738 28.2295 28.7172 30.2812 28.7990 28.9933 29.6517 29.3232 27.4418 27.5987 28.2452 28.7482 28.1639 27.9798 10.4937 10.3944 13.9740 16.2920 14.5507 14.3364 16.2726 13.8786 10.3380 14.1357 16.0943 13.7297 17.9084 14.8270 15.3065 12.0385 11.2507 13.1524 16.2921 10.6208 11.5504 14.5932 10.7522 11.9220 15.4030 12.8813 12.6304 16.4819 14.8886 10.7142 20.2836 18.9124 19.7864 19.1651 20.9056 20.7389 22.2294 21.8924 16.1279 16.0397 23.9552 16.4485 22.4406 17.2096 19.7964 17.6229 16.6629 17.8622 17.8502 21.1738 20.3404 18.5551 16.7147 17.9488 17.7301 20.7190 15.6374 20.1061 19.1323 22.5718 23.9019 24.5766 26.5723 23.6185 24.3775 24.5865 25.5949 23.7792 26.2483 25.6088 24.8222 23.7658 25.2518 24.4303 24.3212 25.4090 25.4266 23.9178 25.0026 22.7347 24.2372 26.2906 25.4673 25.0284 23.8741 25.8331 24.6484 25.8464 24.3694 24.1350
7.6091 3.1115 10.1109 4.7298 9.0561 4.5971 7.0395 3.5822 6.4525 0.0000 6.8667 6.7683 5.7311 4.4923 7.7526 5.2561 11.3562 3.9923 3.9959 4.5452 6.2354 5.3634 7.5481 4.9163 5.7397 10.6605 3.5801 5.5179 6.0845 6.8414 27.6790 28.0697 28.8684 28.8029 28.7684 29.6056 28.3362 26.8497 27.3816 27.1987 28.3990 26.9706 29.2166 28.8299 28.4945 28.5180 28.6561 27.5817 28.0358 29.6767 28.0500 28.1637 29.1068 28.7830 26.6253 26.8236 27.5678 28.0923 27.6038 27.1799 9.7395 8.7367 10.9195 12.3017 11.0851 11.0459 12.3523 10.2803 8.3453 10.5353 12.2111 10.2289 13.6473 11.0123 11.5363 9.7953 9.3941 10.3761 12.4009 8.3261 10.2589 10.8983 9.3848 9.0038 11.6487 9.0530 9.8064 13.1185 11.4310 9.6567 17.1354 16.1309 16.8645 16.1709 18.2439 17.3320 20.6250 19.4018 12.7544 12.4122 22.3665 12.7026 19.9093 13.9267 16.8130 14.2116 12.9203 14.6599 14.9697 18.9481 17.0151 15.0314 13.9044 15.2583 14.6672 18.0829 11.0332 17.4940 16.0047 20.5071 21.6957 22.3429 24.6050 21.2550 22.5853 22.4625 23.6228 21.4487 24.2878 23.5707 22.8603 21.6494 23.5106 22.0677 22.3343 23.1579 23.4738 21.8483 23.0704 20.5964 22.1324 24.3585 23.5987 23.0622 21.6992 23.7751 22.0561 23.8892 22.5365 22.3468
4.3723 5.7723 5.7615 4.6193 5.7589 6.8735 7.6839 8.0398 5.5658 6.8667 0.0000 4.7952 4.0083 7.2933 5.1829 3.6798 8.9743 6.0573 7.1786 5.2358 9.7011 4.1330 4.9382 5.0417 4.4030 5.6482 7.6381 4.9592 3.5350 4.3522 29.4120 29.7259 30.4916 30.5898 30.3876 31.3739 29.8797 28.5734 29.0912 29.0621 30.0431 28.6995 30.9300 30.5198 30.2242 30.1581 30.4256 29.3309 29.7632 31.3278 29.8532 30.0275 30.7473 30.4082 28.4915 28.6472 29.3435 29.7970 29.2449 29.0399 12.0486 11.5657 14.8848 16.7959 15.2665 15.0436 16.8643 14.6697 11.4153 14.8523 16.8278 14.5330 18.4331 15.4517 15.9464 13.2415 12.5268 14.2011 16.8379 11.7128 12.7589 15.3738 11.8130 12.7754 16.1408 13.4821 13.4465 17.2456 15.6634 12.0422 21.0452 19.7697 20.5193 20.0191 21.7431 21.4043 23.0877 22.6623 16.9072 16.9700 24.8665 17.3023 23.3272 18.0165 20.5123 18.3107 17.2511 18.6817 18.7421 22.0182 21.0764 19.2464 17.2763 18.7779 18.7945 21.5652 16.2989 20.9694 19.8873 23.4307 24.8718 25.5068 27.4688 24.5424 25.4156 25.4837 26.5235 24.7100 27.1193 26.4946 25.7773 24.7729 26.2630 25.3136 25.2755 26.2339 26.3122 24.9440 25.9610 23.7838 25.2035 27.1747 26.3967 25.9706 24.8325 26.6980 25.4546 26.7714 25.4363 25.1780
3.9827 6.1631 6.4440 5.3603 5.2585 5.5950 7.2668 7.9052 4.2324 6.7683 4.7952 0.0000 4.7931 6.7627 5.9667 3.8757 7.5813 5.7681 6.7549 4.2708 9.8040 3.9843 3.6686 3.9626 4.1019 6.7479 6.7176 4.3226 4.0725 5.6116 27.9685 28.3546 28.9304 29.0933 28.8692 29.8439 28.2716 26.9644 27.6453 27.6136 28.6277 27.3247 29.3939 28.9731 28.6926 28.6320 28.8715 27.9120 28.2162 29.7559 28.4207 28.5011 29.2152 28.8196 27.0222 27.0867 27.8747 28.2864 27.7891 27.6035 11.1994 10.9589 14.8507 16.8887 15.0203 15.0382 16.8664 14.5941 11.1480 14.3048 16.5881 14.3888 18.3834 15.3110 15.9606 12.6495 12.0920 13.7994 16.6480 11.2775 12.2618 15.0168 11.6026 12.5008 15.9008 13.4047 13.4555 16.6172 15.4585 11.4129 20.0161 18.6106 19.3705 18.7922 20.3694 20.5756 21.4845 21.3893 16.1544 16.1141 23.2843 16.1416 22.1238 16.9251 19.5092 17.6131 16.8782 17.4927 17.6855 20.6195 20.2077 18.4104 16.2052 17.3953 17.4679 20.2476 15.6864 19.6542 18.8673 21.9719 23.5880 24.3030 26.2115 23.3474 24.0116 24.2342 25.2285 23.5197 25.7948 25.2004 24.3619 23.5786 24.8658 24.1100 23.9015 25.0930 25.1083 23.6228 24.5881 22.4152 23.9762 25.8860 25.0168 24.6673 23.6208 25.4973 24.3585 25.4624 24.0116 23.7160
4.8370 4.6630 6.8653 4.2771 6.2519 4.9490 6.6889 6.3363 5.7639 5.7311 4.0083 4.7931 0.0000 6.2622 6.2107 4.3679 9.3824 4.6423 5.4670 4.9966 8.6138 4.3212 5.0842 4.2715 4.2654 7.7974 6.3694 4.3371 4.0535 4.5507 27.2363 27.5956 28.3202 28.3765 28.2380 29.1709 27.7040 26.3613 26.9342 26.9127 27.9371 26.5960 28.7245 28.3045 28.0118 28.0148 28.2010 27.2574 27.5556 29.1183 27.6710 27.7743 28.5584 28.2190 26.2828 26.4272 27.1946 27.6321 27.1148 26.8499 11.2236 10.7878 14.1450 15.8397 14.1339 14.0126 15.8408 13.7583 10.8431 13.2850 15.6463 13.5361 17.2288 14.3068 14.9943 12.1725 11.7566 13.2402 15.4353 10.9863 12.3456 13.9812 11.5269 11.6283 14.9415 12.4654 12.8799 15.5121 14.6134 11.1690 18.7249 17.3340 18.1193 17.5017 19.1677 19.1936 20.6372 20.1934 14.4789 14.4621 22.3944 14.7651 21.0379 15.4318 18.1853 16.3143 15.3680 16.1934 16.4206 19.6021 18.9050 16.8479 14.8599 16.2772 16.3780 19.1313 14.0821 18.5875 17.6197 20.9943 22.6325 23.2488 25.2326 22.2293 23.1676 23.2649 24.2577 22.4649 24.8948 24.2508 23.5425 22.5846 23.9811 23.0456 23.0207 24.0403 24.0697 22.6970 23.6947 21.4780 22.9484 24.9518 24.1343 23.6711 22.5412 24.4580 23.2106 24.5071 23.2122 22.9401
7.7202 4.8180 10.5118 5.2269 9.6301 4.5661 7.0452 4.2320 6.1441 4.4923 7.2933 6.7627 6.2622 0.0000 8.3384 5.7717 10.8348 4.5212 4.9234 4.9648 6.9409 6.0634 7.5946 5.2773 5.3340 11.0813 3.6642 6.7154 6.1854 7.2568 27.2918 27.6234 28.3668 28.3559 28.2129 29.1447 27.8445 26.3903 26.9384 26.8376 27.9581 26.5659 28.7761 28.4302 28.0662 28.0021 28.1878 27.2353 27.6169 29.1587 27.6741 27.7460 28.5338 28.2982 26.3382 26.4250 27.1997 27.7331 27.1765 26.8638 8.9619 8.6873 11.3393 12.9608 11.1420 11.2623 12.6851 11.0587 8.9741 10.8023 12.4139 10.6422 14.4077 11.5336 12.0832 9.6804 9.0651 10.2035 12.5196 8.2050 10.6868 11.3349 9.5064 9.3397 12.5945 9.9146 10.4393 12.7117 11.2952 9.0135 17.1236 16.0037 16.7624 16.2059 18.0273 17.2235 20.5229 19.1836 12.8136 12.6820 21.9420 12.8092 19.5062 14.0133 16.8081 14.0974 13.1474 14.7220 15.0520 18.7587 17.0202 15.1497 14.3685 15.1208 14.6957 17.8907 11.6350 17.2926 15.7342 20.2590 21.3279 22.1086 24.2117 21.1080 22.1366 22.0710 23.2299 21.2633 23.9177 23.2494 22.4697 21.2915 23.0389 21.8382 21.8877 22.7925 23.0712 21.4998 22.6617 20.4057 21.7654 23.8924 23.1834 22.6645 21.3748 23.3291 21.8554 23.4954 22.0957 21.8717
5.7996 7.1877 6.8837 5.8217 6.4237 7.8596 5.9843 8.9291 6.1982 7.7526 5.1829 5.9667 6.2107 8.3384 0.0000 5.3347 8.7402 7.2103 8.2865 6.1724 8.4985 5.5513 6.1019 6.4564 6.1018 6.7192 8.2863 6.3353 6.0759 6.2837 29.0918 29.4341 30.1467 30.1864 30.0310 30.9540 29.5626 28.1767 28.7846 28.6879 29.7780 28.4319 30.5331 30.1425 29.8348 29.8215 30.0030 29.0011 29.3625 30.9178 29.4545 29.5773 30.3878 30.0316 28.1216 28.1931 28.9912 29.4609 28.9512 28.6613 10.8418 10.0824 13.2957 15.2231 13.7060 13.5836 15.2607 13.1583 10.6503 13.2968 15.2254 12.9805 16.8922 13.8526 14.3784 11.7262 11.3881 12.6088 15.3348 10.3782 11.2757 13.8790 10.0317 11.3680 14.5684 12.2132 11.8713 15.8235 14.0680 10.7398 19.9536 18.9909 19.5822 19.4947 22.2729 20.6793 22.4132 22.6639 16.5169 17.5711 24.9915 17.8438 22.4011 17.9602 19.5659 17.1056 16.0149 19.1568 17.9006 21.4241 20.0629 18.7911 16.5058 18.7874 19.2107 20.9168 16.7774 19.9664 18.9349 22.6905 23.8915 24.6276 26.6027 23.6280 24.5079 24.5650 25.6469 23.7332 26.2462 25.6135 24.8422 23.8509 25.4390 24.3842 24.3531 25.2787 25.4895 24.0151 25.0907 22.8295 24.3517 26.3132 25.5443 25.1506 23.9352 25.8382 24.4666 25.9088 24.5530 24.2958
4.1913 4.6020 7.0743 3.5915 5.8057 5.2432 6.7500 6.6653 3.7751 5.2561 3.6798 3.8757 4.3679 5.7717 5.3347 0.0000 8.1875 4.7117 5.9187 3.6394 8.4383 3.1788 4.5009 3.8107 3.2183 7.0149 5.5509 3.9969 3.7015 5.4609 28.9042 29.2526 30.0379 30.1340 29.9321 30.9236 29.4616 28.0938 28.5992 28.5359 29.5687 28.1781 30.4880 30.0976 29.7712 29.6811 29.9838 28.7809 29.3136 30.9284 29.3544 29.5495 30.3243 29.9704 27.9625 28.1531 28.8248 29.3132 28.7559 28.5084 10.8227 10.1950 13.5505 15.5229 13.9287 13.8327 15.5571 13.3238 10.0707 13.6218 15.4807 13.1645 17.1661 14.1559 14.6233 11.9256 11.0971 12.8385 15.6519 10.2485 11.6461 14.0563 10.5262 11.4250 14.9047 12.1964 12.1190 16.1314 14.3562 10.8229 20.1310 18.8965 19.6498 19.0957 20.9835 20.4678 22.5626 21.9543 15.9074 15.8499 24.3520 16.1746 22.5271 17.0533 19.6690 17.2611 16.1371 17.7362 17.7949 21.3057 20.0816 18.2290 16.4621 17.9461 17.7741 20.7657 14.9795 20.1238 18.9622 22.7787 24.0750 24.7058 26.7942 23.7196 24.6909 24.7412 25.8337 23.8758 26.4470 25.7944 25.0540 23.9646 25.5883 24.5102 24.5586 25.5106 25.6292 24.1535 25.2483 22.9502 24.4183 26.5023 25.7313 25.2608 24.0507 25.9973 24.6332 26.0779 24.6808 24.4620
8.0491 10.5556 6.9277 8.6206 6.2041 10.1730 9.3373 12.1621 7.4399 11.3562 8.9743 7.5813 9.3824 10.8348 8.7402 8.1875 0.0000 9.9300 10.8897 7.8648 13.1467 8.5048 6.9830 9.0808 7.6205 8.1209 10.2671 8.6945 8.8339 10.1014 30.0863 30.4132 30.9702 31.2129 30.8967 31.8589 30.3952 29.1571 29.7050 29.7971 30.7393 29.4732 31.4844 31.0869 30.8069 30.6352 30.9624 30.0635 30.3710 31.7829 30.5315 30.6521 31.2647 30.8972 29.2845 29.2799 29.9980 30.4516 29.8333 29.7893 14.4299 14.1752 17.8452 19.7168 18.0644 18.1615 19.8069 17.6092 14.3753 17.4707 19.5255 17.4655 21.1658 18.2499 18.9753 15.9510 15.3528 17.0913 19.8083 14.2186 15.4470 18.2150 14.3693 15.5594 18.9954 16.5132 16.2419 19.5741 18.4425 14.6466 22.7699 21.5651 22.2026 21.7822 23.2824 23.3160 24.2456 24.1687 19.1863 19.4792 25.8953 19.5767 24.6435 20.2930 22.3473 20.1239 19.7585 20.5161 20.5695 23.2858 22.9435 21.4293 19.1643 20.4547 20.4624 23.0413 18.9147 22.3434 21.6623 24.5391 25.9470 26.7150 28.3991 25.8666 26.2664 26.5583 27.4716 25.9639 28.0669 27.4671 26.7074 25.9450 27.1214 26.5087 26.2236 27.3761 27.3118 25.9769 26.9444 24.9177 26.3299 28.0569 27.2709 26.9853 26.0068 27.7435 26.7490 27.7223 26.3570 26.0657
6.8216 3.2593 8.6625 3.3195 7.6452 3.0161 6.3586 3.9725 6.2601 3.9923 6.0573 5.7681 4.6423 4.5212 7.2103 4.7117 9.9300 0.0000 3.8389 3.9752 7.0326 4.8304 6.7457 4.2434 5.0880 9.5657 3.7345 5.0551 5.4604 5.6969 27.6514 28.0196 28.7804 28.7840 28.6962 29.5489 28.2261 26.7808 27.3403 27.2308 28.3784 26.9661 29.1554 28.7309 28.4454 28.4543 28.5807 27.6333 27.9515 29.5721 28.0376 28.1211 29.0113 28.6858 26.5860 26.7403 27.5666 28.0319 27.5344 27.1838 10.8568 9.8211 12.4789 13.6815 12.1714 12.3483 13.5935 11.8261 10.1035 11.4149 13.3363 11.6582 14.9432 12.1372 12.9179 11.1035 10.8128 11.6607 13.3697 9.5605 11.8876 12.1054 10.6631 10.3588 13.1590 10.5320 11.3150 13.6852 12.5604 10.6744 17.3784 16.2886 16.9160 16.4383 18.2724 17.6417 20.4495 19.3529 13.1058 13.1002 22.1317 13.0306 20.0030 14.0994 16.9554 14.4497 13.4846 14.9325 15.2135 18.8761 17.3403 15.4051 13.8112 15.2772 14.9880 18.0946 11.7421 17.5016 16.1879 20.4518 21.9008 22.6061 24.7137 21.5275 22.7316 22.6663 23.7244 21.7653 24.3979 23.6679 23.0042 21.9835 23.6059 22.2936 22.4300 23.3469 23.5809 22.0727 23.2442 20.8551 22.3781 24.4084 23.6481 23.1660 21.8944 23.8952 22.3074 24.0199 22.7423 22.4728
7.4772 3.6926 9.7358 4.9463 8.5343 4.1494 6.3531 3.9668 6.6569 3.9959 7.1786 6.7549 5.4670 4.9234 8.2865 5.9187 10.8897 3.8389 0.0000 4.7014 6.7584 5.1577 7.4836 5.0417 5.9757 10.3869 4.2643 5.0704 6.0272 7.0273 27.0861 27.4621 28.1861 28.1287 28.1191 28.9186 27.6787 26.2030 26.7794 26.6182 27.7814 26.4440 28.5751 28.1521 27.8774 27.8875 27.9762 27.0618 27.4041 28.9636 27.4421 27.5048 28.4485 28.1118 26.0815 26.1890 27.0000 27.4785 26.9945 26.5743 10.4055 9.4134 12.0739 13.2489 11.8676 11.8073 13.2418 11.3726 9.6383 10.9521 13.0207 11.3103 14.4275 11.7279 12.5322 10.5272 10.3571 11.2070 12.9563 9.3506 11.2528 11.5952 10.4858 9.9232 12.5049 10.1003 10.9813 13.2042 12.1780 10.3106 16.8690 15.7030 16.4309 15.7404 17.4594 17.0756 19.7539 18.6464 12.5411 12.4595 21.4131 12.3913 19.4068 13.4351 16.4076 14.1294 13.1772 14.2228 14.6125 18.3108 16.8307 14.7917 13.5015 14.6590 14.3025 17.4714 11.2747 16.9214 15.6912 19.7578 21.3333 21.9992 24.0603 20.9407 22.1269 22.0861 23.1135 21.1558 23.8001 23.0600 22.4423 21.4043 22.9853 21.6877 21.8407 22.7698 22.9745 21.4381 22.6359 20.2792 21.7731 23.7603 23.0761 22.5450 21.2958 23.3062 21.7249 23.3982 22.1285 21.9238
5.5344 3.9246 7.4344 3.5474 6.4249 4.5564 5.9980 5.5848 4.4156 4.5452 5.2358 4.2708 4.9966 4.9648 6.1724 3.6394 7.8648 3.9752 4.7014 0.0000 7.4174 3.5846 5.0957 3.2828 3.4290 8.2638 4.1812 3.9661 4.4080 6.1628 28.1553 28.5041 29.2877 29.3513 29.2014 30.1509 28.7161 27.3051 27.8337 27.7281 28.8064 27.4333 29.7275 29.3308 29.0245 28.9408 29.1955 28.0164 28.5383 30.1840 28.5923 28.7608 29.5747 29.2266 27.1560 27.3378 28.0584 28.5366 27.9983 27.7075 10.1204 9.2950 12.6240 14.3290 12.8351 12.7793 14.4560 12.0830 9.1588 12.2825 14.2503 12.0102 15.8278 12.8423 13.5105 10.9197 10.2811 11.8691 14.4917 9.2039 10.8640 12.7959 9.8104 10.2966 13.5550 10.8517 11.0795 14.8725 13.2318 10.2462 18.8168 17.6243 18.3663 17.7003 19.5630 19.1617 21.4167 20.6098 14.5699 14.4977 23.1540 14.6119 21.2866 15.5749 18.3453 15.9379 14.9088 16.2338 16.3914 20.0408 18.7723 16.8477 15.0821 16.4840 16.2479 19.4282 13.3850 18.7785 17.6126 21.5324 22.9796 23.6398 25.7730 22.6281 23.6821 23.7195 24.8167 22.8230 25.4587 24.7431 24.0135 22.9297 24.5781 23.4121 23.4838 24.4846 24.6105 23.0691 24.2226 21.8540 23.3848 25.4675 24.6931 24.1916 22.9803 24.9847 23.5235 25.0494 23.6275 23.4235
10.4951 6.5536 12.4899 7.6531 11.6208 7.4599 6.3865 6.4117 9.1018 6.2354 9.7011 9.8040 8.6138 6.9409 8.4985 8.4383 13.1467 7.0326 6.7584 7.4174 0.0000 8.5325 10.3796 8.1881 8.4424 13.2401 6.4235 8.5267 9.0752 9.8250 26.7940 27.1262 28.1753 28.0395 28.0033 28.9230 27.7587 26.1841 26.5340 26.2743 27.5353 26.0694 28.5083 28.1353 27.8090 27.7891 27.9714 26.6312 27.3303 29.0842 27.1061 27.3973 28.4437 28.1585 25.7754 26.0614 26.7520 27.3405 26.7837 26.2648 8.0313 6.2151 7.2010 8.6229 7.3771 7.1244 8.7605 6.6804 7.1151 6.9815 8.6490 6.6408 10.1801 7.3478 7.7875 6.5510 6.8018 6.8884 8.7956 6.0279 7.8628 7.2486 6.7024 5.6578 8.0977 5.8842 6.7078 10.0743 7.7068 7.3894 15.0749 14.3776 15.0863 14.8053 18.5876 15.5311 19.5459 18.6666 11.1047 12.5510 22.1403 13.0903 18.2237 13.0323 14.6863 11.7609 9.6295 14.9203 12.8664 17.7172 14.7577 13.1586 12.1482 14.8498 14.9767 16.7429 11.0035 15.7883 14.0254 19.2054 20.2720 20.7657 23.3166 19.6869 21.4034 21.1127 22.4092 19.9040 23.1558 22.3088 21.7200 20.0926 22.3930 20.5864 21.1511 21.7631 22.0644 20.4477 21.7838 19.2678 20.6305 23.0745 22.4500 21.6974 20.1527 22.3855 20.4007 22.6331 21.2543 21.2801
4.1072 4.4429 6.9318 4.0677 5.6758 5.1613 6.5042 6.5725 3.9512 5.3634 4.1330 3.9843 4.3212 6.0634 5.5513 3.1788 8.5048 4.8304 5.1577 3.5846 8.5325 0.0000 4.2281 3.9473 4.0338 6.8344 5.5463 3.2456 3.6746 5.8215 28.7793 29.1572 29.8498 29.9078 29.7792 30.6781 29.2157 27.8573 28.4814 28.4141 29.4460 28.1161 30.2725 29.8502 29.5542 29.5540 29.7132 28.7387 29.0697 30.6428 29.2214 29.3030 30.1202 29.7358 27.7685 27.9116 28.6849 29.1162 28.6436 28.3510 10.7923 10.0968 13.6211 15.5664 14.0753 13.8080 15.6078 13.3001 9.9819 13.4797 15.5949 13.2836 17.1909 14.0188 14.6909 11.9793 11.3476 12.9249 15.6265 10.3241 11.5119 14.0260 10.5815 11.4719 14.7190 12.0549 12.0775 15.9891 14.4641 10.8016 19.8941 18.6736 19.4090 18.8713 20.5460 20.3525 22.0312 21.6569 15.8719 15.8381 23.8832 15.9461 22.2909 16.7082 19.4392 17.1997 16.2115 17.5311 17.6651 21.0448 20.0233 18.2276 16.2349 17.6547 17.4991 20.4477 15.0041 19.7900 18.8071 22.3875 23.8992 24.6112 26.5560 23.5744 24.4760 24.5873 25.5781 23.7432 26.1657 25.5287 24.7954 23.9378 25.3463 24.3311 24.2721 25.3145 25.4654 23.9780 25.0764 22.7445 24.3572 26.2516 25.4436 25.0612 23.9137 25.8340 24.4904 25.8616 24.5401 24.2121
3.5621 6.6279 6.2542 5.9519 5.1762 6.7614 7.4839 8.6998 3.9005 7.5481 4.9382 3.6686 5.0842 7.5946 6.1019 4.5009 6.9830 6.7457 7.4836 5.0957 10.3796 4.2281 0.0000 5.2440 3.9273 6.5406 7.3500 4.5868 3.9188 6.6057 27.9927 28.3791 29.0157 29.1911 28.9533 29.9785 28.3694 27.0572 27.7307 27.7171 28.6846 27.3591 29.5223 29.1006 28.7753 28.7130 29.0163 27.9680 28.3229 29.8904 28.5067 28.6363 29.2978 28.9124 27.0734 27.2262 27.9151 28.3484 27.8416 27.6409 11.2612 11.1000 15.1973 17.4474 15.6268 15.4157 17.4991 15.0007 11.1187 15.0590 17.3271 14.8234 19.0412 15.8338 16.4308 12.9121 12.3252 14.2551 17.3736 11.5980 12.2570 15.5119 11.6366 12.8041 16.2530 13.9613 13.5982 17.3966 16.1640 11.5346 20.7472 19.3254 20.1575 19.5133 21.1267 21.4679 22.0128 22.1168 16.8740 16.8007 23.8644 17.0080 22.8915 17.5916 20.2347 18.5097 17.6229 18.2769 18.3525 21.3627 21.0532 19.1596 16.7796 18.1764 18.2116 21.0134 16.5586 20.4092 19.7553 22.6491 24.1790 24.7879 26.7043 23.8152 24.5223 24.8425 25.7440 24.0033 26.3465 25.7156 24.9471 24.0929 25.3362 24.6435 24.4526 25.6666 25.5822 24.1426 25.1492 22.8565 24.4995 26.4478 25.5564 25.1627 24.1078 26.0264 24.9528 25.9683 24.5623 24.2436
5.4109 4.2977 7.4567 4.0138 6.7378 4.3294 6.7701 5.5852 5.2070 4.9163 5.0417 3.9626 4.2715 5.2773 6.4564 3.8107 9.0808 4.2434 5.0417 3.2828 8.1881 3.9473 5.2440 0.0000 3.9641 8.3081 5.1416 4.1864 4.0371 5.2110 27.6624 28.0087 28.7596 28.8411 28.6796 29.6730 28.1467 26.7345 27.3418 27.2469 28.2859 26.9564 29.2289 28.8273 28.5092 28.4381 28.6930 27.5170 28.0120 29.6651 28.1194 28.2806 29.0301 28.6899 26.6530 26.8235 27.5631 28.0200 27.5032 27.2228 10.3403 9.8394 13.2642 14.9697 13.3252 13.3116 15.0187 12.7812 9.8856 12.7120 14.7325 12.5258 16.4094 13.4670 14.0810 11.2379 10.6952 12.2482 14.8617 9.8274 11.3630 13.2286 10.5129 10.9125 14.1518 11.5608 11.8546 15.0948 13.7016 10.5849 18.7359 17.4120 18.2043 17.5047 19.3120 19.1745 20.9788 20.3631 14.6255 14.4720 22.7510 14.5298 21.1234 15.3868 18.2307 16.1169 15.1253 16.1387 16.2619 19.7482 18.7610 16.7909 14.8462 16.2169 16.1794 19.2451 13.6197 18.5898 17.5163 21.2649 22.7790 23.4453 25.5486 22.4189 23.4062 23.5083 24.5719 22.6481 25.2124 24.5018 23.7730 22.7074 24.2803 23.2356 23.2338 24.3105 24.3740 22.8508 23.9625 21.6113 23.1666 25.2439 24.4222 23.9350 22.7536 24.7672 23.4020 24.7963 23.3577 23.1190
4.5173 4.8974 7.0387 4.3103 6.2345 5.4195 6.3892 6.6969 3.8192 5.7397 4.4030 4.1019 4.2654 5.3340 6.1018 3.2183 7.6205 5.0880 5.9757 3.4290 8.4424 4.0338 3.9273 3.9641 0.0000 7.7503 5.4148 4.5855 3.3945 5.9644 27.6871 28.0314 28.8072 28.9394 28.7151 29.7596 28.2036 26.8465 27.3811 27.3534 28.3567 26.9865 29.2910 28.9102 28.5658 28.4640 28.7891 27.5813 28.1007 29.7390 28.1838 28.3655 29.0695 28.7414 26.7429 26.9585 27.6196 28.0912 27.5331 27.3037 10.0015 9.8021 13.4476 15.5278 13.7105 13.5805 15.5379 13.2043 9.7589 13.3295 15.3606 12.9612 17.1443 13.9950 14.5786 11.3773 10.5800 12.5382 15.4232 9.8977 11.2789 13.7493 10.3326 10.9899 14.7082 12.0868 11.9954 15.6338 14.2009 10.2139 19.4518 18.1111 18.9320 18.2582 20.0323 19.9182 21.5713 21.0041 15.1941 15.1446 23.2273 15.4328 21.7444 16.2065 18.9471 16.8775 15.8065 16.8875 17.0301 20.4223 19.5591 17.5108 15.7597 16.9869 16.9674 19.9256 14.5594 19.3156 18.2787 21.8388 23.2417 23.8416 25.9344 22.8622 23.7957 23.9385 24.9692 23.0663 25.6097 24.9461 24.1826 23.1216 24.6428 23.6908 23.6672 24.7312 24.7410 23.2816 24.3368 22.0602 23.5423 25.6379 24.8360 24.3352 23.1697 25.1363 23.8739 25.1906 23.7685 23.5274
6.3555 9.6124 4.7249 8.0053 5.8767 10.2777 9.8550 11.9564 7.7042 10.6605 5.6482 6.7479 7.7974 11.0813 6.7192 7.0149 8.1209 9.5657 10.3869 8.2638 13.2401 6.8344 6.5406 8.3081 7.7503 0.0000 11.1157 7.6090 7.0114 7.2134 31.4387 31.7578 32.3252 32.4973 32.2728 33.1542 31.6663 30.4567 31.0886 31.0988 32.0444 30.8029 32.7509 32.3340 32.0943 32.0627 32.2294 31.3772 31.6156 33.0519 31.8278 31.9064 32.6161 32.1978 30.5096 30.5402 31.3039 31.6895 31.2051 31.0726 15.2065 14.6259 18.2733 20.1727 18.6916 18.6354 20.2816 18.1111 14.7291 18.1068 20.1934 18.1242 21.7493 18.7869 19.4448 16.6041 16.0998 17.6228 20.3113 15.0393 15.6737 18.8683 14.8701 16.3327 19.4652 16.8971 16.7350 20.5191 19.1168 15.2590 23.8129 22.6150 23.2541 22.8993 24.3423 24.3565 25.1293 25.3453 20.2263 20.4391 27.0620 20.5386 25.8745 21.1287 23.3545 21.2765 20.6188 21.6391 21.6694 24.4808 24.0311 22.5310 20.0527 21.5066 21.6502 24.1646 19.8759 23.4794 22.8002 25.6985 27.2803 28.0384 29.6931 27.1130 27.6227 27.8557 28.7483 27.2385 29.2642 28.7230 27.9551 27.3252 28.4856 27.7687 27.5270 28.6095 28.6777 27.3134 28.2719 26.2009 27.7377 29.3622 28.5650 28.3306 27.3531 29.0904 28.0012 29.0350 27.7495 27.4030
7.8774 3.8511 10.2880 4.7587 9.0256 3.6295 6.6800 3.8331 6.1431 3.5801 7.6381 6.7176 6.3694 3.6642 8.2863 5.5509 10.2671 3.7345 4.2643 4.1812 6.4235 5.5463 7.3500 5.1416 5.4148 11.1157 0.0000 5.9159 6.4152 7.8059 27.5054 27.8881 28.6963 28.6795 28.6079 29.4734 28.1555 26.6710 27.2210 27.0652 28.2311 26.8030 29.0684 28.6837 28.3592 28.3535 28.5041 27.4415 27.8537 29.5338 27.9186 28.0290 28.9379 28.6033 26.4192 26.6249 27.4130 27.9065 27.4075 27.0075 9.3507 8.4267 10.9042 12.4074 10.9557 10.9356 12.2867 10.3193 8.3625 10.3716 12.1363 10.1530 13.8008 10.8369 11.5300 9.6243 9.0372 10.1672 12.3364 7.9611 10.4373 10.8228 9.1948 8.8765 11.7911 9.1626 9.6924 12.8561 11.2957 9.2460 17.1291 16.1285 16.8274 16.2194 18.1754 17.4080 20.6110 19.4133 12.8304 12.6211 22.2639 12.6497 19.8603 13.8377 16.8523 14.1179 12.9596 14.7591 15.0050 18.9508 17.0764 15.0963 13.9188 15.2388 14.6680 18.0709 11.0792 17.4216 15.9848 20.4770 21.6237 22.3209 24.5640 21.2211 22.5025 22.4328 23.5590 21.4331 24.2264 23.4887 22.7721 21.6611 23.4248 22.0179 22.2132 23.1247 23.4156 21.7933 23.0267 20.5098 22.1232 24.2644 23.4905 22.9711 21.6639 23.7183 22.0367 23.8250 22.4792 22.2350
4.0802 4.6713 7.3116 4.5864 5.6854 4.9342 6.5033 6.6847 4.7870 5.5179 4.9592 4.3226 4.3371 6.7154 6.3353 3.9969 8.6945 5.0551 5.0704 3.9661 8.5267 3.2456 4.5868 4.1864 4.5855 7.6090 5.9159 0.0000 4.1710 6.3138 28.0738 28.4698 29.1794 29.2486 29.1304 30.0700 28.5680 27.1993 27.8070 27.7179 28.7646 27.4207 29.6204 29.1720 28.9253 28.8702 29.1096 28.0271 28.4199 30.0370 28.5241 28.6903 29.4791 29.0904 27.1026 27.2693 28.0375 28.4549 27.9523 27.6640 11.2163 10.5961 14.0583 15.8035 14.2887 14.0356 15.8878 13.5403 10.4787 13.5364 15.7627 13.4542 17.2793 14.2944 14.9309 12.1292 11.6929 13.2145 15.7370 10.8851 11.7943 14.0772 11.1974 11.6852 14.7641 12.3939 12.5515 16.0403 14.6640 11.3018 19.4824 18.1351 18.9433 18.2733 19.9585 19.9714 21.3396 20.9779 15.3119 15.2979 23.2100 15.4142 21.8536 16.1363 18.9314 16.9317 15.9460 16.9542 17.0414 20.3741 19.5376 17.6179 15.5175 17.0943 16.9635 19.8824 14.5720 19.3576 18.3985 21.7932 23.5541 24.1363 26.1575 23.1258 24.1031 24.2475 25.2129 23.3607 25.8395 25.1547 24.4585 23.5274 24.9437 23.9527 23.9517 25.0102 25.0327 23.6053 24.6199 22.3412 23.8845 25.9006 25.0716 24.6167 23.4826 25.4426 24.1285 25.4577 24.1138 23.8644
4.4082 5.2895 6.7623 4.7908 6.4687 5.7197 6.7576 7.1623 4.5961 6.0845 3.5350 4.0725 4.0535 6.1854 6.0759 3.7015 8.8339 5.4604 6.0272 4.4080 9.0752 3.6746 3.9188 4.0371 3.3945 7.0114 6.4152 4.1710 0.0000 5.2432 27.8549 28.2068 28.9255 29.0494 28.8652 29.8806 28.2867 26.9394 27.5362 27.4892 28.5134 27.1701 29.4157 28.9982 28.6767 28.6103 28.9034 27.7455 28.2099 29.8382 28.3299 28.4920 29.2109 28.8525 26.8810 27.0660 27.7609 28.2140 27.6920 27.4452 10.9072 10.6544 14.1743 16.1856 14.4730 14.2646 16.1853 13.8758 10.6823 13.9065 16.0216 13.6292 17.7064 14.6168 15.2152 12.1427 11.5255 13.2814 15.9697 10.9189 11.9494 14.3613 11.2108 11.9142 15.1961 12.8227 12.8295 16.2306 14.9243 11.1315 19.7651 18.3554 19.1878 18.5402 20.1507 20.2999 21.5195 21.1694 15.5743 15.5053 23.2514 15.7306 22.0207 16.4193 19.2073 17.3051 16.2756 17.1607 17.3656 20.5673 19.9047 17.9055 15.8816 17.1601 17.1976 20.1518 15.0740 19.5534 18.6251 21.9768 23.5528 24.1608 26.1866 23.1706 24.0566 24.2315 25.2202 23.3927 25.8380 25.1767 24.4299 23.4740 24.8841 23.9928 23.9214 25.0373 25.0358 23.5605 24.6161 22.3149 23.8731 25.9038 25.0671 24.6026 23.4831 25.4484 24.2115 25.4505 24.0473 23.7681
6.3987 6.0704 6.3702 5.2028 7.0617 6.5806 8.0464 7.2922 7.1726 6.8414 4.3522 5.6116 4.5507 7.2568 6.2837 5.4609 10.1014 5.6969 7.0273 6.1628 9.8250 5.8215 6.6057 5.2110 5.9644 7.2134 7.8059 6.3138 5.2432 0.0000 28.6589 28.9871 29.5768 29.6340 29.5022 30.3375 29.0323 27.6774 28.2725 28.1911 29.2958 27.9928 29.9615 29.5578 29.2879 29.2780 29.4076 28.5801 28.8307 30.2907 28.9745 29.0111 29.8020 29.4829 27.7082 27.7023 28.5045 28.9774 28.4627 28.2306 12.6155 12.0895 15.0028 16.3701 14.8768 15.0743 16.4489 14.5683 12.2675 14.1167 16.1093 14.4070 17.6427 15.0960 15.7062 13.3794 13.0716 14.1815 16.2002 11.9957 13.4384 14.9193 12.6495 12.9739 15.8028 13.2337 13.8688 16.2874 15.2071 12.6509 19.4191 18.2470 18.8293 18.4173 20.0872 19.6932 21.6662 21.0931 15.5529 15.6229 23.4036 15.6634 21.6364 16.6832 18.9645 16.7494 16.0932 16.9511 17.2782 20.3682 19.4415 17.7767 15.8216 17.1375 17.1153 19.8612 14.8989 19.3323 18.2211 21.8270 23.3511 24.0962 25.9574 23.1389 23.9491 23.9775 25.0131 23.2787 25.6237 24.9956 24.2687 23.3587 24.8102 23.8317 23.7751 24.7174 24.8901 23.4628 24.4962 22.3587 23.7571 25.6717 24.8980 24.5389 23.3876 25.2373 23.9321 25.2845 23.9765 23.7316
28.4380 28.0550 29.8517 29.0814 29.7052 26.8107 26.4752 27.2339 28.3182 27.6790 29.4120 27.9685 27.2363 27.2918 29.0918 28.9042 30.0863 27.6514 27.0861 28.1553 26.7940 28.7793 27.9927 27.6624 27.6871 31.4387 27.5054 28.0738 27.8549 28.6589 0.0000 3.4271 5.4448 6.9731 4.5534 8.7112 6.1199 5.7118 2.6123 3.6911 3.7105 4.0982 7.4063 7.2111 6.4475 3.9618 8.0978 4.8769 6.3395 10.2066 3.6290 7.8489 6.7902 6.8598 4.4127 5.8210 3.1345 4.0852 3.2338 3.1457 25.2486 26.2453 27.5576 28.0677 26.1509 26.3466 27.5527 27.1940 27.6870 24.6486 26.4243 26.7412 27.3976 26.7710 27.4600 25.0464 25.9630 26.2004 25.7818 27.0763 27.2342 25.1152 27.8999 25.9688 26.2583 27.1960 28.1690 23.6323 26.6725 25.2643 19.3924 17.3144 18.6109 17.3465 18.6177 20.8898 14.7201 16.6799 20.2377 20.8215 14.8238 21.1012 18.3618 18.4658 18.3129 22.9630 23.1637 20.1233 18.3434 16.1760 20.6105 19.1817 18.6822 17.5980 20.0831 17.6174 24.0844 17.8212 19.9704 16.3756 16.0849 14.1029 16.4341 14.2677 15.3201 16.3119 16.3213 15.5699 16.9198 16.0919 16.5028 14.9807 14.7148 15.7963 16.3441 17.8321 15.1816 14.9115 15.1725 14.1340 14.6338 16.8484 15.5453 14.0590 14.7787 16.0683 17.1175 15.5609 13.9919 14.7866
28.8221 28.4298 30.1865 29.4078 30.0648 27.2251 26.8422 27.6292 28.6585 28.0697 29.7259 28.3546 27.5956 27.6234 29.4341 29.2526 30.4132 28.0196 27.4621 28.5041 27.1262 29.1572 28.3791 28.0087 28.0314 31.7578 27.8881 28.4698 28.2068 28.9871 3.4271 0.0000 6.7006 8.5299 4.7050 9.9592 7.3152 7.3228 3.0502 3.5890 3.6640 2.7135 8.9550 8.8600 8.2221 4.9945 9.4919 3.8758 7.6121 11.7088 3.9965 9.4986 7.7475 8.3894 5.3167 7.0548 4.0189 5.1318 2.3933 4.3050 25.6142 26.6320 27.8763 28.3977 26.4850 26.7367 27.8956 27.5243 28.0672 25.0407 26.7374 27.0815 27.7144 27.1700 27.8018 25.4006 26.3273 26.5363 26.2052 27.4116 27.5498 25.5344 28.2260 26.3488 26.6687 27.5549 28.5068 24.1029 27.0146 25.6818 20.0938 17.9327 19.3234 17.9375 19.2204 21.3367 15.6846 17.2180 20.7143 21.2137 15.5927 21.6417 18.9715 18.9913 18.9115 23.4037 23.5461 20.5969 18.6648 16.7087 21.0806 19.5671 19.0494 18.1260 20.4590 18.3295 24.4260 18.4844 20.4726 17.2390 16.7363 14.7305 17.2185 15.1422 16.1116 17.0166 17.2132 16.4039 17.9182 16.8044 17.4423 15.3533 15.6573 16.5365 17.2153 18.5539 15.6596 15.5233 16.0793 14.9815 15.2883 17.5357 16.3888 14.7577 15.4407 16.7973 17.8117 16.3901 14.6881 15.5827
29.3926 29.2350 30.7854 30.2378 30.5380 27.8504 27.5073 28.3081 29.3821 28.8684 30.4916 28.9304 28.3202 28.3668 30.1467 30.0379 30.9702 28.7804 28.1861 29.2877 28.1753 29.8498 29.0157 28.7596 28.8072 32.3252 28.6963 29.1794 28.9255 29.5768 5.4448 6.7006 0.0000 3.4158 3.9020 4.5754 3.4512 3.7617 4.9381 5.0022 5.8907 7.8801 3.8392 3.5296 2.8747 3.1748 4.3627 7.4387 3.6495 5.8176 4.4177 4.5697 2.8924 2.6650 6.2111 4.3071 4.3450 4.6014 5.8614 4.7344 26.5179 27.6349 29.1420 29.5393 27.5649 27.8253 28.9798 28.7762 29.1779 25.8094 27.7847 28.2077 28.8253 28.1893 28.9842 26.4937 27.4789 27.6191 26.9714 28.3935 28.6819 26.5706 29.3444 27.4132 27.7890 28.6330 29.7260 24.4480 27.9530 26.5209 19.7650 18.0714 18.9412 17.9944 18.6269 21.3855 14.3864 17.1509 21.5176 22.2407 14.1662 21.9539 18.1832 19.8309 19.0940 23.6622 24.6035 20.7173 19.6662 16.4759 21.3163 20.4086 20.1845 18.4002 20.7942 17.6987 25.4492 18.0435 20.5128 15.8991 15.3416 13.7896 14.9422 14.0593 14.0694 15.3710 14.8029 15.0687 15.2435 14.8728 14.9402 14.7866 13.0998 15.1185 15.0742 16.6413 14.4014 14.2197 13.8267 13.6885 14.0957 15.4464 14.1432 13.0862 14.3616 14.9570 16.5176 14.0453 13.0426 13.5230
29.5181 29.1924 30.9667 30.2595 30.6766 27.8557 27.4719 28.1808 29.5329 28.8029 30.5898 29.0933 28.3765 28.3559 30.1864 30.1340 31.2129 28.7840 28.1287 29.3513 28.0395 29.9078 29.1911 28.8411 28.9394 32.4973 28.6795 29.2486 29.0494 29.6340 6.9731 8.5299 3.4158 0.0000 5.9757 3.4229 4.7650 4.7165 6.8394 6.4297 7.3605 9.5497 2.9637 3.6709 2.7426 5.3323 3.6703 9.0842 4.0954 4.7477 6.0533 3.3287 3.4346 3.4623 7.3717 5.1104 5.9210 5.9501 7.9483 5.8411 26.4563 27.4889 28.8820 29.0830 27.2185 27.4635 28.5477 28.5020 29.0669 25.4297 27.3781 27.9231 28.3107 27.8084 28.5806 26.3087 27.3366 27.3647 26.4631 28.2278 28.6047 26.2041 29.1991 27.1609 27.4207 28.3396 29.4950 23.8961 27.5577 26.4113 19.0097 17.5332 18.2510 17.4449 18.2369 20.6585 14.1914 16.8003 21.1874 22.0803 14.0648 21.6457 17.3441 19.5766 18.4640 23.0354 24.1733 20.4798 19.4302 16.2229 20.6068 20.0326 20.1639 18.1418 20.6561 17.0714 25.1955 17.4742 19.9371 15.2679 14.5258 13.0116 13.8251 13.0380 13.3151 14.4331 13.6353 14.0899 14.0640 14.0418 13.8841 14.1233 12.0629 14.1319 14.1953 15.5225 13.6639 13.5200 12.7657 12.8980 13.2328 14.5996 13.2141 12.1488 13.5475 13.8792 15.5174 12.9347 12.2803 12.7769
