0.0000 5.9415 3.0846 3.9863 3.4055 4.6484 3.9771 6.9881 2.5212 9.0721 2.7711 1.3404 2.3328 6.0197 2.3700 1.9853 3.7065 3.2603 3.9771 3.9367 10.8860 1.7421 2.5996 3.2807 5.4647 3.0554 9.9940 2.4437 2.8410 2.7037 60.6097 60.4426 64.8536 63.8666 65.3381 67.1065 61.2448 60.7595 62.2205 62.6538 62.0979 60.3771 65.3742 63.4480 63.2548 64.6102 64.8615 60.8155 63.2330 66.6119 63.2767 65.0863 63.8970 65.3670 59.2730 64.2430 61.8676 60.7929 60.8044 62.5847 42.4120 41.6710 44.5282 43.2964 46.3019 45.8506 45.3971 38.8734 36.3076 49.7619 46.7097 43.0008 47.1861 42.9072 43.4741 44.5371 41.6202 42.1409 46.5948 44.9470 42.3370 41.8472 38.2439 40.7460 44.6918 40.2934 46.7206 49.9784 43.2490 44.5148 31.6678 32.0931 28.2012 30.8822 26.4224 31.1559 29.4944 26.1061 23.3922 25.6810 30.0377 23.5855 32.9910 27.0011 28.4295 25.7326 25.6514 24.8826 27.0452 27.5991 27.7419 27.0718 25.7352 24.0539 25.9630 28.8054 24.7742 30.0974 28.7176 33.4216 60.7947 59.9090 61.1147 57.8475 61.4893 59.7070 61.5599 62.6120 62.0973 64.4010 61.0765 59.8636 60.7703 60.7793 62.0265 64.4327 61.1459 60.2926 57.9977 59.8544 58.4075 63.6653 62.4130 58.8109 56.3436 62.3827 58.6153 62.6080 59.9537 63.3568
5.9415 0.0000 5.1477 4.2040 7.5869 2.2440 3.3961 1.2381 5.9817 3.1792 5.2178 5.9723 3.8159 3.4646 5.4128 4.2150 6.8778 3.7171 3.3223 3.1208 5.0118 6.0226 4.9956 2.9360 1.4303 8.2948 4.0892 3.8443 5.1531 5.4601 54.9876 54.8206 59.3015 58.3145 59.7860 61.5545 55.6227 55.1656 56.5985 57.0317 56.4758 54.7235 59.8221 57.8959 57.7028 59.0581 59.3094 55.1619 57.6809 61.0598 57.6884 59.5342 58.3449 59.8149 53.6509 58.6210 56.3155 55.2182 55.1823 57.0326 37.0601 36.3177 38.9274 37.6907 40.7011 40.4983 39.8352 33.2405 30.9294 44.3948 41.0933 37.4000 41.5083 37.3064 38.0979 39.1848 36.2729 36.7886 41.2425 39.3461 36.9847 36.2464 32.6431 35.2659 39.0933 34.6926 41.3682 44.4789 37.6482 39.1788 25.9322 26.3575 22.4694 25.1466 20.7657 25.4268 23.8859 20.4494 17.5572 19.8460 24.4319 17.7489 27.3480 21.1471 22.7379 20.0160 19.9033 19.0600 21.3421 21.9771 22.0751 21.2178 19.9996 18.3972 20.1205 23.1096 18.8967 24.4079 22.9820 27.7843 55.0790 54.2554 55.5626 52.1939 55.8501 54.0533 56.0078 56.8449 56.4638 58.7474 55.4229 54.1818 55.1946 55.1228 56.2593 58.6664 55.4923 54.6633 52.3476 54.2008 52.7539 58.0817 56.8609 53.1889 50.6900 56.7290 52.9319 57.0559 54.3001 57.7032
3.0846 5.1477 0.0000 2.4652 2.8576 3.9961 4.4339 6.2161 4.4405 8.1547 2.2119 2.6582 2.9513 6.3005 4.7790 1.7579 4.6241 2.2712 3.9251 4.1593 9.9654 4.4805 2.5935 2.4350 4.7945 3.5403 9.1292 2.4409 0.9196 1.7618 59.7400 59.5729 63.9897 63.0027 64.4742 66.2427 60.3751 59.8898 61.3508 61.7840 61.2281 59.5546 64.5104 62.5841 62.3910 63.7463 63.9976 59.9930 62.3691 65.7481 62.4070 64.2224 63.0332 64.5031 58.4032 63.3733 61.0037 59.9232 59.9346 61.7208 41.8186 41.0776 43.8909 42.6542 45.6646 45.2425 44.7157 38.2039 35.7142 49.1065 46.0532 42.3635 46.4934 42.2699 42.8807 43.9182 41.0306 41.5149 45.9542 44.3096 41.6963 41.2099 37.6066 40.1087 44.0508 39.6561 46.1164 49.3348 42.6117 43.8784 30.7855 31.1803 27.2884 29.9694 25.4834 30.2523 28.6247 25.1626 22.3957 24.6972 29.1111 22.6114 32.1193 26.0141 27.5159 24.8178 24.7736 23.8956 26.1702 26.7294 26.8648 26.1004 24.8477 23.1092 24.9846 27.8926 23.8344 29.2390 27.8048 32.5088 59.9292 59.0865 60.2858 57.0250 60.6581 58.8845 60.7050 61.7465 61.2748 63.5785 60.2540 59.0129 59.9220 59.9539 61.1609 63.5671 60.3234 59.4270 57.1752 59.0319 57.5850 62.8487 61.5491 57.9500 55.5211 61.5602 57.7630 61.7481 59.1312 62.5343
3.9863 4.2040 2.4652 0.0000 4.3494 3.5162 5.0454 4.6812 5.3890 6.6619 4.2868 3.5814 3.7886 6.6445 5.6339 2.3812 4.2759 2.0589 4.1168 4.8849 8.5059 5.3779 3.3067 2.5431 3.4550 5.2424 7.5956 3.4050 2.8843 3.8591 58.3702 58.2032 62.6146 61.6276 63.0991 64.8676 59.0053 58.5201 59.9811 60.4143 59.8584 58.1718 63.1352 61.2090 61.0159 62.3712 62.6225 58.6103 60.9940 64.3729 61.0372 62.8473 61.6580 63.1280 57.0335 62.0036 59.6286 58.5535 58.5649 60.3457 40.2742 39.5332 42.3531 41.1164 44.1268 43.6981 43.1779 36.6661 34.1699 47.5752 44.5154 40.8257 44.9412 40.7321 41.3363 42.3738 39.4896 39.9706 44.4229 42.7718 40.1650 39.6721 36.0688 38.5709 42.5130 38.1183 44.5720 47.7970 41.0739 42.3505 29.3824 29.7902 25.8983 28.5793 24.0802 28.8531 27.2550 23.7639 20.9801 23.2689 27.6947 21.1721 30.7365 24.5877 26.1280 23.4311 23.3841 22.4693 24.7779 25.3597 25.4955 24.6610 23.4446 21.7117 23.5496 26.5026 22.3950 27.8563 26.4148 31.1188 58.5273 57.7038 58.8976 55.6422 59.2753 57.5017 59.3209 60.3434 59.8920 62.1957 58.8712 57.6301 58.5392 58.5711 59.7578 62.1640 58.9406 58.0397 55.7924 57.6491 56.2022 61.4605 60.1740 56.5715 54.1383 60.1774 56.3802 60.3690 57.7484 61.1515
3.4055 7.5869 2.8576 4.3494 0.0000 6.3554 4.7930 8.6885 3.6526 10.6866 2.7067 2.4946 3.9364 6.7725 4.4522 4.0058 2.6611 4.5499 4.8354 5.0436 12.5437 4.3829 3.4897 4.9788 7.2538 1.7893 11.6476 4.1044 2.5356 2.5483 62.1910 62.0239 66.4893 65.5023 66.9738 68.7423 62.8261 62.3534 63.8018 64.2350 63.6791 61.9522 67.0100 65.0837 64.8906 66.2459 66.4972 62.3906 64.8687 68.2477 64.8762 66.7220 65.5328 67.0028 60.8542 65.8243 63.5033 62.4060 62.3856 64.2204 44.4164 43.6789 46.3782 45.1415 48.1519 47.8596 47.2384 40.6960 38.3103 51.7561 48.5405 44.8508 49.0087 44.7572 45.4768 46.5461 43.6229 44.1498 48.6038 46.7970 44.3459 43.6972 40.0939 42.6524 46.5381 42.1434 48.7295 51.8655 45.0990 46.5238 33.3749 33.8001 29.9082 32.5892 27.9799 32.8630 31.1902 27.6789 25.0424 27.3349 31.5174 25.2451 34.6981 28.6607 30.1357 27.4214 27.3376 26.5422 28.7366 29.2776 29.4142 28.7314 27.4423 25.6108 27.6226 30.5125 26.4275 31.7982 30.4247 35.1719 62.4955 61.5144 62.7505 59.4612 63.1977 61.3765 63.1957 64.3128 63.6913 66.0627 62.7518 61.5644 62.3824 62.4801 63.7273 66.1335 62.8130 62.0252 59.6823 61.5462 60.0629 65.3636 64.0590 60.3922 58.0415 64.0186 60.3161 64.2437 61.5287 65.0314
4.6484 2.2440 3.9961 3.5162 6.3554 0.0000 2.4615 2.4046 4.9260 4.4592 4.0519 4.6937 2.6539 3.6227 5.4044 3.1680 5.5856 2.4363 2.1260 2.8545 6.2376 4.9028 4.0593 2.0423 1.5378 7.0985 5.3736 2.8672 3.9294 4.3286 56.0611 55.8940 60.3315 59.3446 60.8161 62.5845 56.6962 56.2109 57.6719 58.1051 57.5492 55.8221 60.8522 58.9260 58.7328 60.0882 60.3394 56.2605 58.7110 62.0899 58.7281 60.5643 59.3750 60.8450 54.7243 59.6944 57.3456 56.2482 56.2557 58.0627 38.0763 37.3388 40.0593 38.8227 41.8331 41.5195 40.8925 34.3724 31.9701 45.4160 42.2217 38.5320 42.6815 38.4384 39.1366 40.2060 37.2827 37.8097 42.2637 40.4781 38.0058 37.3783 33.7751 36.3122 40.2193 35.8246 42.3894 45.5252 38.7802 40.1837 27.0815 27.5068 23.6149 26.2959 21.8522 26.5696 24.9458 21.5359 18.7577 21.0465 25.4884 18.9494 28.4214 22.3609 23.8489 21.1520 21.0645 20.2441 22.4583 23.0505 23.1550 22.4316 21.1489 19.4837 21.3228 24.2192 20.1276 25.5065 24.1313 28.8507 56.2021 55.3540 56.5927 53.2925 56.9256 55.1519 57.0379 58.0193 57.5423 59.8460 56.5215 55.2804 56.2246 56.2214 57.4338 59.8400 56.5909 55.7038 53.4427 55.2994 53.8525 59.1369 57.8909 54.2623 51.7886 57.8276 54.0305 58.0859 55.3987 58.8018
3.9771 3.3961 4.4339 5.0454 4.7930 2.4615 0.0000 4.1529 3.2239 5.9621 2.9484 3.5621 1.9713 2.2498 3.5489 3.6315 4.1866 3.2111 1.3268 0.9743 7.8538 4.0188 3.1886 2.8266 3.1531 5.8066 6.9971 2.2270 3.8624 3.3994 57.5313 57.3642 61.8709 60.8840 62.3555 64.1239 58.1664 57.7350 59.1421 59.5753 59.0194 57.2630 62.3916 60.4654 60.2722 61.6276 61.8788 57.6986 60.2504 63.6293 60.2579 62.1037 60.9144 62.3844 56.1946 61.1646 58.8850 57.7876 57.7260 59.6021 40.0299 39.2924 41.9016 40.6649 43.6753 43.4730 42.8029 36.2146 33.8999 47.3695 44.0745 40.3742 44.4991 40.2806 41.0727 42.1595 39.2318 39.7633 44.2172 42.3203 39.9594 39.2206 35.6173 38.2336 42.0745 37.6668 44.3430 47.4466 40.6224 42.1372 28.7244 29.1496 25.2577 27.9387 23.2753 28.2125 26.5791 22.9742 20.3377 22.6303 26.8449 20.5404 30.0476 23.9561 25.4852 22.7709 22.6563 21.8376 24.0685 24.6271 24.7487 24.0268 22.7918 20.9062 22.9180 25.8620 21.6906 27.1164 25.7902 30.5628 57.8127 56.8316 58.1353 54.7783 58.5562 56.6937 58.5861 59.6300 59.0498 61.3799 58.0945 56.8816 57.7690 57.7973 59.0511 61.4774 58.1302 57.4153 55.0099 56.8633 55.3801 60.7221 59.4499 55.7470 53.3587 59.3357 55.6333 59.6253 56.8367 60.3486
6.9881 1.2381 6.2161 4.6812 8.6885 2.4046 4.1529 0.0000 7.0914 2.3664 6.2828 7.0551 4.8870 3.9116 6.5354 5.2843 7.8147 4.2693 4.2495 4.1649 4.0053 7.0840 6.1587 3.8784 1.5874 9.3759 3.0530 4.9146 6.2225 6.4846 53.8846 53.7175 58.1995 57.2126 58.6841 60.4525 54.5197 54.0636 55.4954 55.9286 55.3727 53.6163 58.7202 56.7940 56.6008 57.9562 58.2074 54.0503 56.5790 59.9579 56.5865 58.4323 57.2430 58.7130 52.5478 57.5179 55.2136 54.1162 54.0792 55.9307 35.9135 35.1760 37.7486 36.5120 39.5224 39.3566 38.6629 32.0617 29.7835 43.2531 39.9451 36.2213 40.3582 36.1277 36.9562 38.0431 35.1163 35.6469 40.1008 38.1674 35.8430 35.0677 31.4644 34.0936 37.9451 33.5139 40.2265 43.3271 36.4881 38.0223 24.8334 25.2586 21.3763 24.0477 19.7625 24.3338 22.8033 19.4463 16.5137 18.8025 23.4241 16.7055 26.2471 20.0984 21.6406 18.9230 18.8048 18.0123 20.2448 20.8989 20.9778 20.1721 18.9023 17.3940 19.0770 22.0097 17.8249 23.2988 21.8832 26.6824 53.9453 53.1218 54.4607 51.0602 54.7224 52.9197 54.9059 55.7155 55.3434 57.6138 54.2901 53.0481 54.0926 53.9892 55.1300 57.5382 54.3587 53.5614 51.2445 53.0672 51.6202 56.9492 55.7589 52.0858 49.5563 55.5954 51.7983 55.9539 53.1664 56.5695
2.5212 5.9817 4.4405 5.3890 3.6526 4.9260 3.2239 7.0914 0.0000 8.7906 4.6848 2.1469 3.4521 5.0588 2.7925 4.0005 2.9988 3.8257 3.2144 3.1581 10.6644 1.9760 2.4886 5.2839 5.8221 2.9210 9.8397 3.2470 4.1830 3.8569 60.4328 60.2658 64.7995 63.8125 65.2840 67.0524 61.0679 60.6636 62.0437 62.4769 61.9210 60.1646 65.3201 63.3939 63.2008 64.5561 64.8074 60.5986 63.1789 66.5578 63.1864 65.0322 63.8429 65.3129 59.0961 64.0662 61.8135 60.7162 60.6275 62.5306 42.9959 42.2584 44.7456 43.5435 46.5932 46.4391 45.7543 39.0753 36.8660 50.3356 46.9902 43.2182 47.3397 43.1246 44.0387 45.1256 42.1978 42.7293 47.1833 45.1643 42.9254 42.0646 38.5137 41.1850 45.0190 40.5108 47.3090 50.4095 43.5200 45.1033 31.5820 32.0073 28.1154 30.7964 26.1300 31.0701 29.4637 25.8289 23.1924 25.4850 29.7704 23.3951 32.9053 26.8108 28.3429 25.6286 25.5140 24.6923 26.9261 27.4848 27.6063 26.8815 25.6494 23.7609 25.7727 28.7196 24.5307 29.9740 28.6748 33.4474 60.6558 59.6790 61.0606 57.6214 61.4263 59.5368 61.5058 62.4731 61.9433 64.2469 60.9646 59.7247 60.6926 60.6404 61.9212 64.3475 60.9732 60.3000 57.8758 59.7064 58.2231 63.5921 62.3589 58.6755 56.2018 62.1794 58.4763 62.5539 59.7237 63.1917
9.0721 3.1792 8.1547 6.6619 10.6866 4.4592 5.9621 2.3664 8.7906 0.0000 8.3384 9.0014 6.8700 4.3938 8.3122 7.3765 9.6934 6.1784 5.9275 5.7464 3.3698 8.9413 7.5241 5.9090 3.7510 11.4067 1.7970 6.7137 8.2135 8.2498 52.0304 51.8435 56.4274 55.4404 56.9119 58.6803 52.6848 52.2914 53.6333 54.0546 53.4987 51.7423 56.9480 55.0218 54.8286 56.1840 56.4352 52.1762 54.8068 58.1857 54.8143 56.6601 55.4708 56.9408 50.6738 55.6723 53.4414 52.3441 52.2052 54.1585 34.8174 34.0216 36.3525 35.2693 38.3447 38.2027 37.4801 30.8119 28.6867 42.0850 38.7397 34.8421 38.8950 34.7698 35.7882 36.9150 34.0302 34.5203 38.9328 36.9206 34.7283 33.6715 30.2805 32.9266 36.7684 32.1178 39.0937 42.1590 35.3105 36.9361 22.9498 23.3751 19.4832 22.1642 17.6463 22.4379 21.0118 17.3730 14.4854 16.7304 21.4381 14.6333 24.3709 18.0881 19.7409 17.0110 16.8929 15.9521 18.3423 19.0028 19.0754 18.1196 17.0172 15.2778 17.0114 20.1325 15.7621 21.4248 20.0928 24.9102 52.0566 51.2330 52.6885 49.1715 52.9502 51.0309 53.1337 53.8172 53.5712 55.7992 52.5032 51.1594 52.3204 52.1471 53.3155 55.7418 52.5169 51.7892 49.4289 51.1784 49.7315 55.1623 53.9867 50.3034 47.6676 53.7575 49.9125 54.1818 51.3055 54.6982
2.7711 5.2178 2.2119 4.2868 2.7067 4.0519 2.9484 6.2828 4.6848 8.3384 0.0000 2.7703 1.8518 4.7955 3.4426 2.4852 4.6720 3.6478 3.0139 3.0658 10.1708 4.0831 3.5143 2.4828 4.7708 3.7046 9.2747 2.4719 1.8729 1.5879 59.8308 59.6638 64.0755 63.0885 64.5600 66.3285 60.4659 59.9807 61.4417 61.8749 61.3190 59.6142 64.5962 62.6699 62.4768 63.8322 64.0834 60.0526 62.4549 65.8339 62.4978 64.3082 63.1190 64.5890 58.4941 63.4642 61.0896 60.0141 60.0255 61.8066 41.7369 40.9959 43.8494 42.6128 45.6232 45.1608 44.7135 38.1898 35.6326 49.0660 46.0261 42.3221 46.5025 42.2285 42.7990 43.8461 40.9451 41.4499 45.9039 44.2682 41.6460 41.1685 37.5652 40.0673 44.0094 39.6147 46.0347 49.2948 42.5703 43.8239 30.9302 31.3554 27.4635 30.1445 25.6276 30.4183 28.7455 25.3086 22.6444 24.9370 29.2083 22.8471 32.2534 26.2628 27.6910 24.9806 24.9153 24.1443 26.3140 26.8329 27.0058 26.3334 24.9975 23.2519 25.2246 28.0678 24.0517 29.3757 27.9800 32.6840 60.0730 59.1461 60.3403 57.0845 60.7675 58.9540 60.7819 61.8903 61.3343 63.6401 60.3292 59.1419 59.9915 60.0576 61.3048 63.7109 60.3904 59.5708 57.2597 59.1236 57.6445 62.9032 61.6349 58.0321 55.6190 61.6197 57.8935 61.8299 59.1907 62.6089
1.3404 5.9723 2.6582 3.5814 2.4946 4.6937 3.5621 7.0551 2.1469 9.0014 2.7703 0.0000 2.2125 5.5898 2.4641 2.0024 2.8607 3.0307 3.5486 3.5166 10.8368 2.4924 1.9728 3.3119 5.5829 2.5343 9.9612 2.4107 2.5044 2.2120 60.5442 60.3772 64.8289 63.8419 65.3134 67.0819 61.1793 60.6941 62.1551 62.5883 62.0324 60.2981 65.3496 63.4233 63.2302 64.5855 64.8368 60.7366 63.2083 66.5872 63.2158 65.0616 63.8723 65.3423 59.2075 64.1776 61.8429 60.7456 60.7389 62.5600 42.7425 42.0050 44.7281 43.4915 46.5019 46.1856 45.5697 39.0461 36.6291 50.0821 46.8905 43.2008 47.3588 43.1072 43.7956 44.8721 41.9444 42.4759 46.9299 45.1469 42.6720 42.0472 38.4439 40.9713 44.8881 40.4934 47.0556 50.1843 43.4490 44.8499 31.6579 32.0831 28.1912 30.8722 26.2971 31.1460 29.4732 25.9781 23.3282 25.6208 29.8795 23.5309 32.9811 26.9466 28.4187 25.7044 25.6133 24.8281 27.0123 27.5606 27.6982 27.0173 25.7252 23.9156 25.9084 28.7955 24.7061 30.0740 28.7077 33.4413 60.7713 59.8301 61.0901 57.7685 61.4658 59.6523 61.5352 62.5886 62.0183 64.3384 61.0275 59.8401 60.7220 60.7558 62.0030 64.4092 61.0887 60.2938 57.9580 59.8219 58.3386 63.6271 62.3883 58.7455 56.3172 62.3037 58.5918 62.5833 59.8747 63.3072
2.3328 3.8159 2.9513 3.7886 3.9364 2.6539 1.9713 4.8870 3.4521 6.8700 1.8518 2.2125 0.0000 3.8557 2.9986 2.0048 3.5450 2.1103 1.8905 1.8967 8.6937 2.5864 1.9750 1.9279 3.4088 4.6961 7.8019 0.9960 2.5463 2.2007 58.4319 58.2649 62.7126 61.7256 63.1971 64.9656 59.0670 58.5818 60.0428 60.4760 59.9201 58.1915 63.2333 61.3070 61.1139 62.4692 62.7205 58.6299 61.0920 64.4710 61.0995 62.9453 61.7560 63.2260 57.0952 62.0653 59.7266 58.6293 58.6266 60.4437 40.5412 39.8037 42.5540 41.3174 44.3278 43.9843 43.3938 36.8701 34.4335 47.8808 44.7164 41.0266 45.1828 40.9331 41.6000 42.6708 39.7461 40.2746 44.7285 42.9728 40.4707 39.8730 36.2698 38.7756 42.7140 38.3193 44.8542 47.9979 41.2749 42.6485 29.5104 29.9356 26.0437 28.7247 24.1887 28.9985 27.3257 23.8708 21.1846 23.4772 27.7988 21.3873 30.8336 24.8029 26.2712 23.5651 23.4761 22.6845 24.8705 25.4214 25.5666 24.8736 23.5778 21.8174 23.7648 26.6480 22.5682 27.9322 26.5602 31.2898 58.6295 57.7234 58.9738 55.6619 59.3240 57.5213 59.4190 60.4468 59.9117 62.2154 58.8909 57.6983 58.6057 58.6140 59.8612 62.2674 58.9603 58.1424 55.8162 57.6801 56.2219 61.5165 60.2720 56.6331 54.1754 60.1970 56.4500 60.4670 57.7681 61.1712
6.0197 3.4646 6.3005 6.6445 6.7725 3.6227 2.2498 3.9116 5.0588 4.3938 4.7955 5.5898 3.8557 0.0000 4.8631 5.4628 5.9221 4.7745 2.9932 2.4026 5.8612 5.8527 4.7037 4.3816 4.2928 7.7633 5.1604 4.0619 5.6427 5.0442 55.6023 55.4353 59.9983 59.0114 60.4829 62.2513 56.2557 55.8624 57.2132 57.6464 57.0905 55.3341 60.5190 58.5928 58.3996 59.7550 60.0062 55.7681 58.3778 61.7567 58.3853 60.2311 59.0418 60.5118 54.2656 59.2433 57.0124 55.9150 55.7970 57.7295 38.3456 37.6081 39.9473 38.8547 41.9044 41.7888 41.0656 34.4121 32.2157 45.6853 42.3399 38.4199 42.5385 38.3553 39.3884 40.4753 37.5475 38.0790 42.5330 40.4709 38.2751 37.2663 33.8249 36.4963 40.3686 35.7125 42.6587 45.7592 38.8697 40.4530 26.7935 27.2187 23.3268 26.0078 21.3295 26.2816 24.7045 21.0507 18.4200 20.6845 24.9574 18.5946 28.1167 22.0286 23.5543 20.8400 20.7254 19.8918 22.1375 22.6962 22.8177 22.0810 20.8608 18.9604 20.9722 23.9311 19.7235 25.1855 23.9156 28.6882 55.8288 54.8477 56.2607 52.7944 56.6628 54.7098 56.7115 57.6461 57.1637 59.4492 56.1773 54.8976 55.8944 55.8392 57.1235 59.5498 56.1871 55.5408 53.1166 54.8794 53.3961 58.7944 57.5753 53.8744 51.3747 57.3817 53.6493 57.7527 54.8618 58.3646
2.3700 5.4128 4.7790 5.6339 4.4522 5.4044 3.5489 6.5354 2.7925 8.3122 3.4426 2.4641 2.9986 4.8631 0.0000 3.5382 4.6082 4.6412 4.0241 3.1178 10.1818 2.0557 3.7615 3.5113 5.5186 3.5452 9.3410 3.2747 4.3810 3.3710 60.0047 59.8377 64.3781 63.3912 64.8627 66.6311 60.6399 60.2422 61.6156 62.0488 61.4929 59.7365 64.8988 62.9726 62.7794 64.1348 64.3860 60.1705 62.7576 66.1365 62.7651 64.6109 63.4216 64.8916 58.6680 63.6381 61.3922 60.2949 60.1994 62.1093 42.4488 41.7113 44.2087 42.9763 46.0260 45.8920 45.1871 38.5290 36.3189 49.7885 46.4431 42.6813 46.8010 42.5878 43.4916 44.5785 41.6507 42.1822 46.6362 44.6275 42.3783 41.5277 37.9464 40.6178 44.4719 39.9739 46.7619 49.8624 42.9729 44.5562 31.1351 31.5603 27.6684 30.3494 25.6914 30.6232 29.0235 25.3757 22.7447 25.0318 29.3429 22.9419 32.4583 26.3576 27.8959 25.1816 25.0670 24.2391 26.4792 27.0378 27.1683 26.4283 25.2025 23.3106 25.3195 28.2727 24.0708 29.5271 28.2346 33.0072 60.1887 59.2308 60.6393 57.1693 60.9819 59.0697 61.0845 62.0060 61.5220 63.7866 60.5043 59.2576 60.2712 60.1766 61.4609 63.8871 60.5076 59.8598 57.4356 59.2393 57.7561 63.1318 61.9375 58.2542 55.7347 61.7191 58.0092 62.1326 59.2755 62.7246
1.9853 4.2150 1.7579 2.3812 4.0058 3.1680 3.6315 5.2843 4.0005 7.3765 2.4852 2.0024 2.0048 5.4628 3.5382 0.0000 4.5047 2.0909 3.2366 3.4075 9.1980 3.4538 2.2225 1.7449 3.8187 4.3420 8.2921 1.9385 2.1065 2.3371 59.0379 58.8708 63.2829 62.2960 63.7675 65.5359 59.6730 59.1877 60.6487 61.0819 60.5260 58.8234 63.8036 61.8774 61.6842 63.0396 63.2908 59.2618 61.6624 65.0413 61.7049 63.5157 62.3264 63.7964 57.7011 62.6712 60.2970 59.2211 59.2325 61.0141 40.8174 40.0764 42.9278 41.6912 44.7016 44.2413 43.7568 37.2409 34.7131 48.1345 45.0902 41.4005 45.5458 41.3069 41.8796 42.9244 40.0257 40.5282 44.9822 43.3466 40.7243 40.2468 36.6436 39.1457 43.0878 38.6931 45.1152 48.3718 41.6487 42.9022 30.0283 30.4522 26.5603 29.2413 24.8367 29.5151 27.9226 24.5205 21.7012 23.9900 28.4434 21.8929 31.3982 25.3003 26.7985 24.1016 24.0386 23.1877 25.4324 26.0273 26.1556 25.3710 24.0943 22.4682 24.2645 27.1646 23.0915 28.5078 27.0768 31.7808 59.1789 58.3553 59.5499 56.2938 59.9269 58.1532 59.9893 60.9893 60.5435 62.8473 59.5227 58.2816 59.1985 59.2227 60.4038 62.8099 59.5922 58.6913 56.4440 58.3007 56.8537 62.1128 60.8423 57.2391 54.7899 60.8289 57.0318 61.0374 58.4000 61.8030
3.7065 6.8778 4.6241 4.2759 2.6611 5.5856 4.1866 7.8147 2.9988 9.6934 4.6720 2.8607 3.5450 5.9221 4.6082 4.5047 0.0000 3.5853 3.8313 4.5542 11.5568 3.7678 3.0265 5.0203 6.4824 3.0708 10.6780 3.6148 4.0571 3.9938 61.2602 61.0932 65.5802 64.5932 66.0647 67.8331 61.8953 61.4442 62.8711 63.3043 62.7484 61.0033 66.1008 64.1746 63.9814 65.3368 65.5880 61.4417 63.9596 67.3385 63.9671 65.8129 64.6236 66.0936 59.9235 64.8936 62.5942 61.4969 61.4549 63.3113 43.6620 42.9245 45.5634 44.3267 47.3371 47.1051 46.4491 39.8764 37.5377 51.0016 47.7257 44.0360 48.1636 43.9424 44.7047 45.7916 42.8638 43.3954 47.8493 45.9821 43.5914 42.8824 39.2791 41.8798 45.7233 41.3286 47.9750 51.0929 44.2842 45.7693 32.4506 32.8758 28.9839 31.6649 27.0057 31.9387 30.2855 26.7047 24.0682 26.3607 30.5583 24.2709 33.7738 27.6865 29.2114 26.4971 26.3951 25.5680 27.7947 28.3533 28.4748 27.7572 26.5179 24.6366 26.6484 29.5882 25.4352 30.8558 29.5004 34.2692 61.5531 60.5720 61.8418 58.5187 62.2768 60.4341 62.2926 63.3704 62.7704 65.1202 61.8151 60.6219 61.4754 61.5376 62.7848 65.1980 61.8705 61.1218 58.7398 60.6037 59.1204 64.4427 63.1563 59.4615 57.0990 63.0761 59.3736 63.3346 60.5798 64.0890
3.2603 3.7171 2.2712 2.0589 4.5499 2.4363 3.2111 4.2693 3.8257 6.1784 3.6478 3.0307 2.1103 4.7745 4.6412 2.0909 3.5853 0.0000 2.3352 2.9797 7.9982 3.5190 1.8918 2.1652 3.0674 5.2599 7.1403 1.5242 2.0834 2.7524 57.8475 57.6805 62.1912 61.2042 62.6757 64.4441 58.4826 58.0552 59.4584 59.8916 59.3357 57.5793 62.7118 60.7856 60.5924 61.9478 62.1990 58.0133 60.5706 63.9495 60.5781 62.4239 61.2346 62.7046 56.5108 61.4809 59.2052 58.1079 58.0422 59.9223 40.1771 39.4396 42.0018 40.7651 43.7755 43.6203 42.9289 36.3148 34.0472 47.5168 44.1959 40.4744 44.6042 40.3808 41.2199 42.3068 39.3825 39.9105 44.3645 42.4205 40.1066 39.3208 35.7175 38.3596 42.2001 37.7670 44.4902 47.5907 40.7389 42.2884 28.9143 29.3395 25.4476 28.1286 23.5633 28.4024 26.7756 23.2489 20.5504 22.8392 27.2415 20.7487 30.2375 24.1643 25.6751 22.9740 22.8559 22.0458 24.2628 24.8370 24.9620 24.2350 22.9816 21.1955 23.1262 26.0519 21.8777 27.3063 25.9841 30.7566 57.9814 57.0871 58.4523 55.0256 58.7313 56.8851 58.8975 59.7987 59.3350 61.5801 58.2841 57.0503 58.0842 57.9660 59.2238 61.6501 58.3240 57.6092 55.2075 57.0325 55.5856 60.9432 59.7505 56.0672 53.5274 59.5608 55.8020 59.9456 57.1318 60.5349
3.9771 3.3223 3.9251 4.1168 4.8354 2.1260 1.3268 4.2495 3.2144 5.9275 3.0139 3.5486 1.8905 2.9932 4.0241 3.2366 3.8313 2.3352 0.0000 1.5084 7.9103 3.9819 2.8895 2.6050 2.9724 5.7903 7.0098 2.0328 3.2252 3.1830 57.5509 57.3838 61.9004 60.9134 62.3849 64.1534 58.1860 57.7645 59.1618 59.5950 59.0391 57.3040 62.4211 60.4948 60.3017 61.6570 61.9083 57.7424 60.2798 63.6588 60.2873 62.1331 60.9439 62.4138 56.2142 61.1842 58.9144 57.8171 57.7456 59.6315 40.1052 39.3658 41.9847 40.7481 43.7584 43.5465 42.9005 36.2978 33.9903 47.4430 44.1471 40.4573 44.5528 40.3638 41.1556 42.2330 39.3181 39.8367 44.2907 42.4035 40.0328 39.3037 35.7004 38.3312 42.1447 37.7499 44.4164 47.5443 40.7055 42.2240 28.7162 29.1414 25.2495 27.9305 23.2261 28.2043 26.5808 22.9250 20.2885 22.5811 26.8333 20.4912 30.0394 23.9069 25.4771 22.7627 22.6708 21.7884 24.0697 24.6190 24.7474 23.9776 22.7836 20.8570 22.8688 25.8538 21.6656 27.1314 25.7919 30.5644 57.8287 56.8476 58.1616 54.7943 58.5821 56.7097 58.6068 59.6460 59.0799 61.4027 58.1204 56.8976 57.7935 57.8133 59.0770 61.5033 58.1462 57.4170 55.0155 56.8794 55.3961 60.7479 59.4598 55.7764 53.3747 59.3517 55.6493 59.6548 56.8805 60.3646
3.9367 3.1208 4.1593 4.8849 5.0436 2.8545 0.9743 4.1649 3.1581 5.7464 3.0658 3.5166 1.8967 2.4026 3.1178 3.4075 4.5542 2.9797 1.5084 0.0000 7.6330 3.7455 2.6128 2.8265 2.9294 5.7869 6.9310 1.8588 3.8029 3.1331 57.3502 57.1707 61.7472 60.7602 62.2317 64.0002 58.0046 57.6113 58.9532 59.3818 58.8259 57.0695 62.2679 60.3416 60.1485 61.5039 61.7551 57.5035 60.1266 63.5056 60.1342 61.9800 60.7907 62.2607 56.0010 60.9922 58.7613 57.6639 57.5324 59.4783 40.0767 39.3392 41.6898 40.5684 43.6181 43.5198 42.7793 36.1432 33.9467 47.4163 44.0710 40.1624 44.2878 40.0690 41.1195 42.2063 39.2812 39.8101 44.2640 42.1846 40.0062 39.0088 35.5386 38.2184 42.0997 37.4550 44.3898 47.4903 40.6007 42.1871 28.4882 28.9134 25.0215 27.7025 23.0437 27.9763 26.4127 22.7783 20.1476 22.3986 26.7257 20.3088 29.8114 23.7562 25.2491 22.5347 22.4202 21.6060 23.8323 24.3910 24.5155 23.7951 22.5556 20.6746 22.6863 25.6258 21.4376 26.8802 25.6238 30.3964 57.5061 56.5282 58.0084 54.4717 58.3710 56.3871 58.4536 59.3234 58.8911 61.1401 57.8855 56.5750 57.6403 57.5300 58.8143 61.2406 57.8953 57.2490 54.8248 56.5568 55.0735 60.4956 59.3066 55.6232 53.0521 59.0726 55.3267 59.5016 56.6022 60.0521
10.8860 5.0118 9.9654 8.5059 12.5437 6.2376 7.8538 4.0053 10.6644 3.3698 10.1708 10.8368 8.6937 5.8612 10.1818 9.1980 11.5568 7.9982 7.9103 7.6330 0.0000 10.7824 9.5404 7.6880 5.4268 13.2520 2.4726 8.5430 10.0343 10.0524 50.1058 49.9388 54.4728 53.4858 54.9573 56.7258 50.7409 50.3369 51.7167 52.1499 51.5940 49.8376 54.9935 53.0672 52.8741 54.2294 54.4807 50.2716 52.8522 56.2312 52.8597 54.7055 53.5162 54.9862 48.7691 53.7392 51.4868 50.3895 50.3005 52.2039 32.6009 31.8401 34.0919 33.0826 36.1323 36.0208 35.2934 28.6442 26.4702 39.9173 36.5719 32.6062 36.6772 32.5832 33.6204 34.7073 31.8137 32.3110 36.7650 34.6988 32.5118 31.4109 28.0528 30.7242 34.6007 29.8977 36.8907 39.9912 33.1017 34.7196 20.9890 21.4340 17.5905 20.2563 16.0152 20.4976 19.1418 15.6989 12.6775 14.9907 19.7253 12.8454 22.4718 16.2510 17.9010 15.0821 14.9639 14.2252 16.5136 17.1854 17.2445 16.3307 15.0704 13.6467 15.2795 18.2344 13.9466 19.5452 18.0822 22.9557 50.1330 49.3094 50.7340 47.2479 50.9956 49.1073 51.1791 51.8375 51.6166 53.8258 50.5443 49.2358 50.3659 50.1768 51.3145 53.7122 50.5672 49.8347 47.4743 49.2548 47.8079 53.1888 52.0322 48.3488 45.7440 51.7840 47.9859 52.2272 49.3541 52.7572
1.7421 6.0226 4.4805 5.3779 4.3829 4.9028 4.0188 7.0840 1.9760 8.9413 4.0831 2.4924 2.5864 5.8527 2.0557 3.4538 3.7678 3.5190 3.9819 3.7455 10.7824 0.0000 2.7154 4.3734 5.7633 3.1988 9.9401 2.4558 4.0341 3.5008 60.6145 60.4475 64.9607 63.9737 65.4452 67.2136 61.2497 60.8247 62.2254 62.6586 62.1027 60.3463 65.4813 63.5551 63.3619 64.7173 64.9686 60.7803 63.3401 66.7190 63.3476 65.1934 64.0041 65.4741 59.2778 64.2479 61.9747 60.8774 60.8092 62.6918 42.9453 42.2078 44.6460 43.4647 46.5144 46.3884 45.6945 39.0187 36.8153 50.2849 46.9396 43.1186 47.2787 43.0251 43.9880 45.0749 42.1471 42.6787 47.1326 45.0809 42.8747 41.9650 38.4349 41.1063 44.9683 40.4113 47.2583 50.3589 43.4693 45.0526 31.6855 32.1107 28.2188 30.8998 26.3732 31.1736 29.5467 26.0588 23.3645 25.6533 30.0321 23.5633 33.0087 26.9790 28.4463 25.7447 25.6265 24.8605 27.0335 27.6040 27.7327 27.0497 25.7529 24.0054 25.9409 28.8231 24.6922 30.0775 28.7578 33.5303 60.7311 59.8327 61.2218 57.7711 61.5050 59.6306 61.6670 62.5484 62.1045 64.3281 61.0322 59.8000 60.8538 60.7157 61.9760 64.4023 61.0759 60.3829 57.9745 59.7818 58.3311 63.6912 62.5201 58.8367 56.2771 62.3063 58.5517 62.7151 59.8773 63.2804
2.5996 4.9956 2.5935 3.3067 3.4897 4.0593 3.1886 6.1587 2.4886 7.5241 3.5143 1.9728 1.9750 4.7037 3.7615 2.2225 3.0265 1.8918 2.8895 2.6128 9.5404 2.7154 0.0000 3.4284 4.9210 3.9672 8.7976 1.4132 2.5609 2.3775 59.3147 59.1223 63.7116 62.7247 64.1962 65.9646 59.9690 59.5757 60.9176 61.3334 60.7775 59.0211 64.2323 62.3061 62.1129 63.4683 63.7195 59.4550 62.0911 65.4700 62.0986 63.9444 62.7551 64.2251 57.9526 62.9566 60.7257 59.6283 59.4840 61.4428 42.0531 41.3032 43.6262 42.5396 45.5893 45.4839 44.7504 38.1072 35.9225 49.3804 46.0350 42.0988 46.1922 42.0401 43.0835 44.1704 41.2659 41.7741 46.2281 44.1558 41.9702 40.9452 37.5097 40.1824 44.0638 39.3914 46.3538 49.4543 42.5648 44.1719 30.3704 30.7956 26.9037 29.5847 24.9374 29.8585 28.3077 24.6670 21.9904 24.2285 28.6511 22.1387 31.6936 25.5989 27.1312 24.4169 24.3023 23.4358 25.7145 26.2871 26.4039 25.6250 24.4377 22.5570 24.5162 27.5080 23.2675 28.7624 27.5189 32.2914 59.3954 58.4868 59.9728 56.4252 60.2661 58.2847 60.4180 61.2127 60.8555 63.0585 59.7832 58.4643 59.6047 59.4322 60.7165 63.1428 59.8011 59.1440 56.7198 58.4460 56.9852 62.4247 61.2710 57.5877 54.9414 61.0167 57.2244 61.4660 58.5666 61.9575
3.2807 2.9360 2.4350 2.5431 4.9788 2.0423 2.8266 3.8784 5.2839 5.9090 2.4828 3.3119 1.9279 4.3816 3.5113 1.7449 5.0203 2.1652 2.6050 2.8265 7.6880 4.3734 3.4284 0.0000 2.4513 5.6960 6.8266 2.1637 2.5021 2.8882 57.5319 57.3648 61.8131 60.8261 62.2976 64.0661 58.1670 57.6817 59.1428 59.5760 59.0201 57.3061 62.3338 60.4075 60.2144 61.5697 61.8210 57.7446 60.1925 63.5715 60.2000 62.0458 60.8566 62.3265 56.1952 61.1652 58.8271 57.7298 57.7266 59.5442 39.5273 38.7863 41.5838 40.3471 43.3575 42.9591 42.4086 35.8968 33.4230 46.8556 43.7461 40.0564 44.1917 39.9628 40.5894 41.6456 38.7355 39.2494 43.7034 42.0025 39.4455 38.9028 35.2995 37.8016 41.7437 37.3490 43.8291 47.0277 40.3046 41.6234 28.5428 28.9680 25.0761 27.7571 23.2844 28.0308 26.4166 22.9681 20.1918 22.4805 26.9365 20.3845 29.8922 23.8001 25.3050 22.6080 22.5337 21.6816 23.9275 24.5213 24.6290 23.8708 22.6101 20.9159 22.7620 25.6804 21.5800 26.9906 25.5925 30.3227 57.6765 56.8381 58.0743 54.7765 58.4096 56.6360 58.5195 59.4938 59.0263 61.3300 58.0055 56.7644 57.7062 57.7054 58.9082 61.3144 58.0749 57.1890 54.9267 56.7834 55.3365 60.6317 59.3725 55.7331 53.2726 59.3117 55.5145 59.5675 56.8827 60.2858
5.4647 1.4303 4.7945 3.4550 7.2538 1.5378 3.1531 1.5874 5.8221 3.7510 4.7708 5.5829 3.4088 4.2928 5.5186 3.8187 6.4824 3.0674 2.9724 2.9294 5.4268 5.7633 4.9210 2.4513 0.0000 7.9650 4.5751 3.6601 4.8331 5.2213 55.3261 55.1591 59.5883 58.6013 60.0728 61.8412 55.9612 55.4760 56.9370 57.3702 56.8143 55.0680 60.1089 58.1827 57.9895 59.3449 59.5961 55.5064 57.9677 61.3466 57.9931 59.8210 58.6317 60.1017 53.9894 58.9595 56.6023 55.5094 55.5208 57.3194 37.1820 36.4445 39.1452 37.9086 40.9190 40.6251 39.9927 33.4691 31.0566 44.5216 41.3076 37.6179 41.7817 37.5243 38.2248 39.3116 36.3839 36.9154 41.3694 39.5640 37.1115 36.4643 32.8610 35.3987 39.3052 34.9105 41.4951 44.6117 37.8661 39.2894 26.2705 26.6957 22.8159 25.4848 21.2626 25.7734 24.2506 20.9464 17.9889 20.2778 24.8689 18.1806 27.6912 21.5735 23.0847 20.3625 20.2558 19.4919 21.6888 22.3609 22.4219 21.6473 20.3419 18.8941 20.5522 23.4538 19.3343 24.7540 23.3203 28.0711 55.4234 54.5999 55.8494 52.5383 56.1715 54.3978 56.2946 57.1891 56.7881 59.0919 55.7673 54.5262 55.4868 55.4673 56.6036 59.0098 55.8368 54.9545 52.6886 54.5453 53.0983 58.3744 57.1477 53.5274 51.0344 57.0735 53.2764 57.3427 54.6445 58.0476
3.0554 8.2948 3.5403 5.2424 1.7893 7.0985 5.8066 9.3759 2.9210 11.4067 3.7046 2.5343 4.6961 7.7633 3.5452 4.3420 3.0708 5.2599 5.7903 5.7869 13.2520 3.1988 3.9672 5.6960 7.9650 0.0000 12.3559 4.7647 3.2777 3.2327 62.9819 62.8149 67.2979 66.3109 67.7825 69.5509 63.6170 63.1620 64.5928 65.0260 64.4701 62.7137 67.8186 65.8924 65.6992 67.0546 67.3058 63.1477 65.6773 69.0563 65.6849 67.5307 66.3414 67.8114 61.6452 66.6153 64.3120 63.2146 63.1766 65.0291 45.1234 44.3859 47.0939 45.8573 48.8677 48.5665 47.9332 41.4095 38.9934 52.4630 49.2702 45.5665 49.7222 45.4730 46.1661 47.2530 44.3252 44.8568 49.3107 47.5127 45.0529 44.4129 40.8096 43.3237 47.2702 42.8592 49.4364 52.5380 45.8148 47.2307 34.1300 34.5552 30.6633 33.3443 28.7256 33.6181 31.9610 28.4246 25.7880 28.0806 32.3165 25.9907 35.4532 29.4064 30.8909 28.1765 28.0620 27.2879 29.4741 30.0328 30.1641 29.4771 28.1974 26.3603 28.3683 31.2676 27.1375 32.5220 31.1798 35.9447 63.2150 62.2394 63.5591 60.1806 63.9348 62.0960 64.0043 65.0323 64.4498 66.7821 63.4731 62.2839 63.1910 63.1995 64.4468 66.8560 63.5324 62.7973 60.4156 62.2656 60.7823 66.1007 64.8573 61.1832 58.7610 64.7380 61.0355 65.0523 62.2840 65.7509
9.9940 4.0892 9.1292 7.5956 11.6476 5.3736 6.9971 3.0530 9.8397 1.7970 9.2747 9.9612 7.8019 5.1604 9.3410 8.2921 10.6780 7.1403 7.0098 6.9310 2.4726 9.9401 8.7976 6.8266 4.5751 12.3559 0.0000 7.7301 9.1454 9.2916 50.9964 50.8294 55.3286 54.3416 55.8131 57.5816 51.6316 51.1927 52.6073 53.0405 52.4846 50.7282 55.8493 53.9230 53.7299 55.0852 55.3365 51.1622 53.7080 57.0870 53.7155 55.5613 54.3720 55.8420 49.6597 54.6298 52.3426 51.2453 51.1911 53.0597 33.2891 32.5186 34.9967 33.8086 36.8583 36.6992 36.0195 29.3405 27.1585 40.5957 37.2504 33.4693 37.5521 33.3757 34.2989 35.3868 32.5020 32.9921 37.4435 35.4248 33.2001 32.3157 28.7810 31.4502 35.2791 30.7619 37.5692 40.6697 33.7823 35.4079 21.8929 22.3246 18.4732 21.1469 16.8163 21.3887 19.9616 16.5000 13.5146 15.8226 20.4996 13.6826 23.3568 17.0921 18.7480 15.9779 15.8598 15.0368 17.3603 18.0400 18.0911 17.1687 15.9602 14.4478 16.0926 19.1184 14.8087 20.4107 18.9512 23.8115 51.0712 50.2476 51.5898 48.1861 51.8606 50.0455 52.0350 52.7889 52.4743 54.7396 51.4331 50.1739 51.2217 51.1150 52.2187 54.6288 51.4845 50.6905 48.3564 50.1930 48.7461 54.0922 52.8880 49.2046 46.6822 52.7212 48.9241 53.0830 50.2923 53.6954
2.4437 3.8443 2.4409 3.4050 4.1044 2.8672 2.2270 4.9146 3.2470 6.7137 2.4719 2.4107 0.9960 4.0619 3.2747 1.9385 3.6148 1.5242 2.0328 1.8588 8.5430 2.4558 1.4132 2.1637 3.6601 4.7647 7.7301 0.0000 2.4099 2.1961 58.3720 58.2049 62.7153 61.7284 63.1999 64.9683 59.0071 58.5794 59.9828 60.4161 59.8602 58.1037 63.2360 61.3098 61.1166 62.4720 62.7232 58.5377 61.0948 64.4737 61.1023 62.9481 61.7588 63.2288 57.0353 62.0053 59.7294 58.6320 58.5667 60.4465 40.8007 40.0632 42.5895 41.3528 44.3969 44.2438 43.5580 36.9026 34.6708 48.1403 44.7950 41.0621 45.1876 40.9685 41.8435 42.9303 40.0114 40.5341 44.9881 43.0083 40.7302 39.9085 36.3173 38.9887 42.8237 38.3547 45.1138 48.2143 41.3247 42.9173 29.4179 29.8431 25.9512 28.6322 24.0723 28.9060 27.2998 23.7533 21.0357 23.3282 27.7751 21.2384 30.7411 24.6540 26.1788 23.4675 23.3499 22.5355 24.7620 25.3614 25.4555 24.7247 23.4853 21.6958 23.6159 26.5555 22.3729 27.8099 26.4874 31.2600 58.4906 57.6171 58.9765 55.5556 59.2413 57.4150 59.4217 60.3079 59.8592 62.1098 58.8138 57.5595 58.6084 58.4845 59.7327 62.1590 58.8540 58.1126 55.7319 57.5625 56.1155 61.4729 60.2747 56.5914 54.0517 60.0907 56.3111 60.4697 57.6617 61.0648
2.8410 5.1531 0.9196 2.8843 2.5356 3.9294 3.8624 6.2225 4.1830 8.2135 1.8729 2.5044 2.5463 5.6427 4.3810 2.1065 4.0571 2.0834 3.2252 3.8029 10.0343 4.0341 2.5609 2.5021 4.8331 3.2777 9.1454 2.4099 0.0000 1.1904 59.8338 59.6668 64.1322 63.1453 64.6168 66.3852 60.4689 59.9963 61.4447 61.8779 61.3220 59.5833 64.6529 62.7267 62.5335 63.8889 64.1401 60.0217 62.5117 65.8906 62.5192 64.3650 63.1757 64.6457 58.4971 63.4671 61.1463 60.0490 60.0285 61.8634 42.0047 41.2672 43.9488 42.7122 45.7225 45.4479 44.7999 38.2619 35.8869 49.3444 46.1112 42.4214 46.5642 42.3278 43.0534 44.1344 41.2066 41.7382 46.1921 44.3676 41.9342 41.2678 37.6645 40.2291 44.1088 39.7140 46.3178 49.4421 42.6696 44.1121 30.8962 31.3214 27.4295 30.1105 25.5612 30.3843 28.7185 25.2446 22.5417 24.8336 29.2143 22.7438 32.2194 26.1594 27.6570 24.9521 24.8530 24.0409 26.2468 26.8233 26.9435 26.2301 24.9635 23.1912 25.1213 28.0338 23.9145 29.3078 27.9460 32.6933 60.0051 59.1152 60.3934 57.0536 60.7074 58.9131 60.8386 61.8224 61.3081 63.6072 60.2826 59.0740 60.0253 59.9897 61.2369 63.6431 60.3520 59.5459 57.2039 59.0606 57.6136 62.9260 61.6916 58.0350 55.5511 61.5888 57.8256 61.8867 59.1598 62.5629
2.7037 5.4601 1.7618 3.8591 2.5483 4.3286 3.3994 6.4846 3.8569 8.2498 1.5879 2.2120 2.2007 5.0442 3.3710 2.3371 3.9938 2.7524 3.1830 3.1331 10.0524 3.5008 2.3775 2.8882 5.2213 3.2327 9.2916 2.1961 1.1904 0.0000 59.8647 59.6977 64.2257 63.2387 64.7102 66.4787 60.4998 60.0898 61.4756 61.9088 61.3529 59.5965 64.7464 62.8201 62.6270 63.9823 64.2336 60.0305 62.6051 65.9840 62.6126 64.4584 63.2691 64.7391 58.5280 63.4981 61.2397 60.1424 60.0594 61.9568 42.3974 41.6599 44.0870 42.9224 45.9721 45.8405 45.1332 38.4639 36.2675 49.7370 46.3917 42.5596 46.6970 42.4660 43.4402 44.5270 41.5993 42.1308 46.5848 44.5386 42.3269 41.4060 37.8925 40.5639 44.4204 39.8522 46.7105 49.8110 42.9214 44.5048 30.9798 31.4050 27.5131 30.1941 25.5810 30.4679 28.8558 25.2620 22.6135 24.9060 29.2364 22.8162 32.3030 26.2318 27.7406 25.0292 24.9117 24.1133 26.3239 26.8825 27.0172 26.3025 25.0471 23.2043 25.1937 28.1174 23.9450 29.3718 28.0669 32.8394 60.0309 59.0884 60.4869 57.0268 60.8141 58.9119 60.9320 61.8482 61.3695 63.6164 60.3340 59.0998 60.1188 60.0155 61.2906 63.7169 60.3493 59.6920 57.2679 59.0815 57.5983 62.9617 61.7851 58.1017 55.5769 61.5620 57.8515 61.9801 59.1330 62.5668
60.6097 54.9876 59.7400 58.3702 62.1910 56.0611 57.5313 53.8846 60.4328 52.0304 59.8308 60.5442 58.4319 55.6023 60.0047 59.0379 61.2602 57.8475 57.5509 57.3502 50.1058 60.6145 59.3147 57.5319 55.3261 62.9819 50.9964 58.3720 59.8338 59.8647 0.0000 1.8034 5.5135 5.3263 5.5089 9.6129 1.5425 2.5541 1.7923 2.3649 2.1428 1.8806 6.9504 4.7804 4.7540 5.0263 6.9733 1.9346 3.5282 9.5090 3.1222 6.8410 4.5225 6.3211 2.0085 4.2372 2.4916 2.3948 1.9972 3.1545 24.5348 24.0567 22.2564 22.7711 21.7268 22.4405 21.6239 25.5081 28.4326 21.9468 20.7654 23.4319 19.7833 22.6503 23.2113 23.3918 24.6026 24.0580 22.0551 22.7932 24.7765 23.1375 26.6091 24.3171 22.0715 24.7273 23.4549 20.7834 23.1163 23.8794 29.2613 28.7071 32.5926 29.9193 34.9012 29.7330 31.2700 35.3182 37.8504 35.8116 31.9795 37.7941 27.7805 34.3334 32.3517 35.1629 35.3326 36.4691 33.8755 33.0275 33.1629 34.4105 35.1259 37.3244 35.5287 31.9241 36.8012 30.7497 32.1406 27.4530 12.6269 10.2813 10.9109 9.3492 13.0221 11.8225 11.9363 14.2555 12.5927 13.9320 12.3746 11.9893 11.4337 12.3930 14.0277 16.6381 11.9273 12.1026 10.5175 10.6660 9.9446 14.3408 12.4278 9.6215 9.3216 13.2057 11.4173 12.7690 10.5636 13.6740
60.4426 54.8206 59.5729 58.2032 62.0239 55.8940 57.3642 53.7175 60.2658 51.8435 59.6638 60.3772 58.2649 55.4353 59.8377 58.8708 61.0932 57.6805 57.3838 57.1707 49.9388 60.4475 59.1223 57.3648 55.1591 62.8149 50.8294 58.2049 59.6668 59.6977 1.8034 0.0000 6.3190 6.2836 6.3206 10.2725 2.3009 4.1956 3.1913 3.5314 2.7593 1.7282 7.8327 5.7934 5.8323 5.9216 7.9876 2.4117 4.2906 10.3002 4.1443 7.8956 5.0779 7.1191 2.3364 5.6658 3.6492 2.4469 0.8488 4.7151 25.2472 24.5155 22.7712 23.2859 22.5391 23.1762 22.4663 25.8284 28.4356 23.3615 21.6942 23.9467 20.5514 23.1652 23.7592 24.2041 25.0400 24.5406 23.1336 23.6055 25.2913 23.6202 26.7239 24.6721 22.6011 25.1344 24.3191 22.1434 23.6311 24.6917 29.2200 28.6370 32.3613 29.8488 34.6974 29.5831 31.3891 35.1626 37.6834 35.5459 32.0986 37.5615 27.5612 34.1732 32.1025 34.9154 35.0713 36.2466 33.6098 32.8945 32.8972 34.1526 34.8781 37.0686 35.3075 31.7462 36.5445 30.4840 32.0611 27.5976 14.2267 11.8819 12.6110 10.9571 14.7731 13.4575 13.6873 15.8748 14.3195 15.6588 14.0961 13.5891 13.1847 14.0914 15.7262 18.3649 13.6257 13.8535 12.2766 12.2658 11.5443 16.0676 14.2071 11.3806 10.7742 14.9041 13.1321 14.4951 12.2916 15.3790
64.8536 59.3015 63.9897 62.6146 66.4893 60.3315 61.8709 58.1995 64.7995 56.4274 64.0755 64.8289 62.7126 59.9983 64.3781 63.2829 65.5802 62.1912 61.9004 61.7472 54.4728 64.9607 63.7116 61.8131 59.5883 67.2979 55.3286 62.7153 64.1322 64.2257 5.5135 6.3190 0.0000 1.5975 1.4122 4.2301 4.4514 4.4767 4.0648 4.1287 4.0718 6.9183 1.7508 1.8591 2.0431 1.2200 2.1720 6.7057 2.6685 4.3508 2.8034 2.1153 1.5789 1.1335 6.9365 3.0081 3.3594 4.5679 6.0930 2.8048 27.1408 27.1988 24.9956 25.8284 24.1382 24.9755 23.7950 29.0842 32.0879 22.3148 23.0507 26.4279 22.9600 25.8384 26.2506 25.5898 27.7611 27.1281 24.0007 25.0223 27.5284 26.6121 30.2197 27.7586 24.7700 28.2072 25.2528 20.8437 25.9526 26.0739 33.6464 33.1041 36.9896 34.3162 39.2982 34.1232 35.4299 39.6744 42.2184 40.2086 35.9421 42.1911 32.1775 38.7111 36.7487 39.5598 39.7296 40.8661 38.2725 37.4245 37.5599 38.8075 39.5229 41.7214 39.9257 36.3211 41.1982 35.1467 36.4366 31.5595 10.9306 10.3499 9.1076 11.0516 11.0257 10.2342 9.8318 12.3887 10.6116 11.9024 10.4249 10.8375 9.5153 10.7652 12.0970 14.6696 10.1060 10.2364 10.4771 10.4330 10.7916 12.2072 10.2769 9.3726 12.1413 11.3080 11.0800 10.6973 9.3579 11.8072
63.8666 58.3145 63.0027 61.6276 65.5023 59.3446 60.8840 57.2126 63.8125 55.4404 63.0885 63.8419 61.7256 59.0114 63.3912 62.2960 64.5932 61.2042 60.9134 60.7602 53.4858 63.9737 62.7247 60.8261 58.6013 66.3109 54.3416 61.7284 63.1453 63.2387 5.3263 6.2836 1.5975 0.0000 2.4778 4.3453 4.3333 4.1199 3.8620 4.1610 4.0903 6.8837 1.7025 1.1620 1.0724 2.0702 1.7613 6.7515 2.5888 4.2331 2.9272 1.6860 1.4677 1.9812 6.7286 3.0785 3.1898 4.4912 6.3170 2.8320 26.2114 26.1311 24.1010 24.9862 23.2610 24.0983 23.0999 28.2458 31.0195 21.7664 22.1951 25.5358 22.1189 25.0311 25.2443 24.7730 26.6933 26.0603 23.1235 24.1664 26.5682 25.8005 29.2668 26.7555 23.8310 27.3780 24.3756 20.3361 24.9695 25.1889 32.6594 32.1171 36.0026 33.3293 38.3112 33.1362 34.5479 38.6874 41.2314 39.2216 34.9755 41.2041 31.1905 37.7241 35.7617 38.5729 38.7426 39.8791 37.2855 36.4375 36.5729 37.8206 38.5359 40.7344 38.9387 35.3341 40.2112 34.1597 35.4496 30.6775 11.3238 10.0354 9.0602 10.2329 11.1992 10.3267 9.9900 12.5622 10.7851 12.2048 10.5984 10.7511 9.4398 10.6869 12.2705 14.8431 10.2170 10.2321 9.8187 10.0952 10.3293 12.3807 10.4504 8.6907 11.2218 11.4815 10.7234 10.8708 9.1026 11.9807
