0.0000 6.6568 4.8675 6.8895 4.2452 8.7370 4.6636 8.2866 3.9514 5.1659 4.6500 6.1721 5.6024 8.5573 5.4437 3.7106 4.0756 6.2582 5.6375 5.1121 7.7028 4.6721 11.6219 4.5365 3.9718 4.4514 7.9162 5.9208 6.4604 6.1178 22.0505 22.0241 21.0118 21.9745 21.1228 22.1268 21.0310 21.5407 21.6424 21.9498 20.7317 21.3525 22.4596 21.7071 21.1616 22.2684 22.2381 21.6095 21.1318 21.3055 21.4782 22.0110 20.7759 21.4878 21.5557 21.1841 20.6456 20.5461 22.2284 21.3900 16.8007 13.3789 14.9404 16.2388 17.1044 13.7450 16.2407 16.0237 13.6734 19.3401 14.7886 16.6979 21.1990 19.8704 15.5803 12.8658 16.4515 16.8211 18.0894 16.0959 14.6721 16.8415 18.9431 17.7188 16.4918 14.4744 15.5929 18.1735 18.4637 15.6197 14.0560 16.0160 19.7661 19.4169 19.8453 15.3924 12.8998 18.9213 16.8188 10.6591 18.4958 18.5682 14.7108 19.1484 16.7833 17.1783 18.0513 15.9204 12.0082 17.9636 19.5609 11.6742 18.6793 15.7057 17.2028 12.1020 15.8353 19.1891 16.9898 17.6735 20.8812 22.2575 21.9003 21.9701 21.8614 20.3004 21.8102 21.7318 22.1222 21.0969 21.5894 22.5597 21.7755 21.0495 20.6539 22.2350 22.3159 21.9361 21.3479 21.8979 21.8046 21.9395 21.0065 21.7747 21.9083 22.0770 21.7930 21.9617 22.2116 22.4709
6.6568 0.0000 4.5443 4.4745 5.9183 5.8753 5.4633 6.0008 6.3061 4.4926 8.7057 10.1630 9.6072 4.5327 4.9723 7.1066 5.5086 5.3899 6.9098 7.5080 3.5416 4.2131 9.0108 6.1535 6.5436 7.6374 8.5598 6.2837 8.8502 8.6597 19.4100 19.4495 18.3156 19.2910 18.4142 19.4802 18.3900 18.9268 19.0027 19.3366 18.1516 18.7787 19.8086 19.0653 18.5756 19.5895 19.5880 19.0064 18.4669 18.6783 18.7754 19.4029 18.1311 18.9292 18.9524 18.5610 17.8941 17.8491 19.6045 18.7309 14.3633 10.3458 12.2771 13.7974 14.1229 11.1302 13.3856 12.9396 10.6828 16.6573 11.6413 13.8551 18.4809 17.1522 13.2957 10.1540 13.7050 14.1477 15.3336 13.3656 13.0580 14.0949 16.5715 15.3339 13.5756 11.8763 12.6757 15.0037 15.8373 13.0863 11.2843 12.6774 16.9938 16.5540 16.9061 12.2775 8.5220 15.8052 13.4438 8.4934 15.2837 15.4051 10.7155 16.1879 13.6665 13.9751 15.0562 12.4220 8.6063 15.1365 16.6152 8.1238 15.6280 11.8923 13.9966 8.1520 12.3106 16.2068 13.6172 14.4469 18.1318 19.6059 19.2246 19.3345 19.2521 17.5813 19.1375 19.0661 19.4949 18.2727 18.9946 19.9360 19.2010 18.3587 17.9505 19.5846 19.7062 19.2527 18.6573 19.2743 19.1211 19.2896 18.3435 19.1382 19.2155 19.4503 19.1671 19.3045 19.5300 19.8067
4.8675 4.5443 0.0000 5.3729 5.4027 7.1607 4.6070 5.7986 4.4061 4.9312 6.7460 8.4004 7.8137 6.1073 4.6867 5.4087 4.2386 5.9041 5.2575 5.8449 5.1205 3.9547 9.9692 5.1593 4.9705 6.1987 7.6773 5.6213 7.2757 7.2363 19.9784 20.0045 18.9091 19.8756 18.9891 20.0648 18.9765 19.5001 19.5751 19.9127 18.6833 19.3495 20.3869 19.6468 19.1190 20.1719 20.1605 19.5338 19.0384 19.2349 19.3538 19.9551 18.6778 19.4882 19.5051 19.1113 18.4894 18.4061 20.1611 19.2938 14.7475 10.9933 12.7069 14.0220 14.7954 11.5454 13.9488 13.6686 11.3379 17.1598 12.3713 14.5129 19.0773 17.6852 13.7020 10.6710 14.2193 14.5894 15.8839 13.9823 13.0253 14.5941 17.0131 15.8019 14.2344 12.3621 13.2486 15.7077 16.3295 13.4623 11.7677 13.5410 17.6763 17.1862 17.6958 12.9672 10.1779 16.5997 14.3061 9.0022 16.0167 16.1231 11.7170 16.8930 14.4667 14.7511 15.6770 13.3065 9.5847 15.7493 17.2786 8.7701 16.3366 12.8739 14.7154 9.2130 13.7406 16.8499 14.4013 15.2342 18.7320 20.1845 19.8083 19.8919 19.8150 18.1618 19.7318 19.6605 20.0608 18.9017 19.5634 20.4881 19.7409 18.9290 18.5293 20.1604 20.2652 19.8445 19.2356 19.8455 19.6906 19.8769 18.9206 19.7014 19.8146 20.0088 19.7420 19.8808 20.1261 20.3884
6.8895 4.4745 5.3729 0.0000 6.0434 6.1383 6.7700 6.3206 7.1742 6.3248 9.0423 10.2274 9.7479 4.7085 6.3530 7.8215 6.4526 6.8607 7.2979 8.3407 4.5516 5.0582 9.2106 7.6065 7.1658 8.3931 9.4423 7.0155 9.0450 9.9313 19.8745 19.8633 18.7830 19.7625 18.8885 19.9396 18.8471 19.3562 19.4693 19.7925 18.5884 19.2158 20.2737 19.5320 19.0381 20.0531 20.0548 19.4174 18.9264 19.1171 19.2499 19.8360 18.6194 19.3225 19.3682 19.0211 18.4008 18.3224 20.0482 19.1784 14.6628 10.9103 12.5928 14.0997 14.6234 11.7861 13.8744 13.3914 11.0948 17.1066 12.3330 14.3883 18.9554 17.5424 13.5805 10.5854 14.1350 14.5676 15.7744 13.7514 13.2059 14.5208 16.8517 15.5956 14.0881 12.3688 13.0440 15.5385 16.2248 13.4943 11.8569 13.4863 17.3955 17.0825 17.3920 12.9962 9.6852 16.4148 14.0512 9.5584 15.8799 16.0004 11.6121 16.6560 14.2364 14.5555 15.6375 13.1869 9.2440 15.7296 17.1567 9.3544 16.1380 12.5769 14.6157 9.2715 13.0479 16.7476 14.2051 15.0827 18.6351 20.0673 19.6913 19.8061 19.7032 18.1038 19.6077 19.5338 19.9375 18.7815 19.4469 20.3745 19.6703 18.8245 18.4587 20.0512 20.1388 19.7370 19.1564 19.7331 19.5919 19.7682 18.7841 19.5863 19.6920 19.8803 19.6287 19.7741 20.0126 20.2765
4.2452 5.9183 5.4027 6.0434 0.0000 7.6027 5.6892 8.7169 5.7089 5.4157 6.7256 8.0223 6.8117 7.6499 5.5777 5.8727 6.2279 6.1213 6.7809 6.4758 7.0234 4.4672 10.9205 6.0028 4.9397 6.3514 8.1651 6.7427 7.5371 8.4995 21.5331 21.4881 20.5141 21.4565 20.6193 21.5989 20.5259 21.0316 21.1357 21.4344 20.2176 20.8382 21.9428 21.1962 20.6339 21.7457 21.7183 21.0801 20.6159 20.8040 20.9604 21.4833 20.2708 20.9877 21.0285 20.6548 20.1297 20.0142 21.7045 20.8690 16.2649 12.9008 14.3997 15.7141 16.5735 13.2404 15.7157 15.3517 13.0913 18.8023 14.2587 16.1836 20.6716 19.2849 15.2277 12.3653 15.8293 16.3347 17.5362 15.5091 14.4145 16.3277 18.4227 17.2281 15.9638 14.0445 14.9351 17.5592 17.9527 15.1452 13.6718 15.5017 19.2205 18.8972 19.2516 14.9664 12.3859 18.3219 16.1609 10.4531 17.9129 17.9574 14.0690 18.5771 16.1725 16.5844 17.4587 15.3419 11.4253 17.5231 18.9810 11.3881 18.0395 15.0080 16.6156 11.4679 15.1271 18.6219 16.3644 17.0947 20.3591 21.7429 21.3785 21.4398 21.3282 19.7970 21.2980 21.2134 21.5838 20.5453 21.0864 22.0133 21.2652 20.5280 20.1249 21.7007 21.7849 21.4181 20.8555 21.3873 21.2762 21.4216 20.4777 21.2425 21.3724 21.5309 21.2753 21.4474 21.6924 21.9445
8.7370 5.8753 7.1607 6.1383 7.6027 0.0000 8.2411 7.9972 8.8604 7.6443 10.9540 12.1123 11.4897 4.2486 7.7264 9.6402 8.4852 8.3329 7.4173 9.8587 6.0278 7.1205 9.8435 8.9121 8.8755 10.0692 10.4339 7.1861 9.8229 11.1404 18.1284 18.1310 17.0057 17.9787 17.1277 18.1671 17.0948 17.6072 17.7293 18.0401 16.8285 17.4827 18.5355 17.7961 17.2758 18.2807 18.2914 17.6864 17.1394 17.4194 17.4725 18.1199 16.8658 17.6297 17.6379 17.2346 16.5788 16.4876 18.2976 17.3865 13.1178 8.9739 10.9030 12.6977 12.8119 10.1493 12.0461 11.6702 9.8940 15.3904 10.3195 12.9098 17.1668 15.7581 12.3228 9.3332 12.1527 13.1578 13.9667 12.0326 12.2445 12.9053 15.3281 14.2807 12.2182 10.6451 11.5204 13.4334 14.5326 11.9111 10.0939 11.3767 15.6221 15.2880 15.4047 11.2873 6.7558 14.4374 12.3597 8.5169 13.6978 13.9091 8.7484 14.7083 12.0686 12.4425 13.5845 10.9245 6.6281 13.9787 15.1594 7.0730 14.0067 9.8877 12.5021 6.2559 11.0715 14.7161 12.1464 12.8525 16.8367 18.3109 17.9268 18.0937 17.9859 16.2752 17.8599 17.7505 18.1826 16.8911 17.7765 18.6314 17.9601 17.0428 16.6410 18.2944 18.4144 17.9762 17.3628 17.9885 17.8520 18.0124 16.9993 17.8101 17.8999 18.1331 17.8759 18.0088 18.2371 18.5136
4.6636 5.4633 4.6070 6.7700 5.6892 8.2411 0.0000 5.7379 3.8919 4.7678 6.3883 7.9885 7.6889 7.1459 5.5209 4.5126 4.2945 5.3760 4.8623 5.9041 6.2156 4.6300 10.8224 3.2362 4.4939 6.9232 8.3196 4.9345 7.3546 6.4902 20.9911 20.9931 19.9600 20.9021 20.0716 21.0650 19.9851 20.5043 20.6001 20.9045 19.7364 20.3384 21.3887 20.6434 20.1561 21.1894 21.1787 20.5828 20.0945 20.2756 20.4068 20.9759 19.7498 20.4657 20.5326 20.1608 19.5544 19.4991 21.1835 20.3300 15.9367 12.4162 14.0084 15.3896 15.9745 12.7889 15.1601 14.8607 12.6529 18.2938 13.6501 15.5944 20.1173 18.7918 14.8373 11.8651 15.4605 15.7869 17.0121 15.0503 14.2549 15.8379 18.0134 16.8122 15.4159 13.5378 14.5059 16.9417 17.3670 14.7066 12.9613 14.6205 18.6686 18.2586 18.6684 14.1158 11.1366 17.6583 15.4831 9.8790 17.1993 17.3189 13.1649 17.9312 15.5137 15.9023 16.8576 14.5808 10.8895 16.8463 18.3732 10.1504 17.4353 14.2388 15.9385 10.5645 14.4524 18.0064 15.6453 16.4192 19.7877 21.1937 20.8336 20.9226 20.8163 19.2323 20.7382 20.6652 21.0748 19.9626 20.5659 21.5101 20.7539 19.9930 19.5994 21.1642 21.2628 20.8525 20.2893 20.8521 20.7384 20.8690 19.9503 20.7286 20.8212 21.0244 20.7521 20.8995 21.1321 21.3992
8.2866 6.0008 5.7986 6.3206 8.7169 7.9972 5.7379 0.0000 7.0762 7.8669 10.0322 11.3793 11.3158 5.8404 7.6005 8.3903 6.6322 8.2366 6.7755 9.1230 5.0504 6.9742 9.9030 7.3637 8.0050 10.1529 9.9751 6.7922 10.0078 9.6833 19.5869 19.6645 18.5324 19.4661 18.6282 19.6722 18.6213 19.1284 19.2151 19.5486 18.3897 19.0408 19.9749 19.2572 18.8312 19.7547 19.7694 19.1861 18.6807 18.8746 18.9693 19.6003 18.3577 19.1229 19.1664 18.7926 18.0903 18.0736 19.7844 18.9053 14.7881 11.1589 12.7956 14.0591 14.3613 11.7435 13.7794 13.3854 11.3403 16.8455 12.2656 14.2351 18.6890 17.3517 13.7427 10.8367 14.2077 14.4115 15.6339 13.8353 13.8243 14.4181 16.8670 15.7400 14.0206 12.5295 13.1379 15.2619 16.0092 13.5691 11.7233 12.9284 17.1794 16.7166 17.1224 12.5368 8.5621 16.0883 13.7146 9.3838 15.4323 15.7227 11.1297 16.4197 14.0601 14.2423 15.3141 12.8696 9.4002 15.3898 16.8931 8.9356 15.8918 12.2601 14.3041 9.0080 12.7990 16.4469 13.8528 14.7587 18.3353 19.7889 19.4275 19.5427 19.4870 17.8175 19.3384 19.2752 19.7125 18.4706 19.2475 20.1326 19.4241 18.5610 18.2065 19.7761 19.8870 19.4351 18.8786 19.4834 19.3106 19.4867 18.5714 19.3428 19.4225 19.6559 19.3948 19.4948 19.7203 20.0014
3.9514 6.3061 4.4061 7.1742 5.7089 8.8604 3.8919 7.0762 0.0000 5.3209 4.4110 6.4136 6.0573 8.1561 5.0804 3.2759 3.5365 6.2860 4.7016 4.0883 7.2543 4.7799 11.3646 3.6378 3.7443 4.8419 7.6353 5.2961 5.7670 5.0213 21.6395 21.6446 20.6087 21.5606 20.7109 21.7229 20.6556 21.1628 21.2430 21.5597 20.3529 20.9935 22.0464 21.3037 20.7656 21.8499 21.8235 21.2099 20.7322 20.9172 21.0591 21.6157 20.3704 21.1335 21.1712 20.7759 20.2133 20.1262 21.8225 20.9851 16.4889 13.0043 14.6406 15.8336 16.6496 13.3168 15.8274 15.6028 13.3313 18.9064 14.3415 16.2831 20.7854 19.4730 15.3125 12.5782 16.0927 16.3954 17.6870 15.7372 14.5137 16.4214 18.6562 17.4407 16.0991 14.1916 15.1993 17.7025 18.0834 15.2851 13.5964 15.4554 19.3651 18.9695 19.3949 14.8983 12.1729 18.4500 16.3183 10.0388 17.9901 18.0945 14.0999 18.7118 16.3715 16.6870 17.5476 15.4164 11.5531 17.5043 19.1236 11.0716 18.2523 15.1610 16.7336 11.5183 15.3252 18.7133 16.4899 17.1826 20.4548 21.8484 21.4870 21.5499 21.4643 19.8725 21.3894 21.3259 21.7176 20.6531 21.2044 22.1410 21.3769 20.6259 20.2332 21.8163 21.9145 21.5145 20.9305 21.4974 21.3821 21.5240 20.6101 21.3748 21.4930 21.6724 21.3932 21.5497 21.7889 22.0433
5.1659 4.4926 4.9312 6.3248 5.4157 7.6443 4.7678 7.8669 5.3209 0.0000 6.6579 8.1372 7.5404 6.5531 3.4213 5.2745 4.6706 3.0467 6.1558 6.1365 5.4430 3.3901 10.3203 4.3261 5.4803 5.5432 7.5723 6.1472 7.3011 6.9379 20.5188 20.5427 19.4545 20.4102 19.5516 20.5853 19.5146 20.0355 20.1072 20.4295 19.2549 19.8643 20.9155 20.1797 19.6543 20.7108 20.6893 20.1164 19.5837 19.7901 19.9130 20.4953 19.2456 20.0327 20.0523 19.6627 19.0534 18.9869 20.7047 19.8614 15.4977 11.6717 13.5069 14.9054 15.4297 12.2486 14.6592 14.3053 11.9921 17.8426 12.9412 15.0705 19.6194 18.3433 14.3316 11.4452 14.9151 15.3175 16.5621 14.5974 13.6310 15.3419 17.6525 16.4168 14.8396 13.0158 13.9633 16.3591 17.0414 14.1452 12.5361 14.1145 18.2196 17.7701 18.1542 13.6259 10.6160 17.1095 14.8779 9.3089 16.6753 16.7296 12.4832 17.4687 15.0470 15.3563 16.3368 13.9094 10.2323 16.3530 17.8448 9.4980 16.9557 13.5770 15.3825 9.8606 13.7630 17.4874 15.0664 15.8176 19.2932 20.7110 20.3426 20.4309 20.3490 18.7381 20.2569 20.1802 20.5921 19.4555 20.0933 21.0241 20.2797 19.5005 19.0788 20.6909 20.8055 20.3732 19.7919 20.3700 20.2440 20.3992 19.4814 20.2469 20.3400 20.5512 20.2683 20.4181 20.6461 20.9136
4.6500 8.7057 6.7460 9.0423 6.7256 10.9540 6.3883 10.0322 4.4110 6.6579 0.0000 3.9891 3.8395 10.6789 6.3309 3.0956 5.4755 7.0162 6.1196 4.6773 9.7794 6.3664 13.3273 5.4821 4.4876 3.8032 8.4688 6.6619 4.9574 5.4686 23.3379 23.3245 22.3415 23.2805 22.4428 23.4307 22.3642 22.8685 22.9307 23.2517 22.0506 22.6713 23.7420 23.0051 22.4536 23.5664 23.5254 22.8938 22.4656 22.6158 22.7866 23.3083 22.1040 22.8072 22.8678 22.4973 21.9922 21.8862 23.5168 22.7224 18.2071 14.9653 16.4640 17.5479 18.5923 15.2771 17.7103 17.5812 15.1687 20.7023 16.3603 18.1664 22.5232 21.2304 16.9439 14.4989 17.9071 18.2220 19.5190 17.5971 15.6944 18.2669 20.3329 19.0809 18.0360 15.9798 17.1147 19.6799 19.8736 16.9697 15.5975 17.6350 21.1443 20.8417 21.2549 16.9982 14.8336 20.4009 18.3869 12.0189 20.0227 20.0442 16.4754 20.5879 18.3777 18.7165 19.4912 17.5487 13.7884 19.3461 20.9980 13.4263 20.2017 17.4331 18.7243 13.9903 17.4632 20.6117 18.5879 19.1924 22.2281 23.5394 23.2077 23.2452 23.1332 21.6410 23.1007 23.0458 23.4107 22.4476 22.8779 23.8205 23.0404 22.3770 21.9738 23.5186 23.5990 23.2380 22.6601 23.1948 23.1029 23.2312 22.3497 23.0801 23.2118 23.3692 23.0969 23.2645 23.4992 23.7445
6.1721 10.1630 8.4004 10.2274 8.0223 12.1123 7.9885 11.3793 6.4136 8.1372 3.9891 0.0000 4.4449 11.9161 7.6786 4.8736 7.1760 7.9614 7.5126 6.0669 11.0932 7.6977 14.3316 7.1782 5.9406 5.6569 9.6454 7.8983 5.9500 5.6169 24.1294 24.1069 23.1524 24.0736 23.2500 24.2167 23.1699 23.6555 23.7250 24.0340 22.8527 23.4566 24.5286 23.8068 23.2398 24.3610 24.3114 23.6787 23.2599 23.4098 23.5963 24.0903 22.9156 23.5918 23.6482 23.2957 22.8217 22.7074 24.2995 23.5218 19.0689 15.9849 17.3792 18.4268 19.5167 16.2617 18.6478 18.4993 16.1346 21.5652 17.3461 19.0686 23.3330 22.0568 17.8194 15.4981 18.7960 19.1158 20.4026 18.4975 16.4756 19.1643 21.1477 19.9018 18.9650 16.8993 18.0262 20.5861 20.7355 17.8271 16.6177 18.6470 21.9856 21.7100 22.1103 17.9895 16.0108 21.3092 19.3368 13.2111 20.9548 20.9511 17.5674 21.4762 19.3367 19.6590 20.4008 18.5572 14.9343 20.2579 21.8685 14.6129 21.0982 18.4609 19.6798 15.1775 18.4488 21.5019 19.5444 20.1335 23.0609 24.3291 24.0031 24.0322 23.9203 22.4864 23.9065 23.8449 24.1958 23.2794 23.6711 24.5925 23.8306 23.1931 22.7989 24.3096 24.3856 24.0402 23.4786 23.9813 23.9003 24.0294 23.1665 23.8736 24.0172 24.1583 23.8910 24.0624 24.2967 24.5340
5.6024 9.6072 7.8137 9.7479 6.8117 11.4897 7.6889 11.3158 6.0573 7.5404 3.8395 4.4449 0.0000 11.6711 6.9045 4.7358 7.2434 7.7151 7.2171 4.8318 10.7691 6.7672 14.0118 6.3897 4.7500 4.9838 8.8795 7.5715 4.8777 7.3814 23.9441 23.9142 22.9587 23.8927 23.0531 24.0341 22.9808 23.4761 23.5362 23.8544 22.6490 23.2603 24.3503 23.6214 23.0313 24.1779 24.1279 23.4950 23.0680 23.2223 23.4030 23.9002 22.7166 23.4176 23.4595 23.0932 22.6278 22.5056 24.1116 23.3391 18.7856 15.6655 17.1113 18.1761 19.2848 15.9525 18.4076 18.2615 15.8768 21.3432 17.0689 18.8669 23.1410 21.8616 17.5820 15.2731 18.5134 18.8859 20.1794 18.2821 16.1363 18.9188 20.9399 19.6997 18.7217 16.6448 17.7835 20.3655 20.5634 17.5720 16.4460 18.4201 21.8029 21.5139 21.9109 17.7547 15.7629 21.1035 19.1222 12.8591 20.7507 20.7316 17.3271 21.3010 19.1321 19.4382 20.1796 18.3178 14.6413 20.0496 21.6581 14.3466 20.9017 18.2276 19.4631 14.9089 18.2069 21.2855 19.3371 19.9104 22.8594 24.1440 23.8124 23.8366 23.7248 22.2810 23.7148 23.6547 23.9969 23.0880 23.4763 24.4026 23.6290 22.9903 22.5890 24.1243 24.1989 23.8533 23.2753 23.7974 23.7045 23.8433 22.9614 23.6782 23.8261 23.9612 23.6937 23.8724 24.1091 24.3441
8.5573 4.5327 6.1073 4.7085 7.6499 4.2486 7.1459 5.8404 8.1561 6.5531 10.6789 11.9161 11.6711 0.0000 6.7751 9.1746 7.3121 6.9828 7.1428 9.5687 3.1498 6.2327 8.6686 8.1912 8.7328 9.8906 9.8537 7.0759 9.9677 10.4174 18.0740 18.1200 16.9488 17.9238 17.0561 18.1284 17.0482 17.5693 17.6753 18.0067 16.8094 17.4693 18.4720 17.7364 17.2580 18.2265 18.2415 17.6416 17.0943 17.3404 17.4128 18.0713 16.7966 17.5850 17.6033 17.2131 16.4985 16.4518 18.2617 17.3414 13.1217 8.9328 10.8343 12.5123 12.5956 9.9519 11.9626 11.4194 9.4691 15.2887 10.1640 12.5515 17.1036 15.7002 12.1472 8.9662 12.2660 12.8559 13.9012 11.9247 12.2477 12.7571 15.2887 14.1625 12.0817 10.6272 11.2134 13.3489 14.4363 11.7851 9.8581 11.0734 15.5442 15.0974 15.3544 10.8584 6.0946 14.2762 11.8510 8.0774 13.5683 13.8158 8.5256 14.6225 12.0315 12.3080 13.5044 10.7081 6.5983 13.8152 15.1164 6.5053 13.9862 9.7583 12.3669 5.9961 10.6678 14.6812 11.8505 12.7675 16.7573 18.2673 17.8754 18.0291 17.9549 16.2228 17.8075 17.7126 18.1622 16.8328 17.7294 18.5999 17.9209 16.9907 16.5952 18.2459 18.3742 17.9069 17.3262 17.9443 17.7848 17.9606 16.9822 17.7826 17.8572 18.1046 17.8491 17.9616 18.1920 18.4752
5.4437 4.9723 4.6867 6.3530 5.5777 7.7264 5.5209 7.6005 5.0804 3.4213 6.3309 7.6786 6.9045 6.7751 0.0000 5.3666 4.6990 3.8505 5.5732 5.5430 5.6311 3.1631 10.3708 5.0803 4.7341 5.4167 6.8021 5.7627 6.2648 7.1412 20.6180 20.6650 19.5615 20.5268 19.6501 20.7067 19.6378 20.1592 20.2090 20.5521 19.3290 19.9896 21.0292 20.2880 19.7269 20.8275 20.7994 20.2009 19.6908 19.8861 20.0122 20.6164 19.3226 20.1566 20.1680 19.7517 19.1462 19.0666 20.8080 19.9613 15.5162 11.7062 13.5170 14.7506 15.4799 12.2125 14.6888 14.4294 11.9484 17.8719 13.0227 15.1555 19.7412 18.4208 14.2793 11.5019 14.9453 15.2917 16.6557 14.7418 13.3885 15.3310 17.7826 16.5029 14.9654 13.1107 14.0305 16.4910 17.1355 14.0786 12.5938 14.2364 18.3203 17.8695 18.2827 13.7154 10.6501 17.2876 14.9932 8.9622 16.7989 16.8825 12.6379 17.6461 15.2638 15.4723 16.3887 14.0684 10.2461 16.3979 18.0061 9.6752 17.1446 13.7599 15.5038 10.1752 13.9538 17.5796 15.2114 15.9347 19.3965 20.8213 20.4597 20.5161 20.4443 18.8184 20.3656 20.3011 20.7007 19.5739 20.1979 21.1215 20.3525 19.5900 19.1590 20.8054 20.9206 20.4826 19.8869 20.4821 20.3431 20.5027 19.5937 20.3512 20.4620 20.6698 20.3865 20.5255 20.7553 21.0213
3.7106 7.1066 5.4087 7.8215 5.8727 9.6402 4.5126 8.3903 3.2759 5.2745 3.0956 4.8736 4.7358 9.1746 5.3666 0.0000 4.4370 5.8760 4.9554 3.8886 8.2761 5.0002 12.2042 3.5440 3.4154 4.2170 8.0415 5.3954 5.2762 4.7901 22.3396 22.3337 21.3188 22.2678 21.4188 22.4233 21.3543 21.8597 21.9342 22.2515 21.0524 21.6719 22.7437 22.0057 21.4528 22.5583 22.5229 21.9049 21.4413 21.6137 21.7710 22.3083 21.0889 21.8188 21.8617 21.4808 20.9477 20.8561 22.5191 21.7000 17.2010 13.8046 15.3704 16.5492 17.4598 14.1574 16.6086 16.3942 14.0442 19.6645 15.1733 17.0578 21.4976 20.1938 15.9953 13.3058 16.8169 17.1603 18.4457 16.4885 14.9241 17.1931 19.3407 18.0899 16.8955 14.8961 15.9776 18.5134 18.8181 15.9339 14.4819 16.3692 20.0917 19.7451 20.1578 15.7599 13.3018 19.2538 17.1668 11.0113 18.8448 18.8901 15.1077 19.4856 17.1947 17.5201 18.3628 16.3013 12.5648 18.2807 19.8892 12.0278 19.0545 16.1031 17.5649 12.5507 16.1915 19.5078 17.3550 18.0185 21.1921 22.5430 22.1935 22.2459 22.1434 20.6188 22.0987 22.0311 22.4078 21.3975 21.8892 22.8267 22.0585 21.3511 20.9556 22.5199 22.6090 22.2263 21.6478 22.1931 22.0897 22.2308 21.3283 22.0770 22.2002 22.3680 22.0941 22.2583 22.4947 22.7436
4.0756 5.5086 4.2386 6.4526 6.2279 8.4852 4.2945 6.6322 3.5365 4.6706 5.4755 7.1760 7.2434 7.3121 4.6990 4.4370 0.0000 5.3638 5.3836 5.2771 6.2619 4.6076 10.8690 4.7521 4.7189 5.4022 7.5871 5.5227 6.5431 5.5803 21.1226 21.1544 20.0472 21.0302 20.1592 21.2133 20.1044 20.6328 20.7042 21.0416 19.8322 20.4703 21.5275 20.7695 20.2638 21.3299 21.3092 20.7006 20.2030 20.3759 20.5202 21.1167 19.8352 20.5928 20.6644 20.2732 19.6631 19.5944 21.3183 20.4626 16.0075 12.2699 14.0309 15.3502 16.0278 12.7590 15.2203 15.0337 12.6452 18.3916 13.6309 15.6552 20.2502 18.9493 14.6639 11.9167 15.5529 15.8291 17.1388 15.2017 13.9644 15.8455 18.1742 16.8992 15.4795 13.4910 14.6216 17.0957 17.5372 14.7041 12.9101 14.7788 18.8011 18.3984 18.8472 14.2033 11.3178 17.8394 15.6599 9.5410 17.3623 17.4838 13.3166 18.0998 15.7182 16.0767 16.9983 14.6509 10.7797 16.8924 18.5607 10.1821 17.6730 14.4236 16.0756 10.6991 14.6589 18.1443 15.8327 16.5254 19.9104 21.3230 20.9655 21.0500 20.9569 19.3165 20.8580 20.8044 21.2244 20.1058 20.6791 21.6615 20.8662 20.1013 19.6983 21.3153 21.4126 20.9898 20.3833 20.9788 20.8688 21.0054 20.0960 20.8641 20.9715 21.1849 20.8791 21.0299 21.2656 21.5399
6.2582 5.3899 5.9041 6.8607 6.1213 8.3329 5.3760 8.2366 6.2860 3.0467 7.0162 7.9614 7.7151 6.9828 3.8505 5.8760 5.3638 0.0000 6.5932 6.8284 5.9380 4.1561 10.7480 5.5953 5.8683 6.6924 7.9412 6.4180 7.2715 7.5807 20.7749 20.8074 19.7330 20.6727 19.8324 20.8499 19.7869 20.3056 20.3671 20.6931 19.5343 20.1396 21.1680 20.4383 19.9295 20.9694 20.9495 20.3654 19.8681 20.0553 20.1815 20.7655 19.5361 20.2870 20.3242 19.9454 19.3354 19.2706 20.9679 20.1330 15.8224 12.1137 13.8158 15.1776 15.7618 12.6217 14.9683 14.6241 12.2664 18.1331 13.3232 15.3657 19.8870 18.5810 14.6263 11.7769 15.2051 15.6096 16.8717 14.9302 13.8468 15.6627 17.9558 16.6623 15.1962 13.3477 14.2518 16.6778 17.3126 14.4236 12.9185 14.4983 18.4755 18.0688 18.4332 14.0033 11.1612 17.4109 15.1757 9.8500 16.9972 17.0305 12.9149 17.7274 15.3567 15.6729 16.6376 14.2739 10.7253 16.6807 18.1416 10.0118 17.2465 13.9525 15.7075 10.3523 14.0942 17.7917 15.3871 16.1518 19.5769 20.9624 20.6113 20.6903 20.5978 19.0326 20.5198 20.4510 20.8595 19.7272 20.3601 21.2746 20.5421 19.7848 19.3646 20.9470 21.0584 20.6358 20.0769 20.6348 20.5107 20.6597 19.7695 20.5152 20.5994 20.8161 20.5433 20.6868 20.9049 21.1709
5.6375 6.9098 5.2575 7.2979 6.7809 7.4173 4.8623 6.7755 4.7016 6.1558 6.1196 7.5126 7.2171 7.1428 5.5732 4.9554 5.3836 6.5932 0.0000 6.0015 7.1810 5.3059 11.3464 4.9575 4.9038 6.7878 8.2726 3.8021 5.2122 6.9227 20.6075 20.6196 19.5693 20.5167 19.6717 20.6906 19.6203 20.1307 20.2154 20.5401 19.3173 19.9729 21.0185 20.2750 19.7392 20.8067 20.7923 20.1732 19.6911 19.8910 20.0134 20.5987 19.3550 20.1072 20.1449 19.7510 19.1558 19.0716 20.7898 19.9305 15.4750 11.8683 13.5317 14.7964 15.5281 12.3924 14.6932 14.5389 12.3067 17.8705 13.2263 15.3297 19.7242 18.3640 14.3493 11.6278 14.9162 15.3950 16.5993 14.7068 13.4924 15.3837 17.6716 16.4798 15.0166 13.1282 14.1633 16.4889 16.9916 14.1420 12.5559 14.3005 18.2652 17.8921 18.2371 13.8554 10.6995 17.3422 15.2272 9.4929 16.7638 16.9174 12.6842 17.5605 15.1887 15.4609 16.3891 14.2177 10.2980 16.4436 17.9866 9.8081 17.0493 13.7630 15.5087 10.2333 14.2099 17.5532 15.2660 15.9543 19.4029 20.8065 20.4554 20.5420 20.4351 18.8253 20.3600 20.2812 20.6847 19.5676 20.2129 21.1083 20.3596 19.5865 19.1868 20.7880 20.8855 20.4802 19.8903 20.4793 20.3516 20.4955 19.5579 20.3287 20.4430 20.6357 20.3770 20.5148 20.7504 21.0151
5.1121 7.5080 5.8449 8.3407 6.4758 9.8587 5.9041 9.1230 4.0883 6.1365 4.6773 6.0669 4.8318 9.5687 5.5430 3.8886 5.2771 6.8284 6.0015 0.0000 8.6089 5.5039 12.3255 4.7853 3.7099 4.9489 8.0523 6.1850 5.4411 6.0123 22.3799 22.3781 21.3516 22.3052 21.4392 22.4590 21.4087 21.9048 21.9728 22.2907 21.0696 21.7051 22.7918 22.0539 21.4387 22.6034 22.5527 21.9357 21.4523 21.6570 21.8062 22.3375 21.0910 21.8909 21.8881 21.4736 20.9753 20.8658 22.5464 21.7378 17.2244 13.8609 15.4239 16.5579 17.5144 14.1615 16.7251 16.4259 14.2486 19.7024 15.1871 17.0995 21.5424 20.2665 16.0577 13.5583 16.8614 17.2122 18.4967 16.5546 14.8757 17.2143 19.4209 18.2213 16.9536 14.9566 16.0157 18.5653 18.9632 15.9321 14.6172 16.4209 20.1985 19.8014 20.2123 15.8067 13.3937 19.3237 17.2522 11.0421 18.9118 18.9488 15.1641 19.6163 17.3653 17.6105 18.3923 16.3680 12.6239 18.3605 19.9601 12.1126 19.1743 16.1814 17.6584 12.6769 16.2667 19.5627 17.4582 18.0595 21.2345 22.5920 22.2220 22.2530 22.1787 20.6407 22.1412 22.0725 22.4316 21.4375 21.9259 22.8391 22.0803 21.3647 20.9621 22.5547 22.6567 22.2670 21.6745 22.2258 22.1162 22.2649 21.3851 22.1038 22.2471 22.4007 22.1153 22.2946 22.5349 22.7719
7.7028 3.5416 5.1205 4.5516 7.0234 6.0278 6.2156 5.0504 7.2543 5.4430 9.7794 11.0932 10.7691 3.1498 5.6311 8.2761 6.2619 5.9380 7.1810 8.6089 0.0000 5.1920 8.4034 7.1413 7.8223 9.0389 8.9791 7.0854 9.7443 9.5661 18.6845 18.7519 17.5837 18.5369 17.6732 18.7441 17.6826 18.1980 18.2921 18.6216 17.4430 18.0865 19.0774 18.3510 17.8684 18.8441 18.8489 18.2793 17.7122 17.9467 18.0405 18.6743 17.3908 18.2242 18.2280 17.8290 17.1253 17.0878 18.8700 17.9765 13.7566 9.7103 11.5901 13.1165 13.2676 10.4687 12.7120 12.1165 10.0323 15.9014 10.8931 13.1054 17.7344 16.3995 12.7047 9.6248 13.0178 13.4089 14.6178 12.7119 12.7642 13.3897 15.9392 14.7767 12.8081 11.3096 11.8830 14.0976 15.1532 12.4321 10.6409 11.7688 16.2471 15.7245 16.0828 11.3927 7.1396 14.9554 12.4523 8.3089 14.3383 14.5578 9.5907 15.4038 12.9081 13.0843 14.2232 11.5083 7.7886 14.4404 15.8267 7.3597 14.7946 10.7920 13.1405 7.1910 11.3567 15.4209 12.6276 13.5741 17.3801 18.8833 18.4929 18.6189 18.5737 16.8572 18.4270 18.3415 18.7790 17.4920 18.3295 19.2139 18.5163 17.6159 17.2226 18.8636 18.9922 18.5178 17.9503 18.5584 18.3862 18.5767 17.6365 18.4105 18.4877 18.7288 18.4623 18.5761 18.8070 19.0893
4.6721 4.2131 3.9547 5.0582 4.4672 7.1205 4.6300 6.9742 4.7799 3.3901 6.3664 7.6977 6.7672 6.2327 3.1631 5.0002 4.6076 4.1561 5.3059 5.5039 5.1920 0.0000 10.1921 4.5463 4.3090 5.5175 7.3174 5.2311 6.4191 7.5217 20.7195 20.7256 19.6603 20.6233 19.7557 20.7914 19.7150 20.2247 20.3116 20.6332 19.4159 20.0518 21.1270 20.3843 19.8331 20.9213 20.8984 20.2867 19.7835 19.9792 20.1178 20.6878 19.4367 20.2098 20.2337 19.8451 19.2557 19.1665 20.8974 20.0469 15.5097 11.8008 13.5024 14.8284 15.5826 12.3117 14.7445 14.4325 11.9603 17.9689 13.1409 15.2276 19.8305 18.4749 14.3633 11.3565 14.9859 15.3898 16.6977 14.6791 13.5148 15.3969 17.7330 16.4346 15.0045 13.1367 14.0178 16.5749 17.1296 14.1669 12.6675 14.3777 18.3621 17.9769 18.3594 13.8479 10.8688 17.3735 15.1035 9.3372 16.9143 16.9798 12.8263 17.6722 15.2361 15.5625 16.5436 14.2023 10.3231 16.5689 18.0813 9.8409 17.1616 13.8571 15.6431 10.1437 14.0268 17.6865 15.3035 16.0579 19.5045 20.9184 20.5507 20.6273 20.5392 18.9432 20.4677 20.3887 20.7838 19.6815 20.2872 21.2145 20.4664 19.6881 19.2832 20.9008 20.9945 20.5877 19.9991 20.5757 20.4441 20.6097 19.6635 20.4397 20.5553 20.7420 20.4679 20.6248 20.8602 21.1252
11.6219 9.0108 9.9692 9.2106 10.9205 9.8435 10.8224 9.9030 11.3646 10.3203 13.3273 14.3316 14.0118 8.6686 10.3708 12.2042 10.8690 10.7480 11.3464 12.3255 8.4034 10.1921 0.0000 11.4653 11.7787 12.6421 8.6846 11.3045 13.3099 13.1235 15.1977 15.2042 14.0988 15.0513 14.2317 15.2221 14.1211 14.7020 14.8044 15.1127 13.9529 14.5779 15.5824 14.8295 14.3754 15.3268 15.3609 14.7924 14.2284 14.4690 14.5934 15.1702 13.9594 14.7112 14.6933 14.3480 13.6263 13.7337 15.3771 14.3900 9.9043 8.1788 8.5507 10.1628 9.1063 8.3953 9.6640 8.0875 7.2038 12.4474 9.0972 9.2893 14.2492 12.7853 9.5268 7.1043 10.0058 9.4259 10.9222 8.8905 10.3203 9.7263 12.3432 11.2616 9.8308 8.7061 8.0606 11.2937 11.3608 9.1628 7.4271 8.3274 12.6075 11.8376 12.0676 7.8050 10.5088 10.5958 9.4231 5.5746 11.4469 11.5994 12.1789 11.8242 9.2160 9.3119 10.9151 10.5668 8.0310 10.5349 12.2437 10.9278 10.9430 10.3405 9.8970 10.6741 6.9038 11.1878 9.6816 10.4984 13.8756 15.4136 14.9601 15.0803 15.0502 13.5411 14.9188 14.8212 15.2587 13.8476 14.7872 15.6894 15.0076 14.0939 13.7981 15.3283 15.4812 14.9892 14.4888 15.0608 14.8892 15.0202 14.1945 14.9018 14.9510 15.1893 14.9617 15.0919 15.2942 15.5820
4.5365 6.1535 5.1593 7.6065 6.0028 8.9121 3.2362 7.3637 3.6378 4.3261 5.4821 7.1782 6.3897 8.1912 5.0803 3.5440 4.7521 5.5953 4.9575 4.7853 7.1413 4.5463 11.4653 0.0000 4.2559 5.5506 8.0099 5.2736 6.4835 5.7738 21.4496 21.4594 20.4160 21.3574 20.5117 21.5204 20.4615 20.9695 21.0511 21.3620 20.1921 20.7959 21.8459 21.1171 20.5902 21.6481 21.6254 21.0519 20.5367 20.7292 20.8664 21.4141 20.2030 20.9550 20.9803 20.6062 20.0203 19.9532 21.6299 20.8006 16.4361 12.8887 14.5618 15.8737 16.4773 13.2771 15.7130 15.4413 13.2089 18.7843 14.1593 16.1632 20.5775 19.3243 15.3284 12.5196 15.9723 16.2926 17.5473 15.6215 14.5275 16.3505 18.5245 17.3444 15.9280 14.0859 15.1025 17.4660 17.9480 15.1334 13.6070 15.2172 19.1945 18.7579 19.1860 14.6969 11.8534 18.2083 16.0790 10.2353 17.7648 17.8529 13.8619 18.5271 16.1570 16.4678 17.3956 15.1672 11.6227 17.3489 18.8870 10.7907 18.0275 14.9066 16.5308 11.3013 15.0495 18.5174 16.2575 16.9594 20.2614 21.6477 21.2874 21.3711 21.2870 19.7153 21.2011 21.1220 21.5213 20.4525 21.0298 21.9527 21.1994 20.4530 20.0543 21.6279 21.7242 21.3166 20.7398 21.3054 21.1835 21.3414 20.4135 21.1869 21.2933 21.4765 21.2042 21.3560 21.5888 21.8495
3.9718 6.5436 4.9705 7.1658 4.9397 8.8755 4.4939 8.0050 3.7443 5.4803 4.4876 5.9406 4.7500 8.7328 4.7341 3.4154 4.7189 5.8683 4.9038 3.7099 7.8223 4.3090 11.7787 4.2559 0.0000 5.4744 7.6797 4.9935 5.1795 6.4010 22.0387 22.0289 21.0018 21.9715 21.1019 22.1262 21.0407 21.5578 21.6277 21.9532 20.7317 21.3570 22.4509 21.7011 21.1289 22.2629 22.2270 21.5992 21.1321 21.3085 21.4587 22.0126 20.7697 21.5179 21.5579 21.1682 20.6358 20.5362 22.2189 21.3958 16.8076 13.3566 14.9518 16.1748 17.1028 13.7350 16.2317 16.0007 13.6195 19.3350 14.7523 16.6843 21.1944 19.8610 15.6072 12.9160 16.4041 16.7835 18.0985 16.1293 14.5208 16.7980 19.0069 17.7378 16.5349 14.4776 15.5634 18.1612 18.5008 15.5302 14.1274 15.9943 19.7784 19.4321 19.8263 15.3773 12.8461 18.9216 16.7903 10.6001 18.5018 18.5405 14.6796 19.1684 16.8404 17.1657 18.0094 15.8929 12.1118 17.9442 19.5572 11.6223 18.7155 15.6891 17.2040 12.1290 15.7895 19.1605 16.9922 17.6471 20.8761 22.2423 21.8876 21.9311 21.8262 20.2901 21.7895 21.7266 22.1003 21.0822 21.5710 22.5230 21.7432 21.0300 20.6281 22.2196 22.3096 21.9240 21.3281 21.8922 21.7817 21.9211 21.0120 21.7654 21.8952 22.0648 21.7825 21.9543 22.1915 22.4428
4.4514 7.6374 6.1987 8.3931 6.3514 10.0692 6.9232 10.1529 4.8419 5.5432 3.8032 5.6569 4.9838 9.8906 5.4167 4.2170 5.4022 6.6924 6.7878 4.9489 9.0389 5.5175 12.6421 5.5506 5.4744 0.0000 7.9923 7.1186 5.7903 5.9007 22.7099 22.7112 21.6930 22.6412 21.7852 22.7989 21.7369 22.2426 22.2991 22.6270 21.4177 22.0550 23.1153 22.3839 21.8195 22.9307 22.8911 22.2752 21.8133 21.9836 22.1416 22.6757 21.4543 22.2070 22.2375 21.8556 21.3307 21.2283 22.8853 22.0858 17.5843 14.1849 15.8041 16.9046 17.8768 14.5762 17.0107 16.8791 14.4458 20.0476 15.5695 17.4998 21.8760 20.6043 16.3586 13.8291 17.2463 17.5714 18.8612 16.9289 15.1692 17.5894 19.7562 18.5154 17.3043 15.3585 16.4417 18.9486 19.2766 16.3323 14.9151 16.8757 20.5040 20.1556 20.5795 16.2838 13.9327 19.6941 17.6476 11.2080 19.2963 19.3236 15.6239 19.9380 17.6760 17.9901 18.7978 16.7589 12.9408 18.6621 20.3084 12.5901 19.5209 16.6202 18.0113 13.1254 16.6840 19.9093 17.8386 18.4386 21.5698 22.9116 22.5670 22.6134 22.5225 20.9816 22.4680 22.4066 22.7830 21.7877 22.2583 23.1945 22.4218 21.7266 21.3151 22.8908 22.9802 22.6019 22.0023 22.5645 22.4572 22.6048 21.7039 22.4478 22.5801 22.7443 22.4612 22.6269 22.8628 23.1105
7.9162 8.5598 7.6773 9.4423 8.1651 10.4339 8.3196 9.9751 7.6353 7.5723 8.4688 9.6454 8.8795 9.8537 6.8021 8.0415 7.5871 7.9412 8.2726 8.0523 8.9791 7.3174 8.6846 8.0099 7.6797 7.9923 0.0000 8.9051 8.6145 9.0596 19.6152 19.6416 18.5895 19.5496 18.6783 19.7078 18.6448 19.1768 19.2221 19.5606 18.3183 19.0079 20.0285 19.2852 18.7308 19.8167 19.8027 19.2064 18.7210 18.8994 19.0303 19.5993 18.3250 19.1809 19.1648 18.7523 18.1536 18.0993 19.7972 18.9340 14.2950 11.4540 12.5603 13.6001 14.2820 11.2793 13.7385 13.5122 11.0180 16.7481 12.6602 14.1408 18.7667 17.3791 13.1830 10.6704 14.0183 13.9768 15.5616 13.6573 12.2063 14.1244 16.6438 15.3653 14.1995 12.4171 13.0345 15.9399 15.9344 13.0477 11.7436 13.5291 17.2702 16.7391 17.2143 13.1799 12.9745 16.1702 14.4665 7.8238 16.1404 16.3117 14.8071 16.7785 14.3691 14.6508 15.5223 14.1826 10.6527 15.2258 17.0560 12.1577 16.2247 14.4106 14.8575 12.5219 12.9927 16.3984 14.6881 15.2270 18.3831 19.8242 19.4500 19.4927 19.4418 17.8441 19.3370 19.2915 19.6919 18.5738 19.1680 20.1031 19.3158 18.5629 18.1775 19.7917 19.8792 19.4733 18.8570 19.4861 19.3286 19.4829 18.5674 19.3358 19.4612 19.6396 19.3687 19.5162 19.7358 20.0035
5.9208 6.2837 5.6213 7.0155 6.7427 7.1861 4.9345 6.7922 5.2961 6.1472 6.6619 7.8983 7.5715 7.0759 5.7627 5.3954 5.5227 6.4180 3.8021 6.1850 7.0854 5.2311 11.3045 5.2736 4.9935 7.1186 8.9051 0.0000 5.6994 7.7321 20.5239 20.5210 19.4649 20.4343 19.5952 20.6046 19.5014 20.0252 20.1132 20.4350 19.2039 19.8473 20.9415 20.1741 19.6288 20.7353 20.7123 20.0768 19.5992 19.8027 19.9312 20.5302 19.2605 19.9726 20.0539 19.6507 19.0755 18.9776 20.7106 19.8433 15.3646 11.7233 13.3983 14.8342 15.5284 12.3264 14.6511 14.4026 12.1208 17.8635 13.0520 15.1829 19.6500 18.2765 14.2259 11.4388 14.7871 15.3891 16.5271 14.5697 13.4476 15.3155 17.5786 16.3475 14.8977 12.8815 14.0413 16.4119 16.9243 14.0789 12.4354 14.2082 18.1798 17.8677 18.1629 13.7347 10.7224 17.2364 15.1961 9.7780 16.7001 16.8104 12.5658 17.4336 15.0117 15.3814 16.3517 14.0799 10.1457 16.4306 17.9026 9.7143 16.9429 13.6565 15.4233 10.0776 14.0832 17.4918 15.1906 15.8516 19.3331 20.7251 20.3718 20.4564 20.3325 18.7340 20.2827 20.1953 20.5974 19.4753 20.1084 21.0383 20.2700 19.5118 19.0896 20.7063 20.8127 20.3983 19.8125 20.3791 20.2891 20.4014 19.4897 20.2443 20.3545 20.5668 20.2803 20.4369 20.6693 20.9406
6.4604 8.8502 7.2757 9.0450 7.5371 9.8229 7.3546 10.0078 5.7670 7.3011 4.9574 5.9500 4.8777 9.9677 6.2648 5.2762 6.5431 7.2715 5.2122 5.4411 9.7443 6.4191 13.3099 6.4835 5.1795 5.7903 8.6145 5.6994 0.0000 7.4914 22.5781 22.5690 21.5602 22.5152 21.6628 22.6718 21.6100 22.1046 22.1668 22.4973 21.2685 21.9122 22.9892 22.2510 21.6654 22.8020 22.7607 22.1294 21.6826 21.8581 22.0080 22.5573 21.3231 22.0624 22.1030 21.7128 21.2095 21.0903 22.7480 21.9392 17.4397 14.0352 15.6347 16.7158 17.7529 14.4745 16.8422 16.8128 14.4346 19.9228 15.4581 17.4247 21.7558 20.4400 16.1782 13.7982 17.0343 17.4282 18.7198 16.8221 14.8103 17.4046 19.6278 18.3487 17.2152 15.1559 16.3359 18.8299 19.0935 16.1133 14.7805 16.7941 20.3513 20.0532 20.4314 16.2145 13.8695 19.6115 17.6344 11.3438 19.1526 19.1947 15.5071 19.7681 17.5363 17.8468 18.6280 16.6477 12.8047 18.5551 20.1799 12.5141 19.3689 16.4608 17.8904 13.0402 16.6592 19.7474 17.7375 18.2843 21.4451 22.7718 22.4335 22.4774 22.3662 20.8434 22.3285 22.2707 22.6347 21.6507 22.1248 23.0470 22.2708 21.5811 21.1773 22.7620 22.8403 22.4697 21.8680 22.4330 22.3311 22.4654 21.5621 22.3021 22.4462 22.6075 22.3225 22.4914 22.7247 22.9728
6.1178 8.6597 7.2363 9.9313 8.4995 11.1404 6.4902 9.6833 5.0213 6.9379 5.4686 5.6169 7.3814 10.4174 7.1412 4.7901 5.5803 7.5807 6.9227 6.0123 9.5661 7.5217 13.1235 5.7738 6.4010 5.9007 9.0596 7.7321 7.4914 0.0000 22.5647 22.6059 21.5566 22.4756 21.6448 22.6486 21.6183 22.1113 22.1680 22.4886 21.3500 21.9565 22.9480 22.2472 21.7357 22.7629 22.7349 22.1724 21.6864 21.8608 21.9998 22.5497 21.3434 22.1030 22.1287 21.7530 21.1773 21.1198 22.7501 21.9466 17.7742 14.3792 16.0167 17.1351 17.7869 14.6910 17.0347 16.9364 14.7811 19.9667 15.6169 17.4827 21.7323 20.5514 16.5559 14.0890 17.3579 17.5849 18.8320 17.0514 15.7442 17.6367 19.8107 18.6129 17.2870 15.5062 16.5668 18.8190 19.2198 16.5168 14.9095 16.6324 20.4154 19.9935 20.4326 16.1168 13.5984 19.5117 17.5082 11.4126 19.0755 19.1703 15.3954 19.8014 17.5987 17.8635 18.6383 16.5985 13.1670 18.5261 20.1569 12.4301 19.3849 16.4395 17.8840 13.0060 16.5823 19.7627 17.6792 18.2903 21.4209 22.7558 22.4152 22.4863 22.4162 20.8626 22.3179 22.2609 22.6577 21.6217 22.1460 23.0654 22.3157 21.5944 21.2203 22.7451 22.8472 22.4408 21.8605 22.4284 22.3137 22.4604 21.5884 22.3283 22.4301 22.6207 22.3352 22.4760 22.7019 22.9549
22.0505 19.4100 19.9784 19.8745 21.5331 18.1284 20.9911 19.5869 21.6395 20.5188 23.3379 24.1294 23.9441 18.0740 20.6180 22.3396 21.1226 20.7749 20.6075 22.3799 18.6845 20.7195 15.1977 21.4496 22.0387 22.7099 19.6152 20.5239 22.5781 22.5647 0.0000 0.8591 1.7593 0.9220 1.6892 0.6415 1.5844 0.9030 0.8289 0.6418 1.9838 1.2447 0.6073 0.6575 1.6994 0.7074 0.4429 0.8592 1.7620 1.0761 1.0889 0.7830 1.9752 1.1818 1.0286 1.7404 2.4556 2.5524 0.5435 1.5253 8.3441 11.3901 10.0761 7.5409 9.0142 10.2343 8.7408 9.7136 11.2624 3.4911 10.4929 8.4550 1.5275 3.5723 7.9830 11.5568 8.7870 8.4854 7.5016 8.9110 10.1195 8.4638 4.0525 5.3116 7.7778 10.1615 9.5360 7.9276 7.4159 9.2475 11.6176 10.7997 3.3596 7.0271 7.2261 11.2988 16.5731 9.6557 8.7710 15.3147 8.0343 7.9603 15.1431 7.2027 10.2873 10.1973 7.7492 10.5956 14.5226 7.7132 7.1166 15.9152 9.7135 12.5819 10.1596 15.7834 12.2925 9.5741 10.3697 8.6015 1.9258 0.6243 0.7145 0.7178 1.0039 2.5720 0.9184 0.6856 0.7070 3.2043 1.2227 1.0028 1.0600 1.5876 2.1388 0.5469 0.7763 0.5113 1.4581 0.5267 0.7316 0.7586 1.6001 0.6427 0.7434 0.8849 0.7254 0.4480 0.5466 0.7476
22.0241 19.4495 20.0045 19.8633 21.4881 18.1310 20.9931 19.6645 21.6446 20.5427 23.3245 24.1069 23.9142 18.1200 20.6650 22.3337 21.1544 20.8074 20.6196 22.3781 18.7519 20.7256 15.2042 21.4594 22.0289 22.7112 19.6416 20.5210 22.5690 22.6059 0.8591 0.0000 2.1462 1.4239 2.1425 0.8974 1.7927 1.0728 1.3160 0.7677 2.0288 1.1124 1.0839 0.9853 1.6545 1.2072 0.9879 1.0249 1.9859 1.4620 1.5700 0.9179 2.1451 1.1574 1.0339 1.7759 2.7440 2.7806 0.7981 1.6821 8.2768 11.4779 10.1180 7.5644 9.1815 10.3184 8.8321 9.7590 11.3257 3.6450 10.6132 8.5138 1.9459 3.6391 8.0110 11.5750 8.8287 8.5500 7.5269 8.8598 10.0851 8.5259 3.8469 5.2214 7.9329 10.2138 9.5478 8.1268 7.4111 9.2806 11.6967 10.9650 3.4894 7.1522 7.2967 11.4262 16.7567 9.7976 8.9140 15.3933 8.2421 8.1496 15.3247 7.2809 10.3870 10.3283 7.8433 10.7986 14.6052 7.8504 7.2340 16.0438 9.8272 12.7591 10.3031 15.9151 12.4150 9.7255 10.5505 8.7947 2.2632 1.1593 1.0771 0.8483 0.8186 2.7956 1.2781 1.0134 0.5516 3.4071 1.2214 0.9538 1.0551 1.8480 2.3318 0.7682 0.8897 1.0248 1.8751 0.7550 1.2207 0.8768 1.6940 0.7931 1.0754 0.8012 0.8607 0.9258 1.0843 1.0319
21.0118 18.3156 18.9091 18.7830 20.5141 17.0057 19.9600 18.5324 20.6087 19.4545 22.3415 23.1524 22.9587 16.9488 19.5615 21.3188 20.0472 19.7330 19.5693 21.3516 17.5837 19.6603 14.0988 20.4160 21.0018 21.6930 18.5895 19.4649 21.5602 21.5566 1.7593 2.1462 0.0000 1.6546 0.6117 1.9541 0.8660 1.3752 1.1211 1.8462 1.4491 1.5185 2.1836 1.4120 1.6414 1.9300 1.9055 1.5134 1.3486 0.9279 0.8917 2.0382 1.3839 1.5195 1.5689 1.6897 1.4988 1.6689 2.0152 1.5780 7.3029 10.1032 8.7827 6.5385 7.7230 9.0480 7.5604 8.5196 10.0805 2.6804 9.2115 7.2739 1.1975 2.8096 6.7601 10.3463 7.6194 7.3346 6.4445 7.7999 9.0229 7.2403 3.4596 4.3476 6.3330 8.7868 8.3328 6.8342 6.5388 8.0208 10.3788 9.5470 2.6092 6.1352 6.4314 10.1224 15.4507 8.6116 7.6907 14.1811 6.9121 6.9045 14.1000 6.2080 9.1145 9.0754 6.7436 9.3232 13.2955 6.5736 6.1962 14.8278 8.6941 11.4731 9.0384 14.6735 11.1231 8.5448 9.2096 7.3263 1.0065 1.9310 1.6106 1.8784 2.0139 1.5576 1.5923 1.4319 2.0421 2.5150 1.7425 2.5485 1.9459 0.9123 1.2659 2.0493 2.2981 1.5233 0.9580 1.6888 1.5893 1.8435 1.5018 1.5513 1.5315 2.1304 1.6035 1.6021 1.7968 2.2203
21.9745 19.2910 19.8756 19.7625 21.4565 17.9787 20.9021 19.4661 21.5606 20.4102 23.2805 24.0736 23.8927 17.9238 20.5268 22.2678 21.0302 20.6727 20.5167 22.3052 18.5369 20.6233 15.0513 21.3574 21.9715 22.6412 19.5496 20.4343 22.5152 22.4756 0.9220 1.4239 1.6546 0.0000 1.5315 0.7528 1.5302 0.9688 1.0629 0.9486 2.0084 1.4491 1.1275 1.0825 1.9053 0.6566 0.7390 1.0971 1.2686 1.1828 1.1044 0.9698 1.9589 1.5408 0.9378 1.7575 1.9904 2.2540 0.9245 1.1908 8.0308 11.1240 9.7722 7.5139 8.5978 10.1437 8.3908 9.3427 11.0080 3.4889 10.1755 8.1143 1.2134 3.2396 8.0233 11.3569 8.4107 8.1506 7.0791 8.6107 10.1878 8.1318 4.2494 5.4057 7.4476 9.8630 9.1945 7.3464 7.0126 8.9521 11.3486 10.4477 3.2308 6.5139 6.7117 10.9458 16.3436 9.1927 8.3213 15.1744 7.5012 7.3767 14.8456 6.6669 9.8890 9.7846 7.2799 10.2592 14.3169 7.3116 6.5138 15.6675 9.2261 12.2159 9.7416 15.5319 11.9906 9.1140 9.9317 8.1454 1.7347 1.0518 0.8588 1.3070 1.6773 2.6070 1.4671 0.9006 1.1922 2.5827 1.8594 1.4928 1.8048 1.5497 2.1058 1.1039 1.4126 0.8894 1.5425 1.0664 0.8949 1.4079 1.7496 1.0270 0.7844 1.2602 1.2300 0.9716 1.0401 1.3335
