0.0000 3.1893 1.2394 2.0879 1.6734 3.1597 3.9602 6.6403 2.6118 4.5891 2.5294 2.9084 2.2849 6.5492 4.3256 0.8886 4.6987 2.7543 3.6885 2.8616 5.3696 1.4338 3.8117 4.8854 3.4651 3.1457 6.4437 2.9988 3.2914 4.1012 110.1125 110.5817 108.4696 110.6789 107.2692 110.2624 107.3793 108.8854 111.7727 111.6754 109.5318 109.4249 104.6631 107.2982 110.5071 108.7651 108.9124 110.8767 107.0909 108.8461 108.1141 108.4990 107.7376 107.1531 110.3271 110.6091 107.7871 105.6000 111.4256 109.5382 4.1341 4.1589 7.7497 7.8799 7.0001 6.5667 13.8062 10.5578 6.3384 12.1803 13.3979 11.8946 17.4380 11.4290 8.5026 6.8301 3.9532 6.7278 10.4556 6.7062 3.3031 8.2402 6.8148 6.5429 10.3723 8.8963 5.9446 12.9518 7.8782 3.4527 29.8786 37.2328 38.5997 39.9079 33.8653 27.0591 42.0361 38.6081 24.8152 29.6860 46.9649 32.0461 36.1319 36.0044 36.9666 27.4871 30.0684 32.3492 31.6956 36.2674 38.1305 30.8100 32.7225 33.2845 28.3383 32.6901 25.3265 34.6776 25.7360 39.9032 59.7735 68.8474 63.4647 72.2150 62.3869 64.8024 68.7987 65.3888 68.5462 67.8549 61.3823 64.5158 66.5715 64.8703 62.4884 61.9676 69.6370 62.2484 66.0859 66.5884 68.1604 61.6888 66.3669 70.5785 64.4923 67.7113 61.1556 67.6147 64.3091 69.6986
3.1893 0.0000 3.1883 2.0461 4.2334 3.9582 3.6515 7.1784 3.1243 3.6126 2.5132 5.1388 4.2623 5.8776 3.3213 3.2041 5.3690 2.9299 4.4460 4.7807 5.0983 2.9124 2.8800 5.7317 3.5113 3.0689 4.4538 3.4229 5.1648 4.1840 108.5729 109.1864 106.9066 108.9804 105.5875 108.7592 105.8075 107.3295 110.2004 110.1313 107.8967 107.9945 102.9795 105.6775 108.8350 107.1401 107.2750 109.3092 105.5497 107.1697 106.5042 106.7943 106.1189 105.5155 108.7410 109.0305 106.2396 104.0572 109.9509 107.9448 2.4445 2.2826 4.9660 5.7569 5.3623 4.0942 11.5552 8.1028 4.1713 9.8708 11.1575 9.5099 15.0692 8.9846 6.3404 4.7897 1.7811 4.6212 7.8742 4.4817 1.9665 6.1014 4.5410 4.9694 8.4378 7.2490 3.8718 10.7554 6.5509 1.6652 28.8093 36.1649 37.8330 38.8701 32.9873 25.9384 41.3622 37.9244 23.7239 28.7382 46.1725 30.9057 35.2314 35.1290 36.1914 26.8321 28.5666 31.4065 30.5211 35.4415 36.8209 29.3053 31.8389 32.1361 27.4376 31.7078 23.8804 33.6304 24.8418 38.9139 58.1605 66.9926 61.9504 70.4088 60.6497 62.9495 67.2938 63.5473 66.7785 66.1569 59.5811 62.6544 65.0024 63.3361 60.5452 60.0697 67.8918 60.6697 64.3354 64.8993 66.3004 60.3814 64.7379 69.0509 62.7405 65.9231 59.5021 65.9586 62.7926 67.8894
1.2394 3.1883 0.0000 1.9153 1.8567 3.1747 4.0660 6.8420 2.0866 4.4233 2.7339 3.5812 2.4348 6.0693 4.3981 1.5037 5.0936 2.5844 3.6000 3.2836 5.3452 1.3824 3.8443 4.8779 3.6374 2.7914 6.0534 2.5466 3.4316 3.9500 109.6730 110.0991 108.0705 110.2395 106.8501 109.8230 106.9772 108.4668 111.3557 111.2902 109.1075 108.9849 104.2365 106.8615 110.0571 108.3370 108.4752 110.4498 106.6559 108.4353 107.6758 108.0765 107.3062 106.7667 109.8932 110.1471 107.3525 105.1903 110.9867 109.1088 4.1894 4.2515 7.4164 7.5341 6.9461 6.5118 13.4230 10.2940 6.1898 11.9494 13.0682 11.7184 17.0852 11.1882 8.3205 6.4291 4.2324 6.5013 10.1090 6.3890 3.5116 8.1116 6.6810 6.3373 10.0328 8.6464 5.8345 12.6401 7.8533 3.5401 29.4107 36.7729 38.1906 39.5577 33.5619 26.4885 41.9149 38.3111 24.3121 29.0844 46.7637 31.7017 35.7316 35.5680 36.5110 26.9630 29.4191 32.0660 31.1838 35.9778 37.5744 30.2935 32.2993 32.8269 27.9624 32.2377 24.7954 34.2988 25.2554 39.5826 59.2184 68.2938 62.9293 71.6638 61.8280 64.2836 68.2504 64.8158 68.0111 67.2838 60.8170 63.9382 65.9758 64.2304 61.9417 61.3642 69.1008 61.6670 65.5073 66.0484 67.6660 61.1104 65.7628 70.0322 63.9421 67.1364 60.6161 67.0469 63.7402 69.1366
2.0879 2.0461 1.9153 0.0000 3.0955 2.9748 3.1551 6.6259 1.6748 3.2288 2.0468 4.4463 2.8477 5.3031 3.2177 2.0934 4.8502 1.8508 3.3552 3.5717 4.4923 1.4981 2.6619 4.5726 2.8712 2.0553 4.8979 2.1299 3.8652 3.3076 108.7151 109.2147 107.0772 109.2229 105.8046 108.8554 105.9901 107.4711 110.3739 110.2991 108.1009 108.0721 103.1968 105.8498 109.0435 107.3423 107.4676 109.4712 105.6826 107.3920 106.6933 107.0347 106.3024 105.7490 108.9054 109.1803 106.3488 104.1973 110.0379 108.1179 3.0901 3.1031 6.1400 6.3889 5.7083 5.0787 12.2076 8.9289 4.9065 10.5574 11.7376 10.3268 15.7764 9.8445 7.0241 5.2789 3.0781 5.1955 8.8179 5.1510 2.4849 6.7329 5.3286 5.1592 8.8256 7.5207 4.5209 11.3415 6.6952 2.4779 28.5666 35.8634 37.5003 38.6806 32.7268 25.6886 41.1337 37.5198 23.4163 28.3683 45.8943 30.7156 34.8680 34.7604 35.8367 26.3474 28.5272 31.1741 30.3121 35.0598 36.7230 29.2620 31.4834 31.9705 27.1124 31.3704 23.7981 33.4550 24.5041 38.7088 58.2312 67.2509 61.9490 70.6443 60.8305 63.2037 67.3453 63.8280 66.9903 66.2828 59.7858 62.8981 65.0717 63.3615 60.8632 60.3342 68.0920 60.7272 64.5344 65.0675 66.5787 60.2970 64.8554 69.0858 62.9348 66.1164 59.6200 66.0889 62.7994 68.1518
1.6734 4.2334 1.8567 3.0955 0.0000 3.7485 5.0167 6.9970 3.4773 5.6003 3.5208 2.5403 2.4618 7.4455 5.3396 1.6594 5.1883 3.8150 4.1667 3.0672 6.2721 2.1818 4.9432 5.4591 4.3458 4.0818 7.4531 3.8564 3.4916 5.0108 110.9670 111.3739 109.3348 111.5416 108.1472 111.0951 108.2353 109.7509 112.6263 112.5465 110.3907 110.2479 105.5261 108.1616 111.3831 109.6303 109.7751 111.7510 107.9356 109.7388 108.9665 109.3846 108.6207 108.0459 111.1860 111.4339 108.6349 106.4545 112.2612 110.3801 5.4248 5.4363 8.7861 9.0403 8.1425 7.7969 14.9068 11.6932 7.5073 13.3425 14.4760 13.0727 18.5497 12.6157 9.6873 7.9145 5.1294 7.9274 11.5985 7.8581 4.5985 9.4488 7.9700 7.6408 11.4465 10.0151 7.2050 14.0009 8.9785 4.6968 30.5721 37.8974 39.2058 40.6087 34.5106 27.6772 42.6221 39.2441 25.4945 30.3007 47.5893 32.7439 36.8033 36.6355 37.5383 28.0874 30.7890 33.0390 32.3506 36.8998 38.8074 31.5351 33.3516 33.9420 29.0403 33.3184 26.0423 35.3791 26.3612 40.5850 60.4978 69.6057 64.2143 73.0124 63.1298 65.6525 69.5710 66.2086 69.3343 68.6265 62.1204 65.2943 67.2827 65.5001 63.3060 62.7384 70.4830 62.9354 66.8440 67.3777 69.0227 62.2947 67.0597 71.3147 65.2990 68.5050 61.8875 68.3195 64.9956 70.5099
3.1597 3.9582 3.1747 2.9748 3.7485 0.0000 2.8045 4.2110 2.5581 3.2296 1.9622 4.8595 2.1124 5.0881 3.5059 3.1739 2.9977 2.6941 1.3883 2.8145 3.5685 2.4884 2.5014 3.6323 1.9223 2.4983 5.7050 2.3227 2.3640 2.2782 108.0366 108.4880 106.3907 108.5937 105.1803 108.0909 105.2129 106.7474 109.6006 109.5143 107.3660 107.2961 102.5766 105.1811 108.4317 106.6989 106.7861 108.7999 104.9588 106.7559 106.0123 106.3663 105.6501 104.9845 108.2515 108.4882 105.6559 103.4418 109.2343 107.3552 4.5277 4.5126 7.4950 7.2384 5.3294 5.9562 12.7763 9.4889 5.2934 10.8865 11.9360 10.7984 16.0769 10.3385 7.5465 6.2637 4.9484 5.6963 9.9341 6.2618 3.9641 7.5411 5.7553 5.1121 8.7746 7.8548 5.5915 11.5867 6.3024 4.3268 27.4240 35.0780 36.2999 37.3007 31.3109 24.8238 39.2327 36.2083 22.7652 27.7503 44.4914 29.6422 34.0476 33.9086 34.8512 25.4527 28.2565 29.6079 29.2709 33.8901 36.0221 28.6296 30.5038 30.9578 26.0270 30.2089 23.1657 32.2057 23.4840 37.2747 57.7271 66.7586 61.3567 70.2735 60.1798 62.7670 66.8119 63.5649 66.4940 65.9830 59.2893 62.5293 64.4525 62.8398 60.5657 60.1766 67.8018 60.1175 64.0110 64.5090 66.2421 59.5709 64.3747 68.4753 62.6393 65.8772 59.1115 65.5037 62.1870 67.8330
3.9602 3.6515 4.0660 3.1551 5.0167 2.8045 0.0000 5.5115 3.1357 1.8489 2.4594 6.2213 3.6474 4.5310 2.0112 3.9066 4.1918 2.1087 3.2962 3.8617 2.2194 3.4591 1.9502 3.1515 1.9603 2.4410 4.3085 2.6474 3.5801 2.1685 106.7448 107.2771 104.9883 107.2374 103.8155 106.8471 103.9060 105.4144 108.3148 108.1980 106.0744 106.0495 101.1959 103.8796 107.1225 105.3284 105.4746 107.4496 103.6763 105.4110 104.6725 105.0209 104.3502 103.7062 106.8925 107.2057 104.3404 102.1252 108.0383 106.0847 3.1637 3.6248 6.2685 5.6503 3.6504 4.1331 11.0403 7.7312 4.0839 9.1275 10.2825 8.7965 14.4357 8.5365 5.5911 4.7895 4.1784 4.2680 8.4426 4.6427 3.1040 5.3151 4.1049 3.4099 7.2518 6.0320 3.8911 9.7455 4.3111 3.4847 26.6557 33.9367 35.3125 36.4588 30.3413 24.0288 38.5597 35.1680 21.7471 26.7658 43.4161 28.5370 32.7888 32.7153 33.7908 24.5680 27.2907 28.9700 28.5643 32.8003 35.0180 27.6113 29.4532 29.9958 24.9409 29.4337 22.1598 31.2455 22.6039 36.4171 56.6471 65.6591 60.2176 69.1151 59.3009 61.6228 65.8045 62.3139 65.3655 64.7615 58.2285 61.4415 63.5953 61.9554 59.3500 59.0237 66.4644 59.0673 63.0372 63.4210 64.8898 58.6518 63.3306 67.3890 61.3742 64.6907 57.9684 64.4323 61.1526 66.6242
6.6403 7.1784 6.8420 6.6259 6.9970 4.2110 5.5115 0.0000 6.3234 5.7711 5.3125 7.3281 5.4965 7.2593 6.2429 6.6531 2.6584 6.3223 3.8616 5.1556 5.4533 6.2000 5.1746 6.0813 4.6415 6.0898 8.1966 6.0680 5.1956 5.3683 107.7283 108.2494 106.0293 108.3211 104.8660 107.7071 104.8092 106.2950 109.1732 109.0517 106.9311 106.9780 102.2665 104.8162 108.1204 106.3825 106.3798 108.5021 104.6434 106.4309 105.7076 105.9575 105.3855 104.4974 107.9624 108.2050 105.2673 103.0709 108.8260 106.9201 7.4421 7.2498 9.8080 9.3414 6.6366 8.0316 14.1948 11.1247 6.8603 11.9394 12.9558 11.9314 16.8094 11.6093 9.2773 8.7131 7.8021 7.7726 11.8195 8.7272 6.8724 9.4254 7.3994 6.9472 9.7832 9.5826 7.9400 12.6833 7.1572 7.4267 26.7876 34.8286 35.9154 36.0444 30.1186 24.8257 37.0052 35.4494 22.9997 27.9315 43.4718 28.9713 33.7732 33.7240 34.4104 25.4280 28.7806 27.9557 28.7402 33.0518 36.0775 28.5954 30.3078 30.7347 25.7495 29.4485 23.0661 31.4276 23.2201 36.0574 57.5690 66.5303 61.1569 70.1843 59.7536 62.4691 66.6745 63.6529 66.2486 66.0752 59.1150 62.4169 64.1330 62.8383 60.5860 60.4110 67.8042 59.7967 63.6920 64.2153 66.1166 59.2667 64.3856 68.3130 62.6230 66.0018 58.9604 65.3176 61.8661 67.9738
2.6118 3.1243 2.0866 1.6748 3.4773 2.5581 3.1357 6.3234 0.0000 3.0228 2.4403 5.1017 2.7372 4.2986 3.5390 2.7771 4.9415 1.6930 2.8975 3.7392 4.0081 1.8657 2.8544 4.0387 2.9502 1.3536 4.7695 1.3404 3.4387 2.5155 107.9388 108.3579 106.3566 108.5280 105.1040 108.0578 105.2486 106.7171 109.6209 109.5579 107.3653 107.2515 102.4976 105.1020 108.3011 106.6210 106.7232 108.7153 104.9063 106.6824 105.9641 106.3322 105.5509 105.0214 108.1638 108.4081 105.5914 103.4508 109.2233 107.3626 3.5701 3.7561 6.4694 6.2354 5.5685 5.4812 11.9353 8.9025 5.0468 10.4176 11.4814 10.3759 15.5160 9.7859 6.9964 5.1056 4.3146 5.0569 8.8777 5.1133 3.2370 6.8816 5.5220 4.8354 8.4289 7.1471 4.7151 11.1245 6.4937 3.2895 27.6300 35.0163 36.5440 37.7951 31.9058 24.7324 40.4139 36.6635 22.5297 27.3911 45.1748 29.9828 34.0576 33.8971 34.9148 25.2941 27.6735 30.3250 29.3764 34.3115 35.8401 28.4778 30.6080 31.0899 26.2510 30.4436 23.0200 32.5687 23.5579 37.8623 57.4754 66.5786 61.1508 69.9318 60.0645 62.5387 66.5001 63.1335 66.2759 65.5642 59.0884 62.2007 64.2208 62.5254 60.2115 59.6687 67.3745 59.9496 63.7835 64.3097 65.9407 59.4274 64.0624 68.2642 62.2348 65.3878 58.9019 65.3247 62.0203 67.4411
4.5891 3.6126 4.4233 3.2288 5.6003 3.2296 1.8489 5.7711 3.0228 0.0000 2.8440 6.9301 4.3611 3.7790 2.1476 4.5871 4.6100 2.3781 3.3591 4.5526 2.1501 3.8482 1.9364 3.6552 2.4174 2.2997 3.5246 2.6907 4.4654 2.3983 106.0647 106.5888 104.3631 106.5578 103.1203 106.1810 103.2881 104.7605 107.6749 107.5939 105.3993 105.4227 100.5014 103.1785 106.4026 104.6622 104.7680 106.8026 103.0177 104.7411 104.0271 104.3329 103.6620 103.0554 106.2298 106.5006 103.6452 101.4949 107.3792 105.4060 3.1563 3.6565 5.3623 4.7970 3.2451 3.5469 10.1501 6.8526 3.2966 8.2105 9.2676 8.0645 13.4415 7.7152 4.8687 3.8789 4.2770 3.4308 7.4959 3.7854 3.2854 4.7148 3.4053 2.6825 6.2731 5.3179 3.3248 8.8233 3.8206 3.6097 25.9052 33.1258 34.8704 35.8295 29.8338 23.1853 38.2372 34.7425 20.8455 25.9787 43.0639 27.8408 32.1415 32.1207 33.2288 23.9518 26.2968 28.3438 27.7014 32.2334 34.2075 26.6595 28.8279 29.3216 24.4064 28.6819 21.2002 30.6618 21.9011 35.8668 55.7565 64.7448 59.3489 68.1765 58.3448 60.7010 64.9616 61.3824 64.4789 63.8451 57.2784 60.4692 62.6455 61.0167 58.4258 58.0401 65.6067 58.1574 62.0779 62.5298 63.9931 57.8304 62.4495 66.5404 60.4885 63.7464 57.0942 63.5735 60.2613 65.7637
2.5294 2.5132 2.7339 2.0468 3.5208 1.9622 2.4594 5.3125 2.4403 2.8440 0.0000 4.4869 2.4858 5.5557 2.5241 2.5011 3.5233 2.0917 2.5813 2.8637 3.7123 1.9914 2.0809 3.9756 1.7470 2.3926 5.2000 2.3728 3.1334 2.9244 108.4404 108.9755 106.7508 108.9207 105.5116 108.5437 105.6055 107.1542 110.0165 109.9346 107.7566 107.7769 102.9012 105.5704 108.7878 107.0417 107.1581 109.1691 105.3767 107.1109 106.3831 106.7018 106.0231 105.3756 108.6190 108.8859 106.0742 103.8560 109.7344 107.7680 3.4086 3.4816 6.4946 6.6296 5.0767 4.9110 12.3707 8.8633 4.6749 10.4467 11.6063 10.1540 15.7417 9.7604 6.9654 5.6867 3.3660 5.1785 9.2074 5.4804 2.7169 6.7561 5.0203 4.8269 8.6577 7.5650 4.7444 11.1895 6.0552 3.0645 28.1611 35.5811 37.0201 38.0256 32.0208 25.4549 40.0673 36.9138 23.2464 28.3123 45.1056 30.1594 34.5641 34.4799 35.5511 26.2009 28.6416 30.4453 29.9743 34.4846 36.5467 29.0320 31.1425 31.5346 26.6414 30.9545 23.5982 32.8949 24.1783 38.0178 58.1339 67.0648 61.7816 70.5757 60.6403 63.0599 67.3118 63.7798 66.8485 66.2779 59.6058 62.8305 64.9578 63.3021 60.7602 60.3942 68.0303 60.5487 64.4093 64.9260 66.4502 60.1564 64.7607 68.9016 62.9083 66.1467 59.4886 65.9182 62.6277 68.1064
2.9084 5.1388 3.5812 4.4463 2.5403 4.8595 6.2213 7.3281 5.1017 6.9301 4.4869 0.0000 3.6254 9.0722 6.3603 2.8830 5.3799 5.3763 5.2196 3.8291 7.6195 3.6323 5.8695 6.8363 5.2253 5.7137 9.0050 5.4197 4.6513 6.4078 112.6332 113.0997 110.9768 113.1690 109.7430 112.7136 109.7997 111.3577 114.2136 114.1190 111.9773 111.8945 107.1492 109.7854 113.0074 111.2793 111.3985 113.3751 109.5518 111.3081 110.6015 110.9507 110.2051 109.5765 112.8284 113.0902 110.2669 108.0338 113.8519 111.9711 6.3801 6.0925 9.8756 10.3835 9.2097 8.7341 16.3517 12.9265 8.4108 14.4976 15.7895 14.2454 19.8342 13.7427 10.8849 9.3768 5.5544 9.0342 12.7308 9.1813 5.4299 10.6636 9.0064 8.9970 12.7994 11.5030 8.2403 15.4223 10.1494 5.5489 32.1656 39.6318 40.9080 42.0377 36.0014 29.4707 43.6420 40.7010 27.2802 32.2475 48.8442 34.2404 38.5239 38.4641 39.4483 29.9973 32.6064 34.3154 33.9773 38.3425 40.6445 33.1983 35.0905 35.5916 30.5983 34.9076 27.7699 36.9440 28.1707 41.9890 62.3144 71.3161 65.9583 74.7687 64.7807 67.3027 71.3415 67.9973 71.0603 70.4699 63.8494 67.0152 69.0499 67.3872 65.0098 64.5334 72.2531 64.7579 68.5683 69.1150 70.7356 64.2208 68.9198 73.0834 67.1191 70.2894 63.7063 70.1217 66.8284 72.2729
2.2849 4.2623 2.4348 2.8477 2.4618 2.1124 3.6474 5.4965 2.7372 4.3611 2.4858 3.6254 0.0000 6.3072 4.0750 2.1390 3.9359 2.9214 2.5495 2.0416 4.6502 1.9538 3.7317 3.7345 2.8271 3.2260 6.8141 2.5889 1.7275 3.4791 109.4202 109.8128 107.7536 109.9925 106.5610 109.4529 106.5758 108.1348 110.9937 110.9091 108.7705 108.6478 103.9430 106.5917 109.8407 108.0867 108.1904 110.1516 106.3130 108.1514 107.3854 107.7735 107.0186 106.4194 109.6087 109.8490 107.0249 104.8028 110.6114 108.7488 5.0974 5.1600 8.4521 8.3457 6.7519 6.9680 14.0438 10.7352 6.6127 12.2386 13.2964 12.0403 17.4840 11.6272 8.7728 7.2925 5.1447 6.9376 11.0629 7.2189 4.4049 8.5643 7.0289 6.3965 10.2310 9.0817 6.5368 12.9028 7.6091 4.6718 28.8310 36.2287 37.4373 38.7052 32.6323 26.0998 40.5936 37.2984 23.9315 28.8566 45.5528 30.8993 35.1345 35.0001 36.0700 26.5840 29.5250 31.1187 30.6537 34.9761 37.3090 29.9422 31.6485 32.1817 27.1677 31.4989 24.5267 33.5677 24.7720 38.6443 59.1033 68.1888 62.6678 71.6890 61.6841 64.2414 68.2138 64.9571 67.9491 67.3213 60.6931 63.9617 65.8969 64.1587 61.9558 61.5402 69.1279 61.4974 65.4938 65.9753 67.6596 60.9240 65.7183 69.7932 64.0143 67.2163 60.5026 66.8914 63.5500 69.2072
6.5492 5.8776 6.0693 5.3031 7.4455 5.0881 4.5310 7.2593 4.2986 3.7790 5.5557 9.0722 6.3072 0.0000 5.2680 6.7106 6.9726 4.5437 5.1817 7.0709 4.1688 5.8282 4.4488 5.5092 5.2993 3.6707 3.4355 4.2827 6.3319 3.3857 103.9505 104.4017 102.4445 104.6316 101.2125 104.1262 101.3719 102.7577 105.7087 105.6182 103.4521 103.2846 98.6279 101.1334 104.3348 102.6860 102.7819 104.7818 100.9834 102.7493 102.0525 102.4301 101.6194 101.0743 104.2407 104.5114 101.6544 99.5615 105.2749 103.4570 5.0019 5.3377 6.0223 4.3920 4.1821 5.3188 8.8257 6.6626 4.5734 7.7371 8.5532 8.0997 12.3047 7.4444 5.1013 3.6429 6.7372 3.7781 6.9720 4.2019 5.4077 5.5002 4.8390 3.2709 5.3074 4.3184 4.4646 8.3024 5.0406 5.5462 23.8496 31.5443 33.0137 34.2116 28.5012 21.0531 37.4945 33.4400 18.9751 23.7737 42.2446 26.6876 30.6395 30.3644 31.1749 21.5564 23.8530 26.8223 25.6417 31.2316 32.0484 24.8545 27.0947 27.5794 22.8372 26.8654 19.3160 28.8743 19.8452 34.3534 53.5557 62.7725 57.3289 65.9982 56.1453 58.6371 62.4237 59.2429 62.3320 61.6714 55.3217 58.3229 60.2568 58.7158 56.4512 55.8388 63.5161 56.1491 59.8385 60.3311 62.0462 55.5030 60.2029 64.4175 58.3105 61.4906 55.0191 61.4804 58.2179 63.5256
4.3256 3.3213 4.3981 3.2177 5.3396 3.5059 2.0112 6.2429 3.5390 2.1476 2.5241 6.3603 4.0750 5.2680 0.0000 4.1521 4.6850 2.4262 3.9658 4.1909 2.7356 3.7864 2.3833 3.4990 2.4541 3.0169 4.6028 3.1515 4.2261 3.1775 106.9322 107.4905 105.1552 107.3537 103.9039 107.0360 104.0361 105.6149 108.4781 108.3923 106.1767 106.3063 101.2707 104.0579 107.2726 105.4674 105.6019 107.6238 103.8512 105.5387 104.8199 105.1248 104.4723 103.8468 107.0653 107.3269 104.4841 102.2885 108.2488 106.2283 3.3670 3.7967 5.9104 5.8228 3.9375 3.7038 11.0407 7.3894 4.1793 8.9676 10.1132 8.5515 14.3025 8.3381 5.6204 4.8763 3.7891 4.2593 8.2505 4.5616 3.3711 5.1372 3.8996 3.6322 7.4198 6.3623 4.1455 9.5634 4.4882 3.6128 26.9709 34.0433 35.6517 36.7043 30.6358 24.2318 38.8556 35.3388 21.8037 27.0130 43.4718 28.5891 32.8919 32.9594 34.3098 25.0547 27.4348 29.3227 28.7932 32.8706 35.1462 27.5977 29.6382 30.1203 25.0879 29.6864 22.2054 31.5257 22.9383 36.6452 56.8053 65.6390 60.2555 69.2093 59.4135 61.6982 66.0841 62.4025 65.5105 64.8467 58.2244 61.4915 63.7852 62.0451 59.3273 59.0551 66.5542 59.1678 63.2023 63.5849 64.9406 58.9425 63.4548 67.5034 61.5087 64.7605 58.0824 64.5043 61.2092 66.7391
0.8886 3.2041 1.5037 2.0934 1.6594 3.1739 3.9066 6.6531 2.7771 4.5871 2.5011 2.8830 2.1390 6.7106 4.1521 0.0000 4.6633 2.7650 3.7595 2.6647 5.3258 1.5550 3.8252 4.7370 3.4262 3.2759 6.5457 3.0581 3.1844 4.1926 110.1689 110.6401 108.4973 110.7136 107.3037 110.3103 107.4099 108.9347 111.8149 111.7157 109.5634 109.4823 104.6912 107.3498 110.5664 108.8041 108.9480 110.9271 107.1365 108.8964 108.1493 108.5313 107.7866 107.2000 110.3731 110.6473 107.8243 105.6349 111.4854 109.5815 4.2310 4.2875 7.8264 7.9989 7.0224 6.5637 13.8893 10.5601 6.4061 12.2282 13.4315 11.8895 17.5118 11.4822 8.5595 6.9423 3.9618 6.8237 10.5645 6.7888 3.3911 8.2290 6.8057 6.5616 10.4402 8.9654 6.0628 12.9612 7.8477 3.5806 29.9396 37.2329 38.6089 39.9228 33.8381 27.1138 41.9824 38.5541 24.8426 29.7290 46.8753 32.0111 36.0955 35.9925 37.0054 27.5534 30.1745 32.3809 31.7571 36.2012 38.1667 30.8479 32.7054 33.2993 28.3179 32.7180 25.3586 34.6943 25.7672 39.8947 59.8324 68.8894 63.5012 72.2948 62.4629 64.8688 68.8987 65.4760 68.6289 67.9110 61.4313 64.5960 66.6704 64.9349 62.5460 62.0564 69.7064 62.2933 66.1789 66.6703 68.2197 61.7582 66.4348 70.6448 64.5616 67.7966 61.2030 67.6585 64.3349 69.7828
4.6987 5.3690 5.0936 4.8502 5.1883 2.9977 4.1918 2.6584 4.9415 4.6100 3.5233 5.3799 3.9359 6.9726 4.6850 4.6633 0.0000 4.7464 2.8172 3.2036 4.6671 4.4854 3.7609 4.9885 3.0459 4.7786 7.3597 4.7750 3.9804 4.4822 108.8446 109.3953 107.1175 109.3934 105.9472 108.9178 105.9513 107.4808 110.3498 110.2329 108.0937 108.1609 103.3513 105.9683 109.2477 107.4495 107.5160 109.6151 105.7907 107.5454 106.8236 107.0889 106.4798 105.6685 109.0637 109.3141 106.3969 104.2293 110.0705 108.0901 5.8344 5.7159 8.7660 8.5977 6.1970 6.8875 13.9611 10.5594 6.0240 11.7202 12.8870 11.5025 16.9138 11.2392 8.5396 7.8139 5.8259 7.0261 11.1542 7.7215 5.0580 8.4886 6.5367 6.3147 9.7500 9.0303 6.7704 12.4886 6.6695 5.7449 28.1894 35.8289 37.1837 37.6134 31.5505 25.9273 38.7272 36.6638 23.8127 28.9334 44.7166 30.0641 34.6726 34.7565 35.5931 26.5565 29.6372 29.6640 30.0942 34.1611 37.1114 29.6031 31.3202 31.9197 26.8274 30.8591 24.0405 32.7789 24.3325 37.5733 58.6797 67.6268 62.2541 71.2089 61.0108 63.5652 67.8251 64.5697 67.3870 67.0018 60.1951 63.4737 65.3829 63.9563 61.5693 61.3100 68.8028 60.9653 64.8719 65.3343 67.0365 60.5060 65.4574 69.4729 63.6030 66.9658 60.0182 66.4506 63.0069 68.9296
2.7543 2.9299 2.5844 1.8508 3.8150 2.6941 2.1087 6.3223 1.6930 2.3781 2.0917 5.3763 2.9214 4.5437 2.4262 2.7650 4.7464 0.0000 3.2254 3.4625 3.1442 2.2604 2.4157 3.2567 2.4709 1.4522 4.4758 1.5813 3.2643 2.3683 107.5993 108.0721 105.9237 108.1483 104.7189 107.7494 104.8671 106.3674 109.2521 109.1623 106.9949 106.9383 102.1001 104.7800 107.9965 106.2309 106.3682 108.3579 104.5759 106.3266 105.5838 105.9653 105.2210 104.6596 107.7990 108.0672 105.2319 103.0735 108.9378 107.0208 3.1110 3.5425 6.3030 5.9403 4.9029 4.7672 11.5758 8.3494 4.7509 9.9538 11.0398 9.6624 15.1565 9.3058 6.3988 4.8349 3.8526 4.7535 8.6823 4.7893 2.8649 6.0563 4.9099 4.2116 8.0498 6.6377 4.3615 10.5437 5.5849 3.0663 27.4764 34.6679 36.1736 37.5024 31.4517 24.6093 39.9347 36.1694 22.2723 27.2069 44.5820 29.5222 33.5683 33.4629 34.5741 25.1164 27.6781 30.0888 29.2925 33.8084 35.6080 28.2755 30.2023 30.7930 25.8338 30.2650 22.7979 32.2299 23.2874 37.4981 57.2896 66.3511 60.8999 69.7521 59.9794 62.3278 66.3992 62.9231 66.0865 65.3377 58.8836 62.0677 64.1817 62.4277 59.9962 59.5376 67.1183 59.7293 63.6897 64.1252 65.6268 59.2618 63.9137 68.0675 62.0025 65.2545 58.6421 65.1011 61.7758 67.2458
3.6885 4.4460 3.6000 3.3552 4.1667 1.3883 3.2962 3.8616 2.8975 3.3591 2.5813 5.2196 2.5495 5.1817 3.9658 3.7595 2.8172 3.2254 0.0000 2.9942 3.8126 2.9856 2.7907 3.9052 2.1443 3.0042 5.9741 2.6770 2.8923 2.7868 107.9901 108.4233 106.3509 108.5565 105.1250 108.0250 105.1678 106.6765 109.5535 109.4875 107.3169 107.2577 102.5325 105.1183 108.3705 106.6557 106.7259 108.7580 104.9035 106.7139 105.9844 106.3031 105.6040 104.9412 108.1942 108.4275 105.5695 103.3989 109.1785 107.2743 5.0219 4.9828 7.6909 7.4650 5.5784 6.2446 12.9199 9.7077 5.3801 10.9860 11.9513 10.9350 16.0958 10.4808 7.7368 6.4944 5.3553 5.9459 10.1120 6.5126 4.4665 7.7882 5.9844 5.3521 8.8180 8.1088 5.7875 11.6693 6.4300 4.8317 27.2138 34.8280 36.2365 37.0690 31.1088 24.6403 38.9461 36.0566 22.5957 27.6037 44.3272 29.3888 33.8822 33.7678 34.7080 25.3229 28.1371 29.3148 29.0085 33.5991 35.9251 28.4391 30.3514 30.8392 25.9209 29.9075 22.9613 32.0600 23.3234 37.0777 57.5632 66.6205 61.1971 70.1272 59.9862 62.6144 66.6974 63.4647 66.3492 65.8577 59.1166 62.3625 64.2538 62.6739 60.4618 60.0467 67.7046 59.9069 63.8203 64.3529 66.1127 59.4027 64.2402 68.3247 62.5230 65.7462 58.9650 65.3794 62.0131 67.7575
2.8616 4.7807 3.2836 3.5717 3.0672 2.8145 3.8617 5.1556 3.7392 4.5526 2.8637 3.8291 2.0416 7.0709 4.1909 2.6647 3.2036 3.4625 2.9942 0.0000 4.6322 2.9205 4.1020 3.6347 3.0081 4.0144 7.4425 3.6227 2.1247 4.1986 109.8405 110.2484 108.1184 110.4078 106.9894 109.9091 107.0082 108.5376 111.4187 111.3193 109.1886 109.1133 104.3405 107.0233 110.3026 108.4646 108.5833 110.5819 106.7806 108.6163 107.8158 108.1872 107.5084 106.8567 110.0308 110.2795 107.4074 105.2347 111.1002 109.1718 5.5161 5.7430 9.0191 8.8676 7.1024 7.2725 14.5303 11.1400 6.9585 12.5885 13.6992 12.2648 17.8738 12.0340 9.1073 7.8773 5.4229 7.5239 11.6303 7.7667 4.6861 8.7507 7.2583 6.7700 10.6400 9.3803 6.9709 13.1336 7.4546 5.2445 29.2356 36.4165 37.7985 38.9000 32.6730 26.5997 40.3791 37.4044 24.2473 29.2774 45.5937 31.0039 35.1613 35.2156 36.2477 26.9897 30.1914 31.2332 31.1266 34.9524 37.8048 30.4088 31.9028 32.6530 27.4717 31.8433 24.8866 33.8523 25.0447 38.8164 59.5981 68.6785 63.0802 72.2168 62.2376 64.6999 68.8147 65.4486 68.4552 67.7869 61.1941 64.5136 66.4452 64.7512 62.5134 62.1427 69.6207 61.9011 66.0183 66.4243 68.0317 61.3615 66.2708 70.3097 64.4901 67.8033 60.9494 67.3789 63.8921 69.8230
5.3696 5.0983 5.3452 4.4923 6.2721 3.5685 2.2194 5.4533 4.0081 2.1501 3.7123 7.6195 4.6502 4.1688 2.7356 5.3258 4.6671 3.1442 3.8126 4.6322 0.0000 4.7534 3.1546 2.6384 3.0216 3.2474 4.7083 3.4637 4.1431 2.6263 105.4599 105.9353 103.7164 106.0290 102.5651 105.5583 102.6609 104.1506 107.0487 106.9407 104.7901 104.7796 99.9276 102.6305 105.8972 104.0834 104.1776 106.2043 102.4236 104.2002 103.4271 103.7894 103.1037 102.4526 105.6517 105.9105 103.0256 100.8577 106.7375 104.8083 4.5260 5.1461 6.9301 5.7955 3.5927 4.7464 10.6283 7.4873 4.6697 8.6610 9.6261 8.4525 13.7845 8.3578 5.6478 5.0146 5.7282 4.5463 8.6572 5.0283 4.6114 5.3599 4.4128 3.0562 6.6158 5.5641 4.7791 9.0169 3.4472 5.0925 25.1676 32.3299 33.8330 34.8921 28.7375 22.5664 37.0295 33.5666 20.1421 25.2788 41.8929 26.9627 31.1476 31.1478 32.3001 23.0831 26.0942 27.4164 27.0805 31.1744 33.5904 26.2027 27.8790 28.5330 23.4083 27.8840 20.7068 29.7470 21.0474 34.8572 55.3557 64.4101 58.8006 67.8900 58.0401 60.4040 64.5555 61.1351 64.1608 63.4976 56.9563 60.2550 62.2786 60.6339 58.1911 57.9113 65.2432 57.7005 61.8243 62.1454 63.6620 57.2606 62.0940 66.0545 60.1627 63.4716 56.6699 63.1373 59.7217 65.5025
1.4338 2.9124 1.3824 1.4981 2.1818 2.4884 3.4591 6.2000 1.8657 3.8482 1.9914 3.6323 1.9538 5.8282 3.7864 1.5550 4.4854 2.2604 2.9856 2.9205 4.7534 0.0000 3.1861 4.5105 2.9027 2.4719 5.7660 2.1864 3.0145 3.4566 109.3351 109.7854 107.7010 109.8642 106.4512 109.4284 106.5829 108.0748 110.9669 110.8891 108.7138 108.6303 103.8451 106.4724 109.6837 107.9861 108.1001 110.0874 106.2760 108.0454 107.3044 107.6729 106.9321 106.3624 109.5300 109.7850 106.9751 104.7802 110.5906 108.7207 3.9132 3.8988 7.1385 7.2926 6.3421 6.0271 13.1542 9.8952 5.7031 11.4791 12.6175 11.2872 16.6890 10.7675 7.9573 6.2028 3.9016 6.0703 9.8468 6.1346 3.2239 7.7498 6.1786 5.8890 9.6009 8.3935 5.5111 12.2328 7.3476 3.2824 28.9489 36.3669 37.8047 39.0250 33.0416 26.1275 41.2974 37.8331 23.9523 28.8123 46.1836 31.1836 35.3632 35.2055 36.2326 26.7053 29.1275 31.4794 30.7377 35.4687 37.2577 29.8353 31.9355 32.3669 27.4998 31.7541 24.3815 33.8538 24.9288 39.0529 58.8692 67.9101 62.5472 71.3484 61.4391 63.8910 67.9677 64.5385 67.6442 66.9855 60.4265 63.5850 65.6541 63.9396 61.5630 61.0628 68.7653 61.3159 65.1623 65.7276 67.3276 60.8165 65.4736 69.6657 63.6290 66.8357 60.2670 66.7041 63.3842 68.8393
3.8117 2.8800 3.8443 2.6619 4.9432 2.5014 1.9502 5.1746 2.8544 1.9364 2.0809 5.8695 3.7317 4.4488 2.3833 3.8252 3.7609 2.4157 2.7907 4.1020 3.1546 3.1861 0.0000 4.2606 1.8868 2.2965 4.1374 2.6364 4.1861 2.3907 107.1072 107.7027 105.4218 107.5924 104.1630 107.2345 104.2949 105.8018 108.6939 108.5877 106.4170 106.4715 101.5802 104.2130 107.4291 105.7069 105.8219 107.8549 104.0599 105.7386 105.0676 105.3514 104.6731 104.0118 107.2925 107.5821 104.7192 102.5341 108.4022 106.4385 2.9216 2.8174 5.6019 5.4170 3.5906 3.8160 11.0342 7.5972 3.2126 9.0242 10.2197 8.8064 14.3118 8.3902 5.5692 4.5530 3.4315 3.8504 7.9397 4.4402 2.5954 5.4884 3.7381 3.5515 7.1841 6.3098 3.5514 9.9022 4.8076 2.9721 26.9305 34.4690 36.0061 36.8409 30.9103 24.3519 39.0267 35.8674 22.1767 27.2544 44.1269 29.0197 33.4646 33.4097 34.4423 25.1347 27.4290 29.2150 28.7707 33.4260 35.3603 27.8487 30.0377 30.4818 25.5523 29.7874 22.3655 31.7083 23.0726 36.8491 56.8440 65.7760 60.5251 69.2325 59.2991 61.6809 65.9492 62.4790 65.5038 64.9707 58.3426 61.4980 63.6625 62.1130 59.4736 59.0888 66.7298 59.2916 63.0731 63.5710 65.0886 58.9508 63.5495 67.6721 61.5775 64.8430 58.1921 64.6594 61.3934 66.7867
4.8854 5.7317 4.8779 4.5726 5.4591 3.6323 3.1515 6.0813 4.0387 3.6552 3.9756 6.8363 3.7345 5.5092 3.4990 4.7370 4.9885 3.2567 3.9052 3.6347 2.6384 4.5105 4.2606 0.0000 3.4456 3.7782 6.4362 3.3980 2.9428 3.1858 106.7534 107.1040 105.0064 107.3591 103.9140 106.8212 103.9065 105.4818 108.3341 108.2341 106.1296 105.9908 101.2566 103.9900 107.2874 105.3974 105.5332 107.4810 103.6709 105.5537 104.7291 105.1600 104.4175 103.8318 106.9307 107.1704 104.3010 102.1179 108.0099 106.1045 5.6982 6.3021 8.6285 7.7273 5.7265 6.5646 12.6098 9.4740 6.6534 10.8077 11.6585 10.5264 15.8935 10.4676 7.6745 6.7969 6.4642 6.4703 10.6214 6.7827 5.5081 7.2445 6.5016 5.2133 8.7838 7.4924 6.4143 11.0255 5.6161 5.9582 26.4181 33.2943 34.5918 36.0904 29.7944 23.6455 37.9799 34.2104 21.1700 26.2833 42.5223 27.9733 31.9723 32.0148 33.2843 23.9818 27.4950 28.7092 28.3227 31.8758 34.7285 27.5085 28.6578 29.5576 24.2626 28.9496 22.1231 30.8431 22.0574 35.9153 56.7555 65.8990 60.0736 69.4091 59.5719 62.0084 65.9713 62.6758 65.6811 64.8887 58.4072 61.8135 63.7230 61.8884 59.7513 59.4242 66.7524 59.0550 63.3967 63.6240 65.1781 58.5051 63.4011 67.3184 61.6880 64.9666 58.0751 64.4658 61.0239 66.9760
3.4651 3.5113 3.6374 2.8712 4.3458 1.9223 1.9603 4.6415 2.9502 2.4174 1.7470 5.2253 2.8271 5.2993 2.4541 3.4262 3.0459 2.4709 2.1443 3.0081 3.0216 2.9027 1.8868 3.4456 0.0000 2.6942 5.3095 2.5143 3.0372 2.5487 107.7606 108.2778 106.0250 108.2517 104.7982 107.8275 104.8789 106.4296 109.2816 109.2084 107.0444 107.0555 102.2059 104.8753 108.1226 106.3663 106.4638 108.4855 104.6592 106.4044 105.6986 106.0036 105.3217 104.6610 107.9153 108.1784 105.3219 103.1132 108.9893 107.0224 3.7900 3.9354 6.8116 6.6732 4.6060 4.9253 12.1583 8.7212 4.5487 10.0614 11.1720 9.8477 15.3844 9.5022 6.6311 5.7253 4.2080 5.0122 9.2849 5.5410 3.3881 6.5059 4.8843 4.4476 8.2054 7.2890 4.6490 10.7852 5.3296 3.7667 27.3993 34.7413 36.2144 37.1314 31.0918 24.7920 38.9770 35.9291 22.6011 27.7345 44.0603 29.2179 33.7210 33.6920 34.7950 25.5204 28.1909 29.5034 29.2112 33.4569 35.9166 28.3743 30.3071 30.7765 25.7858 30.0766 22.9775 32.0471 23.4667 37.0876 57.5718 66.5264 61.1188 70.0237 60.0658 62.5337 66.7459 63.2968 66.2855 65.7555 59.0562 62.3052 64.4056 62.7877 60.2647 59.9524 67.4953 59.9244 63.8811 64.3062 65.8678 59.5696 64.2547 68.2871 62.3965 65.6265 58.8982 65.3332 62.0539 67.6010
3.1457 3.0689 2.7914 2.0553 4.0818 2.4983 2.4410 6.0898 1.3536 2.2997 2.3926 5.7137 3.2260 3.6707 3.0169 3.2759 4.7786 1.4522 3.0042 4.0144 3.2474 2.4719 2.2965 3.7782 2.6942 0.0000 3.9760 1.6170 3.6474 1.8658 107.1505 107.6217 105.5434 107.7403 104.3186 107.3111 104.4630 105.9338 108.8319 108.7443 106.5755 106.4797 101.7128 104.3272 107.5359 105.8211 105.9362 107.9391 104.1429 105.8958 105.1775 105.5554 104.7844 104.2148 107.3861 107.6444 104.8147 102.6735 108.4748 106.5866 3.1060 3.4096 5.9949 5.5176 4.6454 4.7746 11.1761 8.1112 4.3853 9.6291 10.7135 9.5358 14.7518 9.0412 6.1444 4.3947 4.1744 4.3139 8.2867 4.4760 2.9017 6.0451 4.7516 3.9117 7.5900 6.2223 4.1021 10.2825 5.5847 3.1064 26.9688 34.3831 35.8513 37.1082 31.1560 24.1220 39.6798 35.9757 21.9004 26.8362 44.4862 29.2802 33.3524 33.2011 34.1549 24.6725 27.1007 29.6240 28.7616 33.6490 35.1642 27.8393 29.9020 30.4369 25.5689 29.8368 22.3399 31.8223 22.8552 37.1400 56.7735 65.8684 60.4744 69.2125 59.3839 61.8298 65.7938 62.4145 65.5542 64.8589 58.4056 61.5222 63.5657 61.8982 59.5425 59.0073 66.6937 59.2718 63.1004 63.5782 65.1795 58.7209 63.4036 67.5972 61.5201 64.7230 58.1655 64.6231 61.3397 66.7291
6.4437 4.4538 6.0534 4.8979 7.4531 5.7050 4.3085 8.1966 4.7695 3.5246 5.2000 9.0050 6.8141 3.4355 4.6028 6.5457 7.3597 4.4758 5.9741 7.4425 4.7083 5.7660 4.1374 6.4362 5.3095 3.9760 0.0000 4.7162 7.1226 4.4052 104.4501 105.0740 102.8257 104.9050 101.5327 104.6867 101.8126 103.2251 106.1646 106.0887 103.8642 103.8921 98.9338 101.5575 104.7111 103.0490 103.1919 105.2210 101.4813 103.1120 102.4215 102.7482 102.0620 101.4961 104.6403 104.9643 102.1661 100.0239 105.8892 103.9085 3.5494 3.9594 3.1976 2.3264 3.4042 2.9643 7.5837 4.7990 2.9733 6.4284 7.4708 6.2762 11.2876 5.6561 3.1770 1.4171 5.0164 2.2753 4.8078 1.8489 4.2782 3.4223 2.8582 2.5521 4.6311 3.6115 2.5545 7.0685 4.5761 4.1241 25.0273 32.4422 34.1785 35.3228 29.5504 22.1139 38.6269 34.6643 20.0160 24.8327 43.1833 27.4837 31.6384 31.3509 32.2597 22.9840 24.4559 28.0864 26.7412 32.2742 32.8262 25.4627 28.2118 28.4498 23.9583 28.0909 19.9909 29.9393 21.0841 35.4667 53.9972 62.9487 57.9088 66.2392 56.6032 58.8525 63.0815 59.3485 62.6060 61.9761 55.5451 58.5296 60.8746 59.2637 56.4758 55.9226 63.7028 56.5805 60.1879 60.7487 62.1621 56.2337 60.6030 64.9633 58.5098 61.7553 55.3559 61.8772 58.7529 63.7015
2.9988 3.4229 2.5466 2.1299 3.8564 2.3227 2.6474 6.0680 1.3404 2.6907 2.3728 5.4197 2.5889 4.2827 3.1515 3.0581 4.7750 1.5813 2.6770 3.6227 3.4637 2.1864 2.6364 3.3980 2.5143 1.6170 4.7162 0.0000 3.0148 2.1250 107.5022 107.9066 105.8728 108.0564 104.6301 107.5792 104.7441 106.2455 109.1269 109.0643 106.8880 106.7712 102.0140 104.6586 107.8763 106.1811 106.2725 108.2468 104.4248 106.2275 105.4775 105.8571 105.0880 104.5549 107.6869 107.9263 105.1253 102.9366 108.7278 106.8751 3.7324 4.0325 6.5809 6.1588 5.1462 5.2692 11.8015 8.6896 4.9569 10.1683 11.1657 10.0759 15.2939 9.5528 6.7836 5.0871 4.5059 4.9405 8.9194 5.1077 3.5113 6.6353 5.3147 4.4906 8.1167 7.0347 4.7229 10.8100 6.0630 3.6130 27.1407 34.5013 35.9346 37.2442 31.2832 24.2762 39.7429 35.9863 22.1233 26.9831 44.4216 29.3709 33.5281 33.3552 34.4535 24.8703 27.3930 29.8143 28.9225 33.6641 35.4031 28.0543 30.0571 30.5106 25.6181 29.9190 22.6476 32.0148 23.1155 37.2581 57.1285 66.2015 60.7228 69.6058 59.7293 62.2066 66.2052 62.8152 65.9224 65.2450 58.7054 61.8950 63.9148 62.1828 59.8708 59.3953 67.0155 59.5460 63.4679 63.9560 65.5879 59.0697 63.7215 67.8492 61.9138 65.0960 58.5289 64.9349 61.6450 67.1053
3.2914 5.1648 3.4316 3.8652 3.4916 2.3640 3.5801 5.1956 3.4387 4.4654 3.1334 4.6513 1.7275 6.3319 4.2261 3.1844 3.9804 3.2643 2.8923 2.1247 4.1431 3.0145 4.1861 2.9428 3.0372 3.6474 7.1226 3.0148 0.0000 3.4245 108.8284 109.1667 107.1321 109.4239 106.0077 108.8372 105.9744 107.5274 110.3756 110.2903 108.1802 108.0096 103.3613 106.0243 109.3094 107.5047 107.6073 109.5524 105.7229 107.6126 106.7832 107.2155 106.4768 105.8565 109.0146 109.2483 106.4201 104.1766 109.9824 108.1532 5.6586 5.9372 9.0547 8.6094 6.7512 7.3106 14.0925 10.8777 7.0160 12.2794 13.2877 12.0786 17.4746 11.7542 8.9027 7.5998 6.0674 7.2096 11.4741 7.5760 5.1153 8.6643 7.2307 6.3768 10.1834 9.0276 6.9785 12.7764 7.2904 5.4722 28.1844 35.5277 36.5720 37.9353 31.7653 25.5263 39.6501 36.3798 23.3361 28.2209 44.6351 30.1821 34.3127 34.2036 35.2650 25.8411 29.1952 30.3878 30.0940 34.1566 36.7463 29.4848 30.8983 31.4982 26.3853 30.8413 24.0628 32.8221 24.0630 37.8420 58.6794 67.7897 62.1181 71.3315 61.3240 63.8788 67.8130 64.5742 67.5481 66.9148 60.3107 63.6477 65.4822 63.7465 61.6172 61.2693 68.6887 60.9880 65.1348 65.5246 67.2497 60.3657 65.2856 69.2817 63.6184 66.8807 60.0541 66.4076 63.0111 68.8536
4.1012 4.1840 3.9500 3.3076 5.0108 2.2782 2.1685 5.3683 2.5155 2.3983 2.9244 6.4078 3.4791 3.3857 3.1775 4.1926 4.4822 2.3683 2.7868 4.1986 2.6263 3.4566 2.3907 3.1858 2.5487 1.8658 4.4052 2.1250 3.4245 0.0000 106.3243 106.7764 104.6990 106.9226 103.5088 106.4245 103.5567 105.0672 107.9386 107.8332 105.7257 105.5869 100.8978 103.4995 106.7440 105.0088 105.1169 107.0846 103.2692 105.0582 104.3396 104.7152 103.9504 103.3423 106.5438 106.8138 103.9683 101.7770 107.5727 105.7120 3.9632 4.2466 6.6941 5.8153 4.1129 5.0886 11.1156 8.0906 4.5961 9.4230 10.4544 9.4191 14.5422 8.9530 6.1201 4.8984 5.1285 4.4209 8.6576 5.0101 3.8206 6.1298 4.8881 3.6641 7.2523 6.1067 4.4823 10.0528 5.0724 4.1683 26.0154 33.5652 34.7822 36.0235 30.0471 23.3177 38.3881 34.8299 21.1782 26.1806 43.2827 28.2930 32.4874 32.3399 33.2892 23.8428 26.6159 28.4780 27.8874 32.5865 34.4227 27.1278 28.9629 29.4988 24.5230 28.8457 21.6885 30.7593 21.9673 35.9896 56.1393 65.2527 59.7595 68.6517 58.7200 61.2207 65.1472 61.9072 64.9067 64.3108 57.7971 60.9745 62.9326 61.3106 58.9918 58.5493 66.1351 58.6178 62.5015 62.9071 64.5758 58.0293 62.7819 66.8656 60.9886 64.2142 57.5343 63.9381 60.6874 66.1599
110.1125 108.5729 109.6730 108.7151 110.9670 108.0366 106.7448 107.7283 107.9388 106.0647 108.4404 112.6332 109.4202 103.9505 106.9322 110.1689 108.8446 107.5993 107.9901 109.8405 105.4599 109.3351 107.1072 106.7534 107.7606 107.1505 104.4501 107.5022 108.8284 106.3243 0.0000 10.3791 8.5283 10.4142 11.3419 10.2210 11.4270 8.8386 9.0701 9.8939 10.1572 8.8591 13.1260 7.8399 8.8577 7.4000 8.2105 7.4236 8.8345 10.3365 8.9125 11.3787 8.9219 10.8988 7.2371 9.0686 9.0822 11.7474 12.6144 9.9532 107.3116 107.7554 104.9985 103.4643 103.9139 105.1920 97.9424 101.1050 105.3438 99.6053 98.0859 100.1610 94.8675 100.5954 102.8332 104.2382 108.8523 104.3356 102.3585 104.5925 108.1675 103.3115 104.7119 104.0073 100.4882 101.9256 105.5165 98.4502 103.3264 108.2402 81.8688 75.7484 74.3208 74.0103 79.8836 84.3136 79.6671 76.6548 86.6671 82.6350 72.7718 80.9175 77.4214 76.6865 76.1021 84.5590 81.9803 82.0700 80.3350 79.3059 73.1251 80.7583 79.5178 78.5944 83.6785 80.0783 85.9632 77.1456 85.6515 74.1913 53.1046 46.2039 49.5670 42.3451 52.2472 49.7264 45.1970 48.7872 45.0966 46.1759 52.7210 50.5333 48.6081 50.6079 52.2387 53.6002 45.0257 51.8862 49.3303 46.5040 44.9209 52.5714 47.6779 42.5426 49.4084 47.2945 51.5696 45.7993 50.5829 44.2737
110.5817 109.1864 110.0991 109.2147 111.3739 108.4880 107.2771 108.2494 108.3579 106.5888 108.9755 113.0997 109.8128 104.4017 107.4905 110.6401 109.3953 108.0721 108.4233 110.2484 105.9353 109.7854 107.7027 107.1040 108.2778 107.6217 105.0740 107.9066 109.1667 106.7764 10.3791 0.0000 14.7362 15.3905 16.2640 10.1814 15.9027 12.9158 13.3407 15.3915 14.9894 8.7490 16.1605 13.0288 14.2908 14.4319 13.0794 11.6212 11.4780 16.3638 13.0118 16.6385 14.2703 18.1028 11.5758 10.1723 11.5579 14.3065 11.9701 13.3422 107.9364 108.4390 105.7577 104.1503 104.6227 105.9359 98.7543 101.9196 106.0557 100.4164 98.8909 101.0882 95.8063 101.4344 103.5706 104.8642 109.5614 104.9865 103.1840 105.2371 108.8071 104.0602 105.4458 104.6168 101.1728 102.5812 106.2051 99.2157 103.9732 108.8689 82.0302 75.5107 74.0370 74.1632 80.0801 84.3393 80.0428 76.4495 86.7109 82.4460 72.6309 81.1612 77.2482 76.4810 76.0128 84.4737 82.1044 82.4505 80.4070 79.2651 73.1859 81.0066 79.5022 78.5600 83.7357 80.0519 86.3470 77.3809 85.7845 74.3862 53.7207 47.4729 49.2694 43.7784 53.2108 51.3546 45.9570 49.8150 46.3927 46.9986 53.6042 51.6458 48.9739 50.5338 53.4816 54.6186 45.9344 52.0375 50.2990 47.2944 46.6124 52.3706 47.9038 42.3451 50.5020 48.0701 52.4468 46.2446 50.7308 45.5718
108.4696 106.9066 108.0705 107.0772 109.3348 106.3907 104.9883 106.0293 106.3566 104.3631 106.7508 110.9768 107.7536 102.4445 105.1552 108.4973 107.1175 105.9237 106.3509 108.1184 103.7164 107.7010 105.4218 105.0064 106.0250 105.5434 102.8257 105.8728 107.1321 104.6990 8.5283 14.7362 0.0000 9.9416 8.6248 12.1359 9.3889 8.9109 8.9046 8.6402 8.8766 11.7489 10.4292 9.6959 11.6161 7.2851 8.7118 8.6933 9.4422 10.2060 7.8495 10.0507 10.1337 10.2143 7.7855 10.1608 8.4636 9.6176 14.8170 9.8356 105.6302 106.0882 103.3540 101.8460 102.1725 103.4282 96.3187 99.3812 103.6615 97.8804 96.3566 98.3222 93.2045 98.8493 101.1029 102.6229 107.1272 102.6846 100.7699 102.9320 106.4994 101.5144 102.9697 102.3062 98.8302 100.2715 103.8384 96.6757 101.5026 106.5658 80.4621 73.9698 72.5785 72.2221 77.8494 82.9496 77.2193 74.4471 85.1853 81.2565 69.9042 78.8672 75.4589 74.8295 74.5400 83.1810 80.9379 80.3856 78.9958 77.0234 71.7957 79.2609 77.7281 76.8883 81.8336 78.4986 84.4555 75.4262 84.1624 72.2710 52.3917 45.3610 48.4575 42.1930 51.9534 48.9975 45.6401 48.3813 44.6633 45.7032 51.7863 50.0938 49.0159 50.5456 51.2339 53.2958 44.1113 50.8843 49.3331 46.0587 43.8510 52.1604 47.5410 42.0804 48.6578 47.1428 50.4845 45.0987 49.6639 44.0215
