0.0000 6.6741 6.1620 5.6368 10.9953 6.9752 4.9723 5.7811 10.2867 6.8672 7.7816 7.6159 6.6634 6.7590 6.6954 7.0910 6.6275 6.7308 7.0419 7.3504 6.6479 8.2724 6.2777 6.1285 9.4597 7.8859 6.8254 5.4871 6.2352 8.4096 27.2355 26.8400 26.1302 25.1438 25.4878 27.5676 24.9155 26.8245 26.1158 26.2045 27.5967 26.7084 26.4749 25.7938 26.0576 26.3719 25.8896 25.9651 25.2504 25.3647 26.0251 25.3357 25.8643 26.0419 27.1115 26.3831 25.8515 25.5030 27.6720 27.6503 5.3256 5.7133 5.5810 7.0830 8.5391 5.2123 9.7836 6.2496 6.2942 9.4265 8.5158 7.6279 10.2291 8.0246 9.9409 5.6508 6.4257 7.8407 7.5772 7.2327 5.2313 8.1649 7.2416 5.2655 6.4411 7.7062 6.7788 9.9410 6.7673 5.9812 12.3528 13.9604 16.8254 15.7265 15.9434 8.8034 23.1571 18.7613 9.4916 11.5096 20.2179 12.6169 12.7537 13.4302 13.2021 11.1166 9.6641 15.2437 12.6965 19.0503 13.2348 9.9915 12.8472 11.9373 13.8714 14.6601 11.8722 15.8453 12.0300 17.1197 17.1865 16.7359 19.9266 20.0176 17.2916 17.5363 19.2761 18.4359 19.4425 18.8920 18.1154 17.7869 17.4407 18.8935 18.2010 17.7553 20.5268 16.4992 18.4153 19.2027 20.2154 17.3686 17.7114 18.4974 18.4661 17.0286 18.8473 20.8975 20.1702 19.6452
6.6741 0.0000 3.7843 4.4515 8.7711 3.7460 5.9740 4.6586 7.9596 4.3686 4.6428 4.9543 3.0150 4.2653 4.1676 4.7484 3.3014 3.6319 4.4112 3.8605 4.4948 5.9713 4.3457 4.0345 7.1461 5.3151 4.1873 8.3040 3.9101 5.2092 29.9175 29.5246 28.9392 27.8810 27.9844 30.4098 27.3772 29.6080 28.8136 28.7965 30.3760 29.4944 29.2530 28.5032 28.8606 29.1367 28.7036 28.6156 27.7926 27.9157 28.6072 28.2064 28.5411 28.8659 29.8621 29.2003 28.3726 28.0929 30.5316 30.4070 8.1579 7.6104 7.4476 9.2852 10.7494 7.6385 11.6687 8.4318 8.7304 11.6193 11.6239 9.3526 12.7208 9.6551 12.1023 5.0249 9.2614 9.3597 9.5940 7.7156 8.2877 10.3127 8.2639 7.7280 7.8998 8.2921 8.1207 12.1580 9.2113 7.2094 12.2356 14.3654 20.0961 16.6256 19.0577 10.4410 26.1812 20.1554 11.8067 11.5218 23.0470 14.6945 14.9497 15.6400 16.2491 14.1668 11.2760 16.0804 12.7550 21.5501 15.4077 12.7368 13.5507 11.7685 14.5756 15.3812 11.9480 19.2250 13.9662 19.9311 20.0850 19.2661 23.0413 23.2308 20.2954 20.4762 22.3717 21.5444 22.6540 22.0339 21.1882 20.7644 20.5136 22.2263 21.3611 20.9061 23.7449 19.5373 21.5616 22.2628 23.5512 20.4233 20.9043 21.3957 21.5137 20.1035 21.9870 24.1220 23.3184 22.7647
6.1620 3.7843 0.0000 3.7301 10.5185 5.0994 6.0785 3.7885 9.5232 4.8016 6.6784 6.9018 4.0072 4.5284 3.3176 5.7474 4.2382 4.9516 4.4705 5.8804 2.4676 7.6227 4.4646 2.7826 8.5305 6.6614 4.7158 6.7763 3.8518 7.2290 29.0131 28.6243 27.9508 26.9013 27.2290 29.4637 26.5790 28.6503 27.9355 28.0144 29.4372 28.4864 28.3056 27.6839 27.8995 28.2251 27.7344 27.7283 26.9984 27.1267 27.7694 27.1849 27.6821 27.9028 28.9330 28.2356 27.5240 27.2057 29.5336 29.5058 7.6616 7.2160 6.8329 7.9940 8.9902 6.1934 9.8964 6.9077 7.7185 9.8077 9.7381 7.7118 11.1523 7.8052 10.3239 4.5106 8.1396 7.8609 8.2101 6.6401 7.7150 8.4057 7.2462 6.6269 6.7996 7.2551 7.1641 10.6163 7.8506 6.7904 10.2209 13.1428 18.2358 14.9913 17.3742 9.6015 24.8556 18.5736 10.3911 9.6588 21.7750 12.9562 13.3765 13.7296 14.5946 12.3208 9.3064 14.5675 11.1909 19.9003 13.7868 10.9127 12.0879 10.1879 12.9635 13.3797 9.7251 17.4734 12.0535 18.3176 18.4067 17.8883 21.4559 21.6999 18.8186 18.9427 20.7661 19.9209 21.1389 20.4420 19.5739 19.1349 18.9633 20.5347 19.5808 19.1640 22.2188 18.0306 20.0000 20.6767 21.9229 18.7093 19.3695 19.8172 19.9006 18.5743 20.2132 22.5158 21.7360 21.2327
5.6368 4.4515 3.7301 0.0000 10.1443 5.3759 6.3721 3.4896 9.4985 4.9879 6.0792 5.9930 4.3100 4.9621 5.0638 5.4083 4.6919 4.5174 5.2289 5.6412 4.4467 7.2064 3.7267 3.7813 8.5138 6.2973 4.6420 7.8807 4.2077 7.0198 28.3082 27.8838 27.2239 26.2415 26.5417 28.6766 25.9077 27.9327 27.1736 27.1937 28.7068 27.8504 27.5943 26.7829 27.1852 27.4326 26.9909 27.0651 26.2673 26.3668 27.0810 26.4598 26.8680 27.1494 28.1925 27.4954 26.8332 26.5319 28.7857 28.7055 7.4962 7.8797 7.3065 9.2159 10.4087 6.8241 11.4936 8.0312 8.5601 11.3461 10.6890 9.2908 12.4525 9.2725 11.7173 5.5893 8.9582 9.3690 9.4672 7.9588 7.6953 9.6515 8.5906 6.7792 8.1321 8.9070 8.2020 11.9981 9.1053 7.7034 11.3304 13.2055 18.6082 15.1534 17.4121 10.0632 24.4888 18.4317 11.0387 10.4562 21.4913 13.5774 13.8190 14.4964 14.7865 13.0380 10.6464 14.6212 11.7708 19.8756 14.2753 11.8495 12.2226 10.8860 13.2227 14.0903 11.0683 17.7181 12.8796 18.3099 18.8146 18.0462 21.4544 21.5606 18.7572 19.0732 20.8651 20.0920 20.9798 20.4324 19.7052 19.3589 18.9731 20.5153 19.9635 19.5414 22.0912 17.9817 20.0284 20.6979 21.8715 18.9647 19.3338 20.0151 20.0227 18.6140 20.4616 22.4858 21.7711 21.2236
10.9953 8.7711 10.5185 10.1443 0.0000 7.5939 9.9391 10.2884 4.2772 7.6244 6.5550 6.6400 9.0417 7.3739 9.8496 8.2550 7.8793 7.7542 7.5288 6.7693 10.9939 5.7881 10.3858 10.9218 6.3557 7.8248 8.4336 13.9913 8.9986 5.2346 31.8804 31.3409 30.8314 30.0373 30.1908 32.0410 29.7596 31.3989 30.8280 30.7381 32.2313 31.4261 31.2292 30.2582 30.7971 30.9482 30.6278 30.7601 29.8731 30.0038 30.8135 30.1631 30.4779 30.7350 31.6090 31.0816 30.5165 30.2253 32.2563 32.1812 13.4044 12.7424 12.5774 15.3540 16.5717 13.7753 17.8054 14.4174 14.8274 17.5946 17.2366 15.4876 18.2407 15.9631 18.0912 11.3077 14.7983 15.1550 15.4804 14.4132 13.7772 16.5961 14.4859 13.5859 14.1407 14.8273 14.4611 17.9463 14.9600 13.0686 17.9830 18.4754 23.6560 20.5331 22.4519 14.3966 28.2497 23.3120 16.5284 16.4110 25.1814 19.0708 18.8587 20.4091 19.8945 18.5934 16.4380 19.5757 17.8143 24.5050 20.0184 17.9096 16.4849 16.8321 18.7480 20.2550 17.3557 22.8707 18.9293 23.2234 24.1245 23.3556 26.1804 26.1896 23.9679 24.2187 25.6071 25.0593 25.6390 25.2289 24.6523 24.4447 24.1207 25.2781 25.0414 24.7456 26.6946 23.0585 24.9046 25.4904 26.4925 24.1176 24.2913 24.8394 24.8745 23.6779 25.2198 27.0896 26.4771 26.0071
6.9752 3.7460 5.0994 5.3759 7.5939 0.0000 6.5279 5.3423 6.5235 4.5087 4.8170 3.9401 3.9030 4.2406 5.4456 4.6805 4.0162 3.9918 4.5836 3.6822 5.8411 5.0766 5.0555 5.7298 6.5400 4.2060 4.7248 9.4141 5.0856 4.7863 30.4552 30.0420 29.4435 28.4855 28.6954 30.8073 28.1615 30.0889 29.4036 29.4013 30.8716 30.0023 29.8007 28.9946 29.3996 29.6364 29.2120 29.2431 28.4225 28.5671 29.2847 28.7007 29.1097 29.3281 30.3326 29.6871 29.0423 28.7182 30.9269 30.8790 8.6946 8.0840 7.9477 10.4401 11.9178 8.6180 12.9558 9.7275 9.8650 12.8343 12.8214 10.7462 13.9550 10.9784 13.2674 6.0079 10.0142 10.4854 10.6866 9.0825 8.9029 11.6551 9.4684 8.6239 9.3654 9.6487 9.2813 13.4726 10.2301 8.1337 13.8627 15.5109 20.8348 17.6270 19.7015 11.6803 26.5269 20.8869 13.1029 12.8581 23.5312 15.8191 15.9694 16.7972 17.0944 15.1338 12.5239 16.8687 14.2429 22.1164 16.6288 14.0557 14.2982 13.2661 15.6831 16.5428 13.3377 20.0527 15.1795 20.6690 21.1095 20.4524 23.7424 23.8909 21.2729 21.4648 23.1061 22.3637 23.2987 22.7662 22.0115 21.6739 21.4201 22.8255 22.1825 21.7978 24.3419 20.4449 22.3342 23.0178 24.1254 21.2956 21.7054 22.2386 22.2872 21.0003 22.6373 24.7591 24.0412 23.5308
4.9723 5.9740 6.0785 6.3721 9.9391 6.5279 0.0000 6.6534 9.7999 6.5026 7.3309 7.2302 5.9380 5.7482 6.5369 6.7345 6.3386 6.4784 5.5872 6.7611 6.1336 7.5097 6.6272 6.2871 9.7603 7.0765 5.9933 6.3854 6.2798 7.4525 29.0019 28.6359 27.9324 26.9081 27.1394 29.4684 26.4836 28.6521 27.8823 27.9576 29.4257 28.5503 28.2450 27.6208 27.8658 28.2253 27.7167 27.6746 26.9009 27.0613 27.6648 27.0957 27.6188 27.9045 28.9473 28.2139 27.5390 27.2373 29.5365 29.4749 6.1527 5.3782 5.2197 7.2389 8.8592 6.0334 9.7453 6.7360 6.3486 9.5495 9.3522 7.5073 10.3423 8.2662 9.9741 5.5890 6.4266 7.6016 7.2955 7.0106 6.2561 8.6914 7.2283 6.3192 6.1932 7.2016 6.5713 9.8858 6.7185 5.5535 12.9998 15.0884 18.4281 16.9637 17.7224 9.5796 24.9654 20.3969 10.5021 12.3586 22.0727 13.6899 14.1301 14.5510 14.7475 12.6214 10.2371 16.4524 13.5984 20.7514 14.4997 11.0516 14.2254 12.6129 15.1738 15.7556 12.6535 17.5880 12.9374 18.7836 18.4417 17.8833 21.5490 21.7077 18.7960 18.9872 20.8437 19.9364 21.1244 20.5071 19.5736 19.2021 18.9676 20.5832 19.6107 19.1462 22.1859 17.9943 20.0589 20.7505 21.9549 18.7569 19.2783 19.9157 19.9783 18.4919 20.3442 22.5555 21.7818 21.2912
5.7811 4.6586 3.7885 3.4896 10.2884 5.3423 6.6534 0.0000 9.2566 4.9323 6.3273 6.2710 4.3938 4.6436 4.8073 4.9853 4.7275 4.5199 5.3992 5.9730 4.2232 7.0978 4.3060 3.8313 8.8156 6.4786 4.8586 7.4366 3.9917 7.1607 27.6238 27.1849 26.4679 25.5767 26.0354 27.8585 25.3221 27.1964 26.4707 26.5876 27.9542 27.0863 26.8802 26.1801 26.4717 26.6555 26.2128 26.4231 25.7604 25.7554 26.4758 25.6824 26.2520 26.3199 27.4657 26.7438 26.2881 25.9141 27.9696 28.0294 7.9810 8.3646 7.7629 9.0626 10.0204 6.6920 11.2841 7.9977 8.6244 11.0926 10.5142 9.0983 12.3409 8.8872 11.7483 5.7193 9.4661 9.4668 9.7150 8.3180 8.0999 9.7652 8.9930 6.2827 8.2099 9.0125 8.4352 11.9021 9.2703 7.9785 10.3975 12.1532 17.5540 13.9598 16.1472 9.0830 23.1981 17.1284 10.4061 9.5864 20.1925 12.4480 12.6582 13.4479 13.8023 11.9573 9.8480 13.4216 10.7999 18.5148 13.3910 11.2620 11.0779 10.0090 12.0076 12.8454 10.0804 16.6512 11.7452 17.1472 18.1241 17.4525 20.5967 20.7014 18.0843 18.4011 20.0543 19.2968 20.0855 19.6139 18.8887 18.5781 18.2006 19.7232 19.1400 18.7399 21.1818 17.2976 19.2004 19.8082 20.9471 18.1188 18.6285 19.2599 19.2155 17.9020 19.5345 21.5751 20.8597 20.3988
10.2867 7.9596 9.5232 9.4985 4.2772 6.5235 9.7999 9.2566 0.0000 6.4917 6.3532 6.2928 8.1910 6.8369 8.7991 7.5486 6.8446 6.7361 7.3122 5.9139 10.0698 5.8864 9.6030 9.9604 4.8544 7.3467 8.1872 12.8176 8.2530 5.2314 31.2685 30.7597 30.2529 29.3972 29.5420 31.4908 29.0046 30.8292 30.1884 30.1525 31.6371 30.7999 30.6106 29.7372 30.1860 30.3439 30.0246 30.0543 29.2337 29.3010 30.1138 29.5560 29.9173 30.1125 31.0504 30.4752 29.9153 29.5678 31.7135 31.6420 12.7996 12.0483 11.7908 14.2154 15.4651 12.7174 16.6571 13.3209 13.7715 16.3844 16.2537 14.4232 17.1702 14.7813 17.0467 10.0790 14.0290 14.1758 14.5058 13.2366 12.8939 15.6023 13.4019 12.3931 13.1035 13.7065 13.5211 16.9006 14.0536 12.1916 16.5753 17.1385 22.7147 19.3947 21.3699 12.9824 27.4959 22.2992 15.1547 15.0091 24.2629 17.7561 17.5776 19.1780 18.7398 17.3338 15.1853 18.4283 16.4291 23.5458 18.6558 16.6844 15.2793 15.4441 17.5070 18.9276 15.9613 21.8697 17.6450 22.2365 23.1434 22.2924 25.3180 25.4206 23.0486 23.3310 24.7677 24.1973 24.8814 24.4326 23.8098 23.4562 23.1581 24.5810 24.1284 23.7927 25.9600 22.2435 24.0861 24.6265 25.7230 23.1778 23.4353 23.9933 23.9878 22.7711 24.3933 26.3205 25.6070 25.1539
6.8672 4.3686 4.8016 4.9879 7.6244 4.5087 6.5026 4.9323 6.4917 0.0000 4.8537 5.0187 4.2621 3.2749 5.1350 4.2332 3.0331 4.2815 3.8663 3.9061 5.5334 4.8734 5.3317 5.4117 6.6667 5.2252 3.7566 9.0033 3.8970 5.3646 28.9320 28.4817 27.8810 26.9088 27.1449 29.3051 26.4961 28.5718 27.7956 27.8400 29.3478 28.4699 28.2490 27.4744 27.8531 28.0694 27.6638 27.6726 26.8761 26.9369 27.6735 27.1641 27.5405 27.7840 28.8049 28.1388 27.4811 27.1272 29.4591 29.3584 9.1032 8.6124 8.2623 10.2585 11.7567 8.4798 12.7685 9.3018 9.6387 12.6267 12.2381 10.2954 13.6702 10.5528 13.3305 6.0309 10.5051 10.6871 10.7404 9.2575 9.3296 11.4881 9.6611 8.1223 9.1896 9.8817 9.4300 13.1762 10.2880 8.4599 12.5104 13.8950 19.6675 16.0836 18.4206 10.0922 25.2294 19.3628 11.7810 11.3107 22.0037 14.5110 14.4818 15.6790 15.5905 13.9623 11.5368 15.3743 12.6106 20.7666 15.1128 12.9580 12.6282 11.6317 14.0902 15.2459 12.1785 18.7038 13.8902 19.1841 19.8197 18.9006 22.3431 22.5278 19.7925 20.1227 21.7918 21.0784 21.9704 21.4127 20.7283 20.2590 19.9833 21.6428 20.9950 20.6108 23.1166 19.0446 21.0387 21.6165 22.8519 19.9679 20.3415 20.9550 20.9443 19.6474 21.4489 23.4425 22.6859 22.1204
7.7816 4.6428 6.6784 6.0792 6.5550 4.8170 7.3309 6.3273 6.3532 4.8537 0.0000 3.9284 5.0081 5.1044 6.7558 5.1312 4.1523 3.9248 5.5344 3.7291 7.3412 4.1185 5.9845 6.7685 5.7882 4.6575 4.7244 10.7138 5.3365 3.8462 30.1229 29.6134 29.1024 28.1622 28.1133 30.4564 27.6377 29.6697 28.9825 28.8441 30.5093 29.7043 29.4229 28.5546 28.9875 29.2141 28.9082 28.8328 27.9592 28.0909 28.8801 28.4358 28.6969 29.0533 29.9098 29.3608 28.5397 28.3057 30.6894 30.4952 9.6335 9.4342 9.3408 11.9718 13.4897 10.2197 14.6643 10.9207 11.2703 14.4378 14.2239 12.2565 15.1744 12.4829 15.0585 7.5381 11.5589 12.1473 12.4768 10.6132 9.8721 12.9792 10.8349 9.9025 10.5514 11.2938 10.6819 14.8441 11.7792 9.6251 14.5715 15.6606 21.4647 17.8328 20.2431 11.4863 26.5916 21.1115 13.5425 13.5837 23.4763 16.4724 16.3350 17.7292 17.5785 15.9488 13.6793 17.1479 14.5944 22.5194 17.1438 14.9316 14.4404 13.6270 15.9176 17.4367 14.4640 20.5280 16.0731 20.9005 21.6700 20.6603 24.1365 24.1855 21.4266 21.6922 23.5252 22.8370 23.6998 23.1744 22.4133 22.1487 21.7838 23.2973 22.8534 22.4590 24.7480 20.6779 22.7204 23.3637 24.6122 21.9076 22.0610 22.5698 22.7295 21.3371 23.2985 25.1294 24.3873 23.9292
7.6159 4.9543 6.9018 5.9930 6.6400 3.9401 7.2302 6.2710 6.2928 5.0187 3.9284 0.0000 4.8057 5.3638 7.0464 4.1691 4.6201 4.2918 5.7183 3.5226 7.7349 4.1223 5.9361 7.2107 6.7146 3.6416 5.1509 10.9791 6.0354 4.1112 30.2638 29.7455 29.2279 28.3132 28.4704 30.4865 27.9876 29.7937 29.1559 29.0573 30.6070 29.8105 29.5752 28.6231 29.1506 29.3370 29.0033 29.0291 28.1956 28.2970 29.1081 28.5643 28.8391 29.0958 30.0282 29.4462 28.8548 28.5105 30.6984 30.5930 9.6818 9.3982 9.1808 12.1840 13.7769 10.0595 14.8443 11.3792 11.2585 14.7049 14.3925 12.5763 15.6943 12.7865 15.1301 7.5747 11.5653 12.3636 12.5632 10.8462 9.7490 13.3898 11.2320 9.7297 11.0438 11.4997 10.8627 15.2705 11.9728 9.5569 15.3364 16.2004 21.6265 18.3674 20.3044 12.2666 26.6278 21.2327 14.1245 14.1104 23.6143 16.9387 16.8703 18.0609 17.8218 16.2605 14.0959 17.6627 15.2779 22.5899 17.5787 15.3969 14.8754 14.3804 16.5307 17.7761 14.9234 20.7693 16.4848 21.2492 22.0483 21.2246 24.3175 24.3348 21.8650 22.1343 23.7286 23.0896 23.7856 23.3239 22.7098 22.4331 22.0703 23.4044 23.0520 22.6987 24.8309 21.0623 22.9465 23.5925 24.6744 22.1446 22.3117 22.9694 22.9744 21.6622 23.4222 25.2871 24.6310 24.0901
6.6634 3.0150 4.0072 4.3100 9.0417 3.9030 5.9380 4.3938 8.1910 4.2621 5.0081 4.8057 0.0000 4.4414 4.7660 4.1842 3.6803 3.3137 4.6017 4.3630 4.7230 6.1273 4.5005 4.3558 7.9239 4.6084 4.4311 8.5315 4.3882 5.8467 29.9115 29.4980 28.8765 27.8944 28.1184 30.3133 27.4477 29.5705 28.7727 28.8258 30.3218 29.4667 29.2200 28.4817 28.8449 29.0842 28.6563 28.6285 27.8475 27.9317 28.6147 28.1281 28.5365 28.7705 29.8165 29.1197 28.4752 28.1252 30.4406 30.3496 8.3105 7.7628 7.5571 9.5021 11.0117 7.6562 11.9724 8.8316 8.7204 11.9304 11.7560 9.6275 13.1752 9.9340 12.2828 5.2841 9.4563 9.9181 9.8835 8.0105 8.3125 10.6017 8.6728 7.4013 8.3588 8.6508 8.3309 12.5166 9.5083 7.5361 12.6352 14.6887 20.1867 16.8580 19.0006 10.8732 26.0669 20.1883 12.2227 11.8756 23.0265 14.9601 15.2826 15.8602 16.4044 14.2852 11.7054 16.3435 13.1524 21.4931 15.6185 13.0559 13.8523 12.2154 14.9054 15.5629 12.3112 19.3016 14.1726 20.0206 20.2522 19.4895 23.0469 23.2478 20.4241 20.6817 22.4643 21.6577 22.6536 22.1032 21.2917 20.8649 20.6022 22.2510 21.4478 21.0096 23.7296 19.7178 21.6756 22.3128 23.5109 20.4882 20.9870 21.6049 21.6116 20.2465 22.0135 24.1257 23.3794 22.7984
6.7590 4.2653 4.5284 4.9621 7.3739 4.2406 5.7482 4.6436 6.8369 3.2749 5.1044 5.3638 4.4414 0.0000 4.6237 4.7198 3.9183 4.1529 2.6379 4.4027 5.0484 5.1227 5.5316 4.8729 7.3416 5.6371 4.1372 8.7514 4.1910 5.1534 29.5260 29.1054 28.4313 27.5212 27.8352 29.8622 27.1940 29.1583 28.4344 28.5107 29.9351 29.0368 28.8377 28.1030 28.4418 28.6497 28.2173 28.3448 27.5445 27.6510 28.3507 27.6546 28.1517 28.3438 29.4057 28.7264 28.1102 27.7889 29.9607 29.9518 8.7457 8.2961 7.7867 9.9735 11.1054 8.0665 12.3167 8.9608 9.5888 12.1368 11.8452 9.9025 13.1827 10.1039 12.6777 6.0184 9.9551 9.8627 10.1783 8.9878 9.3242 11.0612 9.3884 8.0817 8.8163 9.4779 9.1372 12.7051 9.8105 8.1792 12.4361 14.1993 19.5876 16.1960 18.4395 10.2762 25.3618 19.5591 11.8364 11.3237 22.2885 14.2803 14.4522 15.4405 15.6789 13.8597 11.1497 15.4350 12.8588 20.8274 15.3584 12.8019 12.7471 11.7830 14.1911 15.0817 11.8995 18.7732 13.7288 19.2930 19.8993 19.1848 22.5278 22.7019 20.0201 20.2926 21.9188 21.1852 22.0748 21.5526 20.7806 20.4372 20.1527 21.6350 20.9877 20.5859 23.1774 19.1420 21.1609 21.7714 22.9316 19.9925 20.5028 21.0270 21.0816 19.7773 21.3818 23.5532 22.7996 22.3584
6.6954 4.1676 3.3176 5.0638 9.8496 5.4456 6.5369 4.8073 8.7991 5.1350 6.7558 7.0464 4.7660 4.6237 0.0000 6.6817 4.7777 5.0468 4.4789 5.4625 3.8039 7.6599 6.1978 3.3013 7.6836 7.6648 6.0812 7.2185 4.3011 7.0546 29.6099 29.2651 28.5954 27.5546 27.8877 30.1146 27.1762 29.3058 28.5755 28.6932 30.0701 29.1043 28.9321 28.3827 28.5061 28.8773 28.3765 28.3185 27.6328 27.7635 28.3647 27.8024 28.3504 28.5587 29.5883 28.8910 28.1807 27.8498 30.1661 30.1811 8.8522 7.9282 7.6122 8.3432 8.9580 7.0022 9.9645 7.4481 8.3675 10.0300 10.1115 8.0189 11.2956 8.0920 10.4063 4.7801 8.8400 7.7119 8.6108 7.1487 8.6822 8.8764 7.4332 7.4534 7.0364 7.4355 7.8109 10.7040 8.1678 7.2586 10.4816 13.3545 18.5352 15.3767 17.7028 9.7821 25.2191 18.9398 10.5689 9.8120 22.0883 12.9355 13.4248 13.7782 14.9269 12.5088 9.1286 14.8726 11.5568 20.2404 14.0789 11.1409 12.2063 10.3772 13.2240 13.4819 9.6830 17.8645 12.2017 18.7235 18.7542 18.2926 21.8997 22.1742 19.3471 19.4053 21.1900 20.3460 21.6122 20.8747 19.9906 19.5314 19.4102 21.0348 19.8896 19.4581 22.6626 18.5600 20.5205 21.0950 22.3853 19.0310 19.8798 20.2337 20.3389 19.0003 20.5434 22.9508 22.1420 21.7001
7.0910 4.7484 5.7474 5.4083 8.2550 4.6805 6.7345 4.9853 7.5486 4.2332 5.1312 4.1691 4.1842 4.7198 6.6817 0.0000 3.7936 4.4939 4.9714 4.7533 6.4253 4.7568 4.7688 6.2994 8.4863 3.6922 3.8922 9.9161 4.8169 5.4086 28.8700 28.3863 27.8571 26.9098 27.0783 29.1672 26.4974 28.4480 27.7275 27.6891 29.2472 28.4272 28.1940 27.2910 27.7978 27.9646 27.6052 27.6058 26.8073 26.8451 27.6356 27.1885 27.4422 27.7212 28.6818 28.0635 27.4691 27.1089 29.3819 29.2647 8.9758 8.9324 8.3953 11.1625 12.8093 8.9574 13.7292 10.2248 10.1881 13.6279 13.1720 11.3346 14.7063 11.5252 14.2129 6.7783 11.0627 11.6599 11.6131 10.0308 9.2575 12.3491 10.7356 8.3982 10.0664 10.6652 10.0462 14.2284 11.2734 8.8676 13.5210 14.4654 20.1913 16.6391 18.7996 10.4435 25.3221 19.5794 12.5254 12.3150 22.0933 15.2805 15.2395 16.4940 16.1112 14.7213 12.6965 16.0870 13.3463 21.0738 15.7089 13.9027 13.2805 12.5979 14.7697 16.1026 13.3134 19.2046 14.7944 19.6793 20.4963 19.5730 22.8149 22.8829 20.2949 20.6200 22.2607 21.6024 22.3305 21.8756 21.2649 20.8398 20.5113 22.0949 21.6224 21.2442 23.4885 19.5828 21.4895 22.1086 23.2498 20.6053 20.8072 21.5239 21.4646 20.1485 22.0195 23.8690 23.1637 22.5489
6.6275 3.3014 4.2382 4.6919 7.8793 4.0162 6.3386 4.7275 6.8446 3.0331 4.1523 4.6201 3.6803 3.9183 4.7777 3.7936 0.0000 3.6533 4.0334 3.7992 5.0735 4.9001 4.5922 4.9716 6.4586 4.7244 3.4770 8.8101 3.3424 4.5906 28.9252 28.4931 27.9584 26.9206 27.0148 29.3668 26.4274 28.5737 27.8247 27.7930 29.3758 28.4974 28.2578 27.4451 27.8357 28.1082 27.7349 27.6134 26.7765 26.8921 27.6305 27.2728 27.5448 27.8923 28.8043 28.1914 27.4227 27.0909 29.5714 29.4233 8.7959 8.3009 8.0541 10.0843 11.5642 8.3529 12.4660 9.0646 9.5268 12.4175 12.1502 10.1949 13.3951 10.3960 13.0765 5.6797 10.1569 10.2987 10.5712 8.8257 8.7196 11.0589 9.3576 8.0710 8.7964 9.5100 9.2116 12.9788 10.0986 8.1707 12.1943 13.7080 19.6240 15.9582 18.4354 9.6253 25.2939 19.3065 11.4266 11.0848 21.9882 14.3961 14.3729 15.5596 15.5450 13.8538 11.3008 15.3736 12.2991 20.8149 14.8389 12.7580 12.4743 11.3263 13.9477 15.2355 12.0027 18.6833 13.8641 19.2358 19.7862 18.8563 22.4572 22.5875 19.7623 19.9974 21.8210 21.1114 22.0829 21.4905 20.7612 20.2913 20.0211 21.7332 21.0388 20.6309 23.2222 19.0719 21.0662 21.6813 22.9855 20.0409 20.3440 20.9215 20.9916 19.5902 21.5677 23.5489 22.7631 22.1873
6.7308 3.6319 4.9516 4.5174 7.7542 3.9918 6.4784 4.5199 6.7361 4.2815 3.9248 4.2918 3.3137 4.1529 5.0468 4.4939 3.6533 0.0000 4.7580 3.7676 5.6640 5.4514 5.3183 5.0387 6.5222 4.8525 4.9383 9.1263 4.7005 4.6791 29.7133 29.2111 28.6057 27.6810 27.9159 29.9688 27.2831 29.2679 28.5423 28.5399 30.0670 29.2111 28.9726 28.1598 28.5500 28.7542 28.3792 28.4195 27.6378 27.6945 28.4647 27.8705 28.2945 28.4803 29.5059 28.8519 28.2820 27.9171 30.1600 30.0907 9.1047 8.7669 8.4097 10.4729 11.7447 8.5339 12.9679 9.5820 9.8392 12.7970 12.4821 10.7243 13.8256 10.9071 13.2531 6.3051 10.3586 10.6930 10.8731 9.2051 9.0423 11.5376 9.7090 8.0615 9.2103 9.8671 9.5954 13.3710 10.4194 8.6763 12.9937 14.4829 20.1452 16.6482 18.7540 10.4749 25.5996 19.8836 12.1786 11.9185 22.4692 14.8633 15.0392 16.0126 16.2617 14.3475 12.0143 16.0297 13.2647 21.1974 15.7565 13.3750 13.2879 12.3010 14.7566 15.7296 12.6132 19.2557 14.3903 19.8320 20.4688 19.6800 23.0419 23.1602 20.4582 20.7475 22.4640 21.7470 22.5789 22.0790 21.2964 20.9813 20.6245 22.1461 21.5846 21.1655 23.6347 19.6744 21.6604 22.2733 23.4561 20.5957 20.9906 21.6183 21.6086 20.2468 22.0221 24.0728 23.3389 22.8443
7.0419 4.4112 4.4705 5.2289 7.5288 4.5836 5.5872 5.3992 7.3122 3.8663 5.5344 5.7183 4.6017 2.6379 4.4789 4.9714 4.0334 4.7580 0.0000 4.7433 4.7791 5.2020 5.6362 5.0286 7.8063 5.7810 3.8892 8.9285 4.0374 5.5451 29.8626 29.4489 28.8055 27.8181 28.0651 30.2987 27.4426 29.5053 28.7943 28.8289 30.3100 29.3840 29.1836 28.4624 28.7881 29.0635 28.6124 28.6116 27.7802 27.9535 28.6242 28.0482 28.4928 28.7804 29.7523 29.1020 28.3748 28.0559 30.4031 30.3283 8.6358 7.8531 7.3625 9.8085 10.9710 8.0276 12.0842 8.7361 9.4462 11.8998 11.6785 9.5696 12.8346 9.9583 12.3333 5.7958 9.7412 9.4304 9.8180 8.6305 9.1980 10.6845 9.0579 8.2679 8.4707 9.1021 8.9133 12.4016 9.5246 7.7709 12.4582 14.4847 19.8093 16.4681 18.8727 10.4315 25.9369 19.9740 11.8141 11.3768 22.7686 14.4686 14.7524 15.6472 15.8642 14.0714 11.0763 15.7996 12.9657 21.2928 15.4598 12.7501 13.1092 11.8859 14.5297 15.3692 11.9251 19.0512 13.8629 19.6974 19.9449 19.2579 22.7562 22.9730 20.2047 20.3849 22.0966 21.3498 22.4037 21.7860 20.9763 20.5636 20.3531 21.8570 21.1085 20.7108 23.5261 19.3403 21.3753 21.9997 23.2282 20.1632 20.6739 21.1577 21.2321 19.9260 21.6265 23.8462 23.0800 22.5866
7.3504 3.8605 5.8804 5.6412 6.7693 3.6822 6.7611 5.9730 5.9139 3.9061 3.7291 3.5226 4.3630 4.4027 5.4625 4.7533 3.7992 3.7676 4.7433 0.0000 6.6321 4.2743 5.6671 5.9329 5.4334 4.7140 4.7619 9.9893 5.0156 4.1475 30.3621 29.9007 29.3445 28.3560 28.4387 30.7552 27.8360 29.9722 29.2288 29.1644 30.7667 29.9320 29.6674 28.8457 29.2780 29.5086 29.1412 29.0349 28.2029 28.3055 29.0473 28.6445 28.9331 29.2737 30.2278 29.6013 28.8377 28.5232 30.9259 30.7693 9.1124 8.4687 8.2881 10.8898 12.5205 9.1868 13.5673 10.1700 10.2360 13.4468 13.3059 11.2005 14.3561 11.4570 13.8907 6.0380 10.6386 10.9542 11.2773 9.3596 9.1597 12.2291 9.6555 8.9399 9.6167 10.0013 9.5792 13.8727 10.7467 8.3566 14.1615 15.4031 21.3091 17.8349 20.1727 11.5002 26.8440 21.1396 13.1279 13.0686 23.6976 16.0584 16.0641 17.2441 17.3256 15.6097 12.9033 17.1451 14.2885 22.5380 16.7746 14.3730 14.4478 13.2212 15.8649 16.9364 13.8109 20.4507 15.5839 20.9479 21.3282 20.3743 23.9754 24.1231 21.3474 21.5828 23.3588 22.6154 23.5645 23.0051 22.2520 21.8691 21.5595 23.2014 22.5195 22.0942 24.6419 20.5805 22.6118 23.2174 24.4836 21.5815 21.8992 22.4446 22.5313 21.1499 23.0748 25.0634 24.3007 23.7532
6.6479 4.4948 2.4676 4.4467 10.9939 5.8411 6.1336 4.2232 10.0698 5.5334 7.3412 7.7349 4.7230 5.0484 3.8039 6.4253 5.0735 5.6640 4.7791 6.6321 0.0000 8.0303 4.8909 3.1024 9.3818 7.2824 5.0695 6.7239 4.2804 7.8642 28.8641 28.5274 27.8116 26.7687 27.0794 29.3990 26.3676 28.5521 27.7855 27.8874 29.3403 28.3912 28.1701 27.5966 27.7783 28.1219 27.5977 27.5799 26.8545 26.9855 27.5944 26.9926 27.5422 27.8060 28.8488 28.1167 27.3609 27.0887 29.4335 29.4042 7.7702 7.4251 6.9876 7.7710 8.5753 6.1871 9.5363 6.6999 7.6809 9.4221 9.3641 7.3772 10.6919 7.4356 9.9497 5.0374 8.2086 7.6210 7.9442 6.6212 7.9540 7.9748 7.2613 6.6623 6.6586 7.1439 7.1259 10.1867 7.6816 6.8822 9.6580 12.7609 17.9902 14.5811 17.2006 9.5123 24.7286 18.3885 10.1849 9.3973 21.7122 12.4848 13.1139 13.3151 14.3499 12.0798 8.8533 14.1358 10.7184 19.7024 13.4778 10.5609 12.1353 9.7433 12.6388 12.9667 9.3806 17.2392 11.5103 17.9872 18.0128 17.4429 21.1720 21.4497 18.4376 18.5972 20.5023 19.6242 20.8949 20.1820 19.2653 18.8022 18.6315 20.3215 19.2739 18.8424 21.9893 17.6793 19.7395 20.3720 21.6919 18.3325 19.0530 19.4829 19.6077 18.2459 19.9400 22.2590 21.4646 20.9913
8.2724 5.9713 7.6227 7.2064 5.7881 5.0766 7.5097 7.0978 5.8864 4.8734 4.1185 4.1223 6.1273 5.1227 7.6599 4.7568 4.9001 5.4514 5.2020 4.2743 8.0303 0.0000 6.4249 7.9076 6.9294 4.4305 4.6642 11.5378 5.6979 4.3154 29.7487 29.2883 28.7979 27.8308 27.8480 30.1203 27.4311 29.3318 28.7094 28.5571 30.1694 29.3367 29.1266 28.2054 28.7478 28.9196 28.6010 28.5554 27.6649 27.8350 28.6174 28.1870 28.3556 28.7523 29.5507 29.0446 28.2261 27.9583 30.3346 30.1505 10.0793 9.8467 9.5642 12.6262 14.2172 10.7813 15.3352 11.6223 11.8893 15.0916 14.7640 12.8061 15.8239 13.1066 15.7230 8.1094 12.3077 12.6918 13.0133 11.5374 10.6674 13.8505 11.7722 10.5392 11.3705 12.0104 11.3955 15.4882 12.4313 10.0416 15.2729 15.6587 21.5226 17.9389 20.3955 11.8695 26.5465 21.0308 13.9350 14.0063 23.3553 16.8011 16.5029 18.0929 17.5152 16.1810 14.0564 17.1962 14.8640 22.5262 17.3560 15.3674 14.5065 14.0069 16.1220 17.6821 14.9449 20.6148 16.3899 20.8590 21.7505 20.7507 23.9797 24.0582 21.4879 21.7244 23.3634 22.7605 23.5336 23.0574 22.4568 22.0976 21.7865 23.1840 22.8631 22.5060 24.6539 20.6702 22.6110 23.2857 24.4410 21.9269 22.0005 22.4815 22.6161 21.3749 23.2602 25.0304 24.2846 23.7934
6.2777 4.3457 4.4646 3.7267 10.3858 5.0555 6.6272 4.3060 9.6030 5.3317 5.9845 5.9361 4.5005 5.5316 6.1978 4.7688 4.5922 5.3183 5.6362 5.6671 4.8909 6.4249 0.0000 4.8893 8.9209 5.5123 3.7307 8.5847 4.3457 7.0408 27.8723 27.5121 26.9371 25.8444 25.9174 28.4129 25.4497 27.5648 26.8249 26.7206 28.3672 27.5029 27.2516 26.3808 26.8944 27.1409 26.7212 26.6493 25.7439 25.9509 26.6540 26.2531 26.4469 26.9206 27.8099 27.1850 26.2712 26.0317 28.5394 28.3267 6.9495 7.5962 6.9128 9.4963 11.1121 7.3647 11.9895 8.2464 8.7053 11.7657 11.3383 9.5852 12.7444 9.6588 12.3796 5.4360 9.2271 9.8073 9.7673 8.2318 7.5809 10.1540 8.9134 7.1911 8.3196 9.0185 8.1526 12.3473 9.4788 7.4822 11.6856 13.0398 18.9324 15.1928 17.8935 9.9920 24.7730 18.6843 11.2302 10.9247 21.7008 14.0927 14.0450 14.9997 15.0078 13.4636 11.1354 14.6772 11.6350 20.2305 14.3529 12.2223 12.5710 10.9051 13.3868 14.5345 11.7015 18.0066 13.3261 18.4207 18.8188 17.8594 21.4539 21.5837 18.6496 18.9073 20.7953 20.0640 21.0417 20.4834 19.7825 19.3472 19.0257 20.6098 20.1438 19.7127 22.1967 17.9026 19.9393 20.7416 21.9678 19.1320 19.2623 19.8541 19.9877 18.6188 20.7106 22.5716 21.8087 21.2068
6.1285 4.0345 2.7826 3.7813 10.9218 5.7298 6.2871 3.8313 9.9604 5.4117 6.7685 7.2107 4.3558 4.8729 3.3013 6.2994 4.9716 5.0387 5.0286 5.9329 3.1024 7.9076 4.8893 0.0000 8.9356 7.2403 5.4396 6.8748 3.9590 7.7539 29.0631 28.7547 28.0719 27.0221 27.2600 29.6282 26.5277 28.8107 28.0029 28.1089 29.5554 28.6281 28.3910 27.8214 27.9989 28.3450 27.8663 27.7688 27.0463 27.1824 27.7761 27.2764 27.7697 28.0594 29.0815 28.3625 27.5701 27.2909 29.6890 29.6436 7.4276 7.0661 6.7200 7.6003 8.6017 5.7987 9.7142 6.7962 7.3981 9.6503 9.5621 7.4875 10.9190 7.3239 9.9808 4.0740 8.1500 7.4221 8.1441 6.0584 7.4570 8.0907 6.6857 6.2173 6.5174 6.7531 6.6439 10.3000 7.6492 6.4195 10.0579 12.9553 18.4462 14.9771 17.5123 9.6523 24.9878 18.6657 10.3469 9.7625 21.9312 12.7101 13.2786 13.6408 14.6942 12.4258 9.2866 14.6077 11.1004 20.0768 13.7194 10.9178 12.4198 10.0228 12.8661 13.2026 9.7531 17.6480 11.9250 18.3574 18.4545 17.7668 21.5645 21.8517 18.8324 18.9977 20.9291 20.0512 21.2869 20.6045 19.7208 19.2297 19.0172 20.7962 19.7197 19.2152 22.3617 18.1463 20.2004 20.7814 22.0976 18.7786 19.4846 19.9314 20.0395 18.6037 20.4286 22.6814 21.8448 21.3763
9.4597 7.1461 8.5305 8.5138 6.3557 6.5400 9.7603 8.8156 4.8544 6.6667 5.7882 6.7146 7.9239 7.3416 7.6836 8.4863 6.4586 6.5222 7.8063 5.4334 9.3818 6.9294 8.9209 8.9356 0.0000 8.0745 8.1921 11.7803 7.6318 5.4199 30.9786 30.5124 30.0224 29.0518 29.1142 31.3185 28.6910 30.5675 29.9651 29.8630 31.3960 30.5199 30.3377 29.4935 29.8890 30.1561 29.8250 29.7510 28.9030 29.0619 29.8345 29.3733 29.6517 29.9621 30.7988 30.2632 29.4901 29.2224 31.5293 31.3991 12.0608 11.3919 11.3773 13.2923 14.4429 12.0152 15.5368 12.3523 12.9754 15.3215 15.3006 13.4848 16.0720 13.8402 15.9175 9.1580 12.8708 13.0261 13.6076 12.1326 11.8496 14.2850 12.0133 11.9763 12.0393 12.6647 12.4720 15.8357 12.9279 11.4935 15.5833 16.6172 22.0946 18.8735 21.0281 12.8359 27.4073 21.9724 14.5021 14.2834 24.1956 17.3158 17.0317 18.4129 18.3904 16.6823 14.3264 18.0469 15.7081 23.2778 18.0282 15.7869 14.8784 14.6486 16.8826 18.1982 14.9680 21.2947 17.0786 21.7863 22.3819 21.6189 24.8186 24.9186 22.3985 22.5422 24.1704 23.5232 24.4273 23.8494 23.1909 22.8473 22.6040 23.9779 23.4255 23.0821 25.4682 21.6163 23.4561 24.1002 25.2460 22.5882 22.8565 23.2752 23.4061 22.1416 23.8398 25.7994 25.0630 24.5965
7.8859 5.3151 6.6614 6.2973 7.8248 4.2060 7.0765 6.4786 7.3467 5.2252 4.6575 3.6416 4.6084 5.6371 7.6648 3.6922 4.7244 4.8525 5.7810 4.7140 7.2824 4.4305 5.5123 7.2403 8.0745 0.0000 4.6010 10.9421 6.1818 5.2215 30.4248 29.9750 29.4479 28.5282 28.6061 30.7445 28.1427 30.0210 29.3532 29.2580 30.8377 30.0298 29.7842 28.8729 29.3942 29.5819 29.2351 29.2151 28.3669 28.4965 29.2684 28.7713 29.0514 29.3486 30.2499 29.6677 29.0027 28.7043 30.9474 30.8075 9.1601 8.9284 8.6865 11.9511 13.7546 9.8867 14.7181 11.2024 10.9115 14.5190 14.3566 12.2663 15.5657 12.5760 14.9871 7.4346 11.3266 12.3234 12.2934 10.4649 9.5366 13.2041 10.9592 9.5403 10.8950 11.1614 10.4038 15.0829 11.7871 9.2714 15.3653 16.4827 21.8811 18.5332 20.6356 12.4774 26.9700 21.5806 14.3480 14.4129 23.9826 17.1173 17.1851 18.2864 18.0500 16.4573 14.3107 17.9088 15.3745 22.9152 17.7115 15.4818 15.4280 14.5678 16.7939 17.9696 15.1266 20.9710 16.5923 21.4410 22.1455 21.2885 24.4870 24.5672 21.9969 22.2629 23.9180 23.2499 24.0286 23.5744 22.9067 22.5639 22.2635 23.6576 23.2329 22.8649 25.0949 21.2529 23.1325 23.7996 24.8791 22.3251 22.4872 23.1210 23.1314 21.8423 23.6586 25.5088 24.8210 24.2810
6.8254 4.1873 4.7158 4.6420 8.4336 4.7248 5.9933 4.8586 8.1872 3.7566 4.7244 5.1509 4.4311 4.1372 6.0812 3.8922 3.4770 4.9383 3.8892 4.7619 5.0695 4.6642 3.7307 5.4396 8.1921 4.6010 0.0000 9.1485 3.7802 5.7068 28.6990 28.2482 27.6653 26.6453 26.7251 29.1319 26.1886 28.2873 27.5763 27.4843 29.1191 28.2703 28.0011 27.1774 27.6228 27.8529 27.4643 27.4152 26.5532 26.6968 27.4410 26.9711 27.2582 27.6439 28.5394 27.9425 27.1008 26.8377 29.2925 29.1175 7.8332 7.8858 7.5734 10.2347 11.8143 8.2521 12.7795 9.0308 9.5150 12.5395 12.1855 10.2531 13.3830 10.4319 13.2562 6.2176 10.0431 10.5011 10.5527 8.9850 8.5348 11.0409 9.5305 8.0879 8.9118 9.7366 8.9936 13.0400 10.1173 8.0016 12.5286 13.8665 19.6308 15.8848 18.5993 10.2021 25.2606 19.3761 11.8179 11.6511 22.1518 14.6931 14.6771 15.8567 15.6379 14.1461 11.7056 15.2790 12.4895 20.8634 15.1878 12.9694 13.0472 11.6522 14.0827 15.4232 12.5358 18.6950 13.9810 19.0779 19.7146 18.7241 22.2957 22.4102 19.5352 19.8093 21.6616 20.9443 21.9060 21.3357 20.5821 20.2021 19.8951 21.4730 20.9713 20.5759 23.0375 18.7710 20.8445 21.5286 22.8167 19.9974 20.1604 20.6900 20.8283 19.4893 21.4847 23.3716 22.6114 22.0952
5.4871 8.3040 6.7763 7.8807 13.9913 9.4141 6.3854 7.4366 12.8176 9.0033 10.7138 10.9791 8.5315 8.7514 7.2185 9.9161 8.8101 9.1263 8.9285 9.9893 6.7239 11.5378 8.5847 6.8748 11.7803 10.9421 9.1485 0.0000 8.0168 11.0908 27.1806 26.9296 26.0785 25.0358 25.5077 27.6980 24.6482 26.8856 26.0586 26.3600 27.5777 26.6541 26.3654 26.1063 25.9817 26.4342 25.8148 25.8254 25.3161 25.3312 25.8180 25.1355 25.9637 26.0127 27.2545 26.3791 25.8643 25.5301 27.6690 27.7819 6.9058 6.5398 6.6410 4.2646 4.9099 4.3649 5.5676 3.9948 4.3437 5.3582 5.2193 4.2878 6.5434 4.7223 6.4969 6.5517 4.9742 5.5699 4.9805 5.7581 5.9878 5.1934 5.6739 5.1736 4.3237 5.5910 5.6872 6.1375 4.3200 5.9598 9.8423 13.0593 14.7413 14.5144 14.3154 7.8882 22.3693 17.9799 7.1843 9.8928 19.5754 10.1144 11.0294 10.4754 11.5521 8.5367 6.6673 14.2072 11.1423 17.7982 11.0504 6.8534 12.4630 10.3109 12.6095 12.4630 9.4034 13.8422 8.9985 15.7004 14.9638 14.8185 18.5617 18.8123 15.7451 15.9063 17.8540 16.7396 18.2634 17.5088 16.3935 15.8881 15.7769 17.7163 16.0688 15.5764 19.2871 15.1220 17.0456 17.6999 18.9551 15.3438 16.3269 16.9175 16.9395 15.4053 17.0527 19.4878 18.6431 18.2319
6.2352 3.9101 3.8518 4.2077 8.9986 5.0856 6.2798 3.9917 8.2530 3.8970 5.3365 6.0354 4.3882 4.1910 4.3011 4.8169 3.3424 4.7005 4.0374 5.0156 4.2804 5.6979 4.3457 3.9590 7.6318 6.1818 3.7802 8.0168 0.0000 6.1316 28.0436 27.6958 27.1109 26.0359 26.2140 28.5921 25.5715 27.7448 27.0164 27.0262 28.5374 27.6298 27.4089 26.6907 27.0241 27.3229 26.9062 26.7866 26.0019 26.1384 26.8010 26.4304 26.7274 27.1070 27.9958 27.3806 26.5300 26.2464 28.7414 28.6212 8.4405 8.1758 7.8061 9.3417 10.6047 7.6178 11.5456 8.1790 8.9197 11.4509 11.0855 9.1204 12.4665 9.3059 12.1473 5.2976 9.6772 9.3740 9.9002 8.2718 8.5513 10.0638 8.8310 7.5479 8.0848 8.9299 8.5546 11.9982 9.3968 7.7773 10.8148 12.5148 18.4074 14.6964 17.4077 8.9345 24.4421 18.1563 10.3852 9.8349 21.1062 13.2059 13.1656 14.2932 14.3830 12.6867 10.1608 14.2062 11.0019 19.7613 13.7095 11.6128 11.4303 10.0384 12.5104 13.7845 10.5813 17.4719 12.4971 18.0107 18.5769 17.6874 21.2983 21.4904 18.6128 18.8095 20.6527 19.9053 20.9946 20.3607 19.6483 19.0895 18.8803 20.6054 19.8402 19.4217 22.1778 17.9266 19.9168 20.5410 21.8449 18.8547 19.2533 19.6930 19.8242 18.4587 20.4082 22.4060 21.5960 21.0462
8.4096 5.2092 7.2290 7.0198 5.2346 4.7863 7.4525 7.1607 5.2314 5.3646 3.8462 4.1112 5.8467 5.1534 7.0546 5.4086 4.5906 4.6791 5.5451 4.1475 7.8642 4.3154 7.0408 7.7539 5.4199 5.2215 5.7068 11.0908 6.1316 0.0000 30.4403 29.9972 29.4756 28.5493 28.6076 30.7742 28.1704 30.0411 29.4162 29.3167 30.8755 30.0298 29.8095 28.9201 29.3869 29.6094 29.2735 29.2577 28.3799 28.5506 29.3207 28.7989 29.0719 29.4166 30.2732 29.7157 28.9881 28.7356 30.9795 30.8700 10.7391 10.2354 10.0773 12.6100 13.9419 10.9304 15.0663 11.6250 12.0043 14.9018 14.7401 12.8039 15.7182 13.1697 15.4557 8.2304 12.1042 12.5153 12.8952 11.4941 10.8162 13.7117 11.7032 10.7745 11.2985 11.9526 11.5895 15.4065 12.3411 10.2968 15.1222 16.0339 21.6715 18.2884 20.4725 11.8635 26.8015 21.3803 13.9956 13.8573 23.6187 16.7573 16.5872 17.9776 17.8370 16.2616 13.9343 17.5561 15.1410 22.7183 17.5356 15.3997 14.4543 14.1379 16.3957 17.7608 14.6854 20.8424 16.5458 21.2802 22.0219 21.2089 24.3909 24.4543 21.9243 22.1240 23.7617 23.1139 23.9036 23.4221 22.7660 22.4590 22.1591 23.5567 23.0929 22.7264 24.9706 21.1094 23.0154 23.6562 24.7880 22.1447 22.3749 22.8952 22.9989 21.6780 23.4519 25.3682 24.6519 24.1746
27.2355 29.9175 29.0131 28.3082 31.8804 30.4552 29.0019 27.6238 31.2685 28.9320 30.1229 30.2638 29.9115 29.5260 29.6099 28.8700 28.9252 29.7133 29.8626 30.3621 28.8641 29.7487 27.8723 29.0631 30.9786 30.4248 28.6990 27.1806 28.0436 30.4403 0.0000 4.8342 5.5732 5.2131 6.5641 6.3907 7.3763 5.3932 5.4466 6.0391 5.5951 4.8546 4.1713 5.5376 5.0219 6.2253 6.0391 5.1559 5.5647 6.5263 5.5159 6.5182 4.6939 7.6891 5.0276 5.1612 5.3127 5.4549 6.6159 5.4995 28.3573 29.6148 29.0298 28.2616 28.0777 27.8572 28.3214 27.0777 28.2000 27.9863 26.3039 28.0731 27.7610 27.5748 29.4153 29.0046 29.2813 29.2823 29.0477 29.7517 28.0026 27.8876 30.2723 26.9854 28.5227 30.1268 29.2864 28.1502 28.8278 29.3742 23.9748 19.7665 17.8755 18.5080 17.7647 23.0656 14.8761 16.8814 22.7829 23.1396 13.9605 21.3072 19.4416 21.2667 18.3791 21.7317 24.8052 19.1587 21.5970 16.2777 19.3048 23.5259 20.8995 22.6626 20.0865 21.8196 24.7738 17.4865 22.2133 15.4593 16.7900 16.1246 12.8631 12.2990 14.2167 14.5924 13.6942 14.9405 13.2168 13.7509 15.6202 15.0861 14.8400 15.2666 17.0074 17.1886 13.7750 15.2349 14.0693 13.4978 13.6746 16.1373 13.9762 14.6521 14.3543 14.7062 16.3368 13.1667 13.2997 12.9084
26.8400 29.5246 28.6243 27.8838 31.3409 30.0420 28.6359 27.1849 30.7597 28.4817 29.6134 29.7455 29.4980 29.1054 29.2651 28.3863 28.4931 29.2111 29.4489 29.9007 28.5274 29.2883 27.5121 28.7547 30.5124 29.9750 28.2482 26.9296 27.6958 29.9972 4.8342 0.0000 3.5231 3.3669 6.7320 4.2822 6.6760 2.4468 3.2661 3.4711 3.6246 3.0231 2.6996 3.4944 2.7033 3.6338 3.8805 3.7819 5.2159 4.4730 4.8461 5.4765 3.4698 5.5649 2.0908 2.9311 5.3127 4.1237 5.6133 3.3794 28.0131 29.3205 28.6840 28.0581 27.9303 27.5478 28.2238 26.8378 27.9412 27.8618 26.0644 27.9312 27.6259 27.4631 29.3080 28.7504 29.0162 29.1559 28.8240 29.5125 27.6294 27.7177 30.0682 26.6156 28.2787 29.9414 29.0849 28.0538 28.6044 29.1296 23.9283 19.7564 17.7294 18.4436 17.5137 22.6859 14.6137 16.6145 22.5235 22.9268 13.5813 21.3907 19.4080 21.3699 18.1968 21.5083 24.6624 19.1542 21.4580 15.9929 19.2766 23.3365 20.5558 22.5546 20.0282 21.9291 24.6828 17.2752 22.0859 15.5945 16.7875 16.1379 12.9213 12.0449 14.0863 14.6171 13.6217 14.9088 13.0700 13.5605 15.1782 15.0398 14.5464 14.7605 16.9072 17.1461 13.5431 14.8798 13.7909 13.4303 13.6551 16.1787 13.8378 14.6103 14.2790 14.7759 16.1721 13.0319 13.3334 12.8374
26.1302 28.9392 27.9508 27.2239 30.8314 29.4435 27.9324 26.4679 30.2529 27.8810 29.1024 29.2279 28.8765 28.4313 28.5954 27.8571 27.9584 28.6057 28.8055 29.3445 27.8116 28.7979 26.9371 28.0719 30.0224 29.4479 27.6653 26.0785 27.1109 29.4756 5.5732 3.5231 0.0000 3.7587 8.4891 3.3438 7.4784 3.4599 3.1799 5.5677 2.9780 3.1604 2.5882 4.9928 3.8925 2.6893 2.1757 5.5625 6.9565 5.8666 5.4575 2.7639 3.7954 3.4632 3.6077 1.7177 6.9142 5.0974 3.6940 2.7928 27.3188 28.5977 27.9589 27.1991 26.9741 26.7149 27.3485 25.9710 27.1400 26.9451 25.1181 27.0732 26.7018 26.5758 28.4252 28.0716 28.2468 28.3392 27.9871 28.7576 26.9196 26.8812 29.3010 25.7400 27.4939 29.1821 28.3145 27.1279 27.7821 28.4076 23.0727 19.1748 16.4369 17.5412 16.2002 22.1078 13.0745 15.8044 21.7660 22.1620 12.6450 20.3306 18.4797 20.2619 17.2966 20.5569 23.7776 18.2612 20.7765 14.5631 18.5024 22.4610 19.8701 21.8460 19.2123 20.8079 23.7583 16.0882 21.0130 14.3788 15.5967 15.0491 11.3619 10.4470 12.9309 13.5764 12.3196 13.4229 11.1985 12.1454 13.5406 13.6797 13.0658 13.1989 15.4228 15.7048 11.4961 13.5403 12.2917 11.7783 11.9149 14.6636 12.5297 13.3697 12.8784 13.5799 14.6186 11.2384 11.7063 11.2983
25.1438 27.8810 26.9013 26.2415 30.0373 28.4855 26.9081 25.5767 29.3972 26.9088 28.1622 28.3132 27.8944 27.5212 27.5546 26.9098 26.9206 27.6810 27.8181 28.3560 26.7687 27.8308 25.8444 27.0221 29.0518 28.5282 26.6453 25.0358 26.0359 28.5493 5.2131 3.3669 3.7587 0.0000 5.8053 5.6946 5.4461 3.6975 3.6057 3.9052 4.5574 3.4885 3.1209 3.9986 3.4231 4.3553 4.0957 3.4823 4.7009 4.3358 4.5523 5.2539 3.1745 5.8147 3.6352 3.5614 4.4816 2.6746 6.4463 4.4938 26.2317 27.4896 26.8772 26.0762 25.9378 25.6932 26.1528 24.8704 26.0180 25.7812 24.0129 25.9154 25.5053 25.4498 27.2580 26.9671 27.0910 27.1488 26.8321 27.5989 25.8220 25.6826 28.1360 24.8370 26.2968 27.9830 27.1702 25.9391 26.6347 27.2599 21.9560 17.8347 15.7214 16.5786 15.7462 20.8595 13.8310 15.1385 20.4473 21.0241 12.3408 19.4401 17.3485 19.2907 16.1571 19.4865 22.6162 17.3857 19.4685 14.4583 17.1505 21.2164 18.8747 20.5599 18.1901 19.9373 22.7002 15.2655 20.0318 13.5864 14.4977 13.7215 10.7916 10.0933 11.7694 12.2285 11.4264 12.6519 11.0788 11.4452 13.0858 12.7269 12.2360 12.7724 14.7879 14.9607 11.6730 12.5250 11.5140 11.2403 11.8250 14.0005 11.5506 12.2696 12.0283 12.5532 14.3252 11.1556 11.2709 10.7028
