0.0000 9.4574 9.6607 8.2885 14.2042 10.2700 7.5982 8.8479 12.6664 9.9240 11.5811 11.3822 10.3338 10.3765 9.2693 9.3170 10.2504 9.5670 9.7103 11.0544 9.4060 12.9968 9.5864 9.2854 12.6920 9.8644 11.0899 3.3006 8.9933 12.6540 13.2918 15.0588 15.1808 14.7222 14.0186 15.2354 12.8297 14.9496 14.7277 14.8888 15.0678 14.4496 14.6981 14.5766 15.0245 15.3002 15.5153 14.5869 14.8290 13.8018 14.8521 15.2209 14.5392 15.7411 15.0220 15.2785 13.2445 13.9412 15.4583 15.4755 8.6088 8.9580 10.5349 9.0540 8.3982 9.2284 10.0608 10.1516 8.5834 11.2624 12.2395 7.6200 11.6803 7.0896 9.1452 8.5179 10.4595 8.3677 10.5567 8.4738 8.0476 10.6662 6.8204 9.7346 9.7255 6.1393 7.6843 8.9824 9.2210 6.6493 10.8583 8.3185 13.0337 10.9261 10.6749 7.8435 12.0240 12.2730 6.3334 12.2385 12.3790 7.2749 8.8695 9.5588 10.6887 5.5773 8.2709 11.1630 9.4414 10.7742 10.0583 9.8909 10.1304 9.1954 10.5274 10.5892 11.5039 12.6430 6.8884 9.7999 13.6666 11.7553 13.9888 15.1655 12.4518 13.4019 14.3457 13.9376 14.6378 14.2258 15.2438 14.2405 13.0936 15.0509 15.0533 13.8960 14.6406 13.7674 14.2561 13.2865 14.8472 13.3844 14.8183 13.4625 14.6032 14.3592 15.0220 14.9714 13.6265 15.0271
9.4574 0.0000 5.6438 5.6122 9.1910 6.2055 7.5936 6.3779 8.6243 4.5983 6.4362 6.7662 5.3080 5.4676 5.4396 3.1971 3.5363 6.3833 2.7859 5.0907 5.7746 7.3252 5.7912 4.4811 8.3549 3.4519 6.4764 9.9380 3.8928 6.7032 18.1130 19.6990 19.9038 19.3750 18.6005 19.9912 17.8554 19.6400 19.4797 19.5047 19.8332 19.1358 19.4726 19.3076 19.7383 20.0331 20.2389 19.3171 19.4993 18.8989 19.6419 20.0268 19.2490 20.5064 19.7161 19.9950 17.8773 18.5660 20.1965 20.1732 13.0082 12.5190 13.7049 13.2185 12.2076 13.9150 14.1195 14.5236 12.6621 15.9592 17.0264 12.4144 16.4558 10.3461 13.8184 7.9156 15.3060 12.3560 14.7497 12.6320 12.3817 14.9117 9.0365 14.5025 13.5020 8.3491 10.2384 14.1271 13.4658 9.7068 10.4469 5.7920 18.0299 10.4110 16.0147 10.9166 17.3050 12.2106 11.9516 11.8856 17.4794 11.8867 12.7828 13.0072 16.0277 11.7258 12.4111 10.2685 7.6236 14.9332 14.6357 15.0266 8.9705 7.2544 9.9965 10.2670 11.0985 17.9717 11.0941 14.0978 18.4249 16.3804 18.7591 19.8164 17.3547 18.0398 19.0641 18.7225 19.3676 18.8939 19.9370 18.9881 18.1228 19.7390 19.8524 18.8478 19.3110 18.3698 19.0691 18.0549 19.6303 18.2715 19.5569 18.0722 19.3213 19.1159 19.7158 19.7410 18.5239 19.8107
9.6607 5.6438 0.0000 6.1695 11.9838 7.5246 9.2576 7.4199 10.8425 7.0626 8.7998 9.0192 7.6180 4.2256 5.2130 5.6176 6.6734 7.6595 6.1074 8.0453 3.4500 10.1830 4.8714 5.5434 10.6334 6.5719 6.2983 10.0436 6.2768 9.9293 16.3972 18.0946 18.2681 17.7734 16.9803 18.3604 16.1195 18.0791 17.8248 17.9049 18.1934 17.4976 17.8514 17.6743 18.1377 18.4213 18.6052 17.6770 17.9232 17.1931 17.9872 18.3841 17.6175 18.8692 18.1147 18.3653 16.2017 16.9430 18.5642 18.5826 12.0647 11.3626 12.2680 11.7965 10.4747 12.0395 12.4201 12.9278 11.1878 14.3594 15.4241 10.8975 14.9293 8.5226 11.9110 7.2715 13.8741 10.9738 13.3054 10.7375 10.8765 13.0404 7.4916 12.6980 12.1455 7.7002 9.0618 12.8139 12.2496 9.1011 7.8507 6.5275 16.2966 7.6247 13.9519 9.5102 15.4691 9.4776 10.1861 9.2067 15.6427 9.8353 10.8258 10.8819 14.2748 10.5257 10.6612 7.9693 5.0843 12.7313 12.6108 13.4252 7.2385 5.4181 7.9677 7.6993 8.8670 16.2939 9.0590 12.4029 16.7357 14.6734 17.0555 18.2069 15.6054 16.3444 17.4333 17.0511 17.7186 17.2619 18.3212 17.3495 16.4330 18.1548 18.2188 17.1438 17.6837 16.8357 17.4219 16.3356 17.9783 16.5340 17.9274 16.4913 17.6723 17.4829 18.0825 18.1089 16.8621 18.1713
8.2885 5.6122 6.1695 0.0000 11.4132 6.4341 8.6979 3.6185 9.2658 5.4581 7.9683 7.3374 5.9943 6.8389 4.7311 5.1576 6.2223 5.9579 5.4962 7.2870 5.8611 9.8706 5.8849 4.9664 9.3248 6.1494 8.2017 9.3418 4.3698 9.3612 16.9462 18.6929 18.8188 18.3182 17.7259 18.9134 16.7010 18.6275 18.3961 18.5434 18.7420 18.0620 18.3814 18.2335 18.6978 18.9779 19.1711 18.2823 18.4721 17.7794 18.5583 18.9397 18.1800 19.4242 18.6637 18.9312 16.8525 17.4848 19.1274 19.1221 12.6422 12.2737 13.3746 12.4313 11.1462 12.7849 13.1572 13.7291 11.9597 14.9722 15.9944 11.5243 15.4950 9.5205 12.6502 7.1595 14.4635 11.5473 14.0961 11.8217 11.5617 13.8203 8.1948 13.2835 12.6277 8.4449 10.3302 13.1540 12.9150 9.7447 8.6662 2.5028 16.9309 8.6781 14.6556 10.7169 16.0299 10.4313 10.8846 10.3162 16.2489 11.0311 11.5636 11.6040 14.7731 10.3327 11.2395 8.5793 6.2095 13.5961 13.3044 13.9186 7.3512 5.7010 8.0286 8.2393 9.3114 16.8207 9.5095 12.6524 17.3687 15.1797 17.6104 18.7671 16.1799 17.0088 18.0039 17.6687 18.2945 17.8438 18.9165 17.8798 16.9515 18.6806 18.8036 17.7383 18.2826 17.3893 18.0535 16.9282 18.5497 17.1084 18.4865 17.0303 18.2464 18.0612 18.6768 18.6593 17.3942 18.7331
14.2042 9.1910 11.9838 11.4132 0.0000 8.7776 10.8558 11.0737 4.8400 8.1998 6.4275 6.1322 7.0748 10.3905 9.8112 10.0179 8.9386 8.9473 9.0144 6.5818 11.7998 4.7334 11.6939 11.1351 4.6273 7.9269 10.5525 15.2228 8.5359 4.9807 22.4678 23.8014 24.0328 23.4905 22.7929 24.1216 22.2469 23.7251 23.6572 23.6134 23.9757 23.3097 23.6283 23.4735 23.8584 24.1315 24.3507 23.5083 23.6046 23.1967 23.8325 24.1809 23.4098 24.6191 23.8185 24.1254 22.1819 22.7350 24.3215 24.2458 17.6720 16.6143 17.9808 17.8675 17.2060 18.9063 18.9281 19.0922 17.2138 20.3859 21.4435 17.2047 20.7225 16.0857 18.8129 13.1345 19.6457 16.9016 19.1279 17.5289 16.8947 19.6983 13.9845 19.2590 18.1148 13.6596 15.1657 18.8819 17.7130 14.5751 16.7853 12.2341 22.3442 16.3912 20.8950 15.6082 21.9053 18.0680 16.9572 17.5741 21.9978 17.4867 17.6389 18.4039 20.7005 16.5952 17.1796 15.8092 14.1581 20.0474 19.6942 19.7135 14.7948 13.3858 16.1235 16.4558 16.9080 22.4163 16.6824 19.0939 22.7644 20.8429 23.0362 23.9023 21.7827 22.3934 23.2672 22.9890 23.5619 23.0818 24.0493 23.2081 22.4818 23.8487 23.9944 23.1551 23.4427 22.4373 23.2919 22.3813 23.8019 22.6517 23.6885 22.2816 23.5260 23.2903 23.8616 23.8688 22.7702 23.9806
10.2700 6.2055 7.5246 6.4341 8.7776 0.0000 8.6901 6.8254 8.0289 5.8049 3.9325 5.5347 5.0915 7.5251 6.9559 6.4953 6.8548 3.9818 6.1380 6.1304 8.2567 6.7281 7.9663 6.6994 7.5713 5.7621 8.0084 11.3962 5.5911 6.9222 19.3127 20.8433 21.0371 20.5230 19.8038 21.1308 19.0908 20.7821 20.6330 20.6584 20.9737 20.2980 20.6235 20.4562 20.8845 21.1683 21.3704 20.4946 20.6303 20.0996 20.8009 21.1703 20.4028 21.6269 20.8544 21.1344 19.0897 19.7221 21.3314 21.3010 14.4774 13.7745 15.0880 14.5350 13.5408 15.4308 15.5402 15.8219 13.9068 17.1871 18.2775 13.7814 17.5593 12.2839 15.1883 9.3312 16.5479 13.6398 16.1305 14.0739 13.5824 16.2965 10.2773 15.8034 14.5228 9.9140 11.9445 15.4948 14.6067 11.3191 12.3991 7.5950 19.2310 12.2046 17.3612 12.2921 18.5680 13.9325 13.1249 13.5231 18.6843 13.5864 13.8917 14.5445 17.3173 13.2379 13.7045 11.8150 9.7706 16.4152 16.0409 16.3825 10.5887 9.1697 11.7778 12.1404 12.7386 19.1852 12.6889 15.5043 19.6283 17.6211 19.9271 20.9356 18.5887 19.2708 20.2177 19.9091 20.5309 20.0697 21.0694 20.1343 19.3212 20.8639 20.9842 20.0351 20.4673 19.5005 20.2393 19.2573 20.7602 19.4825 20.6826 19.2357 20.4744 20.2692 20.8612 20.8738 19.6878 20.9546
7.5982 7.5936 9.2576 8.6979 10.8558 8.6901 0.0000 9.2909 10.4236 7.9918 8.5510 8.7602 8.1003 8.7159 8.5990 7.8879 7.8209 8.3581 7.7175 8.2647 9.2177 9.5617 9.3107 8.7822 10.4303 7.4035 9.2965 8.7472 7.6950 9.0378 16.0536 17.5285 17.7396 17.2102 16.3952 17.8272 15.6752 17.4468 17.2880 17.3255 17.6632 16.9693 17.2701 17.1325 17.5627 17.8571 18.0808 17.1530 17.3156 16.5928 17.4738 17.8469 17.0975 18.3207 17.5276 17.8252 15.7756 16.3913 18.0333 17.9981 10.4263 10.0668 11.3918 11.2688 10.6673 13.0701 12.2384 12.4181 9.9417 13.7853 14.9172 11.1337 14.1321 10.3106 12.2953 8.1984 12.9412 11.3461 12.2822 11.7181 11.3775 13.2263 9.2480 12.4665 11.3502 7.0575 8.4998 11.8657 10.9166 8.1368 12.9782 9.0416 15.6860 12.7503 14.9334 9.7583 15.3527 14.3588 10.7029 14.0474 15.4060 11.3831 11.2998 12.9925 13.9372 10.3281 11.5002 12.6437 10.5863 14.5212 12.8394 12.7971 11.6859 10.1875 12.5198 12.6693 13.3855 15.6709 10.9067 12.4865 16.3128 14.2803 16.6334 17.6117 15.1959 15.9850 16.8901 16.5224 17.2044 16.7233 17.7616 16.8420 15.8374 17.5458 17.6233 16.6320 17.1117 16.0287 16.8222 15.9077 17.4208 16.1708 17.3623 15.9288 17.1530 16.9001 17.5460 17.5405 16.2514 17.6383
8.8479 6.3779 7.4199 3.6185 11.0737 6.8254 9.2909 0.0000 8.7886 6.4014 8.2754 7.3437 5.7301 7.9099 5.4391 6.1713 7.0813 5.8583 6.3404 7.5070 6.6689 9.7549 6.6803 6.3803 8.9379 6.2069 9.0925 9.9998 4.8211 9.1652 17.3698 19.0923 19.2151 18.7239 18.1254 19.3047 17.1326 19.0235 18.7974 18.9538 19.1372 18.4710 18.7844 18.6383 19.0904 19.3684 19.5634 18.6896 18.8732 18.1993 18.9570 19.3298 18.5853 19.8125 19.0612 19.3259 17.2759 17.9034 19.5138 19.5111 13.2499 12.8704 13.8904 12.9418 11.7186 13.3502 13.6519 14.1284 12.6445 15.4606 16.4359 11.9683 16.0122 10.2236 13.1459 7.6573 14.9200 11.9330 14.5345 12.4474 12.0007 14.3387 8.7239 13.7798 13.1931 9.0575 10.7970 13.6980 13.4622 10.3124 9.4762 3.7412 17.3662 9.3600 15.1537 11.4191 16.4846 11.1443 11.3762 11.0578 16.7043 11.7332 12.0142 12.1604 15.2232 10.7777 11.7783 9.3494 7.0758 14.1620 13.8979 14.3983 7.8917 6.5287 8.6645 9.0726 9.9646 17.2591 10.1916 13.1626 17.8014 15.6436 18.0259 19.1708 16.6229 17.4361 18.4115 18.0862 18.7002 18.2623 19.3117 18.2852 17.3764 19.0758 19.2066 18.1623 18.6856 17.8132 18.4602 17.3527 18.9556 17.5349 18.8852 17.4461 18.6534 18.4730 19.0753 19.0575 17.8230 19.1323
12.6664 8.6243 10.8425 9.2658 4.8400 8.0289 10.4236 8.7886 0.0000 6.7321 6.8401 5.4746 6.0478 9.7904 7.7516 9.0700 8.0757 7.8766 8.3364 5.7483 10.3847 5.9615 10.3692 9.8823 2.5039 7.2716 10.4669 13.8596 6.9011 6.0213 21.1115 22.5568 22.7437 22.2247 21.5841 22.8299 20.8876 22.4751 22.3523 22.3906 22.6776 22.0181 22.3331 22.1924 22.5893 22.8538 23.0699 22.2334 22.3525 21.8660 22.5333 22.8831 22.1230 23.3295 22.5491 22.8410 20.9019 21.4599 23.0323 22.9791 16.6561 15.7473 16.9968 16.6249 15.8449 17.5065 17.5851 17.8489 16.0446 19.1192 20.1427 15.8061 19.5124 14.7246 17.3671 11.5882 18.4653 15.5699 17.9375 16.2603 15.6504 18.3382 12.5997 17.8133 16.8587 12.5990 14.2194 17.5772 16.6445 13.6318 15.0634 10.0171 21.0220 14.6262 19.4001 14.5896 20.4718 16.3591 15.5520 15.9611 20.5782 16.1089 16.2125 16.8220 19.2454 14.8827 15.7541 14.1277 12.4240 18.5482 18.2071 18.2870 12.9866 11.7978 14.2925 14.6362 15.1346 21.0533 15.0148 17.5363 21.4660 19.4735 21.6999 22.6395 20.4157 21.1129 21.9872 21.6937 22.2648 21.8006 22.7983 21.8905 21.1242 22.5792 22.7263 21.8336 22.1765 21.2327 22.0269 21.0427 22.5026 21.2868 22.4115 21.0128 22.2316 22.0145 22.5893 22.5836 21.4596 22.6871
9.9240 4.5983 7.0626 5.4581 8.1998 5.8049 7.9918 6.4014 6.7321 0.0000 5.6543 5.5117 4.7963 5.8543 4.6921 5.5216 4.8541 5.9235 3.8596 3.5817 6.9049 6.3607 6.6142 5.4324 6.5822 4.2621 7.0637 10.8260 3.7526 6.3218 18.7862 20.3581 20.5542 20.0120 19.2999 20.6590 18.5410 20.2958 20.1407 20.1874 20.4866 19.7837 20.1243 19.9629 20.4005 20.6977 20.9041 19.9994 20.1583 19.5992 20.3154 20.6964 19.9117 21.1682 20.3720 20.6549 18.5536 19.1766 20.8603 20.8280 13.8941 13.0625 14.4779 13.8620 12.9762 14.7761 14.8993 15.3034 13.3845 16.6901 17.7222 13.1358 17.0674 11.4569 14.6079 8.4041 16.0034 12.9899 15.4757 13.5177 12.9281 15.6967 9.6188 15.2464 14.1870 9.2868 11.2367 14.8449 14.0821 10.6615 11.6358 6.2554 18.6960 11.3404 16.7998 11.7532 18.0331 13.2153 12.6708 12.8274 18.1759 12.9165 13.3911 13.9401 16.7521 12.2692 12.9632 10.8245 8.6609 15.8228 15.4683 15.7153 9.5514 8.0386 10.9098 11.2373 11.9684 18.6747 11.9646 14.7798 19.1203 16.9875 19.4038 20.4528 18.0100 18.7489 19.7171 19.4011 20.0488 19.5501 20.6056 19.6421 18.7955 20.3726 20.5163 19.5402 19.9763 18.9674 19.7578 18.7126 20.2896 18.9646 20.1972 18.6850 19.9877 19.7766 20.3883 20.3850 19.1520 20.4815
11.5811 6.4362 8.7998 7.9683 6.4275 3.9325 8.5510 8.2754 6.8401 5.6543 0.0000 4.2781 4.5451 7.8890 7.4046 7.0775 6.3609 5.3026 6.1857 4.9495 9.1044 4.2813 8.9270 7.7599 6.3212 5.4681 8.1490 12.7576 5.9060 4.4601 20.5612 21.9958 22.2168 21.6805 20.9364 22.3165 20.3295 21.9343 21.8249 21.8051 22.1574 21.4794 21.8057 21.6371 22.0529 22.3391 22.5494 21.6767 21.7977 21.3181 21.9987 22.3646 21.5823 22.8130 22.0185 22.3122 20.2881 20.8901 22.5128 22.4626 15.5306 14.6651 16.0626 15.6976 14.8760 16.7658 16.8121 16.9928 14.9607 18.3872 19.4880 14.9378 18.6963 13.6065 16.5654 10.6409 17.7029 14.7705 17.1413 15.3296 14.7726 17.5966 11.6084 17.1308 15.7954 10.9607 12.8847 16.7331 15.6522 12.2972 14.1580 9.0803 20.4550 13.8688 18.7680 13.2983 19.9009 15.5990 14.5136 15.1268 19.9947 14.9971 15.3074 16.0670 18.6466 14.3459 15.0115 13.3465 11.3029 17.8632 17.4654 17.6547 12.3088 10.6729 13.5365 13.8633 14.4009 20.4547 14.1899 16.9173 20.8492 18.8515 21.1506 22.0951 19.8338 20.4814 21.4072 21.1109 21.7240 21.2384 22.2359 21.3425 20.5700 22.0326 22.1663 21.2643 21.6292 20.6127 21.4264 20.4805 21.9533 20.7374 21.8628 20.4084 21.6709 21.4438 22.0443 22.0512 20.8905 22.1510
11.3822 6.7662 9.0192 7.3374 6.1322 5.5347 8.7602 7.3437 5.4746 5.5117 4.2781 0.0000 4.1746 8.2529 6.7958 6.8541 6.6654 5.6665 6.3436 4.9103 8.9273 5.0469 8.8545 8.0986 5.6993 5.8051 8.5009 12.6303 5.4682 4.5795 20.1860 21.6626 21.8668 21.3248 20.6578 21.9621 19.9374 21.5895 21.4653 21.4838 21.7998 21.1186 21.4426 21.2886 21.7089 21.9868 22.2017 21.3318 21.4642 20.9503 21.6484 22.0148 21.2251 22.4675 21.6670 21.9673 19.9529 20.5345 22.1684 22.1142 15.4290 14.5932 15.8686 15.4756 14.5851 16.3897 16.5068 16.7584 14.7700 18.0730 19.1718 14.6469 18.4647 13.3574 16.2497 10.3540 17.4256 14.4862 16.9102 15.0092 14.4618 17.2557 11.3467 16.7303 15.6096 11.0166 12.8603 16.4743 15.4887 12.2532 13.7185 8.3709 20.0932 13.3941 18.3620 13.1486 19.5061 15.1265 14.2689 14.7065 19.6310 14.8297 15.0206 15.6611 18.2438 13.8542 14.6852 12.9153 10.9968 17.4397 17.0898 17.3138 11.8555 10.3102 13.0362 13.3501 13.9226 20.1028 13.7477 16.4747 20.5160 18.4718 20.7861 21.7538 19.4479 20.1616 21.0791 20.7738 21.3711 20.8891 21.9174 20.9902 20.1904 21.6959 21.8400 20.9111 21.2762 20.2867 21.1105 20.1067 21.6144 20.3608 21.5206 20.0741 21.3330 21.1034 21.7106 21.6976 20.5345 21.8068
10.3338 5.3080 7.6180 5.9943 7.0748 5.0915 8.1003 5.7301 6.0478 4.7963 4.5451 4.1746 0.0000 6.9547 5.8411 5.6513 5.2643 4.4704 5.1484 4.4194 7.3994 5.2988 7.3902 6.6734 5.9399 4.0936 7.8748 11.4568 4.2717 4.6274 19.2690 20.7962 21.0040 20.4692 19.7458 21.0916 19.0321 20.7269 20.5848 20.6154 20.9362 20.2456 20.5781 20.4133 20.8409 21.1263 21.3346 20.4557 20.6031 20.0520 20.7724 21.1431 20.3589 21.6019 20.8068 21.1028 19.0415 19.6642 21.2998 21.2603 14.3673 13.6950 14.9759 14.4783 13.5822 15.3473 15.4648 15.7646 13.8940 17.1797 18.2483 13.5589 17.5719 12.1570 15.1373 9.1457 16.4860 13.4613 15.9736 13.9502 13.4817 16.2451 10.1952 15.7449 14.6957 9.8230 11.7503 15.4315 14.6521 11.2476 12.3316 6.9868 19.1959 11.9656 17.3263 12.0769 18.5137 13.8609 13.2115 13.4872 18.6593 13.6084 13.8926 14.5153 17.2494 12.8067 13.6076 11.7715 9.4081 16.3401 16.0248 16.2462 10.5368 8.9257 11.6776 11.9981 12.6465 19.1690 12.6073 15.4128 19.6020 17.5309 19.8922 20.9070 18.5239 19.2286 20.1881 19.8611 20.4906 20.0158 21.0412 20.1016 19.2793 20.8330 20.9532 20.0052 20.4052 19.4370 20.1974 19.2025 20.7336 19.4392 20.6529 19.1910 20.4441 20.2382 20.8342 20.8383 19.6443 20.9203
10.3765 5.4676 4.2256 6.8389 10.3905 7.5251 8.7159 7.9099 9.7904 5.8543 7.8890 8.2529 6.9547 0.0000 4.9325 5.6961 6.0695 7.6714 5.3213 6.6803 4.4634 8.7892 5.5384 5.9323 9.6253 5.7685 5.7044 10.8507 6.1019 8.5210 17.1843 18.8389 19.0279 18.5128 17.6987 19.1368 16.9351 18.8312 18.5978 18.6711 18.9596 18.2450 18.6140 18.4331 18.8893 19.1914 19.3807 18.4582 18.6621 18.0086 18.7621 19.1614 18.3767 19.6457 18.8708 19.1295 16.9514 17.6513 19.3349 19.3394 12.7734 11.5184 12.6429 12.3649 11.3333 12.9225 13.1980 13.6461 11.8302 15.0926 16.1317 11.5832 15.6156 9.5258 12.8554 7.7592 14.5317 11.5222 13.8935 11.6419 11.4406 13.8976 8.1234 13.6022 12.9800 8.4652 9.5680 13.4922 12.7157 9.5939 9.3657 7.2804 17.0378 8.9620 14.9502 10.1047 16.3683 10.8436 11.0430 10.3978 16.5156 10.8856 11.6062 11.9964 15.1304 11.2417 11.1867 8.6522 6.4641 13.8449 13.5931 14.2046 7.9484 6.0837 9.1259 9.0807 10.0178 17.1246 10.1818 13.2065 17.5231 15.3933 17.8228 18.9270 16.3917 17.1203 18.1701 17.8269 18.4977 18.0071 19.0743 18.1260 17.2401 18.8781 18.9898 17.9494 18.4436 17.4869 18.1922 17.1103 18.7563 17.3560 18.6629 17.1560 18.4357 18.2260 18.8431 18.8619 17.5916 18.9541
9.2693 5.4396 5.2130 4.7311 9.8112 6.9559 8.5990 5.4391 7.7516 4.6921 7.4046 6.7958 5.8411 4.9325 0.0000 5.6559 5.6542 6.6191 5.2430 5.7676 4.0696 8.5008 5.0667 5.6000 7.6608 5.6028 6.6313 10.2479 3.6856 8.2214 17.0187 18.7153 18.8735 18.3442 17.6863 18.9755 16.7387 18.6735 18.4545 18.5520 18.7964 18.0967 18.4412 18.2739 18.7496 19.0319 19.2319 18.3174 18.5284 17.8309 18.6168 19.0077 18.2226 19.4933 18.7109 18.9858 16.8531 17.4802 19.1871 19.1786 12.7356 11.8382 13.0286 12.3020 11.1426 12.7827 13.1083 13.6097 11.7605 15.0050 16.0265 11.4245 15.4827 9.4277 12.6685 7.0004 14.4283 11.3642 13.8506 11.7130 11.3698 13.7834 7.7776 13.3395 12.8014 8.4156 9.8557 13.3110 12.6547 9.5448 9.0171 5.0267 16.9433 8.6829 14.7367 10.6210 16.1593 10.5505 10.8995 10.3310 16.3373 11.0216 11.6047 11.7264 14.8897 10.3193 11.1156 8.4412 6.0046 13.6423 13.4395 14.0001 7.2977 5.4549 8.5007 8.5045 9.5513 16.9313 9.6287 12.8400 17.3961 15.1862 17.6624 18.8095 16.2138 17.0076 18.0361 17.7020 18.3473 17.8646 18.9515 17.9477 17.0378 18.7278 18.8610 17.7988 18.3054 17.3658 18.0754 16.9565 18.6044 17.1788 18.5281 17.0289 18.2938 18.0882 18.7264 18.7072 17.4358 18.8005
9.3170 3.1971 5.6176 5.1576 10.0179 6.4953 7.8879 6.1713 9.0700 5.5216 7.0775 6.8541 5.6513 5.6961 5.6559 0.0000 4.0013 6.4210 3.6728 5.8555 5.4810 8.2528 6.1933 3.8522 9.0963 4.3522 7.3797 9.7998 4.0699 7.5145 17.8683 19.4694 19.6663 19.1619 18.3591 19.7503 17.6004 19.4236 19.2326 19.3087 19.5891 18.9080 19.2377 19.1005 19.5004 19.8009 19.9986 19.0999 19.2804 18.6350 19.3928 19.7842 19.0143 20.2601 19.4979 19.7530 17.6447 18.3884 19.9519 19.9505 13.0404 12.6543 13.5528 13.1024 12.0035 13.7134 13.9543 14.3924 12.5007 15.7160 16.7883 12.1235 16.3127 10.2050 13.6260 7.9685 15.1760 12.2355 14.6321 12.3718 12.3819 14.7149 9.1251 14.2408 13.3038 8.4131 10.3086 13.9783 13.4780 9.8980 10.0435 5.1770 17.8139 10.0596 15.7282 10.5860 17.0278 11.8480 11.6913 11.5620 17.2007 11.5676 12.5524 12.7032 15.7481 11.4444 12.2920 10.0578 7.3831 14.6462 14.3211 14.8089 8.8872 7.1827 9.6631 9.9399 10.7691 17.7141 10.6797 13.8459 18.1915 16.1878 18.5223 19.5906 17.1236 17.8327 18.8500 18.4948 19.1268 18.6715 19.7154 18.7518 17.8778 19.5275 19.6271 18.6008 19.0912 18.2115 18.8550 17.8259 19.3919 18.0139 19.3302 17.8804 19.0895 18.8791 19.4877 19.5060 18.3071 19.5780
10.2504 3.5363 6.6734 6.2223 8.9386 6.8548 7.8209 7.0813 8.0757 4.8541 6.3609 6.6654 5.2643 6.0695 5.6542 4.0013 0.0000 7.0778 3.8320 4.3933 6.4556 7.1830 6.7612 4.9906 7.7286 3.8747 7.4679 10.9387 4.0581 6.2107 18.8944 20.3892 20.6269 20.0888 19.2725 20.7144 18.6206 20.3494 20.2103 20.2211 20.5535 19.8585 20.2030 20.0378 20.4503 20.7481 20.9534 20.0551 20.2265 19.6228 20.3763 20.7598 19.9794 21.2185 20.4342 20.7184 18.6255 19.2918 20.9155 20.8904 13.8013 13.2296 14.3717 13.9426 13.1104 14.8231 14.9531 15.2460 13.3507 16.7156 17.7665 13.0044 17.1552 11.2947 14.7037 8.9454 16.0697 13.0834 15.3569 13.4279 13.1784 15.7535 9.9658 15.3822 14.2789 9.2380 11.0336 14.9341 14.2481 10.6254 11.6475 6.2724 18.7808 11.4797 16.8891 11.5064 18.1177 13.2895 12.7878 12.9477 18.2571 12.8215 13.6410 14.0055 16.8326 12.2390 13.2536 11.2176 8.6574 15.8249 15.5062 15.7969 10.1672 8.3747 11.1485 11.4216 12.1350 18.7488 11.9346 14.9967 19.1558 17.1406 19.5101 20.5259 18.1344 18.7844 19.7865 19.4540 20.0981 19.6004 20.6400 19.7310 18.8990 20.4472 20.5605 19.5925 20.0257 19.0692 19.7699 18.8141 20.3482 19.0441 20.2786 18.7843 20.0393 19.8257 20.4412 20.4627 19.2596 20.5335
9.5670 6.3833 7.6595 5.9579 8.9473 3.9818 8.3581 5.8583 7.8766 5.9235 5.3026 5.6665 4.4704 7.6714 6.6191 6.4210 7.0778 0.0000 6.3597 6.3771 7.6875 7.0621 7.6186 6.9149 7.7614 5.5164 8.1531 10.9929 5.2245 6.8422 18.7930 20.3945 20.5298 20.0434 19.3895 20.6305 18.5771 20.3051 20.1207 20.1952 20.4704 19.8145 20.1185 19.9581 20.4157 20.6822 20.8773 20.0206 20.1608 19.6106 20.3057 20.6671 19.8965 21.1336 20.3628 20.6350 18.6246 19.2392 20.8282 20.8065 14.1219 13.6076 14.8596 14.1668 13.1263 14.8880 15.0916 15.4253 13.4983 16.8192 17.8424 13.3128 17.1283 11.8670 14.5973 8.7922 16.1518 13.2646 15.8317 13.6799 13.2714 15.8384 10.0158 15.1790 14.0961 9.7366 11.6685 15.0228 14.2987 11.0765 11.6843 7.0088 18.7812 11.4267 16.7610 11.9766 17.9971 13.2057 12.7224 12.8850 18.1128 13.1511 13.4096 13.9231 16.7539 12.7630 13.1916 11.3983 9.0107 15.8427 15.4794 15.8867 10.0422 8.5893 11.0899 11.3635 12.0624 18.6737 12.1271 14.9027 19.1718 17.0937 19.4122 20.4609 18.0551 18.8059 19.7446 19.4261 20.0268 19.6203 20.6026 19.6176 18.7908 20.3925 20.5138 19.5450 19.9787 19.0487 19.7880 18.7543 20.2645 18.9470 20.1955 18.7981 19.9978 19.8100 20.3928 20.3850 19.1952 20.4665
9.7103 2.7859 6.1074 5.4962 9.0144 6.1380 7.7175 6.3404 8.3364 3.8596 6.1857 6.3436 5.1484 5.3213 5.2430 3.6728 3.8320 6.3597 0.0000 4.7321 6.0005 7.1400 5.7915 4.0151 8.0512 4.0050 6.5801 10.1480 3.6546 6.5183 18.3358 19.8962 20.1067 19.5740 18.7767 20.2051 18.0666 19.8449 19.6885 19.7139 20.0371 19.3407 19.6805 19.5127 19.9454 20.2464 20.4486 19.5282 19.7082 19.1166 19.8505 20.2382 19.4565 20.7155 19.9276 20.1972 18.0693 18.7596 20.4008 20.3832 13.2076 12.6776 13.9468 13.3411 12.4318 14.1766 14.3464 14.7095 12.8938 16.1895 17.2249 12.5676 16.6171 10.5724 14.0499 8.1217 15.5350 12.5288 14.9300 12.9288 12.5481 15.1468 9.2588 14.7446 13.6917 8.4284 10.4379 14.2931 13.6900 10.0238 10.8015 5.7955 18.2598 10.7189 16.2600 11.0298 17.5413 12.5345 12.0871 12.1979 17.7039 12.0076 12.8930 13.3036 16.2513 11.8475 12.6119 10.4854 7.8906 15.2094 14.9018 15.2307 9.2008 7.4634 10.2680 10.5989 11.3842 18.1796 11.3299 14.3102 18.6279 16.5628 18.9606 20.0188 17.5580 18.2442 19.2586 18.9275 19.5795 19.1005 20.1408 19.1952 18.3336 19.9346 20.0586 19.0640 19.5185 18.5522 19.2682 18.2645 19.8365 18.4920 19.7535 18.2494 19.5266 19.3164 19.9300 19.9444 18.7248 20.0223
11.0544 5.0907 8.0453 7.2870 6.5818 6.1304 8.2647 7.5070 5.7483 3.5817 4.9495 4.9103 4.4194 6.6803 5.7676 5.8555 4.3933 6.3771 4.7321 0.0000 7.8565 4.5697 7.8497 6.4315 5.2949 3.8457 7.7175 11.9288 4.1634 4.5588 19.8897 21.3328 21.5827 21.0220 20.2360 21.6781 19.6174 21.2813 21.1758 21.1620 21.5141 20.8116 21.1555 20.9947 21.4006 21.7046 21.9188 21.0169 21.1672 20.6404 21.3485 21.7288 20.9353 22.1869 21.3821 21.6753 19.5834 20.2141 21.8793 21.8346 14.8615 13.9590 15.3179 14.8800 14.1481 15.9782 16.0050 16.2742 14.3644 17.7306 18.7790 14.1371 18.1046 12.6838 15.8239 9.6423 17.0087 13.9713 16.3629 14.5840 13.9579 16.8441 10.7514 16.4222 15.2221 10.2050 12.0474 15.9929 15.0201 11.5436 13.1880 7.8532 19.7699 12.8623 18.0406 12.5900 19.2039 14.7244 13.8197 14.3023 19.3186 14.1206 14.6176 15.2521 17.9183 13.3795 14.2337 12.3599 10.1936 17.0608 16.7273 16.8639 11.1066 9.5713 12.5091 12.8685 13.4622 19.7781 13.2738 16.0879 20.1552 18.1247 20.4846 21.4694 19.1271 19.7838 20.7484 20.4333 21.0777 20.5661 21.6001 20.6971 19.8925 21.3916 21.5299 20.5964 20.9776 19.9581 20.7579 19.7906 21.3241 20.0588 21.2246 19.7071 21.0179 20.7909 21.4069 21.4115 20.2264 21.5102
9.4060 5.7746 3.4500 5.8611 11.7998 8.2567 9.2177 6.6689 10.3847 6.9049 9.1044 8.9273 7.3994 4.4634 4.0696 5.4810 6.4556 7.6875 6.0005 7.8565 0.0000 10.2451 4.6405 5.5453 10.3145 6.5925 6.6122 9.9725 5.6185 9.7304 16.0544 17.7574 17.9262 17.4229 16.6449 18.0256 15.7234 17.7579 17.4932 17.5993 17.8461 17.1599 17.5065 17.3368 17.8047 18.0930 18.2733 17.3498 17.6127 16.8189 17.6423 18.0443 17.2801 18.5320 17.7890 18.0311 15.8532 16.5853 18.2282 18.2574 11.9773 11.3245 12.1340 11.5229 10.1562 11.6503 12.0768 12.6458 10.9693 14.1004 15.0741 10.5026 14.6541 8.0461 11.5432 7.0372 13.5945 10.6465 12.9611 10.5187 10.6083 12.6927 7.3603 12.3242 11.9823 7.6253 8.8675 12.5073 12.0157 9.0844 7.2279 5.6572 15.9754 6.9584 13.5292 9.5452 15.1033 8.8566 9.8425 8.7155 15.2875 9.5164 10.5589 10.4194 13.8647 9.8780 10.3136 7.4923 4.1202 12.3119 12.2251 13.0889 6.5811 4.5616 7.3178 7.0019 8.2767 15.9373 8.4833 11.9591 16.3806 14.2800 16.6973 17.8956 15.2314 16.0013 17.0921 16.7139 17.3822 16.9270 17.9958 17.0101 16.0712 17.8236 17.9013 16.7974 17.3625 16.5159 17.0898 15.9833 17.6471 16.1746 17.5930 16.1479 17.3329 17.1373 17.7652 17.7666 16.5186 17.8468
12.9968 7.3252 10.1830 9.8706 4.7334 6.7281 9.5617 9.7549 5.9615 6.3607 4.2813 5.0469 5.2988 8.7892 8.5008 8.2528 7.1830 7.0621 7.1400 4.5697 10.2451 0.0000 10.0493 9.1037 5.5062 5.9112 9.1177 13.9495 7.0521 3.3531 21.6353 22.9876 23.2351 22.6831 21.9066 23.3305 21.3918 22.9237 22.8466 22.7903 23.1768 22.4972 22.8263 22.6627 23.0560 23.3466 23.5615 22.6844 22.8057 22.3730 23.0244 23.3869 22.6043 23.8290 23.0266 23.3236 21.3132 21.9145 23.5252 23.4656 16.5745 15.6306 17.0267 16.7777 16.1136 17.9398 17.9171 18.0820 16.1473 19.4992 20.5593 16.0856 19.7938 14.8636 17.7599 11.8426 18.7507 15.8399 18.1524 16.4964 15.8092 18.7482 12.8281 18.3118 16.9898 12.1236 13.8728 17.8705 16.6958 13.3754 15.6099 10.7548 21.5157 15.2294 19.9685 14.3600 21.0390 17.0062 15.7787 16.5087 21.1213 16.2140 16.5394 17.3560 19.7909 15.5674 16.2106 14.7176 12.6964 19.0903 18.7161 18.7664 13.6048 12.1143 14.9858 15.3231 15.7872 21.5408 15.5706 18.1332 21.8955 19.9511 22.2053 23.1098 20.9133 21.5253 22.4320 22.1369 22.7537 22.2632 23.2457 22.3840 21.6389 23.0449 23.1850 22.3186 22.6367 21.6087 22.4431 21.5383 22.9875 21.8100 22.8807 21.4258 22.7011 22.4708 23.0610 23.0716 21.9485 23.1759
9.5864 5.7912 4.8714 5.8849 11.6939 7.9663 9.3107 6.6803 10.3692 6.6142 8.9270 8.8545 7.3902 5.5384 5.0667 6.1933 6.7612 7.6186 5.7915 7.8497 4.6405 10.0493 0.0000 6.0402 10.2307 6.6804 4.6749 10.1277 5.9183 9.6716 15.5657 17.2847 17.4290 16.9167 16.1991 17.5329 15.2420 17.2632 16.9978 17.0584 17.3654 16.6559 17.0101 16.8189 17.3150 17.6062 17.7832 16.8338 17.0998 16.3145 17.1611 17.5425 16.7705 18.0581 17.2758 17.5449 15.3293 16.0248 17.7321 17.7424 11.0273 10.4041 12.0085 10.6155 9.7855 11.0140 11.3529 12.0080 10.4880 13.5121 14.6195 9.9168 14.0712 7.8778 10.9157 5.6863 12.9846 10.0248 12.5429 10.0000 9.8108 12.0497 6.4450 11.8783 11.3789 7.2069 8.2713 11.7923 11.3193 8.0154 6.9006 6.0595 15.4762 6.4297 13.0576 8.8285 14.5190 8.2089 10.5417 7.7985 14.7435 10.0032 10.0290 9.6022 13.4345 10.5343 9.5501 6.3988 4.2559 11.6162 12.0563 12.6730 5.2637 4.2007 6.3173 6.7075 7.0768 15.4416 8.4901 11.2815 15.8953 13.6815 16.2241 17.3919 14.7028 15.4306 16.5794 16.2235 16.8647 16.4869 17.5020 16.5242 15.5924 17.3385 17.4090 16.3061 16.8439 15.9137 16.5712 15.4807 17.1711 15.6640 17.0927 15.6409 16.8481 16.6348 17.2844 17.2871 15.9951 17.3396
9.2854 4.4811 5.5434 4.9664 11.1351 6.6994 8.7822 6.3803 9.8823 5.4324 7.7599 8.0986 6.6734 5.9323 5.6000 3.8522 4.9906 6.9149 4.0151 6.4315 5.5453 9.1037 6.0402 0.0000 9.4857 5.6959 7.8257 9.5074 4.6572 8.8993 17.6733 19.2510 19.4709 18.9658 18.0999 19.5619 17.3850 19.2306 19.0455 19.1117 19.3913 18.7117 19.0471 18.9045 19.3030 19.6195 19.8075 18.9003 19.0993 18.4297 19.1862 19.5867 18.8253 20.0621 19.3187 19.5526 17.4077 18.1806 19.7517 19.7670 12.8586 12.5610 13.5627 12.7552 11.7522 13.5284 13.7144 14.1870 12.4775 15.5551 16.5502 12.0049 16.0808 9.9013 13.3710 7.9127 15.0107 12.1014 14.4255 12.3238 12.1733 14.4772 8.9744 14.0837 13.0704 8.0194 10.1114 13.7086 13.3463 9.9123 9.6538 4.8697 17.6332 9.7917 15.4753 10.5815 16.8152 11.5603 11.3376 11.3402 16.9846 11.0377 12.2263 12.4581 15.5566 11.1932 12.1339 9.7072 6.9979 14.3804 14.0837 14.5787 8.4089 6.7768 9.2912 9.6064 10.4706 17.4745 10.4120 13.5892 17.9405 15.9608 18.3083 19.4055 16.9109 17.5851 18.6236 18.2719 18.9343 18.4706 19.5000 18.5574 17.6741 19.3187 19.4162 18.3845 18.9060 18.0216 18.6180 17.6193 19.1921 17.8106 19.1277 17.6362 18.8797 18.6695 19.2970 19.3125 18.1008 19.3759
12.6920 8.3549 10.6334 9.3248 4.6273 7.5713 10.4303 8.9379 2.5039 6.5822 6.3212 5.6993 5.9399 9.6253 7.6608 9.0963 7.7286 7.7614 8.0512 5.2949 10.3145 5.5062 10.2307 9.4857 0.0000 7.1999 10.1729 13.7714 6.7033 5.8251 21.1809 22.5857 22.7995 22.2686 21.5877 22.8906 20.9405 22.5149 22.4146 22.4189 22.7346 22.0696 22.3898 22.2400 22.6365 22.9119 23.1256 22.2787 22.4020 21.9172 22.5869 22.9409 22.1792 23.3838 22.6030 22.8952 20.9303 21.4941 23.0878 23.0327 16.5474 15.6482 16.9901 16.5476 15.8209 17.5453 17.5897 17.7994 16.0183 19.1464 20.1680 15.8109 19.4828 14.6379 17.3761 11.5471 18.4559 15.5710 17.8916 16.2661 15.6138 18.3448 12.4966 17.8869 16.8108 12.3808 14.0753 17.5543 16.5767 13.4656 15.0970 10.0447 21.0803 14.6900 19.4619 14.5583 20.5399 16.4265 15.5106 16.0201 20.6379 16.0158 16.2023 16.8771 19.3125 14.9148 15.7931 14.1498 12.3897 18.5798 18.2642 18.3124 12.9916 11.7241 14.3439 14.6921 15.1946 21.0977 15.0358 17.6002 21.4850 19.5058 21.7540 22.6933 20.4677 21.1275 22.0197 21.7315 22.3231 21.8392 22.8302 21.9447 21.1855 22.6204 22.7605 21.8771 22.2270 21.2574 22.0468 21.0950 22.5540 21.3504 22.4607 21.0315 22.2746 22.0535 22.6391 22.6364 21.5050 22.7365
9.8644 3.4519 6.5719 6.1494 7.9269 5.7621 7.4035 6.2069 7.2716 4.2621 5.4681 5.8051 4.0936 5.7685 5.6028 4.3522 3.8747 5.5164 4.0050 3.8457 6.5925 5.9112 6.6804 5.6959 7.1999 0.0000 7.0417 10.7633 3.8374 5.6357 18.8093 20.3831 20.5882 20.0611 19.2816 20.6728 18.5915 20.3185 20.1585 20.1956 20.5201 19.8173 20.1590 19.9962 20.4153 20.7133 20.9218 20.0250 20.1698 19.6246 20.3406 20.7192 19.9345 21.1932 20.3933 20.6812 18.5821 19.2530 20.8803 20.8493 13.7836 13.0541 14.3059 13.9151 13.0294 14.7714 14.8703 15.2162 13.3371 16.6734 17.7485 13.0242 17.1432 11.4079 14.6029 8.4436 15.9742 12.9533 15.4347 13.3881 13.0093 15.7167 9.6576 15.2412 14.1708 9.2076 10.9731 14.8894 14.1012 10.4110 11.6193 6.6092 18.7259 11.3211 16.8420 11.4784 18.0545 13.2556 12.7001 12.8615 18.2035 12.9193 13.4448 13.9303 16.7774 12.4152 13.0601 11.0838 8.6866 15.8351 15.4833 15.7470 9.8243 8.2044 11.0035 11.3433 12.0522 18.7105 12.0098 14.8845 19.1565 17.0869 19.4585 20.4805 18.0726 18.7649 19.7553 19.4213 20.0614 19.5847 20.6235 19.6731 18.8389 20.4147 20.5392 19.5682 19.9855 19.0153 19.7680 18.7587 20.3156 18.9889 20.2317 18.7496 20.0128 19.8068 20.3984 20.4206 19.2106 20.4997
11.0899 6.4764 6.2983 8.2017 10.5525 8.0084 9.2965 9.0925 10.4669 7.0637 8.1490 8.5009 7.8748 5.7044 6.6313 7.3797 7.4679 8.1531 6.5801 7.7175 6.6122 9.1177 4.6749 7.8257 10.1729 7.0417 0.0000 11.7715 7.1142 8.7286 16.8244 18.3907 18.5937 18.0503 17.3040 18.7012 16.5074 18.3853 18.1851 18.1587 18.5392 17.8122 18.1792 17.9747 18.4506 18.7560 18.9384 18.0070 18.2223 17.5384 18.3463 18.7231 17.9352 19.2183 18.4125 18.7115 16.5124 17.1493 18.9035 18.8764 12.1488 10.9939 12.8165 11.8104 11.1537 12.4894 12.6958 13.2098 11.4769 14.7034 15.8342 11.3630 15.1380 9.6142 12.5111 7.4084 14.0530 11.2791 13.5882 11.2697 10.8464 13.3974 7.9596 13.3413 12.5752 8.5939 9.3054 13.1382 11.9614 8.8753 9.4676 8.6688 16.6583 8.9558 14.6120 9.9524 15.9199 10.4387 12.1294 9.7968 16.1009 11.8211 11.5746 11.3953 14.8921 12.3315 10.8914 8.3240 7.2665 13.2162 13.6229 14.1047 7.5411 6.5905 8.8793 9.2858 9.3933 16.7614 10.5101 12.8979 17.0685 14.9553 17.4461 18.5051 15.9841 16.6192 17.7388 17.4103 18.0471 17.6275 18.6228 17.7323 16.8747 18.4655 18.5516 17.5185 17.9804 16.9436 17.7197 16.7034 18.3459 16.9462 18.2383 16.7610 18.0142 17.7769 18.4283 18.4310 17.1682 18.5106
3.3006 9.9380 10.0436 9.3418 15.2228 11.3962 8.7472 9.9998 13.8596 10.8260 12.7576 12.6303 11.4568 10.8507 10.2479 9.7998 10.9387 10.9929 10.1480 11.9288 9.9725 13.9495 10.1277 9.5074 13.7714 10.7633 11.7715 0.0000 10.0104 13.6362 12.8756 14.5716 14.7117 14.2866 13.4456 14.7541 12.3541 14.4790 14.2536 14.3990 14.5906 14.0160 14.2376 14.1320 14.5354 14.8203 15.0216 14.0732 14.3599 13.2538 14.3421 14.7142 14.0886 15.2346 14.5734 14.7787 12.7664 13.5801 14.9577 15.0049 8.0776 8.8440 10.3210 8.7649 8.2651 8.7668 9.7444 9.6936 8.5419 10.7788 11.7054 7.3305 11.2882 6.7838 8.7771 9.2400 10.0204 8.1841 10.1828 8.1029 7.7715 10.2823 7.0138 9.5567 9.6378 6.0505 7.4657 8.5277 9.1508 6.5589 11.0348 9.1991 12.5374 11.2626 10.1597 7.6267 11.5167 12.4963 5.7016 12.4748 11.8745 6.2646 8.5708 9.3807 10.2109 5.5254 8.2995 11.5348 9.8794 10.4425 9.6439 9.3830 10.5268 9.8241 10.8357 10.9355 11.8060 12.0450 6.7588 9.6363 13.1618 11.4915 13.5555 14.7107 12.0246 12.9340 13.8752 13.4489 14.1642 13.7742 14.7485 13.8136 12.6293 14.6029 14.5421 13.3714 14.1964 13.4135 13.7483 12.8691 14.3772 12.9277 14.3528 13.0748 14.1271 13.8855 14.5234 14.5033 13.1896 14.5405
8.9933 3.8928 6.2768 4.3698 8.5359 5.5911 7.6950 4.8211 6.9011 3.7526 5.9060 5.4682 4.2717 6.1019 3.6856 4.0699 4.0581 5.2245 3.6546 4.1634 5.6185 7.0521 5.9183 4.6572 6.7033 3.8374 7.1142 10.0104 0.0000 6.5761 18.0199 19.6340 19.8236 19.2919 18.5936 19.9113 17.7531 19.5729 19.4032 19.4690 19.7473 19.0542 19.3861 19.2315 19.6672 19.9588 20.1649 19.2625 19.4374 18.8112 19.5678 19.9518 19.1712 20.4283 19.6423 19.9239 17.8204 18.4731 20.1230 20.0998 13.2460 12.6734 13.8754 13.1965 12.1774 13.9000 14.1216 14.5385 12.6731 15.9314 16.9802 12.3228 16.4056 10.4779 13.7667 7.6709 15.2939 12.2769 14.7727 12.6928 12.3393 14.8768 8.8425 14.3819 13.4785 8.6230 10.5791 14.1219 13.4821 9.9962 10.3997 4.6852 17.9657 10.2430 15.9062 11.1593 17.1987 12.0859 11.8648 11.8226 17.3735 12.0465 12.6732 12.9298 15.9102 11.3068 12.2854 10.0366 7.5950 14.8548 14.5729 14.9508 8.6760 6.9796 9.7644 10.0439 10.9027 17.8913 10.8196 13.9275 18.3635 16.2542 18.6644 19.7479 17.2543 17.9932 18.9939 18.6621 19.2967 18.8207 19.8774 18.8978 18.0214 19.6606 19.7879 18.7736 19.2446 18.3003 19.0169 17.9678 19.5518 18.1811 19.4778 17.9920 19.2464 19.0389 19.6589 19.6553 18.4283 19.7369
12.6540 6.7032 9.9293 9.3612 4.9807 6.9222 9.0378 9.1652 6.0213 6.3218 4.4601 4.5795 4.6274 8.5210 8.2214 7.5145 6.2107 6.8422 6.5183 4.5588 9.7304 3.3531 9.6716 8.8993 5.8251 5.6357 8.7286 13.6362 6.5761 0.0000 21.2829 22.6411 22.8890 22.3369 21.5579 22.9828 21.0256 22.5809 22.4976 22.4511 22.8281 22.1484 22.4781 22.3108 22.7117 22.9991 23.2127 22.3428 22.4685 22.0005 22.6768 23.0389 22.2569 23.4800 22.6798 22.9815 20.9672 21.5632 23.1787 23.1214 16.2087 15.3497 16.6751 16.4387 15.7241 17.5272 17.5428 17.6920 15.7655 19.1468 20.1980 15.6340 19.4463 14.3858 17.3720 11.5214 18.3871 15.4680 17.7600 16.0837 15.4585 18.3643 12.5218 17.9331 16.6850 11.7650 13.4912 17.4906 16.3954 13.0336 15.1184 10.0776 21.1573 14.7615 19.5662 13.9751 20.6540 16.5230 15.4200 16.0548 20.7483 15.8329 16.1832 16.9188 19.3934 15.0632 15.8372 14.3354 12.1763 18.6574 18.2993 18.3846 13.2287 11.6506 14.4955 14.8418 15.3245 21.1834 15.0956 17.7349 21.5331 19.5773 21.8511 22.7671 20.5476 21.1662 22.0864 21.7834 22.3995 21.9089 22.8978 22.0352 21.2812 22.7006 22.8357 21.9585 22.2856 21.2678 22.0850 21.1800 22.6367 21.4472 22.5382 21.0830 22.3484 22.1223 22.7138 22.7243 21.5920 22.8251
13.2918 18.1130 16.3972 16.9462 22.4678 19.3127 16.0536 17.3698 21.1115 18.7862 20.5612 20.1860 19.2690 17.1843 17.0187 17.8683 18.8944 18.7930 18.3358 19.8897 16.0544 21.6353 15.5657 17.6733 21.1809 18.8093 16.8244 12.8756 18.0199 21.2829 0.0000 2.9593 2.8042 2.7180 2.6472 2.7920 3.4701 3.0061 2.2410 2.8873 2.7175 1.9548 2.3092 2.3309 2.6487 3.0119 3.2086 2.4323 2.5706 5.5516 2.4000 2.7786 2.1905 3.4716 2.7355 2.9439 1.7954 2.2797 3.1046 3.2167 8.0753 8.4484 6.7788 7.2897 7.9981 8.1959 6.4330 6.3171 7.8346 5.4908 2.0830 9.1318 3.4662 10.3721 6.8958 13.5916 5.9252 8.1178 6.6054 8.9731 9.3885 5.9007 11.8748 6.1278 6.1843 12.1962 10.0157 6.5405 7.3807 10.8159 13.3437 16.6521 5.2087 13.3273 7.5594 11.0237 5.2443 13.0494 10.7465 13.0764 5.2594 10.3670 7.5849 9.2087 5.4350 11.1872 9.0906 13.4991 14.5046 8.2632 6.3216 5.9407 13.9101 14.6253 13.4216 13.4395 13.1899 5.2922 10.3560 6.6254 1.9152 2.8828 1.4822 2.8535 2.3746 1.7583 2.1063 1.7897 2.2325 2.0195 3.0890 1.9739 3.0755 2.9430 2.9306 2.2334 2.3165 2.4777 2.6174 1.3261 2.5321 1.2789 2.5294 2.0987 2.2112 2.1323 2.6507 2.5901 1.7648 2.6069
15.0588 19.6990 18.0946 18.6929 23.8014 20.8433 17.5285 19.0923 22.5568 20.3581 21.9958 21.6626 20.7962 18.8389 18.7153 19.4694 20.3892 20.3945 19.8962 21.3328 17.7574 22.9876 17.2847 19.2510 22.5857 20.3831 18.3907 14.5716 19.6340 22.6411 2.9593 0.0000 0.9296 0.9788 1.9599 1.0318 4.8094 0.6632 1.2649 0.7835 0.9173 1.1284 1.0490 1.1017 0.6876 0.9748 1.1432 1.1608 0.8797 6.4376 1.1728 1.2762 1.2012 1.3441 0.7797 0.9774 2.8424 2.1256 1.1734 1.0341 9.5887 10.1546 8.0328 9.1198 9.9106 10.2769 8.4115 8.1185 9.5797 7.2909 3.5482 11.0640 4.2909 12.3709 9.0342 15.5482 7.5706 9.9367 7.9923 11.0146 11.2111 7.9703 13.8061 8.2224 7.4957 13.7720 11.7113 8.3563 9.1011 12.6872 15.2867 18.4090 6.5684 15.3022 9.6262 12.8716 7.2632 14.9776 12.5311 14.9973 6.8627 12.2780 9.7272 11.3716 7.4036 13.0014 11.3036 15.4846 16.3595 10.3224 8.3185 7.8140 15.8614 16.5015 15.3943 15.4178 15.1171 6.5851 12.4035 8.9391 2.1120 4.8532 1.8979 1.0409 4.2148 2.6697 1.1682 1.7762 1.4017 1.2989 0.8163 1.4905 4.2207 0.9275 1.1395 2.6908 1.1289 2.1647 2.0254 2.9641 1.0921 2.9427 0.8721 2.3952 0.9988 1.5028 1.0789 0.8013 2.5992 1.0311
15.1808 19.9038 18.2681 18.8188 24.0328 21.0371 17.7396 19.2151 22.7437 20.5542 22.2168 21.8668 21.0040 19.0279 18.8735 19.6663 20.6269 20.5298 20.1067 21.5827 17.9262 23.2351 17.4290 19.4709 22.7995 20.5882 18.5937 14.7117 19.8236 22.8890 2.8042 0.9296 0.0000 1.1620 2.3698 0.5349 4.8505 0.8664 0.8269 0.9978 0.3375 1.1146 0.8243 0.9477 0.7330 0.6342 0.7049 1.1795 0.7933 6.4362 0.8648 0.8138 0.9109 0.9654 0.5091 0.3492 2.9854 2.2838 0.5855 0.6274 9.7874 10.3817 8.2572 9.2903 10.0469 10.2871 8.5045 8.2389 9.7123 7.3618 3.6861 11.1839 4.4870 12.5092 9.0590 15.6537 7.7424 10.0747 8.2301 11.1304 11.4107 8.0363 13.9562 8.2140 7.6525 14.0130 11.9412 8.4698 9.3044 12.8563 15.3044 18.5394 6.5814 15.3182 9.5711 13.0191 7.1718 14.9422 12.6743 14.9757 6.7780 12.3922 9.8019 11.3499 7.4062 13.1475 11.3422 15.5234 16.4543 10.3059 8.3285 7.8890 15.9285 16.6169 15.4171 15.4245 15.1093 6.5717 12.4799 8.9440 2.3002 4.9049 1.7557 0.7210 4.2065 2.7848 1.2164 1.8321 1.0421 1.5109 0.7643 1.2506 4.1894 0.9415 1.1097 2.6810 0.9825 2.4486 2.2019 2.9513 0.6886 2.7928 0.5988 2.6534 0.9664 1.5775 0.8844 0.5542 2.5699 0.7034
14.7222 19.3750 17.7734 18.3182 23.4905 20.5230 17.2102 18.7239 22.2247 20.0120 21.6805 21.3248 20.4692 18.5128 18.3442 19.1619 20.0888 20.0434 19.5740 21.0220 17.4229 22.6831 16.9167 18.9658 22.2686 20.0611 18.0503 14.2866 19.2919 22.3369 2.7180 0.9788 1.1620 0.0000 2.1557 1.4651 4.5515 0.9708 1.4855 0.9955 1.1740 0.9912 1.0336 0.7982 1.2539 1.4861 1.6515 1.0590 1.1409 6.4540 1.4577 1.6844 1.0871 1.9216 0.9591 1.3723 2.4857 1.4157 1.6587 1.4456 9.3605 9.8373 7.8264 8.8315 9.5588 9.9119 8.1184 7.8865 9.2880 7.1800 3.2830 10.7896 4.1071 12.0016 8.6764 15.1626 7.3977 9.5686 7.8416 10.7390 10.8883 7.6847 13.4475 7.9101 7.1369 13.4877 11.4147 8.1036 8.8335 12.3198 14.9132 18.0444 6.5162 14.9266 9.3043 12.6256 7.0850 14.6001 12.2203 14.6383 6.7286 11.9779 9.4222 11.0109 7.1510 12.6801 10.9055 15.1115 15.9800 9.9649 8.0413 7.6316 15.4912 16.1058 15.0174 15.0142 14.7557 6.5417 12.0297 8.5573 2.0692 4.3928 1.4636 1.3886 3.8324 2.3753 1.0669 1.7171 1.5021 1.0910 1.4416 1.4137 4.0076 1.1194 1.7104 2.7120 1.1893 1.8233 2.1915 2.5837 1.3950 2.7002 1.0453 1.9232 1.1718 1.6291 1.6195 1.0168 2.4831 1.4513
