0.0000 2.4910 2.7541 2.3292 8.3288 5.8539 3.6649 2.3299 7.1127 5.3856 6.5680 4.4424 3.1626 4.6448 2.4763 2.9644 3.4521 5.0783 5.4503 2.7403 3.2451 6.2772 2.2325 2.3790 5.0505 5.6539 2.7138 3.0196 4.4408 7.4633 47.0645 50.0198 52.8483 49.9484 44.8917 50.8897 44.7061 50.1671 49.4705 49.7043 49.8563 48.3733 50.2482 47.6287 50.1430 47.7540 48.9712 49.3025 48.7932 45.5348 48.4803 53.1987 50.0557 50.0461 49.4535 51.6479 47.6823 47.9755 51.9810 53.9270 15.7053 15.4738 21.4854 19.6627 17.1738 14.3208 21.7587 18.3823 17.3138 20.4542 24.2141 16.0165 23.4470 16.5072 20.1033 12.8015 16.1195 17.4532 20.6956 16.7729 15.0801 20.1023 16.2492 15.4854 17.4984 13.3741 16.0043 22.1157 17.2583 16.5382 15.3672 12.0691 26.0920 17.4448 16.7235 8.2125 26.6774 18.0902 11.6791 15.7573 17.5305 16.2712 16.3936 19.3466 18.2300 10.7701 14.4865 15.3007 14.0931 22.8470 20.2258 19.0753 9.9652 12.3263 13.9727 17.8280 13.5413 21.8601 12.5846 20.8720 42.8616 38.8823 45.6903 45.6996 38.9944 40.5306 44.3224 43.0730 44.8681 45.2350 44.8707 42.1158 38.2679 45.7774 44.4846 41.3219 47.3794 39.6065 40.8070 44.1238 45.9479 40.6582 43.4888 41.9938 42.2989 41.0749 42.5089 45.3577 38.6834 42.7937
2.4910 0.0000 2.6679 1.8563 8.4622 6.0911 2.7796 1.1629 7.0113 3.1184 6.8041 4.6890 2.7151 2.5083 1.4607 2.3465 2.1618 4.2399 3.8876 1.0059 2.2763 6.2120 2.7056 0.9286 5.2838 5.8350 1.9398 2.4285 2.1139 7.6748 47.0735 49.9684 52.7933 49.9088 44.9162 50.8346 44.7306 50.1120 49.4154 49.6902 49.8012 48.3182 50.1931 47.6532 50.1034 47.7630 48.9161 49.2629 48.7740 45.5593 48.4252 53.1436 50.0006 49.9911 49.4378 51.5929 47.7037 47.9395 51.9259 53.8719 15.6139 15.3508 21.3940 19.5304 17.0570 14.1965 21.6317 18.2554 17.1693 20.3273 24.0871 15.8294 23.3201 16.3802 19.9865 12.7230 16.0027 17.3209 20.5789 16.6546 14.9886 19.9754 16.1170 15.2877 17.3715 13.2573 15.9105 21.9888 17.1632 16.4137 15.1857 11.9537 25.9460 17.3508 16.6083 8.1239 26.6223 18.0306 11.5146 15.5910 17.5395 16.0900 16.3410 19.2284 18.1271 10.7409 14.3220 15.1830 13.9443 22.7202 20.0799 18.9294 9.2828 12.3137 13.7636 17.6152 13.3769 21.6987 12.4052 20.8037 42.7938 38.8779 45.6562 45.6601 38.9646 40.5261 44.2828 43.0106 44.8130 45.1920 44.7780 41.9963 38.2284 45.7396 44.3738 41.2382 47.3243 39.6021 40.7674 44.0842 45.9083 40.6107 43.4492 41.9542 42.2944 41.0633 42.5045 45.3181 38.6438 42.7541
2.7541 2.6679 0.0000 1.1081 6.6301 4.4718 4.4167 2.1528 5.1495 3.6456 5.0868 3.5016 1.6538 2.5150 3.1567 1.6438 1.8324 2.8255 3.2280 2.5567 1.7705 4.4099 3.2729 2.5121 4.0057 4.4947 1.0251 3.9894 2.9043 5.8119 48.4400 51.4577 54.2863 51.3070 46.0987 52.3277 45.9562 51.6051 50.9085 51.1423 51.2942 49.8113 51.6862 48.9073 51.5481 49.1799 50.4092 50.6604 50.1510 46.7847 49.9183 54.6367 51.4937 51.4841 50.8915 53.0859 49.0402 49.4135 53.4189 55.3650 17.3668 17.0941 23.1372 21.2617 18.7056 15.9398 23.2569 19.8507 19.0128 21.8457 25.6903 17.4121 24.8385 17.9658 21.5982 14.4533 17.6206 19.0565 22.1872 18.4374 16.7446 21.5763 17.8514 17.2398 19.0274 14.8656 17.6537 23.5072 18.9064 18.1570 16.6424 13.0277 27.5128 18.7106 17.9994 9.4599 28.1154 19.3703 12.9366 17.0101 18.8175 17.5343 17.8071 20.7674 19.6508 12.0076 15.7377 16.5759 15.3669 24.1804 21.6606 20.4962 10.2092 13.5680 15.2765 19.1033 14.7776 23.3610 13.8494 22.3194 44.2599 40.2318 47.0482 47.0858 40.3522 41.8917 45.6802 44.4939 46.3216 46.6558 46.3427 43.5366 39.6258 47.1353 45.8830 42.7202 48.8418 40.9419 42.1649 45.5126 47.3893 42.0790 44.8467 43.3516 43.6504 42.4733 43.8563 46.7783 40.0413 44.1516
2.3292 1.8563 1.1081 0.0000 6.8973 4.6020 3.9882 1.2801 5.5680 3.5309 5.3883 3.4808 1.4473 2.5551 2.7361 1.4500 1.6851 3.0389 3.3332 1.7584 1.6901 4.7734 3.0864 1.9238 4.0213 4.6730 1.1538 3.7374 2.6462 6.1083 48.1550 51.1537 53.9823 51.0247 45.9246 52.0237 45.7390 51.3011 50.6045 50.8383 50.9902 49.5073 51.3822 48.6616 51.2441 48.8759 50.1052 50.3788 49.8695 46.5677 49.6143 54.3327 51.1897 51.1801 50.5875 52.7819 48.7586 49.1095 53.1149 55.0610 16.9089 16.6564 22.7138 20.8248 18.2782 15.4915 22.8473 19.4716 18.6097 21.5120 25.2808 17.0579 24.5048 17.5769 21.2077 14.0050 17.2239 18.6293 21.8000 18.0319 16.2836 21.1891 17.4113 16.8361 18.6178 14.4785 17.2418 23.1735 18.4582 17.7088 16.3787 12.9382 27.1788 18.4469 17.7327 9.2104 27.8114 19.1366 12.6871 16.7445 18.6210 17.2707 17.4780 20.4334 19.3168 11.7581 15.4756 16.3122 15.1033 23.8943 21.3126 20.1621 10.1045 13.3185 14.9904 18.8396 14.5261 23.0046 13.5937 21.9629 43.9240 39.9342 46.7666 46.7818 40.0707 41.5825 45.3987 44.1598 46.0021 46.3218 45.9863 43.2025 39.3442 46.8537 45.5470 42.3843 48.5133 40.6584 41.8833 45.2001 47.0673 41.7450 44.5651 43.0701 43.3688 42.1374 43.5608 46.4743 39.7597 43.8700
8.3288 8.4622 6.6301 6.8973 0.0000 3.0774 10.8706 7.5636 2.0513 7.9291 3.1356 4.7112 6.1564 7.3385 9.5829 6.3636 6.4450 4.4559 5.9632 7.6426 8.3307 3.5686 9.2987 8.8039 3.6077 5.0471 7.4058 10.6086 8.1986 1.1164 54.8673 57.8851 60.7137 57.7344 52.4447 58.7550 52.3693 58.0324 57.3358 57.5696 57.7216 56.2386 58.1135 55.3204 57.9755 55.6072 56.8365 57.0735 56.5641 53.1978 56.3456 61.0640 57.9210 57.9115 57.3188 59.5133 55.4532 55.8408 59.8463 61.7923 23.7518 23.4917 29.5650 27.7042 25.1291 22.3641 29.7030 26.3248 25.4764 28.3285 32.1365 23.9207 31.3213 24.4301 28.0444 20.8479 24.0668 25.5195 28.6191 24.8806 23.1265 28.0082 24.2671 23.6900 25.4736 21.2975 24.0660 29.9900 25.3011 24.5560 23.2234 19.5259 34.0164 25.2916 24.5947 16.0307 34.5427 25.9477 19.5131 23.5710 25.1884 24.1153 24.3106 27.2710 26.1544 18.5784 22.3186 23.1569 21.9479 30.7757 28.1785 26.9997 16.6895 20.1388 21.8717 25.6968 21.3418 29.8789 20.4304 28.8372 50.7271 46.6990 53.4613 53.5131 46.8443 48.3589 52.0933 50.9974 52.8395 53.1594 52.8606 50.0526 46.0389 53.5794 52.3502 49.1874 55.3597 47.3683 48.5902 52.0285 53.9071 48.5826 51.3400 49.7647 50.0634 48.9566 50.3331 53.2057 46.4546 50.5646
5.8539 6.0911 4.4718 4.6020 3.0774 0.0000 8.5226 5.2162 2.1898 5.5468 1.4498 2.4109 3.9742 5.0728 7.2190 3.9825 4.0647 2.3252 3.7650 5.2715 6.1221 1.4289 7.0924 6.4578 2.3564 2.8217 5.0887 8.2748 5.8016 2.8591 52.6606 55.6784 58.5069 55.5685 50.4197 56.5483 50.2341 55.8257 55.1291 55.3629 55.5148 54.0319 55.9068 53.1696 55.7687 53.4005 54.6298 54.9226 54.4133 51.0628 54.1389 58.8573 55.7143 55.7047 55.1121 57.3065 53.3024 53.6341 57.6395 59.5856 21.4016 21.1472 27.1817 25.3361 22.8087 19.9942 27.3821 24.0177 23.0806 26.0773 29.8371 21.6079 29.0701 22.1302 25.7382 18.4977 21.7544 23.1390 26.3305 22.4897 20.7763 25.7254 21.9226 21.2884 23.1398 19.0090 21.6981 27.7388 22.9509 22.2115 20.9757 17.4568 31.7439 23.0439 22.3273 13.7991 32.3360 23.6931 17.2758 21.3430 23.0969 21.8676 22.0382 24.9985 23.8820 16.3468 20.0709 20.9092 19.7002 28.4720 25.8778 24.7273 14.6231 17.9072 19.5812 23.4365 19.1164 27.5505 18.1826 26.5239 48.4907 44.4796 51.3105 51.3198 44.6145 46.1279 49.9425 48.7250 50.5267 50.8869 50.5322 47.7677 43.8881 51.3975 50.1137 46.9510 53.0379 45.2038 46.4271 49.7439 51.5919 46.3101 49.1090 47.6139 47.9126 46.7040 48.1062 50.9989 44.3036 48.4138
3.6649 2.7796 4.4167 3.9882 10.8706 8.5226 0.0000 3.5689 9.2925 4.0535 9.3553 7.3017 4.9635 4.0258 1.6329 4.6372 4.6370 6.5150 5.7410 3.4438 3.2201 8.4967 2.8328 2.2678 7.8268 8.4891 3.6739 2.5312 3.6905 10.0863 44.5485 47.4434 50.2095 47.2524 42.3186 48.2508 42.1330 47.5608 46.8316 47.1652 47.2413 45.7792 47.6093 45.0556 47.4713 45.2380 46.3375 46.6504 46.1764 42.9617 45.8414 50.5598 47.4169 47.4073 46.9128 49.0091 45.1061 45.4145 49.3421 51.2881 12.9516 12.7274 18.7900 16.8806 14.2943 11.5231 18.8781 15.5138 14.6880 17.5547 21.3200 14.4364 20.5475 13.6190 17.2200 10.0597 13.2362 14.6496 17.8123 14.1056 12.3412 17.2028 13.4461 12.9150 14.6358 10.4908 13.3128 19.2161 14.4897 13.7798 13.8203 11.0171 23.2666 16.1150 15.3166 6.8445 24.0730 16.8703 10.1827 14.1930 15.6052 14.7115 14.1287 16.8464 15.4893 9.5080 12.9362 13.9296 12.7108 21.4609 17.7948 16.2341 8.6725 11.0287 12.4736 16.2846 11.9985 19.0760 11.0860 18.1509 40.0700 36.1541 42.9943 43.0090 36.2983 37.8024 41.6264 40.3542 42.2292 42.5356 42.1498 39.3399 35.5719 43.0814 41.6112 38.5144 44.7405 36.8783 38.1110 41.4278 43.2944 37.9543 40.7928 39.2978 39.5965 38.3395 39.7807 42.7015 35.9874 40.0977
2.3299 1.1629 2.1528 1.2801 7.5636 5.2162 3.5689 0.0000 6.1129 3.4823 5.8775 3.8964 2.0653 2.6998 2.2311 1.4610 1.9544 3.7998 3.7580 1.1251 2.2529 5.2863 2.5563 1.4793 4.7213 5.1223 1.5937 3.1528 2.5766 6.8739 47.7810 50.6759 53.5003 50.5979 45.6057 51.5417 45.4201 50.8191 50.1225 50.3977 50.5082 49.0253 50.9002 48.3427 50.7924 48.4705 49.6232 49.9520 49.4634 46.2488 49.1323 53.8507 50.7077 50.6981 50.1452 52.2999 48.3931 48.6469 52.6329 54.5790 16.4092 16.1461 22.1893 20.3323 17.8409 14.9918 22.3904 18.9722 17.9810 21.0343 24.8374 16.6337 24.0271 17.1069 20.7704 13.5053 16.7866 18.1228 21.3627 17.4498 15.7839 20.7518 16.9189 16.1698 18.1430 14.0412 16.7057 22.6958 17.9585 17.2090 15.8984 12.6509 26.6581 18.0608 17.3051 8.8012 27.3294 18.7569 12.2145 16.2909 18.2470 16.8028 17.0077 19.9206 18.8034 11.4381 15.0219 15.8837 14.6410 23.4298 20.7919 19.6414 9.8265 12.9911 14.4890 18.3443 14.0768 22.4287 13.1051 21.4927 43.4630 39.5471 46.3398 46.3491 39.6438 41.1953 44.9718 43.6996 45.5201 45.8810 45.4670 42.6853 38.9174 46.4269 45.0660 41.9074 48.0313 40.2713 41.4564 44.7732 46.5974 41.2997 44.1383 42.6432 42.9636 41.7325 43.1737 46.0072 39.3329 43.4431
7.1127 7.0113 5.1495 5.5680 2.0513 2.1898 9.2925 6.1129 0.0000 6.4478 3.0736 4.2933 4.7737 5.5484 8.1112 4.9404 5.0318 2.8252 4.0588 6.1799 6.4108 2.0598 7.4712 7.3043 2.5155 4.9193 5.8216 8.9506 6.7772 1.8362 53.1520 56.1698 58.9984 56.0190 50.7870 57.0397 50.6112 56.3171 55.6205 55.8543 56.0063 54.5233 56.3982 53.5624 56.2602 53.8919 55.1212 55.3417 54.8061 51.4640 54.6303 59.3487 56.2057 56.1962 55.6035 57.7980 53.6952 54.1255 58.1310 60.0770 22.1459 21.9832 28.0825 26.1701 23.3949 20.8037 27.9608 24.5547 23.9805 26.4811 30.3943 22.1344 29.4419 22.6698 26.3022 19.3154 22.3246 23.9005 26.8609 23.3981 21.5929 26.2538 22.7019 22.2075 23.7314 19.5463 22.5835 28.1299 23.6605 23.0355 21.3083 17.7444 32.1806 23.3765 22.7222 14.1209 32.8806 24.1156 17.5979 21.6558 23.5628 22.2002 22.4397 25.4000 24.2834 16.6686 20.4035 21.2418 20.0328 28.9033 26.3502 25.1523 14.9108 18.2290 19.9993 23.8244 19.4298 28.0506 18.5152 27.0089 48.8460 44.8262 51.7033 51.7978 45.0073 46.4778 50.3397 49.1265 51.0181 51.2981 51.0323 48.2243 44.2809 51.8135 50.4690 47.3063 53.5314 45.5504 46.8199 50.2002 52.0833 46.7287 49.5018 48.0078 48.3054 47.0856 48.4725 51.4904 44.7393 48.8212
5.3856 3.1184 3.6456 3.5309 7.9291 5.5468 4.0535 3.4823 6.4478 0.0000 6.3136 4.9370 3.7971 1.7929 3.0703 3.4098 2.0326 3.6602 3.0091 2.7108 3.3594 5.6167 5.3894 3.1897 4.8991 6.4007 3.1201 3.6773 1.6830 7.1544 47.6468 50.5417 53.2652 50.3585 45.4673 51.3270 45.2817 50.6591 49.9255 50.2635 50.3396 48.8775 50.6650 48.2043 50.5725 48.3363 49.4358 49.7991 49.3250 46.1104 48.9110 53.6155 50.4725 50.4630 50.0111 52.0648 48.2547 48.5127 52.3978 54.3438 15.9541 15.6910 21.7341 19.8759 17.3802 14.5367 21.9649 18.5886 17.5545 20.6605 24.4203 16.1659 23.6533 16.7134 20.3097 13.0502 16.3259 17.6664 20.9021 16.9947 15.3307 20.3086 16.4624 15.7678 17.7047 13.5805 16.2506 22.3220 17.5033 16.7539 15.5662 12.5340 26.3727 17.9242 17.1217 8.6611 27.1713 18.6331 11.9909 15.9877 18.1128 16.4616 16.8915 19.6176 18.6510 11.3212 14.7053 15.7428 14.5241 23.1833 20.4660 19.3155 9.7003 12.8510 14.2511 18.0305 13.8092 22.1070 12.8740 21.2760 43.2005 39.2845 46.1004 46.1097 39.4044 40.9328 44.7325 43.4603 45.2849 45.6417 45.2277 42.4460 38.6780 46.1875 44.7169 41.6449 47.7962 40.0087 41.2171 44.5339 46.3580 41.0604 43.8989 42.4039 42.7026 41.4699 42.9111 45.7678 39.0935 43.2038
6.5680 6.8041 5.0868 5.3883 3.1356 1.4498 9.3553 5.8775 3.0736 6.3136 0.0000 2.7707 4.7087 5.8072 8.0336 4.8322 4.7888 3.1272 4.6939 6.0215 6.8219 2.4247 7.7667 7.2931 2.9788 2.3125 5.7240 8.9525 6.5252 2.8303 53.2410 56.2588 59.0874 56.1352 50.8856 57.1287 50.7851 56.4061 55.7095 55.9434 56.0953 54.6124 56.4872 53.7362 56.3492 53.9809 55.2103 55.4893 54.9799 51.6136 54.7193 59.4377 56.2948 56.2852 55.6926 57.8870 53.8690 54.2145 58.2200 60.1660 22.2566 21.9981 28.0367 26.1870 23.6458 20.8451 28.2095 24.8033 23.8258 26.7967 30.6430 22.4408 29.7895 22.9184 26.5753 19.3527 22.5915 23.9775 27.1676 23.2973 21.6313 26.5567 22.7735 22.0166 23.9800 19.8460 22.5532 28.4634 23.8059 23.0624 21.6329 17.9256 32.4122 23.7011 22.9845 14.4364 32.9165 24.3152 17.9226 22.0155 23.5767 22.5294 22.7065 25.6669 24.5503 16.9780 20.7406 21.5664 20.3574 29.1432 26.5461 25.3956 15.1090 18.5516 20.2392 24.0938 19.7751 28.2326 18.8399 27.1922 49.1742 45.1462 51.8771 51.8869 45.2402 46.8061 50.5091 49.3933 51.1933 51.5552 51.2144 48.4360 44.4547 51.9752 50.7973 47.6345 53.7134 45.8154 46.9937 50.4120 52.2609 46.9785 49.7358 48.1805 48.4792 47.3876 48.7707 51.5794 44.8702 48.9805
4.4424 4.6890 3.5016 3.4808 4.7112 2.4109 7.3017 3.8964 4.2933 4.9370 2.7707 0.0000 2.6696 4.7148 6.0272 2.7908 3.3293 3.9382 4.3675 3.9682 5.0023 2.8440 5.9709 5.2998 2.8802 2.0902 3.8508 7.0357 4.4453 4.5352 51.3159 54.3337 57.1622 54.2833 49.1598 55.2036 48.9741 54.4838 53.7844 54.0182 54.1702 52.6872 54.5621 51.8967 54.4778 52.0558 53.2851 53.6374 53.1280 49.8029 52.7942 57.5126 54.3696 54.3600 53.7674 55.9618 52.0171 52.2894 56.2949 58.2409 20.0259 19.8154 25.8060 24.0021 21.5341 18.6602 26.1608 22.7844 21.6409 24.8563 28.6162 20.4289 27.8491 20.9093 24.4636 17.1591 20.4798 21.7926 25.0559 21.1123 19.4006 24.5044 20.5886 19.7272 21.9005 17.7724 20.3437 26.5178 21.5977 20.8775 19.7939 16.2620 30.4840 21.8480 21.1314 12.6300 30.9913 22.4139 16.0966 20.1844 21.7776 20.6983 20.7783 23.7457 22.6221 15.1520 18.9095 19.7133 18.5044 27.2596 24.6179 23.4674 13.4283 16.7438 18.3854 22.2407 17.9589 26.2312 16.9876 25.2640 47.2680 43.2399 50.0252 50.0345 43.3292 44.8998 48.6572 47.4651 49.1918 49.6270 49.2627 46.5078 42.6028 50.1123 48.8911 45.7283 51.7120 43.9558 45.1418 48.4838 50.2950 45.0502 47.8237 46.3286 46.6482 45.4814 46.8645 49.6926 43.0183 47.1285
3.1626 2.7151 1.6538 1.4473 6.1564 3.9742 4.9635 2.0653 4.7737 3.7971 4.7087 2.6696 0.0000 2.7442 3.7445 1.3790 2.0529 3.2097 3.3468 2.2807 2.3869 3.9296 3.5249 3.0013 3.9203 3.9520 2.0964 4.8317 3.0250 5.8486 49.0585 52.0719 54.9005 51.9212 46.7581 52.9418 46.5724 52.2192 51.5226 51.7564 51.9084 50.4254 52.3003 49.4950 52.1623 49.7940 51.0234 51.2438 50.7176 47.4160 50.5324 55.2508 52.1078 52.0983 51.5056 53.7001 49.6067 50.0276 54.0331 55.9791 17.6904 17.5645 23.6620 21.7882 19.0215 16.4017 23.6911 20.3560 19.5878 22.3183 26.1322 17.8868 25.2578 18.4652 21.9368 14.8721 17.9762 19.5264 22.4955 18.9903 17.1597 21.9343 18.3063 17.7869 19.4640 15.2053 18.1630 23.9265 19.2122 18.6313 17.2867 13.8198 28.0739 19.3549 18.7032 10.1279 28.7295 20.0935 13.6046 17.6396 19.5245 18.1786 18.3568 21.3027 20.1927 12.6756 16.3931 17.2202 16.0197 24.8723 22.2435 21.0455 10.9861 14.2360 15.9683 19.7934 15.4367 23.9439 14.5112 22.9022 44.6829 40.7338 47.6148 47.6999 40.9188 42.3748 46.2468 45.0291 46.9202 47.1914 46.9256 44.1176 40.1924 47.7156 46.3648 43.1765 49.4315 41.4467 42.7314 46.0939 47.9854 42.6219 45.4133 43.9182 44.2169 42.9883 44.3840 47.3925 40.6414 44.7233
4.6448 2.5083 2.5150 2.5551 7.3385 5.0728 4.0258 2.6998 5.5484 1.7929 5.8072 4.7148 2.7442 0.0000 2.8121 2.4635 1.4908 2.8923 2.0650 2.3429 2.0837 4.7805 4.0038 2.4082 4.7174 5.3175 2.0446 3.4641 1.6235 6.5031 47.9743 50.8896 53.7181 50.7388 45.7189 51.7595 45.5333 51.0369 50.3403 50.5910 50.7261 49.2431 51.1180 48.4559 50.9800 48.6638 49.8410 50.0897 49.5803 46.3620 49.3501 54.0685 50.9255 50.9159 50.3386 52.5177 48.5064 48.8453 52.8508 54.7968 16.6977 16.5129 22.5864 20.6660 17.9650 15.2978 22.5122 19.1060 18.4727 21.0950 24.9456 16.6674 24.0879 17.2211 20.8539 13.8561 16.8759 18.3927 21.4400 17.8902 16.1446 20.8290 17.2316 16.7083 18.2827 14.1184 17.1141 22.7565 18.2005 17.5652 15.9152 12.6814 26.7740 18.0980 17.3680 8.8188 27.5600 18.8660 12.2312 16.2774 18.4403 16.8071 17.1469 20.0286 18.9425 11.4686 15.0197 15.9373 14.6960 23.5441 20.9243 19.7574 9.8477 12.9893 14.5518 18.3768 14.0633 22.6247 13.1378 21.6595 43.5541 39.6381 46.4775 46.5176 39.7815 41.2864 45.1096 43.8374 45.7379 46.0188 45.6585 42.8238 39.0551 46.5646 45.1353 41.9985 48.2492 40.3623 41.5942 44.9116 46.8031 41.4374 44.2760 42.7810 43.0797 41.8235 43.2647 46.2101 39.4706 43.5809
2.4763 1.4607 3.1567 2.7361 9.5829 7.2190 1.6329 2.2311 8.1112 3.0703 8.0336 6.0272 3.7445 2.8121 0.0000 3.3597 3.3141 5.3190 4.6671 2.1589 2.0922 7.2683 2.4219 0.9268 6.5333 7.2403 2.3693 1.4477 2.6652 8.8386 45.7620 48.6569 51.4851 48.5446 43.5488 49.5264 43.3631 48.8038 48.1072 48.3787 48.4930 47.0100 48.8849 46.2857 48.7469 46.4516 47.6080 47.8987 47.4065 44.1919 47.1170 51.8354 48.6925 48.6829 48.1263 50.2847 46.3362 46.6280 50.6177 52.5637 14.2349 13.9718 20.0256 18.1599 15.6280 12.8218 20.2152 16.8508 15.8936 18.9083 22.6681 14.4121 21.9011 14.9612 18.5575 11.3310 14.5737 15.9752 19.1498 15.3040 13.6096 18.5564 14.7440 14.1133 15.9728 11.8282 14.5315 20.5698 15.7842 15.0347 13.8258 10.6045 24.6027 15.9951 15.2623 6.7282 25.3141 16.7374 10.1532 14.1930 16.2280 14.7170 14.9737 17.8624 16.7693 9.3916 12.9417 13.8369 12.5982 21.3865 18.7365 17.5860 8.0270 10.9124 12.4384 16.2900 11.9853 20.4113 11.0598 19.4394 41.3568 37.4409 44.2865 44.2958 37.5905 39.0891 42.9186 41.6464 43.5048 43.8278 43.4254 40.6321 36.8641 44.3736 42.9577 39.8012 46.0161 38.1650 39.4032 42.7200 44.5700 39.2465 42.0850 40.5900 40.8887 39.6263 41.0675 43.9771 37.2796 41.3899
2.9644 2.3465 1.6438 1.4500 6.3636 3.9825 4.6372 1.4610 4.9404 3.4098 4.8322 2.7908 1.3790 2.4635 3.3597 0.0000 1.6405 3.1247 3.3112 2.1677 2.5052 4.0854 3.4223 2.5801 3.8537 3.9828 1.3861 4.4159 2.3430 6.0152 48.9073 51.8084 54.6370 51.7197 46.7172 52.6783 46.5316 51.9557 51.2591 51.5240 51.6449 50.1620 52.0368 49.4542 51.9143 49.5968 50.7599 51.0738 50.5750 47.3603 50.2689 54.9873 51.8444 51.8348 51.2716 53.4366 49.5047 49.7733 53.7696 55.7156 17.4253 17.1873 23.2071 21.3762 18.8699 16.0343 23.4412 20.0649 19.1354 22.1368 25.8967 17.6984 25.1296 18.1898 21.7994 14.5214 17.8156 19.1781 22.3917 18.5456 16.8000 21.7849 17.9627 17.3268 19.1810 15.0702 17.7351 23.7983 18.9745 18.2516 17.0600 13.8085 27.7989 19.2080 18.4730 9.9322 28.4661 19.9189 13.3850 17.4408 19.3733 17.9519 18.1400 21.0536 19.9507 12.5957 16.1736 17.0476 15.8089 24.5873 21.9328 20.7823 10.9748 14.1164 15.6703 19.5219 15.2267 23.5844 14.2916 22.6146 44.5478 40.6318 47.4616 47.4709 40.7656 42.2801 46.0937 44.8215 46.6567 47.0029 46.5889 43.8227 40.0392 47.5487 46.1698 43.0070 49.1680 41.3560 42.5783 45.8951 47.7219 42.4216 45.2601 43.7651 44.0638 42.8173 44.2584 47.1290 40.4547 44.5650
3.4521 2.1618 1.8324 1.6851 6.4450 4.0647 4.6370 1.9544 5.0318 2.0326 4.7888 3.3293 2.0529 1.4908 3.3141 1.6405 0.0000 2.2862 2.3444 1.5617 2.4630 4.1971 4.1314 2.6725 3.3486 4.4256 1.4134 4.3110 1.8920 5.6740 48.8285 51.7750 54.6036 51.7007 46.6528 52.6449 46.4672 51.9223 51.2257 51.4595 51.6115 50.1285 52.0034 49.3898 51.8952 49.5180 50.7265 51.0548 50.5454 47.2959 50.2355 54.9539 51.8110 51.8014 51.2087 53.4032 49.4402 49.7307 53.7362 55.6822 17.4792 17.2305 23.2592 21.4194 18.9275 16.0775 23.4873 20.1110 19.0617 22.1829 25.9427 17.7262 25.1757 18.2358 21.8570 14.5753 17.8732 19.2099 22.4493 18.5296 16.8539 21.8384 18.0059 17.2449 19.2296 15.1278 17.7757 23.8444 19.0284 18.2949 17.0500 13.7108 27.8154 19.1531 18.4207 9.9066 28.4326 19.8103 13.3731 17.4495 19.2945 17.9544 18.1278 21.0700 19.9637 12.4980 16.1805 16.9953 15.7833 24.5384 21.9492 20.7987 10.8771 14.0395 15.6534 19.5074 15.2354 23.5865 14.2748 22.5955 44.5888 40.6384 47.4426 47.4519 40.7466 42.2866 46.0746 44.8025 46.6233 46.9838 46.5941 43.8391 40.0202 47.5297 46.2118 43.0491 49.1346 41.3626 42.5592 45.8760 47.7002 42.4025 45.2411 43.7460 44.0549 42.8238 44.2650 47.1100 40.4357 44.5459
5.0783 4.2399 2.8255 3.0389 4.4559 2.3252 6.5150 3.7998 2.8252 3.6602 3.1272 3.9382 3.2097 2.8923 5.3190 3.1247 2.2862 0.0000 1.8456 3.4582 3.8782 2.9132 5.4565 4.5108 2.6761 4.8847 3.1536 6.2138 4.0074 3.6666 50.6266 53.6444 56.4729 53.4936 48.3406 54.5143 48.1550 53.7917 53.0951 53.3289 53.4809 51.9979 53.8728 51.0776 53.7348 51.3665 52.5958 52.8230 52.3137 48.9837 52.1049 56.8233 53.6803 53.6707 53.0781 55.2726 51.2028 51.6001 55.6056 57.5516 19.4408 19.2077 25.2934 23.3811 20.7807 18.0369 25.3455 21.9393 21.1915 23.9218 27.7790 19.5174 26.9146 20.0544 23.6869 16.5399 19.7092 21.1646 24.2518 20.6091 18.8188 23.6409 19.9265 19.4184 21.1160 16.9310 19.7944 25.5833 20.9815 20.2600 18.7733 15.3091 29.6143 20.8513 20.1543 11.5986 30.3020 21.5886 15.0753 19.1209 21.0835 19.6652 19.9063 22.8667 21.7501 14.1507 17.8685 18.7068 17.4978 26.3353 23.7839 22.5954 12.4754 15.7067 17.4313 21.2564 16.9074 25.4843 15.9819 24.4426 46.3262 42.3474 49.2108 49.2724 42.5148 43.9957 47.8429 46.5931 48.4927 48.7550 48.4660 45.6580 41.7884 49.2979 47.9492 44.7865 51.0040 43.0716 44.3275 47.6664 49.5579 44.1783 47.0093 45.5143 45.8130 44.5522 45.9801 48.9649 42.2139 46.3142
5.4503 3.8876 3.2280 3.3332 5.9632 3.7650 5.7410 3.7580 4.0588 3.0091 4.6939 4.3675 3.3468 2.0650 4.6671 3.3112 2.3444 1.8456 0.0000 3.2565 2.6610 3.2200 4.8893 4.0076 4.4007 5.2144 3.2122 5.3081 3.6084 5.1669 49.3143 52.3320 55.1606 52.1813 46.9466 53.2020 46.7610 52.4793 51.7828 52.0166 52.1685 50.6856 52.5605 49.6908 52.4224 50.0541 51.2835 51.5039 50.9287 47.6535 50.7926 55.5110 52.3680 52.3584 51.7658 53.9602 49.8178 50.2878 54.2932 56.2393 18.3942 18.2173 24.3484 22.4198 19.4641 17.0533 24.0216 20.7185 20.2302 22.5529 26.4530 18.2162 25.4545 18.8727 22.3529 15.5578 18.4117 20.1502 22.9076 19.6478 17.8665 22.2922 18.9411 18.4703 19.9140 15.5847 18.8534 24.1287 19.8922 19.2827 17.3321 13.8705 28.2963 19.4201 18.7877 10.1634 29.1686 20.2257 13.6401 17.6797 19.7620 18.2240 18.5202 21.4760 20.3595 12.7566 16.4287 17.2661 16.0566 24.9667 22.4658 21.2679 11.0368 14.2715 16.0628 19.8878 15.4722 24.2868 14.5673 23.1246 44.8672 40.9450 47.8314 47.9601 41.1299 42.5860 46.5019 45.2025 47.1804 47.4164 47.1480 44.3400 40.4035 47.9757 46.5381 43.3498 49.6916 41.6579 42.9426 46.3540 48.2455 42.8443 45.6244 44.1700 44.4280 43.1616 44.5952 47.6526 40.9015 44.9835
2.7403 1.0059 2.5567 1.7584 7.6426 5.2715 3.4438 1.1251 6.1799 2.7108 6.0215 3.9682 2.2807 2.3429 2.1589 2.1677 1.5617 3.4582 3.2565 0.0000 2.4667 5.3791 2.9786 1.4018 4.5411 5.6410 1.9180 3.1351 2.3071 6.8582 47.8370 50.7319 53.5353 50.6328 45.6616 51.5767 45.4759 50.8541 50.1575 50.4537 50.5433 49.0677 50.9352 48.3985 50.8273 48.5265 49.6582 49.9933 49.5193 46.3047 49.1673 53.8857 50.7427 50.7331 50.2013 52.3350 48.4490 48.7030 52.6680 54.6140 16.2733 16.0102 22.0534 20.1913 17.6997 14.8559 22.3020 18.9257 17.8535 20.9976 24.7574 16.4807 23.9904 17.0505 20.6292 13.3694 16.6454 17.9818 21.2216 17.3139 15.6480 20.6457 16.7779 16.0588 18.0418 13.9136 16.5698 22.6591 17.8226 17.0731 15.8703 12.7026 26.6584 18.0977 17.3358 8.8415 27.3644 18.7976 12.2070 16.2756 18.3030 16.7740 17.0719 19.9137 18.8531 11.4898 15.0066 15.9114 14.6926 23.4457 20.7922 19.6417 9.9481 13.0314 14.4872 18.3310 14.0615 22.4292 13.1051 21.5276 43.4865 39.5706 46.3747 46.3840 39.6787 41.2189 45.0067 43.7345 45.5551 45.9159 45.5019 42.7202 38.9523 46.4617 45.0550 41.9309 48.0664 40.2948 41.4913 44.8081 46.6323 41.3346 44.1732 42.6781 42.9872 41.7560 43.1972 46.0421 39.3678 43.4780
3.2451 2.2763 1.7705 1.6901 8.3307 6.1221 3.2201 2.2529 6.4108 3.3594 6.8219 5.0023 2.3869 2.0837 2.0922 2.5052 2.4630 3.8782 2.6610 2.4667 0.0000 5.5825 2.6634 1.7421 5.4876 6.1907 1.3757 2.9381 2.7977 7.5345 46.9581 49.9659 52.7944 49.8151 44.6250 50.8358 44.4394 50.1132 49.4166 49.6504 49.8024 48.3194 50.1943 47.3620 50.0562 47.6880 48.9173 49.1377 48.5789 45.3156 48.4264 53.1448 50.0018 49.9922 49.3996 51.5940 47.4680 47.9216 51.9271 53.8731 15.9464 15.7700 21.9005 19.9724 17.0926 14.6059 21.6298 18.2689 17.7828 20.1495 24.0625 15.7807 23.0841 16.4231 19.9815 13.1099 16.0012 17.7028 20.5361 17.2004 15.4186 19.9185 16.4937 16.0225 17.4667 13.2110 16.4056 21.7713 17.4444 16.8353 14.9579 11.5557 25.9030 17.0688 16.4125 7.7932 26.7432 17.8623 11.2699 15.3055 17.4241 15.8499 16.1473 19.0991 17.9832 10.3972 14.0585 14.9081 13.6851 22.5927 20.0725 18.8746 8.7221 11.9211 13.6723 17.4973 13.1020 21.8343 12.1808 20.7358 42.5070 38.5951 45.4761 45.5939 38.7801 40.2361 44.1358 42.8359 44.8142 45.0503 44.7547 41.9467 38.0537 45.6096 44.1612 40.9729 47.3255 39.3080 40.5927 43.9879 45.8794 40.4763 43.2746 41.8038 42.0782 40.8107 42.2453 45.2864 38.5354 42.6173
6.2772 6.2120 4.4099 4.7734 3.5686 1.4289 8.4967 5.2863 2.0598 5.6167 2.4247 2.8440 3.9296 4.7805 7.2683 4.0854 4.1971 2.9132 3.2200 5.3791 5.5825 0.0000 6.7264 6.4602 3.6092 3.2547 5.0195 8.1611 5.9155 3.3961 52.2149 55.2327 58.0612 55.0819 49.8275 56.1026 49.6569 55.3800 54.6834 54.9172 55.0692 53.5862 55.4611 52.6080 55.3231 52.9548 54.1841 54.4046 53.8517 50.5269 53.6932 58.4116 55.2686 55.2590 54.6664 56.8608 52.7408 53.1884 57.1939 59.1399 21.2755 21.1309 27.2456 25.3411 22.4624 19.9668 27.0513 23.6832 23.1437 25.5553 29.4840 21.2333 28.4832 21.8374 25.3778 18.4558 21.4001 23.0793 25.9364 22.5613 20.7478 25.3294 21.8592 21.3706 22.8779 18.6219 21.7466 27.1882 22.7909 22.1962 20.3920 16.8103 31.2652 22.4602 21.8233 13.2135 32.0029 23.1950 16.6902 20.7396 22.6206 21.2839 21.5070 24.4673 23.3507 15.7742 19.4872 20.3255 19.1165 28.0043 25.4348 24.2368 13.9766 17.3216 19.1003 22.9254 18.5223 27.1894 17.5990 26.0935 47.8646 43.8813 50.7489 50.8607 44.0529 45.5339 49.4026 48.1937 50.0958 50.3826 50.1169 47.3089 43.3265 50.8764 49.5294 46.3411 52.6160 44.5809 45.8655 49.2848 51.1634 45.8132 48.5474 47.0707 47.3510 46.1529 47.5294 50.5532 43.8022 47.8841
2.2325 2.7056 3.2729 3.0864 9.2987 7.0924 2.8328 2.5563 7.4712 5.3894 7.7667 5.9709 3.5249 4.0038 2.4219 3.4223 4.1314 5.4565 4.8893 2.9786 2.6634 6.7264 0.0000 2.2925 6.8680 7.1633 2.9055 2.8167 4.7375 8.7162 45.9308 48.8844 51.7130 48.7336 43.6454 49.7543 43.4598 49.0317 48.3351 48.5689 48.7209 47.2379 49.1128 46.3824 48.9748 46.6203 47.8358 48.0563 47.5452 44.2885 47.3449 52.0633 48.9203 48.9108 48.3181 50.5126 46.4343 46.8401 50.8456 52.7916 14.8313 14.6414 20.7430 18.8110 16.1136 13.4446 20.6573 17.2512 16.6215 19.1626 23.0908 14.8125 22.1123 15.3662 19.0025 11.9897 15.0222 16.5415 19.5574 16.0390 14.2782 18.9503 15.3573 14.8650 16.4279 12.2428 15.2481 20.8509 16.3341 15.6910 13.9247 11.1871 24.8030 16.0541 15.3499 6.7707 25.5420 16.8138 10.2365 14.2723 16.3968 14.8166 15.1075 18.0468 16.9307 9.3821 13.0251 13.8934 12.6516 21.5302 18.9725 17.7756 9.1230 10.9062 12.5913 16.4163 12.0686 20.6729 11.1431 19.6543 41.5073 37.5799 44.4423 44.5124 37.7463 39.2281 43.0744 41.8022 43.7327 43.9836 43.6547 40.8467 37.0199 44.5294 43.1304 39.9676 46.2440 38.3041 39.5590 42.9064 44.7979 39.4023 42.2408 40.7458 41.0445 39.7770 41.2116 44.2050 37.4539 41.5457
2.3790 0.9286 2.5121 1.9238 8.8039 6.4578 2.2678 1.4793 7.3043 3.1897 7.2931 5.2998 3.0013 2.4082 0.9268 2.5801 2.6725 4.5108 4.0076 1.4018 1.7421 6.4602 2.2925 0.0000 5.7897 6.5170 1.8685 1.8897 2.4930 8.0263 46.5035 49.3984 52.2196 49.2823 44.2933 50.2609 44.1077 49.5383 48.8417 49.1202 49.2275 47.7446 49.6194 47.0303 49.4814 47.1930 48.3425 48.6364 48.1511 44.9364 47.8515 52.5699 49.4270 49.4174 48.8678 51.0192 47.0808 47.3694 51.3522 53.2982 14.9879 14.7326 20.7925 18.9060 16.3797 13.5705 20.9482 17.5832 16.6934 19.6438 23.4037 15.1557 22.6366 15.6968 19.3092 12.0840 15.3254 16.7157 19.9016 16.1081 14.3643 19.2919 15.4926 14.9175 16.7052 12.5800 15.3180 21.3053 16.5371 15.7877 14.5362 11.3371 25.3250 16.7316 15.9880 7.4608 26.0487 17.4668 10.8636 14.9116 16.9695 15.4274 15.7075 18.5809 17.5032 10.1243 13.6521 14.5627 13.3272 22.1128 19.4589 18.3084 8.6698 11.6450 13.1488 17.0004 12.6975 21.1305 11.7702 20.1771 42.1026 38.1867 45.0242 45.0335 38.3282 39.8349 43.6562 42.3841 44.2393 44.5655 44.1600 41.3697 37.6018 45.1113 43.6882 40.5470 46.7506 38.9109 40.1409 43.4577 45.3045 39.9841 42.8227 41.3276 41.6264 40.3721 41.8133 44.7116 38.0173 42.1276
5.0505 5.2838 4.0057 4.0213 3.6077 2.3564 7.8268 4.7213 2.5155 4.8991 2.9788 2.8802 3.9203 4.7174 6.5333 3.8537 3.3486 2.6761 4.4007 4.5411 5.4876 3.6092 6.8680 5.7897 0.0000 4.4104 4.4283 7.5174 4.9421 2.7934 51.9091 54.9105 57.7391 54.8245 49.7217 55.7805 49.5360 55.0578 54.3613 54.5951 54.7470 53.2641 55.1390 52.4586 55.0190 52.6326 53.8620 54.1786 53.6692 50.3648 53.3710 58.0895 54.9465 54.9369 54.3443 56.5387 52.5583 52.8663 56.8717 58.8177 20.6671 20.4313 26.4472 24.6202 22.1166 19.2783 26.6661 23.2876 22.2590 25.3596 29.1194 20.9454 28.3524 21.4125 25.0461 17.7632 21.0623 22.4107 25.6384 21.7304 20.0418 25.0275 21.2067 20.3934 22.4187 18.3168 20.9637 27.0210 22.2164 21.4956 20.2538 16.7924 30.9913 22.3209 21.6043 13.0929 31.5682 22.9549 16.5595 20.6443 22.3751 21.1582 21.2863 24.2459 23.1293 15.6278 19.3694 20.1862 18.9772 27.7325 25.1251 23.9747 13.9588 17.2067 18.8582 22.7135 18.4218 26.7741 17.4635 25.7713 47.7624 43.7599 50.5664 50.5757 43.8704 45.4081 49.1984 47.9724 49.7589 50.1343 49.7700 47.0151 43.1440 50.6535 49.3854 46.2227 52.2701 44.4841 45.6831 48.9998 50.8240 45.5575 48.3649 46.8698 47.1764 45.9758 47.3865 50.2338 43.5595 47.6698
5.6539 5.8350 4.4947 4.6730 5.0471 2.8217 8.4891 5.1223 4.9193 6.4007 2.3125 2.0902 3.9520 5.3175 7.2403 3.9828 4.4256 4.8847 5.2144 5.6410 6.1907 3.2547 7.1633 6.5170 4.4104 0.0000 5.0736 8.2419 5.4899 4.9092 52.4392 55.4570 58.2856 55.4399 50.2912 56.3269 50.1055 55.6405 54.9077 55.1500 55.2935 53.8105 55.6854 53.0410 55.6345 53.1791 54.4085 54.7940 54.2847 50.9343 53.9175 58.6359 55.4930 55.4834 54.8907 57.0852 53.1738 53.4127 57.4182 59.3642 21.1438 20.9393 26.8858 25.0927 22.6663 19.7508 27.3482 23.9718 22.7315 26.0438 29.8036 21.6420 29.0366 22.0967 25.5875 18.2830 21.6143 22.9152 26.1799 22.2029 20.4831 25.6919 21.6983 20.8107 23.0879 18.9598 21.4342 27.7052 22.7195 21.9811 21.0207 17.4202 31.6525 23.0421 22.3255 13.8580 32.1146 23.5962 17.3246 21.4112 22.9041 21.9251 21.9683 24.9468 23.7905 16.3473 20.1363 20.9074 19.7061 28.4537 25.7863 24.6405 14.5865 17.9718 19.5794 23.4348 19.1868 27.3663 18.2152 26.4324 48.4692 44.4411 51.1993 51.1911 44.5077 46.1010 49.8139 48.6335 50.3603 50.7955 50.4312 47.6762 43.7654 51.2827 50.0922 46.9295 52.8471 45.1451 46.3029 49.6522 51.4635 46.2187 48.9803 47.4853 47.8375 46.6825 48.0656 50.8492 44.1749 48.2852
2.7138 1.9398 1.0251 1.1538 7.4058 5.0887 3.6739 1.5937 5.8216 3.1201 5.7240 3.8508 2.0964 2.0446 2.3693 1.3861 1.4134 3.1536 3.2122 1.9180 1.3757 5.0195 2.9055 1.8685 4.4283 5.0736 0.0000 3.2874 2.1293 6.5498 47.8762 50.8070 53.6356 50.6907 45.6585 51.6769 45.4729 50.9543 50.2577 50.4930 50.6435 49.1605 51.0354 48.3955 50.8974 48.5658 49.7585 50.0448 49.5354 46.3016 49.2675 53.9859 50.8429 50.8334 50.2407 52.4352 48.4460 48.7627 52.7682 54.7142 16.5975 16.3294 22.3726 20.4983 17.9644 15.1751 22.5208 19.1146 18.1756 21.1285 24.9610 16.7173 24.1213 17.2304 20.8939 13.6886 16.9101 18.2888 21.4862 17.6331 15.9753 20.8753 17.0867 16.3960 18.2913 14.1647 16.8890 22.7899 18.1418 17.3923 15.9560 12.6625 26.7705 18.0973 17.3566 8.8182 27.4646 18.8122 12.2692 16.3383 18.3422 16.8515 17.0992 20.0252 18.9105 11.4497 15.0693 15.9366 14.6925 23.5057 20.9044 19.7539 9.8288 12.9789 14.5615 18.4168 14.1242 22.5836 13.1759 21.5855 43.5320 39.6161 46.4326 46.4419 39.7366 41.2644 45.0646 43.7925 45.6553 45.9739 45.5759 42.7943 39.0102 46.5197 45.1547 41.9920 48.1666 40.3403 41.5493 44.8660 46.7205 41.3925 44.2311 42.7360 43.0348 41.8015 43.2427 46.1276 39.4257 43.5360
3.0196 2.4285 3.9894 3.7374 10.6086 8.2748 2.5312 3.1528 8.9506 3.6773 8.9525 7.0357 4.8317 3.4641 1.4477 4.4159 4.3110 6.2138 5.3081 3.1351 2.9381 8.1611 2.8167 1.8897 7.5174 8.2419 3.2874 0.0000 3.4254 9.7425 44.8115 47.7064 50.5173 47.5946 42.6161 48.5586 42.4304 47.8360 47.1394 47.4283 47.5252 46.0423 47.9171 45.3530 47.7891 45.5011 46.6401 46.9487 46.4738 43.2592 46.1492 50.8676 47.7246 47.7150 47.1758 49.3169 45.4035 45.6775 49.6499 51.5959 13.5437 13.2465 19.3065 17.4107 14.8944 12.0888 19.4124 15.9943 15.1289 17.9932 21.8595 13.5750 20.9860 14.1289 17.7975 10.6218 13.8111 15.1934 18.3858 14.5609 12.9236 17.7738 14.0004 13.3365 15.1676 11.0632 13.8270 19.6805 15.0743 14.3059 12.7788 9.5999 23.6088 14.9863 14.2212 5.7473 24.3463 15.7025 9.1201 13.1756 15.2775 13.6832 14.0219 16.8859 15.8043 8.3678 11.9066 12.7958 11.5707 20.3425 17.7409 16.5904 7.6707 9.9371 11.3740 15.2084 10.9660 19.3979 10.0073 18.4894 40.4761 36.5601 43.3385 43.3458 36.6468 38.2084 41.9686 40.6964 42.5370 42.8778 42.4638 39.6820 35.9141 43.4236 42.0313 38.9205 45.0483 37.2843 38.4532 41.7700 43.6022 38.2964 41.1350 39.6400 39.9767 38.7456 40.1867 43.0093 36.3296 40.4399
4.4408 2.1139 2.9043 2.6462 8.1986 5.8016 3.6905 2.5766 6.7772 1.6830 6.5252 4.4453 3.0250 1.6235 2.6652 2.3430 1.8920 4.0074 3.6084 2.3071 2.7977 5.9155 4.7375 2.4930 4.9421 5.4899 2.1293 3.4254 0.0000 7.4256 47.6435 50.5384 53.2958 50.4979 45.5727 51.3372 45.3871 50.7397 49.9282 50.3163 50.3364 48.8742 50.6957 48.3097 50.6924 48.3330 49.4397 49.9045 49.4304 46.2158 48.9278 53.6462 50.5032 50.4936 50.0078 52.0955 48.3601 48.5095 52.4285 54.3745 16.2290 15.9791 21.9282 20.1054 17.6978 14.7825 22.2663 18.8899 17.7510 20.9618 24.7217 16.5029 23.9546 17.0148 20.6274 13.3437 16.6436 17.9274 21.2197 17.1984 15.5638 20.6099 16.7381 15.8219 18.0060 13.8981 16.4821 22.6233 17.7763 17.0209 15.8563 12.6861 26.5121 18.0429 17.2404 8.8901 27.1680 18.7256 12.2132 16.2617 18.1856 16.7600 17.0677 19.8650 18.7955 11.4570 14.9927 15.8879 14.7057 23.3420 20.6408 19.5502 9.8672 13.0800 14.3913 18.2186 14.0555 22.2102 13.0968 21.3927 43.4501 39.5341 46.3125 46.2491 39.6208 41.1824 44.8718 43.6411 45.3966 45.8131 45.3670 42.5853 38.8786 46.3959 45.0019 41.8945 47.8336 40.2583 41.4161 44.6732 46.4974 41.2474 44.0798 42.5432 42.9507 41.7196 43.1607 45.9072 39.2329 43.3431
7.4633 7.6748 5.8119 6.1083 1.1164 2.8591 10.0863 6.8739 1.8362 7.1544 2.8303 4.5352 5.8486 6.5031 8.8386 6.0152 5.6740 3.6666 5.1669 6.8582 7.5345 3.3961 8.7162 8.0263 2.7934 4.9092 6.5498 9.7425 7.4256 0.0000 54.0203 57.0380 59.8666 56.9148 51.6540 57.9080 51.5647 57.1853 56.4888 56.7226 56.8745 55.3916 57.2665 54.5158 57.1284 54.7601 55.9895 56.2689 55.7595 52.3932 55.4985 60.2170 57.0740 57.0644 56.4718 58.6662 54.6487 54.9938 58.9992 60.9452 23.0062 22.7590 28.8164 26.9190 24.3768 21.5888 28.9401 25.5339 24.7024 27.5582 31.3736 23.1318 30.5511 23.6490 27.3063 20.1023 23.3225 24.7081 27.8986 24.1344 22.3809 27.2877 23.5041 22.9170 24.7106 20.5771 23.3444 29.2197 24.5555 23.8113 22.3695 18.6633 33.1885 24.4377 23.7211 15.1779 33.6957 25.0514 18.6592 22.7570 24.3447 23.2708 23.4828 26.4431 25.3265 17.7158 21.4821 22.3030 21.0941 29.8793 27.3223 26.1719 15.8501 19.2930 20.9754 24.8304 20.5165 29.0085 19.5765 27.9685 49.9554 45.9273 52.6567 52.6661 46.0165 47.5872 51.2888 50.1696 51.9691 52.3315 51.9902 49.2123 45.2343 52.7515 51.5784 48.4157 54.4893 46.5965 47.7734 51.1883 53.0368 47.7547 50.5121 48.9602 49.2625 48.1687 49.5518 52.3586 45.6498 49.7601
47.0645 47.0735 48.4400 48.1550 54.8673 52.6606 44.5485 47.7810 53.1520 47.6468 53.2410 51.3159 49.0585 47.9743 45.7620 48.9073 48.8285 50.6266 49.3143 47.8370 46.9581 52.2149 45.9308 46.5035 51.9091 52.4392 47.8762 44.8115 47.6435 54.0203 0.0000 4.3257 7.0838 4.7469 4.2582 6.2163 3.4705 4.1129 3.2238 3.4908 4.4379 2.9571 4.3650 2.6127 4.0477 2.3940 3.0220 3.0307 3.1538 2.4410 2.9951 7.3882 3.9535 5.1350 3.5624 5.4319 2.6021 2.4869 6.9198 8.0348 33.1659 33.4172 28.0099 29.4409 31.5092 34.4234 26.9507 30.2647 31.5265 28.2907 24.7165 32.8094 25.6951 31.9516 28.8974 35.7064 32.4432 31.1916 28.5466 32.2850 33.7794 28.6919 32.7465 33.4139 31.0476 35.0766 32.9737 27.1082 31.6349 32.4306 32.7132 36.1727 21.5267 30.4435 30.9077 39.3427 20.5857 29.5592 36.1509 32.4185 29.6789 31.8207 31.0273 28.3289 29.2306 36.8193 33.4690 32.4389 33.7776 24.9871 27.4625 28.8030 38.5568 35.4900 33.8302 30.3066 34.4741 25.7997 35.1566 26.4175 10.2250 11.1565 9.3644 9.8280 10.4109 9.7694 9.2277 9.9147 10.4741 11.0727 11.1860 10.1947 10.9555 11.5929 11.9512 10.2464 11.8671 10.0815 9.1136 10.1759 11.1294 10.2933 10.0792 9.2029 9.3620 9.6411 10.1339 9.5335 10.1219 8.6057
50.0198 49.9684 51.4577 51.1537 57.8851 55.6784 47.4434 50.6759 56.1698 50.5417 56.2588 54.3337 52.0719 50.8896 48.6569 51.8084 51.7750 53.6444 52.3320 50.7319 49.9659 55.2327 48.8844 49.3984 54.9105 55.4570 50.8070 47.7064 50.5384 57.0380 4.3257 0.0000 4.2254 3.2631 8.0271 2.8879 7.5604 2.2403 2.4689 1.8201 1.6429 2.2322 2.3305 3.6399 2.5635 2.8145 2.8145 3.1310 4.0202 5.8095 3.2206 4.5900 2.4067 2.4746 1.2500 2.5404 4.6637 2.5752 3.7032 4.4989 36.0608 36.3121 30.9048 32.3358 34.4041 37.3183 29.8742 33.1596 34.4214 31.2842 27.7269 35.7043 28.7055 34.8465 31.8253 38.6013 35.3381 34.0865 31.5365 35.1799 36.6743 31.5868 35.6414 36.3082 33.9425 37.9715 35.8686 30.1186 34.5298 35.3255 35.6081 39.1905 24.4824 33.3507 33.8026 42.2443 23.6695 32.5268 39.0458 35.3228 32.6967 34.7727 33.9222 31.2899 32.1255 39.7918 36.3639 35.3338 36.6725 27.8820 30.3920 31.6979 41.5745 38.4403 36.7251 33.2015 37.3690 28.6946 38.0515 29.3124 12.3374 14.5239 9.5724 9.0656 13.6057 12.8850 9.4976 11.1616 10.1155 10.4149 10.6589 11.6292 13.9982 10.6088 11.9733 13.0255 10.5984 13.2502 12.1800 10.2083 10.0640 12.6939 10.4599 11.2353 11.2466 12.4999 11.5108 9.1253 13.3002 10.4679
52.8483 52.7933 54.2863 53.9823 60.7137 58.5069 50.2095 53.5003 58.9984 53.2652 59.0874 57.1622 54.9005 53.7181 51.4851 54.6370 54.6036 56.4729 55.1606 53.5353 52.7944 58.0612 51.7130 52.2196 57.7391 58.2856 53.6356 50.5173 53.2958 59.8666 7.0838 4.2254 0.0000 4.0353 10.9381 3.4565 10.0737 3.9309 4.1585 4.7862 3.5823 4.8026 2.7718 6.6768 3.9249 5.3532 4.3982 5.3810 6.5654 8.5620 4.6959 1.6189 3.2100 3.1945 4.2270 1.8108 7.1180 5.3781 2.3750 1.7812 38.6036 38.8549 33.4476 34.8786 36.9469 39.8611 32.3884 35.7024 36.9643 33.7284 30.1173 38.2471 30.9962 37.3894 34.3351 41.1441 37.8809 36.6293 33.9843 37.7227 39.2172 34.1296 38.1842 38.8510 36.4853 40.5143 38.4114 32.4093 37.0727 37.8683 38.2634 42.0190 26.9875 36.1793 36.5606 45.0728 26.1709 35.3554 41.8069 38.0329 35.5253 37.3992 36.7402 33.8536 34.9074 42.6204 39.0889 38.1383 39.4969 30.5628 32.9121 34.2407 44.4031 41.2688 39.4611 35.8028 40.1092 31.2375 40.7924 32.0586 13.1610 15.5788 9.7516 8.8407 14.9106 14.0063 10.1896 11.8926 10.0365 9.9238 10.4811 12.6337 15.5478 9.3462 11.6985 13.8807 8.2422 14.6038 13.3632 10.5306 9.1290 13.8581 11.1286 12.2550 12.1610 13.4151 12.4487 9.2574 14.7097 11.4743
49.9484 49.9088 51.3070 51.0247 57.7344 55.5685 47.2524 50.5979 56.0190 50.3585 56.1352 54.2833 51.9212 50.7388 48.5446 51.7197 51.7007 53.4936 52.1813 50.6328 49.8151 55.0819 48.7336 49.2823 54.8245 55.4399 50.6907 47.5946 50.4979 56.9148 4.7469 3.2631 4.0353 0.0000 7.2047 4.4302 6.3653 1.1333 2.3671 2.4758 3.2123 3.4164 1.8487 3.2447 1.3387 3.9465 2.4533 2.3533 2.9752 5.1587 2.9034 3.9350 1.6395 3.2579 2.4699 3.0484 3.4657 3.0408 4.5550 5.5782 35.8920 36.1410 30.8493 32.2273 34.1517 37.1908 29.6176 32.9437 34.3061 30.9163 27.3330 35.4690 28.1806 34.6110 31.5257 38.4140 35.0777 33.9465 31.1722 35.0886 36.5455 31.3175 35.4867 36.2536 33.7325 37.7022 35.7432 29.5816 34.3630 35.1769 35.3388 39.0397 24.1524 33.2000 33.5859 42.0935 23.8319 32.4750 38.8276 35.0536 32.6512 34.4464 33.7609 30.9545 31.9281 39.6410 36.1096 35.1590 36.5176 27.6703 30.1014 31.4286 41.4238 38.2895 36.5096 32.9323 37.1299 28.5696 37.8131 29.1052 10.5360 13.0001 7.2929 6.8993 12.3361 11.3153 7.6852 9.4882 8.1381 8.0056 8.6052 10.2293 12.7291 8.2473 9.5173 11.3865 8.2614 11.8117 10.8099 8.2892 7.7814 11.3723 8.7344 9.7249 9.6243 10.9125 9.8259 7.1642 12.1018 9.0671
