0.0000 2.8742 2.8395 2.2830 1.7741 1.9045 3.0784 4.0219 2.8399 2.7354 1.9855 3.1732 2.6668 4.3817 2.3028 1.6361 2.0740 3.1822 4.0242 2.6166 4.4590 3.1236 4.7545 2.6785 1.5058 4.8241 2.9686 5.7452 2.4772 1.7305 104.2813 106.7704 105.0666 102.9386 103.7551 105.5139 100.6147 105.2089 104.2663 108.7012 106.2014 101.5404 103.0736 104.3617 103.3344 103.6187 102.9927 105.9801 105.7979 104.6345 103.4199 103.1122 104.2940 102.8382 105.7065 106.6417 104.3418 103.2766 104.7199 111.9331 3.2818 5.2724 3.8489 7.4116 7.4180 5.3042 11.8659 10.2994 5.8354 13.7440 14.7322 8.9877 15.3243 9.8970 8.5566 4.1898 7.2353 7.3195 8.9899 6.2053 3.2685 10.3579 6.7483 4.8116 8.6694 7.3287 3.8588 13.9412 4.0008 6.1575 24.7456 35.1965 34.1101 34.0439 28.0914 20.7501 43.1588 37.8521 23.3251 28.7258 40.8352 25.8991 30.8592 29.8777 33.8367 24.5463 23.2601 29.1896 29.6205 36.0220 34.8885 24.9592 27.0791 27.2501 28.8596 30.3922 23.5467 30.5906 22.2696 35.1388 57.7519 61.5180 65.7890 66.4355 58.6695 59.8714 64.2280 62.3240 65.2080 61.6126 60.4950 59.1259 59.5732 58.5349 58.5752 57.4210 67.1310 56.6973 61.8991 61.1996 64.6319 53.0569 61.5052 62.0217 62.0401 60.1757 55.8165 63.6148 60.1489 66.8725
2.8742 0.0000 2.3177 2.1177 2.4096 3.0123 1.9545 4.5770 3.3459 3.2390 2.3850 4.0927 2.7505 3.6489 2.9397 2.3368 2.1290 2.0106 3.0464 1.8258 4.2241 3.0501 3.7479 2.4350 2.9987 5.5723 3.2367 5.4171 3.2453 2.1788 104.0346 106.6014 104.6667 102.5449 103.4300 105.2743 100.2965 104.8295 103.9081 108.3935 105.8631 101.4057 102.7202 104.0030 102.9674 103.3445 102.6430 105.6468 105.4870 104.3217 103.0183 102.6258 103.9596 102.4570 105.4826 106.3302 104.0277 103.0329 104.4692 111.6041 3.1442 3.0332 2.6457 6.2950 7.3534 4.8023 10.4930 9.2861 4.5996 12.5385 13.4058 7.6587 14.3757 8.9255 7.2757 3.0655 4.9570 6.3666 7.6482 3.9720 1.3045 9.0615 4.5588 4.4397 7.5042 5.9548 2.8871 12.7609 3.7825 4.3477 24.6065 35.7002 34.1766 34.2393 28.4705 20.9918 43.4562 38.4356 23.4868 28.6931 41.3950 25.6984 31.3347 30.0379 34.2790 24.9476 23.2409 29.4391 29.6511 36.3202 35.0938 24.7628 27.6559 27.3011 29.0626 30.4289 23.3519 30.7116 22.5942 35.2036 57.3046 61.0792 65.5564 66.1210 58.3756 59.4196 64.0316 61.8131 64.7807 61.2845 60.1011 58.7193 59.4384 58.4275 57.8477 56.8870 66.7064 56.4790 61.6109 60.9039 64.1671 52.9614 61.2525 61.9279 61.8040 59.7481 55.5993 63.3739 60.2420 66.4946
2.8395 2.3177 0.0000 2.3631 3.1404 3.3399 1.9183 3.9179 2.1584 2.1399 2.8402 5.0201 3.9079 2.7903 1.7059 2.6396 2.3527 2.3322 2.0727 2.5247 2.9362 2.8159 3.1784 2.2047 3.1154 6.8318 2.1453 4.3356 2.3629 2.3200 102.5121 105.0690 103.1917 101.0624 101.9009 103.7550 98.7504 103.3666 102.4242 106.8645 104.3485 99.8448 101.2138 102.4810 101.4707 101.7879 101.1631 104.1309 103.9973 102.8115 101.5580 101.2022 102.4587 100.9571 103.9454 104.8235 102.5322 101.5024 102.9430 110.1033 2.1747 3.6019 2.1055 5.1873 5.6107 3.3209 9.5289 8.0913 3.4349 11.4777 12.4561 6.6305 13.1103 7.6275 6.3908 2.5735 5.2573 5.3621 6.8070 4.5425 2.4352 8.0672 4.8310 3.1778 6.4277 5.2470 2.5109 11.6473 2.3573 4.3605 23.2240 33.8684 32.5156 32.6307 26.8374 19.5886 41.9232 36.6328 21.8954 27.1569 39.6977 24.2443 29.5252 28.4386 32.5943 23.3518 21.7614 27.9621 28.0873 34.5964 33.4739 23.3882 26.0144 25.7227 27.3524 28.7996 21.8963 29.1958 20.9586 33.7100 56.0976 59.7325 64.1168 64.7169 57.0445 58.1429 62.6550 60.4943 63.4143 59.8827 58.7257 57.4064 58.0590 57.0384 56.6619 55.6452 65.3060 55.0384 60.2670 59.4832 62.7760 51.5811 59.8788 60.4749 60.3636 58.3732 54.2243 61.9267 58.7215 65.1189
2.2830 2.1177 2.3631 0.0000 2.1443 1.8327 1.9109 4.9277 2.8004 2.6292 1.9641 3.6080 2.6602 4.1439 2.6290 1.8717 1.6209 2.0228 3.2914 1.4722 4.3359 2.4290 3.7840 2.3899 2.3476 5.2906 2.6066 5.8617 2.4393 1.6279 104.0793 106.6223 104.7657 102.6396 103.4756 105.3076 100.3230 104.9315 103.9947 108.4026 105.9259 101.3747 102.8092 104.0771 103.0266 103.3584 102.7105 105.6959 105.5275 104.4128 103.0964 102.8035 103.9914 102.5192 105.4634 106.3810 104.0673 103.0445 104.5318 111.6377 2.5668 3.7625 3.2807 6.5677 7.0980 4.6566 10.9120 9.6911 4.7556 12.8623 13.8507 8.0037 14.6000 9.3060 7.4408 3.1655 5.6590 6.4431 7.7567 4.5639 2.0282 9.2835 5.2728 4.8289 7.6612 5.9790 3.1752 13.0125 3.5863 4.8922 24.7710 35.3626 34.1865 34.3331 28.5545 21.0571 43.6280 38.2103 23.4303 28.5535 41.3952 26.0004 31.0142 29.8541 33.7847 24.7461 23.1051 29.7127 29.7130 36.3552 34.8824 24.7075 27.4601 27.3422 29.0867 30.4072 23.3434 30.8228 22.5739 35.4316 57.4589 61.2159 65.5423 66.1356 58.5795 59.5077 64.0078 61.8980 64.8597 61.2168 60.1694 58.8467 59.4543 58.3343 57.9986 56.9209 66.7606 56.5534 61.6472 60.9371 64.2184 52.9347 61.2325 61.8702 61.7205 59.7741 55.6042 63.4256 60.1416 66.4921
1.7741 2.4096 3.1404 2.1443 0.0000 1.6957 2.8827 4.5655 3.5830 3.2876 1.5623 2.3093 1.7360 4.6960 3.0192 1.8990 2.0240 2.7158 4.3455 2.0925 5.0763 3.3027 5.1232 2.9042 1.4270 3.8809 3.6033 6.3310 3.2895 1.6057 105.1874 107.6782 105.9318 103.8008 104.6150 106.4072 101.4774 106.0676 105.1284 109.5574 107.0747 102.4882 103.9698 105.2286 104.2076 104.5199 103.8565 106.8460 106.6795 105.5246 104.2841 103.9479 105.1958 103.7018 106.6049 107.5221 105.2294 104.1723 105.6397 112.8089 3.2689 4.8045 3.8541 7.7906 8.2522 5.8753 12.2605 10.9130 6.1178 14.2103 15.1271 9.3795 15.9451 10.4546 8.8875 4.3003 6.8808 7.7254 9.2641 5.7840 2.7077 10.7074 6.5555 5.2774 9.0908 7.5010 3.7079 14.3860 4.4987 5.9752 25.7138 36.3615 35.1337 35.1245 29.1705 21.8730 44.2174 39.0269 24.4054 29.7049 41.8993 26.8943 32.0313 30.9838 34.9451 25.6622 24.2421 30.2833 30.6794 37.0698 35.9289 25.9065 28.2495 28.3275 29.9081 31.4524 24.5455 31.6653 23.3856 36.1781 58.6264 62.4490 66.7873 67.3823 59.6552 60.7672 65.1408 63.2035 66.0917 62.5769 61.4424 60.0556 60.5624 59.5540 59.3632 58.2779 68.0618 57.6863 62.8459 62.1225 65.5490 54.1099 62.4558 63.0329 63.0291 61.0775 56.7895 64.6046 61.2775 67.7583
1.9045 3.0123 3.3399 1.8327 1.6957 0.0000 2.8667 5.0286 3.3253 2.9481 1.5721 2.5672 2.3582 4.9029 3.0719 1.7957 1.8648 2.9893 4.3904 2.1850 5.0406 3.1345 4.9015 2.8030 1.7029 4.2722 3.1163 6.5580 2.9307 1.8320 104.9351 107.4562 105.7190 103.5698 104.3822 106.1562 101.2291 105.8494 104.9087 109.2914 106.8175 102.2276 103.7499 105.0007 103.9515 104.2601 103.6354 106.5991 106.4265 105.3008 104.0387 103.7601 104.9215 103.4502 106.3376 107.2864 104.9819 103.9178 105.4102 112.5416 3.0454 5.0479 4.1480 7.6526 7.9143 5.6347 12.1949 10.8627 6.0232 14.0757 15.0802 9.2494 15.7757 10.4055 8.6647 4.1667 7.0081 7.5826 9.0480 5.8753 2.9807 10.5139 6.6158 5.5164 8.8721 7.2485 3.8455 14.2261 4.4053 6.1479 25.6004 35.9199 34.9325 34.9633 29.0790 21.7511 44.1608 38.7020 24.1839 29.3675 41.8056 26.8659 31.6283 30.5854 34.3477 25.3385 23.9129 30.2927 30.4997 36.9308 35.5587 25.6330 27.9492 28.1526 29.7237 31.1922 24.2338 31.5293 23.2015 36.1347 58.4087 62.2295 66.4813 67.0874 59.4960 60.4870 64.8595 62.9098 65.8320 62.1988 61.1678 59.8425 60.3087 59.1929 59.0919 57.9212 67.7696 57.4739 62.5785 61.8355 65.2387 53.7786 62.1591 62.7343 62.6300 60.7714 56.5101 64.3325 60.9196 67.4555
3.0784 1.9545 1.9183 1.9109 2.8827 2.8667 0.0000 4.4607 2.4398 2.3973 2.6427 4.6039 3.3163 2.9826 2.3301 2.5104 2.0495 1.8206 2.3122 1.8630 3.3619 2.5647 2.9665 1.9367 3.0609 6.3112 2.1696 4.8687 2.7065 2.1272 103.1895 105.7526 103.8411 101.6900 102.5782 104.4013 99.4359 103.9775 103.0572 107.4914 105.0188 100.5414 101.9376 103.1587 102.1183 102.4981 101.8224 104.7813 104.6358 103.4908 102.1992 101.8337 103.1216 101.6068 104.5848 105.4958 103.1726 102.1593 103.6698 110.7357 2.1790 3.1367 2.0523 5.3977 6.3403 3.7430 9.8647 8.7285 3.8775 11.7456 12.7311 6.9592 13.6333 8.3777 6.4554 2.3324 4.7953 5.4906 6.8146 3.8933 1.5656 8.2322 4.3322 4.0151 6.7175 4.9671 2.3356 11.9274 2.7216 4.0297 23.9265 34.7678 33.4661 33.5044 27.9339 20.4805 42.8177 37.6290 22.7888 27.8353 40.8548 25.2156 30.4395 29.1691 33.1459 24.0624 22.4310 28.9351 28.9775 35.6988 34.1375 24.0977 26.8055 26.6958 28.3412 29.6987 22.6252 30.0166 21.9624 34.5870 56.6290 60.4068 64.7754 65.3173 57.7487 58.6480 63.1743 61.0229 64.0036 60.4559 59.4306 58.0341 58.6708 57.6492 57.1614 56.1229 65.9725 55.8138 60.8302 60.0398 63.4402 52.1848 60.4734 61.1897 60.9479 58.9506 54.9002 62.6384 59.4487 65.6752
4.0219 4.5770 3.9179 4.9277 4.5655 5.0286 4.4607 0.0000 3.5307 3.7749 4.7078 6.3018 5.6899 3.1686 3.0977 4.3852 4.7620 5.1302 4.4371 4.9177 3.4450 5.6222 5.5806 3.3717 4.4224 7.6123 4.1448 3.1176 4.3997 4.5218 102.4193 104.9185 103.1564 101.0951 101.8270 103.6190 98.6935 103.2528 102.2940 106.8304 104.3246 99.7798 101.1937 102.4474 101.4892 101.7426 101.1411 104.1655 104.0386 102.7189 101.5862 101.1186 102.4501 100.9072 103.8708 104.8263 102.5178 101.4620 102.8947 110.1291 4.3512 6.6691 4.2732 6.6984 6.6939 5.1295 11.0504 9.0722 6.1251 12.7517 13.6036 8.3402 14.0054 8.6583 8.5262 5.4300 8.0776 7.3407 9.0316 7.4810 4.8972 10.1323 7.4173 2.9136 8.4547 7.7922 4.4674 12.9923 4.2635 7.0152 22.7600 33.5388 32.2468 31.5230 25.7029 18.8222 40.1071 35.7309 21.7777 27.4449 38.5012 23.5768 29.1449 28.1793 32.1874 22.8787 22.1138 26.3534 27.6203 33.5054 33.3857 24.0829 25.0296 25.3660 26.4710 28.4281 22.0971 28.2865 20.1115 32.3312 56.2560 59.7847 64.3166 64.7579 56.7280 58.1738 62.6130 60.7743 63.5675 60.2013 58.9156 57.4549 57.8211 57.0992 57.2235 56.1653 65.6310 54.8959 60.1898 59.3652 63.2696 51.4250 59.9253 60.5238 60.4702 58.7059 54.3825 61.8765 58.3473 65.3974
2.8399 3.3459 2.1584 2.8004 3.5830 3.3253 2.4398 3.5307 0.0000 1.8888 3.1465 5.3925 4.4742 2.9101 1.5658 2.7153 2.6774 3.3679 2.5512 3.2827 2.7569 3.1183 3.3158 1.9565 3.1330 7.1098 1.5341 4.0410 2.0169 2.7307 102.1360 104.6748 102.8827 100.7540 101.5238 103.3505 98.3718 103.0178 102.0553 106.4741 103.9841 99.4462 100.9269 102.1467 101.1327 101.4139 100.8306 103.7837 103.6344 102.4876 101.2342 100.9387 102.1002 100.5725 103.5380 104.4696 102.1747 101.0892 102.5969 109.7513 2.5779 4.9041 3.0476 5.3091 5.1735 3.2569 9.8630 8.3529 4.2544 11.6179 12.6914 6.9723 13.0441 8.0480 6.6421 3.1248 6.2863 5.3993 7.1492 5.5953 3.3460 8.3342 5.6655 3.3382 6.6519 5.5279 3.3410 11.7909 2.1896 5.3201 22.6861 33.1379 32.1005 32.0410 26.3864 19.0104 41.2539 35.9130 21.3849 26.6154 39.3225 23.9467 28.7571 27.7482 31.5976 22.5222 21.2412 27.4037 27.5895 34.0513 32.7588 23.0840 25.0923 25.3052 26.7835 28.2825 21.4041 28.5830 20.3793 33.1351 55.6947 59.3772 63.6308 64.2455 56.6017 57.6387 62.0757 60.0989 62.9975 59.3775 58.3744 57.0200 57.4654 56.4404 56.4022 55.1916 65.0231 54.5733 59.7342 58.9609 62.4624 50.9322 59.3314 59.9881 59.8284 57.9656 53.7912 61.4969 58.0017 64.6909
2.7354 3.2390 2.1399 2.6292 3.2876 2.9481 2.3973 3.7749 1.8888 0.0000 2.8238 5.0212 4.1489 2.8440 1.5254 2.2864 2.3295 2.7687 2.6084 3.0768 3.0736 3.1090 3.6531 1.9144 3.0245 6.7608 1.9136 4.4260 2.2641 2.4928 102.3502 104.8836 103.1168 100.9962 101.7566 103.5713 98.5996 103.2550 102.2892 106.6848 104.2078 99.6892 101.1384 102.4338 101.3370 101.6566 101.0270 104.0261 103.8892 102.6932 101.4431 101.1413 102.3555 100.8656 103.7577 104.7119 102.4203 101.3453 102.8549 109.9750 2.0911 4.6571 2.6027 5.2864 5.3828 3.2208 10.0327 8.5147 4.1313 11.8443 12.7835 7.1120 13.3737 7.9045 6.8720 3.0874 6.2365 5.7511 7.3313 5.4142 3.1760 8.5648 5.6798 3.5274 6.8428 5.7066 2.6353 11.9525 2.4115 5.2554 23.2037 33.5329 32.4017 32.3622 26.4903 19.5426 41.7060 36.2404 21.7948 27.0923 39.2333 24.4325 29.2383 28.2126 32.1475 23.0572 21.6656 27.8455 28.0182 34.5270 33.2016 23.4743 25.6031 25.6890 27.2741 28.6456 21.7798 29.1089 20.6249 33.6338 56.1491 59.7833 64.1490 64.6894 57.1291 58.1294 62.5654 60.5574 63.4453 59.8849 58.7579 57.4997 57.9527 56.9087 56.7457 55.6517 65.3648 55.1010 60.2575 59.3803 62.9048 51.5095 59.7847 60.3420 60.3320 58.4471 54.1565 61.8882 58.5985 65.0760
1.9855 2.3850 2.8402 1.9641 1.5623 1.5721 2.6427 4.7078 3.1465 2.8238 0.0000 2.8265 2.3966 4.5566 2.8055 1.3542 1.4886 2.7053 4.1161 1.9706 4.9202 3.2871 4.8066 2.4874 1.7048 4.4767 3.1762 6.2070 3.0827 1.7213 104.7121 107.2349 105.4671 103.3335 104.1172 105.9243 100.9527 105.6158 104.6727 109.0679 106.5492 102.0469 103.5002 104.7418 103.7145 104.0221 103.3940 106.3509 106.2283 105.0597 103.7777 103.4982 104.7173 103.2035 106.1387 107.0623 104.7661 103.6944 105.1957 112.3264 2.7749 4.6872 3.7342 7.2778 7.6507 5.4622 11.8555 10.5472 5.6689 13.8144 14.7437 8.9246 15.4439 10.0020 8.4967 3.9660 6.6381 7.4005 8.9416 5.5915 2.7036 10.2695 6.3096 5.0274 8.6344 7.1055 3.4562 13.9817 4.2167 5.9339 25.3966 35.8040 34.6326 34.7169 28.7256 21.5875 43.8860 38.4900 24.0057 29.2599 41.4671 26.5262 31.4570 30.5040 34.4271 25.2504 23.8036 29.9947 30.2345 36.4914 35.4196 25.4956 27.8540 27.8822 29.4054 30.9165 23.9828 31.3521 22.9191 35.8360 58.2143 61.9887 66.3217 66.9360 59.2494 60.3192 64.7099 62.7235 65.6013 62.0544 60.9195 59.6426 60.1630 59.0439 58.8378 57.7218 67.5992 57.1958 62.4179 61.6730 64.9920 53.6546 61.9703 62.5572 62.5676 60.6008 56.3374 64.1119 60.7866 67.2623
3.1732 4.0927 5.0201 3.6080 2.3093 2.5672 4.6039 6.3018 5.3925 5.0212 2.8265 0.0000 2.2123 6.6484 4.8777 3.4240 3.4625 4.3374 6.2349 3.4718 6.8946 4.5759 6.8211 4.7127 2.5837 2.2955 5.1922 8.3008 4.8128 3.2144 106.9309 109.4014 107.7502 105.5807 106.4153 108.1636 103.2796 107.8615 106.9525 111.3203 108.8463 104.1977 105.7759 107.0068 106.0009 106.3112 105.6666 108.6065 108.4173 107.3062 106.0655 105.7847 106.9746 105.5065 108.3583 109.2899 106.9993 105.9176 107.3935 114.5890 4.8342 6.2530 5.6868 9.6604 9.9789 7.7410 14.0997 12.8281 7.8508 16.0137 16.9807 11.2556 17.8383 12.3388 10.5892 5.8769 8.3693 9.4510 10.9321 7.1625 4.3447 12.4252 8.1219 7.2150 10.8593 9.1111 5.3522 16.2225 6.3274 7.5361 27.4912 37.8753 36.8052 36.8891 30.8719 23.5394 45.9524 40.6167 26.0629 31.3102 43.4821 28.7179 33.6309 32.6181 36.4562 27.2260 25.8375 32.0281 32.4457 38.6938 37.4855 27.5035 29.8322 30.0597 31.5825 33.2009 26.2885 33.4075 25.1468 38.0026 60.2926 64.2808 68.4876 69.1264 61.4362 62.5403 66.7629 64.9460 67.8388 64.2923 63.2026 61.7964 62.2824 61.2007 61.1219 59.9658 69.8116 59.4281 64.5716 63.8797 67.2332 55.7597 64.1764 64.7101 64.7197 62.7998 58.4801 66.3517 62.9658 69.4663
2.6668 2.7505 3.9079 2.6602 1.7360 2.3582 3.3163 5.6899 4.4742 4.1489 2.3966 2.2123 0.0000 5.4597 3.9953 2.6396 2.4460 2.7595 4.7557 2.5407 5.6919 3.1308 5.2000 3.8243 2.2281 3.7262 4.2631 7.1553 3.7854 2.0416 105.6010 108.0852 106.3385 104.1661 105.1106 106.8274 101.9861 106.4625 105.5739 110.0119 107.5187 102.8776 104.4229 105.6571 104.6356 105.0214 104.2749 107.2413 107.0410 105.9367 104.6875 104.3473 105.6148 104.1633 107.0226 107.9300 105.6134 104.5907 106.0518 113.1999 4.2402 4.5862 4.2637 8.2599 8.9566 6.4197 12.4090 11.3070 6.3753 14.3566 15.2947 9.7034 16.3247 10.9902 8.9556 4.3366 6.6434 7.8237 9.2766 5.4973 2.9400 10.7825 6.4487 6.3836 9.2846 7.5180 4.4335 14.6033 4.9997 5.7034 26.1364 37.0844 35.7351 35.8874 30.0477 22.3523 45.1886 39.9330 24.8907 30.0368 42.8558 27.5039 32.8713 31.4886 35.5688 26.1806 24.5292 31.0776 31.2318 38.1037 36.3543 26.0747 28.9039 28.9089 30.7385 32.0942 24.9998 32.2544 24.1991 36.9605 58.7664 62.8012 67.0974 67.7102 59.9904 61.0504 65.3873 63.4385 66.3735 62.8740 61.7870 60.3083 60.8919 59.8444 59.5360 58.4657 68.3636 58.0993 63.1259 62.4896 65.8084 54.4273 62.7826 63.3651 63.3675 61.3351 57.0585 64.9959 61.7832 68.0235
4.3817 3.6489 2.7903 4.1439 4.6960 4.9029 2.9826 3.1686 2.9101 2.8440 4.5566 6.6484 5.4597 0.0000 2.6204 4.1231 4.0622 3.7614 2.2516 4.1133 1.8466 4.3480 3.4904 2.7288 4.6676 8.2842 3.0275 2.4732 3.7626 4.0479 101.2659 103.8208 101.9103 99.8063 100.6361 102.4910 97.5057 102.0257 101.0905 105.5775 103.1048 98.6616 99.9943 101.2552 100.2231 100.5775 99.9223 102.9349 102.7873 101.5349 100.2921 99.8496 101.2303 99.6809 102.7006 103.6119 101.3149 100.2815 101.7635 108.8794 3.2163 4.5557 2.1179 4.1096 4.9341 2.8143 8.7022 7.0579 3.6920 10.4427 11.2901 5.8405 12.1195 6.6224 5.9750 3.3525 5.6658 5.0083 6.4467 5.1689 3.5732 7.5276 4.8649 2.1560 5.9615 5.1019 2.7128 10.6071 2.5541 4.7624 21.9429 32.9510 31.4768 31.1369 25.5846 18.5573 40.2923 35.5305 20.9853 26.2778 38.5139 23.0498 28.6046 27.3593 31.5250 22.2659 20.9580 26.4595 26.9750 33.5182 32.4736 22.7719 24.8077 24.7398 26.1915 27.6961 20.8891 27.8259 19.7729 32.1830 55.0105 58.6201 63.1472 63.5945 55.8763 56.9437 61.4951 59.3886 62.3371 58.9281 57.7476 56.3016 56.8802 56.0425 55.6299 54.6814 64.2854 54.0565 59.1415 58.1788 61.9011 50.4869 58.7976 59.4909 59.2925 57.3597 53.2508 60.8200 57.6352 64.0580
2.3028 2.9397 1.7059 2.6290 3.0192 3.0719 2.3301 3.0977 1.5658 1.5254 2.8055 4.8777 3.9953 2.6204 0.0000 2.3113 2.4961 2.9227 2.6019 2.9595 2.6850 3.0658 3.6056 2.0174 2.7540 6.6217 1.8464 4.0388 2.2063 2.2412 102.5356 105.0472 103.2707 101.1447 101.9607 103.7640 98.8033 103.4208 102.4688 106.9069 104.4134 99.8325 101.3099 102.5613 101.5572 101.8415 101.2394 104.2054 104.0597 102.8588 101.6361 101.3030 102.5270 101.0296 103.9613 104.8915 102.5980 101.5248 103.0005 110.1719 2.3011 4.7119 2.6131 5.6663 5.5675 3.5308 10.1949 8.5593 4.3200 11.9874 12.9885 7.3087 13.5329 8.1211 7.0599 3.2158 6.3683 5.7965 7.5500 5.6058 3.1292 8.7391 5.8498 3.1005 7.0708 5.9471 2.8877 12.1722 2.4240 5.3258 23.1173 33.5969 32.4458 32.3303 26.5392 19.3533 41.4975 36.2726 21.7816 27.1497 39.3649 24.2407 29.2364 28.2815 32.2479 23.0026 21.7368 27.6094 27.9944 34.3574 33.2856 23.5047 25.5733 25.6473 27.1613 28.7206 21.8830 28.9459 20.6938 33.4514 56.1861 59.8579 64.1672 64.7778 57.0720 58.2125 62.5955 60.6271 63.5209 59.9908 58.8772 57.5112 57.9924 56.9948 56.9190 55.8097 65.4744 55.0799 60.2923 59.4725 62.9749 51.5296 59.8957 60.4771 60.4072 58.5180 54.2739 61.9665 58.5723 65.2177
1.6361 2.3368 2.6396 1.8717 1.8990 1.7957 2.5104 4.3852 2.7153 2.2864 1.3542 3.4240 2.6396 4.1231 2.3113 0.0000 1.3237 2.5684 3.6086 2.3003 4.4604 2.9365 4.2462 2.2516 1.9608 5.0044 2.7837 5.7191 2.6092 1.6454 104.0667 106.5713 104.8037 102.6922 103.5046 105.2717 100.3436 104.9593 104.0277 108.4551 105.9257 101.3839 102.8538 104.1193 103.0674 103.3864 102.7342 105.7291 105.5709 104.4085 103.1302 102.8435 104.0510 102.5861 105.4887 106.4165 104.1105 103.0564 104.5378 111.6771 2.8503 4.6202 3.4541 6.8320 7.1485 4.9043 11.3457 9.9550 5.2984 13.2779 14.2077 8.4473 14.8956 9.4813 8.0501 3.6335 6.4535 6.8681 8.4834 5.4589 2.7063 9.8158 6.0626 4.7611 8.1435 6.7325 3.4128 13.4738 3.7236 5.6428 24.7163 35.2062 34.0138 34.0729 28.1009 20.8630 43.3132 37.8863 23.2939 28.6315 40.8765 25.8843 30.8509 29.8286 33.8230 24.5681 23.1096 29.3538 29.5585 36.0427 34.7837 24.7820 27.2024 27.1926 28.8812 30.2770 23.2524 30.6799 22.2433 35.2170 57.5182 61.2816 65.6213 66.2437 58.5620 59.6259 64.0408 62.0514 64.9384 61.3738 60.2353 58.9516 59.4497 58.3205 58.1712 57.0600 66.9042 56.5257 61.7191 61.0174 64.3558 52.9544 61.2889 61.8431 61.9014 59.9429 55.6147 63.4149 60.0805 66.5838
2.0740 2.1290 2.3527 1.6209 2.0240 1.8648 2.0495 4.7620 2.6774 2.3295 1.4886 3.4625 2.4460 4.0622 2.4961 1.3237 0.0000 2.0429 3.2294 1.9084 4.2878 2.3314 3.8802 2.1841 1.9588 5.2583 2.4895 5.7596 2.3690 1.3879 103.9138 106.4395 104.6568 102.5136 103.3355 105.1414 100.1877 104.7940 103.8705 108.2571 105.7557 101.2351 102.6984 103.9500 102.8919 103.2418 102.5811 105.5525 105.3850 104.2585 102.9675 102.6872 103.8910 102.4038 105.3277 106.2378 103.9445 102.8887 104.3762 111.5090 2.5980 4.0191 3.0427 6.4381 6.9391 4.5767 10.9520 9.7358 4.8185 12.8755 13.8377 8.0839 14.5888 9.2681 7.5190 2.9978 5.8788 6.4387 7.9230 4.8138 2.1554 9.3069 5.4827 4.8174 7.6859 6.1394 3.0650 13.0354 3.3694 5.0464 24.6194 35.1908 33.9766 34.1560 28.3033 20.9308 43.5111 38.0287 23.2523 28.4122 41.1136 25.9104 30.8931 29.7383 33.7503 24.5713 22.9615 29.5194 29.5490 36.1999 34.6671 24.6191 27.2340 27.2201 28.9169 30.2518 23.2012 30.6824 22.3812 35.3176 57.3382 61.1682 65.4657 66.0769 58.4801 59.4524 63.8761 61.8379 64.7686 61.1785 60.1103 58.7819 59.3437 58.2386 57.9486 56.8341 66.7282 56.4577 61.5761 60.8398 64.1453 52.8288 61.1428 61.7329 61.7046 59.7200 55.4925 63.3374 60.0666 66.3979
3.1822 2.0106 2.3322 2.0228 2.7158 2.9893 1.8206 5.1302 3.3679 2.7687 2.7053 4.3374 2.7595 3.7614 2.9227 2.5684 2.0429 0.0000 2.6836 2.0999 4.0581 2.2834 3.2748 2.8020 3.0614 6.0119 3.1211 5.6174 2.9604 2.0150 103.4840 106.0119 104.1354 101.9911 102.8982 104.7124 99.7488 104.3013 103.3824 107.7910 105.3284 100.8022 102.2199 103.4848 102.4258 102.8208 102.0864 105.0772 104.9140 103.7821 102.4775 102.1324 103.4329 101.9638 104.8755 105.7696 103.4626 102.4609 103.9568 111.0192 2.8794 2.7089 2.3668 5.8800 6.9349 4.1992 10.0520 9.0460 3.9464 12.0173 12.9147 7.2997 14.0003 8.6404 6.7012 2.3993 4.6504 5.6515 6.9762 3.5955 1.7386 8.4674 4.4369 4.8761 6.9456 5.2258 2.7893 12.1718 3.1543 3.6698 24.3366 35.3276 33.8260 34.0529 28.3256 20.8439 43.5910 38.2175 23.1358 28.1736 41.1795 25.7018 31.1074 29.6476 33.8289 24.5449 22.7293 29.5392 29.3848 36.4292 34.5585 24.2356 27.3630 27.0712 28.9859 30.1356 23.0125 30.5449 22.4196 35.2173 56.8738 60.7334 65.1555 65.6841 58.1169 59.0263 63.5014 61.3553 64.3213 60.8363 59.7268 58.3403 59.0096 57.9598 57.3771 56.4293 66.2504 56.1926 61.2055 60.4300 63.7400 52.6107 60.7913 61.4264 61.3731 59.2831 55.1201 62.9974 59.9565 65.9611
4.0242 3.0464 2.0727 3.2914 4.3455 4.3904 2.3122 4.4371 2.5512 2.6084 4.1161 6.2349 4.7557 2.2516 2.6019 3.6086 3.2294 2.6836 0.0000 3.5171 2.2733 2.8960 2.0053 2.7288 4.2693 8.0292 2.4384 3.7714 2.6059 3.3271 101.2649 103.8277 101.9155 99.7829 100.6603 102.5122 97.5392 102.0599 101.1358 105.5853 103.1028 98.6110 99.9796 101.2533 100.1995 100.5838 99.8825 102.8819 102.6943 101.5629 100.2802 99.9062 101.1927 99.6954 102.6813 103.5462 101.2506 100.2478 101.7039 108.8362 3.1253 3.3544 1.7599 3.8238 4.8443 2.1591 8.0665 6.7954 2.3790 9.9448 10.9229 5.2581 11.7685 6.5312 4.8231 1.7635 4.4491 3.8235 5.2589 3.9100 2.8283 6.6013 3.7868 3.4863 4.9435 3.7503 2.8742 10.1547 1.5167 3.2187 21.9853 33.0790 31.5590 31.7048 26.1755 18.6200 41.2565 35.9976 20.8527 25.9575 39.1897 23.3141 28.8609 27.3138 31.5883 22.2990 20.5405 27.1983 27.0616 34.2132 32.3571 22.1777 25.0754 24.7775 26.6373 27.8165 20.7352 28.1482 20.1581 32.8194 54.7064 58.4599 62.8759 63.3985 55.8108 56.7490 61.3282 59.1277 62.1124 58.6001 57.4998 56.0808 56.7528 55.7831 55.2603 54.2751 64.0268 53.9197 58.9592 58.1415 61.5578 50.3041 58.5677 59.2375 59.0704 57.0517 52.9388 60.7168 57.6214 63.7840
2.6166 1.8258 2.5247 1.4722 2.0925 2.1850 1.8630 4.9177 3.2827 3.0768 1.9706 3.4718 2.5407 4.1133 2.9595 2.3003 1.9084 2.0999 3.5171 0.0000 4.4470 3.0383 4.1993 2.3466 2.5837 5.0393 2.9596 5.9353 3.1518 1.9867 104.5862 107.1502 105.2357 103.1075 103.9405 105.8239 100.7942 105.3927 104.4531 108.8581 106.4011 101.9165 103.2796 104.5607 103.4985 103.8566 103.2033 106.1893 106.0405 104.8860 103.5767 103.2365 104.5016 102.9874 105.9742 106.8747 104.5721 103.5621 105.0478 112.1367 2.4999 3.5462 3.0555 6.6429 7.5171 4.9917 11.1487 9.9719 5.0278 13.1211 14.0612 8.1932 14.9474 9.4897 7.7106 3.5624 5.5136 6.8768 8.0514 4.3644 1.5847 9.5379 5.1196 4.7362 7.9895 6.2352 2.6784 13.2253 4.0327 4.9427 25.2810 35.9405 34.7209 34.7331 28.9949 21.6693 43.9007 38.7348 24.0710 29.1919 41.7950 26.4353 31.5586 30.4498 34.4251 25.3821 23.7870 30.0669 30.2692 36.7133 35.5191 25.3966 28.0421 27.9318 29.5311 30.9423 23.9485 31.3120 23.0848 35.7909 58.0368 61.7486 66.1401 66.7015 59.0871 60.0514 64.6184 62.4123 65.4213 61.8103 60.7481 59.3889 60.0578 59.0049 58.5177 57.5074 67.3042 57.1596 62.2522 61.4437 64.7799 53.5313 61.8407 62.5186 62.2961 60.3298 56.2398 63.9984 60.7584 67.0836
4.4590 4.2241 2.9362 4.3359 5.0763 5.0406 3.3619 3.4450 2.7569 3.0736 4.9202 6.8946 5.6919 1.8466 2.6850 4.4604 4.2878 4.0581 2.2733 4.4470 0.0000 4.1202 3.1259 3.0973 4.7592 8.6903 2.8232 2.4335 3.2964 4.1595 100.7451 103.2861 101.4259 99.2916 100.1809 101.9883 97.0443 101.5422 100.6142 105.0862 102.6226 98.0617 99.5089 100.7355 99.7559 100.0873 99.4460 102.4095 102.2384 101.0246 99.8255 99.4038 100.6962 99.1889 102.1691 103.0758 100.7790 99.7542 101.2059 108.3533 3.6994 4.9755 2.8720 4.2582 4.6150 2.5333 8.4215 6.7623 3.5583 10.0676 11.1117 5.7603 11.7271 6.5977 5.5262 3.2993 6.0053 4.4104 6.0319 5.5593 4.0833 7.1936 5.2858 2.8941 5.5468 4.8914 3.6419 10.2890 2.1328 4.7436 21.2306 32.2640 30.9163 30.6293 25.2401 17.7151 39.9175 35.0242 20.2689 25.4683 38.2879 22.4917 28.0563 26.5517 30.6703 21.4466 20.1469 25.9694 26.3165 33.1878 31.7135 21.9641 24.0209 24.1058 25.6478 27.1172 20.3304 27.1244 19.3294 31.6729 54.3154 58.0372 62.4345 62.9150 55.1759 56.2944 60.7679 58.7119 61.6872 58.2198 57.1480 55.6089 56.1549 55.3023 55.0915 54.0534 63.6658 53.3887 58.4386 57.5342 61.2322 49.6983 58.1247 58.8078 58.5200 56.6629 52.5583 60.2114 56.8797 63.4434
3.1236 3.0501 2.8159 2.4290 3.3027 3.1345 2.5647 5.6222 3.1183 3.1090 3.2871 4.5759 3.1308 4.3480 3.0658 2.9365 2.3314 2.2834 2.8960 3.0383 4.1202 0.0000 3.0522 3.4695 2.9713 6.4482 2.7424 5.9821 2.1228 2.0873 102.9929 105.5038 103.7409 101.5339 102.5016 104.2461 99.3715 103.8849 102.9771 107.3704 104.8974 100.2242 101.8115 103.0285 102.0114 102.3838 101.6834 104.6096 104.3735 103.3505 102.0819 101.7936 102.9657 101.5182 104.4068 105.2784 102.9928 101.9449 103.4110 110.5727 3.6231 3.7319 3.2494 6.2350 6.6152 4.2370 10.0843 9.0766 4.2614 11.8839 12.9896 7.5012 13.8413 8.9623 6.5079 2.2485 5.4558 5.2553 6.8341 4.4935 2.9006 8.2778 5.1135 5.4961 6.8042 5.1607 3.9562 12.1477 2.9297 4.1535 23.6890 34.5448 33.2680 33.6886 28.1055 20.1356 43.3501 37.6982 22.3330 27.2808 41.0626 25.2850 30.3975 28.8842 32.9662 23.6700 21.8335 29.1823 28.8094 36.1231 33.7026 23.3592 26.5681 26.4934 28.5104 29.6368 22.3828 29.9004 22.0530 34.8973 56.1526 60.2059 64.3366 65.0286 57.5179 58.3953 62.7336 60.7281 63.7151 60.1143 59.1741 57.6885 58.2831 57.1833 56.8788 55.7201 65.6688 55.5475 60.5090 59.8220 63.0643 51.7894 60.1116 60.7193 60.6128 58.5831 54.4161 62.3847 59.1702 65.3250
4.7545 3.7479 3.1784 3.7840 5.1232 4.9015 2.9665 5.5806 3.3158 3.6531 4.8066 6.8211 5.2000 3.4904 3.6056 4.2462 3.8802 3.2748 2.0053 4.1993 3.1259 3.0522 0.0000 3.6975 5.0273 8.5621 3.1935 4.6278 3.2477 4.0188 101.0608 103.6276 101.6669 99.5023 100.5319 102.2928 97.3730 101.8415 100.9418 105.4114 102.9081 98.3567 99.7991 101.0065 99.9986 100.4005 99.6762 102.6346 102.4345 101.3504 100.0320 99.6778 100.9324 99.4832 102.4598 103.3316 100.9938 100.0308 101.5021 108.5432 4.1948 3.4248 3.1579 4.2345 5.2704 2.7334 7.7122 6.7361 2.5488 9.5615 10.6349 5.0862 11.5172 6.8895 4.2939 1.9014 4.0510 3.1262 4.6848 3.6961 3.4360 6.0682 3.5797 4.7582 4.5685 3.1997 4.1075 9.8458 2.4473 3.0138 21.7788 33.0947 31.5707 31.8377 26.5424 18.4446 41.6010 36.1682 20.7320 25.5907 39.7202 23.3150 28.8994 27.0760 31.3138 22.0834 20.1496 27.4565 26.9499 34.5612 32.0841 21.6193 25.0943 24.6933 26.8230 27.7732 20.4153 28.0806 20.3880 32.9492 54.1602 58.0575 62.4061 62.9863 55.4208 56.2568 60.8370 58.5873 61.6350 58.0637 57.0865 55.6213 56.3328 55.2312 54.6926 53.6600 63.5773 53.5490 58.4639 57.7737 61.0447 49.8401 58.1285 58.8620 58.5900 56.5382 52.5034 60.3524 57.2107 63.3081
2.6785 2.4350 2.2047 2.3899 2.9042 2.8030 1.9367 3.3717 1.9565 1.9144 2.4874 4.7127 3.8243 2.7288 2.0174 2.2516 2.1841 2.8020 2.7288 2.3466 3.0973 3.4695 3.6975 0.0000 2.8926 6.2884 2.1477 4.2059 2.5971 2.5326 103.0926 105.6563 103.7974 101.6944 102.4458 104.3032 99.2984 103.9216 102.9555 107.3937 104.9114 100.4729 101.8325 103.1104 102.0402 102.3690 101.7347 104.7437 104.6141 103.4115 102.1404 101.7805 103.0448 101.5094 104.4976 105.4200 103.1239 102.0837 103.5779 110.6857 2.2156 4.3585 2.6681 5.5203 6.2152 3.8593 10.3011 8.8612 4.5493 12.1923 13.1049 7.3211 13.7368 8.3618 7.0687 3.2820 5.9440 6.1277 7.5507 5.0583 2.3517 8.9128 5.2677 3.3381 7.1796 5.8870 2.4935 12.3200 2.9773 5.1347 23.6880 34.3710 33.1673 32.9545 27.2081 20.0431 42.0595 37.0026 22.5656 27.8062 40.0866 24.8442 30.0078 28.8623 32.7888 23.7779 22.4121 28.2572 28.6299 35.0380 33.9850 24.2194 26.2529 26.3586 27.8145 29.2986 22.4659 29.6254 21.3166 33.9902 56.6778 60.3165 64.7799 65.2595 57.5764 58.6002 63.1858 61.0838 64.0195 60.4522 59.3416 58.0110 58.5211 57.5447 57.2715 56.1972 65.9958 55.6517 60.7799 59.9439 63.5145 52.0185 60.3665 61.0550 60.8844 59.0051 54.8267 62.5127 59.1638 65.7159
1.5058 2.9987 3.1154 2.3476 1.4270 1.7029 3.0609 4.4224 3.1330 3.0245 1.7048 2.5837 2.2281 4.6676 2.7540 1.9608 1.9588 3.0614 4.2693 2.5837 4.7592 2.9713 5.0273 2.8926 0.0000 4.4213 3.2031 6.1303 2.7435 1.4994 104.6567 107.1331 105.4716 103.3134 104.1197 105.8781 100.9785 105.5863 104.6537 109.0443 106.5581 101.9239 103.5053 104.7158 103.7316 104.0225 103.3907 106.3313 106.1547 105.0301 103.8151 103.5201 104.6989 103.1978 106.0828 107.0066 104.7288 103.6268 105.1066 112.3214 3.3111 5.2746 4.0068 7.6918 7.8023 5.6488 12.1715 10.7779 6.0573 14.0147 15.0284 9.3470 15.6935 10.3815 8.7541 4.1543 7.3112 7.4530 9.1796 6.2342 3.2368 10.5607 6.9135 5.2543 8.9222 7.4519 4.0274 14.2376 4.0932 6.1900 25.1394 35.6514 34.5291 34.5762 28.6572 21.2556 43.7169 38.3918 23.7779 29.0401 41.4200 26.4264 31.3986 30.3169 34.2097 24.9360 23.6116 29.7483 30.0868 36.5115 35.1991 25.3534 27.4873 27.7681 29.2810 30.8688 24.0109 31.0565 22.8534 35.6675 58.0765 62.0015 66.2166 66.8510 59.1216 60.2550 64.5022 62.7027 65.5627 62.0349 60.9635 59.5392 59.9640 58.9440 58.9587 57.7605 67.6108 57.1249 62.2817 61.5617 65.0209 53.4725 61.8860 62.4406 62.4567 60.5435 56.2417 64.0684 60.6379 67.2316
4.8241 5.5723 6.8318 5.2906 3.8809 4.2722 6.3112 7.6123 7.1098 6.7608 4.4767 2.2955 3.7262 8.2842 6.6217 5.0044 5.2583 6.0119 8.0292 5.0393 8.6903 6.4482 8.5621 6.2884 4.4213 0.0000 7.0123 9.8671 6.6858 5.0229 108.8601 111.3299 109.6571 107.5197 108.3242 110.0738 105.1863 109.7795 108.8502 113.2596 110.7682 106.1485 107.6841 108.9520 107.9078 108.2237 107.5522 110.5423 110.3608 109.2266 107.9819 107.6745 108.9011 107.4259 110.2837 111.2165 108.9237 107.8517 109.3254 116.5089 6.5828 7.6766 7.3830 11.3878 11.8792 9.5699 15.8538 14.5954 9.6897 17.8360 18.7428 12.9828 19.6578 14.1111 12.3859 7.7499 9.7159 11.3066 12.7173 8.5068 5.8379 14.2331 9.5382 8.7375 12.6895 10.8869 6.9517 18.0313 8.2158 9.1108 29.3139 39.7581 38.7076 38.6415 32.5067 25.2642 47.4692 42.3419 27.9517 33.2725 45.0317 30.4703 35.3982 34.5148 38.3137 29.0968 27.7648 33.6291 34.2643 40.3185 39.4242 29.3909 31.6146 31.8825 33.3917 35.0361 28.1239 35.2113 26.8355 39.6645 62.1431 66.0896 70.3728 71.0167 63.2238 64.3756 68.6790 66.8390 69.7266 66.1670 65.0400 63.6627 64.1172 63.0408 62.9512 61.8075 71.7107 61.2599 66.4199 65.7888 69.1464 57.6132 66.0325 66.5721 66.6332 64.7107 60.3278 68.2205 64.7760 71.3708
2.9686 3.2367 2.1453 2.6066 3.6033 3.1163 2.1696 4.1448 1.5341 1.9136 3.1762 5.1922 4.2631 3.0275 1.8464 2.7837 2.4895 3.1211 2.4384 2.9596 2.8232 2.7424 3.1935 2.1477 3.2031 7.0123 0.0000 4.5692 2.0656 2.5326 102.3993 104.9685 103.1296 100.9838 101.8064 103.6556 98.6698 103.2618 102.3183 106.7285 104.2414 99.7144 101.1671 102.4175 101.3694 101.6953 101.1010 104.0526 103.8608 102.7297 101.4769 101.1764 102.3339 100.8311 103.8264 104.7205 102.4447 101.3656 102.8380 110.0168 2.4281 4.4486 2.7017 5.2845 5.3218 3.2408 9.8445 8.4198 4.0699 11.5580 12.7072 6.9448 13.2086 8.0809 6.4164 2.8897 5.9009 5.4191 6.9188 5.1207 2.9907 8.1785 5.2879 3.6074 6.5683 5.2853 2.9729 11.7228 2.3278 4.9961 23.0359 33.4152 32.4624 32.4299 26.8693 19.4490 41.6686 36.3534 21.7004 26.8712 39.7635 24.2975 29.0573 28.0367 31.9053 22.9298 21.4866 27.8401 27.9851 34.5190 33.0921 23.2883 25.5347 25.6866 27.2211 28.6812 21.6724 28.9428 20.8500 33.5919 55.9449 59.6530 63.8441 64.5023 56.9243 57.8915 62.3867 60.2827 63.2828 59.6073 58.6695 57.2800 57.8256 56.7626 56.5918 55.4036 65.2127 54.9613 60.0559 59.2321 62.6470 51.2409 59.6673 60.3139 60.0206 58.1800 54.0825 61.8013 58.3698 64.9630
5.7452 5.4171 4.3356 5.8617 6.3310 6.5580 4.8687 3.1176 4.0410 4.4260 6.2070 8.3008 7.1553 2.4732 4.0388 5.7191 5.7596 5.6174 3.7714 5.9353 2.4335 5.9821 4.6278 4.2059 6.1303 9.8671 4.5692 0.0000 4.9531 5.7517 99.9170 102.4556 100.5545 98.4901 99.2951 101.1179 96.1553 100.6622 99.7195 104.2674 101.7759 97.2979 98.6390 99.8824 98.9155 99.2330 98.5812 101.6091 101.4895 100.1750 98.9883 98.4904 99.8787 98.3235 101.3412 102.2827 99.9520 98.9553 100.4039 107.5406 5.0541 6.3206 4.1951 4.4989 4.9430 3.6327 8.3495 6.4315 4.7248 9.9541 10.7542 5.8731 11.1988 6.2026 6.3182 4.9645 7.0205 5.3719 6.8280 6.7916 5.4483 7.7043 6.2523 2.6927 6.1231 6.0398 4.8192 10.1795 3.6410 5.9821 20.3512 31.6769 30.0699 29.4560 23.9740 16.8063 38.4505 34.0314 19.6407 25.0540 37.0446 21.3442 27.3527 25.8948 30.1379 20.8581 19.8043 24.5572 25.3407 31.9468 31.1695 21.7063 23.1596 23.1857 24.5484 26.1519 19.6728 26.1141 18.1802 30.2773 53.6735 57.1933 61.8355 62.1909 54.2544 55.5364 60.1218 58.0896 60.9597 57.6047 56.3536 54.8456 55.3554 54.6524 54.4646 53.5090 63.0151 52.5027 57.6547 56.7528 60.6658 48.9861 57.3872 58.0874 57.9136 56.0594 51.8989 59.3933 56.0715 62.7818
2.4772 3.2453 2.3629 2.4393 3.2895 2.9307 2.7065 4.3997 2.0169 2.2641 3.0827 4.8128 3.7854 3.7626 2.2063 2.6092 2.3690 2.9604 2.6059 3.1518 3.2964 2.1228 3.2477 2.5971 2.7435 6.6858 2.0656 4.9531 0.0000 2.2703 102.4172 104.9394 103.2133 101.0592 101.9026 103.6749 98.7779 103.3463 102.4072 106.8194 104.3301 99.6725 101.2181 102.4817 101.4595 101.7771 101.1277 104.0878 103.8740 102.7874 101.5525 101.2668 102.4057 100.9485 103.8356 104.7407 102.4475 101.4037 102.8383 110.0533 3.2489 4.7162 3.3223 5.9014 5.9154 3.7425 10.0260 8.6046 4.2411 11.8470 12.9133 7.3071 13.4114 8.3881 6.5845 2.7404 6.2456 5.4213 7.0616 5.4339 3.2503 8.4787 5.6895 4.5273 6.7370 5.5540 3.8638 12.0729 2.4259 4.9093 22.9499 33.6197 32.4278 32.6271 26.8899 19.1442 42.1042 36.5466 21.5612 26.7409 39.8363 24.3352 29.4629 28.0192 32.0500 22.8422 21.2771 27.9955 27.9201 34.9325 33.0514 22.9817 25.5104 25.5778 27.3954 28.6989 21.7264 28.9885 20.8664 33.7660 55.7592 59.6213 63.8499 64.4656 56.8314 57.8832 62.2780 60.3216 63.2402 59.6131 58.5660 57.1671 57.6680 56.6091 56.5583 55.3704 65.1869 54.8539 59.9550 59.2633 62.6482 51.1247 59.5459 60.1022 60.0247 58.1587 53.8644 61.7411 58.3715 64.8832
1.7305 2.1788 2.3200 1.6279 1.6057 1.8320 2.1272 4.5218 2.7307 2.4928 1.7213 3.2144 2.0416 4.0479 2.2412 1.6454 1.3879 2.0150 3.3271 1.9867 4.1595 2.0873 4.0188 2.5326 1.4994 5.0229 2.5326 5.7517 2.2703 0.0000 104.0729 106.5809 104.8190 102.6624 103.5360 105.3125 100.3992 104.9626 104.0357 108.4630 105.9597 101.3579 102.8701 104.1148 103.0953 103.4326 102.7578 105.7148 105.5361 104.4089 103.1706 102.8538 104.0667 102.5911 105.5027 106.3983 104.1086 103.0470 104.5096 111.6911 2.8712 4.1114 3.0615 6.8498 7.1961 4.8217 11.1621 9.8857 5.0218 13.0508 14.0733 8.3769 14.8593 9.5367 7.7207 3.1785 6.1183 6.5318 8.1183 5.0994 2.3404 9.5254 5.8048 4.8415 7.9394 6.3933 3.3715 13.2761 3.3951 5.0531 24.6339 35.3160 34.1021 34.2234 28.4154 20.8835 43.5177 38.1756 23.2995 28.4992 41.2495 25.9317 31.0471 29.8616 33.8739 24.5918 23.0367 29.4934 29.6277 36.3270 34.7726 24.6661 27.2650 27.2923 29.0184 30.4294 23.3984 30.6558 22.5234 35.3451 57.4277 61.3138 65.5619 66.2122 58.5347 59.5974 63.9610 61.9823 64.9064 61.3592 60.2996 58.8867 59.4301 58.3764 58.1696 57.0478 66.8873 56.5721 61.6874 60.9772 64.3062 52.9488 61.2988 61.8809 61.8300 59.8614 55.6132 63.4739 60.1734 66.5804
104.2813 104.0346 102.5121 104.0793 105.1874 104.9351 103.1895 102.4193 102.1360 102.3502 104.7121 106.9309 105.6010 101.2659 102.5356 104.0667 103.9138 103.4840 101.2649 104.5862 100.7451 102.9929 101.0608 103.0926 104.6567 108.8601 102.3993 99.9170 102.4172 104.0729 0.0000 7.7343 9.7668 8.6300 10.0310 6.9901 11.6855 9.0682 8.4209 11.2794 7.6698 8.3982 9.7377 8.6178 8.4040 9.2160 8.7651 6.5178 7.5717 5.6019 9.3411 11.8238 8.6591 10.2259 6.8653 7.2765 6.9722 5.7926 7.0935 11.1945 103.0581 103.0604 102.1841 98.4108 97.5082 99.7418 94.5004 95.1557 99.9756 92.5332 91.7904 97.0962 90.2740 95.7352 97.7604 101.6747 101.8239 98.3639 97.6938 102.7319 103.9194 96.1272 101.5575 101.2516 97.1527 99.3597 102.9241 92.4837 100.9187 101.4425 80.5467 72.4792 71.1435 72.8982 79.5126 85.4181 72.0423 71.5943 81.6235 76.5221 72.2568 80.4769 77.6706 75.5137 74.2069 81.0963 81.8549 79.6354 75.6581 76.3943 70.7173 80.9092 79.5070 78.1419 78.2035 74.8078 81.4361 75.7244 83.5640 73.5520 51.4602 46.2911 43.6011 41.0293 50.6134 48.5976 44.7410 46.4757 42.5487 47.5318 47.1585 49.0592 48.0392 49.9697 50.9324 52.0594 40.7818 51.2403 46.7207 44.9697 44.9493 55.0733 45.9179 44.8228 46.6919 47.8320 51.1285 42.8518 49.7191 40.5129
106.7704 106.6014 105.0690 106.6223 107.6782 107.4562 105.7526 104.9185 104.6748 104.8836 107.2349 109.4014 108.0852 103.8208 105.0472 106.5713 106.4395 106.0119 103.8277 107.1502 103.2861 105.5038 103.6276 105.6563 107.1331 111.3299 104.9685 102.4556 104.9394 106.5809 7.7343 0.0000 12.6383 12.5688 13.9530 8.0312 15.4620 11.1326 12.4708 13.4451 11.9320 9.2827 15.0761 11.8182 13.9768 13.5238 12.3172 10.2709 10.0767 9.6207 12.7490 16.0391 12.8608 14.9609 8.4878 10.3126 10.3614 8.9585 10.7283 12.5648 105.6064 105.6848 104.7541 101.0627 100.0983 102.3193 97.2213 97.8356 102.5876 95.2567 94.5155 99.8035 93.0314 98.4223 100.4256 104.2348 104.5087 100.9100 100.3544 105.3934 106.5027 98.8168 104.2562 103.8433 99.8060 101.9966 105.5070 95.2157 103.4354 104.0321 83.0882 75.0061 73.6456 75.4412 81.9651 87.8686 74.5910 74.0288 84.1028 79.0961 74.5187 83.1664 80.3101 78.1449 76.7526 83.4291 84.3525 82.1393 78.2300 79.0604 73.0368 83.4497 81.8662 80.7213 80.8068 77.5129 84.0832 78.2078 86.1257 76.1463 54.0672 49.6195 46.6374 44.1102 53.4847 51.7639 46.6049 49.6222 45.4995 50.8739 50.5450 52.0310 50.5108 52.4177 54.3072 55.3604 44.2812 54.0039 49.4293 47.8925 48.3945 57.7967 48.6724 47.3681 50.0008 50.9547 53.8091 45.8632 52.4266 43.2577
105.0666 104.6667 103.1917 104.7657 105.9318 105.7190 103.8411 103.1564 102.8827 103.1168 105.4671 107.7502 106.3385 101.9103 103.2707 104.8037 104.6568 104.1354 101.9155 105.2357 101.4259 103.7409 101.6669 103.7974 105.4716 109.6571 103.1296 100.5545 103.2133 104.8190 9.7668 12.6383 0.0000 6.5254 11.1386 10.7469 12.1551 5.8032 6.6333 12.6612 9.1781 13.1820 8.7472 7.7241 8.0906 10.4912 7.8603 8.5122 9.8536 6.3170 6.4476 6.6852 6.6152 9.3630 10.1520 9.0209 7.1348 10.8394 10.8768 10.4841 103.7644 103.5530 102.8249 98.9729 98.2555 100.3992 94.8756 95.6390 100.5622 92.8949 92.1003 97.5539 90.6876 96.2551 98.2756 102.3719 102.1964 98.9518 98.1636 103.1725 104.5348 96.5845 101.9880 101.8899 97.6879 99.8922 103.5705 92.8166 101.6352 101.9369 81.3941 74.0700 72.4119 73.9628 80.7162 86.3541 72.9094 73.1935 82.6751 77.6654 73.9312 81.1154 78.8085 76.6331 75.6085 82.3332 82.8401 80.5734 76.5907 77.4858 72.1994 81.7130 80.9293 79.0751 79.3494 75.8344 82.1623 76.7265 84.5813 74.3156 52.0263 46.0716 44.1997 41.4756 50.9608 48.6966 46.0083 46.1628 42.7320 47.7635 47.4852 49.2992 49.1913 50.9892 50.4162 52.3825 40.6890 52.0150 47.2944 45.7166 45.0701 56.2015 46.8342 46.3188 47.3741 48.0377 52.1200 43.6505 51.0098 40.9755
