0.0000 13.8564 19.6469 14.0000 13.0384 12.0000 11.8322 12.8452 13.0384 12.0830 11.1355 14.6287 10.4881 12.8841 12.9615 12.8841 10.6771 14.2127 13.5647 12.7279 12.2882 9.2736 14.2829 8.3666 10.9545 16.9115 10.7703 10.5830 11.5758 13.1909 33.2566 30.7409 28.0535 30.6594 28.3196 30.3315 30.5287 30.6757 29.9500 31.8277 30.9839 32.8634 33.5559 29.0000 32.3883 29.2404 29.2062 30.4467 29.5296 30.6268 28.4253 32.9242 28.2843 28.5307 30.9677 32.9848 28.7402 32.5883 35.0714 28.8617 12.8062 12.9615 16.3707 13.0384 11.2250 14.4914 14.6287 15.1658 13.5647 14.7648 16.0000 15.1327 18.1934 17.0294 13.9284 14.8324 14.7648 17.0294 17.4356 16.5529 8.1240 14.5602 13.0384 12.0830 17.8885 13.3417 16.0000 12.3288 12.6491 17.8326 16.3401 17.3781 19.9249 20.5183 19.4936 15.0000 13.5277 19.3132 16.1245 19.2873 18.9209 15.0000 18.0000 18.0831 17.1172 21.7025 16.7929 15.6205 20.2978 17.8045 18.4120 16.3095 15.9374 20.9045 20.8327 19.3649 18.0000 17.6352 16.9706 16.9706 28.5132 30.6920 27.9464 27.9821 29.9666 27.7128 30.6920 29.2233 30.7409 28.0357 31.4484 33.6898 30.4795 30.6920 29.0861 29.6985 26.3818 28.4429 29.1376 32.1714 28.5832 28.5132 30.5614 27.2213 29.7658 29.8664 28.4429 31.4960 33.1964 29.9666
13.8564 0.0000 18.1659 11.0454 12.3288 16.4924 17.8326 11.4455 14.3527 17.8885 13.7840 8.6023 7.3485 11.5758 16.1245 20.5913 11.0454 16.6733 14.1421 9.5917 13.2288 10.0995 10.4881 11.6619 13.1149 15.0997 15.3623 11.4891 15.2971 10.0995 35.1283 33.5112 30.9677 32.4654 32.2180 30.9192 33.3766 34.0147 32.6037 34.1906 31.9374 33.2566 34.6121 32.1714 33.4515 31.4484 31.0322 31.4802 30.7246 33.0757 31.3050 33.9706 31.2730 29.0861 33.8674 34.2053 30.3974 32.8938 35.8329 31.8277 17.2047 17.8326 18.9737 12.7279 16.0624 18.4932 15.2315 17.8326 11.5758 17.4356 20.2978 16.5227 22.0681 15.6205 14.7648 18.8149 17.2627 14.4914 20.1494 18.3848 15.0997 15.3623 14.2127 14.4222 16.9115 14.2829 15.4272 16.5529 16.6132 14.6969 21.9317 22.6274 22.1133 23.9792 20.3961 20.1246 20.1742 23.7697 18.7083 24.8998 22.2261 21.7025 21.7256 21.8861 22.2036 26.4764 20.1494 19.8997 22.1811 19.4679 21.9773 23.6220 18.8680 22.9129 21.6795 24.2693 20.5426 23.6008 21.6333 21.9089 30.0500 32.8938 30.1496 30.1496 30.3645 28.9137 31.8119 31.0805 33.3317 30.1993 33.1512 34.6554 33.4215 32.9848 32.4654 30.7246 28.9482 31.3528 31.2570 32.6650 31.5753 31.4484 32.7414 29.9166 32.1248 31.8119 30.3809 33.5559 34.1760 31.9061
19.6469 18.1659 0.0000 14.1421 12.7279 13.1149 14.6969 15.7162 19.6469 19.1311 19.3391 16.6733 17.0294 17.0294 14.4222 24.8998 16.7332 15.8114 21.8174 16.9706 15.9687 14.0712 13.6382 18.6548 15.4272 18.9737 19.3907 14.6287 19.3907 17.8326 37.1753 34.3948 32.4191 34.5254 32.7414 31.4960 34.9857 35.1994 34.8855 35.2278 33.6749 32.7414 36.2215 33.5708 36.1248 33.4215 32.5423 34.3074 33.8231 34.0588 32.5576 36.6060 33.1964 31.2730 34.3366 34.9857 33.1964 36.6606 38.0789 33.0303 18.0000 18.9209 19.1833 17.0294 16.6132 22.3159 19.9499 14.7648 15.1658 16.4924 17.6635 15.6525 23.3024 17.2047 19.2873 19.0788 18.0000 11.0454 18.1108 18.0000 19.2354 19.8494 15.0333 16.9706 20.3470 16.1864 20.1990 17.3205 13.0384 15.9374 21.2838 19.8494 19.5192 22.6495 18.6548 21.7945 22.3383 20.4206 22.4499 25.0998 20.6398 20.2237 19.3391 23.8956 27.8388 22.0681 20.1990 23.1084 24.8193 18.7883 22.8254 25.5734 21.8174 24.2693 23.1948 23.4734 22.4054 22.1133 23.8328 21.6333 33.7787 34.3802 31.9531 32.4191 34.4964 31.7805 32.4962 31.4960 34.3948 29.7993 33.4813 36.8375 33.3317 34.7275 34.3220 32.5576 30.6594 32.0156 34.0735 34.4529 32.6650 33.8378 34.0294 31.2890 36.1663 34.4674 33.9264 36.1109 36.3318 33.2566
14.0000 11.0454 14.1421 0.0000 12.4097 14.3527 14.4914 12.1244 14.4222 14.5602 12.4900 10.7703 12.4900 11.3137 12.0000 19.1311 10.3923 12.6491 15.1658 12.4900 11.4455 8.6023 10.1980 13.2665 10.0000 14.2127 15.6844 12.0000 15.2315 9.3808 33.3167 32.0780 29.3087 31.3688 30.5614 29.9666 31.6228 32.0780 31.1609 31.8591 30.2655 30.4959 32.5576 31.1288 32.2645 30.0167 29.4449 30.0832 29.2233 31.7175 28.4956 32.3110 29.6985 27.8927 31.4484 32.1559 29.0517 31.3688 34.5543 30.1164 17.7200 17.4356 17.9444 14.3527 16.1864 18.0000 16.7929 13.4907 12.4900 14.5602 17.2627 15.1987 20.9045 14.0712 16.3095 19.1833 16.1864 12.0000 15.6205 17.3781 12.5698 16.4924 10.3923 15.2971 17.3205 12.1655 16.3707 14.0712 11.9164 11.6619 20.4695 19.3907 19.4679 22.8254 18.5472 18.4662 18.0831 22.1585 17.3205 23.8747 21.0713 18.8944 19.7990 21.7025 21.3307 24.3926 18.1659 19.2873 20.5426 17.9165 21.0476 23.3238 18.1108 22.2935 20.2485 22.7816 18.3303 21.3776 21.3542 20.3470 29.9166 31.6228 28.0535 28.2312 29.8998 27.9643 30.4302 28.4253 30.7734 27.6767 31.9218 32.7872 32.0468 30.9192 31.7175 29.0517 26.0768 30.0167 30.4795 31.0322 30.0500 29.5466 32.0624 28.4077 31.7490 29.4958 30.0167 32.6803 34.0881 30.7246
13.0384 12.3288 12.7279 12.4097 0.0000 10.8628 14.6969 8.4261 16.3095 15.9374 13.4907 11.4891 10.2956 12.8062 12.7279 20.0998 9.7980 12.0000 17.5499 10.8628 9.8489 10.0000 8.9443 11.8322 11.8322 13.6382 14.0712 9.2736 14.7648 13.4907 34.8999 31.7333 29.6142 31.6228 32.2180 30.4631 33.1059 31.7648 32.8177 33.5708 31.6228 32.4345 34.9857 31.0322 33.5112 30.9677 31.6702 31.7017 30.9516 30.9192 29.9333 34.8999 31.1127 29.1890 32.8786 34.0588 30.2324 34.4964 36.0278 29.9166 14.2127 13.7840 16.3095 13.5647 11.8322 16.0624 15.2971 12.2474 11.4018 13.9284 16.5529 13.7477 17.4069 16.6132 13.9284 14.8324 13.5647 11.5758 15.1658 15.4919 12.5698 13.9284 13.5647 10.6771 16.7332 13.6382 14.5602 13.2665 11.1355 13.6382 19.3649 19.2354 19.2614 21.5639 19.9499 19.9249 19.5192 19.6723 18.1659 21.7715 21.0713 18.4662 17.8885 20.7605 24.0624 22.8254 17.6635 18.4932 23.6220 17.2337 20.6640 21.8632 16.9115 21.1424 19.3391 21.7945 19.1833 19.5192 19.1311 20.6398 31.1929 32.3728 29.4449 29.6479 31.7805 29.0517 30.5941 29.0861 33.4813 28.8791 31.2890 33.8083 32.7872 31.8119 31.8748 31.4643 28.5657 30.4467 30.4795 33.2114 30.5778 30.0832 32.3419 29.4788 32.2180 31.2090 30.0832 32.1870 33.7343 31.5278
12.0000 16.4924 13.1149 14.3527 10.8628 0.0000 7.8740 13.0767 17.3205 11.7473 12.6491 16.0624 14.2127 13.2665 9.7980 17.0880 12.9615 15.0997 17.9444 14.6969 14.3178 10.1980 12.7279 13.4907 9.2736 16.0000 11.0454 11.0454 15.4272 15.2971 32.4037 29.5127 27.6948 30.3974 28.1780 29.2916 30.7571 30.7083 29.8161 30.2820 29.4279 30.0666 32.4037 28.6182 31.7017 28.8617 28.8271 29.9500 29.7993 29.6985 28.2843 32.7109 28.1780 27.7128 29.4109 31.8434 29.1204 32.8329 34.5543 28.0179 12.8841 13.1149 11.5758 14.1421 9.5917 15.0997 16.0000 13.8564 12.5698 13.3417 12.3288 12.1244 17.8606 15.0997 13.0384 16.2481 12.6491 14.8997 14.4222 13.4907 12.3288 16.8523 11.7473 9.6954 17.3205 11.9164 14.4914 12.6491 7.7460 16.3095 17.5784 15.8114 17.0587 19.0000 16.2481 17.9722 15.5242 16.4012 18.0000 19.4936 16.1864 14.9332 15.3623 19.9750 21.1896 18.5203 15.7480 16.9706 19.5959 15.7797 17.5784 17.9444 17.2627 19.3649 18.6548 17.2337 17.0294 17.4069 17.4356 16.3707 29.3428 30.5941 27.2213 28.2312 30.0666 27.7849 29.5296 28.0357 29.4788 25.8457 29.8831 32.8481 29.6816 30.3315 28.8444 29.5296 25.8844 27.3679 29.6479 30.6105 28.6880 28.4429 29.5296 26.8514 30.6920 29.5973 28.0179 31.6228 33.1361 29.3939
11.8322 17.8326 14.6969 14.4914 14.6969 7.8740 0.0000 16.1555 16.6733 10.6771 14.1421 16.9706 16.3095 15.4919 10.2956 16.4317 14.5602 14.6287 16.9115 16.8523 16.9411 11.2250 14.4222 14.6969 10.2956 19.1833 11.9164 13.1149 16.2481 15.6205 33.6155 31.4802 28.5132 31.5595 28.3196 30.7896 30.8221 31.8277 31.3528 31.2250 31.3050 31.4006 33.4066 30.1828 32.8786 29.9500 29.4109 31.1288 30.8221 31.5911 28.5657 33.5559 29.2575 28.6007 30.2159 32.4037 29.4958 33.6452 35.4401 29.5804 16.0000 15.0997 15.6844 15.2971 12.6491 16.3707 18.0000 15.8745 16.6733 15.6844 14.6969 14.8661 22.1133 16.9115 16.1245 17.1464 14.8997 16.7332 16.7929 16.2481 13.2665 19.0263 12.7279 14.5602 19.6977 13.4907 18.6548 14.1421 10.3923 19.2873 18.4120 17.8885 19.7231 20.9523 18.9737 19.6214 16.2173 18.8944 19.7990 22.4054 19.1833 16.0312 18.2209 22.6495 21.2838 21.0950 18.3303 19.7990 21.7256 19.3132 19.8746 19.2354 20.2978 23.0868 21.9089 20.0749 20.7846 20.1246 20.7364 18.3303 29.5466 31.2090 27.8747 28.6182 30.9192 27.9285 30.6268 29.3598 29.9833 27.4226 30.6431 33.6898 30.2159 31.3369 29.4958 29.4958 26.7955 28.4781 30.2820 31.6386 29.2746 29.2746 30.9516 27.2580 31.1448 30.8869 29.6816 32.0936 33.8526 29.8664
12.8452 11.4455 15.7162 12.1244 8.4261 13.0767 16.1555 0.0000 16.2173 18.0831 13.8924 10.2470 8.3066 8.4261 15.7797 21.0476 8.7750 12.8452 14.7309 7.1414 10.4881 9.9499 10.7238 13.3041 12.4499 8.0623 12.5300 10.3441 15.3297 11.7898 34.7707 32.4037 29.6648 32.1092 31.7017 30.2159 32.9090 31.9687 32.7109 33.6452 31.8904 32.1092 34.9428 31.5278 32.9848 31.1448 30.6594 31.0483 31.0000 31.6070 29.6479 34.5398 30.4467 29.5466 33.5261 33.5112 30.1164 33.6898 35.8748 30.3315 15.0665 16.7631 16.4621 11.5326 14.0357 15.9687 15.9060 15.1987 9.4340 17.0587 18.1384 17.2047 20.0499 17.4069 15.7797 16.0935 12.1244 14.0357 16.1555 17.8045 14.3875 15.1327 13.6748 12.7671 15.5885 14.1774 14.5945 14.5945 13.0000 14.1067 20.3470 18.7350 20.9284 21.5407 18.3030 18.6011 17.1464 22.1359 16.4012 22.5167 20.7123 18.9209 20.0749 20.9762 20.5913 23.6220 17.0000 16.4621 22.3383 17.8885 20.8327 21.0950 17.4642 20.7364 18.4120 23.2809 19.8746 20.2485 19.3649 20.0749 29.9333 32.1403 29.2916 30.4631 31.0644 29.6142 31.0322 29.7489 32.6497 29.6479 31.2090 34.0294 32.4962 32.1092 31.8591 30.9031 28.5832 30.2655 30.6920 33.1059 30.5614 30.3645 31.4802 29.8664 32.9090 30.8707 29.8998 31.8591 33.6006 31.5436
13.0384 14.3527 19.6469 14.4222 16.3095 17.3205 16.6733 16.2173 0.0000 13.2665 13.7840 16.3707 13.1909 12.9615 13.7113 15.9374 11.1355 18.1659 11.2250 12.4900 17.1756 11.4018 16.3095 9.3808 12.6491 19.7484 14.5602 14.0712 9.8995 12.0000 37.0405 33.7787 31.0322 34.0000 32.4345 31.6228 33.6155 33.8674 33.5410 35.2562 33.6749 35.1283 36.7423 32.1092 35.1426 32.1714 31.2570 33.8969 32.5883 33.3167 31.8119 36.3593 30.8221 31.3688 34.7707 35.8608 31.2410 35.4119 38.4448 33.0303 16.2481 17.7764 19.0263 15.2971 17.7200 18.6548 16.2481 15.5563 17.5499 16.3707 17.6635 19.9750 24.0208 16.0624 18.9209 20.0998 17.2627 17.8326 20.5913 19.4936 13.7840 17.0880 14.2127 17.7200 19.3907 17.8885 20.4450 17.3781 14.5602 17.1464 19.1572 18.5472 22.6053 24.1868 20.9762 18.0831 17.4642 22.5167 19.0788 25.8070 22.2711 21.0950 21.7715 23.1301 20.4206 23.4307 18.8680 19.4422 22.1359 20.7123 22.8254 19.0263 17.8885 25.6710 21.6333 24.0208 20.9762 22.2036 21.6333 21.2132 32.2645 33.8821 31.1288 29.8161 33.6452 30.4959 32.3110 32.6190 35.3412 31.1127 34.7994 37.0000 32.9090 33.4066 32.7109 32.3419 29.3598 31.5436 31.6070 35.7631 31.6702 32.8481 32.2800 29.8161 33.6452 34.5543 31.4484 34.3802 35.8329 31.3050
12.0830 17.8885 19.1311 14.5602 15.9374 11.7473 10.6771 18.0831 13.2665 0.0000 12.5698 18.9209 16.9706 15.8745 8.4853 12.0830 13.7840 17.4929 16.1864 18.0000 17.9722 11.4018 15.2971 12.3288 9.6954 20.4939 13.1909 14.2127 14.6969 14.4914 34.2345 31.2570 28.6182 31.5278 29.5635 32.0000 31.9687 32.4808 31.3528 31.8904 31.6860 32.4345 33.9116 30.1164 33.6006 30.5450 29.7153 32.1714 30.4302 31.4325 29.2916 34.6699 29.4618 29.1204 30.5123 33.5559 29.3939 33.6749 35.9722 29.8831 17.4929 15.8114 15.6844 17.3781 15.8114 16.8523 18.6548 15.5563 18.3303 14.8997 15.2315 16.5831 22.0227 16.3095 17.4356 20.8806 17.1464 19.0263 17.5499 18.2209 11.0454 19.4936 13.9284 15.7480 21.7715 15.0333 19.5448 15.6844 10.2956 18.1659 19.9750 18.8680 21.0000 23.3880 21.5407 20.0250 17.6352 20.2731 19.3907 23.2379 20.4450 18.5742 19.0788 23.7276 21.0476 22.4722 19.1833 20.5426 21.6795 21.1424 21.8403 19.2354 19.4936 24.8395 21.5407 20.3715 19.8494 20.9045 20.8806 20.6398 31.5119 31.8748 27.5136 27.5862 31.5278 27.7849 31.2730 29.7658 31.7333 27.8568 32.1092 33.8378 31.4166 31.1769 30.3974 30.6920 26.5707 29.3428 29.8831 32.7261 30.4138 29.3087 32.0312 27.2947 30.5614 31.0805 29.0000 32.6190 34.3220 29.4618
11.1355 13.7840 19.3391 12.4900 13.4907 12.6491 14.1421 13.8924 13.7840 12.5698 0.0000 13.1149 13.3417 12.4097 10.8628 15.7480 9.2736 15.6205 13.8564 12.4900 13.1529 10.7703 13.9284 11.1355 9.8995 16.3095 11.1355 11.1355 10.4881 13.0384 30.3974 27.9821 25.5930 27.6767 28.3196 27.4226 28.4956 28.4077 27.8029 28.3019 26.6458 29.6985 30.7246 27.1477 29.1376 26.5895 26.9629 27.8388 26.5707 26.9444 25.2587 29.8664 26.0384 25.7294 28.4781 30.8221 25.6905 29.8664 32.4654 26.0960 12.8841 12.4900 13.4907 15.3623 12.6491 10.7703 10.9545 12.6491 14.1421 11.4018 15.2971 15.0000 16.8819 13.2665 12.3288 16.6132 13.1909 15.9374 12.1655 13.1149 8.0000 11.4891 12.6491 10.0995 15.5563 12.5698 11.5758 11.6619 10.1980 14.0712 18.6279 17.4356 18.0278 20.7123 19.2354 17.9722 14.5258 18.1384 15.7480 21.4009 19.7484 17.2337 18.1108 18.9473 18.0831 21.6564 15.8745 15.0997 17.3781 16.0935 17.5784 17.2047 13.1909 18.9473 16.1864 18.3576 14.4914 18.5742 15.3623 17.7200 27.4773 28.7750 25.5930 24.6374 27.8568 25.2190 27.9285 26.2679 28.7576 25.0599 29.7153 29.8496 29.0000 27.2397 27.0924 27.2764 23.6220 26.4386 27.4408 28.1247 27.0740 26.1343 27.4591 25.2784 28.2843 27.6405 25.2389 29.3598 32.1559 28.2843
14.6287 8.6023 16.6733 10.7703 11.4891 16.0624 16.9706 10.2470 16.3707 18.9209 13.1149 0.0000 9.1652 11.6619 16.3095 21.6795 9.4868 12.4900 15.0333 9.7980 12.2882 11.4018 11.3137 12.9615 14.1421 14.7648 15.9374 10.9545 15.3623 11.6619 34.6699 33.5708 30.1496 31.6228 31.7805 30.5941 32.0000 32.8481 32.5115 33.2716 31.5595 32.6190 34.7563 31.9218 33.0303 31.0000 30.5123 30.8383 29.8329 32.4345 29.8329 33.5261 31.2410 28.9482 33.2716 33.1361 29.6648 32.9848 35.1852 31.1288 17.0880 15.4272 20.7846 14.8997 16.0624 15.7480 14.3527 16.8523 12.7279 16.4317 20.8806 17.4642 22.2935 15.1658 15.3623 16.4317 14.4222 14.6287 18.0555 16.7332 14.6287 12.8841 13.7840 14.4222 16.1245 13.0384 13.8564 15.4919 15.8114 13.7840 22.4277 22.6274 23.0434 24.5153 21.4942 21.1896 20.3224 24.0624 18.4932 25.5734 24.2074 21.3776 21.8174 21.8403 22.2935 26.8887 19.4936 19.8494 22.5389 19.1572 21.7945 24.4949 18.2209 22.5610 21.0238 25.0000 20.5426 23.0434 20.1990 21.5870 30.1164 32.3419 30.1164 29.6816 30.1662 28.5657 31.2730 29.5635 32.2645 29.7993 32.5115 33.5410 33.0000 31.7805 31.9687 30.1330 28.2843 30.7734 30.7409 31.7648 30.9677 30.7734 32.2800 29.3428 32.3110 31.1769 30.2490 33.1964 33.9706 31.9374
10.4881 7.3485 17.0294 12.4900 10.2956 14.2127 16.3095 8.3066 13.1909 16.9706 13.3417 9.1652 0.0000 10.0995 15.1658 18.5472 9.2736 15.4919 14.0000 7.0711 11.4455 8.8318 10.6771 9.4868 12.8841 14.2829 12.5698 9.6954 12.9615 10.5830 35.1852 32.6343 30.3150 32.0312 30.5941 30.4302 32.5576 33.1813 31.7333 34.1028 32.2800 33.6749 34.9857 30.9677 33.6898 31.1929 30.2159 31.7333 30.7896 32.5269 31.1127 34.5543 30.4631 29.3598 33.5112 34.0881 30.2655 33.6452 35.9722 31.1288 13.8564 14.5602 17.5499 11.2250 13.6382 17.3205 13.5647 16.4317 9.3808 15.9374 18.9209 15.1987 20.1246 15.4272 14.3527 15.3623 14.9666 14.2829 19.0788 16.6132 13.2665 13.0384 12.8841 12.0830 17.1464 13.3417 14.4914 14.8997 14.7648 13.8564 19.6723 19.6977 21.1424 21.7945 18.9209 17.0000 18.1384 21.3776 17.7764 22.1811 19.9499 19.3649 19.5448 19.4165 20.1246 24.0208 18.1659 17.9444 21.3542 17.7482 20.5183 20.5913 16.8523 21.7945 20.5426 21.9773 19.1311 20.1246 18.9209 19.5448 30.0832 32.3110 30.1828 30.2490 30.9516 29.3598 31.9061 30.6268 33.1512 29.8998 32.9090 35.1426 31.8904 32.8938 31.2090 30.7896 28.7402 30.2820 30.8383 33.1512 30.6105 31.5436 31.7490 29.4788 32.0000 31.9374 30.1496 33.3467 33.5857 31.5595
12.8841 11.5758 17.0294 11.3137 12.8062 13.2665 15.4919 8.4261 12.9615 15.8745 12.4097 11.6619 10.0995 0.0000 14.2829 18.1659 8.2462 14.4914 10.0995 7.3485 14.1774 9.4868 13.5647 11.9164 9.3808 9.4868 11.9164 11.4891 12.8841 11.3137 35.1852 33.1813 30.2490 33.0454 31.4325 30.9192 33.4664 33.1813 32.6956 33.8378 31.9374 32.3419 35.4119 31.6070 33.5410 31.5436 30.2820 31.5753 30.5614 32.3419 30.3974 34.9285 29.7993 30.4959 33.2716 33.9706 30.6920 33.9706 36.6879 31.0644 14.2127 17.4929 15.1658 12.0830 14.4914 14.9666 15.4919 16.1864 11.1355 16.8523 16.0624 18.6279 21.6564 15.5563 16.3095 19.3907 10.9545 16.9115 17.5499 17.1464 13.4907 16.0000 11.4891 14.0712 14.6969 14.8997 15.4272 14.9666 11.7473 14.2127 19.5192 17.4356 20.8567 21.6102 16.3707 17.1756 14.6629 22.6936 14.8997 22.5832 19.2873 18.4662 20.0499 20.6640 17.4069 21.2368 16.3095 14.6969 19.2354 17.0587 19.2094 19.2873 17.1464 19.8746 17.4929 22.9565 18.3303 19.9750 18.4391 17.9444 30.4467 32.8329 29.3428 30.5450 31.3688 29.9333 31.4960 31.0805 32.5730 29.8329 32.6037 35.2278 32.2955 32.4037 32.0312 31.4006 27.7489 30.2490 30.8383 33.2114 31.5753 30.9031 31.5595 29.5127 33.5857 31.6544 30.1496 33.5559 35.0999 31.2730
12.9615 16.1245 14.4222 12.0000 12.7279 9.7980 10.2956 15.7797 13.7113 8.4853 10.8628 16.3095 15.1658 14.2829 0.0000 15.2971 12.1655 15.6844 16.8523 15.2971 15.4596 10.0000 12.6491 12.2474 8.0000 18.6011 12.4097 13.2665 13.8564 13.1149 33.7639 30.2820 28.6880 30.6594 29.6311 30.0333 31.3688 31.7333 30.5123 31.2570 30.1993 31.5911 33.1059 29.8161 32.9697 29.7825 29.8831 31.3528 30.3315 30.9192 28.8444 33.4066 29.5635 28.3549 30.6431 33.2866 28.9482 33.3167 35.7771 29.0345 15.0333 13.7113 14.1421 16.4924 12.8841 16.5529 15.8745 12.4900 16.3095 12.5698 14.7648 13.2288 18.8944 14.2127 15.1658 18.2757 15.6844 14.8324 14.4222 14.8324 10.1980 16.3095 10.9545 12.7279 19.4936 14.1421 16.7929 13.5647 7.4833 14.5602 19.2614 17.4929 18.3576 22.0227 19.2873 19.4679 18.2483 18.4662 19.4936 22.4944 19.4936 17.5784 17.0294 22.2036 21.7486 21.0000 17.7764 19.5448 21.2603 18.2483 20.7123 20.1494 17.2627 23.1733 19.5448 18.9473 17.7200 19.4165 19.7484 20.1990 30.9031 31.6228 27.8388 27.6586 31.4960 28.1069 30.5614 28.7402 31.6386 26.8701 31.9218 33.5708 30.3480 30.6594 29.8998 30.0666 25.9230 28.7576 30.0832 31.4166 29.4449 29.3087 30.6920 27.5136 31.3050 30.9192 29.3769 32.8634 34.0588 30.2655
12.8841 20.5913 24.8998 19.1311 20.0998 17.0880 16.4317 21.0476 15.9374 12.0830 15.7480 21.6795 18.5472 18.1659 15.2971 0.0000 17.4356 20.0499 16.4924 19.4422 20.3715 16.9115 20.1990 13.0384 13.4907 24.2074 15.2971 18.1108 14.2829 17.8326 36.5787 33.9559 31.7333 35.8887 32.2800 35.5246 35.0428 34.7707 33.8674 35.3129 34.7851 37.0675 38.2361 32.6956 36.6197 33.2716 33.3017 35.0286 32.2800 34.5254 33.1361 36.8511 31.4643 33.5857 33.2415 37.7359 33.5261 36.9865 39.2173 33.3916 18.8680 18.1108 19.0263 21.9089 19.4422 20.0000 19.2873 20.1990 20.6882 17.4356 19.7990 18.8944 22.1133 20.6882 20.9762 23.7908 20.0998 24.3311 23.4094 17.5499 13.4907 21.5870 15.1658 18.2209 24.9399 20.0499 22.7156 16.9706 16.4924 20.9284 18.4662 22.3159 23.9374 25.2389 25.0998 19.4679 17.9722 23.3880 20.1990 22.6716 22.7596 19.9750 23.0217 24.0208 21.1424 21.7486 23.5372 20.9284 22.8473 22.1133 21.8861 19.2354 20.3470 24.8797 24.8193 23.0000 19.5959 20.1742 22.8035 22.0000 33.2716 35.0999 31.3847 31.6386 34.3802 31.8434 34.0588 33.1662 34.5109 32.5269 36.4280 37.7492 34.6266 33.7639 32.0624 34.5832 29.5973 32.5730 32.1714 36.6470 33.5708 32.2025 35.2704 30.8058 31.1448 33.9706 31.2890 35.3553 38.0263 33.3467
10.6771 11.0454 16.7332 10.3923 9.7980 12.9615 14.5602 8.7750 11.1355 13.7840 9.2736 9.4868 9.2736 8.2462 12.1655 17.4356 0.0000 12.4097 11.6619 7.8740 11.6190 8.4853 12.4900 9.4868 10.0995 12.6491 12.5698 10.3923 9.4868 11.1355 33.9411 31.5119 28.5132 30.5941 31.1448 29.5635 31.3369 30.8058 31.5753 32.2025 30.4302 31.7175 34.2637 30.2490 32.0468 29.9833 29.3769 30.4795 29.4279 30.2655 28.1425 33.5559 29.3258 28.5657 32.3574 32.8938 28.3549 32.7109 35.4965 29.5804 13.4164 13.8564 16.7929 13.0384 12.8062 13.7113 13.3417 12.8062 13.1149 13.7113 15.4919 17.4069 19.9249 13.7113 14.7648 15.1658 12.3288 15.1658 15.8745 15.4272 9.5917 11.8322 12.1655 12.1655 15.0997 13.4164 14.1421 13.6382 10.6771 14.0000 20.1742 17.7764 20.8087 22.9129 19.2354 18.4662 16.2173 21.3776 15.8114 23.7487 21.6795 18.8414 19.6469 20.1742 19.1572 23.4307 16.1864 15.9374 20.0998 17.7482 20.1246 19.1833 15.4919 21.6102 16.5529 22.8254 18.3303 20.5183 17.7764 19.1311 30.2820 31.3050 28.3725 27.9106 30.0666 27.8209 29.8998 28.9482 31.9531 28.3549 31.5119 32.9697 31.7648 30.1330 30.8221 29.7658 26.9444 29.3769 29.0000 31.7017 29.4788 28.9310 30.1993 28.2312 31.6228 30.2985 28.7228 31.4325 33.7343 30.0000
14.2127 16.6733 15.8114 12.6491 12.0000 15.0997 14.6287 12.8452 18.1659 17.4929 15.6205 12.4900 15.4919 14.4914 15.6844 20.0499 12.4097 0.0000 15.8745 15.0997 13.3041 13.1909 14.0712 14.9666 13.2665 15.2971 17.4356 12.3288 16.9115 15.7480 37.9737 36.1801 32.5115 35.3270 34.6699 34.6410 35.5246 34.5688 36.0416 36.1525 35.0143 35.5246 38.2361 35.4260 36.8917 34.1906 34.5977 34.5109 33.3167 34.7563 31.4325 36.9865 34.4384 33.2566 35.6230 36.7967 33.2566 37.2022 39.2173 33.6006 19.2873 18.2757 22.1811 18.2757 16.9115 16.1864 19.4936 16.2481 16.7929 18.1659 20.9284 19.7231 22.9565 20.7846 19.8997 18.4932 15.1658 16.3707 17.5499 19.4936 13.8564 17.6068 16.0624 17.3205 19.0263 17.0294 19.9499 16.0000 13.7840 18.2209 20.5183 22.7156 23.8118 24.7588 23.6643 22.0681 19.0000 24.5561 17.1464 24.2899 25.3377 18.4662 22.4499 23.7697 23.3024 24.6374 20.3470 19.5448 26.0768 20.8087 22.7376 25.0998 20.3470 23.4307 23.2809 26.2107 22.8910 22.2486 22.1811 22.3159 33.4813 35.4401 32.2645 32.9090 34.4674 32.1870 33.9706 32.1559 34.8855 32.4962 34.8855 37.0270 36.5103 34.0588 35.4683 34.1760 30.9839 34.0735 33.8083 35.7911 33.9853 32.4808 36.3593 32.1714 35.8329 34.0588 33.8674 35.5809 38.0526 34.9571
13.5647 14.1421 21.8174 15.1658 17.5499 17.9444 16.9115 14.7309 11.2250 16.1864 13.8564 15.0333 14.0000 10.0995 16.8523 16.4924 11.6619 15.8745 0.0000 11.4018 18.3576 13.0384 17.4929 12.6491 12.0830 15.7480 14.2829 14.0712 12.2474 13.8564 38.4708 35.9583 32.2955 35.8050 34.1760 34.1467 35.9444 35.6511 36.1248 36.9730 35.2136 36.1663 38.8587 34.7419 36.5377 34.3366 32.8786 34.7131 32.7719 34.3220 32.2800 37.8418 32.4345 33.3766 36.0139 37.6298 32.5883 37.2827 39.6232 33.8969 17.2047 20.4939 19.2354 15.4919 17.8885 16.6733 16.9115 18.9737 17.2047 19.4422 19.4422 22.5167 25.2784 19.4422 20.0998 21.1660 16.0000 20.4450 21.5407 20.1990 14.7648 18.3848 15.6844 18.9737 17.6635 19.7484 21.1660 17.5499 15.6844 19.8997 20.0250 21.0713 23.5160 23.8537 21.3073 19.8242 15.5242 24.9600 14.9666 24.8193 22.8910 20.0250 23.2809 23.3880 17.8045 22.2935 19.8997 16.7929 22.1359 20.6640 21.1896 19.8997 19.7484 22.8254 20.4939 25.9808 22.4944 22.5610 21.7256 20.4939 32.4808 35.2420 31.6702 32.3883 34.2053 31.8434 33.6749 34.6699 35.9861 33.3766 35.6230 37.8286 35.0000 34.7275 34.2345 34.0000 30.6920 33.4515 32.6343 36.4005 34.2491 32.9090 34.6699 31.7017 35.0428 35.0143 32.4191 35.0714 38.1314 33.3167
12.7279 9.5917 16.9706 12.4900 10.8628 14.6969 16.8523 7.1414 12.4900 18.0000 12.4900 9.7980 7.0711 7.3485 15.2971 19.4422 7.8740 15.0997 11.4018 0.0000 12.0416 9.7980 12.0830 11.0454 12.2474 11.9164 11.9164 11.2250 11.8322 10.6771 34.6410 31.8277 29.3428 31.9061 31.3688 29.1548 32.2180 31.7017 32.0156 33.5410 31.1448 32.4962 34.9285 30.8383 32.5730 30.3480 29.8831 30.7734 30.2324 30.9839 29.6985 34.0588 29.5296 29.1890 33.3617 33.8231 29.4618 33.6155 35.8887 30.3150 13.1149 15.9374 16.0000 10.8628 13.8564 16.0624 11.9164 14.7648 10.6771 15.5563 17.4356 17.2916 19.8242 15.7480 14.7648 15.3623 13.1909 14.2127 17.5499 15.6844 14.0000 12.8062 11.9164 12.8841 13.4907 15.4919 14.8997 14.1421 13.9284 13.5647 18.6279 17.8885 19.9249 20.6640 17.3205 16.9411 16.2173 21.2368 15.4919 22.4944 20.0998 18.7350 19.6469 19.6723 18.9473 22.1133 16.2481 15.2315 20.0998 16.2788 19.3132 18.9209 15.5563 20.0250 16.9115 22.6495 18.3848 19.3132 18.4932 18.8680 29.2404 31.7805 29.4109 29.7489 30.9192 29.3258 30.3645 30.0998 33.1210 29.4618 31.9844 34.2783 31.4484 31.7175 30.7896 30.4302 27.8568 29.7489 29.8831 32.8177 29.9500 30.4795 30.3974 29.3087 32.2180 31.4643 29.2746 31.8434 33.6749 30.8221
12.2882 13.2288 15.9687 11.4455 9.8489 14.3178 16.9411 10.4881 17.1756 17.9722 13.1529 12.2882 11.4455 14.1774 15.4596 20.3715 11.6190 13.3041 18.3576 12.0416 0.0000 11.4455 12.1244 12.7671 14.2478 15.3297 16.3401 10.3441 15.1327 13.0767 30.2820 28.3196 25.8844 28.5832 28.4781 26.4386 29.0689 27.5318 28.7402 29.7658 27.8029 28.8617 30.9677 27.5681 29.4618 26.6083 27.6767 27.1662 27.0740 27.7669 26.0192 29.3769 26.9258 25.6320 29.5973 30.0167 26.8887 29.5804 31.8591 26.5707 14.0357 14.5945 17.4642 13.8924 13.8924 16.7631 13.5277 10.1489 9.9499 12.2066 16.8819 13.5647 15.2315 15.2643 12.4499 14.2478 15.5242 10.6301 14.1067 15.9687 13.2288 13.5277 13.0767 11.7898 15.0000 11.7047 13.0767 9.9499 13.7477 12.9228 16.3707 17.6918 17.4356 20.4939 18.6815 15.6205 16.6132 19.1311 15.5242 20.0749 19.8242 16.3707 17.6918 17.1464 21.8632 22.5389 15.7797 16.0312 20.2237 15.3623 18.6011 20.6155 13.6748 18.8680 19.7231 20.5913 15.7797 17.3205 17.8045 18.5203 26.2298 28.4077 26.1534 26.0384 27.4773 25.8263 26.8142 25.0400 28.8444 25.2389 28.2843 30.0000 29.8329 27.7308 28.6182 27.3313 24.3516 26.7955 27.3861 29.8664 26.0000 26.1916 28.6880 25.7682 28.3019 26.6271 26.2679 28.8964 30.5123 28.4077
9.2736 10.0995 14.0712 8.6023 10.0000 10.1980 11.2250 9.9499 11.4018 11.4018 10.7703 11.4018 8.8318 9.4868 10.0000 16.9115 8.4853 13.1909 13.0384 9.7980 11.4455 0.0000 8.2462 9.5917 8.8318 13.0384 10.5830 9.1652 12.8062 9.1652 33.6749 30.8707 28.4429 30.1993 28.7054 29.2916 30.8869 31.7017 29.6816 31.6386 30.0666 31.1448 32.3419 29.7489 32.3574 29.2062 28.4077 30.4138 29.5973 30.6594 28.3901 33.1059 28.9482 27.4226 31.0966 32.2490 28.2135 32.0312 34.7851 29.0345 14.0712 14.2127 14.2829 8.8318 11.7473 15.0997 14.2829 13.1149 10.3923 13.7840 14.9666 13.8203 19.4165 14.6287 13.5647 15.3623 14.1421 11.4018 14.2829 16.3707 10.0000 13.7840 10.4881 11.7473 14.9666 11.9164 15.0333 13.4907 9.6954 12.7279 18.3030 16.6132 18.0831 19.1572 16.1864 15.7797 15.2643 18.6279 15.4919 20.5426 17.3781 15.6525 16.6132 19.4165 18.1384 21.9773 14.6969 16.6733 19.4936 16.6433 19.2094 18.6548 16.6132 20.8567 18.2757 18.9473 18.0000 18.6815 17.7200 17.4929 29.2746 30.4631 27.5136 28.0535 29.9333 27.5318 30.7896 28.7054 31.1929 26.7208 31.1929 33.3916 30.0167 31.1127 30.0333 28.8097 26.1534 28.4077 29.8161 30.9677 29.0000 29.3087 30.5614 27.4044 31.6228 30.1662 29.0000 32.1870 32.8634 29.4958
14.2829 10.4881 13.6382 10.1980 8.9443 12.7279 14.4222 10.7238 16.3095 15.2971 13.9284 11.3137 10.6771 13.5647 12.6491 20.1990 12.4900 14.0712 17.4929 12.0830 12.1244 8.2462 0.0000 13.9284 12.1655 14.7648 12.8062 11.3137 17.4356 10.6771 33.9116 31.3209 29.0689 30.8221 30.3315 30.0000 31.8434 32.4191 30.7409 32.1403 30.6268 31.4960 32.4962 31.1288 32.6956 29.9166 29.8496 30.9354 30.2655 31.4006 29.2916 33.4664 30.5941 27.5681 31.4484 32.5883 28.9482 32.4345 34.3802 29.7825 18.3303 16.4317 15.9374 12.2474 15.7480 17.3781 16.1245 15.2315 11.5758 15.4919 19.5959 13.4536 20.4695 17.6068 15.3623 17.6635 16.4924 10.5830 14.9666 17.3205 14.5602 15.5563 13.4164 12.4900 17.8326 13.0384 16.4317 15.4272 12.8062 11.6619 20.5670 20.8327 19.8242 20.4206 19.5959 19.8242 19.9249 20.1246 18.4932 22.2261 20.1990 18.8414 19.1833 22.4722 22.4722 25.0400 18.4932 20.4450 23.0217 18.9473 21.8403 22.9783 18.8680 22.6495 20.5913 20.9045 19.8997 20.7605 21.2132 21.9089 29.7489 31.1448 27.9464 29.1033 30.5287 28.1069 31.4006 28.2489 32.0468 27.8209 31.0322 32.9697 31.5753 31.6860 30.8545 29.2233 27.6405 29.8831 30.7083 31.2250 30.0832 30.3480 32.4037 28.7576 31.3369 30.5941 29.5127 31.8119 32.4037 30.8221
8.3666 11.6619 18.6548 13.2665 11.8322 13.4907 14.6969 13.3041 9.3808 12.3288 11.1355 12.9615 9.4868 11.9164 12.2474 13.0384 9.4868 14.9666 12.6491 11.0454 12.7671 9.5917 13.9284 0.0000 10.3923 17.8885 12.8841 9.5917 9.5917 10.6771 35.3836 32.5115 30.0500 32.7719 31.2410 31.4325 32.7719 32.6037 32.2025 34.1614 32.5269 34.4964 35.9722 30.4795 34.3074 30.9031 31.4166 32.2645 30.8545 32.2490 31.1769 34.8425 30.0998 30.2655 33.2114 35.1283 30.8545 34.5543 37.0405 31.1609 12.5698 12.5698 17.6068 14.7648 13.1909 15.4919 13.6382 14.0000 13.5647 13.6382 16.4317 15.1327 18.6279 14.4222 14.0000 16.9706 14.2127 16.2481 18.5472 15.7480 9.3808 14.3527 11.2250 13.2665 17.6068 14.4914 15.2315 12.9615 13.1909 15.1658 17.0000 18.8680 20.7605 23.0868 20.8327 16.7631 16.8226 20.9523 17.4929 22.0000 21.0713 18.5742 18.7083 20.0250 20.6640 21.9317 17.8885 17.6635 21.4942 17.7482 20.0749 18.9737 15.1658 22.0227 21.5407 21.4243 17.6635 19.2094 18.0555 19.1833 30.8058 33.1059 30.4795 29.2062 32.1248 29.3598 31.2730 30.8869 33.7491 29.8998 33.6898 35.5949 32.5115 32.3728 31.3369 32.2490 27.8927 30.3150 30.5450 34.6843 30.8383 30.8383 32.0936 28.6182 31.4006 32.3110 29.8831 33.8526 34.8712 31.3369
10.9545 13.1149 15.4272 10.0000 11.8322 9.2736 10.2956 12.4499 12.6491 9.6954 9.8995 14.1421 12.8841 9.3808 8.0000 13.4907 10.0995 13.2665 12.0830 12.2474 14.2478 8.8318 12.1655 10.3923 0.0000 14.2127 10.4881 10.4881 12.4900 10.8628 34.5254 32.2335 29.8496 33.0757 31.3688 31.6228 33.2566 32.7872 32.4500 32.8786 31.5595 32.4654 34.7563 31.4166 33.5708 31.1609 31.1609 31.7333 30.8545 32.1248 30.0333 34.2345 29.8998 30.0998 31.9844 34.4384 30.7896 34.0588 36.7151 30.6757 14.5602 16.0000 13.2665 14.8997 12.9615 15.0997 16.1245 14.0000 13.3417 14.3527 14.2829 14.5945 19.5704 14.6969 15.2315 19.7990 12.5698 15.8114 15.9374 15.0997 10.0995 17.4356 9.6954 12.7279 17.8326 13.6382 16.1245 12.8841 7.7460 14.9666 17.7482 17.8326 19.0526 21.7486 18.2757 18.4120 15.0665 20.4695 16.5529 21.8632 19.0788 17.1172 18.7083 21.9773 19.9249 19.7231 17.8885 16.7332 20.2485 17.2337 19.1572 19.4936 17.2047 20.8567 19.3391 20.9045 17.3205 19.5192 19.8997 18.8149 30.7083 33.1964 28.8271 29.5127 31.8119 29.3939 31.1127 30.4959 31.9844 29.0861 32.6650 34.7131 32.6956 31.9374 31.5595 31.6228 27.1662 30.4138 31.0644 33.0606 31.3847 30.1496 32.1870 28.9655 32.0312 31.4325 29.9166 33.2265 35.6931 31.4325
16.9115 15.0997 18.9737 14.2127 13.6382 16.0000 19.1833 8.0623 19.7484 20.4939 16.3095 14.7648 14.2829 9.4868 18.6011 24.2074 12.6491 15.2971 15.7480 11.9164 15.3297 13.0384 14.7648 17.8885 14.2127 0.0000 15.8114 14.4914 19.1833 15.5563 37.1753 34.9428 32.3883 34.3220 34.4674 33.1059 36.1109 34.8569 34.9714 35.7911 33.6155 33.5559 36.6333 34.5109 35.2278 33.8969 33.0303 33.2114 33.0757 33.5261 31.3369 36.9324 32.8938 32.2180 35.7631 35.9722 32.4037 35.7211 38.3406 32.1714 18.7083 21.8174 17.6068 14.1421 16.7929 17.6068 20.2485 18.9209 12.8062 21.2603 19.8997 21.5174 22.6053 21.1660 19.3907 21.0238 14.7648 17.6068 17.3205 22.0454 16.9115 19.2873 17.3781 16.9115 16.3095 18.2757 17.7764 18.6548 14.9666 17.6068 23.8537 20.7846 22.4722 22.9129 18.7617 21.3776 18.1934 25.1595 16.3707 23.8328 21.9545 20.3224 22.1811 23.4734 20.8087 24.7588 18.4391 16.8523 23.6643 19.9249 22.4277 23.5372 20.8806 21.0000 18.4391 25.3574 22.3607 22.8692 21.1660 21.5407 32.6343 34.6699 30.8707 33.2114 33.2866 32.2800 33.9706 32.7109 34.7419 31.6228 33.6303 36.2353 35.0856 34.5254 35.0714 33.5261 30.4959 32.8786 33.5112 34.5688 33.8674 32.0780 34.1174 32.7261 36.7423 32.6497 32.5423 34.6987 36.9594 34.1467
10.7703 15.3623 19.3907 15.6844 14.0712 11.0454 11.9164 12.5300 14.5602 13.1909 11.1355 15.9374 12.5698 11.9164 12.4097 15.2971 12.5698 17.4356 14.2829 11.9164 16.3401 10.5830 12.8062 12.8841 10.4881 15.8114 0.0000 12.8841 14.4222 12.8062 32.8024 29.8161 27.5862 30.5614 28.2135 29.4958 30.2985 30.6431 29.4449 30.8058 30.0666 31.9687 32.7109 28.9655 31.5753 28.6531 28.5132 30.3150 29.8664 30.3645 28.3549 33.0454 27.6405 28.0713 30.3150 32.5269 28.2135 32.4962 34.6121 28.5132 14.9666 14.9666 11.4891 12.8062 13.8564 13.5647 14.7648 16.9706 14.2127 16.5529 17.1464 15.7797 20.2731 18.1108 15.2315 17.8885 12.4097 17.8885 15.2971 15.8745 12.8062 16.1864 12.8841 11.7473 18.2757 15.0333 15.9374 14.6287 11.6619 16.1245 18.1384 17.2627 20.3224 18.8414 18.6011 17.8045 14.5258 18.8944 18.2209 20.9284 18.2757 17.2916 19.2354 21.8861 17.1172 21.7486 17.0880 16.9706 20.3961 18.6815 19.7231 15.8114 17.4929 21.4709 18.8149 18.6279 18.3848 18.5203 18.3848 18.9737 27.8747 30.2324 27.2213 28.3019 30.3315 27.9285 30.7571 28.7750 30.7409 27.7849 30.3150 33.0908 29.0345 30.7246 27.4955 29.1548 26.3818 27.5136 29.3087 31.3847 28.5832 29.2404 29.0517 27.2580 30.0998 30.5614 27.5136 30.3315 32.1559 29.4618
10.5830 11.4891 14.6287 12.0000 9.2736 11.0454 13.1149 10.3441 14.0712 14.2127 11.1355 10.9545 9.6954 11.4891 13.2665 18.1108 10.3923 12.3288 14.0712 11.2250 10.3441 9.1652 11.3137 9.5917 10.4881 14.4914 12.8841 0.0000 13.3417 12.0000 34.0881 31.5119 28.6182 31.2090 29.7658 29.9333 32.1559 31.7333 31.7962 32.8481 31.3050 32.0312 34.2345 29.7825 33.0606 30.1496 29.6479 30.9031 29.2575 30.6268 29.3258 33.6452 29.2916 28.4253 31.7333 33.2566 29.5635 33.3467 34.8425 29.3428 12.5698 13.4907 16.0000 12.8062 12.1655 13.7840 13.9284 12.8841 9.2736 13.7840 15.9374 13.6748 18.9473 13.8564 12.6491 15.9374 11.3137 12.4900 14.8997 16.1245 11.9164 14.3527 12.8841 12.1655 16.4924 10.9545 13.1149 11.7473 10.8628 14.3527 16.4012 18.0555 18.6815 20.2237 18.7617 17.5214 16.0935 18.8944 15.9374 20.6398 18.9209 16.7631 17.0294 19.3649 21.3776 20.6640 16.5529 16.8523 20.8806 15.9060 18.5742 20.1494 15.7480 19.4679 20.5913 20.2237 17.8885 18.4120 17.3205 17.4356 29.1033 31.3688 28.7576 28.4077 30.3645 27.5318 29.7993 29.1204 31.7017 28.2489 30.8383 33.5112 31.1929 31.4643 30.3645 30.5941 27.0924 28.9310 29.8496 32.6343 29.9500 29.5804 31.1127 27.1477 31.2410 30.9839 28.8271 32.2490 33.1361 29.8664
11.5758 15.2971 19.3907 15.2315 14.7648 15.4272 16.2481 15.3297 9.8995 14.6969 10.4881 15.3623 12.9615 12.8841 13.8564 14.2829 9.4868 16.9115 12.2474 11.8322 15.1327 12.8062 17.4356 9.5917 12.4900 19.1833 14.4222 13.3417 0.0000 15.8114 35.0999 31.9531 29.5127 32.2800 31.6228 30.4302 32.5883 31.8904 32.4808 33.5112 31.4643 33.9116 36.3043 30.1496 33.5410 30.8383 30.1828 32.5730 30.1330 30.4302 29.9333 34.7851 29.0861 30.4302 32.8786 34.9571 30.1330 34.7275 37.2022 30.7734 11.1355 14.0000 16.9115 16.1245 14.0712 16.1245 12.1655 13.6382 15.9374 12.1655 14.6969 17.6352 19.4679 14.6287 16.7929 16.7332 15.5563 18.0555 19.0263 13.2665 10.4881 13.0384 13.2665 13.6382 17.7764 16.7929 17.2047 13.6382 12.7279 16.4317 17.7482 17.4356 19.8746 22.6053 20.2978 16.8819 15.5885 19.7737 17.3781 23.0217 20.8327 19.0000 20.2485 18.9473 20.2237 20.1246 18.4932 16.4924 19.3391 17.1756 18.7350 16.1245 15.2971 21.3776 18.4391 22.0681 17.4356 19.0526 17.9444 18.0555 31.6070 32.1870 29.9500 28.6182 31.9374 29.0172 30.4302 30.8869 33.5708 29.6311 33.5112 35.0286 31.7962 31.0483 30.6268 31.2090 28.2843 29.8831 29.6816 33.5410 30.3480 30.2820 30.6268 28.8964 31.5278 32.3728 29.5127 32.8329 35.6090 30.7896
13.1909 10.0995 17.8326 9.3808 13.4907 15.2971 15.6205 11.7898 12.0000 14.4914 13.0384 11.6619 10.5830 11.3137 13.1149 17.8326 11.1355 15.7480 13.8564 10.6771 13.0767 9.1652 10.6771 10.6771 10.8628 15.5563 12.8062 12.0000 15.8114 0.0000 34.0588 32.2335 29.5804 32.6190 30.9516 30.2655 31.6228 32.2335 31.3847 32.8177 31.5595 32.3728 33.5559 31.5436 32.7872 30.1164 30.3809 30.4795 31.1127 33.0151 30.1662 32.8634 30.0333 28.7402 32.9393 33.3167 29.7993 32.1870 35.4119 31.3209 18.2757 17.7200 18.1659 14.4222 17.7200 18.3303 16.4317 15.4272 13.1909 16.7929 19.7990 16.3401 22.1133 14.9666 16.1245 19.7484 15.8114 14.2829 17.5499 18.9737 14.4222 17.6635 10.7703 16.0624 18.1659 14.1421 16.3095 15.4919 14.6287 13.1149 20.2237 20.4450 22.1133 24.0624 20.3961 18.9473 18.4120 23.5160 18.5472 25.1794 22.3159 20.8567 21.2603 24.0208 20.9045 25.5930 18.6011 19.9499 22.1811 19.9750 23.1733 22.7596 17.6635 24.3926 21.9545 23.3880 19.4422 22.3830 22.3607 22.4499 29.0689 32.5883 29.4788 29.1033 31.0161 29.2916 30.9839 29.6311 32.1092 29.2916 32.6956 34.0441 32.4191 32.1870 31.4960 30.3974 27.0555 30.3480 31.1929 33.2415 30.2159 31.0322 31.5595 28.7228 31.4643 31.1448 29.5466 32.5883 33.6155 31.0805
33.2566 35.1283 37.1753 33.3167 34.8999 32.4037 33.6155 34.7707 37.0405 34.2345 30.3974 34.6699 35.1852 35.1852 33.7639 36.5787 33.9411 37.9737 38.4708 34.6410 30.2820 33.6749 33.9116 35.3836 34.5254 37.1753 32.8024 34.0881 35.0999 34.0588 0.0000 12.0416 11.0000 15.4919 17.3205 13.4164 11.1355 11.3578 14.3178 7.5498 10.3923 11.6619 11.0454 13.2288 7.0000 8.8882 15.0000 7.6811 15.6844 15.0997 13.1909 8.9443 11.2250 11.7473 10.5357 10.4881 14.2127 10.1980 9.3808 14.0357 31.9687 30.0998 29.5635 32.5269 32.3110 30.8221 28.5307 29.7321 32.3728 27.7849 29.8664 30.4795 29.3769 29.7321 26.0000 31.5911 33.4365 32.9848 28.7054 29.9666 33.4365 30.6594 32.0936 28.8444 29.6648 26.9072 27.9643 27.8568 32.8024 32.1870 29.9166 26.7582 27.4408 28.6531 28.6356 28.5482 28.2312 26.7769 31.3050 30.5614 29.1890 29.3428 28.7402 26.8514 29.8161 35.0571 26.3439 28.8097 22.9347 28.0891 26.0960 27.4955 25.4165 27.8747 28.4605 26.2488 23.7487 28.8964 27.3130 27.8209 13.5277 14.4914 14.7986 13.0767 13.4164 16.8523 14.1421 10.5830 10.4403 12.6491 16.0312 11.4455 19.3132 11.8322 14.6969 12.2474 12.4900 15.0000 18.1934 13.3791 13.2288 15.1987 15.4272 14.8661 13.7113 10.2956 10.8167 14.6287 17.3781 16.7332
30.7409 33.5112 34.3948 32.0780 31.7333 29.5127 31.4802 32.4037 33.7787 31.2570 27.9821 33.5708 32.6343 33.1813 30.2820 33.9559 31.5119 36.1801 35.9583 31.8277 28.3196 30.8707 31.3209 32.5115 32.2335 34.9428 29.8161 31.5119 31.9531 32.2335 12.0416 0.0000 9.4868 11.7898 15.4596 10.8167 13.2288 11.1355 12.7279 11.1355 9.9499 13.8203 13.6015 10.6771 11.9164 9.3808 14.1421 12.1655 15.1987 10.4403 12.2882 14.6629 12.2882 10.7238 11.9164 16.4012 11.9583 15.7162 14.5258 10.0000 28.2666 26.6271 25.7876 29.7825 28.5132 29.0345 24.9600 26.3249 30.0500 24.4745 26.9629 27.2764 24.7790 28.1603 23.6008 27.4408 32.0156 29.6479 25.6320 27.2580 30.2820 27.0370 30.1164 25.9422 27.2947 26.3249 26.7769 25.6320 29.4788 29.8496 26.2298 21.9317 22.1359 23.2809 25.0799 25.0998 25.8844 20.5426 27.9106 25.4362 24.6374 25.0200 22.9565 22.9783 27.1662 29.9333 22.1133 25.4755 21.1424 23.9583 22.8035 22.9565 21.4243 24.5764 23.3880 20.5426 21.0000 23.6220 23.3024 24.5967 15.5563 12.9228 13.4907 12.0830 15.8430 16.5227 14.1067 11.2694 16.9115 10.3441 16.9706 15.3623 14.4914 11.9583 11.6190 14.1067 11.8743 12.9615 16.0000 15.0997 11.4891 14.1421 13.1529 13.6382 15.5242 14.1774 10.5830 15.0000 16.9411 15.0000
28.0535 30.9677 32.4191 29.3087 29.6142 27.6948 28.5132 29.6648 31.0322 28.6182 25.5930 30.1496 30.3150 30.2490 28.6880 31.7333 28.5132 32.5115 32.2955 29.3428 25.8844 28.4429 29.0689 30.0500 29.8496 32.3883 27.5862 28.6182 29.5127 29.5804 11.0000 9.4868 0.0000 11.5326 14.4568 11.0000 10.8167 9.1652 15.5563 10.7703 12.1244 11.6190 14.5945 10.1980 9.8995 8.7178 11.6619 9.6954 12.4499 9.4340 7.9373 14.7309 9.1104 9.5394 9.7980 11.7047 8.4261 14.1067 11.3578 9.7980 26.5518 24.7184 25.0000 26.9629 27.2580 24.9600 23.1733 24.0624 28.2666 22.6936 24.9600 27.0555 25.8070 26.0960 22.0227 25.6320 28.2666 28.2312 23.6008 26.2107 28.2312 25.1992 28.0535 24.7588 24.5561 23.2594 25.0400 22.7816 27.2580 28.1247 24.4131 20.8567 22.6274 23.0217 24.4745 23.8328 23.0217 21.2132 25.1197 25.4362 24.6779 23.6643 22.8692 22.2711 24.5764 29.4618 20.2731 23.5160 20.1742 23.7908 21.4009 21.2368 20.1742 23.7065 22.6495 21.9089 21.0950 23.1517 21.6564 23.0000 12.2474 10.2470 9.3808 8.1240 13.6748 12.4499 10.3441 9.1104 14.6969 10.6301 11.9164 11.5758 15.2971 9.4340 11.7047 10.8167 10.0499 11.4018 12.8062 14.6969 10.7703 11.4018 13.9642 9.8995 13.0767 11.4455 7.2111 10.5357 14.0357 11.2694
