0.0000 7.0325 3.7743 5.1662 4.2651 3.3208 7.2459 7.1131 6.2960 5.0221 6.6249 5.2248 3.6471 4.9137 7.8855 4.6345 4.0483 4.9962 6.1753 4.2285 9.5827 5.7558 5.1718 4.9548 3.9981 3.8067 5.0375 3.5988 4.7735 6.5924 29.1588 29.7172 30.1529 29.2897 29.1077 28.2841 30.4748 28.5826 29.4799 28.4118 29.6920 27.9355 28.2547 29.8421 30.3544 29.1690 27.9484 29.4063 28.2955 29.4160 30.3270 28.9278 29.1549 28.5640 29.7979 28.9825 28.8708 29.3222 30.1541 30.5729 8.5182 11.1457 10.8551 9.3983 7.4589 8.9240 10.5230 8.1500 6.9610 9.4264 8.2727 10.0189 14.1644 7.7432 13.3127 7.9119 6.6674 8.0929 10.3055 8.9138 4.5826 6.6388 7.8313 7.9236 11.1500 11.5256 8.6839 10.9993 11.3887 7.9244 13.2646 17.9911 15.9856 18.5515 12.7377 10.3518 20.7493 16.2102 11.3228 12.6669 22.5829 14.8892 16.3315 13.9466 18.3637 12.6923 10.7175 22.4210 12.4669 17.1357 14.8707 11.7844 13.7108 18.8219 13.4267 15.0798 13.1653 14.3481 12.6044 15.5635 20.2050 22.2316 22.0939 22.7730 20.7080 22.7030 22.8626 21.4799 21.9328 20.7961 20.9104 20.1403 21.8491 19.4125 21.8126 20.4345 22.4419 20.8320 21.7944 20.4125 21.2608 21.2579 19.8022 22.7668 23.5509 21.2230 17.9595 21.5471 23.0185 22.8842
7.0325 0.0000 5.9692 6.6117 7.8842 7.6062 4.4044 7.1814 5.6927 6.5399 6.5574 6.8971 6.3566 8.5973 7.0732 6.5584 6.1205 7.2605 7.5146 6.5065 9.3266 6.1209 6.2823 5.7544 6.3441 7.0088 6.2357 6.6448 6.1736 6.8958 27.1862 27.7916 28.1380 27.2647 27.2021 26.4143 28.5768 26.4564 27.5336 26.3397 27.6942 25.9927 26.3804 27.7329 28.3810 27.2373 25.9494 27.4118 26.3272 27.3820 28.4071 26.9410 27.1949 26.4600 27.7405 26.9539 26.9278 27.3254 28.1597 28.7102 7.8610 6.9648 9.8843 5.3744 7.4297 6.5453 9.3523 7.9647 5.2063 8.8250 7.8180 9.0984 10.4524 5.5133 10.5712 6.2396 6.9764 7.4599 9.3645 8.4844 6.7058 7.2938 5.0179 7.3854 8.2156 8.1787 8.1262 7.6811 8.0826 4.8262 12.6513 15.7048 13.0531 16.3873 12.8091 9.3216 19.0477 14.0056 10.5897 12.3447 20.4583 14.2337 15.4720 12.2220 15.5794 12.0883 10.3153 19.9365 12.2413 16.4614 14.1615 9.1884 12.5826 15.9978 12.8423 12.8547 12.7871 13.4060 12.4368 15.4328 17.2919 19.4193 19.2479 20.0455 17.9158 19.9175 20.2813 18.6329 19.3837 17.9267 18.0416 17.0801 19.0885 16.7039 18.8653 17.4229 19.7537 18.0119 18.9111 17.8178 18.2814 18.3681 17.2813 20.1077 20.7695 18.4969 15.5498 18.9304 20.3150 20.0359
3.7743 5.9692 0.0000 4.2978 5.7476 4.2973 6.3290 5.7204 6.5985 3.6882 5.2694 5.4655 3.8879 5.4161 6.0451 3.9979 3.4843 4.1792 4.9235 3.4247 8.5437 4.1081 3.9081 3.3049 3.3552 4.0542 4.7464 3.4820 4.9871 5.1436 29.0147 29.5634 29.9817 29.1519 28.9896 28.1834 30.3343 28.3482 29.3454 28.2055 29.4867 27.9083 28.1520 29.5760 30.1934 29.0436 27.8504 29.2238 28.1916 29.1723 30.2256 28.7533 28.9810 28.3289 29.5838 28.8298 28.7627 29.1873 29.9688 30.5056 6.6408 9.6734 9.0121 8.1546 5.8850 7.2496 8.7020 6.4992 6.4455 7.7330 6.5274 8.3675 12.9759 6.2924 11.6645 6.3968 4.9759 6.4008 8.4702 7.1719 3.6622 5.3461 6.5448 6.1444 9.6679 10.0320 6.9404 9.2989 9.4946 6.5114 12.3825 17.2072 15.2387 17.8532 12.2416 10.0930 20.3617 15.5114 10.1096 11.8196 22.1704 14.1636 15.5074 12.7887 17.4861 11.6973 9.5485 21.8223 11.6502 16.4607 13.9835 11.1002 12.9657 18.1095 12.6338 14.5341 12.3128 13.4750 11.6857 15.1069 19.4496 21.6032 21.4420 22.2555 20.0626 22.0902 22.2410 20.8274 21.4453 20.1188 20.3441 19.4489 21.3003 18.7630 21.0903 19.6125 21.7133 20.2274 21.1204 19.8909 20.5102 20.6900 19.2376 22.2539 22.8901 20.6184 17.2458 21.0152 22.4529 22.2498
5.1662 6.6117 4.2978 0.0000 6.4830 6.1641 6.0977 3.7587 6.0779 4.4250 4.3800 6.7932 5.6264 6.5298 4.4794 4.3495 3.2061 6.6967 3.2160 3.7138 5.8332 4.7851 4.2297 3.7033 3.8828 5.2415 5.4202 5.1091 6.1224 3.0662 28.0542 28.6431 29.0499 28.1338 28.0703 27.2840 29.5890 27.3392 28.4998 27.2735 28.5524 26.9963 27.2832 28.6717 29.2005 28.0209 26.8998 28.2821 27.1436 28.3702 29.2500 27.7119 28.0225 27.2720 28.5906 27.8841 27.7825 28.2089 29.1005 29.5339 5.3118 8.0150 7.3419 7.0799 4.1428 6.3440 7.0694 4.9906 6.4649 5.9570 5.4952 6.1070 10.9902 5.2338 9.8791 6.9268 4.5735 5.0259 7.0827 5.5807 4.4501 3.5549 5.8031 5.0334 8.0714 8.1587 6.1642 8.0460 7.8932 6.2110 10.0338 15.4616 13.6016 15.9349 10.6345 8.9912 19.0992 13.9809 8.1492 9.9460 20.7479 12.2528 13.5810 10.4570 15.5723 9.3189 7.4904 20.1262 9.6603 15.0653 12.0329 9.7306 11.2109 16.4097 11.1469 12.9074 10.2454 11.7683 9.7515 13.6284 17.9004 20.0549 19.9123 20.7618 18.3925 20.4339 20.6686 19.2177 19.9239 18.4746 18.6458 17.8427 19.7663 17.1483 19.3746 17.8835 20.1332 18.6748 19.3342 18.4425 18.8438 18.9603 17.7965 20.6508 21.2739 19.1521 15.8313 19.6033 20.8810 20.6308
4.2651 7.8842 5.7476 6.4830 0.0000 4.8815 8.8295 8.4706 7.3771 7.0305 8.3709 4.4925 4.8851 5.6428 9.4389 7.1048 5.4443 6.4650 8.1944 6.4080 10.7845 7.7575 5.6199 6.3949 5.7299 4.9745 5.5276 5.1437 4.6900 8.5496 29.2210 29.7845 30.1984 29.3297 29.1591 28.3885 30.4805 28.7294 29.5566 28.6079 29.7333 27.9593 28.4060 30.0487 30.3935 29.2120 28.0029 29.5181 28.3714 29.6372 30.2900 29.0423 29.2715 28.6735 29.8895 29.0744 28.8959 29.3410 30.2572 30.4339 10.4899 12.5038 12.9175 10.8767 9.0007 10.7009 12.5227 10.1443 8.1536 11.2937 10.3943 11.8194 15.6187 9.5261 15.1347 9.4440 8.1513 9.9419 12.3331 10.9864 5.6380 8.4523 9.4640 9.5906 13.0586 13.1580 10.7122 12.8600 13.0382 9.4169 14.3606 19.0283 17.0507 19.3521 13.8392 11.6040 21.2430 17.2826 12.7387 14.3555 22.9385 15.8220 17.2671 15.1940 19.2871 14.0196 12.5656 22.8183 13.7712 18.0674 15.9985 13.0741 14.8381 19.6466 14.8380 15.7200 14.6818 15.3376 13.9516 16.6023 21.1055 22.9511 22.7872 23.3068 21.5560 23.2808 23.5573 22.1908 22.6121 21.6782 21.5454 21.1601 22.5622 20.4664 22.5322 21.6033 23.2088 21.7257 22.4714 21.1858 22.1662 21.9691 20.7714 23.3407 24.1686 22.0815 19.1505 22.2426 23.6860 23.5223
3.3208 7.6062 4.2973 6.1641 4.8815 0.0000 7.6141 7.8338 7.4104 4.9755 7.3223 5.8455 4.3401 4.4894 8.4407 5.3613 5.1808 4.9869 6.7450 4.3415 10.4828 6.4079 5.3502 5.5499 4.7902 3.6643 5.5322 4.1137 5.3577 7.3655 30.1335 30.6447 31.0936 30.2420 30.0647 29.2724 31.3997 29.5066 30.4246 29.3740 30.6134 28.9267 29.2236 30.7634 31.2651 30.1153 28.9156 30.3584 29.2739 30.3133 31.2559 29.8753 30.1054 29.5223 30.7280 29.9506 29.8309 30.2663 31.0682 31.5031 8.9122 11.8514 11.2572 9.9153 7.7692 9.4340 10.9640 8.6782 7.3744 9.7444 8.8223 10.7786 14.8808 8.1598 13.6292 7.7409 6.4342 8.5298 10.6382 9.4046 4.7625 7.1363 8.1822 8.3437 11.5386 12.0835 9.1620 11.5345 11.7949 8.6479 14.2892 19.0104 16.9793 19.5764 13.9461 11.3105 21.8496 17.2281 12.4120 13.6797 23.5951 16.0731 17.4172 14.8403 19.3367 13.6607 11.6673 23.3605 13.5448 18.1682 15.8147 12.7917 14.7640 19.8258 14.3927 16.1564 14.2894 15.4424 13.5825 16.7313 21.0818 23.1495 22.9725 23.6991 21.6637 23.6008 23.7793 22.3909 22.9419 21.7460 21.8700 21.1016 22.8302 20.3807 22.6647 21.2877 23.3392 21.8160 22.6757 21.4281 22.1499 22.2393 20.7652 23.7481 24.4121 22.1825 18.9019 22.4959 23.9641 23.7337
7.2459 4.4044 6.3290 6.0977 8.8295 7.6141 0.0000 7.1994 5.5879 6.4214 6.6098 8.6843 7.5098 8.7763 6.3056 6.1022 6.1626 7.9363 6.3007 6.0963 9.1580 6.0295 7.2881 5.6955 6.2220 6.7404 6.9554 7.3758 7.7383 6.2301 28.9506 29.5191 29.9198 28.9959 28.9806 28.2074 30.4640 28.0758 29.3528 28.0093 29.4347 27.8444 28.1162 29.3400 30.0914 28.9438 27.7519 29.1021 28.0264 29.0474 30.2084 28.5743 28.8759 28.1189 29.4165 28.7018 28.6896 29.1001 29.8796 30.5861 6.7539 6.1510 8.2210 4.4017 6.0554 5.7810 7.9867 6.8174 4.6402 7.4337 7.0342 8.1691 9.2930 4.1424 8.0987 5.8701 6.1628 6.5747 7.8919 7.1416 6.7366 6.3606 3.2534 6.5081 6.2090 6.3439 6.9477 6.7964 6.7256 5.1994 12.9939 16.1576 13.3980 17.0701 13.3296 9.2899 20.4183 14.5919 10.9130 12.3525 21.7669 15.0811 16.2371 12.1127 15.9592 11.9322 9.9421 20.7921 12.5396 17.4901 14.6521 9.8038 12.9668 16.6453 13.4135 13.8080 12.9268 14.4952 12.5788 16.2905 17.8471 20.2051 19.9627 21.0446 18.5286 20.6544 21.0050 19.3361 20.3136 18.4907 18.8214 17.5200 19.9700 17.1662 19.4097 17.4245 20.3990 18.6022 19.4615 18.7680 18.6863 19.1514 17.9571 21.0280 21.4571 19.2377 16.0363 19.8821 21.1015 20.7317
7.1131 7.1814 5.7204 3.7587 8.4706 7.8338 7.1994 0.0000 7.4293 5.2999 5.7798 8.5028 7.1827 7.9607 5.1061 6.1370 4.7413 8.1354 4.1545 4.7311 5.5158 5.5361 5.1799 5.3516 5.8868 7.3779 6.9332 6.4837 7.7028 3.6742 26.7273 27.3965 27.7278 26.8109 26.7979 25.9775 28.3261 25.9661 27.1978 25.8811 27.2571 25.7307 25.9997 27.1885 27.8773 26.7240 25.5843 26.9378 25.8594 26.9065 28.0093 26.3440 26.7437 25.8763 27.2500 26.4875 26.4522 26.8776 27.7714 28.3292 5.8320 7.5878 7.0842 7.4526 5.0336 5.7973 6.5953 5.2680 7.2031 5.9737 4.9624 4.6377 10.1410 6.0216 9.7335 7.5399 5.3759 5.5999 6.7296 5.5818 5.6549 3.6216 6.5290 5.4220 7.8961 7.8176 6.2518 7.1387 7.2911 6.0039 8.6324 14.0175 12.1685 14.3107 8.9689 8.2121 17.3886 12.3548 6.4207 8.4153 19.3793 10.7746 12.0039 8.8561 14.0512 8.1260 6.2352 18.7612 7.9360 12.9365 10.5992 8.5231 9.3898 15.0619 8.8311 11.7998 8.8114 9.6244 8.1712 12.0719 16.3247 18.4767 18.3799 19.3962 16.8975 19.1266 19.2236 17.7368 18.4864 17.0830 17.1831 16.3425 18.2402 15.5248 18.0205 16.4515 18.6323 17.1172 17.8644 16.8440 17.3650 17.5361 16.2013 19.2393 19.8450 17.6841 14.0902 17.9886 19.3530 19.2055
6.2960 5.6927 6.5985 6.0779 7.3771 7.4104 5.5879 7.4293 0.0000 7.2613 7.2437 7.5495 6.8599 7.7948 8.2334 6.7782 6.4987 8.0431 6.6462 6.6863 8.4021 7.7047 7.1085 7.0343 6.0824 7.1753 7.4582 6.7323 7.7936 7.0905 26.5281 27.0808 27.5202 26.6391 26.5167 25.7770 27.9915 25.8427 26.9169 25.7680 27.0236 25.4085 25.7373 27.2563 27.7251 26.5288 25.3494 26.7422 25.6174 26.9501 27.7176 26.2592 26.4670 25.7699 27.0710 26.3827 26.2890 26.6969 27.5586 28.0342 8.9401 7.8848 10.9787 7.1551 8.2705 8.0621 10.5795 8.7764 5.6877 9.6255 8.8795 9.7573 10.3910 6.4759 11.3933 8.4306 8.4366 8.8702 10.6279 9.2115 7.3338 7.4945 6.6044 8.9349 9.1865 8.8418 9.8691 9.3958 9.2440 7.1822 11.4820 14.5101 12.0263 15.2766 11.3836 6.8680 17.9750 12.7909 10.0575 11.3147 19.2471 12.9682 14.3947 11.3793 14.5669 10.8250 9.7031 18.7236 11.1038 15.6953 12.9315 8.6205 11.4912 14.9108 12.4013 11.2844 11.6156 12.7686 10.9703 14.0041 16.7898 18.8370 18.6076 19.3464 17.3065 19.1431 19.4355 18.0008 18.5755 17.1812 17.4239 16.6320 18.4797 16.2425 18.1981 16.9120 19.0169 17.3290 18.2264 17.1748 17.7697 17.7062 16.8448 19.2484 20.0056 17.8873 15.2001 18.2718 19.5397 19.3801
5.0221 6.5399 3.6882 4.4250 7.0305 4.9755 6.4214 5.2999 7.2613 0.0000 5.0096 6.8482 4.4466 5.7144 5.6981 3.9075 4.2328 4.7804 4.5533 3.4451 8.0703 4.1157 4.3969 3.6315 3.8980 4.5403 5.0841 3.5795 5.7928 4.4193 28.9196 29.4369 29.9276 28.9890 28.8960 28.0414 30.3246 28.1237 29.2414 28.0172 29.4375 27.7478 27.9580 29.4016 30.0379 28.8536 27.6405 29.0882 27.9907 29.0273 30.1271 28.5538 28.8495 28.1936 29.4709 28.6566 28.5833 29.0531 29.8577 30.4401 5.4802 9.2299 7.6735 7.4319 4.9972 5.9773 7.6614 4.8892 5.8494 6.2765 5.1792 7.1844 12.3422 5.1027 10.5770 5.1310 4.0025 5.0719 6.9154 5.6809 3.5924 4.2102 5.8535 4.7824 8.5233 9.2474 5.5919 8.0491 8.7985 5.6262 11.7638 16.8360 14.8086 17.3888 11.6841 10.0502 20.1526 14.9923 9.6661 10.9285 22.0624 13.9154 15.0536 11.9859 17.1598 11.4354 8.5864 21.6602 10.9805 15.9366 13.5302 10.6050 12.2509 17.9049 12.0000 14.3148 11.6124 13.0343 11.0190 14.6146 18.9252 21.0815 20.9290 21.9663 19.5332 21.8451 21.8366 20.4134 21.0473 19.6114 19.8557 18.8349 20.8342 18.0813 20.7414 18.9684 21.2809 19.5653 20.5871 19.4059 19.9207 20.1945 18.4941 21.9253 22.5294 20.1190 16.5034 20.5747 22.0052 21.7984
6.6249 6.5574 5.2694 4.3800 8.3709 7.3223 6.6098 5.7798 7.2437 5.0096 0.0000 7.1344 6.0659 8.1219 4.2127 4.0798 5.1967 6.9765 4.8871 5.2456 5.9768 4.4072 5.9360 4.4266 4.8557 6.0657 5.9970 6.2968 6.5397 3.6997 27.9927 28.5544 28.9534 28.0831 27.9968 27.2253 29.4523 27.2542 28.3901 27.2285 28.4791 26.8708 27.2365 28.7072 29.1436 28.0052 26.7939 28.2609 27.0956 28.3425 29.1586 27.7292 27.9717 27.2855 28.5312 27.8612 27.7881 28.1250 29.0036 29.4332 4.4072 7.6105 6.9417 6.2018 5.1571 6.5334 6.4326 5.1834 7.8340 5.6903 5.1340 6.5460 10.8271 5.4085 9.5634 7.2390 5.8337 4.0492 6.6782 5.2867 6.4683 4.9506 5.8969 5.4211 7.7092 8.1997 5.9571 7.4924 7.4771 6.4660 10.1494 15.5032 13.6002 16.0430 11.4337 10.1529 19.5969 14.1959 8.3662 10.1514 20.7680 12.3933 13.6479 10.6844 15.6259 9.4509 7.7106 20.2118 10.1845 15.6070 11.8056 9.6273 12.0387 16.3441 11.6068 13.0158 10.4507 12.0933 10.3843 14.0446 17.7928 20.0274 19.9101 20.5917 18.3089 20.3049 20.6083 19.1460 19.8762 18.3390 18.5873 17.6859 19.7199 17.2097 19.2332 17.7258 20.0513 18.7452 19.3145 18.5012 18.7926 18.7652 17.8959 20.5893 21.2302 18.9957 15.8627 19.6119 20.8879 20.4984
5.2248 6.8971 5.4655 6.7932 4.4925 5.8455 8.6843 8.5028 7.5495 6.8482 7.1344 0.0000 4.2012 6.8611 8.7579 6.7941 5.9615 5.9832 8.4594 6.7134 10.1897 7.1228 5.6124 5.9007 5.7823 5.5562 4.8536 5.1745 4.1803 8.2107 28.5596 29.1248 29.5468 28.6709 28.5113 27.7029 29.8246 28.0392 28.8748 27.9313 29.1183 27.2448 27.7297 29.4773 29.7616 28.5559 27.2735 28.8728 27.6969 29.0373 29.6436 28.4121 28.6182 28.0477 29.2467 28.4143 28.2395 28.6734 29.6068 29.7748 9.7562 11.7455 12.4228 9.9583 8.7881 10.1369 11.8138 9.7813 8.4296 10.9878 9.9087 11.4703 15.1108 9.0531 14.8101 8.7297 8.3011 9.2048 11.6981 10.2859 6.2554 8.5732 9.1931 9.0693 12.5988 12.6955 10.0597 12.0021 12.5554 8.7157 13.7794 18.5197 16.5361 18.8273 13.6688 11.8164 20.7389 16.7667 12.2155 13.7957 22.4122 15.2258 16.6791 14.8345 18.7586 13.6163 12.0383 22.2672 13.4581 17.6275 15.3894 12.3719 14.6660 19.0791 14.5174 15.0194 14.1105 14.6521 13.6196 16.1175 20.5314 22.3618 22.2431 22.6791 20.9620 22.7218 23.0188 21.6448 22.0160 21.0729 20.9683 20.5070 21.9411 19.9352 22.0221 21.0848 22.6389 21.1236 21.9027 20.5908 21.6218 21.2965 20.1987 22.7175 23.6597 21.4471 18.5612 21.6286 23.1187 22.9657
3.6471 6.3566 3.8879 5.6264 4.8851 4.3401 7.5098 7.1827 6.8599 4.4466 6.0659 4.2012 0.0000 5.5845 7.5858 4.5699 4.5776 3.8927 6.8319 4.9604 9.6177 5.4581 4.5217 4.4027 4.0984 4.3568 4.4791 2.7588 3.6641 6.5131 28.6337 29.1434 29.5965 28.7435 28.5641 27.7458 29.8628 27.9930 28.8838 27.8657 29.1491 27.3643 27.6944 29.3270 29.7967 28.6173 27.3389 28.8792 27.7676 28.8929 29.7495 28.4167 28.6057 28.0458 29.2619 28.4309 28.3226 28.7580 29.5796 29.9752 8.0372 10.8653 10.6126 8.9318 7.3404 8.3486 10.3656 7.7773 6.6571 9.1820 7.9276 9.8839 14.1753 7.4288 13.3003 6.7770 6.3676 7.6519 9.8964 8.6892 4.4145 6.9058 7.5988 7.2845 10.9744 11.4481 8.1846 10.4255 11.1551 7.0191 13.1798 17.8542 15.8634 18.3743 12.7745 10.9893 20.5136 16.0925 11.3297 12.6133 22.2780 14.7912 16.0811 13.7923 18.2236 12.8923 10.6128 22.2031 12.4853 16.8747 14.6653 11.7006 13.6860 18.6694 13.3732 14.8904 13.1814 14.0323 12.5719 15.4415 19.9266 21.8929 21.7396 22.4544 20.4318 22.4709 22.5691 21.1940 21.6393 20.5154 20.6266 19.8804 21.5427 19.2165 21.5814 20.2804 22.1042 20.5358 21.5224 20.1134 20.9858 20.9865 19.5164 22.4736 23.2806 20.8930 17.7326 21.2539 22.7454 22.5662
4.9137 8.5973 5.4161 6.5298 5.6428 4.4894 8.7763 7.9607 7.7948 5.7144 8.1219 6.8611 5.5845 0.0000 9.7188 6.7420 5.6142 5.9097 6.9321 5.3985 10.4800 7.5680 5.0546 6.7189 5.8502 5.5197 7.5490 4.4049 7.0959 7.7823 28.9499 29.4055 29.9586 29.0623 28.8370 28.0529 30.2012 28.3307 29.2593 28.2242 29.4345 27.7671 28.0204 29.6710 30.0822 28.8742 27.7257 29.1666 28.0578 29.2666 30.0274 28.6744 28.8707 28.3546 29.5722 28.7554 28.6316 29.1211 29.9112 30.2670 9.8837 12.2401 12.1276 10.8177 8.9543 9.9868 11.9699 9.3153 7.9097 10.3148 9.4776 11.0881 15.1216 8.7592 14.3935 8.7671 7.7576 9.4328 11.6430 10.0426 4.8505 7.5171 9.1397 9.2615 12.3656 12.7599 10.1477 12.3339 12.4345 8.9609 13.5172 18.2862 16.5683 18.7954 13.0165 10.8413 20.7651 16.4573 12.1254 13.2511 22.6486 15.2589 16.5771 14.4046 18.8104 13.5385 11.4508 22.6499 12.6056 17.3456 15.2793 12.4763 13.9618 19.2091 14.1976 15.3688 13.5608 14.7697 12.8635 15.5598 20.5587 22.3890 22.2625 22.9768 21.0339 23.0047 23.0074 21.7321 22.0595 20.9933 21.1701 20.5020 22.0186 19.7220 22.1439 20.8566 22.6198 20.9875 22.0218 20.5700 21.4937 21.4860 19.9179 22.9465 23.7501 21.4008 18.3398 21.7519 23.1713 23.0634
7.8855 7.0732 6.0451 4.4794 9.4389 8.4407 6.3056 5.1061 8.2334 5.6981 4.2127 8.7579 7.5858 9.7188 0.0000 5.3481 5.5362 8.1049 4.8044 5.8011 6.1034 4.6385 6.8130 4.5175 5.8229 6.9849 6.1549 7.4983 7.4905 3.7359 29.0322 29.6752 29.9809 29.1221 29.1270 28.3797 30.6156 28.2520 29.5118 28.2127 29.4954 28.0858 28.3841 29.5250 30.1585 29.0665 27.9500 29.2684 28.1929 29.2414 30.2922 28.6912 29.0393 28.1773 29.4994 28.8850 28.8366 29.1688 30.0261 30.5947 2.9197 6.9398 4.6627 5.9645 3.0847 5.7236 4.2367 3.8840 7.8337 4.2332 4.3087 4.8664 10.0455 4.9712 7.6086 6.8628 4.3743 3.2164 4.5093 3.6903 6.7038 4.3258 5.4840 3.9420 6.3349 6.5463 4.3957 5.9936 5.8634 6.3320 10.5117 15.7246 13.7420 16.3396 11.7773 10.6328 20.1504 14.5060 8.2458 10.3689 21.4870 12.9343 14.0404 10.2668 15.5743 9.2564 7.6096 20.4582 10.5696 15.8546 12.1757 10.2164 12.0753 16.6722 11.5250 13.7736 10.8206 12.3208 10.5414 14.8762 17.8537 20.2989 20.0854 21.0329 18.5008 20.5050 20.9287 19.3572 20.4165 18.6709 18.8595 17.8860 20.1175 17.3752 19.2791 17.6195 20.2307 19.0296 19.3676 18.9588 18.8433 19.1894 18.2857 21.0146 21.3436 19.4496 15.9968 19.9858 21.1797 20.7199
4.6345 6.5584 3.9979 4.3495 7.1048 5.3613 6.1022 6.1370 6.7782 3.9075 4.0798 6.7941 4.5699 6.7420 5.3481 0.0000 4.2031 4.8621 4.4890 4.1813 7.9960 3.7857 5.6183 3.9345 3.1506 4.3783 5.4458 4.7267 5.5588 4.3750 29.3078 29.8712 30.2881 29.3996 29.2944 28.4902 30.7130 28.6023 29.6594 28.4813 29.7990 28.1495 28.4134 29.8347 30.4649 29.3282 28.1155 29.5239 28.4260 29.4467 30.5092 29.0342 29.2698 28.6224 29.8574 29.1123 29.0537 29.4649 30.2553 30.8331 5.6750 9.1966 7.8180 7.5104 5.3785 7.0664 7.7248 5.5676 6.8091 6.6150 5.7118 7.6189 12.3247 5.7615 10.4652 6.5677 5.2493 5.3193 7.3143 5.9855 5.1059 5.2236 6.0273 5.6451 8.6719 9.3124 6.2186 8.4758 8.8038 6.5645 12.0395 17.0303 15.0157 17.6677 12.1632 10.3090 20.6871 15.4444 9.9286 11.3919 22.2394 14.1132 15.3515 12.3263 17.2465 11.2626 8.9864 21.8242 11.5186 16.6060 13.6368 10.9678 12.9643 17.9991 12.5109 14.5912 11.9293 13.5543 11.6023 15.0501 19.2295 21.4758 21.3463 22.2195 19.8278 21.9810 22.1248 20.6930 21.3712 19.8945 20.1573 19.1736 21.1789 18.5207 20.8843 19.1664 21.5987 20.0832 20.9358 19.8560 20.2753 20.4434 19.0653 22.1934 22.7817 20.4535 17.0763 20.9950 22.3493 22.0837
4.0483 6.1205 3.4843 3.2061 5.4443 5.1808 6.1626 4.7413 6.4987 4.2328 5.1967 5.9615 4.5776 5.6142 5.5362 4.2031 0.0000 5.5802 4.4716 3.3642 7.7730 4.2027 3.7560 3.4240 3.7576 4.5074 4.9592 4.1538 4.8101 4.4569 28.4618 29.0512 29.4403 28.5736 28.4544 27.6468 29.8451 27.7825 28.8358 27.6622 28.9621 27.3348 27.6344 29.0435 29.6337 28.4885 27.2889 28.6976 27.6123 28.6668 29.6758 28.1900 28.4542 27.7638 29.0403 28.2666 28.2086 28.6170 29.4437 29.9470 6.5233 9.1421 8.5240 7.8207 5.2127 6.9745 8.1790 5.9957 6.4200 7.2085 6.1698 7.4354 12.3429 6.2284 11.1502 6.7926 4.7028 5.9375 8.0768 6.7743 3.4246 4.5045 6.2072 5.7409 9.1768 9.4256 6.5603 8.8938 9.0162 6.0606 11.5187 16.6280 14.6744 17.1502 11.4248 9.8644 19.9158 14.9821 9.4803 11.2581 21.6474 13.5061 14.7886 11.9653 16.7783 10.9108 8.9212 21.2514 10.9193 15.8853 13.3354 10.5045 12.2815 17.5120 11.9155 14.0903 11.7434 12.7706 11.1446 14.6408 18.7403 20.8811 20.7630 21.5819 19.3214 21.4061 21.5621 20.0980 20.7643 19.4117 19.5531 18.7254 20.5703 17.9874 20.3784 18.8968 21.0572 19.5604 20.3682 19.1939 19.7819 19.9136 18.5089 21.5726 22.2149 19.9328 16.5709 20.3540 21.7692 21.5136
4.9962 7.2605 4.1792 6.6967 6.4650 4.9869 7.9363 8.1354 8.0431 4.7804 6.9765 5.9832 3.8927 5.9097 8.1049 4.8621 5.5802 0.0000 7.1436 5.7978 10.3134 6.0279 5.6024 5.5029 4.2635 5.1511 6.2696 3.8026 5.4251 7.4691 30.0065 30.5484 31.0266 30.1110 29.9779 29.1583 31.3111 29.4159 30.3044 29.2616 30.5457 28.7889 29.0819 30.6726 31.1900 29.9891 28.7546 30.2260 29.1326 30.3020 31.1384 29.7953 29.9999 29.4124 30.6285 29.8266 29.6645 30.1715 30.9982 31.3587 8.3839 11.5615 10.8497 9.7386 8.0775 9.1433 10.9079 8.2637 7.5652 9.6653 8.6556 10.5467 14.8456 7.7144 13.3522 7.0992 6.7031 8.3058 10.1824 8.7059 5.0983 7.7797 8.3490 7.9607 11.4074 11.9607 8.6783 11.0537 11.5496 8.1395 14.1273 18.9037 16.9725 19.3669 13.8297 11.6487 21.4558 17.1116 12.2487 13.7028 23.3309 15.9517 17.3111 14.7698 19.2475 14.0539 11.6872 23.1406 13.4894 17.9931 15.7561 13.1568 14.7501 19.7609 14.6851 15.8493 14.0201 15.2579 13.4831 16.3567 21.1850 23.1730 22.9845 23.7823 21.7202 23.6835 23.8367 22.4931 22.9674 21.7292 21.8704 21.1472 22.8051 20.5249 22.7824 21.4049 23.3192 21.6866 22.6518 21.4282 22.1642 22.1961 20.7714 23.7267 24.4512 22.2196 19.0781 22.5641 23.9423 23.8262
6.1753 7.5146 4.9235 3.2160 8.1944 6.7450 6.3007 4.1545 6.6462 4.5533 4.8871 8.4594 6.8319 6.9321 4.8044 4.4890 4.4716 7.1436 0.0000 4.0143 6.0676 4.8589 5.6386 4.7442 4.2773 6.1199 6.7516 5.8577 7.8326 2.7793 28.2726 28.8421 29.2546 28.3683 28.2899 27.5198 29.8081 27.4949 28.7241 27.4285 28.7135 27.3088 27.4873 28.7286 29.3894 28.2558 27.1857 28.4546 27.3903 28.4113 29.5119 27.8840 28.1920 27.4259 28.7496 28.0739 28.0384 28.4473 29.2398 29.8742 5.1905 8.0325 6.6245 7.4117 4.4736 6.3288 6.4432 4.6745 6.9641 5.3958 4.7592 5.5098 10.6136 5.1940 9.0644 7.3899 5.0643 5.1215 6.4550 4.7761 5.3154 3.3426 6.0101 5.2724 7.5779 7.8662 6.0521 7.6656 7.2797 6.4784 9.7267 15.0513 13.2764 15.6899 10.0817 8.4324 19.0808 13.4666 7.8278 9.2728 20.7566 12.0778 13.3053 9.8863 15.2319 8.8315 6.7426 20.0767 9.0198 14.7692 11.6258 9.4620 10.7227 16.2015 10.6861 12.9148 9.6097 11.6427 9.0688 13.2104 17.5151 19.8421 19.6592 20.7031 18.1455 20.3220 20.4292 18.9932 19.8029 18.2179 18.5100 17.5530 19.6041 16.8006 19.1443 17.3704 19.8627 18.3916 19.1488 18.2732 18.5231 18.8634 17.4645 20.5815 21.0564 18.8931 15.3800 19.4344 20.6798 20.4352
4.2285 6.5065 3.4247 3.7138 6.4080 4.3415 6.0963 4.7311 6.6863 3.4451 5.2456 6.7134 4.9604 5.3985 5.8011 4.1813 3.3642 5.7978 4.0143 0.0000 7.8054 4.7646 3.9629 3.6824 4.0222 4.6037 5.3906 4.3601 5.8411 4.2687 28.7449 29.2767 29.7122 28.8253 28.7044 27.8706 30.1250 27.9679 29.0823 27.8661 29.2051 27.6331 27.8532 29.2107 29.8752 28.7219 27.5260 28.9298 27.8529 28.8183 29.9599 28.3965 28.6724 28.0099 29.2631 28.4976 28.4649 28.8880 29.6729 30.2874 6.0707 9.1558 8.0831 7.7334 4.9385 6.7021 7.7420 5.6614 6.2908 6.7157 5.7930 7.2717 12.1613 5.8391 10.7613 6.2689 4.2900 5.6442 7.5950 6.4144 3.7690 4.1196 5.9712 5.4839 8.6692 9.1795 6.4088 8.5937 8.8377 6.2353 11.5931 16.6339 14.7261 17.2558 11.6292 9.8024 20.0780 14.9275 9.5119 10.8258 21.9392 13.6438 14.8438 11.8997 16.8526 10.8161 8.5294 21.5207 10.8768 15.8710 13.3325 10.4204 12.2744 17.6288 11.6746 14.2772 11.4538 12.8364 10.9151 14.6280 18.7283 20.9249 20.8046 21.6840 19.3401 21.5145 21.6174 20.1670 20.8339 19.3926 19.6936 18.6693 20.6259 17.8889 20.4461 18.7309 21.0831 19.5050 20.4083 19.2410 19.7337 19.9724 18.3567 21.6747 22.2826 19.9429 16.4112 20.3743 21.8350 21.5676
9.5827 9.3266 8.5437 5.8332 10.7845 10.4828 9.1580 5.5158 8.4021 8.0703 5.9768 10.1897 9.6177 10.4800 6.1034 7.9960 7.7730 10.3134 6.0676 7.8054 0.0000 8.1272 8.1927 7.9216 7.9069 9.7303 9.3966 9.2581 10.1880 5.4921 25.6986 26.3790 26.7093 25.7140 25.8332 25.1473 27.5793 25.0113 26.3348 25.1130 26.2581 24.8200 25.2651 26.6242 26.8044 25.5969 24.6211 25.9827 24.7028 26.5099 26.7980 25.3333 25.7423 24.8141 26.1711 25.6619 25.4347 25.8228 26.9490 27.0334 6.5394 7.3452 7.9323 8.0093 7.1239 8.1537 7.4089 7.0532 9.9227 7.0581 7.2109 5.9318 9.0504 7.2638 9.7453 10.1363 8.3473 6.9077 7.9493 6.2922 9.0390 6.4718 8.5090 7.9039 8.4827 7.9282 8.4782 8.2357 7.4968 8.7480 6.1951 12.4451 11.0733 12.2998 9.1611 8.8387 16.5495 11.5020 5.8598 8.0858 17.5556 8.9271 10.4839 7.4404 12.3364 6.2519 6.6210 16.5143 7.2910 13.0280 8.3558 8.7271 9.6101 13.2502 9.7965 9.8456 7.3941 9.1346 7.2578 11.2793 15.4247 17.4404 17.2549 17.9399 15.7026 17.3470 17.8595 16.5108 17.2526 15.8001 15.7417 15.4274 17.1431 15.1032 16.3714 15.3866 17.2799 16.2178 16.1707 16.1229 16.2509 15.9122 16.0131 17.6044 18.2860 16.7437 14.0966 17.1453 18.0106 17.7352
5.7558 6.1209 4.1081 4.7851 7.7575 6.4079 6.0295 5.5361 7.7047 4.1157 4.4072 7.1228 5.4581 7.5680 4.6385 3.7857 4.2027 6.0279 4.8589 4.7646 8.1272 0.0000 5.7840 3.4295 4.4670 5.0058 5.0051 5.4185 5.7648 4.3909 29.0950 29.7327 30.0664 29.2582 29.1546 28.3299 30.4789 28.3893 29.4664 28.2270 29.6257 27.9691 28.2835 29.5946 30.3113 29.2118 27.9600 29.3489 28.3167 29.1750 30.4181 28.8558 29.1448 28.4038 29.6930 28.9030 28.9028 29.2545 30.0345 30.6972 5.3207 8.5268 7.1327 6.8979 4.9206 6.0576 6.7181 5.1832 6.8660 6.2385 4.7950 6.7550 11.9554 5.7399 10.0484 6.5454 4.8592 4.7546 6.5607 5.5636 4.9584 4.6622 5.8148 4.9307 8.3918 8.8688 4.8344 7.5310 7.9912 5.6334 11.8871 16.8016 14.5513 17.5098 11.9286 10.3660 20.5749 15.1518 9.3653 11.2967 22.1659 13.9239 15.1261 12.0185 16.9735 11.0433 8.7329 21.6056 11.2094 16.2353 13.5091 10.4005 12.5019 17.7596 11.9471 14.5285 12.0001 13.1221 11.6084 15.1508 18.6891 21.0840 20.9044 21.8314 19.3781 21.6281 21.7976 20.2394 21.0575 19.6157 19.7298 18.6949 20.8489 18.0156 20.5225 18.7915 21.2107 19.7465 20.5563 19.4849 19.8646 20.1689 18.7685 21.9153 22.4321 20.0706 16.4035 20.5760 22.0182 21.7306
5.1718 6.2823 3.9081 4.2297 5.6199 5.3502 7.2881 5.1799 7.1085 4.3969 5.9360 5.6124 4.5217 5.0546 6.8130 5.6183 3.7560 5.6024 5.6386 3.9629 8.1927 5.7840 0.0000 4.3574 4.7793 5.6227 5.7162 3.9245 5.2662 5.4588 27.9329 28.4468 28.9249 28.0287 27.8724 27.0363 29.2634 27.2397 28.2559 27.1323 28.4355 26.7693 27.0070 28.5706 29.0937 27.8879 26.6861 28.1270 27.0246 28.1880 29.0921 27.6466 27.8584 27.2494 28.5147 27.7083 27.6219 28.0954 28.9246 29.3553 7.2627 9.8102 9.5802 8.4652 6.1684 7.3153 9.1917 6.8961 6.6088 8.1830 7.0680 8.3403 12.9443 6.8065 12.2152 6.5340 5.3843 6.8426 9.0151 7.8206 3.8075 5.5149 7.0359 6.4387 9.9693 10.2829 7.6435 9.6128 9.8871 6.3665 11.6041 16.6181 14.8438 17.0463 11.5481 10.1712 19.3751 14.8895 9.6983 11.2753 21.3328 13.3363 14.5976 12.2354 16.8659 11.3779 9.1253 21.1344 10.9543 15.4471 13.4089 10.6912 12.1637 17.4717 11.9890 13.8318 11.7314 12.4877 11.0075 14.2586 18.8492 20.7728 20.6907 21.4886 19.3538 21.4470 21.4776 20.1060 20.5628 19.3420 19.5492 18.7554 20.4279 17.9638 20.4898 19.1215 21.0053 19.3997 20.3802 18.9761 19.8203 19.8419 18.2947 21.4198 22.2121 19.8220 16.5949 20.1911 21.6748 21.5180
4.9548 5.7544 3.3049 3.7033 6.3949 5.5499 5.6955 5.3516 7.0343 3.6315 4.4266 5.9007 4.4027 6.7189 4.5175 3.9345 3.4240 5.5029 4.7442 3.6824 7.9216 3.4295 4.3574 0.0000 3.6218 4.2529 3.7441 4.5589 4.6555 4.1149 29.3661 29.9249 30.3252 29.4707 29.3731 28.5587 30.7517 28.6173 29.7317 28.5299 29.8620 28.2456 28.5496 29.9161 30.5205 29.3802 28.1663 29.5986 28.5146 29.5336 30.5776 29.0680 29.3441 28.6452 29.9224 29.1618 29.1182 29.5061 30.3329 30.8369 5.1173 8.6096 7.3977 6.8883 4.1247 6.2200 7.1718 5.1595 6.2001 6.2020 5.5057 7.1002 12.1375 5.3029 10.2753 5.4410 3.8403 4.7009 6.8473 5.9365 3.7163 4.5734 5.4112 4.2254 8.3347 8.8514 5.2410 7.9914 8.2884 5.5353 12.2130 17.2222 15.1285 17.8456 12.4581 10.7454 20.8148 15.6427 9.9581 11.6705 22.4674 14.2547 15.4852 12.3210 17.3305 11.3422 9.0198 21.9031 11.6601 16.6937 13.9319 10.9174 13.0445 18.1028 12.6633 14.7120 12.2351 13.5142 11.7677 15.5040 19.2662 21.5199 21.3573 22.2172 19.8791 21.9807 22.2197 20.6983 21.4597 19.9881 20.1932 19.2125 21.2597 18.5591 20.9095 19.2827 21.6276 20.1477 20.9135 19.9047 20.2829 20.5382 19.1418 22.2449 22.8159 20.5506 17.0540 21.0428 22.4437 22.1135
3.9981 6.3441 3.3552 3.8828 5.7299 4.7902 6.2220 5.8868 6.0824 3.8980 4.8557 5.7823 4.0984 5.8502 5.8229 3.1506 3.7576 4.2635 4.2773 4.0222 7.9069 4.4670 4.7793 3.6218 0.0000 4.0049 4.7806 3.7325 5.1820 4.8662 28.9923 29.5654 29.9988 29.1139 28.9959 28.2148 30.4131 28.3501 29.3901 28.2435 29.4903 27.8893 28.1880 29.6254 30.1747 29.0101 27.8448 29.2363 28.1404 29.2583 30.1886 28.7332 28.9854 28.3117 29.5715 28.8384 28.7341 29.1649 29.9968 30.4444 6.5299 9.4741 8.8295 8.0715 5.8215 7.6458 8.7030 6.3682 6.6090 7.4232 6.6328 8.2035 12.6660 6.0082 11.2738 6.9391 5.4029 6.3862 8.3690 6.8229 4.3068 5.3574 6.6461 6.2121 9.4278 9.8218 7.2282 9.2941 9.3881 6.9165 11.9474 16.9578 15.0091 17.5408 11.9509 9.6782 20.2433 15.2863 9.9887 11.5748 21.9404 13.9023 15.3074 12.4108 17.2253 11.2910 9.2565 21.5131 11.3670 16.4591 13.6630 11.1046 12.7925 17.8923 12.7827 14.1202 11.9011 13.4566 11.4033 14.8043 19.3037 21.4849 21.2891 22.1060 19.8685 21.8481 22.0834 20.6653 21.3061 19.9549 20.0928 19.3389 21.1658 18.6697 20.8698 19.4111 21.5747 20.0714 20.8616 19.8102 20.3401 20.4524 19.1581 22.0476 22.6809 20.5371 17.2618 20.9418 22.2634 22.0615
3.8067 7.0088 4.0542 5.2415 4.9745 3.6643 6.7404 7.3779 7.1753 4.5403 6.0657 5.5562 4.3568 5.5197 6.9849 4.3783 4.5074 5.1511 6.1199 4.6037 9.7303 5.0058 5.6227 4.2529 4.0049 0.0000 4.1070 4.4522 4.7691 6.4046 30.4229 31.0031 31.3958 30.5326 30.4198 29.6301 31.7771 29.7969 30.7807 29.6853 30.9326 29.2133 29.6034 31.0680 31.5779 30.4423 29.2281 30.7028 29.5800 30.6467 31.5816 30.1775 30.4672 29.7950 31.0390 30.2546 30.1533 30.5445 31.4013 31.7973 7.6777 10.7976 9.9954 8.7436 6.4989 8.5329 9.7259 7.4844 6.9279 8.3205 7.7320 9.7497 14.1001 7.1629 12.3874 7.2985 5.5908 7.0874 9.4396 8.1955 4.2284 6.2036 7.1538 6.9263 10.5551 11.0334 7.8211 10.4878 10.7275 7.8788 13.9723 18.8712 16.6600 19.4073 13.8692 11.2746 22.1070 17.1575 11.9431 13.5166 23.6543 15.9454 17.2721 14.3341 19.0760 13.1796 11.1897 23.2210 13.3137 18.3213 15.6042 12.4277 14.6060 19.6629 14.3454 15.9874 14.0983 15.3876 13.5310 16.8941 20.8440 23.0481 22.8500 23.5860 21.4340 23.3995 23.7112 22.2116 22.9092 21.6214 21.6300 20.8677 22.7718 20.2140 22.4102 20.9740 23.2278 21.7472 22.4356 21.4147 21.9349 22.0521 20.7510 23.6755 24.2684 22.1033 18.7348 22.4803 23.8874 23.5755
5.0375 6.2357 4.7464 5.4202 5.5276 5.5322 6.9554 6.9332 7.4582 5.0841 5.9970 4.8536 4.4791 7.5490 6.1549 5.4458 4.9592 6.2696 6.7516 5.3906 9.3966 5.0051 5.7162 3.7441 4.7806 4.1070 0.0000 5.0450 3.8771 6.2811 29.6399 30.2382 30.5977 29.7549 29.6516 28.8222 30.9760 28.9676 29.9741 28.8458 30.1585 28.4341 28.8283 30.2387 30.8097 29.6709 28.4123 29.9116 28.8228 29.8067 30.8487 29.3851 29.6860 28.9768 30.2507 29.4416 29.3583 29.7421 30.5979 31.0574 7.2215 10.1381 9.4653 8.0263 5.9814 7.7951 9.0070 7.1250 6.8534 8.2061 7.3172 9.0906 13.5667 6.9691 12.0762 6.7804 5.5355 6.6096 8.7339 7.8690 5.0533 6.1827 6.9359 6.1918 10.0697 10.4561 7.1057 9.4765 10.2257 6.9780 13.4000 18.1938 15.9108 18.7539 13.2622 11.3155 21.3127 16.4531 11.1957 12.8695 22.9970 15.2199 16.4686 13.6625 18.3196 12.5711 10.5381 22.5269 12.8543 17.4071 14.9934 11.5950 13.9221 18.9654 13.4748 15.3307 13.5792 14.3766 13.0548 16.3962 19.9838 22.1992 22.0193 22.7745 20.6235 22.6473 22.9332 21.3873 22.1315 20.8438 20.8348 20.0411 21.9315 19.3731 21.6509 20.2594 22.4059 20.9320 21.6394 20.5472 21.1315 21.2616 19.9053 22.8937 23.4863 21.2969 17.8150 21.5955 23.1040 22.7792
3.5988 6.6448 3.4820 5.1091 5.1437 4.1137 7.3758 6.4837 6.7323 3.5795 6.2968 5.1745 2.7588 4.4049 7.4983 4.7267 4.1538 3.8026 5.8577 4.3601 9.2581 5.4185 3.9245 4.5589 3.7325 4.4522 5.0450 0.0000 4.7753 6.0459 28.3955 28.8961 29.3986 28.5161 28.3281 27.4719 29.6725 27.7269 28.6705 27.5732 28.9083 27.1851 27.4172 29.0003 29.5614 28.3566 27.1275 28.5996 27.5170 28.5863 29.5640 28.1142 28.3320 27.7523 29.0109 28.1614 28.0761 28.5517 29.3448 29.8275 7.8159 10.6773 10.1850 8.9630 7.0203 7.8126 10.0252 7.1870 6.0947 8.6804 7.3619 9.3018 13.7840 6.8633 12.8413 6.5093 5.9037 7.4380 9.5248 8.0488 3.4735 5.9712 7.3937 6.9519 10.5643 11.0405 7.9133 10.1215 10.8306 6.6833 12.4743 17.2537 15.3643 17.8196 11.8184 9.9581 19.8694 15.3576 10.5883 11.7549 21.9134 14.1920 15.4588 13.0929 17.7193 12.3494 9.7595 21.8534 11.5365 16.1062 14.1239 11.1163 12.7095 18.2428 12.7202 14.3677 12.3053 13.4159 11.6337 14.5829 19.4513 21.4199 21.2840 22.1162 19.9766 22.1451 22.1263 20.7692 21.1949 20.0206 20.2069 19.3825 21.0738 18.6148 21.2037 19.7513 21.6505 19.9396 21.0746 19.5629 20.4726 20.5694 18.8479 22.0868 22.8636 20.4142 17.0763 20.7823 22.2767 22.1714
4.7735 6.1736 4.9871 6.1224 4.6900 5.3577 7.7383 7.7028 7.7936 5.7928 6.5397 4.1803 3.6641 7.0959 7.4905 5.5588 4.8101 5.4251 7.8326 5.8411 10.1880 5.7648 5.2662 4.6555 5.1820 4.7691 3.8771 4.7753 0.0000 7.2997 29.3227 29.9057 30.2748 29.4476 29.3000 28.4662 30.5532 28.7401 29.6045 28.5887 29.8501 28.0213 28.4636 30.0241 30.5184 29.3811 28.0579 29.6242 28.5171 29.5715 30.4819 29.1607 29.3852 28.7643 29.9800 29.1344 29.0462 29.4332 30.2977 30.6593 8.4270 11.0373 10.8851 9.0025 7.4931 8.9609 10.5177 8.4376 7.5344 9.6137 8.6114 10.3173 14.5447 8.1542 13.4827 7.4991 6.4945 7.8117 10.2226 9.2785 5.4183 7.5451 7.9101 7.5790 11.2297 11.6546 8.4991 10.7026 11.3582 7.6144 14.0201 18.7165 16.5842 19.1684 13.8071 12.0853 21.3890 17.0270 11.9516 13.6412 23.0296 15.6180 16.8813 14.5324 18.8626 13.4826 11.5236 22.8523 13.5682 17.7502 15.5378 12.3961 14.6415 19.3633 14.0873 15.7386 14.2484 14.7500 13.7493 16.6392 20.5411 22.5427 22.4394 23.0218 21.0704 23.0101 23.2702 21.8000 22.3650 21.2136 21.2201 20.5313 22.1920 19.8651 22.1307 20.9240 22.8093 21.3260 22.1419 20.8290 21.6404 21.5612 20.2488 23.1323 23.8902 21.6202 18.4453 21.9002 23.4267 23.1672
6.5924 6.8958 5.1436 3.0662 8.5496 7.3655 6.2301 3.6742 7.0905 4.4193 3.6997 8.2107 6.5131 7.7823 3.7359 4.3750 4.4569 7.4691 2.7793 4.2687 5.4921 4.3909 5.4588 4.1149 4.8662 6.4046 6.2811 6.0459 7.2997 0.0000 27.7042 28.2547 28.6477 27.7731 27.7128 26.9363 29.2102 26.8576 28.1204 26.8261 28.1481 26.7082 26.9301 28.1705 28.7973 27.6668 26.5381 27.9020 26.8086 27.8582 28.9083 27.3018 27.6210 26.8498 28.1766 27.4916 27.4702 27.8444 28.6688 29.2659 3.8827 7.0548 5.4974 6.3015 3.6698 5.1377 5.2262 3.4830 6.7900 4.2228 3.4953 4.2764 9.9032 4.5184 8.4334 6.5686 4.5513 3.5022 5.3602 3.9627 5.4632 2.7489 5.0585 3.8954 6.6142 6.9993 4.7390 6.3025 6.3436 5.3255 9.2462 14.5930 12.7798 15.1980 10.0377 9.0349 18.7887 13.1904 7.2227 8.8139 20.3431 11.6336 12.7434 9.2376 14.7421 8.4023 6.0185 19.6946 8.6888 14.3965 11.0835 8.8175 10.5002 15.6927 10.1425 12.6594 9.1847 11.0024 8.8964 13.0484 16.9208 19.2052 19.0671 20.0651 17.4869 19.7238 19.8640 18.3755 19.1992 17.5715 17.9065 16.8557 18.9839 16.1749 18.5145 16.7308 19.2374 17.8140 18.5427 17.6773 17.8618 18.1948 16.8801 19.9901 20.5006 18.2414 14.7264 18.8724 20.1277 19.7969
29.1588 27.1862 29.0147 28.0542 29.2210 30.1335 28.9506 26.7273 26.5281 28.9196 27.9927 28.5596 28.6337 28.9499 29.0322 29.3078 28.4618 30.0065 28.2726 28.7449 25.6986 29.0950 27.9329 29.3661 28.9923 30.4229 29.6399 28.3955 29.3227 27.7042 0.0000 3.3085 2.6518 2.7347 2.3146 3.8146 4.6935 3.8247 3.1093 3.7934 3.2071 4.2134 5.6198 6.5130 2.7497 3.1750 3.9304 2.9028 3.3123 7.1341 3.8929 2.7151 3.2382 2.9368 2.5514 2.8069 3.1645 2.2675 3.3210 5.5749 29.3329 25.8507 29.9661 27.5049 29.8276 27.6972 29.2987 29.0117 27.8529 29.0005 28.2522 27.5223 24.8151 28.1371 29.8178 29.8838 30.1161 29.3067 29.9580 29.0813 29.2072 27.9407 28.5134 29.6361 28.4012 27.3491 30.0749 27.3913 27.5529 27.1722 21.3287 16.5811 18.7377 16.5910 21.2257 23.1457 13.5425 17.8228 23.1537 22.4902 12.2954 19.1022 18.4715 21.8423 17.6361 23.0548 24.7440 15.7090 21.6102 18.6087 20.1068 21.4685 20.6598 16.3211 21.7281 18.2419 21.7308 19.6828 22.1632 18.9013 15.3304 12.7377 13.1895 11.5110 14.2220 13.5433 12.2175 13.5300 11.3745 14.3217 13.6357 15.6490 12.1128 16.1101 14.8729 17.4442 13.1830 14.2991 14.3254 13.1537 15.2116 13.2217 15.7223 11.3530 13.0629 13.3492 17.4769 12.2647 11.8880 13.0783
29.7172 27.7916 29.5634 28.6431 29.7845 30.6447 29.5191 27.3965 27.0808 29.4369 28.5544 29.1248 29.1434 29.4055 29.6752 29.8712 29.0512 30.5484 28.8421 29.2767 26.3790 29.7327 28.4468 29.9249 29.5654 31.0031 30.2382 28.8961 29.9057 28.2547 3.3085 0.0000 3.5873 4.1092 2.4730 4.0157 3.9987 3.3499 2.9731 4.2680 3.7470 5.5805 5.6927 7.2541 3.1203 3.1998 4.3645 3.5526 3.9954 7.7116 3.9067 3.2969 2.0159 3.8580 3.3939 3.9148 4.5718 3.9765 3.6701 5.8685 29.8771 26.4985 30.5248 28.0709 30.3790 28.2185 29.8747 29.5166 28.3223 29.5598 28.7932 28.1596 25.4448 28.6480 30.3623 30.3308 30.6758 29.8390 30.5155 29.6769 29.7623 28.5099 29.0311 30.1631 28.8898 27.9257 30.6267 27.9775 28.1645 27.6824 22.0042 17.1297 19.4622 17.4147 21.9201 23.8193 14.5516 18.5271 23.8083 22.9632 13.3606 19.7736 19.0450 22.4203 18.3857 23.6750 25.1908 16.8909 22.2020 19.3663 20.6774 22.0398 21.2861 17.0218 22.4638 18.9668 22.2965 20.4317 22.6901 19.5278 16.0658 13.4426 13.8946 12.3898 15.0210 14.5366 12.8113 14.3357 11.9989 14.6993 14.6675 16.2143 12.9188 16.6365 15.6375 17.9715 13.7422 14.8785 15.2124 13.6455 15.7186 14.0712 16.1355 12.2538 13.9298 13.7498 18.0251 13.1974 12.8069 13.7483
30.1529 28.1380 29.9817 29.0499 30.1984 31.0936 29.9198 27.7278 27.5202 29.9276 28.9534 29.5468 29.5965 29.9586 29.9809 30.2881 29.4403 31.0266 29.2546 29.7122 26.7093 30.0664 28.9249 30.3252 29.9988 31.3958 30.5977 29.3986 30.2748 28.6477 2.6518 3.5873 0.0000 3.5483 3.0670 5.0967 4.0679 4.1745 3.4254 4.5858 2.6290 5.6354 6.8833 6.4982 2.7727 4.0898 4.9407 3.8534 4.8465 7.1118 3.6135 3.7469 3.7268 3.3410 2.4949 3.9606 4.5995 2.6660 3.1711 5.3378 30.3021 26.7694 30.8963 28.4520 30.7846 28.6723 30.2133 29.9733 28.8101 29.9424 29.2064 28.4869 25.7136 29.1190 30.7143 30.8390 31.0600 30.2672 30.9144 30.0873 30.2002 28.9170 29.4371 30.5915 29.3001 28.2622 31.0354 28.2956 28.4280 28.1145 22.3313 17.4232 19.6454 17.5060 22.3307 24.2123 14.7542 18.8495 24.1643 23.5046 13.1353 20.0938 19.3587 22.7443 18.4504 23.9464 25.7035 16.4547 22.6187 19.6479 20.9551 22.4022 21.7320 17.1026 22.6620 19.3512 22.7669 20.6921 23.1628 20.0506 15.9902 13.4625 13.7887 12.0209 14.9158 13.9446 12.8280 14.1069 12.2758 15.0521 14.4286 16.4150 12.8817 16.9930 15.3174 18.0742 13.7140 15.2083 15.0029 14.1254 15.8194 14.0573 16.6586 12.0067 13.5047 14.0737 18.3062 13.1569 12.5879 13.5299
29.2897 27.2647 29.1519 28.1338 29.3297 30.2420 28.9959 26.8109 26.6391 28.9890 28.0831 28.6709 28.7435 29.0623 29.1221 29.3996 28.5736 30.1110 28.3683 28.8253 25.7140 29.2582 28.0287 29.4707 29.1139 30.5326 29.7549 28.5161 29.4476 27.7731 2.7347 4.1092 3.5483 0.0000 3.0018 4.3036 5.8749 3.7929 3.8641 4.1919 3.7785 4.0518 5.6769 6.1084 2.9192 2.8930 3.5696 2.7980 2.7051 7.1361 3.7983 2.8323 3.8355 3.4839 2.6607 3.0906 1.9210 2.1439 4.3787 5.6429 29.3958 25.8799 30.0146 27.5079 29.8795 27.7516 29.3662 29.0595 27.8926 29.0547 28.3491 27.5736 24.7682 28.1536 29.7941 29.8744 30.1746 29.3511 29.9936 29.1164 29.3089 28.0298 28.5356 29.6732 28.3866 27.3439 30.1460 27.4076 27.5940 27.2173 21.4109 16.7524 18.8977 16.5127 21.3951 23.2887 13.6482 17.9353 23.3400 22.6133 12.3996 19.2950 18.6491 21.8873 17.6839 23.2183 24.8675 15.6745 21.7470 18.7942 20.2694 21.5910 20.8127 16.4431 21.8753 18.3227 21.8092 19.8769 22.2464 19.0182 15.3731 12.6776 13.1457 11.6943 14.2216 13.6891 12.2514 13.5712 11.4960 14.3646 13.5475 15.6823 12.0239 16.1962 14.9317 17.3787 13.2698 14.1741 14.1759 13.2762 15.1504 13.1019 15.5771 11.3885 13.0843 13.3989 17.5683 12.2771 11.8042 13.0049
