0.0000 3.9763 3.0562 3.1927 3.1951 4.2315 4.4861 5.7612 5.0156 6.1312 6.4471 1.9923 2.0030 5.4227 5.2455 2.1440 2.6044 3.7734 3.8533 3.0383 9.4601 3.2305 3.8049 3.4451 1.4825 1.6311 4.8169 3.1312 1.7348 7.3022 52.3498 49.2854 51.9187 54.2230 49.6003 47.6919 47.4086 49.5687 47.6227 49.0548 51.8983 51.2589 46.6258 49.6959 53.4932 52.6616 51.6614 50.3617 51.4954 48.2347 53.2649 53.1366 48.4545 49.4576 51.8122 51.7073 53.8331 53.1926 50.3784 53.6843 12.9454 17.6760 17.9270 12.9895 8.7862 15.6022 15.6479 11.9208 9.9480 15.3672 12.1501 15.7854 20.3394 15.3006 17.8848 13.2104 10.4484 14.1319 14.3930 15.3143 6.3932 11.7871 12.3782 13.8595 17.2691 17.2558 13.6037 17.4420 16.8253 12.9175 17.4454 21.8160 20.3268 23.7025 13.5163 7.8422 20.5145 21.5925 11.3302 16.9399 24.5550 16.5025 20.2181 17.9988 22.9045 12.3102 15.2052 26.1592 16.6155 17.9804 18.5119 16.7040 16.3118 24.1724 12.8612 16.4174 17.9037 15.0909 13.3723 13.5805 39.2823 43.8605 44.0086 44.1360 42.6156 45.8509 40.9782 42.7209 38.6985 34.8539 46.0918 40.5863 42.9619 36.2899 40.9286 37.7669 36.7644 39.6469 44.2642 35.4578 41.1498 40.1945 38.1534 43.2666 43.1643 37.4412 33.1142 40.6754 44.1749 43.8883
3.9763 0.0000 1.8270 2.8752 6.4759 5.4897 2.1021 3.3028 2.2535 3.1285 3.3451 3.8434 2.7359 3.5217 2.2147 3.1899 2.4825 3.6402 3.2865 3.0852 6.4346 1.6099 2.3791 0.8448 3.7341 3.4370 1.5501 2.5072 3.8109 3.8277 49.0253 46.2047 48.6636 50.8985 46.4909 44.6510 44.4321 46.3503 44.6235 45.8953 48.6361 48.0067 43.7223 46.5736 50.1688 49.3714 48.3931 47.2071 48.2439 45.1781 49.9405 49.8122 45.3588 46.1820 48.5496 48.4375 50.5087 49.8681 47.2846 50.3599 9.3379 14.0983 14.4122 9.5260 5.1924 12.1812 12.2778 8.6009 6.5454 12.0226 8.8235 12.2820 16.8250 11.7211 14.2737 9.5537 6.7849 10.4716 11.0160 11.7562 2.8187 8.4389 8.7224 10.1890 13.9153 13.7400 10.1673 13.9262 13.1986 9.3353 14.1277 18.7307 16.8967 20.2447 10.4461 6.4270 17.6121 18.2213 8.1522 13.7311 21.3280 13.4079 17.0628 14.7589 19.3548 9.3152 11.8978 22.6036 13.3040 14.8380 15.4156 13.3935 13.0944 20.6167 9.9859 13.4525 14.5910 11.9359 10.2672 10.7920 35.9892 40.6121 40.6058 40.8202 39.3274 42.4890 37.7012 39.4151 35.4502 31.6055 42.5757 37.1590 39.6375 33.0415 37.5504 34.4081 33.5160 36.1843 40.9210 32.2095 37.8221 36.9461 34.8706 39.9421 39.8889 34.1929 29.8276 37.4271 40.8505 40.6400
3.0562 1.8270 0.0000 2.7451 4.9445 5.1612 2.6713 3.9690 3.1259 4.3336 4.7324 3.0954 1.4351 3.0643 3.5140 2.3224 1.6132 2.4046 3.1449 2.4104 7.8807 2.0886 1.6202 1.2712 2.7411 2.6046 2.6839 2.3581 2.3452 5.0843 50.4580 47.5335 50.0269 52.3312 47.8198 45.9798 45.7609 47.6791 45.9523 47.2602 50.0065 49.3671 45.1176 47.9025 51.6014 50.7698 49.7696 48.5360 49.6036 46.5201 51.3731 51.2448 46.6876 47.5658 49.9204 49.8155 51.9413 51.3008 48.6134 51.7926 10.9051 15.7316 15.9879 11.1143 6.7680 13.6893 13.8534 10.1892 8.1146 13.6109 10.4081 13.8541 18.4673 13.3544 15.9196 11.1141 8.3709 11.6188 12.6043 13.3422 4.3600 10.0235 10.2257 11.7268 15.4910 15.3842 11.7556 15.5595 14.3200 10.7312 15.6768 20.0581 18.3984 21.7557 11.7736 6.5716 18.9497 19.6730 9.5308 15.1682 22.6842 14.7466 18.4274 16.2389 20.8767 10.6605 13.3903 24.1081 14.7850 16.1914 16.7730 14.8735 14.4965 22.1034 11.3663 14.7799 16.1235 13.3212 11.6142 12.1195 37.4883 42.1112 42.0385 42.3192 40.8375 43.9881 39.2003 40.9142 36.9492 33.1046 44.0752 38.6581 41.1328 34.5406 39.0495 35.9564 35.0151 37.6610 42.4352 33.7085 39.3800 38.4452 36.3697 41.3748 41.3880 35.6920 31.3267 38.9261 42.2831 42.1391
3.1927 2.8752 2.7451 0.0000 6.0141 4.2868 1.6984 2.7224 3.3760 3.1950 3.2944 3.2125 2.7673 2.9576 2.2953 2.2274 2.1297 4.3805 1.2312 2.0649 6.3231 1.4268 2.2041 2.4556 3.5447 3.0888 2.9443 1.0276 3.6385 4.3409 49.4183 46.3576 48.9872 51.2915 46.6688 44.8039 44.5850 46.6372 44.7763 46.1233 48.9668 48.3274 43.8023 46.7644 50.5617 49.7301 48.7299 47.4302 48.5639 45.3309 50.3334 50.2051 45.5230 46.5261 48.8807 48.7758 50.9016 50.2611 47.4469 50.7528 9.8854 14.5545 14.7947 9.8589 5.7142 12.5047 12.4952 8.7844 6.8516 12.2309 9.0387 12.6852 17.2416 12.1790 14.7632 10.1770 7.3796 11.1576 11.2395 12.2269 3.6578 8.6559 9.3937 10.8266 14.1328 14.1514 10.4502 14.3376 13.8510 9.9433 14.3517 18.7223 17.2862 20.6619 10.4297 4.8051 17.5511 18.5307 8.2792 13.8578 21.6235 13.4089 17.1443 14.9139 19.8639 9.2982 12.1115 23.1186 13.5218 14.9164 15.4396 13.6167 13.2181 21.1318 9.8298 13.3612 14.8100 11.9994 10.3034 10.6278 36.2849 40.9078 40.9988 41.2045 39.6231 42.8122 38.0467 39.7108 35.7459 31.9012 43.0512 37.5246 40.0304 33.3372 37.8668 34.7051 33.8117 36.6064 41.2166 32.5051 38.1178 37.2418 35.1663 40.3351 40.2329 34.4886 30.1233 37.7369 41.2434 40.9357
3.1951 6.4759 4.9445 6.0141 0.0000 3.7290 7.1451 8.6137 7.6355 8.9321 9.2428 3.0584 3.7983 5.6618 7.9992 4.3810 4.1672 2.9818 5.7974 4.2813 12.3339 5.8753 5.1955 5.9110 2.9305 3.0907 7.3633 5.5943 2.8576 9.8009 55.1187 52.0543 54.6876 56.9919 52.3693 50.4609 50.2300 52.3377 50.4214 51.8237 54.6672 54.0279 49.5186 52.4648 56.2621 55.4305 54.4303 53.1307 54.2643 51.0036 56.0338 55.9056 51.2235 52.2265 54.5812 54.4762 56.6021 55.9615 53.1474 56.4533 15.6023 20.4397 20.6801 15.7383 11.4618 18.3631 18.5042 14.7934 12.7653 18.2398 15.0528 18.5100 23.1693 18.0625 20.6091 15.8460 13.1022 16.4645 17.2156 18.0401 9.0052 14.6682 14.9896 16.4811 20.1418 20.0815 16.3633 20.2677 19.1539 15.4817 20.3215 24.6613 23.1251 26.4888 16.3617 9.8242 23.3627 24.3908 14.1812 19.7875 27.3240 19.3479 23.0634 20.8590 25.6284 15.1674 18.0505 28.8830 19.4608 20.7822 21.3690 19.5493 19.1572 26.8963 15.7390 19.2746 20.7682 17.9362 16.2295 16.4717 42.0809 46.7039 46.7325 46.9119 45.4192 48.6429 43.7929 45.5192 41.5419 37.6973 48.8157 43.3847 45.7309 39.1333 43.7269 40.5834 39.6078 42.3708 47.0625 38.3012 43.9758 43.0379 40.9624 46.0355 45.9807 40.2847 35.9194 43.5188 46.9439 46.7317
4.2315 5.4897 5.1612 4.2868 3.7290 0.0000 5.2965 6.6653 6.2155 6.9896 7.3168 2.6484 5.1104 4.1350 6.1264 4.5205 3.9911 4.4221 3.8627 3.6079 10.4695 4.1397 4.1039 4.9256 5.0654 4.4201 5.9383 3.6626 4.5443 7.9415 53.3320 50.3610 52.9009 55.2052 50.6472 48.8073 48.5884 50.5510 48.7797 50.0515 52.8805 52.2411 47.8620 50.7299 54.4754 53.6438 52.6436 51.3634 52.4776 49.3343 54.2471 54.1188 49.5150 50.4398 52.7944 52.6895 54.8153 54.1748 51.4408 54.6666 13.7004 18.5071 18.7727 13.8310 9.5573 16.4388 16.5617 12.8509 10.8228 16.2973 13.1044 16.5824 21.2325 16.1299 18.6974 13.9635 11.2106 14.7712 15.2731 16.1327 7.1177 12.7198 13.1168 14.5986 18.1993 18.1488 14.4535 18.3350 17.4653 13.5997 18.3731 22.7809 21.2101 24.5738 14.4731 8.0960 21.6270 22.4758 12.2718 17.8778 25.5372 17.4605 21.1462 18.9338 23.7283 13.3279 16.1256 26.9829 17.5359 18.9152 19.4868 17.6244 17.2374 24.9962 13.9807 17.4472 18.8241 16.0193 14.3281 14.7868 40.2793 44.9022 44.9125 45.1182 43.6175 46.7791 41.9913 43.7053 39.7403 35.8956 46.9156 41.4696 43.9441 37.3316 41.8405 38.6982 37.8061 40.4910 45.2111 36.4996 42.1164 41.2363 39.1608 44.2488 44.1791 38.4830 34.1177 41.7172 45.1571 44.9301
4.4861 2.1021 2.6713 1.6984 7.1451 5.2965 0.0000 1.8579 2.8655 1.9254 2.3427 4.1669 3.5179 2.8418 1.4494 3.3083 3.0265 4.6794 1.7756 3.1268 5.3952 1.5784 2.3461 1.8573 4.3465 4.2150 1.9585 1.9451 4.5294 3.0195 48.3332 45.4041 47.9021 50.2064 45.6904 43.8505 43.6315 45.5522 43.8229 45.0947 47.8817 47.2424 42.8830 45.7731 49.4766 48.6450 47.6449 46.4066 47.4788 44.3775 49.2483 49.1201 44.5582 45.4410 47.7957 47.6907 49.8166 49.1760 46.4840 49.6678 8.5319 13.3723 13.5626 8.6525 4.3479 11.3950 11.4281 7.7273 5.7218 11.1819 8.0009 11.4801 16.1337 10.9951 13.5417 8.8412 5.9706 9.8047 10.1395 10.8950 2.2178 7.6163 8.0329 9.4811 13.0783 13.0140 9.2872 13.2056 12.4998 8.6363 13.3149 17.7722 16.1754 19.5217 9.4838 4.7238 16.6540 17.4456 7.2417 12.8491 20.5385 12.4615 16.1423 13.9038 18.7052 8.3529 11.0857 21.9531 12.4920 13.9016 14.4879 12.5815 12.2080 19.9663 9.0236 12.4902 13.7790 11.0055 9.3291 9.8298 35.2583 39.8812 39.9137 40.1195 38.5965 41.7581 36.9703 38.6843 34.7193 30.8746 41.8857 36.4282 38.9454 32.3106 36.8195 33.6772 32.7851 35.4922 40.1901 31.4786 37.0912 36.2153 34.1398 39.2500 39.1581 33.4620 29.0967 36.6962 40.1584 39.9091
5.7612 3.3028 3.9690 2.7224 8.6137 6.6653 1.8579 0.0000 3.4096 1.4130 1.5965 5.7050 4.9887 3.7086 2.0441 4.5479 4.4465 5.9804 2.8431 4.3989 4.0151 3.2472 3.4542 3.3600 5.7584 5.6226 2.8908 3.0690 6.0366 2.2527 46.8605 43.9859 46.4448 48.7337 44.2722 42.4322 42.2133 44.1315 42.4047 43.6765 46.4173 45.7879 41.4334 44.3549 48.0040 47.1724 46.1743 44.9884 46.0251 42.9593 47.7757 47.6474 43.1400 43.9684 46.3308 46.2187 48.3439 47.7033 45.0658 48.1951 7.3245 11.9355 12.2059 7.3182 3.1305 10.0108 9.9318 6.2568 4.3499 9.6786 6.4391 10.1726 14.6098 9.5617 12.1781 7.6596 4.6958 8.6325 8.7308 9.5771 2.1853 6.0613 6.8629 8.3014 11.5434 11.5328 7.9450 11.6928 11.3259 7.4181 11.7651 16.3015 14.6600 18.0158 8.0169 4.4599 15.2209 15.9391 5.7232 11.3277 19.1092 10.9787 14.6336 12.3746 17.1990 6.8860 9.5334 20.4494 10.9396 12.4481 12.9864 11.0291 10.6867 18.5139 7.5567 11.0233 12.2266 9.5068 7.8380 8.3628 33.7543 38.3772 38.4410 38.6468 37.0925 40.2545 35.4890 37.1802 33.2153 29.3706 40.4109 34.9241 37.4727 30.8066 35.3155 32.1732 31.2811 34.0195 38.6861 29.9746 35.5872 34.7112 32.6357 37.7773 37.6751 31.9580 27.5927 35.1922 38.6857 38.4051
5.0156 2.2535 3.1259 3.3760 7.6355 6.2155 2.8655 3.4096 0.0000 2.9991 3.5982 4.8347 3.9844 4.3766 2.8610 4.1600 3.7562 5.1863 3.8177 3.9827 6.1494 2.5167 3.0778 2.4373 4.9544 4.8204 2.6224 3.1279 5.0337 3.6726 47.5701 44.5535 47.1390 49.4433 44.8397 42.9998 42.7809 44.7890 42.9722 44.2751 47.1186 46.4792 42.0725 44.9224 48.7135 47.8819 46.8817 45.5820 46.7157 43.5268 48.4852 48.3569 43.7075 44.6779 47.0325 46.9276 49.0534 48.4129 45.6333 48.9046 9.4690 12.8910 14.5468 9.6122 5.3285 12.1128 12.2718 8.5634 6.5353 11.9926 8.7861 12.3318 15.5560 10.6141 13.2855 9.6979 6.9535 10.4299 11.0270 11.9068 2.8916 8.4125 8.8501 10.3289 13.8946 12.4723 10.2413 12.8564 13.1462 9.3443 14.0548 18.4087 15.4926 18.8564 10.0994 6.3353 17.2092 16.7583 7.9215 13.5317 20.3075 13.0837 16.7928 14.6023 17.9928 8.9511 11.7799 21.2475 13.1902 14.5430 15.1101 13.2787 12.8872 19.2607 9.5840 13.0537 14.5015 11.6724 9.9698 10.3644 34.5353 39.1583 39.1506 39.3663 37.8736 41.0352 36.2474 37.9613 33.9963 30.1517 41.1801 35.7522 38.1822 31.5877 36.0966 32.9762 32.0622 34.7353 39.4671 30.7556 36.3998 35.4923 33.4168 38.4869 38.4351 32.7391 28.3738 35.9732 39.3952 39.1861
6.1312 3.1285 4.3336 3.1950 8.9321 6.9896 1.9254 1.4130 2.9991 0.0000 2.0391 6.0125 5.3026 4.0672 2.1479 4.8787 4.7782 6.3273 3.1843 4.8836 3.9080 3.0954 3.7775 3.3324 6.0691 5.9650 2.8907 3.4326 6.3474 1.3685 46.6368 43.8296 46.2885 48.5091 44.1158 42.2759 42.0570 43.9752 42.2484 43.5201 46.2610 45.6316 41.2915 44.1985 47.7794 46.9963 46.0180 44.8320 45.8687 42.8029 47.5534 47.4228 42.9836 43.8069 46.1745 46.0624 48.1193 47.4828 44.9094 47.9705 6.8420 11.5732 11.8122 6.8705 2.6897 9.5287 9.5721 5.8613 3.8534 9.3126 6.1316 9.6621 14.3031 9.1978 11.7820 7.1476 4.3573 8.1355 8.2835 9.1981 1.3310 5.7470 6.3811 7.7972 11.2097 11.2043 7.4930 11.3905 10.8216 6.9139 11.4788 16.1391 14.4622 17.7997 7.8546 4.7629 15.0331 15.7996 5.5606 11.1395 18.9529 10.8164 14.4712 12.1674 16.9512 6.7259 9.2227 20.2142 10.6490 12.2603 12.8240 10.7196 10.5029 18.1837 7.3944 10.8609 11.9526 9.3444 7.6757 8.2005 33.5441 38.1670 38.2164 38.4222 36.8824 40.0440 35.2644 36.9701 33.0051 29.1605 40.1864 34.7140 37.2481 30.5964 35.1053 31.9630 31.0710 33.7949 38.4759 29.7644 35.3771 34.5011 32.4256 37.5528 37.4505 31.7478 27.3826 34.9820 38.4611 38.1949
6.4471 3.3451 4.7324 3.2944 9.2428 7.3168 2.3427 1.5965 3.5982 2.0391 0.0000 6.3286 5.6133 4.6641 1.6840 5.1894 5.0785 6.8082 3.6975 5.0670 3.2057 3.3838 4.4245 3.8194 6.3902 6.2706 2.8555 3.8510 6.6602 2.0649 46.2650 43.2823 45.8339 48.1382 43.5685 41.7286 41.5097 43.4840 41.7011 42.9728 45.8135 45.1741 40.7270 43.6512 47.4084 46.5768 45.5766 44.2847 45.4106 42.2556 47.1801 47.0519 42.4363 43.3728 45.7274 45.6225 47.7483 47.1078 44.3621 47.5996 6.6425 11.2792 11.5062 6.5739 2.6706 9.3240 9.2622 5.5506 3.7075 8.9970 5.8155 9.4465 14.0421 8.9020 11.4731 6.9813 4.1624 7.9642 7.9727 8.9425 2.2522 5.4378 6.2027 7.6308 10.8989 10.9210 7.1567 11.1072 10.6553 6.7475 11.1454 15.5557 14.0936 17.4641 7.2565 5.0671 14.4584 15.3278 5.0924 10.6660 18.4702 10.2450 13.9496 11.7220 16.6661 6.1594 8.9051 19.9207 10.3154 11.7597 12.2702 10.4154 10.0256 17.9340 6.7524 10.2189 11.6037 8.8075 7.1199 7.5585 33.1265 37.7494 37.8455 38.0512 36.4647 39.6589 34.8934 36.5525 32.5875 28.7428 39.8534 34.3216 36.8772 30.1788 34.6877 31.5454 30.6533 33.4240 38.0583 29.3468 34.9594 34.0835 32.0080 37.1818 37.0796 31.3302 26.9649 34.5836 38.0901 37.7773
1.9923 3.8434 3.0954 3.2125 3.0584 2.6484 4.1669 5.7050 4.8347 6.0125 6.3286 0.0000 2.6002 3.6849 5.1127 2.2537 1.9844 2.8639 2.8888 1.7562 9.4643 3.0476 2.7752 3.2289 2.8496 1.9032 4.6667 2.7153 2.4865 6.9265 52.3248 49.3218 51.8937 54.1979 49.6080 47.7681 47.5492 49.5437 47.7406 49.0298 51.8733 51.2339 46.8209 49.6907 53.4682 52.6366 51.6364 50.3367 51.4703 48.2952 53.2399 53.1116 48.4759 49.4326 51.7872 51.6823 53.8081 53.1675 50.4017 53.6593 12.6415 17.4917 17.7169 12.8068 8.4970 15.4894 15.5824 11.8716 9.8435 15.3251 12.1442 15.6051 20.2345 15.1145 17.6612 12.8589 10.0838 13.6874 14.2937 15.0478 6.0799 11.7595 11.9874 13.4843 17.2215 17.1335 13.4414 17.3197 16.3922 12.5643 17.4335 21.8077 20.2446 23.6054 13.5237 7.0972 20.6219 21.5074 11.3458 16.9518 24.5300 16.5017 20.2076 18.0079 22.7619 12.3611 15.1933 26.0166 16.6036 17.9420 18.5336 16.6921 16.3115 24.0298 12.9819 16.4637 17.8918 15.0933 13.3941 13.7880 39.2701 43.8930 43.9052 44.1110 42.6083 45.7699 40.9821 42.6960 38.7311 34.8864 45.9492 40.5013 42.9369 36.3224 40.8435 37.6890 36.7969 39.5043 44.2019 35.4904 41.1030 40.2270 38.1515 43.2416 43.1698 37.4738 33.1085 40.7080 44.1499 43.9209
2.0030 2.7359 1.4351 2.7673 3.7983 5.1104 3.5179 4.9887 3.9844 5.3026 5.6133 2.6002 0.0000 4.1701 4.4222 1.8089 1.5207 2.2703 3.4369 2.3868 8.7718 2.3220 2.4518 2.1515 1.7884 1.4489 3.7036 2.7039 1.2298 6.1135 51.5040 48.5054 51.0729 53.3772 48.7916 46.9517 46.7328 48.7230 46.9241 48.2090 51.0525 50.4132 46.0447 48.8743 52.6474 51.8158 50.8156 49.5160 50.6496 47.4787 52.4191 52.2909 47.6594 48.6118 50.9664 50.8615 52.9874 52.3468 49.5852 52.8386 11.9429 16.7637 17.0207 12.0991 7.8024 14.7106 14.8747 11.1639 9.1358 14.6103 11.4278 14.8754 19.4979 14.3865 16.9331 12.1526 9.4094 12.8315 13.5861 14.3807 5.3568 11.0432 11.2800 12.7769 16.5123 16.4055 12.7338 16.5917 15.5566 11.7917 16.6965 21.0476 19.4563 22.8201 12.7504 7.3399 19.8660 20.7221 10.5725 16.1785 23.7093 15.7284 19.4412 17.2467 21.9411 11.5926 14.4283 25.1910 15.8386 17.1818 17.7603 15.9271 15.5382 23.2042 12.2368 15.6952 17.1432 14.3201 12.6208 13.0239 38.4896 43.1125 43.0845 43.3205 41.8278 44.9894 40.2016 41.9155 37.9506 34.1059 45.1396 39.7159 42.1341 35.5419 40.0582 36.9239 36.0164 38.6788 43.4213 34.7098 40.3474 39.4465 37.3710 42.4208 42.3893 36.6933 32.3280 39.9274 43.3292 43.1404
5.4227 3.5217 3.0643 2.9576 5.6618 4.1350 2.8418 3.7086 4.3766 4.0672 4.6641 3.6849 4.1701 0.0000 3.9552 3.8725 3.2766 3.1178 2.3784 3.0942 7.5576 3.1668 2.0503 3.1594 5.6072 4.3133 3.9420 2.6682 5.1146 4.5313 49.8986 47.0914 49.5502 51.7459 47.3776 45.5385 45.3188 47.2369 45.5101 46.8655 49.5227 48.8934 44.7229 47.4603 51.0161 50.2581 49.2798 48.0938 49.1305 46.1254 50.8152 50.6595 46.2454 47.0687 49.4362 49.3242 51.3560 50.7445 48.1712 51.2073 10.3678 15.1417 15.4456 10.5563 6.2273 13.1363 13.3004 9.6312 7.5616 13.0529 9.8506 13.3011 17.8728 12.7645 15.3247 10.5775 7.8343 11.0322 12.0463 12.8056 4.1667 9.4659 9.6891 11.1902 14.9380 14.7893 11.1976 14.9696 13.7133 10.1782 15.1252 19.7146 17.8885 21.2142 11.4535 5.2303 18.5919 19.2497 9.1421 14.7804 22.2831 14.3918 18.0467 15.8228 20.2798 10.3510 12.8470 23.5246 14.2289 15.8178 16.3995 14.3179 14.0831 21.4762 11.0568 14.4535 15.5873 12.9844 11.2568 11.7759 36.9504 41.5733 41.4823 41.7814 40.3337 43.4502 38.6624 40.3764 36.4114 32.5668 43.5313 38.1513 40.5949 34.0027 38.5360 35.4526 34.4773 37.1232 41.9313 33.1925 38.8761 37.9076 35.8319 40.7895 40.8502 35.1541 30.7889 38.3883 41.7152 41.6012
5.2455 2.2147 3.5140 2.2953 7.9992 6.1264 1.4494 2.0441 2.8610 2.1479 1.6840 5.1127 4.4222 3.9552 0.0000 3.9684 3.9035 5.5442 2.8130 3.9166 4.7763 2.1975 3.2795 2.6230 5.1959 5.0880 1.5367 2.6695 5.4145 2.9805 47.4717 44.5127 47.0406 49.3448 44.7989 42.9590 42.7401 44.6906 42.9315 44.2032 47.0202 46.3808 41.9575 44.8816 48.6151 47.7835 46.7833 45.5151 46.6172 43.4860 48.3868 48.2585 43.6667 44.5795 46.9341 46.8291 48.9550 48.3144 45.5925 48.8062 7.7669 12.4891 12.6932 7.7557 3.6057 10.5233 10.5050 6.7995 4.8469 10.2541 7.0731 10.6265 15.2382 10.1119 12.6585 8.1079 5.2312 9.0863 9.2164 10.0821 1.9906 6.6885 7.3212 8.7552 12.1505 12.1309 8.3732 12.3177 11.7797 7.8719 12.3714 16.8256 15.2550 18.6269 8.5218 5.4433 15.7226 16.5474 6.2855 11.8967 19.6769 11.5092 15.1909 12.9437 17.8288 7.3766 10.1312 21.0835 11.5415 13.0001 13.5355 11.6300 11.2557 19.0967 8.0415 11.5080 12.8297 10.0531 8.3768 9.0147 34.3627 38.9856 39.0521 39.2579 37.7009 40.8656 36.1001 37.7886 33.8236 29.9790 41.0220 35.5325 38.0838 31.4150 35.9239 32.7815 31.8895 34.6306 39.2944 30.5829 36.1956 35.3196 33.2441 38.3884 38.2862 32.5664 28.2011 35.8005 39.2968 39.0135
2.1440 3.1899 2.3224 2.2274 4.3810 4.5205 3.3083 4.5479 4.1600 4.8787 5.1894 2.2537 1.8089 3.8725 3.9684 0.0000 2.0466 3.4793 2.5519 2.2075 8.2902 2.2183 2.6570 2.5918 2.4904 1.7746 4.1380 2.1069 2.5701 5.7494 51.0135 47.9491 50.5824 52.8867 48.2641 46.3946 46.1757 48.2325 46.3670 47.7185 50.5620 49.9227 45.4615 48.3596 52.1569 51.3253 50.3251 49.0255 50.1591 46.9216 51.9286 51.8004 47.1183 48.1213 50.4760 50.3710 52.4969 51.8563 49.0422 52.3481 11.5552 16.3299 16.6330 11.6913 7.4147 14.3124 14.4508 10.7400 8.7119 14.1864 10.9870 14.4594 19.0553 13.9527 16.4993 11.7899 9.0217 12.4721 13.1622 13.9930 4.9595 10.6063 10.9184 12.4153 16.0884 15.9716 12.3137 16.1578 15.1991 11.4237 16.2557 20.6060 19.0134 22.3772 12.3064 6.6487 19.3112 20.2792 10.1218 15.7300 23.2188 15.2926 19.0082 16.7932 21.5195 11.1080 13.9953 24.7742 15.4056 16.7270 17.3096 15.4941 15.1019 22.7874 11.6691 15.2152 16.7024 13.8809 12.1701 12.4343 37.9730 42.5959 42.6236 42.8039 41.3112 44.5313 39.6850 41.4076 37.4339 33.5893 44.7068 39.2730 41.6257 35.0253 39.6152 36.4612 35.4998 38.2620 42.9509 34.1932 39.8536 38.9299 36.8544 41.9303 41.8727 36.1767 31.8114 39.4108 42.8387 42.6238
2.6044 2.4825 1.6132 2.1297 4.1672 3.9911 3.0265 4.4465 3.7562 4.7782 5.0785 1.9844 1.5207 3.2766 3.9035 2.0466 0.0000 2.2508 2.0576 1.1326 8.2289 1.9947 1.3218 2.0390 2.4829 1.5382 3.2130 1.7685 2.4635 5.8642 51.1592 48.1545 50.7281 53.0324 48.4407 46.6008 46.3819 48.3782 46.5732 47.8642 50.7077 50.0684 45.6321 48.5234 52.3026 51.4710 50.4709 49.1712 50.3048 47.1278 52.0743 51.9461 47.3085 48.2670 50.6217 50.5167 52.6426 52.0020 49.2343 52.4938 11.4846 16.2813 16.5212 11.5795 7.3065 14.2857 14.3385 10.6277 8.6104 14.0741 10.8856 14.3826 19.0111 13.9041 16.4507 11.7403 8.9507 12.6900 13.0498 13.8813 4.9243 10.5010 10.9183 12.3866 15.9760 15.9230 12.2020 16.1092 15.3911 11.4821 16.1937 20.5873 19.0383 22.3992 12.2858 5.9993 19.4056 20.3011 10.1060 15.7120 23.3645 15.2732 18.9678 16.7681 21.5770 11.1406 13.9535 24.8317 15.3638 16.7289 17.2995 15.4523 15.0717 22.8449 11.7597 15.2432 16.6520 13.8536 12.1543 12.5658 38.0831 42.7060 42.7397 42.9454 41.4214 44.5830 39.7951 41.5091 37.5441 33.6995 44.7643 39.2950 41.7714 35.1355 39.6443 36.5020 35.6100 38.3195 43.0149 34.3034 39.9161 39.0401 36.9646 42.0760 41.9829 36.2868 31.9216 39.5210 42.9844 42.7339
3.7734 3.6402 2.4046 4.3805 2.9818 4.4221 4.6794 5.9804 5.1863 6.3273 6.8082 2.8639 2.2703 3.1178 5.5442 3.4793 2.2508 0.0000 4.1080 2.7618 9.9479 3.9732 2.6906 3.0358 3.0062 2.3010 4.7227 3.8115 2.9678 7.0805 52.5528 49.6734 52.1322 54.4259 49.9596 48.1197 47.9008 49.8189 48.0921 49.3645 52.1047 51.4754 47.2218 50.0423 53.6962 52.8646 51.8644 50.6758 51.7125 48.6467 53.4679 53.3396 48.8274 49.6606 52.0182 51.9102 54.0361 53.3955 50.7532 53.8873 12.8958 17.6932 17.9786 13.0921 8.7588 15.6848 15.8442 12.1795 10.1167 15.6093 12.4195 15.8448 20.4491 15.3156 17.8678 13.0688 10.2889 13.7367 14.5821 15.2810 6.3477 12.0349 12.1499 13.6783 17.4969 17.3345 13.7333 17.5286 16.4636 12.7520 17.6882 22.1958 20.4486 23.8030 13.9112 7.5874 21.0835 21.7322 11.6172 17.2267 24.7967 16.8730 20.5278 18.2737 22.9074 12.7802 15.4389 26.1481 16.8452 18.3094 18.8806 16.9346 16.5857 24.1613 13.4551 16.9176 18.1349 15.4010 13.7323 14.2571 39.5474 44.1704 44.1332 44.3784 42.8857 46.0473 41.2594 42.9734 39.0084 35.1638 46.1283 40.7173 43.1920 36.5998 41.1087 37.9668 37.0743 39.7202 44.4792 35.7677 41.3903 40.5044 38.4289 43.4696 43.4472 37.7512 33.3859 40.9853 44.3779 44.1982
3.8533 3.2865 3.1449 1.2312 5.7974 3.8627 1.7756 2.8431 3.8177 3.1843 3.6975 2.8888 3.4369 2.3784 2.8130 2.5519 2.0576 4.1080 0.0000 2.0656 6.6761 2.0031 1.6433 2.7695 4.0716 2.9497 3.1190 1.1706 4.0706 4.2695 49.5344 46.5825 49.1033 51.4076 46.8687 45.0288 44.8099 46.7533 45.0013 46.2731 49.0829 48.4435 44.0685 46.9514 50.6778 49.8462 48.8460 47.5849 48.6800 45.5559 50.4495 50.3212 45.7366 46.6422 48.9968 48.8919 51.0177 50.3772 47.6624 50.8690 9.8870 14.6514 14.9443 10.0130 5.7260 12.6342 12.7103 9.0200 6.9714 12.4459 9.2554 12.7623 17.3729 12.2760 14.8601 10.1447 7.3708 11.0992 11.4352 12.3043 3.4829 8.8707 9.3393 10.7801 14.3479 14.2886 10.6421 14.4747 13.7958 9.8867 14.5485 18.9789 17.3919 20.7476 10.6808 4.4613 17.8423 18.6513 8.4660 14.0720 21.7396 13.6682 17.3490 15.1280 19.9172 9.5368 12.3100 23.1718 13.7186 15.1114 15.6945 13.8071 13.4317 21.1851 10.2075 13.6741 15.0068 12.2135 10.5358 11.0136 36.4666 41.0895 41.1149 41.3206 39.8048 42.9664 38.1786 39.8926 35.9276 32.0830 43.1045 37.6434 40.1465 33.5189 38.0278 34.8855 33.9935 36.6934 41.3984 32.6869 38.2995 37.4236 35.3481 40.4512 40.3664 34.6703 30.3051 37.9045 41.3595 41.1174
3.0383 3.0852 2.4104 2.0649 4.2813 3.6079 3.1268 4.3989 3.9827 4.8836 5.0670 1.7562 2.3868 3.0942 3.9166 2.2075 1.1326 2.7618 2.0656 0.0000 8.0737 2.1978 1.8339 2.6208 3.1132 2.1088 3.2475 1.7718 3.2143 6.0797 51.1325 48.1051 50.7014 53.0057 48.3914 46.5515 46.3325 48.3514 46.5239 47.8375 50.6810 50.0416 45.5498 48.4786 52.2759 51.4443 50.4441 49.1444 50.2781 47.0785 52.0476 51.9193 47.2592 48.2403 50.5949 50.4900 52.6158 51.9753 49.1850 52.4670 11.6147 16.1753 16.4803 11.5571 7.4178 14.3856 14.2473 10.5408 8.7051 13.9666 10.7715 14.4746 18.9588 13.7981 16.3741 11.9469 8.9469 12.9094 12.9424 13.8534 5.1412 10.4140 11.1376 12.5867 15.8686 15.8171 12.1312 16.0033 15.6054 11.6964 16.1322 20.5028 19.0012 22.3769 12.2180 5.7578 19.3548 20.2411 10.0720 15.6461 23.3377 15.1966 18.9293 16.7021 21.5789 11.0640 13.8920 24.8336 15.3023 16.7007 17.2279 15.4017 15.0057 22.8891 11.6425 15.1486 16.5905 13.7876 12.0962 12.4486 37.9945 42.6174 42.7130 42.9187 41.3327 44.5264 39.7609 41.4205 37.4555 33.6108 44.7662 39.2350 41.7446 35.0468 39.5772 36.4155 35.5213 38.3214 42.9263 34.2148 39.8274 38.9515 36.8760 42.0493 41.9470 36.1982 31.8329 39.4510 42.9576 42.6453
9.4601 6.4346 7.8807 6.3231 12.3339 10.4695 5.3952 4.0151 6.1494 3.9080 3.2057 9.4643 8.7718 7.5576 4.7763 8.2902 8.2289 9.9479 6.6761 8.0737 0.0000 6.5441 7.3955 6.9273 9.4824 9.4110 5.8293 6.8787 9.7708 3.4449 43.5144 40.5043 43.0833 45.3876 40.7905 38.9506 38.7317 40.7334 38.9231 40.2194 43.0629 42.4236 37.9490 40.8732 44.6578 43.8262 42.8260 41.5264 42.6600 39.4777 44.4295 44.3013 39.6583 40.6222 42.9769 42.8719 44.9978 44.3572 41.5842 44.8490 5.1126 8.8556 9.1643 4.5926 2.5500 7.0628 6.6935 3.0499 2.7829 6.0992 3.1612 7.3505 11.2910 6.4572 8.8688 5.3843 3.1189 6.1344 5.3422 6.6975 4.5560 2.8998 4.7467 5.8068 7.9935 8.1351 5.0042 8.3269 8.7049 5.3147 8.1665 12.5595 11.3018 14.6730 4.3382 5.1369 11.4949 12.4947 2.8247 7.6094 15.7199 7.3082 11.0127 8.6946 13.9506 3.6032 5.9435 17.2282 7.3238 8.8235 9.2654 7.5104 7.0278 15.3986 3.8360 7.2152 8.5669 5.9138 4.3253 4.5752 30.3677 34.9498 35.0949 35.3006 33.6290 36.9084 32.1429 33.7494 29.7625 25.9123 37.0648 31.4606 34.1266 27.3431 31.8520 28.7097 27.8176 30.6734 35.2297 26.5111 32.1237 31.2649 29.2063 34.4312 34.3290 28.5052 24.1292 31.8330 35.3396 34.9416
3.2305 1.6099 2.0886 1.4268 5.8753 4.1397 1.5784 3.2472 2.5167 3.0954 3.3838 3.0476 2.3220 3.1668 2.1975 2.2183 1.9947 3.9732 2.0031 2.1978 6.5441 0.0000 1.9755 1.2191 3.0924 3.0315 2.1180 1.2211 3.2982 4.0744 49.4143 46.4462 48.9832 51.2875 46.7324 44.8925 44.6736 46.6333 44.8650 46.1367 48.9628 48.3235 43.9468 46.8151 50.5577 49.7261 48.7260 47.4486 48.5599 45.4195 50.3295 50.2012 45.6002 46.5222 48.8768 48.7718 50.8977 50.2571 47.5260 50.7489 9.7788 14.5827 14.8452 9.9035 5.6372 12.5169 12.6299 8.9191 6.8910 12.3655 9.1775 12.6510 17.3113 12.2055 14.7773 10.0437 7.2921 10.9041 11.3413 12.2052 3.1996 8.7928 9.1987 10.6788 14.2675 14.2244 10.5259 14.4106 13.5974 9.6897 14.4483 18.8554 17.3000 20.6637 10.5478 5.9098 17.7044 18.5657 8.3544 13.9605 21.6196 13.5352 17.2210 15.0165 19.8186 9.4026 12.2081 23.0733 13.6184 14.9897 15.5615 13.7069 13.3201 21.0865 10.0582 13.5248 14.9066 12.1020 10.4028 10.8643 36.3612 40.9841 40.9948 41.2006 39.6995 42.8610 38.0732 39.7872 35.8222 31.9776 43.0059 37.5595 40.0265 33.4135 37.9224 34.7801 33.8881 36.5733 41.2930 32.5815 38.1942 37.3182 35.2427 40.3311 40.2610 34.5649 30.1997 37.7991 41.2395 41.0120
3.8049 2.3791 1.6202 2.2041 5.1955 4.1039 2.3461 3.4542 3.0778 3.7775 4.4245 2.7752 2.4518 2.0503 3.2795 2.6570 1.3218 2.6906 1.6433 1.8339 7.3955 1.9755 0.0000 1.8507 3.7141 2.7853 2.3780 1.4979 3.4481 4.6099 50.1106 47.2232 49.6821 51.9837 47.5095 45.6696 45.4506 47.3688 45.6420 46.9138 49.6591 49.0252 44.7523 47.5922 51.2540 50.4224 49.4222 48.2257 49.2624 46.1966 51.0257 50.8974 46.3773 47.2184 49.5730 49.4680 51.5939 50.9533 48.3031 51.4451 10.4275 15.2573 15.5052 10.5724 6.2869 13.1707 13.3249 9.6331 7.5860 13.0605 9.8737 13.3255 17.9871 12.8801 15.4267 10.6550 7.9242 11.3780 12.0482 12.8653 3.8273 9.4890 9.8024 11.2901 14.9625 14.8990 11.2015 15.0852 14.0780 10.2906 15.1424 19.6440 17.9886 21.3414 11.3595 5.2031 18.5302 19.2706 9.0688 14.6829 22.3465 14.3213 17.9762 15.7409 20.4382 10.2285 12.8807 23.6915 14.2869 15.7561 16.3289 14.3765 14.0419 21.7047 10.9173 14.3658 15.5893 12.8493 11.1806 11.7054 37.0858 41.7088 41.6910 41.9168 40.4241 43.5857 38.7979 40.5118 36.5468 32.7022 43.6667 38.2557 40.7304 34.1382 38.6471 35.5191 34.6127 37.2695 42.0176 33.3061 38.9426 38.0428 35.9673 41.0274 40.9856 35.2896 30.9243 38.5237 41.9357 41.7366
3.4451 0.8448 1.2712 2.4556 5.9110 4.9256 1.8573 3.3600 2.4373 3.3324 3.8194 3.2289 2.1515 3.1594 2.6230 2.5918 2.0390 3.0358 2.7695 2.6208 6.9273 1.2191 1.8507 0.0000 3.2325 2.9678 1.9958 2.0971 3.2254 4.1678 49.5731 46.6775 49.1420 51.4463 46.9637 45.1238 44.9049 46.8230 45.0962 46.3680 49.1216 48.4823 44.2101 47.0464 50.7165 49.8849 48.8847 47.6799 48.7187 45.6508 50.4882 50.3600 45.8315 46.6809 49.0356 48.9306 51.0565 50.4159 47.7573 50.9077 9.9081 14.7058 14.9909 10.1108 5.7710 12.7196 12.8564 9.1857 7.1176 12.6145 9.4182 12.8571 17.4485 12.3286 14.8873 10.0867 7.3225 10.8783 11.6008 12.2938 3.3565 9.0336 9.1998 10.7064 14.4955 14.3519 10.7521 14.5337 13.6053 9.7945 14.6971 19.1920 17.4643 20.8091 10.9074 6.2868 18.0711 18.7409 8.6255 14.2392 21.8008 13.8692 17.5325 15.2876 19.9404 9.7765 12.4696 23.1866 13.8758 15.2969 15.8780 13.9653 13.5982 21.1999 10.4472 13.9138 15.1628 12.3973 10.7285 11.2533 36.5520 41.1749 41.1536 41.3829 39.8902 43.0518 38.2640 39.9779 36.0129 32.1683 43.1328 37.7218 40.1965 33.6043 38.1132 34.9708 34.0788 36.7321 41.4837 32.7722 38.3849 37.5089 35.4334 40.4899 40.4517 34.7557 30.3904 37.9898 41.3983 41.2028
1.4825 3.7341 2.7411 3.5447 2.9305 5.0654 4.3465 5.7584 4.9544 6.0691 6.3902 2.8496 1.7884 5.6072 5.1959 2.4904 2.4829 3.0062 4.0716 3.1132 9.4824 3.0924 3.7141 3.2325 0.0000 1.6988 4.5620 3.4492 1.5573 7.1525 52.3276 49.2632 51.8965 54.2008 49.5781 47.6697 47.4271 49.5465 47.6184 49.0326 51.8761 51.2367 46.6650 49.6737 53.4710 52.6394 51.6392 50.3395 51.4731 48.2125 53.2427 53.1144 48.4323 49.4354 51.7900 51.6851 53.8109 53.1703 50.3562 53.6621 12.8295 17.5830 17.8661 12.9244 8.6634 15.5638 15.6412 11.9304 9.9151 15.3769 12.1802 15.7048 20.3084 15.2058 17.7872 13.0890 10.3108 13.9822 14.3526 15.2262 6.2416 11.7967 12.2443 13.7241 17.2788 17.2247 13.5469 17.4109 16.6780 12.7689 17.4514 21.8219 20.2920 23.6557 13.5223 8.2004 20.5330 21.5577 11.3333 16.9459 24.5328 16.5085 20.2240 18.0048 22.8459 12.3195 15.2111 26.1006 16.6215 17.9626 18.5211 16.7099 16.3178 24.1138 12.8693 16.4267 17.9097 15.0968 13.3815 13.6209 39.2476 43.8620 43.9501 44.1138 42.5808 45.8098 40.9560 42.6861 38.7001 34.8555 46.0332 40.5515 42.9397 36.2914 40.8938 37.7321 36.7660 39.5884 44.2294 35.4594 41.1150 40.1961 38.1206 43.2444 43.1421 37.4428 33.0794 40.6770 44.1527 43.8899
1.6311 3.4370 2.6046 3.0888 3.0907 4.4201 4.2150 5.6226 4.8204 5.9650 6.2706 1.9032 1.4489 4.3133 5.0880 1.7746 1.5382 2.3010 2.9497 2.1088 9.4110 3.0315 2.7853 2.9678 1.6988 0.0000 4.4490 2.6516 1.7457 7.0073 52.2030 49.1422 51.7719 54.0761 49.4535 47.5885 47.3696 49.4219 47.5610 48.9080 51.7515 51.1121 46.6097 49.5491 53.3464 52.5148 51.5146 50.2149 51.3485 48.1156 53.1181 52.9898 48.3077 49.3108 51.6654 51.5605 53.6863 53.0457 50.2316 53.5375 12.6580 17.3994 17.6897 12.7488 8.4847 15.4713 15.5192 11.8193 9.7960 15.2548 12.0617 15.5735 20.1248 15.0222 17.5688 12.8946 10.0883 13.7890 14.2345 15.0497 6.0617 11.6771 12.0411 13.5312 17.1568 17.0411 13.3858 17.2273 16.5160 12.6187 17.3645 21.7351 20.1436 23.5073 13.4390 7.0865 20.4700 21.4093 11.2612 16.8672 24.4082 16.4217 20.1372 17.9232 22.6953 12.2473 15.1243 25.9500 16.5346 17.8735 18.4490 16.6231 16.2309 23.9632 12.7972 16.3545 17.8228 15.0100 13.3094 13.5903 39.1167 43.7396 43.7995 43.9892 42.4549 45.6614 40.8314 42.5427 38.5777 34.7330 45.8826 40.4031 42.8151 36.1690 40.7454 37.5837 36.6435 39.4378 44.0810 35.3370 40.9666 40.0737 37.9982 43.1198 43.0175 37.3204 32.9552 40.5546 44.0281 43.7675
4.8169 1.5501 2.6839 2.9443 7.3633 5.9383 1.9585 2.8908 2.6224 2.8907 2.8555 4.6667 3.7036 3.9420 1.5367 4.1380 3.2130 4.7227 3.1190 3.2475 5.8293 2.1180 2.3780 1.9958 4.5620 4.4490 0.0000 2.7010 4.7515 3.6807 48.0976 45.1969 47.6665 49.9707 45.4831 43.6432 43.4243 45.3425 43.6157 44.8875 47.6461 47.0067 42.6452 45.5658 49.2410 48.4094 47.4092 46.1993 47.2431 44.1703 49.0127 48.8844 44.3510 45.2054 47.5600 47.4551 49.5809 48.9403 46.2768 49.4321 8.4095 13.0930 13.3441 8.4514 4.3754 11.2330 11.1773 7.5241 5.5524 10.9458 7.7243 11.3203 15.8491 10.7158 13.2921 8.7210 5.7756 9.6675 9.9392 10.7145 2.4631 7.3396 7.8941 9.3529 12.8148 12.7567 9.0905 12.9209 12.3716 8.4687 13.0588 17.5582 15.8995 19.2529 9.2736 5.9680 16.4752 17.1785 6.9962 12.6104 20.3202 12.2354 15.9036 13.6573 18.4503 8.1426 10.8287 21.6991 12.2349 13.7023 14.2492 12.3244 11.9693 19.7144 8.8134 12.2799 13.5219 10.7668 9.0947 9.9930 34.9921 39.6150 39.6780 39.8838 38.3303 41.4919 36.7260 38.4180 34.4530 30.6084 41.6480 36.1619 38.7097 32.0444 36.5533 33.4109 32.5189 35.2565 39.9238 31.2123 36.8250 35.9490 33.8735 39.0144 38.9121 33.1958 28.8305 36.4299 39.9227 39.6429
3.1312 2.5072 2.3581 1.0276 5.5943 3.6626 1.9451 3.0690 3.1279 3.4326 3.8510 2.7153 2.7039 2.6682 2.6695 2.1069 1.7685 3.8115 1.1706 1.7718 6.8787 1.2211 1.4979 2.0971 3.4492 2.6516 2.7010 0.0000 3.4680 4.6604 49.7879 46.8495 49.3568 51.6611 47.1358 45.2959 45.0769 47.0069 45.2683 46.5401 49.3364 48.6970 44.3261 47.2185 50.9313 50.0997 49.0995 47.8520 48.9335 45.8229 50.7030 50.5748 46.0036 46.8957 49.2503 49.1454 51.2712 50.6307 47.9294 51.1225 10.2262 14.9881 15.2341 10.2924 6.0724 12.8516 12.9591 9.2210 7.2241 12.6625 9.4585 13.0624 17.6357 12.6127 15.1969 10.5321 7.7345 11.4816 11.7042 12.6093 3.7470 9.0823 9.7488 11.1705 14.5644 14.5520 10.9163 14.7382 14.1750 10.2672 14.7280 19.1742 17.6103 20.9740 10.8634 5.0485 18.0601 18.8954 8.6305 14.2379 21.9931 13.8503 17.5395 15.2926 20.1530 9.7325 12.4878 23.4077 13.8981 15.3170 15.8767 13.9866 13.5969 21.4209 10.4032 13.8698 15.1863 12.3943 10.7180 11.2093 36.7107 41.3336 41.3684 41.5741 40.0489 43.2105 38.4227 40.1366 36.1717 32.3270 43.3403 37.8805 40.4001 33.7630 38.2719 35.1295 34.2375 36.9469 41.6424 32.9309 38.5436 37.6676 35.5921 40.7047 40.6104 34.9144 30.5491 38.1485 41.6130 41.3615
1.7348 3.8109 2.3452 3.6385 2.8576 4.5443 4.5294 6.0366 5.0337 6.3474 6.6602 2.4865 1.2298 5.1146 5.4145 2.5701 2.4635 2.9678 4.0706 3.2143 9.7708 3.2982 3.4481 3.2254 1.5573 1.7457 4.7515 3.4680 0.0000 7.1514 52.5352 49.5390 52.1041 54.4084 49.8253 47.9854 47.7664 49.7541 47.9578 49.2402 52.0837 51.4443 47.0852 49.9080 53.6786 52.8470 51.8468 50.5471 51.6808 48.5124 53.4503 53.3220 48.6931 49.6430 51.9976 51.8927 54.0185 53.3780 50.6189 53.8697 12.9865 17.8167 18.0643 13.1439 8.8460 15.7554 15.9195 12.2087 10.1806 15.6567 12.4757 15.9201 20.5539 15.4395 17.9861 13.1962 10.4530 13.7681 14.6309 15.4243 6.4016 12.0911 12.3168 13.8137 17.5571 17.4585 13.7786 17.6447 16.4850 12.8296 17.7444 22.0774 20.4880 23.8518 13.7637 8.3783 20.8983 21.7537 11.5858 17.2138 24.7404 16.7522 20.4646 18.2844 22.9728 12.6207 15.4578 26.2158 16.8620 18.2117 18.7736 16.9505 16.5584 24.2290 13.2834 16.7149 18.1911 15.3585 13.6341 14.0461 39.5276 44.1505 44.1157 44.3586 42.8674 46.0274 41.2396 42.9536 38.9886 35.1440 46.1713 40.7476 43.1721 36.5799 41.0898 37.9863 37.0545 39.7098 44.4651 35.7479 41.4099 40.4846 38.4091 43.4520 43.4274 37.7313 33.3661 40.9655 44.3603 44.1784
7.3022 3.8277 5.0843 4.3409 9.8009 7.9415 3.0195 2.2527 3.6726 1.3685 2.0649 6.9265 6.1135 4.5313 2.9805 5.7494 5.8642 7.0805 4.2695 6.0797 3.4449 4.0744 4.6099 4.1678 7.1525 7.0073 3.6807 4.6604 7.1514 0.0000 45.6995 42.8923 45.3512 47.5330 43.1785 41.3386 41.1197 43.0379 41.3111 42.5829 45.3237 44.6943 40.4395 43.2612 46.8032 46.0590 45.0807 43.8947 44.9315 41.8657 46.6161 46.4467 42.0464 42.8696 45.2372 45.1251 47.1432 46.5455 43.9722 47.0001 5.8398 10.6974 10.9176 6.0411 2.0218 8.6050 8.7691 5.1264 3.0606 8.5529 5.3556 8.7698 13.4484 8.3202 10.8966 6.0541 3.3353 6.8297 7.5311 8.2776 1.7008 4.9544 5.1954 6.6802 10.4164 10.3612 6.6824 10.5278 9.5269 5.6846 10.6817 15.3676 13.6285 16.9367 7.0830 5.1408 14.2216 14.9660 4.7891 10.3680 18.0156 10.0448 13.6997 11.3958 16.0061 5.9521 8.4256 19.2381 9.8386 11.4496 12.0525 9.9092 9.7313 17.2159 6.6265 10.0894 11.1488 8.5729 6.9041 7.4613 32.6533 37.2762 37.2403 37.4843 35.9915 39.1531 34.3653 36.0792 32.1143 28.2696 39.2342 33.8231 36.2978 29.7056 34.2145 31.0722 30.1801 32.8260 37.5851 28.9092 34.4957 33.6102 31.5347 36.5766 36.5530 30.8570 26.4917 34.0911 37.4850 37.3041
52.3498 49.0253 50.4580 49.4183 55.1187 53.3320 48.3332 46.8605 47.5701 46.6368 46.2650 52.3248 51.5040 49.8986 47.4717 51.0135 51.1592 52.5528 49.5344 51.1325 43.5144 49.4143 50.1106 49.5731 52.3276 52.2030 48.0976 49.7879 52.5352 45.6995 0.0000 4.0476 0.8825 1.9931 3.1544 5.4746 5.9463 3.5373 5.1551 4.5523 1.0762 2.0759 6.9157 4.1995 1.9072 1.2725 1.5794 2.7085 2.0479 5.5272 2.7963 1.2493 4.0055 3.1600 1.0576 1.2969 1.6252 1.0286 3.1071 3.6343 40.3431 35.7452 35.9024 40.3008 44.3220 37.8272 37.7701 41.2919 43.1456 38.0471 40.9634 37.6788 32.8694 38.1618 35.7756 40.5010 43.1288 39.8430 39.0348 38.3973 46.5089 41.2626 41.2698 39.8001 36.4627 36.1845 39.8106 35.9459 37.1993 40.5311 35.4647 31.2848 32.2213 28.8623 39.1971 45.6861 32.4468 31.0197 41.2797 35.9566 27.7948 36.2209 32.6809 34.8456 29.7876 40.1493 37.7037 26.5724 36.3612 34.8116 34.4142 36.2003 36.5150 28.5988 39.9491 36.3974 35.0572 37.7408 39.2578 39.1704 14.2052 10.5111 10.2855 9.8703 11.8249 9.2187 12.2907 11.4065 14.3740 18.1136 9.5016 13.5967 10.7712 16.8010 13.2041 16.3738 16.4143 13.9183 11.0639 17.4181 13.6363 13.4670 15.1051 10.4951 10.7107 15.6362 19.9222 12.4244 9.7574 10.9606
49.2854 46.2047 47.5335 46.3576 52.0543 50.3610 45.4041 43.9859 44.5535 43.8296 43.2823 49.3218 48.5054 47.0914 44.5127 47.9491 48.1545 49.6734 46.5825 48.1051 40.5043 46.4462 47.2232 46.6775 49.2632 49.1422 45.1969 46.8495 49.5390 42.8923 4.0476 0.0000 3.6677 5.6826 2.0709 3.1503 2.8549 3.2039 2.6698 3.4214 3.8835 3.6555 4.7575 3.2737 5.0066 3.8978 3.4326 2.0828 3.8420 3.8107 4.9911 4.9604 1.2618 3.0695 3.4181 3.7258 5.2264 4.5552 2.1517 5.6230 37.5359 32.9380 33.1255 37.4936 41.5148 35.0200 34.9629 38.4847 40.3384 35.2399 38.1562 34.8716 30.0928 35.3546 33.1236 37.6938 40.3215 37.0357 36.2275 35.5901 43.7017 38.4554 38.4626 36.9929 33.7623 33.4396 37.0034 33.1386 34.3920 37.7238 32.6575 28.4287 29.4135 26.0901 36.2583 42.6217 29.4000 28.1836 38.3956 33.1077 24.8767 33.3077 29.7936 32.0158 26.9804 37.1963 34.8965 23.7652 33.5540 31.9030 31.5197 33.3931 33.6618 25.7915 36.8965 33.4096 32.2850 34.8435 36.3529 36.1060 12.3280 9.8512 9.1769 8.7251 10.6278 10.6580 10.5879 10.1462 12.5585 15.6825 11.2259 12.0829 9.3289 14.8479 11.6350 15.0518 14.6696 12.0586 10.6090 15.1311 12.5219 11.9558 13.4590 8.8510 9.4583 13.6900 17.4968 11.0260 8.6703 10.1050
51.9187 48.6636 50.0269 48.9872 54.6876 52.9009 47.9021 46.4448 47.1390 46.2885 45.8339 51.8937 51.0729 49.5502 47.0406 50.5824 50.7281 52.1322 49.1033 50.7014 43.0833 48.9832 49.6821 49.1420 51.8965 51.7719 47.6665 49.3568 52.1041 45.3512 0.8825 3.6677 0.0000 2.5063 2.9314 5.2584 5.5629 3.4659 4.8713 4.4453 0.7839 2.2617 6.8147 4.2278 2.0905 1.3117 1.7326 2.8338 2.4369 5.4101 2.7224 1.6123 3.6981 2.9150 1.1803 1.4787 2.2106 1.3366 3.0411 3.5299 39.9947 35.3968 35.5540 39.9524 43.9737 37.4789 37.4217 40.9435 42.7973 37.6988 40.6150 37.3304 32.5211 37.8135 35.4754 40.1526 42.7804 39.4946 38.6864 38.0489 46.1606 40.9143 40.9215 39.4517 36.1143 35.8361 39.4623 35.5975 36.8509 40.1827 35.1163 30.8537 31.8724 28.5140 38.7660 45.2550 32.0157 30.6124 40.8545 35.5666 27.3637 35.7898 32.2525 34.4747 29.4392 39.7182 37.3554 26.2241 36.0129 34.3805 33.9831 35.8520 36.1206 28.2504 39.5180 35.9663 34.7088 37.3097 38.8267 38.7393 13.9032 10.6062 10.1167 9.7329 11.7210 9.2295 11.9862 11.3533 14.0071 17.7653 9.4295 13.4519 10.6660 16.4494 13.0210 16.2975 16.1430 13.7495 11.1231 17.2202 13.7314 13.1851 14.9399 10.3263 10.6928 15.2655 19.6220 12.2770 9.7073 10.9597
54.2230 50.8985 52.3312 51.2915 56.9919 55.2052 50.2064 48.7337 49.4433 48.5091 48.1382 54.1979 53.3772 51.7459 49.3448 52.8867 53.0324 54.4259 51.4076 53.0057 45.3876 51.2875 51.9837 51.4463 54.2008 54.0761 49.9707 51.6611 54.4084 47.5330 1.9931 5.6826 2.5063 0.0000 4.6866 6.8049 7.4631 4.8847 6.8359 5.7879 2.5839 3.3460 8.2900 5.2644 1.4142 1.9566 2.7515 4.0315 2.9623 6.7828 2.2448 1.5143 5.9573 4.8547 2.4801 2.6854 0.7832 1.4125 4.2454 2.8520 42.1588 37.5609 37.7181 42.1165 46.1377 39.6429 39.5858 43.1076 44.9613 39.8628 42.7843 39.4945 34.6851 39.9775 37.5635 42.3167 44.9444 41.6586 40.8504 40.2130 48.3289 43.0783 43.0855 41.6158 38.2783 38.0001 41.6263 37.7615 39.0149 42.3467 37.2988 33.1580 34.0945 30.7179 41.0703 47.5593 34.3199 32.8929 43.1529 37.8297 29.6679 38.0941 34.5540 36.7187 31.6033 42.0225 39.5505 28.3881 38.1828 36.6848 36.2874 38.0205 38.3882 30.4144 41.8223 38.2705 36.8963 39.6140 41.1310 41.0436 15.9529 12.0005 11.8265 11.4628 13.3648 10.6524 14.0580 13.0523 16.1062 19.8534 10.5733 15.3073 12.3711 18.5375 14.9378 18.0956 18.1422 15.5926 12.3793 19.2531 14.9994 15.1526 16.7768 12.1637 12.3681 17.3684 21.7100 14.1715 11.4323 12.2821
