0.0000 3.5906 3.0825 3.8366 2.9185 1.8484 1.9070 6.9208 5.3495 3.2471 2.2805 3.1527 3.1380 3.0410 2.6327 2.4804 2.1067 3.9098 5.1346 2.3123 9.9158 1.7255 2.8520 3.1671 3.0389 2.9845 2.2352 3.4052 2.6042 4.4054 98.2297 100.3512 99.3253 101.7201 99.0947 98.8426 101.3719 98.1899 99.8580 98.5792 99.1910 98.2430 99.6447 98.6682 101.0880 101.2198 99.6415 100.3762 98.2879 98.5765 100.9078 99.1856 97.6903 91.3320 100.6019 99.0490 100.8900 99.9961 102.0601 100.1523 3.3434 7.3750 7.2132 4.4466 2.8013 7.5674 8.0850 8.3034 5.0059 8.8873 9.5421 8.1339 13.9709 6.4128 9.3079 3.3652 2.6018 3.2845 7.5447 5.0123 3.3350 7.5290 2.1124 3.5505 10.7764 10.1618 4.8474 10.0825 5.0871 3.4450 22.4644 35.7824 27.0744 32.0558 25.6336 20.0946 39.4495 31.0936 18.5491 27.8324 38.9276 26.5168 32.9628 25.2902 30.1587 19.9140 21.4490 28.2883 24.7002 34.9015 30.4982 21.5004 28.6553 30.9202 23.7096 26.0988 24.5846 23.9533 22.1446 28.7784 53.8403 61.9761 58.6167 62.0800 56.1998 55.7138 62.4142 58.1647 60.4112 54.1430 55.4067 53.8530 60.4143 55.5906 54.0370 53.3802 59.2506 52.9308 57.3470 59.1311 58.9635 54.2441 58.2704 58.0885 60.0366 59.3332 51.1667 59.7982 59.3383 64.2202
3.5906 0.0000 1.8530 4.8985 1.7898 3.3193 3.4357 6.7827 5.4021 5.0838 5.0531 2.2277 1.6039 2.6762 3.6215 2.3199 2.4753 1.5826 4.9897 2.9915 11.7271 3.5179 3.1572 1.7864 2.4749 2.4217 3.0601 4.7165 2.9183 4.6297 99.9292 101.8943 101.0086 103.4888 100.7785 100.4225 102.9103 99.9915 101.4596 100.3134 100.8866 99.9235 101.3779 100.3180 102.8871 102.9358 101.3285 102.0283 99.9521 100.2516 102.5540 100.9961 99.2807 92.9977 102.3372 100.7482 102.5711 101.7137 103.7615 101.7773 6.1840 8.7946 10.1029 7.4368 4.9202 9.9719 10.8810 10.9432 7.1518 11.3696 12.0702 9.4005 16.0002 8.9769 12.1642 6.2977 4.1244 5.7175 10.5756 6.9356 4.1308 9.3265 4.6449 5.8373 13.5616 12.4558 7.6974 12.6334 6.4689 5.7710 23.7909 36.9603 28.0460 33.1389 26.3776 21.0618 39.8844 32.0027 19.6109 29.0910 39.3696 27.2477 33.7985 26.4875 31.1826 20.7401 23.1813 28.8151 26.2100 35.0931 31.6493 23.1743 29.3679 31.9368 24.6971 27.1667 25.7693 25.0979 22.9275 29.5931 55.5907 63.8318 60.3766 63.8281 58.1018 57.6435 64.0765 60.1458 62.1481 55.8553 57.3058 55.8504 61.9714 57.1921 56.1455 55.4460 61.0706 54.3466 59.3305 60.8389 61.0025 55.7982 59.8751 59.6103 61.7288 61.1805 52.7571 61.3487 60.8483 66.2051
3.0825 1.8530 0.0000 4.4205 1.5183 2.8037 2.8848 6.5926 5.0342 4.5245 4.5306 2.1498 2.0945 2.6300 2.9161 2.3373 1.8955 2.1283 4.9676 2.7478 11.2329 3.2224 2.8952 1.8124 2.5707 2.5740 2.4190 4.4770 2.7220 4.4032 99.5456 101.5856 100.6730 103.1118 100.4311 100.1215 102.5588 99.6151 101.1634 99.9627 100.5143 99.6295 101.0180 99.9225 102.5096 102.5791 100.9602 101.6987 99.6188 99.9374 102.2105 100.6061 98.9797 92.6218 101.9921 100.3437 102.2584 101.3741 103.4566 101.4172 5.3498 8.0666 9.4554 6.8739 4.1694 9.2356 10.2746 10.4533 6.5550 10.6956 11.4100 8.9135 15.2885 8.4048 11.4915 5.5667 3.5993 5.3100 9.9281 6.3562 3.9834 8.6917 4.1430 5.0356 12.9573 11.7691 7.0019 11.9304 5.9601 5.4267 23.5005 36.4876 27.7029 32.8000 26.1405 20.7091 39.5333 31.6022 19.4037 28.7700 39.1821 26.9147 33.3377 26.1471 30.8112 20.5072 22.8344 28.6328 25.9139 34.7676 31.3074 22.4970 29.0452 31.6158 24.3391 26.7802 25.2974 24.8526 22.5394 29.3481 55.2733 63.3802 59.9022 63.4594 57.6832 57.1957 63.7677 59.6685 61.7571 55.3996 56.8725 55.3332 61.6936 56.8107 55.5448 54.9839 60.5882 53.9067 58.8103 60.4912 60.4493 55.4271 59.4883 59.2768 61.2534 60.7310 52.3825 60.9566 60.3629 65.8081
3.8366 4.8985 4.4205 0.0000 4.1284 4.0320 4.7806 4.8799 3.2132 2.0590 3.4061 5.5501 4.7598 3.3164 2.4721 4.8603 3.3298 5.8197 2.6872 2.6226 7.4592 4.0008 2.8279 4.9610 2.9679 4.8027 3.5422 2.8067 5.4799 2.3129 95.3881 97.4697 96.5062 98.9262 96.2645 95.9710 98.4440 95.4344 96.9836 95.7960 96.4128 95.4620 96.8653 95.7754 98.3364 98.3862 96.7666 97.5267 95.4609 95.7571 98.0446 96.4150 94.8330 88.4600 97.8393 96.1858 98.0654 97.1983 99.3096 97.2645 3.6241 4.8019 6.5571 4.5321 2.9276 5.8872 7.3007 6.8867 3.3165 7.2044 7.8285 5.1195 11.3003 5.3645 8.4926 4.6062 2.1706 3.7302 7.0959 3.5812 3.5650 4.9599 3.6879 2.7091 9.4923 8.1497 5.6805 8.2397 2.2206 3.1254 19.5729 32.7647 23.9100 29.0171 22.3717 17.1281 36.1822 27.8146 15.8260 25.1951 35.5453 23.3766 29.9134 22.3496 27.0996 17.2476 19.0809 25.0832 21.9378 31.5682 27.5571 18.8926 25.4324 27.7584 20.4978 22.9508 21.5718 21.0668 18.9123 25.4695 51.3785 59.4189 56.0033 59.5030 53.7647 53.2488 59.8831 55.7229 57.7268 51.6094 52.8478 51.4304 57.7662 53.0047 51.6437 51.1478 56.6295 50.0817 54.8823 56.5360 56.5841 51.6147 55.5692 55.2865 57.4237 56.8379 48.4847 57.0215 56.5646 61.8376
2.9185 1.7898 1.5183 4.1284 0.0000 2.8481 2.8084 5.8386 5.3313 4.3761 4.3859 2.3611 1.7559 2.4527 2.9786 2.3650 1.5469 2.4847 4.6375 2.4278 10.7255 3.3227 2.6294 2.2399 2.2565 2.7151 1.8797 4.3951 2.7444 3.9607 99.3746 101.4253 100.4794 102.9025 100.2415 99.9587 102.4227 99.4094 100.9620 99.7767 100.3923 99.3928 100.8195 99.7448 102.3183 102.3759 100.7402 101.4939 99.4258 99.7299 102.0318 100.3977 98.8085 92.4078 101.8133 100.1667 102.0344 101.1756 103.2558 101.2351 5.3613 7.9099 9.3264 6.6756 4.1696 9.2081 10.2056 10.1386 6.2103 10.5834 11.1075 8.3942 15.0300 8.2432 11.4124 5.5637 3.1187 5.3476 9.5935 5.8646 3.2353 8.6056 3.6882 4.9114 12.7808 11.6966 6.9124 11.5876 5.6796 4.8857 23.2314 36.5165 27.5523 32.5276 25.9575 20.5958 39.2170 31.4988 19.3176 28.8589 38.8474 26.8326 33.4809 26.0361 30.7793 20.5947 22.8279 28.2073 25.4785 34.6817 31.3105 22.5795 29.0156 31.4953 24.0907 26.6235 25.2783 24.4249 22.4179 29.0052 55.1489 63.2592 59.8208 63.3845 57.5574 57.1164 63.6868 59.5972 61.6404 55.4252 56.7261 55.2584 61.5559 56.7508 55.4895 54.9754 60.5213 53.8145 58.7129 60.3839 60.4162 55.3685 59.4350 59.1673 61.2752 60.7157 52.3083 60.8652 60.3003 65.7020
1.8484 3.3193 2.8037 4.0320 2.8481 0.0000 1.6699 7.0112 5.4208 3.5207 2.6692 2.9392 3.0879 3.4249 2.6739 2.9941 1.8648 3.7303 5.4600 2.7154 10.2872 2.1949 2.9577 3.2602 2.9697 3.4462 1.9255 3.7257 2.7725 4.6666 98.5406 100.7187 99.6465 102.0668 99.4244 99.1825 101.5964 98.5434 100.1650 98.8698 99.4740 98.6925 99.9866 98.9723 101.4290 101.5180 99.9477 100.7086 98.6350 98.9291 101.2164 99.5084 98.0162 91.6067 101.0095 99.3543 101.2199 100.3557 102.4680 100.4128 3.6913 7.2691 7.5858 5.0208 2.7843 7.7047 8.3706 8.7999 5.4940 9.1468 9.9285 8.2040 14.2706 6.6067 9.6543 3.4226 2.6284 3.8473 8.1086 4.9696 3.9827 7.5199 2.5502 3.6098 11.3181 10.3542 4.8575 10.3887 5.2019 4.1764 22.9665 36.0527 27.3811 32.4985 25.9575 20.5287 39.6445 31.2718 19.0794 28.2907 39.1065 26.7188 33.1193 25.6764 30.4743 20.3204 21.9906 28.6369 25.1638 34.9407 30.8174 21.8846 28.8513 31.2810 23.9814 26.4334 24.8909 24.4157 22.4210 29.1026 54.3208 62.3371 59.0997 62.4524 56.6379 56.0686 62.9446 58.5501 60.7369 54.5289 55.7566 54.1823 60.8343 56.0672 54.4017 53.7352 59.6814 53.2269 57.7801 59.4964 59.2642 54.6167 58.5638 58.4741 60.2879 59.6327 51.5498 60.1389 59.7174 64.6505
1.9070 3.4357 2.8848 4.7806 2.8084 1.6699 0.0000 7.3024 6.2748 4.1082 3.0017 2.4611 3.1506 3.8151 3.3360 2.5679 2.2506 3.4108 6.0274 3.1793 10.7617 2.2371 3.2858 3.0575 3.5381 3.2273 2.0343 4.2293 2.2036 5.1154 99.3889 101.5816 100.5019 102.8803 100.2855 100.0498 102.5060 99.3599 101.0450 99.7325 100.3513 99.5050 100.8457 99.8398 102.2618 102.3859 100.7963 101.5581 99.4897 99.7791 102.0864 100.3440 98.8926 92.4935 101.8227 100.2173 102.0483 101.2040 103.2929 101.3088 4.2226 8.0636 8.0909 5.3730 3.5349 8.4879 8.8743 9.2857 5.8728 9.7748 10.4679 8.9844 14.9325 7.1464 10.1106 3.7424 3.2988 4.2813 8.2964 5.5861 3.8131 8.3926 2.5078 4.3338 11.8123 11.0183 5.0740 10.9412 5.9769 4.3595 23.6351 36.9214 28.2912 33.1637 26.8555 21.2474 40.3689 32.2291 19.8156 29.0474 40.0745 27.6076 34.0512 26.4470 31.2418 21.1395 22.7163 29.2926 25.8170 35.8430 31.6355 22.6861 29.7509 32.1791 24.7932 27.2676 25.7439 24.9860 23.3364 29.9249 55.0412 63.1041 59.8368 63.2172 57.3260 56.8223 63.6125 59.2918 61.5662 55.3274 56.5587 54.9403 61.5695 56.8175 55.1274 54.4826 60.4392 54.0220 58.4428 60.2590 60.0211 55.3606 59.4084 59.3284 61.0993 60.4238 52.3797 60.9411 60.4596 65.4127
6.9208 6.7827 6.5926 4.8799 5.8386 7.0112 7.3024 0.0000 6.6636 5.8092 7.0704 7.6260 6.7391 6.0437 6.0925 7.3713 5.7541 7.6503 4.2078 5.7531 7.2961 7.3778 5.1803 7.1363 5.5292 7.0383 5.6429 6.3249 7.8592 3.6268 96.0105 98.1583 97.1591 99.4617 96.9023 96.6308 99.0734 96.1105 97.5627 96.4995 97.2073 96.0339 97.4549 96.3562 99.0301 99.0024 97.2399 98.0919 96.1237 96.3666 98.6711 97.0835 95.5172 88.9053 98.5631 96.7102 98.4977 97.7780 100.0251 97.8818 7.3153 6.8085 9.7618 8.1667 6.6121 9.0707 10.4568 9.4322 5.6140 9.7732 9.6037 5.6954 12.0539 8.5147 11.4688 7.9886 5.3016 7.6260 9.4659 5.3169 4.4952 7.7234 6.4309 6.1784 12.1092 10.3952 8.9271 9.9434 5.0482 5.5414 19.6353 33.3257 24.4662 28.3170 22.5499 17.2352 34.3871 28.1082 17.0471 26.4370 34.9297 23.7279 30.8010 22.7790 27.3624 18.6438 20.8802 23.3521 21.4971 31.0376 28.2821 20.2472 25.4860 28.3637 20.2105 23.0787 22.0314 20.0266 19.1380 24.8671 52.2694 60.2767 56.7032 60.3088 54.4667 54.0882 60.6156 56.6642 58.6153 52.6479 53.8241 52.4655 58.3492 53.9702 52.7953 52.5426 57.5624 50.4498 55.5954 57.1856 57.7641 52.2429 56.4180 56.0928 58.2931 57.9025 49.4201 57.6700 56.9111 63.0598
5.3495 5.4021 5.0342 3.2132 5.3313 5.4208 6.2748 6.6636 0.0000 3.7442 5.2317 6.3497 5.7684 4.0079 3.3535 5.8153 4.8012 6.3345 3.2816 3.9493 8.8776 5.1873 4.1488 5.5322 4.1705 5.6076 5.4826 3.7696 6.6847 3.7054 95.1432 97.0645 96.2226 98.7585 95.9859 95.6097 98.0660 95.2503 96.7240 95.5772 96.0371 95.2235 96.6259 95.4751 98.1149 98.1952 96.5919 97.2625 95.1608 95.5067 97.7523 96.2776 94.4744 88.2452 97.5455 95.9424 97.8848 96.9759 99.0271 96.9712 5.1709 5.3372 7.7883 6.2543 4.2528 6.5667 8.3967 8.2659 5.3046 8.1090 9.0732 6.5805 12.0327 6.6948 9.4772 6.1651 4.4497 4.8691 8.8462 5.9044 5.5973 5.6325 5.8846 4.6248 10.4287 8.7815 7.3513 9.6724 3.7970 5.3933 19.5396 31.9395 23.2884 28.8293 21.8085 16.6804 35.9192 27.1518 15.0804 24.3222 35.1466 22.5392 28.6693 21.9455 26.4598 16.1215 18.5957 25.1658 22.4094 30.5811 26.9013 18.3736 24.6240 27.1404 20.2832 22.4952 20.9186 21.4442 18.3040 25.3779 51.0968 59.2212 55.6335 59.1311 53.6665 53.0504 59.4960 55.5111 57.4522 51.0559 52.7263 51.3477 57.4636 52.5499 51.5429 50.8984 56.2546 49.6833 54.7579 56.2919 56.3386 51.2814 55.1504 54.8618 56.9535 56.4970 48.0626 56.6284 56.1858 61.5862
3.2471 5.0838 4.5245 2.0590 4.3761 3.5207 4.1082 5.8092 3.7442 0.0000 2.2676 5.3582 4.9227 3.7866 2.4320 4.7339 3.2912 5.8534 3.6824 2.8274 7.5575 3.2316 2.6994 4.8777 3.5367 4.7071 3.4688 2.0671 5.2560 2.9261 95.6470 97.7610 96.7097 99.1104 96.4913 96.2237 98.7004 95.6209 97.2590 95.9980 96.5838 95.7149 97.1024 96.0495 98.5122 98.6310 97.0376 97.7484 95.6982 96.0131 98.2763 96.6190 95.0872 88.7179 98.0451 96.4421 98.2603 97.4310 99.5633 97.5485 2.7345 4.8331 5.5544 3.4450 2.0470 5.2882 6.1914 6.1765 3.0184 6.5448 7.3519 5.8815 11.3982 4.3988 7.4792 3.2831 2.3085 2.7316 6.1307 3.3206 3.5452 4.8531 2.9855 1.7864 8.9307 7.6099 4.3260 7.9126 2.4611 2.3476 19.9606 33.1409 24.5878 29.5170 23.1649 17.6789 36.9835 28.4687 16.1932 25.4147 36.5513 23.9828 30.3434 22.7450 27.4825 17.7268 19.1232 25.9101 22.3711 32.3541 27.9162 19.1760 26.0235 28.4399 21.0982 23.5284 22.0476 21.5735 19.7266 26.3241 51.4968 59.5840 56.2011 59.5408 53.8282 53.2467 59.9703 55.7094 57.9223 51.7357 53.0140 51.4975 57.9676 53.2558 51.6664 51.0522 56.7559 50.4064 54.9069 56.6483 56.5534 51.8300 55.7946 55.6228 57.5003 56.8765 48.7557 57.2675 56.8297 61.8962
2.2805 5.0531 4.5306 3.4061 4.3859 2.6692 3.0017 7.0704 5.2317 2.2676 0.0000 4.6844 4.7525 4.1802 2.8870 4.1829 3.2458 5.5372 5.2367 3.1500 8.6559 2.3993 3.2879 4.7085 3.9674 4.4441 3.2008 2.7920 4.3534 4.3980 96.7181 98.9164 97.7961 100.1891 97.5873 97.3642 99.8608 96.6548 98.3623 97.0453 97.6481 96.8097 98.1616 97.1781 99.5554 99.6960 98.1313 98.8572 96.7948 97.0873 99.3822 97.6448 96.1977 89.8582 99.1048 97.5552 99.3652 98.5178 100.6136 98.6379 2.2167 6.1666 5.4160 2.7803 2.1560 5.9126 6.1703 6.5439 3.8280 7.1235 7.9312 7.2059 12.5068 4.4522 7.4313 2.0888 2.5283 2.2140 5.8795 3.9480 3.8026 6.0188 1.8395 2.3658 9.1269 8.3577 3.1448 8.4554 4.0756 2.5289 21.3332 34.5720 26.0933 30.9953 24.7380 19.2144 38.6601 30.0211 17.5962 26.6876 38.1514 25.5496 31.8839 24.1606 28.9985 19.0657 20.1696 27.5420 23.5754 34.0904 29.2984 20.3796 27.6530 29.8932 22.6666 25.0440 23.4706 22.9532 21.3331 27.8703 52.4837 60.5303 57.2840 60.5992 54.7770 54.2019 61.0269 56.6481 58.9638 52.7906 53.9628 52.3980 59.0453 54.3415 52.5480 51.8429 57.8076 51.6536 55.8685 57.6963 57.4258 52.9341 56.8914 56.7940 58.5786 57.8120 49.8792 58.4350 58.0925 62.7435
3.1527 2.2277 2.1498 5.5501 2.3611 2.9392 2.4611 7.6260 6.3497 5.3582 4.6844 0.0000 2.2405 3.7593 3.8194 2.3237 2.7431 1.7833 6.1882 3.7649 12.0744 3.3154 3.5985 1.9518 3.4057 2.6962 3.0001 4.9796 2.3194 5.4980 100.6803 102.7338 101.7667 104.1947 101.5338 101.2260 103.7100 100.6960 102.2624 101.0415 101.6148 100.7346 102.1250 101.0820 103.5876 103.6738 102.0902 102.8053 100.7314 101.0262 103.3256 101.6960 100.0849 93.7736 103.0718 101.4954 103.3308 102.4777 104.5426 102.5521 5.9689 9.1786 9.9079 7.1929 4.9865 9.9876 10.6362 10.9756 7.3250 11.4296 12.1943 10.0284 16.3838 8.7700 11.9009 5.6327 4.3630 5.6310 10.2282 7.0268 4.3611 9.7181 4.2507 5.8276 13.5664 12.5134 6.9263 12.6947 7.0382 5.7593 24.7276 37.8320 29.1665 34.1153 27.6095 22.1381 40.9834 33.0762 20.6653 29.9712 40.6764 28.4140 34.7913 27.4893 32.1593 21.8240 23.9105 30.0013 27.0851 36.3740 32.6111 23.8436 30.4625 33.0250 25.7716 28.2009 26.6283 26.0555 24.0716 30.7682 56.3542 64.5217 61.1080 64.5288 58.7498 58.2323 64.8116 60.7318 62.9128 56.5759 58.0083 56.4716 62.8292 58.0469 56.6710 55.9702 61.7677 55.2672 59.9185 61.5664 61.5617 56.6361 60.6701 60.5237 62.4171 61.8319 53.6396 62.2078 61.7154 66.8276
3.1380 1.6039 2.0945 4.7598 1.7559 3.0879 3.1506 6.7391 5.7684 4.9227 4.7525 2.2405 0.0000 2.8515 3.6079 2.2133 2.3121 2.0387 5.2391 2.9697 11.5952 3.2837 3.1952 1.9611 2.3950 2.4932 2.7166 4.6635 2.5806 4.7705 99.8825 101.8436 100.9399 103.3839 100.7020 100.3594 102.8748 99.9035 101.3898 100.2255 100.8578 99.8155 101.3075 100.2643 102.8041 102.8306 101.2476 101.9687 99.8870 100.1913 102.4807 100.8744 99.2345 92.9029 102.2642 100.6673 102.4968 101.6132 103.6891 101.7398 5.9722 8.8198 9.8251 7.0834 4.8255 9.7907 10.5821 10.6375 7.0549 11.1808 11.8847 9.1740 15.8362 8.7368 11.8942 5.9534 3.8100 5.6217 10.2368 6.5687 3.9446 9.2612 4.2688 5.5080 13.3426 12.3253 7.2790 12.3395 6.4089 5.4858 23.8529 37.1307 28.1131 33.2964 26.4860 21.2461 40.1079 32.1040 19.7701 29.2688 39.3899 27.5233 34.0527 26.6301 31.3578 21.0530 23.2228 28.9443 26.1844 35.4688 31.8157 23.2131 29.5660 31.9907 24.8080 27.2780 25.9389 25.1676 23.0231 29.6203 55.6379 63.8624 60.4169 63.8700 58.1074 57.6446 64.1345 60.1263 62.1457 55.9403 57.2503 55.8096 62.0752 57.2404 56.0625 55.4407 61.0784 54.4866 59.3421 60.8840 61.0195 55.8978 59.9399 59.5978 61.8147 61.2396 52.7908 61.4218 60.9217 66.1823
3.0410 2.6762 2.6300 3.3164 2.4527 3.4249 3.8151 6.0437 4.0079 3.7866 4.1802 3.7593 2.8515 0.0000 2.8701 2.5352 2.3564 3.5264 3.4053 1.5937 10.0761 3.2371 2.7859 2.8283 2.0274 2.6486 2.9529 3.6491 3.4018 3.4695 97.8617 99.8465 98.9678 101.4396 98.7318 98.3972 100.9275 97.9040 99.4373 98.2695 98.8564 97.8005 99.3117 98.2578 100.8316 100.9169 99.2948 99.9849 97.9039 98.1954 100.5177 98.9366 97.2414 90.9876 100.2436 98.6866 100.5414 99.6471 101.6540 99.7597 4.8042 7.3566 8.5767 5.9440 3.6502 8.4018 9.4465 9.2363 5.4034 9.6653 10.2848 7.8742 14.1162 7.7319 10.6493 5.5769 3.0618 4.4187 9.0227 5.8667 3.3874 7.7209 3.9595 4.6232 11.6425 10.9101 7.0293 10.8908 5.0398 4.5320 21.6443 35.0068 25.9707 31.1103 24.3547 18.9764 38.1719 30.0189 17.3804 27.0567 37.5511 25.2125 31.9328 24.3555 29.2719 18.6868 21.0202 26.9854 24.0660 33.3233 29.6528 21.0167 27.5491 29.8600 22.6655 25.0763 23.7413 23.0869 20.8838 27.5883 53.3919 61.6266 58.1437 61.7510 55.9061 55.5567 61.9183 58.0253 60.0144 53.7546 55.1142 53.6969 59.8261 54.9094 53.9652 53.3305 58.9365 52.2006 57.1768 58.7553 58.9001 53.6954 57.7659 57.4758 59.7276 59.1115 50.5763 59.2003 58.6746 64.0353
2.6327 3.6215 2.9161 2.4721 2.9786 2.6739 3.3360 6.0925 3.3535 2.4320 2.8870 3.8194 3.6079 2.8701 0.0000 3.6832 2.2489 4.3605 3.9496 2.1499 9.1418 2.8595 2.1756 3.6054 2.5474 3.8491 2.7331 2.7544 4.1948 3.1950 97.1388 99.2146 98.2348 100.6897 97.9966 97.7253 100.1755 97.1702 98.7614 97.5338 98.0848 97.2570 98.5896 97.5075 100.0507 100.1326 98.5346 99.2860 97.1893 97.5027 99.7849 98.1564 96.5703 90.2048 99.5721 97.9347 99.8532 98.9696 101.0481 98.9940 3.5354 5.7680 7.1459 4.9051 2.4586 6.6653 7.9669 8.1021 4.6590 8.2830 9.1096 6.8322 12.9494 5.9475 9.1331 4.0088 2.1088 3.5977 7.8317 4.4791 3.7410 6.2695 3.2018 2.9629 10.5958 9.2198 5.2424 9.5810 3.6383 3.6935 21.5299 34.3461 25.6734 30.9138 24.2608 18.9647 37.9730 29.5668 17.5384 26.7685 37.3969 25.0685 31.3230 24.2185 28.8399 18.7653 20.6414 27.1207 23.9654 33.1635 29.3020 20.4176 27.1606 29.5588 22.4203 24.7966 23.2366 23.1165 20.7107 27.5008 53.1083 61.1323 57.7042 61.1887 55.5177 54.9073 61.6209 57.3588 59.4716 53.1967 54.5806 53.1215 59.5746 54.7479 53.2693 52.7067 58.2711 51.8611 56.5806 58.2909 58.1340 53.3834 57.2981 57.0692 59.0334 58.4524 50.2364 58.7952 58.3537 63.4481
2.4804 2.3199 2.3373 4.8603 2.3650 2.9941 2.5679 7.3713 5.8153 4.7339 4.1829 2.3237 2.2133 2.5352 3.6832 0.0000 2.5051 2.1774 5.3555 2.7618 11.5041 2.4469 3.3045 1.7316 2.8714 1.4613 2.8727 4.3357 1.5966 5.0010 99.6644 101.6586 100.7751 103.1899 100.5393 100.2019 102.7620 99.6671 101.2547 100.0418 100.6339 99.6155 101.1108 100.1181 102.5852 102.7034 101.0985 101.7990 99.7100 99.9949 102.3419 100.6921 99.0641 92.8312 102.0053 100.5107 102.3258 101.4381 103.4307 101.5925 5.2792 8.9610 9.2378 6.3675 4.4661 9.5226 10.0547 10.1636 6.4991 10.7615 11.4557 9.6176 15.6661 8.3907 11.2934 5.4094 4.0021 4.7154 9.5583 6.8474 3.7723 9.1372 3.8111 5.4207 12.6292 12.0333 6.8595 12.0386 6.5453 5.1248 23.5122 36.9060 28.0851 33.0611 26.4905 20.9018 40.3115 32.1609 19.3473 28.7265 39.8273 27.4011 33.9078 26.2613 31.0970 20.5352 22.6068 29.0215 25.9043 35.6235 31.4552 22.7357 29.5302 31.8904 24.7453 27.1322 25.6904 24.9247 23.0267 29.7026 55.0318 63.3367 59.8864 63.3951 57.5001 57.1334 63.5367 59.5915 61.7555 55.3946 56.8160 55.2660 61.5355 56.6682 55.5255 54.7951 60.6160 54.0698 58.7465 60.3943 60.4767 55.3413 59.5087 59.2910 61.3495 60.6961 52.3578 60.9954 60.4651 65.6222
2.1067 2.4753 1.8955 3.3298 1.5469 1.8648 2.2506 5.7541 4.8012 3.2912 3.2458 2.7431 2.3121 2.3564 2.2489 2.5051 0.0000 3.1832 4.2878 1.8648 9.8868 2.5272 1.9768 2.5831 1.9437 2.7742 1.2682 3.4342 2.7694 3.4978 98.4439 100.5547 99.5552 101.9646 99.3241 99.0434 101.4931 98.4767 100.0423 98.8258 99.4336 98.5108 99.8951 98.8360 101.3652 101.4362 99.8275 100.5867 98.5203 98.8204 101.1069 99.4552 97.8948 91.4814 100.8957 99.2395 101.0930 100.2393 102.3506 100.3213 4.2187 7.0321 8.1470 5.5129 3.0735 8.0552 8.9765 9.0013 5.2255 9.4037 10.0395 7.7122 14.0763 7.0514 10.2052 4.3524 2.1532 4.1981 8.4903 4.8718 2.9249 7.5404 2.7495 3.7372 11.6651 10.5566 5.7800 10.5257 4.7821 3.9211 22.4586 35.7329 26.8993 31.8781 25.3603 19.9319 38.8082 30.8089 18.6120 28.0219 38.4147 26.2133 32.7626 25.2426 30.0187 19.9219 21.8866 27.7536 24.7080 34.2496 30.4913 21.7070 28.3365 30.8258 23.4090 25.9128 24.5109 23.7660 21.8180 28.4400 54.2221 62.2939 58.9296 62.3889 56.5749 56.0756 62.7551 58.5647 60.6826 54.4779 55.7626 54.2366 60.6520 55.8835 54.4673 53.8905 59.5823 52.9695 57.7277 59.4095 59.3779 54.4535 58.4786 58.3008 60.2627 59.6883 51.4059 59.9677 59.4364 64.7069
3.9098 1.5826 2.1283 5.8197 2.4847 3.7303 3.4108 7.6503 6.3345 5.8534 5.5372 1.7833 2.0387 3.5264 4.3605 2.1774 3.1832 0.0000 5.9966 3.8838 12.6337 3.7336 3.8553 1.4961 3.2632 2.3251 3.5657 5.3614 2.6130 5.6156 100.9150 102.8738 102.0282 104.4721 101.7855 101.4140 103.9102 100.9788 102.4704 101.3008 101.8719 100.9367 102.3823 101.3401 103.8736 103.9394 102.3331 103.0419 100.9594 101.2547 103.5681 101.9822 100.2890 94.0338 103.3074 101.7480 103.5735 102.7082 104.7379 102.7973 6.7188 9.7865 10.7445 7.9916 5.6805 10.7382 11.4788 11.6995 7.8737 12.1510 12.9051 10.4756 16.9026 9.6230 12.7701 6.6362 4.9865 6.1845 11.1446 7.8200 4.7263 10.2045 5.1613 6.5695 14.2676 13.2253 8.0586 13.4497 7.4507 6.4688 24.7482 37.8768 29.1099 34.1226 27.4316 21.9722 40.9392 33.0659 20.5693 29.8746 40.5496 28.3222 34.7204 27.4221 32.0475 21.5829 24.0059 29.8323 27.2148 36.1979 32.5177 23.9800 30.3090 32.9282 25.7499 28.1802 26.6993 26.0615 23.9505 30.6542 56.4470 64.7422 61.2665 64.7051 58.9365 58.4924 64.9009 60.9903 63.0776 56.6875 58.2283 56.6886 62.8644 58.0633 56.9745 56.2430 61.9593 55.2854 60.1666 61.6983 61.8680 56.6184 60.7657 60.5519 62.5599 62.0268 53.6733 62.2732 61.7158 67.0750
5.1346 4.9897 4.9676 2.6872 4.6375 5.4600 6.0274 4.2078 3.2816 3.6824 5.2367 6.1882 5.2391 3.4053 3.9496 5.3555 4.2878 5.9966 0.0000 3.4293 7.8379 5.1103 3.3197 5.1899 3.4221 4.8857 4.7373 3.6590 6.3087 1.9092 95.4771 97.3980 96.5578 98.9887 96.3056 95.9373 98.4576 95.5434 96.9967 95.9000 96.4763 95.4158 96.9174 95.8544 98.4679 98.5137 96.8468 97.5216 95.4937 95.7768 98.0993 96.5836 94.8152 88.5480 97.8639 96.2637 98.0504 97.2305 99.3095 97.3396 5.5442 5.9551 8.2245 6.3560 4.6429 7.5253 8.8900 8.2232 4.3881 8.5449 8.9567 6.0610 12.0023 7.1103 10.0521 6.4961 3.9721 5.0677 8.6321 5.3172 3.6790 6.1892 5.3448 4.7667 10.7221 9.3338 7.7143 9.6020 3.5658 4.3762 19.0345 32.4379 23.6328 28.3078 21.8024 16.4032 35.2978 27.5212 15.2168 24.7452 35.0752 22.8108 29.5351 21.8258 26.5342 16.5522 19.0396 24.0683 21.6100 30.7692 27.1136 19.0081 24.7626 27.4456 19.9783 22.4854 21.1883 20.3355 18.4387 24.9109 51.1730 59.4847 55.8732 59.3709 53.6760 53.2726 59.5568 55.8165 57.7551 51.5220 53.0206 51.6290 57.4507 52.8064 51.9678 51.3467 56.6703 49.8165 54.9301 56.3475 56.8762 51.3356 55.4697 55.1802 57.3850 56.9069 48.3772 56.8433 56.2791 61.9693
2.3123 2.9915 2.7478 2.6226 2.4278 2.7154 3.1793 5.7531 3.9493 2.8274 3.1500 3.7649 2.9697 1.5937 2.1499 2.7618 1.8648 3.8838 3.4293 0.0000 9.3136 2.6412 2.3001 3.1617 2.0560 3.0063 2.3209 3.0981 3.4455 3.0119 97.4273 99.4673 98.5119 100.9602 98.2911 97.9984 100.5018 97.4364 99.0236 97.8140 98.4052 97.4125 98.8551 97.8234 100.3619 100.4498 98.8360 99.5408 97.4701 97.7730 100.0874 98.4447 96.8521 90.5157 99.8272 98.2401 100.0967 99.2032 101.2705 99.3169 3.8280 6.5647 7.6086 5.0176 2.7111 7.5053 8.5105 8.3699 4.6322 8.7994 9.3978 7.1562 13.4017 6.6993 9.7288 4.5419 2.1249 3.7334 8.0543 4.8180 2.9897 6.9194 3.0379 3.5886 10.8393 10.0170 5.9550 9.9784 4.1368 3.5889 21.3867 34.7253 25.7765 30.8830 24.2164 18.8355 38.0179 29.7969 17.3096 26.8715 37.4126 25.0592 31.7444 24.1423 29.0251 18.6907 20.7090 26.8895 23.7277 33.2632 29.4155 20.6716 27.3593 29.6874 22.4064 24.8555 23.4933 22.8332 20.7725 27.4059 53.0910 61.2433 57.8170 61.3579 55.5359 55.1186 61.6560 57.5769 59.6173 53.3953 54.6843 53.2350 59.5510 54.6967 53.4676 52.8834 58.5193 51.9141 56.7186 58.3935 58.3740 53.4047 57.4380 57.1592 59.3192 58.6797 50.2675 58.8821 58.4001 63.6205
9.9158 11.7271 11.2329 7.4592 10.7255 10.2872 10.7617 7.2961 8.8776 7.5575 8.6559 12.0744 11.5952 10.0761 9.1418 11.5041 9.8868 12.6337 7.8379 9.3136 0.0000 10.3282 9.0848 11.7447 9.9141 11.3321 9.7563 8.3972 11.9643 7.4502 89.9904 92.3812 91.0936 93.3445 90.8758 90.7739 93.2350 89.9334 91.6624 90.4236 91.1220 90.1069 91.3804 90.3877 92.8762 92.9836 91.2575 92.0731 90.1218 90.3570 92.6961 90.9711 89.6145 82.9712 92.4926 90.7260 92.4623 91.7799 94.0326 91.9289 8.0179 5.4562 6.8004 7.6413 8.3604 6.0977 7.0899 5.3779 5.4630 5.3562 4.2518 4.5996 5.8620 6.3947 7.3644 8.7865 8.3391 8.5989 6.1879 6.0979 8.5436 5.3541 8.8797 7.3787 6.9475 5.4363 8.8192 4.5393 5.9222 6.8818 14.5308 28.2399 20.1359 23.4419 18.6987 13.2712 30.8956 23.6490 13.0268 21.6320 31.6054 19.5641 26.4330 17.9324 22.6872 15.1727 15.5691 20.0797 16.1532 27.7708 23.4382 15.1605 21.4339 23.9213 15.6324 18.3690 17.1229 15.3725 15.4908 20.8864 46.3774 54.1430 50.7528 54.2281 48.3713 47.7943 54.8056 50.3631 52.6465 46.8270 47.7099 46.3452 52.6551 48.4327 46.5188 46.2208 51.4881 45.0009 49.3226 51.2373 51.3897 46.7477 50.6853 50.5602 52.4266 51.7876 43.8362 51.9646 51.4588 56.7588
1.7255 3.5179 3.2224 4.0008 3.3227 2.1949 2.2371 7.3778 5.1873 3.2316 2.3993 3.3154 3.2837 3.2371 2.8595 2.4469 2.5272 3.7336 5.1103 2.6412 10.3282 0.0000 2.7255 2.9146 2.9901 2.6238 2.8318 2.9141 2.8920 4.6036 98.1865 100.2163 99.2633 101.6617 99.0312 98.7284 101.2465 98.1524 99.7778 98.5029 99.0846 98.2131 99.6234 98.6707 101.0552 101.1684 99.6068 100.3013 98.2195 98.5175 100.8373 99.1485 97.5824 91.3465 100.5311 99.0337 100.8260 99.9612 101.9930 100.0990 3.7572 7.6959 7.3269 4.6452 3.1762 7.7160 8.0244 8.4291 5.3141 8.9969 9.8503 8.6423 14.2224 6.4235 9.3422 3.5836 3.2451 2.9607 7.9112 5.6046 3.7143 7.4898 2.7966 3.8905 10.9450 10.1622 4.9557 10.4313 5.2723 3.9149 22.4736 35.6649 27.1483 32.1547 25.6481 20.0716 39.7403 31.1385 18.4677 27.5368 39.1832 26.5607 32.7773 25.1868 29.9180 19.6508 21.2533 28.4714 24.9324 35.0047 30.2391 21.5316 28.4998 30.8963 23.7956 26.1443 24.5951 24.0968 22.2431 28.9138 53.6853 61.9535 58.5983 61.9007 56.1048 55.5914 62.2064 58.0573 60.3214 53.9920 55.3893 53.7679 60.2309 55.4864 54.0097 53.2192 59.1511 52.8693 57.2970 58.9473 58.9148 54.0321 58.1355 57.9960 59.8293 59.1483 51.0696 59.6739 59.2556 64.1188
2.8520 3.1572 2.8952 2.8279 2.6294 2.9577 3.2858 5.1803 4.1488 2.6994 3.2879 3.5985 3.1952 2.7859 2.1756 3.3045 1.9768 3.8553 3.3197 2.3001 9.0848 2.7255 0.0000 3.0152 1.9765 3.0082 2.4969 2.4231 4.0944 2.5361 97.6143 99.6205 98.6789 101.0798 98.4465 98.1252 100.6076 97.6341 99.1710 97.9917 98.5544 97.6519 99.0513 98.0230 100.5159 100.5935 98.9641 99.6927 97.6452 97.9413 100.2340 98.6253 96.9940 90.6683 100.0131 98.4027 100.1975 99.3896 101.4917 99.4769 4.4155 6.5931 7.8212 5.4568 3.4079 7.6165 8.5061 8.4673 4.6285 8.8908 9.5666 7.2776 13.4045 6.4928 9.7659 4.5464 2.5741 3.9093 8.2376 4.7832 2.3829 6.8513 3.2532 3.6577 11.2412 9.7701 5.8282 10.1123 4.0430 3.4329 21.5503 34.7609 26.2244 30.9220 24.5720 19.0453 37.9911 30.0810 17.8510 27.0347 37.8195 25.5382 31.8877 24.3710 28.9425 19.0851 21.0626 26.8577 23.9890 33.5723 29.5071 21.0700 27.3245 30.0310 22.5999 25.1004 23.6262 22.8702 21.1330 27.6473 53.3690 61.5996 58.1252 61.4545 55.7719 55.2239 61.7766 57.7458 59.8988 53.6208 55.0913 53.5595 59.7457 55.1603 53.8375 53.1443 58.7267 52.1976 56.9193 58.4867 58.7114 53.5554 57.6661 57.5033 59.3774 58.8455 50.6611 59.1415 58.6363 63.9387
3.1671 1.7864 1.8124 4.9610 2.2399 3.2602 3.0575 7.1363 5.5322 4.8777 4.7085 1.9518 1.9611 2.8283 3.6054 1.7316 2.5831 1.4961 5.1899 3.1617 11.7447 2.9146 3.0152 0.0000 2.6113 1.4875 3.0810 4.3418 2.4661 4.8073 99.9290 101.8797 101.0305 103.4526 100.7857 100.4098 102.9324 99.9750 101.4820 100.3021 100.8755 99.9069 101.3911 100.3606 102.8738 102.9473 101.3506 102.0412 99.9656 100.2602 102.5632 100.9789 99.2921 93.0635 102.2830 100.7567 102.5602 101.7008 103.7424 101.8409 5.8905 8.9747 9.8078 7.0481 4.8511 9.7947 10.4822 10.6724 6.9239 11.1509 11.9375 9.7276 15.9274 8.7308 11.7926 5.8567 4.2768 5.2186 10.2086 7.0645 3.9155 9.3113 4.4463 5.6810 13.2639 12.2306 7.2997 12.5061 6.5893 5.5439 23.7634 36.9395 28.2552 33.2084 26.5901 21.0635 40.2150 32.2028 19.5927 28.8831 39.8499 27.5036 33.8522 26.4632 31.0988 20.7092 22.9566 29.0518 26.2900 35.5210 31.5704 23.0135 29.4455 32.0431 24.8750 27.2645 25.7713 25.1716 23.1163 29.8222 55.4316 63.7635 60.2393 63.6745 57.8957 57.4604 63.8259 59.9509 62.1032 55.6996 57.2383 55.6915 61.8702 57.0588 55.9499 55.2172 60.9320 54.3577 59.1251 60.6920 60.8818 55.6649 59.8102 59.5815 61.5799 61.0393 52.7081 61.2963 60.7204 66.0715
3.0389 2.4749 2.5707 2.9679 2.2565 2.9697 3.5381 5.5292 4.1705 3.5367 3.9674 3.4057 2.3950 2.0274 2.5474 2.8714 1.9437 3.2632 3.4221 2.0560 9.9141 2.9901 1.9765 2.6113 0.0000 2.6178 2.5217 3.1971 3.5560 3.2044 97.9046 99.8943 99.0190 101.4469 98.7725 98.4047 100.8945 97.9790 99.4322 98.2826 98.9056 97.9317 99.3714 98.3238 100.8710 100.8973 99.2930 100.0342 97.9641 98.2437 100.5514 98.9513 97.2810 90.9839 100.3266 98.7169 100.5441 99.6869 101.7531 99.7810 4.9264 7.2925 8.6199 6.0420 3.9004 8.2978 9.3161 9.1941 5.4184 9.6839 10.3895 7.6020 14.0575 7.4060 10.6490 5.2498 2.7576 4.3974 9.0686 5.4481 3.1815 7.5063 3.8218 4.3784 11.8686 10.6851 6.7018 10.8473 4.7481 4.3351 21.8779 35.0938 26.2192 31.3116 24.5541 19.2619 38.2783 30.1538 17.9107 27.2749 37.6649 25.6221 32.0946 24.6159 29.2897 19.0969 21.3354 27.0545 24.2747 33.6482 29.7602 21.2836 27.5253 30.0340 22.8446 25.2855 23.8987 23.2434 21.1031 27.6811 53.6641 61.8789 58.4537 61.8675 56.1201 55.6580 62.1442 58.1683 60.1643 53.9530 55.3226 53.8629 60.0439 55.2916 54.1649 53.5108 59.1269 52.4573 57.3743 58.8486 59.1107 53.8664 57.9038 57.6340 59.7753 59.2450 50.8311 59.4055 58.9056 64.2668
2.9845 2.4217 2.5740 4.8027 2.7151 3.4462 3.2273 7.0383 5.6076 4.7071 4.4441 2.6962 2.4932 2.6486 3.8491 1.4613 2.7742 2.3251 4.8857 3.0063 11.3321 2.6238 3.0082 1.4875 2.6178 0.0000 3.2112 4.0212 2.4671 4.6523 99.4163 101.3443 100.5187 102.9137 100.2739 99.8876 102.4529 99.4407 100.9575 99.7882 100.3596 99.3487 100.8518 99.8940 102.3620 102.4586 100.8535 101.5171 99.4518 99.7261 102.0693 100.4749 98.7685 92.6107 101.7293 100.2603 102.0238 101.1794 103.1739 101.3554 5.6096 9.0130 9.4060 6.6398 4.7762 9.6003 10.0972 10.1826 6.4422 10.7914 11.5081 9.6379 15.5722 8.4790 11.4266 5.7148 4.2377 4.6963 9.7302 6.9776 3.5111 9.0803 4.2056 5.5617 12.7206 11.9319 7.1988 12.1548 6.4530 5.1377 23.1286 36.5017 27.8675 32.6273 26.1627 20.4835 39.8768 31.8769 19.0190 28.2758 39.6041 27.1275 33.5409 25.8661 30.5990 20.1096 22.3287 28.5406 25.6235 35.3057 31.0122 22.5119 29.0311 31.5967 24.4088 26.7820 25.2919 24.5040 22.7161 29.3628 54.7014 63.1220 59.5947 63.0405 57.1708 56.8083 63.1119 59.3097 61.5135 55.0799 56.6361 55.0653 61.1632 56.3869 55.3713 54.5497 60.3581 53.7684 58.4915 60.0012 60.3383 54.9865 59.2088 59.0166 61.0234 60.4274 52.1058 60.6780 60.1195 65.4195
2.2352 3.0601 2.4190 3.5422 1.8797 1.9255 2.0343 5.6429 5.4826 3.4688 3.2008 3.0001 2.7166 2.9529 2.7331 2.8727 1.2682 3.5657 4.7373 2.3209 9.7563 2.8318 2.4969 3.0810 2.5217 3.2112 0.0000 3.8844 2.8192 3.7514 98.5604 100.7402 99.6885 102.0722 99.4561 99.2193 101.6512 98.5686 100.1826 98.9329 99.5861 98.6571 100.0192 98.9672 101.4863 101.5542 99.9317 100.7155 98.6574 98.9448 101.2372 99.5482 98.0633 91.6096 101.0376 99.3548 101.2052 100.3734 102.4978 100.4578 4.1677 7.1219 8.0691 5.4365 3.1885 8.1049 8.8926 8.9338 5.1148 9.3719 9.9270 7.6481 14.0264 7.0149 10.1450 4.2677 2.1313 4.4376 8.2229 4.6147 2.8706 7.6719 2.3665 3.7222 11.5815 10.5774 5.5532 10.3471 4.9023 3.7929 22.6162 36.0013 27.1557 32.0137 25.6363 20.1692 38.9109 31.0510 18.9167 28.3519 38.6094 26.4606 33.1339 25.4588 30.2857 20.3306 22.1377 27.8618 24.7154 34.5050 30.7558 21.8996 28.6474 31.0804 23.5636 26.1301 24.7428 23.8020 22.0881 28.5837 54.3742 62.3903 59.0721 62.5591 56.6592 56.1895 62.9495 58.6753 60.8137 54.6809 55.8302 54.3125 60.8180 56.0685 54.5211 54.0085 59.7467 53.1239 57.8064 59.5472 59.4687 54.6255 58.6582 58.4926 60.4587 59.8360 51.6015 60.1256 59.5952 64.8311
3.4052 4.7165 4.4770 2.8067 4.3951 3.7257 4.2293 6.3249 3.7696 2.0671 2.7920 4.9796 4.6635 3.6491 2.7544 4.3357 3.4342 5.3614 3.6590 3.0981 8.3972 2.9141 2.4231 4.3418 3.1971 4.0212 3.8844 0.0000 5.0545 3.1851 96.1197 98.1158 97.1646 99.5712 96.9324 96.5913 99.1080 96.1055 97.6319 96.4268 97.0125 96.1219 97.5453 96.5645 99.0069 99.0827 97.5024 98.1853 96.1171 96.4143 98.7059 97.1271 95.4613 89.2474 98.4278 96.9435 98.6643 97.8827 99.9224 98.0052 3.8511 6.0018 6.3643 4.2219 3.1148 6.2277 6.8813 6.9196 3.9726 7.3902 8.3688 7.0003 12.3143 5.1206 8.2082 3.8735 3.0618 2.4602 7.0621 4.6106 3.6124 5.6509 3.5616 3.1425 9.7004 8.3438 5.0453 8.9694 3.5825 2.9995 20.3721 33.5047 25.1154 29.9691 23.5958 18.0678 37.5473 28.9839 16.5010 25.5185 37.1372 24.5227 30.6459 23.1519 27.7290 17.7635 19.3855 26.3473 22.9541 32.9165 28.1766 19.7243 26.2812 28.8334 21.6597 23.9928 22.4696 22.0493 20.1985 26.8350 51.7902 60.0684 56.6416 59.8677 54.2059 53.6058 60.1622 56.1010 58.4029 52.1085 53.5513 52.0403 58.2580 53.6216 52.2572 51.4239 57.2040 50.9118 55.4398 56.9519 57.1612 52.1638 56.2038 56.0411 57.8849 57.2890 49.2126 57.6948 57.2826 62.2778
2.6042 2.9183 2.7220 5.4799 2.7444 2.7725 2.2036 7.8592 6.6847 5.2560 4.3534 2.3194 2.5806 3.4018 4.1948 1.5966 2.7694 2.6130 6.3087 3.4455 11.9643 2.8920 4.0944 2.4661 3.5560 2.4671 2.8192 5.0545 0.0000 5.7760 100.2276 102.3398 101.3721 103.7753 101.1348 100.8421 103.3602 100.2299 101.8401 100.5816 101.2241 100.2360 101.6805 100.6941 103.1618 103.2493 101.6679 102.4118 100.3188 100.5893 102.9233 101.2292 99.6824 93.3800 102.6190 101.0746 102.9060 102.0247 104.0378 102.1754 5.3635 9.3146 9.3706 6.4609 4.6256 9.7693 10.2132 10.4537 6.9506 11.0221 11.7288 9.9507 16.0658 8.6195 11.4440 5.2890 4.1474 5.1089 9.5987 6.8853 4.4148 9.5906 3.7337 5.5887 12.8581 12.4084 6.6681 12.2198 7.0637 5.4862 24.2585 37.6741 28.7769 33.8392 27.2698 21.7274 41.0013 32.8211 20.1444 29.5797 40.4515 28.1144 34.6874 27.0246 31.9434 21.4112 23.3049 29.7724 26.4612 36.3549 32.2643 23.3256 30.3712 32.6385 25.4429 27.8495 26.4213 25.6289 23.7462 30.4040 55.6795 63.8481 60.5202 64.0465 58.0570 57.6898 64.2561 60.1363 62.3390 56.0636 57.3060 55.7482 62.2217 57.2992 55.9594 55.2954 61.2491 54.7088 59.3181 61.0335 60.9474 56.0471 60.1349 59.9425 61.9728 61.2826 52.9946 61.6420 61.1124 66.1736
4.4054 4.6297 4.4032 2.3129 3.9607 4.6666 5.1154 3.6268 3.7054 2.9261 4.3980 5.4980 4.7705 3.4695 3.1950 5.0010 3.4978 5.6156 1.9092 3.0119 7.4502 4.6036 2.5361 4.8073 3.2044 4.6523 3.7514 3.1851 5.7760 0.0000 96.0370 98.0758 97.1168 99.5221 96.8846 96.5773 99.0618 96.0830 97.5810 96.4573 97.0510 96.0325 97.4631 96.4058 99.0029 99.0486 97.3809 98.0997 96.0664 96.3569 98.6508 97.1118 95.4420 89.0722 98.4534 96.8127 98.5895 97.8164 99.9371 97.9198 4.8971 5.4250 7.7221 5.7952 3.9101 7.1129 8.4081 7.8204 3.8845 8.1326 8.5639 5.7130 11.9171 6.4408 9.5763 5.5917 3.0101 4.6512 7.9440 4.2002 2.8196 6.0503 4.2945 3.8606 10.5483 8.9749 6.7190 9.1562 2.9215 3.3407 19.7597 33.1428 24.4323 28.9520 22.7225 17.2577 35.8010 28.2511 16.1826 25.6236 35.8003 23.6244 30.3200 22.6648 27.3101 17.6508 19.7736 24.7684 22.1262 31.5333 27.9645 19.6114 25.6072 28.3012 20.6499 23.2278 21.8972 20.9336 19.2770 25.6857 51.9237 60.0904 56.5255 60.0181 54.3041 53.8073 60.3011 56.3376 58.4332 52.2244 53.6111 52.2202 58.2246 53.6274 52.4626 51.9120 57.2666 50.5419 55.4598 57.0290 57.3577 52.1389 56.2228 55.9496 58.0352 57.5315 49.1693 57.5724 57.0072 62.5787
98.2297 99.9292 99.5456 95.3881 99.3746 98.5406 99.3889 96.0105 95.1432 95.6470 96.7181 100.6803 99.8825 97.8617 97.1388 99.6644 98.4439 100.9150 95.4771 97.4273 89.9904 98.1865 97.6143 99.9290 97.9046 99.4163 98.5604 96.1197 100.2276 96.0370 0.0000 13.2803 9.7654 11.0910 8.7157 10.8436 11.4693 8.2930 8.5117 7.9228 10.5235 12.5013 8.4362 7.5212 9.0107 7.9264 6.9637 9.6486 8.7965 7.5112 8.4314 8.6612 9.3186 12.0985 9.1106 6.6150 10.2202 8.1318 10.6782 8.2377 95.5665 92.4387 92.2242 94.6449 96.2911 91.4132 91.6637 90.7939 93.9906 90.1898 89.6610 91.8129 85.2030 92.9867 90.7428 96.4864 96.8086 95.7641 92.4985 94.8388 97.6928 91.3386 97.5077 95.4614 88.5464 89.1017 96.0359 89.2913 94.0154 95.7400 77.4453 65.1761 73.4134 70.2107 75.3587 80.6485 70.2615 69.7759 81.7262 73.1056 67.5887 75.1441 69.5061 74.7961 71.0310 81.3326 77.8401 76.7179 75.8813 72.0298 70.0833 78.1099 73.2180 69.5510 76.7894 74.0785 75.5392 78.0506 78.7986 73.0704 48.2385 39.1280 42.8745 39.7093 46.1706 45.3879 42.2101 42.9013 39.4625 47.8500 44.4968 47.5117 42.5118 47.0520 47.1836 48.7907 41.0587 49.0982 44.6708 42.9971 43.0260 49.1332 42.9714 42.1902 42.6382 42.4592 49.4312 41.3796 44.2333 37.6085
100.3512 101.8943 101.5856 97.4697 101.4253 100.7187 101.5816 98.1583 97.0645 97.7610 98.9164 102.7338 101.8436 99.8465 99.2146 101.6586 100.5547 102.8738 97.3980 99.4673 92.3812 100.2163 99.6205 101.8797 99.8943 101.3443 100.7402 98.1158 102.3398 98.0758 13.2803 0.0000 10.3265 11.9658 9.4884 7.3964 10.3754 12.9614 10.9456 13.2102 10.9999 11.9089 11.3140 13.7055 13.4902 13.0987 12.8859 9.5238 9.2793 10.8130 11.4665 13.6529 8.6879 17.7104 10.1035 12.6015 14.2440 11.6296 10.9937 12.4119 97.8626 94.7429 94.5963 96.9419 98.5073 93.7671 94.0319 93.1627 96.2469 92.6146 92.1582 94.1494 87.7398 95.3150 93.2123 98.7882 99.0002 97.8996 94.9965 97.2113 99.7588 93.5626 99.7716 97.6896 91.0242 91.4632 98.3854 91.8579 96.1663 97.9439 79.4486 66.7387 75.2669 72.2225 77.0171 82.5132 72.4403 71.7644 83.4687 74.5381 69.3879 77.0421 70.8421 76.6334 72.5000 82.8639 79.7684 78.6537 78.3794 73.8448 71.5583 80.3248 74.6378 71.1829 78.8284 76.0150 77.5802 80.2200 80.6644 74.9691 49.9822 42.9498 45.3386 41.5493 48.9682 48.3974 43.4442 46.1145 42.1138 49.6031 47.8286 50.6926 44.2518 48.9163 50.8891 51.8032 43.3158 51.5175 48.0909 44.9385 47.2218 50.7576 45.2010 44.0122 45.0864 45.3462 51.3669 43.3553 46.4345 40.4298
99.3253 101.0086 100.6730 96.5062 100.4794 99.6465 100.5019 97.1591 96.2226 96.7097 97.7961 101.7667 100.9399 98.9678 98.2348 100.7751 99.5552 102.0282 96.5578 98.5119 91.0936 99.2633 98.6789 101.0305 99.0190 100.5187 99.6885 97.1646 101.3721 97.1168 9.7654 10.3265 0.0000 6.9517 3.9328 8.0709 9.1569 6.2725 8.5808 8.1599 6.5861 10.2245 7.4799 9.0353 8.0821 8.3031 8.9970 4.6591 6.1480 8.1528 6.4657 7.6207 7.0159 13.1171 8.3621 7.9517 9.8314 8.0581 11.3989 8.5737 96.7224 93.5105 93.2788 95.7335 97.3861 92.5163 92.6856 91.8436 95.1329 91.2780 90.7775 92.9505 86.4202 94.0370 91.7896 97.5918 97.9100 96.8797 93.5842 95.9301 98.7615 92.4448 98.6263 96.5500 89.6695 90.1623 97.0591 90.4189 95.0992 96.8042 78.6647 66.4810 74.6967 71.5739 76.6388 82.0095 71.7278 71.1276 82.7924 74.3984 68.8699 76.3351 70.7383 76.0621 72.3489 82.6084 79.0310 78.0776 77.2347 73.3186 71.3659 79.5755 74.4804 70.9538 78.0225 75.3780 76.9271 79.3367 80.1490 74.4515 49.7077 41.4648 44.8412 40.7470 48.0085 47.0986 43.6198 44.7584 41.1512 49.5215 46.3888 49.4581 44.3039 48.9760 49.1845 50.3958 42.7252 51.1584 46.7120 44.5446 45.1153 51.0256 44.8831 44.0726 44.5960 44.3407 51.1395 43.1472 46.6627 39.2492
101.7201 103.4888 103.1118 98.9262 102.9025 102.0668 102.8803 99.4617 98.7585 99.1104 100.1891 104.1947 103.3839 101.4396 100.6897 103.1899 101.9646 104.4721 98.9887 100.9602 93.3445 101.6617 101.0798 103.4526 101.4469 102.9137 102.0722 99.5712 103.7753 99.5221 11.0910 11.9658 6.9517 0.0000 6.9277 10.0266 10.6984 7.3735 10.6521 9.3290 9.7711 12.0074 8.8570 11.5417 8.1333 9.0043 9.3789 6.6838 9.3398 10.1586 9.4387 8.0140 10.8594 15.2175 9.1907 8.6633 8.8052 8.2504 12.2811 11.0706 99.1111 95.9635 95.6452 98.1096 99.8206 94.9263 95.0225 94.1673 97.4574 93.6382 93.0831 95.3646 88.6736 96.4063 94.1300 99.9353 100.3351 99.2787 95.8545 98.2885 101.0940 94.8566 100.9996 98.9310 92.0124 92.5010 99.4106 92.7041 97.5220 99.1481 80.9060 68.9144 77.3427 73.6871 79.2108 84.3281 73.8665 73.7727 85.3499 76.7876 71.7303 79.0450 73.4405 78.3873 74.5649 85.1685 81.4638 80.1883 79.3885 76.1420 73.7020 81.9167 76.8616 73.5579 80.3958 77.7968 79.3288 81.4015 82.6572 76.8182 51.6840 43.5231 46.7779 42.5079 49.4620 48.7259 45.2123 46.4391 43.3786 51.6045 48.5914 51.1677 46.1860 51.2736 50.9373 52.3466 44.8120 53.2750 48.0705 46.0948 47.1313 52.7032 46.9790 46.5423 46.2736 46.2731 53.5186 45.2083 48.1425 41.3792
