0.0000 11.2250 10.6771 14.7648 15.2971 17.6635 18.0555 18.0000 15.2971 15.8745 15.4919 16.3095 11.2250 13.2288 17.0880 12.5698 15.2315 14.6287 18.8149 15.0333 10.2956 14.6287 12.9615 14.4222 14.8324 14.8324 20.3470 13.6382 16.7929 20.0000 33.6452 36.3318 33.3167 32.5115 31.1448 32.2025 29.4618 29.8664 32.2025 31.9844 29.0517 31.4484 31.1769 33.0303 33.5112 30.8221 30.3809 30.7083 34.1028 30.1828 31.3050 30.0333 32.6956 32.1248 32.8634 28.3901 33.5708 32.2025 33.8821 33.3467 15.8114 16.3095 15.0997 16.8819 18.6548 15.0997 13.3417 19.5959 12.9615 18.1659 16.0624 19.8494 15.8430 19.0788 15.5563 15.3623 15.1658 19.0263 15.6205 13.2665 15.8745 18.0555 16.7332 11.1355 19.0263 12.8062 15.4919 17.4356 13.4907 14.9666 18.5472 20.2237 19.1311 16.6132 19.2873 19.0526 18.5742 17.6918 19.0526 21.4243 18.4932 20.3224 14.3178 16.0935 17.4642 17.8045 17.8606 13.1909 21.5870 20.6640 19.0788 21.7486 15.3623 15.7480 17.4356 14.3875 17.6068 20.7123 25.6125 15.7797 31.8434 31.0483 30.9677 30.2820 29.1719 30.3480 28.0000 28.2489 29.2575 28.8791 32.3574 29.9833 28.3019 28.9655 29.1719 29.8998 27.0370 30.8383 28.7228 30.9192 32.1559 31.4166 29.1890 30.8383 29.1719 30.1496 28.6007 28.3373 31.4484 29.9500
11.2250 0.0000 13.1909 12.4900 15.6844 15.9374 14.2829 16.9115 14.4914 13.4907 16.0624 12.6491 8.7178 13.4536 12.9615 11.4018 15.1658 12.3288 14.9666 14.8997 7.8740 15.3623 10.0995 13.6382 15.0333 14.4914 19.1311 13.5647 15.6844 16.0624 32.9848 35.4119 31.5911 31.1288 31.6228 31.8277 29.6648 28.5307 30.7734 31.8904 29.1204 30.4795 30.5941 31.6070 34.2199 30.6268 29.1719 30.8383 32.1403 28.7924 30.7246 29.1204 33.8378 30.8869 32.0624 27.4955 32.4191 32.3574 32.5883 32.8024 14.2829 16.6733 16.0624 16.2788 17.8326 11.8322 12.4097 18.4391 11.8322 14.4914 13.5647 17.3781 15.0665 14.2127 14.1421 10.7703 14.2829 15.0333 15.8745 13.7113 14.4914 16.6132 12.1655 13.1909 16.7929 12.4097 13.1149 18.3848 13.1909 10.8628 17.5499 21.5174 19.5959 18.9209 19.4936 18.3030 21.7025 20.8567 21.8861 17.6352 18.4932 20.4695 16.4012 19.5704 18.4662 15.0665 17.9722 16.3095 21.1660 18.2483 22.0000 21.6102 15.5563 17.3205 20.1494 13.7477 18.4932 18.7350 23.6643 17.2916 30.0666 30.2985 30.0500 28.8964 29.4788 28.0891 27.6767 28.7054 27.8927 29.6985 31.3847 29.2404 26.9629 29.7153 28.8964 29.6985 26.5141 31.0966 28.9655 30.6594 33.7639 30.9031 29.6985 31.7017 29.2062 28.9310 26.9444 28.0179 31.7017 29.4449
10.6771 13.1909 0.0000 11.7473 14.1421 13.2665 15.6205 13.1149 14.5602 13.3417 10.2956 12.8841 10.3923 11.9583 15.1658 12.5698 11.1355 12.0830 15.2971 9.3808 8.9443 11.0454 10.7703 10.7703 12.1655 13.1909 17.9444 11.6619 12.0000 18.6011 31.5911 33.7343 30.8545 30.5450 29.5973 31.2570 28.1780 28.3549 30.1828 30.0832 28.1780 30.1496 29.2575 31.4484 31.3528 28.9137 28.5482 29.1033 32.3883 27.9821 28.2489 28.3196 31.5436 30.7896 32.2180 26.9072 31.4484 30.5123 31.5595 30.5614 12.0830 13.8564 16.7929 14.2478 16.8523 11.9164 10.6771 15.8745 11.3137 15.4272 13.4907 15.0997 13.8924 14.7648 12.4097 13.7840 14.6287 15.4272 13.5647 12.0830 11.6619 17.4356 12.6491 9.6954 14.8324 13.0384 10.8628 13.6382 9.3808 11.5758 14.0712 18.7883 18.1659 16.4317 15.9374 19.4679 16.7033 18.3030 17.3494 20.4695 17.0294 17.5784 14.0357 18.0278 15.8430 18.2483 15.5242 14.2829 19.3907 17.6352 18.6011 19.5704 13.1149 14.7648 15.0333 14.3875 17.1464 20.1246 21.9545 16.4621 28.5307 29.1890 28.5132 28.5482 28.8271 27.3679 27.0185 27.0185 27.5318 27.6767 29.5127 28.2666 27.0740 28.3725 27.3679 26.3439 24.8395 28.6531 26.4008 29.1890 30.1993 28.9655 27.1662 27.9821 26.2869 27.2580 26.1916 25.7876 30.2159 27.4408
14.7648 12.4900 11.7473 0.0000 15.0997 16.6733 11.2250 13.1909 14.2127 8.7178 12.8841 7.6158 13.5647 15.3948 14.1421 12.0830 13.2665 14.8324 16.6132 12.8062 8.6023 14.5602 10.0995 12.0830 13.3417 16.3707 16.7929 14.7648 14.5602 18.0000 30.4959 33.2566 29.6985 27.8747 29.0861 29.8161 29.3598 25.8070 27.9106 29.6142 26.9444 29.2404 28.2489 30.1828 30.6757 28.9482 27.6586 27.5862 30.3809 26.4008 26.8701 25.2190 30.3480 28.5657 32.2180 25.6125 31.1609 30.2159 29.3598 31.6544 16.0624 14.8997 14.9666 15.7797 16.4924 10.7703 11.8322 15.4272 11.6619 16.4924 10.9545 12.4097 15.3948 14.9666 14.7648 12.1655 12.8062 13.9284 11.0454 16.0624 14.6287 18.4391 11.5758 10.0000 13.7840 10.5830 11.3137 13.1909 13.5647 10.1980 15.4919 20.1246 17.1464 16.8523 17.0880 19.0526 19.6723 19.6723 18.3576 16.2788 16.1245 15.5242 15.3948 22.4277 15.8430 14.1067 18.3576 15.4272 17.8326 15.7162 20.5426 20.4206 14.8324 13.8564 18.8680 13.6015 16.4924 17.9722 18.0000 17.5214 26.6083 26.6083 29.1376 27.1477 28.3373 26.1343 25.7682 28.6705 25.0599 28.1069 29.5804 25.5930 25.0400 29.3769 25.7488 27.1293 23.5160 27.9106 26.7021 30.2324 29.6311 28.5482 28.6007 30.3150 25.0000 24.1454 24.3311 24.1454 29.0689 27.8747
15.2971 15.6844 14.1421 15.0997 0.0000 21.2132 18.3303 13.4907 10.2956 14.5602 17.8326 17.2627 17.3781 19.6214 18.7617 17.3781 16.1864 17.0880 19.3391 17.1464 13.3417 20.0998 16.3095 13.4907 20.0000 16.1864 17.7764 15.2315 17.0880 17.4356 34.0588 35.6090 33.0151 32.1092 32.0936 33.9559 31.0161 28.1069 31.2250 33.7491 30.0998 31.9844 31.2410 32.3883 34.1321 30.6594 30.0167 28.9655 34.1028 28.6182 31.5278 30.9192 34.5688 32.3419 33.1059 27.0555 32.5730 33.0908 33.1662 33.3167 13.9284 16.7929 20.2978 13.4536 22.8910 14.0712 17.3205 21.2132 16.3707 17.7764 17.1464 21.6795 13.7477 19.4936 16.7929 18.1659 16.2481 18.9737 16.0624 15.4272 17.3781 16.7929 15.8114 14.2127 18.0555 17.2627 17.0294 14.9666 13.1909 14.3527 18.4391 17.1172 17.7764 18.2757 18.1659 21.2838 18.3030 16.4621 18.7350 19.6214 17.7764 19.8242 15.3297 19.7737 18.5203 19.8746 18.6279 15.7480 18.8149 19.3132 22.8035 22.3383 16.9115 14.7648 17.3781 15.1987 17.0294 22.9129 20.1494 18.5203 30.4631 31.6228 32.3265 32.4808 30.3809 29.3428 30.7246 29.9666 29.9333 29.8998 30.8058 31.7962 29.1719 30.3480 28.5132 28.6007 25.0799 29.9500 29.9500 31.5911 32.9848 31.8904 31.4643 30.4138 28.5482 31.0322 27.9285 28.6531 32.4808 29.6816
17.6635 15.9374 13.2665 16.6733 21.2132 0.0000 15.3623 16.1245 18.9737 17.3781 12.4097 13.1149 12.9615 10.6301 16.2481 14.0712 11.0454 14.7648 9.0554 10.9545 13.7840 11.4891 12.7279 14.8324 15.8745 14.1421 18.7617 14.4914 10.9545 18.1108 34.1174 35.9444 32.8024 31.4484 31.5595 33.6006 30.8221 30.6594 32.8481 31.8904 31.6860 32.6650 32.3728 34.1028 33.8969 30.8869 31.3209 32.7261 34.3366 31.0644 30.4959 30.7571 33.6601 33.1662 34.2345 29.9666 32.3265 32.4191 34.2345 32.5883 17.8885 15.8114 19.2354 15.6525 16.6733 13.6382 16.0000 18.4932 14.2127 18.9737 16.9706 15.7480 19.3132 15.6844 14.4222 14.3527 19.8997 15.7480 16.4317 14.1421 12.6491 19.4936 14.1421 16.1864 17.2627 17.8885 14.2829 17.8326 14.2829 11.4018 18.3848 23.8118 22.0454 20.8806 19.3391 23.8537 22.2486 23.2594 22.9129 23.8118 20.2978 21.2838 19.4679 23.4734 19.0526 19.4165 18.4662 18.8680 22.3159 19.8242 23.7487 20.8567 16.6733 20.0998 18.2757 19.7231 21.3073 22.6936 23.1517 23.2164 30.8869 31.9687 29.3769 29.9166 31.6386 30.3809 28.9137 30.8221 29.4618 31.7175 32.8481 30.0832 29.2404 32.4191 30.0167 30.0998 27.2947 31.6702 29.2746 31.9061 33.3467 31.1929 30.4302 31.1929 29.2404 30.0167 29.1890 29.6479 32.5730 30.6431
18.0555 14.2829 15.6205 11.2250 18.3303 15.3623 0.0000 15.9374 16.3707 15.0997 14.8997 10.4881 15.3623 13.0767 13.1909 12.4900 13.9284 17.2047 14.1421 14.4914 12.0830 13.3417 13.1909 16.4317 17.9444 14.4222 15.5563 14.6969 16.3095 16.9706 28.5307 31.6228 27.6405 26.5895 26.9815 28.2312 26.3439 24.1661 27.5862 27.7669 25.7294 27.5500 26.9815 28.5482 29.1719 26.6083 26.1343 26.3629 29.4788 25.5930 25.9230 24.2899 29.0000 26.7582 29.7321 25.0998 28.3725 28.4429 28.9137 29.8998 20.1990 15.0333 15.3623 13.0000 19.6469 13.3417 13.5647 18.0555 11.1355 17.6635 12.0000 15.0997 16.1555 14.9666 16.9706 13.3417 13.5647 11.3137 13.4164 15.8745 12.4900 17.2627 12.0000 13.5647 15.4919 11.8322 14.7648 16.1245 14.0000 11.8322 18.3848 21.9317 18.9737 19.8494 16.9115 20.2237 21.4709 21.1424 18.7883 16.8819 18.8680 19.4679 16.8819 23.3024 19.4165 16.9411 18.7350 17.3205 20.2485 18.2483 24.1661 21.1896 16.4317 16.4317 18.9209 16.4012 19.5448 19.1572 21.4009 18.5203 25.8844 25.9230 25.8263 25.3969 26.7395 25.1595 23.1084 25.9230 24.0000 27.3130 27.5862 24.1454 24.7184 27.5862 23.6432 25.6515 22.8254 26.4386 25.8650 27.6767 27.9643 26.8514 26.3439 28.8271 24.3926 24.6374 22.5389 24.5153 27.2947 25.7876
18.0000 16.9115 13.1149 13.1909 13.4907 16.1245 15.9374 0.0000 17.3781 14.5602 15.9374 13.7113 17.0294 16.9411 17.6635 15.3623 11.7473 16.1245 16.2481 12.4097 13.1909 17.2627 16.0624 15.4272 17.8326 17.7764 15.8745 16.0624 12.3288 18.9737 32.0312 33.9116 30.7571 28.3373 29.0517 31.4802 30.0666 26.5707 29.6142 31.2890 28.6356 30.9677 29.8998 31.8904 31.3209 29.2575 28.6880 28.1957 32.2955 27.9821 28.2843 28.1069 31.0966 30.4959 33.0757 26.8328 31.3528 30.6105 31.3050 31.3369 15.6844 14.3527 17.6068 13.1529 22.3607 11.6619 14.6287 19.0788 16.2481 16.6132 15.7480 16.7929 15.3948 16.4924 15.0997 18.7083 19.0788 16.5529 16.5529 15.5563 16.1245 17.9444 12.0830 15.9374 14.9666 17.0880 14.8997 16.9115 12.2474 11.4018 16.7332 20.9045 19.2873 18.3848 17.0880 23.9792 18.6815 21.2838 19.3132 21.0000 18.3848 19.4679 17.1756 24.4745 17.7482 19.8746 19.9750 17.7764 19.4422 16.1555 22.4944 22.0681 16.9706 14.8997 18.8680 17.0000 18.6011 23.0868 15.3623 21.2838 28.1780 28.9137 30.0167 28.7576 29.3769 27.1109 27.8209 29.2575 27.7489 28.2843 30.0500 27.2580 26.7769 30.5778 26.2107 26.3818 23.4734 27.0370 27.9464 29.6985 30.0333 29.2062 29.0172 28.1957 24.6779 26.4764 26.1916 25.9422 29.4788 28.4781
15.2971 14.4914 14.5602 14.2127 10.2956 18.9737 16.3707 17.3781 0.0000 12.8841 15.8745 15.2971 14.4914 17.0000 16.7332 14.6287 16.3095 16.4317 16.7929 15.7480 11.3137 16.3095 13.9284 11.5758 17.4356 13.9284 16.1245 12.2474 15.3623 12.9615 33.9411 35.7771 34.0588 32.7567 32.3419 35.0000 31.1448 28.6705 32.2645 33.3916 30.7571 32.7261 31.5595 32.5423 34.2783 31.0805 31.0966 29.9500 34.5109 29.4449 31.4006 30.7246 35.2562 32.6190 33.9116 28.0357 32.6650 32.8481 33.5261 34.0881 14.5602 14.7648 20.1990 15.1987 17.0294 15.5563 17.4929 19.8494 12.7279 19.6977 15.4272 20.2485 15.1987 20.0998 17.6068 15.1658 13.4164 18.0555 13.1149 14.4222 15.0333 16.8523 14.6969 11.4891 17.8326 15.7480 15.6205 11.5758 13.5647 12.3288 18.9209 17.8606 16.8523 18.6011 18.4932 19.0000 19.8242 13.5277 18.8944 18.8414 17.7200 18.2483 14.5258 19.3649 17.0000 16.4012 17.6352 15.2315 17.3781 20.5670 23.2809 19.4679 17.0294 15.6844 16.1245 14.6629 15.3623 20.2237 23.0217 18.6815 30.7896 32.4962 32.0468 32.5730 30.6757 30.3480 30.0000 30.3315 29.4279 30.9192 30.6105 32.1714 29.2404 29.9833 29.4109 29.8664 25.1595 31.6070 30.6757 33.0757 33.6155 32.0780 32.0312 32.2025 29.5127 31.1929 28.0713 29.2746 33.3017 30.0832
15.8745 13.4907 13.3417 8.7178 14.5602 17.3781 15.0997 14.5602 12.8841 0.0000 12.6491 11.4018 14.2127 16.4012 15.0997 14.0712 16.4924 14.0712 16.7929 13.0384 8.9443 16.1245 9.6954 10.0000 13.7840 18.1108 17.3205 16.0624 14.8997 17.5499 31.9374 34.4674 31.5595 29.9500 29.7658 32.2955 29.6311 27.0555 28.9310 30.9354 28.8444 31.0000 29.3939 30.9354 32.3883 30.3645 28.8271 29.1719 32.0780 26.5141 28.2135 26.9444 32.8177 30.1662 33.4963 26.3818 31.9218 30.9677 31.1448 32.0624 12.8062 14.8324 16.2481 16.0935 14.8324 12.5698 13.5647 16.0000 13.6382 16.0000 13.1909 13.2665 14.5945 15.6844 15.2315 12.9615 12.2474 15.0997 9.6954 16.7929 15.4919 19.2354 11.3137 12.4097 14.0000 12.8062 11.0454 12.9615 13.7840 9.5917 14.5602 18.2483 17.1464 16.9115 17.0880 19.8746 18.3030 18.7350 17.5784 17.0000 16.2481 12.7671 16.3401 22.2036 14.1067 12.3693 17.4642 16.3707 15.8745 14.9332 20.2978 20.6640 15.5563 14.8997 18.2209 14.6629 14.5602 17.4069 17.4356 18.7883 29.0172 28.7750 29.8831 28.2312 29.8496 28.3725 27.7849 28.8791 26.2679 29.5296 30.7083 27.8747 26.5518 29.7153 27.9106 26.9815 23.3452 29.1376 28.3725 31.2410 30.8221 29.5127 30.0333 30.3809 27.2213 26.6271 26.5707 26.0960 31.4166 29.2062
15.4919 16.0624 10.2956 12.8841 17.8326 12.4097 14.8997 15.9374 15.8745 12.6491 0.0000 14.2127 12.4900 12.4499 16.2481 15.2971 12.4900 15.1658 15.0997 9.5917 10.7703 10.3923 10.4881 10.8628 10.7703 15.8114 16.9706 15.8745 12.9615 18.7617 28.9137 31.6228 29.2233 28.3725 27.9285 30.0167 26.6833 26.4575 28.0535 27.4408 27.0185 28.6182 27.3861 29.8496 29.1719 26.7955 27.0000 27.6948 29.6816 25.7099 25.4951 25.8844 29.4449 28.3549 31.1127 24.8998 28.7228 28.3725 28.4956 28.8791 15.1658 12.0830 15.2315 13.1529 12.9615 13.0384 12.0830 12.4097 10.3923 15.8745 12.4900 10.6771 15.2643 13.1909 12.7279 12.0830 13.0384 15.6205 10.0995 12.7279 11.7473 20.8327 12.0830 10.7703 12.2474 13.3417 11.7473 11.8322 12.1655 10.6771 13.1149 19.2094 16.3095 16.5529 15.2315 18.0278 16.1555 18.5742 16.0312 19.2614 16.1245 13.6748 14.7309 20.0250 15.3297 14.9332 14.6629 14.3527 16.8523 16.3401 18.7617 16.0935 13.2665 15.1658 13.1149 15.9060 15.8114 18.0831 21.0238 17.5784 26.7208 27.5318 26.5518 26.7395 27.2580 26.8142 25.9615 26.4953 25.4558 26.9072 27.8747 26.4386 25.5147 28.2666 26.1725 24.9399 22.9129 27.4408 25.1992 29.2916 28.9137 27.0370 27.0555 26.7395 25.0799 25.9422 25.2587 24.3105 29.0345 26.3629
16.3095 12.6491 12.8841 7.6158 17.2627 13.1149 10.4881 13.7113 15.2971 11.4018 14.2127 0.0000 12.2474 13.1529 12.0830 12.4097 12.9615 14.2127 12.9615 12.1655 10.6771 13.7113 11.8322 12.9615 15.1658 13.0384 16.4317 12.3288 11.4891 15.4272 32.0000 34.9571 31.0161 29.2404 30.8545 32.0156 31.3688 27.9643 30.6105 31.4802 29.2233 31.5119 29.5973 32.6343 32.3265 31.0483 30.2159 29.5466 32.2335 28.6531 28.5307 26.8701 32.3265 30.9192 33.7343 27.9643 32.4808 31.8277 31.7490 33.1361 16.3707 15.2315 16.9115 16.7033 17.7200 11.6619 14.1421 16.4924 12.8062 18.2209 12.7279 14.4914 16.8226 15.6205 15.8745 13.1149 15.3623 12.0830 13.4907 14.8997 12.6491 16.1245 12.0830 12.4097 15.1658 13.4164 10.0995 14.0712 14.2829 10.7703 17.2627 21.1896 19.4422 17.9444 17.4929 21.0000 22.0227 21.1424 20.4206 18.5742 16.7332 18.8414 18.0278 22.9565 17.5784 14.9332 18.8944 17.6635 20.8806 17.9722 22.3159 20.9045 16.5529 15.4919 19.8997 14.8661 18.8149 19.3132 20.3961 19.3132 28.1780 29.2233 30.5123 29.0000 30.8707 28.0891 27.3861 30.5287 27.1662 30.3974 31.2890 27.5500 26.8514 30.9354 28.5482 29.3939 25.0799 30.1496 29.4109 31.9687 31.3688 30.4138 30.3974 32.2025 26.0576 26.4386 26.4953 27.2213 31.0966 30.1496
11.2250 8.7178 10.3923 13.5647 17.3781 12.9615 15.3623 17.0294 14.4914 14.2127 12.4900 12.2474 0.0000 9.2195 13.6382 12.4900 14.0712 12.8841 14.4914 11.5758 8.2462 11.2250 11.1355 13.5647 12.0830 11.3137 17.7200 11.3137 11.9164 14.8997 33.1361 35.9166 32.8329 32.2025 32.1248 33.6303 30.4959 30.2324 32.7872 31.8591 29.8664 32.1403 30.5287 33.2415 33.6601 31.5595 31.0000 31.2890 33.1512 30.0167 30.4959 29.3939 33.9264 32.4037 34.1174 28.8444 33.0303 32.3883 33.1662 33.0757 13.8564 14.0712 16.3707 16.5227 15.8745 13.7840 12.7279 16.2481 10.8628 16.7929 13.5647 15.7480 15.3297 14.3527 15.0997 12.1655 13.0384 14.4914 15.1658 11.2250 10.4881 17.1464 12.7279 11.5758 15.4272 12.2474 11.3137 15.8114 12.0830 11.8322 15.9374 20.5670 18.9737 17.3205 17.8326 17.5214 20.0749 18.4120 20.2237 19.7231 17.3205 19.8242 15.6525 18.0278 17.7482 14.3875 16.7033 15.8114 21.4476 19.0000 20.0000 19.0526 15.4272 16.3707 17.6635 14.1774 18.2757 19.0000 25.0998 17.0587 30.5941 32.0624 30.6431 30.1828 30.9677 29.7489 28.4605 29.3598 29.4958 30.4631 31.6702 30.2159 28.3725 30.3809 30.5123 29.9333 26.8142 32.1092 30.0500 32.4345 33.3467 31.6386 30.0998 31.6070 28.7576 29.4449 28.5307 29.1033 32.9697 30.0832
13.2288 13.4536 11.9583 15.3948 19.6214 10.6301 13.0767 16.9411 17.0000 16.4012 12.4499 13.1529 9.2195 0.0000 13.2288 12.3693 14.5945 13.6015 13.7477 9.6437 11.0000 9.5394 12.4499 15.7162 14.9332 12.3693 16.7033 13.0767 13.0767 17.9165 31.6070 34.0441 31.4166 30.4959 29.6816 31.5595 27.5862 29.3769 31.8119 28.9482 28.4077 30.2985 29.1033 32.0000 30.6268 29.3428 29.4618 29.9333 31.9687 28.7054 28.3725 28.6182 30.9516 30.9677 32.3574 27.9106 30.6268 29.5635 32.5730 30.5123 17.6918 12.8452 13.8924 14.4914 18.1934 15.3948 13.3041 17.1172 11.0905 17.1172 14.9332 16.1555 15.0333 14.7309 16.2173 15.3297 13.9642 11.9583 15.2643 11.9583 7.6811 17.1756 13.9642 13.8203 15.3297 11.6190 13.2288 17.0587 13.6748 12.7671 16.3401 20.4939 19.6723 17.5214 15.5885 19.7990 18.7617 19.7484 18.2209 20.9284 17.8045 19.6469 16.1864 18.6548 17.8326 16.5529 17.1464 15.6525 21.6102 18.8149 19.6214 20.6882 15.7797 16.4621 16.7033 16.7929 19.2094 19.2873 25.0000 18.1659 29.5127 30.6757 28.4253 28.0713 29.6311 29.6648 26.2488 27.8029 28.6880 29.6479 31.0483 28.0000 27.3496 29.8998 28.4605 28.2312 25.5734 30.3315 27.9643 30.2490 29.9833 30.0333 27.9106 29.9333 27.3496 28.5307 27.9106 28.0713 30.9839 27.6405
17.0880 12.9615 15.1658 14.1421 18.7617 16.2481 13.1909 17.6635 16.7332 15.0997 16.2481 12.0830 13.6382 13.2288 0.0000 15.6844 17.2047 10.8628 13.3417 14.4222 12.0830 13.8564 14.0712 15.0333 15.2315 15.5563 16.9706 14.3527 14.4222 17.3205 27.2764 29.2575 26.1916 26.4008 26.5707 27.6948 25.2982 24.5357 26.0576 25.4755 24.3311 26.2488 24.1247 26.3629 27.4773 26.2298 25.4755 26.4008 26.8887 23.5584 24.1661 24.2487 28.8964 26.9815 27.2764 23.0651 26.0192 26.4764 28.1780 26.4953 15.0333 12.4900 14.6969 17.0587 20.8327 14.4222 12.8841 15.2971 11.6619 13.4164 11.6619 16.8523 11.3578 14.4914 13.3417 14.4914 14.4222 10.6771 14.4222 12.8841 12.9615 13.2665 12.4097 14.9666 13.2665 13.1909 11.0454 15.9374 16.9115 13.2665 15.8745 18.1384 17.1464 17.3781 14.4914 17.9722 20.0749 22.6053 17.2916 15.3297 14.8997 18.2483 17.0000 18.6279 16.6433 15.7797 16.1555 16.4924 18.8149 16.9411 19.6469 19.5192 17.3781 15.8745 18.2209 13.1529 16.4317 12.8452 23.5372 16.5227 25.2587 26.4575 26.0576 24.5967 26.5895 24.0208 24.5764 25.6515 23.9583 26.6833 26.2107 24.4336 22.6053 26.0576 25.3574 25.4165 21.4243 27.6586 25.2784 26.7582 27.8568 26.5518 25.7682 28.4077 24.1454 25.0400 23.7487 23.9792 27.4044 24.9600
12.5698 11.4018 12.5698 12.0830 17.3781 14.0712 12.4900 15.3623 14.6287 14.0712 15.2971 12.4097 12.4900 12.3693 15.6844 0.0000 12.4097 13.1149 13.7840 11.8322 9.4868 12.1655 9.7980 13.1149 14.8324 16.0624 18.5472 11.2250 14.5602 18.0555 32.8329 35.8329 32.6803 31.8904 30.4959 32.3265 29.5635 28.6705 32.0780 32.0780 29.6985 31.8591 31.4960 33.0303 33.7491 30.2655 29.6816 30.5778 34.4819 30.2159 30.1993 29.0861 33.5410 31.1769 33.6155 29.1204 32.9393 32.4191 33.3167 33.7935 16.6733 15.4272 15.4272 15.3948 14.6287 12.5698 13.2665 21.0713 10.9545 18.9737 15.5563 18.0555 17.6918 17.6635 16.8523 12.6491 16.1245 16.3095 14.6969 15.6205 15.2971 17.2627 13.0384 12.3288 17.7200 11.9164 15.3623 17.2627 12.1655 9.5917 20.2485 23.5160 20.7846 20.8806 20.2485 22.2486 22.0227 20.1246 21.5639 21.4243 20.2485 21.0476 15.9687 23.3024 18.6279 17.9165 20.0250 16.1245 21.2132 21.2368 24.5357 22.6053 16.7929 18.5472 19.8494 17.2916 18.7083 21.5639 23.5797 20.9045 30.1330 30.0998 29.9500 29.0689 29.7153 29.2062 26.6083 27.6405 27.9643 29.0861 30.8707 29.1033 28.4781 28.8271 28.1247 28.9828 27.0000 29.6479 29.3087 30.3315 31.8748 29.8831 28.9482 31.2250 28.2666 28.5132 27.1662 27.5136 31.1288 29.8496
15.2315 15.1658 11.1355 13.2665 16.1864 11.0454 13.9284 11.7473 16.3095 16.4924 12.4900 12.9615 14.0712 14.5945 17.2047 12.4097 0.0000 16.0000 11.6619 12.3288 12.0000 11.8322 13.4907 14.0000 15.0333 13.3417 16.1864 12.3288 10.2956 16.4924 31.3688 33.4066 30.0333 28.0891 28.3549 30.2820 29.0517 26.0768 29.8831 30.4467 28.1425 29.8161 30.0666 31.1288 31.4166 27.3496 28.3373 28.3725 32.2335 28.5832 28.3901 27.4226 30.7409 29.6985 31.4325 26.6458 30.2820 30.3150 30.5941 31.3050 16.8523 13.5647 18.0555 12.6886 17.1464 10.4881 13.5647 18.3848 12.0830 18.1659 14.4222 16.3095 17.4642 16.7929 12.7279 12.7279 18.5472 17.3781 14.3527 11.9164 15.2315 17.4356 12.0000 12.2474 16.0624 16.3707 14.6969 14.2829 10.1980 10.5830 18.1659 22.3383 18.3848 18.3848 18.1659 21.7486 19.7737 19.5192 20.6155 21.3307 18.7083 20.8567 14.9332 22.7376 17.5784 19.2094 17.8045 15.4272 19.3907 19.1572 23.6220 17.8606 15.2315 16.4317 16.0000 15.9060 18.6548 22.4277 19.8997 20.8087 27.6767 28.1069 27.3313 28.2666 27.2580 25.7488 25.9230 27.9285 26.2298 26.9815 28.6880 27.0370 26.2869 28.4781 25.4362 27.3130 23.8956 27.0000 26.4386 29.0172 30.1993 28.3019 27.4955 27.8388 25.0799 26.6271 24.6982 25.5930 28.3019 27.9106
14.6287 12.3288 12.0830 14.8324 17.0880 14.7648 17.2047 16.1245 16.4317 14.0712 15.1658 14.2127 12.8841 13.6015 10.8628 13.1149 16.0000 0.0000 13.1149 11.5758 11.1355 14.8324 11.0454 11.4891 13.2665 17.9444 19.5448 14.0712 13.0384 20.0998 31.2730 32.7109 30.3645 31.4166 30.6594 31.5753 27.8209 28.3549 29.4109 29.2746 28.6356 29.8496 28.5307 29.8161 31.7333 28.8791 27.4044 29.7825 31.2570 26.8142 27.5318 29.1890 33.3017 30.8545 30.7571 26.0768 29.3428 30.5778 31.6860 29.4279 9.8995 14.4914 16.6132 16.4012 17.8326 12.0000 11.3137 18.0000 13.4164 13.0384 15.3623 18.4932 12.2882 13.8564 13.7113 14.0712 17.3781 13.5647 15.9374 14.0000 14.3527 13.9284 13.0384 15.3623 13.0384 14.2127 13.2665 16.7929 14.2829 11.3137 14.8997 18.1934 18.4391 18.3303 16.0000 19.8746 18.3576 21.9317 19.4165 18.5203 15.4919 18.9473 15.8430 19.5192 15.4596 17.9722 15.8430 15.8114 18.7083 17.6918 19.7484 21.6102 16.1864 17.5499 17.7764 15.5242 16.0624 16.6433 22.5832 20.1742 28.7054 30.5287 29.2746 28.4429 30.4795 27.7669 29.0861 28.0713 28.2843 29.0861 29.6142 29.5127 27.1846 28.9310 28.8617 27.5681 25.5539 30.3480 28.2312 29.3598 32.0312 29.4449 28.7750 29.5804 27.9464 29.1033 28.2489 27.2580 31.8591 27.8029
18.8149 14.9666 15.2971 16.6132 19.3391 9.0554 14.1421 16.2481 16.7929 16.7929 15.0997 12.9615 14.4914 13.7477 13.3417 13.7840 11.6619 13.1149 0.0000 13.8564 13.6382 12.8062 13.2665 14.3527 16.9706 13.8564 16.1864 13.1149 10.5830 14.3527 31.8119 33.4066 30.4631 29.9166 29.1204 32.0468 28.6007 26.9815 30.5450 30.4467 29.6311 30.9031 30.1662 31.1609 32.8481 28.7750 28.6880 30.0167 33.1210 28.4429 28.9828 28.3901 33.6601 30.9192 31.2730 27.3496 29.5127 30.9677 32.4037 30.7571 15.8745 14.6287 19.7484 14.5945 17.7764 11.9164 15.5563 18.6548 13.7840 17.3781 15.4919 18.1108 17.1172 16.7332 13.7840 12.3288 19.4936 14.6969 16.1245 13.0384 13.6382 14.8324 12.1655 16.4924 16.3707 18.1659 14.0000 16.1864 13.8564 10.6771 19.0788 21.8403 19.8997 20.5913 17.6068 22.2036 22.3830 22.1133 21.9317 20.7123 18.8149 21.4243 18.1934 22.8692 17.8045 18.8414 16.5831 18.8149 20.4450 19.9249 24.9399 19.5192 17.3205 19.5448 17.4929 17.9722 18.8680 20.1742 22.5389 22.7376 29.3598 30.2985 27.1846 28.3373 29.5804 27.3313 27.7489 28.3901 27.2397 29.6648 29.3428 28.8964 27.5500 29.0000 27.9106 27.8209 24.7992 29.4109 28.5482 29.2916 32.0000 29.3769 28.7402 29.3769 27.2213 28.8964 26.7582 28.0535 31.0322 28.8617
15.0333 14.8997 9.3808 12.8062 17.1464 10.9545 14.4914 12.4097 15.7480 13.0384 9.5917 12.1655 11.5758 9.6437 14.4222 11.8322 12.3288 11.5758 13.8564 0.0000 10.4881 10.5830 10.8628 10.7703 13.3417 15.2971 16.5529 12.8841 10.6771 18.3303 30.2324 32.5883 30.0666 29.3769 29.5973 31.0966 27.9643 28.2843 30.1164 29.0000 28.6705 29.9833 28.5307 31.6386 29.6142 28.2135 28.3373 28.5482 30.8383 27.5136 26.6458 28.0357 30.6105 29.8664 32.1559 26.7955 30.0167 29.1033 30.3315 29.7993 14.4222 11.7473 14.9666 13.7477 15.5563 13.0384 12.0830 15.4919 10.7703 15.4272 14.6969 14.7648 14.7986 13.1909 15.2315 14.6969 15.0997 13.3417 13.7840 12.3288 10.2956 18.0555 11.5758 12.4097 12.3288 12.8841 11.5758 14.2127 11.4018 9.5917 14.2127 19.8242 18.6011 17.1464 15.0333 21.0476 17.0587 20.0250 18.1934 20.9045 16.4924 17.2337 15.7797 21.0000 16.6433 16.4621 17.1756 15.1658 19.0788 17.5214 19.8494 19.0000 14.4914 15.7480 16.0000 16.5831 17.3781 19.9249 21.4009 19.3649 27.0555 29.2916 28.9655 28.2312 29.2746 27.9464 26.8701 27.7849 27.5318 27.7128 29.0000 27.5862 26.4386 29.4788 27.8388 26.3439 24.5561 28.4077 27.2947 29.8329 29.4618 28.0535 27.9643 28.3373 25.1595 27.1846 26.7955 25.9422 30.2490 27.2213
10.2956 7.8740 8.9443 8.6023 13.3417 13.7840 12.0830 13.1909 11.3137 8.9443 10.7703 10.6771 8.2462 11.0000 12.0830 9.4868 12.0000 11.1355 13.6382 10.4881 0.0000 11.4891 7.4833 10.3923 11.0454 13.4907 15.7480 11.4891 12.0830 15.2315 30.0666 32.3419 29.4618 28.3019 27.8209 29.6479 26.7208 25.6125 27.9821 28.5482 26.0768 28.3019 27.5681 28.9310 30.3809 27.5318 26.5141 27.4408 30.1164 25.6320 26.7582 25.8844 30.3809 28.1780 30.5941 24.6577 29.5466 28.8964 29.7321 29.6985 11.9164 11.7473 12.9615 12.3693 14.4222 9.7980 8.8318 14.5602 8.6023 13.2665 9.8995 12.7279 11.3578 12.4900 11.4891 9.7980 10.2956 12.5698 10.0000 11.4018 11.3137 15.6844 8.8318 8.8318 12.5698 8.7178 10.0995 13.0384 9.2736 7.0711 13.1909 17.7482 15.5563 14.8997 15.2315 16.8226 16.5227 16.8819 16.4012 15.7162 14.8997 15.3297 12.2066 18.1384 13.6015 12.2066 14.8661 12.2474 15.8745 14.5258 18.3848 17.9722 12.4900 12.8062 15.2971 11.2694 13.7113 15.9687 19.5448 15.1327 27.2397 27.3130 26.9629 26.0192 26.7769 25.9422 24.6982 25.8457 24.8193 26.7582 28.3019 26.1343 24.4336 27.0370 25.1595 25.5734 22.3830 27.4408 25.6710 28.2135 29.3598 27.6225 26.6083 28.0179 25.5539 25.2389 24.1247 24.4336 28.8271 26.0960
14.6287 15.3623 11.0454 14.5602 20.0998 11.4891 13.3417 17.2627 16.3095 16.1245 10.3923 13.7113 11.2250 9.5394 13.8564 12.1655 11.8322 14.8324 12.8062 10.5830 11.4891 0.0000 12.1655 14.5602 12.0000 13.2665 15.2315 12.4900 12.4097 16.7332 30.0998 32.8024 30.4631 29.6479 27.4226 30.5450 26.7208 27.1662 30.2820 27.9821 27.7849 29.9833 28.9828 30.3480 29.8496 27.8209 28.7924 29.3087 31.8904 28.4781 27.4955 26.6083 30.4138 29.7321 31.3369 27.3496 29.8496 28.5832 31.0805 30.1662 17.3205 10.3923 15.8745 16.1555 14.8324 15.6205 12.8841 15.7480 8.2462 18.1659 13.0384 14.7648 16.8226 17.4929 14.4914 12.9615 14.1421 16.0000 12.8841 11.9164 11.4891 19.1311 12.2474 11.5758 15.4919 13.7113 12.2474 14.2127 13.1909 12.2474 17.6068 22.0681 18.3303 19.0788 16.8523 18.9473 19.7737 19.1572 18.0831 21.2838 19.3907 18.0831 15.3297 20.1742 17.1756 17.9722 16.8226 16.5529 20.0998 20.0749 21.6795 17.8045 16.3707 17.7764 15.2315 17.0000 18.2209 18.8414 25.3772 18.8944 29.0172 28.7402 26.6646 27.1846 27.3679 27.2213 25.0599 26.0000 26.3439 27.4955 28.1957 26.3629 26.4008 27.1109 26.7021 26.4197 24.3105 28.5832 26.3629 29.0861 28.7402 27.9821 26.0768 28.2312 25.9422 27.1846 25.5734 25.6710 28.8271 27.1846
12.9615 10.0995 10.7703 10.0995 16.3095 12.7279 13.1909 16.0624 13.9284 9.6954 10.4881 11.8322 11.1355 12.4499 14.0712 9.7980 13.4907 11.0454 13.2665 10.8628 7.4833 12.1655 0.0000 9.1652 12.2474 16.3707 18.7083 14.4222 14.9666 18.6011 32.0312 34.0294 31.0483 30.8058 30.1662 31.2250 28.0713 28.0000 29.3087 29.9500 29.0517 29.9833 30.2655 30.7409 32.6037 29.1548 27.8029 30.3480 31.8591 27.5862 28.8444 28.3549 32.7261 29.9333 31.8434 26.7955 30.9677 31.0000 31.4643 31.3369 13.8564 15.0997 15.4272 14.4568 12.3288 10.6771 11.4891 16.6132 10.4881 14.2829 13.5647 13.3417 15.3297 13.1149 12.8062 8.1240 12.8062 14.2127 11.4018 15.2971 13.2665 19.3907 10.9545 11.6619 14.5602 11.3137 12.0830 15.4272 12.5698 7.6158 15.4272 20.5670 18.6011 18.9209 17.7764 19.5192 19.5192 20.4206 19.7737 18.3576 17.7764 15.7162 15.5885 21.1424 15.9060 15.0665 16.7033 15.2315 17.9444 16.6433 21.2132 21.0476 13.8564 17.7764 17.7200 16.0935 16.9115 18.2483 20.9284 19.3132 29.1548 28.9828 28.6531 27.5862 29.1719 28.1247 27.2764 27.8209 26.6458 29.2233 30.6757 28.3725 27.1477 29.5466 27.6225 27.3496 25.8650 29.7489 27.0370 29.7658 31.7805 29.0689 28.6705 29.8831 28.6182 28.1247 26.5707 26.4008 31.0966 28.2666
14.4222 13.6382 10.7703 12.0830 13.4907 14.8324 16.4317 15.4272 11.5758 10.0000 10.8628 12.9615 13.5647 15.7162 15.0333 13.1149 14.0000 11.4891 14.3527 10.7703 10.3923 14.5602 9.1652 0.0000 13.8564 16.0000 19.2873 12.7279 13.3417 17.4356 31.1127 33.5857 30.8869 30.9354 30.9839 32.2335 29.4279 28.1069 29.5804 31.2890 29.6648 30.8058 29.4958 31.9218 32.4500 29.1890 28.6880 29.1376 31.9218 27.3679 28.2843 28.7054 33.2415 30.2985 31.9687 26.4953 31.0966 31.3528 30.7896 31.5595 10.4881 14.8997 17.8885 14.7309 13.1909 11.8322 14.0712 16.7332 12.0000 16.1245 15.0333 16.9115 15.2643 15.6844 13.7113 11.7473 15.0997 16.6733 11.5758 13.7113 14.6969 17.7764 12.5698 11.1355 15.1658 15.0997 11.5758 11.9164 12.4097 9.3808 16.1245 18.7883 18.1108 18.0555 17.6068 20.6155 18.7883 19.3649 19.0000 19.8242 16.1864 16.2788 16.2173 20.4695 16.2788 15.8430 16.4621 14.6287 17.4929 19.0000 21.5870 18.8414 14.5602 16.4317 16.3095 15.0665 15.2971 19.3649 21.6795 18.6279 27.8927 29.4958 30.1496 29.7153 29.5127 28.1247 28.6705 28.1780 27.0185 28.1780 29.0345 29.8831 27.2580 28.5482 28.7924 27.3496 25.0000 29.2746 28.2312 30.4959 31.9374 28.7228 29.7993 29.4449 27.1477 28.8271 26.7955 26.4008 31.3209 29.1376
14.8324 15.0333 12.1655 13.3417 20.0000 15.8745 17.9444 17.8326 17.4356 13.7840 10.7703 15.1658 12.0830 14.9332 15.2315 14.8324 15.0333 13.2665 16.9706 13.3417 11.0454 12.0000 12.2474 13.8564 0.0000 19.2873 18.3848 16.8523 13.5647 20.5913 30.6594 33.9116 31.5911 30.8058 29.3939 31.8904 29.0517 27.4226 29.1719 28.6880 27.2029 30.5778 28.1780 30.1164 31.5436 29.2916 28.6531 29.7153 31.3847 27.6225 26.8701 26.4575 31.7017 30.9516 33.2566 26.2298 30.6431 30.6431 30.2655 30.9839 14.4222 12.5698 14.8324 18.6279 12.9615 13.4164 11.4891 14.5602 11.3137 17.5499 11.4891 12.0830 15.9687 15.9374 13.4164 13.9284 15.6844 18.4932 12.4900 15.2315 16.2481 20.2485 14.3527 11.3137 12.4900 13.0384 13.8564 14.3527 15.4919 12.3288 14.7648 20.1742 15.4919 17.7200 18.1108 15.8430 18.7350 19.0526 17.6918 18.5203 16.0624 14.7309 13.8924 20.0749 13.9642 15.3297 15.3297 15.1658 17.4356 17.1172 17.4929 17.4642 15.4919 16.2481 16.1245 15.1987 14.2829 15.3948 22.4499 18.6279 29.0172 29.5973 29.0345 28.0179 29.4788 28.1247 28.0357 28.4956 27.0185 28.9828 29.6479 27.8029 26.8142 29.0000 28.3725 27.9285 24.4336 30.2159 27.6225 31.5278 31.8434 29.2404 29.0861 30.0500 27.2580 26.4386 27.8568 25.4362 30.9031 29.2062
14.8324 14.4914 13.1909 16.3707 16.1864 14.1421 14.4222 17.7764 13.9284 18.1108 15.8114 13.0384 11.3137 12.3693 15.5563 16.0624 13.3417 17.9444 13.8564 15.2971 13.4907 13.2665 16.3707 16.0000 19.2873 0.0000 16.6132 9.2736 12.8841 11.6619 33.4963 35.9166 32.5576 31.5119 31.7490 33.8083 31.0483 29.7321 33.6898 33.0908 30.5614 32.5730 31.1448 33.9853 33.5410 31.3050 32.0468 30.3150 34.4529 30.7734 31.5911 29.7658 33.8378 32.7109 33.4066 29.3939 33.0000 32.5115 34.0588 33.6452 17.7764 15.8114 20.6398 15.5242 21.1660 16.3095 17.3781 19.0263 13.7113 20.5426 16.0624 20.3961 17.2916 19.1833 17.4356 15.4272 15.8114 15.6205 16.6733 10.5830 10.8628 15.2971 15.4919 13.2665 19.4422 17.0880 13.7113 14.6969 12.8841 15.5563 19.7990 20.7123 20.3961 18.1659 17.9444 20.7605 21.6564 17.8606 20.6640 21.9317 19.0788 23.2594 17.6352 18.4120 20.5183 18.6279 17.9722 17.4929 23.4094 22.3830 23.7487 19.3649 17.3781 16.6733 17.0880 15.5242 20.8327 22.6936 26.3818 17.7482 30.7571 32.1248 30.3480 31.7333 30.5450 29.6142 28.2843 29.6648 29.6648 30.4959 31.1609 30.7083 28.9655 29.8496 29.8161 30.1993 26.1725 31.3528 30.4138 32.0936 32.2800 31.9844 30.0998 31.3528 27.8388 30.6757 27.5318 30.1828 32.2335 30.1828
20.3470 19.1311 17.9444 16.7929 17.7764 18.7617 15.5563 15.8745 16.1245 17.3205 16.9706 16.4317 17.7200 16.7033 16.9706 18.5472 16.1864 19.5448 16.1864 16.5529 15.7480 15.2315 18.7083 19.2873 18.3848 16.6132 0.0000 18.6011 14.9666 13.1909 30.9516 33.2866 31.1448 28.3019 27.2029 31.6386 28.0357 24.0832 29.6479 28.6531 27.4226 30.3150 28.5307 29.3769 30.3150 28.1425 29.1376 26.8514 32.2335 27.2580 28.2489 26.3818 31.3209 30.7896 32.1870 25.6905 29.4449 28.4429 30.8869 30.4302 20.6398 10.8628 18.3848 16.3401 22.4054 16.2481 17.0294 16.6733 13.6382 19.3391 13.2665 18.3848 16.4012 20.8806 18.7083 18.8149 17.0294 18.0555 16.4924 14.0712 14.6287 18.0000 14.8997 15.8745 14.3527 17.2047 16.1864 14.2127 16.4924 15.1658 18.0000 19.2614 14.2829 17.9444 14.4914 16.5831 19.4679 15.8430 17.5214 18.1384 18.1108 17.2916 14.8661 20.6155 16.3401 17.9165 16.4012 19.1311 18.7617 17.8606 21.7256 17.4642 17.0880 15.0333 14.8997 17.6352 16.6733 19.0526 21.4009 20.0250 29.3258 30.2324 28.0535 29.4449 28.3019 27.5136 27.4955 29.7993 28.1069 29.4618 28.7228 26.4386 26.3249 29.8831 26.8887 27.4955 21.2368 28.3373 28.3019 31.2730 29.5973 30.5778 29.3258 29.8161 24.5561 26.7395 26.7955 26.5518 30.2159 27.6948
13.6382 13.5647 11.6619 14.7648 15.2315 14.4914 14.6969 16.0624 12.2474 16.0624 15.8745 12.3288 11.3137 13.0767 14.3527 11.2250 12.3288 14.0712 13.1149 12.8841 11.4891 12.4900 14.4222 12.7279 16.8523 9.2736 18.6011 0.0000 11.0454 13.9284 32.4345 35.2136 32.2800 32.0780 31.3369 33.6601 30.7896 29.3939 33.1813 33.1210 30.0998 32.6956 30.4631 33.5708 33.2415 30.7246 31.0644 29.7489 34.4238 30.3480 30.2655 29.2233 34.1321 31.9061 33.3467 29.1548 32.6343 32.6343 33.3766 33.5857 14.0712 14.6287 19.1833 15.5242 17.9444 14.8997 15.6844 20.4939 12.6491 20.1990 16.2481 20.7846 16.2788 18.8680 17.1464 14.4222 16.0000 15.6205 15.0997 11.6619 13.4164 13.0384 14.0712 12.0000 18.4932 15.4272 13.7840 13.8564 11.1355 13.1149 20.0998 20.8567 20.4450 18.8149 18.7617 22.3830 21.1896 18.2483 20.4206 22.1585 18.2757 23.2594 16.5227 20.4695 19.5704 18.5203 18.8944 15.7480 21.7715 23.0868 24.4540 19.8746 18.1108 17.0294 17.9444 14.8661 18.7617 22.0227 25.6905 19.1050 29.6311 31.2090 30.6431 31.0322 30.3809 28.8964 27.7489 27.7489 28.6007 28.8444 29.4109 30.8058 28.7228 27.5136 29.2062 29.0517 26.0960 30.1828 30.6105 30.9839 31.5595 30.1828 29.2233 30.6431 27.1846 29.9833 27.0185 28.8964 31.7017 30.0500
16.7929 15.6844 12.0000 14.5602 17.0880 10.9545 16.3095 12.3288 15.3623 14.8997 12.9615 11.4891 11.9164 13.0767 14.4222 14.5602 10.2956 13.0384 10.5830 10.6771 12.0830 12.4097 14.9666 13.3417 13.5647 12.8841 14.9666 11.0454 0.0000 14.1421 32.0000 34.1174 31.7805 29.8831 30.1993 33.3317 30.7896 28.0357 31.7017 31.2570 29.5296 32.0780 29.6311 32.4808 31.9531 29.9333 30.3480 29.3769 33.0303 28.8617 28.2135 28.3549 32.8481 31.9061 33.6155 27.6405 31.0644 31.0644 32.0624 31.7490 12.8062 11.4891 18.7083 15.1327 17.0294 12.5698 14.3527 16.9706 13.6382 18.2757 14.6287 16.8523 15.4596 16.6733 14.5602 15.2315 18.3303 15.0333 14.9666 10.5830 12.8841 14.1421 11.6619 13.9284 13.8564 17.0294 12.0000 12.4097 11.6619 10.9545 16.1864 19.4679 17.7200 16.5529 15.8745 20.9045 18.7350 18.4120 19.1572 20.6640 15.8114 19.9750 15.8430 21.6564 15.3297 16.7631 16.5831 16.5529 18.9737 18.6279 21.4942 17.1172 17.1464 14.9666 15.6844 14.7309 16.7332 19.8746 20.6398 21.0476 28.8097 31.2090 29.6816 29.9833 30.6431 28.1603 28.6007 29.9333 28.5657 29.4618 29.7825 29.3087 27.5500 29.8831 28.8964 28.6007 23.7697 29.7489 29.6816 31.7490 31.4960 30.3809 29.9666 29.6142 25.6710 28.0179 27.7128 28.0179 31.5119 29.4449
20.0000 16.0624 18.6011 18.0000 17.4356 18.1108 16.9706 18.9737 12.9615 17.5499 18.7617 15.4272 14.8997 17.9165 17.3205 18.0555 16.4924 20.0998 14.3527 18.3303 15.2315 16.7332 18.6011 17.4356 20.5913 11.6619 13.1909 13.9284 14.1421 0.0000 34.1467 36.7423 33.8231 31.8591 32.0624 35.5668 32.5883 28.5307 33.9559 34.5398 31.8434 34.1321 32.2180 34.1321 35.4824 32.3728 33.1210 30.7734 35.5387 31.1929 32.6497 29.8329 36.3731 33.4664 34.9285 29.8664 33.8083 33.3916 34.3220 35.0714 18.7083 15.8114 22.8035 18.3576 20.8327 17.4356 19.9499 19.3391 15.0997 21.8632 16.1245 21.5407 19.3132 21.9089 19.5959 16.1864 17.7764 19.1311 17.9444 13.0384 15.4919 16.9115 15.1658 16.1864 19.5959 19.9499 15.0997 15.0333 15.6205 15.2971 21.7256 22.4277 19.6469 20.5913 20.0499 20.2237 24.3516 17.8606 23.1301 21.1896 20.5426 22.8254 19.1050 21.9317 20.7123 17.2916 19.2094 20.9762 22.4499 22.8692 26.6083 17.8045 19.4936 18.5472 18.9209 17.2916 19.6977 22.3383 26.0384 20.7605 31.7175 33.2866 31.2890 32.9697 31.1609 29.8496 29.8329 31.5278 30.0000 31.6544 30.7734 31.4484 29.1719 30.7083 31.0644 31.2410 25.4362 32.0156 32.5730 34.0588 34.3511 33.1512 32.4654 33.2114 28.2666 30.6431 28.2135 30.7409 33.7787 31.8904
33.6452 32.9848 31.5911 30.4959 34.0588 34.1174 28.5307 32.0312 33.9411 31.9374 28.9137 32.0000 33.1361 31.6070 27.2764 32.8329 31.3688 31.2730 31.8119 30.2324 30.0666 30.0998 32.0312 31.1127 30.6594 33.4963 30.9516 32.4345 32.0000 34.1467 0.0000 11.3137 9.8995 15.7162 15.8114 13.6748 15.2315 14.2127 13.9642 13.4536 12.2474 14.6629 9.1652 17.3494 12.2066 12.9615 12.9228 10.8167 13.5277 13.0000 9.0554 12.1655 14.9332 10.1980 15.3623 13.3417 13.6748 14.6629 9.0554 14.9666 32.5883 27.2397 25.8457 27.4773 34.2637 29.7658 25.5734 25.0599 27.6767 26.3059 25.4951 29.3939 25.9422 27.4226 28.9828 30.0333 28.8444 28.4253 28.0713 28.2135 29.9333 30.0000 28.4956 28.9482 25.5343 28.1425 30.0998 28.5657 30.0000 30.8221 26.1151 26.8887 24.3311 25.2190 23.0651 27.3679 25.4362 33.1813 22.7376 23.7697 24.3311 27.8388 26.6271 29.0689 27.8747 27.0740 25.6710 25.2190 25.6515 27.3679 27.1662 23.2594 26.8328 25.1396 25.9615 25.1197 24.8998 23.0000 31.9374 23.4307 13.1149 14.7648 17.8045 15.5242 15.7162 15.2643 16.7332 16.7332 13.6382 11.5758 10.2470 15.5242 14.4568 15.2643 16.6433 14.6969 17.6352 13.4536 18.0831 16.2481 17.0294 9.9499 15.9374 16.0312 12.0416 17.4642 15.0997 13.3041 14.5945 16.6433
36.3318 35.4119 33.7343 33.2566 35.6090 35.9444 31.6228 33.9116 35.7771 34.4674 31.6228 34.9571 35.9166 34.0441 29.2575 35.8329 33.4066 32.7109 33.4066 32.5883 32.3419 32.8024 34.0294 33.5857 33.9116 35.9166 33.2866 35.2136 34.1174 36.7423 11.3137 0.0000 9.7980 14.7309 16.7332 12.6886 14.0000 16.2481 13.4536 11.3578 14.8324 11.3578 13.7840 13.8924 10.2470 10.7703 11.2694 14.1067 11.7047 12.2066 11.4891 18.5472 15.0000 10.4881 10.9545 12.9615 9.2195 11.4455 11.5758 9.6954 34.2637 29.4958 29.8664 29.0689 37.1484 32.3419 28.0357 27.9285 30.7246 26.3818 28.9828 32.1248 26.7769 29.0861 29.8664 32.1248 31.4960 29.5296 30.7896 30.4302 32.0312 31.9687 29.9666 32.5576 27.6767 31.4006 32.5269 31.1127 32.3728 32.9545 27.0924 27.7669 26.4953 27.0185 23.9583 30.4467 25.9422 35.8190 25.2784 25.1992 26.7582 29.9500 28.6880 31.1609 28.7576 30.4467 28.0179 27.3496 25.4165 27.7308 29.0517 26.3249 29.5973 27.9643 27.7128 27.2580 27.4226 24.8797 32.0312 27.6225 14.3527 16.5529 16.9411 15.5242 15.5885 14.3178 18.7083 19.7990 15.8114 14.4222 12.8452 17.5784 14.7986 19.0000 15.2643 15.6205 18.4662 15.6525 15.4596 14.7648 17.3781 12.9228 16.0000 15.0000 16.8226 20.3224 15.6844 15.5885 15.0000 11.7898
33.3167 31.5911 30.8545 29.6985 33.0151 32.8024 27.6405 30.7571 34.0588 31.5595 29.2233 31.0161 32.8329 31.4166 26.1916 32.6803 30.0333 30.3645 30.4631 30.0666 29.4618 30.4631 31.0483 30.8869 31.5911 32.5576 31.1448 32.2800 31.7805 33.8231 9.8995 9.7980 0.0000 11.7898 15.9374 9.5394 14.5602 13.8564 11.3578 13.1529 12.8062 10.1489 11.9164 15.0665 13.0767 11.4018 10.5357 12.5300 11.2694 11.4455 11.4891 14.6287 14.3178 9.1652 11.3137 12.0830 11.9583 13.7477 10.0000 12.0000 32.1870 28.0000 26.7208 26.5141 35.3270 28.3196 24.8596 25.1396 27.8209 23.9583 25.5343 28.8097 25.0799 25.4558 26.9444 28.7054 29.2233 26.7208 28.3549 27.8209 29.5635 29.0861 27.3861 29.3258 25.3772 28.2489 29.2575 29.1890 29.3598 30.0998 25.0998 26.6646 24.9800 25.0998 22.8035 28.4077 25.5930 34.6266 24.5153 22.6936 24.5764 28.4781 27.1109 29.0000 27.8747 27.6586 25.7876 25.4165 25.3772 25.3180 27.4226 24.3926 25.8844 25.5343 26.6458 24.5153 26.1534 23.6008 29.5973 23.9374 11.8322 12.9615 15.3297 13.5277 14.4568 11.0000 15.8745 17.8885 12.5698 12.3288 12.9228 14.0357 12.5300 17.6918 14.4568 14.7648 17.4069 13.2288 14.3875 12.9615 17.5499 10.6301 14.7648 15.4596 13.6748 16.7033 12.4900 13.3041 12.8452 14.1774
