0.0000 5.9155 6.9102 4.3738 6.1382 5.6175 6.0783 5.2008 3.7405 7.1934 7.3344 3.4704 6.7540 5.1345 5.6037 5.6635 6.8510 3.6693 7.0967 5.4227 5.2608 3.4675 3.9879 8.3382 3.8443 3.5521 4.2131 7.1705 4.1818 3.5773 20.2821 20.0667 18.9522 20.3807 20.3284 20.2716 20.6712 19.8620 20.5488 18.2588 19.6867 19.7983 19.7755 19.9704 20.3511 18.9404 20.0373 19.6776 19.8589 19.9124 17.6281 18.6698 19.4108 20.0962 20.4685 19.7568 20.3844 20.7200 20.2779 20.6086 3.5624 6.1832 6.8364 13.2887 7.7105 9.1779 4.6842 4.0756 6.3999 12.6121 7.3638 5.9365 8.1745 7.2785 7.3309 9.1027 8.4051 7.7281 8.6116 4.7053 5.7414 12.6969 5.3030 6.4984 6.8479 7.3821 3.9294 4.4325 11.0583 5.6500 13.4757 15.8964 9.3162 10.3317 6.0019 9.9678 15.7319 8.4825 10.8068 9.0267 11.0107 15.2043 5.4635 12.8105 10.8019 9.6135 6.1315 11.2453 6.8732 15.6740 13.2043 6.3746 7.4324 10.3522 10.9386 7.5084 8.1314 10.0475 5.4806 17.4310 18.0524 17.9437 18.2949 18.8550 18.1955 19.5687 18.6926 17.1535 19.5388 18.6207 18.5754 17.5625 13.8843 16.0739 19.1261 18.3822 19.3688 18.4540 16.0619 18.4840 18.0042 17.4792 20.1617 16.8019 17.9764 18.3879 15.8105 18.3756 20.1651 18.0303
5.9155 0.0000 8.7176 7.2671 8.4107 7.0539 8.7249 5.5431 6.6650 10.1206 9.9063 7.2432 4.7755 5.4084 8.9716 8.7108 4.4761 6.6931 7.9207 8.9636 5.3676 4.3884 6.4875 8.5219 6.6714 6.5638 8.0866 6.4609 3.8838 5.8754 22.2028 22.0068 20.8925 22.3036 22.2516 22.1924 22.5925 21.7918 22.4709 20.2585 21.6597 21.7359 21.7677 21.9387 22.2733 20.8953 21.9620 21.6253 21.7889 21.8767 19.7089 20.6963 21.4065 21.9636 22.3918 21.7150 22.2998 22.6370 22.1648 22.5209 6.3733 8.7218 9.5897 15.6891 8.7845 11.3819 8.2784 6.9624 8.1245 14.5025 8.8548 9.3547 11.4697 8.8129 10.6775 11.2543 9.8383 9.7061 11.1281 7.9745 7.6631 14.7812 8.2622 9.4795 9.9122 10.5079 6.6792 7.2090 13.5194 7.9403 15.9234 18.1068 11.8187 13.1119 9.5068 12.6302 17.9572 11.2987 13.7152 12.4273 14.1116 17.5194 8.6099 15.5939 13.2077 13.0666 9.1322 14.3260 10.2906 17.9360 15.7410 9.7008 10.6691 13.6524 12.8579 10.9824 11.0176 12.7995 8.7823 19.5841 20.1685 19.9349 20.3540 20.8035 20.2271 21.4709 20.5814 19.2340 21.4734 20.6248 20.5063 19.7430 16.2721 18.1934 21.1423 20.3465 21.3497 20.5440 18.2743 20.4664 19.9374 19.5232 22.0762 18.8929 20.0372 20.4262 17.8710 20.4682 22.0739 20.0313
6.9102 8.7176 0.0000 6.2240 7.7837 8.5623 7.9474 8.6510 7.3317 5.9234 8.0226 6.8232 9.6203 7.5932 6.7555 7.4740 8.8134 5.9465 5.4500 7.2072 7.1734 7.0304 6.2760 11.6652 6.2855 6.8250 6.3852 10.7000 7.5443 7.3599 17.8059 17.5693 16.4408 17.9002 17.8569 17.7920 18.1752 17.3742 18.0685 15.6910 17.1619 17.3079 17.1786 17.4198 17.8855 16.5079 17.5477 17.1696 17.3688 17.3781 15.0739 16.1108 16.8090 17.6309 17.9869 17.1710 17.8830 18.2333 17.8112 18.1339 6.5778 6.9284 7.8760 11.0974 5.5018 9.7799 6.7806 6.9072 8.1125 9.9603 8.3931 6.9839 8.8385 5.5697 8.1641 5.6916 5.4945 8.2875 6.3512 6.6094 8.1683 10.0204 6.3726 7.4982 7.3716 8.3097 6.2938 6.5936 7.6583 4.1773 10.4743 13.5987 9.8266 10.5708 7.7854 10.2734 13.1712 8.6710 10.9927 9.3022 10.9165 12.3848 7.4284 12.7641 7.2999 9.6214 7.5029 11.2551 7.7709 13.0940 10.2276 7.3692 8.2767 10.3638 8.4051 8.1718 8.9746 7.4084 6.8572 14.8275 15.3917 15.4944 15.6354 16.2578 15.5020 17.0607 16.2342 14.5826 17.0536 15.9684 16.0910 15.0132 11.5228 13.4177 16.4574 15.6856 16.8944 15.7838 13.3883 16.0242 15.4394 14.7611 17.6784 14.1800 15.3222 15.7380 13.1174 15.7949 17.6984 15.4316
4.3738 7.2671 6.2240 0.0000 6.2058 6.6589 5.6073 7.1780 5.1775 6.4072 6.1085 3.9612 7.6847 6.0373 4.4755 5.3170 7.4508 3.3016 7.5704 5.1412 5.6899 5.0140 3.1012 10.3764 2.3726 3.6576 3.2287 9.5251 5.6711 5.1491 19.3714 19.1774 18.0762 19.4529 19.4328 19.3509 19.7579 18.9683 19.6496 17.3028 18.7321 18.8619 18.8174 19.0352 19.4555 18.1417 19.1041 18.7474 18.9446 18.9667 16.6740 17.6694 18.4399 19.1643 19.5557 18.8042 19.4636 19.8114 19.3567 19.7029 3.8146 4.6688 5.9196 12.2526 8.2548 7.9960 4.4203 4.6129 5.6702 11.7630 6.6700 4.5875 7.1887 6.7587 6.0160 7.9992 8.0303 6.6457 8.3935 3.4597 5.9546 11.5506 3.8541 4.7215 5.1322 6.3008 3.4694 3.1977 10.0236 5.9782 12.4499 14.9712 8.0461 9.0479 5.1465 8.7781 14.6246 6.8694 9.4092 7.5865 9.3775 14.2435 5.2001 11.4974 9.9720 7.8028 5.4477 9.8589 5.5900 14.7735 11.9752 4.6759 5.9623 8.7101 10.0713 6.1162 7.0869 8.9343 4.2535 16.3832 17.0891 17.0258 17.2859 17.8649 17.2038 18.6925 17.7560 16.1443 18.6137 17.6463 17.6316 16.5065 12.9348 14.9819 18.1453 17.3663 18.4585 17.4265 14.9833 17.5584 16.9804 16.4672 19.2680 15.7084 16.9938 17.4392 14.7917 17.3648 19.2498 17.0654
6.1382 8.4107 7.7837 6.2058 0.0000 5.8983 6.0790 8.7220 7.1665 7.0379 4.9512 6.7079 9.5070 7.6838 4.0735 4.2913 8.9389 5.4023 8.7896 6.9761 5.2456 6.8436 5.8698 11.5103 6.0890 6.6304 6.3661 10.4905 7.1703 7.2068 18.8004 18.5808 17.4496 18.8676 18.8470 18.7533 19.1710 18.3741 19.0578 16.7171 18.1318 18.3019 18.2135 18.4380 18.8643 17.4790 18.5353 18.1291 18.3696 18.3872 16.0461 17.0960 17.8728 18.6266 18.9745 18.1967 18.8876 19.2187 18.7993 19.1053 6.4001 5.8478 3.5121 11.6580 9.3439 6.9008 6.6660 6.7468 6.0189 11.5870 6.3262 5.2684 6.4805 7.4197 6.4590 8.6742 9.7157 5.6224 9.8108 6.7398 6.5914 11.0915 5.1109 5.2079 6.0616 5.6180 6.3127 6.5701 11.6053 7.8503 11.7626 14.2932 7.5536 8.0986 5.0107 8.2364 14.1144 6.4586 8.5719 6.2124 8.5612 13.3169 5.6883 10.4518 11.1923 8.3267 5.9238 8.9770 7.9208 14.1443 11.4370 5.5965 6.3471 8.0050 9.8881 8.2723 6.6806 9.4106 4.8694 15.7766 16.4243 16.4896 16.6570 17.3113 16.6560 18.0480 17.2513 15.4651 18.0538 17.0214 17.1516 15.8004 12.1364 14.4649 17.5084 16.8653 17.8682 16.8152 14.3498 16.9731 16.4239 15.8190 18.6548 15.2253 16.3542 16.8362 14.2562 16.7272 18.6619 16.4698
5.6175 7.0539 8.5623 6.6589 5.8983 0.0000 6.2735 5.8461 5.3483 7.9152 6.9229 5.8450 7.3878 6.5358 6.2751 5.6743 7.1867 6.6303 8.7608 7.6039 5.2310 5.2768 6.4829 9.2751 6.5082 5.8739 7.0452 8.1850 6.5034 5.4976 20.1852 19.9682 18.8847 20.2764 20.2164 20.1608 20.5730 19.7602 20.4597 18.1868 19.5816 19.6825 19.6682 19.8827 20.2680 18.9318 19.9364 19.5569 19.7638 19.8224 17.5840 18.5601 19.3098 19.9579 20.3674 19.6332 20.2668 20.6241 20.1582 20.5088 6.2399 6.8861 6.7299 13.3081 8.8439 8.9533 7.2229 6.7780 6.8157 12.7590 6.1381 7.1042 8.9067 7.5179 8.0029 9.7406 9.8218 6.6503 10.1773 7.1468 6.5929 12.6304 6.5898 7.1193 7.7919 7.7069 6.3940 6.8767 12.5399 7.2339 13.4787 15.8107 9.4567 10.2452 6.8117 10.1502 15.7170 8.5748 10.8321 9.1302 10.9975 15.3031 6.8348 12.7340 12.3000 10.4607 6.6920 11.3774 9.0318 15.7135 13.3465 7.5908 8.2748 10.6423 11.0312 9.6526 8.4286 10.9972 6.9521 17.3453 17.9773 17.9131 18.1842 18.7449 18.1318 19.4470 18.5608 17.0361 19.4265 18.4932 18.5249 17.4467 13.8485 15.9527 19.0173 18.2516 19.2731 18.3418 15.9893 18.3999 17.8282 17.3422 20.0606 16.7456 17.8739 18.3105 15.8258 18.2582 20.0677 17.8762
6.0783 8.7249 7.9474 5.6073 6.0790 6.2735 0.0000 8.0068 6.4760 5.5464 6.1080 5.5053 9.0813 7.4573 4.9841 4.7116 9.0946 5.9272 8.9002 4.7296 6.4891 6.5964 6.0642 10.9457 5.6782 6.1721 5.6561 10.1162 7.4260 6.4705 17.8665 17.6507 16.5180 17.9367 17.9049 17.8287 18.2607 17.4509 18.1507 15.7611 17.1965 17.3217 17.2473 17.4895 17.9540 16.6110 17.6095 17.1899 17.4504 17.4286 15.1188 16.0668 16.8916 17.6726 18.0588 17.2397 17.9439 18.3173 17.8523 18.1930 5.8022 4.2783 5.7640 10.4825 9.2683 5.1478 6.5796 6.6727 4.5689 11.9680 5.0884 5.7699 5.2405 7.6084 4.9162 8.8019 9.5423 4.6479 8.0808 5.9631 5.2872 9.9547 5.8022 5.1708 6.4476 4.7676 5.8578 6.3506 11.1843 7.2555 11.1991 13.0403 6.0602 6.5155 5.3879 6.7344 13.2179 7.3222 7.3933 6.9522 9.0615 12.6226 5.9964 8.9048 11.1279 8.2074 6.1334 7.6654 6.9645 13.2018 11.4963 5.6278 6.2363 8.5024 10.5496 7.9168 5.5806 9.0143 5.4068 14.6965 15.3859 15.5660 15.7200 16.3209 15.7004 17.2860 16.2890 14.4294 17.0857 16.1105 16.2895 14.7636 11.3292 13.5781 16.5653 15.8235 16.9081 15.7842 13.3207 16.0992 15.3754 14.9015 17.8086 14.1497 15.4785 15.8509 13.4088 15.6886 17.7705 15.4494
5.2008 5.5431 8.6510 7.1780 8.7220 5.8461 8.0068 0.0000 4.7595 9.0790 9.2319 5.2387 6.1743 5.2715 8.3590 8.5087 5.6863 6.8612 7.8247 8.0180 6.3497 4.5803 6.9225 5.7169 6.6169 4.9030 6.8830 4.7913 4.9269 3.8977 21.4209 21.2308 20.1808 21.5099 21.4728 21.4121 21.8024 21.0255 21.6952 19.4693 20.8492 20.9333 20.9477 21.1411 21.4999 20.1952 21.1665 20.8465 20.9988 21.0600 18.9137 19.8617 20.5930 21.2260 21.6034 20.9356 21.5126 21.8506 21.3983 21.7413 5.6004 8.0155 9.2319 14.7716 8.8797 11.0749 6.6109 5.3688 7.6789 13.7734 8.2572 8.2493 10.5716 8.7677 9.3428 10.6982 9.6314 9.0305 10.2151 6.9309 6.4092 13.9284 7.3798 8.8961 8.7952 9.6851 6.0279 6.0968 12.5904 7.4390 15.1209 17.2377 10.8219 12.1452 8.2668 11.5135 17.0260 10.0060 12.6442 11.4304 12.8090 16.8003 7.1889 14.5371 12.1647 11.7068 7.4746 13.1862 8.7908 17.0788 14.7970 8.8576 9.6131 12.4069 11.9762 9.4601 9.8163 11.7114 8.1950 18.7284 19.3514 19.1455 19.5391 20.0355 19.3988 20.7786 19.8361 18.4341 20.6962 19.8218 19.7098 18.8787 15.5100 17.3995 20.3418 19.5670 20.5460 19.7026 17.4239 19.6954 19.1885 18.7805 21.3244 18.0526 19.2235 19.6363 17.1118 19.6116 21.3107 19.2242
3.7405 6.6650 7.3317 5.1775 7.1665 5.3483 6.4760 4.7595 0.0000 7.8038 8.1909 4.0503 6.2996 4.7474 6.5578 6.4736 6.4221 4.9238 7.8558 6.4031 6.0242 3.6063 4.5026 8.8558 5.0162 3.8704 5.4483 7.6267 5.2262 3.6505 20.8038 20.5874 19.4848 20.8975 20.8413 20.7903 21.1840 20.3772 21.0680 18.8178 20.2251 20.3202 20.3145 20.5033 20.8764 19.5046 20.5551 20.1988 20.3834 20.4406 18.2298 19.2285 19.9519 20.6163 20.9860 20.2939 20.8966 21.2344 20.7935 21.1248 4.4978 6.7466 7.9028 14.0006 8.0594 10.0657 5.8083 5.6065 7.4435 13.2424 6.9239 6.8710 9.1834 7.6397 8.1715 9.7857 9.0762 7.7876 9.4357 5.9315 6.7103 13.2954 6.1090 7.5995 7.7173 8.3388 5.4553 5.3349 11.8152 5.4399 14.1494 16.4989 10.2696 11.2518 7.0986 10.9386 16.3629 9.0967 11.7298 9.9054 11.8637 15.9233 6.8244 13.6083 11.5721 10.5494 7.1002 12.0902 8.0099 16.2904 13.9246 7.6889 8.6895 11.3040 11.4451 8.6650 9.1455 11.0070 6.9919 18.0165 18.6326 18.5397 18.8711 19.4040 18.7630 20.1183 19.2154 17.7520 20.0775 19.1791 19.1352 18.1600 14.6402 16.6920 19.6784 18.8904 19.9000 19.0249 16.6981 19.0459 18.5842 18.0758 20.6850 17.3928 18.5443 18.9646 16.4136 18.9420 20.6954 18.5718
7.1934 10.1206 5.9234 6.4072 7.0379 7.9152 5.5464 9.0790 7.8038 0.0000 6.3254 6.3059 10.8582 8.6156 5.5232 6.2769 10.3078 6.9155 6.6365 6.1605 7.9737 8.0064 7.2060 11.4152 6.5604 6.7484 5.8909 11.1267 8.5305 7.5516 15.5425 15.3125 14.1792 15.6219 15.6011 15.5101 15.9432 15.1275 15.8438 13.2406 14.7797 14.9762 14.7783 15.0985 15.6353 14.2469 15.2650 14.8443 15.0812 15.0284 12.4963 13.5740 14.4225 15.3843 15.7323 14.8168 15.6188 16.0137 15.5539 15.8937 6.8301 5.4616 6.2273 7.8014 7.1438 6.6929 6.5285 6.9845 6.0031 8.3710 7.1403 5.5843 6.1824 5.5576 5.3573 4.7714 6.2441 6.3155 4.9537 6.1930 6.2257 7.1810 5.9430 5.4745 6.0626 5.7672 6.5807 6.5041 6.9858 5.8792 7.8468 10.6165 6.7246 7.2161 5.3835 7.2083 10.4668 6.7160 7.6387 6.8897 8.3213 9.6739 5.9402 9.4082 6.9251 7.3911 6.0762 8.0113 6.4097 10.4127 7.6753 5.6125 5.9272 7.7853 7.2481 7.0617 5.8301 4.9814 5.6476 12.1526 12.8238 13.0556 13.0904 13.8550 12.9980 14.9022 13.9241 11.8709 14.7120 13.5011 13.7862 12.2909 8.4773 10.7450 14.0265 13.3125 14.5444 13.2168 10.5705 13.6371 12.8868 12.2276 15.4824 11.5091 12.8064 13.2790 10.5639 13.2011 15.4390 12.8535
7.3344 9.9063 8.0226 6.1085 4.9512 6.9229 6.1080 9.2319 8.1909 6.3254 0.0000 6.3435 11.0443 8.8677 3.6734 5.0608 9.9641 6.5278 9.1905 6.6797 6.9427 7.9982 6.9614 11.5490 6.2266 6.5295 5.4111 11.3056 8.6328 7.7887 17.4549 17.2884 16.2560 17.5053 17.5383 17.4080 17.8384 17.0951 17.7544 15.3212 16.7247 16.9202 16.7885 17.0766 17.5473 16.3262 17.1709 16.7814 17.0162 16.9848 14.6008 15.6084 16.4468 17.3118 17.6318 16.8319 17.5446 17.8957 17.4619 17.7773 7.0012 4.5073 2.8528 10.0217 10.3051 5.3421 5.8315 6.6627 5.4535 10.5671 6.4858 3.5912 5.5066 8.0749 3.9965 7.7137 9.4626 4.8720 9.2156 5.1535 6.3563 9.4485 4.3089 3.1778 3.5213 3.6827 6.0979 5.9600 10.1574 8.6757 10.3067 12.8559 5.5314 5.7235 3.6229 5.8948 12.3663 3.5722 5.8922 4.0433 5.1891 12.0420 4.5467 8.2800 9.9888 4.9710 3.9425 6.5810 5.8072 12.8122 9.6471 3.8764 3.6968 4.9098 8.8960 5.7787 4.2787 7.4831 4.0703 14.2196 15.0370 15.0477 15.1831 15.9106 15.1672 16.8710 15.9566 14.0038 16.7065 15.5569 15.8110 14.2353 10.7455 12.9569 16.1044 15.4849 16.5024 15.3103 12.7325 15.6008 14.9730 14.4490 17.4027 13.6687 14.9322 15.4112 12.9577 15.2106 17.3448 15.0471
3.4704 7.2432 6.8232 3.9612 6.7079 5.8450 5.5053 5.2387 4.0503 6.3059 6.3435 0.0000 8.0533 5.2213 5.0238 5.8189 7.2137 4.1902 6.9604 4.4731 6.1447 4.5704 4.5605 8.3264 3.7362 3.1630 2.8332 7.8383 5.2157 3.3565 19.4657 19.2676 18.2122 19.5474 19.5220 19.4479 19.8508 19.0718 19.7498 17.4165 18.8323 18.9541 18.9125 19.1366 19.5468 18.2299 19.2025 18.8549 19.0314 19.0576 16.7755 17.7734 18.5528 19.2982 19.6496 18.9264 19.5609 19.9067 19.4641 19.7936 3.4142 5.0241 6.4051 12.3080 8.1085 8.5134 3.9374 3.7278 6.1819 11.9357 6.7083 4.6107 7.5641 7.3638 5.7765 8.4232 8.3805 6.8140 8.0849 3.4541 5.2827 11.7676 4.3334 5.5567 5.4117 6.5401 3.3956 3.6498 10.0649 5.7803 12.6404 14.9981 8.2217 9.1561 4.9958 8.7527 14.7272 7.0314 9.5152 7.8981 9.4875 14.4196 4.5381 11.6467 9.8194 7.8742 4.7699 10.0051 5.1536 14.8296 12.1654 5.1976 6.1104 8.8737 10.2742 5.7968 6.8718 8.9158 4.7935 16.4990 17.2113 17.1045 17.4212 18.0088 17.3098 18.8513 17.8956 16.2862 18.7213 17.7541 17.7519 16.6387 13.0949 15.1776 18.2740 17.5372 18.5397 17.5493 15.1204 17.6616 17.1469 16.6673 19.3937 15.8712 17.1121 17.5537 15.0162 17.4669 19.3608 17.1579
6.7540 4.7755 9.6203 7.6847 9.5070 7.3878 9.0813 6.1743 6.2996 10.8582 11.0443 8.0533 0.0000 6.6937 9.9284 9.2637 5.8186 7.8171 9.6178 10.0027 6.7176 4.9902 6.8697 9.7323 7.5179 7.1786 9.1264 7.6629 5.8618 6.6443 22.9711 22.7568 21.6291 23.0740 23.0008 22.9622 23.3545 22.5403 23.2289 21.0630 22.4516 22.5010 22.5638 22.7156 23.0375 21.6549 22.7323 22.3940 22.5575 22.6608 20.5466 21.5023 22.1942 22.7138 23.1555 22.4937 23.0595 23.3988 22.9200 23.2845 7.6331 9.8704 10.6562 16.6127 9.6309 12.3413 9.3873 8.3953 9.1059 15.3590 9.4505 10.5532 12.4721 9.0208 11.7138 12.1240 10.4707 10.5460 12.0841 8.9972 8.7294 15.6869 9.4341 10.3595 11.1743 11.4323 8.0387 8.1541 14.4263 8.0345 16.7713 18.9337 12.9756 14.2173 10.4040 13.9396 18.8814 12.5391 14.8358 13.2975 15.2425 18.4386 9.9909 16.6194 14.4051 14.1995 10.3684 15.3492 11.6942 18.7811 16.6991 10.8638 11.8344 14.7562 13.6491 12.3792 12.2407 13.9903 10.0628 20.4256 20.9751 20.7685 21.1791 21.5949 21.0503 22.2351 21.3190 20.0601 22.2396 21.4376 21.2809 20.5990 17.1499 19.0079 21.9365 21.1041 22.1224 21.3709 19.1519 21.2620 20.7436 20.3448 22.8313 19.7360 20.8553 21.2434 18.6569 21.2881 22.8472 20.8369
5.1345 5.4084 7.5932 6.0373 7.6838 6.5358 7.4573 5.2715 4.7474 8.6156 8.8677 5.2213 6.6937 0.0000 7.6886 7.7856 5.2417 5.9187 6.7628 7.3442 5.1278 4.4655 6.0286 8.6083 5.8581 5.2131 6.1589 7.3826 3.5924 3.5314 21.2038 20.9981 19.9144 21.2926 21.2464 21.1910 21.5823 20.7977 21.4708 19.2349 20.6297 20.7186 20.7214 20.9135 21.2756 19.9288 20.9493 20.6189 20.7784 20.8427 18.6603 19.6303 20.3694 21.0053 21.3854 20.7019 21.2951 21.6307 21.1840 21.5189 4.4156 7.4528 8.5617 14.4439 8.0476 10.5116 6.7027 6.2605 7.6593 13.5461 7.6343 7.8382 10.1236 8.3810 8.9871 10.1874 9.5602 8.3486 9.8606 6.7313 6.8759 13.6609 6.9418 8.2187 8.4146 9.3084 5.6668 5.6859 12.2312 6.4390 14.7523 16.9501 10.3834 11.6903 7.8832 11.2003 16.7964 9.4519 12.2835 10.8273 12.5113 16.4571 7.2587 14.1907 11.8022 11.2772 7.8462 12.7970 8.2957 16.7678 14.4443 8.1133 9.2997 12.0344 11.9151 9.1145 9.3850 11.4243 7.3375 18.4620 19.0883 18.9094 19.2981 19.7843 19.1698 20.5379 19.5896 18.1729 20.4688 19.5852 19.5007 18.6112 15.1433 17.1243 20.1004 19.3020 20.3141 19.4528 17.1222 19.4615 18.9636 18.4917 21.0922 17.7867 18.9636 19.3920 16.8421 19.3709 21.0877 18.9501
5.6037 8.9716 6.7555 4.4755 4.0735 6.2751 4.9841 8.3590 6.5578 5.5232 3.6734 5.0238 9.9284 7.6886 0.0000 3.3439 9.2551 4.5511 8.4385 5.1315 6.0839 6.6215 5.0301 11.2357 4.4475 5.5122 4.1510 10.6310 7.3781 6.6083 18.0357 17.8384 16.7437 18.1094 18.1012 18.0049 18.4218 17.6412 18.3186 15.9188 17.3481 17.5226 17.4123 17.6645 18.1136 16.7813 17.7696 17.3797 17.6103 17.5978 15.2109 16.2535 17.0594 17.8859 18.2173 17.4303 18.1343 18.4764 18.0498 18.3636 5.4689 3.8332 3.0897 10.6398 9.2122 5.9093 5.0136 5.4258 5.2961 10.8110 6.0950 2.6283 5.0742 7.0522 4.2010 7.4669 8.8864 4.9447 8.4859 4.4410 5.9095 10.2210 3.2099 2.7761 3.7686 4.0959 4.7020 5.1060 9.9603 7.0747 10.7513 13.4542 6.3503 6.6529 3.0474 6.8678 13.1110 4.8459 7.0180 4.4769 6.7127 12.5238 4.1336 9.2305 9.7297 5.7547 3.8936 7.4837 5.4271 13.2866 10.2838 3.1614 3.8073 5.9513 9.1800 5.7575 5.0692 7.7487 2.9248 14.8761 15.5975 15.6544 15.8345 16.5099 15.8057 17.3681 16.4883 14.6522 17.2809 16.2227 16.3519 14.9290 11.2466 13.5406 16.7179 16.0578 17.0867 15.9544 13.4020 16.1870 15.6195 15.0374 17.9464 14.3058 15.5470 16.0236 13.4514 15.8772 17.9229 15.6575
5.6635 8.7108 7.4740 5.3170 4.2913 5.6743 4.7116 8.5087 6.4736 6.2769 5.0608 5.8189 9.2637 7.7856 3.3439 0.0000 9.4329 5.3348 9.0293 5.9749 6.0221 6.3577 5.4790 11.6599 5.4607 6.2671 5.5432 10.6962 7.5194 6.7273 18.6837 18.4572 17.3472 18.7744 18.7157 18.6580 19.0733 18.2716 18.9605 16.6175 18.0345 18.1751 18.0941 18.3317 18.7563 17.3688 18.4373 18.0301 18.2655 18.2894 15.9326 16.9622 17.7500 18.4962 18.8653 18.0868 18.7757 19.1284 18.6855 19.0039 6.0274 5.3039 4.3082 11.5028 9.0939 6.6690 6.3388 6.7366 6.1675 11.6998 6.5624 5.1069 6.4845 7.2779 5.6901 8.4034 9.3908 5.6799 9.1720 5.9291 6.8542 11.1769 5.2233 4.3563 5.8203 5.1330 5.3870 6.4842 11.0961 6.9541 11.4938 14.0981 7.7964 7.7853 4.8191 8.2812 14.0065 6.8368 8.2151 5.7504 8.3228 13.3453 5.8427 10.3962 11.0225 7.6502 5.9101 8.7530 7.3986 14.0424 11.3295 4.9318 5.6884 7.7237 10.2755 7.8622 6.5217 9.1346 4.6373 15.6261 16.2882 16.3640 16.5630 17.1973 16.5548 17.9620 17.1020 15.3844 17.9148 16.9180 17.0443 15.7022 11.9228 14.2562 17.4099 16.7302 17.7315 16.6790 14.2118 16.8550 16.2677 15.7252 18.5807 15.1058 16.2539 16.7085 14.2665 16.6015 18.5804 16.3298
6.8510 4.4761 8.8134 7.4508 8.9389 7.1867 9.0946 5.6863 6.4221 10.3078 9.9641 7.2137 5.8186 5.2417 9.2551 9.4329 0.0000 7.2579 7.8592 9.4284 5.7574 5.1468 6.6468 8.8396 7.0313 6.3786 8.2745 7.2658 4.8014 6.1532 22.1960 22.0121 20.9150 22.2768 22.2481 22.1758 22.5665 21.7949 22.4543 20.2666 21.6331 21.7241 21.7458 21.9189 22.2695 20.9680 21.9365 21.6181 21.7762 21.8469 19.7476 20.6810 21.3875 21.9798 22.3709 21.7131 22.2829 22.6109 22.1587 22.5028 6.6426 8.5651 9.8507 15.7168 9.2275 11.6797 8.3060 7.1845 8.3160 14.4720 7.9704 9.3021 11.5853 8.9517 10.7376 11.3552 10.1427 9.3593 11.3730 8.0965 7.8323 14.7029 8.0179 9.8163 9.7665 10.7201 7.2238 7.0544 13.6200 8.1315 16.0319 18.1615 11.7941 13.1974 9.6245 12.6718 17.9263 10.8853 13.7937 12.5310 14.0286 17.6299 8.7807 15.5791 13.1295 13.0455 9.0536 14.3537 10.2385 17.9587 15.7334 9.9945 10.9667 13.6389 12.5119 10.9538 11.1133 12.8499 9.1505 19.5753 20.1780 19.9706 20.3497 20.7991 20.2131 21.5239 20.5886 19.2425 21.4803 20.6215 20.4882 19.7239 16.4514 18.2494 21.1226 20.3046 21.3390 20.5305 18.2888 20.4913 19.9777 19.5579 22.0693 18.8617 20.0303 20.4482 17.8393 20.4495 22.0657 20.0308
3.6693 6.6931 5.9465 3.3016 5.4023 6.6303 5.9272 6.8612 4.9238 6.9155 6.5278 4.1902 7.8171 5.9187 4.5511 5.3348 7.2579 0.0000 7.2366 4.9828 5.1933 4.5917 3.0239 10.1151 2.8396 4.2472 3.9189 8.8713 5.0593 5.0990 19.7227 19.5123 18.3826 19.8095 19.7779 19.7032 20.1024 19.2996 19.9870 17.6678 19.1052 19.2314 19.1901 19.3864 19.7922 18.4081 19.4659 19.0961 19.3000 19.3317 17.0409 18.0704 18.8140 19.5358 19.9065 19.1696 19.8198 20.1522 19.7173 20.0461 3.8531 4.9605 6.0332 12.6984 7.9454 8.5555 4.6008 4.2086 6.2142 12.1973 6.8461 4.8374 7.2465 6.9520 6.6158 8.4347 8.3309 6.9774 8.5431 4.4817 6.1858 12.0346 4.0579 5.6768 5.6486 6.6522 3.4900 4.3769 10.5534 5.9522 12.7778 15.3906 8.6344 9.5019 5.7856 9.2270 15.0525 7.6107 10.0356 7.9629 10.0499 14.4426 5.2380 11.9559 10.1244 8.5707 5.7387 10.3302 6.2489 15.0866 12.4039 5.4079 6.5262 9.3028 10.4424 6.7830 7.6926 9.3414 4.5283 16.7836 17.4465 17.4074 17.6790 18.2655 17.5953 19.0090 18.1516 16.5480 18.9893 18.0385 18.0206 16.9047 13.2880 15.4357 18.5108 17.7728 18.8102 17.8261 15.4114 17.9268 17.4195 16.8589 19.6011 16.1493 17.3887 17.8039 15.2021 17.7567 19.6060 17.4822
7.0967 7.9207 5.4500 7.5704 8.7896 8.7608 8.9002 7.8247 7.8558 6.6365 9.1905 6.9604 9.6178 6.7628 8.4385 9.0293 7.8592 7.2366 0.0000 8.2948 7.1525 7.1629 7.8981 9.4934 7.3478 6.9830 7.0454 8.9564 6.3670 6.6054 18.1391 17.9218 16.8555 18.2299 18.1914 18.1235 18.5029 17.7475 18.4071 16.0706 17.4865 17.6379 17.5102 17.7676 18.2201 16.9119 17.8816 17.5425 17.6923 17.7123 15.4700 16.4448 17.1660 17.9679 18.3103 17.5283 18.2090 18.5669 18.1399 18.4613 6.8325 8.2448 9.0465 11.4930 5.2344 10.8581 7.1114 6.6364 8.3505 9.9501 9.2020 8.1670 10.1094 6.2268 9.0808 6.5354 5.6539 9.4739 6.4774 7.3800 7.6995 10.6283 7.5483 8.7421 8.3720 9.4780 6.7210 6.8751 8.1663 5.4792 11.3625 14.0109 10.2747 11.4909 8.3605 10.8407 13.6670 9.4584 11.9152 10.7676 11.9737 13.0647 7.3897 13.7185 7.2322 10.8250 7.9666 12.4131 8.2437 13.4984 10.9300 8.3445 9.1838 11.5157 8.6776 8.7869 9.4552 8.0276 7.8192 15.2798 15.8350 15.8214 16.0208 16.6220 15.8478 17.4532 16.5627 14.9923 17.3740 16.3235 16.3604 15.5055 12.1015 13.8663 16.8285 16.0934 17.2395 16.1820 13.8974 16.3892 15.7915 15.2094 18.0350 14.5956 15.6930 16.1259 13.5221 16.1899 18.0266 15.7623
5.4227 8.9636 7.2072 5.1412 6.9761 7.6039 4.7296 8.0180 6.4031 6.1605 6.6797 4.4731 10.0027 7.3442 5.1315 5.9749 9.4284 4.9828 8.2948 0.0000 7.5668 6.6875 5.5851 10.7880 5.1059 5.7837 4.2358 10.1837 7.3905 6.0307 18.2592 18.0679 17.0079 18.3330 18.3220 18.2254 18.6416 17.8621 18.5384 16.2036 17.6040 17.7565 17.6526 17.8839 18.3572 17.0644 18.0161 17.6176 17.8643 17.8242 15.5429 16.5313 17.2977 18.1024 18.4536 17.6621 18.3461 18.6970 18.2740 18.5872 5.2849 4.5608 6.6291 11.0469 8.9544 7.0070 5.2968 5.7251 6.2728 12.2718 6.4509 5.1800 5.6620 8.3653 4.8971 8.7439 9.1917 6.0906 7.1546 4.7947 6.2144 10.6709 5.2151 5.9578 5.7482 5.4226 4.7678 5.6029 10.1696 7.0099 11.6499 13.6040 7.1164 7.6252 5.9097 7.2069 13.5632 7.3052 7.9428 7.4493 9.1341 13.0399 5.8003 9.6597 9.8534 7.4444 5.8632 8.1277 5.1219 13.5845 11.6089 5.4335 6.2430 8.4455 10.8407 6.0473 6.4536 8.5497 5.2549 15.1417 15.8637 15.9903 16.1463 16.7810 16.1146 17.6759 16.8229 14.9944 17.5430 16.5488 16.7576 15.2229 11.9284 14.1524 17.0002 16.3038 17.3354 16.2113 13.8306 16.5215 15.9144 15.3771 18.2034 14.6292 15.9091 16.2588 13.9617 16.1554 18.1509 15.9753
5.2608 5.3676 7.1734 5.6899 5.2456 5.2310 6.4891 6.3497 6.0242 7.9737 6.9427 6.1447 6.7176 5.1278 6.0839 6.0221 5.7574 5.1933 7.1525 7.5668 0.0000 4.6856 5.6743 9.3124 5.5469 5.5048 6.2948 7.9014 4.3520 5.1964 20.2329 20.0207 18.8834 20.3151 20.2740 20.2093 20.6153 19.8141 20.4978 18.2105 19.6191 19.7309 19.7157 19.9182 20.2980 18.9367 19.9664 19.6089 19.7987 19.8555 17.6131 18.5907 19.3553 20.0196 20.4092 19.6851 20.3221 20.6631 20.2064 20.5477 5.3029 6.3791 6.3647 13.2961 8.4212 8.7575 6.4113 5.6402 5.8420 12.4877 6.5426 6.7459 8.6100 7.1719 7.9918 9.2725 9.2404 6.9380 9.8769 6.4235 5.9062 12.3983 5.6737 6.5862 7.2313 7.5962 5.3600 5.7709 12.1932 7.0171 13.5147 15.9240 8.8825 10.1043 6.6129 9.8487 15.7000 8.2149 10.8521 9.1186 11.0311 15.2073 6.0260 12.7371 11.6482 10.3581 6.5772 11.4118 8.3525 15.7481 13.2275 6.8432 7.9067 10.5858 10.6457 9.0152 8.0687 10.5321 5.8614 17.3840 18.0099 17.9089 18.2288 18.7593 18.1427 19.5055 18.5800 17.0436 19.4676 18.5446 18.4827 17.4941 13.8748 15.9539 19.0463 18.2775 19.3166 18.3885 15.9803 18.4426 17.8787 17.3825 20.0976 16.7081 17.9080 18.3542 15.7072 18.3017 20.1114 17.9457
3.4675 4.3884 7.0304 5.0140 6.8436 5.2768 6.5964 4.5803 3.6063 8.0064 7.9982 4.5704 4.9902 4.4655 6.6215 6.3577 5.1468 4.5917 7.1629 6.6875 4.6856 0.0000 4.2428 8.4896 4.5760 4.0899 5.5885 6.9281 3.5877 3.8249 20.9721 20.7572 19.6401 21.0734 21.0125 20.9619 21.3649 20.5453 21.2446 18.9763 20.4001 20.4862 20.4972 20.6836 21.0452 19.6470 20.7274 20.3707 20.5486 20.6205 18.3874 19.3946 20.1285 20.7583 21.1613 20.4617 21.0695 21.4136 20.9498 21.3000 4.2249 6.5917 7.7585 14.1475 7.7115 9.7817 5.8120 5.1074 6.6766 13.2559 7.0881 7.0648 9.4157 7.3262 8.4530 9.7045 8.6183 7.7602 9.3438 5.6723 6.1370 13.3625 6.1323 7.3241 7.8123 8.4650 4.6669 5.1219 11.9306 5.7085 14.2899 16.6849 10.1494 11.2781 7.2690 10.9542 16.5257 9.3655 11.8976 10.2777 12.1533 16.0813 6.6298 13.8534 11.6449 10.9140 7.1452 12.3907 8.1467 16.4955 14.1217 7.5802 8.5920 11.6163 11.4498 8.8880 9.1305 11.0558 6.6990 18.2057 18.8148 18.6552 19.0394 19.5420 18.9219 20.2514 19.3399 17.8965 20.2281 19.3361 19.2672 18.3544 14.7434 16.8086 19.8551 19.0564 20.0736 19.2095 16.8465 19.1930 18.6913 18.2110 20.8511 17.5357 18.7130 19.1243 16.5394 19.1284 20.8555 18.7249
3.9879 6.4875 6.2760 3.1012 5.8698 6.4829 6.0642 6.9225 4.5026 7.2060 6.9614 4.5605 6.8697 6.0286 5.0301 5.4790 6.6468 3.0239 7.8981 5.5851 5.6743 4.2428 0.0000 10.6658 3.1108 4.3509 4.6890 9.2502 5.4804 5.5435 20.1053 19.9000 18.7491 20.1945 20.1586 20.0855 20.4891 19.6856 20.3687 18.0657 19.4976 19.6262 19.5884 19.7805 20.1730 18.7763 19.8537 19.4876 19.6865 19.7279 17.4429 18.4853 19.2205 19.9133 20.2894 19.5638 20.2064 20.5384 20.0974 20.4273 4.0898 5.3235 6.4103 13.1644 8.1321 8.7179 5.6550 5.3585 6.4268 12.5402 6.3574 5.5593 7.9831 6.8453 7.3389 8.7990 8.3333 6.8394 8.9994 4.7694 6.5311 12.4865 4.5550 6.0603 6.4660 7.2048 4.5547 4.5272 10.9891 5.9173 13.2544 15.7658 9.3162 10.1959 6.2993 10.0362 15.5432 8.1616 10.6171 8.6502 10.7446 14.9177 6.3368 12.5691 10.8419 9.3502 6.5552 10.9975 7.1935 15.5308 12.9423 6.3046 7.4473 10.0560 10.7259 7.7664 8.3886 10.0604 5.5072 17.2209 17.8569 17.8046 18.0930 18.6437 18.0069 19.3871 18.5118 16.9485 19.3697 18.4301 18.4236 17.3464 13.7626 15.8698 18.9182 18.1516 19.2012 18.2488 15.8568 18.3038 17.8023 17.2632 19.9795 16.5841 17.7784 18.2128 15.5713 18.1861 19.9781 17.8453
8.3382 8.5219 11.6652 10.3764 11.5103 9.2751 10.9457 5.7169 8.8558 11.4152 11.5490 8.3264 9.7323 8.6083 11.2357 11.6599 8.8396 10.1151 9.4934 10.7880 9.3124 8.4896 10.6658 0.0000 9.9107 7.9822 9.4609 3.2103 7.5551 7.3114 22.2981 22.1302 21.1895 22.3698 22.3569 22.2852 22.6571 21.9343 22.5636 20.4476 21.7293 21.8148 21.8368 22.0322 22.3800 21.2146 22.0408 21.7555 21.8805 21.9305 19.9345 20.7891 21.4989 22.1216 22.4661 21.8423 22.3805 22.7028 22.2718 22.6036 9.0317 10.9874 11.5815 16.0457 11.5418 13.1900 8.6119 7.4533 9.8455 14.9703 11.5727 10.6531 12.5143 11.4781 11.3232 12.7539 11.7304 12.1448 12.1416 9.4338 8.4706 15.2075 10.0577 11.2882 10.9374 11.8638 8.9167 8.7321 14.0979 10.6811 16.5572 18.3625 12.3144 13.8117 10.2853 12.8498 18.0683 11.8137 14.1292 13.4198 14.1736 18.0576 8.9485 15.8104 13.5854 13.2916 9.4505 14.6630 10.5534 18.2303 16.1123 11.0045 11.4988 13.8905 13.3890 10.9941 11.5085 13.0993 10.5454 19.7502 20.3609 20.1122 20.4963 21.0023 20.3496 21.7380 20.8261 19.4598 21.6057 20.7651 20.6162 19.8839 16.8406 18.5207 21.2755 20.5804 21.4762 20.6649 18.5343 20.6674 20.1917 19.8363 22.2173 19.0892 20.2162 20.6089 18.2003 20.5565 22.1900 20.2448
3.8443 6.6714 6.2855 2.3726 6.0890 6.5082 5.6782 6.6169 5.0162 6.5604 6.2266 3.7362 7.5179 5.8581 4.4475 5.4607 7.0313 2.8396 7.3478 5.1059 5.5469 4.5760 3.1108 9.9107 0.0000 3.7462 3.4019 8.9168 5.2941 4.9071 19.5120 19.3177 18.2069 19.6008 19.5746 19.4993 19.9016 19.1159 19.7905 17.4598 18.8837 19.0079 18.9664 19.1814 19.5930 18.2566 19.2541 18.8993 19.0868 19.1182 16.8268 17.8189 18.5923 19.3177 19.6977 18.9595 19.6100 19.9543 19.5038 19.8438 3.6000 4.7337 5.9905 12.4138 8.1463 8.0455 4.6755 4.1165 5.6563 11.8733 6.6503 4.7212 7.3423 6.7956 6.3333 8.1130 7.9825 6.6740 8.3770 3.5363 5.7983 11.7867 4.1253 4.9295 5.4558 6.5413 3.2807 3.5229 10.1416 5.9734 12.6038 15.1351 8.2001 9.1325 5.2905 8.9617 14.8124 7.2750 9.6521 7.8253 9.6669 14.3602 5.1160 11.7035 10.0234 8.1110 5.3830 10.1288 5.7936 14.9099 12.1958 4.8056 6.0021 8.9571 10.2408 6.3715 7.2593 9.0785 4.2204 16.5471 17.2375 17.1573 17.4566 18.0201 17.3604 18.8363 17.8925 16.2980 18.7577 17.8003 17.7777 16.6791 13.0915 15.1582 18.2998 17.5466 18.5946 17.5891 15.1405 17.7069 17.1326 16.6380 19.4151 15.8871 17.1620 17.5840 14.9548 17.5229 19.4008 17.2121
3.5521 6.5638 6.8250 3.6576 6.6304 5.8739 6.1721 4.9030 3.8704 6.7484 6.5295 3.1630 7.1786 5.2131 5.5122 6.2671 6.3786 4.2472 6.9830 5.7837 5.5048 4.0899 4.3509 7.9822 3.7462 0.0000 3.4376 7.5304 4.6454 3.6136 19.7204 19.5295 18.4579 19.7971 19.7860 19.6961 20.1032 19.3108 19.9994 17.6781 19.0853 19.2116 19.1826 19.4012 19.8085 18.5253 19.4456 19.1002 19.2850 19.3131 17.0763 18.0485 18.8127 19.5343 19.9037 19.1790 19.8093 20.1551 19.7095 20.0526 3.7411 5.3664 6.6150 12.6495 8.2750 8.7170 3.1942 3.4694 5.5674 11.9350 6.6756 5.0172 7.7556 7.1279 6.3838 8.5283 8.0137 7.1222 8.4752 3.6534 4.8529 11.8248 4.1517 5.8303 5.5028 6.9351 3.7853 2.4027 10.3864 6.0421 12.9645 15.3338 8.3214 9.6434 5.2380 9.0629 14.9952 6.9485 9.9895 8.5388 9.9138 14.7647 4.5507 12.0210 10.1635 8.5204 4.9944 10.4509 5.7196 15.1576 12.4703 5.6539 6.6980 9.4106 9.9828 6.2289 7.2541 9.2334 5.1067 16.8019 17.4941 17.3664 17.6722 18.2551 17.5630 19.0570 18.1255 16.5342 18.9801 18.0126 17.9711 16.9184 13.4514 15.4531 18.5348 17.7606 18.8113 17.8304 15.4101 17.9251 17.3883 16.8910 19.6148 16.1176 17.3662 17.8231 15.1646 17.7496 19.5975 17.4407
4.2131 8.0866 6.3852 3.2287 6.3661 7.0452 5.6561 6.8830 5.4483 5.8909 5.4111 2.8332 9.1264 6.1589 4.1510 5.5432 8.2745 3.9189 7.0454 4.2358 6.2948 5.5885 4.6890 9.4609 3.4019 3.4376 0.0000 9.1954 5.9677 4.5865 18.7231 18.5451 17.4959 18.8004 18.8006 18.7051 19.1130 18.3449 19.0137 16.6457 18.0603 18.2120 18.1346 18.3796 18.8106 17.5394 18.4532 18.1059 18.2965 18.2930 15.9760 16.9782 17.7714 18.5691 18.9076 18.1632 18.8241 19.1695 18.7330 19.0616 3.8199 4.4099 5.5367 11.4321 8.5466 7.6520 2.6715 3.5743 5.7247 11.3204 7.0860 3.4837 6.3823 7.4973 4.5423 7.7010 8.1537 6.6039 7.6467 2.1333 5.2870 10.8858 3.4024 4.3131 3.7843 5.5382 3.0195 2.6338 9.2350 6.2715 11.7561 14.2411 7.0810 8.0410 4.0305 7.5010 13.8111 5.6127 8.2332 6.6798 8.0124 13.5504 3.5563 10.4738 8.9573 6.1811 3.8556 8.7250 3.3578 14.0478 11.1343 3.5673 4.6919 7.3579 9.6451 3.8373 5.7126 7.7276 3.3319 15.6548 16.4087 16.3333 16.6028 17.2424 16.5056 18.1221 17.1862 15.4694 17.9817 16.9717 17.0110 15.7693 12.2426 14.3637 17.4886 16.7770 17.7972 16.7219 14.2411 16.9002 16.3696 15.8527 18.6588 15.0228 16.3142 16.7627 14.2275 16.6510 18.6201 16.4074
7.1705 6.4609 10.7000 9.5251 10.4905 8.1850 10.1162 4.7913 7.6267 11.1267 11.3056 7.8383 7.6629 7.3826 10.6310 10.6962 7.2658 8.8713 8.9564 10.1837 7.9014 6.9281 9.2502 3.2103 8.9168 7.5304 9.1954 0.0000 6.2136 6.5106 22.6344 22.4394 21.4116 22.7223 22.6755 22.6268 23.0035 22.2392 22.8934 20.7583 22.0907 22.1577 22.1984 22.3714 22.7036 21.4209 22.3879 22.0790 22.2156 22.2933 20.2354 21.1488 21.8477 22.4327 22.8087 22.1755 22.7225 23.0481 22.6015 22.9408 8.0162 10.4238 11.1199 16.3215 10.4131 12.9307 8.6748 7.2338 9.4218 15.1254 10.6916 10.4756 12.3807 10.5287 11.4478 12.5261 11.1836 11.5099 11.9508 9.1793 8.3238 15.4290 9.6214 10.9515 10.9828 11.6261 8.3174 8.5026 14.2778 9.6128 16.6659 18.6492 12.5820 13.9764 10.2856 13.2353 18.4533 12.0928 14.4761 13.3807 14.6828 18.1995 9.0259 16.1917 13.7761 13.7425 9.5937 14.9757 10.9553 18.4764 16.3878 10.9134 11.5912 14.3029 13.4703 11.5143 11.7353 13.4014 10.2059 20.0915 20.6634 20.4338 20.8457 21.3180 20.7003 21.9971 21.0956 19.7722 21.9239 21.1072 20.9493 20.2450 16.9773 18.7797 21.6116 20.8662 21.7935 21.0217 18.8511 20.9678 20.4973 20.1111 22.5261 19.4254 20.5438 20.9213 18.4540 20.9181 22.5262 20.5510
4.1818 3.8838 7.5443 5.6711 7.1703 6.5034 7.4260 4.9269 5.2262 8.5305 8.6328 5.2157 5.8618 3.5924 7.3781 7.5194 4.8014 5.0593 6.3670 7.3905 4.3520 3.5877 5.4804 7.5551 5.2941 4.6454 5.9677 6.2136 0.0000 4.0613 21.1233 20.9191 19.8181 21.2106 21.1735 21.1067 21.5030 20.7088 21.3881 19.1309 20.5368 20.6360 20.6424 20.8269 21.1916 19.8237 20.8652 20.5305 20.6906 20.7578 18.5556 19.5396 20.2821 20.9195 21.3052 20.6157 21.2172 21.5506 21.0996 21.4392 4.6359 7.2997 8.1496 14.3169 8.0636 10.2320 6.0564 4.9112 6.8146 13.2625 7.9406 7.4532 9.7494 7.8474 8.8199 9.9274 8.9813 8.5689 9.7334 6.2072 5.9706 13.5063 6.5219 7.8794 8.0672 8.9935 4.8510 5.2111 12.1012 6.6019 14.6257 16.8738 10.1070 11.5631 7.4807 10.9876 16.6849 9.5500 12.1235 10.6918 12.3831 16.2641 6.5304 14.0356 11.6641 11.2018 7.3515 12.6723 8.1570 16.6752 14.3068 7.8044 8.8803 11.8378 11.5386 8.9078 9.2536 11.1675 6.9102 18.3737 18.9918 18.8061 19.1966 19.6952 19.0706 20.4268 19.5042 18.0495 20.3835 19.4954 19.3721 18.5224 15.0057 17.0044 20.0038 19.2362 20.2394 19.3696 17.0246 19.3608 18.8521 18.3902 20.9993 17.6821 18.8724 19.2978 16.6524 19.2862 20.9933 18.8974
3.5773 5.8754 7.3599 5.1491 7.2068 5.4976 6.4705 3.8977 3.6505 7.5516 7.7887 3.3565 6.6443 3.5314 6.6083 6.7273 6.1532 5.0990 6.6054 6.0307 5.1964 3.8249 5.5435 7.3114 4.9071 3.6136 4.5865 6.5106 4.0613 0.0000 20.4559 20.2516 19.1966 20.5454 20.5058 20.4423 20.8400 20.0501 20.7340 18.4574 19.8565 19.9536 19.9475 20.1546 20.5395 19.2209 20.1977 19.8586 20.0256 20.0789 17.8640 18.8321 19.5870 20.2590 20.6409 19.9363 20.5459 20.8917 20.4408 20.7816 3.8060 6.6464 7.6606 13.5159 7.8272 9.6834 4.9165 4.3636 6.7358 12.7821 7.4074 6.5502 9.0017 7.8656 7.5747 9.4107 8.8497 7.8985 8.8919 5.2138 5.6072 12.7952 5.8642 7.1290 7.0982 8.0236 4.0909 4.4889 11.2663 5.8559 13.8506 16.0930 9.3770 10.6113 6.5344 10.0236 15.9034 8.4666 11.0878 9.6758 11.2618 15.6360 5.6677 13.1251 10.9017 9.8920 6.2335 11.6546 6.8592 15.9419 13.4979 6.8162 7.8627 10.7496 11.1208 7.6003 8.1782 10.2893 6.1853 17.6239 18.2898 18.1267 18.4919 19.0238 18.3716 19.7913 18.8512 17.3646 19.7114 18.8003 18.7268 17.7761 14.2623 16.2721 19.3196 18.5488 19.5497 18.6379 16.2724 18.6889 18.1612 17.7092 20.3581 16.9636 18.1683 18.5955 16.0616 18.5533 20.3454 18.1888
20.2821 22.2028 17.8059 19.3714 18.8004 20.1852 17.8665 21.4209 20.8038 15.5425 17.4549 19.4657 22.9711 21.2038 18.0357 18.6837 22.1960 19.7227 18.1391 18.2592 20.2329 20.9721 20.1053 22.2981 19.5120 19.7204 18.7231 22.6344 21.1233 20.4559 0.0000 0.6457 1.8637 0.4667 0.4831 0.5392 0.6512 0.9759 0.6024 3.3269 1.6810 0.9544 3.3450 1.5921 0.4566 2.1983 0.6306 1.2869 0.7281 1.4480 4.8197 3.8779 3.3159 0.7775 0.3925 2.6721 0.7326 0.7365 0.4233 0.5766 19.9587 17.7662 17.6196 10.2195 18.0996 16.2199 18.8959 19.4982 17.9655 11.6418 18.4409 17.8735 16.3022 17.4245 16.7289 14.7504 16.5161 17.4085 14.8134 18.7336 18.6030 11.5308 18.4424 17.6890 17.6268 16.6801 19.3238 19.2047 14.3426 18.6354 10.9884 7.8244 15.9647 15.5917 17.7364 15.6791 7.8358 17.2079 15.4421 16.8403 16.4453 10.0444 18.3225 15.0722 14.5566 16.8210 17.9648 15.3042 17.9036 7.6444 11.8574 17.6283 17.3299 16.5177 13.4761 17.9392 16.6015 13.8680 18.0351 6.8722 6.6611 3.0406 6.5313 3.0244 6.5549 1.7319 2.2266 7.0816 1.1774 6.4454 2.5492 6.9130 9.5006 7.5435 6.3978 6.5352 1.3158 6.5562 7.6678 2.3449 6.6800 6.8511 0.8558 7.1395 6.5942 6.4732 7.7694 6.5278 0.6933 6.5875
20.0667 22.0068 17.5693 19.1774 18.5808 19.9682 17.6507 21.2308 20.5874 15.3125 17.2884 19.2676 22.7568 20.9981 17.8384 18.4572 22.0121 19.5123 17.9218 18.0679 20.0207 20.7572 19.9000 22.1302 19.3177 19.5295 18.5451 22.4394 20.9191 20.2516 0.6457 0.0000 1.6382 0.7214 0.5285 0.6802 0.8412 0.7131 0.8218 3.1259 1.5591 0.8252 3.1730 1.4043 0.8054 2.1080 0.6750 1.0703 0.6419 1.3141 4.6331 3.6873 3.1120 0.8332 0.7536 2.4490 0.6904 0.9557 0.6553 0.8562 19.7603 17.5893 17.4316 10.0374 17.8484 16.0600 18.7150 19.3145 17.7853 11.3778 18.2527 17.6946 16.1285 17.1671 16.5640 14.5371 16.2914 17.2324 14.5792 18.5710 18.4217 11.3391 18.2596 17.5063 17.4714 16.5139 19.1378 19.0334 14.1520 18.3916 10.7521 7.5825 15.8200 15.4502 17.5546 15.5528 7.6294 17.0650 15.3247 16.6707 16.3339 9.8663 18.1472 14.9682 14.3709 16.6965 17.8039 15.1751 17.7610 7.3920 11.6745 17.4485 17.1694 16.3936 13.2309 17.8082 16.4490 13.6884 17.8438 6.6484 6.4157 2.9329 6.3074 2.8040 6.3294 1.5137 2.0877 6.8566 1.1597 6.2124 2.3892 6.7128 9.2939 7.2766 6.1633 6.2586 1.2498 6.3494 7.4416 2.2643 6.4491 6.5950 0.8440 6.9133 6.3462 6.2359 7.4990 6.3058 0.8433 6.3458
18.9522 20.8925 16.4408 18.0762 17.4496 18.8847 16.5180 20.1808 19.4848 14.1792 16.2560 18.2122 21.6291 19.9144 16.7437 17.3472 20.9150 18.3826 16.8555 17.0079 18.8834 19.6401 18.7491 21.1895 18.2069 18.4579 17.4959 21.4116 19.8181 19.1966 1.8637 1.6382 0.0000 1.9644 1.8545 1.9093 2.2631 1.6570 2.1317 2.4378 1.8076 1.5057 3.1734 1.8921 1.8934 1.4982 1.7048 1.5365 1.5434 1.8616 3.8758 3.1356 2.9687 1.8119 2.0253 2.5546 1.9520 2.3679 1.8933 2.1934 18.6556 16.4772 16.3478 8.9678 16.7269 15.0125 17.6978 18.2605 16.6651 10.4386 17.1243 16.6506 15.0588 15.9746 15.5557 13.4540 15.1818 16.1333 13.5030 17.5281 17.3491 10.3077 17.1783 16.4393 16.4687 15.4586 18.0835 17.9799 13.2295 17.2710 9.7516 6.7211 14.8341 14.4733 16.5034 14.6216 6.8280 16.0977 14.4269 15.6762 15.4925 8.8972 17.1028 14.1281 13.4388 15.8258 16.7900 14.2749 16.8037 6.4457 10.7364 16.4198 16.1615 15.5112 12.1684 16.8955 15.4481 12.7127 16.7699 6.0232 5.7806 2.1912 5.8000 2.3586 5.7827 2.0237 1.4428 6.0442 1.3776 5.7782 1.8950 6.0946 8.1990 6.4294 5.8161 5.7683 1.2131 5.8488 6.5943 1.5256 5.8258 5.8976 1.9073 6.1178 5.7831 5.7440 6.5171 5.8130 1.9250 5.7567
20.3807 22.3036 17.9002 19.4529 18.8676 20.2764 17.9367 21.5099 20.8975 15.6219 17.5053 19.5474 23.0740 21.2926 18.1094 18.7744 22.2768 19.8095 18.2299 18.3330 20.3151 21.0734 20.1945 22.3698 19.6008 19.7971 18.8004 22.7223 21.2106 20.5454 0.4667 0.7214 1.9644 0.0000 0.5926 0.3382 0.5642 0.9623 0.6421 3.3075 1.5548 0.8873 3.2616 1.4602 0.6767 2.4064 0.5167 1.1262 0.7332 1.2976 4.8260 3.7901 3.2419 0.9121 0.4842 2.5858 0.6016 0.6891 0.5468 0.5359 20.0533 17.8239 17.6689 10.2206 18.2265 16.2450 18.9613 19.5689 18.0124 11.7077 18.4826 17.9257 16.3189 17.5217 16.7682 14.8436 16.6359 17.4485 14.9014 18.8139 18.6520 11.5131 18.4997 17.7565 17.6690 16.7240 19.4096 19.2695 14.4434 18.7463 11.0371 7.7711 15.9569 15.5945 17.7905 15.6678 7.7911 17.2317 15.4306 16.8797 16.4548 10.0518 18.3813 15.0167 14.6490 16.8513 18.0185 15.2810 17.9541 7.6274 11.9025 17.6908 17.3861 16.5369 13.5137 17.9849 16.6362 13.9261 18.1026 6.7953 6.5979 3.1552 6.4653 2.9788 6.5045 1.8632 2.3443 7.0169 1.3262 6.3828 2.6182 6.8291 9.5636 7.5514 6.3137 6.4707 1.3708 6.4816 7.6391 2.4345 6.6329 6.8127 0.9253 7.0845 6.5396 6.4200 7.7408 6.4446 0.6796 6.5506
20.3284 22.2516 17.8569 19.4328 18.8470 20.2164 17.9049 21.4728 20.8413 15.6011 17.5383 19.5220 23.0008 21.2464 18.1012 18.7157 22.2481 19.7779 18.1914 18.3220 20.2740 21.0125 20.1586 22.3569 19.5746 19.7860 18.8006 22.6755 21.1735 20.5058 0.4831 0.5285 1.8545 0.5926 0.0000 0.6542 0.6247 0.9706 0.6013 3.4765 1.8009 0.9970 3.4257 1.6544 0.5313 2.2891 0.7586 1.3449 0.8140 1.5722 4.9709 3.9600 3.4064 0.7082 0.4563 2.7329 0.6827 0.7530 0.4743 0.5395 20.0195 17.8433 17.6833 10.3281 18.1242 16.3011 18.9735 19.5724 18.0386 11.7034 18.4922 17.9555 16.3791 17.4599 16.8155 14.8329 16.5839 17.4759 14.8738 18.8242 18.6784 11.6307 18.5182 17.7612 17.7228 16.7622 19.3942 19.2876 14.4421 18.6693 11.0701 7.9158 16.0588 15.6801 17.8123 15.7845 7.9670 17.3084 15.5484 16.9146 16.5574 10.1549 18.4053 15.1740 14.6567 16.9341 18.0563 15.4019 18.0117 7.7375 11.9706 17.7052 17.4183 16.6265 13.5528 18.0563 16.6965 13.9773 18.1066 6.9689 6.7451 3.2044 6.6346 3.1340 6.6622 1.7167 2.2375 7.1804 1.2408 6.5329 2.6052 7.0277 9.6039 7.6230 6.4764 6.5920 1.3620 6.6488 7.7760 2.4796 6.7609 6.9470 0.8188 7.2523 6.6869 6.5620 7.8628 6.6191 0.8241 6.6788
