0.0000 9.3699 5.7464 3.6661 5.7369 5.5697 4.1128 5.4114 5.4832 6.0311 3.7807 6.2162 8.1292 7.0967 4.8181 4.6285 7.6652 3.8442 6.1998 3.6542 4.6596 5.8885 6.5145 9.2895 4.2971 2.8959 4.2677 8.8838 3.7938 4.7311 29.8067 30.1986 29.4955 29.7436 30.2871 30.4035 29.1349 30.2051 28.9125 29.1604 28.9805 29.0936 28.7928 29.9888 31.4398 29.7643 29.7186 29.7445 31.2465 30.4942 28.9781 28.1289 30.2071 28.5293 31.4606 30.2873 31.5041 30.3745 29.9206 30.6117 3.0066 4.4821 4.2903 8.6431 6.0686 5.1307 5.0914 4.3026 4.5720 8.0451 4.5617 4.2688 6.4705 5.3602 4.6741 5.6552 5.9386 3.8619 7.8617 3.2751 3.9647 7.1441 4.0150 4.3163 5.1069 4.5173 4.0413 4.4107 7.2455 5.4823 10.9066 16.0470 12.2518 14.9549 11.4942 10.9440 19.5957 14.7556 9.3508 10.4657 19.7388 16.3396 11.8623 14.1912 14.6951 8.9681 8.3960 16.5196 11.7969 16.9048 14.8078 9.2490 12.6001 15.3990 12.6570 12.6293 10.6913 12.0664 9.8017 17.0140 20.3570 20.0137 20.3505 22.1228 20.4970 21.5944 19.2971 18.0659 21.7934 20.6616 21.8157 19.2910 19.0346 17.9839 20.8782 18.8177 21.4667 20.4872 19.4410 23.1079 20.8663 19.2967 20.7579 21.0502 22.0394 20.0168 18.3573 21.6990 24.3662 20.8690
9.3699 0.0000 9.0289 8.5196 6.2618 5.6150 8.4190 7.3100 8.4097 12.2260 7.5320 5.2200 3.8881 7.7412 11.5144 9.3409 4.6797 7.9681 9.5217 9.9407 6.9681 5.1675 5.8014 8.7299 8.7558 9.4442 10.4824 6.6262 7.8726 6.2045 30.5611 30.9608 30.0757 30.3724 30.9349 31.2803 30.0978 30.9268 29.6124 30.1396 29.8557 29.8456 29.8236 30.8215 32.0447 30.8279 30.5683 30.5190 31.9343 31.4342 30.2451 29.1877 31.0901 29.3040 32.2369 31.2385 32.2776 30.9504 30.7613 31.3832 9.0868 10.5251 10.3338 14.9369 10.1324 9.9129 11.0090 11.2295 7.8508 14.1193 9.7101 10.6862 13.7004 10.2891 11.1376 11.4526 9.7235 9.3800 14.3891 10.7950 8.6189 12.1432 9.4301 10.9125 12.3275 12.0067 8.0620 11.6048 13.4176 7.7854 15.7161 19.7855 15.6950 18.3972 15.4424 14.0523 21.4838 18.8929 15.7046 16.0097 22.2546 19.3308 15.1043 18.3596 18.8374 14.6467 11.4582 19.0840 17.1814 19.8418 19.0536 13.7681 16.5196 19.0822 14.4878 16.1992 15.2236 16.6379 14.3730 21.0021 23.7883 22.9834 23.6942 25.1053 23.9123 24.6582 22.4763 21.7045 24.7206 23.5047 24.8506 22.8751 22.3434 21.5412 23.7068 22.3797 24.5230 23.8371 22.9821 25.8152 23.7279 22.6012 23.8119 23.9239 25.1321 23.0485 21.4016 24.5873 26.8422 23.7185
5.7464 9.0289 0.0000 4.7670 5.6571 6.2557 5.0341 6.6817 5.9248 4.8109 5.2490 6.2356 8.3761 6.0951 6.2774 5.6849 7.6661 5.3630 3.5267 5.6963 5.4715 6.1004 6.5624 9.6876 5.4757 5.4000 5.5818 9.4973 5.1540 5.6013 27.7580 28.1430 27.4399 27.6295 28.2232 28.3880 27.0590 28.1921 26.8094 27.0039 26.8893 26.9770 26.7047 27.9301 29.4586 27.7694 27.6655 27.6999 29.2421 28.4436 27.0034 25.9530 28.1947 26.4025 29.4988 28.2667 29.5033 28.2818 27.8882 28.5764 5.2950 6.0657 6.0646 7.1709 3.9083 5.7063 6.4325 6.4070 6.0931 6.7179 6.0231 6.0893 7.6481 4.1719 5.8516 4.4480 4.7850 5.1607 6.8459 6.0095 5.2882 4.9268 4.8493 5.7599 6.4109 6.6044 5.1331 6.3611 5.8775 3.4984 9.0250 14.1602 11.6644 14.4111 10.8911 10.0938 17.4788 14.5405 10.1752 10.4281 18.8918 14.2672 11.2946 13.7700 12.9994 9.2296 8.4830 15.5502 11.8964 14.7050 13.0548 8.7820 12.1171 14.8467 10.0816 11.9193 10.4052 10.3460 9.7753 15.0918 18.4998 17.8039 18.2044 20.3510 18.5362 19.8192 17.3893 16.1001 19.9550 18.3996 20.0286 17.2986 17.2380 16.0418 18.8278 16.7119 19.4843 18.4740 17.5423 21.2927 18.8781 17.1589 18.7083 19.0659 20.0587 17.8253 16.1779 19.8171 22.4906 18.9380
3.6661 8.5196 4.7670 0.0000 4.6838 4.7180 2.2267 5.8543 5.2239 5.6204 2.8419 5.0621 7.6841 6.0349 4.0518 3.6429 6.8110 2.7351 5.6419 3.2310 3.3403 5.1780 5.1344 10.1115 3.1424 2.9833 3.4228 9.4446 2.9715 4.0335 29.1959 29.6127 28.7613 29.1157 29.7017 29.8931 28.5603 29.6525 28.2405 28.4624 28.3255 28.4820 28.2012 29.3876 30.8846 29.1790 29.1261 29.1798 30.6696 29.9126 28.4090 27.4451 29.6071 27.8971 30.9078 29.7289 30.9627 29.7596 29.3605 30.0549 2.6174 3.6004 3.7318 8.4816 5.6219 3.6954 4.2695 4.6245 4.0826 8.3717 3.5169 3.4859 6.3289 4.6909 3.7380 5.5772 5.7366 2.9788 7.6880 3.5933 3.6906 7.0005 2.6541 3.7428 4.5844 4.2221 2.4154 4.6024 7.4133 4.3537 10.5481 15.6427 11.4751 14.2514 10.7112 10.3742 19.1124 14.5516 9.5276 10.0626 19.3649 15.8436 11.3298 13.8752 14.5564 8.5677 8.0708 16.0225 11.7083 16.3479 14.5699 8.2705 11.9904 15.0927 11.8805 12.1233 10.3186 11.6447 9.1933 16.7643 19.9862 19.3759 19.8853 21.7881 20.1611 21.3239 18.8601 17.6088 21.4830 20.1612 21.5582 18.9032 18.4346 17.4789 20.5220 18.4666 21.0616 20.0764 18.9341 22.7572 20.3948 18.7180 20.3533 20.5770 21.6391 19.5406 17.7411 21.3073 24.0423 20.4413
5.7369 6.2618 5.6571 4.6838 0.0000 3.7695 4.9264 5.4643 4.4782 8.3147 4.2880 3.6438 6.0332 5.3254 7.6247 5.6532 5.7051 4.6761 6.6517 5.8738 4.5665 3.8042 4.4677 7.7412 5.0960 5.6147 6.4903 7.0483 4.7560 3.7755 28.8030 29.1974 28.5388 28.6385 29.2177 29.5455 28.2037 29.2169 27.8034 28.3215 28.0245 28.0672 27.9507 29.0547 30.4270 29.0955 28.7882 28.8295 30.2391 29.6561 28.4490 27.3086 29.2907 27.5693 30.5842 29.4333 30.5830 29.2082 29.0309 29.6817 5.3928 6.9705 6.7903 11.1128 7.0381 5.9707 7.3317 7.2222 5.8495 10.6432 6.5256 6.9458 9.2471 7.3538 7.0744 7.7566 7.4471 5.3552 10.3393 7.0606 5.5452 8.9260 5.4785 6.7263 7.8493 7.7853 4.7789 7.7464 9.8408 5.3506 11.9912 16.6781 12.7482 15.5516 12.0580 10.7542 19.2434 15.7827 11.7927 11.9114 19.5834 16.4122 12.0023 14.7537 15.6894 10.6294 8.6743 16.3712 13.5783 16.9347 15.7900 9.6016 13.1974 15.7772 11.9676 12.8818 11.7620 13.2003 11.1505 17.7316 20.8754 20.1887 20.7393 22.6010 21.1555 21.9816 19.7539 18.7568 22.0742 20.6073 22.2027 19.8057 19.5210 18.5631 20.9486 19.3067 21.7607 20.8946 20.0887 23.3282 21.1026 19.6652 20.9406 21.2013 22.2998 20.1604 18.5995 21.8905 24.3460 20.9731
5.5697 5.6150 6.2557 4.7180 3.7695 0.0000 4.7892 4.5095 5.2278 8.4890 4.0836 3.3407 5.5766 5.8396 7.6219 5.5785 5.5579 4.2750 6.4951 5.9790 3.8954 3.2637 4.7245 8.0680 4.8527 5.5639 6.3852 6.9226 4.5886 3.4395 29.8112 30.2271 29.3737 29.6672 30.2411 30.5365 29.2378 30.2384 28.8401 29.1985 28.9994 29.0961 28.9182 30.0261 31.4151 29.9397 29.7635 29.8155 31.2358 30.5984 29.2766 28.2091 30.2843 28.5372 31.5248 30.4058 31.5573 30.2799 30.0124 30.6640 5.0056 6.6849 6.4679 11.4350 6.8858 6.3635 6.9684 6.9548 5.0501 10.7131 6.3636 6.5877 9.6569 7.0250 7.0032 7.8580 6.8298 5.9233 10.3904 6.7274 5.5161 9.0319 5.4903 7.1513 8.1918 7.7912 4.3630 7.9007 9.9061 4.9542 12.9144 17.5669 13.4033 16.0668 12.6974 11.7640 20.1912 16.5559 12.5376 12.8019 20.6692 17.3672 12.7098 15.8912 16.4880 11.4291 9.0688 17.4138 14.2334 17.8838 16.6798 10.4998 13.9217 16.8907 12.8366 13.8192 12.5477 13.8640 11.4568 18.6908 21.7587 20.9349 21.5986 23.3855 21.9115 22.8471 20.5529 19.5064 23.0047 21.6305 23.0992 20.7186 20.1957 19.3023 22.0133 20.2561 22.6394 21.7712 20.7737 24.1975 21.9187 20.4333 21.9153 22.1298 23.2389 21.0827 19.3759 22.8424 25.3433 21.9520
4.1128 8.4190 5.0341 2.2267 4.9264 4.7892 0.0000 5.7862 5.7263 5.7609 3.1040 5.2520 7.5973 6.4206 4.3444 4.6084 6.6292 3.2005 5.6909 3.8419 3.1454 5.2029 5.4258 10.0966 3.2064 3.6006 3.4453 9.2863 3.1299 4.2061 29.6441 30.0455 29.1687 29.5519 30.1702 30.3494 28.9913 30.1216 28.6431 28.7964 28.7145 28.9166 28.6113 29.8224 31.3678 29.6072 29.5606 29.6379 31.1141 30.3488 28.8482 27.8263 30.0495 28.3261 31.3609 30.1614 31.4225 30.1762 29.8226 30.5042 3.0067 3.3544 3.0502 8.7969 5.6821 4.1157 4.6138 4.4446 4.0492 8.5203 3.6207 3.9920 6.4345 4.6109 3.7917 5.7191 5.5116 3.0522 7.5740 3.6985 4.1964 7.3155 2.5794 4.1813 4.8909 4.6098 2.3363 4.6434 7.6220 4.5151 11.1173 16.2010 11.8767 14.7785 10.9366 10.6539 19.5392 15.0899 10.0531 10.4540 19.8336 16.3086 11.6486 14.3893 14.9281 9.1786 8.1409 16.5330 12.2197 16.6771 15.0002 8.4695 12.4301 15.6209 12.2159 12.4819 10.7190 11.9707 9.6150 17.2704 20.4032 19.6683 20.2359 22.3056 20.6411 21.8266 19.3033 17.9893 21.9877 20.5410 22.0376 19.2948 18.8041 17.8248 21.0159 18.8720 21.5212 20.5091 19.2981 23.2666 20.8747 19.0973 20.7726 20.9895 22.0954 19.9262 18.0602 21.7537 24.5408 20.8553
5.4114 7.3100 6.6817 5.8543 5.4643 4.5095 5.7862 0.0000 5.6603 8.6606 5.9142 5.1076 6.2189 5.0780 7.9912 6.8685 6.4563 5.6457 6.5280 7.0974 4.9504 4.7037 6.7029 6.5427 5.7985 5.8741 6.4416 5.7401 5.5211 4.4083 29.3535 29.7760 28.9585 29.2080 29.8090 30.0565 28.7541 29.7961 28.3451 28.7268 28.5121 28.6434 28.4158 29.5428 30.9386 29.4402 29.2979 29.3688 30.7888 30.1254 28.6923 27.6925 29.7885 28.0775 31.0146 29.9255 31.0976 29.8102 29.5344 30.1943 5.4139 7.1530 6.6946 10.8449 6.9539 6.8650 7.3871 6.3534 5.4794 10.0789 6.5206 7.1400 9.0912 7.1214 7.1251 8.2782 7.5043 6.1591 10.1310 6.7193 4.6419 8.9364 6.0278 7.2064 8.3289 8.0104 5.7844 7.3255 9.5179 6.1573 12.6104 16.8733 12.5152 15.3252 11.8442 10.4674 19.3229 15.5645 11.7446 11.7067 19.7283 16.5260 11.6583 15.1693 15.0750 10.8648 7.4107 16.5966 13.0350 16.9961 15.6592 9.8395 12.9540 15.9650 11.8973 12.7682 11.4656 12.9977 10.4352 17.9016 21.0044 20.3348 20.8962 22.7246 21.1425 22.2835 19.8552 18.7403 22.3391 21.0169 22.3388 19.9516 19.5087 18.6107 21.3295 19.5647 21.9739 21.0979 20.0797 23.5247 21.3109 19.8726 21.2572 21.3875 22.5309 20.4349 18.6071 22.1039 24.6627 21.2811
5.4832 8.4097 5.9248 5.2239 4.4782 5.2278 5.7263 5.6603 0.0000 7.4144 5.4517 5.4073 8.1745 4.6697 6.7718 5.4991 7.6846 5.6216 6.3628 5.8502 5.6698 5.3889 5.6037 8.1811 4.2834 4.8357 5.5210 8.1445 4.7432 4.4612 27.0506 27.4963 26.7294 26.9360 27.5589 27.8832 26.4253 27.5347 26.0525 26.4320 26.1992 26.3213 26.1807 27.2667 28.7728 27.3019 27.0261 27.0791 28.5157 27.8603 26.5510 25.4457 27.5290 25.8159 28.8650 27.6489 28.8868 27.5474 27.3353 28.0031 5.7464 6.5497 6.9146 9.8709 6.5636 4.8852 5.7562 5.9997 6.2369 9.8732 5.9632 6.4059 7.9799 7.2045 6.5262 7.8158 7.9822 5.2269 9.4918 6.4915 5.0000 8.2408 5.1963 5.6376 6.7244 6.7585 5.9692 6.5443 9.6151 6.3678 10.0720 14.5657 10.4317 13.2317 9.6812 9.0766 17.3852 13.4093 10.3351 10.0444 17.6841 14.3501 9.5467 12.6869 13.8709 8.7688 7.6257 14.4768 11.2680 14.9472 13.7741 7.7292 10.7729 13.8381 10.0620 10.4243 9.3961 10.9677 8.9165 15.9189 18.9036 18.0939 18.7237 20.7369 19.2305 20.1681 17.8846 16.7288 20.2042 18.6797 20.3350 17.8769 17.2814 16.3974 19.1033 17.4085 19.7947 18.9314 17.9613 21.4341 19.1040 17.6298 19.0519 19.1539 20.2906 18.2295 16.4995 19.9474 22.5698 19.0421
6.0311 12.2260 4.8109 5.6204 8.3147 8.4890 5.7609 8.6606 7.4144 0.0000 6.5248 8.6952 11.4246 8.7641 4.6922 6.1846 10.5204 6.3914 4.8795 5.3061 7.2769 8.7498 8.8818 12.4520 5.6297 5.2704 4.7659 12.4082 6.2158 7.4843 27.6245 28.0316 27.2312 27.6205 28.2076 28.3059 26.8784 28.1121 26.7235 26.6882 26.7200 26.9350 26.5080 27.7728 29.4048 27.4165 27.5122 27.6162 29.0991 28.2107 26.6275 25.6838 27.9884 26.3186 29.3372 28.0232 29.3848 28.2878 27.7693 28.4924 5.4944 5.0261 5.4229 4.8819 4.3174 5.7317 5.1494 5.2341 6.9430 4.7483 5.6890 5.0268 5.5378 3.7681 4.8514 3.1862 5.4375 5.4769 3.9402 4.9074 6.1032 4.4289 5.0419 4.6949 4.5401 4.5596 6.1352 4.9811 4.0893 5.8159 7.5085 13.1162 11.2618 13.6177 10.2374 10.6498 17.6548 13.6285 8.5896 9.1253 18.6759 13.8621 11.2236 12.9823 12.0669 7.9889 9.1542 15.7031 10.5308 14.3439 11.9550 8.0283 11.4545 14.4067 10.8853 11.7222 9.6811 9.1591 8.9618 14.0150 17.2591 16.7195 17.0373 19.2105 17.4311 18.7190 16.2740 14.7974 18.9820 17.5598 19.0263 16.1925 16.0330 14.7189 18.0599 15.5212 18.4038 17.2641 16.1043 20.4166 17.8177 15.8180 17.7296 18.1716 18.9202 16.8190 15.2611 18.9615 21.8033 17.9840
3.7807 7.5320 5.2490 2.8419 4.2880 4.0836 3.1040 5.9142 5.4517 6.5248 0.0000 4.6227 7.0563 6.6311 5.0984 4.2001 6.2346 2.8327 6.1482 3.3598 3.3088 4.6012 4.9394 9.4409 3.8105 3.6879 4.6360 8.8277 3.2945 3.8422 29.8834 30.2649 29.4733 29.7726 30.3449 30.5284 29.2411 30.2919 28.9264 29.1913 29.0280 29.1411 28.8857 30.0785 31.5332 29.8987 29.8021 29.8125 31.3305 30.6130 29.1784 28.1753 30.3161 28.5489 31.5835 30.4017 31.6142 30.4078 30.0246 30.7042 3.1277 4.4483 4.1540 9.4665 6.1001 4.9500 5.1052 5.3885 4.0416 8.9524 4.4538 4.3517 7.4679 5.3557 4.7882 5.9013 5.6025 3.9735 8.6111 4.4627 4.3982 7.2018 3.5142 4.9719 5.6274 5.3385 2.6084 5.5905 8.0523 4.4253 11.4852 16.5676 12.5749 15.3442 11.8013 11.2663 19.8287 15.4902 10.4706 11.3327 20.1322 16.7092 12.2324 14.7776 15.5922 9.6092 8.8134 16.7806 12.8340 17.2609 15.5343 9.5093 13.1043 16.0521 12.7722 13.0993 11.4031 12.6551 10.4136 17.6976 20.9301 20.3061 20.8091 22.6486 21.0654 22.1165 19.7876 18.5684 22.3198 21.0025 22.3992 19.8237 19.4419 18.4478 21.3437 19.3363 21.9487 20.9879 19.9258 23.6090 21.2741 19.6859 21.2059 21.4613 22.5681 20.3844 18.7171 22.1651 24.8249 21.2954
6.2162 5.2200 6.2356 5.0621 3.6438 3.3407 5.2520 5.1076 5.4073 8.6952 4.6227 0.0000 5.3619 5.3411 7.9371 5.6598 5.5221 4.7621 6.7923 6.0592 4.8838 3.1182 4.1173 7.8462 5.5517 5.8516 7.0443 7.0123 4.9812 3.5012 28.9563 29.4013 28.5442 28.8133 29.3990 29.7131 28.4382 29.3762 28.0197 28.5089 28.2344 28.2502 28.1539 29.2236 30.5424 29.1855 28.9639 28.9529 30.4117 29.8218 28.5291 27.4862 29.4827 27.7028 30.7062 29.6120 30.7572 29.4488 29.1666 29.8496 5.4373 7.3049 7.2380 11.4253 7.3383 6.6503 7.3707 7.6993 5.3094 10.9966 6.7420 6.8826 9.9845 7.4432 7.3178 8.1908 7.6229 6.1078 11.0521 7.3480 5.1647 9.0204 5.8829 7.3612 8.4890 8.2356 4.7767 8.3371 10.1416 5.4403 12.5280 16.9893 13.1354 15.6542 12.5832 11.2504 19.5258 16.1758 12.2191 12.6033 19.9841 16.7535 12.5018 15.3593 16.1003 11.0329 8.7271 16.7269 14.0035 17.4330 16.2060 10.3595 13.5637 16.2615 12.3910 13.4271 12.1531 13.5687 11.3893 18.1994 21.2739 20.5447 21.1702 22.7622 21.4329 22.2568 20.0162 19.0593 22.3530 21.1023 22.5071 20.2590 19.7983 18.9253 21.2869 19.7610 22.0888 21.2743 20.4093 23.5369 21.2795 20.0318 21.3406 21.5487 22.6920 20.5707 18.9773 22.2517 24.6721 21.3675
8.1292 3.8881 8.3761 7.6841 6.0332 5.5766 7.5973 6.2189 8.1745 11.4246 7.0563 5.3619 0.0000 7.5143 10.8910 8.9915 3.5407 7.0673 9.0112 9.3336 6.1790 4.9287 5.6673 8.3009 8.3438 8.4186 9.6773 5.8057 7.0145 5.8439 31.0083 31.4146 30.6097 30.8293 31.3987 31.6783 30.5257 31.3921 30.0688 30.5330 30.2814 30.3069 30.2151 31.2610 32.5057 31.2154 30.9774 30.9824 32.3841 31.8517 30.5626 29.6149 31.5125 29.7695 32.6586 31.6520 32.7218 31.4198 31.1993 31.8102 8.2649 9.7881 9.3457 14.1496 9.6206 9.5944 10.5984 10.3179 7.2076 13.2169 8.9697 10.0836 12.8323 9.3363 10.4140 10.5932 8.9263 8.3603 13.5135 9.6990 7.5347 11.5545 8.7433 10.0545 11.4927 11.1766 7.3535 10.4823 12.3612 7.2430 15.3416 19.6034 15.5592 18.4048 15.2698 13.7201 21.5203 18.5778 14.9010 15.3309 22.2002 19.2636 15.0041 18.0515 18.2702 14.1740 10.9356 19.0658 16.5894 19.7008 18.6433 13.4746 16.3302 18.7744 14.3997 16.0179 14.7827 16.2668 13.9483 20.6722 23.7000 23.0588 23.6362 25.1029 23.7951 24.6766 22.4351 21.5995 24.6961 23.5281 24.7635 22.7418 22.3552 21.4947 23.7015 22.2308 24.5202 23.7835 22.9124 25.8482 23.8075 22.6107 23.7982 23.9138 25.0843 23.0849 21.3792 24.6038 26.8841 23.7587
7.0967 7.7412 6.0951 6.0349 5.3254 5.8396 6.4206 5.0780 4.6697 8.7641 6.6311 5.3411 7.5143 0.0000 7.9518 6.6313 7.1595 6.4081 6.6505 7.4277 5.7832 5.4079 6.2042 7.3527 5.9785 6.5890 6.6063 7.2396 5.9377 5.1513 26.5972 27.0152 26.2853 26.3718 26.9932 27.3178 25.9925 27.0202 25.5422 26.0750 25.7340 25.8016 25.6799 26.7802 28.1857 26.8558 26.5433 26.5767 28.0622 27.3903 26.0626 24.9632 27.0630 25.2671 28.3093 27.2257 28.3527 26.9933 26.7824 27.4419 6.8147 7.7612 7.7742 10.1400 6.9993 5.8041 7.2719 7.4761 6.5390 10.4229 6.7398 7.6407 8.8191 7.7904 7.3635 8.9328 8.8594 6.0966 10.4732 7.8388 4.9722 8.7062 6.1169 6.8502 8.1658 8.2896 6.7197 7.7283 10.0268 6.8858 10.7585 14.4684 9.9244 12.6044 9.3653 7.6341 16.3171 13.1626 10.5819 9.8038 16.8927 13.7709 9.1053 12.5670 13.1985 8.9910 6.1626 13.4555 11.1102 14.2273 13.4525 7.8460 10.2453 13.2697 8.9833 9.9562 9.0633 10.8028 8.4193 15.6543 18.7779 17.9987 18.6021 20.5732 18.8807 20.0875 17.6735 16.5978 20.0295 18.5442 20.1233 17.6614 17.2064 16.4084 18.8599 17.3628 19.6386 18.8250 17.9059 21.1075 18.9936 17.7168 18.9016 18.9179 20.2126 18.0957 16.2175 19.6273 22.1833 18.9280
4.8181 11.5144 6.2774 4.0518 7.6247 7.6219 4.3444 7.9912 6.7718 4.6922 5.0984 7.9371 10.8910 7.9518 0.0000 4.3330 9.9267 5.0607 6.5949 3.6389 5.8910 7.8012 7.9531 12.1745 4.2563 4.0386 3.2477 12.0513 5.1346 6.5537 29.0279 29.4200 28.4507 29.0034 29.6254 29.7079 28.3508 29.4976 28.0836 28.0474 28.0860 28.3168 27.9455 29.1928 30.7783 28.7757 28.9199 28.9404 30.5088 29.6577 27.9636 27.0869 29.3920 27.6745 30.7183 29.4643 30.8054 29.6771 29.1679 29.9003 4.1386 2.7605 3.7454 6.9834 6.1356 4.1465 2.9775 3.6986 5.5702 7.4499 3.7262 2.7629 3.9859 5.1403 2.5202 5.5202 6.7948 4.4164 6.2590 3.2347 5.2583 6.5989 3.3539 3.4433 2.5520 2.1305 4.6589 3.8885 6.8150 6.4717 9.5984 14.7041 10.6903 13.2042 9.6000 10.3592 18.8332 13.6201 8.1826 8.7470 18.9386 15.2348 10.8324 13.0345 13.7931 7.1681 8.3423 15.6665 10.3844 15.6664 13.5566 7.3323 11.0617 14.5211 12.1229 11.4088 9.3748 10.4076 8.0422 15.9594 19.0541 18.3240 18.8659 20.9484 19.2285 20.5444 18.0257 16.4715 20.8044 19.4410 20.8446 17.9312 17.2411 16.3866 19.8937 17.5607 20.2430 19.1679 17.7416 22.0569 19.5348 17.6910 19.5852 19.7785 20.8240 18.7081 16.8856 20.5261 23.5226 19.7195
4.6285 9.3409 5.6849 3.6429 5.6532 5.5785 4.6084 6.8685 5.4991 6.1846 4.2001 5.6598 8.9915 6.6313 4.3330 0.0000 8.6564 4.1135 6.2188 3.4899 5.5189 5.7253 6.0711 10.3682 4.5261 3.7568 5.0758 10.2478 4.7831 5.3366 28.5379 28.9188 28.2077 28.4371 28.9840 29.1550 27.8963 28.9016 27.6700 27.9765 27.7662 27.8070 27.5847 28.7302 30.1451 28.5777 28.4754 28.4362 29.9904 29.2528 27.8238 26.9036 28.9598 27.2288 30.2213 29.0446 30.2409 29.0887 28.6442 29.3481 4.0635 5.1510 5.5939 8.6385 6.0588 5.0968 4.8481 5.5932 5.8610 8.6927 5.4068 4.1968 6.5924 6.3645 4.5254 6.1676 7.2944 5.1368 8.3555 5.1919 4.9734 7.2976 3.9869 5.0416 5.1653 4.8300 4.1848 6.2780 7.9538 5.4895 10.4759 15.3562 11.8604 14.0754 10.8972 10.4760 18.7125 14.4098 9.6009 10.0998 18.8654 15.5445 11.6394 13.5462 14.5543 8.3822 8.5767 15.5644 11.6667 16.1727 14.3902 8.6287 12.0220 14.6313 12.3055 12.0980 10.4197 11.6556 9.5920 16.3347 19.6672 19.1846 19.5463 21.3303 19.7692 20.7554 18.6055 17.3569 21.0207 19.8477 21.1209 18.5206 18.2940 17.3495 19.9863 18.0621 20.6207 19.6831 18.7064 22.2263 19.9809 18.5476 19.9340 20.2340 21.2232 19.1775 17.6818 20.8184 23.4667 20.0889
7.6652 4.6797 7.6661 6.8110 5.7051 5.5579 6.6292 6.4563 7.6846 10.5204 6.2346 5.5221 3.5407 7.1595 9.9267 8.6564 0.0000 6.4085 8.3923 8.5808 5.3381 5.2363 4.9366 9.0436 7.4057 7.7408 8.6882 6.4618 5.9476 5.0397 30.4254 30.8533 29.9952 30.2778 30.8621 31.1357 29.9055 30.8412 29.4633 29.8675 29.6247 29.7176 29.5838 30.6705 32.0022 30.5847 30.3887 30.4186 31.8387 31.2277 29.9235 28.9261 30.9223 29.1726 32.1065 31.0596 32.1673 30.8887 30.6211 31.2584 7.5548 8.6534 8.2544 13.1554 8.9757 8.2871 9.6216 9.5607 6.4186 12.4450 7.6910 9.2514 11.9038 8.3732 9.4873 9.7877 8.0349 7.0384 12.6443 8.8102 6.8977 10.7847 7.8176 8.9766 10.4654 10.2256 6.5763 9.2949 11.6990 6.8734 14.3498 18.7440 14.4537 17.4362 14.2306 12.9845 20.8842 17.6285 13.8871 14.4285 21.5503 18.4681 13.9888 17.1768 17.5671 13.2005 10.5578 18.3291 15.6197 18.8868 17.7994 12.4833 15.3141 18.0278 13.6548 15.0983 13.7586 15.1924 12.9392 19.8433 22.7512 22.0315 22.6818 24.2752 22.8818 23.8208 21.4764 20.5892 23.8808 22.6571 23.9188 21.8239 21.3101 20.4449 22.9088 21.3274 23.6752 22.8656 21.9084 25.0484 22.9407 21.6468 22.9201 23.0210 24.2633 22.1948 20.3862 23.7374 26.1474 22.8292
3.8442 7.9681 5.3630 2.7351 4.6761 4.2750 3.2005 5.6457 5.6216 6.3914 2.8327 4.7621 7.0673 6.4081 5.0607 4.1135 6.4085 0.0000 5.8814 3.6535 3.6596 4.6023 5.1494 9.8689 3.5722 3.4460 4.3659 8.8877 3.2765 3.5305 29.7564 30.1899 29.2813 29.6825 30.2710 30.4577 29.1926 30.2115 28.8189 29.0205 28.9291 29.0838 28.8134 29.9837 31.4176 29.7101 29.6802 29.7260 31.2168 30.5092 28.9559 28.0825 30.1871 28.4756 31.4541 30.3019 31.5320 30.3388 29.9461 30.6274 3.1629 4.3219 4.4017 9.4503 5.8669 4.9400 5.1045 5.2686 4.0066 8.9721 4.0101 4.3653 7.4504 5.2342 4.8487 6.0414 5.7598 3.7481 8.4968 4.4587 4.1659 7.5779 3.7930 5.0927 5.6772 5.2252 2.8311 5.5331 7.9077 4.5179 11.3311 16.3722 12.3576 15.0169 11.6881 11.1821 19.7119 15.3154 10.4016 11.1146 20.0352 16.6116 12.1370 14.6998 15.2594 9.6273 8.4484 16.7932 12.6112 17.1444 15.3899 9.2884 12.9322 15.9547 12.6451 12.9817 11.2413 12.5269 10.0035 17.5880 20.7815 20.1626 20.7238 22.4654 20.9312 22.0171 19.6392 18.4384 22.1510 20.9305 22.2406 19.7774 19.1913 18.3111 21.2635 19.2829 21.8144 20.8759 19.7137 23.4404 21.1049 19.4960 21.1641 21.3298 22.3707 20.3276 18.6211 22.0808 24.7302 21.1781
6.1998 9.5217 3.5267 5.6419 6.6517 6.4951 5.6909 6.5280 6.3628 4.8795 6.1482 6.7923 9.0112 6.6505 6.5949 6.2188 8.3923 5.8814 0.0000 6.3085 5.9559 6.5128 7.2850 10.1149 5.5193 5.7518 5.8558 9.6360 5.7569 5.9346 27.4704 27.9154 27.0417 27.4119 28.0300 28.2554 26.8032 27.9925 26.4949 26.6279 26.5879 26.7925 26.4534 27.6633 29.2639 27.4354 27.4071 27.5029 29.0077 28.1868 26.7024 25.6264 27.9133 26.1660 29.2630 28.0062 29.3207 28.0709 27.6914 28.4016 5.8909 6.2806 6.2264 7.1802 2.6447 6.0141 6.3160 6.0953 6.3533 5.8893 5.9398 6.2276 7.7003 4.2998 6.2695 4.2600 4.5153 5.8299 6.1702 6.4041 5.8019 5.1602 5.5385 6.3214 6.9395 6.6916 5.9312 6.7526 5.5505 4.2112 8.6725 13.8703 11.6404 14.2319 10.7144 10.3538 17.5163 14.6371 10.5313 10.5712 19.1699 14.1060 11.1497 14.0721 12.5290 9.5399 8.0622 16.0052 12.0436 14.4314 12.9080 8.5916 12.0349 15.1605 9.9631 12.0188 10.5804 9.9971 9.5555 14.8335 18.0609 17.2058 17.7551 19.9761 18.1785 19.3945 16.9131 15.6481 19.6160 17.9973 19.6901 17.0165 16.6727 15.4737 18.5120 16.3376 19.0755 17.9975 17.0052 20.9863 18.4230 16.4442 18.2941 18.7774 19.6193 17.3422 15.7084 19.5561 22.2672 18.5497
3.6542 9.9407 5.6963 3.2310 5.8738 5.9790 3.8419 7.0974 5.8502 5.3061 3.3598 6.0592 9.3336 7.4277 3.6389 3.4899 8.5808 3.6535 6.3085 0.0000 5.3110 6.3590 6.5096 10.5615 4.0632 3.0005 3.9744 10.5747 4.0698 5.1834 29.1440 29.5412 28.8067 29.0766 29.6249 29.7741 28.4922 29.5446 28.2649 28.5049 28.3309 28.4334 28.1428 29.3434 30.7993 29.1147 29.0641 29.0787 30.6120 29.8464 28.3632 27.4630 29.5684 27.8484 30.8417 29.6361 30.8724 29.7506 29.2628 29.9727 2.9097 3.9383 4.1835 7.9793 6.1054 4.6297 4.0077 4.5761 5.0068 7.9145 4.4330 2.9536 5.7990 5.3750 3.7621 5.1770 6.3891 3.9244 7.5500 3.7098 4.4404 6.5891 3.4093 3.8274 3.9484 3.5185 3.6383 4.7124 7.0909 5.6554 10.1729 15.3572 11.8917 14.2413 10.9862 10.7651 19.1434 14.3134 8.7326 9.9895 19.2347 15.7868 11.6633 13.4656 14.5661 8.0312 8.7655 15.9414 11.4062 16.4135 14.3673 8.5911 12.1068 14.8650 12.5808 12.2545 10.2536 11.4836 9.4879 16.3905 19.7388 19.3026 19.6958 21.4787 19.8733 20.8872 18.6941 17.4288 21.1611 20.0088 21.2386 18.6483 18.3745 17.3542 20.2174 18.1673 20.8251 19.7832 18.7728 22.4656 20.1413 18.5895 20.0952 20.4277 21.4237 19.3616 17.8251 21.0715 23.7533 20.2588
4.6596 6.9681 5.4715 3.3403 4.5665 3.8954 3.1454 4.9504 5.6698 7.2769 3.3088 4.8838 6.1790 5.7832 5.8910 5.5189 5.3381 3.6596 5.9559 5.3110 0.0000 4.3595 5.1769 9.2922 3.8624 4.7145 4.7191 7.9944 3.6491 3.7929 30.1408 30.5331 29.5371 30.0320 30.6568 30.8972 29.5083 30.6172 29.0883 29.2550 29.1940 29.4075 29.1392 30.3119 31.8342 30.1022 30.0551 30.1360 31.5786 30.8846 29.3500 28.2971 30.5506 28.8067 31.8448 30.6771 31.9277 30.6392 30.3441 31.0199 4.1794 4.8128 4.4162 10.1499 6.0143 5.0134 5.6841 5.4089 3.9862 9.4456 4.3054 5.3942 7.9862 5.2510 5.4750 6.8488 5.7090 4.3186 8.8279 5.0803 4.5888 8.0532 4.0689 5.5775 6.5801 6.2495 3.1546 5.8922 8.6460 4.3368 12.0108 16.9455 12.2407 15.3248 11.5620 11.0648 19.9715 15.7142 11.3299 11.4526 20.3614 16.9090 11.8012 15.3087 15.5423 10.2772 8.0126 17.1394 13.0965 17.2570 15.7595 9.3071 12.9409 16.4322 12.2443 13.0367 11.4965 12.8642 10.0967 18.1877 21.2390 20.3701 21.0746 23.0530 21.4565 22.6539 20.0432 18.8037 22.7619 21.2800 22.8189 20.1980 19.4536 18.5597 21.8206 19.7687 22.2748 21.3431 20.0719 24.0164 21.5965 19.8302 21.5929 21.7053 22.8673 20.6656 18.6966 22.5327 25.2744 21.5988
5.8885 5.1675 6.1004 5.1780 3.8042 3.2637 5.2029 4.7037 5.3889 8.7498 4.6012 3.1182 4.9287 5.4079 7.8012 5.7253 5.2363 4.6023 6.5128 6.3590 4.3595 0.0000 4.7233 7.7863 5.2736 5.7962 6.9706 6.7448 5.1814 3.6083 29.5441 29.9627 29.0829 29.4297 30.0203 30.2840 29.0051 29.9744 28.6021 28.9371 28.7743 28.8188 28.7037 29.7993 31.1838 29.7053 29.5353 29.5102 30.9829 30.3563 29.0489 28.0031 30.0301 28.2879 31.2971 30.1659 31.3204 30.0148 29.7623 30.4183 5.4451 6.9172 6.9727 11.6942 7.1537 6.7615 7.4133 7.3188 4.7929 10.9339 6.4811 7.0029 9.8965 7.2102 7.2948 8.1507 7.2851 6.1752 10.8307 7.0921 5.4202 9.1216 5.8072 7.5339 8.5969 8.2046 4.8555 8.2514 10.0962 5.2420 12.8450 17.4797 13.4028 16.1054 12.6856 11.7143 20.0450 16.5697 12.6148 12.8485 20.5626 17.3147 12.7118 15.9071 16.3559 11.4678 8.7707 17.3562 14.2534 17.8330 16.5714 10.3882 13.9560 16.8942 12.6739 13.6729 12.4552 13.8721 11.4353 18.7206 21.6690 20.8210 21.5079 23.2210 21.8218 22.7071 20.4501 19.4095 22.8717 21.4897 22.9179 20.6468 20.0813 19.2004 21.8375 20.1215 22.5375 21.7108 20.6614 24.0575 21.7562 20.3361 21.8106 21.9722 23.0805 20.9435 19.2933 22.6860 25.2229 21.7901
6.5145 5.8014 6.5624 5.1344 4.4677 4.7245 5.4258 6.7029 5.6037 8.8818 4.9394 4.1173 5.6673 6.2042 7.9531 6.0711 4.9366 5.1494 7.2850 6.5096 5.1769 4.7233 0.0000 9.5153 5.7812 5.9143 7.2121 7.9106 4.4485 4.2643 29.0352 29.4770 28.5634 28.9047 29.4869 29.8203 28.5271 29.4752 28.0976 28.5197 28.2765 28.3273 28.2340 29.3023 30.6629 29.2435 29.0369 29.0222 30.5138 29.9127 28.5688 27.5378 29.5617 27.7703 30.8142 29.7214 30.8683 29.5695 29.2640 29.9387 6.2986 7.4044 7.5037 11.5730 7.6580 6.2125 7.5683 8.3663 5.9592 11.3462 6.4401 7.2757 10.2115 7.6223 7.7694 8.4094 7.5523 5.7002 11.2922 7.5556 5.8248 9.4485 6.2810 7.2315 8.5420 8.2197 5.5313 8.1797 10.6417 5.9727 12.3162 16.9301 12.9432 15.5891 12.5632 11.7522 19.5656 16.0863 12.2758 12.7888 20.1443 16.8158 12.6163 15.3627 16.3936 11.0958 9.6826 16.7710 14.1092 17.3585 16.2787 10.7154 13.5794 16.3446 12.5726 13.5707 12.2393 13.4880 11.3244 18.2063 21.2303 20.4819 21.1748 22.8256 21.4529 22.2878 19.9977 19.0709 22.3676 21.1015 22.5714 20.3117 19.6785 18.8457 21.2999 19.7920 22.1074 21.2743 20.3770 23.5502 21.3214 19.9588 21.3637 21.5518 22.7140 20.6178 18.9339 22.2817 24.7331 21.3751
9.2895 8.7299 9.6876 10.1115 7.7412 8.0680 10.0966 6.5427 8.1811 12.4520 9.4409 7.8462 8.3009 7.3527 12.1745 10.3682 9.0436 9.8689 10.1149 10.5615 9.2922 7.7863 9.5153 0.0000 10.1542 9.9352 10.7955 4.8075 9.4312 8.2157 28.4155 28.6933 28.5444 28.0972 28.5833 28.8322 27.7628 28.6367 27.4711 28.3399 27.7479 27.5391 27.5243 28.6015 29.7809 28.9565 28.3703 28.2848 29.7376 29.2136 28.2835 27.1783 28.8956 27.1272 30.0137 29.0008 29.9310 28.5841 28.4560 29.0294 9.8244 11.8062 11.1133 13.6811 10.5622 10.6586 11.3980 10.7615 9.7410 13.0843 11.1790 11.4333 12.6044 11.3823 11.2988 11.7743 11.4538 10.0962 13.9054 11.1051 8.6844 11.4574 10.2277 10.8785 12.1089 12.1526 10.0666 11.3353 12.8752 10.1142 14.4209 17.7220 14.3863 16.8003 13.7857 11.2126 18.7347 16.4166 13.7381 13.8138 19.2025 16.8518 12.9908 15.5991 16.1854 12.8352 9.6004 16.1713 14.7642 17.3492 16.5801 12.4915 14.4780 16.0148 12.6579 13.6318 13.0725 14.6136 13.1321 18.3342 21.5046 21.2388 21.4572 23.0604 21.5540 22.3527 20.5551 19.7680 22.3758 21.1515 22.3788 20.3551 20.7995 19.7193 21.1367 19.9573 22.2827 21.5274 21.1727 23.4899 21.7760 20.9314 21.3833 21.6522 22.8394 20.7726 19.4183 22.0618 24.1483 21.4868
4.2971 8.7558 5.4757 3.1424 5.0960 4.8527 3.2064 5.7985 4.2834 5.6297 3.8105 5.5517 8.3438 5.9785 4.2563 4.5261 7.4057 3.5722 5.5193 4.0632 3.8624 5.2736 5.7812 10.1542 0.0000 3.4303 3.0181 9.3793 3.4296 3.8247 28.5232 28.9798 27.9178 28.5042 29.1604 29.3815 27.9166 29.0758 27.5085 27.5851 27.5866 27.8604 27.5594 28.7316 30.3227 28.4647 28.4721 28.5667 29.9940 29.2564 27.7174 26.6946 28.9336 27.2642 30.2981 29.0519 30.3905 29.1271 28.8116 29.4985 3.5530 3.4066 4.0430 8.8347 5.4547 3.1277 3.4741 3.8774 3.9874 8.5909 2.9762 3.9558 6.3236 4.9658 4.1995 6.1372 6.0473 3.4444 7.5984 3.9242 4.2141 7.3722 3.2056 3.8646 4.8281 4.3832 3.6426 4.5997 7.9557 5.0962 10.1283 15.1513 10.6816 13.5789 9.8514 10.1402 18.7530 14.0407 9.7649 9.8306 18.9719 15.3759 10.3442 13.5230 14.1911 8.4790 7.5781 15.8592 11.3412 15.8512 14.1886 7.3736 11.2931 14.9267 11.2065 11.3639 9.7993 11.1479 8.4653 16.5973 19.4146 18.5086 19.2658 21.2769 19.7779 20.8708 18.3209 17.0006 21.0013 19.5065 21.0599 18.4605 17.5514 16.6719 20.1054 17.9905 20.4884 19.5228 18.1573 22.2987 19.7189 17.9044 19.8345 19.9446 21.0050 18.8924 16.9989 20.7961 23.6649 19.7806
2.8959 9.4442 5.4000 2.9833 5.6147 5.5639 3.6006 5.8741 4.8357 5.2704 3.6879 5.8516 8.4186 6.5890 4.0386 3.7568 7.7408 3.4460 5.7518 3.0005 4.7145 5.7962 5.9143 9.9352 3.4303 0.0000 3.6156 9.5471 3.3683 4.5647 28.7866 29.1972 28.4200 28.7278 29.2903 29.4430 28.1374 29.2102 27.8989 28.0954 27.9584 28.0838 27.7957 28.9731 30.4456 28.7435 28.6991 28.7371 30.2300 29.4761 27.9522 27.0874 29.1903 27.5148 30.4695 29.2766 30.5196 29.3791 28.9299 29.6228 2.9493 3.9755 4.2174 8.1923 5.7416 4.2351 4.0861 4.0966 4.6531 7.9391 3.8231 3.6731 5.9688 5.1090 4.1031 5.5559 6.1870 3.4235 7.5842 3.4242 3.4153 6.8434 3.2941 3.6602 4.3518 3.8105 3.9464 4.0789 7.3002 5.3634 9.9985 15.1310 11.3025 13.9319 10.5146 10.3113 18.7561 13.8554 8.9014 9.7362 18.8671 15.4646 11.0667 13.2783 14.0709 8.1424 8.1655 15.6892 11.0275 16.0349 14.0480 8.3244 11.6586 14.5576 11.9029 11.7467 9.8378 11.2047 8.9125 16.2114 19.4648 19.0181 19.4320 21.2371 19.6512 20.7164 18.4175 17.1587 20.9046 19.7398 20.9374 18.4345 18.0495 17.0530 19.9854 17.9481 20.5376 19.5679 18.4693 22.1892 19.8873 18.3553 19.8683 20.0929 21.0887 19.0937 17.4341 20.7826 23.4952 19.9440
4.2677 10.4824 5.5818 3.4228 6.4903 6.3852 3.4453 6.4416 5.5210 4.7659 4.6360 7.0443 9.6773 6.6063 3.2477 5.0758 8.6882 4.3659 5.8558 3.9744 4.7191 6.9706 7.2121 10.7955 3.0181 3.6156 0.0000 10.5143 3.9680 5.3449 28.5340 28.9519 28.0110 28.4878 29.1070 29.2691 27.8568 29.0512 27.5244 27.5665 27.5453 27.8246 27.4483 28.6879 30.2849 28.3750 28.4182 28.5433 29.9927 29.1717 27.5609 26.5972 28.8937 27.2198 30.2225 29.0023 30.3113 29.1216 28.7150 29.4107 3.5339 3.0245 3.1015 7.2918 5.5286 3.1791 2.9674 2.8670 4.8290 7.4818 3.1092 3.1907 4.3230 4.5554 2.9785 5.6753 6.3021 3.1996 6.2055 2.9323 4.1255 6.6800 2.6621 2.5094 3.1430 2.9727 4.1893 2.8201 6.8390 5.7989 9.5063 14.4756 10.0131 12.8216 8.9802 9.3232 18.2020 13.1027 8.1700 8.3319 18.3134 14.7679 9.8256 12.5582 13.1754 7.2703 7.0725 15.1322 9.9572 15.1354 13.2075 6.6045 10.4822 14.0265 10.9418 10.7256 8.7883 10.1189 7.4804 15.6938 18.7072 18.0076 18.5902 20.7193 18.9785 20.3287 17.7084 16.2885 20.4554 19.0089 20.4716 17.6676 16.9942 16.0358 19.6064 17.3088 19.9106 18.8558 17.4748 21.7454 19.2750 17.3648 19.2549 19.3815 20.4545 18.3703 16.3930 20.1984 23.1180 19.3247
8.8838 6.6262 9.4973 9.4446 7.0483 6.9226 9.2863 5.7401 8.1445 12.4082 8.8277 7.0123 5.8057 7.2396 12.0513 10.2478 6.4618 8.8877 9.6360 10.5747 7.9944 6.7448 7.9106 4.8075 9.3793 9.5471 10.5143 0.0000 8.5459 7.0720 29.6112 29.9976 29.4565 29.3782 29.9276 30.2535 29.0598 29.9485 28.6297 29.3498 28.8927 28.8721 28.8065 29.8392 31.0617 30.0151 29.5762 29.6137 30.9675 30.4684 29.3584 28.2926 30.1040 28.3958 31.2498 30.2564 31.2765 29.9173 29.7869 30.3817 9.5360 11.2770 10.5760 14.3454 10.1518 10.1953 11.3714 10.7495 8.8314 13.3870 10.2051 11.3346 13.0562 10.7785 11.3137 11.5873 10.4495 9.3380 14.0052 10.8017 8.4129 12.0067 9.9489 10.7368 12.2894 12.1122 9.2293 11.1480 12.9757 9.2195 15.0294 18.8061 14.9404 17.6222 14.6063 12.3441 20.1005 17.5412 14.5833 14.6814 20.6542 18.1013 13.7942 16.9557 17.1509 13.8115 9.8925 17.7451 15.8005 18.5394 17.7096 13.0190 15.3216 17.4565 13.2794 14.8663 14.0388 15.5601 13.5165 19.5755 22.5891 22.1267 22.5959 24.1279 22.7487 23.5314 21.4441 20.7162 23.5367 22.3409 23.5561 21.6487 21.5502 20.5522 22.4421 21.1851 23.4045 22.6569 22.0677 24.6792 22.7949 21.7680 22.5928 22.7714 23.9387 21.9269 20.3597 23.3556 25.5255 22.5592
3.7938 7.8726 5.1540 2.9715 4.7560 4.5886 3.1299 5.5211 4.7432 6.2158 3.2945 4.9812 7.0145 5.9377 5.1346 4.7831 5.9476 3.2765 5.7569 4.0698 3.6491 5.1814 4.4485 9.4312 3.4296 3.3683 3.9680 8.5459 0.0000 3.4235 28.8774 29.3029 28.4276 28.7940 29.4041 29.5955 28.2946 29.3469 27.9370 28.1215 28.0194 28.1857 27.9263 29.1044 30.5628 28.8427 28.7975 28.8723 30.3283 29.6368 28.1113 27.1872 29.3306 27.5944 30.6073 29.4323 30.6923 29.4656 29.0699 29.7655 3.6824 4.4828 4.2869 9.0585 5.9215 4.2595 4.8626 5.0860 4.2860 8.8808 3.9357 4.4448 7.1599 5.2078 4.9896 6.1162 5.8222 3.0721 8.4409 4.3360 3.5750 7.4529 3.6059 4.1981 5.3932 5.2184 3.5086 4.6759 8.1715 4.9730 10.7071 15.5962 11.3933 14.2458 10.7937 10.3936 18.8777 14.3673 9.8428 10.5234 19.2087 15.7361 11.0363 13.7997 14.7077 8.9992 8.2117 15.9030 11.8624 16.2161 14.6130 8.7197 12.0626 15.0315 11.6727 12.0293 10.2624 11.6008 9.3972 16.8375 19.9721 19.2576 19.8358 21.6960 20.1836 21.2542 18.7997 17.6492 21.3437 20.0438 21.4483 18.9168 18.3528 17.4675 20.4194 18.4804 20.9841 20.0653 18.9214 22.5929 20.2835 18.7055 20.2691 20.4215 21.5737 19.5195 17.6719 21.2349 23.8954 20.3236
4.7311 6.2045 5.6013 4.0335 3.7755 3.4395 4.2061 4.4083 4.4612 7.4843 3.8422 3.5012 5.8439 5.1513 6.5537 5.3366 5.0397 3.5305 5.9346 5.1834 3.7929 3.6083 4.2643 8.2157 3.8247 4.5647 5.3449 7.0720 3.4235 0.0000 28.7828 29.2434 28.3169 28.6858 29.2824 29.5503 28.2319 29.2338 27.8274 28.1750 27.9809 28.1008 27.9061 29.0277 30.4279 28.8681 28.7577 28.7875 30.2460 29.5753 28.1628 27.2026 29.2726 27.5230 30.5055 29.3885 30.5793 29.3295 28.9985 29.6832 4.2481 5.5429 5.6884 10.2889 6.1980 5.0973 5.9628 6.1639 3.7987 9.8934 4.8232 5.7439 8.5825 6.0898 6.2939 7.2589 6.4151 4.4250 9.8416 5.8042 3.9817 8.2360 4.6868 5.8353 7.1972 6.7665 4.0670 6.5051 9.2119 4.9431 11.5132 16.1707 11.8798 14.6918 11.3968 10.6115 19.0342 15.1070 11.0755 11.5138 19.4827 16.0866 11.4393 14.5267 15.1767 10.0454 8.0875 16.1801 12.7845 16.6658 15.3221 9.3548 12.5810 15.6080 11.6892 12.4628 10.9458 12.4567 10.0243 17.4545 20.4588 19.7367 20.4000 22.0828 20.6607 21.6167 19.2656 18.1922 21.7315 20.4959 21.8169 19.5115 18.8688 18.0299 20.7553 19.0396 21.4486 20.5454 19.5001 22.9662 20.6627 19.2159 20.7234 20.8687 22.0321 19.9424 18.1618 21.5898 24.1693 20.6907
29.8067 30.5611 27.7580 29.1959 28.8030 29.8112 29.6441 29.3535 27.0506 27.6245 29.8834 28.9563 31.0083 26.5972 29.0279 28.5379 30.4254 29.7564 27.4704 29.1440 30.1408 29.5441 29.0352 28.4155 28.5232 28.7866 28.5340 29.6112 28.8774 28.7828 0.0000 2.9696 6.9400 2.6038 4.1053 4.9485 3.7146 3.8550 3.1726 7.2476 3.3896 3.0979 3.5618 2.6620 4.4980 6.4515 2.5095 3.3810 3.7209 4.0014 6.3883 5.2744 2.4519 3.1854 4.1945 3.2403 5.6591 3.6780 3.7177 4.2755 29.6332 29.6509 30.0052 25.8372 27.4382 27.3298 28.0636 29.1144 29.6092 27.4530 28.9288 29.2668 27.8141 28.8299 29.1822 28.7818 30.0908 28.4147 28.5546 29.6870 27.7518 26.9303 29.0289 27.6172 28.5712 28.8501 30.2286 28.5090 28.3903 29.5975 21.9343 17.1547 21.7461 19.7127 22.3191 22.3865 14.6562 19.8859 24.9194 23.5593 16.2315 16.4512 21.7477 19.4783 19.7838 24.0138 25.6126 18.0563 22.3606 16.8596 18.8544 24.4917 21.0827 18.7793 20.1986 20.3772 21.9386 20.9925 24.0059 17.2409 13.6741 14.3689 13.5110 12.8561 14.0836 13.0738 14.1049 15.6443 11.9364 12.4711 12.5354 14.2810 15.8617 15.8849 12.1633 14.7349 12.1733 13.3801 15.0289 10.8393 12.5910 15.4548 12.3681 11.7758 12.0543 13.2445 15.0458 11.4822 10.3231 11.9188
30.1986 30.9608 28.1430 29.6127 29.1974 30.2271 30.0455 29.7760 27.4963 28.0316 30.2649 29.4013 31.4146 27.0152 29.4200 28.9188 30.8533 30.1899 27.9154 29.5412 30.5331 29.9627 29.4770 28.6933 28.9798 29.1972 28.9519 29.9976 29.3029 29.2434 2.9696 0.0000 7.7914 2.8453 3.5777 3.7545 3.3981 3.2691 4.0998 7.5553 3.8513 3.0028 3.3005 2.6107 3.7410 6.3768 2.4832 3.0078 2.5382 3.5325 6.5971 5.5830 2.4327 3.2357 3.4723 2.6357 4.5283 2.8421 3.0844 2.9020 30.0459 30.0985 30.4108 26.2234 27.8544 27.7794 28.5382 29.5617 30.0710 27.7947 29.4305 29.7049 28.1721 29.2673 29.5847 29.1739 30.5451 28.8730 28.9274 30.1116 28.1865 27.3070 29.4282 28.0117 28.9835 29.2734 30.6304 28.9146 28.7627 29.9726 22.4370 17.6578 22.3025 20.2044 22.7560 22.7696 14.8389 20.1372 25.3016 23.9198 16.2691 16.8638 22.2577 19.7968 20.0904 24.4382 26.0634 18.2653 22.6921 17.1411 19.1623 25.0170 21.5724 19.0209 20.6979 20.8336 22.3911 21.4621 24.4852 17.4938 13.9735 14.9616 13.8679 13.1422 14.3433 13.3968 14.6583 16.1748 12.2589 12.9079 12.7310 14.5456 16.5567 16.4834 12.5116 15.1041 12.4910 13.7539 15.5255 11.0795 13.1086 16.0932 12.7422 12.2302 12.4970 13.7210 15.5458 11.6372 10.2425 12.4209
29.4955 30.0757 27.4399 28.7613 28.5388 29.3737 29.1687 28.9585 26.7294 27.2312 29.4733 28.5442 30.6097 26.2853 28.4507 28.2077 29.9952 29.2813 27.0417 28.8067 29.5371 29.0829 28.5634 28.5444 27.9178 28.4200 28.0110 29.4565 28.4276 28.3169 6.9400 7.7914 0.0000 8.0822 9.7273 10.1592 9.0880 9.2680 6.4439 4.6305 6.3543 8.2365 7.6362 7.8442 9.4763 5.5166 7.1237 7.8340 8.0854 8.7364 6.0428 5.5184 7.2466 6.5198 8.9426 8.1098 10.7735 9.2805 9.0192 9.4800 29.1970 29.0235 29.5010 25.7170 27.0136 26.7516 27.3973 28.5563 28.9451 27.3300 28.1832 28.7162 27.5522 28.2167 28.7559 28.4566 29.4633 28.0138 28.0768 29.2127 27.3881 26.5870 28.6510 27.2773 28.1614 28.3655 29.7595 28.0532 28.1644 29.1156 21.7053 16.8573 20.6622 18.6401 21.5166 22.5495 15.5426 19.8528 25.0298 23.5378 17.5259 16.5725 20.8880 19.9737 19.9631 23.8653 25.0472 19.0028 22.4397 16.7728 19.0328 23.8856 20.4706 19.8275 19.7452 20.0055 21.8418 20.6755 23.0504 18.5131 14.4073 13.0214 13.8316 13.4048 15.0292 14.8809 14.1165 15.2714 13.3556 12.8811 14.1364 15.1459 13.9491 15.2394 13.9754 15.7824 12.8911 14.2287 14.3144 12.2335 12.1210 14.5107 13.6059 12.0635 12.9024 13.5628 14.3124 13.0126 13.4605 12.7090
29.7436 30.3724 27.6295 29.1157 28.6385 29.6672 29.5519 29.2080 26.9360 27.6205 29.7726 28.8133 30.8293 26.3718 29.0034 28.4371 30.2778 29.6825 27.4119 29.0766 30.0320 29.4297 28.9047 28.0972 28.5042 28.7278 28.4878 29.3782 28.7940 28.6858 2.6038 2.8453 8.0822 0.0000 2.9646 4.4106 3.5660 3.3541 3.4394 8.1130 3.7810 2.7988 3.4528 2.5714 3.7099 7.3118 2.5162 3.6920 3.8566 4.2742 7.1351 5.6493 3.3502 2.9974 4.2019 3.4193 5.1184 2.9720 3.5165 3.7240 29.5747 29.6545 29.9687 25.8043 27.3624 27.2898 28.0830 29.1250 29.5785 27.4389 28.9495 29.2624 27.7863 28.8244 29.1256 28.7530 30.0706 28.3727 28.5672 29.6929 27.6670 26.8588 28.9237 27.5893 28.5375 28.8596 30.1392 28.5035 28.3777 29.4836 22.0336 17.2603 21.7451 19.6996 22.2487 22.1113 14.0146 19.8054 24.9490 23.5227 15.7162 16.2095 21.6890 19.3278 19.7645 23.9968 25.5671 17.5075 22.3457 16.5680 18.8454 24.5480 20.9978 18.4863 20.0574 20.2612 21.8892 20.9537 24.0205 17.0907 14.0671 14.8448 13.8397 13.5097 14.3159 13.4336 14.5828 16.0281 12.3954 12.7862 12.9139 14.4341 16.3849 16.3440 12.2700 14.9745 12.5941 13.6955 15.6016 11.2385 13.1694 16.0651 12.6011 12.1052 12.6359 13.6008 15.3386 11.6633 10.2834 12.4489
