0.0000 5.6273 1.2257 1.9708 3.2526 2.5648 4.0682 3.4136 1.9639 9.5994 1.6642 2.5576 5.6288 2.9846 4.9689 2.7984 4.9977 2.1573 3.3341 2.3262 2.0370 3.1719 3.8744 3.5476 1.9673 1.6751 4.3500 7.0169 1.8930 2.3993 45.1553 45.5989 44.5584 46.2292 47.9015 49.8219 44.5624 47.9915 42.4562 41.5734 42.7716 45.6646 45.1854 44.3258 49.2285 47.5954 45.8917 47.9454 46.0429 46.5643 43.3578 43.4878 43.2164 46.5508 48.2681 44.5935 47.8436 45.5020 48.6932 49.2797 3.7006 8.9154 7.4239 15.4388 3.4540 6.2220 7.2064 6.9508 5.4803 11.0984 5.3297 6.4473 11.8248 6.6006 6.5184 4.6334 3.0057 3.9657 9.5788 7.2764 2.9885 10.2678 5.1880 5.3840 7.8710 8.4392 2.2615 7.1196 7.5179 3.1680 10.1204 18.6420 11.2419 13.6155 13.4161 7.4454 16.8514 9.4824 11.1458 12.0190 15.2030 15.6583 8.3618 14.3420 12.4562 10.3343 6.7563 13.8597 11.9388 17.5776 17.4551 9.2367 11.2478 12.0634 9.7429 10.8206 12.0289 13.9855 7.4582 18.9722 32.4038 36.2247 34.4217 36.9270 34.3916 36.5825 37.3912 33.7321 36.3360 34.4306 37.5724 31.7708 27.5203 28.2252 32.5154 32.6266 36.2385 32.6126 30.1892 41.7474 36.5273 31.7448 36.7062 31.8853 31.5503 34.0074 27.6591 34.3387 38.3305 31.7776
5.6273 0.0000 6.5092 5.7890 3.7532 3.5309 9.6263 5.1229 4.3575 15.1283 6.5543 4.2091 0.8930 3.2195 10.4551 5.9877 4.1031 4.1854 8.7765 7.2475 6.5429 2.6395 3.1312 4.5568 7.4537 6.2306 9.8293 4.5926 4.5880 3.5392 50.4913 50.9349 49.8944 51.5997 53.3167 55.2371 49.8984 53.4066 47.7922 46.9095 48.1076 51.0624 50.5467 49.6618 54.6436 52.9978 51.2277 53.3605 51.3790 51.9794 48.6938 48.8238 48.5524 51.9660 53.6182 49.9295 53.2426 50.8381 54.1083 54.6948 9.1833 14.4729 12.9265 20.9732 8.9415 11.7082 12.7585 12.4722 10.9961 16.6352 10.7826 11.9565 17.3769 12.1103 12.0139 10.1510 8.5023 8.5277 15.1457 12.8815 8.5233 15.7901 10.7488 10.8802 13.4232 14.0083 7.6398 12.6717 13.0121 8.6365 15.6313 24.1343 16.7099 18.9925 18.9408 12.8999 22.2666 14.8319 16.5405 17.5114 20.6000 21.1797 13.7002 19.8253 17.9603 15.7873 12.1773 19.3094 17.4312 23.0677 22.9442 14.7228 16.7323 17.4876 15.2007 16.3366 17.5258 19.5376 12.9280 24.4623 37.8190 41.6432 39.8402 42.3454 39.8068 42.0009 42.8096 39.1919 41.7544 39.8491 42.9876 37.1892 32.9388 33.6404 37.9338 38.0684 41.6537 38.0277 35.6076 47.1626 41.9457 37.1600 42.1247 37.3037 36.9655 39.4259 33.0775 39.7539 43.7457 37.1960
1.2257 6.5092 0.0000 1.9253 3.4900 3.3766 3.1803 3.6185 2.5252 8.7450 1.3147 3.0170 6.5286 3.6309 4.0022 2.6242 5.1472 2.5178 2.6385 1.6415 1.5393 3.9760 3.9876 4.1206 1.4516 1.4079 3.3892 7.7410 2.1655 3.1956 44.2653 44.7089 43.6684 45.3391 47.0167 48.9371 43.6723 47.1067 41.5662 40.6834 41.8815 44.7745 44.2954 43.4358 48.3437 46.7054 45.0017 47.0606 45.1529 45.6795 42.4677 42.5977 42.3263 45.6660 47.3781 43.7035 46.9536 44.6120 47.8084 48.3949 2.9478 7.9764 6.4794 14.6192 2.6191 5.2280 6.3310 6.0448 4.5510 10.2788 4.8664 5.5183 10.9495 5.6708 5.5642 3.6891 2.3506 3.5100 8.6986 6.4128 2.1594 9.4451 4.3060 4.4548 6.9957 7.5612 1.7603 6.2442 6.5230 2.3628 9.1724 17.7662 10.3198 12.6881 12.4857 6.5556 15.9666 8.5550 10.2735 11.0965 14.2549 14.7014 7.4344 13.3934 11.4956 9.3961 6.3192 12.9396 11.0003 16.6765 16.5529 8.3319 10.2991 11.1412 8.8378 9.8583 11.0639 13.1101 6.5684 18.0710 31.5190 35.3664 33.5634 36.0686 33.5110 35.7242 36.5329 32.8738 35.4776 33.5723 36.6877 30.9124 26.6620 27.3421 31.6571 31.7683 35.3538 31.7278 29.3309 40.8626 35.6689 30.8600 35.8479 31.0270 30.6655 33.1491 26.8008 33.4539 37.4457 30.9193
1.9708 5.7890 1.9253 0.0000 2.2295 2.7856 3.9928 4.5930 2.3811 9.6161 1.7553 2.4287 5.8288 3.4772 4.7415 1.9311 5.4121 1.9285 4.5342 1.7923 2.3187 3.2148 3.2260 4.1662 2.5384 1.6677 4.1142 7.0416 2.1354 2.6908 44.9278 45.3714 44.3309 46.0374 47.7544 49.6748 44.3349 47.8443 42.2287 41.3460 42.5441 45.5001 44.9845 44.0983 49.0814 47.4355 45.6642 47.7983 45.8155 46.4172 43.1303 43.2603 42.9889 46.4037 48.0559 44.3660 47.6804 45.2757 48.5461 49.1326 4.1881 8.8030 7.2912 15.3915 4.1300 5.9854 7.0620 7.0902 5.2926 11.0536 5.0872 6.2530 11.6805 6.4067 6.3039 4.4745 3.6057 3.5587 9.4421 7.2587 2.8940 10.2109 5.1491 5.1837 7.7267 8.3098 3.1839 6.9752 7.3586 3.8771 9.9623 18.5263 10.9836 13.2993 13.2109 7.3397 16.7043 9.1423 10.8843 11.7851 14.9159 15.4589 8.3540 14.1081 12.2395 10.1978 7.6252 13.6102 11.7049 17.4688 17.3452 9.0196 11.0115 11.7944 9.6054 10.7242 11.8050 13.8411 7.2690 18.8633 32.2567 36.0718 34.2688 36.7740 34.2445 36.4295 37.2383 33.5839 36.1830 34.2777 37.4253 31.6178 27.3674 28.0781 32.3625 32.4737 36.0914 32.4655 30.0363 41.6003 36.3743 31.5977 36.5533 31.7324 31.4032 33.8545 27.5061 34.1916 38.1834 31.6247
3.2526 3.7532 3.4900 2.2295 0.0000 1.8504 6.0352 5.0440 2.2095 11.6704 2.9440 2.1773 4.0743 3.6075 6.7851 2.7336 5.8376 1.5283 6.0908 3.8220 3.2984 1.8548 2.5723 4.6220 3.8082 3.0529 6.1582 6.6322 2.1719 2.1501 46.9304 47.3740 46.3335 48.0446 49.7616 51.6820 46.3374 49.8515 44.2313 43.3485 44.5466 47.5073 46.9916 46.1009 51.0885 49.4427 47.6668 49.8054 47.8180 48.4243 45.1328 45.2628 44.9914 48.4109 50.0631 46.3686 49.6875 47.2828 50.5532 51.1397 5.7907 10.8547 9.2552 17.3768 5.6182 8.1296 9.0861 8.7998 7.3248 13.0389 7.1103 8.2852 13.7046 8.4390 8.3446 6.5742 5.1182 4.9297 11.4744 9.2627 4.8509 12.1937 7.1230 7.2078 9.7508 10.3370 4.5627 8.9993 9.4756 5.4087 12.0158 20.5382 13.0435 15.3455 15.2697 9.3255 18.7115 11.1896 12.8969 13.8450 16.9700 17.5256 10.0571 16.1760 14.3062 12.2764 9.0888 15.6564 13.7649 19.4886 19.3650 11.0564 13.0782 13.8406 11.6263 12.6825 13.8717 15.8652 9.2820 20.8831 34.2639 38.0711 36.2681 38.7733 36.2517 38.4288 39.2375 35.5958 38.1823 36.2846 39.4325 33.6171 29.3667 30.0853 34.3617 34.4730 38.0986 34.4726 32.0355 43.6075 38.3736 33.6049 38.5526 33.7316 33.4104 35.8538 29.5054 36.1988 40.1906 33.6239
2.5648 3.5309 3.3766 2.7856 1.8504 0.0000 6.4912 4.8012 1.5029 11.8453 3.4906 0.9460 3.2159 3.2985 7.3748 2.6293 5.5910 1.5325 5.4309 4.1133 3.3282 1.5125 2.3935 4.3084 4.3721 2.8874 6.7578 6.0762 2.1035 2.0747 47.4391 47.8827 46.8422 48.5130 50.1908 52.1112 46.8462 50.2807 44.7400 43.8573 45.0554 47.9484 47.4692 46.6096 51.5177 49.8792 48.1755 50.2346 48.3268 48.8535 45.6416 45.7900 45.5002 48.8401 50.5519 46.8773 50.1275 47.7859 50.9824 51.5690 5.7974 11.2946 9.8482 17.8686 5.7140 8.5736 9.7036 9.4174 7.9236 13.5282 7.7278 8.8909 14.3221 9.0434 8.9368 6.9913 5.4134 5.5973 12.0676 9.7007 5.4684 12.6945 7.6588 7.8254 10.3683 10.9217 4.4737 9.6168 9.8578 5.2535 12.4987 21.0197 13.6516 16.0122 15.8623 9.8046 19.1407 11.8791 13.5935 14.4531 17.5570 18.0470 10.7585 16.7129 14.8682 12.6260 9.1551 16.2679 14.3730 19.8989 19.7753 11.6778 13.6114 14.4655 12.0668 13.2188 14.4332 16.4827 9.8698 21.3162 34.6933 38.5715 36.7685 39.2737 36.7161 38.9292 39.7379 36.0789 38.6827 36.7774 39.8617 34.1175 29.8671 30.5472 34.8621 34.9734 38.5278 34.9018 32.5359 44.0367 38.8740 34.0462 39.0530 34.2320 33.8646 36.3542 30.0058 36.6280 40.6198 34.1243
4.0682 9.6263 3.1803 3.9928 6.0352 6.4912 0.0000 5.3682 5.6578 5.7188 3.4145 6.1354 9.6376 6.7635 1.5517 4.0949 7.7134 5.4626 2.8121 2.5495 3.3847 7.1095 6.9939 6.9648 2.3649 3.6588 1.9087 10.9213 5.1220 6.2511 41.5531 41.9967 40.9562 42.6270 44.2818 46.0851 40.9602 44.3126 38.8540 37.9712 39.1694 42.0624 41.5832 40.7236 45.6046 43.9932 42.2895 44.2592 42.4407 42.9602 39.7556 39.8856 39.6142 42.9133 44.6659 40.9913 44.2414 41.8998 44.9931 45.5921 2.5774 4.8830 4.5921 11.5362 1.8144 2.3259 4.2962 4.4147 2.6828 7.4897 3.5267 2.6922 7.8398 2.6099 2.6611 1.5113 2.8086 3.1263 5.5853 4.1307 2.0810 6.3621 1.4956 1.8765 3.9066 4.4353 2.5692 3.7344 4.1522 2.2506 6.2705 14.8936 7.5634 9.9646 9.4848 5.3295 13.2143 6.5029 7.5975 8.3113 11.5484 11.7358 6.5916 10.5845 9.6484 6.4832 6.5429 10.1625 8.3578 13.7919 13.6535 6.1407 7.5161 8.4030 6.3138 8.2348 8.1535 10.1108 4.3978 15.1468 28.6433 32.4680 30.6650 33.1702 30.6311 32.8257 33.6344 29.9754 32.5792 30.6738 33.8119 28.0140 23.8534 24.4647 28.7586 28.8699 32.4781 28.8521 26.4324 37.9869 32.7705 27.9843 32.9494 28.1452 27.8266 30.2506 23.9023 30.5782 34.5700 28.0667
3.4136 5.1229 3.6185 4.5930 5.0440 4.8012 5.3682 0.0000 5.0666 10.4225 3.2477 4.9161 5.2376 2.9840 5.8229 6.0807 3.0546 3.9474 4.0894 4.7599 3.2906 4.1897 5.0294 2.4142 4.5831 4.1495 4.9228 6.2590 3.2954 2.9582 45.8848 46.3284 45.2879 46.9586 48.6135 50.5279 45.2918 48.6975 43.1857 42.3029 43.5010 46.3940 45.9149 45.0553 49.9363 48.3249 46.6212 48.6514 46.7724 47.2919 44.0872 44.2172 43.9458 47.2568 48.9975 45.3230 48.5731 46.2315 49.3992 49.9857 4.5803 9.5698 7.9402 16.1042 4.7793 6.7961 7.7746 7.4883 6.0002 11.7663 5.7987 6.9618 12.3930 7.1143 7.0336 5.3106 3.6683 3.5478 10.1497 7.9837 3.9032 10.9286 5.8715 6.1351 8.4392 9.0154 3.2963 7.6878 8.1577 4.9845 10.7421 19.3113 11.8216 14.2187 13.9670 8.1430 17.5574 10.0855 11.7662 12.5983 15.8345 16.2315 8.9649 14.9440 13.0296 11.0064 7.3102 14.4418 12.5049 18.2585 18.1229 9.8164 11.8497 12.6571 10.4283 11.3933 12.5936 14.5537 8.1102 19.6410 33.1099 36.9085 35.1055 37.6108 35.0976 37.2743 38.0750 34.4159 37.0249 35.1306 38.2785 32.4545 28.2041 28.9313 33.1992 33.3104 36.9446 33.3186 30.8730 42.4534 37.2111 32.4509 37.3900 32.5691 32.2563 34.6912 28.3429 35.0448 39.0365 32.4614
1.9639 4.3575 2.5252 2.3811 2.2095 1.5029 5.6578 5.0666 0.0000 10.9919 3.2269 1.9520 4.2487 3.5059 6.4289 2.1082 6.0907 2.2426 4.5900 3.2947 3.3265 2.3465 3.4026 4.4745 3.3757 2.4560 5.7606 6.6996 2.8589 2.3755 46.3164 46.7600 45.7194 47.3902 49.0983 51.0187 45.7234 49.1883 43.6173 42.7345 43.9326 46.8441 46.3465 45.4869 50.4253 48.7795 47.0527 49.1422 47.2040 47.7611 44.5188 44.7000 44.3774 47.7476 49.4291 45.7546 49.0243 46.6631 49.8900 50.4765 5.0265 10.3889 8.9229 16.8993 4.8210 7.5181 8.6667 8.4066 6.9792 12.5614 6.9518 7.9401 13.3019 8.0947 8.0162 6.2143 4.7186 5.5876 11.0778 8.8548 4.4356 11.7172 6.7610 6.8352 9.3457 9.9601 4.1330 8.5803 8.9716 4.3738 11.4000 19.9689 12.5643 14.8857 14.8066 8.7284 18.0713 10.7526 12.5112 13.3665 16.4367 16.9332 9.6320 15.6065 13.7820 11.5350 8.4082 15.1780 13.2857 18.8154 18.7137 10.6347 12.5081 13.3693 11.0099 12.1377 13.3459 15.4459 8.7890 20.2654 33.6337 37.5118 35.7088 38.2141 35.6565 37.8696 38.6783 35.0266 37.6231 35.7177 38.7693 33.0579 28.8074 29.4875 33.8025 33.9138 37.4354 33.8094 31.4763 42.9443 37.8144 32.9865 37.9933 33.1724 32.8050 35.2945 28.9462 35.5356 39.5273 33.0647
9.5994 15.1283 8.7450 9.6161 11.6704 11.8453 5.7188 10.4225 10.9919 0.0000 9.1296 11.4319 14.9601 12.2609 5.1961 9.4130 13.3623 11.0290 6.7751 7.8983 8.9435 12.6833 12.4661 12.5010 7.8923 8.9870 5.9459 16.4241 10.6837 11.9027 36.3380 36.7816 35.7411 37.4119 39.0667 40.8700 35.7451 39.0975 33.6389 32.7561 33.9542 36.8473 36.3681 35.5085 40.3895 38.7781 37.0744 39.0441 37.2256 37.7451 34.5405 34.7395 34.3991 37.6982 39.4508 35.7762 39.0263 36.6847 39.7780 40.3770 6.1123 3.3263 5.3857 6.1061 6.2389 3.9176 4.9782 4.9765 5.4350 4.8085 6.6448 4.6350 5.3235 4.4861 4.4046 5.2172 7.7569 7.7125 3.7397 4.5987 7.2068 2.7398 4.7174 5.3074 4.2968 3.5449 7.6943 5.1897 3.8069 6.7883 3.2839 9.7962 7.3624 6.9624 6.3687 6.5732 9.0406 7.9142 7.5144 5.7786 10.0210 8.0033 8.0362 7.1330 9.5506 4.2687 8.5213 8.6354 7.5418 8.6690 8.6706 6.4323 5.9504 6.8362 5.3068 7.7756 6.0024 7.1828 5.8395 9.9590 23.2852 27.1223 25.3387 27.9277 25.2670 27.4863 28.2888 24.6297 27.2622 25.3839 28.3619 22.7208 18.7427 19.1568 23.5121 23.5496 27.0338 23.4073 21.2906 32.5369 27.4966 22.5970 27.6038 23.0344 22.6871 25.0252 18.7723 25.2087 29.1200 22.9560
1.6642 6.5543 1.3147 1.7553 2.9440 3.4906 3.4145 3.2477 3.2269 9.1296 0.0000 3.1196 6.6193 3.6583 4.0137 3.2348 4.9172 2.3938 3.5409 2.1251 1.2101 4.0370 3.9605 3.7286 1.8123 1.6358 3.4397 7.8173 1.9888 3.0312 44.3759 44.8195 43.7790 45.4498 47.1125 49.0329 43.7830 47.2024 41.6768 40.7941 41.9922 44.8852 44.4060 43.5464 48.4394 46.8160 45.1123 47.1563 45.2636 45.7830 42.5784 42.7084 42.4370 45.7618 47.4887 43.8141 47.0643 44.7227 47.9041 48.4906 3.3054 8.1893 6.3722 14.5556 3.0565 5.4647 6.2185 5.9424 4.4418 10.2169 4.2427 5.4058 10.8370 5.5583 5.4648 3.9489 2.2140 2.4001 8.5914 6.6446 2.1633 9.3816 4.4361 4.3460 6.8832 7.5089 1.9740 6.1318 6.8438 2.9264 9.4065 17.8163 10.2752 12.6585 12.4275 6.6506 16.0624 8.5376 10.1895 11.0519 14.3167 14.7251 7.4048 13.5118 11.5167 9.6891 6.2807 12.9046 10.9917 16.7634 16.6256 8.2700 10.3978 11.1299 8.9940 9.8893 11.0781 12.9977 6.5947 18.1437 31.6148 35.3803 33.5773 36.0825 33.6026 35.7793 36.5467 32.8877 35.5298 33.6356 36.7834 30.9263 26.6759 27.4362 31.6741 31.7822 35.4495 31.8235 29.3447 40.9584 35.6828 30.9558 35.8923 31.0408 30.7613 33.1630 26.8146 33.5497 37.5415 30.9331
2.5576 4.2091 3.0170 2.4287 2.1773 0.9460 6.1354 4.9161 1.9520 11.4319 3.1196 0.0000 3.8846 3.4161 7.0093 2.3616 5.7090 1.3511 4.8511 3.7477 2.9605 2.1312 2.3004 4.4386 4.0353 2.5349 6.3903 6.0711 1.9295 2.3099 46.9579 47.4015 46.3610 48.0318 49.6994 51.6198 46.3650 49.7894 44.2623 43.3761 44.5742 47.4672 46.9880 46.1284 51.0264 49.3980 47.6943 49.7433 47.8456 48.3650 45.1670 45.3778 45.0190 48.3487 50.0707 46.3961 49.6463 47.3047 50.4911 51.0776 5.4530 10.9292 9.4841 17.5141 5.3260 8.1639 9.3381 9.0518 7.5581 13.1737 7.3623 8.5254 13.9566 8.6779 8.5713 6.6352 5.0476 5.3550 11.7033 9.3450 5.1029 12.3400 7.2983 7.4598 10.0028 10.5659 4.1176 9.2513 9.5020 4.6701 12.0322 20.5818 13.2039 15.5822 15.4780 9.3599 18.7085 11.4491 13.2468 14.0372 17.1339 17.5405 10.3285 16.2381 14.4142 12.1323 8.7983 15.8459 13.9173 19.4042 19.3266 11.3055 13.1397 14.0254 11.6222 12.7700 13.9775 16.1172 9.4658 20.8783 34.2709 38.1491 36.3461 38.8513 36.2937 38.5069 39.3156 35.6815 38.2603 36.3550 39.3704 33.6951 29.4447 30.1248 34.4398 34.5510 38.0606 34.4302 32.1136 43.5454 38.4516 33.6238 38.6306 33.8097 33.4422 35.9318 29.5835 36.1367 40.1284 33.7020
5.6288 0.8930 6.5286 5.8288 4.0743 3.2159 9.6376 5.2376 4.2487 14.9601 6.6193 3.8846 0.0000 3.3200 10.5048 5.7588 4.3590 4.2535 8.6113 7.2482 6.4606 2.6755 2.8039 4.6800 7.4952 6.0071 9.8789 4.6354 4.6564 3.6162 50.3455 50.7891 49.7486 51.4760 53.1930 55.1134 49.7556 53.2830 47.6464 46.7636 47.9618 50.9388 50.4231 49.5160 54.5200 52.8742 51.0860 53.2369 51.2331 51.8558 48.5480 48.7022 48.4066 51.8423 53.4946 49.7837 53.1190 50.7143 53.9847 54.5712 8.9812 14.4340 12.9908 20.9780 8.8186 11.6839 12.8267 12.5405 11.0558 16.6401 10.8509 12.0163 17.4452 12.1700 12.0841 10.1625 8.5725 8.5959 15.2054 12.8471 8.5915 15.7989 10.8005 10.9485 13.4914 14.0680 7.6449 12.7399 13.0042 8.4157 15.6090 24.1171 16.7486 18.9911 18.9785 12.9016 22.1774 14.8243 16.5923 17.5501 20.5423 21.1573 13.7087 19.8040 17.9792 15.7363 12.2454 19.3471 17.4700 22.9905 22.8669 14.7818 16.7100 17.5018 15.1451 16.3349 17.5370 19.6058 12.9668 24.4136 37.7014 41.5796 39.7766 42.2818 39.7242 41.9374 42.7461 39.1747 41.6908 39.7855 42.8640 37.1256 32.8752 33.5553 37.8703 38.0512 41.5301 37.9041 35.5441 47.0390 41.8821 37.0543 42.0611 37.2402 36.8727 39.3623 33.0140 39.6303 43.6220 37.1325
2.9846 3.2195 3.6309 3.4772 3.6075 3.2985 6.7635 2.9840 3.5059 12.2609 3.6583 3.4161 3.3200 0.0000 7.5128 4.7859 2.8473 2.6752 5.8589 4.5516 3.5601 2.5721 2.5803 2.3943 4.6199 3.7353 6.7828 4.3438 2.3388 1.8282 47.4249 47.8685 46.8280 48.5390 50.2560 52.1764 46.8320 50.3459 44.7258 43.8430 45.0411 48.0017 47.4861 46.5954 51.5829 49.9371 48.1613 50.2998 48.3125 48.9187 45.6273 45.7573 45.4860 48.9053 50.5575 46.8631 50.1819 47.7772 51.0476 51.6341 6.3329 11.5434 9.9997 18.0209 6.1359 8.6288 9.7125 9.4402 8.0488 13.6829 7.7366 8.9956 14.3533 9.1132 9.0731 7.3200 5.6338 5.5439 12.1622 9.9933 5.5102 12.8378 7.8853 7.8538 10.3971 11.0986 4.8230 9.6316 10.0966 5.7900 12.5130 21.1129 13.6317 15.9001 15.8550 9.8660 19.2059 11.7470 13.4953 14.4332 17.4750 18.0613 10.6145 16.7145 14.8558 12.7333 9.1377 16.2237 14.3530 20.0137 19.8902 11.6740 13.6140 14.3959 12.1543 13.2182 14.4135 16.4916 9.8596 21.4094 34.7583 38.6151 36.8121 39.3173 36.7597 38.9728 39.7815 36.1705 38.7263 36.8210 39.9269 34.1611 29.9107 30.5908 34.9057 35.0470 38.5930 34.9670 32.5795 44.1019 38.9176 34.0993 39.0966 34.2756 33.9082 36.3978 30.0494 36.6932 40.6850 34.1679
4.9689 10.4551 4.0022 4.7415 6.7851 7.3748 1.5517 5.8229 6.4289 5.1961 4.0137 7.0093 10.5048 7.5128 0.0000 4.9744 8.4910 6.2941 3.2141 3.2746 4.1211 7.9291 7.8417 7.4931 3.2241 4.5440 1.1633 11.7081 5.9151 6.9282 40.5554 40.9990 39.9585 41.6293 43.2842 45.1419 39.9625 43.3149 37.8563 36.9736 38.1717 41.0647 40.5855 39.7259 44.6069 42.9955 41.2918 43.2653 41.4431 41.9625 38.7579 38.8879 38.6165 41.9156 43.6682 39.9936 43.2438 40.9022 44.0131 44.5997 3.1369 4.2183 4.1448 10.6759 2.6667 2.5687 3.5414 3.4598 2.5862 6.5001 3.9236 1.9260 6.9473 1.8424 1.7332 0.9863 3.2457 3.3618 4.7006 4.0621 2.5209 5.5018 1.4208 1.2785 3.1286 3.6055 3.3453 3.5695 3.4166 2.8930 5.4155 13.9275 6.5341 8.8823 8.5011 4.9714 12.2115 5.9144 6.9947 7.2291 10.4896 10.7768 6.0896 9.5790 8.8089 5.7073 6.4592 9.1536 7.1573 12.8724 12.7051 5.2254 6.4681 7.3460 5.2944 7.1852 7.1571 9.1247 3.9133 14.2232 27.7238 31.5249 29.7219 32.2271 29.7116 31.8883 32.6914 29.0323 31.6388 29.7446 32.8924 27.0709 22.8322 23.5452 27.8156 27.9268 31.5585 27.9325 25.4894 37.0674 31.8274 27.0648 32.0064 27.1855 26.8703 29.3076 22.9592 29.6587 33.6505 27.0778
2.7984 5.9877 2.6242 1.9311 2.7336 2.6293 4.0949 6.0807 2.1082 9.4130 3.2348 2.3616 5.7588 4.7859 4.9744 0.0000 7.1725 2.6077 4.4540 1.8928 3.5304 3.6371 3.8495 5.7455 2.6368 2.2388 4.3651 7.7826 3.5480 3.4466 45.0535 45.4971 44.4565 46.1273 47.7822 49.6985 44.4605 47.8681 42.3544 41.4716 42.6697 45.5627 45.0836 44.2240 49.1051 47.4936 45.7898 47.8220 45.9411 46.4606 43.2559 43.4425 43.1145 46.4274 48.1662 44.4917 47.7418 45.4002 48.5698 49.1563 4.3890 8.8887 7.6540 15.4884 4.0789 6.1310 7.3712 7.4693 5.6296 11.1480 6.2287 6.4905 11.9217 6.6431 6.5417 4.6083 4.7147 4.9004 9.6672 7.3045 3.4110 10.3143 5.2584 5.4307 7.9680 8.5254 4.2473 7.2165 7.4615 3.4957 10.0513 18.6041 11.2571 13.6522 13.4431 7.5629 16.7564 9.5191 11.2689 12.0338 15.1894 15.5731 8.9620 14.2806 12.4659 10.1663 8.8992 13.8748 11.9448 17.4451 17.3489 9.3005 11.1895 12.0907 9.6589 11.0303 12.0050 14.0824 7.4733 18.9006 32.3188 36.1970 34.3940 36.8993 34.3417 36.5548 37.3635 33.7044 36.3082 34.4029 37.4490 31.7430 27.4926 28.1727 32.4877 32.5989 36.1151 32.4892 30.1615 41.6240 36.4996 31.6717 36.6785 31.8576 31.4901 33.9797 27.6314 34.2153 38.2071 31.7499
4.9977 4.1031 5.1472 5.4121 5.8376 5.5910 7.7134 3.0546 6.0907 13.3623 4.9172 5.7090 4.3590 2.8473 8.4910 7.1725 0.0000 4.8257 6.9763 5.9400 5.1822 4.7955 4.5115 3.4498 6.4599 5.1508 7.8806 3.2432 4.0689 4.0100 48.7832 49.2268 48.1862 49.8570 51.5672 53.4876 48.1902 51.6571 46.0840 45.2013 46.3994 49.3129 48.8132 47.9536 52.8941 51.2483 49.5195 51.6110 49.6708 50.2299 46.9856 47.1156 46.8442 50.2165 51.8959 48.2214 51.4931 49.1299 52.3588 52.9454 7.4931 12.5519 10.9681 19.1326 7.2321 9.7804 10.8168 10.5305 9.0378 14.7922 8.8410 10.0041 15.4353 10.1566 10.0500 8.2015 6.5286 6.5860 13.1873 10.9808 6.6532 13.9585 8.8689 8.9385 11.4815 12.0504 5.7243 10.7300 11.0973 7.1066 13.7501 22.3058 14.7824 17.1182 16.9921 11.0987 20.5171 12.9850 14.6829 15.5727 18.7452 19.2539 11.8645 17.9095 16.0345 13.9833 10.2769 17.4164 15.4932 21.2565 21.1330 12.7841 14.8080 15.6038 13.3996 14.4108 15.6022 17.5959 11.0586 22.6511 36.0695 39.8708 38.0678 40.5730 38.0573 40.2340 41.0372 37.3782 39.9845 38.0903 41.2381 35.4168 31.1664 31.8909 36.1614 36.2727 39.9042 36.2782 33.8352 45.4131 40.1733 35.4105 40.3523 35.5313 35.2160 37.6535 31.3051 38.0044 41.9962 35.4236
2.1573 4.1854 2.5178 1.9285 1.5283 1.5325 5.4626 3.9474 2.2426 11.0290 2.3938 1.3511 4.2535 2.6752 6.2941 2.6077 4.8257 0.0000 5.0977 3.1680 2.4969 1.7986 1.8511 3.5047 3.3155 2.2087 5.6568 5.9505 1.1455 1.7031 46.4612 46.9048 45.8643 47.5351 49.2079 51.1283 45.8683 49.2979 43.7621 42.8794 44.0775 46.9705 46.4913 45.6317 50.5349 48.9013 47.1976 49.2518 47.3489 47.8707 44.6637 44.7937 44.5223 47.8572 49.5740 45.8994 49.1496 46.8080 49.9996 50.5861 5.1293 10.3113 8.7652 16.7990 4.8394 7.5941 8.5732 8.2869 6.8216 12.4611 6.5974 7.7825 13.1917 7.9370 7.8586 6.0362 4.3470 4.3609 10.9603 8.7114 4.3380 11.6159 6.5681 6.6949 9.2379 9.8229 3.5837 8.4864 8.9095 4.5858 11.4766 19.9730 12.5471 14.9155 14.7683 8.7551 18.1578 10.7824 12.4604 13.3486 16.5267 17.0139 9.6618 15.6693 13.7946 11.6784 8.1699 15.1767 13.2684 18.9132 18.7896 10.5600 12.5678 13.3638 11.0559 12.1708 13.3619 15.3523 8.7652 20.3077 33.7102 37.5277 35.7247 38.2299 35.6980 37.8854 38.6941 35.0351 37.6389 35.7336 38.8789 33.0737 28.8233 29.5317 33.8183 33.9296 37.5450 33.9190 31.4921 43.0538 37.8302 33.0512 38.0092 33.1883 32.8567 35.3104 28.9620 35.6451 39.6369 33.0805
3.3341 8.7765 2.6385 4.5342 6.0908 5.4309 2.8121 4.0894 4.5900 6.7751 3.5409 4.8511 8.6113 5.8589 3.2141 4.4540 6.9763 5.0977 0.0000 3.2078 3.0262 6.2729 6.4835 6.1573 2.8036 3.3651 2.6483 9.7704 4.4129 5.5319 42.6579 43.1015 42.0610 43.7317 45.3866 47.1899 42.0649 45.4173 39.9619 39.0760 40.2741 43.1671 42.6880 41.8284 46.7094 45.0980 43.3943 45.3640 43.5455 44.0650 40.8666 41.0774 40.7189 44.0180 45.7706 42.0961 45.3462 43.0046 46.0979 46.6969 1.2156 6.1626 4.7411 12.8570 1.7307 3.4243 4.6152 4.3671 2.8299 8.5167 3.9434 3.8141 9.2151 3.9680 3.9516 2.5135 2.3994 3.5102 6.9606 4.5786 2.8108 7.6830 2.5715 3.4792 5.2868 5.8105 1.9227 4.5535 4.7360 1.7063 7.3901 16.1042 8.8462 11.2474 10.8044 4.9567 14.3792 7.1143 8.9022 9.6240 12.7825 12.8894 6.0783 11.7944 9.8975 7.5437 5.1664 11.4468 9.4629 14.8906 14.7994 6.9244 8.7292 9.6858 7.2806 8.2429 9.4101 11.4820 5.0395 16.3264 29.7991 33.6773 31.8743 34.3795 31.8219 34.0350 34.8438 31.1998 33.7885 31.8832 34.8989 29.2233 25.0806 25.6530 29.9679 30.0792 33.5888 29.9584 27.6418 39.0739 33.9798 29.1520 34.1588 29.3723 29.0249 31.4600 25.1116 31.6652 35.6570 29.2938
2.3262 7.2475 1.6415 1.7923 3.8220 4.1133 2.5495 4.7599 3.2947 7.8983 2.1251 3.7477 7.2482 4.5516 3.2746 1.8928 5.9400 3.1680 3.2078 0.0000 2.8073 4.8033 4.5925 5.1037 1.9814 1.4273 2.6710 8.6135 2.9214 4.1126 43.5794 44.0230 42.9824 44.6532 46.3081 48.1766 42.9864 46.3462 40.8802 39.9975 41.1956 44.0886 43.6094 42.7498 47.6309 46.0195 44.3157 46.3001 44.4670 44.9865 41.7818 41.9118 41.6404 44.9395 46.6921 43.0176 46.2677 43.9261 47.0479 47.6344 3.0207 7.2396 6.0951 13.8090 2.6753 4.5128 5.7850 5.8831 3.8213 9.4686 4.7172 4.7891 10.2089 4.9424 4.8602 2.9541 3.3162 3.5682 7.9572 5.6428 1.8241 8.6349 3.5522 3.7357 6.2551 6.8198 2.7332 5.5036 5.7825 2.4876 8.4407 16.9940 9.6646 12.0657 11.7640 6.1362 15.2354 7.9581 9.6322 10.4125 13.6386 13.9862 7.5472 12.7030 10.9411 8.6113 7.3048 12.2653 10.3028 15.9071 15.7681 7.6560 9.6087 10.5042 8.0799 9.5244 10.3492 12.3695 5.8390 17.2862 30.7585 34.5994 32.7964 35.3016 32.7463 34.9571 35.7658 32.1068 34.7106 32.8053 35.9271 30.1454 25.8959 26.5799 30.8900 31.0013 34.5932 30.9673 28.5638 40.1021 34.9019 30.0995 35.0809 30.2599 29.9050 32.3821 26.0337 32.6934 36.6852 30.1522
2.0370 6.5429 1.5393 2.3187 3.2984 3.3282 3.3847 3.2906 3.3265 8.9435 1.2101 2.9605 6.4606 3.5601 4.1211 3.5304 5.1822 2.4969 3.0262 2.8073 0.0000 4.0428 4.0268 4.0476 1.6905 2.1617 3.6300 7.6229 2.3939 3.2107 44.5062 44.9498 43.9092 45.5800 47.2349 49.1083 43.9132 47.2778 41.8070 40.9243 42.1224 45.0154 44.5362 43.6766 48.5577 46.9463 45.2425 47.2317 45.3938 45.9133 42.7086 42.8455 42.5672 45.8663 47.6189 43.9444 47.1945 44.8529 47.9795 48.5661 3.0987 8.1140 6.5769 14.7591 2.8665 5.2745 6.4291 6.1429 4.6491 10.4188 4.4533 5.6164 11.0476 5.7689 5.6753 3.9955 2.3544 2.8629 8.7955 6.5965 2.8586 9.5851 4.5215 4.6292 7.0938 7.6656 2.0140 6.3423 6.6806 2.6395 9.2529 17.9517 10.5094 12.9106 12.5798 6.7602 16.1622 8.7775 10.5456 11.2674 14.4540 14.7603 7.6569 13.5267 11.6362 9.4890 6.3658 13.1085 11.1525 16.8388 16.6694 8.5678 10.4324 11.3491 9.0161 9.9764 11.1514 13.2412 6.7790 18.2008 31.6902 35.5571 33.7541 36.2593 33.7017 35.9148 36.7235 33.0645 35.6683 33.7630 36.8588 31.1031 26.8527 27.5328 31.8477 31.9590 35.5249 31.8989 29.5215 41.0338 35.8596 31.0317 36.0386 31.2176 30.8502 33.3398 26.9914 33.6251 37.6169 31.1099
3.1719 2.6395 3.9760 3.2148 1.8548 1.5125 7.1095 4.1897 2.3465 12.6833 4.0370 2.1312 2.6755 2.5721 7.9291 3.6371 4.7955 1.7986 6.2729 4.8033 4.0428 0.0000 2.4598 3.7928 4.9386 3.8698 7.3107 5.3695 2.2174 1.6126 48.0189 48.4624 47.4219 49.1545 50.8715 52.7919 47.4340 50.9614 45.3197 44.4370 45.6351 48.6172 48.1016 47.1893 52.1984 50.5526 48.7644 50.9153 48.9065 49.5342 46.2213 46.3513 46.0799 49.5208 51.1730 47.4571 50.7974 48.3927 51.6631 52.2496 6.7738 11.9473 10.4092 18.5260 6.5243 9.1917 10.2486 9.9623 8.4788 14.1881 8.2727 9.4393 14.8670 9.5930 9.4902 7.5986 5.9696 6.0178 12.6284 10.3647 6.0134 13.3457 8.2279 8.3703 10.9133 11.4910 5.0966 10.1618 10.4865 6.2438 13.1168 21.6857 14.1940 16.4731 16.4221 10.4583 19.8214 12.3153 14.0327 14.9956 18.0848 18.6652 11.1828 17.3136 15.4458 13.3429 9.6691 16.7907 14.9154 20.6233 20.4997 12.2070 14.2178 14.9682 12.7591 13.8220 15.0113 17.0277 10.4277 22.0178 35.3738 39.1939 37.3909 39.8961 37.3616 39.5516 40.3603 36.7434 39.3051 37.3997 40.5424 34.7399 30.4894 31.1952 35.4845 35.6198 39.2085 35.5825 33.1583 44.7174 39.4964 34.7148 39.6753 34.8544 34.5203 36.9765 30.6282 37.3087 41.3005 34.7467
3.8744 3.1312 3.9876 3.2260 2.5723 2.3935 6.9939 5.0294 3.4026 12.4661 3.9605 2.3004 2.8039 2.5803 7.8417 3.8495 4.5115 1.8511 6.4835 4.5925 4.0268 2.4598 0.0000 4.5532 5.0366 3.5198 7.2055 5.1155 2.3101 3.1195 47.7638 48.2074 47.1669 48.8997 50.6167 52.5371 47.1792 50.7066 45.0647 44.1819 45.3800 48.3624 47.8468 46.9343 51.9436 50.2978 48.5097 50.6606 48.6514 49.2794 45.9662 46.0962 45.8248 49.2660 50.9182 47.2020 50.5427 48.1380 51.4084 51.9949 6.4950 11.8184 10.3320 18.3581 6.2664 9.0731 10.1409 9.8547 8.3883 14.0202 8.1651 9.3492 14.7600 9.5038 9.4253 7.5353 5.9137 5.9202 12.5357 10.2307 5.9057 13.1750 8.1308 8.2627 10.8056 11.3983 5.1256 10.0542 10.3613 5.9444 12.9887 21.5054 14.0904 16.3296 16.3170 10.2565 19.6069 12.1602 13.9098 14.8919 17.9052 18.5370 11.0504 17.1870 15.3177 13.1395 9.7182 16.6856 14.8117 20.4200 20.2964 12.1033 14.0896 14.8403 12.5573 13.6939 14.8831 16.9201 10.3085 21.8145 35.1190 38.9620 37.1590 39.6643 37.1068 39.3198 40.1285 36.5630 39.0733 37.1679 40.2876 34.5081 30.2576 30.9404 35.2527 35.4395 38.9548 35.3278 32.9265 44.4626 39.2646 34.4600 39.4435 34.6226 34.2655 36.7447 30.3964 37.0539 41.0457 34.5149
3.5476 4.5568 4.1206 4.1662 4.6220 4.3084 6.9648 2.4142 4.4745 12.5010 3.7286 4.4386 4.6800 2.3943 7.4931 5.7455 3.4498 3.5047 6.1573 5.1037 4.0476 3.7928 4.5532 0.0000 5.1341 4.3864 6.8833 4.3925 3.2029 2.6285 47.5632 48.0068 46.9663 48.6474 50.3644 52.2848 46.9703 50.4543 44.8641 43.9814 45.1795 48.1101 47.5944 46.7337 51.6913 50.0455 48.2996 50.4082 48.4509 49.0271 45.7657 45.8957 45.6243 49.0137 50.6760 47.0014 50.2903 47.9100 51.1560 51.7425 6.6372 11.6631 9.8553 17.9470 6.4822 8.9130 9.6536 9.3837 7.9116 13.6091 7.6778 8.8725 14.2781 9.0270 8.9486 7.4374 5.5126 5.4435 12.0538 10.0940 5.5582 12.7639 7.8478 7.7874 10.3219 10.9826 4.9008 9.5668 10.3142 6.2391 12.7823 21.1554 13.6448 15.9299 15.8689 9.9452 19.3142 11.7891 13.4517 14.4463 17.5821 18.1525 10.6686 16.9004 14.9331 13.0386 9.1122 16.2408 14.3886 20.1062 19.9826 11.6578 13.7807 14.4439 12.3304 13.3093 14.4986 16.4327 9.8819 21.5007 34.8667 38.6462 36.8432 39.3485 36.8545 39.0312 39.8127 36.1857 38.7817 36.8874 40.0353 34.1922 29.9418 30.6881 34.9369 35.0622 38.7014 35.0754 32.6107 44.2103 38.9488 34.2077 39.1442 34.3068 34.0132 36.4289 30.0806 36.8016 40.7933 34.1991
1.9673 7.4537 1.4516 2.5384 3.8082 4.3721 2.3649 4.5831 3.3757 7.8923 1.8123 4.0353 7.4952 4.6199 3.2241 2.6368 6.4599 3.3155 2.8036 1.9814 1.6905 4.9386 5.0366 5.1341 0.0000 2.1767 2.7631 8.7318 3.3211 4.0773 43.5222 43.9658 42.9252 44.5960 46.2509 48.0550 42.9292 46.2816 40.8231 39.9403 41.1384 44.0314 43.5523 42.6927 47.5737 45.9623 44.2585 46.2283 44.4098 44.9293 41.7246 41.8546 41.5832 44.8823 46.6349 42.9604 46.2105 43.8689 46.9622 47.5612 2.7272 7.1285 5.6111 13.6125 1.8956 4.3384 5.3603 5.1229 3.8173 9.3160 4.4948 4.6299 9.9500 4.7887 4.7334 3.0704 2.6036 3.5843 7.7660 5.5241 2.3413 8.4879 3.4399 3.7257 6.0450 6.6191 2.4684 5.2547 5.7584 1.9597 8.2457 16.8887 9.5739 11.9751 11.5216 5.7837 15.1782 7.8867 9.5348 10.3218 13.5419 13.7622 6.8670 12.5781 10.6329 8.4973 6.6050 12.1730 10.1906 15.7855 15.6316 7.5653 9.5097 10.4135 8.0448 8.9935 10.1558 12.1557 5.7458 17.1363 30.6369 34.4785 32.6755 35.1807 32.6247 34.8362 35.6449 31.9859 34.5897 32.6844 35.8055 30.0245 25.8394 26.4583 30.7691 30.8804 34.4716 30.8457 28.4429 39.9805 34.7810 29.9779 34.9600 30.1390 29.7956 32.2612 25.9128 32.5718 36.5636 30.0527
1.6751 6.2306 1.4079 1.6677 3.0529 2.8874 3.6588 4.1495 2.4560 8.9870 1.6358 2.5349 6.0071 3.7353 4.5440 2.2388 5.1508 2.2087 3.3651 1.4273 2.1617 3.8698 3.5198 4.3864 2.1767 0.0000 3.9206 7.5599 1.9032 3.4174 44.6645 45.1081 44.0675 45.7383 47.3932 49.2721 44.0715 47.4417 41.9654 41.0826 42.2807 45.1737 44.6946 43.8350 48.7160 47.1046 45.4008 47.3956 45.5521 46.0716 42.8669 43.0220 42.7255 46.0246 47.7772 44.1027 47.3528 45.0112 48.1434 48.7299 3.0184 8.4446 7.0380 14.9887 2.8353 5.6981 6.8247 6.5499 5.0943 10.6508 5.0182 6.0572 11.4432 6.2106 6.1313 4.2097 2.8751 3.7200 9.1991 6.8408 2.6196 9.8139 4.8021 4.9981 7.4894 8.0617 2.4157 6.7379 7.0117 2.6451 9.6337 18.1501 10.8568 13.2580 12.9934 6.9573 16.3206 9.1249 10.8293 11.6047 14.7931 15.1715 8.0043 13.8615 12.0114 9.7566 7.0239 13.4559 11.5162 17.0217 16.8992 8.8515 10.7672 11.6965 9.2083 10.3554 11.5764 13.6038 7.0417 18.4455 31.8609 35.7391 33.9361 36.4413 33.8837 36.0968 36.9055 33.2465 35.8503 33.9449 37.0227 31.2851 27.0346 27.7147 32.0297 32.1410 35.6888 32.0628 29.7035 41.1976 36.0416 31.2137 36.2205 31.3996 31.0322 33.5217 27.1734 33.7890 37.7807 31.2919
4.3500 9.8293 3.3892 4.1142 6.1582 6.7578 1.9087 4.9228 5.7606 5.9459 3.4397 6.3903 9.8789 6.7828 1.1633 4.3651 7.8806 5.6568 2.6483 2.6710 3.6300 7.3107 7.2055 6.8833 2.7631 3.9206 0.0000 11.0813 5.2904 6.3008 41.1198 41.5634 40.5229 42.1937 43.8485 45.7292 40.5269 43.8987 38.4207 37.5379 38.7360 41.6291 41.1499 40.2903 45.1713 43.5599 41.8562 43.8526 42.0074 42.5269 39.3222 39.4522 39.1809 42.4800 44.2326 40.5580 43.8081 41.4665 44.6004 45.1869 2.5044 4.9401 3.7645 11.3328 2.2970 2.5702 3.1579 3.2560 1.9962 6.9860 3.2837 2.3663 7.5705 2.3577 2.3428 0.9681 2.5157 2.4562 5.4283 3.7711 1.7879 6.1472 1.4502 1.4298 3.6143 4.3664 2.8474 3.2284 3.6049 2.4682 5.9810 14.5126 7.0250 9.4261 9.1115 4.4001 12.7759 5.7258 7.2397 7.7729 11.0463 11.3746 5.5481 10.1163 8.4781 6.2810 5.6354 9.6322 7.6773 13.4597 13.2902 5.0918 7.0221 7.8646 5.6238 6.9597 7.7311 9.7269 3.4699 14.8105 28.3111 32.1111 30.3081 32.8133 30.2989 32.4756 33.2775 29.6185 32.2261 30.3318 33.4797 27.6571 23.4067 24.1325 28.4017 28.5130 32.1458 28.5198 26.0755 37.6547 32.4136 27.6521 32.5926 27.7716 27.4576 29.8938 23.5454 30.2460 34.2378 27.6639
7.0169 4.5926 7.7410 7.0416 6.6322 6.0762 10.9213 6.2590 6.6996 16.4241 7.8173 6.0711 4.6354 4.3438 11.7081 7.7826 3.2432 5.9505 9.7704 8.6135 7.6229 5.3695 5.1155 4.3925 8.7318 7.5599 11.0813 0.0000 6.0234 5.2901 51.6697 52.1133 51.0728 52.8209 54.5379 56.4582 51.1004 54.6278 48.9706 48.0878 49.2860 52.2836 51.7679 50.8402 55.8648 54.2190 52.4308 54.5817 52.5574 53.2006 49.8722 50.0200 49.7308 53.1871 54.8394 51.1079 54.4638 52.0591 55.3295 55.9160 10.4042 15.6864 14.1895 22.3165 10.2891 12.8623 14.0291 13.7429 12.2592 17.9786 12.0533 13.2196 18.6476 13.3733 13.2705 11.4131 9.7500 9.7983 16.4087 14.1523 9.7972 17.1365 12.0443 12.1509 14.6938 15.2713 8.9130 13.9423 14.2556 9.7447 16.7910 25.4177 17.9131 20.1870 20.1690 14.1634 23.4877 16.0265 17.8028 18.7150 21.7454 22.3291 14.8940 20.9749 19.1445 17.0171 13.4470 20.5124 18.6345 24.2975 24.1739 15.9833 17.8818 18.6821 16.4448 17.5003 18.7023 20.8082 14.1633 25.7142 39.0402 42.9180 41.1150 43.6202 41.0626 43.2757 44.0844 40.4753 43.0292 41.1238 44.2088 38.4640 34.2135 34.8936 39.2086 39.3518 42.8749 39.2489 36.8824 48.3838 43.2205 38.3926 43.3994 38.5785 38.2111 40.7006 34.3523 40.9751 44.9668 38.4708
1.8930 4.5880 2.1655 2.1354 2.1719 2.1035 5.1220 3.2954 2.8589 10.6837 1.9888 1.9295 4.6564 2.3388 5.9151 3.5480 4.0689 1.1455 4.4129 2.9214 2.3939 2.2174 2.3101 3.2029 3.3211 1.9032 5.2904 6.0234 0.0000 2.0504 46.0117 46.4553 45.4148 47.0891 48.8061 50.7265 45.4188 48.8960 43.3126 42.4299 43.6280 46.5518 46.0418 45.1822 50.1330 48.4872 46.7481 48.8499 46.8994 47.4688 44.2142 44.3442 44.0728 47.4554 49.1245 45.4499 48.7320 46.3585 49.5977 50.1842 4.7840 9.9427 8.3610 16.4142 4.4944 7.2671 8.1941 7.9167 6.4306 12.0763 6.2183 7.3911 12.8126 7.5448 7.4420 5.6523 3.9236 3.9633 10.5802 8.3487 3.9589 11.2311 6.1881 6.3203 8.8588 9.4428 3.1157 8.1074 8.5689 4.2407 11.1506 19.6038 12.1813 14.4589 14.4018 8.3971 17.7560 10.3258 11.9912 12.9828 16.0829 16.6600 9.2052 15.3160 13.4406 11.3477 7.6487 14.7705 12.9027 18.5546 18.4310 10.1942 12.2145 12.9549 10.6979 11.8169 13.0087 14.9733 8.3995 19.9491 33.3084 37.1133 35.3103 37.8156 35.2962 37.4729 38.2798 34.6595 37.2246 35.3292 38.4770 32.6594 28.4089 29.1298 33.4040 33.5360 37.1431 33.5171 31.0778 42.6520 37.4159 32.6494 37.5948 32.7739 32.4549 34.8960 28.5477 35.2433 39.2351 32.6662
2.3993 3.5392 3.1956 2.6908 2.1501 2.0747 6.2511 2.9582 2.3755 11.9027 3.0312 2.3099 3.6162 1.8282 6.9282 3.4466 4.0100 1.7031 5.5319 4.1126 3.2107 1.6126 3.1195 2.6285 4.0773 3.4174 6.3008 5.2901 2.0504 0.0000 47.1925 47.6361 46.5956 48.2663 49.9600 51.8804 46.5995 50.0500 44.4934 43.6106 44.8087 47.7058 47.2226 46.3630 51.2870 49.6412 47.9289 50.0039 48.0801 48.6228 45.3949 45.5249 45.2535 48.6093 50.3052 46.6307 49.8860 47.5392 50.7517 51.3382 6.0367 11.0494 9.3878 17.5126 5.7556 8.3047 9.2193 8.9330 7.4575 13.1747 7.2434 8.4179 13.8377 8.5717 8.4771 6.7945 5.0033 4.9885 11.6070 9.4786 4.9851 12.3295 7.3131 7.3410 9.8840 10.5103 4.2595 9.1325 9.6962 5.5130 12.1945 20.6906 13.2062 15.5585 15.4075 9.4841 18.9099 11.4253 13.1103 13.9885 17.1911 17.6753 10.3048 16.3320 14.4559 12.4551 8.6948 15.8398 13.9151 19.6414 19.5179 11.2010 13.2377 14.0308 11.7849 12.8322 14.0241 15.9984 9.4459 21.0359 34.4623 38.2576 36.4546 38.9598 36.4501 38.6268 39.4240 35.7650 38.3773 36.4831 39.6310 33.8036 29.5532 30.2838 34.5482 34.6595 38.2971 34.6711 32.2220 43.8059 38.5601 33.8033 38.7398 33.9181 33.6088 36.0403 29.6919 36.3972 40.3890 33.8104
45.1553 50.4913 44.2653 44.9278 46.9304 47.4391 41.5531 45.8848 46.3164 36.3380 44.3759 46.9579 50.3455 47.4249 40.5554 45.0535 48.7832 46.4612 42.6579 43.5794 44.5062 48.0189 47.7638 47.5632 43.5222 44.6645 41.1198 51.6697 46.0117 47.1925 0.0000 2.3356 1.6283 2.4027 4.1633 5.4137 1.3408 4.5173 3.1302 4.4946 3.0837 2.5945 1.6078 1.9134 5.4716 2.8857 1.0516 3.4071 2.4485 2.8592 3.9142 3.1204 2.8762 1.9568 3.9008 1.8617 5.0406 3.0212 5.0149 5.0622 42.1908 37.0861 38.6569 30.5302 42.2719 39.5032 38.6367 38.8334 40.2947 34.8145 40.5911 39.3908 34.2660 39.2408 39.2419 40.9819 42.8070 42.5889 36.3591 38.6210 42.3592 35.4807 40.4366 40.1719 37.8944 37.4927 43.5084 38.7481 38.3131 42.8357 35.4196 26.7262 34.4166 32.0472 32.3614 37.8753 28.3439 35.9973 34.7796 33.5330 30.3740 30.0676 37.2078 31.1545 33.1716 35.2780 38.7370 31.7310 33.6536 27.7879 28.0066 36.3660 34.1810 33.3440 35.5259 34.7061 33.6268 31.9150 37.8774 26.4877 13.7305 10.6473 12.1497 9.5840 12.2644 10.1566 9.8572 13.3811 10.1309 11.6124 9.2488 14.6012 18.1231 17.4259 13.4692 13.8377 10.2239 13.4391 15.6524 7.0551 10.1509 14.3182 9.9798 13.5705 13.9140 12.3685 17.9616 11.7817 8.4315 14.1476
45.5989 50.9349 44.7089 45.3714 47.3740 47.8827 41.9967 46.3284 46.7600 36.7816 44.8195 47.4015 50.7891 47.8685 40.9990 45.4971 49.2268 46.9048 43.1015 44.0230 44.9498 48.4624 48.2074 48.0068 43.9658 45.1081 41.5634 52.1133 46.4553 47.6361 2.3356 0.0000 3.5664 2.3006 3.4751 4.9201 1.8916 3.8742 4.6823 6.0870 4.5975 1.9672 2.5032 2.1574 4.1774 3.9273 1.8720 3.9028 0.8383 2.4277 5.5216 4.6620 4.0605 3.5466 2.7981 1.9397 3.6097 1.8326 3.9829 4.2624 42.6344 37.5297 39.1842 31.1675 42.7155 39.9468 39.0803 39.2770 40.7383 35.5022 41.0347 39.8344 34.8458 39.6844 39.6855 41.4255 43.2505 43.0325 36.8306 39.0646 42.8028 35.9693 40.8802 40.6155 38.3380 37.9504 43.9519 39.2133 38.7567 43.2792 35.8632 27.1930 34.8602 32.4908 32.9130 38.3189 28.7875 36.4409 35.3829 34.0026 30.8176 30.5112 37.6514 31.5981 33.6368 35.7216 39.1806 32.1932 34.0972 28.2315 28.4970 36.8133 34.6246 33.7876 35.9695 35.1497 34.0703 32.4862 38.3209 27.0517 14.5321 12.0645 13.1933 10.7459 13.2231 11.1434 11.3043 14.7327 11.1350 12.4139 10.1744 15.5154 19.2964 18.2283 14.2808 14.6673 11.0688 14.2407 16.4646 8.7807 11.5164 15.1197 10.9623 14.3946 14.6613 13.4168 18.7098 12.5832 8.8070 14.9845
44.5584 49.8944 43.6684 44.3309 46.3335 46.8422 40.9562 45.2879 45.7194 35.7411 43.7790 46.3610 49.7486 46.8280 39.9585 44.4565 48.1862 45.8643 42.0610 42.9824 43.9092 47.4219 47.1669 46.9663 42.9252 44.0675 40.5229 51.0728 45.4148 46.5956 1.6283 3.5664 0.0000 3.6612 5.4419 6.7493 2.5710 5.8850 2.7606 3.6311 3.0752 4.0185 2.9019 2.7681 6.6160 3.5382 2.3825 4.6694 3.6039 4.1085 3.5339 2.6104 2.8742 3.2497 5.0369 2.8890 6.1737 4.3829 6.3312 6.3371 41.5939 36.4892 38.0600 29.9332 41.6750 38.9063 38.0398 38.2365 39.6978 34.2176 39.9941 38.7938 33.6691 38.6439 38.6450 40.3850 42.2100 41.9919 35.7622 38.0240 41.7622 34.8838 39.8397 39.5750 37.2975 36.8958 42.9114 38.1512 37.7162 42.2387 34.8226 26.1292 33.8197 31.4503 31.7645 37.2784 27.7470 35.4004 34.1827 32.9361 29.7771 29.4707 36.6109 30.5575 32.5747 34.6811 38.1401 31.1341 33.0566 27.1910 27.4097 35.7691 33.5841 32.7471 34.9290 34.1092 33.0298 31.3180 37.2804 25.8908 13.3294 10.2055 11.7696 9.1829 11.8849 9.7554 9.4138 13.0222 9.7297 11.2112 8.8477 14.2000 17.5606 17.0664 13.0680 13.4365 9.8315 13.0380 15.2030 6.9122 9.7497 13.9170 9.5787 13.1764 13.5171 11.9673 17.5363 11.5045 8.2040 13.6661
46.2292 51.5997 45.3391 46.0374 48.0446 48.5130 42.6270 46.9586 47.3902 37.4119 45.4498 48.0318 51.4760 48.5390 41.6293 46.1273 49.8570 47.5351 43.7317 44.6532 45.5800 49.1545 48.8997 48.6474 44.5960 45.7383 42.1937 52.8209 47.0891 48.2663 2.4027 2.3006 3.6612 0.0000 2.2912 3.8287 2.3494 2.5183 5.0862 6.4464 5.1541 1.3255 2.7065 2.6971 3.4161 3.0637 1.9040 2.2064 2.0373 1.8446 5.8618 5.2647 5.0099 1.6971 2.3277 2.8467 3.1169 2.0185 3.1410 3.2307 43.2647 38.1600 39.7308 31.6497 43.3458 40.5771 39.7106 39.9073 41.3685 35.9844 41.6649 40.4646 35.3399 40.3147 40.3157 42.0558 43.8808 43.6627 37.4329 39.6948 43.4330 36.5545 41.5105 41.2457 38.9683 38.5666 44.5822 39.8220 39.3869 43.9095 36.4934 27.8000 35.4905 33.1265 33.4353 38.9492 29.4178 37.0945 35.8707 34.6069 31.4503 31.1415 38.3169 32.2283 34.2455 36.3519 39.8109 32.8049 34.7274 28.8617 29.0805 37.4398 35.2549 34.4178 36.5998 35.7799 34.7006 32.9888 38.9512 27.5616 15.0307 12.4683 13.5980 11.1497 13.6416 11.5619 11.6738 15.1365 11.5535 12.9125 10.5928 15.9338 19.7639 18.7719 14.8243 15.1524 11.5241 14.7393 17.0082 7.5269 11.9202 15.6183 11.3808 14.9346 15.2134 13.8775 19.2580 13.0818 9.2718 15.5033
