0.0000 2.9468 3.7615 3.2158 2.2274 4.5655 4.2405 5.3156 3.2346 3.2688 3.0365 4.1074 4.4411 7.2386 5.2377 4.4193 3.0359 2.8410 4.4734 4.0458 3.4595 3.5640 3.1611 4.2458 4.0181 3.1672 6.6438 3.0575 2.8780 2.8210 96.7973 97.5818 97.0280 95.1837 96.6306 97.5884 94.4370 96.1276 93.9845 95.4953 95.8382 93.6214 94.7492 97.2446 99.9856 97.7406 96.4522 97.7252 98.8392 96.0342 93.0100 95.4443 97.2596 94.2487 101.3485 96.3131 98.6036 96.3554 97.1668 99.3684 1.4608 5.9630 7.2764 11.4775 4.4544 6.5787 8.3652 9.2775 5.2803 11.2485 9.5164 5.0031 11.8759 6.5993 5.7915 2.9343 3.4549 4.8876 7.6090 4.3536 4.9513 8.5293 4.8257 6.9539 7.7630 6.3988 3.0107 8.6873 4.9077 2.8804 15.4131 31.2684 27.8092 28.8453 23.5887 17.1386 32.6659 27.7158 18.7837 21.8600 34.8604 28.5463 25.0868 26.1368 28.4159 15.0429 17.4449 28.2987 24.3333 29.3715 29.6587 19.5973 24.7676 24.3089 21.8997 25.0973 22.6969 22.2609 17.8658 27.1479 53.9141 58.2377 56.2074 60.9577 52.5398 55.4106 56.3097 52.5667 56.6528 54.3118 55.9410 50.8551 55.0400 49.3706 50.8433 48.2060 56.3504 51.2988 54.7820 61.2842 58.3812 51.1290 56.1408 57.6807 55.3164 56.0037 49.9697 57.7054 59.1336 59.0481
2.9468 0.0000 4.1802 3.7508 3.2811 2.2981 4.6275 5.3271 4.1181 5.1567 4.6542 1.7634 2.1713 6.9892 6.4252 2.3303 3.4098 1.5687 4.5699 3.1432 5.2872 2.4211 1.1802 4.9352 5.0154 1.5759 7.8011 2.8698 2.1875 3.8960 99.0167 99.7529 99.1424 97.3290 98.7765 99.8050 96.6005 98.3467 96.1669 97.6764 98.0124 95.8260 96.9569 99.4186 102.1160 99.9133 98.6242 99.9965 100.9876 98.1926 95.1177 97.5382 99.4620 96.4256 103.4942 98.4940 100.7163 98.5631 99.3971 101.5704 2.5597 7.1769 8.9391 13.2005 5.1641 8.0791 10.4913 11.4362 6.6751 13.3001 11.6985 6.9542 13.9182 8.6190 7.5984 4.5565 5.3220 6.5744 9.7420 6.3585 5.9745 10.7244 5.4973 9.1464 9.7598 8.2279 3.4368 11.0041 7.0312 2.2545 17.6016 33.2422 29.7056 30.5710 25.3550 18.6103 34.1224 29.0603 21.1214 23.9845 36.0082 29.8875 26.8611 27.8848 30.2804 16.9920 19.7968 29.6917 26.2858 30.7123 31.6723 22.0166 26.2448 25.8765 23.5757 26.7951 24.6343 24.2186 19.4996 28.9054 56.1471 60.4868 58.5258 63.2280 54.7364 57.6878 58.6070 54.8632 59.0078 56.6228 58.2050 53.0632 57.2287 51.6311 53.0943 50.5732 58.7041 53.5096 57.0893 63.5805 60.6699 53.4557 58.3720 59.8535 57.5817 58.3865 52.1236 59.8155 61.2328 61.3781
3.7615 4.1802 0.0000 2.5920 4.2034 5.1633 3.4689 3.3524 3.3246 2.9735 3.6751 4.9838 5.8737 4.6507 3.0717 4.2281 3.3063 3.1101 2.2021 2.4519 3.0295 4.0436 4.7113 2.4520 2.7279 3.6101 4.0284 2.3833 2.6578 2.5640 95.4673 96.2529 95.4606 93.6784 95.1196 96.2575 92.9980 94.7641 92.5513 94.0736 94.3918 92.3089 93.3392 95.8019 98.4922 96.2852 95.0121 96.4659 97.4219 94.5407 91.4877 93.8647 95.9035 92.7753 99.8977 94.9296 97.0998 95.0156 95.8694 97.9960 3.3166 4.2032 6.4016 9.3710 3.5338 4.3056 7.4361 9.0968 3.3321 9.8772 8.8529 4.3609 10.4105 5.6006 4.8612 3.8301 4.3280 3.8464 6.8750 4.4861 2.6695 7.6563 2.4951 6.2639 6.6681 5.1876 3.7322 7.9739 4.4887 2.6425 14.7620 30.1151 26.3634 27.1338 21.8611 15.5262 30.5571 26.0165 18.1140 20.7321 32.5845 26.5626 23.7609 24.7193 27.1486 14.3518 17.1811 26.2600 22.8679 27.2470 28.6054 19.1235 22.9168 22.4178 20.1345 23.5102 21.1865 20.6983 16.2495 25.2711 52.9510 57.0438 55.2310 59.9663 51.3730 54.3168 55.3993 51.4445 55.6870 53.3716 54.8505 49.6441 53.9922 48.5476 49.6230 47.2797 55.4051 50.2450 53.8413 60.2017 57.2492 50.4044 55.0558 56.6293 54.3930 55.0670 48.7492 56.3804 57.9745 58.0291
3.2158 3.7508 2.5920 0.0000 2.9564 5.1447 1.9276 3.2726 4.5055 3.1217 2.3414 4.4943 5.4404 6.3262 3.7474 4.3115 1.6112 2.9097 3.4589 3.4003 3.0060 2.9765 3.9474 3.9682 2.8764 3.8309 5.2547 2.9316 3.1814 3.1027 96.4343 97.3364 96.4828 94.7135 96.1129 97.2260 93.9812 95.7633 93.5649 95.0973 95.4511 93.3932 94.3196 96.8506 99.4988 97.2636 96.0331 97.3877 98.4902 95.5749 92.5421 94.9225 96.9477 93.7410 100.9611 95.9728 98.1682 96.0909 96.8954 98.9626 2.7314 4.0959 5.7747 10.3894 5.0167 5.4492 7.4450 8.4517 3.8231 10.1434 8.5250 4.0066 10.9646 5.5688 4.4345 2.5863 3.0104 3.6552 6.7533 3.5399 4.4153 7.9437 3.1125 6.5309 6.6967 5.1915 2.1684 8.2297 4.5129 2.5097 15.8626 31.5644 27.8501 28.6993 23.3768 17.3117 32.2440 27.9101 18.9502 21.8805 34.5549 28.4162 25.2942 26.3387 28.5115 15.7655 18.0552 27.9943 24.3388 29.1541 30.0018 19.7501 24.6853 24.1962 21.7864 25.1579 22.5649 21.9062 18.0128 26.8459 53.9845 57.8605 56.1224 60.7967 52.3883 55.1659 56.2496 52.1404 56.4922 54.2451 55.8039 50.5446 55.0760 49.6016 50.5250 48.0210 56.2923 51.3491 54.7358 61.0763 58.0134 51.3791 55.9984 57.7736 55.2488 55.8539 49.8871 57.5326 59.1659 58.8506
2.2274 3.2811 4.2034 2.9564 0.0000 5.2681 3.9473 4.9542 4.5297 3.8677 2.5318 4.4814 4.6072 7.7133 5.5843 4.6450 2.2945 3.4694 5.1244 4.4556 3.9183 2.9807 3.3216 5.0606 3.5693 3.9233 6.7229 4.0518 3.4836 4.0683 97.2489 98.0900 97.4615 95.6620 97.0863 98.0518 94.8995 96.5968 94.4659 95.9881 96.3079 94.1656 95.1898 97.6483 100.4805 98.1648 96.9206 98.1605 99.3451 96.4484 93.4930 95.8775 97.7434 94.6767 101.8606 96.8594 99.1295 96.9237 97.6673 99.8013 1.9594 5.4598 6.4983 11.6400 5.8171 6.8966 8.3543 8.7196 5.4520 11.3498 9.3636 4.9494 11.8971 6.6904 5.4142 3.0742 2.9042 5.2050 7.3626 4.0377 5.9404 8.9224 4.7288 7.5068 7.5330 6.2829 2.6206 8.9340 5.5029 3.0667 16.2857 32.2659 28.6782 29.5103 24.4181 17.8683 33.2531 28.9262 19.3184 22.5638 35.6213 29.5030 26.2005 27.1976 29.4918 16.2324 18.2012 29.0769 25.0040 30.2729 30.6692 19.8809 25.7866 25.1119 22.5890 26.1608 23.2166 22.6737 18.7664 27.8457 54.4533 58.5836 56.7011 61.4392 52.9897 55.8660 56.7775 52.9692 57.1031 54.8830 56.4519 51.2500 55.6576 50.0258 51.2483 48.5818 56.9173 51.8868 55.2739 61.7893 58.7340 51.7040 56.6216 58.4099 55.9934 56.4616 50.5836 58.3277 59.8861 59.4589
4.5655 2.2981 5.1633 5.1447 5.2681 0.0000 5.9845 6.0772 5.1078 6.5275 6.4458 1.8898 2.4402 6.8025 7.5652 2.1648 5.0716 2.6345 5.0926 3.5068 6.7580 3.7729 2.6692 5.4251 6.4021 2.3209 8.8502 3.7046 3.2539 4.9893 99.9950 100.6848 100.0735 98.2370 99.6798 100.7803 97.5416 99.2814 97.0805 98.6080 98.9560 96.7400 97.9068 100.3879 102.9894 100.8781 99.5371 101.0111 101.8851 99.1453 96.0242 98.4548 100.3948 97.4023 104.3732 99.3767 101.5788 99.4387 100.3404 102.5429 4.3992 8.4976 10.5657 14.2483 5.3795 9.1298 11.9224 13.1998 7.9309 14.5905 13.2384 8.4763 15.1841 10.0055 9.1367 6.1509 7.0848 7.8529 11.2459 8.0608 6.5476 12.0134 6.5075 10.3769 11.2810 9.6772 5.0486 12.4229 8.3431 3.3680 18.5654 33.9101 30.3139 31.0048 25.9047 19.1016 34.4941 29.2328 22.2698 24.8740 36.2139 30.2358 27.3538 28.3040 30.6693 17.5929 20.8779 29.8731 27.0400 30.9690 32.2687 23.2838 26.5302 26.3314 24.1357 27.2150 25.4169 25.0454 19.9822 29.5578 57.0348 61.5048 59.5375 64.1960 55.6717 58.6899 59.6159 55.9460 60.0745 57.5767 59.2279 54.0704 58.0619 52.5108 54.1322 51.7588 59.6868 54.4227 58.0405 64.5650 61.7992 54.3843 59.3878 60.6487 58.4386 59.5138 52.9956 60.6120 61.9398 62.4730
4.2405 4.6275 3.4689 1.9276 3.9473 5.9845 0.0000 3.6506 5.5317 3.7700 2.7633 5.1405 6.3493 7.1289 3.8218 5.0953 2.0883 3.8355 3.9283 4.2997 3.4863 3.4309 4.7358 5.0392 3.9393 4.7521 5.6134 3.6277 4.3955 3.8861 96.5191 97.5207 96.5380 94.7967 96.1842 97.3267 94.0542 95.8458 93.6667 95.1806 95.5332 93.5553 94.3999 96.9466 99.5899 97.3314 96.1393 97.4650 98.6318 95.6503 92.6224 94.9938 97.0728 93.7592 101.0914 96.0891 98.2721 96.2292 97.0451 99.0540 3.7071 4.2251 5.6049 10.5130 6.1547 5.7978 7.5169 8.3613 3.9093 9.9689 8.4437 4.0851 11.0818 5.5032 4.4267 2.7541 3.2715 3.5818 6.8876 3.7876 5.0993 8.1733 3.5949 6.9228 6.7525 5.1032 2.0849 8.4221 4.9670 3.5247 16.4574 31.9959 28.3409 29.3173 23.8573 18.1705 32.7617 28.3927 19.4453 22.3977 34.9890 28.7915 25.7336 26.9248 29.0356 16.5306 18.6209 28.6315 24.8760 29.6076 30.5634 20.2298 25.2509 24.7765 22.3905 25.6446 23.1401 22.4334 18.7148 27.2432 54.4686 58.1597 56.4395 61.1188 52.8070 55.4303 56.6034 52.2442 56.7594 54.5067 56.0464 50.8316 55.5226 50.1149 50.7075 48.2165 56.5232 51.7950 55.1154 61.3155 58.1444 51.8908 56.3438 58.1576 55.5029 56.0103 50.2338 57.8967 59.6420 59.0716
5.3156 5.3271 3.3524 3.2726 4.9542 6.0772 3.6506 0.0000 5.9123 4.2893 4.4921 5.7390 6.7977 4.4391 4.5578 4.7032 3.6949 4.4260 3.8425 3.8017 4.8647 4.0596 5.7315 3.8332 3.0502 5.2195 4.8398 4.3427 4.4630 4.8576 96.3888 97.3097 96.3611 94.6219 95.9351 97.2272 93.9285 95.6214 93.4167 95.0273 95.3176 93.3377 94.1588 96.6473 99.3470 97.1360 95.8968 97.3315 98.4620 95.3608 92.4489 94.7639 96.8230 93.6015 100.8497 95.8959 98.0779 96.0208 96.8137 98.8930 4.8673 3.6385 6.0122 9.7573 5.6212 5.6208 8.1474 9.3368 4.5588 10.2628 9.3539 5.1985 10.6370 6.2854 5.0796 4.7723 4.7309 4.9589 7.0202 5.2007 4.6640 8.8404 2.0339 7.4288 7.1444 5.7760 4.1856 9.0074 5.9233 3.4233 16.4632 31.7761 27.7228 27.7593 23.2423 16.6449 30.9700 27.6075 19.3502 22.0144 33.9917 27.8555 25.3780 26.2909 28.4526 16.3246 18.7899 26.8469 24.0256 28.4497 30.1662 19.9396 24.3872 23.6133 21.0055 25.0112 22.0369 21.2620 17.8057 26.3848 53.8987 57.6801 56.0715 60.8580 52.0919 55.0869 56.3734 52.2003 56.6028 54.2336 55.9008 50.4764 55.0005 49.6821 50.4959 48.1424 56.3125 51.2706 54.6277 61.0187 58.0301 51.4544 56.0991 57.8871 55.3638 55.9547 49.9362 57.4537 59.0951 59.0023
3.2346 4.1181 3.3246 4.5055 4.5297 5.1078 5.5317 5.9123 0.0000 3.8200 4.8594 4.9942 5.6014 6.2132 4.7992 4.8837 4.7792 3.5361 4.0909 3.8851 4.0767 5.2301 4.6937 3.6080 4.6518 3.4630 5.8074 2.8089 3.0052 2.4269 95.7277 96.3593 95.8439 93.9882 95.5220 96.5192 93.3422 95.0955 92.8488 94.3575 94.6453 92.4064 93.6420 96.1226 98.8332 96.6726 95.3350 96.7235 97.6863 94.9067 91.7986 94.2689 96.1528 93.1329 100.1956 95.1838 97.3865 95.1718 96.0559 98.2757 3.3096 6.4221 8.1074 10.7466 3.1206 5.8036 8.6389 10.1398 5.2328 11.0935 9.8757 5.6385 11.4709 6.9640 6.5646 4.9380 5.3776 5.4777 8.1703 5.6898 3.6958 8.5069 5.0256 6.8685 7.9955 6.8272 4.9235 8.6505 5.3273 3.8627 14.0827 29.4985 26.0053 27.3632 21.7723 15.1862 30.8812 25.2922 17.7344 20.5188 32.6096 26.1356 23.0542 24.1751 26.8731 13.3829 16.5435 26.5497 22.8103 27.0681 28.0125 19.1706 22.6871 22.2602 20.1677 23.0513 21.3302 21.1378 15.8804 25.3132 52.9140 57.2797 55.1303 60.0998 51.4208 54.4456 55.4626 51.7025 55.7115 53.2614 54.7355 49.7975 53.8477 48.1789 49.7515 47.3004 55.3440 49.9410 53.8603 60.2920 57.3931 50.0865 55.0606 56.3641 54.2595 55.0415 48.6122 56.3224 57.6440 58.1066
3.2688 5.1567 2.9735 3.1217 3.8677 6.5275 3.7700 4.2893 3.8200 0.0000 2.9270 6.2037 6.8894 6.1269 3.1734 5.9035 3.5365 4.3473 3.6450 4.5522 2.0902 4.8994 5.5181 3.2782 2.9404 4.8582 4.2405 3.6541 3.9843 2.7236 94.4103 95.2714 94.5559 92.7545 94.1343 95.2195 92.0269 93.7148 91.5302 93.0868 93.4140 91.2880 92.2912 94.8126 97.4988 95.2942 94.0459 95.3446 96.4935 93.5652 90.5775 93.0004 94.8767 91.7470 98.9734 93.9210 96.1597 94.0078 94.8064 96.9535 3.2462 3.7238 5.1799 8.8010 4.1073 4.2077 5.9803 7.3552 2.9619 8.5404 7.2477 3.0626 9.0897 4.1939 3.5547 2.8757 2.8386 2.9964 5.2425 3.0207 3.2913 6.4008 3.2783 4.5692 5.2222 4.2759 3.7114 6.3134 2.8853 3.8934 13.5030 29.3129 25.5933 26.6201 21.3255 15.2667 30.3262 25.8727 16.7042 19.6601 32.8495 26.4903 23.1226 24.1450 26.3527 13.6052 15.7904 26.0515 22.0996 27.2292 27.7256 17.5835 22.6393 22.1497 19.6622 23.0517 20.4045 19.8305 15.8682 24.7635 51.8293 55.8454 53.9051 58.7665 50.1966 53.0291 54.1991 50.1245 54.4063 52.0154 53.5943 48.4514 52.8508 47.3409 48.3838 45.8947 54.0505 49.0993 52.5404 58.9367 55.9921 49.1139 53.9308 55.5083 53.0385 53.6892 47.6856 55.3819 56.9654 56.7603
3.0365 4.6542 3.6751 2.3414 2.5318 6.4458 2.7633 4.4921 4.8594 2.9270 0.0000 5.6961 6.3365 7.6249 4.0583 5.6790 2.2505 4.1748 4.6099 4.8219 2.4933 3.8950 4.7726 4.8426 3.0935 4.9962 5.5057 4.1268 4.3066 3.6681 95.6053 96.5347 95.7781 93.9962 95.4070 96.4181 93.2181 94.9395 92.8336 94.3385 94.6807 92.6061 93.5509 96.0404 98.8296 96.4925 95.2738 96.5160 97.7416 94.8178 91.8216 94.2109 96.1462 92.9833 100.2311 95.2267 97.4909 95.3226 96.0881 98.1682 2.8198 4.0392 4.8908 9.9618 5.8339 5.3776 6.4649 7.1007 3.7978 9.3915 7.4522 2.9912 10.2705 4.6976 3.5372 1.8301 1.6045 3.2146 5.6881 2.1981 5.1047 7.1176 3.8296 5.9378 5.7654 4.2295 2.4248 7.2130 3.8589 3.7407 15.2108 31.0185 27.5067 28.4245 23.1815 17.2179 32.1476 27.9238 18.1198 21.2899 34.6178 28.3790 25.0323 26.1036 28.2578 15.3119 17.0935 28.0576 23.8344 29.1765 29.5225 18.6324 24.7223 24.0523 21.5303 24.9522 22.0555 21.4206 17.8536 26.5383 53.1746 57.1253 55.3160 59.9760 51.6922 54.3980 55.3641 51.3333 55.6105 53.4467 55.0267 49.8346 54.3760 48.8124 49.7581 47.0943 55.4320 50.6352 53.9241 60.2746 57.1636 50.5224 55.2214 57.0979 54.5596 54.9176 49.2323 56.9469 58.6242 57.9563
4.1074 1.7634 4.9838 4.4943 4.4814 1.8898 5.1405 5.7390 4.9942 6.2037 5.6961 0.0000 2.4819 7.3398 7.0943 1.9490 4.2022 2.2423 5.1552 3.5485 6.2901 2.8608 1.9741 5.7771 6.0245 2.1824 8.5348 3.3607 3.2633 4.7663 100.1033 100.8480 100.1675 98.3441 99.8020 100.8952 97.6589 99.4189 97.2047 98.7236 99.0369 96.8870 97.9944 100.4978 103.1504 100.9708 99.6801 101.0736 102.0669 99.2339 96.1615 98.5812 100.5455 97.4550 104.5494 99.5493 101.7509 99.6003 100.4755 102.6410 3.9111 7.9489 9.8257 14.0903 5.9772 8.9057 11.5504 12.5182 7.5142 14.1726 12.6733 7.8761 14.9182 9.5255 8.5273 5.5141 6.3002 7.4061 10.8036 7.3874 6.6123 11.7442 6.1293 10.1826 10.8230 9.1147 4.1019 12.0858 8.0929 3.0580 18.6662 34.1892 30.5925 31.4862 26.2301 19.5276 34.8943 29.6828 22.2163 25.0537 36.6802 30.4757 27.5856 28.7545 31.2024 17.9635 20.9983 30.4701 27.3251 31.3580 32.6304 23.2925 27.0418 26.7037 24.5048 27.5749 25.6857 25.2707 20.4036 29.7968 57.3125 61.5776 59.6046 64.3878 55.8509 58.7875 59.7791 55.9368 60.1148 57.7013 59.2839 54.1781 58.3466 52.7538 54.1646 51.6966 59.8077 54.5686 58.2286 64.6646 61.7429 54.6078 59.5185 60.9513 58.6295 59.4729 53.1810 60.8555 62.2332 62.5169
4.4411 2.1713 5.8737 5.4404 4.6072 2.4402 6.3493 6.7977 5.6014 6.8894 6.3365 2.4819 0.0000 8.0916 8.3001 3.1585 4.9787 3.3091 6.0539 4.4636 7.0716 3.6838 1.9581 6.4339 6.5370 2.9323 9.4776 4.6503 3.6234 5.7206 100.4765 101.1414 100.6230 98.8129 100.2511 101.2421 98.0595 99.8001 97.6388 99.1414 99.4958 97.2397 98.4531 100.8727 103.5766 101.3677 100.0603 101.4606 102.3745 99.6691 96.5815 98.9861 100.8898 97.9439 104.9130 99.9111 102.1510 99.9909 100.8346 103.0299 4.1828 8.8587 10.6150 14.8713 6.3841 9.7891 12.1370 12.9781 8.4529 15.0998 13.3860 8.7254 15.6129 10.3949 9.3418 6.1792 6.9064 8.3279 11.3872 7.9792 7.6791 12.3317 7.1888 10.7902 11.4361 9.9902 5.1229 12.6491 8.7082 3.8210 18.9728 34.5935 31.0892 31.8222 26.7290 19.7683 35.4445 30.3639 22.5740 25.3793 37.1411 31.3229 28.3080 29.1687 31.5210 18.2071 21.0412 30.8991 27.6107 32.0675 32.9649 23.3354 27.4865 27.2119 24.8992 28.1875 25.9688 25.5802 20.7368 30.3617 57.3817 61.9128 59.9556 64.5273 56.0755 59.1023 59.8808 56.3575 60.4223 58.0426 59.6259 54.4414 58.4935 52.8867 54.5573 52.0368 60.1398 54.8710 58.4024 65.0165 62.1887 54.6665 59.6910 61.1154 58.9618 59.8959 53.4664 61.1599 62.5352 62.7771
7.2386 6.9892 4.6507 6.3262 7.7133 6.8025 7.1289 4.4391 6.2132 6.1269 7.6249 7.3398 8.0916 0.0000 6.2602 5.8899 6.9951 6.0628 4.5934 4.6466 6.9488 6.8985 7.6514 3.6455 5.2804 6.2758 5.5773 5.6421 5.4478 6.0742 95.4831 96.1564 95.3652 93.5797 94.9279 96.3048 92.9768 94.6584 92.3718 94.0025 94.2731 92.1709 93.1970 95.6334 98.2448 96.1912 94.8616 96.4910 97.3534 94.3444 91.3858 93.7284 95.7425 92.7213 99.7068 94.7767 96.9150 94.8611 95.7496 97.9560 6.9732 6.3972 8.9433 9.7297 4.6866 6.2875 9.8205 11.8682 6.4380 11.5177 11.4236 7.7486 11.2437 8.3138 7.7595 7.6535 7.8997 7.2631 9.0469 8.0642 4.5553 10.0098 4.4709 8.5382 9.0418 8.0643 7.4039 10.2940 7.5546 5.4074 15.5601 30.0446 25.8549 25.4662 21.3748 14.1335 28.4873 24.9087 18.9081 20.8309 31.2886 25.3999 23.5019 24.0554 26.4736 14.7556 18.2621 24.0967 22.2738 25.7816 28.3494 19.8021 21.8244 21.1893 18.8047 22.8450 20.3936 19.9192 15.5250 24.4850 52.6844 56.8714 55.1476 59.9913 50.8737 54.2476 55.5031 51.7228 55.8763 53.3431 54.9643 49.5579 53.6139 48.3822 49.6858 47.6628 55.4251 49.9473 53.6267 60.1251 57.5186 50.2904 55.1129 56.4295 54.4081 55.3663 48.6447 56.0393 57.4782 58.3162
5.2377 6.4252 3.0717 3.7474 5.5843 7.5652 3.8218 4.5578 4.7992 3.1734 4.0583 7.0943 8.3001 6.2602 0.0000 6.6615 4.5666 5.3377 4.0494 5.0308 2.5109 5.8988 6.8503 4.2657 3.9885 5.8526 3.1960 4.3727 5.1823 3.5945 93.6089 94.5311 93.6018 91.7970 93.2627 94.4516 91.1483 92.9533 90.7082 92.2311 92.5063 90.5661 91.4543 93.9886 96.6593 94.4661 93.2131 94.5837 95.6891 92.6995 89.6633 92.0419 94.1335 90.8609 98.1732 93.1714 95.3151 93.2465 94.0580 96.1368 4.9954 3.4213 4.9376 7.8037 5.1755 3.2604 5.6093 7.4506 1.8680 7.4652 6.8413 3.0037 8.5871 3.6600 3.4405 4.1273 4.2453 2.6145 5.3301 3.7936 2.8183 5.9173 3.3789 4.7032 4.9656 3.5419 4.6457 6.1918 3.5685 5.0119 13.4731 28.7544 24.9398 26.2587 20.5980 15.1837 29.6395 25.0619 16.5704 19.3188 31.7611 25.4273 22.2928 23.6341 26.0446 13.6369 16.0844 25.5032 21.6878 26.2007 27.3227 17.8237 21.9444 21.4414 19.2492 22.3303 20.1060 19.5377 15.4633 23.8969 51.6120 55.3304 53.5365 58.4060 49.8954 52.6066 53.8937 49.5379 53.9630 51.6581 53.1092 48.0492 52.6336 47.1391 47.8328 45.4514 53.6779 48.7130 52.3420 58.4607 55.3466 49.0754 53.4840 55.1987 52.7083 53.1744 47.1738 54.8130 56.5383 56.2582
4.4193 2.3303 4.2281 4.3115 4.6450 2.1648 5.0953 4.7032 4.8837 5.9035 5.6790 1.9490 3.1585 5.8899 6.6615 0.0000 4.2320 2.3402 4.4890 2.4199 6.1332 2.7347 2.8172 4.7983 5.2554 2.3134 7.6580 3.2828 2.7947 4.7760 99.5038 100.2221 99.5069 97.6823 99.1278 100.2988 97.0372 98.7558 96.5453 98.0932 98.3774 96.2486 97.3332 99.7900 102.4963 100.3015 99.0034 100.4451 101.4262 98.5102 95.5159 97.8944 99.8735 96.8174 103.8776 98.8964 101.0959 98.9767 99.8452 102.0101 4.0923 7.2788 9.4113 13.2234 5.3830 8.1746 11.1889 12.3755 7.0612 13.7182 12.4713 7.6207 14.2319 9.1488 8.1011 5.6435 6.2938 7.2024 10.3294 7.2269 5.9212 11.4539 5.1191 9.9513 10.3750 8.6635 4.2856 11.7880 7.9445 2.4682 18.3446 33.7093 29.9362 30.4207 25.4987 18.5560 33.7212 29.0255 21.8454 24.5119 35.6566 29.7011 27.1344 28.1370 30.6294 17.6138 20.7502 29.3580 26.4947 30.4165 32.1245 22.7513 26.2767 25.7770 23.5336 26.9426 24.7866 24.3745 19.5932 28.9536 56.6898 60.9669 59.0531 63.8706 55.1662 58.2426 59.2590 55.4615 59.5955 57.2343 58.7951 53.5927 57.7420 52.2307 53.5860 51.2499 59.2829 53.9940 57.6510 64.1228 61.2701 54.0798 58.9884 60.4064 58.2320 59.0230 52.6211 60.2477 61.6828 62.0196
3.0359 3.4098 3.3063 1.6112 2.2945 5.0716 2.0883 3.6949 4.7792 3.5365 2.2505 4.2022 4.9787 6.9951 4.5666 4.2320 0.0000 2.9256 3.8791 3.7269 3.4715 2.3670 3.5011 4.6595 3.2676 3.7783 5.9497 3.2453 3.3408 3.6185 97.1048 98.0136 97.1958 95.4483 96.8238 97.9138 94.6873 96.4314 94.2754 95.8027 96.1384 94.0656 95.0105 97.5086 100.2297 97.9552 96.7312 98.0491 99.1951 96.2550 93.2555 95.6213 97.6242 94.4221 101.6778 96.6726 98.8896 96.7898 97.5792 99.6392 2.4498 4.5843 6.0339 11.0760 5.6568 6.1711 7.9752 8.6492 4.4495 10.7745 9.0055 4.3885 11.5786 6.0907 4.8442 2.4978 2.8275 4.2200 7.1798 3.7272 5.2562 8.5820 3.7431 7.2156 7.1317 5.6473 1.5319 8.7653 5.1743 2.4356 16.5108 32.3052 28.6425 29.4940 24.2056 18.0327 33.0747 28.7505 19.5857 22.6319 35.3073 29.2442 26.1211 27.1690 29.3566 16.4763 18.5839 28.8732 25.0548 29.9998 30.7848 20.2385 25.5540 25.0282 22.5585 26.0180 23.2845 22.6336 18.7745 27.6605 54.6648 58.5870 56.7923 61.4894 53.0840 55.8453 56.8951 52.8095 57.1528 54.9040 56.4550 51.2227 55.7647 50.2914 51.1659 48.6374 56.9473 52.0539 55.3929 61.7672 58.6684 51.9937 56.6972 58.4617 55.9358 56.4921 50.5676 58.2784 59.9530 59.4871
2.8410 1.5687 3.1101 2.9097 3.4694 2.6345 3.8355 4.4260 3.5361 4.3473 4.1748 2.2423 3.3091 6.0628 5.3377 2.3402 2.9256 0.0000 3.4307 2.3327 4.4836 2.5206 2.1357 3.9903 4.2971 1.5734 6.7716 1.7223 1.6864 2.9594 98.0626 98.8258 98.1407 96.3431 97.7743 98.8614 95.6226 97.3842 95.1894 96.7053 97.0452 94.8823 95.9826 98.4717 101.1105 98.9407 97.6463 99.0645 100.0441 97.2276 94.1244 96.5468 98.5164 95.4333 102.5221 97.5263 99.7268 97.6019 98.4621 100.6185 2.4518 6.2709 8.2356 12.1599 4.3077 6.9999 9.6188 10.8423 5.6654 12.3067 10.8731 6.1220 12.9734 7.6946 6.8026 4.0093 4.8928 5.5761 8.9743 5.7246 4.8150 9.7961 4.5255 8.2201 8.9230 7.3448 3.0668 10.1588 6.1393 1.5386 16.8116 32.3474 28.7594 29.6393 24.3510 17.8114 33.1416 28.0994 20.3288 23.0875 35.0688 28.8931 25.9002 26.9482 29.3040 16.1968 19.0997 28.7004 25.4064 29.7036 30.8000 21.3292 25.2508 24.9233 22.6373 25.7935 23.7536 23.2954 18.6003 27.8982 55.3300 59.5776 57.6494 62.3578 53.8642 56.7725 57.7717 53.9057 58.1274 55.7094 57.3009 52.1576 56.3600 50.8252 52.1685 49.7067 57.8102 52.6509 56.2281 62.6555 59.7420 52.6683 57.5095 58.9849 56.6481 57.5008 51.2103 58.8674 60.3174 60.5067
4.4734 4.5699 2.2021 3.4589 5.1244 5.0926 3.9283 3.8425 4.0909 3.6450 4.6099 5.1552 6.0539 4.5934 4.0494 4.4890 3.8791 3.4307 0.0000 2.6564 3.9699 4.4923 5.0847 2.8901 3.8378 4.0175 4.7765 2.6164 3.2602 3.1611 95.6662 96.4384 95.6306 93.8726 95.2520 96.4608 93.1695 94.9205 92.7202 94.2432 94.5864 92.4561 93.5184 96.0214 98.6051 96.4426 95.1706 96.6748 97.5987 94.7112 91.6452 94.0518 96.0677 92.9374 100.0444 95.0273 97.1946 95.1423 96.0789 98.1694 4.1054 5.0756 7.3269 9.7636 3.5337 4.7888 7.9542 9.8515 3.9834 10.4328 9.5070 5.1545 10.9558 6.1625 5.6909 4.2722 5.1274 4.2634 7.6971 5.2867 3.2068 8.2384 3.3883 6.7798 7.3654 5.9394 4.1568 8.5925 5.1297 3.1534 15.1764 30.3498 26.6429 27.3317 22.0252 15.9341 30.8130 26.1473 18.7234 21.1008 32.5531 26.8100 24.0841 24.8765 27.1454 14.6627 17.5827 26.4077 23.1530 27.3987 28.8713 19.6501 22.9553 22.6816 20.4547 23.7007 21.5086 21.0574 16.4533 25.5771 53.3135 57.4598 55.5897 60.2679 51.7150 54.6252 55.6704 51.6893 55.9958 53.6217 55.1090 49.8907 54.1909 48.8910 49.8381 47.6831 55.6309 50.6279 54.1215 60.4743 57.6380 50.6747 55.4192 56.7246 54.5381 55.4144 48.9432 56.5883 58.2502 58.3203
4.0458 3.1432 2.4519 3.4003 4.4556 3.5068 4.2997 3.8017 3.8851 4.5522 4.8219 3.5485 4.4636 4.6466 5.0308 2.4199 3.7269 2.3327 2.6564 0.0000 4.7544 3.2014 3.7391 3.2551 3.9463 2.6548 5.7292 2.4036 2.0548 3.6298 97.4078 98.1178 97.3685 95.5649 96.9962 98.2069 94.9155 96.6631 94.4394 95.9730 96.2619 94.1576 95.2248 97.6765 100.3758 98.1793 96.8985 98.3546 99.3072 96.3837 93.3889 95.7567 97.7696 94.7068 101.7724 96.7850 98.9530 96.8859 97.7683 99.8939 3.6559 5.8219 8.1147 11.2489 3.9625 6.1607 9.4525 10.9513 5.2689 11.9721 10.8879 6.1649 12.4047 7.5353 6.6573 4.8289 5.4369 5.6441 8.8333 6.0183 4.1665 9.7726 3.6969 8.3274 8.6884 7.0848 3.8987 10.0946 6.4701 2.0673 16.6377 31.8734 28.0454 28.5931 23.5023 16.8640 31.9541 27.3705 20.1043 22.6341 33.6378 27.9659 25.4403 26.3271 28.8142 15.9639 19.0735 27.6177 24.5336 28.5686 30.3416 21.0412 24.3794 23.8839 21.7004 25.1340 22.8631 22.4767 17.6779 26.9765 54.8464 59.0494 57.2077 61.9686 53.2790 56.3558 57.3416 53.5029 57.6572 55.3640 56.8289 51.6116 55.8494 50.4225 51.5686 49.3401 57.3644 52.1258 55.7811 62.2089 59.3338 52.2424 57.0446 58.4362 56.3758 57.1205 50.6436 58.2429 59.8205 60.0154
3.4595 5.2872 3.0295 3.0060 3.9183 6.7580 3.4863 4.8647 4.0767 2.0902 2.4933 6.2901 7.0716 6.9488 2.5109 6.1332 3.4715 4.4836 3.9699 4.7544 0.0000 4.9731 5.6159 4.0420 3.4202 4.9895 4.3572 3.8831 4.3087 2.8152 94.2509 95.1469 94.3863 92.5682 94.0093 95.0648 91.8397 93.5767 91.4173 92.9309 93.2455 91.1840 92.1804 94.6730 97.4070 95.1555 93.8943 95.1924 96.3214 93.4296 90.4102 92.8077 94.7593 91.6167 98.8333 93.8083 96.0379 93.9021 94.6765 96.8058 3.4356 3.8621 5.0863 8.8104 4.7328 4.0383 5.6006 7.0743 2.4989 8.2646 6.9005 2.4123 9.2789 3.6956 3.2624 2.4040 2.7089 2.1918 5.2371 2.4326 3.4220 5.8308 3.7561 4.5362 5.1083 3.6072 3.5467 6.1151 2.6921 4.1708 13.5738 29.3049 25.6889 26.9862 21.4030 15.7916 30.7609 26.0882 16.8029 19.7577 32.8356 26.7003 23.1403 24.3076 26.5783 13.6934 15.8352 26.4767 22.2597 27.4062 27.7836 17.7013 22.8296 22.4008 20.0585 23.1946 20.6923 20.1373 16.0900 24.8920 51.8904 55.9197 54.0178 58.7609 50.4139 53.1092 54.1617 50.0933 54.3675 52.1282 53.6536 48.5863 53.0183 47.4467 48.4247 45.9074 54.1184 49.2388 52.6871 58.9758 55.9679 49.2636 53.9238 55.6075 53.1581 53.6818 47.6986 55.4337 57.1295 56.6914
3.5640 2.4211 4.0436 2.9765 2.9807 3.7729 3.4309 4.0596 5.2301 4.8994 3.8950 2.8608 3.6838 6.8985 5.8988 2.7347 2.3670 2.5206 4.4923 3.2014 4.9731 0.0000 2.4363 5.1319 4.3292 3.0106 7.1369 3.4934 3.0637 4.4655 98.8310 99.6868 98.9072 97.1132 98.5181 99.6385 96.3950 98.1102 95.9486 97.4905 97.7833 95.7322 96.7037 99.1537 101.9317 99.6449 98.4101 99.7245 100.8557 97.8953 94.9515 97.2973 99.2820 96.1515 103.3420 98.3403 100.5665 98.4577 99.2489 101.3532 3.0042 5.9894 7.7356 12.5506 6.0439 7.6347 9.8246 10.5241 6.0019 12.5301 10.9552 6.2102 13.2424 7.8595 6.5530 3.9143 4.3589 5.8985 8.8985 5.5649 6.0525 10.3953 4.5068 8.9771 8.9915 7.3106 2.3192 10.6148 6.8653 2.1717 18.0370 33.7310 30.0063 30.6201 25.6095 19.0117 34.0887 29.7337 21.2630 24.2042 36.2304 30.2641 27.3967 28.4506 30.7676 17.7703 20.1968 29.8525 26.3881 31.0010 32.1845 21.8941 26.7063 26.1422 23.7257 27.2839 24.6186 24.0581 19.9114 29.0068 56.2492 60.3262 58.5187 63.2302 54.7089 57.6148 58.6201 54.6641 58.9299 56.6607 58.2287 52.9897 57.4111 51.8908 52.9457 50.4474 58.6821 53.6652 57.0931 63.5145 60.5086 53.6467 58.4165 60.0932 57.7279 58.2773 52.2560 59.9345 61.5441 61.2688
3.1611 1.1802 4.7113 3.9474 3.3216 2.6692 4.7358 5.7315 4.6937 5.5181 4.7726 1.9741 1.9581 7.6514 6.8503 2.8172 3.5011 2.1357 5.0847 3.7391 5.6159 2.4363 0.0000 5.5697 5.3768 2.1252 8.3206 3.4531 2.7637 4.4463 99.4063 100.1623 99.5440 97.7218 99.1908 100.1744 96.9862 98.7443 96.5724 98.0738 98.4257 96.2354 97.3699 99.8316 102.5215 100.2933 99.0134 100.3609 101.3706 98.6157 95.5284 97.9487 99.8646 96.8320 103.8967 98.8878 101.1269 98.9610 99.7996 101.9640 2.7770 7.5244 9.1543 13.6600 5.7324 8.5668 10.7374 11.5419 7.0891 13.6278 11.8880 7.2371 14.2943 8.9039 7.8470 4.6226 5.3768 6.8267 9.9766 6.4977 6.5834 10.9927 5.9456 9.4489 10.0468 8.5295 3.5459 11.2915 7.2863 2.7587 18.0089 33.7370 30.2453 31.1363 25.9201 19.2272 34.7406 29.7090 21.5152 24.4257 36.6402 30.5538 27.4274 28.4374 30.7711 17.4825 20.1178 30.3200 26.7989 31.3850 32.1563 22.3132 26.8272 26.4900 24.1640 27.3806 25.1267 24.7052 20.0837 29.4745 56.5373 60.8617 58.9084 63.5435 55.1552 58.0557 58.9301 55.2008 59.3558 57.0034 58.5967 53.4339 57.6334 52.0181 53.4806 50.9196 59.0773 53.9520 57.4574 63.9522 61.0389 53.8252 58.7203 60.2503 57.9511 58.7411 52.5501 60.2609 61.6911 61.7186
4.2458 4.9352 2.4520 3.9682 5.0606 5.4251 5.0392 3.8332 3.6080 3.2782 4.8426 5.7771 6.4339 3.6455 4.2657 4.7983 4.6595 3.9903 2.8901 3.2551 4.0420 5.1319 5.5697 0.0000 3.3750 4.3027 4.5197 3.4278 3.3098 3.1725 95.0611 95.7910 95.1013 93.2726 94.6802 95.8580 92.6201 94.3069 92.0779 93.6650 93.9889 91.8098 92.8788 95.3712 98.0101 95.8993 94.5687 96.0436 97.0058 94.1112 91.0952 93.5092 95.4243 92.3983 99.4392 94.4448 96.6460 94.5243 95.3772 97.5729 4.1639 4.9540 7.2005 9.2764 2.2902 4.6397 7.8125 9.7011 4.3527 10.1083 9.3100 5.1618 10.1976 6.0937 5.6024 4.8842 5.2252 4.8015 7.0910 5.3640 2.4408 7.9377 3.1806 6.1656 7.0774 6.0548 4.9993 8.1375 4.7997 3.4242 14.1314 29.4568 25.5533 26.0224 21.1078 14.3980 29.5510 25.1798 17.5593 20.0326 31.9783 25.9314 23.0678 23.8168 26.1389 13.5590 16.6352 25.0858 22.0633 26.4454 27.7579 18.5003 22.0325 21.5439 19.1651 22.7189 20.3214 19.8793 15.3216 24.5994 52.2100 56.4464 54.5350 59.3803 50.6039 53.7094 54.8455 50.9972 55.1349 52.6642 54.3306 49.0683 53.1685 47.7565 49.0992 46.8649 54.7253 49.5137 53.1011 59.6053 56.8426 49.5937 54.5366 55.8697 53.6689 54.5988 48.1358 55.7035 57.1673 57.5811
4.0181 5.0154 2.7279 2.8764 3.5693 6.4021 3.9393 3.0502 4.6518 2.9404 3.0935 6.0245 6.5370 5.2804 3.9885 5.2554 3.2676 4.2971 3.8378 3.9463 3.4202 4.3292 5.3768 3.3750 0.0000 4.9861 4.1252 4.2123 3.7528 4.0332 95.1194 95.9433 95.1929 93.4297 94.8108 95.9287 92.7045 94.4140 92.2377 93.7876 94.1000 92.0125 92.9797 95.4223 98.2027 95.9208 94.6869 96.0426 97.1728 94.1939 91.2553 93.6061 95.5474 92.4617 99.6180 94.6589 96.8823 94.7361 95.5119 97.6379 3.6587 3.1768 4.9830 8.7993 4.8223 4.4693 6.6490 7.7703 3.6946 9.3724 8.0079 3.8600 9.5135 5.0805 3.8255 3.7498 3.3509 4.0474 5.6024 3.5360 4.2004 7.2883 2.2314 5.9799 5.7038 4.5490 3.9814 7.3951 4.3549 3.3327 14.6949 30.3653 26.5149 26.7754 22.1314 15.4176 30.3123 26.7869 17.6626 20.4955 33.1548 27.1160 24.2976 25.0692 27.3528 14.6628 16.8466 26.2308 22.6431 27.7255 28.7365 18.1159 23.4091 22.5612 19.9457 23.9525 20.6934 20.0628 16.5185 25.3153 52.3957 56.3916 54.6797 59.4060 50.7446 53.7690 54.7833 50.9578 55.1297 52.9276 54.4727 49.0939 53.5481 48.0917 49.1532 46.6827 54.9440 49.8054 53.2031 59.6872 56.7374 49.8062 54.5747 56.4126 54.1060 54.5432 48.5188 56.1456 57.7736 57.5076
3.1672 1.5759 3.6101 3.8309 3.9233 2.3209 4.7521 5.2195 3.4630 4.8582 4.9962 2.1824 2.9323 6.2758 5.8526 2.3134 3.7783 1.5734 4.0175 2.6548 4.9895 3.0106 2.1252 4.3027 4.9861 0.0000 7.2503 2.3408 1.7399 3.4057 98.4313 99.1469 98.5100 96.6699 98.1522 99.2139 95.9948 97.7548 95.5313 97.0516 97.3644 95.1954 96.3488 98.8132 101.4771 99.3219 98.0062 99.4242 100.3520 97.5757 94.4850 96.9070 98.8586 95.8203 102.8790 97.8637 100.0601 97.9252 98.7743 100.9755 2.8560 7.0274 8.9885 12.7296 4.3425 7.5883 10.3015 11.5334 6.2845 12.9171 11.5850 6.8597 13.5390 8.3744 7.5305 4.7426 5.5603 6.3546 9.6183 6.4699 5.0921 10.3839 5.2416 8.7495 9.5976 8.1004 3.8440 10.7098 6.7692 2.2713 16.9286 32.4569 28.8217 29.8431 24.5142 17.8479 33.3407 28.0738 20.5960 23.3274 35.0450 28.9631 25.9223 27.0056 29.5023 16.3002 19.3531 28.8313 25.5572 29.7508 30.8654 21.7154 25.2696 25.0155 22.8323 25.9223 23.9900 23.6391 18.6358 28.0925 55.6003 59.9534 57.9367 62.7174 54.1567 57.1246 58.1249 54.3446 58.4935 56.0463 57.6012 52.5136 56.6229 51.0273 52.5074 50.0911 58.1418 52.8749 56.5644 63.0178 60.1553 52.9260 57.8106 59.1833 56.9688 57.8658 51.4320 59.1228 60.5287 60.8557
6.6438 7.8011 4.0284 5.2547 6.7229 8.8502 5.6134 4.8398 5.8074 4.2405 5.5057 8.5348 9.4776 5.5773 3.1960 7.6580 5.9497 6.7716 4.7765 5.7292 4.3572 7.1369 8.3206 4.5197 4.1252 7.2503 0.0000 5.8051 6.1987 5.2895 92.4432 93.2723 92.3362 90.5899 91.9757 93.2823 89.9742 91.7205 89.4443 91.0275 91.2402 89.2910 90.1611 92.6441 95.4339 93.1862 91.9655 93.3726 94.4796 91.3267 88.4545 90.7702 92.8636 89.6113 96.9137 91.9383 94.0625 92.0515 92.8551 94.8941 6.4309 3.0708 4.9040 6.2499 5.7595 2.0635 5.4953 7.3790 2.7597 7.0640 6.7787 3.8925 7.2771 4.1536 3.8399 5.9965 5.5303 4.3024 5.1669 4.8793 3.5586 6.2394 3.4461 5.2572 4.5194 3.8775 6.3166 6.0412 4.9091 6.0755 12.8762 27.8664 23.6997 24.5147 19.1504 13.3485 27.7410 24.0785 15.5826 18.2391 29.9093 24.0736 21.5984 22.5904 25.1501 13.1104 15.5186 23.8469 20.1207 24.5940 26.4501 16.7428 20.7045 19.7804 17.5355 21.2616 18.3926 17.8073 13.9263 22.3608 50.4039 54.0552 52.3496 57.4025 48.4722 51.4875 52.8107 48.5086 52.7852 50.6178 51.9039 46.7280 51.3629 46.0387 46.5061 44.3375 52.5869 47.4075 51.1190 57.3693 54.2404 47.8174 52.3400 54.0161 51.8230 52.1515 45.9322 53.5077 55.3417 55.1080
3.0575 2.8698 2.3833 2.9316 4.0518 3.7046 3.6277 4.3427 2.8089 3.6541 4.1268 3.3607 4.6503 5.6421 4.3727 3.2828 3.2453 1.7223 2.6164 2.4036 3.8831 3.4934 3.4531 3.4278 4.2123 2.3408 5.8051 0.0000 2.2438 2.0404 96.9589 97.7248 96.9987 95.2004 96.6482 97.7531 94.5126 96.2789 94.0587 95.5720 95.8999 93.7553 94.8408 97.3691 99.9902 97.8294 96.5400 97.9709 98.9415 96.0948 92.9913 95.4253 97.4188 94.2747 101.4092 96.4015 98.5865 96.4629 97.3681 99.5020 2.7758 5.7716 7.7664 11.1802 3.6844 5.9660 8.8668 10.3259 4.7709 11.3338 10.1068 5.4722 12.0577 6.9066 6.2252 3.9428 4.8102 4.8421 8.3695 5.3889 3.7294 9.0017 4.0016 7.3949 8.1928 6.6343 3.2520 9.2848 5.4535 2.2465 15.8110 31.1763 27.6098 28.6848 23.1686 16.8722 32.1012 26.8477 19.3273 22.0576 33.9158 27.5804 24.6756 25.8023 28.2280 15.1997 18.2181 27.7332 24.3521 28.4645 29.7182 20.5766 24.1106 23.7845 21.6037 24.5671 22.7670 22.3647 17.5233 26.7178 54.4240 58.5852 56.6081 61.4276 52.8692 55.7574 56.8571 52.8487 57.0998 54.6596 56.1797 51.1171 55.3599 49.8566 51.0623 48.6687 56.7350 51.5927 55.2721 61.6167 58.6674 51.7282 56.5171 57.9053 55.5854 56.4115 50.1068 57.7738 59.2273 59.4756
2.8780 2.1875 2.6578 3.1814 3.4836 3.2539 4.3955 4.4630 3.0052 3.9843 4.3066 3.2633 3.6234 5.4478 5.1823 2.7947 3.3408 1.6864 3.2602 2.0548 4.3087 3.0637 2.7637 3.3098 3.7528 1.7399 6.1987 2.2438 0.0000 2.9633 97.3420 98.0262 97.4033 95.5886 97.0355 98.1264 94.8906 96.6480 94.4325 95.9669 96.2850 94.0977 95.2459 97.6823 100.3696 98.1864 96.8991 98.3021 99.2574 96.4509 93.3834 95.7939 97.7375 94.7281 101.7616 96.7590 98.9573 96.8453 97.6814 99.8635 2.4285 6.0556 8.0754 11.5383 3.5680 6.4913 9.2575 10.5853 5.4013 11.9935 10.6390 6.0068 12.4024 7.4572 6.5650 4.2555 4.9049 5.5693 8.5943 5.6156 4.3829 9.4530 4.2572 7.8554 8.5228 7.1436 3.6900 9.7451 5.8840 1.7832 16.0686 31.6086 27.9297 28.7110 23.5412 16.7844 32.2432 27.3967 19.6273 22.2949 34.1217 28.1704 25.2675 26.1475 28.5883 15.4663 18.3939 27.8066 24.4455 28.8804 30.0083 20.5324 24.3775 24.0053 21.7230 25.0811 22.7912 22.4100 17.6444 27.0581 54.4966 58.8213 56.8932 61.6059 53.0149 56.0591 56.9938 53.2768 57.3826 55.0411 56.5653 51.3817 55.5307 50.0065 51.4273 49.0214 57.0907 51.8191 55.4537 61.9461 59.1057 51.8437 56.7023 58.1439 56.0219 56.8355 50.4113 58.0583 59.5375 59.7526
2.8210 3.8960 2.5640 3.1027 4.0683 4.9893 3.8861 4.8576 2.4269 2.7236 3.6681 4.7663 5.7206 6.0742 3.5945 4.7760 3.6185 2.9594 3.1611 3.6298 2.8152 4.4655 4.4463 3.1725 4.0332 3.4057 5.2895 2.0404 2.9633 0.0000 95.5463 96.3310 95.6584 93.8275 95.2904 96.3539 93.1256 94.9098 92.6740 94.1946 94.5263 92.3825 93.4601 96.0012 98.6241 96.4778 95.1726 96.5523 97.5636 94.7552 91.6310 94.0796 96.0430 92.9148 100.0603 95.0337 97.2304 95.0912 95.9423 98.1003 2.7003 5.3946 7.0576 10.2051 3.1884 5.1907 7.6225 9.1857 3.8657 10.0950 8.8390 4.4499 10.8776 5.7841 5.3918 3.4194 4.2353 3.8598 7.2575 4.5063 3.0540 7.6544 4.1304 5.9119 7.0661 5.7539 3.5907 7.8745 4.0640 3.1835 14.3177 29.8263 26.3073 27.6551 21.9700 15.9244 31.2300 25.8515 17.8264 20.6187 33.1687 26.6642 23.3992 24.5707 26.9151 13.8557 16.7147 26.8090 23.0986 27.5607 28.3245 19.1180 23.0214 22.7502 20.5430 23.3996 21.5779 21.1687 16.4202 25.5597 53.0124 57.1484 55.1540 59.9613 51.4846 54.3224 55.4293 51.3922 55.6371 53.1800 54.7666 49.7518 53.9802 48.4035 49.6821 47.1979 55.2593 50.1701 53.8502 60.1810 57.2178 50.3060 55.0775 56.4909 54.1088 54.9385 48.7365 56.3918 57.8380 58.0042
96.7973 99.0167 95.4673 96.4343 97.2489 99.9950 96.5191 96.3888 95.7277 94.4103 95.6053 100.1033 100.4765 95.4831 93.6089 99.5038 97.1048 98.0626 95.6662 97.4078 94.2509 98.8310 99.4063 95.0611 95.1194 98.4313 92.4432 96.9589 97.3420 95.5463 0.0000 8.8985 9.0276 9.6857 9.1416 5.5558 6.2642 7.0528 8.2208 6.1992 8.8575 10.2777 8.3033 8.4905 10.6941 8.1850 6.6901 9.5874 8.7620 11.1271 8.4624 9.1118 7.5316 8.4210 11.1228 9.4441 10.2996 9.1908 7.4457 6.7613 96.9377 93.6679 92.5147 86.8837 94.9697 91.6229 89.4015 89.9947 93.1142 87.0604 88.9257 93.0756 86.2235 91.4159 92.8095 95.7340 95.3335 93.3481 90.6318 93.9325 93.8802 88.9441 95.1490 90.4224 90.3093 92.0089 97.3450 88.6098 92.4934 97.6174 82.5580 68.6588 71.8934 72.8013 75.5847 83.7101 71.9422 76.8518 79.0802 75.8916 71.9544 75.8020 76.1037 74.4444 71.9697 83.9065 80.5721 75.3448 74.2270 74.4404 70.3437 78.4672 76.4747 76.5258 78.1601 75.5032 76.0573 76.4046 81.6397 72.2600 47.5657 42.3694 44.9522 40.0461 48.3110 44.6043 44.1352 46.0853 42.3703 46.0497 43.4099 48.4809 46.3762 51.9676 47.7563 50.5566 42.8680 49.7094 45.9691 38.6993 41.3695 50.4617 43.5152 43.4127 46.3676 43.2511 49.2413 42.2311 44.7382 39.0755
97.5818 99.7529 96.2529 97.3364 98.0900 100.6848 97.5207 97.3097 96.3593 95.2714 96.5347 100.8480 101.1414 96.1564 94.5311 100.2221 98.0136 98.8258 96.4384 98.1178 95.1469 99.6868 100.1623 95.7910 95.9433 99.1469 93.2723 97.7248 98.0262 96.3310 8.8985 0.0000 11.0989 10.9923 11.5728 10.2058 9.5062 11.1031 10.6473 9.3847 10.2075 7.6623 11.4315 10.1322 11.9936 10.7625 9.3380 11.5188 9.0250 12.4804 9.6224 11.5979 8.1698 12.9696 10.9580 9.0222 9.5712 8.2390 7.5879 8.6409 97.7327 94.6668 93.6393 87.8063 95.5844 92.4505 90.4447 91.1688 94.0445 88.2377 90.0627 94.0457 87.2574 92.4240 93.8285 96.6840 96.2874 94.3265 91.6931 94.8944 94.6602 89.9566 96.0186 91.3673 91.3319 93.0206 98.2770 89.6133 93.4142 98.4098 83.1460 68.7598 72.1464 72.9814 75.9510 83.9128 71.9902 76.7268 79.8297 76.4445 71.3931 75.7462 76.4483 74.5370 72.2730 84.2948 81.1970 75.4925 74.5134 74.3324 70.4964 79.2635 76.5371 76.6226 78.4738 75.7230 76.4430 77.0366 81.8763 72.5979 47.8952 43.6471 45.5875 41.0407 48.6899 45.9502 44.6455 47.7637 43.0970 47.0524 44.1249 49.3268 46.2067 51.8886 48.7489 51.8012 43.7127 49.6065 46.6993 39.8779 43.1300 50.3910 43.9328 42.8175 47.4531 44.6184 49.4288 42.1305 44.2187 40.1504
97.0280 99.1424 95.4606 96.4828 97.4615 100.0735 96.5380 96.3611 95.8439 94.5559 95.7781 100.1675 100.6230 95.3652 93.6018 99.5069 97.1958 98.1407 95.6306 97.3685 94.3863 98.9072 99.5440 95.1013 95.1929 98.5100 92.3362 96.9987 97.4033 95.6584 9.0276 11.0989 0.0000 6.1277 6.2608 9.7417 6.3147 10.7504 8.1236 6.9388 8.4489 11.6988 8.3994 9.5980 8.7804 7.2209 8.1224 11.7693 10.6192 9.3313 6.5185 7.1337 10.4185 6.7253 11.1789 9.7286 6.9292 11.0045 11.0313 7.4417 97.1309 93.6808 92.6220 86.8282 95.0524 91.5691 89.5681 90.2508 93.1412 87.1391 89.0830 93.1881 86.2914 91.5153 92.9087 95.9315 95.5243 93.4557 90.8436 94.0973 93.8887 89.1618 95.1158 90.6207 90.4264 92.1027 97.4639 88.8476 92.6967 97.6901 82.8971 69.0158 71.9042 72.8145 75.3856 83.7215 71.4763 76.6238 79.4905 76.1746 70.8449 75.2837 76.1862 74.5152 72.2660 84.2765 81.2358 75.1413 74.3305 73.8292 70.7656 79.0779 76.2177 76.2941 78.1787 75.4601 76.1566 76.5376 81.6104 72.0288 49.3522 43.1999 45.9109 41.9553 49.1133 45.7349 45.7257 46.7861 43.3721 47.4132 44.1417 48.9234 47.4324 53.3006 47.9444 51.5940 44.1555 50.4629 47.5065 40.0367 42.2888 51.9648 44.5386 44.2201 47.7099 44.5194 49.6441 42.5552 45.5558 40.3541
95.1837 97.3290 93.6784 94.7135 95.6620 98.2370 94.7967 94.6219 93.9882 92.7545 93.9962 98.3441 98.8129 93.5797 91.7970 97.6823 95.4483 96.3431 93.8726 95.5649 92.5682 97.1132 97.7218 93.2726 93.4297 96.6699 90.5899 95.2004 95.5886 93.8275 9.6857 10.9923 6.1277 0.0000 8.0187 10.3104 6.5292 10.5275 6.4464 6.6844 6.3672 10.3426 7.8681 9.5532 10.5691 8.3428 7.5032 9.9365 10.2672 9.1807 6.8276 8.5674 9.9396 8.4117 12.0593 9.0670 8.1695 9.3944 9.4697 8.2178 95.3154 91.9701 90.9258 85.0792 93.1756 89.8060 87.8197 88.5628 91.3778 85.3820 87.3595 91.4104 84.5476 89.7186 91.1467 94.1203 93.7245 91.6622 89.0702 92.3150 92.0434 87.3686 93.3470 88.8146 88.7097 90.3348 95.6764 87.0662 90.8849 95.8986 80.9700 66.9318 69.8507 70.8636 73.5380 81.8449 69.6026 74.5792 77.6343 74.2791 68.9759 73.3341 74.1047 72.5075 70.3006 82.3223 79.3460 73.2303 72.3657 71.8611 68.6174 77.2239 74.2782 74.3412 76.3080 73.4902 74.2575 74.7731 79.6789 70.1578 47.4420 41.6549 43.9859 40.2713 47.4586 44.2428 44.0622 45.3227 41.4835 45.6559 42.6832 47.6017 45.6754 51.1835 46.4379 50.0432 42.1461 48.4727 45.8281 38.3899 41.0397 50.0698 42.8876 42.1760 46.0501 42.7486 47.9078 40.8262 43.6767 38.6820
