0.0000 11.7473 12.4097 11.3137 11.4891 11.8322 13.9284 11.3578 11.1355 15.5563 8.9443 16.0624 13.5647 13.4907 13.8564 11.2250 11.8322 16.3707 10.4403 10.1980 10.5357 13.3417 11.7473 14.8324 14.8997 9.0554 12.9615 14.0000 11.7473 14.7648 29.0861 29.0517 27.3679 27.7308 24.4131 27.8029 31.7648 26.8887 27.8927 30.0000 28.6182 29.2746 26.6083 27.3679 28.4956 24.1661 25.3772 27.1846 33.0303 29.8998 26.2869 30.7571 25.7682 25.2982 27.0185 26.0384 26.2298 27.5318 31.4484 25.9230 14.1421 13.1909 15.8114 13.5647 10.8628 12.6095 14.4914 13.2665 14.5602 13.5647 12.9228 13.4164 11.7473 14.0712 12.0000 11.2250 12.4097 15.5563 12.8062 16.4924 12.1655 14.7309 15.3623 8.1240 15.3623 11.3578 12.9615 12.3693 9.0554 10.9545 17.1172 15.2643 12.9615 16.0000 15.4272 15.7797 12.1244 14.3527 14.5258 16.3401 13.5647 15.2643 17.5784 13.0384 13.9284 12.1244 14.8997 17.2916 15.1658 15.0333 16.1864 18.0278 13.4536 17.9444 15.8114 12.9615 14.1421 15.8430 15.5242 16.0000 27.1662 25.7682 26.0000 27.2397 28.2312 26.2679 27.6586 24.2281 25.2982 26.9815 24.4336 26.5895 24.8596 25.2389 27.4044 27.1477 28.7576 26.3249 28.1957 23.8747 27.2397 28.3725 26.4008 26.7582 25.3772 29.4618 28.2489 26.9072 29.8329 25.1794
11.7473 0.0000 11.4018 11.9164 8.3666 10.6771 11.8322 12.2882 10.0000 17.7764 8.6023 17.3781 13.9284 13.2665 13.9284 9.1652 15.6844 16.6132 14.1067 10.4881 12.8452 15.3623 16.1245 15.4272 14.9666 12.4097 10.0000 13.2665 12.5698 12.0000 27.2764 27.7489 25.5930 25.7488 23.5797 25.5539 30.5778 25.1992 27.0924 27.8568 28.3725 27.4408 25.7682 26.2488 28.6705 23.2379 22.9347 26.4008 31.6070 27.0555 26.0576 29.7658 25.2587 25.2190 25.6905 24.0416 26.9072 25.8844 30.4138 23.9583 13.5647 17.3205 14.6969 12.4097 11.8322 12.6095 13.0384 15.5563 16.3707 14.6287 12.5300 15.2971 15.2315 12.4097 10.7703 10.4881 15.1658 16.0000 13.4164 17.8326 13.0384 11.0905 16.9115 9.7980 16.3707 11.5326 12.1655 12.7671 11.2250 14.2127 17.9165 13.9642 14.4222 16.3707 16.1245 15.2643 13.1529 13.4164 15.2643 13.2288 13.9284 15.8430 16.1555 13.5647 14.2829 13.4536 13.7113 15.5242 14.4222 14.8324 18.3848 17.8606 14.5258 16.4317 13.0384 11.5758 16.1864 14.7309 13.8203 17.0294 26.0768 26.3059 25.9615 24.5357 27.1477 25.7294 28.1247 24.3516 24.2899 26.3059 23.3024 25.3969 24.5764 25.9422 27.1477 27.6225 27.2213 24.3516 28.5132 25.4951 24.9399 27.6586 26.2488 24.8596 25.4951 28.1425 25.5734 26.4197 29.1890 24.8193
12.4097 11.4018 0.0000 17.3781 12.2474 11.5758 13.9284 11.0000 14.0712 17.5499 10.5830 16.6132 14.6287 16.4924 13.5647 11.3137 12.8062 17.8885 13.4536 11.9164 14.1067 16.3095 15.6205 13.4907 14.8324 12.9615 14.6969 16.4924 14.8997 13.0384 29.8664 29.8664 29.5804 28.7576 26.4197 29.1376 32.0156 27.7308 30.8221 29.7658 30.2820 29.0689 29.0517 29.6142 31.5911 25.8844 26.5330 29.5804 33.5708 31.4325 28.9655 31.6544 28.4253 27.4226 29.4279 27.7489 27.1293 29.0517 32.5115 26.9444 15.2971 18.1108 17.4929 12.4900 13.3417 18.4120 14.1421 17.0294 15.9374 15.6844 16.0935 14.0712 13.1149 12.6491 12.4097 12.0830 14.2829 16.3707 16.8523 20.0998 14.7648 14.4568 17.9444 13.4164 17.6635 14.0357 13.5647 16.5831 11.8322 12.5698 20.9523 17.1172 16.3095 20.5426 19.8997 15.8430 13.7477 18.0000 17.0000 20.6155 14.6287 19.5192 21.2838 16.8523 17.5499 14.9332 19.3391 21.3776 19.0788 18.2209 21.2603 22.8254 15.8430 21.6795 17.3781 16.6733 16.4317 17.8045 18.0278 20.5426 29.5296 26.8701 27.4226 26.6833 29.5127 25.5343 28.6880 26.2488 27.0555 28.3901 25.8650 28.5832 26.1534 26.7769 28.4781 28.7576 28.8617 27.0370 29.1719 25.6515 28.7750 28.5832 29.3087 26.3059 27.5681 31.3688 27.3861 27.6767 30.3315 26.9815
11.3137 11.9164 17.3781 0.0000 13.3417 13.1149 13.8564 15.8430 11.8322 15.8114 12.0000 17.3205 18.4932 14.8324 15.2315 12.4097 17.4356 15.3623 13.0767 14.8997 12.5300 18.0555 14.1421 16.3707 15.4919 12.3288 10.7703 10.2956 11.4018 12.8841 26.9815 28.0000 25.0799 25.6320 22.8910 26.2869 31.0966 25.1992 26.4197 29.3258 27.2213 28.0891 24.6982 25.3969 26.2298 22.2261 22.9347 24.3516 31.6070 27.5318 23.9374 29.4279 23.4521 25.2587 23.8328 24.0832 27.1662 25.9230 29.2746 24.1661 15.0997 16.2481 12.8841 16.0000 12.6491 11.9583 13.9284 13.4907 14.5602 11.2250 10.6301 16.4924 15.8745 15.4919 13.1149 10.8628 17.2047 12.2474 12.7279 16.4317 12.5698 14.5945 16.1245 8.8318 15.7480 12.8452 11.5758 12.4499 9.7980 13.4164 16.5227 12.9228 12.5698 14.6969 14.1421 14.6629 14.1067 14.4914 15.9687 13.3041 15.6205 12.5300 14.7986 14.8324 14.4222 11.4455 13.1149 17.3494 12.2474 12.4900 14.2829 14.7309 12.9228 14.0712 13.7840 13.4907 17.1464 13.1529 12.2882 14.4914 25.6905 25.3772 24.6171 25.3772 26.6271 27.2397 27.5136 23.4307 23.5797 25.7294 23.3024 24.3105 24.6982 25.4755 25.1595 26.4386 27.8747 25.6710 27.4408 25.7682 24.8193 27.4044 24.7184 25.5734 24.2487 27.3130 27.3130 26.9444 29.6648 24.2899
11.4891 8.3666 12.2474 13.3417 0.0000 12.0830 12.3288 10.5357 12.0000 16.4317 10.7703 16.1864 14.0712 14.0712 15.4272 10.0000 13.8564 16.7929 11.4455 9.7980 12.2882 13.5647 14.6969 16.2481 15.8745 8.9443 10.4881 12.2474 11.5758 14.0000 29.1548 29.5635 26.8142 27.6586 26.7955 27.2947 31.5753 27.5500 28.8444 30.7896 30.0167 29.4109 27.7128 27.4044 30.5614 25.3377 25.1794 28.4429 33.5708 29.3258 27.9464 31.1769 27.5318 25.9230 27.6405 27.0185 28.0713 27.3130 31.9531 26.6833 11.8322 17.7764 16.0624 11.4018 10.2956 12.9228 13.4907 14.2127 15.0333 16.1864 15.1327 14.5602 14.1421 13.0384 12.8062 11.0454 14.9666 16.1245 12.4900 14.3527 13.4907 13.2288 16.3095 11.3137 17.1464 13.8203 14.0000 13.0767 11.5758 14.3527 17.3494 15.9687 15.8114 16.7929 18.4932 17.2337 15.1327 16.1245 17.6918 16.2173 15.7480 18.0831 17.9722 15.8114 15.2315 15.7162 14.3527 14.8661 16.9115 14.8997 19.1833 18.5742 16.9411 19.3391 14.0712 13.4164 16.2481 16.4012 15.1327 17.6068 27.7489 26.5330 28.0713 25.6125 27.1846 25.9230 28.7576 24.7588 25.6125 26.7955 24.5561 26.4386 25.7682 26.8887 28.3019 26.7395 28.0179 25.2389 28.4781 25.7294 26.3818 27.2213 26.8887 26.7208 27.1662 28.3549 27.9643 27.6767 29.3258 24.8998
11.8322 10.6771 11.5758 13.1149 12.0830 0.0000 13.1149 12.7671 12.9615 16.4317 8.2462 17.6068 15.4919 15.6844 15.4272 10.9545 14.0000 14.0000 13.6015 12.1655 10.3441 17.7200 13.0384 14.1421 15.6205 12.7279 13.5647 12.0000 13.1909 14.6969 27.2764 28.1425 25.8650 26.0576 23.6643 26.6271 29.6142 25.4362 28.4605 27.0555 28.4429 27.1846 27.0924 27.1846 27.5318 23.2379 24.6982 27.6586 30.7083 27.6405 26.2869 28.9482 25.8844 25.2190 26.6833 25.0998 25.0200 27.2764 31.3528 25.6905 15.6844 16.5529 12.8841 11.4891 14.3527 15.9060 13.5647 15.6205 13.6382 14.2127 10.9087 12.5698 13.6382 12.8062 11.7473 11.2250 14.2829 16.3095 14.4914 16.7929 12.5698 11.7898 13.2665 10.3923 11.9164 11.3578 9.4868 13.9642 10.1980 12.4900 18.4120 14.5258 12.6491 18.1108 16.1245 12.3693 10.7238 14.3527 13.3791 15.6525 14.2127 17.2337 17.3494 14.7648 14.1421 13.8924 15.6205 19.0000 15.6205 16.0624 16.6733 18.6815 13.2288 17.3205 14.5602 12.5698 15.2971 14.5258 13.7477 18.1659 27.8927 25.4165 25.0599 24.8596 27.3313 25.0599 27.4408 24.3105 24.3311 25.8070 24.3516 26.2107 23.6643 26.3249 25.6710 27.1109 27.8388 25.7488 27.7308 24.3721 25.7294 27.4773 26.3629 24.5357 25.0200 28.0713 25.3377 26.4575 30.1662 25.4165
13.9284 11.8322 13.9284 13.8564 12.3288 13.1149 0.0000 8.3066 11.7473 13.1909 13.4907 13.0384 13.7840 12.7279 15.3623 13.5647 16.6132 12.0830 12.6095 16.2481 13.3791 14.6969 12.8062 12.7279 12.5698 10.8628 10.5830 12.7279 14.0712 15.6205 24.5764 25.3772 24.9600 23.6854 22.5832 24.6779 29.2404 23.8956 25.6905 27.4226 27.1477 26.6646 25.2190 24.8797 28.2489 22.1359 22.3607 24.8395 30.4795 25.6515 26.0960 27.3861 24.1661 23.9165 22.5832 24.1661 24.6577 24.6577 27.9464 21.8632 10.9545 16.4317 16.5529 13.1149 12.4900 14.5945 11.4018 12.0830 13.6382 12.5698 13.8924 12.4900 13.7840 12.8841 7.7460 10.0995 12.0000 12.3288 12.1655 16.1245 11.8322 8.3066 17.8885 11.4018 19.1311 13.0767 12.6491 13.3041 13.0384 13.4907 13.6015 12.1244 12.1655 14.1421 15.6844 12.2882 14.9332 13.2665 16.5227 15.3948 15.4272 15.7162 13.4536 13.7840 12.4900 13.7477 12.3288 15.2643 15.0997 13.3417 15.6205 13.2288 13.6748 14.9666 11.1355 13.1149 13.4907 13.3041 13.7477 12.5698 24.7790 24.9399 22.8473 21.8632 27.1109 26.0000 25.4755 22.1585 22.0000 23.4094 22.0227 24.6374 23.4094 24.5967 24.5561 25.1197 23.3452 22.7816 26.5518 24.6982 23.9165 26.0576 24.0208 24.6982 23.8328 27.2029 25.0599 25.0200 26.1534 22.6274
11.3578 12.2882 11.0000 15.8430 10.5357 12.7671 8.3066 0.0000 12.1244 11.5326 12.2066 11.7898 11.7047 10.4403 14.5258 13.4536 12.3693 11.8743 9.8995 12.6095 11.1355 11.0905 11.6190 11.0905 12.6886 8.1854 12.0416 14.9332 13.5277 16.6433 27.8747 28.1957 28.1425 26.8328 26.0192 27.2029 31.2090 26.7955 28.3725 29.6479 29.3598 28.7402 27.8747 27.6043 30.2820 24.5561 25.5930 28.0000 32.8938 28.7576 28.6356 30.0167 27.3313 25.2389 26.6646 27.0740 25.7876 27.6586 31.1448 25.7099 11.0905 15.4596 17.4069 11.1803 9.6437 15.6205 13.5277 13.0000 13.8203 14.7986 15.6205 9.1104 11.0000 13.3791 9.3274 10.1489 9.6437 13.8203 12.6886 15.3948 11.7898 9.7980 17.6918 11.8743 17.8045 13.9284 13.8203 12.3288 12.3693 12.7671 14.3527 14.5602 14.0357 15.7797 16.6433 13.7840 14.6287 14.3875 16.2481 17.7200 13.6015 17.9444 16.7929 14.4568 13.4536 14.0000 14.0357 15.2315 17.2337 14.1067 17.4642 16.1864 14.5602 17.0587 13.5277 13.3791 12.2882 15.3623 14.3527 14.5258 27.6225 26.2488 25.5930 24.9199 28.7750 26.8142 27.4955 23.5797 24.8395 26.1343 24.4949 27.6767 24.8395 26.4197 27.2397 27.2029 26.3439 24.8998 28.1425 24.7588 26.6646 27.8568 26.2298 27.0370 26.4764 29.0689 26.9629 26.3249 28.5832 25.5539
11.1355 10.0000 14.0712 11.8322 12.0000 12.9615 11.7473 12.1244 0.0000 14.4914 11.1355 13.8564 15.4272 14.4914 10.7703 14.6287 14.6287 15.0333 15.3297 15.6844 13.8924 13.4907 14.6287 13.7840 11.3137 11.4018 8.0000 12.9615 11.9164 11.4891 27.0555 26.4953 24.8797 25.1595 23.3666 23.4307 29.9166 24.1454 25.8070 26.7208 25.9037 25.7876 22.9347 25.3574 25.5734 22.1359 23.3666 23.8956 30.9677 26.0384 24.4336 28.3196 23.5372 23.7065 24.2487 23.4947 25.2190 25.1396 29.5804 23.1948 14.2127 13.9284 15.0997 14.0000 10.3923 10.7238 14.0712 13.7840 15.3623 13.1909 13.0767 15.2971 13.9284 12.9615 11.4018 11.7473 12.4900 13.4907 13.1909 16.0000 9.5917 12.2882 14.1421 6.3246 17.2047 14.1067 13.5647 9.4340 11.6619 13.1149 17.7482 15.9060 12.4900 15.1658 16.1245 14.3875 15.5885 15.4919 17.5214 13.0000 15.6844 13.2288 15.5242 14.7648 15.0997 11.5326 12.8062 16.0935 14.4222 13.0384 18.9209 15.7797 12.7671 15.7480 14.0000 12.3288 15.2971 15.3948 13.3791 15.2315 25.5343 24.8998 24.7790 24.8193 26.4764 25.8070 26.7769 22.6495 22.4499 25.3377 21.8861 24.3516 23.6220 23.8956 25.9808 25.9808 27.8029 23.2164 27.9464 23.2809 24.2487 26.4008 24.1454 25.1396 24.4949 26.7955 25.3377 24.7790 27.7849 24.0416
15.5563 17.7764 17.5499 15.8114 16.4317 16.4317 13.1909 11.5326 14.4914 0.0000 15.9374 10.5830 17.6068 12.1655 16.0000 19.5448 15.2971 8.6023 13.4536 18.9209 11.3578 14.0712 13.9284 10.8628 13.8564 11.1355 12.7279 15.9374 14.7648 18.8149 26.7208 27.1293 28.2666 25.8263 26.1916 27.2947 31.1929 26.1343 27.4591 29.5635 27.6948 26.7769 25.8070 26.4008 26.7955 21.8632 24.8596 27.1477 32.0468 28.2843 28.2666 28.6705 26.5707 23.6643 25.8457 25.6515 24.8193 26.8701 30.7083 26.7582 12.4097 16.3095 14.7648 14.2829 11.5758 18.0831 14.0000 15.0333 13.2665 14.0712 16.5227 9.5917 13.0384 17.5499 12.7279 11.7473 11.7473 11.1355 14.6287 13.1909 12.0830 12.7671 18.7617 14.2829 16.3707 15.4596 13.8564 11.0905 14.9666 15.2971 15.7797 15.7162 14.8997 17.4929 15.0997 14.1774 16.2788 17.0880 18.4120 18.6279 15.8114 18.6815 17.7482 18.8149 15.3623 13.6748 14.5602 16.6433 15.8745 13.5647 17.5499 14.8661 15.9060 14.8997 13.7840 14.9666 14.7648 15.4596 12.1244 14.9666 26.4197 23.7487 24.3721 23.8328 27.2947 26.9072 25.2389 21.7945 23.7065 24.7790 23.0868 26.4386 23.4947 25.1595 24.5561 24.9600 27.2580 25.2784 26.0576 23.7908 25.4558 25.4755 24.1454 26.6458 25.9230 27.0185 26.0000 24.4540 29.0517 25.8457
8.9443 8.6023 10.5830 12.0000 10.7703 8.2462 13.4907 12.2066 11.1355 15.9374 0.0000 16.4317 12.9615 13.4907 14.7648 10.0995 12.4097 15.7480 12.6095 10.0000 10.8167 15.4919 14.4222 15.4919 16.1864 10.6771 11.0454 13.6382 12.3288 13.5647 27.1293 27.5318 26.2488 26.5518 23.8747 26.2869 29.5804 25.5930 27.8209 27.1293 27.4773 26.5895 25.6125 26.9258 27.8209 22.4944 24.4131 26.7769 31.2570 27.6043 25.5930 29.1548 25.3772 24.5357 26.4953 24.4131 24.8193 26.5330 31.1609 25.2190 12.8062 16.5529 13.7840 11.9164 11.4018 14.0357 12.6491 15.0333 14.0000 13.7113 12.7671 13.4907 13.5647 13.4907 11.2250 10.4881 12.5698 16.1864 14.0712 15.9374 11.3137 12.3693 15.5563 9.3808 13.3417 10.1489 10.7703 13.3041 8.0000 13.1149 18.4662 14.7986 12.0000 17.0880 13.7113 14.0357 9.9499 12.8841 12.2882 14.9332 12.8841 15.8430 16.8819 14.0712 12.8062 13.0000 14.9666 17.6918 14.0000 16.6733 17.1464 18.6279 13.9642 16.0000 13.9284 11.4891 13.6382 14.3875 13.3041 17.6635 27.0185 25.3377 26.0000 24.9800 27.5136 24.0832 27.2213 24.6374 24.3311 25.9615 23.4307 25.8263 24.2074 25.4362 27.6586 26.6271 28.1247 24.3105 28.1247 23.2379 26.0000 27.5862 26.4008 24.4540 24.8193 27.6043 24.9800 25.9615 29.3258 24.8998
16.0624 17.3781 16.6132 17.3205 16.1864 17.6068 13.0384 11.7898 13.8564 10.5830 16.4317 0.0000 15.4272 14.2829 15.0333 20.0499 15.4272 12.8841 15.6525 19.7990 13.0000 12.2474 16.7929 11.6619 11.2250 11.9164 10.9545 17.8885 14.1421 16.9115 29.3598 28.9482 30.2159 28.4077 28.4253 28.1957 32.8786 28.1247 29.6985 30.7246 30.0167 29.3769 28.6007 29.0345 29.3598 25.2982 27.4591 28.8271 34.5398 30.0666 30.0500 31.1769 28.7054 26.5707 27.2397 27.8568 27.2764 28.3549 32.2955 27.8209 10.0000 15.5563 16.3707 16.0000 13.9284 15.8430 16.1864 17.3205 12.0830 13.4907 17.5784 13.7113 13.1909 18.1108 12.2474 13.6382 13.1909 12.1655 16.7332 17.6068 11.0454 13.6015 17.2627 14.8997 20.6398 17.2337 16.4317 14.1067 16.3707 16.1864 18.7883 19.1050 16.3095 19.1833 19.5448 17.2916 18.3576 19.4422 20.5670 20.9045 19.4422 19.9750 18.0831 20.1494 17.3781 16.5831 17.5499 19.3649 19.2354 16.1245 21.5407 17.1756 17.2337 17.6635 17.2627 17.1464 18.4932 20.1246 15.8430 16.8523 29.0517 27.6767 27.4591 25.4951 30.1164 29.2233 27.4408 24.0624 25.6125 27.4226 25.7876 28.9310 26.3439 26.3249 27.8747 27.6586 30.0500 25.6710 29.0345 26.0384 27.9285 28.1247 26.7021 29.4279 28.2135 29.7658 27.8568 26.7208 30.0333 26.9444
13.5647 13.9284 14.6287 18.4932 14.0712 15.4919 13.7840 11.7047 15.4272 17.6068 12.9615 15.4272 0.0000 14.1421 17.8326 15.2315 16.6132 16.9115 15.6525 13.0384 14.5258 12.6491 18.4391 17.3205 18.2209 14.5602 14.4914 20.2485 17.4356 17.7764 31.5911 32.2490 31.2890 30.8707 28.5657 31.5119 34.9714 30.3809 31.9061 32.4962 33.2415 32.6037 31.5911 31.4484 33.7046 28.2843 28.8444 31.6702 37.4032 32.4037 32.3883 34.8712 30.7896 29.3598 30.9516 29.2916 28.8097 31.4960 35.5106 29.6311 12.8062 16.3707 19.2873 16.4317 15.2971 16.9411 15.8114 18.5472 16.9115 18.0000 18.7883 16.0000 17.0294 18.9209 11.4891 14.7648 12.6491 18.6011 13.9284 18.6011 16.0624 13.2288 18.5472 15.4272 21.4009 13.2288 17.2627 18.5742 16.0624 18.2209 21.2368 19.2094 17.3205 21.0238 19.0788 19.4679 15.7797 12.9615 18.1384 19.9249 16.5529 20.2237 18.6815 18.8680 14.8997 18.7350 16.9706 17.8606 18.3848 20.0499 22.1811 18.7350 18.8944 19.3907 17.8326 15.0997 17.3205 21.0950 17.9722 19.3907 31.5595 30.6594 31.3688 28.7054 33.8969 29.0861 30.6105 29.1376 30.0000 29.7321 28.5482 30.9031 29.4618 29.9166 32.3574 30.8707 30.7409 28.6531 33.3317 28.2843 31.4006 32.6343 30.7083 31.5595 29.4279 33.7046 30.6920 30.1993 33.1059 29.3598
13.4907 13.2665 16.4924 14.8324 14.0712 15.6844 12.7279 10.4403 14.4914 12.1655 13.4907 14.2829 14.1421 0.0000 16.5529 16.6132 17.4356 11.8322 14.2478 13.9284 9.9499 12.2474 15.8114 11.8322 14.6969 12.3288 13.2665 18.1108 16.0624 18.4391 27.5318 28.1069 28.6880 26.9629 26.0384 27.9464 31.9844 26.8142 28.4956 29.9333 29.6816 28.6182 27.7128 27.8029 29.7993 23.7908 25.3377 28.0891 33.0000 28.0000 28.8964 30.3645 27.4226 25.7294 26.8701 25.9615 27.1662 27.6043 31.6702 26.6833 13.0384 17.3781 16.1864 12.7279 11.4018 16.8819 14.8324 17.3205 17.7764 16.1864 16.0935 10.7703 14.2127 17.8326 10.5830 10.8628 12.8062 15.4272 13.6382 17.5499 14.4914 10.7238 20.7846 14.0712 17.6635 13.1529 14.3527 11.6190 14.7648 16.9706 16.0312 13.3791 16.0000 17.3205 14.0712 15.3297 15.3948 13.4907 16.4012 17.1756 12.2474 18.6815 18.4120 16.0000 14.0000 14.7986 14.0712 13.6748 14.2829 14.0712 18.0555 15.2643 14.9332 14.7648 12.8062 13.2665 14.4914 15.2643 12.4499 15.3623 27.2029 27.6405 25.7682 25.6515 29.4788 28.4253 28.3019 24.3105 25.9615 27.2764 25.7876 27.7669 25.5343 27.9106 27.5862 28.9655 27.2213 26.6271 28.3725 25.7294 27.0185 28.9310 26.5895 27.6767 27.2029 29.0172 26.4197 26.2298 30.4631 27.6043
13.8564 13.9284 13.5647 15.2315 15.4272 15.4272 15.3623 14.5258 10.7703 16.0000 14.7648 15.0333 17.8326 16.5529 0.0000 17.3781 15.8745 17.0880 17.2916 16.9115 15.1987 15.7480 16.3707 12.0000 9.6954 14.0712 13.5647 16.7929 16.9115 10.8628 30.8869 29.0861 28.4429 28.3019 25.6905 28.0535 33.0303 26.8142 27.9285 31.1448 28.1603 29.2062 25.8844 26.9629 28.4253 24.6577 25.1396 27.1109 33.5708 31.4325 27.6225 31.4960 26.1534 26.5707 27.4591 25.6125 27.6405 28.1780 30.9354 26.1534 17.4929 14.3527 16.7929 17.7764 14.3527 15.5242 17.7764 19.6977 16.3095 15.3623 13.5277 16.7929 12.5698 15.8745 13.2665 15.0333 17.2047 13.5647 17.2047 21.8174 12.3288 15.5242 17.2627 10.8628 20.8327 15.4596 16.2481 12.6095 15.4919 14.9666 21.7025 18.3030 17.3205 19.2873 20.1990 16.5227 18.0278 20.4939 21.3776 18.8944 16.6733 17.5784 20.5183 19.0788 19.4936 12.5300 18.9209 21.2838 17.2627 14.1421 21.7256 20.3224 15.5242 20.2485 19.0788 17.5499 20.4450 19.6723 16.8819 17.7200 27.7128 26.8701 27.2397 27.5318 27.8747 28.6705 27.4044 23.8956 26.1151 28.1780 25.1992 28.0535 25.3377 25.3969 25.2389 29.0689 30.6431 27.6948 28.5482 25.4165 26.9815 28.9310 26.1725 27.0185 26.7208 30.1993 27.8568 26.5330 30.9192 26.7208
11.2250 9.1652 11.3137 12.4097 10.0000 10.9545 13.5647 13.4536 14.6287 19.5448 10.0995 20.0499 15.2315 16.6132 17.3781 0.0000 15.5563 18.1108 11.0905 8.8318 14.1774 19.0263 14.9666 17.7200 17.8326 13.4164 14.4914 12.4900 12.0830 13.7113 29.5635 31.0161 28.7576 28.8964 25.3772 29.9166 33.6898 28.6531 30.2324 31.2090 31.5753 31.1609 29.0517 29.1719 32.1870 26.0768 25.8070 29.5127 34.8569 31.2730 28.3725 32.8329 27.7849 28.5307 28.7054 27.4955 29.5973 29.2233 33.1210 26.8328 15.8745 19.3907 16.7332 14.5602 13.4164 15.9687 13.8564 14.4222 16.1245 15.4272 14.3178 16.3095 16.2481 14.6287 13.4164 11.7473 16.1245 17.4356 14.3527 18.6548 15.9374 14.5945 18.0000 12.1655 16.7332 13.3041 13.6382 17.0000 10.2956 12.3288 18.7350 15.3297 15.8114 17.6635 17.7764 17.4642 13.0000 14.2127 15.9687 16.7631 15.4272 17.2916 18.6279 15.3623 15.8114 15.1987 16.1864 18.9473 16.9706 17.3205 17.4356 19.8746 15.9687 19.3907 15.2315 14.3527 16.9706 15.1327 17.2916 19.0263 29.1204 27.6043 28.1780 27.6767 29.8831 26.7582 30.5778 27.1477 27.4955 28.7054 25.7876 27.2947 27.5318 28.2666 29.1719 29.1376 29.3428 28.0891 30.8707 28.2489 28.7054 30.1496 29.6479 27.0555 27.5318 31.6544 29.1890 29.8329 31.5595 26.3818
11.8322 15.6844 12.8062 17.4356 13.8564 14.0000 16.6132 12.3693 14.6287 15.2971 12.4097 15.4272 16.6132 17.4356 15.8745 15.5563 0.0000 16.9706 10.6301 14.7648 13.7477 15.3623 15.2971 16.0624 15.8114 10.0995 15.0997 16.0624 12.6491 17.8885 28.1069 27.6043 27.6586 27.0370 25.6515 26.8514 30.2159 26.0192 26.7582 28.2843 27.7669 27.8029 26.6833 26.5141 27.2397 22.9347 25.6905 27.9821 31.6702 29.6311 27.1477 29.6648 26.4197 23.2379 26.8701 25.8844 23.9165 27.4591 30.7409 26.2298 14.2829 14.7648 15.4272 14.2829 12.4900 14.7986 18.0000 15.4919 10.8628 14.1421 14.7986 11.6619 10.6771 13.1909 13.8564 14.0712 12.5698 16.7929 15.6205 16.9706 10.5830 15.1327 15.9374 13.4164 14.5602 15.3297 14.8324 14.5945 12.1655 13.3417 16.7631 18.0831 14.5602 16.3095 17.3205 16.0312 13.3791 19.0263 14.6629 19.2614 15.9374 19.9249 18.4120 15.2315 15.4272 14.3178 17.3781 20.2731 19.0263 16.6733 18.1108 20.8567 15.9060 18.9209 18.6548 14.6969 14.0000 17.2916 15.8430 17.2047 27.2764 23.3238 25.8070 25.0599 26.6646 24.0832 25.6710 21.6102 23.6643 25.0599 22.9565 27.2213 23.0651 23.7697 25.9422 25.5930 28.9310 23.7697 26.3249 21.2132 25.4558 27.1109 24.9199 25.2982 24.5357 27.5681 25.3377 24.8998 28.2843 24.1661
16.3707 16.6132 17.8885 15.3623 16.7929 14.0000 12.0830 11.8743 15.0333 8.6023 15.7480 12.8841 16.9115 11.8322 17.0880 18.1108 16.9706 0.0000 14.3875 18.6011 11.0905 16.2481 12.9615 10.1980 13.1149 13.7113 13.7840 15.4919 15.6844 18.3303 26.9072 27.8568 27.9821 26.1343 25.4558 27.5862 31.4166 26.0192 27.9285 28.6356 28.8271 27.7308 26.6833 26.6271 27.1662 22.3159 25.1794 27.1477 32.5423 27.4591 28.0179 28.7402 26.6833 25.0998 26.0768 25.7294 26.0384 27.7128 31.5119 26.6083 14.5602 15.9374 13.9284 14.0712 14.6969 18.4120 14.2127 14.8997 14.0712 14.2829 14.1774 9.2736 13.1909 17.3205 11.9164 10.6771 12.4900 12.2474 13.2665 16.0624 12.0000 10.5357 17.2627 14.9666 16.1245 14.8661 13.3417 12.1244 14.8997 14.0712 15.3948 14.6629 15.0333 16.8523 15.1658 13.2288 15.5242 14.9666 17.9722 16.5227 16.4317 17.6352 17.4642 18.1659 15.4919 15.5242 13.5647 17.3494 15.3623 13.9284 16.7332 13.0767 15.5885 14.2829 14.5602 14.2829 16.0000 15.6525 12.8452 15.0997 27.8209 25.2982 24.8193 24.6171 28.1957 27.9643 27.1477 22.6495 24.4131 25.9615 24.8797 26.5141 23.9583 26.5141 24.7992 27.0000 27.7669 26.0576 27.9821 26.0000 25.7294 27.5500 25.5539 26.8328 26.1916 28.2489 26.0000 25.6905 30.0998 26.6083
10.4403 14.1067 13.4536 13.0767 11.4455 13.6015 12.6095 9.8995 15.3297 13.4536 12.6095 15.6525 15.6525 14.2478 17.2916 11.0905 10.6301 14.3875 0.0000 11.7047 11.9164 15.8430 11.5326 15.0000 16.0935 8.0623 14.1067 11.9583 11.2694 17.5214 28.4429 29.3087 28.6007 27.6405 25.9808 28.9828 32.4654 27.6767 28.3373 31.4802 30.0000 30.3974 28.0535 27.4955 29.6142 24.2693 25.5539 28.5657 33.8526 30.5778 28.0713 31.0966 27.0740 25.6320 26.8142 27.3679 27.0370 28.3019 31.4643 26.6646 12.6095 16.8226 16.2173 13.5277 9.7468 14.9666 14.1774 11.9583 11.2694 13.4536 14.2829 11.0000 12.0416 14.1067 12.2882 10.7238 12.6095 13.8924 12.7671 15.0000 12.7671 13.6382 18.3576 12.5300 15.7797 14.2127 13.7477 14.3527 10.6301 11.4455 12.2474 14.3527 13.8924 13.9642 15.0665 15.3623 13.1909 15.3297 14.6969 17.6068 14.5945 17.8885 16.8523 14.4568 13.6015 13.1909 14.3875 17.3205 17.1172 14.1774 14.0357 16.6733 15.4272 16.7033 14.7986 13.5277 13.0767 13.6382 14.5602 14.5258 27.6586 25.0799 25.9422 26.0576 28.1425 26.7395 27.8209 23.3666 24.9600 26.2488 24.0416 27.2764 25.1197 25.9615 26.7955 26.4953 27.7489 25.9230 27.7128 25.2389 26.7769 28.3901 26.4197 26.9629 26.1343 29.2404 28.3019 27.8388 29.6816 24.8395
10.1980 10.4881 11.9164 14.8997 9.7980 12.1655 16.2481 12.6095 15.6844 18.9209 10.0000 19.7990 13.0384 13.9284 16.9115 8.8318 14.7648 18.6011 11.7047 0.0000 12.6886 16.3707 16.1245 17.0880 18.6011 12.7279 16.0000 16.1245 14.7648 16.2481 32.5576 33.2866 31.2250 31.4166 28.7402 32.0780 35.2846 30.9354 32.4037 33.8526 33.5708 33.1512 31.3688 31.3209 33.4066 28.3549 28.4253 32.1403 36.9730 33.5857 31.1929 35.2136 30.4302 29.6648 31.8434 29.7658 30.5941 31.7805 35.8748 30.3645 16.2481 18.9737 18.2757 14.2127 12.0000 16.7631 16.1245 18.2209 17.6635 18.6548 16.3401 15.2315 15.8745 16.7332 14.2127 13.3417 15.8114 19.0263 15.2971 18.8149 17.0880 15.3948 19.3907 13.1909 17.2627 13.5277 15.6205 16.5227 12.8841 15.6205 19.7737 17.0587 17.6635 19.4422 17.8326 18.7883 13.8924 14.6969 16.3401 18.5203 13.0384 19.8746 21.0000 16.7929 15.8745 15.7797 17.2047 17.3494 17.4929 17.5499 19.5959 20.7605 17.1756 20.1990 16.6733 14.2127 17.1464 17.5214 16.8819 20.0998 31.4960 30.0333 30.8869 30.2655 31.6702 29.0861 32.1403 28.7228 30.1330 30.8545 28.6531 30.6757 29.2233 30.6105 31.5119 31.5119 31.5436 30.2490 32.2025 28.4605 30.9192 32.4500 31.0322 29.9333 30.0998 32.9848 31.1448 31.1769 34.3802 29.5296
10.5357 12.8452 14.1067 12.5300 12.2882 10.3441 13.3791 11.1355 13.8924 11.3578 10.8167 13.0000 14.5258 9.9499 15.1987 14.1774 13.7477 11.0905 11.9164 12.6886 0.0000 12.2882 12.9228 11.0905 14.1067 10.4403 12.0416 14.6629 11.4455 16.4621 27.1109 27.7308 27.3861 25.9230 24.5561 27.5318 31.0805 26.1151 28.1957 28.7228 28.8791 27.8209 27.5500 27.2029 27.8747 22.6495 24.5561 28.4253 31.6228 28.1603 27.6405 29.2404 26.6646 24.5153 26.5895 24.8395 25.4755 26.6646 31.2090 26.7395 11.7047 14.3178 10.7238 10.4403 12.2066 14.8997 13.6015 15.9060 12.6886 13.0000 12.0000 9.1104 11.1803 15.7162 10.3441 9.8489 12.7671 14.1067 13.2288 14.7309 11.7898 11.3137 14.3875 11.4455 11.8743 10.7703 10.2470 10.5830 11.6190 13.2288 16.9115 14.0712 14.0357 18.1934 15.3297 14.1421 11.4018 14.9332 14.3527 17.3205 13.8203 18.3848 17.4356 15.7797 14.0357 13.7113 15.0665 16.6132 15.0000 14.1774 16.7033 17.0880 13.7113 16.0312 13.3791 12.2882 15.1327 15.4919 12.2474 16.0935 26.4764 24.8797 24.5561 24.5153 27.6767 25.7099 26.1534 22.7156 24.5967 25.7488 24.0416 26.0000 23.2164 25.6515 24.9399 26.3818 27.9643 26.2679 26.3059 23.8956 25.9422 26.3818 25.4165 25.9808 25.5539 28.0179 25.4362 25.1197 30.0167 25.7099
13.3417 15.3623 16.3095 18.0555 13.5647 17.7200 14.6969 11.0905 13.4907 14.0712 15.4919 12.2474 12.6491 12.2474 15.7480 19.0263 15.3623 16.2481 15.8430 16.3707 12.2882 0.0000 17.5499 15.1658 15.5563 12.4900 12.5698 20.4450 15.4919 18.5472 29.5973 29.1890 28.7924 27.6586 27.6405 27.2580 32.7261 27.6948 29.3598 30.4631 30.2490 29.3087 29.0861 28.9310 30.6268 25.9230 26.9815 29.1376 33.7194 29.2575 30.1164 30.9516 28.7402 25.4165 28.1069 27.3130 26.6458 28.0357 32.1092 27.5681 11.9164 13.7840 17.6635 14.2127 13.0384 14.7309 17.7764 17.8885 17.0294 17.3781 18.2483 14.0712 14.8324 17.3205 12.8062 14.8997 13.5647 16.4924 14.1421 15.9374 13.7840 13.8924 16.4924 14.1421 19.7484 15.9687 17.2047 12.9228 16.5529 18.3303 19.4165 18.9473 17.7764 19.9499 20.2978 18.3030 17.3494 18.3848 19.4679 20.3224 16.9115 20.5670 18.7350 18.0000 17.0880 17.1172 16.9115 16.1555 18.7083 16.5529 22.8035 18.8414 17.5784 19.8997 17.3205 15.1658 16.4317 20.7605 16.1555 17.4929 27.7128 27.5318 27.3496 26.1534 30.4138 27.0555 27.4408 24.5561 26.4953 27.3496 25.3180 28.1247 25.3377 26.5518 28.4429 27.8388 28.9655 25.9037 28.5132 24.6577 27.8209 27.8388 26.4008 29.1890 27.6043 30.0000 27.6043 26.1151 29.5973 27.3130
11.7473 16.1245 15.6205 14.1421 14.6969 13.0384 12.8062 11.6190 14.6287 13.9284 14.4222 16.7929 18.4391 15.8114 16.3707 14.9666 15.2971 12.9615 11.5326 16.1245 12.9228 17.5499 0.0000 14.0000 14.8997 11.0454 15.3623 11.6619 15.6205 17.3781 28.4605 28.1069 26.1725 26.9258 24.2487 26.7021 29.9500 26.2869 27.3130 29.7321 27.3313 28.4781 25.4951 25.5539 27.6767 23.2379 24.9800 25.6710 32.1714 28.5307 24.6374 27.7489 24.5764 24.7386 25.5343 26.6458 26.2298 25.8844 30.3480 25.0200 16.7929 15.0333 18.3848 14.2829 13.9284 16.7631 14.8324 11.3137 14.6287 15.6205 13.3041 12.9615 10.0995 14.1421 14.1421 11.3137 14.6287 13.4164 14.4222 16.5529 12.8062 16.2788 16.7929 12.5698 17.3781 14.7986 14.9666 12.2882 11.1355 8.2462 14.6629 15.1987 13.7840 15.1658 16.8523 13.8203 15.3948 17.2047 17.9722 16.5831 17.3781 13.8203 19.0000 15.9374 16.7929 15.3297 14.9666 19.9249 17.7764 14.4914 14.2829 16.4621 16.0935 19.0788 16.9115 15.5563 15.2315 16.1555 17.4642 14.6969 26.9072 24.3721 24.6982 26.4953 26.0960 26.3818 27.4044 22.3383 23.9165 26.1534 23.7697 25.0000 23.4521 24.3516 24.9199 25.1595 27.2580 25.2784 27.1846 24.9399 25.6905 26.5895 25.1992 25.4951 25.1794 27.6043 28.2135 26.2298 28.0357 23.6220
14.8324 15.4272 13.4907 16.3707 16.2481 14.1421 12.7279 11.0905 13.7840 10.8628 15.4919 11.6619 17.3205 11.8322 12.0000 17.7200 16.0624 10.1980 15.0000 17.0880 11.0905 15.1658 14.0000 0.0000 7.8740 13.2665 14.4914 16.3707 15.8114 15.2315 28.7054 28.2489 29.4109 27.2580 26.0000 28.3725 32.2335 26.4008 29.2575 29.7658 29.3087 28.2666 27.2764 27.8747 28.0000 23.7908 25.5343 28.0891 33.0606 29.7658 28.7576 30.0666 27.1293 26.2298 27.4591 26.3059 26.9444 28.0357 31.7333 26.8328 15.5563 15.6205 15.0997 12.8062 13.2665 18.3576 14.2127 17.8326 15.3623 14.2829 14.1774 9.8995 10.6771 15.6844 10.8628 10.8628 12.7279 11.9164 15.8745 19.8997 13.1149 12.1244 18.1108 13.6382 17.7200 14.7309 13.6382 11.7898 15.3623 12.8841 17.9165 14.9332 16.0000 18.6011 17.4356 13.6015 15.8430 17.9444 18.9473 19.1050 14.4914 18.7350 20.7123 18.1108 17.3781 13.2288 16.7332 18.8944 16.3707 13.0384 19.4422 17.1172 13.5277 17.9444 15.5563 15.9374 17.2047 16.6433 14.7986 16.9115 28.2135 26.2298 24.9800 26.0000 28.3725 28.4605 27.2580 22.9565 25.5734 27.5318 25.7488 27.7669 24.6577 26.0960 24.6779 28.4077 28.4429 27.5862 27.3313 25.5734 27.1662 27.6586 26.6646 26.8328 27.4591 29.9333 26.4953 25.6905 30.5941 27.3496
14.8997 14.9666 14.8324 15.4919 15.8745 15.6205 12.5698 12.6886 11.3137 13.8564 16.1864 11.2250 18.2209 14.6969 9.6954 17.8326 15.8114 13.1149 16.0935 18.6011 14.1067 15.5563 14.8997 7.8740 0.0000 13.4164 13.0384 15.3623 14.7648 12.7279 28.9482 27.5681 28.1247 27.1109 25.4165 26.6271 31.8277 25.6320 27.3861 29.2916 28.1247 28.1603 25.3772 26.3249 26.9072 23.5372 24.8596 25.9808 32.8481 29.3258 26.9258 29.7321 25.4951 25.7682 26.0000 25.4951 27.4226 27.0924 30.4795 25.1396 15.9374 14.3527 15.9374 15.6205 13.8564 15.3297 16.6132 17.4929 14.4222 13.4907 13.1529 13.6382 10.8628 14.9666 11.4891 12.6491 14.7648 11.6619 16.4317 21.4009 10.9545 13.4536 16.6733 12.4900 20.0998 16.3401 15.7480 11.4455 15.4919 12.7279 18.3030 16.5227 16.1864 16.2481 19.0263 15.1987 17.7482 19.7990 20.7605 17.6918 17.3205 17.0587 19.7231 17.7764 18.3848 13.3791 16.7929 19.3649 16.6132 11.5758 19.9499 16.8226 13.8203 18.5472 17.2627 16.1864 19.0788 17.8606 15.9687 15.8745 27.6043 26.2298 25.2982 26.1151 27.0740 28.9137 27.1109 21.8403 24.3311 27.2029 25.1197 26.9258 24.6577 24.6779 24.2281 28.0179 29.3087 26.2488 27.6225 25.2587 25.8070 27.9106 25.4362 26.4953 26.4953 29.0172 26.6083 25.5734 29.3258 25.6515
9.0554 12.4097 12.9615 12.3288 8.9443 12.7279 10.8628 8.1854 11.4018 11.1355 10.6771 11.9164 14.5602 12.3288 14.0712 13.4164 10.0995 13.7113 8.0623 12.7279 10.4403 12.4900 11.0454 13.2665 13.4164 0.0000 10.0995 11.4891 11.2250 15.6844 26.8701 26.7208 25.6710 25.7099 25.0200 25.6320 29.2404 25.3574 26.0000 29.2916 26.8514 27.2580 25.1396 24.9199 27.0924 22.3159 23.8328 25.8263 31.2570 27.8209 25.7488 28.4956 24.9800 22.7596 24.5357 25.4165 24.4131 25.3772 29.2404 24.6577 9.2736 14.7648 15.0997 11.5758 8.2462 12.1244 12.7279 11.4018 10.8628 12.4900 13.6015 10.5830 9.7980 12.1655 11.0454 9.4868 11.4018 12.5698 12.0000 12.8062 9.3808 12.4499 16.5529 9.6954 15.9374 12.6886 12.3288 10.6301 9.8995 12.0000 13.0767 13.8924 11.8322 13.4164 14.5602 13.8203 13.5277 15.4272 15.1327 16.1555 14.0712 16.3401 15.5242 13.4907 12.1655 12.2882 12.9615 14.9332 15.2971 12.6491 14.9666 15.7162 14.3875 16.0000 13.4164 12.8841 12.5698 14.1067 12.7671 13.3417 25.4558 23.8328 24.7386 23.5372 25.2389 25.2587 25.2784 21.1896 22.4054 23.9165 22.2935 25.5147 23.0651 23.8118 25.4362 24.1039 25.9037 22.7376 25.2389 22.2261 24.2487 25.3574 23.4734 25.0599 24.3311 25.8070 26.2298 24.8596 26.9072 22.6274
12.9615 10.0000 14.6969 10.7703 10.4881 13.5647 10.5830 12.0416 8.0000 12.7279 11.0454 10.9545 14.4914 13.2665 13.5647 14.4914 15.0997 13.7840 14.1067 16.0000 12.0416 12.5698 15.3623 14.4914 13.0384 10.0995 0.0000 12.4097 10.4881 11.8322 25.4951 25.7294 24.3926 24.2281 23.5797 23.3880 29.1376 23.8956 25.6125 26.6458 25.9422 25.2389 23.6220 24.7992 26.0000 21.2132 22.4499 23.9792 30.6431 25.1794 24.5967 27.6043 23.9165 22.9783 23.1084 23.0217 24.8998 23.8328 28.5832 23.1948 8.8318 15.2971 12.8841 13.1149 10.5830 10.3441 11.8322 13.3417 12.5698 10.9545 13.4536 14.8324 14.0000 13.7840 10.2956 10.0000 13.5647 11.3137 12.2474 13.4164 8.9443 11.0905 14.4914 9.5917 16.9115 13.1529 12.2474 10.6301 11.1355 14.2829 16.8819 15.0665 12.0830 15.5563 15.6844 14.5945 14.7986 15.0997 17.0000 13.9642 16.7332 14.2478 13.6015 15.9374 13.9284 13.3041 12.3288 15.5885 14.1421 13.3417 18.2757 14.9332 14.5258 14.0712 12.2474 12.1655 15.6205 15.2643 11.7047 14.4914 24.6982 24.2074 24.6577 22.1359 25.7876 24.7386 25.4362 22.0681 21.5870 23.9165 21.0000 23.4307 22.9783 23.3024 25.6710 24.0208 26.6646 21.5174 26.7395 23.3666 23.2809 24.6779 23.5160 24.7386 24.0416 25.4165 24.4949 24.1661 26.6458 22.6716
14.0000 13.2665 16.4924 10.2956 12.2474 12.0000 12.7279 14.9332 12.9615 15.9374 13.6382 17.8885 20.2485 18.1108 16.7929 12.4900 16.0624 15.4919 11.9583 16.1245 14.6629 20.4450 11.6619 16.3707 15.3623 11.4891 12.4097 0.0000 11.8322 14.6969 26.7955 27.0924 24.4336 25.3969 23.5797 25.1992 29.5804 24.9600 26.1916 28.8791 26.8887 27.3313 23.6643 24.5153 25.3772 21.9089 22.9347 24.7992 31.2890 27.1662 23.6432 28.0713 23.3238 24.2487 23.7487 24.6982 26.7582 24.8596 29.5127 24.1661 15.9374 18.7083 15.4272 14.6969 12.4900 13.6015 13.0384 12.4900 12.7279 13.5647 11.8743 15.8114 14.4222 13.1909 14.2829 11.4891 16.3095 13.4907 14.6287 15.4919 12.8062 15.2643 16.6733 10.8628 16.1245 15.1987 13.4164 13.1529 11.2250 11.2250 14.3178 14.3875 12.4097 13.4164 15.4919 14.5945 15.4596 17.0294 17.4642 13.3791 18.0000 14.1774 16.5831 16.0000 15.4919 13.6015 13.1149 18.3576 15.8745 12.5698 13.9284 15.5885 15.1987 16.4317 13.6382 13.4907 16.5529 12.5300 14.4568 15.2315 25.8844 23.5797 24.4949 24.6171 24.0208 26.0000 27.0740 21.9773 21.6333 24.4949 21.6102 23.3452 23.4094 23.8537 24.2693 23.9792 27.1846 23.8537 26.6646 24.7386 23.3238 25.6710 24.2281 24.0000 24.4949 25.5343 26.8328 26.6458 27.9285 21.9545
11.7473 12.5698 14.8997 11.4018 11.5758 13.1909 14.0712 13.5277 11.9164 14.7648 12.3288 14.1421 17.4356 16.0624 16.9115 12.0830 12.6491 15.6844 11.2694 14.7648 11.4455 15.4919 15.6205 15.8114 14.7648 11.2250 10.4881 11.8322 0.0000 14.8324 27.2029 28.4605 27.6586 26.2869 25.0599 26.7021 32.3265 26.7021 28.0713 28.6705 29.3769 28.3725 27.0555 27.7669 28.0000 23.4947 24.8998 27.8747 32.4808 28.5657 27.2213 30.3645 26.3818 25.4165 26.0768 25.5734 27.2764 26.9072 31.3847 26.0000 12.3288 16.4924 12.0830 13.6382 11.0454 12.0416 15.0997 13.1149 11.4891 11.3137 13.7477 14.0712 14.8997 14.7648 13.1149 11.7473 14.0712 14.4222 14.6287 14.4914 11.7473 13.7477 13.8564 10.5830 13.1149 15.3297 12.5698 12.8452 10.9545 12.4900 16.8819 16.4012 14.2127 16.2481 17.2047 16.8226 13.7477 16.9706 15.8430 16.6433 17.2627 17.6352 15.7162 15.5563 15.4272 13.3041 14.8324 17.2916 16.9115 14.5602 17.4929 17.8606 13.8924 16.4317 13.8564 12.8062 16.1864 14.7309 13.8924 16.9115 26.8328 24.7790 25.2587 24.9800 27.9464 25.8070 27.6948 23.3024 23.9583 26.0768 22.7816 25.3969 24.9399 25.5147 26.4764 26.0576 29.3769 25.3574 27.9464 25.1794 25.8844 26.6271 26.0192 26.3818 26.0000 28.3901 26.4575 26.6083 29.5635 24.7790
14.7648 12.0000 13.0384 12.8841 14.0000 14.6969 15.6205 16.6433 11.4891 18.8149 13.5647 16.9115 17.7764 18.4391 10.8628 13.7113 17.8885 18.3303 17.5214 16.2481 16.4621 18.5472 17.3781 15.2315 12.7279 15.6844 11.8322 14.6969 14.8324 0.0000 30.1662 29.8664 27.4408 28.4429 25.2190 28.0179 32.3265 26.6271 29.3258 29.8664 28.5132 28.7228 25.8844 27.5136 28.8097 24.8596 24.6982 25.8263 34.2199 30.6920 25.8650 31.4960 25.5343 27.8568 27.8568 25.8070 29.0517 27.6767 31.4802 25.8844 17.1464 16.4924 15.7480 16.5529 14.9666 15.1987 14.5602 17.6635 16.8523 14.0712 13.9642 19.1311 15.4919 14.8997 13.9284 12.6491 18.4391 12.7279 15.5563 20.8327 14.2829 16.7631 15.2971 12.3288 20.2485 15.0000 15.0333 15.6525 12.6491 13.4164 23.0868 17.5784 16.4924 19.5959 20.4450 17.4069 16.6433 19.0263 21.0476 17.4069 17.8885 14.1774 20.7605 19.5959 19.4422 14.8661 17.7764 21.6102 15.8745 15.7480 22.0000 20.1742 15.5885 20.8327 18.1659 17.4356 21.0713 19.0526 17.6918 19.6469 28.9482 26.9072 28.6705 27.4591 27.9464 26.7208 28.8964 25.8650 26.9444 28.5657 25.7876 25.6710 27.1293 25.9808 27.2580 27.9821 30.5123 27.4044 29.8496 27.1293 27.7849 28.2312 28.1957 26.5330 26.9444 30.2655 28.4605 27.5318 30.4302 25.9230
29.0861 27.2764 29.8664 26.9815 29.1548 27.2764 24.5764 27.8747 27.0555 26.7208 27.1293 29.3598 31.5911 27.5318 30.8869 29.5635 28.1069 26.9072 28.4429 32.5576 27.1109 29.5973 28.4605 28.7054 28.9482 26.8701 25.4951 26.7955 27.2029 30.1662 0.0000 8.9443 13.8203 7.2801 12.0000 15.1987 15.4596 9.9499 14.1421 12.3288 14.3875 12.2066 17.2047 15.0000 19.0788 11.0454 12.0000 16.1555 12.2066 11.6619 17.3494 12.6491 14.0000 12.6491 11.6619 11.9164 12.7279 13.1909 13.0000 12.0830 25.2982 27.3861 23.7065 24.0832 27.7489 26.1343 24.6982 24.4949 26.9072 22.0907 24.0208 24.9800 27.1293 22.6274 23.7065 24.8998 26.7208 26.3439 24.6982 25.3377 25.2587 23.4734 28.3549 26.5330 24.2487 24.1454 21.9089 25.3180 25.3377 27.8568 23.0000 19.0000 19.4936 22.5389 21.6333 19.6723 22.1133 25.1396 20.5670 23.1301 25.1794 24.6374 20.4206 20.2485 20.4450 24.3516 22.1359 25.5930 21.9545 24.7790 20.7846 24.9199 21.5639 21.9545 20.4939 23.4094 20.4450 19.7737 22.0227 20.5913 12.3288 14.1421 11.5758 9.5917 18.7350 16.6132 13.0767 15.3297 12.2474 9.3808 14.1774 14.2478 15.2971 18.3030 16.6433 15.1327 12.0416 15.1327 14.5258 16.2481 12.8062 15.5242 13.9642 12.4900 11.4891 14.8997 11.8322 11.9164 13.4907 14.2127
29.0517 27.7489 29.8664 28.0000 29.5635 28.1425 25.3772 28.1957 26.4953 27.1293 27.5318 28.9482 32.2490 28.1069 29.0861 31.0161 27.6043 27.8568 29.3087 33.2866 27.7308 29.1890 28.1069 28.2489 27.5681 26.7208 25.7294 27.0924 28.4605 29.8664 8.9443 0.0000 12.8452 8.8882 12.3288 12.2066 13.3041 8.0623 11.4891 12.6491 10.0499 10.5357 13.0384 12.0416 16.5529 9.0554 11.7473 14.2478 11.5326 11.6619 14.5945 9.8995 11.4018 9.8995 10.4881 9.8995 12.0000 9.5917 11.1803 10.9545 26.1151 26.6083 24.8998 24.7790 27.8209 25.4755 26.1151 26.1151 26.9444 23.3238 23.6432 25.6515 25.5343 22.4499 24.0832 25.8070 26.9815 26.5707 26.0768 27.2029 24.2899 24.8395 28.5657 26.4575 26.1534 24.6779 23.8747 24.2693 26.0768 27.6405 23.5160 20.8087 20.3470 22.3607 22.6274 20.4206 23.6432 27.6405 22.6053 23.3452 26.3439 24.3926 22.5610 21.3073 22.4054 24.7588 23.5372 27.2947 23.1948 24.3311 22.4054 26.0192 22.8692 23.6643 22.8035 23.9583 21.6795 22.0681 23.3880 20.5426 10.1980 12.9615 12.0830 11.6619 15.5242 16.3095 10.7238 12.0416 9.4868 9.6954 12.2066 13.2288 12.4097 13.6015 14.7986 14.0357 14.6629 12.6095 12.7671 12.5698 10.0995 14.6629 11.2694 10.2956 10.3923 12.1655 9.8995 8.9443 10.2956 11.9164
27.3679 25.5930 29.5804 25.0799 26.8142 25.8650 24.9600 28.1425 24.8797 28.2666 26.2488 30.2159 31.2890 28.6880 28.4429 28.7576 27.6586 27.9821 28.6007 31.2250 27.3861 28.7924 26.1725 29.4109 28.1247 25.6710 24.3926 24.4336 27.6586 27.4408 13.8203 12.8452 0.0000 10.8628 12.7671 11.0454 12.1655 9.0554 12.2066 15.1987 11.2250 13.4164 13.8924 10.0000 16.0935 13.0767 11.6190 10.8628 13.3417 11.9583 10.6771 11.9583 9.7468 11.3578 11.6190 13.0767 14.5258 10.7238 12.5698 11.0905 26.4008 24.5967 24.3105 23.9792 27.5136 22.9347 24.9600 23.4307 26.9629 23.2594 21.7256 26.7021 25.7876 19.8746 24.4745 24.5967 28.3019 25.6320 22.9129 24.7992 24.0208 25.1794 25.0400 24.4745 25.2389 23.2379 22.5167 23.5372 23.9374 26.5518 23.4947 19.7484 19.1572 20.9045 23.1733 19.6469 22.7156 25.8650 22.4054 19.8494 25.7488 20.6882 20.8806 19.6214 21.4243 24.3721 20.8567 25.2587 21.1896 23.0000 21.0476 24.2899 22.3159 24.2281 22.8692 23.0000 22.2935 22.0000 22.7596 20.0749 13.2288 15.0000 16.2173 14.0357 13.1909 16.6433 14.7648 14.3527 12.3693 11.0000 15.0333 11.7473 14.3178 16.1245 16.2481 13.7113 14.6969 13.2665 14.5602 15.7797 10.1489 14.6969 11.2250 12.2066 10.4403 11.5326 16.8226 13.3791 12.6095 11.1803
