0.0000 7.1833 5.3679 3.8972 5.0416 3.1530 5.2617 5.5806 7.5950 4.4746 4.0993 5.7413 4.6054 3.5759 2.6587 3.3989 3.2897 2.8353 3.7971 9.2348 5.8255 3.7452 3.5351 3.3459 4.5171 4.6239 4.6121 2.6926 6.6867 4.8970 30.2326 30.5147 31.4952 29.9107 30.4557 30.1448 29.8649 29.9454 28.2186 30.5141 30.3817 30.2440 30.1804 30.3441 29.2865 30.1972 27.6976 31.4486 28.9098 30.0647 30.8827 30.1973 30.6646 29.0799 29.0437 29.7843 30.1202 29.5654 29.9320 31.7534 4.7600 2.5602 4.4023 6.1395 3.5922 5.3469 4.5091 3.4185 2.7050 7.6235 7.1818 3.7815 3.9120 4.0181 4.0068 3.5926 3.0105 3.8069 4.8957 3.9095 2.9106 6.1869 2.2584 3.2915 3.9819 8.8982 3.3543 5.6211 4.0459 3.7504 8.2440 15.7394 13.0059 16.8528 14.6302 9.4391 20.1285 14.8004 8.1132 8.8590 21.3568 13.0971 13.8030 7.7318 14.9905 7.5585 9.2767 17.3731 12.4762 16.8802 12.5272 10.6083 10.7640 16.9999 17.0263 11.4368 12.0569 13.4626 10.9385 13.1586 18.4448 18.0074 19.0847 22.8408 17.8087 21.1273 22.0707 21.1753 21.3938 21.2765 21.2289 19.5343 21.6240 20.7779 17.3374 18.7161 20.5845 21.5984 18.4692 20.9499 20.7626 20.3693 17.1731 19.3813 17.7297 22.9616 17.1752 23.6147 22.1426 22.0147
7.1833 0.0000 7.5425 7.5335 6.4883 7.4731 7.0576 8.7122 8.0144 6.2969 5.1365 7.1309 6.8750 7.7174 7.1923 7.1315 8.1014 6.6598 8.1479 9.4465 9.5831 8.2010 8.1614 7.0118 7.0665 5.0018 7.9988 7.5233 7.8255 8.1260 29.6420 29.9958 30.9097 29.5528 29.9397 29.5959 29.4414 29.5325 27.7861 30.2232 30.0245 29.8518 29.7165 29.9015 28.8626 29.6949 27.4908 30.8426 28.5500 29.6119 30.4604 29.6106 30.1543 28.6416 28.4891 29.3353 29.6371 29.1195 29.6325 31.2614 6.9116 7.0647 8.7118 4.4259 8.0959 8.1289 9.3270 7.3464 7.9621 8.5338 8.8150 8.1841 8.5252 8.5520 7.7684 7.8806 6.9957 8.0638 9.0693 8.7787 7.4618 8.2471 7.2891 7.3348 8.7390 7.9509 8.1238 9.7429 6.8900 7.0630 11.4039 15.4299 15.6896 16.8702 14.8953 12.0594 21.6649 14.2741 11.2064 11.3953 21.0034 12.8507 15.9306 10.5991 14.8645 11.0132 12.1083 19.2142 13.0204 18.9044 12.6736 11.6138 13.4952 16.9841 16.7370 13.5736 11.8825 15.1519 11.2447 15.2114 18.2462 18.5541 19.5255 22.4787 18.4797 21.0440 21.7725 20.8396 21.2758 20.7686 21.0296 19.1407 21.2502 20.3905 17.1600 18.5131 20.3457 21.7535 18.1061 20.8313 20.8079 20.0259 18.2309 19.4412 18.8132 22.4553 19.0476 23.0727 22.2025 21.7668
5.3679 7.5425 0.0000 5.0495 3.7201 5.1394 6.5989 6.1628 4.7586 5.1564 6.4387 4.3016 5.4624 6.3893 4.9621 5.6677 6.8073 6.0188 6.5960 5.3446 8.1510 7.4147 7.6145 5.2338 6.2396 5.9916 6.2527 6.3015 4.7334 4.4816 29.4054 29.8546 30.5997 29.4192 29.6797 29.2887 29.1983 29.3840 27.5947 29.9252 29.9051 29.7975 29.5329 29.8057 28.6363 29.5079 27.3027 30.5766 28.3544 29.3913 30.2838 29.5339 29.9044 28.6049 28.1910 29.0478 29.5119 28.9652 29.5537 30.9925 4.2808 5.9711 8.7178 6.5028 5.7226 5.7762 8.2939 5.5684 6.5408 10.7181 9.4332 7.4465 7.1699 8.6971 6.1672 7.6064 5.7529 6.0193 8.8941 8.1841 6.0946 9.2665 6.2979 5.1470 8.0170 11.0317 6.8975 9.3661 4.6014 4.6688 10.3572 16.6430 14.5023 17.7226 16.0496 10.8289 20.5183 14.7251 10.4381 10.3462 21.6717 14.1538 14.5109 9.7070 16.1485 10.9218 11.2878 18.1181 13.8758 17.8770 14.0570 12.3351 12.4985 17.9251 18.2308 11.8928 13.4465 13.9430 12.8489 13.5758 19.4183 18.4460 19.5713 23.2942 18.2511 21.8678 22.8238 21.6863 21.7455 21.5830 21.8774 19.9024 22.0799 21.4610 17.7284 19.7641 20.8342 21.9501 18.8229 21.6451 21.0979 20.9562 17.6436 20.0295 17.7911 23.2738 17.3441 23.8169 22.2045 22.5654
3.8972 7.5335 5.0495 0.0000 5.0966 4.7348 4.4834 5.1320 6.3086 4.3670 5.5082 5.9257 4.0825 4.4749 3.7879 3.8343 4.6431 4.2340 4.7284 7.8254 6.3232 5.0339 5.0283 3.6235 4.3807 4.3081 4.8873 4.4872 6.3948 4.4527 29.1802 29.4679 30.4569 28.8979 29.4270 29.1357 28.7585 28.9148 27.1961 29.4762 29.3595 29.2577 29.1458 29.3716 28.2291 29.1527 26.7010 30.3820 27.8712 28.9901 29.8545 29.2204 29.5653 28.1124 28.0109 28.7115 29.0991 28.5492 28.9326 30.6707 4.8243 3.7514 5.9884 6.3985 3.4826 4.9999 5.9458 3.4143 4.0831 8.4980 6.9944 4.6661 4.7186 6.0955 3.5166 5.7432 3.4806 4.3374 6.1788 5.6514 3.8270 6.5375 4.7239 4.0391 5.5882 9.0689 5.4005 6.5826 3.5984 3.4277 8.2963 15.2109 12.3857 16.2646 14.0409 8.9175 19.4559 13.5627 7.8470 8.4272 20.6823 12.4220 12.8658 7.2031 14.3812 8.0444 9.0786 16.9267 12.0062 16.4316 12.2832 9.9554 10.0974 16.4895 16.7344 10.4730 11.7647 12.4358 10.8752 12.1002 17.7475 17.2394 18.2067 22.0203 16.9719 20.4080 21.2973 20.4389 20.4806 20.2890 20.5730 18.7699 20.8604 20.1085 16.3905 18.1482 19.6084 20.6619 17.6496 20.2437 19.8515 19.7585 16.1516 18.5984 16.6419 22.1069 16.2381 22.7488 21.2104 21.2544
5.0416 6.4883 3.7201 5.0966 0.0000 5.1257 5.7116 6.7522 5.0361 4.2188 5.8406 3.8159 4.6564 6.0622 4.5998 4.8737 6.4085 4.9835 6.1372 6.3160 8.1444 6.8288 6.9298 4.8555 5.2635 5.5811 5.9021 6.0677 4.8940 5.4574 30.1274 30.5574 31.2895 30.2157 30.4460 30.0224 29.9666 30.1011 28.4314 30.7371 30.6384 30.4976 30.2944 30.4512 29.4340 30.2555 28.1803 31.2764 29.1452 30.1667 30.9922 30.1556 30.6862 29.2983 28.9699 29.8098 30.2621 29.6976 30.3137 31.7168 4.1983 5.1967 7.8269 6.7980 6.1495 6.4232 8.3004 5.5428 6.5685 10.7500 9.5971 7.0575 7.2133 7.8853 6.0108 6.8809 5.1421 6.1755 8.2419 7.6734 5.5758 9.3331 5.4822 5.4937 7.5464 11.1653 6.6841 9.0296 4.4344 4.0743 10.5518 17.1193 15.1110 18.4655 16.3618 11.2460 21.0587 15.2633 10.5382 10.5338 22.1102 14.5559 15.2528 10.0372 16.6028 10.6135 11.4909 18.6362 14.5297 18.4012 14.4008 12.8173 12.8600 18.3709 18.4080 12.7098 14.0409 14.4289 13.1258 14.4725 20.0274 19.3791 20.2917 23.8080 19.2600 22.4135 23.2866 22.2501 22.3901 22.1751 22.4281 20.5748 22.5287 21.8323 18.5590 20.3245 21.6116 22.6171 19.6436 22.2430 21.9123 21.4078 18.6024 20.7852 18.9027 23.7098 18.3305 24.2953 22.9194 23.1183
3.1530 7.4731 5.1394 4.7348 5.1257 0.0000 6.2134 5.2633 7.8966 4.9785 4.6745 6.1923 5.4620 4.7422 3.4569 4.4627 4.2833 4.0186 4.0992 8.5081 5.3415 5.1195 5.0963 3.5686 5.9199 5.1898 4.7454 3.6675 6.4958 4.3988 29.5209 29.9625 30.7526 29.4075 29.8296 29.4169 29.2590 29.3657 27.6066 29.9590 29.8698 29.6764 29.5675 29.7214 28.7012 29.5962 27.2162 30.7497 28.3386 29.4762 30.2895 29.5117 30.0505 28.5021 28.3525 29.0795 29.5539 28.9355 29.4355 31.0948 5.3596 3.6786 5.4774 5.9961 4.3412 5.7918 5.2124 4.4171 4.1843 8.2921 7.8505 5.3320 4.8973 5.4815 4.4454 4.7949 3.8913 3.3924 6.0177 4.9286 4.8812 6.7580 3.3361 3.5647 4.8340 9.4175 3.6812 6.3921 4.5641 4.6331 8.2602 15.7098 13.2186 16.6133 14.7392 9.4669 19.8532 14.8049 8.6895 8.8699 21.1028 13.2370 13.7236 8.0686 14.8785 8.0488 9.3188 17.2184 12.5441 16.8166 12.3957 10.8632 11.0634 16.7681 16.9091 11.3424 12.2383 13.2013 10.9469 13.0660 18.3912 17.6666 18.7887 22.6171 17.5847 20.9573 21.8889 20.8822 21.1347 21.0577 20.9421 19.1406 21.2462 20.5217 16.9535 18.6035 20.3213 21.3021 18.0548 20.7685 20.4986 20.0066 17.1248 19.2460 17.4481 22.6065 16.8610 23.3125 21.7836 21.7610
5.2617 7.0576 6.5989 4.4834 5.7116 6.2134 0.0000 6.5359 5.9271 4.0718 6.6775 6.4605 4.9554 6.0965 5.2530 4.7601 6.1296 4.2371 6.9363 8.5399 7.8933 6.1131 6.2643 5.2482 4.3339 4.9523 5.8763 5.8777 6.5320 6.0227 30.5717 30.8340 31.8143 30.3019 30.7494 30.5255 30.2293 30.3731 28.6087 30.9032 30.8261 30.6760 30.5702 30.7786 29.6678 30.5482 28.1029 31.7590 29.2640 30.4175 31.3202 30.5815 31.0133 29.5189 29.3555 30.1877 30.4677 29.9716 30.3750 32.1483 4.8532 4.3221 6.5144 7.5234 5.6938 6.0131 7.5543 4.9360 5.4748 9.3633 7.7604 5.3600 6.0748 6.2509 5.0720 5.8929 4.2324 6.4416 7.1360 6.6520 5.3990 7.9327 5.4009 5.0230 7.2773 10.2222 6.6148 7.5812 3.8756 5.3656 9.8371 16.3746 13.7655 17.5389 15.0026 10.2078 20.6286 13.9345 9.2048 9.9529 21.8573 13.3488 14.0988 7.8563 15.7872 8.9637 10.3102 17.9335 13.4344 17.5727 13.4584 11.3943 11.4233 17.9802 17.8752 11.6357 12.9805 13.4399 12.2572 13.2532 19.0866 18.6697 19.6868 23.4033 18.2654 21.8550 22.7947 21.8651 21.9901 21.7540 21.9507 20.2401 22.3519 21.4875 17.9016 19.5369 21.0963 22.1730 19.1223 21.5673 21.3586 21.0149 17.4364 19.9336 18.1116 23.5438 17.7095 24.1670 22.6239 22.7372
5.5806 8.7122 6.1628 5.1320 6.7522 5.2633 6.5359 0.0000 7.7857 5.6803 6.6938 7.8266 5.3337 5.4798 6.2260 6.0283 5.4699 6.1385 5.2436 8.4293 4.6613 6.4853 6.6022 5.1573 6.4969 6.4496 5.9221 5.6843 7.1200 4.6348 26.9341 27.2430 28.0978 26.7985 27.1275 26.7460 26.6095 26.6574 25.0965 27.3656 27.2418 26.9989 26.8991 27.0325 26.0253 26.9269 24.5938 28.1126 25.6939 26.7887 27.5883 26.8456 27.4410 25.8342 25.7257 26.4368 26.8772 26.2548 26.8082 28.4320 6.2187 5.6755 7.6003 6.6880 4.5214 5.0967 6.6642 4.8213 5.6331 8.3370 6.7446 6.0546 5.3446 7.5845 4.0143 6.1546 4.9240 5.3811 6.8556 7.3052 6.5033 6.3125 6.1115 4.7210 6.5791 9.4463 6.4346 6.1463 4.7834 6.0736 6.8725 13.1141 10.3242 13.9869 11.9318 6.9839 16.5935 11.4161 6.7166 7.1299 18.0527 10.6677 10.6011 6.1900 12.5041 6.9983 7.3783 14.0708 10.2228 13.7224 10.3091 9.1294 8.6971 14.1303 14.3994 8.3026 10.3900 9.9473 9.4799 9.8954 16.3481 15.4766 16.1860 20.0722 15.2289 18.5583 19.6101 18.4078 18.5326 18.5333 18.3558 16.8509 18.7151 18.0562 14.6972 16.5334 17.8771 18.5639 15.9208 18.2377 18.0407 17.4740 14.6622 16.8055 14.9323 20.1027 14.1233 20.6517 18.9479 19.3213
7.5950 8.0144 4.7586 6.3086 5.0361 7.8966 5.9271 7.7857 0.0000 5.9220 8.4578 4.9277 6.4288 8.6713 7.1551 7.0765 9.0925 7.2781 9.2638 4.8132 10.4618 9.3323 9.6373 7.1202 6.6464 6.8702 7.9259 8.7026 5.1082 6.1697 30.2474 30.6283 31.4734 30.1967 30.4521 30.1339 30.0016 30.2658 28.3979 30.6987 30.7416 30.7275 30.4099 30.7652 29.4732 30.3223 28.1218 31.3778 29.1969 30.1945 31.1656 30.4946 30.6715 29.5539 28.9949 29.9511 30.3313 29.8650 30.4508 31.8445 4.9846 7.4460 10.6564 8.1885 7.7649 6.7766 10.6919 7.1961 8.6113 12.5208 10.7377 8.9789 9.1080 10.4075 7.6258 9.3735 7.2260 8.5562 10.8562 10.2748 8.0056 11.1395 8.3837 7.1797 10.5182 12.6398 9.2548 11.3283 5.3533 6.8238 12.3214 17.8542 15.8483 19.0009 17.1106 12.3078 21.6614 14.6743 11.9175 11.9936 22.7276 15.0211 15.4917 10.7890 17.4353 12.7127 12.9692 19.2893 15.3317 19.1480 15.6059 13.5646 13.8624 19.3952 19.7301 12.8241 14.8514 14.7970 14.6248 14.2207 20.5280 19.5854 20.7116 24.3738 19.1707 23.0630 24.0576 22.8900 22.8391 22.5008 23.1054 21.1686 23.3918 22.7462 18.8419 21.0931 21.7953 23.0570 20.0757 22.7973 22.1227 22.2485 18.3549 21.0585 18.6157 24.3889 18.3728 24.9016 23.2054 23.7873
4.4746 6.2969 5.1564 4.3670 4.2188 4.9785 4.0718 5.6803 5.9220 0.0000 5.8464 4.8379 4.0842 5.3758 4.8092 4.7701 5.6217 3.9176 5.4699 7.2552 6.8972 6.3482 5.8809 4.3677 4.9475 5.1819 6.0659 5.0760 4.9805 5.2237 29.9106 30.1958 31.0984 29.8471 30.1805 29.7859 29.6315 29.7281 28.1558 30.3794 30.2114 30.0646 29.9655 30.0513 29.0851 29.9509 27.7385 31.0683 28.7601 29.8513 30.6161 29.8675 30.4177 28.8813 28.7549 29.4906 29.9321 29.3584 29.8460 31.4528 4.1837 4.4258 6.4933 6.5347 5.6719 6.1535 7.4904 4.7169 5.3247 9.4431 8.5451 5.8437 6.3463 6.5844 4.2999 5.0078 4.1300 5.8368 7.0689 6.9350 5.0926 7.7979 4.9083 4.4461 6.7318 10.2363 6.2775 7.3887 3.7814 4.4203 9.4991 16.1998 13.9165 17.4896 14.9514 10.2746 20.1675 14.1346 9.2514 9.5954 21.2291 13.5097 14.2649 8.5193 15.5003 8.6687 10.0875 17.7580 13.3720 17.3321 13.1743 11.7665 11.7440 17.3603 17.3731 11.8198 13.1409 13.4566 12.1077 13.4975 19.1817 18.7226 19.4353 23.0114 18.5812 21.5186 22.3677 21.4502 21.6362 21.4304 21.5106 19.8818 21.7482 20.9437 17.7543 19.3782 20.9412 21.7738 18.9497 21.3639 21.1436 20.5583 17.7711 19.9343 18.2462 22.9479 17.6350 23.5643 22.2032 22.2963
4.0993 5.1365 6.4387 5.5082 5.8406 4.6745 6.6775 6.6938 8.4578 5.8464 0.0000 6.6387 5.5950 4.8642 4.3824 4.6502 4.9710 4.5729 5.2072 9.8731 6.7751 4.9781 5.2506 4.6755 5.3912 3.6555 5.6234 4.2770 7.8384 6.1146 29.1535 29.5320 30.4487 28.8704 29.4434 29.1104 28.8590 28.9309 27.1363 29.5255 29.3729 29.2053 29.1399 29.3142 28.2909 29.1732 26.7038 30.4170 27.9232 29.0467 29.8672 29.1239 29.6269 28.0392 28.0057 28.7680 29.0763 28.5289 28.9316 30.7217 6.2244 4.5180 6.0459 4.3066 5.0201 6.0907 5.7834 4.9687 4.6555 6.3848 6.6537 5.1896 5.1393 5.5001 5.2303 5.4307 4.4758 4.9798 5.9661 5.1792 4.5423 5.5592 4.0773 5.0918 5.2415 6.9719 4.6919 6.6301 5.4636 5.1562 8.7959 14.5343 13.2741 15.6252 13.7489 9.8120 20.0480 14.0943 8.6619 9.1484 20.3241 11.8919 13.9773 8.4454 13.7733 8.3383 9.7874 17.3372 11.4590 16.9133 11.3475 9.8034 11.0421 15.9001 15.7710 11.6693 10.6220 13.5309 9.7076 13.3702 17.2120 17.1668 18.2905 21.6542 17.0449 20.0111 20.8784 19.9637 20.3280 20.0929 20.0814 18.2494 20.4250 19.6321 16.2157 17.4250 19.4498 20.6699 17.2069 19.7871 19.7180 19.2115 16.7406 18.3753 17.2808 21.7887 17.3030 22.4729 21.2908 20.8591
5.7413 7.1309 4.3016 5.9257 3.8159 6.1923 6.4605 7.8266 4.9277 4.8379 6.6387 0.0000 5.9011 7.3122 5.5666 6.2364 7.6230 5.7590 7.4724 6.3466 9.5988 8.0218 8.0139 6.0371 6.3239 6.2507 7.5043 6.9048 4.3941 5.8466 31.0373 31.4217 32.2219 30.9630 31.2901 30.9219 30.8339 30.9697 29.2223 31.4706 31.4228 31.3629 31.1463 31.3502 30.2926 31.1280 28.8923 32.2046 29.9859 31.0068 31.8634 31.1248 31.5284 30.1951 29.8801 30.6852 31.1231 30.6007 31.1060 32.6061 4.0429 6.1362 8.8998 7.3977 7.0192 6.9123 9.2846 6.4381 7.0618 11.5531 10.4876 7.7654 8.1179 8.7049 6.8867 7.6509 6.4955 7.4595 9.6184 8.7402 6.3404 10.0456 6.3098 6.0303 8.7374 11.9035 7.7223 10.0736 5.4881 5.3928 12.0028 18.1899 16.0158 19.2525 17.2957 12.5245 22.0174 15.9846 11.6734 11.9322 23.0722 15.5816 16.2648 11.0034 17.6160 11.7258 12.8086 19.6627 15.3978 19.4050 15.4355 13.8126 14.0203 19.4496 19.5219 13.6380 14.9245 15.5205 14.3880 15.1569 20.9573 20.2139 21.3069 24.7916 19.9894 23.3836 24.2495 23.2656 23.3817 23.1599 23.3632 21.6196 23.6369 22.9512 19.5095 21.2417 22.5500 23.5781 20.6021 23.1738 22.7743 22.5272 19.3323 21.6650 19.6788 24.7742 19.3069 25.3249 23.8925 24.1070
4.6054 6.8750 5.4624 4.0825 4.6564 5.4620 4.9554 5.3337 6.4288 4.0842 5.5950 5.9011 0.0000 4.2430 4.5198 3.7211 4.7331 4.2574 4.8425 8.1538 6.0776 4.8195 4.9275 3.2515 3.2919 5.0800 5.1132 4.4840 6.9093 5.5925 28.5530 28.7887 29.7566 28.4312 28.7708 28.3974 28.2018 28.2986 26.7643 29.0128 28.8019 28.6814 28.5345 28.6902 27.6566 28.5078 26.3551 29.6425 27.3624 28.4119 29.2192 28.5005 28.9882 27.4820 27.4023 28.1306 28.5018 27.9593 28.4568 30.0132 5.2511 4.5147 6.4268 6.5392 4.3485 4.4557 6.4506 3.2636 4.9672 8.6033 7.1031 4.9806 5.2014 6.4857 4.4121 5.7154 3.6215 4.7613 5.7769 6.2772 4.1772 7.2471 5.0560 4.5792 5.9686 9.3404 5.5978 6.4336 3.6016 4.2716 7.7896 14.5798 12.1067 16.1377 13.6912 8.3862 18.6087 12.9673 7.3832 7.6757 19.7455 11.7718 12.5626 7.1756 13.9929 7.8832 8.7326 16.1212 11.9106 15.6737 11.9969 10.1388 9.6961 15.8992 15.9133 10.1331 11.6186 11.7745 10.7033 11.8995 17.7192 17.2590 17.9243 21.5715 17.1420 20.0581 20.9706 19.9924 20.0822 19.8751 20.1352 18.4652 20.3829 19.5160 16.3540 17.9824 19.3166 20.2334 17.5927 19.9082 19.6312 19.1864 16.2014 18.4636 16.8187 21.5122 15.9855 22.1031 20.6553 20.7902
3.5759 7.7174 6.3893 4.4749 6.0622 4.7422 6.0965 5.4798 8.6713 5.3758 4.8642 7.3122 4.2430 0.0000 4.3434 3.9799 3.2631 4.1640 3.4437 10.1659 5.4979 3.3213 3.5645 3.9609 4.4144 5.5701 4.5109 2.6107 8.2583 6.4771 28.7539 29.0851 30.0151 28.5759 29.0149 28.7031 28.4207 28.5111 26.8757 29.2056 29.0304 28.8001 28.7460 28.8983 27.8494 28.7533 26.3894 29.9820 27.4789 28.6368 29.4680 28.6820 29.2593 27.6378 27.5668 28.3508 28.6766 28.1126 28.5434 30.3217 6.2107 4.2381 5.0432 6.6713 3.5282 5.1093 3.9898 3.0478 3.7550 7.1789 6.0149 4.0026 3.7682 4.7088 4.4335 4.5704 3.3472 4.0123 3.9504 4.3676 3.2848 5.9908 3.9660 4.4821 3.3047 8.4598 4.0878 4.7845 5.0081 3.8959 6.4418 14.0771 11.3197 15.5450 13.1475 7.4097 18.3959 13.3777 6.2159 6.7189 19.6938 11.4692 12.1010 6.5109 13.4831 6.3923 7.4653 15.5622 11.0179 15.1814 10.9635 9.2572 8.8626 15.3325 15.3388 9.8701 10.7115 11.7584 9.5154 11.8086 17.0552 16.6829 17.5232 21.3264 16.5122 19.6034 20.6040 19.6223 19.8080 19.7259 19.7904 17.9677 20.0336 19.1592 16.0212 17.2934 19.0089 20.0464 17.0530 19.4339 19.2996 18.7441 15.8133 17.9670 16.3713 21.3641 15.5279 21.9877 20.5229 20.4986
2.6587 7.1923 4.9621 3.7879 4.5998 3.4569 5.2530 6.2260 7.1551 4.8092 4.3824 5.5666 4.5198 4.3434 0.0000 2.8387 4.1798 3.3045 4.4050 8.6156 6.3262 4.1641 4.3671 3.0620 4.2783 4.2333 4.4266 3.3380 6.8624 5.0088 30.2236 30.5540 31.4760 29.9394 30.4758 30.1696 29.8765 29.9904 28.2300 30.5282 30.4185 30.3076 30.2073 30.3983 29.3338 30.2243 27.7710 31.4303 28.9549 30.0834 30.9246 30.2306 30.6522 29.1438 29.0697 29.7987 30.1547 29.6119 29.9927 31.7404 5.2286 3.1777 5.0086 6.4777 3.9171 5.4680 5.2029 3.7458 3.4094 8.1671 7.4243 4.2481 4.4636 4.8287 4.5250 4.9606 3.2750 3.5477 5.4821 4.1109 3.1324 6.8719 2.8455 3.9518 4.7950 9.1348 3.8025 6.5147 4.1679 3.7702 8.8501 16.2192 13.4555 17.2118 15.1695 9.8701 20.5283 15.1343 8.7232 9.2034 21.7757 13.5003 14.1936 8.1812 15.4421 8.2935 9.9127 17.8397 12.9802 17.4094 13.0664 10.9311 11.0438 17.4670 17.4924 11.8706 12.5212 13.7808 11.4303 13.5006 18.6928 18.2067 19.3438 23.0218 18.0238 21.3861 22.2890 21.4211 21.6047 21.4530 21.5411 19.7416 21.8664 21.0751 17.5032 18.9904 20.7511 21.8061 18.6338 21.2211 20.9427 20.7061 17.3687 19.6676 17.8839 23.1645 17.4649 23.8236 22.3818 22.2439
3.3989 7.1315 5.6677 3.8343 4.8737 4.4627 4.7601 6.0283 7.0765 4.7701 4.6502 6.2364 3.7211 3.9799 2.8387 0.0000 4.1843 3.3142 4.6485 8.8751 6.1214 3.6044 4.1281 3.0037 2.8386 4.1964 3.6938 3.6436 7.6622 5.6686 29.3473 29.6496 30.5850 29.1194 29.5889 29.2752 28.9844 29.1038 27.4513 29.7267 29.5639 29.4146 29.3121 29.5009 28.4467 29.3276 27.0044 30.5027 28.0747 29.2006 30.0316 29.3072 29.7899 28.2551 28.2115 28.9315 29.2509 28.7316 29.1314 30.8327 5.7370 3.5305 5.2115 6.7697 3.9745 4.8478 5.1408 3.4308 3.9644 8.0472 6.5772 4.2073 4.2345 4.9190 4.2325 5.3338 2.8303 4.0686 4.8434 4.2448 3.1707 6.8653 3.5996 4.6484 4.9490 9.1268 4.1941 5.9655 4.0454 4.0787 7.9804 15.2616 12.6342 16.6008 14.1815 8.8356 19.5003 14.0598 7.7481 8.1160 20.7956 12.4756 13.1005 7.3631 14.6322 7.7012 9.0097 16.8264 12.2713 16.4367 12.2360 10.1843 10.0456 16.5829 16.5681 10.8308 11.8589 12.6249 10.6914 12.6602 17.9554 17.5338 18.4430 22.1271 17.3046 20.5076 21.4272 20.5289 20.6605 20.5343 20.7441 18.9297 20.9976 20.1707 16.8371 18.2205 19.8151 20.8921 17.9542 20.3291 20.0667 19.7970 16.5505 18.8577 17.1122 22.2245 16.5750 22.8721 21.4341 21.3716
3.2897 8.1014 6.8073 4.6431 6.4085 4.2833 6.1296 5.4699 9.0925 5.6217 4.9710 7.6230 4.7331 3.2631 4.1798 4.1843 0.0000 4.1575 2.8237 10.6549 4.7779 2.9361 2.2973 3.8630 5.0642 5.6073 4.6659 2.7205 8.2479 5.6249 29.2204 29.4997 30.4258 28.9414 29.4530 29.1380 28.8387 28.8858 27.3159 29.5531 29.3536 29.0985 29.0976 29.1829 28.2334 29.1673 26.7364 30.4004 27.8469 29.0370 29.8069 29.0390 29.7085 27.9578 28.0929 28.7264 29.0554 28.4826 28.8333 30.6802 6.1373 3.3115 3.6011 6.7973 3.2567 5.5426 3.2763 3.6207 3.0075 6.7232 6.1336 3.3907 3.0919 3.7775 3.9759 3.8098 3.1576 3.5643 3.5630 3.5538 3.3208 5.3336 3.1114 3.9046 2.9457 8.2291 3.4085 3.8585 4.8113 4.4232 6.7425 14.4070 11.4022 15.6390 13.2368 7.9734 18.7029 14.1138 6.5355 7.5493 20.0509 11.9365 12.5315 6.5011 13.6882 5.9258 7.7559 16.0733 11.0608 15.4409 11.1155 9.5538 9.1881 15.6049 15.4413 10.3393 10.9564 12.1875 9.5386 12.2735 17.3311 16.9949 17.8232 21.5804 16.9527 19.8437 20.6907 19.8909 20.1296 20.1509 19.9741 18.3703 20.2957 19.4217 16.2968 17.4283 19.4361 20.2804 17.3674 19.6336 19.6364 18.9917 16.2741 18.2775 16.9392 21.6832 16.0788 22.3734 20.9109 20.6916
2.8353 6.6598 6.0188 4.2340 4.9835 4.0186 4.2371 6.1385 7.2781 3.9176 4.5729 5.7590 4.2574 4.1640 3.3045 3.3142 4.1575 0.0000 4.8094 9.2855 6.4858 4.2654 3.9617 3.2761 3.8860 4.4001 4.6572 3.5521 6.6192 5.4637 30.5257 30.8334 31.7733 30.2924 30.7774 30.4506 30.1861 30.3022 28.6019 30.8947 30.7475 30.5957 30.5150 30.6715 29.6353 30.5229 28.1252 31.7166 29.2464 30.4036 31.2336 30.4836 30.9941 29.4272 29.3509 30.1123 30.4565 29.9086 30.3103 32.0687 4.5251 2.5490 4.6117 6.5890 4.4902 5.5794 5.4038 3.4371 3.4530 8.2514 7.3155 4.2316 4.5345 4.1941 4.1170 3.7992 2.8862 4.6345 5.3042 4.5085 3.4021 6.8611 2.7670 3.8973 4.5758 9.3656 4.2146 6.0667 4.1383 4.0348 8.8234 16.1382 13.5472 17.4294 14.9069 9.7210 20.5107 14.8150 8.3895 8.9841 21.7144 13.2341 14.0853 7.9303 15.3553 7.9234 9.6738 17.8331 13.0030 17.3889 12.8708 10.9733 11.0647 17.4565 17.4076 11.6887 12.6017 13.5678 11.4124 13.4790 18.8668 18.5133 19.5081 23.2230 18.3002 21.5417 22.4293 21.5865 21.7611 21.6016 21.6880 19.9655 22.0003 21.1292 17.7667 19.1572 20.9280 21.9932 18.9092 21.3536 21.1582 20.7152 17.5496 19.8376 18.1807 23.2709 17.6260 23.9567 22.5279 22.4147
3.7971 8.1479 6.5960 4.7284 6.1372 4.0992 6.9363 5.2436 9.2638 5.4699 5.2072 7.4724 4.8425 3.4437 4.4050 4.6485 2.8237 4.8094 0.0000 10.1280 4.3455 4.2335 3.6026 3.9894 5.6560 6.0434 4.9072 3.1225 8.1673 5.9664 28.4751 28.7478 29.6678 28.3093 28.7758 28.3481 28.1048 28.1270 26.6684 28.8750 28.6104 28.3894 28.3954 28.4051 27.5382 28.4540 26.1549 29.6464 27.2015 28.3400 29.0206 28.2905 28.9634 27.2321 27.3940 27.9317 28.4085 27.7695 28.1615 29.9064 6.7416 4.3276 4.3876 6.7569 3.8618 6.0872 4.0906 4.2718 4.1867 7.2083 6.8693 4.3900 4.2401 4.9791 4.0275 4.5236 3.8555 3.6152 4.1730 4.5272 4.1045 5.5547 3.9754 4.5131 3.6106 8.5284 4.3422 4.4122 5.4118 4.5775 6.5212 14.2089 11.4224 15.4351 13.0474 8.0277 18.2062 13.9109 6.7635 7.2391 19.4483 11.9800 12.4832 6.9901 13.3728 5.8584 7.6493 15.8039 11.0481 15.1445 10.8388 9.6636 9.2959 15.0163 15.0248 10.3959 11.0943 12.0085 9.5068 12.2432 17.1152 16.7544 17.3569 21.0136 16.8345 19.3508 20.1397 19.3421 19.6099 19.6012 19.4150 17.8512 19.6006 18.7997 15.9076 17.0842 19.0693 19.7229 16.9787 19.2589 19.2059 18.4937 16.1670 18.0017 16.6786 20.9894 15.7871 21.6548 20.3447 20.1360
9.2348 9.4465 5.3446 7.8254 6.3160 8.5081 8.5399 8.4293 4.8132 7.2552 9.8731 6.3466 8.1538 10.1659 8.6156 8.8751 10.6549 9.2855 10.1280 0.0000 10.7784 11.2205 11.3761 8.3695 9.1736 8.5141 9.3897 10.0778 5.7276 6.9999 29.1881 29.6776 30.3109 29.4071 29.4939 29.0312 29.0748 29.3124 27.5388 29.8291 29.8833 29.8426 29.4754 29.7684 28.6053 29.3837 27.4402 30.3086 28.3974 29.2804 30.1688 29.4571 29.6979 28.6374 27.9766 28.9071 29.4769 28.9034 29.6841 30.7969 7.3196 9.4574 12.2601 8.8753 9.2961 8.5966 12.1741 8.9052 10.3662 13.8564 12.4236 10.9698 10.8669 12.3986 8.9422 10.9724 9.0590 9.4284 12.4456 11.9516 10.0047 12.3354 10.0674 8.5764 11.9236 13.8219 10.5990 12.7386 7.2103 8.3525 13.0548 18.1471 16.5464 19.0552 17.6430 13.1444 21.3780 15.0615 13.1961 12.7818 22.3548 15.8548 15.9625 12.2335 17.6554 13.7553 13.6997 19.2847 15.9620 19.2584 16.0820 14.6069 14.8725 19.2445 19.8174 13.5090 15.6282 15.1373 15.2557 14.7306 20.8539 19.6929 20.6208 24.1071 19.4751 22.9554 23.9283 22.6395 22.6409 22.3388 22.7925 20.9343 22.9511 22.4636 18.7790 21.2465 21.7639 22.7667 19.9597 22.7824 22.0369 21.9860 18.8468 21.1735 18.7333 23.9451 18.4092 24.4191 22.8320 23.5165
5.8255 9.5831 8.1510 6.3232 8.1444 5.3415 7.8933 4.6613 10.4618 6.8972 6.7751 9.5988 6.0776 5.4979 6.3262 6.1214 4.7779 6.4858 4.3455 10.7784 0.0000 5.5283 5.4111 5.2066 7.1926 7.2546 6.3545 4.9970 9.4156 6.3558 26.9226 27.1611 28.0505 26.7548 27.1959 26.7306 26.5488 26.5253 25.1527 27.3295 27.0607 26.7820 26.7972 26.7706 25.9780 26.8724 24.6224 28.0545 25.6436 26.7651 27.4058 26.6753 27.4313 25.6019 25.8464 26.3403 26.8368 26.1328 26.6094 28.3064 8.4601 6.1233 5.7870 7.6193 5.2451 6.6864 5.4716 5.5022 5.4704 7.0702 6.8813 5.7380 5.2240 6.4828 4.6702 5.5979 5.2243 4.4812 4.8263 5.8705 6.5015 5.5708 5.8494 5.6691 5.2946 8.7424 5.4181 4.1744 6.2821 6.8839 5.4107 12.7395 9.8577 13.7699 11.7113 6.9707 16.4535 12.7765 6.2487 6.4460 17.8511 10.6942 11.0376 6.3103 11.9170 4.9268 6.4586 14.0275 9.9237 13.3194 9.7215 8.9544 8.0055 13.5103 13.5298 9.1234 10.1247 10.3377 8.3956 10.8082 15.8659 15.4120 15.8313 19.5508 15.5175 17.8853 18.7496 17.8364 18.1910 18.2313 17.7138 16.4678 18.0325 17.2713 14.4258 15.6836 17.7120 18.1001 15.6719 17.7519 17.7817 16.8402 14.9536 16.5933 15.5156 19.4767 14.3551 20.2267 18.7681 18.5818
3.7452 8.2010 7.4147 5.0339 6.8288 5.1195 6.1131 6.4853 9.3323 6.3482 4.9781 8.0218 4.8195 3.3213 4.1641 3.6044 2.9361 4.2654 4.2335 11.2205 5.5283 0.0000 2.8006 4.0301 4.1900 5.3797 4.7519 2.9275 9.2447 6.5946 29.1642 29.4291 30.4366 28.7734 29.3904 29.1268 28.7736 28.8378 27.1430 29.4126 29.2473 29.0562 29.0387 29.1983 28.1615 29.0749 26.5973 30.3703 27.7630 28.9581 29.7771 29.0622 29.6061 27.9145 28.0300 28.7062 28.9663 28.4324 28.7357 30.6501 6.8815 3.7866 3.9178 7.3403 3.6808 5.2008 3.1486 3.4745 3.1834 6.5534 5.5281 3.0324 2.8317 3.4064 4.7018 4.7406 3.4067 3.8145 2.8743 2.8951 2.9220 5.7517 3.5072 4.6782 3.1233 8.1311 3.2556 4.0317 5.2756 4.8695 6.7154 14.3460 11.2848 15.6763 13.3064 7.8228 18.7882 14.0622 6.3448 7.3761 20.2397 11.6775 12.4546 6.2015 13.7345 6.1273 7.7987 16.0176 11.1700 15.4283 11.2544 9.2376 8.8264 15.8536 15.5797 10.2722 10.7596 12.1161 9.5919 12.1121 16.9902 16.6824 17.6875 21.4492 16.5526 19.6956 20.5943 19.8073 20.0320 19.9985 19.9364 18.2164 20.2789 19.3971 16.1347 17.1990 19.1942 20.2383 17.1807 19.4920 19.4042 18.9568 15.8609 18.0225 16.6510 21.6347 15.9240 22.3478 20.8664 20.5826
3.5351 8.1614 7.6145 5.0283 6.9298 5.0963 6.2643 6.6022 9.6373 5.8809 5.2506 8.0139 4.9275 3.5645 4.3671 4.1281 2.2973 3.9617 3.6026 11.3761 5.4111 2.8006 0.0000 3.9875 4.9534 5.7537 5.1250 2.9230 8.8570 6.6463 29.9607 30.1699 31.1835 29.6272 30.1962 29.8826 29.5252 29.5722 28.0471 30.2615 30.0026 29.7917 29.8117 29.8848 28.9420 29.8717 27.4623 31.1146 28.5493 29.7422 30.4856 29.7627 30.4131 28.6448 28.8500 29.4557 29.7623 29.1966 29.5020 31.3795 6.7018 3.5755 2.8005 7.3315 4.2851 6.2527 3.5287 3.8678 3.1321 6.8005 6.5383 3.4919 3.7533 3.0807 4.5772 3.6056 3.5847 4.1252 2.9698 3.2371 3.0035 5.6374 3.4198 4.6658 2.7705 8.3610 3.5263 3.9844 5.4789 4.7634 7.2557 14.9757 12.0554 16.3882 13.7787 8.6888 19.4680 14.8686 6.9134 8.0011 20.7126 12.4444 13.2970 7.1442 14.1977 6.0164 8.2816 16.8205 11.7335 16.1421 11.7230 9.9915 9.6995 16.1766 15.9755 11.2126 11.4815 12.9663 9.9412 13.0958 17.7891 17.6886 18.4369 22.1037 17.6414 20.3231 21.1139 20.4355 20.6846 20.6298 20.5211 18.9913 20.8335 19.8859 16.8845 17.8752 19.9844 20.8744 18.0051 20.2000 20.2104 19.5688 16.8672 18.8304 17.6523 22.1839 16.8049 22.9023 21.5586 21.1939
3.3459 7.0118 5.2338 3.6235 4.8555 3.5686 5.2482 5.1573 7.1202 4.3677 4.6755 6.0371 3.2515 3.9609 3.0620 3.0037 3.8630 3.2761 3.9894 8.3695 5.2066 4.0301 3.9875 0.0000 4.0989 4.2294 4.1146 3.3217 6.8228 4.5858 28.8502 29.1396 30.0922 28.6704 29.1258 28.7490 28.4800 28.6066 26.9484 29.2373 29.0794 28.9454 28.8288 28.9982 27.9380 28.8315 26.5444 30.0038 27.5926 28.7164 29.5239 28.8267 29.2849 27.7473 27.7049 28.3923 28.7979 28.2270 28.6678 30.3365 5.1568 3.2570 5.1394 5.9799 3.4235 4.4493 4.9442 2.6542 3.7704 7.8649 6.7876 4.4041 4.1590 5.1229 3.5987 4.8961 2.6330 2.8579 5.0324 4.6584 3.5219 6.4860 3.6397 3.4062 4.5963 8.8523 3.7250 5.7173 3.5536 3.9381 7.5350 14.8859 12.2947 16.1919 13.9356 8.4682 19.1010 13.8621 7.3797 7.6248 20.3414 12.1009 12.7899 7.0481 14.1060 7.4072 8.5469 16.6146 11.8879 16.0992 11.9394 9.8789 9.8099 16.1466 16.2367 10.4449 11.5862 12.1551 10.4183 12.2256 17.5911 17.0623 17.9650 21.7121 16.9620 20.1134 20.9828 20.1077 20.2090 20.0661 20.2772 18.4880 20.4921 19.6639 16.1874 17.8478 19.3907 20.4196 17.4117 19.9760 19.6377 19.3192 16.1787 18.4534 16.7389 21.7481 16.0746 22.3987 20.9420 20.9069
4.5171 7.0665 6.2396 4.3807 5.2635 5.9199 4.3339 6.4969 6.6464 4.9475 5.3912 6.3239 3.2919 4.4144 4.2783 2.8386 5.0642 3.8860 5.6560 9.1736 7.1926 4.1900 4.9534 4.0989 0.0000 4.6754 4.3225 4.5859 7.9676 6.5010 29.4340 29.7194 30.6685 29.2123 29.6514 29.3628 29.0851 29.2171 27.5343 29.8410 29.6932 29.5398 29.4274 29.6284 28.5354 29.3929 27.0919 30.5678 28.1808 29.2873 30.1451 29.4129 29.8740 28.3829 28.2587 29.0704 29.3219 28.8414 29.2599 30.9410 5.7887 4.2659 6.1951 7.2742 4.5777 4.5179 6.1368 3.6483 4.7692 8.5616 6.6106 4.4550 4.8347 5.6763 4.9146 6.0213 3.4964 5.3580 5.5095 5.4692 3.7894 7.4896 4.6591 5.2505 5.9508 9.5041 5.4047 6.5224 4.2491 4.7187 8.3512 15.1975 12.5850 16.7139 14.1450 8.7790 19.4465 13.5032 7.6888 8.3329 20.7348 12.2484 12.9792 7.2009 14.7183 8.2248 9.2763 16.6854 12.3836 16.3495 12.4621 10.3139 10.0688 16.7552 16.6836 10.5614 11.9123 12.5333 11.1209 12.4208 18.0837 17.6840 18.5675 22.2512 17.3536 20.6768 21.6296 20.6661 20.7733 20.6111 20.9108 19.0926 21.1974 20.3361 17.0412 18.4253 19.8596 21.0188 18.1241 20.4463 20.1679 19.9302 16.4399 18.9176 17.1206 22.3580 16.5897 22.9509 21.4562 21.5181
4.6239 5.0018 5.9916 4.3081 5.5811 5.1898 4.9523 6.4496 6.8702 5.1819 3.6555 6.2507 5.0800 5.5701 4.2333 4.1964 5.6073 4.4001 6.0434 8.5141 7.2546 5.3797 5.7537 4.2294 4.6754 0.0000 5.3175 5.0660 7.0648 5.5002 29.1399 29.4714 30.4513 28.8391 29.4021 29.1197 28.8056 28.9237 27.1000 29.4858 29.3689 29.2299 29.1276 29.3741 28.2347 29.1315 26.6764 30.3734 27.8608 28.9887 29.8790 29.1653 29.5750 28.0728 27.9756 28.7486 29.0338 28.5108 28.9054 30.6921 5.5391 4.2318 6.3791 4.5024 4.9459 5.5875 6.4564 4.4618 4.8839 7.1684 6.2530 5.2894 5.3605 6.0290 4.8235 6.0746 4.1484 5.1854 6.6158 5.7918 4.6698 6.0565 4.8473 4.8730 6.2924 7.3941 5.4475 7.2063 4.4524 5.0403 9.1822 14.7808 13.3870 15.8732 13.8511 9.7290 20.2110 13.5673 8.8003 9.3264 20.6070 11.9422 13.7548 7.9310 14.0365 8.7287 9.9312 17.5690 11.7619 17.1878 11.7905 9.7281 11.0748 16.3108 16.3156 11.4242 10.8811 13.2738 10.1969 13.0268 17.2704 17.1227 18.2899 21.7573 16.8354 20.1800 21.0348 20.1453 20.3862 20.0699 20.3164 18.4362 20.6558 19.8369 16.1069 17.6528 19.3739 20.7425 17.2327 19.9478 19.7143 19.4274 16.3992 18.3277 16.9698 21.9273 17.1402 22.5820 21.3137 21.0345
4.6121 7.9988 6.2527 4.8873 5.9021 4.7454 5.8763 5.9221 7.9259 6.0659 5.6234 7.5043 5.1132 4.5109 4.4266 3.6938 4.6659 4.6572 4.9072 9.3897 6.3545 4.7519 5.1250 4.1146 4.3225 5.3175 0.0000 4.6648 8.4264 6.3326 28.7274 29.2417 29.9248 28.7188 29.0333 28.6873 28.4880 28.6364 26.9575 29.3582 29.2406 28.9355 28.8172 29.0011 27.9590 28.8301 26.5704 29.9265 27.5704 28.7073 29.5835 28.6763 29.3453 27.7765 27.5454 28.4208 28.7259 28.1823 28.7235 30.3233 6.6182 4.7291 6.1581 7.2120 4.2956 5.2986 5.3192 4.4553 5.2079 8.6078 6.4575 5.4289 5.0413 5.9063 5.1089 6.4742 3.9432 4.6812 5.6606 5.2234 4.8271 7.3613 4.6105 5.5095 5.3635 9.6472 4.9954 6.3490 5.2357 5.0341 7.7318 14.8366 12.3149 16.1092 13.8688 8.1146 18.8842 13.7093 7.6361 7.8089 20.3370 12.2904 12.4292 7.4358 14.2647 8.0169 8.6670 16.1434 11.8870 15.9494 11.7259 10.1093 9.8597 16.0094 16.1581 10.1719 11.6562 12.1193 10.2600 12.3368 17.7528 17.0643 18.0461 21.8599 16.8227 20.2240 21.2471 20.1546 20.2697 20.3044 20.4052 18.4825 20.5945 19.8143 16.5778 18.0071 19.4161 20.5634 17.5144 19.9713 19.7426 19.2953 16.2591 18.5284 16.6128 21.9253 15.9287 22.4969 20.9376 21.0665
2.6926 7.5233 6.3015 4.4872 6.0677 3.6675 5.8777 5.6843 8.7026 5.0760 4.2770 6.9048 4.4840 2.6107 3.3380 3.6436 2.7205 3.5521 3.1225 10.0778 4.9970 2.9275 2.9230 3.3217 4.5859 5.0660 4.6648 0.0000 7.9831 5.6995 29.4054 29.7086 30.6685 29.1124 29.6707 29.3446 29.0391 29.1152 27.4181 29.7200 29.5636 29.3723 29.3444 29.4728 28.4574 29.3839 26.8949 30.6403 28.0765 29.2543 30.0442 29.3306 29.8697 28.2155 28.2477 28.9286 29.2986 28.7153 29.0728 30.9284 6.0717 3.2906 3.8658 6.4093 3.2842 5.0205 3.3557 3.0693 2.5894 6.6506 6.2900 3.1005 3.1509 3.5685 4.0149 3.7196 2.8913 2.9155 3.5270 3.1845 2.9149 5.5626 2.6934 3.5930 2.8556 8.1944 2.5053 4.3880 4.5951 4.2020 6.9643 14.7509 11.8084 15.8746 13.6583 8.2548 19.0967 14.1541 6.8539 7.5172 20.4132 12.1088 12.8821 6.5997 13.9910 6.1957 8.0208 16.3241 11.4525 15.8255 11.3979 9.6839 9.4682 15.9670 15.8985 10.6062 11.1132 12.4901 9.8780 12.3418 17.4746 17.0730 18.0621 21.8499 16.9671 20.1067 21.0200 20.1537 20.4247 20.3365 20.2338 18.5023 20.5793 19.7303 16.3636 17.6253 19.6081 20.5720 17.4529 19.9287 19.8013 19.3292 16.2790 18.4537 16.9021 21.9550 16.2363 22.6448 21.1817 20.9776
6.6867 7.8255 4.7334 6.3948 4.8940 6.4958 6.5320 7.1200 5.1082 4.9805 7.8384 4.3941 6.9093 8.2583 6.8624 7.6622 8.2479 6.6192 8.1673 5.7276 9.4156 9.2447 8.8570 6.8228 7.9676 7.0648 8.4264 7.9831 0.0000 5.2786 31.0021 31.3844 32.1643 30.9977 31.2539 30.8485 30.8059 30.9423 29.2236 31.4797 31.4453 31.3522 31.1389 31.3210 30.2625 31.1073 28.9076 32.1621 29.9826 30.9913 31.8288 31.0932 31.5180 30.1703 29.8043 30.6324 31.1248 30.5543 31.1444 32.5823 3.9447 6.6849 9.4921 7.4783 7.7872 8.0556 10.1404 7.1875 7.7190 12.0425 11.3014 8.7038 8.9075 9.5916 6.9254 7.5349 7.0543 8.0754 10.4505 9.7784 7.7439 10.1922 7.4537 6.1473 9.5110 12.3357 8.6283 10.5842 5.5260 6.1958 12.2512 18.2634 16.2195 19.2240 17.2954 12.8207 22.0317 15.8841 12.1635 12.3494 22.9842 15.7636 16.3060 11.2815 17.5878 11.9183 12.8798 19.7379 15.5650 19.4359 15.5725 14.1023 14.4091 19.3929 19.6115 13.7223 15.1728 15.4845 14.5133 15.1561 21.1218 20.3389 21.3170 24.8714 20.1152 23.4917 24.3753 23.3123 23.4535 23.1861 23.3072 21.6746 23.6144 22.9515 19.4122 21.4400 22.6752 23.5903 20.6424 23.2872 22.8898 22.4732 19.5181 21.7195 19.7363 24.7797 19.3011 25.3513 23.8633 24.1797
4.8970 8.1260 4.4816 4.4527 5.4574 4.3988 6.0227 4.6348 6.1697 5.2237 6.1146 5.8466 5.5925 6.4771 5.0088 5.6686 5.6249 5.4637 5.9664 6.9999 6.3558 6.5946 6.6463 4.5858 6.5010 5.5002 6.3326 5.6995 5.2786 0.0000 29.0399 29.4036 30.2586 28.8236 29.3028 28.9219 28.6985 28.8688 27.0649 29.3271 29.3105 29.1987 29.0317 29.2552 28.1273 29.0602 26.6265 30.2337 27.8083 28.9095 29.7521 29.1089 29.4665 28.0346 27.8603 28.5547 29.0319 28.4388 28.9156 30.5363 4.4656 4.6692 7.4124 6.2775 4.6758 5.1703 7.1269 4.9991 5.2337 9.3292 8.3655 6.1914 5.7618 7.4798 4.3183 6.3083 4.8367 5.0345 7.8806 7.0966 5.8344 7.5502 5.4144 3.9343 7.0897 9.9882 5.9009 7.7168 3.6982 5.3118 9.3058 15.7350 13.0695 16.4216 14.7041 9.9092 19.6481 14.0662 9.2277 9.6701 20.9551 13.1210 13.4523 8.1632 14.9541 9.2096 10.1433 17.2934 12.5425 16.8239 12.8877 11.0586 11.3149 17.0206 17.2528 10.8532 12.3821 12.8680 11.6924 12.3099 18.3412 17.4511 18.5698 22.4112 17.2559 20.8832 21.7642 20.7950 20.8972 20.7733 20.8298 19.1153 21.1831 20.5959 16.6275 18.6133 20.0170 20.9685 17.9108 20.6198 20.1505 20.0587 16.6324 19.0192 16.9435 22.4868 16.5495 23.1620 21.4474 21.5967
30.2326 29.6420 29.4054 29.1802 30.1274 29.5209 30.5717 26.9341 30.2474 29.9106 29.1535 31.0373 28.5530 28.7539 30.2236 29.3473 29.2204 30.5257 28.4751 29.1881 26.9226 29.1642 29.9607 28.8502 29.4340 29.1399 28.7274 29.4054 31.0021 29.0399 0.0000 4.7175 4.0446 6.8295 3.6422 3.3909 3.3564 4.1701 6.2529 6.5090 6.2566 4.5418 3.6954 4.8046 3.9347 3.4225 8.0943 3.8585 4.3449 3.4055 4.6141 4.7443 4.5408 4.3644 3.0877 3.2626 3.4499 3.1183 5.9229 4.3768 30.6858 30.2757 30.7415 27.8733 28.2016 27.4472 28.7480 28.6004 30.0135 27.3357 26.2235 29.5120 28.5646 30.8928 28.1385 30.5815 29.0406 28.4566 28.8762 30.1427 30.0788 27.4493 30.4887 29.2019 29.4746 26.9322 29.6905 27.8069 29.2237 29.7805 24.5394 17.8892 21.5136 18.0310 19.6583 23.3445 15.5936 19.7514 24.9658 23.8659 14.1023 20.4485 20.0867 25.6030 18.7441 26.8170 23.8210 18.5858 20.9844 18.5477 20.9689 22.9924 23.0779 17.3427 18.2188 21.6554 22.0272 19.9347 23.0135 20.7509 16.9912 16.2765 13.9903 11.8079 17.1063 13.3867 13.7498 12.5141 12.1830 12.7594 13.2873 13.7224 12.2623 13.5503 16.4656 16.3573 13.2329 11.9398 15.4094 13.3579 13.0849 13.1496 17.7754 15.0917 17.2297 11.1132 17.0377 10.5585 10.4218 12.2555
30.5147 29.9958 29.8546 29.4679 30.5574 29.9625 30.8340 27.2430 30.6283 30.1958 29.5320 31.4217 28.7887 29.0851 30.5540 29.6496 29.4997 30.8334 28.7478 29.6776 27.1611 29.4291 30.1699 29.1396 29.7194 29.4714 29.2417 29.7086 31.3844 29.4036 4.7175 0.0000 5.6662 6.7883 4.1510 4.3635 3.9617 2.6840 7.5317 6.4776 4.8839 3.8392 3.1259 4.1977 3.3759 2.9243 8.2342 4.6629 4.4136 3.1422 2.6036 5.4345 3.8474 3.2211 5.5250 3.4751 3.5332 3.4208 4.7948 3.8116 31.0384 30.5722 30.9030 28.2278 28.5015 27.7975 29.0202 28.9007 30.2743 27.4365 26.4981 29.7167 28.7981 31.1025 28.3934 30.7511 29.3328 28.7935 29.0351 30.3962 30.3362 27.6069 30.8289 29.4884 29.8073 27.0918 30.0512 27.9667 29.5188 30.1771 24.7194 17.8461 21.5605 18.2671 19.6202 23.6499 15.5735 19.9236 25.1234 24.1347 13.6448 20.4626 20.2817 25.7659 18.8430 26.8341 24.0139 18.8056 21.1628 18.4403 21.2451 23.1455 23.1775 17.3649 18.2031 21.9390 22.1765 20.1969 23.2428 20.9887 16.9300 16.6754 13.9770 11.2964 17.3785 13.0750 13.1703 12.4179 11.9929 12.4225 12.9541 13.9257 12.0036 13.0670 16.4692 16.2255 13.4201 11.4720 15.6781 13.2176 13.1341 13.0977 17.8580 14.9895 17.6264 10.7296 17.3608 9.7886 10.2763 11.7783
31.4952 30.9097 30.5997 30.4569 31.2895 30.7526 31.8143 28.0978 31.4734 31.0984 30.4487 32.2219 29.7566 30.0151 31.4760 30.5850 30.4258 31.7733 29.6678 30.3109 28.0505 30.4366 31.1835 30.0922 30.6685 30.4513 29.9248 30.6685 32.1643 30.2586 4.0446 5.6662 0.0000 9.4594 5.2670 4.6140 5.8371 5.6204 9.4805 9.3111 8.5295 5.6162 5.1211 4.5464 6.2008 5.2971 10.9016 3.1129 6.6569 5.5692 5.2262 2.9128 6.8557 5.6884 5.8394 4.8279 5.2706 4.7790 7.8381 3.9571 31.9084 31.5430 31.9725 29.1901 29.4911 28.7901 30.0869 29.8952 31.2863 28.7488 27.5734 30.8147 29.8636 32.1853 29.4042 31.7803 30.3107 29.7467 30.1159 31.4381 31.3566 28.7768 31.7022 30.5048 30.7513 28.3731 30.9977 29.0286 30.4759 31.0282 25.8627 19.2126 22.8487 19.5895 21.0007 24.6192 16.3428 21.2661 26.3194 25.2162 14.8589 21.9304 21.4155 27.0034 20.3322 28.0164 25.1794 19.5559 22.5125 19.6769 22.3814 24.6701 24.4139 18.5269 19.1279 23.0380 23.5884 21.2043 24.4249 22.3725 19.1445 18.6316 15.9749 13.5357 19.3408 15.2847 15.2983 14.2765 13.9702 14.7763 15.0279 15.7987 13.6094 14.9286 18.4976 18.1621 15.2943 13.5562 17.4872 15.1246 15.3610 14.5035 19.8837 17.2979 19.4296 12.6796 18.8901 11.9611 12.2544 14.0006
29.9107 29.5528 29.4192 28.8979 30.2157 29.4075 30.3019 26.7985 30.1967 29.8471 28.8704 30.9630 28.4312 28.5759 29.9394 29.1194 28.9414 30.2924 28.3093 29.4071 26.7548 28.7734 29.6272 28.6704 29.2123 28.8391 28.7188 29.1124 30.9977 28.8236 6.8295 6.7883 9.4594 0.0000 5.9283 7.2561 5.7772 5.5324 3.9141 2.7548 3.7860 6.2625 5.6947 8.1039 5.7839 5.4076 3.5468 9.0352 5.7794 5.1833 7.1273 9.4603 5.5470 6.2559 6.6174 6.7006 5.7558 6.0194 5.2845 8.1889 30.5312 29.9805 30.3170 27.6714 27.8628 27.1254 28.3110 28.3381 29.5772 26.5363 25.6489 29.0307 28.1061 30.4158 27.8557 30.2486 28.8063 28.2080 28.5052 29.6876 29.7437 26.8078 30.2005 28.8425 29.1881 26.2335 29.3508 27.3898 28.9971 29.6865 24.2682 17.4808 20.6753 16.7540 19.0668 23.2009 15.5392 18.9862 24.5118 23.7763 14.1778 19.7974 19.6382 25.1014 17.9887 26.3575 23.4865 18.2160 20.1789 17.8889 20.3887 22.1279 22.5028 17.1101 18.1694 21.2654 21.1571 19.7155 22.4372 19.8500 15.2697 14.4715 13.1317 11.2334 15.3505 12.3848 13.1774 12.0764 11.9023 12.3068 11.7687 13.0911 12.4492 13.4033 15.4541 15.1067 12.6728 11.5823 14.5269 12.3557 11.6781 13.2009 16.5118 13.2889 16.1305 11.4412 16.4653 10.9874 10.3518 11.4399
30.4557 29.9397 29.6797 29.4270 30.4460 29.8296 30.7494 27.1275 30.4521 30.1805 29.4434 31.2901 28.7708 29.0149 30.4758 29.5889 29.4530 30.7774 28.7758 29.4939 27.1959 29.3904 30.1962 29.1258 29.6514 29.4021 29.0333 29.6707 31.2539 29.3028 3.6422 4.1510 5.2670 5.9283 0.0000 3.3985 3.9165 3.5777 6.4262 5.9671 5.4384 4.6401 2.9260 5.3054 3.6054 2.7509 7.2172 4.4892 4.2422 2.7203 4.8602 5.7051 4.1775 4.5353 3.5440 4.1967 2.7983 3.6830 5.6184 4.8873 30.8971 30.5350 30.9845 28.1538 28.4359 27.6320 29.0171 28.8424 30.2314 27.5246 26.3726 29.7517 28.7614 31.1187 28.4070 30.7897 29.2997 28.7856 29.1229 30.3903 30.3218 27.6595 30.7245 29.4295 29.7949 27.2129 29.9823 28.0187 29.4443 30.1252 24.7530 17.9295 21.5172 18.0453 19.7642 23.5581 15.3916 19.6119 25.1605 24.1644 13.8458 20.5209 20.0521 25.7917 18.9317 27.0327 24.0294 18.4221 21.0932 18.3549 21.1748 23.1923 23.2205 17.4706 18.3784 21.6997 22.1312 19.9978 23.1842 20.6990 17.1573 16.3769 14.2392 12.2381 17.0327 13.7081 14.3673 12.8968 12.4683 13.1377 13.2458 14.0890 12.9125 13.9099 16.8251 16.7187 13.6301 12.1750 15.8705 13.5546 13.3555 13.4993 17.8342 15.0776 17.2985 11.6799 17.0365 10.9071 10.4281 12.5693
