0.0000 9.9010 6.3282 4.4721 3.6987 6.0743 7.0345 6.0675 7.4593 6.5129 6.9848 6.5312 5.0903 7.2235 3.9591 5.9544 7.5917 3.4544 7.8779 5.9844 9.7243 4.1505 6.7070 6.5371 5.6193 6.6015 4.4791 6.3418 6.1230 3.5310 19.4635 20.0899 20.1736 17.9224 19.5822 19.3265 19.3368 19.3023 18.9934 19.3736 18.9987 19.7833 19.8018 20.0369 19.4965 20.0902 17.1804 20.4802 19.3773 19.7291 19.6079 20.3238 19.6149 20.1086 19.0991 19.0701 19.6996 19.8612 18.5386 19.7188 2.4717 2.9859 6.7007 9.6637 4.2941 5.6098 8.5540 4.2396 3.7140 12.4338 8.4970 4.5138 4.1759 5.7736 3.6395 7.3478 5.7386 10.3729 7.2657 4.7172 3.5839 8.5347 5.4400 6.1702 7.6577 11.8439 8.7791 7.3111 5.0396 4.6049 10.7300 16.6293 9.5976 14.1621 10.5471 10.5679 11.4966 7.3786 9.1642 10.0942 18.1459 13.8882 7.9087 6.0161 13.5176 7.8009 10.0818 10.9982 12.7137 9.2893 11.2956 9.3842 8.3273 14.6722 15.8830 4.6115 12.5439 8.6359 12.6276 6.8971 17.1735 13.8590 14.1617 18.3324 11.6279 17.6756 18.3707 18.3896 17.0809 18.4296 17.1860 17.0144 18.7187 18.6930 17.4803 17.1886 16.6972 15.9279 17.2360 17.4097 14.7712 18.0704 10.3920 15.3575 8.5136 19.6493 11.0768 18.3960 16.8447 18.4543
9.9010 0.0000 11.2765 9.4389 9.6226 10.1737 10.2309 9.5775 10.7442 9.0690 9.0269 10.5601 10.0189 11.1916 9.5437 9.5881 11.2406 9.3896 11.5629 10.6092 12.8880 9.6748 10.4298 10.1773 9.8744 7.4096 8.7479 10.3253 11.7527 9.9911 16.3224 16.9577 17.0000 14.6833 16.3599 16.2018 16.1449 16.1475 15.9116 16.3550 15.9398 16.5265 16.6174 16.8534 16.3907 16.8974 14.0831 17.2345 16.2798 16.5571 16.4772 17.1667 16.5389 16.9480 15.9825 15.9803 16.4151 16.7274 15.4028 16.5889 9.7470 9.1324 10.3344 5.7517 9.1046 9.2618 11.4143 9.6963 10.3655 9.6353 7.9378 9.8210 9.5198 9.3482 9.2183 11.5968 10.3783 13.0190 10.8526 9.9469 9.4655 8.7586 9.5589 11.0897 11.4223 8.4197 11.7822 10.7950 10.2700 10.1871 13.3653 13.7601 12.3730 10.6775 5.9257 12.9247 13.5217 6.5010 11.6203 12.6581 15.2397 10.9911 10.8381 9.6823 10.1923 10.3844 12.4854 13.1509 9.3557 12.6090 7.8837 8.6770 11.7076 11.7270 12.7484 10.0356 9.8608 11.1357 9.1609 10.4080 13.9844 12.0515 12.3363 15.0607 10.7407 14.3724 14.8962 15.1080 13.7265 15.0806 13.9150 13.8291 15.6870 15.4176 14.5847 13.8929 13.5395 13.0138 14.0991 14.0887 11.9243 14.7850 9.9695 12.3029 9.7902 16.5234 13.5017 14.9897 14.2217 15.1562
6.3282 11.2765 0.0000 7.8107 5.3201 5.7160 8.8154 7.7158 9.2208 8.9573 6.6998 8.8459 8.8429 5.3230 6.0403 7.0914 5.4839 6.6891 6.2357 8.8405 8.1225 6.7125 5.5038 5.2395 6.7352 8.9483 7.3581 6.0515 7.3702 6.6794 18.2398 18.8516 18.9255 16.6503 18.3148 18.0757 18.0331 17.9945 17.7849 18.1195 17.7589 18.4905 18.5185 18.7812 18.2485 18.8347 15.9098 19.2244 18.0750 18.4570 18.3258 19.0768 18.3839 18.8241 17.8565 17.7540 18.4083 18.5968 17.1822 18.4415 6.2296 6.1236 6.4751 9.5678 6.2147 6.5476 6.7164 6.9584 5.5929 11.2331 8.9928 4.3460 6.3175 6.4918 6.4818 6.1829 4.8419 8.2994 8.7051 7.1302 6.8463 7.6118 5.5734 3.7224 7.2345 11.6580 7.5514 5.7019 4.4650 6.7097 8.5746 15.5081 7.7043 12.9816 10.9391 9.0665 9.7309 9.5444 7.5200 8.0830 16.9073 12.6865 6.7690 5.8994 12.6428 7.0855 7.9135 9.4551 11.5667 7.1479 10.6291 7.9914 6.1768 13.4272 14.4270 7.0852 11.7811 7.7905 12.1937 6.1234 15.9624 12.2055 12.5741 16.9743 10.1287 16.3487 17.0641 17.0142 15.6982 17.1533 15.8410 15.7146 17.4619 17.3275 16.1702 15.8718 15.2399 14.4016 15.7951 16.0377 13.1826 16.7096 8.9802 13.9394 7.8514 18.4141 9.3880 17.1309 15.3532 17.1531
4.4721 9.4389 7.8107 0.0000 5.2924 7.0694 4.7986 6.1496 5.8644 3.9478 7.7484 5.2094 5.6127 8.3917 5.3512 5.2765 8.7114 5.2344 8.8313 5.1532 10.8861 5.2829 7.9482 7.3145 5.0692 4.8213 4.2991 7.5045 6.5568 4.1840 20.2384 20.8584 20.9460 18.7612 20.3579 20.1074 20.1451 20.0846 19.8187 20.1961 19.8297 20.5620 20.5676 20.8128 20.2897 20.8554 18.0615 21.2501 20.1760 20.5029 20.3813 21.0875 20.4081 20.8792 19.8944 19.8457 20.4834 20.6320 19.3588 20.5076 4.6268 4.4418 7.6961 10.4299 5.1826 5.6198 9.6597 5.3094 5.4825 13.3189 8.5887 5.5740 6.1622 5.7671 3.5055 8.6464 7.1772 11.5054 8.4311 5.9471 3.6273 9.6591 6.0050 7.9968 9.1150 12.8391 10.0983 8.3770 5.6892 6.0252 11.9964 17.5698 10.8409 14.9858 11.0136 11.6282 12.6670 7.0486 10.4072 11.4976 18.9557 14.8089 9.0177 6.8989 14.7056 8.4553 11.2468 12.0970 13.5068 10.8460 12.1377 10.4758 9.8434 15.6562 16.8027 6.7377 13.6018 9.6217 13.5856 8.0494 18.0466 14.9160 15.1534 19.1801 12.5581 18.5071 19.1925 19.2144 17.9265 19.2313 18.0482 17.8945 19.5262 19.5281 18.2645 18.0341 17.5867 16.8685 18.1014 18.2546 15.7784 18.9046 11.4089 16.2547 9.7902 20.4226 12.3578 19.2302 17.7448 19.2936
3.6987 9.6226 5.3201 5.2924 0.0000 6.1133 7.7170 5.6956 7.1976 6.7776 7.3977 6.8750 6.8025 6.8898 3.0062 6.2095 6.9524 3.9789 7.5598 6.6574 9.5473 4.2816 6.1997 6.1660 6.5153 6.8284 4.8123 5.7736 5.7821 4.1335 19.0333 19.6821 19.7606 17.4660 19.1409 18.8967 18.9026 18.8583 18.5832 18.9799 18.6045 19.3475 19.3540 19.6203 19.0934 19.6635 16.7921 20.0516 18.9531 19.3007 19.1717 19.9034 19.2554 19.6719 18.6739 18.6066 19.2588 19.4348 18.0907 19.2964 3.4206 2.8037 6.1853 9.3054 3.5481 5.9915 7.8126 4.6658 4.8015 12.0058 8.1395 4.2855 3.6679 5.5553 3.8595 7.2547 5.5071 9.6608 7.0047 5.1172 3.9982 8.4356 5.2863 5.5285 7.0980 11.5934 8.0524 6.8191 4.8510 4.1428 10.1350 16.3735 9.0687 13.8136 10.4172 9.9416 10.7971 7.4106 8.4480 9.3899 17.7150 13.4584 7.4124 5.8450 13.3222 7.2190 9.3096 10.4265 12.3248 8.8662 10.7214 8.8860 7.4509 14.2772 15.3582 4.7370 12.3391 8.0252 12.1222 6.5282 16.7704 13.3202 13.5781 17.8567 11.3532 17.2030 17.9300 17.9282 16.6158 18.0039 16.7466 16.6445 18.3037 18.2403 17.0556 16.7848 16.2076 15.4331 16.7822 16.9552 14.2196 17.5985 9.7876 14.8837 7.8251 19.2040 10.5268 17.9522 16.3522 18.0225
6.0743 10.1737 5.7160 7.0694 6.1133 0.0000 8.1363 5.8852 9.7894 7.9304 6.9171 9.2661 7.7187 5.4261 5.5511 4.5680 5.0656 5.3176 3.8026 8.9997 5.1954 5.7435 4.0444 4.0415 6.5844 7.9180 5.5140 4.7664 9.3178 5.5666 16.8252 17.4848 17.5272 15.1773 16.9000 16.6499 16.5600 16.5654 16.4014 16.7530 16.4299 17.0867 17.1202 17.3809 16.8102 17.4280 14.6026 17.8183 16.6328 17.0531 16.9270 17.6657 17.1303 17.4247 16.3862 16.3399 16.9663 17.2017 15.6524 17.0150 6.0362 5.4993 3.0860 8.8892 5.3211 5.7454 4.4681 5.8175 5.4842 9.4914 6.2898 4.1336 5.1910 3.5038 5.8156 3.8548 4.2366 5.8950 5.5614 5.3433 6.1378 6.1206 3.8317 4.8166 4.7419 9.9733 4.8030 3.9708 4.9277 6.5392 6.3006 13.9751 5.0737 11.5895 9.3849 6.1714 7.0216 7.7370 6.1033 7.0627 15.3190 11.8462 5.0362 3.9958 11.3971 3.7044 5.7305 6.4116 10.0013 6.5722 9.4192 7.2247 5.8199 11.8972 12.5892 5.5621 11.3105 4.4963 10.3156 4.3228 14.5167 10.4040 10.6988 15.4417 8.5646 14.7937 15.6221 15.5217 14.2252 15.7057 14.4232 14.2286 16.0587 15.8355 14.8619 14.5255 13.5883 12.7239 14.3271 14.4636 11.7863 15.1633 6.6658 12.2913 6.3910 17.0728 6.7554 15.6558 13.6686 15.6703
7.0345 10.2309 8.8154 4.7986 7.7170 8.1363 0.0000 7.6840 5.8847 3.9345 9.3452 5.7265 7.5148 10.0626 7.9159 6.4295 10.1392 7.7619 9.9090 5.4165 11.9674 8.1470 9.3139 8.5172 5.2074 6.4322 6.7302 9.3643 8.0022 6.9351 20.9675 21.5543 21.6506 19.5181 21.0585 20.8191 20.8627 20.7863 20.5648 20.9206 20.5664 21.2477 21.2530 21.5071 21.0024 21.5442 18.8518 21.9332 20.8893 21.1966 21.0776 21.7748 21.1543 21.5645 20.6406 20.5461 21.1886 21.3212 20.0878 21.2054 7.3659 6.8938 9.1509 11.3266 7.7523 6.3700 10.9578 7.8882 7.3508 14.2361 9.8229 7.3866 8.7419 7.3312 6.2172 9.8043 9.0073 12.5666 10.5797 8.3995 7.0566 10.6264 7.4150 9.5066 10.8988 13.9105 11.5280 9.6494 6.6795 8.7897 13.0847 18.3801 11.9102 15.7856 11.9251 12.7885 13.7687 8.1129 11.7104 12.7883 19.7138 15.7427 10.4798 8.4822 15.7437 9.7668 12.3295 13.2105 14.4241 12.2057 13.2995 11.7276 11.2209 16.5431 17.6530 9.4133 14.7728 10.8900 14.6970 9.5328 18.8674 15.8659 16.0563 19.9410 13.4172 19.2857 19.9295 19.9547 18.7207 19.9945 18.7916 18.7057 20.2528 20.2659 18.9658 18.8024 18.3945 17.7058 18.8675 19.0213 16.6732 19.6598 12.4637 17.0297 11.3411 21.1294 13.5509 19.9927 18.5172 20.0590
6.0675 9.5775 7.7158 6.1496 5.6956 5.8852 7.6840 0.0000 7.3927 6.5621 8.8637 6.8028 7.4563 8.4779 5.7674 5.6023 8.6226 5.7118 7.2971 8.1344 9.2225 6.1880 7.6393 7.1578 7.2204 6.9669 5.4564 6.9322 7.7008 5.5414 18.7835 19.4329 19.4936 17.3026 18.8994 18.6528 18.6234 18.6037 18.3980 18.7850 18.4855 19.0833 19.0960 19.3610 18.8293 19.3913 16.8061 19.7672 18.6907 19.0408 18.9204 19.6140 19.1267 19.3981 18.4121 18.3566 18.9769 19.1733 17.8022 19.0290 5.5688 5.4957 6.3639 10.2163 5.2893 6.4396 7.9090 5.4437 6.7062 11.7860 7.9285 5.9367 5.9229 5.4658 4.9020 6.6027 7.2943 9.5082 6.6681 5.8637 5.7754 8.6452 5.9672 7.9430 7.5058 11.7029 8.1416 7.4066 6.8928 6.1493 10.2255 16.1817 9.1253 13.8428 10.7447 9.6193 10.5951 7.5047 9.4001 10.5259 17.4149 13.9909 8.4431 6.9555 13.9209 7.2167 9.5514 9.9772 12.3826 10.3826 11.2175 9.8993 9.0445 14.3104 15.0566 7.0421 13.3872 8.0690 12.2528 7.4725 16.5915 13.2728 13.4258 17.5912 11.4416 16.9573 17.7229 17.6695 16.4736 17.7625 16.6117 16.4910 18.0968 17.9723 16.8837 16.6936 15.9321 15.2624 16.6136 16.7052 14.3817 17.3304 9.6081 14.6191 8.9599 18.9816 10.4611 17.7281 16.0124 17.8052
7.4593 10.7442 9.2208 5.8644 7.1976 9.7894 5.8847 7.3927 0.0000 5.7543 10.5385 3.2657 8.8016 11.3852 8.0340 8.2460 11.6341 8.3628 11.0157 5.1643 13.5705 9.0437 10.9784 10.3377 6.6298 7.6037 8.1292 10.5762 6.0711 7.4980 22.0408 22.6266 22.7398 20.6426 22.1745 21.9246 21.9883 21.9006 21.5919 22.0020 21.6588 22.3538 22.3517 22.6044 22.1176 22.6427 20.0198 23.0274 22.0186 22.3056 22.1691 22.8686 22.2128 22.6534 21.7496 21.6332 22.2940 22.4176 21.2542 22.3148 7.0926 7.4232 10.6478 12.4218 8.3123 7.9063 12.3044 8.6687 8.8183 15.5078 11.4947 8.4944 9.3399 9.1620 7.1871 10.8511 10.3040 14.0307 11.7029 9.4598 7.1713 11.9784 9.1455 10.5521 11.9257 14.8919 12.7526 11.4461 8.3042 8.2800 14.5987 19.5262 13.6267 17.0568 13.5822 14.3235 15.3650 9.0543 13.2391 14.3516 20.8933 16.9822 12.2675 10.2209 16.9875 11.4589 13.9357 14.7573 15.8159 13.8507 14.5506 13.1666 12.5067 17.8896 18.9149 10.3175 15.9109 12.6448 16.0155 11.1659 19.9513 17.2133 17.4211 21.0786 14.9763 20.4569 21.1016 21.1070 19.9072 21.0991 19.9631 19.8846 21.3057 21.4093 20.1044 19.9523 19.6167 19.0200 20.0278 20.2287 17.9613 20.8276 13.9102 18.2856 12.8401 22.1636 15.0231 21.1132 19.7480 21.1931
6.5129 9.0690 8.9573 3.9478 6.7776 7.9304 3.9345 6.5621 5.7543 0.0000 9.0349 5.4440 6.4670 9.7153 6.6525 5.9968 9.7867 6.6405 9.6764 5.6766 11.6693 6.9706 8.7865 7.9708 5.5310 5.3676 5.1937 8.6824 8.0901 6.1760 20.5755 21.1921 21.2711 19.1241 20.6655 20.4357 20.4777 20.3958 20.1881 20.5595 20.2124 20.8714 20.8798 21.1331 20.6339 21.1604 18.4902 21.5495 20.5046 20.8112 20.6990 21.3974 20.8127 21.1893 20.2397 20.1598 20.7949 20.9485 19.6860 20.8344 6.7040 5.8722 8.4486 10.8571 6.2641 5.9882 10.4378 6.5584 7.2166 13.7969 8.9683 7.1013 7.4466 6.4288 5.1526 9.7005 8.5096 12.0944 9.3261 7.1375 5.9854 10.5826 6.8358 9.2547 10.2059 13.4931 10.8082 9.0931 6.9675 7.8603 12.6318 18.1057 11.4392 15.4303 11.3013 12.1655 13.1258 6.7655 10.9577 12.1264 19.2974 15.2741 9.7222 7.7731 15.3818 9.0211 11.7666 12.5994 13.9442 11.7368 12.5415 11.1513 10.5801 16.0976 17.1737 8.1902 14.3588 10.0899 14.0044 8.8555 18.4823 15.3882 15.5498 19.5181 13.1048 18.8620 19.5294 19.5540 18.2911 19.6174 18.4245 18.3585 19.8939 19.8718 18.6405 18.4539 17.9648 17.2688 18.4773 18.6116 16.2034 19.2373 11.8784 16.6455 10.4809 20.7539 12.9827 19.5811 18.1096 19.6730
6.9848 9.0269 6.6998 7.7484 7.3977 6.9171 9.3452 8.8637 10.5385 9.0349 0.0000 9.6602 7.6160 5.9966 7.0365 7.2699 6.4857 6.9013 7.4314 9.7980 8.8465 6.7235 6.5140 6.0486 6.9183 6.9356 7.1542 6.6112 9.8267 7.1974 16.4444 17.1209 17.1578 14.8036 16.5692 16.3209 16.2498 16.2459 16.0247 16.3869 15.9724 16.7469 16.7887 17.0410 16.4839 17.1123 13.9703 17.4978 16.3263 16.7224 16.5826 17.3519 16.5054 17.1068 16.0386 16.0341 16.6325 16.8771 15.3830 16.7023 7.3071 7.0635 7.3196 7.1211 6.9764 6.5718 7.8224 6.7360 5.9776 9.2089 7.0206 5.7497 6.9906 6.8958 7.3179 7.7869 5.8432 9.3274 8.6534 6.9254 6.8608 6.2754 6.0072 5.9825 7.8781 9.1955 8.4814 6.6970 6.1306 7.4902 9.4476 13.4800 8.5341 10.8026 8.4727 9.6653 10.3654 8.1432 8.1209 8.7150 15.1465 10.4276 7.1989 6.4052 10.0507 7.6835 8.8278 10.0351 9.1109 7.7717 8.1566 6.0715 7.3406 11.2718 12.5495 7.0536 9.1173 8.3787 9.7813 6.6892 14.0014 10.5153 11.0503 15.1354 8.2192 14.4458 15.1503 15.1678 13.7397 15.2192 13.9755 13.6565 15.6785 15.4781 14.4411 13.8614 13.3318 12.4804 13.9039 14.1222 11.2564 14.8725 7.8701 12.1104 6.8425 16.6922 9.9417 15.2232 13.7454 15.2436
6.5312 10.5601 8.8459 5.2094 6.8750 9.2661 5.7265 6.8028 3.2657 5.4440 9.6602 0.0000 7.4822 10.8377 7.5528 7.6574 11.2208 7.6956 10.5779 5.2318 13.1122 8.1711 10.5722 9.8050 5.6857 7.0396 7.5157 9.9982 5.8935 6.6227 21.8450 22.4286 22.5399 20.4518 21.9830 21.7331 21.7912 21.7072 21.4036 21.7932 21.4486 22.1645 22.1631 22.4122 21.9150 22.4530 19.7729 22.8386 21.8150 22.1091 21.9782 22.6779 21.9779 22.4660 21.5459 21.4525 22.1039 22.2260 21.0488 22.1195 6.3286 6.9824 10.2519 12.1373 7.7782 7.1917 11.9290 7.5938 7.7880 15.1924 11.1733 7.8417 8.6925 8.6098 6.3267 10.2285 9.7471 13.6708 11.1318 8.5828 6.4862 11.5490 8.4136 10.0934 11.4477 14.5764 12.4365 10.8780 7.6859 7.5617 14.2285 19.2596 13.2055 16.7900 13.2156 14.0064 15.0937 8.8838 12.9026 14.0028 20.6842 16.6664 11.8514 9.7481 16.6998 11.1405 13.6362 14.4591 15.5120 13.3853 14.2518 12.7604 12.1156 17.5897 18.6921 9.6824 15.5496 12.3079 15.7173 10.6473 19.7009 16.9603 17.1807 20.8759 14.5741 20.2473 20.8793 20.9003 19.6947 20.8854 19.7455 19.6463 21.1139 21.2019 19.8849 19.7094 19.3854 18.7812 19.8159 20.0096 17.7311 20.6220 13.5921 18.0524 12.4481 21.9780 14.7280 20.9042 19.5192 20.9802
5.0903 10.0189 8.8429 5.6127 6.8025 7.7187 7.5148 7.4563 8.8016 6.4670 7.6160 7.4822 0.0000 8.4197 6.4685 6.3993 8.8237 5.8048 9.2724 7.2128 10.8678 5.9079 8.1578 7.7302 5.5610 7.2407 5.0493 7.9224 9.1678 5.5915 20.1008 20.7210 20.7800 18.6399 20.2235 19.9827 19.9987 19.9682 19.6955 20.0230 19.6564 20.4349 20.4459 20.6666 20.1472 20.7166 17.8741 21.0927 20.0242 20.3623 20.2600 20.9412 20.1999 20.7454 19.7422 19.7528 20.3433 20.4997 19.2292 20.3673 6.2130 5.7407 8.0897 10.9398 6.0198 4.7261 10.0090 5.4851 5.5760 13.2907 9.0968 6.7569 6.2746 6.8773 5.9752 9.2116 7.4565 11.4438 8.2970 5.6201 5.6266 10.2440 6.4911 8.2055 9.0852 13.0456 10.1613 8.5218 6.8410 7.0790 11.7306 17.4543 10.7265 14.9466 11.0356 11.5911 12.5011 6.9159 10.1621 11.2247 18.8210 14.6589 8.8487 7.1034 14.4605 8.8220 11.2335 11.9072 13.3920 10.3090 12.1228 10.4558 9.7199 15.5068 16.6684 6.5934 13.3468 9.7591 13.5308 8.2442 17.9150 14.7574 15.0207 19.0131 12.5915 18.3777 19.0256 19.0691 17.7906 19.0984 17.9397 17.7610 19.4196 19.3626 18.2187 17.8742 17.4413 16.6937 17.9820 18.1193 15.6433 18.7682 11.3656 16.2104 9.7564 20.2998 12.1229 19.0797 17.6095 19.1253
7.2235 11.1916 5.3230 8.3917 6.8898 5.4261 10.0626 8.4779 11.3852 9.7153 5.9966 10.8377 8.4197 0.0000 6.3567 6.9890 2.3964 6.2135 5.7018 10.8695 6.4726 5.6766 3.4572 3.3440 7.8197 9.4282 6.7724 3.8917 10.4695 7.5107 16.9202 17.5636 17.5858 15.3211 16.9709 16.7449 16.6341 16.6541 16.5619 16.8526 16.4894 17.1671 17.2035 17.4534 16.9005 17.5142 14.6026 17.8830 16.7007 17.1375 17.0261 17.7342 17.1331 17.5022 16.4791 16.4761 17.0447 17.2853 15.7499 17.1001 7.2386 6.6544 5.1523 9.3981 6.0130 6.3334 4.2380 6.2272 5.4896 9.9034 7.7638 4.0516 5.6929 5.6810 7.0969 6.1896 2.8529 6.3894 6.9603 6.4385 6.7376 7.4284 4.6046 3.2439 5.2331 10.8805 5.6394 3.4938 5.5905 6.9538 6.4344 14.1476 5.3388 11.8554 9.8189 6.6643 7.0828 8.8838 4.2144 4.6362 15.4531 11.1969 3.6529 4.0009 11.0749 4.8994 5.2406 7.1009 9.9087 3.8263 8.8611 6.0009 3.5953 11.7932 12.7607 5.6323 10.4578 5.3812 10.5827 3.5437 14.7030 10.3357 10.7983 15.5165 8.6571 14.8749 15.6837 15.6093 14.2225 15.7612 14.5719 14.2577 16.2095 15.8927 14.9714 14.5846 13.6901 12.6728 14.4324 14.5524 11.4513 15.2498 7.2827 12.6107 5.3390 17.2028 6.7034 15.7414 13.8317 15.7334
3.9591 9.5437 6.0403 5.3512 3.0062 5.5511 7.9159 5.7674 8.0340 6.6525 7.0365 7.5528 6.4685 6.3567 0.0000 5.8800 6.2527 2.6245 7.0122 7.5205 8.7346 3.4616 5.3010 5.3317 6.6759 6.7589 4.0789 4.6268 7.2852 4.4732 18.5139 19.1697 19.2308 16.9171 18.5991 18.3661 18.3510 18.3131 18.0654 18.4528 18.0769 18.8162 18.8353 19.0877 18.5637 19.1321 16.2403 19.5159 18.4004 18.7648 18.6465 19.3733 18.7541 19.1467 18.1321 18.0913 18.7130 18.9094 17.5147 18.7610 3.9143 3.1569 5.1958 9.0475 2.4479 5.9146 7.0316 3.3938 4.3180 11.4787 7.4539 4.0747 2.5039 4.6720 4.0510 7.1239 4.5611 8.9739 5.9307 4.1210 3.4813 8.2360 4.3955 5.3061 6.1434 11.1635 7.1338 6.0152 5.3943 3.6251 9.3454 15.8780 8.2122 13.2994 9.8782 9.0109 9.8678 6.8872 7.4414 8.3406 17.1338 12.8643 6.4413 4.8826 12.6943 6.2912 8.4946 9.5885 11.5961 7.9063 10.0218 8.2261 6.5226 13.5998 14.6972 3.4141 11.7858 6.9752 11.3726 5.5824 16.2526 12.6091 12.8755 17.2771 10.7930 16.6319 17.3712 17.3696 16.0305 17.4720 16.2125 16.1180 17.8023 17.6749 16.6047 16.2747 15.5937 14.7858 16.2253 16.3639 13.5471 17.0210 9.0062 14.3397 6.8082 18.7171 9.5936 17.3931 15.7492 17.4655
5.9544 9.5881 7.0914 5.2765 6.2095 4.5680 6.4295 5.6023 8.2460 5.9968 7.2699 7.6574 6.3993 6.9890 5.8800 0.0000 7.0998 5.7270 6.3550 7.7455 8.0547 5.6736 6.2024 5.5299 5.5964 6.4186 4.3026 6.2910 8.7854 4.9685 18.3205 18.9713 19.0228 16.7675 18.4164 18.1688 18.1508 18.1110 17.9298 18.2824 17.9412 18.6178 18.6297 18.8912 18.3449 18.9301 16.1487 19.3289 18.1931 18.5625 18.4380 19.1669 18.5655 18.9414 17.9239 17.8733 18.5164 18.7041 17.2856 18.5556 6.2679 5.1992 4.8612 9.6532 5.4494 4.9316 7.0516 5.7793 5.6458 11.2429 6.6609 5.0615 5.8322 3.2016 5.1154 6.3053 5.9026 8.6042 6.6475 5.1531 5.6421 7.9800 4.4847 6.8728 6.9978 11.2422 7.3548 6.1062 5.4419 7.0291 9.0743 15.6516 8.0000 13.0509 9.8394 8.7184 9.7651 7.0307 8.4491 9.5109 16.9288 13.2513 7.0147 4.9759 13.0454 5.2399 8.5345 9.1624 11.4490 8.9313 10.7650 8.9452 8.0791 13.6549 14.4807 6.5380 12.5102 6.5786 11.6524 6.3670 16.0983 12.5227 12.7016 17.1052 10.2900 16.4364 17.1911 17.1562 15.8325 17.2743 16.0254 15.8753 17.5746 17.4768 16.3829 16.0765 15.3761 14.6172 15.9998 16.1286 13.6688 16.8182 8.8376 14.0569 8.1169 18.5429 9.5116 17.2403 15.5078 17.2875
7.5917 11.2406 5.4839 8.7114 6.9524 5.0656 10.1392 8.6226 11.6341 9.7867 6.4857 11.2208 8.8237 2.3964 6.2527 7.0998 0.0000 6.2831 5.3151 10.9930 5.9035 6.1387 2.5678 3.0027 8.0246 9.5891 6.8946 3.5522 10.8509 7.7963 16.6070 17.2493 17.2672 14.9604 16.6295 16.4163 16.2958 16.3160 16.2512 16.5313 16.1639 16.8328 16.8670 17.1261 16.5779 17.1820 14.2688 17.5487 16.3684 16.8053 16.6973 17.4141 16.8505 17.1746 16.1549 16.1446 16.7110 16.9625 15.3985 16.7688 7.6281 6.7660 4.5870 9.2242 6.0115 6.5479 3.6320 6.4728 5.9984 9.5546 7.4922 4.2105 5.6708 5.6248 7.4273 6.2303 2.8101 5.7537 6.9399 6.7458 7.0685 7.2847 4.4061 2.9400 4.9598 10.7214 4.9672 2.8073 5.5001 7.1303 5.7126 13.9053 4.4964 11.5381 9.5878 6.0364 6.2949 8.8477 3.1646 3.7134 15.1082 10.8438 2.7608 3.7369 10.7551 4.3496 4.2833 6.4295 9.4685 2.9053 8.4423 5.5680 2.5179 11.3958 12.3367 5.6018 10.2630 4.7121 10.2251 2.7891 14.4032 9.8510 10.2982 15.1507 8.3472 14.5167 15.3274 15.2544 13.8647 15.4497 14.2220 13.9605 15.9149 15.5409 14.6509 14.2573 13.2960 12.2438 14.0776 14.1898 10.9877 14.8809 6.6821 12.2353 4.8428 16.8774 6.0849 15.4061 13.4223 15.3788
3.4544 9.3896 6.6891 5.2344 3.9789 5.3176 7.7619 5.7118 8.3628 6.6405 6.9013 7.6956 5.8048 6.2135 2.6245 5.7270 6.2831 0.0000 7.1020 7.4644 8.6076 3.4449 5.3104 5.2667 6.4342 6.6789 3.6435 4.4033 7.7380 4.4672 18.4868 19.1337 19.1983 16.9084 18.5709 18.3295 18.3123 18.2860 18.0580 18.4293 18.0597 18.7873 18.8143 19.0508 18.5126 19.1007 16.2180 19.4884 18.3622 18.7363 18.6251 19.3354 18.7272 19.1221 18.0964 18.0835 18.6854 18.8788 17.4741 18.7242 3.4017 3.2532 5.1893 9.0407 2.8581 5.5872 6.9558 2.8072 4.0675 11.4176 7.2770 3.9602 2.5664 4.5755 3.9840 7.0056 4.3448 9.0454 5.7888 4.1516 3.2809 8.1063 4.2257 5.4740 6.0681 11.1190 7.2006 5.9192 5.5239 3.3359 9.3663 15.7374 8.1412 13.2589 9.6395 8.9341 9.7775 6.4955 7.2685 8.2496 17.0794 12.8160 6.1423 4.5559 12.5096 6.1438 8.4407 9.4618 11.5162 7.8336 9.8767 8.1139 6.7769 13.5114 14.6619 2.8539 11.6824 6.7710 11.3163 5.2196 16.2200 12.5612 12.8632 17.2633 10.6784 16.5991 17.3455 17.3432 16.0180 17.4272 16.2019 16.0370 17.7864 17.6538 16.5702 16.2451 15.5626 14.7308 16.2100 16.3208 13.5158 16.9860 8.9888 14.3260 6.6489 18.7174 9.4940 17.3709 15.7213 17.4333
7.8779 11.5629 6.2357 8.8313 7.5598 3.8026 9.9090 7.2971 11.0157 9.6764 7.4314 10.5779 9.2724 5.7018 7.0122 6.3550 5.3151 7.1020 0.0000 10.6580 3.5844 7.3769 5.1963 5.2612 7.8368 9.6506 7.7041 5.6704 10.4398 7.2550 16.1318 16.8158 16.8202 14.5364 16.2610 16.0016 15.8349 15.9135 15.7300 16.0718 15.7896 16.4244 16.4502 16.7078 16.1474 16.7660 14.0741 17.1233 15.9394 16.4008 16.2615 16.9768 16.4199 16.7295 15.6772 15.6793 16.2634 16.5459 14.9552 16.3327 7.7954 7.5159 4.0868 10.0204 6.9304 7.2005 4.4552 7.2553 6.9720 9.1491 7.6345 5.5754 6.9193 5.5131 7.8128 3.3235 5.2372 4.6329 6.2791 6.6911 7.4828 6.5732 5.5825 5.2715 4.1742 10.0730 4.2266 4.8587 6.4402 7.3917 5.0152 13.3001 4.3877 11.4705 10.7142 5.1670 6.1735 9.4441 6.4001 7.0731 14.6365 11.8122 5.9836 5.7978 11.3459 4.9586 5.0780 5.4789 9.8011 6.4605 9.9465 7.6161 5.8213 11.5303 11.7804 7.1878 11.5517 5.3911 10.5427 5.4558 13.8619 9.6676 10.0318 14.6643 8.5409 14.0865 14.9826 14.7903 13.5877 14.9839 13.8533 13.5659 15.4165 15.0573 14.3338 13.9005 12.8013 11.9563 13.6404 13.7759 11.3170 14.4553 6.3542 11.7216 7.3978 16.3824 5.6530 14.9796 12.8465 14.9143
5.9844 10.6092 8.8405 5.1532 6.6574 8.9997 5.4165 8.1344 5.1643 5.6766 9.7980 5.2318 7.2128 10.8695 7.5205 7.7455 10.9930 7.4644 10.6580 0.0000 12.8587 8.4249 10.2857 9.8324 5.8445 7.0842 7.3324 10.2523 6.4501 6.3240 21.7264 22.3176 22.4265 20.2723 21.8610 21.6005 21.6706 21.5999 21.2503 21.6333 21.2653 22.0478 22.0488 22.2884 21.7853 22.3346 19.5656 22.7270 21.6909 21.9933 21.8626 22.5662 21.8396 22.3564 21.4175 21.3345 21.9935 22.1045 20.9330 21.9939 6.2633 6.2606 10.0879 11.9366 7.9185 6.9482 12.0398 8.2863 7.9328 15.1099 10.9341 8.0463 8.5817 8.6397 6.4888 10.5151 9.5539 13.5430 11.0485 8.6747 6.6974 11.2836 8.6996 9.7161 11.4403 14.4177 12.3520 10.8995 7.1825 8.1114 13.9972 19.0916 13.0830 16.5543 12.9441 13.8840 14.9002 8.6166 12.7566 13.8400 20.5473 16.5468 11.5321 9.4926 16.3050 10.9991 13.4715 14.2189 15.4111 13.0518 14.1951 12.6050 11.9726 17.4537 18.5585 9.2064 15.2538 12.1291 15.5631 10.5603 19.5660 16.7630 17.0288 20.7565 14.4295 20.1244 20.7545 20.7755 19.5553 20.7841 19.5698 19.4760 20.9812 21.0818 19.7622 19.5529 19.2713 18.6337 19.6688 19.8789 17.5645 20.5030 13.4927 17.8994 12.2752 21.8494 14.5071 20.7787 19.4129 20.8415
9.7243 12.8880 8.1225 10.8861 9.5473 5.1954 11.9674 9.2225 13.5705 11.6693 8.8465 13.1122 10.8678 6.4726 8.7346 8.0547 5.9035 8.6076 3.5844 12.8587 0.0000 8.7250 6.0646 6.3833 10.1168 11.4676 9.2234 6.7235 12.7519 9.1129 15.1588 15.8537 15.7991 13.5774 15.2665 15.0220 14.7661 14.9097 14.8139 15.0950 14.8738 15.4265 15.4661 15.7045 15.1433 15.7594 13.2444 16.0880 14.8905 15.4015 15.2856 15.9512 15.5312 15.7182 14.6498 14.7192 15.2153 15.5587 13.8567 15.3116 9.7852 9.2707 4.7731 10.8069 8.5299 9.0947 4.3082 8.7647 8.5256 8.5271 8.2771 7.3238 8.1908 6.9844 9.6199 4.0727 6.3040 2.3871 6.2016 7.8580 9.5588 7.1746 7.1939 6.4952 4.2622 10.0733 3.1861 5.2968 8.3556 9.4029 2.7781 12.4150 2.8821 10.9946 11.0941 2.9279 3.8361 10.8682 6.1432 6.3315 13.5340 11.5704 6.0467 6.7357 10.9386 5.2582 3.8143 3.0989 9.4091 5.9781 9.9801 7.7774 6.1345 10.6590 10.4687 8.1027 11.6101 4.9132 9.9993 6.0592 12.9470 8.3783 8.7776 13.5396 8.0707 13.0291 13.9868 13.7083 12.6096 13.9967 12.9465 12.6122 14.5081 13.9503 13.6011 13.0782 11.6003 10.7400 12.6276 12.6857 10.3861 13.3505 5.4916 10.7351 7.3209 15.4840 3.2145 13.9666 11.6173 13.8751
4.1505 9.6748 6.7125 5.2829 4.2816 5.7435 8.1470 6.1880 9.0437 6.9706 6.7235 8.1711 5.9079 5.6766 3.4616 5.6736 6.1387 3.4449 7.3769 8.4249 8.7250 0.0000 5.3489 5.0860 6.9560 6.8211 3.6542 4.4743 8.2236 4.2392 18.4418 19.0975 19.1528 16.8980 18.5369 18.3041 18.2809 18.2507 18.0402 18.4192 18.0529 18.7527 18.7737 19.0198 18.4816 19.0643 16.2202 19.4442 18.3313 18.6970 18.5866 19.2978 18.6817 19.0799 18.0499 18.0396 18.6428 18.8473 17.4383 18.6959 4.4276 3.7166 5.4024 9.1402 2.8969 5.9168 6.8051 3.0915 3.5872 11.3603 7.3218 3.7754 2.7292 4.3348 3.6074 7.0002 4.4669 8.9272 5.2986 3.3796 3.8314 8.2867 4.3251 5.7380 6.1288 11.0992 7.1792 5.7501 5.5467 4.7441 9.3473 15.7409 8.0433 13.2484 9.5716 8.9076 9.7353 7.1420 7.3323 8.1952 17.0531 12.7949 6.0753 4.5566 12.6286 6.0023 8.4277 9.4871 11.5403 7.7543 9.8867 8.0653 6.7450 13.4902 14.6232 3.0478 11.7056 6.7328 11.2629 5.2975 16.2107 12.5622 12.7938 17.2161 10.5409 16.5522 17.2915 17.3066 15.9385 17.3773 16.1756 15.9952 17.7228 17.6048 16.5414 16.2177 15.5128 14.6818 16.1653 16.2812 13.4926 16.9523 8.9646 14.2534 6.5146 18.6785 9.4570 17.3270 15.6759 17.3951
6.7070 10.4298 5.5038 7.9482 6.1997 4.0444 9.3139 7.6393 10.9784 8.7865 6.5140 10.5722 8.1578 3.4572 5.3010 6.2024 2.5678 5.3104 5.1963 10.2857 6.0646 5.3489 0.0000 2.3039 7.5079 8.6506 5.7712 3.0966 10.3565 7.1230 16.8099 17.4623 17.4909 15.1549 16.8343 16.6154 16.5187 16.5208 16.4430 16.7615 16.3968 17.0396 17.0765 17.3393 16.7851 17.3890 14.5063 17.7643 16.5928 17.0130 16.8995 17.6279 17.1126 17.3866 16.3657 16.3302 16.9264 17.1695 15.6138 16.9851 6.7221 5.7735 3.7302 8.5539 4.9988 6.0189 3.7540 5.6230 5.4811 9.5608 6.6254 3.6921 4.5912 4.2999 6.4165 5.9518 2.5682 6.1135 6.2573 5.8837 6.3689 6.9308 3.1876 3.2515 4.9122 10.3671 4.7677 2.5832 5.0583 6.4901 6.2615 14.0884 4.6357 11.6038 8.8907 6.1765 6.5238 7.9996 3.4497 4.3751 15.3006 11.0329 2.4181 2.5026 10.8167 3.4898 4.6894 6.5856 9.5484 4.0426 8.2691 5.7150 3.1258 11.5534 12.5499 4.6644 10.3564 3.9532 9.9890 2.2435 14.5916 10.1399 10.4945 15.3846 8.4972 14.7236 15.5309 15.4878 14.0695 15.6828 14.4066 14.1886 16.0817 15.7831 14.8337 14.4868 13.5370 12.5186 14.2909 14.4015 11.2265 15.0979 6.6032 12.3573 4.4326 17.0684 6.4687 15.6076 13.6671 15.6193
6.5371 10.1773 5.2395 7.3145 6.1660 4.0415 8.5172 7.1578 10.3377 7.9708 6.0486 9.8050 7.7302 3.3440 5.3317 5.5299 3.0027 5.2667 5.2612 9.8324 6.3833 5.0860 2.3039 0.0000 6.8603 8.0481 5.2175 3.2967 10.0154 6.7959 17.0253 17.6704 17.7127 15.3942 17.0553 16.8353 16.7507 16.7351 16.6604 16.9782 16.6194 17.2558 17.2964 17.5601 17.0102 17.6081 14.7250 17.9907 16.8141 17.2278 17.1114 17.8472 17.3095 17.6048 16.5923 16.5396 17.1480 17.3839 15.8398 17.2087 6.6260 5.5642 3.9939 8.6334 4.9365 5.4344 3.9992 5.2876 5.1864 9.7325 6.6994 3.2262 4.8135 3.9580 5.8292 5.8480 2.7341 6.4458 6.4030 5.6346 6.0921 7.0411 2.7895 3.4455 5.3498 10.6054 5.3652 2.6825 4.5482 6.5368 6.6498 14.3197 5.1351 11.7380 8.9258 6.5605 7.0576 7.6692 4.1335 5.0372 15.5317 11.2134 3.0484 2.6183 11.1815 3.6586 5.1357 6.9698 9.7599 4.6536 8.4815 5.8828 3.5084 11.8244 12.8318 5.0084 10.6017 4.3410 10.2887 2.5298 14.8062 10.4733 10.8146 15.6294 8.5026 14.9628 15.7673 15.7178 14.2996 15.8933 14.6322 14.4283 16.2940 16.0212 15.0103 14.6924 13.7930 12.8040 14.5246 14.6370 11.5372 15.3416 6.8889 12.5931 4.9603 17.2833 6.9574 15.8401 13.9225 15.8654
5.6193 9.8744 6.7352 5.0692 6.5153 6.5844 5.2074 7.2204 6.6298 5.5310 6.9183 5.6857 5.5610 7.8197 6.6759 5.5964 8.0246 6.4342 7.8368 5.8445 10.1168 6.9560 7.5079 6.8603 0.0000 6.7775 6.0209 7.6236 7.7498 5.8845 19.8159 20.4120 20.4935 18.3450 19.9371 19.6840 19.6901 19.6405 19.3866 19.7231 19.3724 20.1183 20.1351 20.3728 19.8407 20.4255 17.5945 20.8136 19.7189 20.0655 19.9381 20.6555 19.9040 20.4337 19.4596 19.4022 20.0421 20.1978 18.8970 20.0596 6.0576 5.9481 7.8998 10.4721 6.6103 3.8614 9.1927 6.6776 5.8272 12.8684 9.1977 5.5676 7.2397 6.4811 5.9499 8.0502 6.8829 10.9051 9.5609 7.0527 5.8047 9.3149 5.8750 7.2899 9.2051 12.8329 9.8445 7.9463 5.2754 7.1506 11.1983 17.0765 10.1431 14.5592 11.3234 11.3040 12.2122 7.5449 9.7824 10.9248 18.5527 14.3560 8.6274 6.6762 14.2487 8.4054 10.6223 11.5686 13.0626 9.9727 12.0313 9.9785 9.2691 15.2674 16.3446 7.8371 13.2366 9.6618 13.7754 7.6916 17.5968 14.3525 14.6726 18.7104 11.9386 18.0699 18.7399 18.7389 17.4361 18.7823 17.5877 17.3759 19.0581 19.0400 17.8025 17.5233 17.0868 16.3411 17.5670 17.7893 15.2404 18.4444 10.9846 15.7932 9.9574 19.9863 11.8127 18.7981 17.2352 18.8209
6.6015 7.4096 8.9483 4.8213 6.8284 7.9180 6.4322 6.9669 7.6037 5.3676 6.9356 7.0396 7.2407 9.4282 6.7589 6.4186 9.5891 6.6789 9.6506 7.0842 11.4676 6.8211 8.6506 8.0481 6.7775 0.0000 5.5548 8.3291 8.4694 6.2198 18.8131 19.4686 19.5461 17.2275 18.9105 18.6688 18.7107 18.6461 18.4066 18.8066 18.3922 19.1110 19.1249 19.3979 18.8657 19.4349 16.5370 19.8371 18.7653 19.0721 18.9530 19.6799 19.0415 19.4694 18.4676 18.3999 19.0410 19.2045 17.8990 19.0755 6.6561 6.0568 8.4310 8.3636 6.4153 6.7289 10.1337 6.6545 7.2989 11.8047 6.7910 6.9831 7.2220 6.6025 5.2555 9.5166 8.2485 11.9137 9.2304 7.1753 6.0258 8.4118 6.8083 9.0535 9.8873 11.0840 10.6460 8.9489 7.0892 7.5502 12.4185 16.1521 11.2411 13.2542 9.3170 11.9653 12.8947 6.7462 10.7913 11.8817 17.5500 13.2514 9.4875 7.7633 13.1241 8.9133 11.5791 12.3822 11.8972 11.4181 10.2194 9.3203 10.3805 14.0529 15.3225 7.8843 12.0103 9.9511 11.8152 8.6169 16.5398 13.6110 13.8356 17.7300 11.1485 17.0106 17.6613 17.7235 16.4348 17.7600 16.4820 16.3824 18.0980 18.0616 16.7758 16.4933 16.0885 15.4027 16.6142 16.7347 14.2593 17.4091 10.4017 14.6856 9.0878 19.0004 12.7344 17.7227 16.3752 17.8273
4.4791 8.7479 7.3581 4.2991 4.8123 5.5140 6.7302 5.4564 8.1292 5.1937 7.1542 7.5157 5.0493 6.7724 4.0789 4.3026 6.8946 3.6435 7.7041 7.3324 9.2234 3.6542 5.7712 5.2175 6.0209 5.5548 0.0000 5.3809 8.4943 4.5322 18.7941 19.4418 19.5066 17.2426 18.8678 18.6346 18.6389 18.5825 18.4017 18.7696 18.4050 19.0852 19.1084 19.3581 18.8268 19.3966 16.5680 19.7913 18.6769 19.0288 18.9184 19.6373 19.0598 19.4225 18.4122 18.3649 18.9925 19.1756 17.7855 19.0366 4.9089 3.2659 5.5253 9.1518 3.1254 4.7063 7.4270 3.8392 4.7817 11.6529 6.7677 4.5986 3.5996 3.9110 3.4076 7.6248 5.3600 9.5090 6.1329 3.9508 4.0294 8.6139 3.9167 6.6225 7.0951 11.5596 7.8526 6.1583 5.5229 5.5419 9.8805 16.1985 8.5777 13.4383 9.1938 9.3790 10.2235 5.4597 7.7722 8.9439 17.3956 13.1811 6.3128 4.4316 13.0944 5.9162 8.9029 9.7813 11.7677 8.5789 10.0260 8.4615 7.5833 13.8994 15.0264 4.2684 12.1403 6.8933 11.6096 5.6142 16.5936 13.0025 13.2046 17.6049 10.8064 16.9215 17.6477 17.6646 16.3181 17.7610 16.5187 16.3990 18.0882 17.9910 16.8444 16.5591 15.9138 15.1091 16.5306 16.6407 13.9273 17.3152 9.2695 14.6179 7.1358 19.0229 10.0726 17.6960 16.0759 17.7876
6.3418 10.3253 6.0515 7.5045 5.7736 4.7664 9.3643 6.9322 10.5762 8.6824 6.6112 9.9982 7.9224 3.8917 4.6268 6.2910 3.5522 4.4033 5.6704 10.2523 6.7235 4.4743 3.0966 3.2967 7.6236 8.3291 5.3809 0.0000 9.9275 6.6524 17.1200 17.7878 17.8212 15.5198 17.1801 16.9481 16.8744 16.8826 16.7686 17.1019 16.7419 17.3920 17.4246 17.6754 17.1223 17.7263 14.8646 18.1025 16.9462 17.3597 17.2522 17.9561 17.4271 17.7358 16.6875 16.6985 17.2732 17.5110 15.9988 17.3299 6.1275 5.5601 3.9965 8.8426 4.2445 6.1490 4.0932 4.4476 5.0678 9.9474 6.8075 3.3685 3.8497 4.3812 5.8204 5.9659 2.4696 6.7867 5.7633 5.4593 5.4344 7.3064 3.4049 3.8759 4.4969 10.5048 5.1894 3.4130 5.5861 4.9567 7.0549 14.3929 5.5911 12.0040 9.1777 6.6846 7.2079 7.8251 4.4299 5.2255 15.6400 11.3735 3.3967 3.3066 11.2158 4.1027 5.5420 7.2596 9.9525 5.0142 8.4065 6.2418 4.0533 11.9453 12.9733 4.0252 10.6126 4.6244 10.1219 2.8732 14.8926 10.6690 11.0141 15.7620 9.1050 15.0862 15.9030 15.8639 14.4840 16.0007 14.8049 14.5554 16.4475 16.1587 15.1873 14.8472 13.9330 12.9692 14.7201 14.7935 11.7071 15.4702 7.1517 12.7999 4.5593 17.3962 7.1303 15.9444 14.0744 15.9679
6.1230 11.7527 7.3702 6.5568 5.7821 9.3178 8.0022 7.7008 6.0711 8.0901 9.8267 5.8935 9.1678 10.4695 7.2852 8.7854 10.8509 7.7380 10.4398 6.4501 12.7519 8.2236 10.3565 10.0154 7.7498 8.4694 8.4943 9.9275 0.0000 6.3633 21.5674 22.1581 22.2705 20.1263 21.7113 21.4515 21.5060 21.4332 21.0763 21.4778 21.1190 21.8872 21.8873 22.1368 21.6371 22.1831 19.4295 22.5704 21.5335 21.8373 21.6982 22.4117 21.6777 22.1916 21.2658 21.1660 21.8284 21.9490 20.7699 21.8373 5.6065 6.7635 10.1714 11.9163 7.8193 8.7863 11.6798 8.0953 7.5183 14.9963 11.5488 7.6573 8.3612 9.1231 6.6673 9.7008 9.3130 13.2681 11.0173 8.7964 6.9512 10.9551 8.9425 9.1088 11.0343 14.2379 12.0058 10.7798 7.4711 7.1353 13.8050 18.9159 12.9191 16.5380 13.5068 13.7380 14.7714 10.3834 12.7321 13.6142 20.4156 16.3923 11.7256 9.9340 16.3064 11.2713 13.2922 14.2163 15.4374 12.8676 14.2171 12.5255 11.6269 17.2818 18.3900 9.3324 15.1746 12.2141 15.4772 10.6435 19.3766 16.5943 16.8516 20.5868 14.3486 19.9641 20.5976 20.6051 19.4104 20.6118 19.3968 19.3344 20.8256 20.9099 19.5850 19.4004 19.0893 18.4684 19.4981 19.7280 17.3860 20.3352 13.3789 17.7132 12.1331 21.6799 14.3537 20.6123 19.2128 20.6776
3.5310 9.9911 6.6794 4.1840 4.1335 5.5666 6.9351 5.5414 7.4980 6.1760 7.1974 6.6227 5.5915 7.5107 4.4732 4.9685 7.7963 4.4672 7.2550 6.3240 9.1129 4.2392 7.1230 6.7959 5.8845 6.2198 4.5322 6.6524 6.3633 0.0000 19.0779 19.7286 19.7969 17.5246 19.2058 18.9500 18.9607 18.9138 18.6204 18.9999 18.6312 19.4122 19.4172 19.6702 19.1348 19.7137 16.8206 20.1117 18.9922 19.3458 19.2220 19.9514 19.2426 19.7324 18.7087 18.6720 19.3149 19.4828 18.1411 19.3425 4.0818 3.8239 6.1472 9.8817 4.3881 5.8662 8.3174 4.6960 4.2404 12.0881 7.8517 4.8867 4.7690 5.0576 3.7329 6.7498 6.1504 9.6559 6.4558 4.0463 4.2322 8.2891 5.6205 6.7268 7.1227 11.5777 8.2894 7.1402 5.3453 5.3371 10.1243 16.3549 9.1959 13.8201 10.6654 9.9573 11.0610 7.5028 9.4855 10.4042 17.7512 13.8594 8.1286 6.3601 13.6095 7.3798 9.8104 10.4435 12.4962 9.6082 11.4774 9.6459 8.7147 14.4340 15.4321 5.3498 12.8234 8.2458 12.3256 7.2118 16.7866 13.4825 13.7343 17.9320 11.2813 17.2822 17.9991 17.9819 16.7298 18.0524 16.7929 16.6871 18.3543 18.3040 17.1524 16.8213 16.2722 15.5604 16.8449 17.0134 14.5656 17.6787 9.9315 14.9405 8.7322 19.2740 10.6041 18.0203 16.4165 18.0765
19.4635 16.3224 18.2398 20.2384 19.0333 16.8252 20.9675 18.7835 22.0408 20.5755 16.4444 21.8450 20.1008 16.9202 18.5139 18.3205 16.6070 18.4868 16.1318 21.7264 15.1588 18.4418 16.8099 17.0253 19.8159 18.8131 18.7941 17.1200 21.5674 19.0779 0.0000 1.5690 1.0999 4.3652 1.2512 0.9006 1.5394 1.4748 1.2961 1.4232 1.8971 1.2927 1.1363 1.2271 1.0053 1.3111 4.1761 1.5331 1.3486 1.1544 1.1790 1.3090 1.6338 1.2602 0.8128 1.2541 1.5332 1.2237 3.0177 1.0515 19.4480 18.8995 16.3395 14.0092 18.3327 18.8676 15.7545 18.5489 18.6087 10.5037 14.9393 17.8184 18.0510 17.5591 19.2524 16.3312 17.1317 14.9222 16.5787 17.9514 19.1995 13.6493 17.6808 17.2122 15.8663 11.3228 15.2893 16.4289 18.5037 18.9799 14.9193 6.6183 15.1747 8.4797 14.0430 14.8255 14.7595 18.0452 16.1913 16.0592 2.2832 9.4169 16.4797 17.2498 10.8505 16.2899 15.1977 14.7661 10.7878 16.2669 12.7525 13.6472 16.4347 8.0834 9.1865 17.9053 10.7346 15.8754 11.0722 16.7427 6.2122 9.4906 8.6715 6.0367 10.9939 6.0874 6.0846 6.0055 6.3739 6.0040 6.3634 6.3877 1.7941 6.0039 2.9630 6.2893 6.9843 8.0537 6.3030 6.2504 8.2660 6.0327 12.7796 7.4743 15.4554 0.9936 14.7539 5.9756 6.5733 6.0051
20.0899 16.9577 18.8516 20.8584 19.6821 17.4848 21.5543 19.4329 22.6266 21.1921 17.1209 22.4286 20.7210 17.5636 19.1697 18.9713 17.2493 19.1337 16.8158 22.3176 15.8537 19.0975 17.4623 17.6704 20.4120 19.4686 19.4418 17.7878 22.1581 19.7286 1.5690 0.0000 0.8652 5.2489 1.2724 1.4674 2.2044 1.6584 1.8907 1.2555 2.0895 1.4275 1.0154 0.6135 1.1913 0.6625 4.8545 0.9478 1.5371 0.9908 1.0217 0.7953 1.4186 0.7018 2.0282 1.7780 2.0288 0.7777 3.7272 1.1248 20.0804 19.5506 17.0263 14.6957 18.9885 19.4913 16.4207 19.2093 19.2473 11.3263 15.6662 18.4564 18.7073 18.2255 19.8825 17.0179 17.7870 15.6326 17.3096 18.6383 19.8509 14.3568 18.3254 17.8440 16.5858 12.1158 16.0210 17.0766 19.1381 19.6354 15.6029 7.4934 15.8483 9.2651 14.7167 15.5684 15.4660 18.6880 16.8231 16.6824 3.0896 10.1444 17.1256 17.8835 11.5657 16.9613 15.8893 15.4919 11.5634 16.8750 13.4603 14.3590 17.0721 8.9342 10.0565 18.5688 11.4605 16.5626 11.8763 17.3815 7.0973 10.3550 9.5473 6.8907 11.6715 7.0043 6.8584 6.8528 7.2375 6.8319 7.1892 7.3242 2.1167 6.8227 3.3677 7.1428 7.9194 8.9210 7.1914 7.1468 9.0879 6.9169 13.5520 8.3370 16.1646 1.0744 15.4622 6.8364 7.4663 6.8266
20.1736 17.0000 18.9255 20.9460 19.7606 17.5272 21.6506 19.4936 22.7398 21.2711 17.1578 22.5399 20.7800 17.5858 19.2308 19.0228 17.2672 19.1983 16.8202 22.4265 15.7991 19.1528 17.4909 17.7127 20.4935 19.5461 19.5066 17.8212 22.2705 19.7969 1.0999 0.8652 0.0000 4.9760 1.2076 1.2905 1.8254 1.5958 1.7517 1.3294 2.1309 1.1890 0.9240 0.5661 1.0739 0.6562 4.7584 0.6099 1.3918 0.9126 1.0569 0.4812 1.4235 0.5776 1.5876 1.6938 1.6151 0.8510 3.4680 0.9308 20.1689 19.6249 17.0429 14.7307 19.0457 19.5547 16.4210 19.2607 19.3093 11.2027 15.6874 18.5227 18.7605 18.2755 19.9642 17.0210 17.8242 15.5625 17.2840 18.6654 19.9244 14.3870 18.3789 17.8926 16.5618 12.0476 15.9689 17.0970 19.2159 19.7032 15.5363 7.2369 15.8125 9.1754 14.7046 15.4779 15.3777 18.7482 16.8196 16.6645 2.8791 10.0690 17.1405 17.9274 11.4793 16.9771 15.8459 15.4036 11.4588 16.8753 13.4344 14.3415 17.0908 8.7584 9.7899 18.6147 11.4162 16.5562 11.7731 17.4134 6.8145 10.1781 9.3782 6.5102 11.6825 6.6548 6.5368 6.4933 6.9464 6.4769 6.9484 7.0194 2.1737 6.4366 3.5367 6.8789 7.5999 8.6744 6.8900 6.8145 8.9240 6.5567 13.4864 8.1381 16.1600 1.0159 15.3749 6.4742 7.1665 6.4687
17.9224 14.6833 16.6503 18.7612 17.4660 15.1773 19.5181 17.3026 20.6426 19.1241 14.8036 20.4518 18.6399 15.3211 16.9171 16.7675 14.9604 16.9084 14.5364 20.2723 13.5774 16.8980 15.1549 15.3942 18.3450 17.2275 17.2426 15.5198 20.1263 17.5246 4.3652 5.2489 4.9760 0.0000 4.1909 4.0977 3.4067 4.0308 3.7634 4.3775 3.6616 4.0385 4.4833 4.8672 4.3027 4.9482 2.0107 5.0588 4.1071 4.4621 4.5926 5.2072 4.7758 4.8841 3.8450 4.0726 3.5719 4.8057 2.5390 4.3747 17.9320 17.3110 14.6640 12.0761 16.7553 17.3182 14.1177 17.0158 17.0537 8.2481 13.0029 16.2225 16.4447 15.9379 17.7154 14.8018 15.5138 13.3036 15.0623 16.3994 17.6823 11.6480 16.0568 15.5452 14.2313 9.1775 13.6857 14.7566 16.8893 17.4795 13.2821 3.6312 13.5049 5.5509 12.1596 13.2507 13.1546 16.4759 14.5528 14.4327 3.9794 7.0085 14.8246 15.6144 8.5240 14.6274 13.5637 13.1724 8.4884 14.5720 10.7225 11.7101 14.7363 5.1829 6.8708 16.2937 8.5889 14.2163 8.7783 15.0963 2.7145 7.0297 6.0015 2.8095 8.7141 2.6310 2.6995 2.5346 2.9762 2.9119 2.4432 3.2090 4.5789 2.9300 4.1087 2.6692 3.9800 5.2885 3.0264 2.8834 5.4586 2.5936 10.8803 4.3849 13.7397 4.7910 13.1396 2.6525 3.3176 2.6551
19.5822 16.3599 18.3148 20.3579 19.1409 16.9000 21.0585 18.8994 22.1745 20.6655 16.5692 21.9830 20.2235 16.9709 18.5991 18.4164 16.6295 18.5709 16.2610 21.8610 15.2665 18.5369 16.8343 17.0553 19.9371 18.9105 18.8678 17.1801 21.7113 19.2058 1.2512 1.2724 1.2076 4.1909 0.0000 0.6918 1.3945 0.8724 1.3150 1.0263 1.3017 0.8083 0.5698 0.8595 0.8229 0.8753 3.8653 1.2894 0.8153 0.4673 0.7619 1.2859 1.7060 0.9948 1.3759 1.1275 1.3286 0.7740 2.8014 0.6022 19.5744 18.9917 16.3956 14.0033 18.4068 18.9520 15.7838 18.6416 18.7106 10.5240 14.9377 17.8942 18.1179 17.6226 19.3391 16.4893 17.1948 14.9927 16.7219 18.0722 19.3319 13.7028 17.7228 17.2601 15.9668 11.3950 15.3875 16.4349 18.5876 19.1128 14.9561 6.7167 15.1941 8.3581 13.9798 14.9081 14.7854 18.1056 16.1558 16.0076 2.4139 9.3279 16.4722 17.2777 10.7514 16.3135 15.2179 14.8376 10.7123 16.2267 12.6672 13.6215 16.4202 7.9677 9.1567 17.9776 10.7554 15.8846 10.9922 16.7471 6.2129 9.4478 8.6164 5.9855 10.9206 6.0482 5.9501 5.9127 6.2788 6.0008 6.1953 6.4465 1.9681 5.9649 2.8786 6.2163 6.9563 7.9602 6.2729 6.1898 8.1345 5.9565 12.8229 7.3975 15.4644 1.2518 14.8032 5.9373 6.5172 5.9416
