0.0000 4.0952 2.4420 1.4701 2.8903 2.4716 3.2016 2.2457 4.6576 3.6623 4.1058 1.7421 2.2640 1.9878 1.5242 3.4148 5.3580 2.7836 2.2908 8.3354 4.9926 5.7541 4.0210 4.8491 3.5851 3.8089 3.9117 3.6488 3.8594 3.2860 44.9904 45.6800 45.9886 43.8466 44.9790 45.5078 40.7297 44.9961 42.6754 45.4643 44.5482 45.4265 45.5979 46.0272 42.5448 43.7501 41.0514 44.6441 44.6824 43.9494 44.8897 46.5327 42.6847 45.8779 41.8472 44.9747 44.7294 46.1577 45.8811 44.9312 3.0094 2.8754 6.3506 5.7883 3.5061 4.8130 9.7867 1.5078 5.0224 9.5772 9.6329 4.9792 5.3185 9.2294 4.7535 2.7772 3.8172 6.7788 7.3155 6.5895 2.8926 10.1660 5.2360 2.4074 7.0974 10.0355 7.3811 7.5316 1.2126 2.9093 10.2223 17.5321 13.8181 18.0936 13.2409 10.2030 19.4700 8.5342 9.7862 8.8456 21.0712 12.7096 12.7264 9.8076 14.7696 9.6051 12.3559 13.9545 11.7062 17.2581 13.1547 11.9172 10.3963 12.9276 17.0345 9.5350 13.5511 12.4211 9.6957 9.1648 29.8042 28.7392 25.1687 34.3074 26.1224 32.9592 34.9803 32.8039 28.2374 27.6940 31.0672 28.3097 33.2215 32.7072 29.3983 32.3520 26.6642 26.3129 30.7917 31.7715 27.5723 33.2378 22.5955 28.2125 19.3498 34.5746 19.5978 32.2046 26.8762 31.9726
4.0952 0.0000 6.4583 4.6084 6.1531 4.0335 2.7646 3.9668 7.9364 5.1912 3.0205 4.6936 4.1548 3.3568 4.3230 3.3599 3.4820 2.1511 4.6768 11.5071 3.4240 3.8609 2.7083 2.9181 2.2383 2.4972 2.0304 3.0880 7.1675 3.6344 41.9344 42.6241 42.9326 40.7906 41.9231 42.4518 37.6738 41.9401 39.6194 42.4084 41.4923 42.3705 42.5419 42.9676 39.4888 40.6941 37.9955 41.5881 41.6265 40.8935 41.8337 43.3944 39.6288 42.7233 38.7913 41.9188 41.6734 43.1018 42.8252 41.8752 4.1388 2.7091 4.4922 2.5531 3.2274 3.2988 7.9075 4.5950 3.7426 7.7029 7.7537 3.5722 3.5280 7.3502 4.1728 4.2896 2.7682 4.8996 5.4363 4.7386 2.7282 8.2088 3.2815 3.7095 5.2729 6.7839 5.4781 5.6987 4.2815 6.3090 8.4398 14.3641 11.9931 14.9488 11.5267 8.3842 17.7977 6.4208 7.8970 7.0928 17.8341 9.7897 10.9665 7.8754 11.9678 7.8103 10.6114 12.1986 9.9054 15.4331 10.2600 9.9294 8.4315 9.9190 13.8950 7.8664 10.3552 10.6055 7.5836 7.6752 26.6361 25.5967 22.1363 31.1157 22.9543 29.7676 31.7886 29.6122 25.1370 24.5773 27.8786 25.1416 30.0299 29.5155 26.2303 29.1839 23.6083 23.2021 27.6236 28.5799 24.5399 30.0462 20.9468 25.0666 17.1448 31.3829 17.9491 29.0130 24.5988 28.8045
2.4420 6.4583 0.0000 2.5821 2.2735 4.2297 5.6043 3.8745 4.5219 5.1876 5.8522 2.3295 3.8931 3.6855 2.3862 4.9880 7.2374 5.0846 3.7882 6.4543 6.7379 7.6813 5.9753 6.6816 5.7778 5.5386 6.1242 5.5686 2.6274 5.0163 46.7758 47.4655 47.7740 45.6321 46.7645 47.2932 42.5152 46.7815 44.4608 47.2498 46.3337 47.2120 47.3901 47.8671 44.3303 45.5355 42.8369 46.4295 46.4679 45.7349 46.6752 48.3727 44.4702 47.7179 43.6327 46.7602 46.5148 47.9675 47.6666 46.7167 4.6565 4.7269 8.2317 7.6597 5.2332 6.7163 11.7065 3.6057 6.9206 11.4970 11.5527 6.8990 7.2383 11.1520 6.6425 4.6011 5.6413 8.6986 9.2353 8.5069 4.5967 11.8754 7.1248 4.2991 9.0172 11.9749 9.2530 9.4514 2.8150 2.4775 12.1293 19.4181 15.6738 19.9665 15.0918 12.0903 21.2691 10.8241 11.6418 10.7321 22.8109 14.5737 14.5522 11.6828 16.6401 11.5377 14.2334 15.7748 13.5818 19.1137 15.0493 13.6463 12.1254 14.7350 18.9097 11.3811 15.4569 14.2749 11.4992 10.9526 31.6747 30.6097 27.0359 36.1474 27.9929 34.7992 36.8203 34.6439 30.0773 29.5340 32.9172 30.1802 35.0615 34.5471 31.2689 34.2225 28.5006 28.1529 32.6622 33.6115 29.4007 35.0778 24.3991 30.0830 21.1658 36.4146 21.3942 34.0446 28.7009 33.8431
1.4701 4.6084 2.5821 0.0000 2.2537 3.8159 3.3994 2.4790 3.6989 3.1552 5.1459 1.5803 1.8439 2.8588 2.3685 4.4239 6.4005 3.9295 3.0296 7.4155 5.9489 6.9352 5.2244 5.9513 4.2943 4.8094 4.8338 4.6120 3.1609 4.2811 45.7204 46.4101 46.7186 44.5766 45.7091 46.2378 41.4598 45.7261 43.4054 46.1944 45.2783 46.1566 46.3294 46.8064 43.2749 44.4801 41.7815 45.3741 45.4125 44.6795 45.6198 47.3120 43.4148 46.6572 42.5773 45.7048 45.4594 46.9068 46.6112 45.6613 3.1033 3.6802 7.5007 6.6978 4.1644 5.6784 10.7031 1.9630 6.0376 10.4591 10.5148 5.8730 6.2471 10.2220 5.6046 3.8095 4.7193 7.7286 8.2559 7.6658 3.7719 10.8402 6.3800 3.3737 8.0046 10.9715 8.4130 8.4237 1.7003 2.0731 11.1259 18.3815 14.5857 18.9298 14.0143 11.0537 20.1753 8.5262 10.5695 9.6855 21.7502 13.5199 13.4642 10.6373 15.5963 10.5343 13.1621 14.6796 12.5107 18.0257 14.0028 12.6172 11.0963 13.6866 17.8562 10.3032 14.4203 13.1869 10.4688 9.8704 30.6309 29.5659 25.9921 35.0866 26.9491 33.7385 35.7595 33.5831 29.0166 28.4733 31.8735 29.1364 34.0056 33.4864 30.2251 33.1787 27.4398 27.0921 31.6184 32.5674 28.3569 34.0171 23.3209 29.0392 20.1273 35.3538 20.3212 32.9839 27.6402 32.7993
2.8903 6.1531 2.2735 2.2537 0.0000 5.0688 4.8884 3.7657 3.0559 3.5199 6.8079 1.8513 2.3742 4.7238 3.4500 5.8890 8.2000 5.5070 4.8496 5.5358 7.8078 8.5417 6.8990 7.5724 6.0340 6.5529 6.7216 6.5372 1.3606 6.0135 47.8003 48.4900 48.7985 46.6565 47.7890 48.3177 43.5397 47.8060 45.4853 48.2743 47.3582 48.2364 48.4078 48.8485 45.3548 46.5600 43.8614 47.4540 47.4924 46.7594 47.6996 49.3541 45.4947 48.6993 44.6572 47.7847 47.5393 48.9677 48.6911 47.7411 4.3548 5.6604 9.2035 8.6221 6.3214 7.7007 12.6751 3.9741 7.8923 12.4655 12.5213 7.8675 8.2069 12.1178 7.6424 5.6256 6.6288 9.6671 10.2038 9.4750 5.6277 12.9813 7.9085 5.2736 9.9857 12.9054 10.2368 10.4200 3.3736 1.7918 13.1096 20.3851 16.6742 20.9466 16.1123 13.0633 22.2984 9.7034 12.6431 11.7352 23.8517 15.5466 15.5662 12.6452 17.6235 12.4827 15.2455 16.7943 14.5913 20.1142 16.0233 14.7140 13.1931 15.7711 19.8721 12.4083 16.4203 15.2791 12.4692 12.0267 32.6572 31.5921 28.0184 37.1288 28.9754 35.7806 37.8017 35.6253 31.0587 30.5154 33.8997 31.1627 36.0429 35.5285 32.2513 35.2050 29.4820 29.1343 33.6447 34.5936 30.4138 36.0592 25.4555 31.0654 22.1913 37.3959 22.4578 35.0260 29.6861 34.8256
2.4716 4.0335 4.2297 3.8159 5.0688 0.0000 3.9628 3.8727 7.0342 5.4056 1.8538 3.7650 4.1067 2.5869 1.9460 2.3349 3.8837 2.7828 2.6857 10.4756 2.8710 3.6555 2.2388 3.1640 3.4608 2.6584 3.9355 2.4625 5.9938 3.1815 42.8153 43.5049 43.8135 41.6715 42.8039 43.3327 38.5547 42.8210 40.5003 43.2893 42.3731 43.2514 43.4228 43.8485 40.3697 41.5750 38.8763 42.4690 42.5074 41.7744 42.7146 44.3268 40.5097 43.6720 39.6722 42.7997 42.5543 43.9827 43.7060 42.7561 4.9541 2.7210 4.9661 4.1752 3.4564 4.0151 7.6415 3.6632 3.7373 7.4319 7.4958 3.7319 3.9945 7.0842 4.0944 2.8545 3.1010 4.6437 5.5155 4.4565 2.8253 8.0445 3.1067 2.0130 4.9521 7.8445 5.2313 5.7596 2.7900 5.2285 8.0961 15.3452 11.6677 15.9067 11.3184 8.0498 17.3406 8.5602 8.0613 6.7782 18.8941 10.5184 10.5922 8.0765 12.5892 7.4598 10.2320 11.7943 9.5778 15.1077 10.9825 9.7595 8.2352 10.7791 14.8383 7.7078 11.3739 10.2782 7.4972 7.4774 27.6173 26.5522 23.0126 32.1015 23.9354 30.7533 32.7744 30.5979 26.0314 25.4881 28.8613 26.1227 31.0156 30.5012 27.2114 30.1651 24.4891 24.1070 28.6047 29.5656 25.4162 31.0319 20.4852 26.0255 17.1937 32.3686 17.4874 29.9987 24.7011 29.7857
3.2016 2.7646 5.6043 3.3994 4.8884 3.9628 0.0000 2.9328 6.4645 3.1669 4.1146 3.6564 3.0342 2.4225 3.6041 4.4629 3.7278 2.1672 3.0695 10.2990 3.9890 4.3705 2.6787 3.9812 2.4932 3.6353 2.7829 2.2688 5.7754 2.9600 43.2545 43.9441 44.2527 42.1107 43.2431 43.7891 38.9939 43.2602 40.9395 43.7285 42.8123 43.6906 43.8620 44.2877 40.8089 42.0142 39.3155 42.9404 42.9466 42.2136 43.1538 44.7316 40.9488 44.0768 40.1114 43.2389 42.9935 44.4218 44.1452 43.2930 2.3596 2.1656 4.5881 4.2052 2.0960 2.8555 7.8142 2.8391 3.3328 7.5781 7.6497 2.9924 3.3582 7.3084 2.8246 2.6764 2.6671 4.9455 5.3309 4.8696 1.9088 8.3806 3.9580 2.3174 5.1157 8.1177 5.7151 5.5315 2.9480 4.4586 8.3882 15.7022 11.9076 16.2637 11.3579 8.3819 17.6518 5.5824 7.8791 7.0384 19.4356 10.9955 10.9945 7.9422 12.9751 7.7448 10.4361 12.1277 9.7960 15.4771 11.3336 10.2091 8.7185 11.2005 15.1680 7.6533 11.7083 10.5917 8.0303 7.3268 27.9743 26.9092 23.4067 32.5062 24.2924 31.1581 33.1791 31.0027 26.4570 25.8974 29.2660 26.4798 31.4204 30.9060 27.5684 30.5221 24.9283 24.5222 28.9617 29.9704 25.8076 31.4367 20.7486 26.3825 17.5851 32.7734 17.7509 30.4035 25.1403 30.1427
2.2457 3.9668 3.8745 2.4790 3.7657 3.8727 2.9328 0.0000 5.1472 2.3990 4.1488 3.0172 2.6950 2.0061 3.4186 4.5646 4.9002 2.4688 3.4092 8.9638 4.5499 5.4249 3.8168 4.4172 3.2762 3.7088 3.4195 3.1423 4.5094 2.9112 44.3063 44.9960 45.3045 43.1625 44.2950 44.8237 40.0457 44.3120 41.9913 44.7803 43.8642 44.7425 44.9139 45.3395 41.8608 43.0660 40.3674 43.9600 43.9984 43.2654 44.2057 45.7958 42.0007 45.1410 41.1632 44.2907 44.0453 45.4737 45.1971 44.2472 1.8978 3.0087 6.0182 5.1571 2.8415 4.1499 9.2126 2.5650 4.5394 8.9676 8.9665 4.3799 4.7565 8.7386 4.0635 2.7242 3.8602 6.2043 6.7308 6.1834 2.9241 9.4544 4.8295 3.0238 6.5208 9.4189 6.9305 6.9145 2.7505 3.6570 9.5334 16.8412 13.0773 17.4027 12.5568 9.4923 18.7901 7.8933 9.0582 8.1640 20.3457 11.9781 12.0022 9.0692 14.0831 8.9401 11.6666 13.2217 11.0123 16.5173 12.4692 11.1837 9.6628 12.2951 16.2895 8.8630 12.8521 11.6858 8.9558 8.5364 29.1133 28.0482 24.5307 33.5705 25.4314 32.2223 34.2434 32.0669 27.5089 26.9571 30.3558 27.6187 32.4880 31.9702 28.7074 31.6611 25.9802 25.5760 30.1007 31.0497 26.9342 32.5009 21.9616 27.5215 18.7117 33.8376 18.9639 31.4677 26.1921 31.2817
4.6576 7.9364 4.5219 3.6989 3.0559 7.0342 6.4645 5.1472 0.0000 3.8385 8.4656 3.8057 4.0603 6.1637 5.5458 7.4862 9.8650 7.2399 6.6696 4.2584 9.3249 10.3316 8.6102 9.2705 7.4778 8.0447 8.2071 8.1146 2.6184 7.4566 49.2968 49.9865 50.2950 48.1530 49.2855 49.8142 45.0362 49.3025 46.9818 49.7708 48.8547 49.7329 49.9043 50.3367 46.8513 48.0565 45.3579 48.9505 48.9889 48.2559 49.1961 50.8423 46.9912 50.1875 46.1537 49.2812 49.0358 50.4642 50.1876 49.2376 5.7863 7.2292 10.9492 10.1841 7.6949 9.2582 14.2569 5.6343 9.5021 14.0388 14.0946 9.4409 9.7944 13.7205 9.1844 7.3159 8.1954 11.2513 11.7846 11.1144 7.2205 14.2867 9.7447 6.9179 11.5635 14.5101 11.8615 11.9933 5.2735 3.7957 14.6646 21.9275 18.1102 22.4890 17.6233 14.5911 23.8032 11.0565 14.1265 13.2387 25.2805 17.0119 17.0230 14.1589 19.1649 14.0730 16.7331 18.2511 16.0735 21.5501 17.5428 16.0598 14.4580 17.3126 21.3670 13.9126 17.9419 16.7113 13.9255 13.5368 34.1996 33.1345 29.5610 38.6170 30.5178 37.2817 39.2899 37.1487 32.5469 32.0036 35.4421 32.7051 37.5743 37.0346 33.7937 36.7474 30.9943 30.6225 35.1871 36.1360 31.9645 37.5474 26.9748 32.6079 23.7420 38.8842 23.9771 36.5142 31.1826 36.3680
3.6623 5.1912 5.1876 3.1552 3.5199 5.4056 3.1669 2.3990 3.8385 0.0000 6.0841 3.5455 2.9508 3.9178 4.8921 6.4069 6.8055 4.6306 3.9203 7.5107 6.6554 7.3603 5.6028 6.6612 5.2093 5.8747 5.5353 4.8990 3.4763 5.1089 45.9356 46.6252 46.9338 44.7918 45.9242 46.4530 41.6749 45.9413 43.6206 46.4095 45.4934 46.3759 46.5707 47.0477 43.4900 44.6953 41.9966 45.5893 45.6276 44.8946 45.8349 47.5533 43.6299 46.8985 42.7924 45.9199 45.6745 47.1481 46.8362 45.9137 2.5908 4.2204 7.3351 7.1803 4.8440 5.8732 10.5823 2.9457 6.4080 10.3688 10.5264 5.7987 6.1643 10.0960 5.7560 3.7886 5.5762 8.0258 8.3610 7.8612 4.6238 11.4097 6.9292 3.8476 7.8889 10.9698 8.6944 8.3183 3.8346 3.2038 11.2797 18.5209 14.8508 19.0925 14.1269 11.2768 20.3355 7.5576 10.9229 9.9083 22.3679 13.9653 13.9033 10.9825 15.7899 10.6234 13.2233 14.9836 12.6336 18.4326 14.1351 13.2850 11.7506 13.8593 18.1246 10.3811 14.6163 13.5509 11.1061 9.9003 30.7486 29.6665 26.1598 35.3280 27.1016 33.9798 36.0009 33.8245 29.2579 28.7146 32.0878 29.3008 34.2421 33.7277 30.3256 33.2793 27.6812 27.3335 31.7315 32.7921 28.4609 34.2584 23.3417 29.1643 20.2017 35.5951 20.3648 33.2252 27.8815 32.9629
4.1058 3.0205 5.8522 5.1459 6.8079 1.8538 4.1146 4.1488 8.4656 6.0841 0.0000 5.3343 4.7889 2.6638 3.4855 1.7942 2.8402 2.7482 3.8680 12.1148 1.8132 2.1392 1.6613 1.9093 3.1232 1.0642 2.5570 2.2567 7.7763 3.0739 41.2631 41.9527 42.2613 40.1193 41.2517 41.7805 37.0025 41.2688 38.9481 41.7371 40.8209 41.6992 41.8706 42.2963 38.8175 40.0228 37.3241 40.9168 40.9552 40.2222 41.1624 42.7231 38.9574 42.0519 38.1200 41.2475 41.0021 42.4305 42.1538 41.2039 5.0961 2.5021 3.9329 3.0195 3.2833 3.3681 6.0204 4.8523 3.3469 5.7900 5.8411 3.1782 2.8294 5.4551 4.0884 3.3424 2.2808 3.0985 4.1690 2.8557 2.7607 6.1922 1.9524 2.8904 3.4077 6.2098 3.5933 4.4268 4.3160 6.9911 6.4657 13.7474 9.9822 14.3142 9.8360 6.4100 15.7926 7.7148 6.5378 5.2544 17.1273 8.9032 8.9377 6.4676 11.0493 5.8501 8.6194 10.1792 7.9312 13.4316 9.4724 7.9078 6.3901 9.2751 13.1259 6.2684 9.7292 8.5946 5.6893 6.5695 26.0195 24.9621 21.5018 30.4623 22.3376 29.1141 31.1352 28.9686 24.4656 23.9060 27.2620 24.5249 29.3942 28.8621 25.6136 28.5673 22.9369 22.5308 27.0069 27.9559 23.9054 29.3927 18.9642 24.4321 15.6828 30.7295 15.9665 28.3595 23.1489 28.1879
1.7421 4.6936 2.3295 1.5803 1.8513 3.7650 3.6564 3.0172 3.8057 3.5455 5.3343 0.0000 1.7738 3.2421 2.3637 4.3737 6.7638 4.0219 3.7198 6.9104 6.3835 7.1357 5.4741 6.0497 4.5249 5.0877 5.2598 5.1466 2.7045 4.5152 46.4394 47.1291 47.4377 45.2957 46.4281 46.9568 42.1788 46.4451 44.1245 46.9134 45.9973 46.8756 47.0470 47.4727 43.9939 45.1991 42.5005 46.0931 46.1315 45.3985 46.3388 47.8995 44.1338 47.2283 43.2963 46.4238 46.1784 47.6068 47.3302 46.3803 3.3969 4.3197 7.8516 7.1060 4.8595 6.2562 11.2464 2.9264 6.4529 11.0369 11.0926 6.4572 6.8270 10.6891 6.2050 4.4290 5.1778 8.2385 8.7752 8.0788 4.1983 11.5194 6.4791 4.0589 8.5667 11.4225 8.8013 9.0043 2.2737 2.1560 11.6732 18.9283 15.2058 19.4898 14.7302 11.6133 20.9997 9.0465 11.1784 10.3138 22.3911 14.0648 14.1460 11.1616 16.2060 11.0605 13.8118 15.3926 13.1345 18.6559 14.5505 13.2344 11.7102 14.4304 18.3375 11.0668 14.9082 13.8042 10.9396 10.7402 31.2004 30.1353 26.6718 35.6495 27.5186 34.3014 36.3224 34.1495 29.6420 29.0823 32.4429 29.7059 34.5751 34.0493 30.7945 33.7482 28.1133 27.7072 32.1879 33.1368 29.0754 34.5799 24.1713 29.6087 20.8529 35.9167 21.1736 33.5468 28.3253 33.3688
2.2640 4.1548 3.8931 1.8439 2.3742 4.1067 3.0342 2.6950 4.0603 2.9508 4.7889 1.7738 0.0000 2.6233 3.1409 3.8426 6.2122 3.4863 4.0392 7.5160 5.8207 6.6155 4.9932 5.3730 3.7494 4.3899 4.5841 4.7303 3.3957 3.7715 45.8153 46.5050 46.8135 44.6715 45.8040 46.3327 41.5547 45.8210 43.5003 46.2893 45.3732 46.2514 46.4228 46.8485 43.3698 44.5750 41.8764 45.4690 45.5074 44.7744 45.7146 47.2753 43.5097 46.6042 42.6722 45.7997 45.5543 46.9827 46.7061 45.7561 3.0223 3.9404 7.3406 6.5087 4.2261 5.6966 10.7218 2.9553 5.9031 10.5159 10.4855 5.9919 6.3623 10.1541 5.6710 4.1209 4.6293 7.6625 8.1985 7.5653 3.6449 10.7301 5.9074 3.8399 8.0877 10.8913 8.2800 8.5038 2.8915 3.1737 11.1380 18.3353 14.5963 18.9265 14.2128 11.0563 20.4558 7.9706 10.5776 9.7789 21.6548 13.5022 13.5558 10.5541 15.6766 10.5253 13.2975 14.7822 12.5901 18.0029 14.0220 12.4457 10.9285 13.9023 17.6952 10.5525 14.3287 13.2003 10.1871 10.2259 30.6000 29.5744 26.1141 34.9986 26.9181 33.6821 35.6556 33.5490 29.0377 28.4747 31.8425 29.1056 33.9746 33.4350 30.1941 33.1477 27.5474 27.0830 31.5874 32.5364 28.5176 33.9434 23.6273 29.0444 20.2951 35.2499 20.6296 32.8800 27.7011 32.7764
1.9878 3.3568 3.6855 2.8588 4.7238 2.5869 2.4225 2.0061 6.1637 3.9178 2.6638 3.2421 2.6233 0.0000 1.9189 2.6986 3.7892 1.9881 2.1571 9.8814 3.2806 4.2867 2.5358 3.1523 2.4778 2.2390 2.8934 2.1747 5.6624 1.5910 43.3564 44.0460 44.3546 42.2126 43.3450 43.8738 39.0957 43.3621 41.0414 43.8303 42.9142 43.7925 43.9639 44.3896 40.9108 42.1161 39.4174 43.0101 43.0484 42.3154 43.2557 44.8164 41.0507 44.1469 40.2132 43.3407 43.0953 44.5237 44.2471 43.2972 2.8466 2.0217 4.9043 4.0759 1.7920 3.2219 8.2361 2.6076 3.4421 8.0058 8.0580 3.4265 3.8097 7.6875 3.1657 1.9006 2.4014 5.2044 5.7405 5.0881 1.4705 8.2886 3.5923 1.7983 5.5417 8.4130 5.8207 5.9597 2.3721 4.7870 8.6650 15.8909 12.1082 16.4524 11.6625 8.5671 17.9280 7.7901 8.1030 7.2677 19.2399 10.9901 11.0436 8.0804 13.1645 8.0523 10.7532 12.2851 10.0798 15.5583 11.5203 10.0023 8.4780 11.3902 15.2765 8.0022 11.8702 10.7138 7.8137 7.6757 28.1629 27.0979 23.6245 32.5763 24.4811 31.2450 33.2493 31.1120 26.5589 25.9993 29.4054 26.6684 31.5376 30.9980 27.7571 30.7107 25.0578 24.6241 29.1504 30.0994 26.0280 31.5068 21.0995 26.5712 17.8055 32.8435 18.1018 30.4736 25.2422 30.3313
1.5242 4.3230 2.3862 2.3685 3.4500 1.9460 3.6041 3.4186 5.5458 4.8921 3.4855 2.3637 3.1409 1.9189 0.0000 2.8148 4.9214 2.9496 1.8686 8.7356 4.4336 5.3357 3.6250 4.3193 3.6641 3.2005 4.0471 3.2586 4.5524 3.0838 44.5075 45.1972 45.5057 43.3637 44.4962 45.0249 40.2469 44.5132 42.1925 44.9815 44.0654 44.9437 45.1150 45.5546 42.0620 43.2672 40.5686 44.1612 44.1996 43.4666 44.4068 46.0601 42.2019 45.4053 41.3644 44.4919 44.2465 45.6749 45.3983 44.4484 4.2960 2.6420 5.9505 5.3420 3.0746 4.4063 9.3965 2.7841 4.6076 9.1869 9.2427 4.5890 4.9283 8.8392 4.3408 3.0690 3.3279 6.3886 6.9253 6.1965 2.3618 9.5934 4.7536 2.0290 6.7071 9.6506 6.9454 7.1414 1.3730 3.7167 9.8098 17.1049 13.3704 17.6561 12.7980 9.7771 18.9819 8.7675 9.3384 8.4278 20.4983 12.2594 12.2489 9.3651 14.3320 9.2150 11.9381 13.4766 11.2838 16.8104 12.7396 11.3499 9.8290 12.4747 16.5920 9.0873 13.1437 11.9716 9.1748 8.7066 29.3666 28.3016 24.7278 33.8348 25.6848 32.4866 34.5077 32.3313 27.7648 27.2214 30.6092 27.8721 32.7489 32.2346 28.9608 31.9144 26.1880 25.8403 30.3541 31.3031 27.1245 32.7652 22.1424 27.7749 18.9020 34.1020 19.1447 31.7320 26.3933 31.5350
3.4148 3.3599 4.9880 4.4239 5.8890 2.3349 4.4629 4.5646 7.4862 6.4069 1.7942 4.3737 3.8426 2.6986 2.8148 0.0000 3.5850 3.1448 3.7773 10.6327 3.3628 3.5672 2.7040 2.6059 3.0128 1.3975 2.9880 3.0758 6.9484 3.1342 42.6794 43.3691 43.6776 41.5356 42.6681 43.1968 38.4188 42.6851 40.3804 43.1534 42.2373 43.1156 43.2870 43.7126 40.2339 41.4391 38.7960 42.3331 42.3715 41.6385 42.5788 44.1395 40.3738 43.4683 39.5363 42.6638 42.4184 43.8468 43.5702 42.6203 5.3299 2.7757 4.6394 3.7765 3.6740 3.7977 7.6814 4.5726 3.8726 7.4980 7.4661 3.7409 3.5144 7.1137 4.5569 3.9357 2.4897 4.6401 5.2469 4.5423 3.0010 7.6104 3.0838 2.8518 5.0698 7.8350 5.2379 5.5929 3.7782 6.2891 8.1410 15.2572 11.5414 15.8484 11.1764 8.0287 17.4161 8.1905 7.5175 6.7705 18.5189 10.4274 10.5001 7.4974 12.6018 7.5271 10.2798 11.7060 9.5538 14.8862 10.9472 9.2922 7.6534 10.8276 14.5980 7.5235 11.2569 10.1640 7.0821 7.5724 27.5027 26.4963 23.0360 31.9014 23.8209 30.5848 32.5006 30.4518 25.9596 25.3966 28.7452 26.0275 30.8774 30.3378 27.0969 30.0505 24.4693 23.9471 28.4902 29.4392 25.4396 30.8462 20.5876 25.9663 17.2171 32.0949 17.5899 29.7263 24.5652 29.6984
5.3580 3.4820 7.2374 6.4005 8.2000 3.8837 3.7278 4.9002 9.8650 6.8055 2.8402 6.7638 6.2122 3.7892 4.9214 3.5850 0.0000 2.8211 4.6581 13.6373 1.9178 1.4278 1.6832 1.3049 2.7263 2.4938 1.9043 1.9346 9.1223 2.6612 40.1206 40.8103 41.1801 38.9768 40.1093 40.7260 35.8600 40.1263 37.8056 40.5946 39.6785 40.5567 40.7281 41.1538 37.6750 38.8803 36.1817 39.8773 39.8127 39.0797 40.0199 41.5806 37.8150 40.9095 36.9775 40.1050 39.8596 41.2880 41.0114 40.2299 4.6408 3.0528 1.5281 1.5315 2.4441 1.4505 4.5780 5.5482 0.9776 4.4699 4.3429 1.4742 1.3885 3.9533 2.1221 3.2873 1.7423 1.9496 2.1916 2.0066 2.6940 4.8790 1.2794 3.5505 2.3137 5.0574 2.1260 2.4960 5.3916 8.0825 5.2535 12.5537 8.7265 13.1449 8.3024 5.1933 14.5458 5.6965 4.5756 3.9513 16.1973 7.8063 7.8386 4.6388 9.9070 4.6397 7.3872 9.0856 6.6798 12.1151 8.2524 6.8135 5.4104 8.2571 11.8741 4.6761 8.5592 7.3851 4.6860 4.5778 24.7461 23.7928 20.3325 29.2207 21.1139 27.8675 29.8886 27.7122 23.3232 22.7635 26.0082 23.3240 28.1299 27.6155 24.3763 27.2939 21.7945 21.3883 25.7335 26.7024 22.7360 28.1461 17.7049 23.2628 14.5135 29.4837 14.7072 27.1675 22.0064 26.9948
2.7836 2.1511 5.0846 3.9295 5.5070 2.7828 2.1672 2.4688 7.2399 4.6306 2.7482 4.0219 3.4863 1.9881 2.9496 3.1448 2.8211 0.0000 3.4430 10.8733 2.5085 3.4962 2.0832 2.1769 1.3755 2.1349 1.5871 1.8261 6.5132 1.9194 42.5512 43.2408 43.5494 41.4074 42.5398 43.0686 38.2906 42.5569 40.2362 43.0251 42.1090 42.9873 43.1587 43.5844 40.1056 41.3109 38.6122 42.2049 42.2432 41.5102 42.4505 44.0112 40.2455 43.3400 39.4081 42.5355 42.2902 43.7185 43.4419 42.4920 3.3164 2.1217 3.8688 3.1487 1.4504 2.3329 7.2602 3.5071 2.4666 7.0611 7.1063 2.5330 3.0892 6.7029 2.4253 2.9918 2.4779 4.2522 4.7889 4.1230 1.4686 7.4982 2.5528 2.5668 4.6165 7.4875 4.8148 5.0542 3.0439 5.6806 7.7549 15.0193 11.2520 15.6105 10.8379 7.6881 17.0906 6.2589 7.2037 6.4040 18.4553 10.1966 10.2327 7.1802 12.3509 7.1422 9.9227 11.4689 9.2153 14.6961 10.6963 9.2147 7.7025 10.5767 14.3859 7.1776 11.0056 9.8644 6.9718 6.8511 27.2906 26.2585 22.7981 31.7252 23.6088 30.3770 32.3981 30.2397 25.7537 25.1941 28.5331 25.7961 30.6653 30.1257 26.8848 29.8384 24.2314 23.8189 28.2781 29.2270 25.2017 30.6556 20.2621 25.7284 16.9792 31.9924 17.2644 29.6224 24.4370 29.4605
2.2908 4.6768 3.7882 3.0296 4.8496 2.6857 3.0695 3.4092 6.6696 3.9203 3.8680 3.7198 4.0392 2.1571 1.8686 3.7773 4.6581 3.4430 0.0000 10.1951 4.6102 5.2232 3.4656 4.6036 4.3482 3.6717 4.4260 2.7766 5.7343 3.4019 43.5014 44.1910 44.5033 42.3576 43.4900 44.0188 39.2408 43.5071 41.1864 43.9753 43.0592 43.9375 44.1216 44.5986 41.0558 42.2611 39.5624 43.1551 43.1934 42.4604 43.4007 45.1042 41.1957 44.4494 40.3583 43.4858 43.2404 44.6990 44.3921 43.7585 3.4942 2.1152 4.8661 5.0278 3.0141 3.7824 7.9827 1.7596 4.2576 7.8826 8.2760 3.4874 3.8899 7.8329 3.5286 1.8664 3.0203 5.8732 6.2061 5.7078 2.4803 9.1818 4.7920 1.3084 5.4673 8.6794 6.5382 5.7513 1.7357 4.0122 9.0641 16.0673 12.6101 16.6388 11.6596 9.0224 17.8728 7.9921 8.6958 7.6932 20.1453 11.7382 11.6626 8.7739 13.3398 8.3282 10.8552 12.7789 10.3307 16.1919 11.6784 11.0764 9.5420 11.5210 15.8975 7.9138 12.3104 11.3102 8.8976 7.4509 28.2995 27.1269 23.7107 32.8788 24.6525 31.5307 33.5517 31.3753 26.8088 26.2654 29.6386 26.8517 31.7930 31.2786 27.8440 30.8063 25.2320 24.8843 29.2823 30.3430 26.0117 31.8093 20.7885 26.7151 17.7345 33.1460 17.9137 30.7761 25.4324 30.5138
8.3354 11.5071 6.4543 7.4155 5.5358 10.4756 10.2990 8.9638 4.2584 7.5107 12.1148 6.9104 7.5160 9.8814 8.7356 10.6327 13.6373 10.8733 10.1951 0.0000 13.0986 14.0338 12.3383 12.8564 10.9555 11.6900 11.9804 11.9491 4.6639 10.9985 52.5873 53.2450 53.6001 51.3559 52.4883 53.0861 48.2391 52.5839 50.2487 52.9774 52.0668 53.0429 53.2377 53.7147 50.0541 51.2594 48.5983 52.1534 52.2472 51.5358 52.4313 54.2203 50.1941 53.5655 49.3566 52.5150 52.2594 53.8151 53.5031 52.4847 9.5623 11.0649 14.6861 13.8804 11.5239 13.0939 18.0914 9.2631 13.3235 17.8746 17.9303 13.2766 13.6230 17.5550 13.0201 11.0435 12.0299 15.0858 15.6190 14.9098 10.9736 18.0598 13.3731 10.7063 15.3980 18.2077 15.6559 15.8290 8.5765 6.2001 18.4850 25.5831 21.9018 26.1118 21.3755 18.4018 27.3757 14.7093 17.9288 17.0487 28.7569 20.6607 20.7331 17.9368 22.7751 17.8831 20.5672 21.8734 19.8719 25.2741 21.2033 19.7345 18.0871 20.6990 25.0273 17.6970 21.6304 20.4893 17.5252 17.0571 37.6521 36.5870 33.0132 42.0507 33.9702 40.7342 42.6678 40.6011 35.9846 35.4379 38.8946 36.1575 41.0267 40.4871 37.2922 40.2289 34.4462 34.0004 38.6395 39.5885 35.3780 40.9955 30.5212 36.0603 27.0299 42.2621 27.4988 39.8922 34.5485 39.8204
4.9926 3.4240 6.7379 5.9489 7.8078 2.8710 3.9890 4.5499 9.3249 6.6554 1.8132 6.3835 5.8207 3.2806 4.4336 3.3628 1.9178 2.5085 4.6102 13.0986 0.0000 2.1853 1.4753 1.4613 2.7924 2.2086 2.1306 2.0007 8.7977 2.7437 40.2840 40.9737 41.2822 39.1402 40.2727 40.8014 36.0234 40.2897 37.9690 40.7580 39.8419 40.7202 40.8916 41.3172 37.8385 39.0437 36.3451 39.9377 39.9761 39.2431 40.1834 41.7441 37.9784 41.0751 37.1409 40.2684 40.0230 41.4514 41.1748 40.2249 5.1833 3.1017 3.0483 2.2682 2.3930 2.3743 5.0095 5.4788 2.3243 4.8036 4.9866 2.1568 2.3574 4.7116 3.0463 3.5286 2.5127 2.2027 3.5622 2.2678 2.6438 5.1735 1.6625 3.5290 2.4458 5.2817 2.9549 3.8151 5.1299 7.7855 5.5039 12.7905 8.9816 13.3520 9.4062 5.4409 14.7601 6.8445 6.0510 4.8539 16.1681 7.9355 8.2455 6.1191 10.0824 4.9016 7.6048 9.1459 6.9314 12.4196 9.1077 6.9509 6.0243 8.3082 12.1747 5.8386 8.7836 7.5947 4.8784 5.6725 25.0626 23.9975 20.5236 29.5046 21.3807 28.1564 30.1775 28.0116 23.4866 22.9269 26.3051 23.5680 28.4372 27.9043 24.6567 27.6103 21.9579 21.5517 26.0500 26.9990 22.9271 28.4350 17.9317 23.4708 14.7046 29.7717 14.9340 27.4018 22.1698 27.2309
5.7541 3.8609 7.6813 6.9352 8.5417 3.6555 4.3705 5.4249 10.3316 7.3603 2.1392 7.1357 6.6155 4.2867 5.3357 3.5672 1.4278 3.4962 5.2232 14.0338 2.1853 0.0000 1.8346 1.7707 3.2953 2.3867 2.4256 2.7511 9.5588 3.1406 39.7446 40.4343 40.8053 38.6008 39.7333 40.3512 35.4840 39.7503 37.4296 40.2186 39.3025 40.1808 40.3522 40.7778 37.2991 38.5043 35.8057 39.5024 39.4367 38.7037 39.6439 41.2047 37.4390 40.5335 36.6015 39.7290 39.4836 40.9120 40.6354 39.8550 5.2080 3.6435 2.2790 2.4001 3.5066 2.6425 4.1795 6.1132 2.0520 4.0682 4.0332 2.5982 2.0843 3.6034 3.2497 3.8714 2.4631 1.7053 2.4167 1.4314 3.2429 4.5505 1.2439 4.1035 2.0022 4.5742 1.8409 2.7375 5.9540 8.5646 4.8750 12.1739 8.3989 12.7613 8.0969 4.8199 14.1995 6.6092 4.7329 3.5706 15.7696 7.4502 7.4600 4.6895 9.5285 4.2369 7.0383 8.7592 6.3309 11.7775 7.8739 6.4272 5.0241 7.8701 11.5396 4.5536 8.1807 7.0587 4.2727 5.2795 24.3714 23.3955 19.9352 28.8624 20.7166 27.5142 29.5353 27.3589 22.9472 22.3875 25.6222 22.9266 27.7765 27.2622 23.9789 26.9192 21.4185 21.0123 25.3589 26.3266 22.3387 27.7928 17.3372 22.8655 14.1162 29.1296 14.3395 26.7915 21.6304 26.5975
4.0210 2.7083 5.9753 5.2244 6.8990 2.2388 2.6787 3.8168 8.6102 5.6028 1.6613 5.4741 4.9932 2.5358 3.6250 2.7040 1.6832 2.0832 3.4656 12.3383 1.4753 1.8346 0.0000 1.5067 2.2276 1.8242 2.0424 1.1470 7.8049 2.2281 41.1743 41.8639 42.1725 40.0305 41.1629 41.6931 36.9136 41.1799 38.8593 41.6482 40.7321 41.6104 41.7818 42.2075 38.7287 39.9340 37.2353 40.8444 40.8663 40.1333 41.0736 42.6343 38.8686 41.9631 38.0311 41.1586 40.9132 42.3416 42.0650 41.1970 3.8911 1.8928 2.7771 2.1246 2.2769 1.8914 5.7916 4.4347 1.8504 5.5711 5.6391 1.6094 1.8306 5.2239 2.5374 2.4338 1.5909 2.7886 3.3048 2.6563 1.7832 6.2435 1.3456 2.3524 3.1083 6.0331 3.4521 3.5372 4.1881 6.8068 6.3114 13.6143 9.8820 14.1758 9.3608 6.2814 15.6512 6.5715 5.8678 4.9514 17.2189 8.8265 8.8870 5.9217 10.9137 5.6745 8.4456 10.0930 7.7752 13.3512 9.2634 8.0057 6.5102 9.1395 13.0476 5.7006 9.6082 8.4944 5.7781 5.4160 25.8863 24.8213 21.3540 30.3881 22.2045 29.0400 31.0610 28.8846 24.3768 23.8172 27.1479 24.3918 29.3023 28.7879 25.4805 28.4341 22.8481 22.4420 26.8738 27.8523 23.7576 29.3185 18.7782 24.2946 15.5351 30.6553 15.7804 28.2854 23.0601 28.0547
4.8491 2.9181 6.6816 5.9513 7.5724 3.1640 3.9812 4.4172 9.2705 6.6612 1.9093 6.0497 5.3730 3.1523 4.3193 2.6059 1.3049 2.1769 4.6036 12.8564 1.4613 1.7707 1.5067 0.0000 2.1103 1.6335 1.4847 2.0290 8.5563 2.0999 40.6958 41.3854 41.6940 39.5520 40.6844 41.2132 36.4351 40.7015 38.3808 41.1697 40.2536 41.1319 41.3033 41.7290 38.2502 39.4555 36.7568 40.3495 40.3878 39.6548 40.5951 42.1558 38.3901 41.4846 37.5526 40.6801 40.4347 41.8631 41.5865 40.6366 5.0472 3.0936 2.4015 1.6358 2.2927 2.0336 5.4219 5.5378 1.9265 5.2872 5.1353 2.0903 2.0699 4.7811 2.8181 3.5679 2.1973 2.3859 2.9799 2.3512 2.5882 5.4697 1.1175 3.5576 2.9032 5.7011 2.9555 3.3440 5.1080 7.7447 5.9502 13.1822 9.4208 13.7735 9.0501 5.8746 15.2808 6.4247 5.2986 4.6162 16.5766 8.3630 8.4266 5.2589 10.5357 5.3363 8.1348 9.6525 7.4274 12.7767 8.8811 7.2295 5.7769 8.7703 12.4470 5.3898 9.1879 8.0570 4.9843 5.3390 25.3436 24.4214 20.9610 29.7959 21.7425 28.4257 30.4327 28.2927 23.8983 23.3387 26.6367 23.9525 28.7460 28.1786 25.0048 27.8914 22.3943 21.9635 26.3366 27.3310 23.3646 28.6903 18.4524 23.8914 15.1421 30.0588 15.4547 27.7426 22.5816 27.6234
3.5851 2.2383 5.7778 4.2943 6.0340 3.4608 2.4932 3.2762 7.4778 5.2093 3.1232 4.5249 3.7494 2.4778 3.6641 3.0128 2.7263 1.3755 4.3482 10.9555 2.7924 3.2953 2.2276 2.1103 0.0000 2.3443 1.2744 2.8262 7.0056 1.7788 42.4295 43.1191 43.4277 41.2857 42.4181 42.9469 38.1688 42.4352 40.1145 42.9034 41.9873 42.8656 43.0370 43.4627 39.9839 41.1892 38.5294 42.0832 42.1215 41.3885 42.3288 43.8895 40.1238 43.2183 39.2863 42.4138 42.1684 43.5968 43.3202 42.3703 3.4620 2.4958 3.9447 3.0641 1.9620 2.3512 7.2709 4.1078 2.4535 7.1327 7.0073 2.8741 3.1514 6.6488 2.8978 3.8780 2.3798 4.2378 4.7971 4.2445 1.9124 7.1361 2.5728 3.3398 4.7515 7.5563 4.8081 5.1428 3.7308 6.2107 7.8186 14.9977 11.2062 15.5819 10.8413 7.7063 17.0796 6.0094 7.0921 6.4481 18.2689 10.1622 10.1649 7.0849 12.3366 7.2047 9.9575 11.3709 9.2186 14.5008 10.6888 8.8612 7.2820 10.5624 14.2666 7.2011 11.0044 9.8288 6.7552 6.8544 27.1707 26.2298 22.7695 31.5867 23.5509 30.2528 32.1851 30.1198 25.6931 25.1300 28.4452 25.7609 30.5544 30.0058 26.8132 29.7185 24.2028 23.6972 28.1582 29.1394 25.1730 30.5142 20.2511 25.6998 16.9505 31.7925 17.2534 29.4763 24.3153 29.4318
3.8089 2.4972 5.5386 4.8094 6.5529 2.6584 3.6353 3.7088 8.0447 5.8747 1.0642 5.0877 4.3899 2.2390 3.2005 1.3975 2.4938 2.1349 3.6717 11.6900 2.2086 2.3867 1.8242 1.6335 2.3443 0.0000 1.7788 2.0598 7.5414 2.2687 41.6485 42.3381 42.6467 40.5047 41.6371 42.1659 37.3879 41.6542 39.3335 42.1224 41.2063 42.0846 42.2560 42.6817 39.2029 40.4082 37.7095 41.3022 41.3405 40.6075 41.5478 43.1085 39.3428 42.4373 38.5054 41.6328 41.3875 42.8158 42.5392 41.5893 4.5434 2.2087 3.4945 2.8250 2.5450 2.7121 6.4225 4.5916 2.8788 6.2236 6.2680 2.7017 2.3650 5.8649 3.4629 3.0555 1.7360 3.5170 4.1547 3.2610 2.1934 6.4350 2.2424 2.6114 3.8306 6.6665 3.9885 4.4078 4.0556 6.6951 6.9274 14.1619 10.3606 14.7525 9.9691 6.8294 16.2171 7.0079 6.4002 5.5441 17.4879 9.3231 9.3193 6.3211 11.4975 6.3147 9.0538 10.5508 8.3464 13.7794 9.8429 8.1841 6.6622 9.7233 13.5292 6.3088 10.1536 8.9593 6.0377 6.4927 26.4340 25.4004 21.9401 30.8326 22.7521 29.5161 31.4968 29.3831 24.8637 24.3007 27.6765 24.9395 29.8087 29.2690 26.0281 28.9818 23.3734 22.9162 27.4214 28.3704 24.3436 29.7774 19.3887 24.8704 16.1211 31.0911 16.3909 28.7211 23.5343 28.6024
3.9117 2.0304 6.1242 4.8338 6.7216 3.9355 2.7829 3.4195 8.2071 5.5353 2.5570 5.2598 4.5841 2.8934 4.0471 2.9880 1.9043 1.5871 4.4260 11.9804 2.1306 2.4256 2.0424 1.4847 1.2744 1.7788 0.0000 2.5575 7.6911 2.4800 41.5568 42.2465 42.5550 40.4130 41.5455 42.0742 37.2962 41.5625 39.2418 42.0308 41.1147 41.9929 42.1643 42.5900 39.1113 40.3165 37.6179 41.2105 41.2489 40.5159 41.4561 43.0168 39.2512 42.3457 38.4137 41.5412 41.2958 42.7242 42.4476 41.4978 3.7892 2.3842 2.9145 2.3591 1.8195 1.9265 6.1605 4.3678 2.3264 5.9974 5.9683 2.4289 2.1311 5.5947 2.8200 3.8154 1.9260 3.1232 3.6877 3.0823 1.9882 6.2596 2.1645 3.4175 3.6049 6.4810 3.7279 4.0074 4.0621 6.7275 6.7184 14.0128 10.1984 14.6041 9.7973 6.6390 16.0416 5.4699 6.0947 5.3634 17.3963 9.2105 9.2042 6.1130 11.3528 6.1149 8.8820 10.4321 8.1746 13.6147 9.6982 8.0325 6.5671 9.5785 13.3366 6.1370 10.0049 8.8346 5.9262 6.0088 26.2395 25.2520 21.7917 30.6862 22.5731 29.3381 31.3591 29.1886 24.7594 24.1997 27.4821 24.7831 29.6142 29.0860 25.8354 28.7873 23.2307 22.8245 27.2270 28.1760 24.1952 29.6167 19.2132 24.7220 15.9727 30.9534 16.2155 28.6037 23.4426 28.4540
3.6488 3.0880 5.5686 4.6120 6.5372 2.4625 2.2688 3.1423 8.1146 4.8990 2.2567 5.1466 4.7303 2.1747 3.2586 3.0758 1.9346 1.8261 2.7766 11.9491 2.0007 2.7511 1.1470 2.0290 2.8262 2.0598 2.5575 0.0000 7.4242 2.2480 41.5474 42.2371 42.5457 40.4037 41.5361 42.0648 37.2868 41.5531 39.2325 42.0214 41.1053 41.9836 42.1550 42.5807 39.1019 40.3072 37.6085 41.2012 41.2395 40.5065 41.4468 43.0210 39.2418 42.3662 38.4043 41.5318 41.2864 42.7148 42.4382 41.5310 3.6028 1.7334 2.9742 2.3978 1.7157 1.8525 6.1428 3.7425 1.8854 5.9283 5.9889 1.5574 1.9955 5.6267 2.0344 1.7036 1.8429 3.1898 3.6734 3.1080 1.7402 6.6521 2.0415 1.6664 3.4489 6.4330 3.9450 3.8828 3.5162 6.1617 6.6726 13.9873 10.2329 14.5487 9.6783 6.6663 15.9807 6.5308 6.1838 5.3228 17.6432 9.2092 9.2492 6.2487 11.2617 6.0248 8.7521 10.3981 8.1164 13.7318 9.6137 8.4421 6.9212 9.4885 13.4756 5.9729 9.9978 8.8414 6.2526 5.6463 26.2593 25.1943 21.6996 30.7957 22.5775 29.4475 31.4686 29.2922 24.7500 24.1903 27.5555 24.7685 29.7098 29.1954 25.8535 28.8071 23.2213 22.8152 27.2468 28.2598 24.0962 29.7261 19.0731 24.6676 15.8737 31.0628 16.0754 28.6929 23.4333 28.4306
3.8594 7.1675 2.6274 3.1609 1.3606 5.9938 5.7754 4.5094 2.6184 3.4763 7.7763 2.7045 3.3957 5.6624 4.5524 6.9484 9.1223 6.5132 5.7343 4.6639 8.7977 9.5588 7.8049 8.5563 7.0056 7.5414 7.6911 7.4242 0.0000 6.9830 48.6173 49.3070 49.6155 47.4735 48.6060 49.1347 44.3567 48.6230 46.3023 49.0913 48.1752 49.0535 49.2248 49.6901 46.1718 47.3770 44.6784 48.2710 48.3094 47.5764 48.5166 50.1957 46.3117 49.5409 45.4742 48.6017 48.3563 49.7905 49.5081 48.5582 5.0334 6.5428 10.1771 9.5237 7.2861 8.5869 13.5621 4.8588 8.8175 13.3525 13.4082 8.7545 9.0939 13.0192 8.5273 6.5574 7.5430 10.5541 11.0908 10.3943 6.6266 13.9460 8.9612 6.2034 10.8727 13.7662 11.1532 11.3070 4.3109 2.2160 13.9872 21.2416 17.5652 21.7899 16.9752 13.9463 23.1563 10.5753 13.5332 12.6116 24.7671 16.4017 16.4737 13.5183 18.4593 13.3610 16.1219 17.6621 15.4695 21.0052 16.8735 15.6610 14.1367 16.5735 20.7370 13.2645 17.2803 16.1663 13.3970 12.8553 33.4939 32.4289 28.8551 37.9704 29.8121 36.6222 38.6433 36.4669 31.9003 31.3570 34.7364 31.9994 36.8845 36.3701 33.0881 36.0417 30.3236 29.9759 34.4814 35.4345 31.2260 36.9008 26.2938 31.9022 23.0035 38.2375 23.2961 35.8676 30.5239 35.6623
3.2860 3.6344 5.0163 4.2811 6.0135 3.1815 2.9600 2.9112 7.4566 5.1089 3.0739 4.5152 3.7715 1.5910 3.0838 3.1342 2.6612 1.9194 3.4019 10.9985 2.7437 3.1406 2.2281 2.0999 1.7788 2.2687 2.4800 2.2480 6.9830 0.0000 42.4636 43.1533 43.4618 41.3198 42.4523 42.9810 38.2030 42.4693 40.1486 42.9376 42.0215 42.8997 43.0711 43.4968 40.0180 41.2233 38.5390 42.1173 42.1557 41.4227 42.3629 43.9236 40.1580 43.2525 39.3205 42.4480 42.2026 43.6310 43.3544 42.4044 3.4723 3.1674 3.8837 3.0881 1.6108 2.6572 7.2098 3.9809 2.3850 7.0836 6.9780 2.7945 3.2445 6.5780 2.5912 2.3569 2.5891 4.2073 4.7738 4.1417 1.8791 7.1236 2.4591 2.6635 4.7022 7.5155 4.7434 5.0957 3.8466 6.1762 7.8013 15.0002 11.2154 15.5915 10.8504 7.6890 17.0809 7.4489 7.0989 6.4308 18.3031 10.1797 10.1767 7.0682 12.3541 7.1874 9.9402 11.4026 9.2278 14.5265 10.6995 8.8852 7.3108 10.6046 14.2744 7.1902 11.0062 9.8380 6.7644 6.8871 27.1707 26.2394 22.7791 31.5963 23.5605 30.2528 32.2096 30.1197 25.7027 25.1396 28.4548 25.7705 30.5640 30.0057 26.8228 29.7184 24.2124 23.7313 28.1581 29.1490 25.1826 30.5141 20.2524 25.7094 16.9601 31.8267 17.2547 29.5105 24.3494 29.4414
44.9904 41.9344 46.7758 45.7204 47.8003 42.8153 43.2545 44.3063 49.2968 45.9356 41.2631 46.4394 45.8153 43.3564 44.5075 42.6794 40.1206 42.5512 43.5014 52.5873 40.2840 39.7446 41.1743 40.6958 42.4295 41.6485 41.5568 41.5474 48.6173 42.4636 0.0000 1.6665 2.1330 3.4667 2.4111 1.2920 5.2889 1.6987 4.6824 2.8681 2.8789 1.2059 0.8891 2.0983 3.9025 1.6379 6.8589 1.7212 2.2636 1.0922 0.8794 2.9064 3.7942 3.3309 4.5835 1.6462 1.3792 1.7998 1.6419 1.9572 44.2888 42.4475 39.4907 39.5828 41.9215 40.5647 36.2947 44.2742 40.4154 36.1723 36.0849 40.4259 40.1354 36.6664 40.5682 42.5646 41.5595 38.6187 38.1100 38.7656 42.5716 35.7533 40.4717 42.7775 38.4983 35.4269 38.1284 38.2432 44.6899 47.1508 34.9709 27.8806 31.6066 27.1812 32.2690 34.9861 26.3068 38.4461 35.5999 36.3137 24.1605 32.3831 32.5659 35.6178 30.3404 35.6390 33.1311 31.2153 33.6927 28.1747 32.2323 33.6854 35.2010 32.0983 28.4458 35.7025 31.7188 32.9630 35.7466 36.1702 16.7005 18.4472 20.2320 12.0298 19.6703 13.3925 11.7804 13.4524 17.0988 17.5537 14.9427 17.3868 12.7807 13.4358 16.6231 14.9090 18.6511 18.8791 15.6660 14.4537 18.3495 12.9811 24.3765 17.7808 26.2907 11.3187 26.2195 13.1793 18.1935 14.3517
45.6800 42.6241 47.4655 46.4101 48.4900 43.5049 43.9441 44.9960 49.9865 46.6252 41.9527 47.1291 46.5050 44.0460 45.1972 43.3691 40.8103 43.2408 44.1910 53.2450 40.9737 40.4343 41.8639 41.3854 43.1191 42.3381 42.2465 42.2371 49.3070 43.1533 1.6665 0.0000 2.1633 4.5561 2.9680 1.2316 5.9714 2.1139 5.6638 3.5719 3.7611 1.7430 1.7054 2.7057 4.7235 2.6628 8.0104 2.4319 3.1437 2.4043 1.5632 3.1762 4.4238 3.3964 5.4538 2.1396 2.1245 1.7257 2.0582 2.4067 44.9766 43.1371 40.1425 40.2724 42.6111 41.2543 36.9465 44.9507 41.1050 36.8241 36.7367 41.1156 40.8229 37.3182 41.2579 43.2543 42.2491 39.3084 38.7997 39.4553 43.2612 36.4429 41.1613 43.4672 39.1501 36.0787 38.8181 38.8951 45.3796 47.8085 35.6606 28.5324 32.2585 27.8330 32.9209 35.6758 26.9586 39.1358 36.2896 37.0033 24.8502 33.0728 33.2556 36.2696 30.9922 36.3287 33.7830 31.9049 34.3446 28.8403 32.8841 34.3750 35.8906 32.7880 29.0976 36.3922 32.3706 33.6526 36.4362 36.8598 17.3149 19.0655 20.9099 12.6718 20.3483 14.0339 12.4458 14.0632 17.7506 18.2055 15.5571 18.0648 13.3797 14.1093 17.2608 15.5783 19.3029 19.5310 16.2804 15.1740 19.0274 13.6465 25.0545 18.4588 26.9366 12.0145 26.8975 13.8230 18.8454 14.9661
45.9886 42.9326 47.7740 46.7186 48.7985 43.8135 44.2527 45.3045 50.2950 46.9338 42.2613 47.4377 46.8135 44.3546 45.5057 43.6776 41.1801 43.5494 44.5033 53.6001 41.2822 40.8053 42.1725 41.6940 43.4277 42.6467 42.5550 42.5457 49.6155 43.4618 2.1330 2.1633 0.0000 5.3520 3.8576 1.5795 7.2695 3.3319 6.7223 4.3083 4.9221 2.8489 1.8702 3.0328 5.8390 3.6020 8.8467 1.9842 4.3051 2.8013 2.3905 2.3451 5.6884 3.7049 6.5608 3.2758 3.0297 2.1011 3.1452 1.5504 45.4013 43.4457 40.6032 40.5810 42.9197 41.5629 37.5307 45.2902 41.4410 37.2848 37.1974 41.4626 41.2479 37.7789 41.5664 43.6157 42.5901 39.6221 39.2223 39.7917 43.5698 36.8596 41.4699 43.7757 39.6108 36.5395 39.2151 39.4196 45.6881 48.1636 36.0410 29.1753 32.7192 28.5226 33.4382 36.0979 27.6299 39.4443 36.7033 37.3374 25.1588 33.4241 33.5714 36.7304 31.4922 36.7503 34.2437 32.2135 34.8053 29.2873 33.4300 34.7022 36.1992 33.1184 29.5583 36.8288 32.8313 34.0001 36.7464 37.3373 18.7561 20.4103 21.9641 14.0854 21.5153 15.4481 13.5045 15.4571 18.5286 18.9197 16.9983 19.1865 14.8013 15.4235 18.6142 16.9647 20.1398 20.1721 17.7216 16.5093 20.2153 14.8785 26.1574 19.6976 28.0375 12.9220 27.9517 14.5654 19.7189 16.4074
43.8466 40.7906 45.6321 44.5766 46.6565 41.6715 42.1107 43.1625 48.1530 44.7918 40.1193 45.2957 44.6715 42.2126 43.3637 41.5356 38.9768 41.4074 42.3576 51.3559 39.1402 38.6008 40.0305 39.5520 41.2857 40.5047 40.4130 40.4037 47.4735 41.3198 3.4667 4.5561 5.3520 0.0000 2.5363 4.2293 3.4395 3.2969 2.1420 1.6498 1.4763 3.4418 3.7936 4.0775 1.8535 2.5799 3.8287 4.5100 2.1393 3.1687 3.5980 5.9242 1.8273 4.8010 2.3476 2.9429 2.5694 4.1333 3.3587 5.1107 43.1432 41.3037 38.2475 38.4390 40.7777 39.4209 35.0003 43.1173 39.2716 34.9017 34.8277 39.2821 38.9895 35.3759 39.4244 41.4208 40.4157 37.4749 36.9662 37.6218 41.4278 34.6095 39.3279 41.6337 37.2953 34.1819 36.9846 36.9837 43.5461 45.9239 33.8271 26.5862 30.4244 25.9008 30.9747 33.8423 25.0135 37.3023 34.4561 35.1699 23.0168 31.2393 31.4221 34.4144 29.1449 34.4953 31.8666 30.0715 32.4967 27.0068 30.9379 32.5416 34.0572 30.9545 27.1787 34.5587 30.4826 31.8192 34.6028 35.0264 15.1898 16.0969 18.9652 10.7303 18.2053 12.1135 10.6303 12.2899 15.9491 16.3575 13.6029 16.1173 11.6666 12.3965 15.4379 13.2446 17.4317 17.6718 14.2656 13.1001 16.7141 11.9108 22.5437 16.1935 24.7152 10.3441 24.9053 12.1099 17.0044 12.8628
44.9790 41.9231 46.7645 45.7091 47.7890 42.8039 43.2431 44.2950 49.2855 45.9242 41.2517 46.4281 45.8040 43.3450 44.4962 42.6681 40.1093 42.5398 43.4900 52.4883 40.2727 39.7333 41.1629 40.6844 42.4181 41.6371 41.5455 41.5361 48.6060 42.4523 2.4111 2.9680 3.8576 2.5363 0.0000 2.6068 4.7452 2.7561 4.3030 2.0850 2.4302 2.2302 2.6639 3.3486 3.2541 2.2219 6.1614 2.7812 2.5800 2.5189 2.5630 4.8695 2.7459 4.7626 3.6719 2.4149 1.2859 3.1980 2.4119 3.7489 44.2756 42.4361 39.4488 39.5714 41.9101 40.5533 36.2528 44.2497 40.4040 36.1304 36.0430 40.4146 40.1219 36.6245 40.5569 42.5533 41.5481 38.6074 38.0987 38.7543 42.5602 35.7419 40.4603 42.7662 38.4564 35.3850 38.1171 38.2014 44.6786 47.0563 34.9596 27.8387 31.5648 27.1393 32.2272 34.9748 26.2649 38.4348 35.5886 36.3023 24.1492 32.3718 32.5546 35.5759 30.2985 35.6277 33.0893 31.2039 33.6509 28.1393 32.1904 33.6740 35.1896 32.0870 28.4039 35.6911 31.6769 32.9516 35.7352 36.1588 16.7332 18.0638 20.2958 12.2824 19.6274 13.6656 12.1824 13.8420 17.3613 17.7235 15.1204 17.6058 13.2181 13.9486 16.9542 14.9347 18.8291 18.9987 15.8066 14.6522 18.1027 13.4629 23.9480 17.6271 25.9677 11.8538 26.1578 13.6261 18.2638 14.3982
