0.0000 1.8228 2.5664 3.4008 3.6026 2.8928 4.5289 7.7831 2.8261 4.2049 2.4739 3.5878 3.8685 3.8070 3.1643 3.1335 4.3289 1.9297 4.8266 5.1230 6.0994 3.1007 2.5334 1.4714 2.2254 1.8363 3.2730 3.7309 2.3489 3.4865 94.0845 94.5679 93.8639 93.6881 96.5025 93.6333 91.2961 92.3492 90.0825 98.2136 95.4990 92.9376 94.1482 92.5019 93.9940 92.4871 89.2621 96.5217 95.2505 91.8957 93.5235 90.2633 94.3314 89.4838 91.8926 95.1032 95.2206 92.8026 95.5194 94.3411 3.2193 3.3719 4.9249 4.2025 6.0842 7.6046 9.0624 6.7811 4.5722 10.5222 10.8412 6.5747 7.5827 7.0214 7.7970 4.0780 4.7261 4.7889 6.2944 4.4885 3.8336 9.3549 3.9322 4.5582 6.3698 10.3429 5.6443 10.2153 3.6769 2.2811 13.4755 28.3254 26.3082 29.3476 27.0029 16.4993 39.0691 25.6220 17.0789 16.2833 34.7258 23.4931 26.9813 16.6478 27.4149 12.7795 20.5536 25.6015 23.3591 28.7610 25.6676 18.3885 19.5955 25.4851 23.5289 22.8061 19.2579 23.2351 13.0943 25.8154 50.6398 54.1847 52.4383 59.1996 51.5174 54.0386 58.9496 53.1599 53.7555 51.2959 49.9366 49.3669 53.5256 49.0693 48.0777 51.4646 54.7322 52.4943 52.3932 55.2026 58.3413 50.0749 53.7331 52.9890 49.8726 57.3199 46.3627 55.6330 57.2455 57.5354
1.8228 0.0000 2.2350 2.9852 3.3069 2.7370 4.5953 8.0289 2.1475 3.6636 2.2206 3.6746 4.4167 4.3879 2.5954 3.4668 4.3770 1.8531 5.0472 5.5017 5.9565 2.9925 2.2483 2.2236 2.7001 1.2847 2.8876 3.7065 2.6299 3.2801 94.3853 94.8929 94.0697 93.9455 96.7787 93.9195 91.5578 92.5988 90.3160 98.4963 95.7682 93.2698 94.4033 92.6995 94.3102 92.7944 89.5263 96.8255 95.4577 92.1307 93.7983 90.4535 94.6668 89.6621 92.1909 95.3547 95.5078 93.0935 95.8040 94.6334 2.7446 3.2049 4.0278 4.1875 6.5249 7.7639 8.7269 6.2624 4.5309 10.3869 10.7492 6.6347 7.3760 6.6426 7.9777 3.7975 4.7933 4.5623 6.1533 3.8658 2.7718 9.4053 3.5547 4.6999 6.0255 10.1637 4.8385 10.0964 3.4509 2.0666 13.9221 28.6889 26.7552 29.7454 27.4308 16.9779 39.3937 26.1505 17.5817 16.8216 35.1800 23.8415 27.3211 17.1452 27.9584 13.3243 21.0778 26.0699 23.7749 29.2182 26.2495 19.0671 20.2745 25.9989 23.9745 23.3743 19.6941 23.6436 13.7150 26.2901 51.0917 54.4979 52.8806 59.5854 51.8949 54.4213 59.3383 53.4194 54.0994 51.7025 50.2905 49.7150 53.9568 49.4969 48.2706 51.7467 55.1010 52.9593 52.7094 55.6052 58.6165 50.5249 54.1733 53.4527 50.2169 57.7429 46.7769 56.0643 57.7114 57.8329
2.5664 2.2350 0.0000 4.5482 1.8909 2.7766 6.0136 8.6662 3.0201 5.1382 2.7084 2.4006 3.9358 5.1590 1.7581 2.7378 5.2421 2.8501 6.1874 4.3451 6.6192 3.5506 3.4656 2.5390 2.9739 2.3664 4.0779 5.0111 1.8256 3.7449 95.7360 96.2278 95.4135 95.2756 98.0791 95.2492 92.9258 93.9666 91.7115 99.8891 97.1680 94.5907 95.7368 94.0862 95.6606 94.1303 90.8691 98.1642 96.8415 93.4824 95.1353 91.8226 95.9855 91.0557 93.5402 96.7089 96.8382 94.4331 97.1770 95.9426 4.0885 4.7040 5.5939 5.7370 7.7187 9.0615 10.3281 7.9392 5.7042 11.9541 12.2733 7.9991 8.5919 8.2239 9.5013 5.4090 6.1794 6.0684 7.6259 5.2601 4.0440 10.7300 3.4503 6.0057 7.6294 11.8964 6.3754 11.3800 4.4538 3.0348 15.3041 29.8907 27.6297 31.0147 28.4989 18.2766 40.3923 26.8353 18.8880 18.2779 35.7715 24.9956 28.2718 18.3644 29.1309 14.6260 22.5159 27.1103 24.9923 30.0841 27.6398 20.3502 21.3789 26.9962 25.2263 24.6034 21.0043 25.0611 14.8255 27.5595 52.6357 55.9700 54.3555 61.1227 53.4991 55.9450 60.8933 54.9916 55.6103 53.1678 51.6786 51.2489 55.4658 50.8979 49.8591 53.3652 56.4982 54.3212 54.2809 57.1435 60.1253 52.0780 55.6230 54.8406 51.7236 59.2672 48.1923 57.5205 59.1422 59.3095
3.4008 2.9852 4.5482 0.0000 5.8749 3.8819 3.2406 7.0399 3.7091 2.4669 2.8790 5.7280 5.0646 3.1275 4.9725 5.3170 2.8297 2.8492 3.4296 7.4508 4.7971 2.9538 1.7216 3.7597 3.6127 3.0529 2.1537 2.3428 4.8535 3.4652 91.9665 92.5192 91.5863 91.5578 94.3651 91.5622 89.1661 90.1584 87.8847 96.1391 93.4393 90.8715 91.9657 90.2681 91.9140 90.4564 87.0929 94.4476 92.9748 89.6767 91.4540 87.9686 92.2698 87.2155 89.7897 92.9347 93.1354 90.6938 93.4060 92.2278 2.7425 2.3322 3.2767 3.4564 4.8083 5.4603 6.8612 3.9696 3.9750 8.3443 8.3019 4.4353 5.5657 5.1048 6.3128 2.7482 3.3304 3.7261 3.9106 2.8915 2.6948 7.1592 4.5388 2.6368 3.8969 7.9867 3.9263 7.5620 1.9687 3.2109 11.5213 26.2503 24.4485 27.2762 24.8889 14.6463 37.0059 23.9751 15.4225 14.6577 32.9968 21.7088 25.0426 14.8613 26.0052 11.3496 19.1104 23.9554 21.2848 27.0044 24.0683 17.1000 18.4646 23.6538 21.7159 21.2122 17.2195 21.2113 11.6629 23.9105 48.8435 52.0814 50.6420 57.3677 49.5197 52.2752 57.1297 51.1210 51.7706 49.4779 47.8214 47.3085 51.6040 47.1959 45.8680 49.4784 52.7636 50.6882 50.2908 53.3288 56.3284 48.2798 51.8556 51.0807 47.8817 55.5664 44.3921 53.7552 55.3874 55.5365
3.6026 3.3069 1.8909 5.8749 0.0000 3.4483 7.4867 9.3403 3.6772 6.4602 3.9631 2.2093 4.9340 6.4107 1.6837 2.6503 6.7457 3.7447 7.7207 3.6134 7.5598 4.9734 4.8514 3.6972 4.3221 3.3747 5.2491 6.5041 2.0587 4.7171 97.2810 97.7978 96.9947 96.8679 99.6612 96.8288 94.5004 95.5343 93.2689 101.4429 98.7040 96.1618 97.3144 95.6554 97.2156 95.6697 92.4342 99.7396 98.4016 95.0531 96.7064 93.4019 97.5654 92.6208 95.0890 98.2718 98.4031 95.9880 98.7247 97.5222 5.4642 6.0759 6.6290 6.9034 9.2347 10.5844 11.6186 9.1149 7.1616 13.4087 13.5480 9.4337 10.1250 9.3943 10.8919 6.5220 7.4478 7.3448 9.0033 6.4072 5.0944 12.3163 4.3050 7.3661 8.9559 13.2061 7.4723 12.8686 5.8814 4.1415 16.6874 31.4454 29.2131 32.3682 30.0597 19.6665 41.8247 28.3457 20.3979 19.6378 37.2426 26.5251 29.8176 19.8487 30.6518 16.0575 23.9142 28.2162 26.4953 31.5307 29.0672 21.6628 22.7488 28.5127 26.5654 26.0400 22.4652 26.3003 16.1784 29.0317 54.0072 57.4911 55.8292 62.5452 54.8591 57.3807 62.2623 56.4535 57.1039 54.6561 53.2379 52.7159 56.8791 52.4015 51.3503 54.7800 58.0555 55.8281 55.7492 58.5597 61.6390 53.4785 57.0790 56.3289 53.2169 60.6911 49.7069 59.0022 60.6047 60.8185
2.8928 2.7370 2.7766 3.8819 3.4483 0.0000 6.1472 6.7397 3.9741 5.4196 2.2528 2.5242 3.0519 3.8278 3.4795 2.2965 4.8663 2.6638 6.0287 4.0839 4.7939 3.5380 3.0845 3.4385 3.2383 2.8477 3.3826 5.0906 2.4030 2.2248 95.1894 95.6738 94.7928 94.7365 97.5180 94.6906 92.4132 93.4319 91.1605 99.3334 96.7078 94.0272 95.2080 93.5795 95.1430 93.6185 90.2951 97.6117 96.3140 92.8813 94.6372 91.2503 95.4061 90.5707 92.9494 96.2264 96.2974 93.9204 96.6649 95.4119 4.8012 4.9759 5.8982 5.9202 7.2303 8.3750 10.5000 7.5107 6.0864 11.7019 11.1053 7.4758 8.3644 8.5395 9.5357 5.5531 6.3545 6.6081 7.4451 5.7356 4.4872 10.0929 2.6903 5.1058 7.4951 11.5365 6.8920 10.5578 4.2306 3.9977 14.3776 28.8814 26.6343 29.6436 27.4600 16.9600 38.9480 25.6028 18.1069 17.4223 34.5498 24.0028 27.0495 17.2739 28.4409 13.8719 22.0151 25.2981 23.9119 28.7038 26.8090 19.5074 20.2818 25.7675 23.7534 23.5442 19.9876 23.6512 13.4456 26.4713 51.9893 55.3102 53.6068 60.4648 52.5541 55.3900 60.2726 54.3932 54.8210 52.5594 50.9285 50.4892 54.6263 50.1696 49.2807 52.8461 55.9389 53.3505 53.5331 56.3892 59.5096 51.1565 54.8946 54.0837 50.9200 58.7172 47.3230 56.6791 58.1148 58.7321
4.5289 4.5953 6.0136 3.2406 7.4867 6.1472 0.0000 8.6723 4.9492 2.4889 4.7516 7.4877 6.4486 4.5419 6.6073 7.1941 3.5142 4.6243 2.1038 9.2087 6.9022 4.1004 3.4722 4.4336 4.3671 4.6062 4.0831 1.8705 6.4049 5.6496 90.1192 90.6089 89.9074 89.7008 92.5941 89.6785 87.2982 88.3435 86.0754 94.2664 91.5124 89.0092 90.1614 88.4387 90.0644 88.6483 85.3141 92.5620 91.2102 87.9146 89.5489 86.2688 90.4087 85.3858 88.0087 91.0952 91.2907 88.8852 91.5577 90.4226 2.8649 1.9527 3.7986 2.5809 3.1838 4.5941 5.2592 4.3529 2.7617 6.3918 8.1663 3.6053 4.4501 3.8698 4.0017 2.8735 2.4547 2.2053 3.1135 3.3963 4.2354 5.8265 6.3791 3.4876 3.1759 6.5502 3.7527 7.0091 3.4774 3.9574 10.1764 24.8778 23.3372 26.4281 23.7254 13.6622 36.3726 23.2412 13.6036 13.0295 32.4262 20.2980 24.1238 13.5461 24.0877 9.6137 16.9939 23.8483 20.0678 26.3307 22.2235 15.3659 17.0473 22.5639 20.8331 19.7480 15.8841 20.3841 10.8561 22.6517 46.9133 50.2667 48.7205 55.4094 47.8818 50.2484 55.1955 49.1531 49.9776 47.4914 46.1001 45.5423 49.8464 45.3367 44.0493 47.5010 50.7631 48.9862 48.5109 51.4682 54.3824 46.5821 49.9884 49.2979 46.0657 53.5197 42.7343 51.9855 53.7830 53.5876
7.7831 8.0289 8.6662 7.0399 9.3403 6.7397 8.6723 0.0000 9.4273 8.6122 7.5412 7.9149 6.7290 5.7840 9.3355 7.5408 6.5706 7.9295 7.6178 9.0421 3.5491 6.8403 7.1296 8.3103 7.2582 8.0098 6.0713 8.1135 7.9457 5.4571 91.9610 92.6216 91.4989 91.6734 94.3278 91.5729 89.4579 90.3359 88.0627 96.2051 93.8721 90.9253 92.0993 90.5616 92.0804 90.5009 87.0290 94.5741 93.3768 89.6887 91.5826 88.3192 92.2591 87.7072 89.7234 93.2219 93.0755 90.8685 93.6775 92.2809 8.7601 8.3072 9.0123 8.2079 7.6490 7.5155 11.6069 8.4697 8.6449 11.5393 7.9681 7.2940 8.9206 10.6202 10.2958 8.3547 8.9294 9.5657 8.7466 9.2933 8.6306 9.6267 6.5805 5.7936 8.9001 11.0136 10.0199 8.9123 7.4020 9.0095 12.7928 25.3271 23.4722 24.7963 24.1817 13.4081 34.1897 22.3735 16.5052 15.6274 30.5479 22.0041 24.3141 15.2349 25.8945 12.4134 20.1005 19.5925 20.6586 24.3031 24.0537 17.2741 17.2643 22.2294 19.1550 20.0762 16.7103 18.9461 11.0861 22.6764 49.4610 52.5098 50.6840 57.4728 49.1743 52.7163 57.6245 51.6187 51.9154 50.1625 48.1424 47.6430 51.4881 47.7469 46.8839 50.3832 53.4047 50.0901 50.6361 53.1152 57.1553 47.9161 52.1393 51.1811 47.9893 56.1923 44.3502 53.5748 54.6388 56.2198
2.8261 2.1475 3.0201 3.7091 3.6772 3.9741 4.9492 9.4273 0.0000 3.8043 2.9885 4.6436 5.6690 5.2446 2.6892 4.2832 5.3697 2.0879 5.7777 6.0023 7.4077 4.2954 3.1655 2.9720 4.0828 2.0522 4.0857 4.1054 3.5837 4.8751 94.6614 95.2137 94.4312 94.3265 97.1588 94.3056 91.8554 92.9027 90.6005 98.8589 96.0562 93.5811 94.7127 92.9420 94.6158 93.1949 89.8808 97.1564 95.6403 92.4508 94.1628 90.7337 95.0222 89.8611 92.5742 95.5944 95.8840 93.4127 96.0630 94.9937 3.1881 3.5823 4.1363 4.8065 7.2886 8.6136 8.6346 6.4689 5.4121 10.8139 11.6042 7.3094 8.1336 6.3584 8.3165 3.9016 4.5881 4.4596 6.3020 3.5216 2.9571 10.1239 5.1962 5.6241 6.1728 10.4388 4.6557 10.7659 3.9589 1.8685 14.0900 29.3527 27.5163 30.5302 27.9308 17.7195 40.4053 26.9945 17.9862 17.0973 36.1378 24.4273 28.0530 17.6021 28.6300 13.7969 21.3932 27.1959 24.3279 30.2405 26.7082 19.4870 21.1644 26.7222 24.9570 24.1697 20.1946 24.3150 14.4471 26.9836 51.1604 54.7377 53.1922 59.9258 52.1839 54.7453 59.4912 53.6232 54.4531 51.8968 50.5653 49.9424 54.2399 49.6774 48.3942 51.8381 55.2952 53.4642 52.8923 55.9790 58.8524 50.9280 54.3831 53.7239 50.5493 57.9351 47.1439 56.4421 58.1734 58.0580
4.2049 3.6636 5.1382 2.4669 6.4602 5.4196 2.4889 8.6122 3.8043 0.0000 3.9799 6.7756 6.4801 4.8358 5.4244 6.5572 3.3706 3.8627 3.3128 8.6869 6.4243 3.5161 2.7809 4.1899 4.2565 3.6130 3.1237 2.1803 5.7227 5.0261 91.4002 91.9838 91.0760 90.9998 93.8344 91.0327 88.5662 89.5667 87.2622 95.5570 92.7600 90.3436 91.3629 89.6199 91.2928 89.8572 86.5487 93.8715 92.3828 89.1221 90.8479 87.3811 91.7462 86.5484 89.2492 92.3174 92.5715 90.1225 92.8076 91.6729 1.8296 1.7223 1.9824 2.6910 4.8993 5.6606 5.5762 3.6570 3.2880 7.5606 8.5813 4.3115 4.9076 3.5442 5.2891 1.8232 2.8025 2.4142 3.3666 1.7533 2.3138 6.9617 5.6587 3.7599 3.0322 7.1475 2.3229 7.4643 2.6271 3.0828 11.5884 26.2805 24.7485 27.6062 25.0938 15.1045 37.4499 24.5876 15.3074 14.6340 33.6130 21.7597 25.4204 15.1514 25.8299 11.4354 18.7141 24.8904 21.4826 27.5964 23.8981 17.1338 18.7975 24.0568 22.1859 21.3634 17.2693 21.5171 12.4451 24.0523 48.3434 51.6058 50.2741 56.8510 49.2533 51.7204 56.6409 50.5066 51.3628 48.9615 47.4870 46.9052 51.2915 46.8922 45.2872 48.7976 52.1939 50.5579 49.8293 52.9068 55.7604 48.0763 51.5022 50.7800 47.5031 54.9606 44.2318 53.4867 55.2829 54.9859
2.4739 2.2206 2.7084 2.8790 3.9631 2.2528 4.7516 7.5412 2.9885 3.9799 0.0000 3.6311 3.4378 3.4485 3.4886 3.3804 3.9892 2.2138 4.8969 5.2528 5.2892 2.9515 1.9122 2.7340 2.6103 2.0714 2.8608 3.5819 2.9928 2.8440 94.0224 94.5117 93.6430 93.5601 96.3719 93.5520 91.2069 92.2449 89.9317 98.1985 95.4880 92.8572 93.9972 92.3411 93.9236 92.4418 89.1520 96.4496 95.0884 91.7136 93.4644 90.0191 94.2635 89.3403 91.8089 95.0110 95.1585 92.7347 95.4307 94.2322 3.4501 3.6085 4.7532 4.9339 6.1463 7.4528 9.1326 6.5687 4.8326 10.4909 10.5218 6.4446 7.2021 7.1745 8.1752 4.3905 5.1067 5.1503 6.0679 4.4366 3.3402 8.9844 3.4210 4.3418 6.3051 10.3619 5.5686 9.6185 2.8307 2.8184 13.3287 27.9785 25.7839 29.1001 26.5296 16.2699 38.5095 24.9656 16.9921 16.3747 34.0052 23.0640 26.2984 16.3384 27.4278 12.8403 20.8611 25.3136 23.0445 28.1988 25.8169 18.6662 19.6127 25.0028 23.3181 22.7843 19.0651 23.1721 12.8404 25.6246 50.7927 54.1018 52.4744 59.3976 51.6000 54.2484 59.1940 53.2138 53.6975 51.3025 49.7499 49.3582 53.6031 49.0073 48.0163 51.6222 54.6658 52.3505 52.3835 55.3737 58.2913 50.1565 53.7874 52.9583 49.7957 57.5201 46.2286 55.6273 57.1279 57.5452
3.5878 3.6746 2.4006 5.7280 2.2093 2.5242 7.4877 7.9149 4.6436 6.7756 3.6311 0.0000 3.3813 5.4674 3.0854 1.9288 6.1895 3.9854 7.3243 2.7995 6.3544 4.4617 4.5945 3.8241 3.7371 3.7638 4.8734 6.4199 1.9402 3.6346 96.7374 97.2247 96.3985 96.3066 99.0658 96.2359 93.9957 95.0377 92.7698 100.9165 98.2843 95.5763 96.7911 95.1693 96.7301 95.1661 91.8620 99.1740 97.9536 94.4844 96.1717 92.9170 96.9594 92.1827 94.5348 97.7832 97.8292 95.4897 98.2463 96.9676 5.8301 6.2373 7.1866 7.0401 8.5944 9.9612 11.9338 9.2505 7.0888 13.2364 12.9163 8.9481 9.7532 9.8898 10.8676 6.8662 7.6328 7.6829 8.9985 6.9910 5.7007 11.7182 3.2858 6.6917 9.0892 13.1952 8.1515 12.2767 5.6705 4.7775 16.0770 30.4524 28.0532 31.2695 29.0522 18.6297 40.4736 26.9453 19.6974 19.0619 35.7817 25.5523 28.6120 18.9293 29.7773 15.3225 23.3880 26.7733 25.5593 30.1066 28.3652 20.9342 21.6478 27.2963 25.3813 25.0413 21.6162 25.3521 15.0435 28.0401 53.6399 57.0173 55.1986 62.0832 54.3063 56.9640 61.8881 56.0407 56.5051 54.1512 52.6344 52.2297 56.3065 51.8105 51.0275 54.5209 57.5644 54.9845 55.3028 58.0038 61.2139 52.8374 56.5340 55.7239 52.6212 60.3196 49.0125 58.3091 59.7773 60.3593
3.8685 4.4167 3.9358 5.0646 4.9340 3.0519 6.4486 6.7290 5.6690 6.4801 3.4378 3.3813 0.0000 3.6946 5.1117 3.6147 4.7889 4.4211 5.8368 4.6614 5.1702 3.8456 4.0541 3.8905 3.0224 4.5423 4.5718 5.3918 3.5909 3.0146 94.2540 94.6485 93.8622 93.7503 96.4887 93.6427 91.4859 92.5766 90.3305 98.4137 95.8400 92.9898 94.2956 92.7458 94.2591 92.6516 89.3461 96.6284 95.5296 91.9572 93.6401 90.4344 94.3832 89.8095 91.9849 95.3181 95.2812 92.9713 95.7528 94.4079 5.7029 5.7661 7.3639 6.5044 6.5977 7.9363 11.0282 8.6960 6.1722 11.6855 11.3192 7.4595 8.2679 9.4995 9.5358 6.7142 6.9879 7.2396 7.8327 7.1289 6.0860 9.6340 3.2255 5.2571 8.3128 11.9534 8.1834 10.5002 4.8584 5.1534 13.9068 27.6986 25.0270 28.7234 26.2364 16.0447 37.6939 23.8259 17.1368 16.7504 32.7237 22.8143 25.6686 16.2245 27.0405 12.8826 21.1508 24.2903 22.8149 27.1317 25.8574 18.4954 18.8475 24.3658 22.7653 22.2856 19.1505 23.1525 12.3121 25.3437 51.3923 54.5480 52.7095 59.7194 51.9631 54.5734 59.6048 53.7692 54.0181 51.7052 50.0223 49.8073 53.8424 49.1952 48.7901 52.4013 55.1031 52.2408 52.9911 55.6027 58.7987 50.3403 54.0084 53.1119 50.1638 57.9791 46.3376 55.6957 57.1103 57.8965
3.8070 4.3879 5.1590 3.1275 6.4107 3.8278 4.5419 5.7840 5.2446 4.8358 3.4485 5.4674 3.6946 0.0000 6.0243 4.9102 3.3971 3.7142 3.9896 6.6014 4.4683 3.7186 2.8745 4.0801 3.7095 4.3426 3.4632 3.6553 4.8831 3.5036 91.8644 92.3617 91.5692 91.5367 94.2782 91.4280 89.1773 90.1936 87.9326 96.1296 93.5335 90.7089 91.9640 90.3312 91.9288 90.4855 87.0440 94.3657 93.0058 89.6265 91.4089 88.0885 92.1344 87.3621 89.7225 92.9440 93.0570 90.6836 93.3734 92.1788 4.8706 4.3465 6.0289 4.9830 4.5239 5.5694 8.6806 6.1209 5.3890 9.4232 8.7702 5.0857 6.7696 7.2866 7.4328 4.9280 4.6219 5.6105 5.3527 5.4922 5.2594 7.5607 4.8789 2.7944 5.8946 9.3050 6.6627 8.1500 3.5023 4.6707 10.9125 25.5689 23.4356 26.4056 23.9835 13.6322 36.0748 22.5403 14.8097 14.0649 31.6219 21.0999 24.1239 13.8681 25.3033 10.5255 18.7595 22.5117 20.4469 25.7195 23.4617 16.0774 17.2406 22.4566 20.7056 20.2626 16.5248 20.4595 10.1492 23.1407 48.6658 52.0099 50.3022 57.2785 49.2615 52.2419 56.9660 51.1741 51.6269 49.3030 47.5809 47.1865 51.2667 46.7608 46.1241 49.6977 52.6617 50.0656 50.2836 53.1286 56.3907 47.9152 51.4778 50.6475 47.6774 55.5073 43.9595 53.3340 54.8082 55.4888
3.1643 2.5954 1.7581 4.9725 1.6837 3.4795 6.6073 9.3355 2.6892 5.4244 3.4886 3.0854 5.1117 6.0243 0.0000 3.2205 6.0405 3.0425 7.0028 4.6876 7.3275 4.3717 4.1866 3.2648 4.0784 2.6433 4.5856 5.5895 2.4817 4.5586 96.3262 96.8778 96.0324 95.9498 98.7160 95.9251 93.5306 94.5636 92.3085 100.5033 97.7395 95.2276 96.3500 94.6769 96.2470 94.7191 91.4874 98.8166 97.3821 94.1007 95.7735 92.4017 96.6538 91.5957 94.1511 97.2748 97.4617 95.0043 97.7558 96.5716 4.4818 5.1376 5.4641 6.0666 8.6053 9.7794 10.4487 7.9971 6.4170 12.5075 12.7889 8.5875 9.3064 8.1697 9.9521 5.4700 6.4292 6.2998 7.9150 5.1863 3.9315 11.5127 4.2965 6.5948 7.8458 12.1995 6.2561 11.9915 4.9400 3.1391 15.9544 30.7752 28.6019 31.7674 29.3373 19.1021 41.3319 27.9101 19.7218 18.9452 36.8106 25.9626 29.2929 19.2335 30.1042 15.4522 23.1815 27.9617 25.7756 31.1271 28.3914 21.0989 22.4029 27.9868 26.1309 25.5025 21.7729 25.6991 15.7862 28.3628 53.1436 56.5645 55.0541 61.7098 54.0259 56.5199 61.3833 55.5280 56.2783 53.8153 52.3381 51.8198 56.0467 51.5782 50.3305 53.8061 57.1519 55.1585 54.8050 57.7197 60.7617 52.7084 56.2312 55.4789 52.4214 59.8087 48.8969 58.2225 59.9042 59.9044
3.1335 3.4668 2.7378 5.3170 2.6503 2.2965 7.1941 7.5408 4.2832 6.5572 3.3804 1.9288 3.6147 4.9102 3.2205 0.0000 6.2521 3.3999 7.2138 2.5641 6.2709 4.7374 4.3499 3.5975 3.8934 3.3205 4.6863 6.1385 1.7291 3.7261 96.4021 96.9113 96.1438 96.0524 98.8205 95.9706 93.6934 94.7241 92.4491 100.6172 97.9682 95.2649 96.4924 94.8698 96.3744 94.8651 91.5843 98.9078 97.5956 94.1926 95.8933 92.6204 96.6837 91.8956 94.2186 97.4857 97.5490 95.1778 97.8899 96.6866 5.7612 6.0164 7.0259 6.8035 8.3446 9.6846 11.6380 8.8191 7.0979 13.0828 12.4790 8.7608 9.8835 9.5724 10.5628 6.5219 7.2149 7.4620 8.6312 6.7389 5.5941 11.6267 3.9262 6.3347 8.7288 12.7654 7.9159 12.1326 5.4747 4.4722 15.4488 30.1634 27.8777 30.8041 28.6790 18.0719 40.3323 26.8237 19.2323 18.3519 35.7018 25.4323 28.5190 18.4573 29.4913 14.8077 22.8740 26.2857 25.1162 29.8795 27.8095 20.3344 21.2014 26.9600 24.9311 24.6179 21.1166 24.7307 14.4776 27.5910 52.9369 56.4899 54.6445 61.5723 53.6253 56.4541 61.2815 55.5470 56.0516 53.6506 52.1571 51.6545 55.6941 51.2593 50.5028 53.9505 57.1192 54.4718 54.6884 57.4804 60.7927 52.1577 55.9558 55.1644 52.0914 59.7574 48.4537 57.7888 59.2000 59.9601
4.3289 4.3770 5.2421 2.8297 6.7457 4.8663 3.5142 6.5706 5.3697 3.3706 3.9892 6.1895 4.7889 3.3971 6.0405 6.2521 0.0000 4.4925 2.5947 8.2743 4.4245 2.2662 2.9062 4.3018 3.4363 4.5066 2.6920 2.8325 5.5930 3.6247 90.9100 91.4675 90.4842 90.4650 93.1986 90.4477 88.1390 89.1308 86.8829 95.0724 92.4267 89.7946 90.8871 89.2684 90.8723 89.3177 85.9805 93.3397 92.0601 88.5973 90.3444 86.9760 91.1568 86.2482 88.6839 91.8965 91.9927 89.6178 92.4130 91.1008 3.4196 3.2085 4.2940 3.5305 3.8817 4.3120 6.9922 4.8624 3.5188 7.8632 7.7642 3.3769 4.2942 5.7191 5.8612 3.6746 4.1046 4.3017 4.0242 4.3009 3.9778 6.1255 4.4229 2.3569 4.3213 7.8435 5.0144 6.4720 2.5362 4.4190 11.2672 25.0863 23.0967 26.2244 23.8214 13.8857 35.5790 22.5887 14.7201 14.3556 31.4602 20.7019 23.8677 14.1964 24.8887 10.7672 18.4920 22.9517 20.3283 25.6125 23.3133 16.4255 17.4658 22.5352 20.7037 20.1115 16.3472 20.4692 11.1499 22.8542 48.4134 51.3713 49.9776 56.6138 49.0047 51.5353 56.5785 50.4430 51.0110 48.8070 47.0430 46.6992 50.9494 46.5861 45.3622 48.9730 51.9711 49.8714 49.7487 52.5364 55.6554 47.7217 51.1935 50.3252 47.2378 54.8982 43.7052 52.9987 54.6577 54.7397
1.9297 1.8531 2.8501 2.8492 3.7447 2.6638 4.6243 7.9295 2.0879 3.8627 2.2138 3.9854 4.4211 3.7142 3.0425 3.3999 4.4925 0.0000 5.0450 5.3032 6.0932 3.5100 2.2445 2.3369 3.2576 1.7249 3.1475 3.7155 2.9085 3.6417 94.1588 94.6941 93.9170 93.8362 96.6244 93.7693 91.3997 92.4298 90.1552 98.3541 95.6344 93.0488 94.2440 92.5366 94.1396 92.6952 89.3657 96.6611 95.2065 91.9547 93.6774 90.2848 94.4817 89.4693 92.0278 95.1581 95.3630 92.9179 95.6077 94.4739 3.3809 3.4228 4.4867 4.4557 6.4245 7.7225 8.7437 6.1537 5.2079 10.5305 10.7567 6.6328 7.7773 6.6184 8.1020 3.8074 4.3382 4.7856 5.9336 3.8564 3.2977 9.4622 4.2966 4.5360 5.9877 10.2022 5.1831 10.0718 3.4503 2.1181 13.3097 28.4750 26.5178 29.4206 27.0056 16.6234 39.2534 25.8501 17.2594 16.3592 34.9719 23.6777 27.0966 16.6739 27.8995 12.9937 20.8543 25.7804 23.3558 29.0584 25.9275 18.5942 20.1133 25.6565 23.7650 23.1574 19.3034 23.2411 13.2335 26.0456 50.7018 54.2333 52.6358 59.3943 51.5286 54.2712 58.9867 53.2091 53.9105 51.4567 49.9778 49.3892 53.5976 49.1008 48.0232 51.4990 54.8433 52.7163 52.3943 55.3660 58.4291 50.2647 53.7807 53.0772 49.9925 57.5024 46.4728 55.7923 57.4333 57.5973
4.8266 5.0472 6.1874 3.4296 7.7207 6.0287 2.1038 7.6178 5.7777 3.3128 4.8969 7.3243 5.8368 3.9896 7.0028 7.2138 2.5947 5.0450 0.0000 9.1699 5.9723 3.5962 3.5339 4.6685 4.0796 5.0156 3.7757 2.4120 6.4485 5.0441 89.7642 90.2578 89.4708 89.3059 92.1414 89.2804 86.9726 88.0005 85.7407 93.9089 91.2390 88.6365 89.7917 88.1230 89.7377 88.2695 84.9050 92.1922 90.9362 87.5491 89.1967 85.9292 90.0000 85.0953 87.6075 90.7602 90.8949 88.5143 91.2510 90.0039 3.5462 2.7750 4.6298 2.9537 2.3854 3.6469 5.8624 4.7337 2.9345 6.3271 7.5414 2.9016 3.8249 4.8678 4.3909 3.5677 3.3122 3.4194 3.2662 4.3034 4.8165 5.1913 5.8233 2.8681 3.7078 6.7445 4.8146 6.2342 3.5031 4.6978 9.9689 24.1507 22.4334 25.5578 23.0056 12.9731 35.2878 22.1941 13.3203 12.8960 31.2677 19.7121 23.2915 13.0438 23.5602 9.2092 16.8720 22.7647 19.3954 25.2483 21.8917 15.0323 16.3250 21.7565 19.9618 19.0235 15.2644 19.7178 10.1591 21.9761 46.9322 50.0670 48.5345 55.2361 47.7153 50.0975 55.1217 49.0516 49.7338 47.4114 45.8234 45.3708 49.6297 45.1418 44.0068 47.5343 50.6157 48.6170 48.4276 51.2081 54.2692 46.4160 49.7945 49.0470 45.8768 53.4885 42.4655 51.6929 53.4295 53.3884
5.1230 5.5017 4.3451 7.4508 3.6134 4.0839 9.2087 9.0421 6.0023 8.6869 5.2528 2.7995 4.6614 6.6014 4.6876 2.5641 8.2743 5.3032 9.1699 0.0000 8.0359 6.7557 6.3528 5.3450 5.7558 5.4512 6.9174 8.1242 3.4880 5.6589 98.1775 98.6160 97.9475 97.8287 100.5827 97.6823 95.4804 96.5575 94.2737 102.4095 99.7747 96.9812 98.3047 96.6914 98.2170 96.6919 93.3750 100.6551 99.3802 95.9731 97.6603 94.4538 98.4256 93.7398 96.0017 99.2747 99.3312 96.9735 99.6534 98.4744 7.8420 8.1417 9.2249 8.9178 10.1927 11.7266 13.7366 11.0378 9.1587 15.0764 14.6494 10.8784 11.9380 11.6886 12.6227 8.7056 9.1638 9.4789 10.6917 8.8063 7.6862 13.5372 5.5892 8.4226 10.9472 14.9499 10.0395 14.2170 7.5624 6.3372 17.0558 31.7466 29.2052 32.4019 30.1568 19.6258 41.7593 27.8762 20.7490 19.9165 36.7739 26.7604 29.7308 19.8454 30.9287 16.3130 24.5020 27.5516 26.6286 31.1611 29.3864 21.6827 22.4990 28.2664 26.4437 26.1079 22.8108 26.4399 15.7291 29.2046 54.5869 58.2571 56.2744 63.3027 55.3079 58.1968 62.9217 57.3574 57.7503 55.2707 53.8300 53.3817 57.3435 52.7404 52.3540 55.7969 58.8299 55.9487 56.4944 59.2198 62.4930 53.7820 57.5166 56.7315 53.7738 61.4544 50.0281 59.3646 60.7396 61.6318
6.0994 5.9565 6.6192 4.7971 7.5598 4.7939 6.9022 3.5491 7.4077 6.4243 5.2892 6.3544 5.1702 4.4683 7.3275 6.2709 4.4245 6.0932 5.9723 8.0359 0.0000 4.6749 4.9625 6.6245 5.3989 6.0246 3.9416 6.1031 6.3756 3.2346 92.3818 92.9419 91.7234 91.8452 94.5716 91.8692 89.6312 90.5547 88.2664 96.4925 94.0198 91.2526 92.2911 90.7575 92.3111 90.7082 87.3414 94.8186 93.5730 89.9544 91.8373 88.3436 92.5612 87.8307 90.0225 93.4517 93.4210 91.0776 93.9138 92.5059 6.4668 6.2700 6.7841 6.7288 6.5922 6.4517 10.0881 6.7942 6.5697 10.2783 7.7982 6.0398 6.9427 8.8714 8.9811 6.5686 7.4404 7.7135 7.0262 7.1572 6.1351 8.2357 4.3468 4.3149 7.1599 10.0161 7.8714 7.7692 5.0512 7.0081 12.7987 25.7806 23.6650 26.0486 24.6112 14.1554 35.0391 22.7083 16.4152 15.8550 31.1503 21.7520 24.2487 15.3330 26.1516 12.4656 20.3602 21.5193 21.1896 25.1615 24.5841 17.9549 17.9687 22.8016 20.3185 20.8010 17.2787 20.3675 11.5146 23.3823 49.9403 52.7619 51.2062 57.9785 49.9675 53.0867 58.2134 51.9804 52.2070 50.3948 48.3622 48.0176 52.1750 48.0860 46.9505 50.6431 53.5613 50.6668 51.0369 53.8003 57.1571 48.6237 52.6621 51.6613 48.3435 56.5484 44.7589 54.1349 55.3516 56.4038
3.1007 2.9925 3.5506 2.9538 4.9734 3.5380 4.1004 6.8403 4.2954 3.5161 2.9515 4.4617 3.8456 3.7186 4.3717 4.7374 2.2662 3.5100 3.5962 6.7557 4.6749 0.0000 2.3018 3.1013 2.1136 3.1623 2.1835 3.2295 3.9382 2.5943 92.7381 93.2748 92.3557 92.2841 95.0313 92.2679 89.9686 90.9725 88.7325 96.8920 94.2268 91.6311 92.7182 91.1130 92.6734 91.1315 87.8274 95.1551 93.9267 90.4459 92.1473 88.8395 92.9788 88.0739 90.5175 93.7296 93.7923 91.4527 94.2493 92.9336 2.9632 3.1476 4.1744 3.6662 5.1475 6.0585 8.1613 5.8332 3.7008 9.3396 9.3615 4.9450 5.6691 6.4266 7.1168 3.8112 4.6584 4.5636 5.3426 4.2085 3.3706 7.8013 2.9478 3.4476 5.3349 9.3023 5.1044 8.2467 2.6258 3.4240 12.9494 26.9222 24.8455 28.0154 25.6522 15.5756 37.3039 24.2030 16.3781 15.9822 33.0456 22.3396 25.5431 15.8799 26.4944 12.2694 20.0539 24.4270 22.1484 27.2626 25.0014 17.9513 18.9255 24.2712 22.3634 21.7856 18.1551 22.1781 12.6040 24.6615 50.1325 53.1991 51.6977 58.3630 50.7851 53.2311 58.2861 52.1815 52.8012 50.5517 48.8886 48.5212 52.7033 48.3333 47.1428 50.7148 53.7777 51.6376 51.5548 54.2822 57.4437 49.4532 52.9510 52.1288 49.0301 56.6312 45.5257 54.7762 56.4263 56.5270
2.5334 2.2483 3.4656 1.7216 4.8514 3.0845 3.4722 7.1296 3.1655 2.7809 1.9122 4.5945 4.0541 2.8745 4.1866 4.3499 2.9062 2.2445 3.5339 6.3528 4.9625 2.3018 0.0000 2.7387 2.4845 2.3307 2.0715 2.3287 3.7860 2.9204 92.7457 93.2621 92.4081 92.3351 95.1414 92.3002 89.9544 90.9813 88.6922 96.9367 94.2291 91.6230 92.7617 91.0681 92.7232 91.2515 87.8859 95.2063 93.8095 90.4620 92.1951 88.8235 93.0381 88.0491 90.5812 93.7341 93.9003 91.5079 94.1887 93.0233 2.6110 2.5801 3.8470 3.6098 4.9826 6.1304 7.7133 5.2104 3.9972 9.0698 9.3235 5.1075 6.0663 5.9040 6.9039 3.2903 3.7679 4.0309 4.7473 3.4503 2.8947 7.7770 3.8175 3.1742 4.9330 8.9527 4.5680 8.4128 2.0768 2.5207 12.1563 26.8776 24.9228 27.9975 25.5258 15.2488 37.6291 24.3117 15.9251 15.2710 33.3702 22.1796 25.5239 15.3703 26.4217 11.7439 19.6447 24.4832 21.9383 27.4678 24.6729 17.4889 18.7910 24.1384 22.3122 21.7160 17.8965 21.9934 12.0245 24.5621 49.5997 52.9062 51.3486 58.1271 50.3421 53.0369 57.8917 51.9108 52.5403 50.1684 48.6140 48.1469 52.3704 47.8808 46.7745 50.3378 53.5009 51.3290 51.1645 54.0996 57.1034 49.0385 52.5782 51.8020 48.6345 56.2975 45.1353 54.4575 56.0997 56.2853
1.4714 2.2236 2.5390 3.7597 3.6972 3.4385 4.4336 8.3103 2.9720 4.1899 2.7340 3.8241 3.8905 4.0801 3.2648 3.5975 4.3018 2.3369 4.6685 5.3450 6.6245 3.1013 2.7387 0.0000 2.1148 2.2181 3.6499 3.6436 2.5117 3.9408 93.9128 94.3838 93.7279 93.5271 96.3351 93.4506 91.1355 92.2103 89.9562 98.0674 95.3196 92.7720 93.9976 92.3345 93.8716 92.3463 89.1055 96.3601 95.0806 91.7415 93.3311 90.1345 94.1825 89.3156 91.7388 94.9241 95.0556 92.6347 95.3502 94.1839 3.1798 3.4686 5.0416 4.0538 6.0544 7.6030 8.9195 7.0296 4.4997 10.4439 11.1440 6.6519 7.5704 6.9694 7.7490 4.2279 4.5805 4.6495 6.2450 4.5439 3.9596 9.3739 4.1729 4.8028 6.4402 10.3593 5.5809 10.3419 3.8607 2.0481 13.5034 28.2864 26.2415 29.4671 26.9601 16.6429 39.1832 25.5928 16.9812 16.2759 34.7096 23.4641 26.9845 16.6242 27.2999 12.6906 20.4766 25.8431 23.2973 28.8225 25.6501 18.2497 19.5788 25.5314 23.6861 22.7830 19.2852 23.4450 13.1864 25.8883 50.5837 54.0927 52.4209 59.1115 51.5333 53.9037 58.7915 53.0747 53.7409 51.2276 49.8591 49.3237 53.4454 48.9243 48.0336 51.4109 54.6514 52.4797 52.4097 55.1386 58.2569 50.1327 53.6054 52.8887 49.8682 57.2207 46.3447 55.5830 57.2895 57.3711
2.2254 2.7001 2.9739 3.6127 4.3221 3.2383 4.3671 7.2582 4.0828 4.2565 2.6103 3.7371 3.0224 3.7095 4.0784 3.8934 3.4363 3.2576 4.0796 5.7558 5.3989 2.1136 2.4845 2.1148 0.0000 2.7701 2.9820 3.4861 2.9610 2.8684 93.3668 93.8152 93.0631 92.8716 95.6956 92.8414 90.5642 91.6233 89.3677 97.5031 94.8138 92.1933 93.3857 91.7803 93.2848 91.7145 88.4856 95.7756 94.6068 91.1340 92.7262 89.5352 93.5653 88.7984 91.1295 94.3988 94.4349 92.0747 94.8373 93.5633 3.3159 3.4684 5.1021 4.0793 5.3732 6.8373 8.9793 6.9517 3.8304 9.9496 10.2676 5.9399 6.6518 7.2394 7.4816 4.4428 5.1056 4.9398 6.1413 4.9632 4.1183 8.5423 3.0975 4.1826 6.3977 10.0990 5.8582 9.4447 3.3596 3.1418 13.2279 27.3868 25.2199 28.5784 26.1848 15.8576 37.9772 24.5199 16.5198 16.0225 33.4851 22.6758 26.0157 16.0798 26.5332 12.2596 20.1045 24.7873 22.6344 27.6308 25.1314 17.9656 18.7639 24.5602 22.6935 21.9761 18.6263 22.7262 12.4943 25.0368 50.3557 53.6278 51.9029 58.6767 51.1389 53.5091 58.5809 52.6738 53.1869 50.8051 49.3220 48.9158 53.0431 48.5894 47.6690 51.1318 54.1637 51.8231 52.0067 54.6588 57.8127 49.6351 53.2728 52.4488 49.3158 56.9061 45.7830 55.0418 56.6461 56.9796
1.8363 1.2847 2.3664 3.0529 3.3747 2.8477 4.6062 8.0098 2.0522 3.6130 2.0714 3.7638 4.5423 4.3426 2.6433 3.3205 4.5066 1.7249 5.0156 5.4512 6.0246 3.1623 2.3307 2.2181 2.7701 0.0000 2.7900 3.7179 2.5526 3.4552 94.3873 94.9162 94.1003 93.9726 96.8184 93.9813 91.5821 92.6100 90.3102 98.5365 95.7981 93.2862 94.3987 92.7163 94.2743 92.8076 89.5535 96.8615 95.4736 92.1645 93.8461 90.4569 94.6790 89.6785 92.2094 95.3777 95.5565 93.1056 95.8126 94.6422 2.8313 3.1508 4.0911 4.3118 6.5362 7.8364 8.8034 6.2859 4.5633 10.4871 10.7178 6.6492 7.4871 6.6255 7.9836 3.7122 4.7674 4.5737 6.1250 3.7585 2.7953 9.5293 3.8237 4.7070 6.0154 10.1640 4.8510 10.1023 3.3248 1.9860 13.8161 28.6992 26.7900 29.7045 27.4005 16.9390 39.4448 26.1942 17.5754 16.7416 35.2196 23.9529 27.4270 17.1336 27.9877 13.3118 21.0574 26.0557 23.7856 29.2289 26.1978 19.0741 20.2524 25.9739 23.9670 23.3862 19.6111 23.5646 13.6644 26.2697 50.9866 54.4514 52.8191 59.5831 51.8559 54.4129 59.3514 53.4199 54.0979 51.6785 50.2591 49.6717 53.9195 49.4731 48.2519 51.7059 55.0500 52.9285 52.6432 55.5993 58.6296 50.4901 54.1561 53.4252 50.1719 57.7260 46.7619 56.0665 57.6530 57.8845
3.2730 2.8876 4.0779 2.1537 5.2491 3.3826 4.0831 6.0713 4.0857 3.1237 2.8608 4.8734 4.5718 3.4632 4.5856 4.6863 2.6920 3.1475 3.7757 6.9174 3.9416 2.1835 2.0715 3.6499 2.9820 2.7900 0.0000 3.2390 4.1477 2.4368 92.6528 93.2402 92.2499 92.2399 95.0250 92.2444 89.8987 90.8577 88.5728 96.8183 94.1669 91.5788 92.6458 90.9921 92.5856 91.0681 87.7533 95.1532 93.7779 90.3736 92.1290 88.7155 92.9561 87.9760 90.4378 93.6697 93.7851 91.3830 94.1505 92.8920 3.1153 2.9590 3.6002 3.6483 5.2107 5.9491 7.8347 4.8465 4.0244 9.0623 8.4626 4.7268 5.8159 5.9705 6.9670 3.1959 4.4383 4.4942 4.8637 3.7784 2.8746 7.8322 3.4472 2.8642 4.8074 8.6875 4.6605 7.8997 2.4985 3.5495 12.4873 26.7773 24.9471 27.5383 25.5705 15.1257 37.1801 24.4247 16.3033 15.5770 33.2244 22.4756 25.7117 15.7360 26.5663 12.1128 19.8705 23.9045 21.9751 27.1987 24.7524 17.8290 18.8157 24.1557 21.9265 21.6479 17.8020 21.4980 12.2949 24.4070 49.7309 52.9108 51.4099 58.0753 50.2865 53.0259 58.0027 51.9141 52.5571 50.3641 48.6915 48.1718 52.4124 48.1741 46.8072 50.3357 53.5858 51.3827 51.1370 53.9999 57.2178 49.0420 52.7358 51.9202 48.6675 56.3941 45.2479 54.5541 56.0895 56.4083
3.7309 3.7065 5.0111 2.3428 6.5041 5.0906 1.8705 8.1135 4.1054 2.1803 3.5819 6.4199 5.3918 3.6553 5.5895 6.1385 2.8325 3.7155 2.4120 8.1242 6.1031 3.2295 2.3287 3.6436 3.4861 3.7179 3.2390 0.0000 5.4173 4.6467 91.0024 91.5139 90.7363 90.6146 93.4382 90.5897 88.1958 89.2389 86.9668 95.2304 92.4660 89.8911 91.0237 89.3222 90.9729 89.5203 86.1810 93.5022 92.0541 88.7651 90.4422 87.1100 91.3359 86.2877 88.8749 91.9722 92.1693 89.7548 92.4335 91.2960 2.3934 1.9055 3.5686 2.8150 3.8546 4.9211 6.0283 4.4273 3.1089 7.5021 8.5551 4.0043 5.0272 4.4759 5.1410 2.6922 2.6104 2.6729 3.1631 3.0202 3.3588 6.4980 5.4598 2.9404 3.6803 7.4514 3.7489 7.4017 2.1523 3.0446 10.8265 25.5271 23.6883 26.9661 24.1968 14.1849 36.7862 23.4272 14.4486 13.8317 32.5006 21.0401 24.5753 14.1593 24.9609 10.3536 17.9702 24.0770 20.6225 26.6131 23.1466 16.1415 17.7255 23.0161 21.4238 20.4413 16.5620 21.0128 11.2070 23.2575 47.8945 51.1680 49.6976 56.4577 48.7996 51.2917 56.1800 50.1814 50.9426 48.4653 46.9299 46.4911 50.7574 46.2238 45.0089 48.5623 51.7456 49.8406 49.4853 52.4536 55.4175 47.4760 50.8957 50.1303 47.0227 54.5464 43.5347 52.8661 54.6277 54.5658
2.3489 2.6299 1.8256 4.8535 2.0587 2.4030 6.4049 7.9457 3.5837 5.7227 2.9928 1.9402 3.5909 4.8831 2.4817 1.7291 5.5930 2.9085 6.4485 3.4880 6.3756 3.9382 3.7860 2.5117 2.9610 2.5526 4.1477 5.4173 0.0000 3.5532 95.8947 96.3795 95.6363 95.4865 98.2814 95.4317 93.1354 94.1787 91.9141 100.0557 97.3578 94.7577 95.9496 94.3275 95.8355 94.2844 91.0530 98.3623 97.0867 93.6961 95.3236 92.0803 96.1535 91.3333 93.6796 96.9370 97.0173 94.6136 97.3630 96.1399 4.7557 5.1304 6.1907 5.8561 7.8062 9.1909 10.8441 8.3050 6.1029 12.3092 12.2119 8.2057 9.1018 8.7461 9.7432 5.7145 6.5259 6.5693 8.0034 5.9425 4.7647 11.0704 3.5016 6.0083 8.0869 12.1081 7.0510 11.7017 4.9451 3.5204 15.2320 29.8898 27.6886 30.7347 28.5348 18.0030 40.2779 26.8031 18.8603 18.0812 35.7324 25.1125 28.3853 18.2814 29.0671 14.4757 22.4445 26.5202 24.9399 29.8845 27.4599 20.0605 20.9778 26.8993 24.8668 24.3536 20.9009 24.6952 14.4740 27.4254 52.5596 56.0432 54.2989 61.0584 53.3363 55.8963 60.8121 55.0699 55.6396 53.2349 51.7754 51.2549 55.3431 50.9031 50.0356 53.4306 56.6509 54.2043 54.3188 57.0463 60.2625 51.9007 55.5863 54.8119 51.7215 59.2536 48.1680 57.4588 58.9886 59.4308
3.4865 3.2801 3.7449 3.4652 4.7171 2.2248 5.6496 5.4571 4.8751 5.0261 2.8440 3.6346 3.0146 3.5036 4.5586 3.7261 3.6247 3.6417 5.0441 5.6589 3.2346 2.5943 2.9204 3.9408 2.8684 3.4552 2.4368 4.6467 3.5532 0.0000 93.8432 94.3607 93.3511 93.3397 96.0981 93.3144 91.0663 92.0661 89.7866 97.9497 95.3768 92.6923 93.8227 92.2273 93.7897 92.1994 88.8871 96.2542 95.0405 91.5020 93.2664 89.8928 94.0382 89.2475 91.5593 94.8745 94.8851 92.5471 95.3418 94.0033 4.5043 4.5738 5.4489 5.2480 6.1842 7.0035 9.6796 6.7380 5.1899 10.5350 9.6059 6.1629 6.9728 8.0206 8.5816 5.1278 6.1299 6.1695 6.6201 5.6096 4.3536 8.7962 1.8139 3.9798 6.7011 10.4246 6.5383 9.0871 3.6965 4.5389 13.6033 27.4857 25.2875 28.1823 26.2383 15.7538 37.3609 24.3703 17.1766 16.5902 33.1300 22.8649 25.8243 16.3489 27.1983 12.9380 20.9895 23.9222 22.7042 27.2383 25.7161 18.6561 19.1314 24.5397 22.3558 22.2444 18.7449 22.3547 12.5731 25.0909 51.0453 54.1300 52.4679 59.2721 51.4439 54.2041 59.2705 53.1992 53.5961 51.4879 49.7617 49.3548 53.5219 49.1805 48.1481 51.7606 54.8035 52.1726 52.4127 55.1500 58.3793 50.0204 53.8478 52.9851 49.7643 57.6450 46.1840 55.5038 56.9148 57.5628
94.0845 94.3853 95.7360 91.9665 97.2810 95.1894 90.1192 91.9610 94.6614 91.4002 94.0224 96.7374 94.2540 91.8644 96.3262 96.4021 90.9100 94.1588 89.7642 98.1775 92.3818 92.7381 92.7457 93.9128 93.3668 94.3873 92.6528 91.0024 95.8947 93.8432 0.0000 8.4183 11.3275 12.5325 11.2100 10.6103 9.2494 8.7343 10.9456 12.9939 12.7921 7.6115 9.3934 9.3919 12.4644 15.6540 8.4942 11.5772 9.8416 8.6971 8.9071 14.7256 10.9435 10.9269 10.7788 6.7340 8.4401 10.5465 8.8612 10.9802 92.3483 91.5943 91.8907 90.7903 88.4174 87.0081 86.7113 89.4157 90.8592 84.6204 85.4144 88.1873 88.0397 89.1016 86.8860 91.3835 90.3995 90.6789 88.6775 91.9175 93.1694 85.5877 94.7391 90.4109 89.0917 84.9872 91.2245 85.4256 91.8950 93.6322 81.8345 67.7580 71.7555 68.9035 69.5901 79.6077 64.8329 75.1244 78.1822 79.2485 70.3550 74.6449 73.1488 79.3578 69.7316 82.4277 74.8271 77.5432 72.3546 72.5890 69.9968 77.6435 78.3081 72.6197 74.8048 73.4342 75.9513 74.4004 83.7409 70.3544 48.4602 41.8109 46.5482 39.3883 47.1658 44.0237 40.9130 43.2369 44.3423 46.9567 45.9756 47.2266 43.9366 49.1386 48.3147 46.1736 41.9194 48.2589 44.8592 41.7039 40.9843 49.8117 43.7151 43.8159 48.2648 41.3875 51.0772 42.8399 44.7886 39.0877
94.5679 94.8929 96.2278 92.5192 97.7978 95.6738 90.6089 92.6216 95.2137 91.9838 94.5117 97.2247 94.6485 92.3617 96.8778 96.9113 91.4675 94.6941 90.2578 98.6160 92.9419 93.2748 93.2621 94.3838 93.8152 94.9162 93.2402 91.5139 96.3795 94.3607 8.4183 0.0000 12.3228 8.6989 10.3575 6.6846 7.6332 9.3555 12.0580 11.3302 10.9114 5.3403 9.9391 11.3547 12.4444 14.7365 9.6543 8.5599 12.4427 9.9154 6.3462 14.8535 7.3472 13.5641 9.7485 9.0855 8.7423 10.0471 8.7081 10.2869 92.8657 92.1190 92.5547 91.3766 88.8675 87.5704 87.4111 90.1550 91.3111 85.0889 86.1443 88.8157 88.5427 89.7862 87.4039 92.0374 91.0061 91.2429 89.3098 92.5580 93.7793 86.0207 95.2144 91.0086 89.7523 85.6688 91.8791 86.0960 92.4710 94.1599 82.3154 67.9925 71.7986 69.6395 70.0165 80.0271 65.1179 75.0574 78.3482 79.5820 70.3691 74.4496 72.9463 79.5702 69.4125 82.7296 75.1293 78.0901 72.8079 72.7069 70.1246 77.9198 78.2262 72.7134 75.1005 73.5564 76.5228 75.2371 83.9535 70.7759 48.5942 41.8855 46.1062 38.9941 47.6918 43.6124 40.9905 43.8651 43.8723 46.5619 45.8972 47.4031 44.1489 48.6365 48.9858 46.7678 41.7471 47.2924 45.4948 42.0014 39.9003 49.7046 43.5297 43.6601 47.8986 41.0898 50.7793 42.2506 44.0771 38.7278
93.8639 94.0697 95.4135 91.5863 96.9947 94.7928 89.9074 91.4989 94.4312 91.0760 93.6430 96.3985 93.8622 91.5692 96.0324 96.1438 90.4842 93.9170 89.4708 97.9475 91.7234 92.3557 92.4081 93.7279 93.0631 94.1003 92.2499 90.7363 95.6363 93.3511 11.3275 12.3228 0.0000 9.1020 7.6264 10.5225 9.0930 8.1929 9.0832 12.1826 13.7538 10.1908 7.4612 9.0836 12.6214 13.6023 7.8127 10.8927 12.2178 7.1926 10.8256 9.2720 10.2388 11.5602 9.6697 9.2928 9.9979 9.7948 11.2168 8.1886 92.0007 91.3059 91.5308 90.6285 88.1432 86.6249 86.5163 89.0757 90.4747 84.2324 84.8670 87.8319 87.4432 88.9017 86.6629 91.1563 90.2971 90.4686 88.3901 91.6455 92.7656 85.0281 94.1915 90.0643 88.7861 84.7040 90.9391 84.8039 91.5166 93.4394 81.7818 67.0913 70.8436 68.3366 69.1379 79.2929 62.7405 74.0490 78.0570 79.3114 68.7675 73.6756 71.7387 79.0742 69.3522 82.3602 75.1069 76.8691 72.1045 71.3439 70.1735 78.0398 77.9838 71.9669 74.2144 73.1835 75.7596 74.2638 83.4568 69.8893 50.2742 42.2093 47.2276 40.8012 48.4582 45.0947 43.8251 44.3550 43.8728 47.5633 45.9470 47.6696 45.6011 49.9779 48.6728 47.4517 42.4131 47.9682 45.6268 43.0983 40.6711 50.4948 45.3873 44.9591 48.2294 43.2041 51.0700 43.3561 44.5949 39.7353
93.6881 93.9455 95.2756 91.5578 96.8679 94.7365 89.7008 91.6734 94.3265 90.9998 93.5601 96.3066 93.7503 91.5367 95.9498 96.0524 90.4650 93.8362 89.3059 97.8287 91.8452 92.2841 92.3351 93.5271 92.8716 93.9726 92.2399 90.6146 95.4865 93.3397 12.5325 8.6989 9.1020 0.0000 8.6727 7.3470 6.9302 7.8513 9.6654 9.8645 10.1164 9.0427 8.0500 10.9504 10.5388 11.4798 8.9643 8.0638 14.8943 10.1107 7.8338 10.8684 6.5238 13.3946 8.6060 11.0514 10.0092 9.0645 10.4829 7.3142 91.8524 91.1451 91.5148 90.4773 87.9649 86.6087 86.4771 89.1805 90.2304 84.0203 85.0339 87.8390 87.3421 88.8516 86.4305 91.0998 90.2136 90.3167 88.3949 91.6001 92.7399 84.9284 94.1293 90.0985 88.7789 84.6719 90.8736 84.9543 91.5000 93.2919 81.7186 67.0939 70.8625 68.8679 69.3956 79.2843 63.5239 74.1413 77.6731 79.0295 69.2969 73.3196 71.7345 78.9086 68.5095 82.0761 74.6242 77.3170 72.2433 71.5855 69.6141 77.6760 77.4292 71.9435 74.1869 72.8424 75.8207 74.6063 83.2699 69.9599 49.2237 41.5355 45.9762 39.0607 48.1888 43.3476 42.6538 43.8104 42.9222 46.3757 45.5189 47.1316 44.9063 49.0687 48.4090 46.6484 41.3055 46.8511 45.3173 42.2460 38.8958 49.6989 44.4986 44.2799 47.2532 41.5337 50.5067 42.4205 43.7736 38.7101
