0.0000 19.9499 16.9706 12.7279 11.7473 16.3707 15.8114 16.7033 14.4914 17.0294 15.7480 10.8628 16.1245 15.0997 17.2627 13.7840 16.0000 12.7279 14.8997 9.8995 10.7238 14.7648 17.6068 14.4222 16.7332 14.0712 15.9374 17.4069 14.3527 12.2474 28.0535 28.6531 24.9399 24.8395 26.7021 29.8496 25.7876 24.0832 27.3130 24.5764 27.6586 33.3017 26.6458 26.5707 24.6171 26.6458 26.6646 24.5357 29.1204 26.0960 26.0192 25.0599 25.9230 25.9615 25.9230 25.9808 28.4429 25.8650 28.7054 24.3721 14.6287 14.6969 15.3623 17.0880 14.6629 11.4018 12.9615 16.7929 13.3417 14.2127 16.0312 12.4097 13.4907 16.1245 14.7648 16.0624 14.7648 13.4164 14.6969 12.4097 20.2978 13.2288 12.4900 13.3791 14.9666 14.9666 11.5758 17.6068 13.3417 15.3623 15.4596 16.6132 15.3623 19.0000 14.2127 16.3401 14.5258 15.2643 18.6815 15.4596 19.2354 15.3297 15.2643 19.1050 21.2132 15.1327 17.7200 17.7482 14.4914 13.5647 19.7484 17.1172 17.7764 19.7484 19.3132 15.5563 22.0907 14.6969 17.2047 22.8910 27.5500 27.3679 22.7376 21.8861 27.9285 23.1301 26.2679 23.4947 24.6982 24.8193 25.6320 23.0868 23.4094 25.8263 20.6398 22.9783 23.0868 24.2487 26.6083 23.1301 27.5862 27.5862 21.8174 26.7769 24.2693 23.0434 26.1151 22.6716 27.7128 24.6374
19.9499 0.0000 23.0651 19.6469 20.7846 18.4932 16.3095 18.8944 15.6844 23.6643 16.4317 14.3527 15.5563 15.2315 14.6969 17.9444 16.9115 21.8632 14.2127 18.8680 18.2483 19.2354 18.3303 14.4222 14.6287 17.8885 10.5830 19.8242 12.5698 17.7764 26.8514 27.7308 26.0384 29.3769 25.5930 30.9031 25.3180 26.7582 26.9072 25.5343 28.8964 32.0468 26.2298 24.9399 26.3059 26.4575 25.9037 26.9815 28.3901 25.9037 27.5136 27.5681 27.5681 28.4956 28.6356 27.3313 29.8496 28.2312 27.2764 27.5318 14.9666 18.0555 19.5959 15.7480 14.4568 17.5499 17.2627 14.9666 16.3707 16.4317 16.4012 18.4391 23.3666 15.4272 17.2047 20.4939 13.9284 19.7990 18.1659 14.4222 16.3707 19.9750 16.5529 16.5831 16.9115 17.9444 19.9499 18.3303 16.4924 21.6333 18.7883 18.2209 19.8997 17.4642 18.2757 21.0476 18.5203 19.5192 18.5742 16.7631 16.7929 18.9473 17.7482 16.4012 16.9115 16.1555 18.6011 19.1050 21.6795 17.9444 22.1359 21.0950 21.1660 27.2397 20.7605 15.9374 19.8997 18.9737 19.1833 17.9444 27.8029 26.5518 23.1733 24.1454 25.8844 26.9629 25.2982 26.4197 25.7294 27.2029 27.4044 25.4755 25.4951 27.5862 24.0416 24.0000 25.7488 29.4618 26.6833 27.8029 24.5153 27.4773 24.0832 25.5147 24.7992 26.1343 26.9444 28.0357 27.4955 24.9199
16.9706 23.0651 0.0000 14.5602 11.8322 12.2474 16.2481 16.3401 18.5472 15.9374 16.0000 15.3623 15.3623 16.2481 17.8885 14.2829 19.8494 17.9444 15.6205 21.4476 15.3297 15.6844 22.3607 16.9115 18.0000 21.8632 18.4391 17.5214 15.8745 16.1245 28.8617 27.6225 24.7790 27.2947 25.0000 30.2490 23.1301 22.8035 26.8701 23.3666 28.1603 31.0000 25.9615 24.6171 25.2587 23.2809 25.4755 24.8193 28.1069 26.2107 25.0799 23.7487 24.3721 27.4226 26.3059 26.0576 25.1992 27.1846 28.0713 25.8844 19.2354 17.8326 18.1108 18.5472 14.7986 13.2665 18.1108 18.4391 15.5563 14.6287 14.8661 15.0333 18.6548 17.6635 18.1659 19.6977 16.9115 13.6382 14.7648 16.5529 19.3391 17.1756 17.0294 16.7033 13.3417 14.6969 16.3095 17.2047 14.0712 15.0333 16.3401 19.0263 12.8841 15.6525 21.1187 14.2478 16.8819 15.4596 19.2614 13.8924 16.9115 14.5945 16.0312 16.7631 20.5913 18.2483 18.1659 14.9332 17.7200 13.1149 17.0880 12.9228 16.2481 22.5389 17.8606 17.2047 20.5426 15.5563 15.1658 20.5913 29.4788 25.5539 22.6936 22.5167 24.6577 26.4386 25.7294 23.3238 22.3607 23.7908 25.4362 21.6102 23.1948 25.9808 19.7484 22.7156 20.6155 25.4558 24.4949 24.6374 25.1992 25.5147 21.8174 24.0208 23.1733 22.6936 27.1662 25.4558 28.8097 25.0799
12.7279 19.6469 14.5602 0.0000 12.2474 13.0384 17.8885 12.2066 18.9209 12.4900 16.6132 12.4900 15.8114 13.6382 11.8322 12.4097 16.7929 16.5529 14.2829 17.6635 11.8743 16.6733 16.7332 15.8114 18.1659 15.9374 14.3527 17.5214 12.4900 14.0000 28.3019 29.1719 25.3772 26.5895 27.6948 30.1496 25.0799 25.0599 27.1293 25.7294 29.2062 32.9090 27.5318 25.9615 25.0200 26.1916 26.1343 24.6577 30.5614 27.5500 25.5930 25.2190 25.9615 27.2029 25.6905 27.1109 28.5132 27.4408 29.2233 24.0000 13.3417 17.4356 18.8149 15.0333 13.8203 12.8062 13.1909 17.3781 14.8324 14.5602 15.1327 12.3288 14.5602 13.7840 14.6287 17.7200 12.4900 14.6287 14.4914 13.6382 16.8523 15.1327 16.7332 16.3401 12.4900 12.7279 16.0000 15.6844 13.1909 13.7840 15.0000 16.9706 14.6969 17.0000 16.8523 14.3875 15.6525 14.0357 15.4596 13.0000 16.2481 16.6433 13.0767 15.1327 18.1659 16.0312 16.3707 15.8430 16.9115 12.4097 18.7083 12.6886 16.9706 19.0263 17.8606 15.0333 22.7596 14.4222 12.4097 21.3542 28.0535 28.3725 24.6374 22.4277 27.4226 22.8692 26.4197 24.1661 24.1247 25.2982 27.2947 22.8254 24.1661 27.2213 20.6398 22.2711 23.1733 24.0832 25.9615 23.3880 26.8142 27.3313 22.6716 26.1725 24.9199 22.4277 26.6458 23.4094 29.5296 24.1454
11.7473 20.7846 11.8322 12.2474 0.0000 13.1149 14.9666 15.8430 16.4924 16.1864 14.4914 12.4900 12.6491 11.0454 15.4919 12.1655 14.4914 11.2250 14.4222 14.7648 10.8167 13.9284 18.9737 16.1864 15.3623 16.1245 14.2127 15.3948 13.4907 12.6491 27.5500 27.4773 23.6643 24.8395 24.7588 30.1496 23.0000 21.9089 25.9230 23.7487 27.4408 32.5730 24.7790 24.5357 24.4131 24.1247 25.6710 23.4094 27.7849 25.3969 24.2693 24.4949 23.8328 26.4575 26.1151 25.5147 25.2784 26.4764 27.2764 23.2809 16.2481 14.6287 14.1421 15.4272 12.6886 11.3137 13.0384 15.1658 11.8322 11.9164 13.6015 8.0000 12.0000 15.5563 13.7840 13.7840 14.4222 9.8995 12.0000 13.3417 18.9737 9.5394 12.1655 11.8743 14.7648 14.4914 12.1655 16.1245 14.2829 11.4018 15.1327 16.6132 13.3417 16.0935 16.9706 13.9642 15.3297 15.0665 20.5670 11.7898 16.7929 11.0000 15.4596 16.7631 20.0000 14.5258 17.0880 15.1987 12.0000 9.8995 16.3095 14.7309 17.4356 18.3303 15.3948 15.0997 20.5426 13.7113 14.6287 20.0499 27.9464 24.6779 22.1585 20.3224 25.2982 25.0799 25.0200 23.3666 22.7596 22.5832 25.0400 21.2838 22.7156 25.2784 19.1833 21.9089 21.5174 23.5797 25.2190 24.1454 25.3969 25.2784 20.1494 23.6854 22.6936 21.4709 26.8328 23.1084 27.4226 23.6854
16.3707 18.4932 12.2474 13.0384 13.1149 0.0000 15.6205 10.5357 14.5602 14.6287 13.9284 14.6969 14.5602 13.2665 12.8062 9.8995 18.1108 16.4317 11.1355 19.6469 11.6190 14.3527 20.2485 15.3623 17.2047 21.1660 12.8841 17.9722 11.3137 13.8564 26.9258 26.9258 23.7908 26.2107 26.2869 27.2947 23.8537 23.2809 25.9615 23.0651 28.0179 29.3087 25.1794 22.7596 23.4521 23.7065 24.8395 24.1247 28.2489 26.0576 24.1454 24.8596 23.8328 26.2298 24.7790 24.4336 27.6586 25.7099 27.2029 23.7908 17.9444 15.2971 16.5529 12.5698 11.1803 14.2127 17.3781 17.2047 12.6491 13.8564 14.6629 15.2971 18.6548 15.2971 17.1464 18.1659 15.8114 13.4907 15.8114 13.3417 17.8885 17.8606 15.8114 17.6918 12.3288 14.1421 13.3417 14.5602 13.1909 14.2829 14.2478 17.6068 14.4914 15.1987 19.1833 13.1529 15.0665 14.7986 16.5831 14.1774 17.2627 16.1555 14.4568 14.3875 19.4936 16.6433 16.0624 14.3875 18.3848 12.9615 15.6844 12.5300 16.6733 23.1084 16.4012 15.8114 21.1660 15.8114 15.8745 20.7846 26.9629 25.7876 22.3383 21.3307 26.2298 23.8537 24.5764 21.7715 21.9545 23.7487 23.8118 20.2237 22.7156 25.8263 18.4932 21.9089 20.1742 23.7487 23.2809 22.7376 24.8395 23.5584 21.9089 23.4734 22.3383 20.5183 25.2587 23.7487 28.3549 23.6432
15.8114 16.3095 16.2481 17.8885 14.9666 15.6205 0.0000 17.9722 15.9374 21.0713 13.2665 13.5647 11.3137 14.7648 16.0000 14.3527 15.1658 15.3623 14.0000 18.2757 14.4568 16.8523 18.6011 11.4018 12.3288 18.7083 14.6287 17.4642 14.3527 14.2829 25.7099 26.5895 25.2982 27.4773 23.0000 29.5804 23.7276 23.7487 24.3721 21.9089 26.1343 31.7962 24.3311 22.7596 23.4947 23.7065 21.7486 23.7065 26.0000 22.2486 24.3105 24.5764 24.3311 25.8070 26.0768 25.8650 25.5930 25.0000 25.9230 24.9800 15.4919 20.0000 16.4317 14.7648 9.8489 13.1909 16.3095 15.0997 14.0000 12.0000 13.4536 14.1421 15.9374 17.6068 15.6205 20.5426 14.6969 14.4914 16.3707 16.7929 22.3159 15.5885 14.2127 16.2173 16.7332 16.8523 16.7929 19.3391 14.8324 18.7617 17.0000 18.7083 18.1108 15.9687 18.6011 15.9060 16.5227 17.6352 19.3132 13.8203 16.1864 14.7309 16.3401 17.2337 19.4936 16.5227 16.3095 15.0000 16.9115 14.0000 18.8680 17.9722 19.5959 23.4094 18.8944 14.9666 16.2481 13.7840 17.0294 17.3781 28.4077 24.7992 20.5670 21.3776 25.0998 26.1343 26.2679 23.7065 24.0416 24.8596 24.4745 22.4277 23.4094 26.5895 21.3542 23.0217 21.0476 26.8328 25.4558 25.3969 24.1039 25.7876 22.0907 22.8692 22.7376 24.0624 26.1534 25.8070 26.2298 23.4734
16.7033 18.8944 16.3401 12.2066 15.8430 10.5357 17.9722 0.0000 18.7883 12.7671 17.2337 15.1987 17.8606 14.5945 10.1489 12.7671 17.9165 19.5704 14.5945 21.6564 12.6491 16.9411 17.0000 17.8045 19.4165 20.8567 14.1774 15.0997 13.2288 16.7033 25.4558 26.1151 23.6432 24.8193 26.9815 25.8844 24.4949 24.2281 25.7488 22.9565 27.1293 27.7489 25.1595 22.7376 21.5639 24.2281 24.6171 24.4336 27.4408 25.7682 23.6643 23.9374 23.5160 24.5561 22.6053 23.7908 28.3549 23.9583 27.1109 23.0868 16.8819 16.8819 17.9165 16.5227 11.5758 15.2643 16.1555 16.0935 15.6525 14.5945 17.5499 16.6433 18.8944 14.7986 15.0665 18.0831 17.4069 18.1384 16.7033 15.0000 15.1987 19.4422 17.2916 17.0294 13.0000 15.9687 16.7631 12.3693 17.7482 16.0935 17.4929 16.7033 15.9687 16.6733 18.2483 15.1658 13.8564 18.3848 15.9374 15.8745 18.6815 19.4936 16.9115 14.2127 17.4069 19.0263 17.5214 16.0624 20.3224 16.0935 19.7737 16.3707 18.1934 25.2389 18.7617 18.8944 22.2935 19.3132 17.4642 20.1246 24.8998 26.2298 23.2809 20.4450 26.6271 20.6882 23.1301 20.1246 20.8087 22.4722 23.5797 19.5959 22.0681 24.8596 20.6155 20.4206 21.1660 22.2486 22.2486 22.9347 24.2487 25.2190 22.4277 23.7908 23.1517 18.5472 22.8692 23.1733 27.4044 23.9583
14.4914 15.6844 18.5472 18.9209 16.4924 14.5602 15.9374 18.7883 0.0000 20.0499 13.7840 12.8062 15.0997 14.6969 17.8885 14.0712 17.7200 14.7648 10.2956 12.8062 12.2066 14.4914 20.2978 15.1658 16.5529 16.6132 14.3527 19.2614 12.4097 13.4164 29.0000 27.4408 24.3721 27.5500 26.0576 29.2404 25.1992 24.2487 27.8209 25.5343 29.0689 30.9354 26.0384 26.0384 25.5343 26.8701 27.5862 25.4951 27.7128 26.5895 27.5136 26.5707 26.9444 27.8568 28.0000 25.5539 30.3150 27.6586 28.7054 26.9072 17.0294 12.2474 16.7332 13.8564 15.3948 15.2315 18.1108 17.8326 11.8322 15.6844 16.0935 16.8523 21.5870 15.2971 19.2354 16.5529 15.0997 16.0000 16.3707 11.4891 19.0788 18.5742 13.3417 15.1327 15.9374 14.1421 13.4907 17.0294 12.3288 16.6132 16.4012 18.9209 16.9706 17.6352 17.4929 20.0250 16.5227 17.5784 20.1742 17.6352 20.4939 14.4568 17.5784 19.0000 21.6333 15.9687 19.5959 19.4679 17.1464 15.7480 17.9444 18.1934 18.2209 25.7682 20.2237 15.6205 21.9545 17.8885 18.9209 23.1517 27.4044 26.3629 21.8861 23.5584 26.4197 26.0960 25.0599 24.9399 26.3818 24.8998 25.2784 23.8537 23.9583 24.3516 20.5426 24.0832 23.5584 26.3439 26.7955 25.9808 26.6646 25.3180 21.9089 25.9037 23.0434 24.0624 26.1916 25.0998 27.4955 25.5539
17.0294 23.6643 15.9374 12.4900 16.1864 14.6287 21.0713 12.7671 20.0499 0.0000 16.3707 16.6733 19.4936 15.2315 15.8114 15.0997 22.2261 18.9209 15.2971 20.7846 15.6525 16.0624 17.2047 19.1311 18.7083 20.7846 17.3205 17.2916 15.7480 16.6132 28.4781 27.1846 24.5764 25.3574 27.7308 27.7669 24.9199 23.5797 26.1151 25.2982 27.6225 28.4781 25.6125 23.6220 23.1084 25.6905 25.2784 22.6274 29.6311 27.1477 23.3880 23.8328 24.5357 25.5343 23.4521 24.6374 28.9310 25.1197 27.4955 22.8910 21.0238 17.0294 21.1660 16.1864 16.1555 17.4356 18.1108 18.8149 17.0294 14.8997 19.7231 17.7200 18.2757 15.7480 17.1464 19.1311 16.6132 16.6132 19.5959 17.6068 18.3848 18.6279 18.7083 19.9249 15.9374 16.7332 16.8523 13.3417 16.1245 17.6635 18.1384 18.7617 18.0000 19.9750 20.1990 15.7162 13.6015 18.7350 17.5214 17.2337 19.7990 18.3030 16.2173 14.7986 20.2978 18.0278 17.0880 17.8045 19.7484 15.4919 17.2627 14.1067 18.8680 20.5913 19.4679 19.1311 24.2074 18.0000 16.1864 23.8328 25.2784 27.2213 24.3516 20.8567 28.1780 22.0227 24.7386 22.3607 24.6171 22.4499 25.1992 21.2368 23.0217 25.7876 18.8680 21.3073 22.1133 20.0000 23.7487 23.5584 25.8650 24.8395 22.0454 24.5153 24.3926 19.6723 24.9399 23.0217 29.3598 24.7992
15.7480 16.4317 16.0000 16.6132 14.4914 13.9284 13.2665 17.2337 13.7840 16.3707 0.0000 12.9615 14.0712 11.3137 16.4317 11.5758 19.3391 14.6287 8.7178 14.7648 13.8203 10.0000 17.2047 10.7703 10.4881 16.0624 9.8995 15.0000 9.2736 14.4222 27.7669 27.1109 24.8193 27.1477 22.1585 30.8058 22.2935 24.0416 25.4951 21.4942 25.7488 30.5778 24.6982 23.2809 25.4165 25.4165 23.9792 23.8328 27.3130 24.9199 24.7588 25.2587 26.1534 26.8328 27.7128 25.4362 24.9600 25.9037 25.3772 24.6982 19.2354 15.6844 15.3623 11.1355 11.9583 13.1149 15.8745 16.6733 12.8062 10.3923 13.2288 15.9374 18.1659 13.7840 14.0000 15.8114 12.9615 13.2665 16.4317 15.4919 19.5959 15.7797 15.2971 14.7309 13.1909 12.3288 14.6969 14.6287 13.1149 16.3707 17.6918 19.2873 17.8885 17.0587 18.7083 14.3875 14.3178 16.5831 18.0831 15.3297 17.5499 12.5300 13.6748 16.8819 17.2627 11.8743 16.3707 14.0357 15.8745 13.4164 17.3205 16.4012 18.5472 22.8910 20.6155 14.6969 18.7617 14.6287 15.0333 19.9499 28.1957 23.5584 19.8746 21.0000 24.9800 26.2107 24.5357 25.2190 25.9230 23.7908 25.6710 22.2486 22.4944 25.7488 19.7484 23.5372 21.7486 24.7386 25.8844 26.7021 23.4307 24.6779 20.4450 22.8692 21.7025 23.3452 27.1293 26.5707 28.7054 21.7025
10.8628 14.3527 15.3623 12.4900 12.4900 14.6969 13.5647 15.1987 12.8062 16.6733 12.9615 0.0000 10.8628 10.0995 11.8322 12.8841 15.3623 14.2829 10.1980 13.5647 10.9087 12.5698 15.4919 12.1655 13.4164 12.8841 11.2250 14.7309 8.4853 11.8322 29.3087 28.8964 26.5707 27.9464 25.5930 31.8904 25.0000 25.0200 28.2843 25.0599 29.4109 33.2114 27.6043 26.7582 26.0384 27.0185 26.3249 25.9615 29.4958 26.8514 27.2213 26.8701 26.6833 28.5657 27.6767 27.7669 28.6531 28.0891 28.9137 26.3059 11.2250 13.6382 15.2971 14.4914 10.9087 9.5917 14.0000 12.8062 13.4164 12.0000 13.8924 13.5647 16.8523 14.0712 14.0712 14.1421 10.4881 12.1655 12.4900 11.2250 14.4222 15.1327 12.8062 11.1803 13.4164 11.3137 15.1658 15.9374 10.4881 13.3417 15.1327 16.2481 14.0712 16.1555 16.2481 16.4012 14.1774 12.6095 16.5831 12.8452 14.9666 14.0357 14.0357 15.9060 16.6132 12.6095 17.2047 15.1987 15.9374 12.7279 17.3205 15.2643 16.3095 22.8910 17.0587 14.0712 19.5448 14.5602 12.6491 18.4932 29.0000 27.4408 22.6053 22.8254 26.6458 25.3574 25.5734 25.2982 24.1247 25.6125 27.5862 23.7276 24.3721 26.5141 21.0713 23.5797 24.2281 26.9815 26.7208 26.0960 26.1343 27.6225 22.8473 25.6320 24.8395 24.5967 27.9285 26.2679 28.0713 25.5930
16.1245 15.5563 15.3623 15.8114 12.6491 14.5602 11.3137 17.8606 15.0997 19.4936 14.0712 10.8628 0.0000 10.0000 13.1909 13.8564 16.0000 14.3527 11.6619 17.7764 12.8452 16.6733 16.7929 12.4097 13.9284 18.1659 12.8062 19.1050 11.8322 12.3288 28.7576 27.4773 26.0384 29.3428 24.7184 31.2250 24.8395 23.0651 26.4953 25.5343 29.7153 32.6956 25.7682 24.8998 25.4951 25.3377 24.5967 24.5764 27.7128 25.3180 25.8263 26.2298 25.5343 28.5657 27.8568 27.4773 28.5832 27.8388 27.8927 26.0384 15.2971 17.2627 19.4422 12.8062 11.7047 14.0000 15.8745 14.8324 12.4900 13.1909 11.3578 12.1655 17.2627 15.5563 17.3781 19.1833 9.8995 12.4097 14.8997 12.8062 17.4929 15.1987 12.3288 14.3875 16.8523 14.6969 16.2481 18.0555 11.1355 15.8745 17.1172 18.8680 16.1245 16.7033 20.5913 18.1934 17.2337 15.9687 20.4695 12.2882 14.6969 13.0000 14.5945 16.3401 19.8494 15.1327 18.2209 17.1172 16.8523 12.6491 16.5529 16.4621 18.6548 22.9783 17.0587 13.1909 19.6977 13.1909 14.6287 18.8149 28.3019 25.9808 22.4722 22.5167 24.9399 26.3629 26.0000 25.7294 24.0832 25.7682 25.6710 24.2693 23.7487 26.6271 19.6977 23.2809 23.5584 27.0555 25.7294 26.5141 25.1595 24.2693 21.9089 23.6008 23.0000 25.0000 27.6043 26.4953 27.0924 25.5930
15.0997 15.2315 16.2481 13.6382 11.0454 13.2665 14.7648 14.5945 14.6969 15.2315 11.3137 10.0995 10.0000 0.0000 11.5758 12.7279 16.0000 13.4907 10.0000 15.4919 11.7898 13.1149 15.8745 13.6382 13.1149 14.6287 8.6023 13.7477 8.4853 12.2474 26.8514 26.1343 23.8328 26.2488 23.1733 29.7153 22.5610 21.7256 25.4951 23.7487 26.7769 29.7825 23.9165 23.0217 23.8747 24.6577 24.3926 23.1517 26.6833 24.7992 23.9792 24.6171 24.2899 26.6458 26.0384 25.1197 27.0000 25.9422 25.8844 23.6643 15.2315 12.9615 15.3623 10.1980 10.3441 13.3417 12.9615 11.7473 11.8322 9.5917 12.4499 10.9545 15.6844 11.5758 12.4900 12.7279 9.5917 11.3137 12.5698 12.0000 14.9666 13.3041 12.8841 11.4455 14.3527 12.4097 14.2127 12.6491 12.0830 12.1655 15.4596 16.5529 14.9666 15.1327 16.7929 15.2643 13.5277 15.1327 17.4642 12.7671 13.8564 11.5326 14.2478 13.5277 15.2315 12.9228 15.8745 14.5945 13.7113 10.7703 14.5602 14.5945 16.7929 20.5913 15.5242 14.0712 18.8680 14.5602 12.7279 17.4929 25.8263 23.9374 21.7945 19.3649 24.6982 24.9600 22.4499 24.1661 23.5372 21.8174 25.0400 21.6102 22.4499 24.6374 19.1311 21.1187 22.2036 23.7487 24.1247 26.1725 23.2164 24.3516 19.8997 21.3776 22.2486 20.9523 26.4953 24.8596 26.4575 23.3024
17.2627 14.6969 17.8885 11.8322 15.4919 12.8062 16.0000 10.1489 17.8885 15.8114 16.4317 11.8322 13.1909 11.5758 0.0000 14.0712 17.5499 18.9737 12.8062 20.8806 13.2288 16.2481 15.8114 16.8523 17.2627 18.4391 11.4018 17.2337 10.7703 16.1864 26.9258 27.1109 25.6905 27.9464 26.7021 28.6531 24.9600 25.8844 27.2029 25.1396 28.6880 30.2820 26.8328 24.2899 24.0416 25.3377 24.5153 25.6515 28.8444 26.9258 24.8395 26.4575 25.8457 27.0924 25.6905 26.7769 28.6880 26.8887 27.4955 24.3721 14.4914 17.2627 20.1494 13.5647 10.6301 14.2829 15.4919 15.0997 16.3095 13.1149 16.2788 15.0997 19.1311 15.1658 15.6205 18.5472 13.4907 17.3205 16.3707 12.9615 14.1421 18.6279 16.1245 16.4621 16.0000 14.5602 18.4391 13.7113 15.5563 17.0880 17.9165 18.0000 16.2481 16.6433 19.3907 17.1756 16.4012 17.2916 16.9411 14.2478 16.3095 18.4662 15.1327 14.1067 16.6733 16.3401 18.1108 16.4621 19.7484 14.8324 20.0499 16.8226 19.5959 25.0998 18.1384 17.6068 22.6274 17.7764 16.1864 18.6548 26.6646 27.4044 24.0624 22.0227 27.2764 23.3452 24.4949 23.2379 22.3607 24.7386 25.7488 22.6936 23.9165 27.1109 21.7256 22.7596 23.7276 25.8844 24.9800 25.0000 23.8537 25.9422 23.3238 25.6320 24.9199 22.7376 26.1151 25.7682 29.2233 24.7184
13.7840 17.9444 14.2829 12.4097 12.1655 9.8995 14.3527 12.7671 14.0712 15.0997 11.5758 12.8841 13.8564 12.7279 14.0712 0.0000 16.6733 15.7480 8.8318 15.4272 9.0000 15.5563 18.4932 13.8564 14.4222 18.0555 11.4891 16.2788 8.9443 9.1652 29.2746 29.4449 25.8457 27.2580 27.0740 30.3809 25.5147 24.8998 27.4226 25.0998 29.5466 32.3883 26.8328 25.5343 25.7294 26.8701 27.1477 25.6125 29.2233 26.7395 26.6646 26.3439 26.1534 28.2135 27.9285 26.5518 28.9310 27.2947 29.0517 26.0000 17.1464 16.8523 16.4317 12.4900 12.3693 13.7840 14.5602 18.5472 11.6619 13.4164 13.8924 14.6969 15.6844 13.1149 16.4317 18.0000 13.3417 13.7840 14.9666 14.1421 16.7332 15.1327 11.7473 15.4596 12.8062 14.2127 14.8324 15.0997 12.6491 14.5602 15.5242 16.6733 14.2829 16.2173 18.7083 15.4596 13.9642 15.7162 19.3649 13.3041 18.7617 13.6748 14.9332 16.8819 19.5959 12.7671 16.7332 15.1327 16.6733 12.5698 17.8885 15.9687 17.2627 22.8910 18.2483 14.8324 21.7715 15.5563 15.0997 21.2603 28.6182 26.9258 22.8692 22.2036 26.7208 25.3574 26.7582 24.4540 25.7682 25.4165 25.8650 22.2486 23.4947 26.2107 20.0998 23.2809 22.6936 25.0998 26.1534 25.6710 27.2947 25.9037 22.0454 25.1992 23.3880 22.2486 26.9072 25.4165 29.4279 24.6374
16.0000 16.9115 19.8494 16.7929 14.4914 18.1108 15.1658 17.9165 17.7200 22.2261 19.3391 15.3623 16.0000 16.0000 17.5499 16.6733 0.0000 16.2481 17.7764 17.5499 13.3041 21.6795 19.2873 17.9444 16.1864 15.6844 15.9374 15.9060 16.2481 15.4272 26.0192 28.2666 23.6643 24.8797 26.7769 30.5450 25.4755 23.7908 24.8193 24.8596 29.6479 35.2562 24.8193 25.6515 24.4131 26.1916 26.5141 24.3721 27.8927 24.4336 26.8887 26.0768 23.8328 27.4591 26.2298 26.7769 28.7924 27.2213 29.3939 24.5764 11.4018 18.9737 15.2971 19.3907 13.3041 15.4272 15.2315 13.9284 11.4891 16.1864 17.9165 13.0384 16.4317 15.8745 15.8745 16.3707 16.7929 16.1864 16.2481 15.7480 19.4422 13.2288 15.5563 14.7309 17.5499 19.1833 18.8149 20.5913 18.7617 16.9115 16.3401 15.8745 19.2354 16.7033 15.2971 18.7350 16.8226 19.1572 22.0227 12.6095 17.9444 14.8661 21.5639 18.1384 20.0499 18.2483 18.1108 18.1934 16.5529 14.8997 19.6977 19.4679 21.5870 21.9545 17.0000 16.1864 20.3961 16.7332 17.5499 19.3907 28.9310 26.7021 22.0227 22.6495 24.9800 24.6779 26.4953 24.5764 23.7908 25.7294 27.1109 22.3383 25.1794 24.9600 22.2711 21.2132 23.7276 25.2190 25.9615 26.0960 26.9629 27.5136 23.2379 24.4336 24.7992 23.0868 25.5734 23.3666 24.1247 25.2784
12.7279 21.8632 17.9444 16.5529 11.2250 16.4317 15.3623 19.5704 14.7648 18.9209 14.6287 14.2829 14.3527 13.4907 18.9737 15.7480 16.2481 0.0000 14.8324 12.9615 11.6190 14.6969 16.8523 15.2971 17.6635 15.2971 16.7332 18.9473 16.0000 15.4272 29.4449 28.5132 25.4951 26.6646 26.1343 30.9031 24.8797 23.9165 26.1151 25.5343 29.1719 34.0147 26.1151 26.5707 25.4558 27.0185 26.6646 23.9165 29.1890 26.3629 26.5141 26.5707 26.0000 27.4955 27.3861 26.6271 28.4429 28.1603 29.3598 24.4949 17.9444 16.1245 16.3707 15.6205 15.5885 14.8324 16.7929 17.6635 12.8062 15.0997 15.5885 12.8841 15.6844 17.3205 17.0294 13.7840 15.6844 12.1655 17.3781 14.8324 23.5797 14.6629 16.0624 15.1987 17.3205 15.1658 13.4164 20.5913 15.2315 13.4907 18.4120 21.7256 19.7990 20.4206 18.9209 17.5214 17.4069 18.5203 21.7945 17.1756 20.8327 13.6748 17.2916 20.3715 23.7065 18.3030 20.4939 19.7231 13.9284 15.1658 16.9115 17.5784 20.6882 21.8174 20.7123 15.8745 22.0907 15.8745 16.8523 24.5357 29.4449 27.0740 23.2164 23.0434 27.2397 25.7488 27.5318 25.8457 26.7582 25.2982 26.5518 24.4336 24.7386 26.2869 20.2978 23.9165 23.2164 24.7790 27.3130 25.2389 27.6586 26.0960 21.5407 25.4362 22.9565 24.5561 27.9285 23.6643 27.9285 25.0400
14.8997 14.2127 15.6205 14.2829 14.4222 11.1355 14.0000 14.5945 10.2956 15.2971 8.7178 10.1980 11.6619 10.0000 12.8062 8.8318 17.7764 14.8324 0.0000 14.7648 10.0499 12.8841 17.2627 12.2474 13.1909 16.0624 9.6954 16.0935 6.0000 10.5830 29.5804 28.4077 25.9230 29.0345 25.8650 30.7083 25.0799 24.5764 27.8209 25.3772 29.1719 31.0966 26.7208 25.1794 26.0768 27.1293 26.5518 25.8070 28.9137 27.1477 26.9258 26.7208 27.2397 28.6356 28.4605 26.8514 29.5804 27.8747 28.6705 26.7582 16.6733 14.6287 16.9115 9.4868 11.2694 13.8564 15.8745 16.7929 11.8322 12.0830 13.6748 15.4919 18.7617 12.8062 16.7332 16.4317 10.5830 13.7840 15.2315 12.3288 15.4272 17.3494 12.8062 14.3875 13.1149 11.1355 14.8324 14.3527 9.2736 14.3527 15.7797 17.7200 14.8997 15.9060 18.7617 16.8819 14.3875 14.8661 17.0587 14.4568 17.1464 13.0767 13.9642 15.7162 17.5499 12.2066 16.7332 15.5242 16.7332 12.8841 16.2481 15.4596 16.4924 24.1661 18.4662 13.9284 20.5426 15.6844 14.0000 20.7364 28.0179 26.5141 22.7816 22.7816 26.6833 26.3629 25.4558 25.6125 26.4197 25.0200 26.3629 23.5160 23.9165 25.9422 20.1990 23.8328 23.5584 25.8070 26.7208 27.1109 25.9808 25.5147 22.1359 24.6374 23.6432 23.3024 27.2397 26.6083 29.2233 24.9199
9.8995 18.8680 21.4476 17.6635 14.7648 19.6469 18.2757 21.6564 12.8062 20.7846 14.7648 13.5647 17.7764 15.4919 20.8806 15.4272 17.5499 12.9615 14.7648 0.0000 13.6748 15.4919 19.0788 15.6844 15.7480 11.3137 15.2971 19.5192 14.8324 13.4907 30.5450 30.4138 26.4575 27.1477 27.1109 32.6956 26.8887 26.2298 28.8444 27.0555 29.3428 35.3977 27.6767 28.7402 27.7849 29.5296 29.5804 26.4197 30.3974 27.8747 28.4781 27.8209 28.8444 28.9137 30.0000 27.7669 30.2159 28.8617 29.8998 27.0185 17.7764 14.3527 16.4317 16.9115 18.1934 16.0624 14.0712 19.1311 14.4222 16.1245 16.9411 14.9666 17.1464 15.8745 16.9115 15.2971 14.5602 15.0333 17.1464 14.0712 22.3607 14.1774 13.1909 13.9642 17.4356 16.2481 13.7113 19.5959 14.4914 17.3205 18.4120 19.4936 19.2354 21.7945 16.0624 20.2731 17.5784 18.8944 22.4277 18.4120 22.1359 14.7986 17.8045 21.7945 23.0651 14.1774 20.2978 21.0000 14.8997 16.3095 21.2603 20.5670 21.1187 21.7715 22.3383 16.4924 23.8747 17.0880 19.5448 25.4165 29.3428 27.8388 23.8118 23.9792 28.7054 27.0370 27.9643 27.6043 29.4618 26.8328 28.0535 26.0576 25.4951 27.1109 22.5389 25.6515 26.3249 26.6083 29.8329 27.1477 29.3769 28.7924 22.4499 28.3725 25.0400 26.0576 28.7054 25.3377 29.3598 25.5539
10.7238 18.2483 15.3297 11.8743 10.8167 11.6190 14.4568 12.6491 12.2066 15.6525 13.8203 10.9087 12.8452 11.7898 13.2288 9.0000 13.3041 11.6190 10.0499 13.6748 0.0000 15.4596 17.0000 15.0665 16.7631 14.3178 13.2288 15.0333 10.3441 10.3441 28.0713 27.6405 24.2693 25.9230 26.0768 29.1890 25.3772 23.1301 26.9629 24.3926 28.8791 32.0936 26.0960 25.6320 24.0624 26.7021 26.7955 24.5967 27.8388 26.2298 26.0768 25.5539 25.3180 27.1109 26.2869 25.8457 29.1890 26.3818 29.2746 24.6374 14.1067 14.9332 15.6525 13.4536 11.6619 12.2882 13.3041 16.8819 10.0499 12.8452 14.4222 12.2066 15.3297 12.7671 15.9687 14.3875 13.2288 13.7477 13.8924 11.5326 17.0587 14.8997 12.2882 12.4097 13.6748 12.1244 13.8203 15.4596 12.6095 11.7898 15.6205 16.8819 14.0357 16.2481 16.2788 16.5529 14.2829 15.8745 19.0788 13.2665 18.7350 12.9615 16.2481 17.7764 19.4679 14.8324 18.2483 16.6132 13.6015 12.4499 17.7482 16.1864 17.5784 22.9129 18.3303 15.0000 22.2935 15.4596 15.2643 22.0227 27.2029 26.4575 22.0000 21.5407 25.8650 23.1948 25.1197 23.5584 24.2693 23.9792 24.9800 21.4476 22.6053 24.0416 19.5192 22.2486 22.4499 23.2164 25.9037 25.0599 26.6458 25.3377 21.1896 24.9399 22.9783 21.3073 25.3180 23.1301 27.0000 24.4949
14.7648 19.2354 15.6844 16.6733 13.9284 14.3527 16.8523 16.9411 14.4914 16.0624 10.0000 12.5698 16.6733 13.1149 16.2481 15.5563 21.6795 14.6969 12.8841 15.4919 15.4596 0.0000 18.5472 15.0997 15.2971 16.8523 13.2665 16.6433 12.4900 17.8326 28.3019 27.0370 24.7386 26.4764 23.3024 30.0832 22.3383 25.3772 27.2764 21.9089 25.8263 30.1164 25.8844 24.8596 25.4165 25.1794 24.6779 24.8998 28.2135 26.7021 24.3926 25.8070 26.5330 26.1916 27.0555 25.3180 24.4336 26.2107 25.4951 23.9165 19.6977 11.4891 15.2971 15.2971 13.8924 12.0000 16.7929 16.6132 16.3707 12.0000 15.6525 16.6733 19.7990 17.3205 14.6287 13.6382 16.3095 13.7113 16.5529 14.6287 20.9284 17.9722 17.2627 14.9332 14.1421 11.7473 13.2665 14.3527 14.9666 15.4919 18.8414 20.4450 17.9444 19.2094 19.0788 14.5945 16.5831 16.7631 18.1384 17.9722 19.4422 16.0935 14.3875 18.1934 19.1833 14.7986 18.7617 15.9687 17.2047 15.5563 18.8680 16.2173 19.2873 24.2074 21.1424 18.0555 21.3542 16.9115 17.3781 21.8174 28.2312 24.5153 21.0950 21.6102 26.9072 25.3969 24.0416 24.2487 24.2899 23.3238 25.7099 22.3830 22.7156 26.1725 20.1494 24.7790 22.6495 25.0599 26.3818 25.0000 23.6008 25.3180 21.4476 25.3574 22.8254 24.0624 27.1662 25.8457 29.9333 22.4722
17.6068 18.3303 22.3607 16.7332 18.9737 20.2485 18.6011 17.0000 20.2978 17.2047 17.2047 15.4919 16.7929 15.8745 15.8114 18.4932 19.2873 16.8523 17.2627 19.0788 17.0000 18.5472 0.0000 14.8324 18.0555 17.9444 15.9374 19.7231 17.0294 20.0499 28.0179 26.8142 26.1916 26.9258 26.5518 29.2404 24.6779 26.1916 24.0000 25.6515 28.8617 31.5436 25.6905 25.3772 23.8747 26.4197 24.6779 23.2379 28.8791 25.4755 25.5539 25.5343 25.9230 26.1916 25.0200 25.9808 29.3769 27.1109 27.5681 24.1247 18.2757 19.5959 23.1084 17.9444 17.3494 18.0555 17.3781 17.2047 16.9706 17.2047 17.4642 17.8885 20.7846 15.2315 16.1864 19.4422 14.7648 19.6469 21.4476 16.2481 18.6548 19.0526 18.8680 17.8606 17.3205 18.4391 19.5448 18.9209 18.9209 20.9284 22.6936 22.4499 23.0217 22.5610 21.1187 20.4695 16.4621 23.0868 20.5670 18.7350 21.1660 19.9750 16.4621 18.0278 21.9545 20.0749 22.0454 22.5167 21.8632 19.8494 22.0000 20.8087 23.4094 26.0000 24.7588 17.4356 23.4947 19.3391 18.4391 23.3238 26.8514 27.8029 23.7697 23.2594 26.0384 21.7025 26.5707 24.7790 25.8070 26.4575 26.2869 25.4362 23.7908 26.7021 21.8632 21.8632 24.4745 25.0200 24.5764 24.3926 25.3574 25.7488 21.9545 25.7876 22.2036 25.0799 25.2982 24.5764 27.5681 24.7588
14.4222 14.4222 16.9115 15.8114 16.1864 15.3623 11.4018 17.8045 15.1658 19.1311 10.7703 12.1655 12.4097 13.6382 16.8523 13.8564 17.9444 15.2971 12.2474 15.6844 15.0665 15.0997 14.8324 0.0000 13.1909 17.3781 11.8322 18.6279 12.0000 14.4222 27.2213 27.5136 25.7682 27.7669 23.2594 30.6757 23.1733 23.5797 24.4949 22.3607 27.0370 31.6386 25.1794 23.6220 24.6577 24.6982 23.1733 23.5372 27.6767 23.5584 25.6320 24.4540 25.5343 26.3439 26.3818 25.7099 27.0000 25.9422 26.1534 25.4165 15.2971 18.0000 16.7332 13.1149 12.9228 12.9615 15.9374 15.1658 12.8841 14.2127 10.1489 15.3623 17.6068 14.2829 14.1421 19.3907 11.5758 14.0000 15.4919 15.0333 19.5959 16.4012 15.8745 15.3948 11.4891 14.2829 14.3527 18.6548 11.7473 17.3205 16.2173 18.7617 17.8326 16.5227 17.4929 15.0000 15.0665 15.0000 15.0665 14.8661 14.8324 15.6525 11.1803 16.0935 18.0000 15.3948 15.9374 15.7162 17.8885 14.5602 17.5499 15.9060 16.5529 22.4054 20.2731 10.2956 15.4919 12.7279 13.6382 18.4932 28.1603 25.2784 21.0950 22.2036 24.3311 25.1595 25.8457 25.1396 24.8193 25.8844 25.9422 23.8118 23.0651 26.8514 20.2978 22.4944 21.4243 26.6458 24.6577 24.5561 24.7992 25.7099 21.3542 22.2486 21.0476 24.6779 26.5330 25.6515 26.4197 22.7816
16.7332 14.6287 18.0000 18.1659 15.3623 17.2047 12.3288 19.4165 16.5529 18.7083 10.4881 13.4164 13.9284 13.1149 17.2627 14.4222 16.1864 17.6635 13.1909 15.7480 16.7631 15.2971 18.0555 13.1909 0.0000 16.7332 11.1355 15.9060 12.4900 13.7840 27.2580 27.9821 25.5343 26.8142 23.8956 31.6702 23.8537 24.6577 24.7386 23.1084 26.8142 33.0908 24.2899 23.3238 25.5343 25.4558 23.8118 23.7065 28.4253 24.0208 24.6374 26.0384 25.0200 27.6043 27.6043 26.5518 25.7099 26.3249 25.4951 24.7790 18.1108 17.6068 16.3707 15.0333 11.8743 15.4272 15.7480 14.2829 13.9284 10.9545 16.4621 15.8745 17.2627 15.5563 14.2829 18.3848 13.0384 12.4900 18.2209 16.7929 19.6977 12.6886 13.6382 16.5831 17.2047 18.1659 17.4929 17.4929 14.6969 20.1990 16.9411 17.0880 19.4422 18.1934 18.4932 15.9687 14.3178 17.7482 20.5183 12.9228 16.1245 13.2288 16.9411 15.5885 18.3848 10.7238 14.6287 14.7986 17.6635 13.3417 17.8326 17.9165 21.4009 20.2978 17.6352 15.5563 18.4932 13.7113 16.6733 18.1108 28.8271 24.8395 20.3715 21.3307 25.9230 27.0000 26.3059 25.2587 25.6905 25.4951 26.5518 22.8254 24.4540 27.4408 20.7846 23.0651 23.3452 25.9230 26.0000 26.8142 24.3926 26.0576 22.1811 23.6432 24.3516 24.5153 27.7489 26.7955 27.8568 23.4734
14.0712 17.8885 21.8632 15.9374 16.1245 21.1660 18.7083 20.8567 16.6132 20.7846 16.0624 12.8841 18.1659 14.6287 18.4391 18.0555 15.6844 15.2971 16.0624 11.3137 14.3178 16.8523 17.9444 17.3781 16.7332 0.0000 15.0997 16.5227 14.4914 17.0880 30.4138 30.6431 27.3496 28.7228 26.2107 34.4238 26.7021 27.8209 29.6311 26.9815 29.6479 36.3456 28.9137 29.6311 28.6356 30.4631 29.6142 27.5681 30.8221 28.8964 29.1376 28.5657 30.0000 30.4302 30.6268 29.8161 29.8496 30.3150 30.8221 27.7489 14.2127 16.7332 17.4356 17.7764 17.0587 15.7480 13.2665 17.5499 16.3095 15.3623 17.7482 14.7648 18.9737 14.1421 14.8324 12.8841 13.3417 17.4356 16.4924 15.6205 20.8806 15.7797 17.8885 12.8452 17.1464 13.8564 18.9209 19.1311 16.4317 16.3707 20.3224 20.9762 20.4939 21.1424 15.8745 20.7123 19.1050 19.9249 21.2368 17.9722 20.5426 15.9687 19.5192 21.3307 19.3907 16.3401 21.4942 20.6155 15.1658 17.1464 23.0217 20.6640 22.5832 23.1948 23.4307 18.3303 23.9583 18.4391 17.7764 23.8328 30.8707 28.6182 24.7184 25.0400 28.2135 27.8029 27.7849 29.2916 29.6311 27.2029 30.7083 26.5895 27.0924 28.0891 25.2190 26.0768 27.6948 27.6405 31.0483 30.0167 28.4781 31.0322 24.0416 28.7576 27.0000 27.0370 29.9333 27.4226 29.8998 25.8650
15.9374 10.5830 18.4391 14.3527 14.2127 12.8841 14.6287 14.1774 14.3527 17.3205 9.8995 11.2250 12.8062 8.6023 11.4018 11.4891 15.9374 16.7332 9.6954 15.2971 13.2288 13.2665 15.9374 11.8322 11.1355 15.0997 0.0000 15.2643 6.1644 13.5647 26.5518 27.3679 24.7386 26.8142 23.9374 30.3809 23.1301 24.3311 25.7682 22.8910 27.1109 31.1288 25.0200 23.1517 24.8193 25.4165 24.5967 24.4540 28.0000 25.2784 24.9600 26.1534 25.5734 27.1293 26.9815 25.7099 26.9629 26.1725 25.5734 24.2899 15.0333 14.5602 14.7648 10.3923 10.0499 13.4907 13.8564 13.1149 12.2474 11.5758 13.0767 14.3527 17.7200 11.8322 11.8322 15.0333 11.4018 13.8564 14.2127 13.0384 15.1658 14.6629 14.1421 13.5277 12.8841 13.6382 14.8324 13.5647 13.7840 15.6844 15.9060 16.0624 16.7332 15.5885 16.2481 15.0665 14.3178 15.3297 16.5227 13.0767 14.8997 14.6629 13.7477 13.8924 14.6287 11.2694 15.0997 14.0357 16.9115 12.9615 17.5499 16.5227 18.1659 22.3159 17.2916 13.4907 18.5472 14.9666 14.4914 17.0294 27.0000 24.4336 21.1896 20.8087 25.2587 25.0400 23.7065 24.7790 23.9583 24.2899 26.0960 22.1133 23.1517 26.4386 20.4939 22.4499 22.9129 25.3377 25.0599 26.0192 23.5584 25.3574 21.4942 22.6936 22.6936 22.6495 26.6083 25.9230 27.5681 22.2935
17.4069 19.8242 17.5214 17.5214 15.3948 17.9722 17.4642 15.0997 19.2614 17.2916 15.0000 14.7309 19.1050 13.7477 17.2337 16.2788 15.9060 18.9473 16.0935 19.5192 15.0333 16.6433 19.7231 18.6279 15.9060 16.5227 15.2643 0.0000 14.4568 17.5784 25.2190 26.0384 23.0000 23.7487 22.2711 29.7993 21.8174 22.1133 25.2784 20.7123 24.6577 29.6648 23.3880 23.3024 23.3024 24.9199 24.7386 23.7697 25.1992 23.7908 24.6577 23.5160 23.2164 25.5147 25.0400 24.4131 24.7386 24.2899 26.2488 23.8956 17.0587 17.0587 12.5300 19.1050 12.3288 14.1067 15.3948 12.8452 15.5242 11.7047 18.4391 16.2173 17.6918 14.5945 11.3578 12.4499 18.0831 17.2916 14.2478 18.5203 16.7033 16.1245 17.8606 12.3288 14.6629 16.2173 18.8414 13.7477 19.6214 14.9332 17.4929 15.5242 16.7631 14.5602 15.1987 15.2971 12.2474 18.4932 18.7617 15.0333 17.0587 14.2829 20.4939 16.3095 12.8452 16.6733 17.0000 13.6382 15.2643 14.5945 18.8414 18.0000 17.9722 23.5584 18.3848 19.0526 18.0831 19.1572 15.9687 16.4012 26.9444 22.8473 20.6882 19.3907 23.9374 24.9800 21.5174 22.9129 22.8254 20.0749 26.1151 18.9209 22.6495 22.5832 22.2935 20.3715 21.8632 22.5167 24.3105 28.0713 23.0651 27.3496 21.4243 21.3073 24.0000 19.1311 25.2784 25.6320 24.9199 23.0217
14.3527 12.5698 15.8745 12.4900 13.4907 11.3137 14.3527 13.2288 12.4097 15.7480 9.2736 8.4853 11.8322 8.4853 10.7703 8.9443 16.2481 16.0000 6.0000 14.8324 10.3441 12.4900 17.0294 12.0000 12.4900 14.4914 6.1644 14.4568 0.0000 10.9545 28.5482 28.5482 25.5734 27.8029 25.0000 31.2250 24.4336 24.8193 27.7128 24.0832 28.7924 31.8277 26.7582 25.1396 25.9615 26.8328 26.1343 25.8457 28.8444 26.7395 26.5518 26.7955 26.6458 28.4253 28.1425 26.8887 28.2666 27.3679 27.8568 25.8070 14.0000 13.8564 14.9666 10.4881 9.8489 11.5758 13.8564 14.6287 11.9164 11.2250 12.8452 14.6287 17.6635 11.4018 14.1421 14.6287 10.2956 12.8841 13.1149 11.8322 13.7840 15.9060 13.2665 12.7671 11.8322 10.2956 15.3623 13.1909 10.7703 13.4164 15.1327 15.9374 14.4222 14.8661 16.9115 15.2643 13.9642 13.2288 16.2173 12.6095 15.2315 13.4536 13.6748 15.0000 14.8324 10.5357 15.7480 13.2288 16.1245 12.0830 16.9706 15.1327 16.4924 23.3238 17.2337 13.7840 19.7990 14.7648 12.7279 18.2757 28.2312 25.9808 21.7486 21.8861 25.8844 25.4362 24.5764 25.3377 24.6577 24.9399 26.8514 22.4277 23.5372 26.0576 20.1494 23.3238 23.3880 25.8457 26.1151 26.8142 25.0400 26.0192 22.1811 24.2693 23.7697 23.1301 27.3496 26.5330 28.6007 23.8537
12.2474 17.7764 16.1245 14.0000 12.6491 13.8564 14.2829 16.7033 13.4164 16.6132 14.4222 11.8322 12.3288 12.2474 16.1864 9.1652 15.4272 15.4272 10.5830 13.4907 10.3441 17.8326 20.0499 14.4222 13.7840 17.0880 13.5647 17.5784 10.9545 0.0000 29.4788 29.5466 25.9230 27.3313 27.3313 31.0644 27.0370 22.8910 27.9285 26.7955 30.0167 33.2716 26.5330 25.8457 25.6515 27.6043 27.3679 25.1396 29.1890 26.1343 26.8142 26.2679 25.6125 28.4253 28.0000 26.8887 30.9677 27.0000 29.6311 26.4575 15.4272 16.0000 16.4924 13.1149 13.2288 14.8324 14.0000 16.6733 12.0000 13.5647 14.5945 13.3417 13.3417 13.9284 17.4929 18.7083 11.4891 11.4018 14.0712 14.0000 17.8326 13.6748 9.0554 15.2643 15.9374 15.8114 14.4914 17.0294 9.4868 14.9666 13.0767 14.1421 13.8564 16.4621 16.7929 17.1756 14.0357 13.9642 19.7231 12.3693 16.6132 12.4499 16.2173 16.5227 19.8494 12.1244 14.7648 15.6525 14.6969 11.0454 15.7480 15.6525 16.2481 19.5959 14.7309 13.7113 20.6882 13.3417 14.7648 20.7364 27.6586 27.2947 23.4734 21.9317 27.4591 26.1343 26.9072 25.2190 26.3818 25.2587 26.0576 22.8692 24.3721 26.2869 19.3391 23.0217 23.8537 24.9399 26.6833 26.4764 28.4429 26.3249 22.6716 24.8797 25.1595 22.6495 27.2397 25.0599 27.3496 26.1725
28.0535 26.8514 28.8617 28.3019 27.5500 26.9258 25.7099 25.4558 29.0000 28.4781 27.7669 29.3087 28.7576 26.8514 26.9258 29.2746 26.0192 29.4449 29.5804 30.5450 28.0713 28.3019 28.0179 27.2213 27.2580 30.4138 26.5518 25.2190 28.5482 29.4788 0.0000 10.4881 11.1803 13.3417 15.6205 13.2665 14.1421 16.1555 11.7047 12.6095 10.8628 18.0000 9.9499 10.1489 9.8489 10.6301 11.6619 12.9228 12.5300 9.8995 10.4881 11.6190 11.9583 9.0000 11.1803 10.5830 16.9706 10.0995 10.8167 12.5300 26.7021 26.1343 26.3629 26.8142 24.6982 25.4362 23.0434 22.6936 25.0799 21.9773 24.5357 23.7276 25.4755 24.3105 21.8403 28.8617 28.4781 28.0179 25.9808 25.6710 30.3480 24.6982 27.2947 26.4575 25.7876 28.3019 24.8797 22.1585 29.6142 30.3480 22.8473 21.1424 25.3969 20.8327 19.5704 21.1187 21.5870 28.2489 24.2487 22.9783 22.6936 24.6171 24.3721 20.2978 22.6495 26.9444 21.0000 22.4054 22.9129 22.6053 25.9037 24.3721 26.0576 26.1725 25.5734 24.0208 22.6936 23.2594 28.1247 20.1246 13.9284 13.0384 15.3623 11.7473 16.8819 16.2481 13.0767 11.7898 14.8661 14.1067 12.9615 12.8062 14.1067 17.2047 19.3649 12.7671 13.2665 16.7631 13.5277 17.3205 11.5758 17.6068 15.3297 16.7929 16.5529 14.3527 13.1529 15.9060 15.0000 12.1655
28.6531 27.7308 27.6225 29.1719 27.4773 26.9258 26.5895 26.1151 27.4408 27.1846 27.1109 28.8964 27.4773 26.1343 27.1109 29.4449 28.2666 28.5132 28.4077 30.4138 27.6405 27.0370 26.8142 27.5136 27.9821 30.6431 27.3679 26.0384 28.5482 29.5466 10.4881 0.0000 10.5357 15.7480 13.4907 11.5758 13.1149 14.1774 13.0000 14.5258 11.9164 12.8062 9.0000 10.9087 9.9499 10.1489 13.1909 12.2882 9.1104 11.5758 9.8995 10.0499 13.0767 10.3441 12.2066 8.6023 18.1108 11.9164 11.0000 14.7309 28.6182 24.4745 28.6880 26.2488 26.0768 26.0960 23.8956 24.0208 25.2784 21.9317 23.7487 24.1454 27.7669 23.6854 24.1454 28.6880 27.5136 28.2312 26.4764 24.5153 29.3428 26.2679 26.5518 25.6125 26.0960 27.0000 24.6374 21.0000 28.3019 30.0500 24.6982 23.3880 24.5967 22.0000 22.4722 23.4094 22.0454 29.4279 25.7682 24.1247 24.1039 23.5797 23.7065 20.8806 24.2693 27.2764 23.8537 24.6171 22.8254 23.2594 25.2389 24.4131 25.8650 28.7228 27.2764 24.3516 24.6779 24.1868 28.3373 22.6936 10.6771 11.1355 15.2315 12.0830 14.1774 16.4924 10.4403 12.2066 16.0312 11.6190 9.0554 14.1421 10.9087 14.1421 17.2337 13.1529 13.6382 15.9060 12.7671 18.1659 9.6954 12.8841 11.8743 16.9706 13.2665 14.7648 11.9583 16.2173 15.2643 14.0000
24.9399 26.0384 24.7790 25.3772 23.6643 23.7908 25.2982 23.6432 24.3721 24.5764 24.8193 26.5707 26.0384 23.8328 25.6905 25.8457 23.6643 25.4951 25.9230 26.4575 24.2693 24.7386 26.1916 25.7682 25.5343 27.3496 24.7386 23.0000 25.5734 25.9230 11.1803 10.5357 0.0000 11.0905 15.9687 13.2288 12.4499 12.8841 12.1655 14.4914 14.7986 17.9722 8.0000 12.9615 10.7703 11.4891 15.0665 10.9545 11.3137 12.2882 11.7898 9.8995 11.4891 10.2956 12.8062 8.4261 17.5784 12.2882 13.5647 11.3137 24.8596 20.3961 24.2074 24.4949 23.6008 22.6716 20.3470 21.7256 20.5913 20.0499 21.5639 20.5426 23.7065 20.7364 21.4009 24.6171 25.4165 24.5357 22.9783 21.3073 27.0555 21.9317 23.6643 22.9129 22.5389 23.9583 21.1660 18.3848 25.8457 25.7682 20.2237 18.8149 22.1359 18.8414 18.2757 20.0250 19.3649 25.7488 23.9374 20.5670 22.2711 19.5704 22.3830 19.2094 22.5389 23.9374 20.0499 21.4243 19.3391 19.4422 22.1359 20.8087 23.1084 24.0832 23.3452 21.1660 23.3666 20.7364 25.1396 21.5407 12.9228 11.4455 12.6095 10.6301 13.8564 13.9642 10.7703 11.5758 15.0997 11.3137 11.4455 11.0000 10.2956 9.6437 13.7113 10.7703 12.6886 12.2474 13.1909 15.9687 13.0000 12.5300 10.6771 16.4621 12.6886 12.0416 9.8995 11.4018 14.3527 11.8743
