0.0000 4.8742 5.9200 4.3904 5.1033 4.6725 4.3243 5.6743 3.8482 7.6795 3.9554 5.7513 3.1920 6.5863 5.5611 2.9228 4.2631 4.0744 4.6548 5.7134 8.4043 6.6245 3.6173 4.9258 4.7891 3.7735 3.6247 5.4969 4.0245 3.5461 31.7885 31.7567 29.9355 29.8383 30.0159 30.6778 30.2671 30.7002 30.7494 30.9346 30.9425 29.4307 30.8888 31.6341 31.1525 30.0003 30.3381 31.6956 30.8058 31.2298 31.4874 30.6861 31.2030 31.2502 29.5716 31.4278 30.4401 29.8218 31.6721 31.0886 3.7750 5.1031 4.4944 5.7186 7.2928 7.5004 7.1829 5.6445 4.2742 7.2859 8.0412 4.0357 5.8385 5.9897 5.8160 4.8170 3.8277 4.6740 5.1179 3.0187 4.7848 7.5250 7.1063 3.6714 4.6924 7.0845 3.7660 6.7890 4.0429 3.3688 8.7439 16.0169 15.2836 15.5735 13.0656 8.5840 20.9406 18.5516 8.5220 7.0874 21.2333 12.3433 18.1149 14.3284 15.2048 9.1966 9.4115 19.0770 16.3202 19.0931 11.8230 10.4298 13.3105 10.7159 14.5754 12.7317 8.2725 13.9612 11.5018 16.6441 21.1764 23.8505 22.8817 22.3547 21.9337 18.8548 21.1756 23.1195 19.2211 19.6919 19.5910 19.4932 21.1554 21.3493 21.1771 18.3358 21.8782 20.3248 20.5996 23.5730 22.4635 21.7091 21.1770 20.8426 19.8249 20.9083 19.0132 19.7596 23.1299 21.8206
4.8742 0.0000 6.8140 4.6766 6.5205 4.2343 5.4596 7.6889 5.4523 9.1687 3.1287 4.7611 5.2644 7.9285 6.6907 4.9241 6.0313 6.1421 5.6816 5.6283 9.1355 8.3552 4.3830 4.9662 5.3378 4.6679 4.4128 6.9959 4.1943 4.1484 31.8031 31.6726 29.9044 29.9037 30.0060 30.7055 30.3568 30.7007 30.7500 30.8642 30.9585 29.4247 30.8204 31.6045 31.1026 30.0351 30.4855 31.6536 30.8146 31.2213 31.4775 30.7376 31.1769 31.2223 29.4740 31.4124 30.4381 29.8025 31.6399 31.0978 4.5891 6.4952 6.7013 7.2620 7.2482 8.9279 8.5237 6.7497 6.2269 8.3305 9.2886 5.2260 5.8561 7.5646 7.8425 3.8485 5.2913 4.2215 6.0956 4.4945 6.8437 8.5127 8.3577 5.2069 4.0823 6.7187 5.3116 8.5696 5.4497 4.6494 9.5089 16.5982 15.7338 15.8214 13.2493 9.2254 21.3253 18.9366 9.0926 7.9067 21.5481 12.9000 18.5329 15.0664 15.7645 10.5644 10.7321 19.3177 16.6867 19.3293 12.4255 11.3738 14.2687 11.4678 15.2110 13.3975 9.3031 14.3800 11.7559 17.3178 21.6777 24.1548 23.2989 22.7123 22.3996 19.2973 21.6542 23.4247 19.8950 19.8248 20.2271 20.1959 21.5771 21.6406 21.6145 19.0065 22.3664 20.7025 21.0884 23.8392 22.9520 22.1179 21.5359 21.0528 20.4059 21.3176 19.6189 20.1781 23.4196 22.3089
5.9200 6.8140 0.0000 5.3144 4.6775 5.8393 6.0075 7.0713 5.8663 5.0633 6.6242 6.7796 5.0123 4.8663 4.3707 5.5564 6.7413 6.5122 5.8639 5.2087 9.2988 4.2314 5.8506 5.5418 5.2804 7.5669 5.6909 6.0829 7.2989 5.9558 31.2250 31.1813 29.3702 29.1544 29.4421 30.0513 29.5034 30.1102 30.1900 30.4625 30.1980 28.6624 30.2449 31.0583 30.5988 29.3068 29.6380 31.1493 30.0897 30.5830 30.8576 30.0130 30.5917 30.5761 28.8829 30.8182 29.8441 29.1306 31.1270 30.5068 5.2562 3.4611 6.0278 5.5378 9.8127 4.7385 4.1525 4.8793 5.3141 5.8751 5.6054 5.0044 6.1965 3.2581 6.1434 7.3600 4.9970 5.6535 4.8887 5.7200 5.4910 7.4012 5.0187 5.6871 6.3011 4.9627 4.7661 4.4523 5.7211 6.1219 7.8908 15.9079 13.7301 15.8851 12.7578 7.8596 20.1626 17.1565 8.2264 7.4774 20.0750 12.3980 17.1460 14.3321 13.4396 9.0773 9.2060 17.9590 14.8618 17.8031 12.1228 10.1429 12.0281 10.8080 13.7877 12.7377 8.3656 14.0805 10.7365 15.7266 19.9532 22.6229 21.6275 21.1030 20.2858 18.2805 19.4575 21.9983 17.9628 19.5120 18.1288 18.2648 19.8099 20.1822 19.7785 18.0228 20.3176 19.0781 19.0035 22.4265 21.1239 20.2817 19.9658 19.5992 18.3606 19.4642 17.9446 19.7997 21.9814 20.5664
4.3904 4.6766 5.3144 0.0000 4.3014 3.0602 4.7097 6.2343 3.6116 7.3507 4.2564 6.0544 3.7478 6.5156 6.1145 3.6083 4.5340 5.6110 3.8075 5.6880 7.3648 7.0823 4.1640 4.9950 3.4127 6.0765 3.5131 4.0930 4.7202 3.5204 30.8285 30.7662 28.8879 28.7839 29.0165 29.6059 29.1784 29.6654 29.8058 29.9927 29.8181 28.2535 29.8132 30.6318 30.1356 28.9166 29.3793 30.7062 29.7305 30.1650 30.4747 29.6472 30.1561 30.1374 28.4229 30.4048 29.4390 28.7119 30.6944 30.0843 2.5361 5.3752 4.7177 4.6326 7.1916 7.5225 6.9986 3.6254 4.7785 5.1992 7.8036 2.8530 4.2223 5.3664 6.0036 4.4697 2.9015 2.8962 3.5365 3.2562 4.0557 5.4389 7.7473 3.3824 3.2338 5.9074 3.1530 7.1703 3.6744 3.6918 6.8688 14.8342 14.0261 14.0941 11.2792 6.7754 19.9612 17.5349 6.0860 5.6934 20.1605 10.6524 17.2231 12.8936 14.2540 7.9610 8.4997 18.1667 15.5494 17.9581 10.7979 8.7354 12.1505 9.3138 13.5009 11.3187 6.7274 12.7024 9.9766 15.5299 20.0914 22.7798 21.7722 21.2083 20.7414 16.9061 19.7657 22.0315 17.8186 18.1439 18.3843 18.1416 20.0568 20.2344 20.0229 16.8871 20.7295 18.9402 19.3947 22.4000 21.3083 20.7416 19.9856 19.3864 18.6906 19.5621 17.6317 18.2400 21.8917 20.6013
5.1033 6.5205 4.6775 4.3014 0.0000 5.1934 5.0477 5.8389 4.4102 6.9918 6.4058 7.9136 3.4296 6.7807 6.8561 4.1295 6.4623 5.2841 4.9005 7.3371 8.9203 6.5620 5.1658 4.3049 4.2396 7.3802 4.5123 5.3184 7.1229 5.4727 32.4900 32.4460 30.6696 30.4188 30.6920 31.3143 30.8129 31.3718 31.4434 31.6744 31.4835 29.9637 31.5276 32.3329 31.8521 30.5849 30.9720 32.3739 31.3828 31.8541 32.1542 31.2531 31.8615 31.8270 30.1741 32.0617 31.0929 30.4278 32.3626 31.7742 4.4593 5.2030 4.5517 3.7777 10.1572 6.5922 6.6392 3.0819 3.5574 4.4146 8.4141 3.7335 5.9153 4.5539 4.7266 7.2727 3.6247 5.0379 2.8032 4.8379 3.7885 6.8955 7.8805 4.8848 5.9978 7.5513 3.3086 6.8939 5.3118 5.6909 7.1713 15.7249 15.1775 15.9172 12.4947 6.9568 21.2771 18.5509 7.8288 7.0005 21.4345 12.3098 18.2624 14.2128 15.1427 8.5402 8.5044 19.2780 16.3740 19.0336 12.0104 9.8438 13.0008 10.6246 14.6071 12.5404 7.8796 13.8124 11.7318 16.6945 21.3451 24.1119 23.1290 22.5767 21.8672 18.3933 21.0259 23.3297 18.9681 19.6776 19.5424 19.3023 21.3711 21.6670 21.3122 18.1250 21.8011 20.4263 20.5533 23.7592 22.4639 21.8629 21.3612 21.0267 19.6569 20.9455 18.8212 20.0282 23.2701 21.9021
4.6725 4.2343 5.8393 3.0602 5.1934 0.0000 5.9827 7.5811 4.6166 8.5700 3.5718 5.4601 4.6601 7.5926 6.4625 4.2828 5.1851 6.5409 4.7584 5.5605 8.3018 8.1009 3.6938 5.4466 4.5762 5.6662 3.6710 5.4441 4.1635 3.3051 31.6396 31.5177 29.6117 29.6257 29.7716 30.4138 29.9997 30.4525 30.6126 30.7365 30.6338 28.9669 30.5386 31.4239 30.9056 29.7397 30.1702 31.4789 30.5365 30.9695 31.2395 30.4901 30.9546 30.9124 29.0489 31.2092 30.2122 29.4919 31.4910 30.8916 3.3885 5.9761 6.2705 5.8467 6.6580 8.4238 7.9064 4.9474 5.6255 6.3241 8.7104 4.4264 4.8310 6.6403 7.4200 3.9577 3.9417 2.9190 4.6012 3.2632 5.6081 6.8161 8.1703 4.0717 3.4942 6.1902 4.0765 8.1300 4.6598 3.8931 8.2254 16.0258 15.0818 15.0639 12.3732 8.1660 20.9195 18.5331 7.3960 6.3596 21.1308 11.7216 18.2975 14.1095 15.2056 9.4954 9.9406 19.0592 16.6464 18.9573 11.9046 10.0271 13.3528 10.2505 14.7984 12.5200 8.2048 13.8218 10.6414 16.7818 21.0999 23.7939 22.8381 22.1367 21.7973 17.7992 20.6646 23.0374 18.9084 18.9022 19.4700 19.3005 21.1081 21.2222 21.0871 18.0872 21.7551 19.8689 20.4937 23.3887 22.3630 21.8023 20.9291 20.1798 19.8094 20.4544 18.6552 19.0584 22.9219 21.5805
4.3243 5.4596 6.0075 4.7097 5.0477 5.9827 0.0000 4.1257 3.9078 6.8617 5.4163 6.8007 3.8710 5.5418 6.0528 4.1705 5.2031 3.3466 4.3989 6.6396 7.6547 5.9027 5.6230 4.4529 3.8831 6.0797 4.1009 5.6291 6.0768 5.1598 30.4665 30.4200 28.6505 28.5667 28.7231 29.3989 28.9944 29.4298 29.4484 29.6375 29.6940 28.1890 29.5676 30.2983 29.8352 28.7272 29.1503 30.3828 29.5235 29.9412 30.2270 29.4196 29.8864 29.9960 28.3622 30.0969 29.1558 28.5064 30.3888 29.7663 4.4248 5.6531 2.8134 5.0546 8.5223 6.8070 6.7305 5.0973 4.2268 6.6498 7.5849 3.9942 5.4545 5.2524 4.3156 6.5750 3.5376 5.4142 4.5784 4.5874 4.1031 6.8623 6.8724 4.8583 4.9062 7.2129 3.9829 6.3459 4.7465 4.9802 7.0595 14.2132 13.9405 14.2514 11.4278 7.1235 19.6214 17.0400 7.2971 7.0481 19.8137 11.3779 16.5448 12.9720 13.8751 7.8714 7.9428 17.5999 14.6181 17.5158 10.5630 9.2336 11.9785 9.8549 13.0670 11.2569 6.8705 12.3551 10.5706 15.1111 19.6871 22.3726 21.4559 21.0291 20.5370 17.8045 19.9784 21.6188 17.9699 18.4236 18.1694 18.1333 19.6539 19.8603 19.7293 16.9178 20.5173 19.0400 19.1549 22.0873 21.0563 20.1627 19.8077 19.6611 18.4879 19.7040 17.6913 18.6855 21.6598 20.4990
5.6743 7.6889 7.0713 6.2343 5.8389 7.5811 4.1257 0.0000 4.8446 6.3349 7.2494 8.3694 5.0671 5.6860 6.7001 5.2520 5.9281 3.8557 4.5077 8.5704 6.4757 6.1818 7.2303 6.1026 4.7210 7.5873 5.4949 5.2215 7.8731 6.8067 29.6240 29.6403 27.9232 27.5712 27.8271 28.5598 28.0837 28.5699 28.5066 28.7879 28.8385 27.4787 28.7992 29.5192 29.0743 27.8320 28.2159 29.5224 28.6286 29.0978 29.3438 28.4364 29.1122 29.1350 27.6414 29.2466 28.2439 27.7481 29.4868 28.9673 5.5114 5.9763 3.0057 4.2198 9.5321 6.0850 6.3043 5.5345 3.6952 6.3136 7.4630 4.9721 6.3381 5.2546 3.1918 8.5823 5.3847 6.8591 4.8665 5.9420 3.9056 6.2736 7.7942 5.3914 7.2201 8.5949 4.6236 6.1973 5.5083 6.4707 6.0591 12.5668 12.6908 13.2433 10.2378 5.7277 18.1236 15.7048 7.1558 5.9497 18.6611 10.0822 15.1474 11.4334 12.5494 6.0023 5.9723 16.2705 13.2431 16.2368 9.0229 7.8516 10.1137 8.3502 11.2666 9.6381 5.8972 10.8259 9.7313 13.5883 18.4289 21.2239 20.3107 19.9368 19.1821 16.8544 18.9162 20.4433 16.5362 17.4596 16.7963 16.7179 18.5480 18.8365 18.5624 15.6055 19.1236 17.9924 17.9347 20.9351 19.6792 18.9096 18.6423 18.9270 16.9544 18.6537 16.2063 17.7821 20.5233 19.2927
3.8482 5.4523 5.8663 3.6116 4.4102 4.6166 3.9078 4.8446 0.0000 6.9977 5.0895 6.9060 3.8767 6.0283 5.7129 3.0691 4.8880 3.8191 3.8093 6.0997 7.5427 6.5456 5.1532 5.4621 3.9433 6.1690 3.6720 4.5944 5.4672 4.4252 30.6865 30.6399 28.7654 28.6517 28.8286 29.5157 29.0619 29.5526 29.6434 29.8347 29.7904 28.2246 29.6748 30.5045 30.0162 28.8218 29.1835 30.5838 29.6155 30.0604 30.3210 29.5483 30.0721 30.1013 28.3010 30.2992 29.2966 28.6728 30.5472 29.9561 3.6780 5.2115 3.5689 4.5084 7.9649 7.0916 6.8533 4.6312 3.8556 6.0695 7.4631 3.8594 5.7812 5.0193 5.2648 5.6952 3.4314 4.4684 3.8217 3.0381 3.4925 6.1023 6.8914 2.9627 4.4543 7.0377 3.2688 6.5703 4.7714 3.9436 7.3765 14.6320 14.0912 14.1046 11.7390 7.1447 19.7727 17.5077 6.8145 5.9870 20.2156 11.0104 17.1011 12.9399 14.3963 7.6503 8.4320 17.9592 15.3783 17.9656 10.8655 9.1102 11.9562 9.3802 13.5138 11.4864 6.9339 12.6301 9.7198 15.4897 19.8610 22.6855 21.6983 21.1050 20.7033 17.2993 19.7620 22.0201 17.7816 18.1496 18.2479 18.1152 19.8864 20.1261 19.9483 16.9358 20.6438 18.9796 19.4364 22.3634 21.2291 20.6298 19.9815 19.6803 18.6263 19.6535 17.5743 18.2148 21.9140 20.5874
7.6795 9.1687 5.0633 7.3507 6.9918 8.5700 6.8617 6.3349 6.9977 0.0000 9.0579 9.2750 7.1884 3.3265 5.2179 7.3358 7.5673 7.2604 6.7287 7.3165 8.2158 3.6878 8.7632 8.1105 6.3374 9.2633 7.6273 6.6791 9.1782 8.3738 28.3880 28.3817 26.6532 26.3017 26.5875 27.2523 26.7008 27.2898 27.2798 27.6113 27.4494 26.0074 27.4803 28.2709 27.7954 26.4660 26.9602 28.2984 27.2816 27.7759 28.0811 27.1463 27.7710 27.8097 26.2457 27.9651 26.9785 26.3263 28.2625 27.6905 7.1414 5.0192 6.1071 6.0696 10.8898 4.1004 3.0691 6.6319 6.3379 6.7860 3.8581 6.6462 7.9227 4.1549 6.1187 9.8938 6.9263 8.2495 6.6242 7.8955 6.1553 7.5321 5.0494 7.4259 8.5623 6.7782 6.6395 3.0167 7.1148 7.9596 7.2823 13.2231 10.6445 13.7319 10.9639 6.9440 17.0818 13.7069 7.9335 7.3833 16.7815 10.6525 13.7635 12.0382 10.2686 7.6776 7.2820 14.6584 11.3402 14.5739 10.0691 8.6831 9.0456 9.6152 10.8803 10.6076 7.0928 11.7441 8.9390 12.6512 16.7493 19.3796 18.4284 18.0396 17.0357 16.6755 16.7555 18.8910 15.1827 17.5021 15.1325 15.3962 16.5975 17.0773 16.4843 15.7467 17.2516 16.2559 15.7331 19.3489 18.0201 16.9900 16.9893 16.9686 15.1678 16.7311 15.2232 17.9630 18.8822 17.6396
3.9554 3.1287 6.6242 4.2564 6.4058 3.5718 5.4163 7.2494 5.0895 9.0579 0.0000 3.9590 4.4712 7.6663 6.2381 4.3201 5.2279 5.7738 5.2327 5.1832 8.8145 8.0094 3.1703 4.8984 5.3129 3.9894 3.6211 6.4651 3.1552 2.6268 31.8375 31.7455 29.8813 29.8999 30.0243 30.6699 30.3285 30.7065 30.8143 30.9315 30.9493 29.3612 30.8583 31.6450 31.1428 30.0249 30.4570 31.7083 30.8289 31.2435 31.5045 30.7587 31.2111 31.2323 29.4533 31.4550 30.4581 29.7932 31.7043 31.1191 4.0090 5.8646 6.3234 6.7972 6.1977 8.5771 8.0831 6.4326 5.9915 8.0166 8.7565 4.6484 4.9755 7.3706 7.5422 3.0328 4.6171 3.3402 5.8283 3.2596 6.4600 8.0013 8.0401 4.3180 3.4065 6.1008 4.7802 8.1483 4.5115 3.8521 9.1696 16.5675 15.5036 15.6229 13.0514 9.1469 21.2678 18.9529 8.5976 7.3841 21.5367 12.5282 18.5662 14.8438 15.5675 10.2214 10.5387 19.3302 16.7795 19.3401 12.2349 11.0076 13.9935 10.9128 15.1424 13.1111 8.9447 14.2768 11.5406 17.1919 21.5144 24.1353 23.2106 22.5965 22.3125 18.9077 21.4206 23.3862 19.6452 19.7387 20.0208 19.9684 21.4632 21.5544 21.5292 18.8099 22.2585 20.5209 20.9565 23.7830 22.8505 22.0844 21.4079 20.7827 20.2692 21.0525 19.3863 19.7957 23.3553 22.1250
5.7513 4.7611 6.7796 6.0544 7.9136 5.4601 6.8007 8.3694 6.9060 9.2750 3.9590 0.0000 6.1282 7.8487 5.8503 6.1479 6.5935 7.4190 6.6966 4.7984 9.4364 7.9405 5.0071 6.2072 6.7417 5.1229 5.4035 7.6675 4.6691 4.5515 31.4597 31.3832 29.5867 29.5258 29.6654 30.3565 29.9932 30.3643 30.3943 30.5314 30.6297 29.1491 30.5285 31.2842 30.8085 29.6987 30.0652 31.3164 30.4712 30.8991 31.1226 30.3692 30.8800 30.8810 29.2014 31.0803 30.0913 29.5092 31.3164 30.7671 5.8229 6.0765 7.7332 8.1712 6.9216 8.3831 7.9179 7.9031 7.4900 9.3899 8.3821 6.3463 6.1213 7.8975 8.8317 4.9132 6.4523 5.0965 7.4062 5.6317 7.9218 9.2422 7.7842 5.9372 5.4317 5.6901 6.5256 8.1938 5.9629 5.8236 10.1958 17.0117 15.1654 16.1265 13.5020 9.9216 20.8587 18.5448 9.6488 8.5023 21.1815 13.1677 18.3426 15.3157 15.0228 10.9674 11.4103 18.8354 16.2442 18.9062 12.6365 11.8505 13.8932 11.5339 15.0076 13.5183 9.9379 14.6312 11.7168 17.0348 21.3230 23.8091 22.9062 22.3538 21.9678 19.5992 21.3355 23.0520 19.7223 20.2197 19.7555 19.9574 21.1453 21.2747 21.3001 19.3408 21.8769 20.5441 20.6741 23.4912 22.5530 21.6531 21.2124 20.7800 19.9900 20.8661 19.4051 20.3478 23.1348 21.9303
3.1920 5.2644 5.0123 3.7478 3.4296 4.6601 3.8710 5.0671 3.8767 7.1884 4.4712 6.1282 0.0000 6.2429 5.8443 2.8828 5.1747 4.1702 4.2182 6.3063 8.3491 6.0426 3.4056 3.1868 3.9299 5.5772 3.2020 5.1215 5.3441 3.8857 31.8695 31.8667 30.0874 29.8616 30.1354 30.7498 30.3027 30.7979 30.8539 31.0779 30.9501 29.4998 31.0029 31.7360 31.2684 30.0440 30.4134 31.7934 30.8477 31.2988 31.5839 30.7135 31.2966 31.3098 29.7216 31.4964 30.5330 29.8823 31.7690 31.1823 3.2526 4.4375 3.7345 4.4433 8.7512 6.4843 6.4670 4.0083 3.4771 5.8065 7.9059 2.7508 4.9535 4.8341 4.5138 5.5617 3.1757 3.9639 3.4446 3.2343 3.8318 6.8166 7.3351 3.6730 4.8567 6.6985 3.1106 6.4878 3.7524 4.1632 7.5922 15.6263 14.9550 15.6153 12.4901 7.5108 20.9482 18.3629 7.7964 6.7013 21.1442 12.0915 17.9225 14.1182 14.8804 8.4504 8.6367 19.0219 16.0152 18.8661 11.5303 9.8889 12.9025 10.3985 14.2289 12.2543 7.7754 13.6279 11.5802 16.3742 21.0248 23.6881 22.7073 22.2246 21.6334 18.4900 20.9352 22.9238 18.8449 19.6012 19.3045 19.1288 20.9455 21.2285 20.9822 17.9379 21.5358 20.1995 20.2800 23.3835 22.1997 21.4487 21.0091 20.7174 19.4185 20.6686 18.7236 19.7486 22.9280 21.6164
6.5863 7.9285 4.8663 6.5156 6.7807 7.5926 5.5418 5.6860 6.0283 3.3265 7.6663 7.8487 6.2429 0.0000 4.7810 6.5356 6.3456 6.2069 5.3948 6.1678 7.2610 3.3184 7.6433 7.1685 5.6394 8.2400 6.4797 6.4271 7.8936 7.3898 28.0162 27.9539 26.1773 26.0393 26.1958 26.8940 26.5101 26.8989 26.9625 27.1457 27.1745 25.6417 27.1253 27.8292 27.3335 26.1420 26.7504 27.9095 26.9746 27.4093 27.7582 26.8903 27.3685 27.4852 25.8382 27.6028 26.6258 25.9784 27.8931 27.2575 6.1916 4.4387 5.3544 5.9745 9.4855 4.8705 3.5358 6.1830 5.8955 6.8822 4.0801 5.8682 7.0112 4.1733 5.6361 8.6302 5.8778 7.3098 6.1319 6.5959 5.4088 6.7020 4.2983 6.6606 7.2262 5.9750 5.8869 3.2657 6.2543 6.8437 7.2725 13.0773 10.7683 13.1419 10.5419 7.1018 16.9700 13.8507 7.3036 6.9595 16.8023 10.3118 13.6579 11.9169 10.7286 7.4610 7.6207 14.5163 11.4875 14.6164 9.8318 8.6212 9.3659 9.4191 10.8637 10.3221 6.7094 11.2336 8.4960 12.6913 16.8487 19.3973 18.5001 18.1518 17.3782 16.5518 17.0446 18.9635 15.4504 17.2433 15.5035 15.7280 16.7343 17.0747 16.5839 15.6976 17.5956 16.1913 16.0117 19.3542 18.2567 17.1970 16.9644 16.9028 15.5484 16.9500 15.4012 17.6600 18.8979 17.8478
5.5611 6.6907 4.3707 6.1145 6.8561 6.4625 6.0528 6.7001 5.7129 5.2179 6.2381 5.8503 5.8443 4.7810 0.0000 5.5362 6.5328 5.8437 6.3913 4.4378 9.0762 4.2689 6.4176 6.7355 5.8956 6.5961 5.9097 6.3939 6.7275 5.6848 30.3758 30.3525 28.5431 28.3088 28.5629 29.2380 28.7093 29.2772 29.2759 29.5606 29.4866 28.0159 29.4180 30.2294 29.7820 28.5172 28.8132 30.2906 29.2979 29.7806 29.9942 29.2168 29.7999 29.8067 28.1162 29.9930 28.9931 28.3866 30.2417 29.6830 5.7391 3.4712 6.1377 6.7874 8.5163 4.5374 4.1791 6.9586 5.9234 8.0676 4.2894 5.9968 6.9183 4.8635 7.1490 6.8576 6.0503 6.1657 6.3940 5.7550 6.3380 8.2156 3.9340 5.4738 6.5107 4.8378 5.5471 3.8349 6.0669 5.6501 8.8091 15.7503 13.1932 15.3994 13.0641 8.7357 19.3494 16.6307 8.7924 7.6196 19.4947 12.3958 16.6306 14.0824 12.9402 9.2814 9.6948 17.2236 14.1439 17.3060 11.8171 10.4494 11.6186 10.4949 13.3397 12.6160 8.5929 13.8934 10.0635 15.2570 19.3012 21.9845 20.9755 20.4579 19.7917 18.5669 19.1322 21.3922 17.7251 19.3461 17.5356 17.9091 19.0980 19.4740 19.2286 17.9655 19.8005 18.7108 18.5796 21.8430 20.6020 19.6336 19.4581 19.2439 17.9345 18.9805 17.5915 19.3659 21.4725 20.0353
2.9228 4.9241 5.5564 3.6083 4.1295 4.2828 4.1705 5.2520 3.0691 7.3358 4.3201 6.1479 2.8828 6.5356 5.5362 0.0000 4.9598 4.1063 4.3926 5.8175 8.2503 6.2928 3.7310 4.5120 4.1874 5.1844 2.8337 5.1325 4.9509 3.8053 31.8627 31.8115 29.9981 29.8722 30.0579 30.7339 30.2701 30.7516 30.8203 31.0092 30.9678 29.4300 30.8902 31.6989 31.2146 30.0440 30.3890 31.7566 30.8333 31.2740 31.5238 30.7308 31.2562 31.2791 29.5501 31.4730 30.4941 29.8639 31.7390 31.1635 3.3212 4.6193 3.9050 4.8648 7.9702 7.0327 6.8151 4.8522 3.8444 6.5050 8.1127 3.5300 5.9562 5.2184 5.3047 5.1596 3.2747 4.2256 3.8589 2.9273 3.7819 6.9221 7.0892 3.6628 4.6123 7.0469 3.2148 6.8247 4.3072 3.4160 8.1580 15.7923 15.2484 15.4856 12.8286 8.0527 20.8804 18.4525 8.0156 6.7379 21.2022 12.1310 18.1130 14.1612 15.2128 8.8725 9.0817 19.0090 16.2765 18.9933 11.7885 10.1093 13.0262 10.5512 14.4054 12.5371 7.9885 13.8806 11.1288 16.5886 21.0448 23.8090 22.8397 22.2917 21.8058 18.5293 20.9214 23.0883 18.9883 19.4516 19.4155 19.2687 21.1026 21.3197 21.0975 18.1541 21.7641 20.1895 20.5381 23.5201 22.3446 21.7172 21.0990 20.7937 19.7448 20.7843 18.7609 19.5796 23.0627 21.6985
4.2631 6.0313 6.7413 4.5340 6.4623 5.1851 5.2031 5.9281 4.8880 7.5673 5.2279 6.5935 5.1747 6.3456 6.5328 4.9598 0.0000 5.8496 4.0727 6.3281 6.0519 7.3228 5.3121 6.9752 4.3835 5.2070 5.4509 4.4324 4.7625 4.6743 29.7573 29.6663 27.6980 27.7135 27.8588 28.5213 28.1949 28.5565 28.7380 28.8184 28.8161 27.1706 28.7345 29.5434 29.0172 27.8364 28.3006 29.5936 28.6979 29.0829 29.4086 28.5726 29.0849 29.0681 27.3076 29.3290 28.2986 27.6155 29.5946 28.9995 4.1728 6.4635 5.3350 5.8151 5.7710 8.3847 7.5056 5.7080 5.2056 6.5594 7.7445 4.8427 5.4777 6.4947 6.1466 5.8455 4.5090 5.2905 5.7897 4.5532 4.8891 5.6067 7.9026 4.5163 4.9348 7.4153 4.5008 7.1255 3.8115 3.8351 7.5103 14.1028 13.2022 13.0967 10.8864 7.2716 18.7799 16.5939 6.8384 5.4213 19.1653 9.7895 16.1740 11.9539 13.4604 7.3675 8.3676 17.0398 14.8203 17.1265 10.1596 8.2744 11.4566 8.9671 12.5884 10.5900 6.4170 11.7158 9.4657 14.6120 19.1366 21.8440 20.8850 20.4289 19.9423 16.3140 19.0300 21.1809 17.0968 17.2958 17.6797 17.5053 19.3190 19.3996 19.1080 16.2363 19.9657 17.9274 18.5830 21.5261 20.4587 19.9373 19.0176 18.4570 17.8784 18.9375 16.8551 17.5040 20.9928 19.7931
4.0744 6.1421 6.5122 5.6110 5.2841 6.5409 3.3466 3.8557 3.8191 7.2604 5.7738 7.4190 4.1702 6.2069 5.8437 4.1063 5.8496 0.0000 5.0087 7.1881 8.5400 6.2153 5.6363 4.9991 4.8833 5.9597 4.7409 5.8745 6.6775 5.3258 31.5484 31.5154 29.7459 29.5599 29.7558 30.4789 30.0509 30.4920 30.4865 30.6919 30.7612 29.2915 30.6714 31.3953 30.9335 29.7762 30.1242 31.4508 30.5532 31.0009 31.2626 30.4460 30.9924 31.0615 29.4125 31.1756 30.2064 29.6309 31.4132 30.8510 4.9692 5.4120 3.4755 5.5379 8.9211 6.5637 6.8117 5.9418 3.5652 7.2232 7.7519 4.6901 6.4748 5.5445 4.6320 6.9183 4.7259 5.9685 4.9881 4.5232 4.4578 7.6414 7.0012 4.6106 6.0478 7.9977 3.9501 6.3502 5.1725 5.0156 7.9382 15.2692 14.8662 15.3320 12.7826 8.0425 20.5159 18.0972 8.5498 7.2286 20.9592 12.3126 17.5770 13.9178 14.8277 8.3576 8.7470 18.5895 15.5753 18.6736 11.5987 10.1196 12.7032 10.3244 13.9590 12.3478 7.9182 13.4149 11.3423 16.1107 20.6346 23.3945 22.4655 21.9914 21.4341 18.7630 20.8253 22.7062 18.7712 19.4787 19.0360 19.0140 20.6319 20.9181 20.7438 17.8377 21.3607 20.0223 20.1612 23.1437 21.9959 21.1465 20.8068 20.7771 19.3194 20.6461 18.5479 19.5706 22.7313 21.4667
4.6548 5.6816 5.8639 3.8075 4.9005 4.7584 4.3989 4.5077 3.8093 6.7287 5.2327 6.6966 4.2182 5.3948 6.3913 4.3926 4.0727 5.0087 0.0000 6.8188 5.2539 6.6271 5.3784 5.5874 3.4811 6.6245 4.0612 4.0919 5.5018 4.9730 29.2544 29.1761 27.3254 27.1814 27.3807 28.0702 27.6910 28.0747 28.1838 28.3267 28.3225 26.7966 28.2970 29.0446 28.5563 27.3460 27.8578 29.0894 28.1795 28.6009 28.9180 28.0393 28.6122 28.5881 26.9372 28.8145 27.8063 27.1934 29.0828 28.5001 3.6840 5.4723 4.1029 3.8425 7.3292 7.1728 6.5545 3.8346 4.1913 4.8800 7.4204 3.5469 4.2815 5.1100 4.6432 6.3996 3.7096 4.5258 3.6393 4.0324 3.2529 4.4130 7.5155 4.1819 4.8532 6.7646 3.3865 6.6661 4.0955 4.6289 5.8430 12.9589 12.4116 12.5241 9.6156 5.5542 18.0595 15.7574 5.6744 4.5757 18.4919 9.1164 15.3219 11.3198 12.6924 6.3112 6.8394 16.2127 13.7401 16.1684 9.0202 7.3612 10.4170 7.9081 11.6701 9.5718 5.4785 10.6175 8.5697 13.8045 18.5125 21.1727 20.2700 19.7637 19.2225 15.8561 18.5626 20.4573 16.3779 16.7474 16.9875 16.7653 18.6364 18.7724 18.4749 15.4845 19.1713 17.5112 17.9138 20.8131 19.7178 19.1538 18.4170 18.1733 17.0656 18.3090 16.1215 17.1357 20.3595 19.1826
5.7134 5.6283 5.2087 5.6880 7.3371 5.5605 6.6396 8.5704 6.0997 7.3165 5.1832 4.7984 6.3063 6.1678 4.4378 5.8175 6.3281 7.1881 6.8188 0.0000 9.7926 6.0512 5.5497 7.0302 6.6862 5.9521 5.8366 7.6400 5.3321 5.1916 31.0693 30.9627 29.0523 29.1400 29.2010 29.8724 29.5462 29.9046 30.0546 30.1248 30.1813 28.4961 30.0318 30.8591 30.3095 29.2107 29.6855 30.9266 30.0143 30.4313 30.7293 29.9943 30.3854 30.4442 28.5596 30.6629 29.6649 28.9640 30.9335 30.3151 6.0188 5.0178 7.4342 8.1141 7.4593 7.6365 6.3941 7.6156 7.3937 8.9435 6.3643 6.4819 7.3215 6.6728 8.7878 5.4324 5.7961 5.7401 7.2972 5.3842 7.4295 8.9873 4.9576 6.0422 5.1995 4.3993 6.4357 6.3858 6.3669 5.5312 10.3160 17.1804 14.5255 16.0396 13.8312 10.1874 20.6120 17.9028 9.4676 8.7993 20.5838 13.2602 17.8989 15.3923 14.6109 11.0368 11.6188 18.2410 15.8152 18.4708 13.3646 11.9476 13.5381 12.1390 15.0614 13.9562 9.8911 14.9062 11.0196 16.8265 20.5708 23.1651 22.2555 21.6891 21.2476 19.2357 20.3246 22.6964 19.1508 20.0973 19.2042 19.5072 20.4410 20.6430 20.4662 19.3409 21.3800 19.7131 19.9399 23.0251 22.0745 21.1971 20.6595 19.9170 19.5348 20.2554 19.0441 20.1861 22.5769 21.3873
8.4043 9.1355 9.2988 7.3648 8.9203 8.3018 7.6547 6.4757 7.5427 8.2158 8.8145 9.4364 8.3491 7.2610 9.0762 8.2503 6.0519 8.5400 5.2539 9.7926 0.0000 9.1919 9.3684 9.5368 6.4993 9.4217 7.7254 6.1228 8.4479 8.7149 26.1138 26.0182 24.1594 23.9768 24.1563 24.9176 24.6163 24.8703 24.9696 25.0458 25.2384 23.7371 25.1653 25.9027 25.4023 24.1763 24.8413 25.8631 25.0764 25.4375 25.7846 24.7948 25.4721 25.3862 23.8542 25.6269 24.5556 24.0619 25.8797 25.3455 7.2927 8.8799 7.1664 6.5791 8.4177 9.4321 8.6554 7.2011 7.5760 7.2846 8.8103 7.4885 7.1672 8.0348 7.3441 9.8055 7.6482 8.3421 7.4474 8.1102 6.4893 5.2330 9.9922 7.7111 8.3490 9.5219 7.3196 8.9048 7.2839 8.2316 6.3294 9.6540 9.6406 9.2597 6.4422 5.4699 14.3166 12.4386 5.9387 5.0628 15.0435 5.7776 11.9415 7.8562 10.1256 5.4513 5.9927 12.8083 11.0150 12.7710 6.2303 5.3632 7.6946 6.3401 8.2181 6.0761 4.8508 6.9082 6.4867 10.5852 15.5359 18.0873 17.2772 16.9164 16.2922 13.3181 16.1126 17.4098 13.5868 13.6664 14.2430 13.9648 15.9156 15.8596 15.5116 12.7488 16.3332 14.5211 15.0858 17.7253 16.6329 16.2998 15.2840 15.3639 14.1657 15.7795 13.0200 14.3995 17.1956 16.2426
6.6245 8.3552 4.2314 7.0823 6.5620 8.1009 5.9027 6.1818 6.5456 3.6878 8.0094 7.9405 6.0426 3.3184 4.2689 6.2928 7.3228 6.2153 6.6271 6.0512 9.1919 0.0000 7.5158 6.8489 6.4799 8.3741 6.6940 7.2511 8.4623 7.5098 29.9291 29.9159 28.1640 27.9478 28.1765 28.8416 28.3546 28.8735 28.9006 29.1442 29.0698 27.5909 29.0503 29.7863 29.3222 28.1024 28.4956 29.8645 28.8988 29.3623 29.6641 28.7971 29.3325 29.4268 27.8239 29.5431 28.5863 27.9484 29.8556 29.2224 6.6384 3.7704 5.5987 6.5146 10.5552 3.7572 2.8796 6.6975 6.0632 7.6243 4.3871 6.2174 7.7440 3.8632 5.8675 8.9008 6.2421 7.6526 6.3904 6.9648 5.8773 8.1579 3.6243 7.0647 7.8024 6.0518 6.2508 2.9263 6.7846 7.1985 8.4251 15.0886 12.6638 15.4298 12.6299 8.4527 18.8891 15.7093 8.9291 8.3787 18.7215 12.3800 15.7271 13.8995 12.2841 8.9339 8.9190 16.4547 13.2114 16.5338 11.7147 10.3273 11.0398 11.0221 12.6790 12.3113 8.4535 13.4942 10.4895 14.5922 18.5694 21.2222 20.2672 19.9471 19.0450 18.3773 18.5867 20.7498 17.1807 19.2633 16.9971 17.3480 18.4471 18.8942 18.4183 17.5537 19.1755 18.1649 17.7574 21.2046 19.9541 18.8848 18.8536 18.8078 17.2418 18.6010 17.1769 19.5085 20.7718 19.5119
3.6173 4.3830 5.8506 4.1640 5.1658 3.6938 5.6230 7.2303 5.1532 8.7632 3.1703 5.0071 3.4056 7.6433 6.4176 3.7310 5.3121 5.6363 5.3784 5.5497 9.3684 7.5158 0.0000 4.3951 5.3973 4.3876 3.8143 6.2828 4.0231 2.9378 32.7833 32.6944 30.8712 30.8207 30.9858 31.6355 31.2597 31.6506 31.7733 31.9065 31.8486 30.2888 31.8316 32.6042 32.0843 30.9460 31.3752 32.6595 31.7312 32.1676 32.4532 31.6729 32.1450 32.1539 30.4407 32.3819 31.4246 30.7234 32.6400 32.0669 3.8097 5.4025 6.1100 6.4818 7.3156 8.2153 7.7586 5.7650 5.2549 7.2887 8.9289 4.2105 5.4797 6.7054 6.9808 4.0694 4.3018 3.7232 5.2743 3.2164 5.8099 7.9701 8.0352 4.3490 4.3548 6.6238 4.1832 7.9778 4.0732 3.8070 9.3336 17.2969 16.2478 16.6228 13.8067 9.2894 22.1509 19.6736 9.0419 7.5781 22.3459 13.1665 19.3161 15.5279 16.1928 10.2714 10.6985 20.1624 17.4827 20.1886 13.0435 11.3706 14.4766 11.6249 15.7255 13.7235 9.2958 15.0623 12.5253 17.8515 22.2951 24.8974 23.9538 23.4029 22.9071 19.4521 22.0322 24.1729 20.1828 20.6374 20.6835 20.5451 22.2278 22.4178 22.2229 19.3755 22.8644 21.2166 21.5727 24.5816 23.5312 22.8005 22.1551 21.6103 20.8401 21.7806 20.0468 20.7033 24.1272 22.8588
4.9258 4.9662 5.5418 4.9950 4.3049 5.4466 4.4529 6.1026 5.4621 8.1105 4.8984 6.2072 3.1868 7.1685 6.7355 4.5120 6.9752 4.9991 5.5874 7.0302 9.5368 6.8489 4.3951 0.0000 4.8688 6.2473 3.7756 6.7449 6.4662 4.9680 32.7136 32.6618 30.9972 30.7926 31.0109 31.6745 31.2238 31.6892 31.6692 31.9004 31.8678 30.4480 31.8523 32.5700 32.1202 30.9645 31.3552 32.6273 31.7388 32.1843 32.4656 31.6181 32.1433 32.2153 30.6502 32.3379 31.4088 30.7681 32.6080 32.0436 4.3867 5.3316 4.9999 5.5880 9.9421 6.8528 7.0482 4.8688 4.5901 6.8334 8.8671 3.8882 5.4471 5.7603 5.3675 6.3144 4.5588 4.9011 4.3466 4.8454 5.4806 8.2987 8.0638 5.2396 5.6371 7.0963 4.4514 7.4390 5.0714 5.7387 8.2774 16.3489 15.8412 16.6769 13.1587 8.1173 21.8005 19.0356 8.8874 7.9757 21.9080 13.2460 18.6000 15.1846 15.5564 9.7049 9.3717 19.6787 16.3906 19.4888 12.2673 11.0518 13.8819 11.4238 14.9841 13.1446 8.9054 14.4467 12.6478 17.1993 21.9534 24.5020 23.5859 23.1212 22.4995 19.7389 21.9942 23.6922 20.0014 20.5938 20.2407 20.1944 21.7634 22.0326 21.8545 18.9857 22.4315 21.2145 21.1466 24.2069 23.1225 22.1261 21.9126 21.7393 20.3393 21.6705 19.7749 20.9441 23.7893 22.5952
4.7891 5.3378 5.2804 3.4127 4.2396 4.5762 3.8831 4.7210 3.9433 6.3374 5.3129 6.7417 3.9299 5.6394 5.8956 4.1874 4.3835 4.8833 3.4811 6.6862 6.4993 6.4799 5.3973 4.8688 0.0000 6.3848 4.2139 3.3930 5.9404 4.5596 30.0615 29.9994 28.1745 28.0091 28.2294 28.8900 28.4337 28.9448 28.9999 29.2116 29.1202 27.5822 29.0634 29.8867 29.4159 28.1831 28.6076 29.9323 28.9976 29.4436 29.7257 28.8678 29.4382 29.4193 27.7481 29.6375 28.6472 27.9762 29.9244 29.3508 3.0510 5.4147 3.7901 3.5183 8.0816 6.4552 6.2944 3.3738 3.5652 4.4445 7.3293 2.9953 4.3502 4.7539 4.3554 6.1355 3.4149 4.0316 3.2725 4.4159 3.5338 5.1685 7.6151 3.8371 4.7798 6.7603 3.0303 6.2568 3.7103 4.3243 5.4623 13.3836 12.9305 13.2102 10.2388 5.2686 18.8777 16.3171 5.6840 4.7153 19.1186 9.8205 15.9141 11.7001 12.9893 6.5297 6.8591 17.0230 14.1524 16.7947 9.5328 7.6157 10.8626 8.2188 12.2177 10.0739 5.4649 11.3783 9.3575 14.3233 19.0601 21.7945 20.8386 20.3031 19.7085 16.3411 18.9594 20.9765 16.9191 17.2451 17.3381 17.1836 19.0939 19.2958 19.0590 15.8708 19.6949 18.0717 18.3634 21.4009 20.2711 19.5827 18.9837 18.6582 17.5680 18.7435 16.6121 17.6709 20.9410 19.6726
3.7735 4.6679 7.5669 6.0765 7.3802 5.6662 6.0797 7.5873 6.1690 9.2633 3.9894 5.1229 5.5772 8.2400 6.5961 5.1844 5.2070 5.9597 6.6245 5.9521 9.4217 8.3741 4.3876 6.2473 6.3848 0.0000 5.4488 7.3299 3.7269 4.0322 32.3273 32.2786 30.4790 30.4489 30.5642 31.2612 30.8987 31.2584 31.2761 31.4265 31.5484 30.0552 31.4411 32.1934 31.6890 30.6026 30.9187 32.2157 31.4046 31.8068 32.0416 31.2650 31.7645 31.8221 30.1583 31.9843 30.9942 30.3771 32.1889 31.6665 5.4894 6.8475 6.8852 7.9255 6.5657 9.1010 8.6672 7.9697 6.2425 9.2193 9.1969 6.1006 6.9131 8.2503 8.0164 4.9461 6.0487 5.8432 7.3992 5.0764 7.4145 9.4824 8.3928 5.4826 5.6542 7.8887 5.7961 8.4546 5.1184 4.5351 10.4639 17.2281 16.1853 16.4474 14.1265 10.0486 21.6830 19.3959 10.2146 8.4112 22.0167 13.3785 18.9681 15.4825 15.9573 10.9046 11.0923 19.7680 17.1620 19.9068 12.8349 11.9141 14.6232 11.9622 15.6369 13.9049 9.8283 14.9465 12.6546 17.6634 22.1547 24.6719 23.7673 23.2407 22.8857 20.0205 22.2379 23.9463 20.3989 20.6055 20.6500 20.6622 22.0417 22.1494 22.1114 19.5782 22.8026 21.2453 21.5445 24.4015 23.4120 22.5524 22.0294 21.6166 20.7774 21.8500 20.1245 20.7428 23.9768 22.7689
3.6247 4.4128 5.6909 3.5131 4.5123 3.6710 4.1009 5.4949 3.6720 7.6273 3.6211 5.4035 3.2020 6.4797 5.9097 2.8337 5.4509 4.7409 4.0612 5.8366 7.7254 6.6940 3.8143 3.7756 4.2139 5.4488 0.0000 5.5699 4.5252 3.9180 31.4219 31.3488 29.5723 29.4732 29.6258 30.3073 29.8890 30.3171 30.3587 30.5294 30.5720 29.0344 30.4666 31.2518 30.7725 29.6319 30.0616 31.3066 30.4217 30.8567 31.1088 30.3206 30.8160 30.8608 29.1464 31.0297 30.0561 29.4368 31.3006 30.7158 3.4129 4.8469 4.3507 4.8446 7.8832 7.1395 6.8449 4.6336 4.4637 6.5701 8.1666 3.5310 4.9982 5.6031 5.6801 5.0110 3.4406 3.7480 3.7834 2.9048 4.4562 6.9797 7.2395 3.9620 4.0635 6.3981 3.5211 7.1884 4.6178 4.4560 7.8626 15.3181 14.7706 15.0569 12.0160 7.6457 20.4664 17.9341 7.5362 6.6339 20.6923 11.7573 17.5774 13.8764 14.7188 8.9852 8.8377 18.4509 15.6767 18.3762 11.1580 9.8977 12.7581 10.1629 14.0008 11.9609 7.7802 13.2542 10.7200 16.2125 20.7350 23.4177 22.4994 21.9179 21.4920 18.3692 20.7968 22.6492 18.8153 19.1468 19.1448 19.0593 20.7089 20.8982 20.7582 17.9457 21.4581 19.9272 20.1882 23.0927 22.0277 21.2641 20.7120 20.4226 19.4269 20.4796 18.4996 19.3257 22.6650 21.3989
5.4969 6.9959 6.0829 4.0930 5.3184 5.4441 5.6291 5.2215 4.5944 6.6791 6.4651 7.6675 5.1215 6.4271 6.3939 5.1325 4.4324 5.8745 4.0919 7.6400 6.1228 7.2511 6.2828 6.7449 3.3930 7.3299 5.5699 0.0000 6.8290 5.3756 29.5296 29.5506 27.6323 27.3195 27.7161 28.2767 27.7139 28.3793 28.4736 28.7957 28.4364 26.9545 28.5220 29.3889 28.9420 27.5553 27.8494 29.4320 28.3704 28.8648 29.1224 28.2297 28.9297 28.8107 27.1674 29.1221 28.1024 27.4330 29.4091 28.8202 3.8074 5.9964 4.7839 3.5537 7.8314 6.7977 6.6413 4.0380 4.2052 4.4192 7.2632 3.9490 4.5930 5.0355 5.1795 6.9956 4.6097 4.8352 4.0116 5.1307 3.8079 3.8601 8.3278 3.7471 5.8614 7.3609 3.6234 6.4916 4.0802 5.0148 4.9804 12.7949 12.2704 12.4958 9.7393 4.9189 18.1997 15.9628 4.9025 3.3060 18.6113 8.7117 15.5699 10.6207 12.4207 5.2579 6.4095 16.8319 14.1180 16.4395 8.9134 6.2592 9.8807 6.7787 11.4538 9.2459 4.5519 10.9813 8.6150 13.5212 18.2513 21.1496 20.0415 19.4680 18.8664 15.0237 17.8485 20.2761 15.6642 16.2773 16.2768 15.9649 18.3542 18.6043 18.3494 14.6674 18.7873 17.2027 17.5961 20.7042 19.3499 18.9864 18.1668 17.8299 16.6380 17.7176 15.4376 16.3901 20.1868 18.6737
4.0245 4.1943 7.2989 4.7202 7.1229 4.1635 6.0768 7.8731 5.4672 9.1782 3.1552 4.6691 5.3441 7.8936 6.7275 4.9509 4.7625 6.6775 5.5018 5.3321 8.4479 8.4623 4.0231 6.4662 5.9404 3.7269 4.5252 6.8290 0.0000 3.4128 31.2258 31.1378 29.2611 29.3522 29.4170 30.0723 29.7814 30.0883 30.2037 30.2805 30.4017 28.8106 30.2728 31.0365 30.5095 29.4438 29.8957 31.0902 30.2736 30.6484 30.9176 30.1745 30.5926 30.6359 28.9014 30.8493 29.8601 29.1839 31.0876 30.5092 4.8404 6.7680 6.7929 7.5374 5.6785 9.4623 8.6967 7.1466 6.7776 8.5048 8.9921 5.4449 5.9642 8.0495 8.2298 3.7188 5.2320 4.5624 6.7997 4.0431 6.8839 8.3435 8.3151 4.9696 3.9471 6.6603 5.5628 8.6482 4.9923 4.2323 9.8478 16.4790 15.2662 15.1046 12.9373 9.4622 20.7677 18.5837 8.8070 7.8082 21.0503 12.2349 18.2530 14.5367 15.3969 10.4046 10.7538 18.8467 16.6235 18.9794 12.0858 11.0707 13.9050 11.1295 14.9586 12.9953 9.0484 13.9843 11.3097 16.9123 21.2657 23.7692 22.8669 22.3071 22.0566 18.7104 21.2769 23.0692 19.4740 19.4670 19.8334 19.7773 21.1851 21.2442 21.2073 18.6743 21.9978 20.1862 20.6881 23.4106 22.5497 21.8228 21.0929 20.4316 20.0423 20.8243 19.2090 19.5051 23.0027 21.8527
3.5461 4.1484 5.9558 3.5204 5.4727 3.3051 5.1598 6.8067 4.4252 8.3738 2.6268 4.5515 3.8857 7.3898 5.6848 3.8053 4.6743 5.3258 4.9730 5.1916 8.7149 7.5098 2.9378 4.9680 4.5596 4.0322 3.9180 5.3756 3.4128 0.0000 31.8466 31.8063 29.9256 29.8528 30.0517 30.6698 30.2438 30.7329 30.8294 31.0173 30.9115 29.3701 30.8720 31.6819 31.1983 30.0080 30.3231 31.7391 30.8086 31.2473 31.4935 30.7184 31.2432 31.2204 29.5096 31.4673 30.4817 29.7938 31.7284 31.1478 3.2735 5.6036 5.6279 5.9961 6.2934 7.8696 7.5472 5.6266 5.1696 7.0028 8.1790 3.9054 4.6007 6.6468 6.8863 3.4758 3.9142 2.9991 5.1242 3.1296 5.5821 7.3716 7.8250 3.3573 3.5697 5.9785 3.8727 7.5437 3.4779 2.9572 8.4597 16.3458 15.1895 15.4098 12.8571 8.3842 21.1316 18.8459 7.9358 6.7812 21.4619 12.1724 18.5202 14.3488 15.2381 9.3590 10.0138 19.3260 16.7002 19.2556 12.0023 10.3531 13.5291 10.3335 14.8978 12.7975 8.3034 14.0852 11.3436 16.8389 21.3277 24.0223 23.0186 22.4213 22.0234 18.4399 21.0531 23.2165 19.2209 19.5116 19.6090 19.5226 21.2411 21.4144 21.3527 18.3436 21.9056 20.2989 20.6755 23.6137 22.5617 21.8786 21.2437 20.6262 19.9221 20.7140 19.0225 19.4728 23.1942 21.8372
31.7885 31.8031 31.2250 30.8285 32.4900 31.6396 30.4665 29.6240 30.6865 28.3880 31.8375 31.4597 31.8695 28.0162 30.3758 31.8627 29.7573 31.5484 29.2544 31.0693 26.1138 29.9291 32.7833 32.7136 30.0615 32.3273 31.4219 29.5296 31.2258 31.8466 0.0000 3.3722 5.0034 4.6397 4.2280 3.6584 4.7598 3.1863 3.0826 4.7851 4.1640 6.6484 4.0041 2.8543 3.5044 3.9168 7.7397 3.1324 3.6360 3.5041 3.4790 4.1406 2.9428 4.4042 7.3754 2.7478 3.8599 4.3255 3.4544 2.6915 30.7738 31.0967 30.1718 30.0047 29.5505 30.3433 29.6254 30.6955 31.3039 30.0817 28.2611 30.8372 30.0115 30.1532 30.2869 32.1677 30.9960 31.4089 31.0005 31.5050 30.0216 27.7405 30.1046 31.0224 30.9984 30.1210 31.1485 29.4417 30.3717 31.0564 27.9030 20.0715 20.0934 19.8989 22.9140 27.6203 15.0226 17.4301 26.8528 28.1197 14.6097 22.8974 17.1035 21.5409 20.8455 26.3294 26.7067 17.2964 19.6373 16.9409 23.1261 25.1939 22.1497 25.3330 21.0416 22.6201 26.4449 21.5474 23.5819 18.2272 14.0077 10.5265 11.8506 12.5950 13.6316 20.1571 16.3570 11.6150 17.0314 17.6446 16.4668 16.6704 13.5640 12.8805 13.4750 18.5226 14.2747 14.8859 14.5936 10.6748 13.0882 13.4981 13.6349 15.2899 15.8809 15.1952 17.1933 18.3708 11.2256 13.9763
31.7567 31.6726 31.1813 30.7662 32.4460 31.5177 30.4200 29.6403 30.6399 28.3817 31.7455 31.3832 31.8667 27.9539 30.3525 31.8115 29.6663 31.5154 29.1761 30.9627 26.0182 29.9159 32.6944 32.6618 29.9994 32.2786 31.3488 29.5506 31.1378 31.8063 3.3722 0.0000 4.5354 5.5063 3.3834 4.5766 6.1972 3.0622 3.6469 3.3637 5.3514 6.6078 3.5528 2.5474 2.2197 4.1839 9.4399 2.5854 3.8802 3.0609 4.0618 5.0326 2.2870 4.3138 6.4162 2.5461 3.6591 4.4451 2.9370 2.6740 30.7188 31.0555 30.1796 30.0324 29.4093 30.4103 29.6181 30.6444 31.2714 30.0586 28.2722 30.8155 30.0194 30.1546 30.2968 32.0717 30.9463 31.3557 30.9762 31.4275 29.9983 27.7299 30.0369 31.0215 30.9032 30.0729 31.1004 29.4539 30.3718 30.9680 27.9500 20.2659 20.2553 19.9834 22.9721 27.6737 15.2502 17.5048 26.9007 28.1069 14.8237 22.9796 17.2370 21.7259 21.1354 26.4441 26.8004 17.0797 19.6476 17.0156 23.2710 25.3018 22.3435 25.4852 21.1947 22.7174 26.4737 21.5166 23.5398 18.5317 14.4338 10.9894 12.4153 13.1152 14.0604 20.3735 16.7908 12.1371 17.4942 17.8843 17.0356 17.2952 14.1429 13.3951 13.6500 18.9550 14.9816 14.8939 14.8733 11.2304 13.7440 13.9435 14.0005 15.5734 16.4192 15.7804 17.5673 18.8432 11.6157 14.6361
29.9355 29.9044 29.3702 28.8879 30.6696 29.6117 28.6505 27.9232 28.7654 26.6532 29.8813 29.5867 30.0874 26.1773 28.5431 29.9981 27.6980 29.7459 27.3254 29.0523 24.1594 28.1640 30.8712 30.9972 28.1745 30.4790 29.5723 27.6323 29.2611 29.9256 5.0034 4.5354 0.0000 4.7196 3.7021 3.5366 5.3849 3.2731 5.5840 4.7691 4.6445 3.4469 3.1621 3.7061 3.7892 3.6278 7.5702 4.7578 4.3976 3.4691 4.7977 5.0357 3.7145 4.0048 3.7006 4.1666 3.5187 2.6523 5.5551 3.5094 28.8674 29.2572 28.4355 28.2469 27.4166 28.7172 27.8354 28.8265 29.5242 28.1927 26.3800 29.0069 28.1218 28.3753 28.6079 30.1640 29.0494 29.4663 29.1807 29.5203 28.2195 25.7279 28.1904 29.1382 28.9513 28.1577 29.2755 27.6258 28.5453 29.1015 26.0726 18.6107 18.2137 17.7464 21.0937 25.9225 13.5137 15.9391 24.8993 26.1550 13.1516 20.8675 15.7353 19.6863 19.3917 24.5760 25.1777 15.5482 18.5019 15.4846 21.6907 23.3594 20.4956 23.4656 19.5846 20.9474 24.5703 19.7261 21.3281 16.8860 12.3006 9.6237 10.8163 11.2605 12.5564 17.7533 14.1868 10.9624 15.3655 15.3581 15.0033 15.3415 12.4783 11.5812 11.9609 17.0127 13.2919 12.6608 13.3415 9.6589 12.0917 12.8651 11.8510 12.7454 14.7579 13.6001 15.4001 16.1035 9.9770 12.4643
29.8383 29.9037 29.1544 28.7839 30.4188 29.6257 28.5667 27.5712 28.6517 26.3017 29.8999 29.5258 29.8616 26.0393 28.3088 29.8722 27.7135 29.5599 27.1814 29.1400 23.9768 27.9478 30.8207 30.7926 28.0091 30.4489 29.4732 27.3195 29.3522 29.8528 4.6397 5.5063 4.7196 0.0000 3.9691 3.6438 3.2811 3.5826 4.0726 5.6364 3.2923 5.6865 4.4409 4.5867 5.3924 2.6669 6.2511 4.7117 3.0026 3.4809 3.3885 2.2652 4.8034 3.5765 5.9380 4.3224 3.2049 4.5356 4.8000 4.2546 28.7549 28.9865 28.2124 27.8835 27.6421 28.2032 27.5191 28.5905 29.2063 27.8875 26.0838 28.8291 27.9104 28.0434 28.2757 30.2317 29.0147 29.3495 28.9087 29.4917 27.9827 25.5356 28.1235 28.9174 29.0648 28.0879 29.0608 27.3294 28.3698 29.0669 25.7065 18.0084 17.7337 17.9008 20.8030 25.4445 12.8425 15.4876 24.7419 25.8314 12.8708 20.6101 15.1973 19.2818 18.6458 24.0830 24.5953 15.4636 17.7765 14.9632 21.0276 22.8839 19.8252 22.9576 18.8644 20.4613 24.2857 19.3309 21.2683 16.0794 11.6734 8.5757 9.8449 10.1254 11.1031 17.6538 13.7577 9.5075 14.2169 15.3044 13.9224 14.1271 11.5982 10.9910 11.2700 16.1666 11.4887 12.5874 12.2957 8.5440 10.3987 11.4825 11.2708 13.0221 13.1528 12.6387 14.5076 16.0912 9.0698 11.3608
30.0159 30.0060 29.4421 29.0165 30.6920 29.7716 28.7231 27.8271 28.8286 26.5875 30.0243 29.6654 30.1354 26.1958 28.5629 30.0579 27.8588 29.7558 27.3807 29.2010 24.1563 28.1765 30.9858 31.0109 28.2294 30.5642 29.6258 27.7161 29.4170 30.0517 4.2280 3.3834 3.7021 3.9691 0.0000 4.0638 5.3195 2.5694 3.4290 3.1078 5.0319 5.7336 3.3217 3.4823 3.0967 3.1670 8.4018 3.0683 3.2939 2.9748 3.7736 3.9292 3.2110 3.9604 4.9469 3.1356 2.2814 4.0493 3.3903 3.3305 28.9868 29.2627 28.4592 28.2420 27.6635 28.6294 27.8143 28.8830 29.4830 28.2718 26.3771 29.0869 28.2755 28.4012 28.5661 30.3592 29.1879 29.6020 29.2274 29.6400 28.2435 25.9123 28.2476 29.1802 29.1600 28.3101 29.3251 27.6388 28.6579 29.2248 26.1605 18.4541 18.2163 18.0717 21.1028 25.8624 13.2090 15.6722 25.1103 26.2201 13.1368 21.0389 15.4026 19.7938 19.2895 24.5607 25.0526 15.1207 17.9446 15.1503 21.5444 23.4779 20.3690 23.5575 19.3871 20.8684 24.6721 19.5772 21.5127 16.7432 12.4900 9.4312 10.8792 11.2647 12.2919 18.5606 14.9452 10.6420 15.5416 16.0346 15.1686 15.5090 12.4087 11.7281 11.9210 17.3146 13.1181 13.1099 13.1851 9.5847 11.9562 12.4274 12.1763 13.7732 14.4528 14.0019 15.6047 17.0298 9.9894 12.8380
