0.0000 6.8659 6.3457 5.1115 6.9259 6.5872 6.2998 7.7827 6.5129 12.0063 6.3730 7.3652 5.1558 11.7705 7.3998 4.2753 5.1258 7.2402 5.0295 8.3934 6.5666 10.2214 5.2304 5.6432 5.3712 5.3854 6.7295 3.6946 5.7330 4.9406 19.7495 19.8553 19.5144 18.7525 19.4906 19.8141 18.7373 19.3060 19.3961 20.0147 18.7626 19.6400 19.2213 19.8692 19.9781 19.5721 17.9260 19.8152 19.5230 19.7890 19.4158 18.7640 19.9244 19.7679 19.2434 19.7721 19.7270 19.7597 19.5634 19.8040 5.0404 9.2671 8.5757 6.4106 6.3313 10.1302 11.5663 7.0562 6.0995 7.1191 11.7627 5.0848 6.3826 8.0028 7.1158 7.2357 6.4387 6.1337 7.3501 6.7258 5.8280 5.0728 10.6171 4.0307 6.2465 8.6901 6.0917 12.0682 4.3068 4.6061 8.2791 11.6063 15.0877 11.1707 9.1317 8.0890 13.4524 15.6422 7.7471 6.1873 17.5076 6.7083 14.8517 9.7200 15.3351 8.7650 8.3735 16.6144 16.6437 15.2298 9.1561 6.1611 12.3045 8.1533 9.3598 9.3992 7.3225 9.8498 9.5414 12.0677 16.8792 18.2000 17.5552 17.6826 17.4143 10.7150 15.8569 17.1598 12.3454 10.8740 15.5107 12.5931 18.3425 17.9021 17.0848 11.2056 16.1940 15.3339 17.3055 17.1269 14.9987 16.7421 15.4888 16.7949 15.2713 16.2383 12.1983 9.9408 17.1429 15.0694
6.8659 0.0000 7.9225 4.9815 9.1801 7.0698 9.0872 10.7972 9.9582 14.4241 3.8686 5.3679 8.1323 14.2556 7.5338 4.8018 5.6923 9.8486 7.6857 8.7465 9.2051 11.6754 4.2733 6.7216 6.5215 6.1518 7.6485 6.4951 5.9448 4.0950 21.8651 21.9806 21.6510 20.8910 21.6362 21.9498 20.9277 21.4436 21.5134 22.1419 20.8822 21.7803 21.3190 22.0078 22.0818 21.6829 20.0051 21.9429 21.6299 21.9117 21.5229 20.9847 22.0430 21.9133 21.3641 21.8977 21.8701 21.8804 21.6768 21.9355 4.4999 10.4144 11.6654 8.2909 6.0629 12.0302 13.5194 8.9730 8.9710 9.5767 13.8996 6.7472 6.8180 9.7275 10.2650 4.6564 8.2667 4.6094 9.0851 9.0677 8.6115 6.5391 13.2606 6.3294 4.6834 7.0709 7.2929 14.4332 6.7260 5.0670 10.4221 14.6377 17.3326 14.2305 11.3020 10.2182 15.9000 17.8943 9.4621 8.1046 19.7393 8.3379 17.4680 12.7057 17.3243 11.5442 11.4038 18.9429 18.9433 17.2897 11.5433 8.8099 14.6161 10.9988 12.1594 11.3471 9.1350 12.2406 11.4149 14.8914 19.1056 20.4473 19.7297 19.9597 19.5561 13.7477 17.8166 19.4631 15.1335 13.9050 17.8036 15.0807 20.5784 20.0903 19.3625 14.2538 18.5139 17.6993 19.6451 19.4781 17.4469 18.9963 17.8597 19.0276 17.6250 18.4406 14.9073 12.8773 19.4555 17.4076
6.3457 7.9225 0.0000 6.5043 6.9704 6.9460 6.2304 8.9239 8.3221 9.9014 7.6440 7.1785 7.4576 9.4881 4.5205 6.1445 5.8695 6.9039 5.4116 5.5632 6.7815 6.9533 6.6485 5.8985 6.3429 7.8433 7.9325 5.9288 7.1366 6.6062 17.6830 17.7825 17.4405 16.6660 17.3940 17.7517 16.6557 17.1978 17.3216 17.9445 16.5932 17.5524 17.1345 17.8036 17.9079 17.5017 15.8924 17.7325 17.4515 17.7146 17.3103 16.6627 17.8448 17.6855 17.1118 17.6933 17.6472 17.6929 17.4750 17.7367 6.0566 6.4420 9.3639 6.7421 7.8168 7.5897 9.3198 6.9500 7.2263 6.6762 9.0385 5.4773 6.4041 5.8376 7.3940 8.5947 6.8862 7.3698 7.4237 7.2382 6.4852 5.4573 7.8589 6.3976 7.3019 7.1693 6.5317 9.8098 6.2414 6.3468 7.8207 11.7493 12.9088 11.5793 8.4412 7.9825 11.2359 12.8427 7.3761 6.5836 15.2103 6.3776 12.8151 9.7746 13.0593 9.1053 8.8458 14.3999 14.4426 12.3372 9.0845 5.9877 9.7294 9.2758 8.0586 8.8492 7.3558 9.1941 7.1530 10.5500 14.5613 15.9791 15.1808 15.4796 14.9992 11.0509 13.2818 14.9820 10.7845 11.1845 13.1857 10.5566 16.1320 15.8088 14.8100 11.5644 14.0626 13.0995 15.0893 15.0032 12.8659 14.2721 13.3042 14.5933 13.1398 14.0554 10.7810 10.3752 14.9381 12.7773
5.1115 4.9815 6.5043 0.0000 8.0572 6.0161 7.2981 9.6177 8.7716 13.5439 4.1213 5.8543 6.8870 13.1631 7.1302 4.1164 4.6937 8.3740 5.3076 8.8610 7.0990 10.8421 4.4057 5.1973 5.8008 6.3508 6.3989 5.7212 5.6313 3.6866 20.7966 20.9048 20.5719 19.7981 20.5549 20.8753 19.8420 20.3450 20.4495 21.0644 19.8124 20.7167 20.2922 20.9281 21.0158 20.6298 19.0719 20.8693 20.5798 20.8433 20.4606 19.8965 20.9854 20.8236 20.3124 20.8387 20.7935 20.8213 20.6146 20.8534 4.3265 9.5095 10.2251 6.4632 6.9141 11.2587 12.5274 7.3146 8.3252 8.0819 12.8390 4.9820 5.5812 7.9995 8.5109 5.8178 7.1725 5.1974 7.8223 7.5973 6.8883 4.6149 12.2362 5.5940 4.8781 7.3248 6.8140 13.3316 6.0369 4.8779 8.6857 13.0794 16.2457 12.8715 9.6659 9.0250 14.5056 16.6444 7.8908 6.5835 18.5769 6.4436 16.1816 11.1205 16.2721 10.0720 9.7968 17.7532 17.7739 15.9725 9.9519 6.7441 13.0876 9.8952 10.6084 9.6153 7.7791 10.5486 9.7361 13.4438 17.9360 19.3276 18.6385 18.8224 18.4075 12.2198 16.8055 18.2762 13.7023 12.4642 16.5869 13.6137 19.4680 19.0026 18.1912 12.8352 17.3656 16.4838 18.4709 18.3609 16.1116 17.8448 16.6269 17.9443 16.5003 17.3459 13.4498 11.5118 18.2527 16.1762
6.9259 9.1801 6.9704 8.0572 0.0000 5.3905 4.1339 5.9872 5.1522 9.4802 8.8430 10.4805 5.6343 8.9122 8.4623 6.4810 5.7262 4.9971 5.2875 9.4151 5.4131 8.1251 7.6507 5.3072 5.7160 8.6194 7.2575 5.4654 5.9867 7.5935 17.8000 17.9108 17.5902 16.8031 17.5270 17.8849 16.7289 17.3347 17.4858 18.0883 16.7463 17.6640 17.3270 17.9191 18.0615 17.6555 16.0086 17.8916 17.6175 17.8576 17.5047 16.7279 17.9959 17.8267 17.3326 17.8478 17.7840 17.8046 17.6577 17.8778 6.2668 8.0513 5.8774 3.3692 8.4165 8.1912 10.3069 3.4200 3.6596 4.2609 11.2299 5.3995 6.3196 5.3552 5.5561 9.5113 3.6015 7.5368 3.1452 3.9542 5.1629 5.1930 10.5539 6.2284 7.8496 9.8623 3.7645 10.1221 5.6921 6.4937 3.9739 7.9179 12.9521 7.6534 4.2549 2.2035 10.5997 12.9918 3.5265 3.8921 15.3424 5.1899 12.2637 5.9241 13.3428 5.1697 5.0450 14.5599 14.5086 12.3444 4.7455 4.4524 8.6614 5.9700 6.7586 4.6068 2.5126 4.5858 5.6692 9.4175 14.6806 16.1189 15.3704 15.5513 15.2014 7.4290 13.4102 14.9496 9.4264 7.3664 13.2038 9.4499 16.3159 15.7938 14.8755 7.6970 14.2169 12.8830 15.2012 14.8969 12.3800 14.5686 13.2534 14.7079 12.9976 14.3325 9.3131 6.4486 14.9149 12.8915
6.5872 7.0698 6.9460 6.0161 5.3905 0.0000 6.2853 6.7021 6.6872 11.1136 6.3766 8.2243 5.2073 10.5834 8.1650 5.5922 4.9767 6.8149 5.4889 8.8468 5.3262 9.1148 5.7306 4.3402 7.1796 7.7107 5.9411 5.5658 4.1013 6.3374 18.7494 18.8465 18.5066 17.7034 18.4864 18.8470 17.7167 18.2578 18.4163 19.0214 17.6865 18.6703 18.2643 18.8645 18.9825 18.6148 17.0927 18.8213 18.5436 18.7852 18.4256 17.7452 18.9467 18.7698 18.2969 18.7836 18.7548 18.7501 18.5920 18.8117 4.8930 7.7434 7.1389 4.5556 7.4774 9.3162 10.8994 3.7796 5.9804 6.5459 12.0102 5.1826 4.4026 5.0655 7.0443 7.7031 4.6022 5.1155 3.9731 4.1191 5.7866 4.8212 11.7516 6.0604 5.7637 8.2554 4.5057 11.2546 5.4106 5.9726 5.1616 9.7671 14.1897 9.6482 6.3594 5.7836 11.6877 14.1608 5.0365 3.1839 16.3263 5.4069 13.5583 7.9368 14.1457 6.7028 6.7721 15.5197 15.4820 13.5118 6.3371 6.0666 10.0029 6.8417 7.8318 6.2897 5.0408 7.1348 6.4226 10.9428 15.6492 17.1249 16.4076 16.5793 16.1833 8.9923 14.5277 15.9703 10.7712 9.2297 14.2753 10.6831 17.3338 16.8327 15.8784 9.5408 15.1280 14.0006 16.2413 16.0878 13.5563 15.5871 14.2740 15.7294 14.2085 15.1874 10.5789 8.1095 15.9561 13.8514
6.2998 9.0872 6.2304 7.2981 4.1339 6.2853 0.0000 7.0994 6.6928 10.6932 8.4342 10.2182 6.6608 9.9197 8.1768 6.1354 4.9369 3.3081 3.5543 9.1883 3.6943 8.9371 7.3446 3.9025 5.6261 8.7377 7.3986 5.0669 7.2564 7.2892 18.2973 18.3798 18.0544 17.2826 18.0124 18.3671 17.2704 17.8148 17.9757 18.5413 17.2586 18.1855 17.8442 18.3819 18.5252 18.1445 16.6768 18.3596 18.1121 18.3230 17.9806 17.2503 18.4729 18.2788 17.8266 18.3289 18.2691 18.2946 18.1255 18.3440 5.8144 8.5964 6.9300 5.1035 8.4289 9.1918 11.1474 4.4056 4.8962 1.7067 10.5252 4.0397 4.9571 6.3438 3.5894 9.5065 5.2114 7.9941 4.9775 5.4223 3.3814 4.1684 10.0233 5.8085 7.2940 9.5236 5.0474 10.9724 4.9990 6.1786 4.4532 8.8339 13.7137 8.8610 4.4669 4.9498 11.1878 13.5985 4.5451 4.7825 15.8446 3.0474 12.9448 6.4846 13.9559 6.4694 5.9505 15.0260 15.0151 12.9169 6.0883 1.9128 9.3654 7.3157 7.1755 5.9285 5.0094 5.5444 6.1701 10.2435 15.2111 16.6640 15.9427 16.1294 15.7259 8.3002 14.2127 15.4952 10.2155 8.4201 13.7873 10.2419 16.8804 16.3793 15.4078 8.8755 14.7007 13.5235 15.7530 15.5310 13.0290 15.0602 13.7232 15.2582 13.6744 14.8041 10.0099 7.5898 15.4127 13.4626
7.7827 10.7972 8.9239 9.6177 5.9872 6.7021 7.0994 0.0000 4.6906 8.8115 9.9727 11.8532 5.3741 8.3958 10.1250 8.5054 8.1329 6.6194 7.1897 10.4709 6.2922 9.4795 8.8353 7.3850 8.9350 10.5870 6.4841 6.6242 8.2635 9.4003 16.4687 16.5491 16.2134 15.4289 16.1519 16.5214 15.3128 15.9565 16.1226 16.7243 15.4656 16.3507 16.0248 16.5513 16.7299 16.3485 14.9532 16.5298 16.2672 16.4991 16.1652 15.3096 16.6593 16.4458 16.0143 16.4690 16.4315 16.4485 16.3255 16.5069 8.2007 8.6971 3.0560 5.8434 9.7682 8.4889 9.7641 5.8945 4.8936 6.9751 11.1726 7.1402 7.8336 6.7282 5.7417 11.0027 5.4876 9.0108 5.5066 5.2550 6.0356 7.5251 10.9505 6.4488 9.6912 11.3320 6.4232 8.8582 6.4857 8.7013 5.6203 5.6621 11.8023 5.2104 6.2117 6.0225 9.2484 12.0665 5.2695 5.4336 13.9395 7.1621 10.4231 4.6343 12.5348 3.4473 3.1733 12.9872 12.9877 11.9970 4.8203 6.7933 8.6422 2.1866 5.3831 5.8213 5.9024 6.1704 6.8726 7.4139 13.3362 14.6609 14.1258 14.0671 14.0304 4.8747 12.8441 13.4607 7.1524 5.1415 11.9775 8.2821 14.8673 14.4951 13.4146 4.9544 12.6494 11.5494 13.6762 13.4146 10.8903 13.2784 11.7357 13.3059 11.6328 12.8891 7.3594 3.8757 13.4606 11.2807
6.5129 9.9582 8.3221 8.7716 5.1522 6.6872 6.6928 4.6906 0.0000 8.7760 9.5740 10.8188 4.5252 8.6433 9.5859 7.7060 7.2509 7.4380 7.1196 10.4065 6.8521 9.3906 8.7142 7.0563 7.4992 9.4731 6.4820 6.2881 7.0654 8.5603 17.0371 17.1115 16.8152 16.0781 16.7099 17.0795 15.8952 16.5788 16.6928 17.2972 16.0833 16.8768 16.5434 17.1256 17.2904 16.8722 15.3226 17.0940 16.8387 17.0833 16.7420 15.8966 17.2103 17.0308 16.5415 17.0524 16.9813 17.0208 16.8664 17.0883 7.7138 9.2716 4.1227 5.2204 9.6043 8.5723 10.1553 5.6407 4.5288 7.0567 11.4262 6.8738 7.8340 6.6879 6.4521 10.1773 4.9760 8.2656 5.6209 5.4635 5.9096 6.9545 10.5447 6.1092 8.7868 10.6471 6.2789 9.2419 6.5389 7.9716 6.3887 6.8784 12.1359 6.2485 6.8894 5.5321 10.2908 12.7840 5.9124 5.5325 14.6124 7.2982 11.2337 5.6862 13.0601 4.6528 4.7850 13.6959 13.6897 12.6886 5.8191 6.7985 9.5739 4.4625 6.6311 6.5127 5.2830 6.8483 7.4603 8.0786 14.0901 15.2726 14.7841 14.7104 14.6940 6.1512 13.2787 14.1633 8.4247 6.1790 12.6499 9.2349 15.4605 15.0642 14.1307 6.3101 13.4288 12.2605 14.3025 13.9687 11.7490 13.9470 12.4992 13.9464 12.2056 13.6350 8.5005 5.4844 14.1651 12.1852
12.0063 14.4241 9.9014 13.5439 9.4802 11.1136 10.6932 8.8115 8.7760 0.0000 14.1036 14.2854 10.0139 2.2900 10.6741 12.5530 11.9325 11.0307 11.4884 10.5301 10.7571 6.5430 13.2957 11.4964 12.0894 14.1339 11.2474 11.2346 11.8999 13.3368 11.8686 11.8764 11.5880 10.8935 11.3567 11.8427 10.5254 11.2539 11.5103 12.0810 10.6929 11.5509 11.2703 11.9044 12.1223 11.6635 10.2827 11.8189 11.6554 11.8500 11.5215 10.3543 11.9375 11.7565 11.1847 11.7842 11.6911 11.7651 11.6328 11.8890 12.3176 7.9920 8.2185 10.0789 13.7654 4.9253 6.6045 9.9343 9.1474 10.6148 8.1504 11.6827 12.0169 8.5145 10.0829 14.6986 9.7410 13.0397 9.6326 10.1091 10.3783 11.6424 6.6774 11.0572 13.3300 12.5557 10.5434 3.2337 11.1083 12.6255 9.7739 8.7440 6.5910 8.3389 9.7413 9.2425 5.2400 5.8448 9.7775 10.2458 8.5855 11.1485 5.2716 8.5735 8.2457 8.5037 8.3830 7.8272 7.8885 7.2404 8.9825 10.8548 6.1335 8.4967 6.7730 9.6443 9.5108 9.5325 8.1930 4.9426 8.2592 9.2542 8.9482 8.8810 8.8859 8.5178 7.5443 8.3590 5.4217 8.3238 7.1784 5.1266 9.5964 9.9131 8.1818 8.5480 7.7928 6.4079 8.2328 8.0682 6.5386 7.5868 6.8267 8.0122 6.2650 7.9756 6.2159 8.2649 8.3732 6.3856
6.3730 3.8686 7.6440 4.1213 8.8430 6.3766 8.4342 9.9727 9.5740 14.1036 0.0000 5.8063 7.4678 13.8125 7.1854 4.1078 5.1857 9.0092 6.8452 8.4130 8.0951 11.2199 3.5929 5.8041 6.6338 6.1427 6.4950 5.9531 5.8036 3.3551 21.3440 21.4601 21.1215 20.3455 21.1148 21.4302 20.4000 20.8945 20.9905 21.6186 20.3460 21.2747 20.8374 21.4829 21.5652 21.1764 19.5643 21.4242 21.1162 21.3885 20.9990 20.4565 21.5330 21.3808 20.8675 21.3819 21.3540 21.3689 21.1664 21.4046 3.8238 9.7693 10.9521 7.5118 6.0018 11.5881 12.9725 8.2817 8.6899 8.9455 13.3993 5.8214 5.9196 9.0336 9.3700 3.9810 7.9821 4.2237 8.3181 8.2041 7.6199 5.6024 12.9034 5.6999 4.4341 6.9862 7.0544 13.9093 6.0607 4.4850 9.5476 13.9087 16.8394 13.6126 10.5048 9.7526 15.1600 17.2853 8.5837 7.2884 19.1615 7.2684 16.8441 11.9557 16.8263 10.7963 10.6271 18.3495 18.3589 16.6478 10.6713 7.9919 13.8667 10.2385 11.3167 10.5212 8.6844 11.4920 10.5857 14.2098 18.5186 19.9060 19.1853 19.4103 18.9822 12.9880 17.3407 18.8720 14.3904 13.2833 17.1934 14.3338 20.0482 19.5541 18.7794 13.5710 17.9303 17.1029 19.0935 18.9570 16.7691 18.4426 17.2244 18.4989 17.0735 17.8697 14.1636 12.1597 18.8591 16.7623
7.3652 5.3679 7.1785 5.8543 10.4805 8.2243 10.2182 11.8532 10.8188 14.2854 5.8063 0.0000 8.9397 14.0447 6.6574 6.2550 7.2653 11.0466 8.6495 7.6327 10.1016 11.2109 5.9182 8.1470 8.1455 6.6461 8.9893 7.8437 6.9996 5.7204 21.5553 21.6775 21.3399 20.5679 21.3347 21.6518 20.6167 21.1245 21.2008 21.8434 20.5606 21.4842 21.0090 21.7074 21.7812 21.3769 19.6547 21.6367 21.3220 21.6103 21.2076 20.6878 21.7421 21.6140 21.0665 21.5987 21.5686 21.5869 21.3713 21.6278 6.6614 9.6527 12.6711 9.4452 7.3616 11.5314 12.8924 10.0630 10.3154 10.8920 13.4361 8.1323 8.2208 9.5375 11.4441 6.2360 9.6753 6.1453 10.2698 9.8833 9.8130 7.7274 12.5160 7.9175 6.1935 7.6854 8.8704 14.0877 8.1427 6.6331 11.5359 15.5960 17.0713 15.2072 12.4842 11.4030 15.6635 17.5439 10.8231 9.1268 19.4466 9.6870 17.3148 13.7904 16.9079 12.6300 12.4748 18.6058 18.6381 17.0243 12.5900 10.0018 14.4535 12.1013 12.0925 12.4695 10.4182 13.3221 11.4657 14.8953 18.8009 20.1160 19.4310 19.6550 19.2458 14.6993 17.4826 19.1517 15.2268 14.9013 17.4693 14.9930 20.2599 19.7839 19.0462 15.2511 18.1682 17.4164 19.3305 19.2161 17.1705 18.6764 17.5408 18.7326 17.3455 18.1055 14.8433 13.9358 19.1912 17.0813
5.1558 8.1323 7.4576 6.8870 5.6343 5.2073 6.6608 5.3741 4.5252 10.0139 7.4678 8.9397 0.0000 9.8305 8.4338 5.8804 6.4376 7.2963 6.2252 9.1305 6.0331 9.3094 6.6818 6.1109 7.2314 7.6592 5.6523 5.0734 5.0452 6.8695 18.1046 18.1914 17.8646 17.1019 17.8092 18.1689 17.0046 17.6332 17.7488 18.3672 17.1179 17.9757 17.5753 18.2071 18.3419 17.9410 16.4589 18.1600 17.8872 18.1352 17.7791 17.0530 18.2791 18.1105 17.5998 18.1165 18.0899 18.0891 17.9265 18.1560 6.0214 8.3649 5.8405 5.1537 7.8461 8.7526 10.3597 5.4632 4.9084 7.0426 11.5418 6.2154 6.6860 6.6635 6.6402 8.3129 5.4134 6.2489 5.1613 4.8346 5.7309 5.9861 10.7434 4.9770 6.7912 9.1960 5.4993 10.3446 4.8412 6.0324 6.4724 8.8974 13.3541 8.4761 7.4887 6.1780 11.3598 13.8156 6.0314 4.8869 15.7210 6.7328 12.6961 7.4113 13.7401 6.1362 5.8653 14.8214 14.8050 13.5366 6.7443 6.6473 10.3610 5.3530 7.3604 7.3981 5.7980 7.9756 7.8521 9.8635 15.1176 16.3975 15.8500 15.8809 15.6881 8.0260 14.2165 15.3041 9.9757 8.1474 13.7237 10.4091 16.6041 16.1827 15.2470 8.4949 14.4505 13.3774 15.4971 15.2656 12.9781 15.0278 13.5920 15.0242 13.3951 14.5311 9.9304 7.2290 15.2943 13.2062
11.7705 14.2556 9.4881 13.1631 8.9122 10.5834 9.9197 8.3958 8.6433 2.2900 13.8125 14.0447 9.8305 0.0000 10.3498 12.2345 11.4591 10.1372 10.8415 10.2712 9.9181 6.0792 12.9434 10.8323 11.8109 14.0188 10.9074 10.8863 11.6677 13.0974 11.8274 11.8638 11.5496 10.7906 11.3545 11.8304 10.4881 11.1968 11.4867 12.0685 10.6106 11.5520 11.3294 11.8817 12.1113 11.6741 10.2422 11.8229 11.6403 11.8399 11.4887 10.3190 11.9514 11.7333 11.2194 11.7968 11.6894 11.7726 11.6396 11.8631 11.9424 7.3349 7.7382 9.5078 13.5771 4.4780 6.3628 9.2041 8.8804 9.7752 7.7875 11.0488 11.3682 7.8774 9.2773 14.5351 9.1916 12.8249 9.0062 9.4900 9.7004 11.0493 6.5554 10.8402 12.9565 12.3494 10.1124 2.9314 10.7053 12.2876 8.8463 8.1236 6.5754 7.9045 8.7590 8.5764 4.1674 5.2718 8.9736 9.6273 8.4349 10.3606 4.8975 7.7934 7.9898 7.8194 7.7353 7.6515 7.6764 6.4379 8.1234 10.0607 4.6419 8.0868 5.7766 8.7234 8.9529 8.5394 7.1497 4.4790 8.0047 9.2418 8.7882 8.7917 8.6634 7.9808 7.2764 8.1602 4.6128 7.8382 6.7285 4.0302 9.5979 9.7844 7.9973 8.0122 7.6371 5.9571 8.1626 8.0674 5.9503 7.4172 6.4196 7.9312 6.0429 7.8649 5.4177 7.6673 8.1812 5.9934
7.3998 7.5338 4.5205 7.1302 8.4623 8.1650 8.1768 10.1250 9.5859 10.6741 7.1854 6.6574 8.4338 10.3498 0.0000 6.2419 6.6371 8.7733 7.3092 4.2724 8.5881 7.1054 6.8064 7.1818 6.7976 7.7208 8.3069 6.8795 7.6235 6.4346 18.2110 18.3410 17.9893 17.1959 17.9558 18.2920 17.2148 17.7343 17.8525 18.5048 17.1113 18.0826 17.6530 18.3600 18.4538 18.0266 16.2602 18.2832 17.9756 18.2562 17.8397 17.2362 18.3800 18.2477 17.6527 18.2386 18.1914 18.2349 18.0165 18.2808 6.2659 6.2899 10.8995 7.9465 7.5347 7.4901 9.2949 8.7152 8.4973 8.6127 9.5611 6.9386 7.8065 7.6071 9.2449 7.9781 8.3408 7.3819 8.8407 8.7252 8.2309 7.0144 8.3447 7.0253 7.6385 7.2965 7.5186 10.4135 7.1639 6.3144 9.6792 13.3940 13.5924 13.0962 10.2831 9.3664 12.1233 13.5752 8.8239 8.0600 15.8496 7.9984 13.7667 11.5377 13.5208 10.6337 10.3820 15.0482 15.1185 13.1914 10.6122 7.8799 10.9819 10.4106 9.2789 10.4139 8.5285 11.0086 8.9318 11.7757 15.1692 16.5544 15.7828 16.0992 15.5995 12.6790 13.7465 15.6166 12.0927 12.7413 13.8474 11.5523 16.6884 16.3865 15.4572 13.1108 14.6292 13.8738 15.7492 15.6883 13.6594 14.9183 13.9883 15.1652 13.7160 14.5468 11.9063 11.8802 15.6181 13.4061
4.2753 4.8018 6.1445 4.1164 6.4810 5.5922 6.1354 8.5054 7.7060 12.5530 4.1078 6.2550 5.8804 12.2345 6.2419 0.0000 3.6074 6.9978 4.8843 7.3773 6.6574 9.8078 2.9628 4.2486 4.3130 4.6653 6.4401 3.6065 4.4204 2.9767 20.4078 20.5247 20.1836 19.3986 20.1672 20.4966 19.4239 19.9598 20.0616 20.6914 19.3783 20.3062 19.8733 20.5417 20.6403 20.2263 18.5023 20.4875 20.1841 20.4568 20.0730 19.4627 20.5900 20.4469 19.9171 20.4493 20.4049 20.4250 20.2263 20.4784 2.3081 8.5790 9.4732 5.8297 4.7852 10.1103 11.9067 6.7314 6.3485 6.7570 12.1174 4.3765 5.3202 7.7405 7.6226 5.0254 6.4555 3.9885 6.6895 6.5352 6.0925 3.9741 11.3496 3.9535 4.3821 7.2520 4.8314 12.7512 4.0911 2.1883 8.0009 12.4471 15.6845 12.0620 8.7473 7.6034 13.9849 16.1548 7.1346 5.5606 18.1634 5.8311 15.6744 10.3815 15.7303 9.2606 8.9490 17.3180 17.3340 15.5293 9.2158 5.8467 12.5361 8.8172 9.9002 9.0916 6.6216 9.7287 9.2198 12.9623 17.5092 18.8917 18.1704 18.3966 17.9864 11.6073 16.2091 17.8449 13.1325 11.7311 16.1298 13.0980 19.0506 18.5465 17.7523 12.1033 16.8880 15.9843 18.0532 17.8556 15.6585 17.3790 16.1632 17.4641 15.9340 16.8644 12.9042 10.6523 17.8230 15.7207
5.1258 5.6923 5.8695 4.6937 5.7262 4.9767 4.9369 8.1329 7.2509 11.9325 5.1857 7.2653 6.4376 11.4591 6.6371 3.6074 0.0000 6.1058 4.3065 8.1557 5.3798 9.5671 4.5179 2.9766 4.0072 6.4345 5.7555 4.0074 5.1925 4.2254 19.7212 19.8295 19.4973 18.7014 19.4645 19.8072 18.7237 19.2664 19.3786 20.0009 18.6787 19.6235 19.2161 19.8468 19.9580 19.5391 17.8491 19.8029 19.5111 19.7679 19.3894 18.7435 19.9099 19.7490 19.2406 19.7713 19.7101 19.7401 19.5396 19.7905 3.0758 8.6820 8.6018 5.2384 6.1494 9.8057 11.6957 5.5510 5.9995 5.5171 11.5798 3.4065 3.9205 6.8950 6.3247 6.4112 5.3411 4.7908 6.0456 6.4272 4.7843 2.9238 11.0148 4.4933 4.7865 7.3755 4.7599 12.1202 4.2504 4.2062 6.9079 11.3227 14.9776 11.0446 7.3038 6.7487 13.0297 15.3375 6.2328 5.2893 17.3949 4.2438 14.8100 9.1044 15.1480 8.3632 8.0201 16.5524 16.5698 14.6514 8.0792 4.6428 11.5392 8.3891 8.9317 7.8289 5.6289 8.3862 7.9716 11.9895 16.7560 18.1861 17.4639 17.6750 17.2405 10.5315 15.5187 17.0855 12.1817 10.7143 15.3482 12.1346 18.3632 17.8338 16.9866 11.0705 16.1826 15.1795 17.3227 17.1039 14.7990 16.6177 15.3406 16.7496 15.1763 16.2088 11.9046 9.6891 17.0406 14.9756
7.2402 9.8486 6.9039 8.3740 4.9971 6.8149 3.3081 6.6194 7.4380 11.0307 9.0092 11.0466 7.2963 10.1372 8.7733 6.9978 6.1058 0.0000 4.6744 9.1679 4.5338 9.2561 7.5699 4.8255 7.0661 9.4746 8.1244 5.4481 8.3095 8.2230 18.2847 18.3910 18.0498 17.2780 18.0249 18.3671 17.2584 17.8097 17.9585 18.5387 17.2490 18.1879 17.8859 18.3835 18.5291 18.1632 16.7068 18.3672 18.0950 18.3218 17.9589 17.2571 18.4764 18.2762 17.8335 18.3211 18.2746 18.3051 18.1424 18.3303 6.5782 8.7493 7.0202 6.0018 8.7241 9.3887 11.1850 5.2819 5.5098 2.7500 10.6451 4.5345 5.6150 6.9983 3.7104 10.1600 5.9921 8.5963 5.6182 5.6340 4.0827 5.0015 10.4271 6.2509 8.2702 10.2232 5.3822 11.1406 5.4174 6.9922 4.7724 8.9222 13.7965 8.9664 4.8450 5.8147 11.2060 13.6137 4.9511 5.4427 15.8633 4.1946 12.9299 6.6455 14.1048 6.4645 6.2308 15.0322 15.0142 12.9560 6.5225 3.1827 9.3719 7.0631 7.2772 6.3163 6.0686 5.8854 6.6467 10.4194 15.1941 16.6620 15.8671 16.0774 15.7287 8.4384 14.2768 15.4873 10.0780 8.6459 13.7407 10.2649 16.8193 16.3551 15.3965 8.7966 14.7031 13.5708 15.7699 15.5446 12.9912 15.0752 13.7220 15.3046 13.7125 14.7978 10.0639 7.6148 15.4183 13.3700
5.0295 7.6857 5.4116 5.3076 5.2875 5.4889 3.5543 7.1897 7.1196 11.4884 6.8452 8.6495 6.2252 10.8415 7.3092 4.8843 4.3065 4.6744 0.0000 8.6104 3.7788 9.1998 5.5269 3.6735 5.2052 7.5697 6.4969 4.3974 6.2689 5.8059 18.9266 19.0179 18.6714 17.8750 18.6558 19.0019 17.9161 18.4401 18.5905 19.1812 17.8896 18.8403 18.4357 19.0295 19.1500 18.7712 17.2897 18.9872 18.7215 18.9569 18.5990 17.9270 19.1137 18.9224 18.4496 18.9532 18.9102 18.9326 18.7468 18.9762 4.6999 8.0816 7.6690 4.8164 6.8396 9.6156 11.1399 4.9712 5.4865 4.1822 10.9689 3.1767 4.2683 6.1019 4.9479 8.4350 5.4107 6.8561 5.6027 5.4343 4.1329 3.4497 10.4570 4.9749 6.5617 8.7858 4.7674 11.4645 4.4938 5.3514 5.5661 10.0238 14.3515 9.9850 6.1598 6.2769 11.9718 14.3563 5.2330 4.3662 16.5223 3.4119 13.7878 7.8183 14.4019 7.2323 6.7636 15.6671 15.6887 13.6678 7.0318 2.6406 10.3121 7.5518 7.8219 6.7383 5.5217 7.0617 6.8602 11.0051 15.8560 17.3385 16.6273 16.8133 16.3877 9.2792 14.8884 16.1952 11.0734 9.5030 14.4526 11.0919 17.5366 17.0521 16.0980 9.9693 15.2743 14.2437 16.4124 16.2804 13.7967 15.7452 14.4415 15.9274 14.4015 15.3770 10.8271 8.5595 16.1343 14.0671
8.3934 8.7465 5.5632 8.8610 9.4151 8.8468 9.1883 10.4709 10.4065 10.5301 8.4130 7.6327 9.1305 10.2712 4.2724 7.3773 8.1557 9.1679 8.6104 0.0000 9.5306 6.9285 7.5138 8.3324 8.6882 8.2629 9.8667 7.5418 8.5478 7.8971 17.8601 18.0003 17.6327 16.8606 17.6254 17.9494 16.8810 17.3847 17.5109 18.1535 16.7344 17.7375 17.3325 18.0139 18.1067 17.7083 15.9184 17.9350 17.6162 17.9086 17.4735 16.8853 18.0268 17.8980 17.3247 17.8780 17.8513 17.8945 17.6902 17.9339 7.5330 5.9062 11.5181 9.3814 7.9651 7.4103 9.0872 9.6878 9.0787 9.4468 9.1438 8.0764 8.6916 8.4245 10.0694 8.7626 9.5410 8.0748 9.5117 9.0654 9.1987 8.2507 7.8128 8.0138 8.6108 7.8860 8.0921 10.3251 7.8324 7.4160 10.4085 14.0237 13.4679 13.7200 11.0589 10.3328 12.0909 13.1688 9.8674 8.6657 15.4976 9.2142 13.6574 12.2762 13.2538 11.3006 11.1874 14.7314 14.7991 12.9549 11.4660 9.1120 10.9869 10.9210 9.7746 11.4499 9.8719 11.8223 9.6634 12.1689 14.8025 16.1717 15.3392 15.7285 15.2236 13.3156 13.4368 15.3050 12.2335 13.4168 13.5306 11.7031 16.2856 16.0902 15.1158 13.6852 14.3051 13.6509 15.4034 15.4140 13.5591 14.5149 13.7756 14.8486 13.5264 14.1880 12.2832 12.4792 15.3036 13.0977
6.5666 9.2051 6.7815 7.0990 5.4131 5.3262 3.6943 6.2922 6.8521 10.7571 8.0951 10.1016 6.0331 9.9181 8.5881 6.6574 5.3798 4.5338 3.7788 9.5306 0.0000 9.2539 7.2516 3.9419 7.2670 9.4699 6.2067 5.4124 7.1204 7.6426 17.9777 18.0524 17.7097 16.9055 17.6881 18.0565 16.9318 17.4618 17.6446 18.2188 16.9256 17.8979 17.5303 18.0581 18.2031 17.8389 16.5092 18.0323 17.7864 17.9938 17.6483 16.9357 18.1658 17.9497 17.5295 18.0043 17.9701 17.9761 17.8052 18.0155 5.9877 8.2217 6.3437 5.2033 8.7941 9.2336 10.8437 4.0996 5.5393 3.7765 10.5645 4.5303 4.5123 5.8216 3.3963 9.7132 5.2558 7.7854 4.8202 5.2531 3.1454 4.6898 10.3790 5.8877 7.2442 9.4582 5.4603 10.7574 4.8951 6.9357 4.2297 8.3165 13.5307 8.5289 4.5213 5.7297 10.5902 13.2614 4.5275 4.3908 15.4621 2.7857 12.5343 6.0360 13.6224 5.8590 5.3269 14.5871 14.5960 12.6383 5.4174 3.2538 8.9797 6.5351 6.3355 5.6015 5.5199 5.6921 5.5690 9.8158 14.8093 16.3101 15.6436 15.7970 15.3719 7.6538 14.0476 15.1032 9.6144 7.9500 13.4229 9.7095 16.5718 16.0712 15.0094 8.4327 14.2612 13.1150 15.4028 15.2640 12.5677 14.7403 13.2565 14.9426 13.3905 14.4088 9.3899 6.9996 15.0223 12.9837
10.2214 11.6754 6.9533 10.8421 8.1251 9.1148 8.9371 9.4795 9.3906 6.5430 11.2199 11.2109 9.3094 6.0792 7.1054 9.8078 9.5671 9.2561 9.1998 6.9285 9.2539 0.0000 10.3747 9.2015 9.9192 11.5259 10.1821 9.4722 9.5721 10.6167 14.4554 14.5708 14.2169 13.4331 14.1400 14.5227 13.3863 13.8745 14.1496 14.7391 13.1816 14.2549 13.9612 14.5764 14.7240 14.3065 12.5322 14.4987 14.2650 14.4960 14.1115 13.2760 14.5962 14.4431 13.9274 14.4683 14.3822 14.4680 14.2999 14.5172 9.6974 4.0901 9.7100 8.3726 10.9719 3.8289 6.2584 8.5221 8.5927 8.9829 7.7506 9.3461 9.7264 6.7216 9.6104 12.0846 8.6292 10.4150 8.1834 8.4192 9.3711 9.3679 6.3951 9.7625 10.7583 9.5105 8.5035 6.5913 9.4401 9.8670 8.6251 11.1826 9.7054 11.0279 8.9305 8.2711 7.7270 8.5708 8.3768 8.3959 11.6135 9.1831 9.5278 9.8489 9.7747 9.2223 9.1415 10.9520 11.0201 8.4678 9.0282 8.8700 6.5844 9.4314 7.2854 8.9057 8.1833 9.0990 7.0368 8.4929 10.9537 12.3535 11.5632 11.9745 11.3433 10.7444 9.3488 11.4459 8.5757 10.8260 9.6995 7.4379 12.5827 12.5691 11.2674 11.0207 10.6398 9.6968 11.5224 11.5827 9.5826 10.4952 9.9484 11.1061 9.5803 10.5901 8.8715 10.0190 11.4492 9.2013
5.2304 4.2733 6.6485 4.4057 7.6507 5.7306 7.3446 8.8353 8.7142 13.2957 3.5929 5.9182 6.6818 12.9434 6.8064 2.9628 4.5179 7.5699 5.5269 7.5138 7.2516 10.3747 0.0000 5.0148 5.8915 5.2652 6.7092 4.5069 5.2153 3.5645 20.7846 20.9042 20.5539 19.7668 20.5560 20.8768 19.8191 20.3330 20.4339 21.0635 19.7649 20.7071 20.2691 20.9226 21.0137 20.6222 18.9606 20.8653 20.5542 20.8310 20.4416 19.8701 20.9739 20.8230 20.3063 20.8202 20.7940 20.8073 20.6124 20.8504 3.1048 8.7700 10.0797 6.8215 4.3696 10.7953 12.2783 7.4710 7.2746 7.7583 12.6049 4.8360 5.2072 8.2584 8.3469 5.0028 7.1451 4.0708 7.4857 7.1446 6.8318 4.8006 12.0852 4.6980 4.4925 7.1923 5.5325 13.2521 4.7445 3.5573 8.6345 13.0739 16.1849 12.7287 9.5305 8.7465 14.4441 16.6020 7.8198 6.2359 18.5640 6.5690 16.1481 11.0677 16.1615 9.8272 9.6662 17.7195 17.7324 15.9872 9.8867 6.7959 13.0556 9.1936 10.4667 9.7173 7.7414 10.5162 9.7822 13.5406 17.8966 19.3024 18.5641 18.7891 18.3860 12.1658 16.7134 18.2543 13.6040 12.4102 16.5458 13.6118 19.4389 18.9592 18.1575 12.7014 17.2714 16.4343 18.4626 18.3156 16.1094 17.7933 16.5911 17.8812 16.4269 17.2342 13.4086 11.2140 18.2459 16.0952
5.6432 6.7216 5.8985 5.1973 5.3072 4.3402 3.9025 7.3850 7.0563 11.4964 5.8041 8.1470 6.1109 10.8323 7.1818 4.2486 2.9766 4.8255 3.6735 8.3324 3.9419 9.2015 5.0148 0.0000 5.5090 7.5255 6.0300 4.0875 5.6331 5.5152 19.0646 19.1619 18.8243 18.0277 18.8012 19.1497 18.0566 18.5796 18.7306 19.3261 18.0047 18.9737 18.5979 19.1695 19.2966 18.9061 17.3566 19.1364 18.8649 19.0997 18.7362 18.0637 19.2503 19.0674 18.6051 19.1051 19.0558 19.0736 18.8916 19.1178 3.3076 8.2130 7.6850 4.9897 7.1100 9.4561 11.3653 4.4975 5.6736 4.1804 10.9731 3.0080 2.6512 6.1288 4.9509 7.3354 5.2048 5.6719 5.0863 5.6961 3.4531 2.5875 10.6978 4.5403 4.7649 7.5354 4.5699 11.6494 3.8395 4.9098 5.4167 10.2311 14.4458 10.1482 5.7982 6.0693 12.0896 14.5408 5.1843 4.3938 16.6532 2.7330 13.9585 7.9257 14.5420 7.3418 7.0304 15.8186 15.8195 13.8506 6.9943 3.4930 10.4832 7.6088 7.9978 6.8027 5.3711 7.1793 6.8059 11.2597 16.0124 17.4698 16.7480 16.9552 16.5174 9.4881 14.9050 16.3281 11.2119 9.7317 14.6117 11.1396 17.6752 17.1629 16.2366 10.0797 15.4560 14.4205 16.6023 16.4110 13.9579 15.8839 14.5451 16.0558 14.4932 15.4806 10.9690 8.6284 16.2685 14.2241
5.3712 6.5215 6.3429 5.8008 5.7160 7.1796 5.6261 8.9350 7.4992 12.0894 6.6338 8.1455 7.2314 11.8109 6.7976 4.3130 4.0072 7.0661 5.2052 8.6882 7.2670 9.9192 5.8915 5.5090 0.0000 6.2105 7.0566 4.7319 6.1086 4.5464 20.1580 20.2754 19.9547 19.1870 19.9000 20.2304 19.1677 19.7408 19.8148 20.4464 19.1570 20.0271 19.6071 20.2968 20.3954 19.9537 18.1622 20.2418 19.9432 20.2164 19.8353 19.1885 20.3376 20.2010 19.6313 20.2068 20.1291 20.1761 19.9659 20.2393 4.6718 9.4579 9.3927 5.7554 6.3842 10.0738 12.0372 6.9685 6.0192 6.3929 12.1619 4.9415 6.6952 8.1816 7.5560 6.9373 5.9730 6.2561 7.2174 7.4171 6.3824 4.6625 11.1362 5.1770 6.8187 8.5955 5.3632 12.4157 5.6089 4.4418 8.2580 12.0352 15.2988 11.5550 8.5562 7.1687 13.8323 15.8825 7.0626 6.5351 17.9289 6.2808 15.3573 9.9615 15.6168 9.2502 8.7410 17.1123 17.1252 15.2306 9.0293 5.5801 12.3638 9.1972 9.8737 8.8533 6.0836 9.2486 9.2796 12.4623 17.3019 18.6621 17.9313 18.1419 17.7580 11.3336 15.9259 17.6181 12.9194 11.2986 15.8846 12.9507 18.7927 18.2809 17.5265 11.7104 16.7239 15.7184 17.7867 17.5155 15.4150 17.1271 15.9624 17.1950 15.6204 16.7427 12.6690 10.4968 17.5834 15.5674
5.3854 6.1518 7.8433 6.3508 8.6194 7.7107 8.7377 10.5870 9.4731 14.1339 6.1427 6.6461 7.6592 14.0188 7.7208 4.6653 6.4345 9.4746 7.5697 8.2629 9.4699 11.5259 5.2652 7.5255 6.2105 0.0000 9.2171 5.8173 5.4141 4.5738 21.9229 22.0387 21.7033 20.9613 21.6948 22.0133 20.9683 21.5162 21.5712 22.2029 20.9386 21.8205 21.3380 22.0645 22.1387 21.7291 19.9696 21.9938 21.6817 21.9643 21.5824 21.0306 22.0915 21.9804 21.4074 21.9505 21.9269 21.9323 21.7312 22.0005 5.6119 10.3258 11.6475 8.5510 4.3881 11.7993 13.4848 9.2489 8.0798 9.5310 13.8373 7.4302 7.8989 9.8973 10.4208 5.9115 8.7851 5.6427 9.0529 8.4334 8.9196 6.9603 12.6855 6.5203 6.7694 9.1025 6.9128 14.4451 6.3587 4.3029 10.5845 14.7060 17.3769 14.1454 11.5099 9.8105 16.0163 17.9287 10.0098 7.9068 19.8349 9.1255 17.5293 12.8482 17.2494 11.6523 11.4392 19.0211 19.0271 17.4087 11.7355 8.8594 14.6465 10.9453 12.1982 11.8640 9.1874 12.3073 11.7080 15.0508 19.2110 20.4982 19.7826 20.0039 19.6481 13.8418 17.8360 19.5383 15.2917 13.8819 17.8736 15.2798 20.6177 20.1290 19.4330 14.3022 18.5450 17.7100 19.6929 19.4968 17.5676 19.0544 17.9669 19.0777 17.6833 18.5092 15.0718 12.9215 19.5402 17.5353
6.7295 7.6485 7.9325 6.3989 7.2575 5.9411 7.3986 6.4841 6.4820 11.2474 6.4950 8.9893 5.6523 10.9074 8.3069 6.4401 5.7555 8.1244 6.4969 9.8667 6.2067 10.1821 6.7092 6.0300 7.0566 9.2171 0.0000 6.2268 6.6054 6.2833 18.5702 18.6631 18.3295 17.5296 18.2798 18.6296 17.5206 18.0824 18.2115 18.8339 17.5693 18.4781 18.0856 18.6812 18.8078 18.4082 16.9285 18.6369 18.3568 18.6010 18.2394 17.5519 18.7643 18.5715 18.0846 18.5961 18.5453 18.5770 18.3910 18.6166 5.9080 9.0784 7.0013 5.4728 8.7942 9.6893 10.9677 6.3489 6.9408 7.8165 12.0436 5.4493 6.3650 7.2970 6.9979 7.6198 5.7572 6.2936 6.6342 6.6490 5.8884 6.0032 11.7897 5.4641 6.9133 8.6126 6.9266 10.8931 6.1115 6.8690 7.3677 9.7125 13.8752 9.4546 8.0428 7.7726 11.8295 14.3615 6.0375 6.0398 16.1945 6.1720 13.3514 8.1207 14.3845 7.2108 6.6450 15.2969 15.3087 13.8898 7.2137 6.8137 10.9865 6.7096 7.8595 7.4383 6.4280 8.5454 8.0923 10.2695 15.5681 16.9693 16.3803 16.4260 16.1406 8.7704 14.8092 15.8269 10.5419 9.2066 14.2304 10.9560 17.1395 16.6968 15.7497 9.3836 14.9369 13.9803 16.0600 15.8728 13.4917 15.4859 14.0947 15.5665 13.9947 15.0230 10.3709 8.1046 15.7985 13.6353
3.6946 6.4951 5.9288 5.7212 5.4654 5.5658 5.0669 6.6242 6.2881 11.2346 5.9531 7.8437 5.0734 10.8863 6.8795 3.6065 4.0074 5.4481 4.3974 7.5418 5.4124 9.4722 4.5069 4.0875 4.7319 5.8173 6.2268 0.0000 5.4675 4.8950 19.2170 19.3333 18.9821 18.1922 18.9585 19.2966 18.1740 18.7661 18.8557 19.4964 18.1865 19.1077 18.6847 19.3432 19.4579 19.0431 17.3651 19.2945 18.9831 19.2573 18.8695 18.2119 19.4019 19.2425 18.7007 19.2423 19.2103 19.2262 19.0335 19.2817 3.6169 8.4909 7.6250 5.5720 5.6841 9.1950 11.0901 5.9594 4.5337 5.4535 11.0077 3.9160 4.9938 7.2514 5.5966 6.7692 5.4166 5.3911 6.0912 5.8825 4.4248 3.8668 10.2539 2.5581 5.7004 8.2244 4.2384 11.4852 2.3157 3.9735 6.9803 10.6503 14.4628 10.2222 7.5421 6.7619 12.5803 14.8875 6.3379 5.0737 16.8921 5.2498 14.1448 8.5524 14.7030 7.6699 7.2412 16.0038 16.0186 14.4253 7.9351 4.8968 11.2865 7.1531 8.2628 8.2366 6.1759 8.5313 8.3608 11.4001 16.2360 17.6300 16.9000 17.0910 16.7761 9.8236 15.1382 16.5484 11.4618 9.9320 14.8235 11.6974 17.7834 17.3053 16.4482 10.2135 15.5735 14.6161 16.7526 16.5204 14.2651 16.1062 14.7787 16.1712 14.6131 15.6107 11.3293 8.8723 16.5133 14.3963
5.7330 5.9448 7.1366 5.6313 5.9867 4.1013 7.2564 8.2635 7.0654 11.8999 5.8036 6.9996 5.0452 11.6677 7.6235 4.4204 5.1925 8.3095 6.2689 8.5478 7.1204 9.5721 5.2153 5.6331 6.1086 5.4141 6.6054 5.4675 0.0000 5.0445 19.9138 20.0217 19.6859 18.9098 19.6613 20.0097 18.9015 19.4648 19.5740 20.1983 18.8844 19.8099 19.3542 20.0460 20.1418 19.7430 18.0714 19.9845 19.6929 19.9576 19.5878 18.9561 20.0985 19.9603 19.4213 19.9497 19.9220 19.9167 19.7374 19.9923 4.6189 8.3826 8.8300 5.4214 6.0340 9.8767 11.6042 5.8895 6.2869 7.8929 12.7880 6.1528 5.8475 6.7458 8.6688 6.2555 5.8614 3.8760 5.6391 5.4324 7.1618 5.5395 11.9560 5.9752 5.1910 8.0268 4.7025 12.2772 5.5002 4.6298 7.4448 11.7025 15.2557 11.2608 8.4922 6.7443 13.3560 15.5518 6.9025 4.8938 17.6322 6.9689 15.0511 9.9449 15.1681 8.6032 8.5390 16.8242 16.8002 14.9690 8.4088 7.2792 11.8293 8.2764 9.5317 8.4356 5.9340 9.1507 8.5222 12.4164 16.9914 18.3584 17.6635 17.8553 17.4644 10.8603 15.6621 17.2987 12.5490 10.9508 15.6197 12.4536 18.5445 18.0315 17.2053 11.3941 16.3952 15.3536 17.5066 17.3230 15.0807 16.8785 15.6607 16.9529 15.4430 16.4098 12.3233 9.9329 17.2992 15.2450
4.9406 4.0950 6.6062 3.6866 7.5935 6.3374 7.2892 9.4003 8.5603 13.3368 3.3551 5.7204 6.8695 13.0974 6.4346 2.9767 4.2254 8.2230 5.8059 7.8971 7.6426 10.6167 3.5645 5.5152 4.5464 4.5738 6.2833 4.8950 5.0445 0.0000 20.9745 21.0878 20.7520 19.9770 20.7305 21.0572 20.0072 20.5355 20.6176 21.2532 19.9710 20.8822 20.4272 21.1139 21.1967 20.7861 19.0916 21.0504 20.7424 21.0193 20.6309 20.0570 21.1568 21.0151 20.4652 21.0102 20.9682 20.9916 20.7820 21.0421 3.3580 9.3657 10.3360 6.6425 4.9636 10.9167 12.4837 7.6383 7.4342 8.0284 12.8926 4.9802 6.0381 8.5028 8.7150 3.8312 7.0940 4.2287 7.7127 7.4802 7.0244 4.9002 12.0809 4.9117 4.9520 7.3249 6.0736 13.3057 5.3798 3.1246 9.0628 13.3120 16.3165 12.9175 9.9163 8.7831 14.7434 16.8323 7.9868 6.5735 18.7819 6.8316 16.3732 11.3128 16.3703 10.2056 9.9173 17.9518 17.9631 16.1956 10.0925 6.9970 13.3757 9.7704 10.7757 9.9861 7.6297 10.7716 10.1084 13.6196 18.1330 19.5177 18.7884 19.0047 18.5981 12.4225 16.8640 18.4812 13.9319 12.5972 16.7715 13.9188 19.6474 19.1464 18.3821 12.9748 17.5210 16.6398 18.6728 18.4945 16.3528 18.0121 16.8329 18.0698 16.6030 17.4914 13.6840 11.5913 18.4652 16.3685
19.7495 21.8651 17.6830 20.7966 17.8000 18.7494 18.2973 16.4687 17.0371 11.8686 21.3440 21.5553 18.1046 11.8274 18.2110 20.4078 19.7212 18.2847 18.9266 17.8601 17.9777 14.4554 20.7846 19.0646 20.1580 21.9229 18.5702 19.2170 19.9138 20.9745 0.0000 0.7951 0.7647 1.5042 1.2713 0.5733 1.7137 1.2211 0.7275 0.7517 1.8466 0.8765 1.6048 0.6291 0.7149 0.8586 3.0522 0.9603 0.6035 0.7215 0.7872 2.3245 0.7700 0.8244 1.4838 0.8437 0.8371 0.7471 1.0203 0.4831 20.0903 15.6066 15.8309 17.9822 21.4604 13.5392 11.2389 17.6370 17.6878 18.1192 11.8994 19.1046 19.2624 16.4151 17.3177 22.0834 17.7144 20.7870 17.6416 17.8643 17.8712 19.2668 13.8709 19.0443 20.7123 19.4268 18.7414 11.2835 19.0157 20.4492 17.0993 15.2029 7.9049 15.2770 17.0493 17.3870 11.0990 9.9872 17.3395 18.0710 6.7721 18.4514 10.2345 15.6916 5.8532 15.9373 16.0950 7.0780 7.0437 9.0564 16.4217 18.3227 12.6337 16.2478 14.2296 16.8095 17.7178 16.6793 15.6779 12.0338 6.9844 6.6046 6.7851 6.6743 6.8336 15.3085 7.9818 6.8543 12.0080 15.3049 7.6644 11.6791 6.5964 2.3701 6.8930 15.2413 7.3073 8.0794 6.8567 6.9249 8.5288 7.2548 7.8588 6.9843 7.8769 7.2502 11.5644 15.5370 6.8386 8.0660
19.8553 21.9806 17.7825 20.9048 17.9108 18.8465 18.3798 16.5491 17.1115 11.8764 21.4601 21.6775 18.1914 11.8638 18.3410 20.5247 19.8295 18.3910 19.0179 18.0003 18.0524 14.5708 20.9042 19.1619 20.2754 22.0387 18.6631 19.3333 20.0217 21.0878 0.7951 0.0000 0.6320 1.6299 0.8249 0.6916 1.7072 1.1439 0.7904 0.3754 1.9374 0.8648 1.2669 0.3408 0.4874 0.7145 3.3953 0.4295 0.7633 0.5059 0.8488 2.2279 0.4331 0.4822 1.1708 0.5136 0.6147 0.4532 0.6024 0.4970 20.2003 15.7193 15.8722 18.1065 21.5669 13.6652 11.3697 17.7323 17.7615 18.1996 11.9233 19.2238 19.3508 16.5138 17.3805 22.2057 17.8343 20.9117 17.7380 17.9778 17.9440 19.3816 13.9239 19.1345 20.8213 19.5469 18.8511 11.3268 19.1107 20.5640 17.1861 15.2059 7.8265 15.2801 17.1294 17.4847 11.1405 10.0014 17.4484 18.1749 6.6101 18.5349 10.2077 15.7280 5.8791 16.0071 16.1537 6.9326 6.8941 9.0734 16.4982 18.4128 12.7375 16.3089 14.3221 16.9095 17.8230 16.7662 15.7512 12.0449 6.9160 6.4204 6.6825 6.5220 6.7485 15.3143 7.9765 6.7286 12.0441 15.3015 7.6880 11.7526 6.4472 2.5714 6.7510 15.2700 7.2073 7.9970 6.7001 6.7572 8.5502 7.1432 7.8041 6.8357 7.8572 7.1458 11.5843 15.5740 6.6989 8.0494
19.5144 21.6510 17.4405 20.5719 17.5902 18.5066 18.0544 16.2134 16.8152 11.5880 21.1215 21.3399 17.8646 11.5496 17.9893 20.1836 19.4973 18.0498 18.6714 17.6327 17.7097 14.2169 20.5539 18.8243 19.9547 21.7033 18.3295 18.9821 19.6859 20.7520 0.7647 0.6320 0.0000 1.1029 0.7704 0.7447 1.3770 0.7768 0.6365 0.7322 1.4931 0.8658 1.1810 0.5876 0.7932 0.8041 3.0111 0.5890 0.6129 0.4787 0.5881 1.8920 0.6882 0.5358 1.0621 0.5535 0.6159 0.6248 0.6622 0.5498 19.8573 15.3343 15.5750 17.7768 21.2212 13.2843 10.9648 17.4025 17.4308 17.8734 11.5774 18.8756 19.0051 16.1709 17.0527 21.8718 17.5017 20.5619 17.4120 17.6358 17.6142 19.0407 13.6008 18.8011 20.4882 19.2126 18.5105 11.0097 18.7609 20.2266 16.8551 14.9474 7.5414 15.0192 16.8069 17.1767 10.7761 9.6947 17.1169 17.8287 6.3335 18.1976 9.9324 15.4345 5.5151 15.6987 15.8319 6.6168 6.5859 8.7268 16.1808 18.0785 12.3771 15.9975 13.9443 16.5941 17.5056 16.4508 15.4146 11.7536 6.5716 6.1912 6.3890 6.2629 6.4417 15.0408 7.6458 6.4316 11.7291 15.0422 7.3195 11.3966 6.2103 2.2448 6.4459 15.0017 6.8203 7.6619 6.4280 6.5192 8.1930 6.8277 7.4490 6.5283 7.5083 6.7892 11.2421 15.2750 6.4125 7.6856
18.7525 20.8910 16.6660 19.7981 16.8031 17.7034 17.2826 15.4289 16.0781 10.8935 20.3455 20.5679 17.1019 10.7906 17.1959 19.3986 18.7014 17.2780 17.8750 16.8606 16.9055 13.4331 19.7668 18.0277 19.1870 20.9613 17.5296 18.1922 18.9098 19.9770 1.5042 1.6299 1.1029 0.0000 1.3996 1.6063 1.1371 0.9451 1.2738 1.7846 0.9848 1.5606 1.5837 1.5907 1.7977 1.5528 2.4541 1.5837 1.3589 1.4700 1.2354 1.5968 1.7027 1.4968 1.5699 1.5235 1.4825 1.5365 1.4748 1.5058 19.0657 14.4943 14.8405 16.9584 20.4577 12.4512 10.1034 16.6051 16.6653 17.1005 10.9234 18.0765 18.2207 15.3412 16.2908 21.1177 16.6938 19.7761 16.6116 16.8337 16.8474 18.2504 12.9441 18.0358 19.7292 18.5036 17.7199 10.2645 17.9703 19.4539 16.0588 14.2642 6.9058 14.3450 16.0209 16.3891 9.9836 9.0545 16.3043 17.0147 5.8475 17.4048 9.3219 14.6913 4.7320 14.9295 15.0440 6.0299 5.9911 7.9725 15.3689 17.2859 11.5406 15.2419 13.0954 15.7819 16.6985 15.6624 14.5820 11.0332 5.9332 5.8305 5.9143 5.8341 5.9088 14.3391 6.9588 5.8770 10.9820 14.3595 6.5712 10.5787 5.8930 1.6355 5.8837 14.3081 6.1303 6.9364 5.9568 6.0552 7.4117 6.2626 6.7211 5.9602 6.7810 6.1580 10.4162 14.5361 5.8885 6.9339
19.4906 21.6362 17.3940 20.5549 17.5270 18.4864 18.0124 16.1519 16.7099 11.3567 21.1148 21.3347 17.8092 11.3545 17.9558 20.1672 19.4645 18.0249 18.6558 17.6254 17.6881 14.1400 20.5560 18.8012 19.9000 21.6948 18.2798 18.9585 19.6613 20.7305 1.2713 0.8249 0.7704 1.3996 0.0000 1.0072 1.1955 0.7837 0.9961 1.0656 1.5120 0.8263 1.1499 0.9510 1.2068 1.0764 3.1945 0.6520 1.1283 0.9639 0.8663 1.5684 0.9426 0.6812 0.8092 0.7680 0.6898 0.9931 0.7732 0.9773 19.8396 15.3125 15.4646 17.7280 21.2231 13.1936 10.8560 17.3578 17.3692 17.8326 11.4435 18.8563 18.9957 16.1257 16.9973 21.8565 17.4486 20.5540 17.3665 17.6120 17.5627 19.0141 13.4757 18.7535 20.4733 19.1822 18.4789 10.8034 18.7410 20.2065 16.8175 14.8093 7.1319 14.8707 16.7570 17.1084 10.6330 9.4754 17.0708 17.8074 5.8837 18.1694 9.6737 15.3309 5.4990 15.6137 15.7510 6.2055 6.1694 8.5114 16.1136 18.0454 12.2947 15.9076 13.8841 16.5377 17.4392 16.3947 15.3573 11.5507 6.2147 5.6890 5.9703 5.7886 6.0461 14.9142 7.3353 6.0055 11.5666 14.8958 7.0309 11.2700 5.7211 2.2573 6.0214 14.8686 6.4949 7.3373 5.9722 6.0229 7.9380 6.4461 7.1323 6.1003 7.1795 6.4364 11.0841 15.1710 5.9791 7.3984
