0.0000 4.0801 2.9422 1.8376 3.0946 3.0413 4.0434 4.6542 1.9681 6.3721 3.2934 3.9185 3.0928 5.4072 2.3608 2.2373 1.9632 2.0064 2.0022 3.1456 3.8836 3.0501 1.3754 2.6968 2.7911 4.5608 2.7390 2.8224 3.6330 2.6775 44.7250 43.7953 39.9472 41.4328 43.3880 39.4646 39.0444 41.5083 43.1135 44.7265 40.2261 38.1234 40.3677 40.3874 43.2724 41.0937 40.1821 43.4906 42.5356 41.5977 43.0247 41.8550 40.1930 40.5610 40.2514 42.6389 42.0261 39.8706 43.9500 41.3206 1.5402 4.4873 3.7558 5.0553 3.0708 4.9154 6.4754 3.4499 4.5185 6.6324 6.7439 2.0057 3.9596 4.4551 5.7031 6.9427 1.4735 1.5043 4.2638 1.7456 3.0022 3.0649 6.0790 2.2138 3.7057 3.0891 3.1055 6.6468 1.9688 2.0002 4.9646 15.6609 12.7674 10.5914 9.7980 5.2079 16.9168 14.4484 3.7140 6.8114 16.9721 7.0825 16.6354 8.3859 16.6474 7.8571 9.3341 16.9688 12.8751 15.9566 9.8568 5.9385 11.7623 8.8575 8.4466 8.1920 4.5361 8.7983 5.7812 12.5272 26.4057 29.0367 24.8022 29.4985 28.5099 17.5809 24.6677 26.8114 24.5603 19.2293 20.4304 19.9643 24.6219 27.0549 25.1431 19.7842 29.1578 21.0392 23.5543 26.2063 27.1744 24.1523 25.3563 21.2639 27.4492 24.7217 22.9674 16.5189 26.0085 25.3271
4.0801 0.0000 6.0154 2.8815 6.9093 4.0362 1.9334 7.5778 4.8729 9.9204 1.3103 1.6650 7.1530 8.9984 2.7356 3.9131 2.6965 2.9527 4.5879 3.2161 7.4767 6.2324 3.8429 2.5767 2.5078 2.1770 3.8015 5.9471 2.4596 1.9904 48.1837 47.2571 43.4059 44.8915 46.8775 42.9233 42.5031 44.9670 46.5722 48.1877 43.6848 41.5821 43.8264 43.8462 46.7311 44.5524 43.6408 46.9493 45.9943 45.0564 46.4834 45.3137 43.6517 44.0197 43.7101 46.0976 45.4848 43.3293 47.4087 44.7793 3.1410 7.9540 4.5871 8.4838 2.3613 8.1149 9.7904 7.1464 7.7845 10.1684 10.2511 3.6237 5.5659 7.8741 9.2945 2.8626 5.2764 4.0408 7.9753 4.6180 6.9783 5.5366 6.5724 4.8369 1.3597 3.2859 5.8633 10.2000 3.7326 2.4268 8.2741 19.1089 16.4465 13.9223 13.4274 8.4292 20.3756 18.1457 6.8893 10.4635 20.7328 10.2992 20.1391 11.9036 20.0935 11.5558 12.9832 20.5967 16.3133 19.9060 13.2271 9.0277 15.5892 12.3777 11.9032 11.5846 7.6933 12.1160 9.4339 16.0006 29.8816 32.4595 28.2739 32.8725 32.1150 20.8957 28.0571 30.2453 27.9523 22.5442 23.7787 23.2792 27.9701 30.6444 28.6566 23.0990 32.5728 24.4979 26.9336 29.6651 30.5519 27.6111 28.7610 24.6122 30.9229 28.0700 26.5625 19.8337 29.4988 28.6754
2.9422 6.0154 0.0000 3.8653 1.5508 3.0933 6.1304 2.6682 2.4361 3.9874 5.1154 5.4812 2.7000 3.5939 3.8408 2.9905 3.7063 3.8936 1.7881 4.4389 2.5764 2.0562 2.5958 3.8861 4.4431 6.1630 2.5366 2.1720 5.2516 4.5839 42.6262 41.8068 37.7681 39.2537 41.2088 37.2854 36.8652 39.3292 40.9343 42.5514 38.0469 35.9442 38.1885 38.2210 41.0932 38.9146 38.0029 41.3295 40.3564 39.4186 40.8455 39.6758 38.0138 38.3819 38.0722 40.4597 39.8469 37.6915 41.9120 39.1414 3.2188 2.0889 3.1345 2.5820 4.8626 2.4040 3.9850 1.7731 2.1513 4.1565 4.3693 2.8782 4.3112 1.9720 3.4713 8.5049 2.7193 2.3073 2.1717 1.6382 2.1314 2.1400 5.2630 2.5847 5.2115 3.3272 1.4918 4.3456 3.0568 4.1758 3.7614 13.2663 10.5696 8.2356 7.5149 2.7971 14.7377 12.5643 2.5103 4.5803 15.1683 5.4204 14.2683 6.2702 14.3526 5.8330 7.1742 14.8231 10.5962 14.1968 7.4544 3.6783 9.8595 6.5422 6.3074 5.8472 3.0580 6.3922 4.2890 10.2599 24.1852 26.8216 22.6231 27.2047 26.3324 15.1655 22.4192 24.6074 22.2665 16.8140 18.1366 17.5490 22.3281 24.8757 22.9281 17.3688 26.8639 18.8601 21.2957 24.0272 24.9140 21.9732 23.1222 18.9701 25.1554 22.4279 20.7883 14.1035 23.8293 23.0333
1.8376 2.8815 3.8653 0.0000 4.2626 4.0852 3.5577 5.7450 3.2743 7.3867 2.3550 3.0617 4.4616 6.5224 3.3003 3.8028 2.3278 3.2140 2.9381 3.7274 4.8733 4.3919 1.7757 1.7327 3.1145 4.3192 3.9947 3.8423 3.6024 2.7052 45.7887 44.9186 41.0110 42.4966 44.4517 40.5283 40.1081 42.5721 44.1772 45.7903 41.2898 39.1871 41.4314 41.4512 44.3361 42.1575 41.2458 44.5543 43.5993 42.6615 44.0885 42.9187 41.2567 41.6248 41.3151 43.7026 43.0898 40.9344 45.0137 42.3843 1.9105 5.5214 4.9506 6.0685 2.9299 5.8365 7.4653 4.4502 5.4791 7.6469 7.8038 1.7127 3.0972 5.4588 6.6852 5.5923 3.0238 2.0164 5.2349 2.7010 4.3155 3.7441 7.5283 3.1432 2.2309 2.1029 3.9496 7.7238 3.0860 2.6692 6.0139 16.6546 13.8401 11.5800 10.8017 6.1965 17.9806 15.5216 4.7847 7.8871 18.0359 7.9972 17.6415 9.3779 17.7025 8.9136 10.3201 18.0449 13.9302 17.0637 10.8453 6.8605 12.8223 9.8526 9.4351 9.1805 5.4581 9.7868 6.8911 13.5192 27.4660 30.0970 25.8660 30.5588 29.5860 18.5746 25.7279 27.8717 25.6206 20.2231 21.4907 20.9581 25.6822 28.1186 26.2034 20.7780 30.2180 22.1030 24.6145 27.2701 28.2347 25.2161 26.4165 22.3242 28.5095 25.7820 24.0335 17.5126 27.0723 26.3874
3.0946 6.9093 1.5508 4.2626 0.0000 4.2066 6.8379 2.7667 2.1237 3.5283 6.0109 6.5482 1.5842 3.0162 4.7146 3.3711 4.5750 4.4317 2.4089 4.8783 2.3909 1.5234 3.1500 4.9686 5.4229 7.2346 3.1738 3.0570 6.3538 5.4370 42.1331 41.3137 37.2488 38.7344 40.6895 36.7661 36.3459 38.8099 40.4150 42.0584 37.5276 35.4249 37.6693 37.7280 40.5828 38.3953 37.4836 40.8364 39.8371 38.8993 40.3263 39.1565 37.4945 37.8626 37.5530 39.9405 39.3277 37.1722 41.4021 38.6221 4.1215 1.7543 3.2071 2.3867 5.6941 2.4172 3.6990 1.6232 2.3272 3.7259 4.1416 3.8817 5.2072 1.9066 2.9613 9.7084 2.1793 3.2167 1.5302 2.4371 1.1965 3.3281 5.0069 3.8627 6.3502 4.4058 1.6444 4.0535 3.4306 4.8690 4.4994 12.9014 10.0002 7.8773 7.0242 2.5538 14.2184 11.8178 2.8274 4.0455 14.3341 6.1684 13.8448 5.7757 13.9592 5.1164 6.5164 14.2120 10.1869 13.2515 7.1070 3.4552 8.9832 6.1191 5.7686 5.4573 3.0631 6.1737 3.5191 9.7879 23.6968 26.3278 22.1038 26.7896 25.7531 14.8104 21.9587 24.1025 21.8514 16.4589 17.7215 17.1939 21.9130 24.3564 22.4342 17.0138 26.4488 18.3408 20.8453 23.5079 24.4655 21.4539 22.6474 18.5550 24.7403 22.0128 20.2690 13.7886 23.3149 22.6182
3.0413 4.0362 3.0933 4.0852 4.2066 0.0000 4.1728 4.4060 2.5105 6.8125 3.2670 3.3584 4.5670 6.2551 1.7722 1.6766 2.4251 2.5083 2.2475 2.4357 4.4843 3.7134 2.8683 3.0752 2.0530 3.4961 1.4587 2.7602 2.6553 2.5044 45.1180 44.2986 40.2796 41.7652 43.7203 39.7969 39.3767 41.8407 43.4458 45.0589 40.5585 38.4557 40.7001 40.7198 43.6047 41.4261 40.5145 43.8229 42.8679 41.9301 43.3571 42.1874 40.5253 40.8934 40.5838 42.9713 42.3585 40.2030 44.5183 41.6529 2.6377 4.9816 2.4222 5.2319 2.4569 4.7202 6.5797 4.1288 4.4157 6.8681 6.9249 2.9458 5.4238 4.4944 6.3169 5.7592 3.0691 2.3733 4.9850 2.0668 4.5141 3.0157 4.2550 2.4848 3.8874 3.4023 2.9003 7.0902 1.9955 2.2408 5.3480 15.8696 13.2293 10.7301 10.2664 5.4546 17.2875 15.2813 4.2636 7.3359 17.8692 7.3878 16.8998 8.9467 16.9157 8.6299 9.9724 17.5618 13.1699 16.9805 10.0028 6.0443 12.6659 9.1673 8.9371 8.4490 4.7448 8.8594 6.6751 12.9103 26.7231 29.3332 25.1346 29.7017 28.9566 17.6589 24.9308 27.1189 24.7557 19.2752 20.5906 20.0254 24.7821 27.4860 25.4981 19.8381 29.3588 21.3716 23.8073 26.5387 27.4255 24.4847 25.6338 21.4694 27.7027 24.9255 23.4041 16.5648 26.3409 25.4873
4.0434 1.9334 6.1304 3.5577 6.8379 4.1728 0.0000 7.5991 4.7502 9.9896 1.6452 1.9435 7.1236 9.0978 2.6725 3.9519 2.6372 2.4722 4.5549 2.7622 7.4597 6.3711 3.9587 3.5580 2.3485 1.8961 3.9631 6.0099 2.0687 1.9112 48.1007 47.2006 43.2148 44.7270 46.8285 42.7322 42.3120 44.7759 46.4843 48.1387 43.4937 41.3909 43.6353 43.6550 46.5543 44.3997 43.4497 46.7603 45.8395 44.8653 46.3148 45.1226 43.4606 43.8286 43.5190 45.9065 45.3320 43.1382 47.2954 44.5882 3.1696 8.0579 4.2607 8.5841 2.2576 8.2203 9.9335 7.1062 7.8300 10.2499 10.3942 3.7933 6.1493 7.9795 9.3077 3.1884 5.2031 4.1177 7.9122 4.6944 6.9455 5.5511 6.3467 4.8579 2.1500 4.6951 5.8630 10.3314 3.8227 2.2716 8.3002 19.0863 16.4918 13.8012 13.4350 8.4554 20.3134 18.1002 6.7553 10.5088 20.5618 10.3000 20.1432 11.9045 20.1736 11.6011 12.9849 20.6420 16.3564 19.7947 13.2459 8.9781 15.5263 12.3687 11.8720 11.5247 7.6154 12.1446 9.4260 15.9597 29.8326 32.3481 28.2248 32.8667 32.0660 20.7393 27.9870 30.1226 27.9465 22.3585 23.6647 23.0935 27.9242 30.5954 28.6075 23.0218 32.5670 24.4159 26.8859 29.4950 30.4618 27.5538 28.7120 24.4643 30.9171 27.9700 26.5135 19.6481 29.4498 28.5436
4.6542 7.5778 2.6682 5.7450 2.7667 4.4060 7.5991 0.0000 3.4494 2.7511 6.6830 6.9298 3.5411 2.7872 5.3654 4.6409 5.2614 5.3058 3.6596 6.1200 3.1282 1.6746 4.4869 5.1561 5.8802 7.5563 3.9552 2.8606 6.7696 6.1745 40.9834 40.2076 36.1306 37.6162 39.6545 35.6480 35.2278 37.6917 39.3104 40.9648 36.4095 34.3068 36.5511 36.5709 39.4558 37.2771 36.3655 39.6740 38.7190 37.7811 39.2081 38.0384 36.3764 36.7444 36.4348 38.8223 38.2095 36.0540 40.3068 37.5040 4.5245 2.4192 3.3803 2.1328 6.4638 1.6057 3.2222 3.0135 1.6004 4.0244 4.1869 4.4290 5.6448 1.7472 2.4601 9.8409 3.6605 4.0153 2.5066 3.8668 2.8117 3.7740 5.4414 3.8599 6.5833 4.9762 2.4852 3.5972 3.8817 5.8970 4.8692 11.7390 9.2315 6.7646 7.4222 3.7078 13.1395 11.1664 3.4647 4.3856 13.7422 6.2422 12.7729 5.1838 12.8479 4.6323 5.9609 13.4694 9.1019 12.9201 6.2458 4.3672 8.6451 5.3264 5.0760 5.2341 4.0732 5.9746 4.1153 8.7212 22.6586 25.1842 21.0509 25.6308 24.8920 13.4440 20.8110 22.9700 20.6911 15.0472 16.4285 15.8104 20.6339 23.4215 21.4336 15.6417 25.2943 17.2420 19.6998 22.3898 23.2766 20.3799 21.5380 17.3205 23.6251 20.7766 19.3395 12.3367 22.2758 21.3332
1.9681 4.8729 2.4361 3.2743 2.1237 2.5105 4.7502 3.4494 0.0000 5.3925 3.9724 4.4762 2.3906 4.4750 2.6742 1.4686 2.6462 2.3863 1.2122 2.9299 2.8621 1.9644 2.2443 3.4749 3.3804 5.2764 1.4992 2.4331 4.2998 3.4121 43.7752 42.8568 38.9974 40.4830 42.4382 38.5148 38.0946 40.5585 42.1637 43.7768 39.2763 37.1736 39.4179 39.4377 42.3226 40.1439 39.2323 42.5408 41.5858 40.6479 42.0749 40.9052 39.2432 39.6112 39.3016 41.6891 41.0763 38.9208 43.0002 40.3708 2.5779 3.4415 1.8754 4.0447 3.8102 3.7701 5.3694 2.5618 3.3739 5.6528 5.7783 2.8989 5.3222 3.4350 4.6900 7.6256 0.9322 2.0663 3.2522 1.4520 2.2003 2.7338 4.3487 2.7468 4.3603 3.1382 1.5915 5.7124 1.7542 2.8359 4.9926 14.6434 11.8257 9.5677 8.8174 3.9189 15.9670 13.5222 3.0134 5.8747 16.0394 7.0314 15.6445 7.3806 15.6729 6.9136 8.3484 16.0455 11.9006 15.0973 8.8330 4.6205 10.8373 7.8545 7.4333 7.1682 3.5104 7.7746 4.8443 11.5219 25.4375 28.0685 23.8524 28.5303 27.5866 16.5634 23.6994 25.8432 23.5921 18.2119 19.4622 18.9469 23.6537 26.1160 24.1749 18.7667 28.1895 20.0894 22.5860 25.2565 26.2062 23.2025 24.3880 20.2957 26.4865 23.7535 22.0341 15.5014 25.0587 24.3589
6.3721 9.9204 3.9874 7.3867 3.5283 6.8125 9.9896 2.7511 5.3925 0.0000 8.9795 9.3928 3.9244 2.3458 7.7096 6.7378 7.5170 7.7011 5.4827 8.3077 2.9591 3.7257 6.2385 7.7474 8.2561 10.0999 6.1809 4.6792 9.1648 8.4516 38.8908 38.0714 33.9469 35.4325 37.3914 33.4642 33.0440 35.5080 37.1131 38.8161 34.2257 32.1673 34.3673 34.4857 37.3405 35.0934 34.1817 37.5942 36.5352 35.5974 37.0594 35.8546 34.2375 34.5903 34.2510 36.6526 36.0257 33.8703 38.1599 35.3429 6.8231 2.3251 5.7438 1.7674 8.5686 2.2271 1.9331 2.9386 3.1469 2.1793 3.3916 6.3411 5.2265 2.5493 1.2312 12.4710 5.4030 5.9014 2.1874 5.4127 3.7165 5.2391 7.3799 6.0243 8.9137 6.8574 4.1797 2.4351 6.2148 8.0387 4.5135 9.4135 6.7122 4.9421 5.2188 3.2348 10.9697 8.7429 4.5952 3.1955 11.3763 5.6487 10.3875 3.7934 10.5590 2.3236 3.5896 10.9339 6.7867 10.3506 4.3748 4.0941 6.0105 3.3178 3.3051 3.9376 4.1848 4.6231 3.0348 6.3801 20.3640 23.0004 18.8019 23.4042 22.4750 11.3334 18.5980 20.7862 18.4660 12.9819 14.3361 13.7169 18.5275 21.0545 19.1069 13.5367 23.0634 15.0548 17.4745 20.2060 21.0928 18.1520 19.3010 15.1696 21.3549 18.6274 16.9671 10.6916 20.0727 19.2328
3.2934 1.3103 5.1154 2.3550 6.0109 3.2670 1.6452 6.6830 3.9724 8.9795 0.0000 2.1110 6.3344 8.1015 2.0334 3.1003 1.7222 2.4331 3.6305 2.8071 6.4921 5.4076 2.9868 2.2942 1.7284 2.1070 3.1132 5.0430 1.9188 1.2338 47.2798 46.3675 42.5020 43.9876 45.9706 42.0194 41.5992 44.0631 45.6682 47.2813 42.7809 40.6781 42.9225 42.9422 45.8271 43.6485 42.7369 46.0453 45.0903 44.1525 45.5795 44.4098 42.7478 43.1158 42.8062 45.1937 44.5809 42.4254 46.5047 43.8754 2.2682 7.0649 3.9426 7.5740 1.4179 7.2102 8.9163 6.1619 6.8664 9.2398 9.3770 2.6880 4.7958 6.9694 8.3310 3.6975 4.4921 3.1023 6.9907 3.6726 6.1441 4.6284 6.1708 3.9153 1.1751 3.3275 4.8770 9.3142 2.9509 1.7424 7.3864 18.1737 15.5129 12.9880 12.4631 7.4958 19.4716 17.2143 5.9801 9.5299 19.8056 9.3818 19.2016 10.9661 19.2056 10.6222 12.0192 19.6670 15.4138 18.9520 12.2989 8.0904 14.6353 11.4241 10.9659 10.6470 6.7590 11.1977 8.4802 15.0631 28.9747 31.5556 27.3669 31.9846 31.2081 19.9801 27.1532 29.3413 27.0644 21.6286 22.8937 22.3636 27.0852 29.7375 27.7497 22.1834 31.6849 23.5940 26.0297 28.7611 29.6479 26.7071 27.8562 23.7272 30.0349 27.1850 25.6556 18.9181 28.5919 27.7904
3.9185 1.6650 5.4812 3.0617 6.5482 3.3584 1.9435 6.9298 4.4762 9.3928 2.1110 0.0000 6.7867 8.5650 2.3123 3.5525 2.7626 2.5784 4.1714 2.4632 7.0404 5.8271 3.4313 2.5589 2.1585 2.5446 3.4162 5.3646 1.7131 2.2223 47.5607 46.6606 42.7399 44.2255 46.2884 42.2572 41.8370 44.3010 45.9443 47.5987 43.0188 40.9160 43.1604 43.1801 46.0650 43.8864 42.9748 46.2832 45.3282 44.3904 45.8174 44.6477 42.9856 43.3537 43.0441 45.4316 44.8188 42.6633 46.7553 44.1132 2.9669 7.4243 3.8749 7.9347 2.7585 7.5434 9.2389 6.7101 7.2031 9.6210 9.6825 3.1987 5.4505 7.3026 8.8601 3.3130 4.8693 3.5094 7.5390 4.2331 6.6145 4.9285 5.6084 4.2321 2.2615 3.3722 5.4253 9.6538 3.2142 2.3073 7.6737 18.5210 15.9184 13.2949 12.8963 7.9093 19.7734 17.7124 6.3812 9.9354 20.2397 9.7000 19.6037 11.4325 19.5388 11.1117 12.5329 20.0686 15.7515 19.4726 12.6856 8.4896 15.1558 11.8392 11.3550 10.9925 7.0840 11.5446 8.9932 15.4210 29.2925 31.8080 27.6848 32.2654 31.5259 20.2086 27.4449 29.5825 27.3452 21.8571 23.0945 22.5921 27.3229 30.0554 28.0675 22.4552 31.9657 23.8759 26.3337 28.9990 29.9077 27.0138 28.1719 23.9297 30.3157 27.3859 25.9734 19.1466 28.9097 27.9913
3.0928 7.1530 2.7000 4.4616 1.5842 4.5670 7.1236 3.5411 2.3906 3.9244 6.3344 6.7867 0.0000 3.5801 5.0247 3.5388 4.9041 4.7169 2.8552 4.9383 1.9366 2.5188 3.4709 5.2964 5.7421 7.5385 3.5131 3.0261 6.6620 5.7449 42.2486 41.4292 37.4316 38.9172 40.8724 36.9490 36.5288 38.9927 40.5979 42.2110 37.7105 35.6078 37.8521 37.8719 40.7568 38.5782 37.6665 40.9750 40.0200 39.0821 40.5091 39.3394 37.6774 38.0455 37.7358 40.1233 39.5105 37.3551 41.5176 38.8050 4.3810 2.2977 3.7080 2.9803 6.0235 3.5753 4.4287 1.5576 3.1609 4.0961 4.3302 4.2469 4.5704 2.5222 3.3904 10.0112 1.9681 3.5630 1.9900 2.7841 1.2004 3.5422 6.0328 4.2522 6.6891 4.7779 2.4408 4.1677 3.7663 5.0770 4.1352 13.2495 10.2247 8.2558 7.3675 3.1068 14.4013 11.9559 3.7081 4.2825 14.4686 5.9768 14.1930 5.9364 14.2280 5.2820 6.8532 14.3501 10.4557 13.1596 7.4551 4.0018 9.0963 6.4559 6.0469 5.7904 3.2398 6.3967 4.1479 10.1185 23.9465 26.5776 22.2866 27.0394 25.9174 15.1396 22.2085 24.3522 22.1012 16.7880 17.9712 17.5230 22.1627 24.5393 22.6839 17.3429 26.6986 18.5419 21.0951 23.7469 24.7153 21.6947 22.8971 18.8048 24.9901 22.2626 20.4519 14.2321 23.4929 22.8680
5.4072 8.9984 3.5939 6.5224 3.0162 6.2551 9.0978 2.7872 4.4750 2.3458 8.1015 8.5650 3.5801 0.0000 6.8609 5.7710 6.7821 6.7954 4.5917 7.3108 3.6281 2.9245 5.3942 7.1137 7.4942 9.3831 5.2780 4.6566 8.3994 7.5897 39.5297 38.7103 34.7326 36.2182 38.1733 34.2499 33.8297 36.2937 37.8988 39.5119 35.0115 32.9087 35.1531 35.1728 38.0577 35.8791 34.9675 38.2759 37.3209 36.3831 37.8101 36.6404 34.9783 35.3464 35.0368 37.4243 36.8115 34.6560 38.7988 36.1059 6.0846 2.9101 5.0438 2.4759 7.8964 2.4481 1.5156 3.3063 3.3961 3.9025 3.5499 5.8714 6.4603 2.9915 1.9940 11.7483 4.4529 5.2195 2.3429 4.6914 2.8989 5.3310 5.0847 5.9233 8.3791 6.4080 3.6830 2.8376 5.4680 7.0852 5.7027 11.6950 7.6067 6.6443 7.1215 3.7535 11.7022 9.3156 4.2303 4.6343 11.9323 7.2942 12.6493 5.1710 11.3666 3.8569 5.3955 11.7193 7.7307 10.9274 6.2974 4.9613 7.8419 5.0876 4.8688 5.4713 4.5910 6.4299 3.2188 8.6690 21.1497 23.7862 19.5876 24.2097 23.2604 13.6150 19.3838 21.5719 20.1951 15.2635 15.1416 15.9985 19.3331 21.8402 19.8927 15.8183 23.8690 15.8246 18.2655 20.9917 21.8856 18.9377 20.0868 15.9751 22.1604 19.4329 17.7528 12.8006 20.7939 20.0383
2.3608 2.7356 3.8408 3.3003 4.7146 1.7722 2.6725 5.3654 2.6742 7.7096 2.0334 2.3123 5.0247 6.8609 0.0000 1.6042 1.6716 1.1860 2.3316 2.0155 5.2007 4.1346 2.3781 2.7021 0.8907 2.7656 1.6685 3.7407 1.6979 1.0376 45.9593 45.0726 41.1815 42.6671 44.6841 40.6989 40.2787 42.7426 44.3478 45.9943 41.4604 39.3576 41.6020 41.6217 44.5067 42.3280 41.4164 44.7248 43.7698 42.8320 44.2590 43.0893 41.4273 41.7953 41.4857 43.8732 43.2604 41.1049 45.1843 42.5549 1.6696 5.8137 2.3149 6.3041 1.8101 5.9403 7.6709 4.8472 5.6011 7.9699 8.1315 2.5730 5.1233 5.6995 7.0418 4.9987 3.1626 2.1755 5.6557 2.3822 4.8355 3.3038 4.3397 2.6826 3.0119 3.2087 3.5691 8.0687 1.6011 1.0758 6.1183 16.8779 14.2502 11.6488 11.1760 6.2365 18.1690 15.8812 4.6312 8.2672 18.4712 8.0848 17.8906 9.6551 17.9342 9.3636 10.7354 18.4004 14.1458 17.6414 11.0064 6.7828 13.3246 10.1299 9.6617 9.3370 5.4378 9.9052 7.1990 13.7521 27.6882 30.2351 26.0804 30.7132 29.9216 18.6503 25.8406 28.0208 25.7930 20.2987 21.5883 21.0337 25.7798 28.4510 26.4632 20.8536 30.4135 22.2735 24.7323 27.4406 28.3323 25.4094 26.5676 22.4218 28.7635 25.8796 24.3691 17.5883 27.3054 26.4850
2.2373 3.9131 2.9905 3.8028 3.3711 1.6766 3.9519 4.6409 1.4686 6.7378 3.1003 3.5525 3.5388 5.7710 1.6042 0.0000 2.3440 1.6554 1.5313 1.7904 4.2089 3.0913 2.7372 3.5570 2.3406 4.1451 0.9404 3.1410 3.2075 2.3053 45.0346 44.0970 40.2568 41.7424 43.6976 39.7742 39.3540 41.8179 43.4231 45.0362 40.5357 38.4330 40.6773 40.6970 43.5820 41.4033 40.4917 43.8002 42.8452 41.9073 43.3343 42.1646 40.5026 40.8706 40.5610 42.9485 42.3357 40.1802 44.2596 41.6302 2.6335 4.8279 2.0246 5.3363 2.9399 5.0594 6.6401 3.8465 4.7321 6.9980 7.0712 3.3490 5.8604 4.7289 6.0687 6.5189 1.8608 2.5915 4.6416 1.8151 3.4607 3.1820 3.8723 3.1806 4.0411 3.5109 2.6972 7.0084 1.9924 1.8138 5.5206 15.9805 13.1452 10.8741 10.1600 5.2082 17.2264 14.8156 3.7287 7.2019 17.3226 7.6167 16.9848 8.7159 16.9613 8.2545 9.7399 17.3389 13.1810 16.4153 10.1394 5.9269 12.1796 9.1948 8.7418 8.4747 4.7537 9.0810 6.1376 12.8305 26.6947 29.3257 25.1118 29.7875 28.8800 17.8698 24.9567 27.1004 24.8493 19.5183 20.7194 20.2533 24.9109 27.4094 25.4367 20.0732 29.4468 21.3488 23.8433 26.5159 27.4634 24.4619 25.6453 21.5529 27.7777 25.0107 23.3275 16.8078 26.3181 25.6161
1.9632 2.6965 3.7063 2.3278 4.5750 2.4251 2.6372 5.2614 2.6462 7.5170 1.7222 2.7626 4.9041 6.7821 1.6716 2.3440 0.0000 1.5293 2.2668 3.0127 4.9471 4.2245 2.4534 2.4784 1.5983 3.0192 2.4105 3.5880 2.1927 1.3573 45.7923 44.8750 41.0145 42.5001 44.4903 40.5319 40.1117 42.5756 44.1808 45.8006 41.2934 39.1907 41.4350 41.4548 44.3397 42.1610 41.2494 44.5579 43.6029 42.6650 44.0920 42.9223 41.2603 41.6283 41.3187 43.7062 43.0934 40.9379 45.0173 42.3879 1.4753 5.6854 3.1132 6.1115 1.2634 5.7477 7.5034 4.5935 5.4151 7.7773 7.9641 2.3043 4.6464 5.5069 6.8240 5.2686 3.1293 2.0976 5.4054 2.2719 4.7085 3.3235 5.7294 2.4559 2.0478 3.2016 3.3568 7.9013 1.8327 1.1460 5.9801 16.6862 14.0217 11.4690 10.9224 6.0152 17.9841 15.6634 4.4257 8.0742 18.2270 7.8931 17.6905 9.4362 17.7676 9.1545 10.4822 18.1868 13.9797 17.3625 10.8152 6.5643 13.0714 9.9076 9.4683 9.1335 5.2795 9.7139 6.9828 13.5332 27.4944 30.0681 25.8867 30.5466 29.7278 18.4854 25.6858 27.8539 25.6264 20.1338 21.4485 20.8688 25.6400 28.2572 26.2694 20.6887 30.2469 22.1065 24.5724 27.2736 28.1926 25.2196 26.3795 22.2821 28.5970 25.7399 24.1753 17.4234 27.1116 26.3453
2.0064 2.9527 3.8936 3.2140 4.4317 2.5083 2.4722 5.3058 2.3863 7.7011 2.4331 2.5784 4.7169 6.7954 1.1860 1.6554 1.5293 0.0000 2.4333 2.4043 5.1584 4.0232 2.6512 2.7016 1.5374 3.2605 1.8923 3.7214 2.4360 1.5411 45.8434 44.9433 41.0337 42.5193 44.5712 40.5510 40.1308 42.5948 44.2270 45.8814 41.3126 39.2098 41.4542 41.4739 44.3588 42.1802 41.2686 44.5770 43.6220 42.6842 44.1112 42.9415 41.2794 41.6475 41.3379 43.7254 43.1126 40.9571 45.0381 42.4071 1.8107 5.7457 2.3935 6.2956 2.3933 5.9318 7.6341 4.8049 5.5268 7.9614 8.0948 2.8928 5.2080 5.6910 7.0004 5.4078 2.8016 2.5376 5.6101 2.3745 4.5390 3.6569 4.8455 2.7465 3.0771 3.6298 3.5405 8.0320 1.5273 1.3353 6.0198 16.8097 14.1797 11.5574 11.1337 6.1524 18.0561 15.7880 4.4877 8.1967 18.2513 8.2209 17.8492 9.6032 17.8687 9.2889 10.6836 18.3299 14.0515 17.4489 10.9611 6.6859 13.2141 10.0741 9.5707 9.2515 5.3562 9.8507 7.1149 13.6675 27.5753 30.0908 25.9676 30.6168 29.8087 18.5472 25.7370 27.8730 25.6966 20.1956 21.4569 20.9306 25.6742 28.3381 26.3503 20.7828 30.3171 22.1586 24.6359 27.2928 28.2118 25.2965 26.4547 22.2904 28.6671 25.7483 24.2562 17.4852 27.1925 26.3537
2.0022 4.5879 1.7881 2.9381 2.4089 2.2475 4.5549 3.6596 1.2122 5.4827 3.6305 4.1714 2.8552 4.5917 2.3316 1.5313 2.2668 2.4333 0.0000 2.8249 3.0203 2.3341 1.9843 3.1323 3.0448 4.9536 1.3151 2.4397 3.9708 3.0547 43.9006 43.0397 39.1229 40.6085 42.5636 38.6402 38.2201 40.6840 42.2891 43.9022 39.4018 37.2990 39.5434 39.5631 42.4480 40.2694 39.3578 42.6662 41.7112 40.7734 42.2004 41.0307 39.3686 39.7367 39.4271 41.8146 41.2018 39.0463 43.1282 40.4963 2.1090 3.6219 2.1176 4.1033 3.3537 3.8866 5.5006 2.5802 3.5405 5.7430 5.8967 2.4206 4.7975 3.5095 4.8157 7.3254 1.7224 1.6900 3.4088 1.2836 2.6141 2.1115 4.6685 2.2796 3.9719 2.5701 1.7406 5.8201 1.9162 2.5816 4.5333 14.7397 11.9667 9.6513 8.9429 4.0938 16.0925 13.6865 2.6865 5.9959 16.2778 6.2736 15.7441 7.5003 15.7887 7.0707 8.4910 16.1884 12.0084 15.3513 8.9167 4.7479 11.0346 7.9688 7.5428 7.2519 3.6678 7.8582 5.0243 11.6314 25.5400 28.1765 23.9779 28.6299 27.7295 16.6456 23.7990 25.9622 23.6917 18.2940 19.5618 19.0290 23.7533 26.2589 24.2830 18.8489 28.2891 20.2149 22.6856 25.3820 26.3058 23.3280 24.4876 20.3953 26.6035 23.8531 22.1770 15.5836 25.1842 24.4585
3.1456 3.2161 4.4389 3.7274 4.8783 2.4357 2.7622 6.1200 2.9299 8.3077 2.8071 2.4632 4.9383 7.3108 2.0155 1.7904 3.0127 2.4043 2.8249 0.0000 5.7328 4.6492 2.8986 3.4035 2.3772 3.3481 2.2069 4.6593 2.2201 2.4394 46.5048 45.5611 41.7270 43.2126 45.1678 41.2444 40.8242 43.2881 44.8933 46.5064 42.0059 39.9032 42.1475 42.1673 45.0522 42.8735 41.9619 45.2704 44.3154 43.3775 44.8045 43.6348 41.9728 42.3408 42.0312 44.4187 43.8059 41.6504 45.7298 43.1004 2.9987 6.3503 3.1277 6.9022 2.8542 6.5882 8.1596 5.3712 6.2190 8.5680 8.6111 3.2989 5.8965 6.2976 7.6018 5.2684 3.2332 3.0621 6.1657 3.0831 4.8548 4.2365 4.4119 4.1234 3.8727 3.7251 4.1921 8.5483 3.1873 2.0024 7.0086 17.5001 14.6389 12.3803 11.6687 6.6938 18.6966 16.2890 5.2349 8.7093 18.7960 8.8157 18.5044 10.2092 18.4406 9.7478 11.2384 18.8123 14.6603 17.7792 11.6456 7.4331 13.6576 10.7042 10.2354 9.9808 6.2172 10.5872 7.6008 14.3218 28.1810 30.8121 26.5820 31.2738 30.3534 19.3862 26.4430 28.5867 26.3356 21.0347 22.2057 21.7697 26.3972 28.8828 26.9262 21.5896 30.9331 22.8190 25.3296 27.9862 28.9497 25.9322 27.1316 23.0392 29.2672 26.4971 24.8009 18.3243 27.7883 27.1024
3.8836 7.4767 2.5764 4.8733 2.3909 4.4843 7.4597 3.1282 2.8621 2.9591 6.4921 7.0404 1.9366 3.6281 5.2007 4.2089 4.9471 5.1584 3.0203 5.7328 0.0000 2.7874 3.8821 5.4218 5.8277 7.7475 3.7696 2.2591 6.8123 5.9334 41.1064 40.2870 36.2933 37.7789 39.7341 35.8107 35.3905 37.8545 39.4596 41.0727 36.5722 34.4695 36.7138 36.7336 39.6185 37.4399 36.5282 39.8367 38.8817 37.9438 39.3708 38.2011 36.5391 36.9072 36.5975 38.9850 38.3722 36.2168 40.3755 37.6667 4.3788 1.7570 3.6951 1.8839 5.9338 3.0694 3.6602 1.1117 2.6562 2.8536 3.2206 3.8834 3.1732 1.8155 2.3462 10.1186 2.8765 3.5622 1.5392 3.0328 2.1810 2.7488 6.4336 3.7586 6.4283 4.3830 2.1080 3.0846 3.8367 5.4991 2.6822 11.8123 9.1540 6.9417 6.0339 2.2103 13.2630 10.9187 2.7474 3.2664 13.5100 4.3413 12.8166 4.6600 12.9760 4.3214 5.6195 13.3757 9.1956 12.5765 5.9732 2.6399 8.3202 5.1195 4.6955 4.3820 1.8116 4.9147 3.3346 8.6887 22.7105 25.3469 21.1484 25.7996 24.9168 13.7013 20.9688 23.1327 20.8614 15.3498 16.7315 16.0848 20.9230 23.4462 21.4583 15.9047 25.4589 17.3854 19.8554 22.5525 23.4755 20.4985 21.6574 17.5650 23.7900 21.0228 19.3643 12.6394 22.3546 21.6282
3.0501 6.2324 2.0562 4.3919 1.5234 3.7134 6.3711 1.6746 1.9644 3.7257 5.4076 5.8271 2.5188 2.9245 4.1346 3.0913 4.2245 4.0232 2.3341 4.6492 2.7874 0.0000 3.1018 4.4087 4.7626 6.5553 2.5388 2.7709 5.6309 4.8751 42.1226 41.2409 37.3449 38.8305 40.7856 36.8622 36.4420 38.9060 40.5111 42.1242 37.6237 35.5210 37.7653 37.7851 40.6700 38.4914 37.5797 40.8882 39.9332 38.9954 40.4224 39.2526 37.5906 37.9587 37.6490 40.0365 39.4237 37.2683 41.3476 38.7182 3.4708 2.1960 2.4174 2.3993 5.3737 2.2554 3.9625 2.4869 2.0077 4.0484 4.2469 3.6648 5.6593 1.8501 3.1211 8.9734 2.0519 2.9419 2.0546 2.6616 1.6409 3.4638 4.1892 3.5864 5.7625 4.1553 1.6224 4.2400 2.7810 4.4129 4.8655 12.9588 10.2815 7.8545 7.3028 3.1647 14.3145 12.0553 2.7563 4.3012 14.6466 6.4095 13.9742 5.7984 14.0165 5.4140 6.8231 14.4537 10.2361 13.7750 7.1073 3.9795 9.4582 6.2201 5.7619 5.4467 3.5563 6.1538 3.5811 9.8436 23.7620 26.3984 22.1999 26.8170 25.9947 14.8214 21.9960 24.1842 21.8788 16.4698 17.7489 17.2048 21.9404 24.5241 22.5363 17.0247 26.4839 18.4369 20.8728 23.6040 24.4929 21.5500 22.6990 18.5824 24.8339 22.0402 20.4422 13.7594 23.4062 22.6456
1.3754 3.8429 2.5958 1.7757 3.1500 2.8683 3.9587 4.4869 2.2443 6.2385 2.9868 3.4313 3.4709 5.3942 2.3781 2.7372 2.4534 2.6512 1.9843 2.8986 3.8821 3.1018 0.0000 1.9204 2.6430 4.0915 2.7792 2.6567 3.2378 2.7674 44.8231 44.0037 39.9960 41.4816 43.4368 39.5134 39.0932 41.5571 43.1623 44.7754 40.2749 38.1722 40.4165 40.4363 43.3212 41.1425 40.2309 43.5394 42.5844 41.6465 43.0735 41.9038 40.2418 40.6098 40.3002 42.6877 42.0749 39.9194 44.0922 41.3694 1.4009 4.2547 3.8340 4.9005 3.2296 4.6072 6.2388 3.4757 4.2328 6.5002 6.6208 1.0722 3.4059 4.2722 5.6364 6.5652 2.2444 0.6994 4.3117 1.3869 3.5165 2.4888 6.3041 1.8230 3.3242 1.9468 2.8013 6.5843 1.9279 2.5964 4.8960 15.5549 12.8239 10.5122 9.8045 5.0614 16.9656 14.6521 3.9814 6.8250 17.2284 6.9113 16.5710 8.3846 16.6233 7.9118 9.3390 17.0456 12.8510 16.2749 9.7594 5.7249 11.9527 8.8329 8.4349 8.1187 4.3022 8.7010 6.1055 12.5114 26.4131 29.0496 24.8510 29.4658 28.5867 17.4749 24.6472 26.8354 24.5276 19.1234 20.3977 19.8584 24.5891 27.1161 25.1561 19.6782 29.1250 21.0880 23.5237 26.2552 27.1420 24.2011 25.3502 21.2312 27.4234 24.6890 23.0342 16.4129 26.0573 25.2944
2.6968 2.5767 3.8861 1.7327 4.9686 3.0752 3.5580 5.1561 3.4749 7.7474 2.2942 2.5589 5.2964 7.1137 2.7021 3.5570 2.4784 2.7016 3.1323 3.4035 5.4218 4.4087 1.9204 0.0000 2.6705 3.7106 3.4619 3.5757 3.1302 2.6821 45.9956 45.1882 41.1557 42.6413 44.6297 40.6731 40.2529 42.7168 44.3220 45.9399 41.4346 39.3319 41.5762 41.5959 44.4809 42.3022 41.3906 44.6991 43.7441 42.8062 44.2332 43.0635 41.4015 41.7695 41.4599 43.8474 43.2346 41.0791 45.4006 42.5291 1.7134 5.7151 4.2439 6.1678 3.2027 5.6208 7.5176 5.0647 5.2222 7.8041 7.8524 1.6892 3.3051 5.4224 7.2127 4.9888 3.8859 2.0729 5.8936 2.9421 5.3758 3.3484 6.8562 2.2732 1.9958 1.7801 4.1175 8.0330 2.3236 2.6389 6.0228 16.7734 14.1674 11.5965 11.2024 6.4117 18.1683 16.1981 5.3674 8.2853 18.7860 7.9340 17.8036 9.8560 17.8235 9.5793 10.9074 18.4770 14.0776 17.9247 10.9037 6.9395 13.6153 10.0797 9.8509 9.3614 5.6510 9.7603 7.7365 13.8187 27.6337 30.2093 26.0260 30.6059 29.8672 18.5282 25.8069 27.9950 25.6663 20.1339 21.4561 20.8947 25.6476 28.3966 26.4087 20.7074 30.2694 22.2477 24.6834 27.4148 28.3016 25.3608 26.5131 22.3456 28.6027 25.8016 24.3147 17.4235 27.2541 26.3583
2.7911 2.5078 4.4431 3.1145 5.4229 2.0530 2.3485 5.8802 3.3804 8.2561 1.7284 2.1585 5.7421 7.4942 0.8907 2.3406 1.5983 1.5374 3.0448 2.3772 5.8277 4.7626 2.6430 2.6705 0.0000 2.2290 2.3480 4.2764 1.2387 0.8466 46.4386 45.5385 41.6364 43.1220 45.1663 41.1537 40.7336 43.1975 44.8222 46.4766 41.9153 39.8125 42.0569 42.0766 44.9615 42.7829 41.8713 45.1797 44.2247 43.2869 44.7139 43.5442 41.8822 42.2502 41.9406 44.3281 43.7153 41.5598 45.6391 43.0098 1.5676 6.4221 2.7877 6.8506 1.2941 6.4868 8.1914 5.4974 6.1537 8.5164 8.6520 2.6730 5.1294 6.2460 7.6578 4.3309 3.8617 2.3777 6.3324 3.0903 5.5518 3.8181 4.7977 3.1816 2.6638 3.5507 4.2188 8.5893 2.0898 1.1951 6.5885 17.3856 14.7717 12.1467 11.7236 6.7464 18.6513 16.5258 5.2185 8.7887 19.0765 8.5925 18.4309 10.2198 18.4438 9.9251 11.3202 18.9220 14.6266 18.2860 11.5359 7.2794 13.9692 10.6658 10.1616 9.8443 5.9340 10.4235 7.8060 14.2604 28.1704 30.6900 26.5627 31.1949 30.4038 19.1307 26.3228 28.4757 26.2747 20.7791 22.0427 21.5141 26.2524 28.9332 26.9454 21.3587 30.8952 22.7538 25.2141 27.8955 28.7900 25.8917 27.0498 22.8762 29.2453 26.3340 24.8513 18.0687 27.7876 26.9394
4.5608 2.1770 6.1630 4.3192 7.2346 3.4961 1.8961 7.5563 5.2764 10.0999 2.1070 2.5446 7.5385 9.3831 2.7656 4.1451 3.0192 3.2605 4.9536 3.3481 7.7475 6.5553 4.0915 3.7106 2.2290 0.0000 4.1639 6.0269 1.4826 2.1868 48.3671 47.5647 43.5255 45.0111 47.0949 43.0429 42.6227 45.0866 46.7507 48.4051 43.8044 41.7016 43.9460 43.9657 46.8507 44.6720 43.7604 47.0688 46.1138 45.1760 46.6030 45.4333 43.7713 44.1393 43.8297 46.2172 45.6044 43.4489 47.5792 44.8989 3.4558 8.0676 4.7017 8.6086 2.2024 8.1824 9.9889 7.4172 7.7774 10.3075 10.4066 4.2197 6.5118 7.9415 9.5652 2.6936 5.7697 4.2891 8.2461 4.8748 7.4419 5.6081 5.6619 4.7980 2.6049 5.1134 6.1330 10.4170 4.0545 2.7016 8.4773 19.2382 16.6900 14.0244 13.5827 8.7106 20.5798 18.5046 7.3048 10.7200 21.0656 10.3917 20.2901 12.1422 20.3058 11.9259 13.2496 20.8402 16.5321 20.2648 13.3809 9.2175 15.9619 12.5520 12.1109 11.7284 7.8649 12.2190 9.8552 16.1299 30.0990 32.6145 28.4912 33.0712 32.3324 20.8976 28.2514 30.3890 28.1315 22.5248 23.8474 23.2641 28.0966 30.8618 28.8740 23.1438 32.7394 24.6823 27.1401 29.7846 30.7142 27.8202 28.9784 24.7153 31.0894 28.1751 26.7799 19.8144 29.7162 28.7441
2.7390 3.8015 2.5366 3.9947 3.1738 1.4587 3.9631 3.9552 1.4992 6.1809 3.1132 3.4162 3.5131 5.2780 1.6685 0.9404 2.4105 1.8923 1.3151 2.2069 3.7696 2.5388 2.7792 3.4619 2.3480 4.1639 0.0000 2.8518 3.1942 2.4582 44.5425 43.6715 39.7647 41.2503 43.2080 39.2821 38.8619 41.3258 42.9309 44.5440 40.0436 37.9408 40.1852 40.2049 43.0898 40.9112 39.9996 43.3080 42.3530 41.4152 42.8422 41.6725 40.0105 40.3785 40.0689 42.4564 41.8436 39.6881 43.7675 41.1381 2.5666 4.2584 1.3188 4.7620 3.0423 4.4101 6.0981 3.3800 4.0866 6.4454 6.5587 3.2047 5.8051 4.1575 5.5489 6.5490 2.1953 2.5041 4.2088 1.8062 3.3244 2.9837 3.5650 3.0186 3.9259 3.3968 2.1230 6.5013 1.7573 2.0467 5.3839 15.4197 12.7266 10.2702 9.6832 4.7407 16.7343 14.4498 3.3021 6.7436 17.0411 7.2492 16.4453 8.2125 16.4470 7.8359 9.2524 16.9045 12.6667 16.1638 9.5581 5.3603 11.8470 8.6810 8.2229 7.9015 4.2785 8.4568 5.7376 12.3068 26.2121 28.8183 24.6197 29.2267 28.4455 17.2514 24.4159 26.6040 24.3040 18.8999 20.1586 19.6348 24.3501 26.9749 24.9871 19.4547 28.9245 20.8567 23.2924 26.0238 26.9106 23.9698 25.1189 20.9921 27.2746 24.4500 22.8930 16.1894 25.8293 25.0554
2.8224 5.9471 2.1720 3.8423 3.0570 2.7602 6.0099 2.8606 2.4331 4.6792 5.0430 5.3646 3.0261 4.6566 3.7407 3.1410 3.5880 3.7214 2.4397 4.6593 2.2591 2.7709 2.6567 3.5757 4.2764 6.0269 2.8518 0.0000 5.1452 4.5031 42.6213 41.8378 37.7491 39.2347 41.2469 37.2665 36.8463 39.3102 40.9154 42.5752 38.0280 35.9253 38.1696 38.2162 41.0743 38.8956 37.9840 41.3247 40.3375 39.3996 40.8266 39.6569 37.9949 38.3629 38.0533 40.4408 39.8280 37.6725 41.9954 39.1225 2.8559 3.0364 3.4288 2.9181 4.6251 3.0002 4.5414 2.0983 2.5006 4.4500 4.6212 2.3904 3.2668 2.4631 4.2809 8.2992 2.3786 2.2041 3.1150 2.0669 3.0632 1.2288 6.2240 1.7695 4.8731 2.9584 2.0977 4.8222 2.4162 4.2122 3.0572 13.2716 10.7958 8.0756 7.7581 3.4580 14.7439 12.8168 2.4778 4.9588 15.4047 4.9319 14.3018 6.4733 14.4402 6.2802 7.4927 15.0661 10.6770 14.5546 7.3827 3.8568 10.2873 6.6530 6.4671 5.9494 2.5781 6.2457 4.5389 10.2861 24.2509 26.8027 22.6432 27.2231 26.4844 15.0027 22.4033 24.5884 22.2835 16.6243 18.0654 17.3692 22.2569 25.0138 23.0259 17.1818 26.8866 18.8411 21.2921 24.0082 24.8950 21.9722 23.1303 18.9389 25.2358 22.3950 20.9319 13.9138 23.8682 22.9621
3.6330 2.4596 5.2516 3.6024 6.3538 2.6553 2.0687 6.7696 4.2998 9.1648 1.9188 1.7131 6.6620 8.3994 1.6979 3.2075 2.1927 2.4360 3.9708 2.2201 6.8123 5.6309 3.2378 3.1302 1.2387 1.4826 3.1942 5.1452 0.0000 1.4979 47.4409 46.5617 42.6631 44.1487 46.1646 42.1805 41.7603 44.2242 45.8294 47.4748 42.9420 40.8393 43.0836 43.1034 45.9883 43.8097 42.8980 46.2065 45.2515 44.3136 45.7406 44.5709 42.9089 43.2770 42.9673 45.3548 44.7420 42.5866 46.6659 44.0365 2.4608 7.2097 3.7844 7.7131 1.6936 7.3492 9.0690 6.4821 7.0006 9.3977 9.5297 3.3265 5.7308 7.1084 8.6301 3.3548 4.8084 3.2977 7.3110 3.9894 6.4717 4.7422 4.7000 4.0341 2.9385 4.2221 5.1973 9.4736 3.0275 1.7458 7.5500 18.3516 15.7262 13.1314 12.6628 7.7250 19.6495 17.5289 6.2802 9.7432 20.1202 9.5358 19.3818 11.2186 19.3745 10.9264 12.3057 19.8764 15.5954 19.2859 12.4649 8.3094 14.9692 11.6081 11.1665 10.8273 6.9266 11.3519 8.8089 15.2434 29.1687 31.7167 27.5609 32.1535 31.4021 20.1025 27.3211 29.5025 27.2333 21.7510 23.0298 22.4859 27.2213 29.9315 27.9437 22.3058 31.8538 23.7552 26.2098 28.9223 29.8091 26.8899 28.0481 23.8633 30.2038 27.3211 25.8496 19.0405 28.7859 27.9265
2.6775 1.9904 4.5839 2.7052 5.4370 2.5044 1.9112 6.1745 3.4121 8.4516 1.2338 2.2223 5.7449 7.5897 1.0376 2.3053 1.3573 1.5411 3.0547 2.4394 5.9334 4.8751 2.7674 2.6821 0.8466 2.1868 2.4582 4.5031 1.4979 0.0000 46.7203 45.7878 41.9425 43.4281 45.4157 41.4599 41.0397 43.5036 45.1088 46.7259 42.2214 40.1187 42.3630 42.3828 45.2677 43.0890 42.1774 45.4859 44.5309 43.5930 45.0200 43.8503 42.1883 42.5564 42.2467 44.6342 44.0214 41.8660 45.9453 43.3159 1.7016 6.5888 3.1848 7.0461 1.0532 6.6897 8.3930 5.5798 6.3638 8.7119 8.8536 2.8333 5.1924 6.4415 7.7744 4.3223 3.8420 2.6078 6.3886 3.1565 5.5547 4.0911 5.2535 3.4118 2.2532 3.7351 4.3104 8.7908 2.3291 0.9496 6.8475 17.6301 14.9629 12.4215 11.9086 6.9433 18.9122 16.6118 5.3557 8.9799 19.2031 8.8370 18.6421 10.4066 18.6665 10.0722 11.4621 19.1131 14.8722 18.3544 11.7527 7.5284 14.0377 10.8621 10.4039 10.0876 6.1975 10.6531 7.9058 14.5036 28.4197 30.9961 26.8120 31.4455 30.6532 19.4320 26.5937 28.7819 26.5253 21.0804 22.3501 21.8154 26.5415 29.1826 27.1947 21.6353 31.1458 23.0346 25.4739 28.2017 29.0941 26.1477 27.2991 23.1836 29.4958 26.6414 25.1007 18.3700 28.0370 27.2468
44.7250 48.1837 42.6262 45.7887 42.1331 45.1180 48.1007 40.9834 43.7752 38.8908 47.2798 47.5607 42.2486 39.5297 45.9593 45.0346 45.7923 45.8434 43.9006 46.5048 41.1064 42.1226 44.8231 45.9956 46.4386 48.3671 44.5425 42.6213 47.4409 46.7203 0.0000 1.4954 6.6223 5.5762 2.6001 6.4470 7.7875 4.0714 2.5097 1.6019 6.1412 8.1066 5.8460 5.0051 1.7441 4.4164 7.5949 2.0160 3.1285 4.1865 2.9279 5.0070 5.1705 5.0162 6.5110 3.0748 4.1938 6.9503 1.9634 4.0494 45.0969 40.9231 43.9889 40.2186 46.7371 40.6312 38.8209 41.6099 41.3632 38.9345 38.6316 44.7715 43.1465 40.9254 39.3769 50.5527 43.6375 44.3938 40.7591 44.0518 42.0443 43.0036 43.4394 44.1606 47.2263 45.3158 42.6371 38.5587 44.4825 46.3264 40.0643 30.0039 32.3129 34.6473 35.3700 40.0137 27.9211 30.3390 41.4138 38.2637 27.7990 38.3503 28.8413 36.5130 28.5635 37.1090 35.8136 28.0343 32.1952 29.1881 35.4871 39.4160 33.3113 36.1453 36.4488 36.8173 40.6186 36.6248 39.0124 32.7629 19.1475 16.7406 20.1112 17.3881 16.7175 28.7974 21.2043 18.8628 21.6881 28.2949 25.8219 26.8696 21.5548 18.1269 20.3151 26.7045 17.9593 23.9202 22.0852 19.4501 18.8937 21.1529 20.3737 24.7378 19.8340 21.5322 22.2515 30.8525 18.8181 21.2800
43.7953 47.2571 41.8068 44.9186 41.3137 44.2986 47.2006 40.2076 42.8568 38.0714 46.3675 46.6606 41.4292 38.7103 45.0726 44.0970 44.8750 44.9433 43.0397 45.5611 40.2870 41.2409 44.0037 45.1882 45.5385 47.5647 43.6715 41.8378 46.5617 45.7878 1.4954 0.0000 6.5612 5.7549 2.7531 6.4753 7.9143 4.0037 2.7723 2.2866 6.4818 8.0511 6.0257 4.7430 1.9015 4.2481 7.8414 2.5068 3.3857 4.0547 3.2357 5.1294 5.0489 4.9593 6.6960 3.4459 4.2339 6.9371 1.7645 3.7327 44.2387 40.1037 43.1065 39.3992 45.7964 39.8118 38.0015 40.7905 40.6728 38.1151 37.8774 43.9552 42.3271 40.1060 38.5575 49.6581 42.6938 43.5727 39.9397 43.2324 41.1266 42.2278 42.5080 43.4647 46.3572 44.4964 41.8177 37.7393 43.6232 45.3827 39.2716 29.4237 31.4935 33.8662 34.5506 39.1943 27.1245 29.5196 40.4961 37.4443 26.9796 37.6812 28.0806 35.6936 27.9060 36.2896 34.9942 27.2149 31.3758 28.3687 34.6917 38.5966 32.4919 35.3259 35.6294 35.9979 39.8237 35.8972 38.1158 31.9435 18.8007 16.4251 19.3219 17.1992 16.3430 28.2609 20.7670 18.7072 21.4962 27.8043 25.4593 26.3541 21.3055 17.5546 19.7954 26.1913 17.8955 23.3827 21.6211 19.0899 18.7454 20.5906 19.8620 24.2012 19.7139 21.2567 21.6731 30.3159 17.9987 21.1317
39.9472 43.4059 37.7681 41.0110 37.2488 40.2796 43.2148 36.1306 38.9974 33.9469 42.5020 42.7399 37.4316 34.7326 41.1815 40.2568 41.0145 41.0337 39.1229 41.7270 36.2933 37.3449 39.9960 41.1557 41.6364 43.5255 39.7647 37.7491 42.6631 41.9425 6.6223 6.5612 0.0000 2.8687 5.2172 2.5027 2.6250 2.8558 4.7898 6.3587 2.6516 2.7333 1.2397 2.2068 5.2152 2.9322 2.5352 5.0623 3.7827 2.9161 4.0200 3.6245 2.2234 2.8147 1.8116 3.6930 3.2852 1.1720 6.4992 2.9686 40.3191 35.9779 39.1387 35.3110 41.9593 35.6546 33.8448 36.7359 36.3168 33.8881 33.5852 39.9712 38.2347 35.9922 34.5187 45.6643 38.8598 39.6160 35.9092 39.2391 37.2666 38.1269 38.6617 39.2101 42.4360 40.5193 37.8187 33.5834 39.7047 41.5487 35.2106 24.8221 27.3010 29.7987 30.3491 35.1631 23.0304 25.5184 36.6360 33.3386 22.9751 33.3764 23.7949 31.7004 23.5171 32.2603 30.8535 23.0815 27.2074 24.3824 30.5033 34.5311 28.4279 31.2723 31.6338 31.9480 35.8105 31.6153 34.2346 27.8194 13.7625 11.3899 15.2043 11.5721 12.4341 23.2868 15.4246 13.6950 16.1604 21.9001 19.8940 21.1621 15.8015 13.1083 15.2985 21.2222 12.3428 18.9080 16.8445 13.9548 13.4695 16.0046 14.7939 18.8393 14.1680 15.6502 17.0882 24.6922 14.2027 15.1058
41.4328 44.8915 39.2537 42.4966 38.7344 41.7652 44.7270 37.6162 40.4830 35.4325 43.9876 44.2255 38.9172 36.2182 42.6671 41.7424 42.5001 42.5193 40.6085 43.2126 37.7789 38.8305 41.4816 42.6413 43.1220 45.0111 41.2503 39.2347 44.1487 43.4281 5.5762 5.7549 2.8687 0.0000 3.5184 3.6238 3.1019 2.1903 3.2340 4.8879 2.6396 4.7049 1.8286 2.2181 4.4344 2.0772 3.0189 3.8809 2.5210 1.8981 2.7425 1.8442 2.6429 2.6133 2.8569 2.7431 1.6494 2.8163 5.4220 2.8573 41.8047 37.4635 40.6243 36.7966 43.4449 37.1402 35.3304 38.2215 37.7950 35.3545 35.0612 41.4568 39.7203 37.4778 36.0043 47.1790 40.3454 41.1017 37.3948 40.7247 38.7522 39.6125 40.1473 40.6957 43.9217 42.0049 39.3043 35.0690 41.1904 43.0343 36.6962 26.2006 28.7866 31.2843 31.8347 36.6487 24.5160 27.0040 38.1216 34.8242 24.4607 34.8620 25.2323 33.1860 24.9378 33.7459 32.3391 24.5671 28.6930 25.8467 31.9890 36.0167 29.9135 32.7579 33.1194 33.4336 37.2961 33.1009 35.7202 29.3050 15.0685 12.4924 16.6306 12.5735 13.1301 24.7721 16.8344 14.7012 17.2097 23.8178 21.2498 22.5434 17.0720 14.3780 16.4018 22.5797 13.0631 20.3936 18.0404 15.2320 14.5071 17.2805 16.1314 20.3336 14.8795 16.9731 18.4654 26.5041 15.4253 16.6563
43.3880 46.8775 41.2088 44.4517 40.6895 43.7203 46.8285 39.6545 42.4382 37.3914 45.9706 46.2884 40.8724 38.1733 44.6841 43.6976 44.4903 44.5712 42.5636 45.1678 39.7341 40.7856 43.4368 44.6297 45.1663 47.0949 43.2080 41.2469 46.1646 45.4157 2.6001 2.7531 5.2172 3.5184 0.0000 5.3768 6.3609 2.7439 0.9271 1.5779 5.0099 7.0017 4.4717 3.6719 1.8450 2.5587 6.3087 1.5920 2.0228 2.5359 2.0083 3.4978 4.0553 3.7926 5.2965 2.2152 2.4241 5.6451 2.4886 2.5334 43.8112 39.4237 42.7167 38.7518 45.4243 39.1318 37.3215 40.1767 39.8717 37.4351 37.1321 43.4361 41.6755 39.4329 37.9595 49.2805 42.3005 43.0568 39.3499 42.6798 40.7073 41.6574 42.1274 42.7091 45.9541 43.9600 41.2595 37.0593 43.1893 44.9894 38.6513 28.3690 30.8135 33.2988 33.8705 38.6039 26.5151 28.9591 40.1141 36.7794 26.4158 36.8800 27.3419 35.1411 27.0640 35.7011 34.3141 26.5349 30.6958 27.8018 33.9877 37.9874 31.8686 34.7131 35.0746 35.3888 39.2969 35.1254 37.6754 31.2634 17.4695 15.1273 18.6297 15.6195 15.3015 27.1842 19.5803 17.2496 19.9469 26.6816 24.2087 25.2563 19.9416 16.4689 18.6371 25.0910 16.2179 22.4126 20.4488 17.8369 17.2429 19.5139 18.7256 23.1246 18.0830 19.9190 20.5826 29.2393 17.3795 19.6236
