0.0000 3.4951 5.0954 4.1304 3.2382 4.4306 1.9442 6.7539 2.4946 7.9736 2.6177 4.3922 1.7687 4.4508 3.8518 1.6462 5.5762 2.6793 6.3926 2.2956 11.4014 2.1568 2.8070 2.7790 5.4881 2.6640 2.1687 10.2283 3.3763 3.3411 95.6445 92.4223 90.3575 91.0253 91.0546 92.1888 91.1130 93.1558 90.9567 93.1785 95.4029 91.0175 91.5618 90.1717 94.9947 89.9473 91.8117 95.2310 93.5018 93.4726 94.5880 93.3012 91.8828 92.9207 94.6458 93.3177 91.8128 91.3866 95.1486 91.2106 4.6829 5.4542 4.0887 8.9133 7.1478 7.0602 8.4727 6.9289 7.0653 10.9420 11.1259 6.1883 11.8517 6.9676 7.0740 1.7391 1.7237 4.7630 6.7892 3.2150 2.9731 11.4195 1.8724 7.0553 5.1805 5.9742 6.2130 9.1235 4.6965 2.1509 19.2715 31.2320 26.7093 28.0140 24.1790 16.0963 35.4249 28.0953 16.0504 14.0297 34.2320 24.9653 30.3457 25.4720 28.5690 15.5324 20.4175 27.3113 24.0622 28.9697 27.8232 21.8393 22.2381 24.7388 22.3995 22.6024 17.7526 24.1371 19.8990 30.7557 53.6558 60.0792 52.1995 62.5175 54.4227 48.7626 56.3057 57.7056 55.8610 52.7371 48.5996 51.2245 54.1932 51.9999 49.6824 48.6985 58.2505 50.2160 51.1147 58.8517 58.1818 51.5704 53.9172 55.0182 54.5872 57.1082 49.1007 54.9199 58.6382 59.5507
3.4951 0.0000 6.4206 4.9527 4.8842 4.2482 3.2906 5.2245 3.6181 7.9980 2.8960 2.0085 3.9275 4.0119 3.1255 2.9450 3.8836 2.6349 4.4137 3.5712 8.8113 3.9616 3.7701 4.3889 3.4582 2.8464 2.9918 9.6141 2.9984 3.7711 94.7859 91.5331 89.3801 90.0869 90.1120 91.0990 90.1380 92.1393 90.0298 92.1699 94.5000 90.0565 90.5711 89.1738 94.1250 89.0156 90.8124 94.2414 92.5769 92.5378 93.6390 92.3003 90.9196 91.8447 93.6602 92.3712 90.8027 90.4527 94.1507 90.2799 5.8055 6.9739 5.0443 9.0930 4.9748 7.3065 8.6297 7.5398 7.1184 11.1544 11.0572 6.5828 12.1769 8.2773 7.3212 3.5599 4.0214 5.6533 7.9436 4.4314 2.6278 10.6934 3.2409 6.6342 6.0628 6.7338 6.6306 9.8598 4.5851 4.3752 19.0210 30.0554 24.7445 26.1172 22.4612 14.7384 32.9451 25.9153 15.6244 12.9222 32.1864 23.3960 28.5830 23.4201 27.1657 14.0057 20.1884 25.0974 22.3669 26.6240 26.8664 20.9028 20.2957 23.3795 20.3525 20.6891 17.2976 22.3318 18.0450 29.0866 52.8543 59.1457 51.1258 61.9141 53.5607 47.8494 55.5663 56.8887 55.2661 51.7532 47.7112 50.4005 53.3422 51.0748 48.8476 48.1136 57.4716 49.1314 50.3868 57.7954 57.3167 50.7269 52.9100 54.1515 53.9297 56.3487 48.1053 53.8458 57.5765 58.8725
5.0954 6.4206 0.0000 4.1292 2.9070 3.4013 4.9299 5.5363 4.6888 4.9467 4.9510 6.8310 4.7882 4.0742 5.8804 5.8837 5.2422 5.2762 7.8279 6.6401 10.6875 4.0326 5.3590 3.3213 6.3027 5.2091 4.9031 8.2978 5.7175 4.9432 92.8594 89.6667 87.4950 88.0616 88.1586 89.4005 88.3908 90.2792 88.0515 90.3439 92.5403 88.2716 88.7194 87.3941 92.1436 86.9882 89.0981 92.4281 90.6420 90.5675 91.7657 90.4261 89.0762 90.0376 91.8516 90.4663 88.9067 88.5190 92.3309 88.3718 4.2230 2.7692 2.4059 6.9341 6.8254 4.5118 5.2384 3.1499 4.1758 8.1880 7.4380 2.6788 8.7603 3.5040 3.5515 4.2845 4.7451 3.5057 3.5798 3.0510 4.7347 8.2684 5.1749 5.4346 1.7971 4.0630 2.4236 5.0606 5.2285 4.0764 17.9348 29.5490 25.6041 25.7419 22.5488 14.3403 33.9834 27.4392 14.7572 12.3647 33.1447 23.5961 28.9205 24.0245 27.0941 14.8774 18.3114 25.7276 22.1670 27.8928 25.9588 20.0733 21.3030 22.8770 20.9411 21.1632 15.3633 21.7787 19.5841 28.6657 51.1221 57.2921 49.8176 59.8312 51.5508 45.9976 53.6636 54.9755 53.1053 50.2333 45.8085 48.5263 51.6002 49.6834 46.8423 45.9907 55.2910 47.9103 48.1225 56.2698 55.3065 49.1831 51.6386 52.7729 51.7795 54.5787 46.8280 52.5360 56.3638 56.8825
4.1304 4.9527 4.1292 0.0000 4.1086 3.4543 4.6433 5.9635 3.4012 4.8557 3.4138 4.7994 4.6038 3.0488 4.2701 4.7814 5.3998 4.9594 5.9698 5.2374 10.1021 3.5951 5.4217 2.7100 5.0624 3.6285 3.7422 7.5847 3.8437 2.3510 92.1560 88.9153 86.9949 87.6220 87.6574 88.8110 87.6821 89.7231 87.5379 89.8017 91.9377 87.5441 88.1828 86.7955 91.5752 86.5607 88.3810 91.7677 90.0553 90.0615 91.1632 89.8738 88.4438 89.6162 91.2283 89.8825 88.3553 87.9360 91.6877 87.7727 2.0979 4.8770 3.2014 5.7290 6.5927 3.8829 5.9912 4.7658 4.9553 7.8325 8.6025 4.3977 8.4313 4.7972 4.8733 3.6292 3.3889 2.8786 3.8990 3.2039 2.9882 8.6095 4.8553 5.7401 3.7079 3.1665 4.4096 6.6256 2.5047 3.4164 15.7025 28.0830 24.0673 24.8540 21.2471 13.0660 33.0402 25.6253 12.5426 10.6902 31.8272 22.3911 27.6259 22.6907 25.4461 12.6486 16.7593 24.5044 20.9264 26.5723 24.3943 18.4412 19.3078 21.4944 19.4639 19.6498 14.2031 21.0239 17.4246 27.6111 50.0037 56.5005 48.8423 58.8465 50.7091 45.2511 52.5641 54.1264 52.2861 49.2090 45.1261 47.6288 50.5313 48.5032 46.1230 45.0934 54.6384 46.7210 47.4808 55.2583 54.7053 48.0266 50.4130 51.4868 51.0825 53.4785 45.8442 51.4651 55.1389 55.9616
3.2382 4.8842 2.9070 4.1086 0.0000 3.3908 2.7991 5.7419 3.3769 6.4342 3.4465 5.5999 2.9064 3.7713 4.6348 3.8450 4.7718 3.2142 6.9600 4.7835 10.8488 2.6970 3.5014 2.6688 5.5778 3.7772 3.1326 9.0043 4.2696 3.8639 94.3134 91.0871 88.9285 89.5572 89.6409 90.8119 89.8440 91.8149 89.5208 91.7625 94.0170 89.6917 90.1159 88.8087 93.5919 88.4862 90.5108 93.8884 92.0777 92.0703 93.2134 91.8881 90.5305 91.4636 93.3020 91.9375 90.4133 89.9804 93.7836 89.8264 4.3070 3.6317 2.1527 7.8620 6.5915 5.7663 6.7459 4.8211 5.4128 9.4867 9.0880 3.9649 10.1997 5.3138 5.0018 2.6645 3.3500 3.5556 5.1881 2.6835 3.7437 9.7591 3.3385 5.7822 3.2080 5.0424 3.9118 7.1533 4.8979 2.5481 18.7988 30.4190 26.1583 26.9735 23.3590 15.2038 34.6381 27.7703 15.5489 13.2672 33.6432 24.2114 29.6330 24.7735 27.8804 15.1432 19.5034 26.5605 23.1256 28.3619 26.9799 21.1127 21.8723 23.9480 21.7374 21.8890 16.5647 23.0329 19.7269 29.7179 52.4583 58.7173 50.9978 61.2754 53.0859 47.3892 55.1094 56.3768 54.5631 51.5556 47.1391 49.9566 52.9701 50.8899 48.3057 47.4095 56.8719 49.1304 49.6544 57.6677 56.7391 50.4233 52.8178 54.0021 53.1350 55.9385 47.8609 53.7578 57.5984 58.3042
4.4306 4.2482 3.4013 3.4543 3.3908 0.0000 3.9877 3.3734 3.6511 5.2109 3.4124 4.4974 4.3215 1.9288 3.9310 4.8578 3.0944 4.0901 5.7350 5.5685 8.3722 3.4349 4.4688 2.9630 3.7179 3.6262 3.4986 7.5316 4.1219 3.7381 92.6358 89.4383 87.2491 87.8973 87.9618 89.1135 88.1186 89.9704 87.8598 90.0431 92.3655 88.0586 88.4314 87.1110 91.9341 86.8060 88.7875 92.1194 90.3955 90.3926 91.5019 90.1260 88.7816 89.7635 91.6197 90.2330 88.6601 88.2996 92.0629 88.1143 4.0529 4.1987 2.7578 6.6420 4.3187 4.3901 5.6090 4.0884 3.8430 8.4338 7.8515 3.4100 9.3089 5.1914 3.8497 3.6785 4.2978 3.8030 4.9733 2.7956 3.0901 7.9657 4.1715 4.5347 2.9115 4.0865 3.3428 6.2415 4.2667 4.1966 17.6678 28.8134 24.3088 24.5600 21.4276 13.4624 32.3414 25.8122 14.3439 11.4993 31.8599 22.6269 27.8245 22.6774 26.1257 13.3341 18.2871 24.1634 21.0030 26.2964 25.4018 19.6149 19.8205 22.2628 19.5284 19.8088 15.2935 20.7385 18.0694 27.7328 50.8384 57.0737 49.4608 59.7206 51.3559 45.7326 53.4641 54.7309 53.0710 49.8556 45.5859 48.3707 51.3054 49.4266 46.6933 46.0142 55.2442 47.4553 48.1101 55.8378 55.2334 48.7904 51.0922 52.3706 51.6545 54.2404 46.4507 52.1576 55.9529 56.8532
1.9442 3.2906 4.9299 4.6433 2.7991 3.9877 0.0000 5.9817 2.5827 7.8209 2.4656 4.3559 2.1140 4.0180 3.6013 2.2212 4.6505 2.0190 6.1860 3.1616 10.6442 2.5064 2.3848 3.0138 4.9397 2.7108 1.9219 9.8168 3.3172 3.6893 95.4974 92.2714 90.0838 90.7702 90.8287 91.9526 90.9453 92.9427 90.7349 92.9004 95.2077 90.8445 91.2934 89.9370 94.7703 89.6946 91.6109 95.0220 93.2563 93.2679 94.3751 93.0494 91.6717 92.6280 94.4334 93.1005 91.5926 91.1607 94.9381 90.9837 5.2021 5.1951 3.7122 8.8974 6.3777 6.9965 8.1614 6.5674 6.6267 10.7646 10.6171 5.7342 11.8105 6.9769 6.6501 1.8642 2.7885 4.8134 6.9865 3.1736 3.1008 10.9795 1.8907 6.4064 4.9932 6.1497 5.7538 8.9086 5.1999 2.7717 19.6008 31.0554 26.4306 27.6854 23.9177 15.9608 34.8656 27.8505 16.3226 13.9963 33.9300 24.6665 30.0544 25.1582 28.3730 15.3666 20.5845 26.9311 23.7901 28.5296 27.7932 21.9259 22.1323 24.7270 22.1794 22.3223 17.8008 23.7828 19.7784 30.4603 53.5745 59.9143 51.9727 62.4664 54.2962 48.5254 56.2575 57.5185 55.7778 52.5964 48.3291 51.1386 54.0881 51.9331 49.4904 48.6340 58.1249 50.1071 50.9617 58.6827 57.9623 51.4548 53.7705 54.9819 54.3379 57.0143 48.8670 54.7926 58.5649 59.5147
6.7539 5.2245 5.5363 5.9635 5.7419 3.3734 5.9817 0.0000 5.8590 5.9175 5.3279 5.3081 6.5261 3.7199 5.1092 6.8321 2.3570 5.6536 6.0376 7.6183 5.8275 5.7783 6.0232 5.6845 3.7758 5.5051 5.6798 7.4073 5.7906 6.0693 91.9736 88.7776 86.3703 87.0289 87.1290 88.2049 87.3283 89.0833 87.0536 89.1686 91.6065 87.3550 87.6007 86.2862 91.2113 85.9614 87.9652 91.3301 89.6326 89.5756 90.7020 89.2765 87.9917 88.8020 90.7785 89.3940 87.7764 87.5158 91.2645 87.3275 6.5661 6.0830 5.1460 7.7224 2.4876 5.5692 6.1913 5.4301 4.4612 8.9888 7.5842 4.6195 10.1883 6.7926 4.8320 6.0541 6.8596 6.0858 6.9927 5.0595 4.8822 7.2969 6.1795 4.6066 4.8541 5.9349 4.6888 7.1005 6.1497 6.8437 18.4948 28.2324 23.1903 23.0445 20.4819 13.0588 30.4389 24.6909 15.0410 11.4186 30.6272 21.8529 26.7632 21.3932 25.4158 13.0820 18.7963 22.5207 19.9844 24.7332 25.1539 19.4840 19.0053 21.7853 18.3035 18.7553 15.6833 19.2459 17.6188 26.6157 50.4967 56.4540 48.7468 59.4301 50.8033 45.0852 53.1282 54.1446 52.7297 49.2303 45.0295 47.8783 50.8681 49.0224 46.0503 45.7436 54.6109 46.9499 47.5917 55.1067 54.5378 48.4661 50.6482 52.0613 51.2290 53.8756 45.9767 51.5542 55.3964 56.4678
2.4946 3.6181 4.6888 3.4012 3.3769 3.6511 2.5827 5.8590 0.0000 6.7965 1.5619 3.9376 2.7057 3.3001 2.3501 2.8683 4.8808 3.2194 5.3604 3.5246 10.2289 2.3664 3.0018 2.2118 4.9918 1.7109 1.6421 8.5099 1.9941 2.4260 94.1855 90.9941 88.8354 89.5663 89.6286 90.8153 89.6906 91.6844 89.4983 91.6665 93.8987 89.5720 90.0492 88.6675 93.4995 88.4554 90.3314 93.7690 91.9824 92.0566 93.1577 91.7961 90.4017 91.5042 93.1361 91.8428 90.3696 89.8805 93.6687 89.6767 3.7448 5.0713 3.5527 7.4711 6.5349 5.7138 7.1971 6.1081 6.0366 9.4412 9.8376 5.4573 10.6159 6.1180 6.2174 1.9946 2.7209 4.3171 6.0189 2.9593 2.1120 10.2426 2.9748 5.5476 4.7813 4.7839 5.4981 8.1721 4.2370 2.9699 18.1093 29.6064 25.3706 26.8148 22.9942 15.0939 34.1587 26.8161 14.7996 12.8711 33.1900 23.5558 28.8567 24.2354 26.8866 14.0695 19.1482 26.1751 22.8427 27.8262 26.2894 20.4849 21.0788 23.7210 21.2446 21.2887 16.5816 22.9631 18.6219 29.4645 52.2684 58.5942 50.6027 60.9803 53.0733 47.3012 54.9444 56.1413 54.4228 51.2167 47.1359 49.8575 52.7759 50.5605 48.2216 47.2023 56.7945 48.8301 49.6472 57.3708 56.7011 50.1716 52.4340 53.6273 53.0169 55.6342 47.7138 53.5516 57.1829 58.2178
7.9736 7.9980 4.9467 4.8557 6.4342 5.2109 7.8209 5.9175 6.7965 0.0000 6.5202 7.8319 8.1931 4.7443 6.9418 8.6305 6.0902 7.7727 7.5002 9.3844 8.8481 6.8627 8.2977 5.9908 6.9065 7.1254 7.0580 4.7986 6.9155 5.9251 88.4694 85.2436 83.1323 83.6984 83.7733 84.9465 83.9118 85.8923 83.6782 85.9534 88.1155 83.8092 84.3740 82.9868 87.7941 82.6441 84.6242 88.0258 86.3040 86.1789 87.3859 86.0586 84.6599 85.6946 87.3941 86.0759 84.4729 84.1427 87.9201 83.9825 4.9193 5.5334 4.9187 3.5489 7.0952 2.1067 2.9853 3.0995 3.2750 4.5221 4.4107 3.2467 5.0934 3.6959 2.8909 7.0659 7.4563 4.3882 3.4078 5.7698 6.1902 4.5104 8.4106 4.4865 4.2705 3.1850 3.6462 3.7300 5.0033 7.1590 14.0083 25.1040 21.4333 21.8187 18.3030 10.7166 30.2566 23.4940 10.8786 8.3984 29.1465 19.7413 24.7585 20.1160 22.7360 11.0963 14.1656 21.8732 17.8896 23.9809 21.5818 15.7050 17.3075 18.7670 17.1009 17.0242 11.4579 17.7129 15.9914 24.2715 46.7621 52.9297 45.3992 55.4655 47.1952 41.5861 49.2831 50.5478 48.7531 45.8201 41.5170 44.0688 47.2334 45.3111 42.3144 41.6247 50.8581 43.5081 43.8630 51.8243 50.8681 44.9166 47.2205 48.3491 47.5144 50.1851 42.5290 48.0574 51.9945 52.3808
2.6177 2.8960 4.9510 3.4138 3.4465 3.4124 2.4656 5.3279 1.5619 6.5202 0.0000 3.4117 3.2000 2.8398 1.9287 2.8825 4.1447 2.6240 4.6205 3.7947 9.4417 2.5874 3.0457 2.6440 4.3251 1.7204 1.3949 8.0735 1.7346 2.1735 93.7092 90.4833 88.3218 89.0451 89.0905 90.2111 89.1507 91.1856 88.9877 91.1424 93.4161 89.0514 89.5397 88.1530 93.0243 87.9539 89.8006 93.2645 91.4990 91.5223 92.6130 91.2908 89.9028 90.9243 92.6304 91.3200 89.8398 89.3855 93.1641 89.2029 3.9938 5.2338 3.4607 7.2260 5.8346 5.5414 6.9917 5.9686 5.7143 9.2592 9.5190 5.1678 10.4327 6.2892 5.9318 2.1321 3.0132 4.0649 6.1613 3.1280 1.7943 9.7270 3.1835 5.0560 4.7170 4.7085 5.3142 8.1613 3.6365 3.2924 17.8526 29.1142 24.6013 26.2153 22.1938 14.4886 33.3562 26.0187 14.5177 12.3846 32.2465 22.8959 28.1956 23.5263 26.4275 13.5250 18.8764 25.4438 22.1146 26.9225 25.9004 20.0381 20.4003 23.1010 20.5824 20.5954 16.2230 22.3137 17.9482 28.7318 51.8797 58.1740 50.1714 60.6627 52.6684 46.8492 54.5763 55.7578 54.0158 50.7981 46.7159 49.4063 52.3668 50.1308 47.7766 46.8721 56.3842 48.3605 49.3211 56.8940 56.2425 49.8008 51.9904 53.1799 52.6701 55.2462 47.1967 52.9995 56.7686 57.7548
4.3922 2.0085 6.8310 4.7994 5.5999 4.4974 4.3559 5.3081 3.9376 7.8319 3.4117 0.0000 4.6940 4.0855 3.0146 3.8748 4.1850 3.9632 3.8694 4.2406 8.2828 4.7838 4.9566 4.7875 2.7911 3.2105 3.6837 9.0946 3.2532 3.6828 94.2069 90.9337 88.8600 89.6001 89.6209 90.5661 89.6122 91.5730 89.5011 91.6127 93.9228 89.4370 90.0226 88.6064 93.5859 88.4946 90.2370 93.6959 91.9899 92.0508 93.1321 91.7425 90.3421 91.3982 93.0805 91.8078 90.2485 89.8711 93.5391 89.6988 5.5850 7.6956 5.4682 8.9020 4.7238 7.0818 8.6038 7.7153 7.3866 10.8915 11.0583 6.9085 11.8422 8.4762 7.4051 4.3123 4.6221 5.9603 7.9182 5.0349 2.7973 10.4996 4.1528 6.8695 6.4318 6.6985 6.9322 10.0222 4.6333 4.9055 18.1304 29.1714 24.0742 25.1318 21.8215 13.8280 32.0600 25.0036 14.6786 11.9721 31.7792 22.6128 27.7236 22.4278 26.1171 12.8807 19.3499 24.1093 21.5789 25.9829 25.9058 20.0341 19.2612 22.5901 19.3056 19.7349 16.5219 21.5316 17.0920 28.3894 51.9074 58.3038 50.1857 61.0592 52.6820 47.0339 54.6659 56.0288 54.5432 50.7711 46.8770 49.6351 52.4452 50.1569 48.1186 47.2738 56.7529 48.1822 49.5003 56.9012 56.6138 49.7545 52.0471 53.3207 53.1229 55.4757 47.3479 53.0733 56.5307 58.1831
1.7687 3.9275 4.7882 4.6038 2.9064 4.3215 2.1140 6.5261 2.7057 8.1931 3.2000 4.6940 0.0000 4.5356 4.2040 2.0238 5.5810 3.0971 6.9440 2.4513 11.5021 2.1334 2.5824 2.8101 5.5538 2.7967 2.4982 10.5152 3.7928 3.9430 96.0334 92.8257 90.7362 91.4045 91.4748 92.6330 91.5708 93.5564 91.3437 93.5620 95.7998 91.4798 91.9197 90.5882 95.3751 90.3268 92.2402 95.6434 93.8649 93.8993 94.9986 93.6751 92.2684 93.3139 95.0539 93.7181 92.2025 91.7696 95.5595 91.5847 4.7927 5.3432 4.1479 9.2456 7.0754 7.2125 8.6054 6.9547 7.0926 11.0743 11.1641 6.1736 12.0615 6.9913 7.0292 2.2632 2.0941 5.1938 6.8104 3.2255 3.3424 11.6193 1.5304 7.2469 4.9916 6.2799 6.0724 9.1287 5.4941 2.3119 19.8324 31.7349 27.3061 28.1833 24.7661 16.5277 35.7671 28.6967 16.5423 14.4034 34.9316 25.5499 30.9023 25.9234 28.9773 15.9060 20.9190 27.5885 24.5007 29.5189 28.2670 22.3965 22.7605 25.3629 22.7319 23.0457 18.1599 24.4212 20.5001 31.2484 54.0205 60.4081 52.5632 62.8637 54.7210 49.0978 56.6602 57.9841 56.2848 53.1199 48.8950 51.6297 54.5194 52.4148 50.0367 49.0497 58.6042 50.6476 51.3496 59.2356 58.5589 51.9015 54.3303 55.5262 54.8597 57.4682 49.5312 55.3960 59.0357 60.0121
4.4508 4.0119 4.0742 3.0488 3.7713 1.9288 4.0180 3.7199 3.3001 4.7443 2.8398 4.0855 4.5356 0.0000 3.3394 4.8477 3.1886 4.1485 4.9012 5.5877 8.0721 3.5698 4.6133 3.0251 3.6543 3.2915 3.1140 6.7182 3.2744 2.9725 91.9871 88.7808 86.6163 87.2909 87.3521 88.4969 87.4669 89.3843 87.2399 89.4176 91.7183 87.3907 87.7997 86.4622 91.2932 86.2215 88.1095 91.5003 89.7625 89.7910 90.8959 89.5274 88.1357 89.1565 90.9570 89.6093 88.0548 87.6633 91.4123 87.4709 3.5426 4.5975 2.8583 5.8392 4.5633 3.8970 5.2929 4.2376 3.8157 7.7539 7.6468 3.5951 8.7403 5.1819 3.9639 3.8028 4.2795 3.4668 4.8118 3.0668 2.6229 7.6473 4.5522 3.9740 3.3509 3.6137 3.6699 6.4039 3.5687 4.2099 16.7515 27.8696 23.4360 24.2018 20.7447 12.9083 31.8229 24.9723 13.3724 10.7553 31.1211 21.8357 27.0082 22.0372 25.1627 12.3430 17.5002 23.6596 20.3662 25.6003 24.5038 18.7450 19.0236 21.6057 18.9419 19.0596 14.6588 20.3129 17.1201 27.0902 50.1238 56.4020 48.6727 59.0228 50.7740 45.0372 52.7788 54.0258 52.4066 49.1733 44.9012 47.6597 50.6224 48.6533 45.9782 45.2692 54.5922 46.7094 47.4627 55.1964 54.5325 48.0499 50.3493 51.6045 50.9469 53.5123 45.6312 51.4288 55.1997 56.1260
3.8518 3.1255 5.8804 4.2701 4.6348 3.9310 3.6013 5.1092 2.3501 6.9418 1.9287 3.0146 4.2040 3.3394 0.0000 3.7914 4.0592 3.6489 3.7028 4.5985 8.5829 3.7945 3.7788 3.7119 4.1195 2.1131 2.5420 7.7079 1.8852 2.9725 93.5390 90.3270 88.0832 88.8756 88.9240 90.0318 88.9744 90.9309 88.8146 90.8845 93.2076 88.8358 89.3058 87.8953 92.8433 87.7441 89.5812 93.0775 91.2827 91.3653 92.4422 91.0437 89.6937 90.7627 92.3735 91.1057 89.6468 89.1654 92.9230 88.9715 4.7619 6.2322 4.4985 7.5159 5.4749 5.8956 7.1693 6.5783 6.2249 9.4439 9.6880 5.9430 10.7873 7.0296 6.4580 3.4005 4.3528 5.2065 6.9814 4.1299 2.2675 9.7914 4.0509 5.0337 5.6818 5.2594 6.0666 8.6805 4.4922 4.5975 17.9303 28.6078 24.0404 25.7354 21.8818 14.2858 32.5298 25.3015 14.4381 12.2233 31.9053 22.2343 27.4608 22.8818 25.7424 12.9704 18.8976 24.8864 21.7886 26.3769 25.5152 19.7460 19.8994 22.9188 20.0380 20.0594 16.2741 21.9216 17.3048 28.3743 51.6785 57.8829 49.7108 60.4419 52.4994 46.5909 54.4443 55.4599 53.8603 50.4043 46.4788 49.2474 52.1583 49.8272 47.5629 46.6576 56.1804 48.0338 49.0803 56.5405 56.0080 49.5642 51.7105 52.9493 52.4250 54.9967 46.9491 52.7460 56.3577 57.6822
1.6462 2.9450 5.8837 4.7814 3.8450 4.8578 2.2212 6.8321 2.8683 8.6305 2.8825 3.8748 2.0238 4.8477 3.7914 0.0000 5.6047 2.5679 6.1903 1.7895 11.2416 2.7962 2.7298 3.5910 5.2527 2.5686 2.3215 10.7334 3.2321 3.7141 96.2091 92.9652 90.8810 91.5634 91.6069 92.6997 91.6498 93.7057 91.5117 93.6983 95.9453 91.5449 92.0814 90.6984 95.5645 90.5011 92.3356 95.7692 94.0549 94.0349 95.1369 93.8188 92.4165 93.4300 95.1623 93.8691 92.3414 91.9269 95.6737 91.7634 5.3675 6.3226 4.8278 9.5891 7.0631 7.7588 9.1768 7.7454 7.6860 11.6385 11.7979 6.8847 12.6297 7.9289 7.7811 2.3355 2.4293 5.5731 7.6756 3.8661 3.0752 12.0233 1.7823 7.4834 5.9546 6.7778 6.9120 10.0123 5.1903 2.7882 19.7899 31.5850 26.7803 28.1915 24.4358 16.4203 35.3876 28.0968 16.4881 14.3982 34.3163 25.1816 30.5183 25.5845 28.7864 15.6262 21.0435 27.3753 24.3282 28.9713 28.2267 22.2421 22.3288 25.0601 22.4622 22.7434 18.3117 24.3887 19.8952 31.0515 54.1792 60.5705 52.5948 63.0983 54.9425 49.2937 56.8533 58.2190 56.4860 53.2136 49.1040 51.7731 54.7033 52.4314 50.2003 49.2648 58.8282 50.6501 51.6368 59.3487 58.7035 52.0622 54.3835 55.5276 55.1471 57.6622 49.5191 55.3527 59.0426 60.1275
5.5762 3.8836 5.2422 5.3998 4.7718 3.0944 4.6505 2.3570 4.8808 6.0902 4.1447 4.1850 5.5810 3.1886 4.0592 5.6047 0.0000 4.0302 4.7843 6.5568 6.4379 5.0836 5.0953 4.9520 3.0787 4.5558 4.5088 7.4214 4.6367 4.8812 92.6632 89.4156 87.0558 87.7450 87.8149 88.8195 88.0043 89.8443 87.7488 89.8415 92.2742 87.8937 88.2753 86.9188 91.8949 86.6554 88.6365 92.0503 90.3080 90.2624 91.3998 89.9913 88.7067 89.4979 91.4326 90.0841 88.5103 88.1835 91.9169 88.0351 6.0840 6.0169 4.1717 7.8421 2.5343 5.7477 6.3104 5.3440 4.9714 9.3282 8.1736 4.4628 10.3561 6.9149 4.9107 4.8326 5.9226 5.2038 6.9161 4.5097 3.9066 7.8385 5.1268 4.4657 4.7430 5.8336 4.5156 7.6383 5.2265 5.7169 18.4177 28.4063 23.2346 23.8800 20.6177 12.9901 30.7931 24.6066 14.9231 11.4771 30.6592 21.6067 26.7708 21.5528 25.6076 12.9987 18.8840 23.1361 20.3796 24.8946 25.3527 19.5242 19.1004 21.8100 18.6636 18.9549 15.6784 19.9888 17.2125 26.9905 50.9674 56.9787 49.0709 59.9797 51.4399 45.6265 53.6984 54.7463 53.2037 49.6959 45.4748 48.3841 51.3907 49.2815 46.6487 46.1540 55.2681 47.2644 48.1774 55.6628 55.0433 48.9049 51.0792 52.4263 51.7376 54.4269 46.1800 51.9016 55.7490 56.9505
2.6793 2.6349 5.2762 4.9594 3.2142 4.0901 2.0190 5.6536 3.2194 7.7727 2.6240 3.9632 3.0971 4.1485 3.6489 2.5679 4.0302 0.0000 5.5731 3.7096 9.9328 3.3144 2.9065 3.8415 4.6908 3.2152 2.5604 9.6451 3.3021 3.7790 95.1359 91.8737 89.6510 90.3382 90.3991 91.4341 90.5248 92.5425 90.3191 92.5004 94.8048 90.3850 90.8668 89.5056 94.4240 89.2627 91.1903 94.6173 92.8773 92.8246 93.9522 92.6272 91.2832 92.1224 93.9996 92.6856 91.1639 90.7501 94.5025 90.6117 5.6475 5.7869 3.8567 9.0376 5.8260 7.1287 8.2162 6.7505 6.7684 10.9850 10.5800 5.6957 11.8713 7.4978 6.7375 2.5451 3.5793 4.6921 7.3050 3.8376 3.1657 10.6652 2.6993 6.2418 5.2693 6.4587 5.7392 9.1915 4.7569 3.3752 19.4836 30.6022 25.5486 27.1299 23.0973 15.3077 34.0259 26.9696 16.1446 13.6110 32.8580 23.9400 29.3264 24.3653 27.9472 14.9751 20.4345 26.2427 23.1202 27.5325 27.4279 21.4335 21.4193 23.9735 21.4336 21.6166 17.4389 23.1499 19.0024 29.7193 53.3203 59.5247 51.5443 62.2835 54.0190 48.2299 56.0563 57.2909 55.4895 52.2187 48.0060 50.7765 53.8136 51.4897 49.1866 48.3971 57.8000 49.6829 50.6880 58.3308 57.5510 51.2195 53.4424 54.6120 54.1559 56.8344 48.3922 54.2551 58.1422 59.1784
6.3926 4.4137 7.8279 5.9698 6.9600 5.7350 6.1860 6.0376 5.3604 7.5002 4.6205 3.8694 6.9440 4.9012 3.7028 6.1903 4.7843 5.5731 0.0000 6.9263 7.4291 6.4258 6.4547 6.1506 5.0805 4.8379 5.1125 7.3387 4.1361 4.6051 92.0795 88.8427 86.5690 87.3834 87.3643 88.3683 87.4171 89.3129 87.2994 89.2923 91.7013 87.1479 87.7484 86.2509 91.3585 86.2435 88.0283 91.5307 89.7952 89.8207 90.9419 89.4979 88.1516 89.1683 90.7776 89.5983 88.0953 87.6506 91.2803 87.4798 6.5924 8.3213 6.3258 7.9955 5.7748 7.0265 7.5076 7.6959 7.3835 9.9446 10.0160 7.3162 10.8839 8.7101 7.4812 6.0295 6.8524 6.5915 8.3480 6.4614 4.3372 9.4667 6.5919 5.6774 7.4131 6.6283 7.4481 9.7658 5.1461 6.8029 17.0962 26.9076 21.7416 24.2250 19.8724 12.7137 30.0323 22.6770 13.3988 11.0840 29.5201 19.6997 24.9692 20.6081 23.9555 11.4678 18.0394 23.0719 19.9833 24.0283 23.9736 18.0998 17.8088 20.8778 18.1071 17.9615 15.2131 20.3136 14.9046 26.4162 50.2695 56.3338 48.0515 59.1911 51.1876 45.1639 53.1796 54.1473 52.5593 48.8705 45.0092 47.7834 50.8147 48.2336 46.1440 45.3037 54.8188 46.2174 47.8022 55.0271 54.4789 48.1679 50.1234 51.3221 51.2023 53.5957 45.2194 51.0030 54.6104 56.2806
2.2956 3.5712 6.6401 5.2374 4.7835 5.5685 3.1616 7.6183 3.5246 9.3844 3.7947 4.2406 2.4513 5.5877 4.5985 1.7895 6.5568 3.7096 6.9263 0.0000 11.9858 3.3790 3.5452 4.1467 5.8088 3.2554 3.2583 11.5541 4.0159 4.3454 96.7742 93.5417 91.5656 92.2578 92.2842 93.3640 92.2620 94.3426 92.1445 94.3685 96.5783 92.1906 92.7313 91.3633 96.1765 91.1710 92.9603 96.3687 94.6597 94.6874 95.7629 94.4838 93.0331 94.1395 95.8264 94.5117 92.9772 92.5668 96.3241 92.3671 5.6755 7.1308 5.7103 10.2268 7.7167 8.4156 10.0764 8.6253 8.5273 12.2973 12.7191 7.7866 13.2508 8.5997 8.6067 3.2039 2.5579 6.3473 8.2366 4.6054 3.8636 12.8636 2.2993 8.5669 6.6339 7.4266 7.7377 10.7650 5.7414 3.3767 20.0153 32.1750 27.5083 28.6463 25.1107 16.9573 36.0561 28.6681 16.8438 14.8253 35.0755 25.9740 31.2557 26.1945 29.3446 16.0404 21.4467 27.8425 24.9254 29.6645 28.7214 22.8049 22.7491 25.6792 22.9499 23.3110 18.8453 25.0007 20.4420 31.7214 54.6043 61.1603 53.2228 63.5438 55.4240 49.8751 57.2419 58.7556 57.0387 53.7387 49.7013 52.3175 55.1461 52.9632 50.8451 49.8002 59.4239 51.1640 52.2189 59.8588 59.4015 52.4730 54.8358 56.0215 55.7220 58.1016 50.1793 55.9707 59.5439 60.6684
11.4014 8.8113 10.6875 10.1021 10.8488 8.3722 10.6442 5.8275 10.2289 8.8481 9.4417 8.2828 11.5021 8.0721 8.5829 11.2416 6.4379 9.9328 7.4291 11.9858 0.0000 10.8202 10.8236 10.5762 6.9217 9.7747 10.0668 7.8002 9.4352 9.8299 88.9688 85.7172 83.1548 83.9487 84.0240 84.8483 84.1593 85.8442 83.9706 85.8986 88.5001 84.1133 84.3923 83.0165 88.1958 82.8310 84.7087 88.1776 86.5046 86.4862 87.5772 86.0398 84.8259 85.5384 87.5185 86.2083 84.5763 84.3574 88.0019 84.1952 10.6620 11.2598 9.8675 9.9425 5.1862 8.9259 9.0713 9.5464 8.5477 10.7392 9.4354 9.0849 11.8426 11.1881 8.7906 10.7388 11.5780 10.1882 11.1301 10.2015 9.0551 7.8032 11.0087 7.5893 9.9187 9.7825 9.2569 10.7665 9.4778 11.6220 17.8841 24.8590 18.9137 19.1521 16.7080 10.9480 25.2024 20.0269 14.4970 10.1593 26.3029 18.1473 22.4917 16.9453 21.7945 10.6030 17.9028 17.9945 16.2868 19.8633 22.4475 17.2205 15.2209 18.9186 14.2857 14.6967 14.8349 15.5240 14.0930 22.7101 47.6834 53.3397 45.2808 56.8051 47.9910 42.0556 50.4809 51.1864 50.1043 45.9342 42.0754 45.0430 47.9931 45.9202 43.2050 43.2473 51.7951 43.6587 44.9247 51.7403 51.5297 45.5986 47.4785 49.0594 48.5203 51.0596 42.8175 48.2349 52.0163 53.8121
2.1568 3.9616 4.0326 3.5951 2.6970 3.4349 2.5064 5.7783 2.3664 6.8627 2.5874 4.7838 2.1334 3.5698 3.7945 2.7962 5.0836 3.3144 6.4258 3.3790 10.8202 0.0000 2.3937 1.7998 5.3750 2.3459 2.1141 9.3947 3.3913 3.3617 94.6326 91.4440 89.3199 89.9580 90.0038 91.2320 90.0957 92.1144 89.9136 92.1310 94.3836 90.1163 90.5301 89.1833 93.9453 88.9031 90.8249 94.2014 92.4885 92.4331 93.5461 92.2646 90.8712 91.8980 93.6619 92.2999 90.7629 90.3825 94.1936 90.1808 3.9678 4.0524 3.5079 7.7578 6.7219 5.9103 7.2381 5.7987 5.5647 9.6993 9.7899 5.0827 10.8180 5.6841 5.9038 1.9934 2.0937 4.4418 5.7805 1.9268 2.7297 10.4116 2.4441 5.9613 3.9365 4.7517 5.1626 7.7164 4.5333 2.6478 18.9229 30.7232 26.3657 27.3156 23.7380 15.8573 34.9742 27.9075 15.6954 13.6123 33.9173 24.6329 29.9264 25.1931 28.0884 15.2067 19.8921 26.8412 23.5055 28.6654 27.3076 21.4018 22.0357 24.4339 22.0471 22.2110 17.2628 23.4699 19.8729 30.1565 52.9771 59.2939 51.5851 61.6486 53.6163 47.9685 55.5341 56.8209 55.0373 52.0773 47.8612 50.4455 53.4386 51.4334 48.7782 47.9150 57.3447 49.6466 50.3167 58.0717 57.3505 50.9646 53.2003 54.3982 53.7542 56.2776 48.5585 54.2719 58.1057 58.7206
2.8070 3.7701 5.3590 5.4217 3.5014 4.4688 2.3848 6.0232 3.0018 8.2977 3.0457 4.9566 2.5824 4.6133 3.7788 2.7298 5.0953 2.9065 6.4547 3.5452 10.8236 2.3937 0.0000 3.4110 5.7711 2.8195 2.5773 10.1950 3.6650 4.5771 95.8164 92.6391 90.3446 91.0284 91.0910 92.3092 91.2289 93.2311 91.0194 93.1670 95.4974 91.2475 91.5765 90.2367 95.0575 89.9662 91.9161 95.3273 93.5814 93.5322 94.6495 93.3463 91.9941 92.9125 94.7388 93.3920 91.8893 91.4820 95.3084 91.2689 5.7992 5.1437 4.6134 9.1917 6.8456 7.3982 8.3595 7.1196 6.7043 11.0112 10.7295 6.2290 12.3653 7.1684 7.1858 2.6672 3.5391 5.8967 7.5636 3.3443 3.6088 11.4496 2.4784 6.3400 5.3962 6.3283 6.3435 9.0752 5.9462 3.9046 20.5151 31.6570 26.9865 28.3308 24.6128 17.0058 35.3579 28.4475 17.1916 14.9588 34.4524 25.2338 30.5354 25.9512 28.9765 16.1624 21.4462 27.6591 24.5193 29.1434 28.5112 22.6542 22.9913 25.6154 22.9826 23.0774 18.7280 24.4642 20.5708 31.0803 54.3754 60.5325 52.6300 62.9966 55.0369 49.2021 57.0088 58.0680 56.3465 53.2762 49.0792 51.7911 54.8086 52.6720 50.0199 49.2449 58.6370 50.8990 51.6547 59.2878 58.5043 52.3333 54.4393 55.7050 54.9759 57.6294 49.6621 55.4564 59.3376 60.0778
2.7790 4.3889 3.3213 2.7100 2.6688 2.9630 3.0138 5.6845 2.2118 5.9908 2.6440 4.7875 2.8101 3.0251 3.7119 3.5910 4.9520 3.8415 6.1506 4.1467 10.5762 1.7998 3.4110 0.0000 5.1975 2.5566 2.3807 8.5100 3.4245 2.7590 93.7907 90.5988 88.5162 89.1610 89.2015 90.4328 89.3006 91.2850 89.0972 91.3109 93.5287 89.2206 89.7093 88.3478 93.1044 88.0739 90.0055 93.3794 91.6279 91.6270 92.7517 91.4391 90.0377 91.1399 92.8229 91.4773 89.9569 89.5316 93.3251 89.3279 3.0170 3.7759 2.7239 6.9238 6.5778 4.9453 6.3704 4.9146 5.0256 8.7991 9.0137 4.4314 9.7904 4.7746 5.1267 2.0798 2.3557 3.6780 4.7337 1.7534 2.5572 9.5840 3.1601 5.5176 3.3014 3.8324 4.4451 6.8918 4.0223 2.4694 17.8916 29.8118 25.7333 26.5311 23.0223 14.9324 34.3410 27.2526 14.6737 12.6474 33.4517 23.7988 29.1189 24.3966 27.1619 14.3925 18.7940 26.1704 22.7316 28.1392 26.2969 20.4266 21.2595 23.5199 21.2970 21.4228 16.1738 22.6973 19.1516 29.3725 51.9258 58.2807 50.5696 60.6143 52.5944 46.9668 54.5047 55.8277 54.0431 51.0372 46.8355 49.4746 52.4245 50.4099 47.8240 46.8564 56.3747 48.6143 49.2510 57.0774 56.3936 49.9190 52.2336 53.4187 52.7203 55.2716 47.6159 53.3494 57.0626 57.7951
5.4881 3.4582 6.3027 5.0624 5.5778 3.7179 4.9397 3.7758 4.9918 6.9065 4.3251 2.7911 5.5538 3.6543 4.1195 5.2527 3.0787 4.6908 5.0805 5.8088 6.9217 5.3750 5.7711 5.1975 0.0000 4.3886 4.6369 8.3560 4.6493 4.6293 93.1873 89.8967 87.7920 88.4901 88.5283 89.4343 88.5723 90.4852 88.4164 90.5190 92.8914 88.4463 88.9556 87.5920 92.5302 87.3930 89.2013 92.6252 90.9255 90.9656 92.0498 90.6439 89.2861 90.2557 92.0719 90.7365 89.1180 88.8215 92.5093 88.6500 5.8537 7.2965 5.1425 8.3975 2.7827 6.3287 7.7950 6.6950 6.2701 10.0488 9.7614 5.8332 11.0067 7.8772 6.1073 5.0049 5.4942 5.7870 7.4529 5.0430 3.7240 8.9966 4.9366 6.3294 5.6305 6.4289 5.8927 8.9488 5.1226 5.6358 17.8601 28.6127 23.5380 23.5596 20.8940 12.8280 30.9584 24.5847 14.4987 11.0539 31.1477 22.2155 27.2150 21.4979 25.5804 12.3717 18.7486 22.7261 20.4071 25.1028 25.3411 19.5770 18.5719 21.8498 18.2538 18.8508 15.7667 20.0385 16.9908 27.3175 50.8842 57.2748 49.3184 60.1401 51.4416 45.8627 53.5812 54.9606 53.5870 49.7974 45.7408 48.6089 51.3812 49.3653 47.0248 46.4199 55.6627 47.2968 48.3903 55.8061 55.5758 48.7579 51.1270 52.5361 52.0577 54.5096 46.4986 52.1700 55.7291 57.2308
2.6640 2.8464 5.2091 3.6285 3.7772 3.6262 2.7108 5.5051 1.7109 7.1254 1.7204 3.2105 2.7967 3.2915 2.1131 2.5686 4.5558 3.2152 4.8379 3.2554 9.7747 2.3459 2.8195 2.5566 4.3886 0.0000 1.6578 8.7578 2.0422 2.5650 94.3727 91.1614 89.0280 89.7496 89.7911 90.9390 89.8349 91.8421 89.6837 91.7979 94.1006 89.7499 90.2217 88.8473 93.6918 88.6673 90.4974 93.9322 92.1794 92.2313 93.3035 91.9582 90.5982 91.6663 93.3284 92.0119 90.5158 90.0775 93.8578 89.8759 4.1558 5.5381 4.0968 7.7318 5.9980 6.0371 7.4698 6.4665 6.1203 9.7522 10.1112 5.7757 11.0063 6.6363 6.4287 2.3146 2.8310 4.9521 6.5681 3.0777 1.7005 10.3901 2.7070 5.7833 5.0105 5.1584 5.8293 8.5773 4.3084 3.3307 18.4130 29.8404 25.3427 26.5931 23.0026 15.1609 33.8190 26.6412 15.0271 12.9352 33.1217 23.5563 28.8201 24.1119 26.9871 14.0097 19.5315 25.9225 22.8062 27.6659 26.5267 20.6895 20.9577 23.7996 21.0697 21.2181 16.9069 22.8684 18.5410 29.4632 52.4927 58.8150 50.8360 61.2354 53.2541 47.5157 55.1531 56.3479 54.7223 51.4536 47.3998 50.0854 52.9560 50.7933 48.4372 47.4899 57.0380 48.9952 49.9372 57.4851 56.9677 50.4380 52.6175 53.8847 53.3313 55.8163 47.9881 53.7240 57.3894 58.4553
2.1687 2.9918 4.9031 3.7422 3.1326 3.4986 1.9219 5.6798 1.6421 7.0580 1.3949 3.6837 2.4982 3.1140 2.5420 2.3215 4.5088 2.5604 5.1125 3.2583 10.0668 2.1141 2.5773 2.3807 4.6369 1.6578 0.0000 8.8333 1.9882 2.5145 94.4076 91.1959 89.0469 89.7528 89.8015 90.9572 89.8805 91.8852 89.6974 91.8489 94.1400 89.7810 90.2383 88.8725 93.7185 88.6686 90.5406 93.9712 92.2186 92.2415 93.3309 91.9844 90.5911 91.6402 93.3638 92.0622 90.5530 90.1088 93.8705 89.9179 4.1382 5.1174 3.5902 7.7511 6.2342 6.1008 7.3895 6.1952 6.0341 9.8086 9.9920 5.4739 10.9339 6.5204 6.2256 1.9461 2.6716 4.4234 6.3541 2.9874 2.1176 10.3464 2.4986 5.6021 4.7729 5.1305 5.5821 8.4211 4.2727 2.8453 18.4940 29.9238 25.4072 26.8970 23.0201 15.1978 34.0755 26.8313 15.1554 13.0607 33.0624 23.6721 28.9887 24.3146 27.1974 14.2206 19.5597 26.1712 22.8682 27.7225 26.6398 20.8010 21.1582 23.8390 21.3074 21.3651 16.8707 23.0273 18.6845 29.5405 52.5479 58.8623 50.9288 61.3545 53.3395 47.5380 55.2426 56.4467 54.7452 51.5585 47.3787 50.1059 53.0664 50.8690 48.4412 47.5582 57.0918 49.0552 49.9550 57.6709 56.9628 50.4301 52.6903 53.8826 53.3267 55.9041 47.8605 53.7473 57.4965 58.4635
10.2283 9.6141 8.2978 7.5847 9.0043 7.5316 9.8168 7.4073 8.5099 4.7986 8.0735 9.0946 10.5152 6.7182 7.7079 10.7334 7.4214 9.6451 7.3387 11.5541 7.8002 9.3947 10.1950 8.5100 8.3560 8.7578 8.8333 0.0000 8.1726 7.6651 86.3684 83.1744 80.8280 81.6205 81.7009 82.8471 81.8660 83.7425 81.5669 83.6043 85.9477 81.6074 82.0540 80.6482 85.5861 80.4531 82.3976 85.9240 84.0118 84.1525 85.2731 83.8107 82.5118 83.5779 85.1422 83.8586 82.4373 81.8958 85.6977 81.7046 7.4813 8.5339 7.5417 4.3130 8.0932 4.8294 4.4750 6.1285 5.9629 4.5041 4.9447 6.4580 5.5935 7.0194 5.8274 9.3027 10.0835 7.2295 6.9691 8.6695 8.1508 4.6643 10.6445 4.8311 7.7263 5.8245 6.7541 6.5714 7.3479 9.8556 13.2165 22.0657 18.7615 20.3924 16.1095 9.6204 27.4932 20.5181 9.8218 7.6728 26.8594 16.4217 21.4886 17.6926 19.6117 8.6815 12.9904 20.0834 15.9191 21.5525 19.1355 13.7956 15.3831 17.4810 15.4299 14.6681 10.4576 16.3506 13.2928 22.0032 44.8360 50.7373 42.7088 53.3357 45.5579 39.4116 47.6418 48.2564 46.6654 43.4096 39.3306 42.2169 45.2434 43.0576 40.3644 39.5262 48.9539 41.2699 41.9989 49.5012 48.6983 42.9098 44.8442 46.1961 45.1710 48.0367 40.1601 45.8419 49.6627 50.6407
3.3763 2.9984 5.7175 3.8437 4.2696 4.1219 3.3172 5.7906 1.9941 6.9155 1.7346 3.2532 3.7928 3.2744 1.8852 3.2321 4.6367 3.3021 4.1361 4.0159 9.4352 3.3913 3.6650 3.4245 4.6493 2.0422 1.9882 8.1726 0.0000 2.3148 93.5800 90.3690 88.1996 88.9649 89.0127 90.1398 89.0443 91.0770 88.8805 91.0300 93.2934 88.9160 89.4033 88.0108 92.9054 87.8658 89.6760 93.1361 91.3773 91.4457 92.5412 91.1678 89.7692 90.8391 92.4865 91.2384 89.7489 89.2670 93.0102 89.0772 4.2475 6.0455 4.2450 7.3784 6.2571 5.9632 7.3487 6.6285 6.3447 9.4851 9.9755 5.9314 10.6229 7.0173 6.6049 3.0898 3.7177 4.6398 6.6625 3.9948 2.0841 10.0792 3.8243 5.4184 5.5455 5.2329 6.0050 8.7781 3.8971 3.8395 17.6214 28.7739 24.1752 26.1779 22.0422 14.4178 33.1100 25.5930 14.2212 12.2613 31.9756 22.5549 27.8212 23.2703 25.9901 13.1235 18.7594 25.3189 21.9863 26.6384 25.5522 19.7390 20.0338 22.9109 20.3266 20.3084 16.1430 22.2799 17.3818 28.5904 51.7156 57.9852 49.9193 60.5152 52.5927 46.7315 54.4434 55.6255 53.9375 50.6467 46.5674 49.2738 52.2228 49.8733 47.6637 46.7032 56.2857 48.1161 49.1765 56.7921 56.1109 49.5811 51.7404 52.9418 52.5257 55.0780 46.9256 52.8127 56.5012 57.6614
3.3411 3.7711 4.9432 2.3510 3.8639 3.7381 3.6893 6.0693 2.4260 5.9251 2.1735 3.6828 3.9430 2.9725 2.9725 3.7141 4.8812 3.7790 4.6051 4.3454 9.8299 3.3617 4.5771 2.7590 4.6293 2.5650 2.5145 7.6651 2.3148 0.0000 92.8547 89.6180 87.6150 88.3225 88.3435 89.4411 88.3626 90.4215 88.2087 90.3972 92.6090 88.1646 88.7759 87.3720 92.2146 87.2107 89.0277 92.4578 90.6959 90.7629 91.8700 90.5286 89.1132 90.2375 91.8573 90.5698 89.0713 88.5953 92.3383 88.4152 2.8087 5.6409 3.4109 6.4672 6.3427 4.9571 6.6231 5.6572 5.7919 8.6581 9.3773 5.1288 9.3768 6.0360 5.6564 2.9329 3.0802 3.4304 5.3207 3.5604 2.1702 9.3404 4.0702 5.5807 4.6343 4.1739 5.1706 7.8833 2.5933 3.0535 16.4173 28.2732 24.0010 25.4964 21.4888 13.4362 32.9382 25.3559 13.0906 11.1949 31.7976 22.1607 27.5015 22.7851 25.5422 12.5495 17.5570 24.8399 21.3435 26.4960 24.7905 18.8793 19.4536 22.0051 19.7605 19.8016 14.9207 21.6532 17.0485 28.0038 50.7234 57.1435 49.2199 59.5779 51.5703 45.8986 53.4129 54.7789 53.0225 49.7991 45.7058 48.3631 51.2536 49.0060 46.8539 45.7545 55.4401 47.2217 48.2575 55.9340 55.3502 48.6585 50.9132 52.0982 51.6993 54.1865 46.2158 52.0063 55.6511 56.7278
95.6445 94.7859 92.8594 92.1560 94.3134 92.6358 95.4974 91.9736 94.1855 88.4694 93.7092 94.2069 96.0334 91.9871 93.5390 96.2091 92.6632 95.1359 92.0795 96.7742 88.9688 94.6326 95.8164 93.7907 93.1873 94.3727 94.4076 86.3684 93.5800 92.8547 0.0000 7.1924 11.5685 11.6184 11.1900 13.0999 9.9645 11.7531 8.9665 11.0151 7.0897 11.9294 9.4917 11.1681 7.5699 11.3883 8.3207 8.0183 7.7818 9.8220 9.0272 9.4164 8.1273 13.6957 10.1956 9.2070 9.8568 8.3552 9.2670 8.2807 91.8245 92.8094 92.7534 87.1238 92.3733 89.2028 88.4487 90.2415 89.9707 85.6265 86.3234 90.9408 84.5782 90.6820 89.9985 94.8951 95.0628 91.6465 90.3085 93.8769 93.6238 85.5011 96.2464 90.0872 92.1674 90.2791 91.1185 88.6970 91.5430 94.9555 79.0995 67.3218 73.7402 74.0195 74.3312 82.3925 72.1212 74.6446 81.6308 83.3314 69.4035 75.5124 70.8979 76.0735 70.9490 82.7156 76.9605 75.6601 74.2441 74.1047 70.0936 75.7989 78.0980 74.9223 78.4656 76.6995 79.4569 75.8446 80.5643 67.9671 47.2217 39.4353 49.5685 37.0022 46.1364 49.7222 44.5419 41.2098 41.8504 48.1256 50.6992 46.7339 45.5358 49.2555 47.9899 50.0054 39.8888 50.6007 49.3124 41.4953 40.5584 50.3048 45.0037 44.5858 44.5595 41.9436 51.5307 44.6812 46.0231 38.7690
92.4223 91.5331 89.6667 88.9153 91.0871 89.4383 92.2714 88.7776 90.9941 85.2436 90.4833 90.9337 92.8257 88.7808 90.3270 92.9652 89.4156 91.8737 88.8427 93.5417 85.7172 91.4440 92.6391 90.5988 89.8967 91.1614 91.1959 83.1744 90.3690 89.6180 7.1924 0.0000 11.5584 11.6446 11.0150 10.6492 9.4488 13.9787 9.5156 11.8646 8.7810 9.6716 10.5738 11.9212 11.6588 11.8034 7.8608 11.2242 9.3389 10.4851 8.4251 10.7541 9.9755 14.4118 11.0483 8.3225 9.1896 8.1159 10.5196 10.7005 88.6031 89.6876 89.5155 83.9538 89.1061 85.9852 85.3036 87.0463 86.8137 82.4273 83.1716 87.7264 81.3792 87.5350 86.7817 91.6628 91.8340 88.3947 87.1082 90.6844 90.3981 82.2931 93.0333 86.9411 88.9710 87.1076 87.8949 85.5844 88.2650 91.7215 75.6706 63.9540 70.2944 70.5119 70.8126 78.9645 68.6413 71.1399 78.2924 79.9600 65.8428 72.1078 67.4802 72.5486 67.5777 79.3493 73.5882 72.1414 70.7715 70.5971 66.7160 72.3795 74.6314 71.3567 74.9587 73.2442 76.0757 72.4561 77.1033 64.4399 43.5816 35.9094 45.9893 33.7672 42.5471 46.2182 40.8345 37.8491 38.2406 44.5246 47.2423 43.0680 41.7796 45.3031 44.5613 46.6246 36.5410 46.9895 45.8808 37.4488 37.0087 46.8387 41.8743 41.0621 41.3515 38.3701 47.9020 40.6794 42.4117 34.8397
90.3575 89.3801 87.4950 86.9949 88.9285 87.2491 90.0838 86.3703 88.8354 83.1323 88.3218 88.8600 90.7362 86.6163 88.0832 90.8810 87.0558 89.6510 86.5690 91.5656 83.1548 89.3199 90.3446 88.5162 87.7920 89.0280 89.0469 80.8280 88.1996 87.6150 11.5685 11.5584 0.0000 5.7897 6.7837 10.3888 9.4213 9.6915 6.5407 7.0713 8.4669 11.1736 5.2936 6.0833 9.8319 4.9707 6.8123 10.0939 8.0975 8.0447 8.9061 6.2779 8.3451 8.5016 8.1017 6.9626 7.9208 5.4204 9.4622 7.0887 86.7387 87.3802 87.3643 81.8965 86.7987 83.9097 82.9563 84.8354 84.5187 80.3464 80.7211 85.5123 79.4531 85.3783 84.5976 89.5379 89.8919 86.3564 85.1442 88.5168 88.2692 79.9670 90.9157 84.4204 86.8460 85.0167 85.7012 83.3021 86.3231 89.7308 74.7253 61.9967 67.8928 68.8407 68.7513 77.2083 65.8603 69.0139 76.9037 78.3121 63.2502 69.5860 64.9034 70.4730 65.6786 77.6269 72.3025 70.3014 68.9037 68.0921 65.2644 70.7591 73.0102 69.7335 73.2036 71.3051 74.5234 70.3462 75.2427 62.3212 44.3819 35.5308 44.6338 34.9075 42.9719 45.2054 42.3548 37.5316 37.9355 43.9080 46.2161 42.7970 42.5071 45.4091 43.2515 46.0717 35.6764 46.6777 45.3021 37.5195 35.3701 47.3329 41.5594 41.2177 40.5093 39.1332 46.8005 40.2045 42.6861 35.7236
91.0253 90.0869 88.0616 87.6220 89.5572 87.8973 90.7702 87.0289 89.5663 83.6984 89.0451 89.6001 91.4045 87.2909 88.8756 91.5634 87.7450 90.3382 87.3834 92.2578 83.9487 89.9580 91.0284 89.1610 88.4901 89.7496 89.7528 81.6205 88.9649 88.3225 11.6184 11.6446 5.7897 0.0000 4.8673 9.8282 9.0850 9.7638 6.5764 8.7519 8.8453 11.8947 7.8170 8.5983 10.3708 5.8349 8.0539 9.4005 9.8812 6.3269 8.0179 7.4006 8.4760 7.3596 9.2852 7.2975 6.3709 6.9126 10.0855 8.9440 87.3944 87.9262 87.9926 82.5545 87.4944 84.5531 83.5877 85.4132 85.0837 81.0019 81.2968 86.0804 80.0554 85.9252 85.1934 90.2095 90.5218 86.9653 85.6927 89.1105 88.9691 80.5640 91.5882 85.1315 87.4017 85.6398 86.2846 83.8150 86.9698 90.3536 75.4366 63.2585 68.9369 69.4898 69.5769 77.9276 67.0532 70.2372 77.6404 79.0183 64.1683 70.7536 66.1904 71.4519 66.9380 78.5486 73.0007 71.0956 69.6684 69.0714 66.2955 71.5813 73.9049 70.3427 74.0160 72.2020 75.1919 70.9548 76.3324 63.1444 45.2445 36.5584 46.1390 35.9773 43.3004 46.1714 42.8768 38.5300 38.8132 45.1531 47.1609 43.4613 43.3452 46.6212 43.7403 46.9391 36.2890 47.7524 45.9386 38.7018 36.1592 48.3774 42.8886 42.3285 41.7016 40.2479 47.9680 41.1417 43.9517 35.9856
