1.000000 0.514216 0.725396 0.774115 0.781674 0.898177 0.640310 0.330359 0.503440 0.476213 0.591463 0.564620 0.596660 0.614199 0.372165 0.512841 0.760715 0.653694 0.620391 0.673665 0.647278 0.598247 0.772114 0.802229 0.493892 0.646482 0.494982 0.283328 0.232005 
0.514216 1.000000 0.147540 0.150897 0.240156 0.361655 0.811334 0.935289 0.082328 0.046128 0.063453 0.065556 0.154853 0.084963 0.058189 0.045882 0.180173 0.131976 0.102574 0.137755 0.117423 0.505446 0.290990 0.460412 0.074307 0.724995 0.500974 0.674530 0.849363 
0.725396 0.147540 1.000000 0.869285 0.817114 0.832794 0.242120 0.059974 0.900163 0.867768 0.824217 0.815678 0.911699 0.869087 0.494805 0.874615 0.874001 0.809734 0.891056 0.830108 0.901435 0.244193 0.841090 0.518203 0.644350 0.305330 0.223193 0.044973 0.024531 
0.774115 0.150897 0.869285 1.000000 0.805525 0.852738 0.264291 0.055662 0.683077 0.788799 0.937289 0.728477 0.739999 0.906434 0.359522 0.830614 0.939164 0.802189 0.750129 0.857744 0.854241 0.375057 0.819325 0.562455 0.607128 0.308763 0.221235 0.045506 0.019227 
0.781674 0.240156 0.817114 0.805525 1.000000 0.848291 0.399970 0.136482 0.636908 0.625241 0.714742 0.809055 0.658735 0.765857 0.530722 0.725670 0.860453 0.759730 0.810614 0.907503 0.898576 0.385638 0.811364 0.742314 0.802363 0.457305 0.462960 0.133064 0.084231 
0.898177 0.361655 0.832794 0.852738 0.848291 1.000000 0.483800 0.218579 0.624630 0.615024 0.703303 0.755254 0.741526 0.826594 0.521077 0.642982 0.916844 0.895269 0.801896 0.778219 0.798831 0.427040 0.957524 0.776712 0.697475 0.600666 0.435853 0.169918 0.138517 
0.640310 0.811334 0.242120 0.264291 0.399970 0.483800 1.000000 0.783973 0.147865 0.097551 0.134413 0.153172 0.229169 0.163048 0.129450 0.108966 0.317374 0.208957 0.200205 0.277340 0.226716 0.790899 0.397050 0.718890 0.149052 0.904342 0.807564 0.853059 0.727844 
0.330359 0.935289 0.059974 0.055662 0.136482 0.218579 0.783973 1.000000 0.032027 0.008416 0.011232 0.016077 0.082448 0.023588 0.022815 0.007184 0.086791 0.047971 0.036680 0.064101 0.048476 0.457968 0.182088 0.352842 0.022796 0.689562 0.507158 0.794308 0.977505 
0.503440 0.082328 0.900163 0.683077 0.636908 0.624630 0.147865 0.032027 1.000000 0.895513 0.704034 0.666414 0.930140 0.734186 0.379459 0.868228 0.681468 0.638531 0.749808 0.695650 0.800343 0.136740 0.679357 0.318188 0.470505 0.198199 0.126341 0.025110 0.011227 
0.476213 0.046128 0.867768 0.788799 0.625241 0.615024 0.097551 0.008416 0.895513 1.000000 0.847392 0.620299 0.849956 0.843836 0.232651 0.950718 0.749409 0.675080 0.710114 0.728036 0.817373 0.134588 0.677277 0.266005 0.459759 0.141187 0.073913 0.003781 0.000116 
0.591463 0.063453 0.824217 0.937289 0.714742 0.703303 0.134413 0.011232 0.704034 0.847392 1.000000 0.679438 0.725823 0.863921 0.274589 0.903267 0.850732 0.712156 0.669323 0.853368 0.847269 0.232088 0.703844 0.395626 0.538636 0.178721 0.101804 0.004917 0.000123 
0.564620 0.065556 0.815678 0.728477 0.809055 0.755254 0.153172 0.016077 0.666414 0.620299 0.679438 1.000000 0.655906 0.797423 0.752162 0.717659 0.823638 0.836741 0.939898 0.801410 0.878470 0.150416 0.775518 0.524195 0.902069 0.249215 0.219024 0.009732 0.002005 
0.596660 0.154853 0.911699 0.739999 0.658735 0.741526 0.229169 0.082448 0.930140 0.849956 0.725823 0.655906 1.000000 0.794436 0.398879 0.791293 0.770905 0.725322 0.754842 0.700565 0.770962 0.194573 0.815765 0.395954 0.487208 0.302862 0.192639 0.062637 0.043883 
0.614199 0.084963 0.869087 0.906434 0.765857 0.826594 0.163048 0.023588 0.734186 0.843836 0.863921 0.797423 0.794436 1.000000 0.440866 0.841206 0.943904 0.918764 0.845885 0.801604 0.877859 0.201076 0.882898 0.458846 0.715158 0.251869 0.176494 0.012699 0.003852 
0.372165 0.058189 0.494805 0.359522 0.530722 0.521077 0.129450 0.022815 0.379459 0.232651 0.274589 0.752162 0.398879 0.440866 1.000000 0.300306 0.498437 0.561270 0.665470 0.429113 0.516603 0.067746 0.540665 0.420174 0.705619 0.231448 0.235496 0.016841 0.008793 
0.512841 0.045882 0.874615 0.830614 0.725670 0.642982 0.108966 0.007184 0.868228 0.950718 0.903267 0.717659 0.791293 0.841206 0.300306 1.000000 0.780754 0.692577 0.738910 0.850886 0.908483 0.162245 0.671979 0.342208 0.559925 0.153353 0.093940 0.004036 0.000000 
0.760715 0.180173 0.874001 0.939164 0.860453 0.916844 0.317374 0.086791 0.681468 0.749409 0.850732 0.823638 0.770905 0.943904 0.498437 0.780754 1.000000 0.902953 0.853424 0.862355 0.889524 0.368444 0.930815 0.646882 0.747965 0.403630 0.324899 0.078163 0.042533 
0.653694 0.131976 0.809734 0.802189 0.759730 0.895269 0.208957 0.047971 0.638531 0.675080 0.712156 0.836741 0.725322 0.918764 0.561270 0.692577 0.902953 1.000000 0.865619 0.738058 0.816307 0.180284 0.924512 0.560255 0.794943 0.354465 0.227538 0.021283 0.014001 
0.620391 0.102574 0.891056 0.750129 0.810614 0.801896 0.200205 0.036680 0.749808 0.710114 0.669323 0.939898 0.754842 0.845885 0.665470 0.738910 0.853424 0.865619 1.000000 0.761088 0.872043 0.181895 0.837195 0.532904 0.837649 0.295751 0.258633 0.027029 0.012236 
0.673665 0.137755 0.830108 0.857744 0.907503 0.778219 0.277340 0.064101 0.695650 0.728036 0.853368 0.801410 0.700565 0.801604 0.429113 0.850886 0.862355 0.738058 0.761088 1.000000 0.935535 0.325495 0.758629 0.619340 0.710907 0.336357 0.298063 0.069330 0.029310 
0.647278 0.117423 0.901435 0.854241 0.898576 0.798831 0.226716 0.048476 0.800343 0.817373 0.847269 0.878470 0.770962 0.877859 0.516603 0.908483 0.889524 0.816307 0.872043 0.935535 1.000000 0.248525 0.810662 0.563220 0.781943 0.302757 0.254407 0.041589 0.018879 
0.598247 0.505446 0.244193 0.375057 0.385638 0.427040 0.790899 0.457968 0.136740 0.134588 0.232088 0.150416 0.194573 0.201076 0.067746 0.162245 0.368444 0.180284 0.181895 0.325495 0.248525 1.000000 0.333544 0.636434 0.123218 0.628798 0.623615 0.635528 0.411849 
0.772114 0.290990 0.841090 0.819325 0.811364 0.957524 0.397050 0.182088 0.679357 0.677277 0.703844 0.775518 0.815765 0.882898 0.540665 0.671979 0.930815 0.924512 0.837195 0.758629 0.810662 0.333544 1.000000 0.661894 0.724516 0.531123 0.389532 0.136933 0.116670 
0.802229 0.460412 0.518203 0.562455 0.742314 0.776712 0.718890 0.352842 0.318188 0.266005 0.395626 0.524195 0.395954 0.458846 0.420174 0.342208 0.646882 0.560255 0.532904 0.619340 0.563220 0.636434 0.661894 1.000000 0.523386 0.772164 0.751987 0.408023 0.278412 
0.493892 0.074307 0.644350 0.607128 0.802363 0.697475 0.149052 0.022796 0.470505 0.459759 0.538636 0.902069 0.487208 0.715158 0.705619 0.559925 0.747965 0.794943 0.837649 0.710907 0.781943 0.123218 0.724516 0.523386 1.000000 0.259621 0.249614 0.008338 0.005113 
0.646482 0.724995 0.305330 0.308763 0.457305 0.600666 0.904342 0.689562 0.198199 0.141187 0.178721 0.249215 0.302862 0.251869 0.231448 0.153353 0.403630 0.354465 0.295751 0.336357 0.302757 0.628798 0.531123 0.772164 0.259621 1.000000 0.755521 0.690060 0.619123 
0.494982 0.500974 0.223193 0.221235 0.462960 0.435853 0.807564 0.507158 0.126341 0.073913 0.101804 0.219024 0.192639 0.176494 0.235496 0.093940 0.324899 0.227538 0.258633 0.298063 0.254407 0.623615 0.389532 0.751987 0.249614 0.755521 1.000000 0.718969 0.488346 
0.283328 0.674530 0.044973 0.045506 0.133064 0.169918 0.853059 0.794308 0.025110 0.003781 0.004917 0.009732 0.062637 0.012699 0.016841 0.004036 0.078163 0.021283 0.027029 0.069330 0.041589 0.635528 0.136933 0.408023 0.008338 0.690060 0.718969 1.000000 0.823279 
0.232005 0.849363 0.024531 0.019227 0.084231 0.138517 0.727844 0.977505 0.011227 0.000116 0.000123 0.002005 0.043883 0.003852 0.008793 0.000000 0.042533 0.014001 0.012236 0.029310 0.018879 0.411849 0.116670 0.278412 0.005113 0.619123 0.488346 0.823279 1.000000 
