1.000000 0.368738 0.617822 0.681096 0.691097 0.851222 0.512372 0.189880 0.357208 0.328626 0.454874 0.424262 0.460882 0.481353 0.227040 0.367260 0.663487 0.528520 0.488651 0.552924 0.520758 0.462723 0.678457 0.718535 0.347095 0.519798 0.348245 0.150812 0.111750 
0.368738 1.000000 0.056671 0.058617 0.117690 0.217491 0.730801 0.904522 0.023622 0.009907 0.015984 0.016785 0.060937 0.024765 0.014037 0.009828 0.076478 0.047945 0.032851 0.051129 0.040238 0.359346 0.156970 0.312406 0.020255 0.617309 0.354587 0.553990 0.782781 
0.617822 0.056671 1.000000 0.810482 0.738625 0.759987 0.119137 0.014688 0.854047 0.808361 0.748277 0.736679 0.870517 0.810205 0.348058 0.817947 0.817087 0.728641 0.841120 0.756313 0.855859 0.120670 0.771372 0.373035 0.517229 0.168716 0.105444 0.009538 0.003842 
0.681096 0.058617 0.810482 1.000000 0.722967 0.787451 0.135870 0.013132 0.564552 0.700566 0.907424 0.621761 0.636570 0.862986 0.215570 0.757005 0.910149 0.718481 0.649686 0.794396 0.789534 0.229692 0.741625 0.421824 0.473065 0.171568 0.104060 0.009708 0.002666 
0.691097 0.117690 0.738625 0.722967 1.000000 0.781299 0.252953 0.050421 0.508294 0.494392 0.604260 0.727725 0.534646 0.670226 0.386634 0.618171 0.798161 0.662199 0.729829 0.864515 0.851790 0.239481 0.730842 0.639561 0.718714 0.309250 0.315003 0.048539 0.024446 
0.851222 0.217491 0.759987 0.787451 0.781299 1.000000 0.336510 0.102191 0.493668 0.482323 0.589812 0.656356 0.638542 0.751517 0.376143 0.515582 0.877896 0.847091 0.718086 0.686519 0.713974 0.279063 0.936968 0.684526 0.582496 0.465533 0.287746 0.070042 0.051553 
0.512372 0.730801 0.119137 0.135870 0.252953 0.336510 1.000000 0.694148 0.056859 0.030468 0.049279 0.059947 0.109707 0.065838 0.046575 0.035970 0.178796 0.095518 0.089580 0.146056 0.107950 0.703366 0.250188 0.609528 0.057545 0.860002 0.725714 0.787895 0.620951 
0.189880 0.904522 0.014688 0.013132 0.050421 0.102191 0.694148 1.000000 0.005732 0.000772 0.001190 0.002038 0.023674 0.003623 0.003446 0.000609 0.025569 0.010507 0.007025 0.016229 0.010673 0.309922 0.077700 0.209590 0.003442 0.572612 0.361173 0.707919 0.966447 
0.357208 0.023622 0.854047 0.564552 0.508294 0.493668 0.056859 0.005732 1.000000 0.847437 0.590731 0.544021 0.897062 0.629084 0.233748 0.809004 0.562559 0.510238 0.649270 0.580211 0.716002 0.050564 0.559948 0.179484 0.322735 0.088237 0.044907 0.003979 0.001190 
0.328626 0.009907 0.808361 0.700566 0.494392 0.482323 0.030468 0.000772 0.847437 1.000000 0.780058 0.488542 0.783601 0.775152 0.112217 0.926995 0.648752 0.554668 0.598401 0.621197 0.738976 0.049376 0.557377 0.137194 0.311742 0.053051 0.020095 0.000232 0.000001 
0.454874 0.015984 0.748277 0.907424 0.604260 0.589812 0.049279 0.001190 0.590731 0.780058 1.000000 0.560048 0.618366 0.802992 0.143888 0.858469 0.784674 0.600984 0.547588 0.788324 0.779887 0.111810 0.590493 0.248844 0.395315 0.075555 0.032482 0.000345 0.000001 
0.424262 0.016785 0.736679 0.621761 0.727725 0.656356 0.059947 0.002038 0.544021 0.488542 0.560048 1.000000 0.531205 0.712087 0.652330 0.607964 0.747489 0.765397 0.911215 0.717434 0.823361 0.058337 0.682948 0.379524 0.856761 0.124412 0.102503 0.000960 0.000090 
0.460882 0.060937 0.870517 0.636570 0.534646 0.638542 0.109707 0.023674 0.897062 0.783601 0.618366 0.531205 1.000000 0.708090 0.251920 0.703892 0.676863 0.617726 0.655820 0.586372 0.676938 0.085827 0.736797 0.249154 0.340073 0.166673 0.084551 0.015676 0.009193 
0.481353 0.024765 0.810205 0.862986 0.670226 0.751517 0.065838 0.003623 0.629084 0.775152 0.802992 0.712087 0.708090 1.000000 0.292725 0.771531 0.917047 0.880656 0.777977 0.717695 0.822503 0.090166 0.829595 0.310814 0.604788 0.126405 0.074147 0.001431 0.000239 
0.227040 0.014037 0.348058 0.215570 0.386634 0.376143 0.046575 0.003446 0.233748 0.112217 0.143888 0.652330 0.251920 0.292725 1.000000 0.164568 0.351897 0.420492 0.542867 0.281098 0.371309 0.017633 0.397550 0.272360 0.592728 0.111348 0.114281 0.002185 0.000825 
0.367260 0.009828 0.817947 0.757005 0.618171 0.515582 0.035970 0.000609 0.809004 0.926995 0.858469 0.607964 0.703892 0.771531 0.164568 1.000000 0.689876 0.576371 0.635167 0.784887 0.865914 0.065352 0.550850 0.200187 0.418982 0.060054 0.028792 0.000256 0.000000 
0.663487 0.076478 0.817087 0.910149 0.798161 0.877896 0.178796 0.025569 0.562559 0.648752 0.784674 0.747489 0.676863 0.917047 0.351897 0.689876 1.000000 0.858021 0.788401 0.800809 0.838950 0.223644 0.898038 0.520281 0.646877 0.256433 0.185192 0.021852 0.008772 
0.528520 0.047945 0.728641 0.718481 0.662199 0.847091 0.095518 0.010507 0.510238 0.554668 0.600984 0.765397 0.617726 0.880656 0.420492 0.576371 0.858021 1.000000 0.805361 0.634067 0.737530 0.076549 0.888932 0.419352 0.708768 0.211038 0.108538 0.003105 0.001657 
0.488651 0.032851 0.841120 0.649686 0.729829 0.718086 0.089580 0.007025 0.649270 0.598401 0.547588 0.911215 0.655820 0.777977 0.542867 0.635167 0.788401 0.805361 1.000000 0.663976 0.814343 0.077576 0.766020 0.389021 0.766643 0.160838 0.131530 0.004444 0.001353 
0.552924 0.051129 0.756313 0.794396 0.864515 0.686519 0.146056 0.016229 0.580211 0.621197 0.788324 0.717434 0.586372 0.717695 0.281098 0.784887 0.800809 0.634067 0.663976 1.000000 0.904878 0.185702 0.660761 0.487409 0.599404 0.195074 0.162728 0.018255 0.005018 
0.520758 0.040238 0.855859 0.789534 0.851790 0.713974 0.107950 0.010673 0.716002 0.738976 0.779887 0.823361 0.676938 0.822503 0.371309 0.865914 0.838950 0.737530 0.814343 0.904878 1.000000 0.123895 0.729894 0.422685 0.691454 0.166587 0.128320 0.008481 0.002594 
0.462723 0.359346 0.120670 0.229692 0.239481 0.279063 0.703366 0.309922 0.050564 0.049376 0.111810 0.058337 0.085827 0.090166 0.017633 0.065352 0.223644 0.076549 0.077576 0.185702 0.123895 1.000000 0.192632 0.507727 0.043252 0.498617 0.492464 0.506642 0.264306 
0.678457 0.156970 0.771372 0.741625 0.730842 0.936968 0.250188 0.077700 0.559948 0.557377 0.590493 0.682948 0.736797 0.829595 0.397550 0.550850 0.898038 0.888932 0.766020 0.660761 0.729894 0.192632 1.000000 0.538497 0.616697 0.387072 0.243117 0.050672 0.039851 
0.718535 0.312406 0.373035 0.421824 0.639561 0.684526 0.609528 0.209590 0.179484 0.137194 0.248844 0.379524 0.249154 0.310814 0.272360 0.200187 0.520281 0.419352 0.389021 0.487409 0.422685 0.507727 0.538497 1.000000 0.378646 0.678523 0.652101 0.260632 0.146903 
0.347095 0.020255 0.517229 0.473065 0.718714 0.582496 0.057545 0.003442 0.322735 0.311742 0.395315 0.856761 0.340073 0.604788 0.592728 0.418982 0.646877 0.708768 0.766643 0.599404 0.691454 0.043252 0.616697 0.378646 1.000000 0.132285 0.124710 0.000761 0.000366 
0.519798 0.617309 0.168716 0.171568 0.309250 0.465533 0.860002 0.572612 0.088237 0.053051 0.075555 0.124412 0.166673 0.126405 0.111348 0.060054 0.256433 0.211038 0.160838 0.195074 0.166587 0.498617 0.387072 0.678523 0.132285 1.000000 0.656705 0.573232 0.487153 
0.348245 0.354587 0.105444 0.104060 0.315003 0.287746 0.725714 0.361173 0.044907 0.020095 0.032482 0.102503 0.084551 0.074147 0.114281 0.028792 0.185192 0.108538 0.131530 0.162728 0.128320 0.492464 0.243117 0.652101 0.124710 0.656705 1.000000 0.609628 0.341264 
0.150812 0.553990 0.009538 0.009708 0.048539 0.070042 0.787895 0.707919 0.003979 0.000232 0.000345 0.000960 0.015676 0.001431 0.002185 0.000256 0.021852 0.003105 0.004444 0.018255 0.008481 0.506642 0.050672 0.260632 0.000761 0.573232 0.609628 1.000000 0.747000 
0.111750 0.782781 0.003842 0.002666 0.024446 0.051553 0.620951 0.966447 0.001190 0.000001 0.000001 0.000090 0.009193 0.000239 0.000825 0.000000 0.008772 0.001657 0.001353 0.005018 0.002594 0.264306 0.039851 0.146903 0.000366 0.487153 0.341264 0.747000 1.000000 
