1.000000 0.717088 0.851702 0.879838 0.884124 0.947722 0.800194 0.574769 0.709535 0.690082 0.769066 0.751412 0.772437 0.783708 0.610053 0.716129 0.872190 0.808513 0.787649 0.820771 0.804536 0.773464 0.878700 0.895673 0.702775 0.804041 0.703550 0.532286 0.481669 
0.717088 1.000000 0.384109 0.388455 0.490057 0.601378 0.900741 0.967104 0.286928 0.214775 0.251900 0.256039 0.393514 0.291484 0.241225 0.214200 0.424468 0.363285 0.320271 0.371154 0.342671 0.710948 0.539435 0.678537 0.272592 0.851467 0.707795 0.821298 0.921609 
0.851702 0.384109 1.000000 0.932355 0.903943 0.912575 0.492057 0.244897 0.948769 0.931541 0.907864 0.903149 0.954829 0.932249 0.703424 0.935208 0.934880 0.899852 0.943958 0.911102 0.949440 0.494159 0.917110 0.719863 0.802714 0.552567 0.472433 0.212069 0.156625 
0.879838 0.388455 0.932355 1.000000 0.897510 0.923438 0.514092 0.235928 0.826484 0.888143 0.968137 0.853509 0.860232 0.952068 0.599602 0.911380 0.969105 0.895650 0.866100 0.926145 0.924252 0.612419 0.905166 0.749970 0.779184 0.555664 0.470357 0.213322 0.138660 
0.884124 0.490057 0.903943 0.897510 1.000000 0.921027 0.632432 0.369434 0.798065 0.790722 0.845424 0.899475 0.811625 0.875133 0.728507 0.851863 0.927606 0.871625 0.900341 0.952630 0.947933 0.620998 0.900757 0.861577 0.895747 0.676244 0.680411 0.364779 0.290227 
0.947722 0.601378 0.912575 0.923438 0.921027 1.000000 0.695557 0.467525 0.790336 0.784235 0.838632 0.869053 0.861119 0.909172 0.721857 0.801861 0.957520 0.946186 0.895486 0.882167 0.893773 0.653483 0.978532 0.881313 0.835150 0.775027 0.660191 0.412211 0.372179 
0.800194 0.900741 0.492057 0.514092 0.632432 0.695557 1.000000 0.885423 0.384532 0.312332 0.366623 0.391372 0.478716 0.403793 0.359792 0.330100 0.563360 0.457118 0.447443 0.526631 0.476147 0.889325 0.630119 0.847874 0.386073 0.950969 0.898646 0.923612 0.853138 
0.574769 0.967104 0.244897 0.235928 0.369434 0.467525 0.885423 1.000000 0.178960 0.091737 0.105983 0.126795 0.287138 0.153584 0.151047 0.084758 0.294603 0.219023 0.191519 0.253182 0.220174 0.676733 0.426717 0.594005 0.150984 0.830399 0.712150 0.891240 0.988688 
0.709535 0.286928 0.948769 0.826484 0.798065 0.790336 0.384532 0.178960 1.000000 0.946315 0.839067 0.816342 0.964438 0.856846 0.616003 0.931788 0.825510 0.799081 0.865915 0.834056 0.894619 0.369784 0.824231 0.564082 0.685934 0.445195 0.355445 0.158463 0.105958 
0.690082 0.214775 0.931541 0.888143 0.790722 0.784235 0.312332 0.091737 0.946315 1.000000 0.920539 0.787591 0.921931 0.918605 0.482339 0.975048 0.865684 0.821633 0.842683 0.853250 0.904087 0.366863 0.822968 0.515757 0.678055 0.375749 0.271869 0.061486 0.010751 
0.769066 0.251900 0.907864 0.968137 0.845424 0.838632 0.366623 0.105983 0.839067 0.920539 1.000000 0.824281 0.851952 0.929474 0.524012 0.950404 0.922351 0.843894 0.818122 0.923779 0.920472 0.481755 0.838954 0.628988 0.733918 0.422754 0.319067 0.070122 0.011111 
0.751412 0.256039 0.903149 0.853509 0.899475 0.869053 0.391372 0.126795 0.816342 0.787591 0.824281 1.000000 0.809880 0.892985 0.867273 0.847148 0.907545 0.914736 0.969483 0.895215 0.937267 0.387835 0.880635 0.724013 0.949773 0.499215 0.468000 0.098652 0.044777 
0.772437 0.393514 0.954829 0.860232 0.811625 0.861119 0.478716 0.287138 0.964438 0.921931 0.851952 0.809880 1.000000 0.891311 0.631569 0.889546 0.878012 0.851658 0.868817 0.836998 0.878044 0.441104 0.903197 0.629249 0.698003 0.550329 0.438907 0.250273 0.209483 
0.783708 0.291484 0.932249 0.952068 0.875133 0.909172 0.403793 0.153584 0.856846 0.918605 0.929474 0.892985 0.891311 1.000000 0.663977 0.917173 0.971547 0.958522 0.919720 0.895324 0.936941 0.448415 0.939627 0.677382 0.845670 0.501866 0.420112 0.112688 0.062061 
0.610053 0.241225 0.703424 0.599602 0.728507 0.721857 0.359792 0.151047 0.616003 0.482339 0.524012 0.867273 0.631569 0.663977 1.000000 0.548002 0.706001 0.749179 0.815764 0.655067 0.718751 0.260281 0.735299 0.648208 0.840011 0.481091 0.485279 0.129771 0.093771 
0.716129 0.214200 0.935208 0.911380 0.851863 0.801861 0.330100 0.084758 0.931788 0.975048 0.950404 0.847148 0.889546 0.917173 0.548002 1.000000 0.883603 0.832212 0.859599 0.922435 0.953144 0.402797 0.819743 0.584985 0.748282 0.391604 0.306496 0.063526 0.000000 
0.872190 0.424468 0.934880 0.969105 0.927606 0.957520 0.563360 0.294603 0.825510 0.865684 0.922351 0.907545 0.878012 0.971547 0.706001 0.883603 1.000000 0.950239 0.923809 0.928631 0.943146 0.606996 0.964787 0.804290 0.864849 0.635318 0.569999 0.279576 0.206236 
0.808513 0.363285 0.899852 0.895650 0.871625 0.946186 0.457118 0.219023 0.799081 0.821633 0.843894 0.914736 0.851658 0.958522 0.749179 0.832212 0.950239 1.000000 0.930387 0.859103 0.903497 0.424599 0.961515 0.748502 0.891596 0.595370 0.477009 0.145888 0.118326 
0.787649 0.320271 0.943958 0.866100 0.900341 0.895486 0.447443 0.191519 0.865915 0.842683 0.818122 0.969483 0.868817 0.919720 0.815764 0.859599 0.923809 0.930387 1.000000 0.872403 0.933833 0.426491 0.914984 0.730003 0.915232 0.543830 0.508559 0.164403 0.110616 
0.820771 0.371154 0.911102 0.926145 0.952630 0.882167 0.526631 0.253182 0.834056 0.853250 0.923779 0.895215 0.836998 0.895324 0.655067 0.922435 0.928631 0.859103 0.872403 1.000000 0.967230 0.570521 0.870993 0.786981 0.843153 0.579963 0.545952 0.263305 0.171202 
0.804536 0.342671 0.949440 0.924252 0.947933 0.893773 0.476147 0.220174 0.894619 0.904087 0.920472 0.937267 0.878044 0.936941 0.718751 0.953144 0.943146 0.903497 0.933833 0.967230 1.000000 0.498523 0.900368 0.750480 0.884276 0.550233 0.504388 0.203934 0.137402 
0.773464 0.710948 0.494159 0.612419 0.620998 0.653483 0.889325 0.676733 0.369784 0.366863 0.481755 0.387835 0.441104 0.448415 0.260281 0.402797 0.606996 0.424599 0.426491 0.570521 0.498523 1.000000 0.577533 0.797768 0.351024 0.792968 0.789693 0.797200 0.641755 
0.878700 0.539435 0.917110 0.905166 0.900757 0.978532 0.630119 0.426717 0.824231 0.822968 0.838954 0.880635 0.903197 0.939627 0.735299 0.819743 0.964787 0.961515 0.914984 0.870993 0.900368 0.577533 1.000000 0.813569 0.851185 0.728782 0.624125 0.370045 0.341569 
0.895673 0.678537 0.719863 0.749970 0.861577 0.881313 0.847874 0.594005 0.564082 0.515757 0.628988 0.724013 0.629249 0.677382 0.648208 0.584985 0.804290 0.748502 0.730003 0.786981 0.750480 0.797768 0.813569 1.000000 0.723454 0.878729 0.867172 0.638767 0.527647 
0.702775 0.272592 0.802714 0.779184 0.895747 0.835150 0.386073 0.150984 0.685934 0.678055 0.733918 0.949773 0.698003 0.845670 0.840011 0.748282 0.864849 0.891596 0.915232 0.843153 0.884276 0.351024 0.851185 0.723454 1.000000 0.509530 0.499613 0.091315 0.071507 
0.804041 0.851467 0.552567 0.555664 0.676244 0.775027 0.950969 0.830399 0.445195 0.375749 0.422754 0.499215 0.550329 0.501866 0.481091 0.391604 0.635318 0.595370 0.543830 0.579963 0.550233 0.792968 0.728782 0.878729 0.509530 1.000000 0.869207 0.830698 0.786844 
0.703550 0.707795 0.472433 0.470357 0.680411 0.660191 0.898646 0.712150 0.355445 0.271869 0.319067 0.468000 0.438907 0.420112 0.485279 0.306496 0.569999 0.477009 0.508559 0.545952 0.504388 0.789693 0.624125 0.867172 0.499613 0.869207 1.000000 0.847920 0.698817 
0.532286 0.821298 0.212069 0.213322 0.364779 0.412211 0.923612 0.891240 0.158463 0.061486 0.070122 0.098652 0.250273 0.112688 0.129771 0.063526 0.279576 0.145888 0.164403 0.263305 0.203934 0.797200 0.370045 0.638767 0.091315 0.830698 0.847920 1.000000 0.907347 
0.481669 0.921609 0.156625 0.138660 0.290227 0.372179 0.853138 0.988688 0.105958 0.010751 0.011111 0.044777 0.209483 0.062061 0.093771 0.000000 0.206236 0.118326 0.110616 0.171202 0.137402 0.641755 0.341569 0.527647 0.071507 0.786844 0.698817 0.907347 1.000000 
