1572 0.000000 0.001435 0.000000 0.000000 0.000000 0.000000 0.000000 0.041607 0.000000 0.000000 0.000000 0.000000 0.000000 0.000000 0.000000 0.000000 0.000000 0.000000 0.000000 0.000000 0.000000 0.000000 0.000000 0.000000 0.000000 0.000000 0.000000 0.000000 0.956958
1571 0.000000 0.001435 0.000000 0.000000 0.000000 0.000000 0.000000 0.041607 0.000000 0.000000 0.000000 0.000000 0.000000 0.000000 0.000000 0.000000 0.000000 0.000000 0.000000 0.000000 0.000000 0.000000 0.000000 0.000000 0.000000 0.000000 0.000000 0.000000 0.956958
1570 0.000000 0.001435 0.000000 0.000000 0.000000 0.000000 0.000000 0.041607 0.000000 0.000000 0.000000 0.000000 0.000000 0.000000 0.000000 0.000000 0.000000 0.000000 0.000000 0.000000 0.000000 0.000000 0.000000 0.000000 0.000000 0.000000 0.000000 0.000000 0.956958
1577 0.000000 0.001435 0.000000 0.000000 0.000000 0.000000 0.000000 0.041607 0.000000 0.000000 0.000000 0.000000 0.000000 0.000000 0.000000 0.000000 0.000000 0.000000 0.000000 0.000000 0.000000 0.000000 0.000000 0.000000 0.000000 0.000000 0.000000 0.000000 0.956958
1576 0.000000 0.001435 0.000000 0.000000 0.000000 0.000000 0.000000 0.041607 0.000000 0.000000 0.000000 0.000000 0.000000 0.000000 0.000000 0.000000 0.000000 0.000000 0.000000 0.000000 0.000000 0.000000 0.000000 0.000000 0.000000 0.000000 0.000000 0.000000 0.956958
1575 0.000000 0.001435 0.000000 0.000000 0.000000 0.000000 0.000000 0.041607 0.000000 0.000000 0.000000 0.000000 0.000000 0.000000 0.000000 0.000000 0.000000 0.000000 0.000000 0.000000 0.000000 0.000000 0.000000 0.000000 0.000000 0.000000 0.000000 0.000000 0.956958
1574 0.000000 0.001435 0.000000 0.000000 0.000000 0.000000 0.000000 0.041607 0.000000 0.000000 0.000000 0.000000 0.000000 0.000000 0.000000 0.000000 0.000000 0.000000 0.000000 0.000000 0.000000 0.000000 0.000000 0.000000 0.000000 0.000000 0.000000 0.000000 0.956958
1305 0.000034 0.001613 0.000005 0.000000 0.000000 0.001387 0.000442 0.042640 0.000000 0.000000 0.000000 0.000000 0.000184 0.000000 0.000000 0.000000 0.000000 0.000529 0.000007 0.000000 0.000010 0.000000 0.036613 0.000110 0.000000 0.018002 0.000003 0.003688 0.894733
1306 0.000034 0.001613 0.000005 0.000000 0.000000 0.001387 0.000442 0.042640 0.000000 0.000000 0.000000 0.000000 0.000184 0.000000 0.000000 0.000000 0.000000 0.000529 0.000007 0.000000 0.000010 0.000000 0.036613 0.000110 0.000000 0.018002 0.000003 0.003688 0.894733
1307 0.000034 0.001613 0.000005 0.000000 0.000000 0.001387 0.000442 0.042640 0.000000 0.000000 0.000000 0.000000 0.000184 0.000000 0.000000 0.000000 0.000000 0.000529 0.000007 0.000000 0.000010 0.000000 0.036613 0.000110 0.000000 0.018002 0.000003 0.003688 0.894733
1349 0.000000 0.001712 0.000000 0.000000 0.000000 0.000000 0.000000 0.045377 0.000000 0.000000 0.000000 0.000000 0.000000 0.000000 0.000000 0.000000 0.000000 0.000000 0.000000 0.000000 0.000000 0.000000 0.000000 0.000000 0.000000 0.000000 0.000000 0.000000 0.952911
1308 0.000127 0.000182 0.000933 0.000960 0.000002 0.009965 0.001716 0.004893 0.002385 0.005547 0.001261 0.038101 0.064971 0.090148 0.000004 0.000037 0.038955 0.189964 0.013674 0.000000 0.000384 0.004605 0.272382 0.016399 0.000035 0.120698 0.000049 0.016897 0.104727
1309 0.000127 0.000182 0.000933 0.000960 0.000002 0.009965 0.001716 0.004893 0.002385 0.005547 0.001261 0.038101 0.064971 0.090148 0.000004 0.000037 0.038955 0.189964 0.013674 0.000000 0.000384 0.004605 0.272382 0.016399 0.000035 0.120698 0.000049 0.016897 0.104727
1355 0.000000 0.001712 0.000000 0.000000 0.000000 0.000000 0.000000 0.045377 0.000000 0.000000 0.000000 0.000000 0.000000 0.000000 0.000000 0.000000 0.000000 0.000000 0.000000 0.000000 0.000000 0.000000 0.000000 0.000000 0.000000 0.000000 0.000000 0.000000 0.952911
2458 0.000179 0.000414 0.000175 0.000000 0.000000 0.013073 0.002315 0.010522 0.000000 0.000000 0.000000 0.000000 0.012145 0.000000 0.000000 0.000000 0.000000 0.234082 0.000702 0.000000 0.000014 0.000000 0.323560 0.004580 0.000000 0.166332 0.000003 0.019331 0.212571
