505 0.000000 0.013012 0.000000 0.000000 0.000000 0.000000 0.000000 0.120364 0.000000 0.000000 0.000000 0.000000 0.000000 0.000000 0.000000 0.000000 0.000000 0.000000 0.000000 0.000000 0.000000 0.000000 0.000000 0.000000 0.000000 0.000000 0.000000 0.000000 0.866623
503 0.000000 0.013012 0.000000 0.000000 0.000000 0.000000 0.000000 0.120364 0.000000 0.000000 0.000000 0.000000 0.000000 0.000000 0.000000 0.000000 0.000000 0.000000 0.000000 0.000000 0.000000 0.000000 0.000000 0.000000 0.000000 0.000000 0.000000 0.000000 0.866623
511 0.000000 0.013012 0.000000 0.000000 0.000000 0.000000 0.000000 0.120364 0.000000 0.000000 0.000000 0.000000 0.000000 0.000000 0.000000 0.000000 0.000000 0.000000 0.000000 0.000000 0.000000 0.000000 0.000000 0.000000 0.000000 0.000000 0.000000 0.000000 0.866623
510 0.000000 0.013012 0.000000 0.000000 0.000000 0.000000 0.000000 0.120364 0.000000 0.000000 0.000000 0.000000 0.000000 0.000000 0.000000 0.000000 0.000000 0.000000 0.000000 0.000000 0.000000 0.000000 0.000000 0.000000 0.000000 0.000000 0.000000 0.000000 0.866623
519 0.000000 0.013012 0.000000 0.000000 0.000000 0.000000 0.000000 0.120364 0.000000 0.000000 0.000000 0.000000 0.000000 0.000000 0.000000 0.000000 0.000000 0.000000 0.000000 0.000000 0.000000 0.000000 0.000000 0.000000 0.000000 0.000000 0.000000 0.000000 0.866623
513 0.000000 0.013012 0.000000 0.000000 0.000000 0.000000 0.000000 0.120364 0.000000 0.000000 0.000000 0.000000 0.000000 0.000000 0.000000 0.000000 0.000000 0.000000 0.000000 0.000000 0.000000 0.000000 0.000000 0.000000 0.000000 0.000000 0.000000 0.000000 0.866623
515 0.000000 0.013012 0.000000 0.000000 0.000000 0.000000 0.000000 0.120364 0.000000 0.000000 0.000000 0.000000 0.000000 0.000000 0.000000 0.000000 0.000000 0.000000 0.000000 0.000000 0.000000 0.000000 0.000000 0.000000 0.000000 0.000000 0.000000 0.000000 0.866623
514 0.000000 0.013012 0.000000 0.000000 0.000000 0.000000 0.000000 0.120364 0.000000 0.000000 0.000000 0.000000 0.000000 0.000000 0.000000 0.000000 0.000000 0.000000 0.000000 0.000000 0.000000 0.000000 0.000000 0.000000 0.000000 0.000000 0.000000 0.000000 0.866623
517 0.000000 0.013012 0.000000 0.000000 0.000000 0.000000 0.000000 0.120364 0.000000 0.000000 0.000000 0.000000 0.000000 0.000000 0.000000 0.000000 0.000000 0.000000 0.000000 0.000000 0.000000 0.000000 0.000000 0.000000 0.000000 0.000000 0.000000 0.000000 0.866623
516 0.000000 0.013012 0.000000 0.000000 0.000000 0.000000 0.000000 0.120364 0.000000 0.000000 0.000000 0.000000 0.000000 0.000000 0.000000 0.000000 0.000000 0.000000 0.000000 0.000000 0.000000 0.000000 0.000000 0.000000 0.000000 0.000000 0.000000 0.000000 0.866623
2318 0.000000 0.001005 0.000000 0.000000 0.000000 0.000000 0.000000 0.034930 0.000000 0.000000 0.000000 0.000000 0.000000 0.000000 0.000000 0.000000 0.000000 0.000000 0.000000 0.000000 0.000000 0.000000 0.000000 0.000000 0.000000 0.000000 0.000000 0.000000 0.964065
2320 0.000000 0.001005 0.000000 0.000000 0.000000 0.000000 0.000000 0.034930 0.000000 0.000000 0.000000 0.000000 0.000000 0.000000 0.000000 0.000000 0.000000 0.000000 0.000000 0.000000 0.000000 0.000000 0.000000 0.000000 0.000000 0.000000 0.000000 0.000000 0.964065
1771 0.000087 0.000222 0.000469 0.001291 0.000000 0.008474 0.000532 0.006857 0.002157 0.007267 0.001161 0.006708 0.037451 0.172302 0.000000 0.000021 0.018202 0.201115 0.004004 0.000000 0.000061 0.003088 0.300677 0.003642 0.000003 0.047378 0.000005 0.002935 0.173889
2248 0.000000 0.001005 0.000000 0.000000 0.000000 0.000000 0.000000 0.034930 0.000000 0.000000 0.000000 0.000000 0.000000 0.000000 0.000000 0.000000 0.000000 0.000000 0.000000 0.000000 0.000000 0.000000 0.000000 0.000000 0.000000 0.000000 0.000000 0.000000 0.964065
2249 0.000000 0.001005 0.000000 0.000000 0.000000 0.000000 0.000000 0.034930 0.000000 0.000000 0.000000 0.000000 0.000000 0.000000 0.000000 0.000000 0.000000 0.000000 0.000000 0.000000 0.000000 0.000000 0.000000 0.000000 0.000000 0.000000 0.000000 0.000000 0.964065
2244 0.000000 0.001005 0.000000 0.000000 0.000000 0.000000 0.000000 0.034930 0.000000 0.000000 0.000000 0.000000 0.000000 0.000000 0.000000 0.000000 0.000000 0.000000 0.000000 0.000000 0.000000 0.000000 0.000000 0.000000 0.000000 0.000000 0.000000 0.000000 0.964065
2245 0.000000 0.001005 0.000000 0.000000 0.000000 0.000000 0.000000 0.034930 0.000000 0.000000 0.000000 0.000000 0.000000 0.000000 0.000000 0.000000 0.000000 0.000000 0.000000 0.000000 0.000000 0.000000 0.000000 0.000000 0.000000 0.000000 0.000000 0.000000 0.964065
2246 0.000000 0.001005 0.000000 0.000000 0.000000 0.000000 0.000000 0.034930 0.000000 0.000000 0.000000 0.000000 0.000000 0.000000 0.000000 0.000000 0.000000 0.000000 0.000000 0.000000 0.000000 0.000000 0.000000 0.000000 0.000000 0.000000 0.000000 0.000000 0.964065
