2799 0.031574 0.086604 0.004060 0.006315 0.000000 0.054578 0.087506 0.157420 0.000000 0.000902 0.000000 0.004060 0.000000 0.005864 0.000000 0.000000 0.020749 0.000000 0.004511 0.000000 0.000000 0.011728 0.037889 0.021651 0.000000 0.132161 0.000000 0.139378 0.193054
689 0.003336 0.005280 0.002832 0.004527 0.000020 0.047852 0.011948 0.030081 0.000678 0.002931 0.000000 0.004041 0.030634 0.073271 0.000010 0.000045 0.022737 0.155561 0.010281 0.000000 0.000413 0.008939 0.248347 0.018960 0.000083 0.155951 0.000178 0.028189 0.132876
839 0.000000 0.026846 0.000000 0.000000 0.000000 0.000000 0.000000 0.167785 0.000000 0.000000 0.000000 0.000000 0.000000 0.000000 0.000000 0.000000 0.000000 0.000000 0.000000 0.000000 0.000000 0.000000 0.000000 0.000000 0.000000 0.000000 0.000000 0.000000 0.805369
705 0.000000 0.250000 0.000000 0.000000 0.000000 0.000000 0.000000 0.375000 0.000000 0.000000 0.000000 0.000000 0.000000 0.000000 0.000000 0.000000 0.000000 0.000000 0.000000 0.000000 0.000000 0.000000 0.000000 0.000000 0.000000 0.000000 0.000000 0.000000 0.375000
706 0.000000 0.250000 0.000000 0.000000 0.000000 0.000000 0.000000 0.375000 0.000000 0.000000 0.000000 0.000000 0.000000 0.000000 0.000000 0.000000 0.000000 0.000000 0.000000 0.000000 0.000000 0.000000 0.000000 0.000000 0.000000 0.000000 0.000000 0.000000 0.375000
707 0.000000 0.250000 0.000000 0.000000 0.000000 0.000000 0.000000 0.375000 0.000000 0.000000 0.000000 0.000000 0.000000 0.000000 0.000000 0.000000 0.000000 0.000000 0.000000 0.000000 0.000000 0.000000 0.000000 0.000000 0.000000 0.000000 0.000000 0.000000 0.375000
399 0.002814 0.003200 0.007971 0.004082 0.000183 0.036497 0.015096 0.018489 0.011431 0.015082 0.001691 0.030740 0.073910 0.055067 0.000095 0.001210 0.051755 0.097676 0.039000 0.000005 0.003863 0.008646 0.166996 0.058532 0.001002 0.157741 0.001947 0.054656 0.080621
692 0.002046 0.041610 0.000000 0.000000 0.000000 0.002046 0.017394 0.188438 0.000000 0.000000 0.000000 0.000000 0.000000 0.000000 0.000000 0.000000 0.000000 0.000512 0.000000 0.000000 0.000000 0.000000 0.000000 0.000000 0.000000 0.017394 0.000000 0.092769 0.637790
690 0.000000 0.053050 0.000000 0.000000 0.000000 0.000000 0.000000 0.225464 0.000000 0.000000 0.000000 0.000000 0.000000 0.000000 0.000000 0.000000 0.000000 0.000000 0.000000 0.000000 0.000000 0.000000 0.000000 0.000000 0.000000 0.000000 0.000000 0.000000 0.721485
691 0.002046 0.041610 0.000000 0.000000 0.000000 0.002046 0.017394 0.188438 0.000000 0.000000 0.000000 0.000000 0.000000 0.000000 0.000000 0.000000 0.000000 0.000512 0.000000 0.000000 0.000000 0.000000 0.000000 0.000000 0.000000 0.017394 0.000000 0.092769 0.637790
796 0.003324 0.016367 0.001293 0.001311 0.000118 0.024336 0.019651 0.099361 0.000163 0.000617 0.000000 0.000617 0.006177 0.008753 0.000000 0.000127 0.008934 0.005361 0.004354 0.000036 0.000980 0.004721 0.109456 0.010054 0.000404 0.126571 0.001206 0.079769 0.465941
837 0.000000 0.026846 0.000000 0.000000 0.000000 0.000000 0.000000 0.167785 0.000000 0.000000 0.000000 0.000000 0.000000 0.000000 0.000000 0.000000 0.000000 0.000000 0.000000 0.000000 0.000000 0.000000 0.000000 0.000000 0.000000 0.000000 0.000000 0.000000 0.805369
833 0.003226 0.005890 0.004784 0.000000 0.000047 0.042056 0.019203 0.035606 0.000000 0.000000 0.000000 0.000000 0.052669 0.000000 0.000000 0.000000 0.000000 0.128240 0.017658 0.000000 0.000925 0.000000 0.190439 0.048872 0.000191 0.213839 0.000580 0.074183 0.161592
795 0.003677 0.014798 0.001268 0.002446 0.000106 0.028678 0.019685 0.089455 0.000147 0.000864 0.000583 0.002177 0.005552 0.016730 0.000000 0.000130 0.018703 0.004818 0.004219 0.000033 0.000881 0.007207 0.139110 0.009470 0.000363 0.133827 0.001084 0.075028 0.418961
836 0.000000 0.026846 0.000000 0.000000 0.000000 0.000000 0.000000 0.167785 0.000000 0.000000 0.000000 0.000000 0.000000 0.000000 0.000000 0.000000 0.000000 0.000000 0.000000 0.000000 0.000000 0.000000 0.000000 0.000000 0.000000 0.000000 0.000000 0.000000 0.805369
834 0.003226 0.005890 0.004784 0.000000 0.000047 0.042056 0.019203 0.035606 0.000000 0.000000 0.000000 0.000000 0.052669 0.000000 0.000000 0.000000 0.000000 0.128240 0.017658 0.000000 0.000925 0.000000 0.190439 0.048872 0.000191 0.213839 0.000580 0.074183 0.161592
846 0.003956 0.011610 0.002076 0.002088 0.000006 0.038833 0.018888 0.068725 0.000116 0.001219 0.000000 0.000178 0.014038 0.020272 0.000000 0.000116 0.006087 0.057072 0.007642 0.000000 0.000006 0.008383 0.177882 0.017899 0.000003 0.164811 0.000061 0.060171 0.317861
844 0.000000 0.026846 0.000000 0.000000 0.000000 0.000000 0.000000 0.167785 0.000000 0.000000 0.000000 0.000000 0.000000 0.000000 0.000000 0.000000 0.000000 0.000000 0.000000 0.000000 0.000000 0.000000 0.000000 0.000000 0.000000 0.000000 0.000000 0.000000 0.805369
841 0.000000 0.026846 0.000000 0.000000 0.000000 0.000000 0.000000 0.167785 0.000000 0.000000 0.000000 0.000000 0.000000 0.000000 0.000000 0.000000 0.000000 0.000000 0.000000 0.000000 0.000000 0.000000 0.000000 0.000000 0.000000 0.000000 0.000000 0.000000 0.805369
840 0.000000 0.026846 0.000000 0.000000 0.000000 0.000000 0.000000 0.167785 0.000000 0.000000 0.000000 0.000000 0.000000 0.000000 0.000000 0.000000 0.000000 0.000000 0.000000 0.000000 0.000000 0.000000 0.000000 0.000000 0.000000 0.000000 0.000000 0.000000 0.805369
835 0.000000 0.026846 0.000000 0.000000 0.000000 0.000000 0.000000 0.167785 0.000000 0.000000 0.000000 0.000000 0.000000 0.000000 0.000000 0.000000 0.000000 0.000000 0.000000 0.000000 0.000000 0.000000 0.000000 0.000000 0.000000 0.000000 0.000000 0.000000 0.805369
673 0.007689 0.008377 0.004678 0.014523 0.000218 0.056836 0.026445 0.029664 0.005202 0.006794 0.011848 0.006596 0.017480 0.111808 0.000218 0.001118 0.061252 0.100464 0.013391 0.000049 0.001572 0.038011 0.145764 0.027454 0.000870 0.164683 0.001414 0.057949 0.077634
794 0.000000 0.053050 0.000000 0.000000 0.000000 0.000000 0.000000 0.225464 0.000000 0.000000 0.000000 0.000000 0.000000 0.000000 0.000000 0.000000 0.000000 0.000000 0.000000 0.000000 0.000000 0.000000 0.000000 0.000000 0.000000 0.000000 0.000000 0.000000 0.721485
792 0.003395 0.017524 0.000355 0.000000 0.000000 0.020215 0.026967 0.103412 0.000000 0.000000 0.000000 0.000000 0.001597 0.000000 0.000000 0.000000 0.000000 0.019678 0.000355 0.000000 0.000000 0.000000 0.047064 0.005677 0.000000 0.156301 0.000000 0.134598 0.462861
720 0.005449 0.010509 0.005335 0.002356 0.000131 0.039082 0.035406 0.051584 0.000501 0.001802 0.000000 0.002333 0.025487 0.016640 0.000000 0.000085 0.015585 0.051580 0.020326 0.000000 0.001239 0.009965 0.099857 0.056774 0.000360 0.213864 0.001848 0.148203 0.183698
832 0.000000 0.125000 0.000000 0.000000 0.000000 0.000000 0.000000 0.312500 0.000000 0.000000 0.000000 0.000000 0.000000 0.000000 0.000000 0.000000 0.000000 0.000000 0.000000 0.000000 0.000000 0.000000 0.000000 0.000000 0.000000 0.000000 0.000000 0.000000 0.562500
685 0.000000 0.206186 0.000000 0.000000 0.000000 0.000000 0.000000 0.360825 0.000000 0.000000 0.000000 0.000000 0.000000 0.000000 0.000000 0.000000 0.000000 0.000000 0.000000 0.000000 0.000000 0.000000 0.000000 0.000000 0.000000 0.000000 0.000000 0.000000 0.432990
609 0.029745 0.109065 0.007082 0.000000 0.000000 0.061615 0.065156 0.191218 0.000000 0.000000 0.000000 0.000000 0.003541 0.000000 0.000000 0.000000 0.000000 0.002125 0.014164 0.000000 0.000000 0.000000 0.081445 0.021246 0.000000 0.089943 0.000000 0.094901 0.228754
686 0.000000 0.206186 0.000000 0.000000 0.000000 0.000000 0.000000 0.360825 0.000000 0.000000 0.000000 0.000000 0.000000 0.000000 0.000000 0.000000 0.000000 0.000000 0.000000 0.000000 0.000000 0.000000 0.000000 0.000000 0.000000 0.000000 0.000000 0.000000 0.432990
1799 0.000000 0.025000 0.000000 0.000000 0.000000 0.000000 0.000000 0.162500 0.000000 0.000000 0.000000 0.000000 0.000000 0.000000 0.000000 0.000000 0.000000 0.000000 0.000000 0.000000 0.000000 0.000000 0.000000 0.000000 0.000000 0.000000 0.000000 0.000000 0.812500
1798 0.000000 0.025000 0.000000 0.000000 0.000000 0.000000 0.000000 0.162500 0.000000 0.000000 0.000000 0.000000 0.000000 0.000000 0.000000 0.000000 0.000000 0.000000 0.000000 0.000000 0.000000 0.000000 0.000000 0.000000 0.000000 0.000000 0.000000 0.000000 0.812500
1793 0.000000 0.025000 0.000000 0.000000 0.000000 0.000000 0.000000 0.162500 0.000000 0.000000 0.000000 0.000000 0.000000 0.000000 0.000000 0.000000 0.000000 0.000000 0.000000 0.000000 0.000000 0.000000 0.000000 0.000000 0.000000 0.000000 0.000000 0.000000 0.812500
1792 0.000000 0.025000 0.000000 0.000000 0.000000 0.000000 0.000000 0.162500 0.000000 0.000000 0.000000 0.000000 0.000000 0.000000 0.000000 0.000000 0.000000 0.000000 0.000000 0.000000 0.000000 0.000000 0.000000 0.000000 0.000000 0.000000 0.000000 0.000000 0.812500
1797 0.000000 0.025000 0.000000 0.000000 0.000000 0.000000 0.000000 0.162500 0.000000 0.000000 0.000000 0.000000 0.000000 0.000000 0.000000 0.000000 0.000000 0.000000 0.000000 0.000000 0.000000 0.000000 0.000000 0.000000 0.000000 0.000000 0.000000 0.000000 0.812500
1796 0.000000 0.025000 0.000000 0.000000 0.000000 0.000000 0.000000 0.162500 0.000000 0.000000 0.000000 0.000000 0.000000 0.000000 0.000000 0.000000 0.000000 0.000000 0.000000 0.000000 0.000000 0.000000 0.000000 0.000000 0.000000 0.000000 0.000000 0.000000 0.812500
1795 0.000000 0.025000 0.000000 0.000000 0.000000 0.000000 0.000000 0.162500 0.000000 0.000000 0.000000 0.000000 0.000000 0.000000 0.000000 0.000000 0.000000 0.000000 0.000000 0.000000 0.000000 0.000000 0.000000 0.000000 0.000000 0.000000 0.000000 0.000000 0.812500
1794 0.000000 0.025000 0.000000 0.000000 0.000000 0.000000 0.000000 0.162500 0.000000 0.000000 0.000000 0.000000 0.000000 0.000000 0.000000 0.000000 0.000000 0.000000 0.000000 0.000000 0.000000 0.000000 0.000000 0.000000 0.000000 0.000000 0.000000 0.000000 0.812500
1705 0.000000 0.008621 0.000000 0.000000 0.000000 0.000000 0.000000 0.099138 0.000000 0.000000 0.000000 0.000000 0.000000 0.000000 0.000000 0.000000 0.000000 0.000000 0.000000 0.000000 0.000000 0.000000 0.000000 0.000000 0.000000 0.000000 0.000000 0.000000 0.892241
1701 0.000000 0.008621 0.000000 0.000000 0.000000 0.000000 0.000000 0.099138 0.000000 0.000000 0.000000 0.000000 0.000000 0.000000 0.000000 0.000000 0.000000 0.000000 0.000000 0.000000 0.000000 0.000000 0.000000 0.000000 0.000000 0.000000 0.000000 0.000000 0.892241
1702 0.000000 0.008621 0.000000 0.000000 0.000000 0.000000 0.000000 0.099138 0.000000 0.000000 0.000000 0.000000 0.000000 0.000000 0.000000 0.000000 0.000000 0.000000 0.000000 0.000000 0.000000 0.000000 0.000000 0.000000 0.000000 0.000000 0.000000 0.000000 0.892241
1703 0.000000 0.008621 0.000000 0.000000 0.000000 0.000000 0.000000 0.099138 0.000000 0.000000 0.000000 0.000000 0.000000 0.000000 0.000000 0.000000 0.000000 0.000000 0.000000 0.000000 0.000000 0.000000 0.000000 0.000000 0.000000 0.000000 0.000000 0.000000 0.892241
1704 0.000000 0.008621 0.000000 0.000000 0.000000 0.000000 0.000000 0.099138 0.000000 0.000000 0.000000 0.000000 0.000000 0.000000 0.000000 0.000000 0.000000 0.000000 0.000000 0.000000 0.000000 0.000000 0.000000 0.000000 0.000000 0.000000 0.000000 0.000000 0.892241
1706 0.000000 0.008621 0.000000 0.000000 0.000000 0.000000 0.000000 0.099138 0.000000 0.000000 0.000000 0.000000 0.000000 0.000000 0.000000 0.000000 0.000000 0.000000 0.000000 0.000000 0.000000 0.000000 0.000000 0.000000 0.000000 0.000000 0.000000 0.000000 0.892241
