1813 0.000000 0.005719 0.000000 0.000000 0.000000 0.000000 0.000000 0.081498 0.000000 0.000000 0.000000 0.000000 0.000000 0.000000 0.000000 0.000000 0.000000 0.000000 0.000000 0.000000 0.000000 0.000000 0.000000 0.000000 0.000000 0.000000 0.000000 0.000000 0.912782
1818 0.000000 0.005719 0.000000 0.000000 0.000000 0.000000 0.000000 0.081498 0.000000 0.000000 0.000000 0.000000 0.000000 0.000000 0.000000 0.000000 0.000000 0.000000 0.000000 0.000000 0.000000 0.000000 0.000000 0.000000 0.000000 0.000000 0.000000 0.000000 0.912782
1819 0.000000 0.005719 0.000000 0.000000 0.000000 0.000000 0.000000 0.081498 0.000000 0.000000 0.000000 0.000000 0.000000 0.000000 0.000000 0.000000 0.000000 0.000000 0.000000 0.000000 0.000000 0.000000 0.000000 0.000000 0.000000 0.000000 0.000000 0.000000 0.912782
359 0.000695 0.001188 0.002411 0.001330 0.000023 0.021748 0.005446 0.015346 0.002589 0.005409 0.000171 0.011905 0.062823 0.044480 0.000012 0.000197 0.022866 0.151509 0.016278 0.000003 0.001180 0.003994 0.258987 0.029864 0.000195 0.150902 0.000342 0.029493 0.158615
1781 0.000396 0.000871 0.004128 0.000000 0.000032 0.016223 0.003163 0.013369 0.000000 0.000000 0.000000 0.000000 0.177209 0.000000 0.000000 0.000000 0.000000 0.159739 0.046228 0.000000 0.002467 0.000000 0.259752 0.035334 0.000421 0.098131 0.000417 0.019342 0.162778
535 0.001535 0.042149 0.000000 0.000000 0.000000 0.001535 0.013045 0.193293 0.000000 0.000000 0.000000 0.000000 0.000000 0.000000 0.000000 0.000000 0.000000 0.000000 0.000000 0.000000 0.000000 0.000000 0.000512 0.000000 0.000000 0.013045 0.000000 0.069575 0.665312
1731 0.000694 0.001476 0.002009 0.000000 0.000013 0.022702 0.005784 0.019315 0.000000 0.000000 0.000000 0.000000 0.058992 0.000000 0.000000 0.000000 0.000000 0.173199 0.013502 0.000000 0.000637 0.000000 0.272237 0.028508 0.000114 0.167262 0.000235 0.032359 0.200965
1730 0.000699 0.001214 0.002574 0.000884 0.000047 0.021748 0.005811 0.015668 0.003684 0.003904 0.000000 0.013066 0.065122 0.026783 0.000030 0.000247 0.018672 0.152849 0.018758 0.000004 0.002247 0.002922 0.256868 0.033393 0.000557 0.157025 0.000750 0.032981 0.161493
1732 0.000694 0.001476 0.002009 0.000000 0.000013 0.022702 0.005784 0.019315 0.000000 0.000000 0.000000 0.000000 0.058992 0.000000 0.000000 0.000000 0.000000 0.173199 0.013502 0.000000 0.000637 0.000000 0.272237 0.028508 0.000114 0.167262 0.000235 0.032359 0.200965
1741 0.000410 0.000641 0.003394 0.000925 0.000027 0.015996 0.003862 0.009650 0.006960 0.005041 0.000000 0.026787 0.134693 0.039786 0.000008 0.000112 0.029535 0.150473 0.037611 0.000000 0.002240 0.002994 0.232335 0.034174 0.000379 0.119084 0.000456 0.027499 0.114928
1742 0.000410 0.000641 0.003394 0.000925 0.000027 0.015996 0.003862 0.009650 0.006960 0.005041 0.000000 0.026787 0.134693 0.039786 0.000008 0.000112 0.029535 0.150473 0.037611 0.000000 0.002240 0.002994 0.232335 0.034174 0.000379 0.119084 0.000456 0.027499 0.114928
463 0.003004 0.003616 0.006265 0.004610 0.000074 0.039279 0.015022 0.021096 0.005748 0.011791 0.003422 0.031701 0.057035 0.062164 0.000026 0.000287 0.050378 0.102275 0.025329 0.000007 0.001821 0.008549 0.184380 0.049078 0.000318 0.166791 0.000739 0.051475 0.093721
595 0.000037 0.000886 0.000065 0.000000 0.000000 0.002191 0.000433 0.030665 0.000000 0.000000 0.000000 0.000000 0.003619 0.000000 0.000000 0.000000 0.000000 0.005107 0.000688 0.000000 0.000000 0.000000 0.081551 0.000926 0.000000 0.024353 0.000000 0.004005 0.845474
1069 0.000000 0.001005 0.000000 0.000000 0.000000 0.000000 0.000000 0.034930 0.000000 0.000000 0.000000 0.000000 0.000000 0.000000 0.000000 0.000000 0.000000 0.000000 0.000000 0.000000 0.000000 0.000000 0.000000 0.000000 0.000000 0.000000 0.000000 0.000000 0.964065
1068 0.000000 0.001005 0.000000 0.000000 0.000000 0.000000 0.000000 0.034930 0.000000 0.000000 0.000000 0.000000 0.000000 0.000000 0.000000 0.000000 0.000000 0.000000 0.000000 0.000000 0.000000 0.000000 0.000000 0.000000 0.000000 0.000000 0.000000 0.000000 0.964065
1061 0.000000 0.001005 0.000000 0.000000 0.000000 0.000000 0.000000 0.034930 0.000000 0.000000 0.000000 0.000000 0.000000 0.000000 0.000000 0.000000 0.000000 0.000000 0.000000 0.000000 0.000000 0.000000 0.000000 0.000000 0.000000 0.000000 0.000000 0.000000 0.964065
1060 0.000000 0.001005 0.000000 0.000000 0.000000 0.000000 0.000000 0.034930 0.000000 0.000000 0.000000 0.000000 0.000000 0.000000 0.000000 0.000000 0.000000 0.000000 0.000000 0.000000 0.000000 0.000000 0.000000 0.000000 0.000000 0.000000 0.000000 0.000000 0.964065
1063 0.000000 0.001005 0.000000 0.000000 0.000000 0.000000 0.000000 0.034930 0.000000 0.000000 0.000000 0.000000 0.000000 0.000000 0.000000 0.000000 0.000000 0.000000 0.000000 0.000000 0.000000 0.000000 0.000000 0.000000 0.000000 0.000000 0.000000 0.000000 0.964065
1062 0.000000 0.001005 0.000000 0.000000 0.000000 0.000000 0.000000 0.034930 0.000000 0.000000 0.000000 0.000000 0.000000 0.000000 0.000000 0.000000 0.000000 0.000000 0.000000 0.000000 0.000000 0.000000 0.000000 0.000000 0.000000 0.000000 0.000000 0.000000 0.964065
1065 0.000000 0.001005 0.000000 0.000000 0.000000 0.000000 0.000000 0.034930 0.000000 0.000000 0.000000 0.000000 0.000000 0.000000 0.000000 0.000000 0.000000 0.000000 0.000000 0.000000 0.000000 0.000000 0.000000 0.000000 0.000000 0.000000 0.000000 0.000000 0.964065
