2708 0.000000 0.053050 0.000000 0.000000 0.000000 0.000000 0.000000 0.225464 0.000000 0.000000 0.000000 0.000000 0.000000 0.000000 0.000000 0.000000 0.000000 0.000000 0.000000 0.000000 0.000000 0.000000 0.000000 0.000000 0.000000 0.000000 0.000000 0.000000 0.721485
2705 0.000000 0.053050 0.000000 0.000000 0.000000 0.000000 0.000000 0.225464 0.000000 0.000000 0.000000 0.000000 0.000000 0.000000 0.000000 0.000000 0.000000 0.000000 0.000000 0.000000 0.000000 0.000000 0.000000 0.000000 0.000000 0.000000 0.000000 0.000000 0.721485
2704 0.000000 0.053050 0.000000 0.000000 0.000000 0.000000 0.000000 0.225464 0.000000 0.000000 0.000000 0.000000 0.000000 0.000000 0.000000 0.000000 0.000000 0.000000 0.000000 0.000000 0.000000 0.000000 0.000000 0.000000 0.000000 0.000000 0.000000 0.000000 0.721485
2707 0.000000 0.053050 0.000000 0.000000 0.000000 0.000000 0.000000 0.225464 0.000000 0.000000 0.000000 0.000000 0.000000 0.000000 0.000000 0.000000 0.000000 0.000000 0.000000 0.000000 0.000000 0.000000 0.000000 0.000000 0.000000 0.000000 0.000000 0.000000 0.721485
2706 0.000000 0.053050 0.000000 0.000000 0.000000 0.000000 0.000000 0.225464 0.000000 0.000000 0.000000 0.000000 0.000000 0.000000 0.000000 0.000000 0.000000 0.000000 0.000000 0.000000 0.000000 0.000000 0.000000 0.000000 0.000000 0.000000 0.000000 0.000000 0.721485
2701 0.000000 0.206186 0.000000 0.000000 0.000000 0.000000 0.000000 0.360825 0.000000 0.000000 0.000000 0.000000 0.000000 0.000000 0.000000 0.000000 0.000000 0.000000 0.000000 0.000000 0.000000 0.000000 0.000000 0.000000 0.000000 0.000000 0.000000 0.000000 0.432990
2703 0.000000 0.053050 0.000000 0.000000 0.000000 0.000000 0.000000 0.225464 0.000000 0.000000 0.000000 0.000000 0.000000 0.000000 0.000000 0.000000 0.000000 0.000000 0.000000 0.000000 0.000000 0.000000 0.000000 0.000000 0.000000 0.000000 0.000000 0.000000 0.721485
2702 0.000000 0.206186 0.000000 0.000000 0.000000 0.000000 0.000000 0.360825 0.000000 0.000000 0.000000 0.000000 0.000000 0.000000 0.000000 0.000000 0.000000 0.000000 0.000000 0.000000 0.000000 0.000000 0.000000 0.000000 0.000000 0.000000 0.000000 0.000000 0.432990
2774 0.019957 0.018464 0.008146 0.026610 0.000181 0.083314 0.040413 0.037969 0.003620 0.005476 0.019731 0.016020 0.015749 0.114088 0.000000 0.000996 0.096846 0.047835 0.012762 0.000000 0.000543 0.025298 0.124904 0.030638 0.000272 0.142508 0.000724 0.052270 0.054668
2756 0.000000 0.065574 0.000000 0.000000 0.000000 0.000000 0.000000 0.245902 0.000000 0.000000 0.000000 0.000000 0.000000 0.000000 0.000000 0.000000 0.000000 0.000000 0.000000 0.000000 0.000000 0.000000 0.000000 0.000000 0.000000 0.000000 0.000000 0.000000 0.688525
2787 0.033718 0.065876 0.007181 0.008742 0.001249 0.067125 0.091789 0.116453 0.000000 0.002498 0.000000 0.006869 0.002810 0.008742 0.000000 0.000624 0.033094 0.012488 0.008742 0.000000 0.003122 0.016859 0.039963 0.028723 0.001873 0.159850 0.004995 0.140493 0.136122
2757 0.000000 0.065574 0.000000 0.000000 0.000000 0.000000 0.000000 0.245902 0.000000 0.000000 0.000000 0.000000 0.000000 0.000000 0.000000 0.000000 0.000000 0.000000 0.000000 0.000000 0.000000 0.000000 0.000000 0.000000 0.000000 0.000000 0.000000 0.000000 0.688525
2788 0.035026 0.164623 0.000000 0.000000 0.000000 0.052539 0.070053 0.238179 0.000000 0.000000 0.000000 0.000000 0.000000 0.000000 0.000000 0.000000 0.000000 0.000000 0.000000 0.000000 0.000000 0.000000 0.035026 0.000000 0.000000 0.105079 0.000000 0.070053 0.229422
2755 0.000000 0.065574 0.000000 0.000000 0.000000 0.000000 0.000000 0.245902 0.000000 0.000000 0.000000 0.000000 0.000000 0.000000 0.000000 0.000000 0.000000 0.000000 0.000000 0.000000 0.000000 0.000000 0.000000 0.000000 0.000000 0.000000 0.000000 0.000000 0.688525
2763 0.000000 0.058824 0.000000 0.000000 0.000000 0.000000 0.000000 0.235294 0.000000 0.000000 0.000000 0.000000 0.000000 0.000000 0.000000 0.000000 0.000000 0.000000 0.000000 0.000000 0.000000 0.000000 0.000000 0.000000 0.000000 0.000000 0.000000 0.000000 0.705882
2762 0.000000 0.058824 0.000000 0.000000 0.000000 0.000000 0.000000 0.235294 0.000000 0.000000 0.000000 0.000000 0.000000 0.000000 0.000000 0.000000 0.000000 0.000000 0.000000 0.000000 0.000000 0.000000 0.000000 0.000000 0.000000 0.000000 0.000000 0.000000 0.705882
2761 0.000000 0.058824 0.000000 0.000000 0.000000 0.000000 0.000000 0.235294 0.000000 0.000000 0.000000 0.000000 0.000000 0.000000 0.000000 0.000000 0.000000 0.000000 0.000000 0.000000 0.000000 0.000000 0.000000 0.000000 0.000000 0.000000 0.000000 0.000000 0.705882
2760 0.000000 0.065574 0.000000 0.000000 0.000000 0.000000 0.000000 0.245902 0.000000 0.000000 0.000000 0.000000 0.000000 0.000000 0.000000 0.000000 0.000000 0.000000 0.000000 0.000000 0.000000 0.000000 0.000000 0.000000 0.000000 0.000000 0.000000 0.000000 0.688525
2765 0.000000 0.250000 0.000000 0.000000 0.000000 0.000000 0.000000 0.375000 0.000000 0.000000 0.000000 0.000000 0.000000 0.000000 0.000000 0.000000 0.000000 0.000000 0.000000 0.000000 0.000000 0.000000 0.000000 0.000000 0.000000 0.000000 0.000000 0.000000 0.375000
2764 0.000000 0.082988 0.000000 0.000000 0.000000 0.000000 0.000000 0.269710 0.000000 0.000000 0.000000 0.000000 0.000000 0.000000 0.000000 0.000000 0.000000 0.000000 0.000000 0.000000 0.000000 0.000000 0.000000 0.000000 0.000000 0.000000 0.000000 0.000000 0.647303
2028 0.000000 0.036697 0.000000 0.000000 0.000000 0.000000 0.000000 0.192661 0.000000 0.000000 0.000000 0.000000 0.000000 0.000000 0.000000 0.000000 0.000000 0.000000 0.000000 0.000000 0.000000 0.000000 0.000000 0.000000 0.000000 0.000000 0.000000 0.000000 0.770642
2029 0.000000 0.036697 0.000000 0.000000 0.000000 0.000000 0.000000 0.192661 0.000000 0.000000 0.000000 0.000000 0.000000 0.000000 0.000000 0.000000 0.000000 0.000000 0.000000 0.000000 0.000000 0.000000 0.000000 0.000000 0.000000 0.000000 0.000000 0.000000 0.770642
2758 0.000000 0.065574 0.000000 0.000000 0.000000 0.000000 0.000000 0.245902 0.000000 0.000000 0.000000 0.000000 0.000000 0.000000 0.000000 0.000000 0.000000 0.000000 0.000000 0.000000 0.000000 0.000000 0.000000 0.000000 0.000000 0.000000 0.000000 0.000000 0.688525
2759 0.000000 0.065574 0.000000 0.000000 0.000000 0.000000 0.000000 0.245902 0.000000 0.000000 0.000000 0.000000 0.000000 0.000000 0.000000 0.000000 0.000000 0.000000 0.000000 0.000000 0.000000 0.000000 0.000000 0.000000 0.000000 0.000000 0.000000 0.000000 0.688525
857 0.005401 0.011811 0.005728 0.003063 0.000305 0.042248 0.025609 0.060205 0.001862 0.003176 0.000000 0.007062 0.034132 0.020396 0.000025 0.000469 0.026956 0.036608 0.015777 0.000004 0.003966 0.008707 0.156211 0.036998 0.000987 0.172696 0.002297 0.078258 0.239043
2024 0.000000 0.036697 0.000000 0.000000 0.000000 0.000000 0.000000 0.192661 0.000000 0.000000 0.000000 0.000000 0.000000 0.000000 0.000000 0.000000 0.000000 0.000000 0.000000 0.000000 0.000000 0.000000 0.000000 0.000000 0.000000 0.000000 0.000000 0.000000 0.770642
2025 0.000000 0.036697 0.000000 0.000000 0.000000 0.000000 0.000000 0.192661 0.000000 0.000000 0.000000 0.000000 0.000000 0.000000 0.000000 0.000000 0.000000 0.000000 0.000000 0.000000 0.000000 0.000000 0.000000 0.000000 0.000000 0.000000 0.000000 0.000000 0.770642
2026 0.000000 0.036697 0.000000 0.000000 0.000000 0.000000 0.000000 0.192661 0.000000 0.000000 0.000000 0.000000 0.000000 0.000000 0.000000 0.000000 0.000000 0.000000 0.000000 0.000000 0.000000 0.000000 0.000000 0.000000 0.000000 0.000000 0.000000 0.000000 0.770642
2027 0.000000 0.036697 0.000000 0.000000 0.000000 0.000000 0.000000 0.192661 0.000000 0.000000 0.000000 0.000000 0.000000 0.000000 0.000000 0.000000 0.000000 0.000000 0.000000 0.000000 0.000000 0.000000 0.000000 0.000000 0.000000 0.000000 0.000000 0.000000 0.770642
2698 0.000000 0.125000 0.000000 0.000000 0.000000 0.000000 0.000000 0.312500 0.000000 0.000000 0.000000 0.000000 0.000000 0.000000 0.000000 0.000000 0.000000 0.000000 0.000000 0.000000 0.000000 0.000000 0.000000 0.000000 0.000000 0.000000 0.000000 0.000000 0.562500
2697 0.000000 0.125000 0.000000 0.000000 0.000000 0.000000 0.000000 0.312500 0.000000 0.000000 0.000000 0.000000 0.000000 0.000000 0.000000 0.000000 0.000000 0.000000 0.000000 0.000000 0.000000 0.000000 0.000000 0.000000 0.000000 0.000000 0.000000 0.000000 0.562500
2696 0.017865 0.060065 0.003080 0.000000 0.000000 0.054520 0.058525 0.149546 0.000000 0.000000 0.000000 0.000000 0.003080 0.000000 0.000000 0.000000 0.000000 0.022794 0.006160 0.000000 0.000000 0.000000 0.069613 0.018481 0.000000 0.154012 0.000000 0.117049 0.265209
2695 0.000000 0.172414 0.000000 0.000000 0.000000 0.000000 0.000000 0.344828 0.000000 0.000000 0.000000 0.000000 0.000000 0.000000 0.000000 0.000000 0.000000 0.000000 0.000000 0.000000 0.000000 0.000000 0.000000 0.000000 0.000000 0.000000 0.000000 0.000000 0.482759
2691 0.000000 0.625000 0.000000 0.000000 0.000000 0.000000 0.000000 0.312500 0.000000 0.000000 0.000000 0.000000 0.000000 0.000000 0.000000 0.000000 0.000000 0.000000 0.000000 0.000000 0.000000 0.000000 0.000000 0.000000 0.000000 0.000000 0.000000 0.000000 0.062500
2690 0.000000 0.250000 0.000000 0.000000 0.000000 0.000000 0.000000 0.375000 0.000000 0.000000 0.000000 0.000000 0.000000 0.000000 0.000000 0.000000 0.000000 0.000000 0.000000 0.000000 0.000000 0.000000 0.000000 0.000000 0.000000 0.000000 0.000000 0.000000 0.375000
991 0.003661 0.004921 0.005123 0.004200 0.000169 0.043475 0.019031 0.026388 0.005346 0.005325 0.000000 0.008128 0.046298 0.047882 0.000022 0.001346 0.040086 0.122347 0.015183 0.000015 0.002361 0.014824 0.176460 0.045295 0.000723 0.190444 0.001714 0.063671 0.105563
2032 0.000000 0.036697 0.000000 0.000000 0.000000 0.000000 0.000000 0.192661 0.000000 0.000000 0.000000 0.000000 0.000000 0.000000 0.000000 0.000000 0.000000 0.000000 0.000000 0.000000 0.000000 0.000000 0.000000 0.000000 0.000000 0.000000 0.000000 0.000000 0.770642
2031 0.000000 0.036697 0.000000 0.000000 0.000000 0.000000 0.000000 0.192661 0.000000 0.000000 0.000000 0.000000 0.000000 0.000000 0.000000 0.000000 0.000000 0.000000 0.000000 0.000000 0.000000 0.000000 0.000000 0.000000 0.000000 0.000000 0.000000 0.000000 0.770642
2030 0.000000 0.036697 0.000000 0.000000 0.000000 0.000000 0.000000 0.192661 0.000000 0.000000 0.000000 0.000000 0.000000 0.000000 0.000000 0.000000 0.000000 0.000000 0.000000 0.000000 0.000000 0.000000 0.000000 0.000000 0.000000 0.000000 0.000000 0.000000 0.770642
2723 0.000000 0.082988 0.000000 0.000000 0.000000 0.000000 0.000000 0.269710 0.000000 0.000000 0.000000 0.000000 0.000000 0.000000 0.000000 0.000000 0.000000 0.000000 0.000000 0.000000 0.000000 0.000000 0.000000 0.000000 0.000000 0.000000 0.000000 0.000000 0.647303
2722 0.000000 0.082988 0.000000 0.000000 0.000000 0.000000 0.000000 0.269710 0.000000 0.000000 0.000000 0.000000 0.000000 0.000000 0.000000 0.000000 0.000000 0.000000 0.000000 0.000000 0.000000 0.000000 0.000000 0.000000 0.000000 0.000000 0.000000 0.000000 0.647303
2721 0.000000 0.082988 0.000000 0.000000 0.000000 0.000000 0.000000 0.269710 0.000000 0.000000 0.000000 0.000000 0.000000 0.000000 0.000000 0.000000 0.000000 0.000000 0.000000 0.000000 0.000000 0.000000 0.000000 0.000000 0.000000 0.000000 0.000000 0.000000 0.647303
2720 0.000000 0.082988 0.000000 0.000000 0.000000 0.000000 0.000000 0.269710 0.000000 0.000000 0.000000 0.000000 0.000000 0.000000 0.000000 0.000000 0.000000 0.000000 0.000000 0.000000 0.000000 0.000000 0.000000 0.000000 0.000000 0.000000 0.000000 0.000000 0.647303
