1846 0.000000 0.003196 0.000000 0.000000 0.000000 0.000000 0.000000 0.061531 0.000000 0.000000 0.000000 0.000000 0.000000 0.000000 0.000000 0.000000 0.000000 0.000000 0.000000 0.000000 0.000000 0.000000 0.000000 0.000000 0.000000 0.000000 0.000000 0.000000 0.935272
1845 0.000000 0.003196 0.000000 0.000000 0.000000 0.000000 0.000000 0.061531 0.000000 0.000000 0.000000 0.000000 0.000000 0.000000 0.000000 0.000000 0.000000 0.000000 0.000000 0.000000 0.000000 0.000000 0.000000 0.000000 0.000000 0.000000 0.000000 0.000000 0.935272
408 0.000195 0.008784 0.000002 0.000042 0.000000 0.000345 0.003985 0.096742 0.000000 0.000000 0.000000 0.000004 0.000000 0.000021 0.000000 0.000000 0.000166 0.000000 0.000002 0.000000 0.000000 0.000811 0.000216 0.000083 0.000000 0.006991 0.000000 0.052865 0.828744
439 0.000000 0.010246 0.000000 0.000000 0.000000 0.000000 0.000000 0.107582 0.000000 0.000000 0.000000 0.000000 0.000000 0.000000 0.000000 0.000000 0.000000 0.000000 0.000000 0.000000 0.000000 0.000000 0.000000 0.000000 0.000000 0.000000 0.000000 0.000000 0.882172
437 0.000000 0.010246 0.000000 0.000000 0.000000 0.000000 0.000000 0.107582 0.000000 0.000000 0.000000 0.000000 0.000000 0.000000 0.000000 0.000000 0.000000 0.000000 0.000000 0.000000 0.000000 0.000000 0.000000 0.000000 0.000000 0.000000 0.000000 0.000000 0.882172
434 0.000000 0.010246 0.000000 0.000000 0.000000 0.000000 0.000000 0.107582 0.000000 0.000000 0.000000 0.000000 0.000000 0.000000 0.000000 0.000000 0.000000 0.000000 0.000000 0.000000 0.000000 0.000000 0.000000 0.000000 0.000000 0.000000 0.000000 0.000000 0.882172
432 0.000000 0.010246 0.000000 0.000000 0.000000 0.000000 0.000000 0.107582 0.000000 0.000000 0.000000 0.000000 0.000000 0.000000 0.000000 0.000000 0.000000 0.000000 0.000000 0.000000 0.000000 0.000000 0.000000 0.000000 0.000000 0.000000 0.000000 0.000000 0.882172
433 0.000000 0.010246 0.000000 0.000000 0.000000 0.000000 0.000000 0.107582 0.000000 0.000000 0.000000 0.000000 0.000000 0.000000 0.000000 0.000000 0.000000 0.000000 0.000000 0.000000 0.000000 0.000000 0.000000 0.000000 0.000000 0.000000 0.000000 0.000000 0.882172
2615 0.000000 0.001651 0.000000 0.000000 0.000000 0.000000 0.000000 0.044569 0.000000 0.000000 0.000000 0.000000 0.000000 0.000000 0.000000 0.000000 0.000000 0.000000 0.000000 0.000000 0.000000 0.000000 0.000000 0.000000 0.000000 0.000000 0.000000 0.000000 0.953780
2614 0.000000 0.001651 0.000000 0.000000 0.000000 0.000000 0.000000 0.044569 0.000000 0.000000 0.000000 0.000000 0.000000 0.000000 0.000000 0.000000 0.000000 0.000000 0.000000 0.000000 0.000000 0.000000 0.000000 0.000000 0.000000 0.000000 0.000000 0.000000 0.953780
2613 0.000000 0.001651 0.000000 0.000000 0.000000 0.000000 0.000000 0.044569 0.000000 0.000000 0.000000 0.000000 0.000000 0.000000 0.000000 0.000000 0.000000 0.000000 0.000000 0.000000 0.000000 0.000000 0.000000 0.000000 0.000000 0.000000 0.000000 0.000000 0.953780
2612 0.000000 0.001651 0.000000 0.000000 0.000000 0.000000 0.000000 0.044569 0.000000 0.000000 0.000000 0.000000 0.000000 0.000000 0.000000 0.000000 0.000000 0.000000 0.000000 0.000000 0.000000 0.000000 0.000000 0.000000 0.000000 0.000000 0.000000 0.000000 0.953780
2611 0.000000 0.001651 0.000000 0.000000 0.000000 0.000000 0.000000 0.044569 0.000000 0.000000 0.000000 0.000000 0.000000 0.000000 0.000000 0.000000 0.000000 0.000000 0.000000 0.000000 0.000000 0.000000 0.000000 0.000000 0.000000 0.000000 0.000000 0.000000 0.953780
2610 0.000000 0.001651 0.000000 0.000000 0.000000 0.000000 0.000000 0.044569 0.000000 0.000000 0.000000 0.000000 0.000000 0.000000 0.000000 0.000000 0.000000 0.000000 0.000000 0.000000 0.000000 0.000000 0.000000 0.000000 0.000000 0.000000 0.000000 0.000000 0.953780
1908 0.000000 0.023337 0.000000 0.000000 0.000000 0.000000 0.000000 0.157526 0.000000 0.000000 0.000000 0.000000 0.000000 0.000000 0.000000 0.000000 0.000000 0.000000 0.000000 0.000000 0.000000 0.000000 0.000000 0.000000 0.000000 0.000000 0.000000 0.000000 0.819137
1909 0.000000 0.023337 0.000000 0.000000 0.000000 0.000000 0.000000 0.157526 0.000000 0.000000 0.000000 0.000000 0.000000 0.000000 0.000000 0.000000 0.000000 0.000000 0.000000 0.000000 0.000000 0.000000 0.000000 0.000000 0.000000 0.000000 0.000000 0.000000 0.819137
1906 0.000000 0.172414 0.000000 0.000000 0.000000 0.000000 0.000000 0.344828 0.000000 0.000000 0.000000 0.000000 0.000000 0.000000 0.000000 0.000000 0.000000 0.000000 0.000000 0.000000 0.000000 0.000000 0.000000 0.000000 0.000000 0.000000 0.000000 0.000000 0.482759
1907 0.000000 0.023337 0.000000 0.000000 0.000000 0.000000 0.000000 0.157526 0.000000 0.000000 0.000000 0.000000 0.000000 0.000000 0.000000 0.000000 0.000000 0.000000 0.000000 0.000000 0.000000 0.000000 0.000000 0.000000 0.000000 0.000000 0.000000 0.000000 0.819137
1905 0.000000 0.172414 0.000000 0.000000 0.000000 0.000000 0.000000 0.344828 0.000000 0.000000 0.000000 0.000000 0.000000 0.000000 0.000000 0.000000 0.000000 0.000000 0.000000 0.000000 0.000000 0.000000 0.000000 0.000000 0.000000 0.000000 0.000000 0.000000 0.482759
1903 0.000000 0.108108 0.000000 0.000000 0.000000 0.000000 0.000000 0.297297 0.000000 0.000000 0.000000 0.000000 0.000000 0.000000 0.000000 0.000000 0.000000 0.000000 0.000000 0.000000 0.000000 0.000000 0.000000 0.000000 0.000000 0.000000 0.000000 0.000000 0.594595
558 0.016480 0.036651 0.006236 0.000000 0.000064 0.063311 0.062166 0.097098 0.000000 0.000000 0.000000 0.000000 0.016480 0.000000 0.000000 0.000000 0.000000 0.050904 0.007636 0.000000 0.000445 0.000000 0.072792 0.044413 0.000000 0.206923 0.000509 0.140048 0.177844
854 0.003845 0.004470 0.004843 0.007768 0.000091 0.040093 0.021023 0.023671 0.004020 0.009938 0.004508 0.018624 0.030651 0.086409 0.000018 0.000697 0.066495 0.081338 0.016624 0.000010 0.001294 0.026351 0.141949 0.044030 0.000329 0.191104 0.001025 0.075406 0.093380
818 0.000000 0.005917 0.000000 0.000000 0.000000 0.000000 0.000000 0.082840 0.000000 0.000000 0.000000 0.000000 0.000000 0.000000 0.000000 0.000000 0.000000 0.000000 0.000000 0.000000 0.000000 0.000000 0.000000 0.000000 0.000000 0.000000 0.000000 0.000000 0.911243
819 0.000000 0.005917 0.000000 0.000000 0.000000 0.000000 0.000000 0.082840 0.000000 0.000000 0.000000 0.000000 0.000000 0.000000 0.000000 0.000000 0.000000 0.000000 0.000000 0.000000 0.000000 0.000000 0.000000 0.000000 0.000000 0.000000 0.000000 0.000000 0.911243
554 0.008784 0.007236 0.012042 0.014844 0.000416 0.055848 0.028457 0.020277 0.015593 0.017258 0.010854 0.024611 0.045687 0.104332 0.000466 0.001909 0.099387 0.069949 0.030055 0.000000 0.003124 0.025171 0.105902 0.058456 0.001415 0.137167 0.002752 0.059211 0.038795
2684 0.014783 0.038606 0.003960 0.000000 0.000000 0.067973 0.046327 0.109549 0.000000 0.000000 0.000000 0.000000 0.011879 0.000000 0.000000 0.000000 0.000000 0.055831 0.005939 0.000000 0.000000 0.000000 0.116941 0.023758 0.000000 0.190061 0.000000 0.087111 0.227282
2682 0.000000 0.094340 0.000000 0.000000 0.000000 0.000000 0.000000 0.283019 0.000000 0.000000 0.000000 0.000000 0.000000 0.000000 0.000000 0.000000 0.000000 0.000000 0.000000 0.000000 0.000000 0.000000 0.000000 0.000000 0.000000 0.000000 0.000000 0.000000 0.622642
2683 0.000000 0.094340 0.000000 0.000000 0.000000 0.000000 0.000000 0.283019 0.000000 0.000000 0.000000 0.000000 0.000000 0.000000 0.000000 0.000000 0.000000 0.000000 0.000000 0.000000 0.000000 0.000000 0.000000 0.000000 0.000000 0.000000 0.000000 0.000000 0.622642
1623 0.000294 0.000630 0.000927 0.000000 0.000001 0.016333 0.003020 0.012055 0.000000 0.000000 0.000000 0.000000 0.046408 0.000000 0.000000 0.000000 0.000000 0.225611 0.008309 0.000000 0.000083 0.000000 0.312787 0.017345 0.000015 0.153632 0.000023 0.021133 0.181396
1622 0.000000 0.001435 0.000000 0.000000 0.000000 0.000000 0.000000 0.041607 0.000000 0.000000 0.000000 0.000000 0.000000 0.000000 0.000000 0.000000 0.000000 0.000000 0.000000 0.000000 0.000000 0.000000 0.000000 0.000000 0.000000 0.000000 0.000000 0.000000 0.956958
1621 0.000151 0.000636 0.000568 0.000000 0.000001 0.010622 0.001115 0.017363 0.000000 0.000000 0.000000 0.000000 0.038633 0.000000 0.000000 0.000000 0.000000 0.154597 0.003461 0.000000 0.000124 0.000000 0.299874 0.007659 0.000007 0.072504 0.000016 0.005564 0.387106
1620 0.000165 0.000334 0.001586 0.001503 0.000011 0.010092 0.001343 0.008686 0.007820 0.013475 0.002173 0.014351 0.087733 0.122876 0.000029 0.000424 0.029247 0.128014 0.017810 0.000003 0.001161 0.005120 0.262485 0.015364 0.000142 0.070074 0.000150 0.008453 0.189376
1995 0.000000 0.023337 0.000000 0.000000 0.000000 0.000000 0.000000 0.157526 0.000000 0.000000 0.000000 0.000000 0.000000 0.000000 0.000000 0.000000 0.000000 0.000000 0.000000 0.000000 0.000000 0.000000 0.000000 0.000000 0.000000 0.000000 0.000000 0.000000 0.819137
1996 0.000000 0.023337 0.000000 0.000000 0.000000 0.000000 0.000000 0.157526 0.000000 0.000000 0.000000 0.000000 0.000000 0.000000 0.000000 0.000000 0.000000 0.000000 0.000000 0.000000 0.000000 0.000000 0.000000 0.000000 0.000000 0.000000 0.000000 0.000000 0.819137
1999 0.000000 0.023337 0.000000 0.000000 0.000000 0.000000 0.000000 0.157526 0.000000 0.000000 0.000000 0.000000 0.000000 0.000000 0.000000 0.000000 0.000000 0.000000 0.000000 0.000000 0.000000 0.000000 0.000000 0.000000 0.000000 0.000000 0.000000 0.000000 0.819137
1998 0.000000 0.023337 0.000000 0.000000 0.000000 0.000000 0.000000 0.157526 0.000000 0.000000 0.000000 0.000000 0.000000 0.000000 0.000000 0.000000 0.000000 0.000000 0.000000 0.000000 0.000000 0.000000 0.000000 0.000000 0.000000 0.000000 0.000000 0.000000 0.819137
815 0.000000 0.005917 0.000000 0.000000 0.000000 0.000000 0.000000 0.082840 0.000000 0.000000 0.000000 0.000000 0.000000 0.000000 0.000000 0.000000 0.000000 0.000000 0.000000 0.000000 0.000000 0.000000 0.000000 0.000000 0.000000 0.000000 0.000000 0.000000 0.911243
2609 0.000000 0.001651 0.000000 0.000000 0.000000 0.000000 0.000000 0.044569 0.000000 0.000000 0.000000 0.000000 0.000000 0.000000 0.000000 0.000000 0.000000 0.000000 0.000000 0.000000 0.000000 0.000000 0.000000 0.000000 0.000000 0.000000 0.000000 0.000000 0.953780
743 0.000284 0.000387 0.001148 0.001943 0.000003 0.014141 0.003037 0.007208 0.003401 0.009067 0.004800 0.019366 0.047386 0.107160 0.000001 0.000064 0.050910 0.171740 0.010824 0.000000 0.000236 0.010131 0.257399 0.017215 0.000032 0.129766 0.000049 0.025988 0.106313
559 0.016480 0.036651 0.006236 0.000000 0.000064 0.063311 0.062166 0.097098 0.000000 0.000000 0.000000 0.000000 0.016480 0.000000 0.000000 0.000000 0.000000 0.050904 0.007636 0.000000 0.000445 0.000000 0.072792 0.044413 0.000000 0.206923 0.000509 0.140048 0.177844
1569 0.000000 0.001435 0.000000 0.000000 0.000000 0.000000 0.000000 0.041607 0.000000 0.000000 0.000000 0.000000 0.000000 0.000000 0.000000 0.000000 0.000000 0.000000 0.000000 0.000000 0.000000 0.000000 0.000000 0.000000 0.000000 0.000000 0.000000 0.000000 0.956958
555 0.000000 0.145985 0.000000 0.000000 0.000000 0.000000 0.000000 0.328467 0.000000 0.000000 0.000000 0.000000 0.000000 0.000000 0.000000 0.000000 0.000000 0.000000 0.000000 0.000000 0.000000 0.000000 0.000000 0.000000 0.000000 0.000000 0.000000 0.000000 0.525547
2044 0.000121 0.000195 0.000756 0.001273 0.000001 0.010019 0.001156 0.005002 0.002703 0.008341 0.000083 0.024502 0.059108 0.143695 0.000002 0.000034 0.035119 0.207091 0.008436 0.000000 0.000199 0.004256 0.282964 0.008295 0.000015 0.086237 0.000014 0.008665 0.101719
