2454 0.000179 0.000414 0.000175 0.000000 0.000000 0.013073 0.002315 0.010522 0.000000 0.000000 0.000000 0.000000 0.012145 0.000000 0.000000 0.000000 0.000000 0.234082 0.000702 0.000000 0.000014 0.000000 0.323560 0.004580 0.000000 0.166332 0.000003 0.019331 0.212571
1342 0.000202 0.000799 0.000685 0.000000 0.000003 0.011069 0.002143 0.020151 0.000000 0.000000 0.000000 0.000000 0.033966 0.000000 0.000000 0.000000 0.000000 0.110664 0.006583 0.000000 0.000298 0.000000 0.265217 0.012210 0.000039 0.106263 0.000082 0.016568 0.413056
1343 0.000000 0.001712 0.000000 0.000000 0.000000 0.000000 0.000000 0.045377 0.000000 0.000000 0.000000 0.000000 0.000000 0.000000 0.000000 0.000000 0.000000 0.000000 0.000000 0.000000 0.000000 0.000000 0.000000 0.000000 0.000000 0.000000 0.000000 0.000000 0.952911
2451 0.000179 0.000414 0.000175 0.000000 0.000000 0.013073 0.002315 0.010522 0.000000 0.000000 0.000000 0.000000 0.012145 0.000000 0.000000 0.000000 0.000000 0.234082 0.000702 0.000000 0.000014 0.000000 0.323560 0.004580 0.000000 0.166332 0.000003 0.019331 0.212571
2450 0.000179 0.000414 0.000175 0.000000 0.000000 0.013073 0.002315 0.010522 0.000000 0.000000 0.000000 0.000000 0.012145 0.000000 0.000000 0.000000 0.000000 0.234082 0.000702 0.000000 0.000014 0.000000 0.323560 0.004580 0.000000 0.166332 0.000003 0.019331 0.212571
1346 0.000000 0.001712 0.000000 0.000000 0.000000 0.000000 0.000000 0.045377 0.000000 0.000000 0.000000 0.000000 0.000000 0.000000 0.000000 0.000000 0.000000 0.000000 0.000000 0.000000 0.000000 0.000000 0.000000 0.000000 0.000000 0.000000 0.000000 0.000000 0.952911
2452 0.000179 0.000414 0.000175 0.000000 0.000000 0.013073 0.002315 0.010522 0.000000 0.000000 0.000000 0.000000 0.012145 0.000000 0.000000 0.000000 0.000000 0.234082 0.000702 0.000000 0.000014 0.000000 0.323560 0.004580 0.000000 0.166332 0.000003 0.019331 0.212571
1876 0.000000 0.003196 0.000000 0.000000 0.000000 0.000000 0.000000 0.061531 0.000000 0.000000 0.000000 0.000000 0.000000 0.000000 0.000000 0.000000 0.000000 0.000000 0.000000 0.000000 0.000000 0.000000 0.000000 0.000000 0.000000 0.000000 0.000000 0.000000 0.935272
1877 0.000000 0.003196 0.000000 0.000000 0.000000 0.000000 0.000000 0.061531 0.000000 0.000000 0.000000 0.000000 0.000000 0.000000 0.000000 0.000000 0.000000 0.000000 0.000000 0.000000 0.000000 0.000000 0.000000 0.000000 0.000000 0.000000 0.000000 0.000000 0.935272
1874 0.000000 0.003196 0.000000 0.000000 0.000000 0.000000 0.000000 0.061531 0.000000 0.000000 0.000000 0.000000 0.000000 0.000000 0.000000 0.000000 0.000000 0.000000 0.000000 0.000000 0.000000 0.000000 0.000000 0.000000 0.000000 0.000000 0.000000 0.000000 0.935272
1875 0.000000 0.003196 0.000000 0.000000 0.000000 0.000000 0.000000 0.061531 0.000000 0.000000 0.000000 0.000000 0.000000 0.000000 0.000000 0.000000 0.000000 0.000000 0.000000 0.000000 0.000000 0.000000 0.000000 0.000000 0.000000 0.000000 0.000000 0.000000 0.935272
1872 0.000000 0.003196 0.000000 0.000000 0.000000 0.000000 0.000000 0.061531 0.000000 0.000000 0.000000 0.000000 0.000000 0.000000 0.000000 0.000000 0.000000 0.000000 0.000000 0.000000 0.000000 0.000000 0.000000 0.000000 0.000000 0.000000 0.000000 0.000000 0.935272
1873 0.000000 0.003196 0.000000 0.000000 0.000000 0.000000 0.000000 0.061531 0.000000 0.000000 0.000000 0.000000 0.000000 0.000000 0.000000 0.000000 0.000000 0.000000 0.000000 0.000000 0.000000 0.000000 0.000000 0.000000 0.000000 0.000000 0.000000 0.000000 0.935272
1870 0.000000 0.003196 0.000000 0.000000 0.000000 0.000000 0.000000 0.061531 0.000000 0.000000 0.000000 0.000000 0.000000 0.000000 0.000000 0.000000 0.000000 0.000000 0.000000 0.000000 0.000000 0.000000 0.000000 0.000000 0.000000 0.000000 0.000000 0.000000 0.935272
1871 0.000000 0.003196 0.000000 0.000000 0.000000 0.000000 0.000000 0.061531 0.000000 0.000000 0.000000 0.000000 0.000000 0.000000 0.000000 0.000000 0.000000 0.000000 0.000000 0.000000 0.000000 0.000000 0.000000 0.000000 0.000000 0.000000 0.000000 0.000000 0.935272
402 0.000195 0.008784 0.000002 0.000042 0.000000 0.000345 0.003985 0.096742 0.000000 0.000000 0.000000 0.000004 0.000000 0.000021 0.000000 0.000000 0.000166 0.000000 0.000002 0.000000 0.000000 0.000811 0.000216 0.000083 0.000000 0.006991 0.000000 0.052865 0.828744
413 0.000195 0.008784 0.000002 0.000042 0.000000 0.000345 0.003985 0.096742 0.000000 0.000000 0.000000 0.000004 0.000000 0.000021 0.000000 0.000000 0.000166 0.000000 0.000002 0.000000 0.000000 0.000811 0.000216 0.000083 0.000000 0.006991 0.000000 0.052865 0.828744
1878 0.000000 0.003196 0.000000 0.000000 0.000000 0.000000 0.000000 0.061531 0.000000 0.000000 0.000000 0.000000 0.000000 0.000000 0.000000 0.000000 0.000000 0.000000 0.000000 0.000000 0.000000 0.000000 0.000000 0.000000 0.000000 0.000000 0.000000 0.000000 0.935272
1879 0.000000 0.003196 0.000000 0.000000 0.000000 0.000000 0.000000 0.061531 0.000000 0.000000 0.000000 0.000000 0.000000 0.000000 0.000000 0.000000 0.000000 0.000000 0.000000 0.000000 0.000000 0.000000 0.000000 0.000000 0.000000 0.000000 0.000000 0.000000 0.935272
977 0.001145 0.000595 0.004229 0.012473 0.000061 0.019250 0.004401 0.003374 0.013435 0.050269 0.097133 0.035375 0.051440 0.273511 0.000038 0.002164 0.100077 0.074304 0.019571 0.000036 0.001190 0.024656 0.102631 0.023681 0.000413 0.057277 0.000501 0.012117 0.014651
656 0.000309 0.001241 0.001576 0.000125 0.000024 0.011250 0.003681 0.025912 0.000949 0.001327 0.000000 0.002167 0.049101 0.004370 0.000005 0.000055 0.002825 0.056006 0.021128 0.000000 0.001563 0.000319 0.211516 0.020322 0.000373 0.110379 0.000287 0.036647 0.436544
406 0.000195 0.008784 0.000002 0.000042 0.000000 0.000345 0.003985 0.096742 0.000000 0.000000 0.000000 0.000004 0.000000 0.000021 0.000000 0.000000 0.000166 0.000000 0.000002 0.000000 0.000000 0.000811 0.000216 0.000083 0.000000 0.006991 0.000000 0.052865 0.828744
2599 0.000000 0.001651 0.000000 0.000000 0.000000 0.000000 0.000000 0.044569 0.000000 0.000000 0.000000 0.000000 0.000000 0.000000 0.000000 0.000000 0.000000 0.000000 0.000000 0.000000 0.000000 0.000000 0.000000 0.000000 0.000000 0.000000 0.000000 0.000000 0.953780
596 0.000058 0.001526 0.000088 0.000003 0.000004 0.002597 0.000515 0.040311 0.000058 0.000002 0.000000 0.000070 0.003286 0.000087 0.000000 0.000001 0.000096 0.003541 0.000920 0.000000 0.000307 0.000005 0.074927 0.000571 0.000077 0.021073 0.000026 0.004132 0.845718
978 0.002419 0.016085 0.000000 0.000000 0.000000 0.018140 0.018140 0.106039 0.000000 0.000000 0.000000 0.000000 0.000000 0.000000 0.000000 0.000000 0.000000 0.015722 0.000000 0.000000 0.000000 0.000000 0.063693 0.000000 0.000000 0.136053 0.000000 0.084655 0.539052
652 0.000076 0.000073 0.000945 0.003467 0.000003 0.005133 0.000499 0.002078 0.006898 0.044523 0.140567 0.027614 0.059159 0.319535 0.000009 0.000354 0.050658 0.077411 0.010796 0.000002 0.000314 0.009177 0.149102 0.008386 0.000029 0.028592 0.000038 0.002990 0.051569
603 0.002690 0.002854 0.008145 0.005382 0.000218 0.033666 0.015355 0.016600 0.011137 0.020281 0.002630 0.023126 0.073708 0.075221 0.000232 0.002432 0.062718 0.083090 0.044578 0.000065 0.003581 0.014916 0.151135 0.061196 0.001447 0.147153 0.001922 0.062340 0.072181
658 0.000300 0.000403 0.003584 0.003177 0.000037 0.010542 0.002190 0.007765 0.017095 0.056609 0.032440 0.034875 0.118531 0.128616 0.000124 0.001279 0.048288 0.065150 0.047250 0.000016 0.002756 0.007845 0.182018 0.025612 0.000461 0.060287 0.000409 0.015082 0.127261
650 0.000105 0.000189 0.001132 0.002580 0.000003 0.006969 0.000782 0.005850 0.005712 0.027534 0.044758 0.012953 0.077023 0.226537 0.000009 0.000251 0.037209 0.095610 0.013753 0.000002 0.000325 0.008422 0.222465 0.010776 0.000033 0.040763 0.000049 0.005595 0.152611
