2754 0.000000 0.065574 0.000000 0.000000 0.000000 0.000000 0.000000 0.245902 0.000000 0.000000 0.000000 0.000000 0.000000 0.000000 0.000000 0.000000 0.000000 0.000000 0.000000 0.000000 0.000000 0.000000 0.000000 0.000000 0.000000 0.000000 0.000000 0.000000 0.688525
424 0.000000 0.036697 0.000000 0.000000 0.000000 0.000000 0.000000 0.192661 0.000000 0.000000 0.000000 0.000000 0.000000 0.000000 0.000000 0.000000 0.000000 0.000000 0.000000 0.000000 0.000000 0.000000 0.000000 0.000000 0.000000 0.000000 0.000000 0.000000 0.770642
427 0.000000 0.036697 0.000000 0.000000 0.000000 0.000000 0.000000 0.192661 0.000000 0.000000 0.000000 0.000000 0.000000 0.000000 0.000000 0.000000 0.000000 0.000000 0.000000 0.000000 0.000000 0.000000 0.000000 0.000000 0.000000 0.000000 0.000000 0.000000 0.770642
426 0.000000 0.036697 0.000000 0.000000 0.000000 0.000000 0.000000 0.192661 0.000000 0.000000 0.000000 0.000000 0.000000 0.000000 0.000000 0.000000 0.000000 0.000000 0.000000 0.000000 0.000000 0.000000 0.000000 0.000000 0.000000 0.000000 0.000000 0.000000 0.770642
425 0.000000 0.036697 0.000000 0.000000 0.000000 0.000000 0.000000 0.192661 0.000000 0.000000 0.000000 0.000000 0.000000 0.000000 0.000000 0.000000 0.000000 0.000000 0.000000 0.000000 0.000000 0.000000 0.000000 0.000000 0.000000 0.000000 0.000000 0.000000 0.770642
396 0.000000 0.145985 0.000000 0.000000 0.000000 0.000000 0.000000 0.328467 0.000000 0.000000 0.000000 0.000000 0.000000 0.000000 0.000000 0.000000 0.000000 0.000000 0.000000 0.000000 0.000000 0.000000 0.000000 0.000000 0.000000 0.000000 0.000000 0.000000 0.525547
397 0.000000 0.145985 0.000000 0.000000 0.000000 0.000000 0.000000 0.328467 0.000000 0.000000 0.000000 0.000000 0.000000 0.000000 0.000000 0.000000 0.000000 0.000000 0.000000 0.000000 0.000000 0.000000 0.000000 0.000000 0.000000 0.000000 0.000000 0.000000 0.525547
525 0.000000 0.206186 0.000000 0.000000 0.000000 0.000000 0.000000 0.360825 0.000000 0.000000 0.000000 0.000000 0.000000 0.000000 0.000000 0.000000 0.000000 0.000000 0.000000 0.000000 0.000000 0.000000 0.000000 0.000000 0.000000 0.000000 0.000000 0.000000 0.432990
527 0.000000 0.206186 0.000000 0.000000 0.000000 0.000000 0.000000 0.360825 0.000000 0.000000 0.000000 0.000000 0.000000 0.000000 0.000000 0.000000 0.000000 0.000000 0.000000 0.000000 0.000000 0.000000 0.000000 0.000000 0.000000 0.000000 0.000000 0.000000 0.432990
521 0.000000 0.384615 0.000000 0.000000 0.000000 0.000000 0.000000 0.384615 0.000000 0.000000 0.000000 0.000000 0.000000 0.000000 0.000000 0.000000 0.000000 0.000000 0.000000 0.000000 0.000000 0.000000 0.000000 0.000000 0.000000 0.000000 0.000000 0.000000 0.230769
430 0.000000 0.384615 0.000000 0.000000 0.000000 0.000000 0.000000 0.384615 0.000000 0.000000 0.000000 0.000000 0.000000 0.000000 0.000000 0.000000 0.000000 0.000000 0.000000 0.000000 0.000000 0.000000 0.000000 0.000000 0.000000 0.000000 0.000000 0.000000 0.230769
526 0.000000 0.206186 0.000000 0.000000 0.000000 0.000000 0.000000 0.360825 0.000000 0.000000 0.000000 0.000000 0.000000 0.000000 0.000000 0.000000 0.000000 0.000000 0.000000 0.000000 0.000000 0.000000 0.000000 0.000000 0.000000 0.000000 0.000000 0.000000 0.432990
528 0.000000 0.206186 0.000000 0.000000 0.000000 0.000000 0.000000 0.360825 0.000000 0.000000 0.000000 0.000000 0.000000 0.000000 0.000000 0.000000 0.000000 0.000000 0.000000 0.000000 0.000000 0.000000 0.000000 0.000000 0.000000 0.000000 0.000000 0.000000 0.432990
529 0.000000 0.206186 0.000000 0.000000 0.000000 0.000000 0.000000 0.360825 0.000000 0.000000 0.000000 0.000000 0.000000 0.000000 0.000000 0.000000 0.000000 0.000000 0.000000 0.000000 0.000000 0.000000 0.000000 0.000000 0.000000 0.000000 0.000000 0.000000 0.432990
533 0.000000 0.487805 0.000000 0.000000 0.000000 0.000000 0.000000 0.365854 0.000000 0.000000 0.000000 0.000000 0.000000 0.000000 0.000000 0.000000 0.000000 0.000000 0.000000 0.000000 0.000000 0.000000 0.000000 0.000000 0.000000 0.000000 0.000000 0.000000 0.146341
532 0.000000 0.487805 0.000000 0.000000 0.000000 0.000000 0.000000 0.365854 0.000000 0.000000 0.000000 0.000000 0.000000 0.000000 0.000000 0.000000 0.000000 0.000000 0.000000 0.000000 0.000000 0.000000 0.000000 0.000000 0.000000 0.000000 0.000000 0.000000 0.146341
531 0.000000 0.206186 0.000000 0.000000 0.000000 0.000000 0.000000 0.360825 0.000000 0.000000 0.000000 0.000000 0.000000 0.000000 0.000000 0.000000 0.000000 0.000000 0.000000 0.000000 0.000000 0.000000 0.000000 0.000000 0.000000 0.000000 0.000000 0.000000 0.432990
429 0.000000 0.384615 0.000000 0.000000 0.000000 0.000000 0.000000 0.384615 0.000000 0.000000 0.000000 0.000000 0.000000 0.000000 0.000000 0.000000 0.000000 0.000000 0.000000 0.000000 0.000000 0.000000 0.000000 0.000000 0.000000 0.000000 0.000000 0.000000 0.230769
989 0.000000 0.033784 0.000000 0.000000 0.000000 0.000000 0.000000 0.185811 0.000000 0.000000 0.000000 0.000000 0.000000 0.000000 0.000000 0.000000 0.000000 0.000000 0.000000 0.000000 0.000000 0.000000 0.000000 0.000000 0.000000 0.000000 0.000000 0.000000 0.780405
997 0.000000 0.033784 0.000000 0.000000 0.000000 0.000000 0.000000 0.185811 0.000000 0.000000 0.000000 0.000000 0.000000 0.000000 0.000000 0.000000 0.000000 0.000000 0.000000 0.000000 0.000000 0.000000 0.000000 0.000000 0.000000 0.000000 0.000000 0.000000 0.780405
996 0.000000 0.033784 0.000000 0.000000 0.000000 0.000000 0.000000 0.185811 0.000000 0.000000 0.000000 0.000000 0.000000 0.000000 0.000000 0.000000 0.000000 0.000000 0.000000 0.000000 0.000000 0.000000 0.000000 0.000000 0.000000 0.000000 0.000000 0.000000 0.780405
990 0.000000 0.033784 0.000000 0.000000 0.000000 0.000000 0.000000 0.185811 0.000000 0.000000 0.000000 0.000000 0.000000 0.000000 0.000000 0.000000 0.000000 0.000000 0.000000 0.000000 0.000000 0.000000 0.000000 0.000000 0.000000 0.000000 0.000000 0.000000 0.780405
895 0.000000 0.172414 0.000000 0.000000 0.000000 0.000000 0.000000 0.344828 0.000000 0.000000 0.000000 0.000000 0.000000 0.000000 0.000000 0.000000 0.000000 0.000000 0.000000 0.000000 0.000000 0.000000 0.000000 0.000000 0.000000 0.000000 0.000000 0.000000 0.482759
970 0.000000 0.082988 0.000000 0.000000 0.000000 0.000000 0.000000 0.269710 0.000000 0.000000 0.000000 0.000000 0.000000 0.000000 0.000000 0.000000 0.000000 0.000000 0.000000 0.000000 0.000000 0.000000 0.000000 0.000000 0.000000 0.000000 0.000000 0.000000 0.647303
974 0.000000 0.082988 0.000000 0.000000 0.000000 0.000000 0.000000 0.269710 0.000000 0.000000 0.000000 0.000000 0.000000 0.000000 0.000000 0.000000 0.000000 0.000000 0.000000 0.000000 0.000000 0.000000 0.000000 0.000000 0.000000 0.000000 0.000000 0.000000 0.647303
971 0.000000 0.082988 0.000000 0.000000 0.000000 0.000000 0.000000 0.269710 0.000000 0.000000 0.000000 0.000000 0.000000 0.000000 0.000000 0.000000 0.000000 0.000000 0.000000 0.000000 0.000000 0.000000 0.000000 0.000000 0.000000 0.000000 0.000000 0.000000 0.647303
973 0.000000 0.082988 0.000000 0.000000 0.000000 0.000000 0.000000 0.269710 0.000000 0.000000 0.000000 0.000000 0.000000 0.000000 0.000000 0.000000 0.000000 0.000000 0.000000 0.000000 0.000000 0.000000 0.000000 0.000000 0.000000 0.000000 0.000000 0.000000 0.647303
1960 0.000000 0.108108 0.000000 0.000000 0.000000 0.000000 0.000000 0.297297 0.000000 0.000000 0.000000 0.000000 0.000000 0.000000 0.000000 0.000000 0.000000 0.000000 0.000000 0.000000 0.000000 0.000000 0.000000 0.000000 0.000000 0.000000 0.000000 0.000000 0.594595
925 0.003419 0.009771 0.005467 0.000000 0.000020 0.039166 0.015162 0.060064 0.000000 0.000000 0.000000 0.000000 0.051419 0.000000 0.000000 0.000000 0.000000 0.076274 0.024095 0.000000 0.000423 0.000000 0.205554 0.034003 0.000040 0.132710 0.000181 0.052408 0.289821
962 0.009427 0.009752 0.010150 0.013192 0.000000 0.061473 0.029946 0.028785 0.005014 0.016307 0.004251 0.009411 0.047965 0.095986 0.000000 0.000000 0.056467 0.091159 0.027731 0.000000 0.000000 0.029532 0.129802 0.047640 0.000000 0.156372 0.000000 0.059988 0.059648
1957 0.000000 0.108108 0.000000 0.000000 0.000000 0.000000 0.000000 0.297297 0.000000 0.000000 0.000000 0.000000 0.000000 0.000000 0.000000 0.000000 0.000000 0.000000 0.000000 0.000000 0.000000 0.000000 0.000000 0.000000 0.000000 0.000000 0.000000 0.000000 0.594595
1956 0.000000 0.108108 0.000000 0.000000 0.000000 0.000000 0.000000 0.297297 0.000000 0.000000 0.000000 0.000000 0.000000 0.000000 0.000000 0.000000 0.000000 0.000000 0.000000 0.000000 0.000000 0.000000 0.000000 0.000000 0.000000 0.000000 0.000000 0.000000 0.594595
1959 0.000000 0.108108 0.000000 0.000000 0.000000 0.000000 0.000000 0.297297 0.000000 0.000000 0.000000 0.000000 0.000000 0.000000 0.000000 0.000000 0.000000 0.000000 0.000000 0.000000 0.000000 0.000000 0.000000 0.000000 0.000000 0.000000 0.000000 0.000000 0.594595
1958 0.000000 0.108108 0.000000 0.000000 0.000000 0.000000 0.000000 0.297297 0.000000 0.000000 0.000000 0.000000 0.000000 0.000000 0.000000 0.000000 0.000000 0.000000 0.000000 0.000000 0.000000 0.000000 0.000000 0.000000 0.000000 0.000000 0.000000 0.000000 0.594595
640 0.004358 0.010427 0.003207 0.003498 0.000340 0.033107 0.027486 0.060704 0.001897 0.002628 0.000857 0.004865 0.013338 0.023399 0.000000 0.000744 0.032410 0.021687 0.011348 0.000062 0.002777 0.012748 0.125508 0.029553 0.001642 0.179638 0.003459 0.116839 0.271475
653 0.003041 0.017988 0.000503 0.000000 0.000000 0.017786 0.024281 0.108550 0.000000 0.000000 0.000000 0.000000 0.001493 0.000000 0.000000 0.000000 0.000000 0.012685 0.001508 0.000000 0.000000 0.000000 0.048632 0.007570 0.000000 0.132723 0.000000 0.124502 0.498738
729 0.000000 0.048077 0.000000 0.000000 0.000000 0.000000 0.000000 0.216346 0.000000 0.000000 0.000000 0.000000 0.000000 0.000000 0.000000 0.000000 0.000000 0.000000 0.000000 0.000000 0.000000 0.000000 0.000000 0.000000 0.000000 0.000000 0.000000 0.000000 0.735577
730 0.000000 0.048077 0.000000 0.000000 0.000000 0.000000 0.000000 0.216346 0.000000 0.000000 0.000000 0.000000 0.000000 0.000000 0.000000 0.000000 0.000000 0.000000 0.000000 0.000000 0.000000 0.000000 0.000000 0.000000 0.000000 0.000000 0.000000 0.000000 0.735577
733 0.006582 0.012414 0.008634 0.000000 0.000000 0.067947 0.015565 0.047664 0.000000 0.000000 0.000000 0.000000 0.078755 0.000000 0.000000 0.000000 0.000000 0.163737 0.020768 0.000000 0.000000 0.000000 0.249786 0.034083 0.000000 0.131289 0.000000 0.022912 0.139863
722 0.003674 0.011349 0.002054 0.001264 0.000144 0.023411 0.032665 0.070516 0.000664 0.000560 0.000000 0.000681 0.007906 0.005839 0.000035 0.000194 0.009390 0.023918 0.006399 0.000039 0.000787 0.009275 0.057391 0.031760 0.000514 0.183633 0.002466 0.186565 0.326906
723 0.003674 0.011349 0.002054 0.001264 0.000144 0.023411 0.032665 0.070516 0.000664 0.000560 0.000000 0.000681 0.007906 0.005839 0.000035 0.000194 0.009390 0.023918 0.006399 0.000039 0.000787 0.009275 0.057391 0.031760 0.000514 0.183633 0.002466 0.186565 0.326906
727 0.000000 0.048077 0.000000 0.000000 0.000000 0.000000 0.000000 0.216346 0.000000 0.000000 0.000000 0.000000 0.000000 0.000000 0.000000 0.000000 0.000000 0.000000 0.000000 0.000000 0.000000 0.000000 0.000000 0.000000 0.000000 0.000000 0.000000 0.000000 0.735577
780 0.000000 0.006345 0.000000 0.000000 0.000000 0.000000 0.000000 0.085660 0.000000 0.000000 0.000000 0.000000 0.000000 0.000000 0.000000 0.000000 0.000000 0.000000 0.000000 0.000000 0.000000 0.000000 0.000000 0.000000 0.000000 0.000000 0.000000 0.000000 0.907995
