1283 0.000000 0.006126 0.000000 0.000000 0.000000 0.000000 0.000000 0.084227 0.000000 0.000000 0.000000 0.000000 0.000000 0.000000 0.000000 0.000000 0.000000 0.000000 0.000000 0.000000 0.000000 0.000000 0.000000 0.000000 0.000000 0.000000 0.000000 0.000000 0.909648
1282 0.000000 0.006126 0.000000 0.000000 0.000000 0.000000 0.000000 0.084227 0.000000 0.000000 0.000000 0.000000 0.000000 0.000000 0.000000 0.000000 0.000000 0.000000 0.000000 0.000000 0.000000 0.000000 0.000000 0.000000 0.000000 0.000000 0.000000 0.000000 0.909648
1289 0.000000 0.006126 0.000000 0.000000 0.000000 0.000000 0.000000 0.084227 0.000000 0.000000 0.000000 0.000000 0.000000 0.000000 0.000000 0.000000 0.000000 0.000000 0.000000 0.000000 0.000000 0.000000 0.000000 0.000000 0.000000 0.000000 0.000000 0.000000 0.909648
1288 0.000000 0.006126 0.000000 0.000000 0.000000 0.000000 0.000000 0.084227 0.000000 0.000000 0.000000 0.000000 0.000000 0.000000 0.000000 0.000000 0.000000 0.000000 0.000000 0.000000 0.000000 0.000000 0.000000 0.000000 0.000000 0.000000 0.000000 0.000000 0.909648
522 0.000044 0.000869 0.000044 0.000000 0.000000 0.002452 0.000681 0.030030 0.000000 0.000000 0.000000 0.000000 0.002312 0.000000 0.000000 0.000000 0.000000 0.005328 0.000340 0.000000 0.000016 0.000000 0.085145 0.001088 0.000001 0.036997 0.000004 0.007403 0.827248
1843 0.000000 0.005719 0.000000 0.000000 0.000000 0.000000 0.000000 0.081498 0.000000 0.000000 0.000000 0.000000 0.000000 0.000000 0.000000 0.000000 0.000000 0.000000 0.000000 0.000000 0.000000 0.000000 0.000000 0.000000 0.000000 0.000000 0.000000 0.000000 0.912782
1842 0.000000 0.005719 0.000000 0.000000 0.000000 0.000000 0.000000 0.081498 0.000000 0.000000 0.000000 0.000000 0.000000 0.000000 0.000000 0.000000 0.000000 0.000000 0.000000 0.000000 0.000000 0.000000 0.000000 0.000000 0.000000 0.000000 0.000000 0.000000 0.912782
1841 0.000000 0.005719 0.000000 0.000000 0.000000 0.000000 0.000000 0.081498 0.000000 0.000000 0.000000 0.000000 0.000000 0.000000 0.000000 0.000000 0.000000 0.000000 0.000000 0.000000 0.000000 0.000000 0.000000 0.000000 0.000000 0.000000 0.000000 0.000000 0.912782
1840 0.000000 0.005719 0.000000 0.000000 0.000000 0.000000 0.000000 0.081498 0.000000 0.000000 0.000000 0.000000 0.000000 0.000000 0.000000 0.000000 0.000000 0.000000 0.000000 0.000000 0.000000 0.000000 0.000000 0.000000 0.000000 0.000000 0.000000 0.000000 0.912782
1844 0.000000 0.005719 0.000000 0.000000 0.000000 0.000000 0.000000 0.081498 0.000000 0.000000 0.000000 0.000000 0.000000 0.000000 0.000000 0.000000 0.000000 0.000000 0.000000 0.000000 0.000000 0.000000 0.000000 0.000000 0.000000 0.000000 0.000000 0.000000 0.912782
498 0.001535 0.042149 0.000000 0.000000 0.000000 0.001535 0.013045 0.193293 0.000000 0.000000 0.000000 0.000000 0.000000 0.000000 0.000000 0.000000 0.000000 0.000000 0.000000 0.000000 0.000000 0.000000 0.000512 0.000000 0.000000 0.013045 0.000000 0.069575 0.665312
499 0.001535 0.042149 0.000000 0.000000 0.000000 0.001535 0.013045 0.193293 0.000000 0.000000 0.000000 0.000000 0.000000 0.000000 0.000000 0.000000 0.000000 0.000000 0.000000 0.000000 0.000000 0.000000 0.000512 0.000000 0.000000 0.013045 0.000000 0.069575 0.665312
496 0.001535 0.042149 0.000000 0.000000 0.000000 0.001535 0.013045 0.193293 0.000000 0.000000 0.000000 0.000000 0.000000 0.000000 0.000000 0.000000 0.000000 0.000000 0.000000 0.000000 0.000000 0.000000 0.000512 0.000000 0.000000 0.013045 0.000000 0.069575 0.665312
497 0.001535 0.042149 0.000000 0.000000 0.000000 0.001535 0.013045 0.193293 0.000000 0.000000 0.000000 0.000000 0.000000 0.000000 0.000000 0.000000 0.000000 0.000000 0.000000 0.000000 0.000000 0.000000 0.000512 0.000000 0.000000 0.013045 0.000000 0.069575 0.665312
1832 0.000000 0.005719 0.000000 0.000000 0.000000 0.000000 0.000000 0.081498 0.000000 0.000000 0.000000 0.000000 0.000000 0.000000 0.000000 0.000000 0.000000 0.000000 0.000000 0.000000 0.000000 0.000000 0.000000 0.000000 0.000000 0.000000 0.000000 0.000000 0.912782
1833 0.000000 0.005719 0.000000 0.000000 0.000000 0.000000 0.000000 0.081498 0.000000 0.000000 0.000000 0.000000 0.000000 0.000000 0.000000 0.000000 0.000000 0.000000 0.000000 0.000000 0.000000 0.000000 0.000000 0.000000 0.000000 0.000000 0.000000 0.000000 0.912782
1830 0.000000 0.005719 0.000000 0.000000 0.000000 0.000000 0.000000 0.081498 0.000000 0.000000 0.000000 0.000000 0.000000 0.000000 0.000000 0.000000 0.000000 0.000000 0.000000 0.000000 0.000000 0.000000 0.000000 0.000000 0.000000 0.000000 0.000000 0.000000 0.912782
1831 0.000000 0.005719 0.000000 0.000000 0.000000 0.000000 0.000000 0.081498 0.000000 0.000000 0.000000 0.000000 0.000000 0.000000 0.000000 0.000000 0.000000 0.000000 0.000000 0.000000 0.000000 0.000000 0.000000 0.000000 0.000000 0.000000 0.000000 0.000000 0.912782
1836 0.000000 0.005719 0.000000 0.000000 0.000000 0.000000 0.000000 0.081498 0.000000 0.000000 0.000000 0.000000 0.000000 0.000000 0.000000 0.000000 0.000000 0.000000 0.000000 0.000000 0.000000 0.000000 0.000000 0.000000 0.000000 0.000000 0.000000 0.000000 0.912782
1837 0.000000 0.005719 0.000000 0.000000 0.000000 0.000000 0.000000 0.081498 0.000000 0.000000 0.000000 0.000000 0.000000 0.000000 0.000000 0.000000 0.000000 0.000000 0.000000 0.000000 0.000000 0.000000 0.000000 0.000000 0.000000 0.000000 0.000000 0.000000 0.912782
1834 0.000000 0.005719 0.000000 0.000000 0.000000 0.000000 0.000000 0.081498 0.000000 0.000000 0.000000 0.000000 0.000000 0.000000 0.000000 0.000000 0.000000 0.000000 0.000000 0.000000 0.000000 0.000000 0.000000 0.000000 0.000000 0.000000 0.000000 0.000000 0.912782
1835 0.000000 0.005719 0.000000 0.000000 0.000000 0.000000 0.000000 0.081498 0.000000 0.000000 0.000000 0.000000 0.000000 0.000000 0.000000 0.000000 0.000000 0.000000 0.000000 0.000000 0.000000 0.000000 0.000000 0.000000 0.000000 0.000000 0.000000 0.000000 0.912782
1838 0.000000 0.005719 0.000000 0.000000 0.000000 0.000000 0.000000 0.081498 0.000000 0.000000 0.000000 0.000000 0.000000 0.000000 0.000000 0.000000 0.000000 0.000000 0.000000 0.000000 0.000000 0.000000 0.000000 0.000000 0.000000 0.000000 0.000000 0.000000 0.912782
1839 0.000000 0.005719 0.000000 0.000000 0.000000 0.000000 0.000000 0.081498 0.000000 0.000000 0.000000 0.000000 0.000000 0.000000 0.000000 0.000000 0.000000 0.000000 0.000000 0.000000 0.000000 0.000000 0.000000 0.000000 0.000000 0.000000 0.000000 0.000000 0.912782
393 0.000699 0.001324 0.002126 0.000826 0.000012 0.022281 0.005562 0.017239 0.000628 0.002915 0.000000 0.005915 0.058919 0.027222 0.000003 0.000042 0.012668 0.160158 0.014323 0.000000 0.000627 0.002559 0.267952 0.028378 0.000107 0.157972 0.000220 0.030333 0.178988
1829 0.000000 0.005719 0.000000 0.000000 0.000000 0.000000 0.000000 0.081498 0.000000 0.000000 0.000000 0.000000 0.000000 0.000000 0.000000 0.000000 0.000000 0.000000 0.000000 0.000000 0.000000 0.000000 0.000000 0.000000 0.000000 0.000000 0.000000 0.000000 0.912782
1828 0.000000 0.005719 0.000000 0.000000 0.000000 0.000000 0.000000 0.081498 0.000000 0.000000 0.000000 0.000000 0.000000 0.000000 0.000000 0.000000 0.000000 0.000000 0.000000 0.000000 0.000000 0.000000 0.000000 0.000000 0.000000 0.000000 0.000000 0.000000 0.912782
1825 0.000000 0.005719 0.000000 0.000000 0.000000 0.000000 0.000000 0.081498 0.000000 0.000000 0.000000 0.000000 0.000000 0.000000 0.000000 0.000000 0.000000 0.000000 0.000000 0.000000 0.000000 0.000000 0.000000 0.000000 0.000000 0.000000 0.000000 0.000000 0.912782
1824 0.000000 0.005719 0.000000 0.000000 0.000000 0.000000 0.000000 0.081498 0.000000 0.000000 0.000000 0.000000 0.000000 0.000000 0.000000 0.000000 0.000000 0.000000 0.000000 0.000000 0.000000 0.000000 0.000000 0.000000 0.000000 0.000000 0.000000 0.000000 0.912782
1827 0.000000 0.005719 0.000000 0.000000 0.000000 0.000000 0.000000 0.081498 0.000000 0.000000 0.000000 0.000000 0.000000 0.000000 0.000000 0.000000 0.000000 0.000000 0.000000 0.000000 0.000000 0.000000 0.000000 0.000000 0.000000 0.000000 0.000000 0.000000 0.912782
1826 0.000000 0.005719 0.000000 0.000000 0.000000 0.000000 0.000000 0.081498 0.000000 0.000000 0.000000 0.000000 0.000000 0.000000 0.000000 0.000000 0.000000 0.000000 0.000000 0.000000 0.000000 0.000000 0.000000 0.000000 0.000000 0.000000 0.000000 0.000000 0.912782
1821 0.000000 0.005719 0.000000 0.000000 0.000000 0.000000 0.000000 0.081498 0.000000 0.000000 0.000000 0.000000 0.000000 0.000000 0.000000 0.000000 0.000000 0.000000 0.000000 0.000000 0.000000 0.000000 0.000000 0.000000 0.000000 0.000000 0.000000 0.000000 0.912782
1820 0.000000 0.005719 0.000000 0.000000 0.000000 0.000000 0.000000 0.081498 0.000000 0.000000 0.000000 0.000000 0.000000 0.000000 0.000000 0.000000 0.000000 0.000000 0.000000 0.000000 0.000000 0.000000 0.000000 0.000000 0.000000 0.000000 0.000000 0.000000 0.912782
1823 0.000000 0.005719 0.000000 0.000000 0.000000 0.000000 0.000000 0.081498 0.000000 0.000000 0.000000 0.000000 0.000000 0.000000 0.000000 0.000000 0.000000 0.000000 0.000000 0.000000 0.000000 0.000000 0.000000 0.000000 0.000000 0.000000 0.000000 0.000000 0.912782
1822 0.000000 0.005719 0.000000 0.000000 0.000000 0.000000 0.000000 0.081498 0.000000 0.000000 0.000000 0.000000 0.000000 0.000000 0.000000 0.000000 0.000000 0.000000 0.000000 0.000000 0.000000 0.000000 0.000000 0.000000 0.000000 0.000000 0.000000 0.000000 0.912782
1728 0.000659 0.002996 0.001511 0.000000 0.000010 0.017963 0.003904 0.041130 0.000000 0.000000 0.000000 0.000000 0.037858 0.000000 0.000000 0.000000 0.000000 0.071469 0.007770 0.000000 0.000465 0.000000 0.235798 0.013550 0.000057 0.095185 0.000114 0.015837 0.453725
571 0.000000 0.172414 0.000000 0.000000 0.000000 0.000000 0.000000 0.344828 0.000000 0.000000 0.000000 0.000000 0.000000 0.000000 0.000000 0.000000 0.000000 0.000000 0.000000 0.000000 0.000000 0.000000 0.000000 0.000000 0.000000 0.000000 0.000000 0.000000 0.482759
502 0.000000 0.058824 0.000000 0.000000 0.000000 0.000000 0.000000 0.235294 0.000000 0.000000 0.000000 0.000000 0.000000 0.000000 0.000000 0.000000 0.000000 0.000000 0.000000 0.000000 0.000000 0.000000 0.000000 0.000000 0.000000 0.000000 0.000000 0.000000 0.705882
500 0.001535 0.042149 0.000000 0.000000 0.000000 0.001535 0.013045 0.193293 0.000000 0.000000 0.000000 0.000000 0.000000 0.000000 0.000000 0.000000 0.000000 0.000000 0.000000 0.000000 0.000000 0.000000 0.000512 0.000000 0.000000 0.013045 0.000000 0.069575 0.665312
1814 0.000000 0.005719 0.000000 0.000000 0.000000 0.000000 0.000000 0.081498 0.000000 0.000000 0.000000 0.000000 0.000000 0.000000 0.000000 0.000000 0.000000 0.000000 0.000000 0.000000 0.000000 0.000000 0.000000 0.000000 0.000000 0.000000 0.000000 0.000000 0.912782
1815 0.000000 0.005719 0.000000 0.000000 0.000000 0.000000 0.000000 0.081498 0.000000 0.000000 0.000000 0.000000 0.000000 0.000000 0.000000 0.000000 0.000000 0.000000 0.000000 0.000000 0.000000 0.000000 0.000000 0.000000 0.000000 0.000000 0.000000 0.000000 0.912782
1816 0.000000 0.005719 0.000000 0.000000 0.000000 0.000000 0.000000 0.081498 0.000000 0.000000 0.000000 0.000000 0.000000 0.000000 0.000000 0.000000 0.000000 0.000000 0.000000 0.000000 0.000000 0.000000 0.000000 0.000000 0.000000 0.000000 0.000000 0.000000 0.912782
1817 0.000000 0.005719 0.000000 0.000000 0.000000 0.000000 0.000000 0.081498 0.000000 0.000000 0.000000 0.000000 0.000000 0.000000 0.000000 0.000000 0.000000 0.000000 0.000000 0.000000 0.000000 0.000000 0.000000 0.000000 0.000000 0.000000 0.000000 0.000000 0.912782
