1320 0.000000 0.001712 0.000000 0.000000 0.000000 0.000000 0.000000 0.045377 0.000000 0.000000 0.000000 0.000000 0.000000 0.000000 0.000000 0.000000 0.000000 0.000000 0.000000 0.000000 0.000000 0.000000 0.000000 0.000000 0.000000 0.000000 0.000000 0.000000 0.952911
1321 0.000000 0.001712 0.000000 0.000000 0.000000 0.000000 0.000000 0.045377 0.000000 0.000000 0.000000 0.000000 0.000000 0.000000 0.000000 0.000000 0.000000 0.000000 0.000000 0.000000 0.000000 0.000000 0.000000 0.000000 0.000000 0.000000 0.000000 0.000000 0.952911
1326 0.000000 0.001712 0.000000 0.000000 0.000000 0.000000 0.000000 0.045377 0.000000 0.000000 0.000000 0.000000 0.000000 0.000000 0.000000 0.000000 0.000000 0.000000 0.000000 0.000000 0.000000 0.000000 0.000000 0.000000 0.000000 0.000000 0.000000 0.000000 0.952911
1327 0.000000 0.001712 0.000000 0.000000 0.000000 0.000000 0.000000 0.045377 0.000000 0.000000 0.000000 0.000000 0.000000 0.000000 0.000000 0.000000 0.000000 0.000000 0.000000 0.000000 0.000000 0.000000 0.000000 0.000000 0.000000 0.000000 0.000000 0.000000 0.952911
1324 0.000000 0.001712 0.000000 0.000000 0.000000 0.000000 0.000000 0.045377 0.000000 0.000000 0.000000 0.000000 0.000000 0.000000 0.000000 0.000000 0.000000 0.000000 0.000000 0.000000 0.000000 0.000000 0.000000 0.000000 0.000000 0.000000 0.000000 0.000000 0.952911
1325 0.000000 0.001712 0.000000 0.000000 0.000000 0.000000 0.000000 0.045377 0.000000 0.000000 0.000000 0.000000 0.000000 0.000000 0.000000 0.000000 0.000000 0.000000 0.000000 0.000000 0.000000 0.000000 0.000000 0.000000 0.000000 0.000000 0.000000 0.000000 0.952911
982 0.002419 0.016085 0.000000 0.000000 0.000000 0.018140 0.018140 0.106039 0.000000 0.000000 0.000000 0.000000 0.000000 0.000000 0.000000 0.000000 0.000000 0.015722 0.000000 0.000000 0.000000 0.000000 0.063693 0.000000 0.000000 0.136053 0.000000 0.084655 0.539052
983 0.002419 0.016085 0.000000 0.000000 0.000000 0.018140 0.018140 0.106039 0.000000 0.000000 0.000000 0.000000 0.000000 0.000000 0.000000 0.000000 0.000000 0.015722 0.000000 0.000000 0.000000 0.000000 0.063693 0.000000 0.000000 0.136053 0.000000 0.084655 0.539052
1328 0.000000 0.001712 0.000000 0.000000 0.000000 0.000000 0.000000 0.045377 0.000000 0.000000 0.000000 0.000000 0.000000 0.000000 0.000000 0.000000 0.000000 0.000000 0.000000 0.000000 0.000000 0.000000 0.000000 0.000000 0.000000 0.000000 0.000000 0.000000 0.952911
1329 0.000000 0.001712 0.000000 0.000000 0.000000 0.000000 0.000000 0.045377 0.000000 0.000000 0.000000 0.000000 0.000000 0.000000 0.000000 0.000000 0.000000 0.000000 0.000000 0.000000 0.000000 0.000000 0.000000 0.000000 0.000000 0.000000 0.000000 0.000000 0.952911
986 0.002419 0.016085 0.000000 0.000000 0.000000 0.018140 0.018140 0.106039 0.000000 0.000000 0.000000 0.000000 0.000000 0.000000 0.000000 0.000000 0.000000 0.015722 0.000000 0.000000 0.000000 0.000000 0.063693 0.000000 0.000000 0.136053 0.000000 0.084655 0.539052
987 0.002419 0.016085 0.000000 0.000000 0.000000 0.018140 0.018140 0.106039 0.000000 0.000000 0.000000 0.000000 0.000000 0.000000 0.000000 0.000000 0.000000 0.015722 0.000000 0.000000 0.000000 0.000000 0.063693 0.000000 0.000000 0.136053 0.000000 0.084655 0.539052
984 0.002419 0.016085 0.000000 0.000000 0.000000 0.018140 0.018140 0.106039 0.000000 0.000000 0.000000 0.000000 0.000000 0.000000 0.000000 0.000000 0.000000 0.015722 0.000000 0.000000 0.000000 0.000000 0.063693 0.000000 0.000000 0.136053 0.000000 0.084655 0.539052
985 0.002419 0.016085 0.000000 0.000000 0.000000 0.018140 0.018140 0.106039 0.000000 0.000000 0.000000 0.000000 0.000000 0.000000 0.000000 0.000000 0.000000 0.015722 0.000000 0.000000 0.000000 0.000000 0.063693 0.000000 0.000000 0.136053 0.000000 0.084655 0.539052
1858 0.000000 0.003196 0.000000 0.000000 0.000000 0.000000 0.000000 0.061531 0.000000 0.000000 0.000000 0.000000 0.000000 0.000000 0.000000 0.000000 0.000000 0.000000 0.000000 0.000000 0.000000 0.000000 0.000000 0.000000 0.000000 0.000000 0.000000 0.000000 0.935272
1859 0.000000 0.003196 0.000000 0.000000 0.000000 0.000000 0.000000 0.061531 0.000000 0.000000 0.000000 0.000000 0.000000 0.000000 0.000000 0.000000 0.000000 0.000000 0.000000 0.000000 0.000000 0.000000 0.000000 0.000000 0.000000 0.000000 0.000000 0.000000 0.935272
1850 0.000000 0.003196 0.000000 0.000000 0.000000 0.000000 0.000000 0.061531 0.000000 0.000000 0.000000 0.000000 0.000000 0.000000 0.000000 0.000000 0.000000 0.000000 0.000000 0.000000 0.000000 0.000000 0.000000 0.000000 0.000000 0.000000 0.000000 0.000000 0.935272
1851 0.000000 0.003196 0.000000 0.000000 0.000000 0.000000 0.000000 0.061531 0.000000 0.000000 0.000000 0.000000 0.000000 0.000000 0.000000 0.000000 0.000000 0.000000 0.000000 0.000000 0.000000 0.000000 0.000000 0.000000 0.000000 0.000000 0.000000 0.000000 0.935272
1852 0.000000 0.003196 0.000000 0.000000 0.000000 0.000000 0.000000 0.061531 0.000000 0.000000 0.000000 0.000000 0.000000 0.000000 0.000000 0.000000 0.000000 0.000000 0.000000 0.000000 0.000000 0.000000 0.000000 0.000000 0.000000 0.000000 0.000000 0.000000 0.935272
1853 0.000000 0.003196 0.000000 0.000000 0.000000 0.000000 0.000000 0.061531 0.000000 0.000000 0.000000 0.000000 0.000000 0.000000 0.000000 0.000000 0.000000 0.000000 0.000000 0.000000 0.000000 0.000000 0.000000 0.000000 0.000000 0.000000 0.000000 0.000000 0.935272
1854 0.000000 0.003196 0.000000 0.000000 0.000000 0.000000 0.000000 0.061531 0.000000 0.000000 0.000000 0.000000 0.000000 0.000000 0.000000 0.000000 0.000000 0.000000 0.000000 0.000000 0.000000 0.000000 0.000000 0.000000 0.000000 0.000000 0.000000 0.000000 0.935272
1855 0.000000 0.003196 0.000000 0.000000 0.000000 0.000000 0.000000 0.061531 0.000000 0.000000 0.000000 0.000000 0.000000 0.000000 0.000000 0.000000 0.000000 0.000000 0.000000 0.000000 0.000000 0.000000 0.000000 0.000000 0.000000 0.000000 0.000000 0.000000 0.935272
1856 0.000000 0.003196 0.000000 0.000000 0.000000 0.000000 0.000000 0.061531 0.000000 0.000000 0.000000 0.000000 0.000000 0.000000 0.000000 0.000000 0.000000 0.000000 0.000000 0.000000 0.000000 0.000000 0.000000 0.000000 0.000000 0.000000 0.000000 0.000000 0.935272
1857 0.000000 0.003196 0.000000 0.000000 0.000000 0.000000 0.000000 0.061531 0.000000 0.000000 0.000000 0.000000 0.000000 0.000000 0.000000 0.000000 0.000000 0.000000 0.000000 0.000000 0.000000 0.000000 0.000000 0.000000 0.000000 0.000000 0.000000 0.000000 0.935272
428 0.001465 0.005398 0.001975 0.000000 0.000000 0.026037 0.008608 0.051471 0.000000 0.000000 0.000000 0.000000 0.030037 0.000000 0.000000 0.000000 0.000000 0.071103 0.009703 0.000000 0.000000 0.000000 0.214121 0.017312 0.000000 0.137334 0.000000 0.034272 0.391162
919 0.000725 0.001200 0.002823 0.004714 0.000024 0.019886 0.002833 0.014633 0.012272 0.012441 0.017991 0.017103 0.068970 0.161495 0.000015 0.000383 0.044213 0.119743 0.013941 0.000005 0.001196 0.008594 0.239587 0.016182 0.000181 0.061055 0.000201 0.008220 0.149374
918 0.005209 0.006512 0.006679 0.007379 0.000140 0.043183 0.027528 0.029666 0.004773 0.010009 0.003563 0.014542 0.034531 0.055858 0.000041 0.000769 0.066660 0.073087 0.027095 0.000006 0.001416 0.025281 0.127350 0.051402 0.000470 0.177033 0.001658 0.100015 0.098142
2604 0.000000 0.001651 0.000000 0.000000 0.000000 0.000000 0.000000 0.044569 0.000000 0.000000 0.000000 0.000000 0.000000 0.000000 0.000000 0.000000 0.000000 0.000000 0.000000 0.000000 0.000000 0.000000 0.000000 0.000000 0.000000 0.000000 0.000000 0.000000 0.953780
2606 0.000000 0.001651 0.000000 0.000000 0.000000 0.000000 0.000000 0.044569 0.000000 0.000000 0.000000 0.000000 0.000000 0.000000 0.000000 0.000000 0.000000 0.000000 0.000000 0.000000 0.000000 0.000000 0.000000 0.000000 0.000000 0.000000 0.000000 0.000000 0.953780
2607 0.000000 0.001651 0.000000 0.000000 0.000000 0.000000 0.000000 0.044569 0.000000 0.000000 0.000000 0.000000 0.000000 0.000000 0.000000 0.000000 0.000000 0.000000 0.000000 0.000000 0.000000 0.000000 0.000000 0.000000 0.000000 0.000000 0.000000 0.000000 0.953780
2600 0.000000 0.001651 0.000000 0.000000 0.000000 0.000000 0.000000 0.044569 0.000000 0.000000 0.000000 0.000000 0.000000 0.000000 0.000000 0.000000 0.000000 0.000000 0.000000 0.000000 0.000000 0.000000 0.000000 0.000000 0.000000 0.000000 0.000000 0.000000 0.953780
2601 0.000000 0.001651 0.000000 0.000000 0.000000 0.000000 0.000000 0.044569 0.000000 0.000000 0.000000 0.000000 0.000000 0.000000 0.000000 0.000000 0.000000 0.000000 0.000000 0.000000 0.000000 0.000000 0.000000 0.000000 0.000000 0.000000 0.000000 0.000000 0.953780
2602 0.000000 0.001651 0.000000 0.000000 0.000000 0.000000 0.000000 0.044569 0.000000 0.000000 0.000000 0.000000 0.000000 0.000000 0.000000 0.000000 0.000000 0.000000 0.000000 0.000000 0.000000 0.000000 0.000000 0.000000 0.000000 0.000000 0.000000 0.000000 0.953780
2608 0.000000 0.001651 0.000000 0.000000 0.000000 0.000000 0.000000 0.044569 0.000000 0.000000 0.000000 0.000000 0.000000 0.000000 0.000000 0.000000 0.000000 0.000000 0.000000 0.000000 0.000000 0.000000 0.000000 0.000000 0.000000 0.000000 0.000000 0.000000 0.953780
1588 0.000187 0.000460 0.000187 0.000000 0.000000 0.011629 0.003524 0.012455 0.000000 0.000000 0.000000 0.000000 0.010564 0.000000 0.000000 0.000000 0.000000 0.166423 0.001197 0.000000 0.000000 0.000000 0.258416 0.006972 0.000000 0.214449 0.000000 0.043461 0.270075
2603 0.000000 0.001651 0.000000 0.000000 0.000000 0.000000 0.000000 0.044569 0.000000 0.000000 0.000000 0.000000 0.000000 0.000000 0.000000 0.000000 0.000000 0.000000 0.000000 0.000000 0.000000 0.000000 0.000000 0.000000 0.000000 0.000000 0.000000 0.000000 0.953780
825 0.000000 0.005917 0.000000 0.000000 0.000000 0.000000 0.000000 0.082840 0.000000 0.000000 0.000000 0.000000 0.000000 0.000000 0.000000 0.000000 0.000000 0.000000 0.000000 0.000000 0.000000 0.000000 0.000000 0.000000 0.000000 0.000000 0.000000 0.000000 0.911243
1931 0.000000 0.206186 0.000000 0.000000 0.000000 0.000000 0.000000 0.360825 0.000000 0.000000 0.000000 0.000000 0.000000 0.000000 0.000000 0.000000 0.000000 0.000000 0.000000 0.000000 0.000000 0.000000 0.000000 0.000000 0.000000 0.000000 0.000000 0.000000 0.432990
824 0.000000 0.005917 0.000000 0.000000 0.000000 0.000000 0.000000 0.082840 0.000000 0.000000 0.000000 0.000000 0.000000 0.000000 0.000000 0.000000 0.000000 0.000000 0.000000 0.000000 0.000000 0.000000 0.000000 0.000000 0.000000 0.000000 0.000000 0.000000 0.911243
847 0.000314 0.000650 0.003419 0.002422 0.000033 0.010969 0.002345 0.013110 0.009985 0.038082 0.014530 0.015435 0.115136 0.100688 0.000083 0.000802 0.029377 0.057871 0.046445 0.000007 0.002514 0.006178 0.204572 0.023383 0.000364 0.063080 0.000327 0.018632 0.219250
845 0.002648 0.002580 0.005172 0.008683 0.000107 0.033545 0.014976 0.015003 0.007491 0.013521 0.012951 0.014309 0.050162 0.124272 0.000123 0.001002 0.074672 0.091465 0.020012 0.000013 0.002085 0.032446 0.144579 0.047841 0.000392 0.157843 0.001187 0.055727 0.065192
843 0.000618 0.000218 0.003067 0.011690 0.000056 0.011692 0.002956 0.001294 0.018338 0.047163 0.185267 0.032579 0.035969 0.300603 0.000185 0.002174 0.108612 0.046638 0.014995 0.000030 0.001832 0.030292 0.060410 0.023115 0.000378 0.043925 0.000597 0.009774 0.005533
842 0.000547 0.000179 0.002756 0.011744 0.000043 0.010521 0.002521 0.001055 0.016688 0.049034 0.212739 0.031643 0.032736 0.307390 0.000144 0.001869 0.105129 0.042459 0.013578 0.000023 0.001449 0.029078 0.054945 0.020126 0.000292 0.038252 0.000464 0.008109 0.004487
