659 0.000295 0.001356 0.001093 0.000000 0.000004 0.010821 0.003706 0.028454 0.000000 0.000000 0.000000 0.000000 0.033764 0.000000 0.000000 0.000000 0.000000 0.055419 0.014504 0.000000 0.000285 0.000000 0.202079 0.017671 0.000047 0.112018 0.000080 0.038303 0.480100
969 0.000301 0.001163 0.002103 0.000925 0.000008 0.010726 0.002648 0.024473 0.001201 0.012331 0.002097 0.006759 0.062264 0.035228 0.000008 0.000063 0.010748 0.040586 0.032696 0.000000 0.000627 0.001986 0.220153 0.017168 0.000055 0.072089 0.000089 0.026413 0.415091
1108 0.000097 0.002245 0.000054 0.000000 0.000000 0.002316 0.002000 0.048531 0.000000 0.000000 0.000000 0.000000 0.001049 0.000000 0.000000 0.000000 0.000000 0.001116 0.000915 0.000000 0.000000 0.000000 0.037665 0.000857 0.000000 0.042492 0.000000 0.030130 0.830533
1109 0.000097 0.002245 0.000054 0.000000 0.000000 0.002316 0.002000 0.048531 0.000000 0.000000 0.000000 0.000000 0.001049 0.000000 0.000000 0.000000 0.000000 0.001116 0.000915 0.000000 0.000000 0.000000 0.037665 0.000857 0.000000 0.042492 0.000000 0.030130 0.830533
1111 0.000000 0.002520 0.000000 0.000000 0.000000 0.000000 0.000000 0.054807 0.000000 0.000000 0.000000 0.000000 0.000000 0.000000 0.000000 0.000000 0.000000 0.000000 0.000000 0.000000 0.000000 0.000000 0.000000 0.000000 0.000000 0.000000 0.000000 0.000000 0.942674
1110 0.000000 0.002520 0.000000 0.000000 0.000000 0.000000 0.000000 0.054807 0.000000 0.000000 0.000000 0.000000 0.000000 0.000000 0.000000 0.000000 0.000000 0.000000 0.000000 0.000000 0.000000 0.000000 0.000000 0.000000 0.000000 0.000000 0.000000 0.000000 0.942674
1113 0.000000 0.002520 0.000000 0.000000 0.000000 0.000000 0.000000 0.054807 0.000000 0.000000 0.000000 0.000000 0.000000 0.000000 0.000000 0.000000 0.000000 0.000000 0.000000 0.000000 0.000000 0.000000 0.000000 0.000000 0.000000 0.000000 0.000000 0.000000 0.942674
1115 0.000000 0.002520 0.000000 0.000000 0.000000 0.000000 0.000000 0.054807 0.000000 0.000000 0.000000 0.000000 0.000000 0.000000 0.000000 0.000000 0.000000 0.000000 0.000000 0.000000 0.000000 0.000000 0.000000 0.000000 0.000000 0.000000 0.000000 0.000000 0.942674
1114 0.000000 0.002520 0.000000 0.000000 0.000000 0.000000 0.000000 0.054807 0.000000 0.000000 0.000000 0.000000 0.000000 0.000000 0.000000 0.000000 0.000000 0.000000 0.000000 0.000000 0.000000 0.000000 0.000000 0.000000 0.000000 0.000000 0.000000 0.000000 0.942674
1117 0.000000 0.002520 0.000000 0.000000 0.000000 0.000000 0.000000 0.054807 0.000000 0.000000 0.000000 0.000000 0.000000 0.000000 0.000000 0.000000 0.000000 0.000000 0.000000 0.000000 0.000000 0.000000 0.000000 0.000000 0.000000 0.000000 0.000000 0.000000 0.942674
1116 0.000000 0.002520 0.000000 0.000000 0.000000 0.000000 0.000000 0.054807 0.000000 0.000000 0.000000 0.000000 0.000000 0.000000 0.000000 0.000000 0.000000 0.000000 0.000000 0.000000 0.000000 0.000000 0.000000 0.000000 0.000000 0.000000 0.000000 0.000000 0.942674
1118 0.000000 0.002520 0.000000 0.000000 0.000000 0.000000 0.000000 0.054807 0.000000 0.000000 0.000000 0.000000 0.000000 0.000000 0.000000 0.000000 0.000000 0.000000 0.000000 0.000000 0.000000 0.000000 0.000000 0.000000 0.000000 0.000000 0.000000 0.000000 0.942674
894 0.000301 0.000991 0.002521 0.001931 0.000004 0.010394 0.002318 0.020722 0.002180 0.025276 0.008808 0.005127 0.076061 0.077599 0.000002 0.000080 0.015380 0.044668 0.042050 0.000001 0.000337 0.004944 0.208308 0.016201 0.000025 0.060271 0.000052 0.022175 0.351273
1151 0.000000 0.002520 0.000000 0.000000 0.000000 0.000000 0.000000 0.054807 0.000000 0.000000 0.000000 0.000000 0.000000 0.000000 0.000000 0.000000 0.000000 0.000000 0.000000 0.000000 0.000000 0.000000 0.000000 0.000000 0.000000 0.000000 0.000000 0.000000 0.942674
684 0.000154 0.002069 0.000143 0.000000 0.000002 0.003869 0.003049 0.044507 0.000000 0.000000 0.000000 0.000000 0.003027 0.000000 0.000000 0.000000 0.000000 0.003895 0.001971 0.000000 0.000095 0.000000 0.062131 0.002786 0.000027 0.069627 0.000030 0.043492 0.759125
681 0.000154 0.002069 0.000143 0.000000 0.000002 0.003869 0.003049 0.044507 0.000000 0.000000 0.000000 0.000000 0.003027 0.000000 0.000000 0.000000 0.000000 0.003895 0.001971 0.000000 0.000095 0.000000 0.062131 0.002786 0.000027 0.069627 0.000030 0.043492 0.759125
680 0.000154 0.002069 0.000143 0.000000 0.000002 0.003869 0.003049 0.044507 0.000000 0.000000 0.000000 0.000000 0.003027 0.000000 0.000000 0.000000 0.000000 0.003895 0.001971 0.000000 0.000095 0.000000 0.062131 0.002786 0.000027 0.069627 0.000030 0.043492 0.759125
683 0.000154 0.002069 0.000143 0.000000 0.000002 0.003869 0.003049 0.044507 0.000000 0.000000 0.000000 0.000000 0.003027 0.000000 0.000000 0.000000 0.000000 0.003895 0.001971 0.000000 0.000095 0.000000 0.062131 0.002786 0.000027 0.069627 0.000030 0.043492 0.759125
682 0.000154 0.002069 0.000143 0.000000 0.000002 0.003869 0.003049 0.044507 0.000000 0.000000 0.000000 0.000000 0.003027 0.000000 0.000000 0.000000 0.000000 0.003895 0.001971 0.000000 0.000095 0.000000 0.062131 0.002786 0.000027 0.069627 0.000030 0.043492 0.759125
108 0.005706 0.009104 0.008530 0.002937 0.000023 0.062572 0.014047 0.035626 0.000000 0.003642 0.000000 0.003994 0.082700 0.031952 0.000000 0.000000 0.013862 0.169010 0.026811 0.000000 0.000407 0.004816 0.242593 0.033326 0.000045 0.119744 0.000203 0.023544 0.104807
137 0.000000 0.053050 0.000000 0.000000 0.000000 0.000000 0.000000 0.225464 0.000000 0.000000 0.000000 0.000000 0.000000 0.000000 0.000000 0.000000 0.000000 0.000000 0.000000 0.000000 0.000000 0.000000 0.000000 0.000000 0.000000 0.000000 0.000000 0.000000 0.721485
136 0.000000 0.053050 0.000000 0.000000 0.000000 0.000000 0.000000 0.225464 0.000000 0.000000 0.000000 0.000000 0.000000 0.000000 0.000000 0.000000 0.000000 0.000000 0.000000 0.000000 0.000000 0.000000 0.000000 0.000000 0.000000 0.000000 0.000000 0.000000 0.721485
135 0.000000 0.053050 0.000000 0.000000 0.000000 0.000000 0.000000 0.225464 0.000000 0.000000 0.000000 0.000000 0.000000 0.000000 0.000000 0.000000 0.000000 0.000000 0.000000 0.000000 0.000000 0.000000 0.000000 0.000000 0.000000 0.000000 0.000000 0.000000 0.721485
139 0.000000 0.053050 0.000000 0.000000 0.000000 0.000000 0.000000 0.225464 0.000000 0.000000 0.000000 0.000000 0.000000 0.000000 0.000000 0.000000 0.000000 0.000000 0.000000 0.000000 0.000000 0.000000 0.000000 0.000000 0.000000 0.000000 0.000000 0.000000 0.721485
138 0.000000 0.053050 0.000000 0.000000 0.000000 0.000000 0.000000 0.225464 0.000000 0.000000 0.000000 0.000000 0.000000 0.000000 0.000000 0.000000 0.000000 0.000000 0.000000 0.000000 0.000000 0.000000 0.000000 0.000000 0.000000 0.000000 0.000000 0.000000 0.721485
146 0.000000 0.053050 0.000000 0.000000 0.000000 0.000000 0.000000 0.225464 0.000000 0.000000 0.000000 0.000000 0.000000 0.000000 0.000000 0.000000 0.000000 0.000000 0.000000 0.000000 0.000000 0.000000 0.000000 0.000000 0.000000 0.000000 0.000000 0.000000 0.721485
147 0.000000 0.053050 0.000000 0.000000 0.000000 0.000000 0.000000 0.225464 0.000000 0.000000 0.000000 0.000000 0.000000 0.000000 0.000000 0.000000 0.000000 0.000000 0.000000 0.000000 0.000000 0.000000 0.000000 0.000000 0.000000 0.000000 0.000000 0.000000 0.721485
144 0.001276 0.001539 0.002192 0.007688 0.000010 0.027048 0.005240 0.013652 0.003267 0.008719 0.023234 0.010772 0.034668 0.206054 0.000010 0.000162 0.054094 0.113446 0.010939 0.000000 0.000347 0.015870 0.230035 0.014955 0.000041 0.098074 0.000076 0.017004 0.099589
145 0.000000 0.053050 0.000000 0.000000 0.000000 0.000000 0.000000 0.225464 0.000000 0.000000 0.000000 0.000000 0.000000 0.000000 0.000000 0.000000 0.000000 0.000000 0.000000 0.000000 0.000000 0.000000 0.000000 0.000000 0.000000 0.000000 0.000000 0.000000 0.721485
142 0.000000 0.053050 0.000000 0.000000 0.000000 0.000000 0.000000 0.225464 0.000000 0.000000 0.000000 0.000000 0.000000 0.000000 0.000000 0.000000 0.000000 0.000000 0.000000 0.000000 0.000000 0.000000 0.000000 0.000000 0.000000 0.000000 0.000000 0.000000 0.721485
143 0.001262 0.004764 0.001173 0.000907 0.000000 0.028545 0.004110 0.045932 0.000880 0.000708 0.000000 0.000190 0.024510 0.019013 0.000000 0.000000 0.008046 0.124784 0.003202 0.000000 0.000000 0.002000 0.281816 0.006256 0.000000 0.071107 0.000000 0.015837 0.354958
140 0.000000 0.053050 0.000000 0.000000 0.000000 0.000000 0.000000 0.225464 0.000000 0.000000 0.000000 0.000000 0.000000 0.000000 0.000000 0.000000 0.000000 0.000000 0.000000 0.000000 0.000000 0.000000 0.000000 0.000000 0.000000 0.000000 0.000000 0.000000 0.721485
141 0.000000 0.053050 0.000000 0.000000 0.000000 0.000000 0.000000 0.225464 0.000000 0.000000 0.000000 0.000000 0.000000 0.000000 0.000000 0.000000 0.000000 0.000000 0.000000 0.000000 0.000000 0.000000 0.000000 0.000000 0.000000 0.000000 0.000000 0.000000 0.721485
148 0.000000 0.053050 0.000000 0.000000 0.000000 0.000000 0.000000 0.225464 0.000000 0.000000 0.000000 0.000000 0.000000 0.000000 0.000000 0.000000 0.000000 0.000000 0.000000 0.000000 0.000000 0.000000 0.000000 0.000000 0.000000 0.000000 0.000000 0.000000 0.721485
149 0.000000 0.053050 0.000000 0.000000 0.000000 0.000000 0.000000 0.225464 0.000000 0.000000 0.000000 0.000000 0.000000 0.000000 0.000000 0.000000 0.000000 0.000000 0.000000 0.000000 0.000000 0.000000 0.000000 0.000000 0.000000 0.000000 0.000000 0.000000 0.721485
109 0.000000 0.073529 0.000000 0.000000 0.000000 0.000000 0.000000 0.257353 0.000000 0.000000 0.000000 0.000000 0.000000 0.000000 0.000000 0.000000 0.000000 0.000000 0.000000 0.000000 0.000000 0.000000 0.000000 0.000000 0.000000 0.000000 0.000000 0.000000 0.669118
106 0.005330 0.005065 0.009862 0.015424 0.000082 0.050489 0.010255 0.016710 0.003002 0.034942 0.022548 0.022663 0.065098 0.187952 0.000000 0.001106 0.059684 0.117570 0.039422 0.000000 0.000874 0.010755 0.174197 0.025223 0.000273 0.060462 0.000683 0.019529 0.040799
107 0.001304 0.002191 0.003801 0.002832 0.000233 0.024028 0.010069 0.022249 0.007226 0.006943 0.003770 0.017862 0.036637 0.058210 0.000133 0.002030 0.042694 0.074821 0.046085 0.000033 0.003352 0.006496 0.207370 0.024678 0.004274 0.139568 0.001403 0.071307 0.178401
104 0.004552 0.004639 0.007659 0.009246 0.000070 0.052315 0.011832 0.017870 0.003708 0.022802 0.000000 0.021418 0.066556 0.135762 0.000000 0.000360 0.049884 0.145808 0.025194 0.000000 0.001283 0.012638 0.192825 0.032872 0.000348 0.108309 0.000474 0.020678 0.050896
105 0.000000 0.073529 0.000000 0.000000 0.000000 0.000000 0.000000 0.257353 0.000000 0.000000 0.000000 0.000000 0.000000 0.000000 0.000000 0.000000 0.000000 0.000000 0.000000 0.000000 0.000000 0.000000 0.000000 0.000000 0.000000 0.000000 0.000000 0.000000 0.669118
1709 0.000875 0.005901 0.000373 0.000000 0.000005 0.013248 0.008675 0.066200 0.000000 0.000000 0.000000 0.000000 0.004838 0.000000 0.000000 0.000000 0.000000 0.017847 0.001391 0.000000 0.000141 0.000000 0.106558 0.005929 0.000019 0.126465 0.000092 0.055725 0.585718
641 0.002235 0.003403 0.005005 0.004072 0.000099 0.033892 0.011321 0.024963 0.006872 0.007252 0.002707 0.012969 0.060836 0.065563 0.000008 0.001364 0.041525 0.101666 0.022730 0.000022 0.001368 0.010648 0.211328 0.035761 0.000438 0.144584 0.001239 0.038788 0.147342
133 0.021264 0.081713 0.000000 0.000000 0.000000 0.053159 0.063791 0.178007 0.000000 0.000000 0.000000 0.000000 0.000000 0.000000 0.000000 0.000000 0.000000 0.021264 0.000000 0.000000 0.000000 0.000000 0.042527 0.000000 0.000000 0.159478 0.000000 0.106318 0.272479
