601 0.009379 0.083368 0.000000 0.000000 0.000000 0.018758 0.037516 0.226136 0.000000 0.000000 0.000000 0.000000 0.000000 0.000000 0.000000 0.000000 0.000000 0.000000 0.000000 0.000000 0.000000 0.000000 0.018758 0.000000 0.000000 0.075031 0.000000 0.087536 0.443518
600 0.000039 0.001582 0.000019 0.000000 0.000000 0.001962 0.000197 0.041863 0.000000 0.000000 0.000000 0.000000 0.000893 0.000000 0.000000 0.000000 0.000000 0.003264 0.000040 0.000000 0.000000 0.000000 0.060689 0.000174 0.000000 0.009707 0.000000 0.000635 0.878936
157 0.000064 0.000297 0.000487 0.000657 0.000008 0.004696 0.001083 0.013464 0.003615 0.008398 0.008880 0.009502 0.031919 0.056708 0.000009 0.000402 0.015600 0.030775 0.008990 0.000001 0.000703 0.001147 0.214581 0.003285 0.000362 0.069545 0.000072 0.021223 0.493526
2586 0.000000 0.001651 0.000000 0.000000 0.000000 0.000000 0.000000 0.044569 0.000000 0.000000 0.000000 0.000000 0.000000 0.000000 0.000000 0.000000 0.000000 0.000000 0.000000 0.000000 0.000000 0.000000 0.000000 0.000000 0.000000 0.000000 0.000000 0.000000 0.953780
2437 0.000179 0.000414 0.000175 0.000000 0.000000 0.013073 0.002315 0.010522 0.000000 0.000000 0.000000 0.000000 0.012145 0.000000 0.000000 0.000000 0.000000 0.234082 0.000702 0.000000 0.000014 0.000000 0.323560 0.004580 0.000000 0.166332 0.000003 0.019331 0.212571
2585 0.000000 0.001651 0.000000 0.000000 0.000000 0.000000 0.000000 0.044569 0.000000 0.000000 0.000000 0.000000 0.000000 0.000000 0.000000 0.000000 0.000000 0.000000 0.000000 0.000000 0.000000 0.000000 0.000000 0.000000 0.000000 0.000000 0.000000 0.000000 0.953780
2584 0.000000 0.001651 0.000000 0.000000 0.000000 0.000000 0.000000 0.044569 0.000000 0.000000 0.000000 0.000000 0.000000 0.000000 0.000000 0.000000 0.000000 0.000000 0.000000 0.000000 0.000000 0.000000 0.000000 0.000000 0.000000 0.000000 0.000000 0.000000 0.953780
469 0.000696 0.000222 0.003216 0.013311 0.000061 0.011497 0.002919 0.001168 0.016177 0.050921 0.221982 0.033081 0.030068 0.295586 0.000151 0.002476 0.107880 0.036607 0.016422 0.000033 0.001647 0.027531 0.053812 0.020814 0.000402 0.037184 0.000624 0.009087 0.004425
1890 0.000000 0.003196 0.000000 0.000000 0.000000 0.000000 0.000000 0.061531 0.000000 0.000000 0.000000 0.000000 0.000000 0.000000 0.000000 0.000000 0.000000 0.000000 0.000000 0.000000 0.000000 0.000000 0.000000 0.000000 0.000000 0.000000 0.000000 0.000000 0.935272
1891 0.000000 0.003196 0.000000 0.000000 0.000000 0.000000 0.000000 0.061531 0.000000 0.000000 0.000000 0.000000 0.000000 0.000000 0.000000 0.000000 0.000000 0.000000 0.000000 0.000000 0.000000 0.000000 0.000000 0.000000 0.000000 0.000000 0.000000 0.000000 0.935272
1893 0.013711 0.030776 0.002720 0.008421 0.000075 0.040352 0.065912 0.094713 0.000782 0.001379 0.000000 0.002459 0.003242 0.022095 0.000000 0.000075 0.029398 0.019338 0.002645 0.000000 0.000373 0.034055 0.027460 0.025448 0.000037 0.178099 0.000745 0.191624 0.204069
2002 0.000000 0.023337 0.000000 0.000000 0.000000 0.000000 0.000000 0.157526 0.000000 0.000000 0.000000 0.000000 0.000000 0.000000 0.000000 0.000000 0.000000 0.000000 0.000000 0.000000 0.000000 0.000000 0.000000 0.000000 0.000000 0.000000 0.000000 0.000000 0.819137
636 0.000076 0.000703 0.000452 0.000172 0.000001 0.004864 0.000657 0.024115 0.000791 0.001032 0.000081 0.000870 0.027798 0.011671 0.000001 0.000031 0.002825 0.028956 0.004718 0.000000 0.000139 0.000585 0.179231 0.004411 0.000009 0.036941 0.000018 0.005301 0.663551
2003 0.000000 0.023337 0.000000 0.000000 0.000000 0.000000 0.000000 0.157526 0.000000 0.000000 0.000000 0.000000 0.000000 0.000000 0.000000 0.000000 0.000000 0.000000 0.000000 0.000000 0.000000 0.000000 0.000000 0.000000 0.000000 0.000000 0.000000 0.000000 0.819137
2000 0.000000 0.023337 0.000000 0.000000 0.000000 0.000000 0.000000 0.157526 0.000000 0.000000 0.000000 0.000000 0.000000 0.000000 0.000000 0.000000 0.000000 0.000000 0.000000 0.000000 0.000000 0.000000 0.000000 0.000000 0.000000 0.000000 0.000000 0.000000 0.819137
2420 0.000000 0.018100 0.000000 0.000000 0.000000 0.000000 0.000000 0.140271 0.000000 0.000000 0.000000 0.000000 0.000000 0.000000 0.000000 0.000000 0.000000 0.000000 0.000000 0.000000 0.000000 0.000000 0.000000 0.000000 0.000000 0.000000 0.000000 0.000000 0.841629
1112 0.000132 0.000550 0.001633 0.000611 0.000001 0.009229 0.000794 0.013718 0.005375 0.010719 0.000511 0.002416 0.112030 0.049832 0.000001 0.000064 0.008714 0.157899 0.028373 0.000000 0.000113 0.001244 0.270249 0.008168 0.000010 0.036037 0.000014 0.006537 0.275025
