557 0.013849 0.021138 0.010958 0.003790 0.001798 0.056660 0.058725 0.059575 0.004738 0.002454 0.000000 0.010569 0.022863 0.010010 0.000000 0.000680 0.030395 0.038219 0.023373 0.000000 0.008747 0.009233 0.067666 0.070217 0.006244 0.196365 0.012245 0.146241 0.113247
556 0.013278 0.018422 0.011723 0.005263 0.001535 0.057419 0.055146 0.051996 0.005662 0.004147 0.000718 0.016608 0.025220 0.015172 0.000020 0.000877 0.041947 0.038997 0.025639 0.000000 0.008752 0.012122 0.071454 0.074206 0.005303 0.193927 0.010467 0.135193 0.098788
551 0.004749 0.023064 0.001207 0.000000 0.000209 0.019912 0.035444 0.115072 0.000000 0.000000 0.000000 0.000000 0.003093 0.000000 0.000000 0.000000 0.000000 0.010465 0.001766 0.000000 0.001037 0.000000 0.034447 0.015971 0.000469 0.136480 0.002843 0.165569 0.428204
550 0.004749 0.023064 0.001207 0.000000 0.000209 0.019912 0.035444 0.115072 0.000000 0.000000 0.000000 0.000000 0.003093 0.000000 0.000000 0.000000 0.000000 0.010465 0.001766 0.000000 0.001037 0.000000 0.034447 0.015971 0.000469 0.136480 0.002843 0.165569 0.428204
553 0.016852 0.036693 0.004070 0.003052 0.000000 0.059841 0.064801 0.097552 0.000000 0.000000 0.000000 0.005596 0.007377 0.006105 0.000000 0.000000 0.018315 0.043498 0.005469 0.000000 0.000000 0.007631 0.055898 0.029762 0.000000 0.210111 0.000000 0.147854 0.179523
552 0.004749 0.023064 0.001207 0.000000 0.000209 0.019912 0.035444 0.115072 0.000000 0.000000 0.000000 0.000000 0.003093 0.000000 0.000000 0.000000 0.000000 0.010465 0.001766 0.000000 0.001037 0.000000 0.034447 0.015971 0.000469 0.136480 0.002843 0.165569 0.428204
627 0.003121 0.005513 0.006698 0.000000 0.000095 0.040016 0.018641 0.033486 0.000000 0.000000 0.000000 0.000000 0.075499 0.000000 0.000000 0.000000 0.000000 0.114050 0.029058 0.000000 0.002159 0.000000 0.187839 0.061172 0.000319 0.194543 0.001104 0.073018 0.153669
2594 0.000000 0.001651 0.000000 0.000000 0.000000 0.000000 0.000000 0.044569 0.000000 0.000000 0.000000 0.000000 0.000000 0.000000 0.000000 0.000000 0.000000 0.000000 0.000000 0.000000 0.000000 0.000000 0.000000 0.000000 0.000000 0.000000 0.000000 0.000000 0.953780
719 0.000145 0.001150 0.000897 0.000082 0.000007 0.006624 0.001352 0.029988 0.000353 0.000703 0.000000 0.000670 0.040675 0.003911 0.000000 0.000017 0.001292 0.026322 0.009172 0.000000 0.000577 0.000195 0.176037 0.007668 0.000077 0.054854 0.000108 0.010375 0.626747
448 0.000000 0.010246 0.000000 0.000000 0.000000 0.000000 0.000000 0.107582 0.000000 0.000000 0.000000 0.000000 0.000000 0.000000 0.000000 0.000000 0.000000 0.000000 0.000000 0.000000 0.000000 0.000000 0.000000 0.000000 0.000000 0.000000 0.000000 0.000000 0.882172
1696 0.000000 0.004864 0.000000 0.000000 0.000000 0.000000 0.000000 0.075389 0.000000 0.000000 0.000000 0.000000 0.000000 0.000000 0.000000 0.000000 0.000000 0.000000 0.000000 0.000000 0.000000 0.000000 0.000000 0.000000 0.000000 0.000000 0.000000 0.000000 0.919747
1697 0.000000 0.004864 0.000000 0.000000 0.000000 0.000000 0.000000 0.075389 0.000000 0.000000 0.000000 0.000000 0.000000 0.000000 0.000000 0.000000 0.000000 0.000000 0.000000 0.000000 0.000000 0.000000 0.000000 0.000000 0.000000 0.000000 0.000000 0.000000 0.919747
1694 0.000000 0.004864 0.000000 0.000000 0.000000 0.000000 0.000000 0.075389 0.000000 0.000000 0.000000 0.000000 0.000000 0.000000 0.000000 0.000000 0.000000 0.000000 0.000000 0.000000 0.000000 0.000000 0.000000 0.000000 0.000000 0.000000 0.000000 0.000000 0.919747
1695 0.000000 0.004864 0.000000 0.000000 0.000000 0.000000 0.000000 0.075389 0.000000 0.000000 0.000000 0.000000 0.000000 0.000000 0.000000 0.000000 0.000000 0.000000 0.000000 0.000000 0.000000 0.000000 0.000000 0.000000 0.000000 0.000000 0.000000 0.000000 0.919747
1692 0.000000 0.004864 0.000000 0.000000 0.000000 0.000000 0.000000 0.075389 0.000000 0.000000 0.000000 0.000000 0.000000 0.000000 0.000000 0.000000 0.000000 0.000000 0.000000 0.000000 0.000000 0.000000 0.000000 0.000000 0.000000 0.000000 0.000000 0.000000 0.919747
1693 0.000000 0.004864 0.000000 0.000000 0.000000 0.000000 0.000000 0.075389 0.000000 0.000000 0.000000 0.000000 0.000000 0.000000 0.000000 0.000000 0.000000 0.000000 0.000000 0.000000 0.000000 0.000000 0.000000 0.000000 0.000000 0.000000 0.000000 0.000000 0.919747
1690 0.000000 0.004864 0.000000 0.000000 0.000000 0.000000 0.000000 0.075389 0.000000 0.000000 0.000000 0.000000 0.000000 0.000000 0.000000 0.000000 0.000000 0.000000 0.000000 0.000000 0.000000 0.000000 0.000000 0.000000 0.000000 0.000000 0.000000 0.000000 0.919747
1691 0.000000 0.004864 0.000000 0.000000 0.000000 0.000000 0.000000 0.075389 0.000000 0.000000 0.000000 0.000000 0.000000 0.000000 0.000000 0.000000 0.000000 0.000000 0.000000 0.000000 0.000000 0.000000 0.000000 0.000000 0.000000 0.000000 0.000000 0.000000 0.919747
715 0.000000 0.206186 0.000000 0.000000 0.000000 0.000000 0.000000 0.360825 0.000000 0.000000 0.000000 0.000000 0.000000 0.000000 0.000000 0.000000 0.000000 0.000000 0.000000 0.000000 0.000000 0.000000 0.000000 0.000000 0.000000 0.000000 0.000000 0.000000 0.432990
1698 0.000000 0.004864 0.000000 0.000000 0.000000 0.000000 0.000000 0.075389 0.000000 0.000000 0.000000 0.000000 0.000000 0.000000 0.000000 0.000000 0.000000 0.000000 0.000000 0.000000 0.000000 0.000000 0.000000 0.000000 0.000000 0.000000 0.000000 0.000000 0.919747
1699 0.000000 0.004864 0.000000 0.000000 0.000000 0.000000 0.000000 0.075389 0.000000 0.000000 0.000000 0.000000 0.000000 0.000000 0.000000 0.000000 0.000000 0.000000 0.000000 0.000000 0.000000 0.000000 0.000000 0.000000 0.000000 0.000000 0.000000 0.000000 0.919747
612 0.000000 0.001712 0.000000 0.000000 0.000000 0.000000 0.000000 0.045377 0.000000 0.000000 0.000000 0.000000 0.000000 0.000000 0.000000 0.000000 0.000000 0.000000 0.000000 0.000000 0.000000 0.000000 0.000000 0.000000 0.000000 0.000000 0.000000 0.000000 0.952911
2067 0.000116 0.000161 0.000845 0.001819 0.000001 0.009202 0.001009 0.004088 0.003922 0.013833 0.017326 0.033086 0.059555 0.190233 0.000004 0.000082 0.042568 0.177935 0.009235 0.000000 0.000264 0.004791 0.257879 0.008131 0.000020 0.073740 0.000017 0.007236 0.082903
616 0.000000 0.172414 0.000000 0.000000 0.000000 0.000000 0.000000 0.344828 0.000000 0.000000 0.000000 0.000000 0.000000 0.000000 0.000000 0.000000 0.000000 0.000000 0.000000 0.000000 0.000000 0.000000 0.000000 0.000000 0.000000 0.000000 0.000000 0.000000 0.482759
617 0.000000 0.172414 0.000000 0.000000 0.000000 0.000000 0.000000 0.344828 0.000000 0.000000 0.000000 0.000000 0.000000 0.000000 0.000000 0.000000 0.000000 0.000000 0.000000 0.000000 0.000000 0.000000 0.000000 0.000000 0.000000 0.000000 0.000000 0.000000 0.482759
615 0.000000 0.172414 0.000000 0.000000 0.000000 0.000000 0.000000 0.344828 0.000000 0.000000 0.000000 0.000000 0.000000 0.000000 0.000000 0.000000 0.000000 0.000000 0.000000 0.000000 0.000000 0.000000 0.000000 0.000000 0.000000 0.000000 0.000000 0.000000 0.482759
1889 0.000000 0.003196 0.000000 0.000000 0.000000 0.000000 0.000000 0.061531 0.000000 0.000000 0.000000 0.000000 0.000000 0.000000 0.000000 0.000000 0.000000 0.000000 0.000000 0.000000 0.000000 0.000000 0.000000 0.000000 0.000000 0.000000 0.000000 0.000000 0.935272
1888 0.000000 0.003196 0.000000 0.000000 0.000000 0.000000 0.000000 0.061531 0.000000 0.000000 0.000000 0.000000 0.000000 0.000000 0.000000 0.000000 0.000000 0.000000 0.000000 0.000000 0.000000 0.000000 0.000000 0.000000 0.000000 0.000000 0.000000 0.000000 0.935272
1887 0.000000 0.003196 0.000000 0.000000 0.000000 0.000000 0.000000 0.061531 0.000000 0.000000 0.000000 0.000000 0.000000 0.000000 0.000000 0.000000 0.000000 0.000000 0.000000 0.000000 0.000000 0.000000 0.000000 0.000000 0.000000 0.000000 0.000000 0.000000 0.935272
1886 0.000000 0.003196 0.000000 0.000000 0.000000 0.000000 0.000000 0.061531 0.000000 0.000000 0.000000 0.000000 0.000000 0.000000 0.000000 0.000000 0.000000 0.000000 0.000000 0.000000 0.000000 0.000000 0.000000 0.000000 0.000000 0.000000 0.000000 0.000000 0.935272
1885 0.000000 0.003196 0.000000 0.000000 0.000000 0.000000 0.000000 0.061531 0.000000 0.000000 0.000000 0.000000 0.000000 0.000000 0.000000 0.000000 0.000000 0.000000 0.000000 0.000000 0.000000 0.000000 0.000000 0.000000 0.000000 0.000000 0.000000 0.000000 0.935272
1884 0.000000 0.003196 0.000000 0.000000 0.000000 0.000000 0.000000 0.061531 0.000000 0.000000 0.000000 0.000000 0.000000 0.000000 0.000000 0.000000 0.000000 0.000000 0.000000 0.000000 0.000000 0.000000 0.000000 0.000000 0.000000 0.000000 0.000000 0.000000 0.935272
1883 0.000000 0.003196 0.000000 0.000000 0.000000 0.000000 0.000000 0.061531 0.000000 0.000000 0.000000 0.000000 0.000000 0.000000 0.000000 0.000000 0.000000 0.000000 0.000000 0.000000 0.000000 0.000000 0.000000 0.000000 0.000000 0.000000 0.000000 0.000000 0.935272
1882 0.000000 0.003196 0.000000 0.000000 0.000000 0.000000 0.000000 0.061531 0.000000 0.000000 0.000000 0.000000 0.000000 0.000000 0.000000 0.000000 0.000000 0.000000 0.000000 0.000000 0.000000 0.000000 0.000000 0.000000 0.000000 0.000000 0.000000 0.000000 0.935272
1881 0.000000 0.003196 0.000000 0.000000 0.000000 0.000000 0.000000 0.061531 0.000000 0.000000 0.000000 0.000000 0.000000 0.000000 0.000000 0.000000 0.000000 0.000000 0.000000 0.000000 0.000000 0.000000 0.000000 0.000000 0.000000 0.000000 0.000000 0.000000 0.935272
1880 0.000000 0.003196 0.000000 0.000000 0.000000 0.000000 0.000000 0.061531 0.000000 0.000000 0.000000 0.000000 0.000000 0.000000 0.000000 0.000000 0.000000 0.000000 0.000000 0.000000 0.000000 0.000000 0.000000 0.000000 0.000000 0.000000 0.000000 0.000000 0.935272
945 0.006711 0.012265 0.002829 0.004288 0.000093 0.055776 0.027226 0.053365 0.001203 0.001116 0.000000 0.004166 0.016959 0.032559 0.000000 0.000488 0.020567 0.097782 0.003864 0.000000 0.000930 0.014240 0.166978 0.022066 0.000139 0.210820 0.000813 0.065478 0.177280
942 0.000252 0.000332 0.002540 0.005161 0.000008 0.009002 0.001252 0.006441 0.006649 0.074209 0.089250 0.020980 0.081429 0.233797 0.000012 0.000398 0.038409 0.057479 0.038572 0.000005 0.000582 0.009643 0.160187 0.013932 0.000062 0.034948 0.000079 0.008179 0.106212
941 0.003803 0.006354 0.005305 0.005995 0.000066 0.038523 0.018401 0.038123 0.002996 0.010228 0.004030 0.013689 0.033942 0.063109 0.000056 0.000246 0.048177 0.047730 0.023372 0.000000 0.001012 0.014432 0.182825 0.037581 0.000212 0.153155 0.000621 0.065877 0.180140
1579 0.000000 0.001435 0.000000 0.000000 0.000000 0.000000 0.000000 0.041607 0.000000 0.000000 0.000000 0.000000 0.000000 0.000000 0.000000 0.000000 0.000000 0.000000 0.000000 0.000000 0.000000 0.000000 0.000000 0.000000 0.000000 0.000000 0.000000 0.000000 0.956958
1578 0.000000 0.001435 0.000000 0.000000 0.000000 0.000000 0.000000 0.041607 0.000000 0.000000 0.000000 0.000000 0.000000 0.000000 0.000000 0.000000 0.000000 0.000000 0.000000 0.000000 0.000000 0.000000 0.000000 0.000000 0.000000 0.000000 0.000000 0.000000 0.956958
688 0.000673 0.000886 0.003844 0.004247 0.000032 0.018285 0.003911 0.010700 0.010889 0.025834 0.014606 0.020381 0.099585 0.143912 0.000080 0.001077 0.054504 0.100193 0.025978 0.000009 0.001157 0.011422 0.209555 0.026432 0.000187 0.086315 0.000351 0.017177 0.107779
1573 0.000000 0.001435 0.000000 0.000000 0.000000 0.000000 0.000000 0.041607 0.000000 0.000000 0.000000 0.000000 0.000000 0.000000 0.000000 0.000000 0.000000 0.000000 0.000000 0.000000 0.000000 0.000000 0.000000 0.000000 0.000000 0.000000 0.000000 0.000000 0.956958
