478 0.000000 0.001882 0.000000 0.000000 0.000000 0.000000 0.000000 0.047529 0.000000 0.000000 0.000000 0.000000 0.000000 0.000000 0.000000 0.000000 0.000000 0.000000 0.000000 0.000000 0.000000 0.000000 0.000000 0.000000 0.000000 0.000000 0.000000 0.000000 0.950588
481 0.000121 0.000287 0.000336 0.000000 0.000001 0.010330 0.002007 0.009044 0.000000 0.000000 0.000000 0.000000 0.023967 0.000000 0.000000 0.000000 0.000000 0.212125 0.005907 0.000000 0.000074 0.000000 0.311710 0.010372 0.000010 0.162322 0.000027 0.022691 0.228668
480 0.000000 0.001882 0.000000 0.000000 0.000000 0.000000 0.000000 0.047529 0.000000 0.000000 0.000000 0.000000 0.000000 0.000000 0.000000 0.000000 0.000000 0.000000 0.000000 0.000000 0.000000 0.000000 0.000000 0.000000 0.000000 0.000000 0.000000 0.000000 0.950588
479 0.000000 0.001882 0.000000 0.000000 0.000000 0.000000 0.000000 0.047529 0.000000 0.000000 0.000000 0.000000 0.000000 0.000000 0.000000 0.000000 0.000000 0.000000 0.000000 0.000000 0.000000 0.000000 0.000000 0.000000 0.000000 0.000000 0.000000 0.000000 0.950588
1563 0.000000 0.001299 0.000000 0.000000 0.000000 0.000000 0.000000 0.039631 0.000000 0.000000 0.000000 0.000000 0.000000 0.000000 0.000000 0.000000 0.000000 0.000000 0.000000 0.000000 0.000000 0.000000 0.000000 0.000000 0.000000 0.000000 0.000000 0.000000 0.959070
1472 0.000000 0.001299 0.000000 0.000000 0.000000 0.000000 0.000000 0.039631 0.000000 0.000000 0.000000 0.000000 0.000000 0.000000 0.000000 0.000000 0.000000 0.000000 0.000000 0.000000 0.000000 0.000000 0.000000 0.000000 0.000000 0.000000 0.000000 0.000000 0.959070
1473 0.000000 0.001299 0.000000 0.000000 0.000000 0.000000 0.000000 0.039631 0.000000 0.000000 0.000000 0.000000 0.000000 0.000000 0.000000 0.000000 0.000000 0.000000 0.000000 0.000000 0.000000 0.000000 0.000000 0.000000 0.000000 0.000000 0.000000 0.000000 0.959070
1470 0.000000 0.001299 0.000000 0.000000 0.000000 0.000000 0.000000 0.039631 0.000000 0.000000 0.000000 0.000000 0.000000 0.000000 0.000000 0.000000 0.000000 0.000000 0.000000 0.000000 0.000000 0.000000 0.000000 0.000000 0.000000 0.000000 0.000000 0.000000 0.959070
1471 0.000000 0.001299 0.000000 0.000000 0.000000 0.000000 0.000000 0.039631 0.000000 0.000000 0.000000 0.000000 0.000000 0.000000 0.000000 0.000000 0.000000 0.000000 0.000000 0.000000 0.000000 0.000000 0.000000 0.000000 0.000000 0.000000 0.000000 0.000000 0.959070
1476 0.000000 0.001299 0.000000 0.000000 0.000000 0.000000 0.000000 0.039631 0.000000 0.000000 0.000000 0.000000 0.000000 0.000000 0.000000 0.000000 0.000000 0.000000 0.000000 0.000000 0.000000 0.000000 0.000000 0.000000 0.000000 0.000000 0.000000 0.000000 0.959070
1477 0.000000 0.001299 0.000000 0.000000 0.000000 0.000000 0.000000 0.039631 0.000000 0.000000 0.000000 0.000000 0.000000 0.000000 0.000000 0.000000 0.000000 0.000000 0.000000 0.000000 0.000000 0.000000 0.000000 0.000000 0.000000 0.000000 0.000000 0.000000 0.959070
1474 0.000000 0.001299 0.000000 0.000000 0.000000 0.000000 0.000000 0.039631 0.000000 0.000000 0.000000 0.000000 0.000000 0.000000 0.000000 0.000000 0.000000 0.000000 0.000000 0.000000 0.000000 0.000000 0.000000 0.000000 0.000000 0.000000 0.000000 0.000000 0.959070
1475 0.000000 0.001299 0.000000 0.000000 0.000000 0.000000 0.000000 0.039631 0.000000 0.000000 0.000000 0.000000 0.000000 0.000000 0.000000 0.000000 0.000000 0.000000 0.000000 0.000000 0.000000 0.000000 0.000000 0.000000 0.000000 0.000000 0.000000 0.000000 0.959070
1478 0.000000 0.001299 0.000000 0.000000 0.000000 0.000000 0.000000 0.039631 0.000000 0.000000 0.000000 0.000000 0.000000 0.000000 0.000000 0.000000 0.000000 0.000000 0.000000 0.000000 0.000000 0.000000 0.000000 0.000000 0.000000 0.000000 0.000000 0.000000 0.959070
1479 0.000000 0.001299 0.000000 0.000000 0.000000 0.000000 0.000000 0.039631 0.000000 0.000000 0.000000 0.000000 0.000000 0.000000 0.000000 0.000000 0.000000 0.000000 0.000000 0.000000 0.000000 0.000000 0.000000 0.000000 0.000000 0.000000 0.000000 0.000000 0.959070
