1868 0.000000 0.003196 0.000000 0.000000 0.000000 0.000000 0.000000 0.061531 0.000000 0.000000 0.000000 0.000000 0.000000 0.000000 0.000000 0.000000 0.000000 0.000000 0.000000 0.000000 0.000000 0.000000 0.000000 0.000000 0.000000 0.000000 0.000000 0.000000 0.935272
931 0.000719 0.001547 0.002439 0.003422 0.000008 0.021096 0.002521 0.019202 0.005748 0.011427 0.005564 0.012419 0.065561 0.123661 0.000001 0.000117 0.030264 0.135294 0.011375 0.000002 0.000339 0.005714 0.263863 0.013430 0.000046 0.059963 0.000066 0.006655 0.197537
465 0.005303 0.008233 0.005222 0.007248 0.000128 0.037479 0.031425 0.041635 0.004286 0.006949 0.004284 0.015697 0.016543 0.043926 0.000024 0.000608 0.070008 0.026429 0.021162 0.000005 0.000815 0.026362 0.113809 0.043793 0.000411 0.181226 0.001589 0.127471 0.157930
961 0.006999 0.005585 0.008343 0.016634 0.000029 0.052464 0.022640 0.017490 0.004653 0.023432 0.019282 0.030373 0.039030 0.135055 0.000000 0.000175 0.090667 0.084703 0.022208 0.000000 0.000312 0.033858 0.118243 0.044365 0.000049 0.138076 0.000263 0.046776 0.038297
2007 0.000000 0.023337 0.000000 0.000000 0.000000 0.000000 0.000000 0.157526 0.000000 0.000000 0.000000 0.000000 0.000000 0.000000 0.000000 0.000000 0.000000 0.000000 0.000000 0.000000 0.000000 0.000000 0.000000 0.000000 0.000000 0.000000 0.000000 0.000000 0.819137
464 0.000767 0.001193 0.003484 0.003425 0.000019 0.020014 0.004764 0.014914 0.007067 0.014904 0.009794 0.020060 0.079080 0.103829 0.000006 0.000367 0.044359 0.099282 0.024554 0.000002 0.000698 0.008171 0.228821 0.027400 0.000116 0.106348 0.000292 0.022018 0.154253
467 0.002748 0.002471 0.005644 0.009252 0.000183 0.033161 0.015062 0.013527 0.009852 0.015638 0.016718 0.025188 0.041771 0.124611 0.000049 0.002049 0.103974 0.083889 0.027699 0.000048 0.001478 0.025714 0.141255 0.043752 0.001117 0.134097 0.002517 0.061992 0.054544
643 0.002926 0.008465 0.001973 0.002104 0.000138 0.025498 0.023658 0.060424 0.001149 0.001291 0.000254 0.004950 0.009830 0.014625 0.000045 0.000407 0.022815 0.021037 0.006355 0.000015 0.001640 0.011445 0.104941 0.025376 0.000543 0.188749 0.001839 0.123711 0.333800
441 0.000000 0.010246 0.000000 0.000000 0.000000 0.000000 0.000000 0.107582 0.000000 0.000000 0.000000 0.000000 0.000000 0.000000 0.000000 0.000000 0.000000 0.000000 0.000000 0.000000 0.000000 0.000000 0.000000 0.000000 0.000000 0.000000 0.000000 0.000000 0.882172
2036 0.000134 0.000322 0.000674 0.000925 0.000002 0.010799 0.001019 0.008484 0.001845 0.002899 0.004121 0.004529 0.050409 0.082736 0.000002 0.000059 0.014780 0.213293 0.006018 0.000001 0.000291 0.002332 0.327485 0.008672 0.000027 0.073145 0.000030 0.006998 0.177968
642 0.000173 0.000122 0.002000 0.004698 0.000010 0.007738 0.001114 0.001932 0.013627 0.063904 0.101290 0.034070 0.078287 0.296819 0.000035 0.000849 0.067995 0.080185 0.019516 0.000005 0.000736 0.012923 0.125613 0.015358 0.000100 0.039932 0.000131 0.005670 0.025169
2033 0.000741 0.000222 0.002486 0.015634 0.000019 0.011296 0.002433 0.001091 0.007191 0.050859 0.270862 0.030200 0.024265 0.308582 0.000018 0.000863 0.092487 0.035953 0.010291 0.000007 0.000493 0.029257 0.050804 0.013614 0.000095 0.030439 0.000181 0.005577 0.004039
645 0.000318 0.001129 0.002044 0.000281 0.000029 0.011572 0.003566 0.023455 0.001510 0.003847 0.000151 0.004686 0.065489 0.009599 0.000011 0.000149 0.005864 0.058876 0.027909 0.000002 0.001985 0.000920 0.218350 0.023020 0.000393 0.105904 0.000352 0.034102 0.394486
466 0.004855 0.017018 0.003401 0.000616 0.000197 0.029280 0.031017 0.089108 0.000702 0.000259 0.000000 0.001189 0.012428 0.001177 0.000000 0.000308 0.008306 0.017942 0.015034 0.000012 0.000832 0.002385 0.099632 0.028115 0.000628 0.140576 0.002631 0.140736 0.351615
2038 0.000123 0.000198 0.000737 0.001285 0.000001 0.010167 0.001169 0.005023 0.002581 0.007703 0.000000 0.024542 0.057115 0.143967 0.000002 0.000025 0.035051 0.207923 0.007755 0.000000 0.000167 0.004307 0.284145 0.008163 0.000010 0.088264 0.000012 0.008250 0.101314
921 0.000313 0.000800 0.002826 0.002120 0.000013 0.011157 0.002366 0.016428 0.006207 0.030031 0.010336 0.013217 0.088530 0.088908 0.000007 0.000285 0.023291 0.057689 0.042583 0.000005 0.000917 0.004527 0.215889 0.019586 0.000121 0.064393 0.000169 0.020946 0.276341
677 0.000044 0.000028 0.000748 0.003324 0.000003 0.003202 0.000270 0.000656 0.010556 0.058121 0.265501 0.026333 0.045407 0.346100 0.000024 0.000405 0.046190 0.055417 0.009308 0.000002 0.000382 0.006688 0.085330 0.005371 0.000039 0.016138 0.000034 0.001600 0.012779
438 0.000000 0.010246 0.000000 0.000000 0.000000 0.000000 0.000000 0.107582 0.000000 0.000000 0.000000 0.000000 0.000000 0.000000 0.000000 0.000000 0.000000 0.000000 0.000000 0.000000 0.000000 0.000000 0.000000 0.000000 0.000000 0.000000 0.000000 0.000000 0.882172
898 0.010079 0.052654 0.003041 0.000000 0.000000 0.042662 0.029890 0.166305 0.000000 0.000000 0.000000 0.000000 0.009123 0.000000 0.000000 0.000000 0.000000 0.007299 0.006082 0.000000 0.000000 0.000000 0.104701 0.012164 0.000000 0.107220 0.000000 0.057868 0.390911
899 0.000000 0.487805 0.000000 0.000000 0.000000 0.000000 0.000000 0.365854 0.000000 0.000000 0.000000 0.000000 0.000000 0.000000 0.000000 0.000000 0.000000 0.000000 0.000000 0.000000 0.000000 0.000000 0.000000 0.000000 0.000000 0.000000 0.000000 0.000000 0.146341
1609 0.000187 0.000460 0.000187 0.000000 0.000000 0.011629 0.003524 0.012455 0.000000 0.000000 0.000000 0.000000 0.010564 0.000000 0.000000 0.000000 0.000000 0.166423 0.001197 0.000000 0.000000 0.000000 0.258416 0.006972 0.000000 0.214449 0.000000 0.043461 0.270075
