564 0.000000 0.172414 0.000000 0.000000 0.000000 0.000000 0.000000 0.344828 0.000000 0.000000 0.000000 0.000000 0.000000 0.000000 0.000000 0.000000 0.000000 0.000000 0.000000 0.000000 0.000000 0.000000 0.000000 0.000000 0.000000 0.000000 0.000000 0.000000 0.482759
565 0.000000 0.172414 0.000000 0.000000 0.000000 0.000000 0.000000 0.344828 0.000000 0.000000 0.000000 0.000000 0.000000 0.000000 0.000000 0.000000 0.000000 0.000000 0.000000 0.000000 0.000000 0.000000 0.000000 0.000000 0.000000 0.000000 0.000000 0.000000 0.482759
1739 0.000000 0.010724 0.000000 0.000000 0.000000 0.000000 0.000000 0.109920 0.000000 0.000000 0.000000 0.000000 0.000000 0.000000 0.000000 0.000000 0.000000 0.000000 0.000000 0.000000 0.000000 0.000000 0.000000 0.000000 0.000000 0.000000 0.000000 0.000000 0.879357
1738 0.000000 0.010724 0.000000 0.000000 0.000000 0.000000 0.000000 0.109920 0.000000 0.000000 0.000000 0.000000 0.000000 0.000000 0.000000 0.000000 0.000000 0.000000 0.000000 0.000000 0.000000 0.000000 0.000000 0.000000 0.000000 0.000000 0.000000 0.000000 0.879357
1733 0.000000 0.010724 0.000000 0.000000 0.000000 0.000000 0.000000 0.109920 0.000000 0.000000 0.000000 0.000000 0.000000 0.000000 0.000000 0.000000 0.000000 0.000000 0.000000 0.000000 0.000000 0.000000 0.000000 0.000000 0.000000 0.000000 0.000000 0.000000 0.879357
1735 0.000000 0.010724 0.000000 0.000000 0.000000 0.000000 0.000000 0.109920 0.000000 0.000000 0.000000 0.000000 0.000000 0.000000 0.000000 0.000000 0.000000 0.000000 0.000000 0.000000 0.000000 0.000000 0.000000 0.000000 0.000000 0.000000 0.000000 0.000000 0.879357
1734 0.000000 0.010724 0.000000 0.000000 0.000000 0.000000 0.000000 0.109920 0.000000 0.000000 0.000000 0.000000 0.000000 0.000000 0.000000 0.000000 0.000000 0.000000 0.000000 0.000000 0.000000 0.000000 0.000000 0.000000 0.000000 0.000000 0.000000 0.000000 0.879357
1737 0.000000 0.010724 0.000000 0.000000 0.000000 0.000000 0.000000 0.109920 0.000000 0.000000 0.000000 0.000000 0.000000 0.000000 0.000000 0.000000 0.000000 0.000000 0.000000 0.000000 0.000000 0.000000 0.000000 0.000000 0.000000 0.000000 0.000000 0.000000 0.879357
1740 0.000000 0.010724 0.000000 0.000000 0.000000 0.000000 0.000000 0.109920 0.000000 0.000000 0.000000 0.000000 0.000000 0.000000 0.000000 0.000000 0.000000 0.000000 0.000000 0.000000 0.000000 0.000000 0.000000 0.000000 0.000000 0.000000 0.000000 0.000000 0.879357
993 0.005196 0.010743 0.006158 0.003169 0.000061 0.042940 0.025374 0.054754 0.000237 0.005483 0.000000 0.003421 0.038395 0.027483 0.000000 0.000072 0.015421 0.051183 0.022147 0.000000 0.000837 0.009565 0.156746 0.045588 0.000158 0.177036 0.000600 0.081828 0.215403
1014 0.006786 0.028014 0.001780 0.000000 0.000000 0.030313 0.039156 0.118562 0.000000 0.000000 0.000000 0.000000 0.004561 0.000000 0.000000 0.000000 0.000000 0.018633 0.003782 0.000000 0.000000 0.000000 0.057696 0.018911 0.000000 0.156235 0.000000 0.143016 0.372557
1015 0.007100 0.030546 0.000849 0.000000 0.000000 0.038943 0.031207 0.124897 0.000000 0.000000 0.000000 0.000000 0.003821 0.000000 0.000000 0.000000 0.000000 0.026984 0.000425 0.000000 0.000000 0.000000 0.093761 0.007642 0.000000 0.165586 0.000000 0.082014 0.386225
1010 0.005942 0.009047 0.004179 0.008005 0.000161 0.037760 0.037246 0.042549 0.002907 0.004497 0.004296 0.012926 0.010877 0.044463 0.000009 0.000657 0.066046 0.033700 0.012506 0.000000 0.001068 0.034053 0.077405 0.045993 0.000575 0.206257 0.002043 0.149722 0.145111
1011 0.005672 0.021797 0.001931 0.000000 0.000000 0.024798 0.041333 0.103213 0.000000 0.000000 0.000000 0.000000 0.004541 0.000000 0.000000 0.000000 0.000000 0.019436 0.005302 0.000000 0.000000 0.000000 0.036162 0.024718 0.000000 0.162422 0.000000 0.190361 0.358315
1012 0.005672 0.021797 0.001931 0.000000 0.000000 0.024798 0.041333 0.103213 0.000000 0.000000 0.000000 0.000000 0.004541 0.000000 0.000000 0.000000 0.000000 0.019436 0.005302 0.000000 0.000000 0.000000 0.036162 0.024718 0.000000 0.162422 0.000000 0.190361 0.358315
1013 0.006113 0.012322 0.003727 0.004269 0.000101 0.035945 0.040416 0.058591 0.001593 0.002425 0.000000 0.007521 0.009756 0.020446 0.000000 0.000255 0.037481 0.032754 0.011442 0.000000 0.000590 0.019235 0.070319 0.042876 0.000242 0.206379 0.001505 0.171178 0.202520
1009 0.005942 0.009047 0.004179 0.008005 0.000161 0.037760 0.037246 0.042549 0.002907 0.004497 0.004296 0.012926 0.010877 0.044463 0.000009 0.000657 0.066046 0.033700 0.012506 0.000000 0.001068 0.034053 0.077405 0.045993 0.000575 0.206257 0.002043 0.149722 0.145111
1008 0.006197 0.013714 0.003336 0.003874 0.000256 0.033605 0.041849 0.065291 0.001970 0.000865 0.000000 0.005215 0.007732 0.017465 0.000010 0.000430 0.032853 0.025520 0.009554 0.000000 0.001351 0.017757 0.063726 0.038937 0.000947 0.197082 0.003234 0.180732 0.226496
1007 0.006197 0.013714 0.003336 0.003874 0.000256 0.033605 0.041849 0.065291 0.001970 0.000865 0.000000 0.005215 0.007732 0.017465 0.000010 0.000430 0.032853 0.025520 0.009554 0.000000 0.001351 0.017757 0.063726 0.038937 0.000947 0.197082 0.003234 0.180732 0.226496
1006 0.004751 0.004711 0.003932 0.013194 0.000068 0.040174 0.024884 0.021631 0.001941 0.011424 0.018706 0.020400 0.014847 0.110839 0.000004 0.000607 0.094311 0.066988 0.015098 0.000000 0.000563 0.048060 0.107064 0.035623 0.000244 0.181344 0.000869 0.085692 0.072030
1005 0.003942 0.003357 0.005469 0.012908 0.000141 0.039404 0.018498 0.015001 0.006258 0.016219 0.015656 0.016074 0.034464 0.157173 0.000090 0.001421 0.081832 0.085726 0.019548 0.000000 0.001787 0.042150 0.117205 0.042279 0.000612 0.158091 0.001337 0.055086 0.048272
1003 0.004362 0.003843 0.005658 0.013179 0.000265 0.037934 0.022461 0.017434 0.003122 0.020600 0.020679 0.027721 0.019676 0.118392 0.000033 0.001991 0.101890 0.059811 0.026326 0.000085 0.002399 0.044376 0.103366 0.042586 0.001377 0.164666 0.002608 0.075953 0.057209
994 0.005196 0.010743 0.006158 0.003169 0.000061 0.042940 0.025374 0.054754 0.000237 0.005483 0.000000 0.003421 0.038395 0.027483 0.000000 0.000072 0.015421 0.051183 0.022147 0.000000 0.000837 0.009565 0.156746 0.045588 0.000158 0.177036 0.000600 0.081828 0.215403
883 0.010980 0.039661 0.002414 0.002130 0.000000 0.030006 0.056794 0.131809 0.000000 0.000521 0.000000 0.003266 0.001467 0.002934 0.000000 0.000000 0.013583 0.004780 0.004307 0.000000 0.000000 0.007052 0.031331 0.022765 0.000000 0.136921 0.000000 0.182782 0.314497
884 0.000000 0.053050 0.000000 0.000000 0.000000 0.000000 0.000000 0.225464 0.000000 0.000000 0.000000 0.000000 0.000000 0.000000 0.000000 0.000000 0.000000 0.000000 0.000000 0.000000 0.000000 0.000000 0.000000 0.000000 0.000000 0.000000 0.000000 0.000000 0.721485
881 0.006566 0.016367 0.003757 0.002102 0.000099 0.033653 0.043913 0.074736 0.000177 0.001514 0.000000 0.002710 0.011229 0.008045 0.000000 0.000106 0.013996 0.027907 0.009956 0.000007 0.000651 0.010409 0.058213 0.043743 0.000163 0.195769 0.001373 0.185494 0.247345
856 0.002550 0.002081 0.004746 0.010917 0.000083 0.034795 0.010960 0.010878 0.008788 0.014675 0.019870 0.018476 0.046876 0.191477 0.000103 0.000672 0.087458 0.103761 0.015282 0.000002 0.001916 0.024781 0.152542 0.035616 0.000349 0.124607 0.000828 0.032287 0.042625
915 0.005221 0.047173 0.000280 0.000000 0.000000 0.010022 0.034074 0.180814 0.000000 0.000000 0.000000 0.000000 0.000280 0.000000 0.000000 0.000000 0.000000 0.001818 0.000140 0.000000 0.000000 0.000000 0.006759 0.003636 0.000000 0.062555 0.000000 0.137557 0.509672
914 0.005221 0.047173 0.000280 0.000000 0.000000 0.010022 0.034074 0.180814 0.000000 0.000000 0.000000 0.000000 0.000280 0.000000 0.000000 0.000000 0.000000 0.001818 0.000140 0.000000 0.000000 0.000000 0.006759 0.003636 0.000000 0.062555 0.000000 0.137557 0.509672
911 0.005221 0.047173 0.000280 0.000000 0.000000 0.010022 0.034074 0.180814 0.000000 0.000000 0.000000 0.000000 0.000280 0.000000 0.000000 0.000000 0.000000 0.001818 0.000140 0.000000 0.000000 0.000000 0.006759 0.003636 0.000000 0.062555 0.000000 0.137557 0.509672
913 0.005221 0.047173 0.000280 0.000000 0.000000 0.010022 0.034074 0.180814 0.000000 0.000000 0.000000 0.000000 0.000280 0.000000 0.000000 0.000000 0.000000 0.001818 0.000140 0.000000 0.000000 0.000000 0.006759 0.003636 0.000000 0.062555 0.000000 0.137557 0.509672
912 0.005221 0.047173 0.000280 0.000000 0.000000 0.010022 0.034074 0.180814 0.000000 0.000000 0.000000 0.000000 0.000280 0.000000 0.000000 0.000000 0.000000 0.001818 0.000140 0.000000 0.000000 0.000000 0.006759 0.003636 0.000000 0.062555 0.000000 0.137557 0.509672
896 0.005957 0.007983 0.006355 0.007954 0.000214 0.039744 0.035034 0.036031 0.003283 0.010190 0.005100 0.021725 0.019298 0.043908 0.000013 0.000841 0.071872 0.034130 0.020944 0.000024 0.001909 0.028808 0.087613 0.061155 0.000757 0.196739 0.002352 0.132940 0.117128
907 0.004700 0.053168 0.000000 0.000000 0.000000 0.014101 0.023501 0.196862 0.000000 0.000000 0.000000 0.000000 0.000000 0.000000 0.000000 0.000000 0.000000 0.000000 0.000000 0.000000 0.000000 0.000000 0.023501 0.000000 0.000000 0.070504 0.000000 0.070504 0.543157
902 0.005090 0.005259 0.005721 0.009639 0.000169 0.048377 0.021757 0.021760 0.005274 0.009566 0.004385 0.015577 0.035720 0.098429 0.000028 0.001338 0.073293 0.110093 0.018151 0.000029 0.001749 0.026568 0.144947 0.039899 0.000741 0.169093 0.001575 0.061151 0.064622
903 0.000000 0.053050 0.000000 0.000000 0.000000 0.000000 0.000000 0.225464 0.000000 0.000000 0.000000 0.000000 0.000000 0.000000 0.000000 0.000000 0.000000 0.000000 0.000000 0.000000 0.000000 0.000000 0.000000 0.000000 0.000000 0.000000 0.000000 0.000000 0.721485
900 0.006523 0.065775 0.000000 0.000000 0.000000 0.016308 0.029354 0.210915 0.000000 0.000000 0.000000 0.000000 0.000000 0.000000 0.000000 0.000000 0.000000 0.000000 0.000000 0.000000 0.000000 0.000000 0.021744 0.000000 0.000000 0.073386 0.000000 0.078278 0.497717
904 0.009898 0.016421 0.008324 0.000000 0.000000 0.075868 0.029633 0.052047 0.000000 0.000000 0.000000 0.000000 0.052607 0.000000 0.000000 0.000000 0.000000 0.139190 0.016421 0.000000 0.000000 0.000000 0.189799 0.045070 0.000000 0.191888 0.000000 0.053863 0.118971
905 0.009898 0.016421 0.008324 0.000000 0.000000 0.075868 0.029633 0.052047 0.000000 0.000000 0.000000 0.000000 0.052607 0.000000 0.000000 0.000000 0.000000 0.139190 0.016421 0.000000 0.000000 0.000000 0.189799 0.045070 0.000000 0.191888 0.000000 0.053863 0.118971
861 0.004506 0.008547 0.005058 0.000000 0.000075 0.048422 0.022979 0.044134 0.000000 0.000000 0.000000 0.000000 0.046154 0.000000 0.000000 0.000000 0.000000 0.117501 0.013046 0.000000 0.001313 0.000000 0.181811 0.045897 0.000179 0.214254 0.000787 0.073877 0.171459
909 0.005810 0.006984 0.004660 0.007667 0.000178 0.054139 0.023908 0.028430 0.003294 0.003979 0.000000 0.009271 0.030420 0.075321 0.000032 0.001118 0.053540 0.124865 0.012599 0.000032 0.001571 0.021835 0.158465 0.032914 0.000753 0.190175 0.001587 0.062775 0.083676
865 0.004601 0.009401 0.003434 0.000000 0.000039 0.047452 0.024950 0.049199 0.000000 0.000000 0.000000 0.000000 0.027773 0.000000 0.000000 0.000000 0.000000 0.112513 0.009543 0.000000 0.000582 0.000000 0.165833 0.034084 0.000104 0.232028 0.000453 0.084905 0.193107
867 0.003682 0.003772 0.007702 0.007286 0.000174 0.039603 0.018488 0.018640 0.010338 0.014198 0.003840 0.021527 0.058057 0.087525 0.000177 0.000999 0.071354 0.087116 0.029732 0.000008 0.003007 0.020339 0.142094 0.057861 0.000681 0.161220 0.001726 0.060468 0.068386
