1684 0.000000 0.004864 0.000000 0.000000 0.000000 0.000000 0.000000 0.075389 0.000000 0.000000 0.000000 0.000000 0.000000 0.000000 0.000000 0.000000 0.000000 0.000000 0.000000 0.000000 0.000000 0.000000 0.000000 0.000000 0.000000 0.000000 0.000000 0.000000 0.919747
1687 0.000000 0.004864 0.000000 0.000000 0.000000 0.000000 0.000000 0.075389 0.000000 0.000000 0.000000 0.000000 0.000000 0.000000 0.000000 0.000000 0.000000 0.000000 0.000000 0.000000 0.000000 0.000000 0.000000 0.000000 0.000000 0.000000 0.000000 0.000000 0.919747
1686 0.000000 0.004864 0.000000 0.000000 0.000000 0.000000 0.000000 0.075389 0.000000 0.000000 0.000000 0.000000 0.000000 0.000000 0.000000 0.000000 0.000000 0.000000 0.000000 0.000000 0.000000 0.000000 0.000000 0.000000 0.000000 0.000000 0.000000 0.000000 0.919747
1689 0.000000 0.004864 0.000000 0.000000 0.000000 0.000000 0.000000 0.075389 0.000000 0.000000 0.000000 0.000000 0.000000 0.000000 0.000000 0.000000 0.000000 0.000000 0.000000 0.000000 0.000000 0.000000 0.000000 0.000000 0.000000 0.000000 0.000000 0.000000 0.919747
1688 0.000000 0.004864 0.000000 0.000000 0.000000 0.000000 0.000000 0.075389 0.000000 0.000000 0.000000 0.000000 0.000000 0.000000 0.000000 0.000000 0.000000 0.000000 0.000000 0.000000 0.000000 0.000000 0.000000 0.000000 0.000000 0.000000 0.000000 0.000000 0.919747
1593 0.000000 0.001435 0.000000 0.000000 0.000000 0.000000 0.000000 0.041607 0.000000 0.000000 0.000000 0.000000 0.000000 0.000000 0.000000 0.000000 0.000000 0.000000 0.000000 0.000000 0.000000 0.000000 0.000000 0.000000 0.000000 0.000000 0.000000 0.000000 0.956958
1592 0.000187 0.000460 0.000187 0.000000 0.000000 0.011629 0.003524 0.012455 0.000000 0.000000 0.000000 0.000000 0.010564 0.000000 0.000000 0.000000 0.000000 0.166423 0.001197 0.000000 0.000000 0.000000 0.258416 0.006972 0.000000 0.214449 0.000000 0.043461 0.270075
660 0.000309 0.001241 0.001576 0.000125 0.000024 0.011250 0.003681 0.025912 0.000949 0.001327 0.000000 0.002167 0.049101 0.004370 0.000005 0.000055 0.002825 0.056006 0.021128 0.000000 0.001563 0.000319 0.211516 0.020322 0.000373 0.110379 0.000287 0.036647 0.436544
2013 0.000000 0.023337 0.000000 0.000000 0.000000 0.000000 0.000000 0.157526 0.000000 0.000000 0.000000 0.000000 0.000000 0.000000 0.000000 0.000000 0.000000 0.000000 0.000000 0.000000 0.000000 0.000000 0.000000 0.000000 0.000000 0.000000 0.000000 0.000000 0.819137
695 0.000091 0.000053 0.000989 0.004127 0.000005 0.005415 0.000651 0.001090 0.009498 0.049859 0.159524 0.041749 0.045293 0.334153 0.000027 0.000668 0.065302 0.072127 0.010491 0.000004 0.000628 0.012877 0.118542 0.009482 0.000079 0.034293 0.000087 0.003835 0.019060
1599 0.000187 0.000460 0.000187 0.000000 0.000000 0.011629 0.003524 0.012455 0.000000 0.000000 0.000000 0.000000 0.010564 0.000000 0.000000 0.000000 0.000000 0.166423 0.001197 0.000000 0.000000 0.000000 0.258416 0.006972 0.000000 0.214449 0.000000 0.043461 0.270075
698 0.000856 0.002233 0.002018 0.001484 0.000013 0.019776 0.007223 0.029335 0.000867 0.003900 0.000000 0.004510 0.040161 0.036248 0.000003 0.000115 0.017811 0.064453 0.012906 0.000000 0.000491 0.007735 0.219522 0.023926 0.000052 0.151006 0.000227 0.041548 0.311580
699 0.000221 0.000205 0.001529 0.003325 0.000004 0.011044 0.001962 0.003639 0.006083 0.031167 0.035300 0.045121 0.064646 0.199207 0.000008 0.000237 0.071401 0.131143 0.015643 0.000001 0.000319 0.012602 0.198512 0.016572 0.000035 0.083927 0.000066 0.014335 0.051749
543 0.005321 0.014843 0.004054 0.000000 0.000729 0.030384 0.038603 0.075325 0.000000 0.000000 0.000000 0.000000 0.014325 0.000000 0.000000 0.000000 0.000000 0.027985 0.017664 0.000000 0.002530 0.000000 0.069656 0.040419 0.004431 0.186360 0.008299 0.177810 0.281261
540 0.000000 0.082988 0.000000 0.000000 0.000000 0.000000 0.000000 0.269710 0.000000 0.000000 0.000000 0.000000 0.000000 0.000000 0.000000 0.000000 0.000000 0.000000 0.000000 0.000000 0.000000 0.000000 0.000000 0.000000 0.000000 0.000000 0.000000 0.000000 0.647303
541 0.000000 0.082988 0.000000 0.000000 0.000000 0.000000 0.000000 0.269710 0.000000 0.000000 0.000000 0.000000 0.000000 0.000000 0.000000 0.000000 0.000000 0.000000 0.000000 0.000000 0.000000 0.000000 0.000000 0.000000 0.000000 0.000000 0.000000 0.000000 0.647303
546 0.005038 0.006188 0.009241 0.006462 0.000444 0.041798 0.025009 0.028844 0.011003 0.011821 0.002617 0.021536 0.048680 0.053513 0.000216 0.002342 0.067255 0.054459 0.036538 0.000011 0.004454 0.015305 0.137084 0.060383 0.002079 0.154544 0.004103 0.088094 0.100939
547 0.004749 0.023064 0.001207 0.000000 0.000209 0.019912 0.035444 0.115072 0.000000 0.000000 0.000000 0.000000 0.003093 0.000000 0.000000 0.000000 0.000000 0.010465 0.001766 0.000000 0.001037 0.000000 0.034447 0.015971 0.000469 0.136480 0.002843 0.165569 0.428204
544 0.005321 0.014843 0.004054 0.000000 0.000729 0.030384 0.038603 0.075325 0.000000 0.000000 0.000000 0.000000 0.014325 0.000000 0.000000 0.000000 0.000000 0.027985 0.017664 0.000000 0.002530 0.000000 0.069656 0.040419 0.004431 0.186360 0.008299 0.177810 0.281261
545 0.010204 0.018910 0.010373 0.000000 0.000185 0.062961 0.038544 0.062978 0.000000 0.000000 0.000000 0.000000 0.049086 0.000000 0.000000 0.000000 0.000000 0.078470 0.027094 0.000000 0.001785 0.000000 0.143586 0.061900 0.000320 0.186677 0.001465 0.093002 0.152460
2012 0.000000 0.023337 0.000000 0.000000 0.000000 0.000000 0.000000 0.157526 0.000000 0.000000 0.000000 0.000000 0.000000 0.000000 0.000000 0.000000 0.000000 0.000000 0.000000 0.000000 0.000000 0.000000 0.000000 0.000000 0.000000 0.000000 0.000000 0.000000 0.819137
548 0.000000 0.073529 0.000000 0.000000 0.000000 0.000000 0.000000 0.257353 0.000000 0.000000 0.000000 0.000000 0.000000 0.000000 0.000000 0.000000 0.000000 0.000000 0.000000 0.000000 0.000000 0.000000 0.000000 0.000000 0.000000 0.000000 0.000000 0.000000 0.669118
549 0.004749 0.023064 0.001207 0.000000 0.000209 0.019912 0.035444 0.115072 0.000000 0.000000 0.000000 0.000000 0.003093 0.000000 0.000000 0.000000 0.000000 0.010465 0.001766 0.000000 0.001037 0.000000 0.034447 0.015971 0.000469 0.136480 0.002843 0.165569 0.428204
598 0.000039 0.001582 0.000019 0.000000 0.000000 0.001962 0.000197 0.041863 0.000000 0.000000 0.000000 0.000000 0.000893 0.000000 0.000000 0.000000 0.000000 0.003264 0.000040 0.000000 0.000000 0.000000 0.060689 0.000174 0.000000 0.009707 0.000000 0.000635 0.878936
1317 0.000132 0.000305 0.000825 0.000137 0.000003 0.010967 0.001598 0.008472 0.000349 0.000566 0.000000 0.000998 0.064678 0.011303 0.000002 0.000008 0.003138 0.224207 0.009364 0.000000 0.000502 0.000994 0.324727 0.017184 0.000055 0.118753 0.000078 0.013534 0.187119
1316 0.000127 0.000182 0.000933 0.000960 0.000002 0.009965 0.001716 0.004893 0.002385 0.005547 0.001261 0.038101 0.064971 0.090148 0.000004 0.000037 0.038955 0.189964 0.013674 0.000000 0.000384 0.004605 0.272382 0.016399 0.000035 0.120698 0.000049 0.016897 0.104727
1315 0.000127 0.000182 0.000933 0.000960 0.000002 0.009965 0.001716 0.004893 0.002385 0.005547 0.001261 0.038101 0.064971 0.090148 0.000004 0.000037 0.038955 0.189964 0.013674 0.000000 0.000384 0.004605 0.272382 0.016399 0.000035 0.120698 0.000049 0.016897 0.104727
