917 0.006310 0.045442 0.000753 0.000000 0.000330 0.019118 0.033104 0.170795 0.000000 0.000000 0.000000 0.000000 0.000377 0.000000 0.000000 0.000000 0.000000 0.000377 0.001978 0.000000 0.000659 0.000000 0.037954 0.006028 0.000989 0.086410 0.002637 0.110426 0.476314
1933 0.000000 0.053050 0.000000 0.000000 0.000000 0.000000 0.000000 0.225464 0.000000 0.000000 0.000000 0.000000 0.000000 0.000000 0.000000 0.000000 0.000000 0.000000 0.000000 0.000000 0.000000 0.000000 0.000000 0.000000 0.000000 0.000000 0.000000 0.000000 0.721485
1932 0.000000 0.053050 0.000000 0.000000 0.000000 0.000000 0.000000 0.225464 0.000000 0.000000 0.000000 0.000000 0.000000 0.000000 0.000000 0.000000 0.000000 0.000000 0.000000 0.000000 0.000000 0.000000 0.000000 0.000000 0.000000 0.000000 0.000000 0.000000 0.721485
1937 0.000000 0.053050 0.000000 0.000000 0.000000 0.000000 0.000000 0.225464 0.000000 0.000000 0.000000 0.000000 0.000000 0.000000 0.000000 0.000000 0.000000 0.000000 0.000000 0.000000 0.000000 0.000000 0.000000 0.000000 0.000000 0.000000 0.000000 0.000000 0.721485
1936 0.000000 0.053050 0.000000 0.000000 0.000000 0.000000 0.000000 0.225464 0.000000 0.000000 0.000000 0.000000 0.000000 0.000000 0.000000 0.000000 0.000000 0.000000 0.000000 0.000000 0.000000 0.000000 0.000000 0.000000 0.000000 0.000000 0.000000 0.000000 0.721485
1935 0.000000 0.053050 0.000000 0.000000 0.000000 0.000000 0.000000 0.225464 0.000000 0.000000 0.000000 0.000000 0.000000 0.000000 0.000000 0.000000 0.000000 0.000000 0.000000 0.000000 0.000000 0.000000 0.000000 0.000000 0.000000 0.000000 0.000000 0.000000 0.721485
1934 0.000000 0.053050 0.000000 0.000000 0.000000 0.000000 0.000000 0.225464 0.000000 0.000000 0.000000 0.000000 0.000000 0.000000 0.000000 0.000000 0.000000 0.000000 0.000000 0.000000 0.000000 0.000000 0.000000 0.000000 0.000000 0.000000 0.000000 0.000000 0.721485
1938 0.000000 0.053050 0.000000 0.000000 0.000000 0.000000 0.000000 0.225464 0.000000 0.000000 0.000000 0.000000 0.000000 0.000000 0.000000 0.000000 0.000000 0.000000 0.000000 0.000000 0.000000 0.000000 0.000000 0.000000 0.000000 0.000000 0.000000 0.000000 0.721485
151 0.000097 0.010624 0.000000 0.000000 0.000000 0.000097 0.001895 0.107927 0.000000 0.000000 0.000000 0.000000 0.000000 0.000000 0.000000 0.000000 0.000000 0.000000 0.000000 0.000000 0.000000 0.000000 0.000032 0.000000 0.000000 0.001895 0.000000 0.024000 0.853432
2431 0.000000 0.065574 0.000000 0.000000 0.000000 0.000000 0.000000 0.245902 0.000000 0.000000 0.000000 0.000000 0.000000 0.000000 0.000000 0.000000 0.000000 0.000000 0.000000 0.000000 0.000000 0.000000 0.000000 0.000000 0.000000 0.000000 0.000000 0.000000 0.688525
2435 0.000000 0.065574 0.000000 0.000000 0.000000 0.000000 0.000000 0.245902 0.000000 0.000000 0.000000 0.000000 0.000000 0.000000 0.000000 0.000000 0.000000 0.000000 0.000000 0.000000 0.000000 0.000000 0.000000 0.000000 0.000000 0.000000 0.000000 0.000000 0.688525
2434 0.000000 0.065574 0.000000 0.000000 0.000000 0.000000 0.000000 0.245902 0.000000 0.000000 0.000000 0.000000 0.000000 0.000000 0.000000 0.000000 0.000000 0.000000 0.000000 0.000000 0.000000 0.000000 0.000000 0.000000 0.000000 0.000000 0.000000 0.000000 0.688525
2095 0.000013 0.001731 0.000000 0.000000 0.000000 0.000036 0.000640 0.045116 0.000000 0.000000 0.000000 0.000000 0.000000 0.000000 0.000000 0.000000 0.000000 0.000023 0.000000 0.000000 0.000000 0.000000 0.000022 0.000008 0.000000 0.001782 0.000000 0.020979 0.929651
2094 0.000000 0.001882 0.000000 0.000000 0.000000 0.000000 0.000000 0.047529 0.000000 0.000000 0.000000 0.000000 0.000000 0.000000 0.000000 0.000000 0.000000 0.000000 0.000000 0.000000 0.000000 0.000000 0.000000 0.000000 0.000000 0.000000 0.000000 0.000000 0.950588
2097 0.000013 0.001731 0.000000 0.000000 0.000000 0.000036 0.000640 0.045116 0.000000 0.000000 0.000000 0.000000 0.000000 0.000000 0.000000 0.000000 0.000000 0.000023 0.000000 0.000000 0.000000 0.000000 0.000022 0.000008 0.000000 0.001782 0.000000 0.020979 0.929651
2096 0.000013 0.001731 0.000000 0.000000 0.000000 0.000036 0.000640 0.045116 0.000000 0.000000 0.000000 0.000000 0.000000 0.000000 0.000000 0.000000 0.000000 0.000023 0.000000 0.000000 0.000000 0.000000 0.000022 0.000008 0.000000 0.001782 0.000000 0.020979 0.929651
2091 0.000013 0.001731 0.000000 0.000000 0.000000 0.000036 0.000640 0.045116 0.000000 0.000000 0.000000 0.000000 0.000000 0.000000 0.000000 0.000000 0.000000 0.000023 0.000000 0.000000 0.000000 0.000000 0.000022 0.000008 0.000000 0.001782 0.000000 0.020979 0.929651
2090 0.000013 0.001731 0.000000 0.000000 0.000000 0.000036 0.000640 0.045116 0.000000 0.000000 0.000000 0.000000 0.000000 0.000000 0.000000 0.000000 0.000000 0.000023 0.000000 0.000000 0.000000 0.000000 0.000022 0.000008 0.000000 0.001782 0.000000 0.020979 0.929651
2093 0.000013 0.001731 0.000000 0.000000 0.000000 0.000036 0.000640 0.045116 0.000000 0.000000 0.000000 0.000000 0.000000 0.000000 0.000000 0.000000 0.000000 0.000023 0.000000 0.000000 0.000000 0.000000 0.000022 0.000008 0.000000 0.001782 0.000000 0.020979 0.929651
2092 0.000013 0.001731 0.000000 0.000000 0.000000 0.000036 0.000640 0.045116 0.000000 0.000000 0.000000 0.000000 0.000000 0.000000 0.000000 0.000000 0.000000 0.000023 0.000000 0.000000 0.000000 0.000000 0.000022 0.000008 0.000000 0.001782 0.000000 0.020979 0.929651
2099 0.000013 0.001731 0.000000 0.000000 0.000000 0.000036 0.000640 0.045116 0.000000 0.000000 0.000000 0.000000 0.000000 0.000000 0.000000 0.000000 0.000000 0.000023 0.000000 0.000000 0.000000 0.000000 0.000022 0.000008 0.000000 0.001782 0.000000 0.020979 0.929651
2098 0.000013 0.001731 0.000000 0.000000 0.000000 0.000036 0.000640 0.045116 0.000000 0.000000 0.000000 0.000000 0.000000 0.000000 0.000000 0.000000 0.000000 0.000023 0.000000 0.000000 0.000000 0.000000 0.000022 0.000008 0.000000 0.001782 0.000000 0.020979 0.929651
2323 0.000033 0.001777 0.000016 0.000000 0.000000 0.001499 0.000199 0.044822 0.000000 0.000000 0.000000 0.000000 0.000688 0.000000 0.000000 0.000000 0.000000 0.001055 0.000038 0.000000 0.000005 0.000000 0.043777 0.000142 0.000000 0.008912 0.000001 0.000773 0.896264
2037 0.000013 0.001731 0.000000 0.000000 0.000000 0.000036 0.000640 0.045116 0.000000 0.000000 0.000000 0.000000 0.000000 0.000000 0.000000 0.000000 0.000000 0.000023 0.000000 0.000000 0.000000 0.000000 0.000022 0.000008 0.000000 0.001782 0.000000 0.020979 0.929651
2069 0.000078 0.001516 0.000102 0.000006 0.000001 0.003037 0.001151 0.039348 0.000027 0.000007 0.000000 0.000059 0.003464 0.000023 0.000000 0.000001 0.000519 0.005021 0.001372 0.000000 0.000024 0.000050 0.083869 0.001330 0.000029 0.026775 0.000012 0.022238 0.809941
2061 0.000013 0.001731 0.000000 0.000000 0.000000 0.000036 0.000640 0.045116 0.000000 0.000000 0.000000 0.000000 0.000000 0.000000 0.000000 0.000000 0.000000 0.000023 0.000000 0.000000 0.000000 0.000000 0.000022 0.000008 0.000000 0.001782 0.000000 0.020979 0.929651
2062 0.000013 0.001731 0.000000 0.000000 0.000000 0.000036 0.000640 0.045116 0.000000 0.000000 0.000000 0.000000 0.000000 0.000000 0.000000 0.000000 0.000000 0.000023 0.000000 0.000000 0.000000 0.000000 0.000022 0.000008 0.000000 0.001782 0.000000 0.020979 0.929651
2063 0.000013 0.001731 0.000000 0.000000 0.000000 0.000036 0.000640 0.045116 0.000000 0.000000 0.000000 0.000000 0.000000 0.000000 0.000000 0.000000 0.000000 0.000023 0.000000 0.000000 0.000000 0.000000 0.000022 0.000008 0.000000 0.001782 0.000000 0.020979 0.929651
2064 0.000013 0.001731 0.000000 0.000000 0.000000 0.000036 0.000640 0.045116 0.000000 0.000000 0.000000 0.000000 0.000000 0.000000 0.000000 0.000000 0.000000 0.000023 0.000000 0.000000 0.000000 0.000000 0.000022 0.000008 0.000000 0.001782 0.000000 0.020979 0.929651
2066 0.000013 0.001731 0.000000 0.000000 0.000000 0.000036 0.000640 0.045116 0.000000 0.000000 0.000000 0.000000 0.000000 0.000000 0.000000 0.000000 0.000000 0.000023 0.000000 0.000000 0.000000 0.000000 0.000022 0.000008 0.000000 0.001782 0.000000 0.020979 0.929651
2079 0.000013 0.001731 0.000000 0.000000 0.000000 0.000036 0.000640 0.045116 0.000000 0.000000 0.000000 0.000000 0.000000 0.000000 0.000000 0.000000 0.000000 0.000023 0.000000 0.000000 0.000000 0.000000 0.000022 0.000008 0.000000 0.001782 0.000000 0.020979 0.929651
2078 0.000013 0.001731 0.000000 0.000000 0.000000 0.000036 0.000640 0.045116 0.000000 0.000000 0.000000 0.000000 0.000000 0.000000 0.000000 0.000000 0.000000 0.000023 0.000000 0.000000 0.000000 0.000000 0.000022 0.000008 0.000000 0.001782 0.000000 0.020979 0.929651
2073 0.000013 0.001731 0.000000 0.000000 0.000000 0.000036 0.000640 0.045116 0.000000 0.000000 0.000000 0.000000 0.000000 0.000000 0.000000 0.000000 0.000000 0.000023 0.000000 0.000000 0.000000 0.000000 0.000022 0.000008 0.000000 0.001782 0.000000 0.020979 0.929651
2072 0.000013 0.001731 0.000000 0.000000 0.000000 0.000036 0.000640 0.045116 0.000000 0.000000 0.000000 0.000000 0.000000 0.000000 0.000000 0.000000 0.000000 0.000023 0.000000 0.000000 0.000000 0.000000 0.000022 0.000008 0.000000 0.001782 0.000000 0.020979 0.929651
2071 0.000013 0.001731 0.000000 0.000000 0.000000 0.000036 0.000640 0.045116 0.000000 0.000000 0.000000 0.000000 0.000000 0.000000 0.000000 0.000000 0.000000 0.000023 0.000000 0.000000 0.000000 0.000000 0.000022 0.000008 0.000000 0.001782 0.000000 0.020979 0.929651
2070 0.000013 0.001731 0.000000 0.000000 0.000000 0.000036 0.000640 0.045116 0.000000 0.000000 0.000000 0.000000 0.000000 0.000000 0.000000 0.000000 0.000000 0.000023 0.000000 0.000000 0.000000 0.000000 0.000022 0.000008 0.000000 0.001782 0.000000 0.020979 0.929651
2077 0.000013 0.001731 0.000000 0.000000 0.000000 0.000036 0.000640 0.045116 0.000000 0.000000 0.000000 0.000000 0.000000 0.000000 0.000000 0.000000 0.000000 0.000023 0.000000 0.000000 0.000000 0.000000 0.000022 0.000008 0.000000 0.001782 0.000000 0.020979 0.929651
2076 0.000013 0.001731 0.000000 0.000000 0.000000 0.000036 0.000640 0.045116 0.000000 0.000000 0.000000 0.000000 0.000000 0.000000 0.000000 0.000000 0.000000 0.000023 0.000000 0.000000 0.000000 0.000000 0.000022 0.000008 0.000000 0.001782 0.000000 0.020979 0.929651
2075 0.000013 0.001731 0.000000 0.000000 0.000000 0.000036 0.000640 0.045116 0.000000 0.000000 0.000000 0.000000 0.000000 0.000000 0.000000 0.000000 0.000000 0.000023 0.000000 0.000000 0.000000 0.000000 0.000022 0.000008 0.000000 0.001782 0.000000 0.020979 0.929651
2074 0.000013 0.001731 0.000000 0.000000 0.000000 0.000036 0.000640 0.045116 0.000000 0.000000 0.000000 0.000000 0.000000 0.000000 0.000000 0.000000 0.000000 0.000023 0.000000 0.000000 0.000000 0.000000 0.000022 0.000008 0.000000 0.001782 0.000000 0.020979 0.929651
731 0.000164 0.001015 0.001251 0.000504 0.000005 0.007636 0.001175 0.025705 0.003358 0.005340 0.000674 0.002684 0.063556 0.025580 0.000006 0.000108 0.009353 0.057911 0.009995 0.000001 0.000352 0.001023 0.202539 0.006805 0.000049 0.031310 0.000061 0.015961 0.525878
2045 0.000013 0.001731 0.000000 0.000000 0.000000 0.000036 0.000640 0.045116 0.000000 0.000000 0.000000 0.000000 0.000000 0.000000 0.000000 0.000000 0.000000 0.000023 0.000000 0.000000 0.000000 0.000000 0.000022 0.000008 0.000000 0.001782 0.000000 0.020979 0.929651
2042 0.000013 0.001731 0.000000 0.000000 0.000000 0.000036 0.000640 0.045116 0.000000 0.000000 0.000000 0.000000 0.000000 0.000000 0.000000 0.000000 0.000000 0.000023 0.000000 0.000000 0.000000 0.000000 0.000022 0.000008 0.000000 0.001782 0.000000 0.020979 0.929651
