1147 0.000000 0.002520 0.000000 0.000000 0.000000 0.000000 0.000000 0.054807 0.000000 0.000000 0.000000 0.000000 0.000000 0.000000 0.000000 0.000000 0.000000 0.000000 0.000000 0.000000 0.000000 0.000000 0.000000 0.000000 0.000000 0.000000 0.000000 0.000000 0.942674
1144 0.000000 0.002520 0.000000 0.000000 0.000000 0.000000 0.000000 0.054807 0.000000 0.000000 0.000000 0.000000 0.000000 0.000000 0.000000 0.000000 0.000000 0.000000 0.000000 0.000000 0.000000 0.000000 0.000000 0.000000 0.000000 0.000000 0.000000 0.000000 0.942674
1145 0.000000 0.002520 0.000000 0.000000 0.000000 0.000000 0.000000 0.054807 0.000000 0.000000 0.000000 0.000000 0.000000 0.000000 0.000000 0.000000 0.000000 0.000000 0.000000 0.000000 0.000000 0.000000 0.000000 0.000000 0.000000 0.000000 0.000000 0.000000 0.942674
666 0.000295 0.001356 0.001093 0.000000 0.000004 0.010821 0.003706 0.028454 0.000000 0.000000 0.000000 0.000000 0.033764 0.000000 0.000000 0.000000 0.000000 0.055419 0.014504 0.000000 0.000285 0.000000 0.202079 0.017671 0.000047 0.112018 0.000080 0.038303 0.480100
1148 0.000000 0.002520 0.000000 0.000000 0.000000 0.000000 0.000000 0.054807 0.000000 0.000000 0.000000 0.000000 0.000000 0.000000 0.000000 0.000000 0.000000 0.000000 0.000000 0.000000 0.000000 0.000000 0.000000 0.000000 0.000000 0.000000 0.000000 0.000000 0.942674
664 0.000295 0.001356 0.001093 0.000000 0.000004 0.010821 0.003706 0.028454 0.000000 0.000000 0.000000 0.000000 0.033764 0.000000 0.000000 0.000000 0.000000 0.055419 0.014504 0.000000 0.000285 0.000000 0.202079 0.017671 0.000047 0.112018 0.000080 0.038303 0.480100
663 0.000295 0.001356 0.001093 0.000000 0.000004 0.010821 0.003706 0.028454 0.000000 0.000000 0.000000 0.000000 0.033764 0.000000 0.000000 0.000000 0.000000 0.055419 0.014504 0.000000 0.000285 0.000000 0.202079 0.017671 0.000047 0.112018 0.000080 0.038303 0.480100
662 0.000325 0.000931 0.002502 0.000692 0.000023 0.012238 0.003219 0.019068 0.004060 0.008590 0.000748 0.010461 0.084551 0.026829 0.000022 0.000221 0.014054 0.073448 0.034741 0.000006 0.001592 0.002221 0.229994 0.025247 0.000285 0.096038 0.000275 0.028608 0.319010
661 0.000325 0.000931 0.002502 0.000692 0.000023 0.012238 0.003219 0.019068 0.004060 0.008590 0.000748 0.010461 0.084551 0.026829 0.000022 0.000221 0.014054 0.073448 0.034741 0.000006 0.001592 0.002221 0.229994 0.025247 0.000285 0.096038 0.000275 0.028608 0.319010
665 0.000295 0.001356 0.001093 0.000000 0.000004 0.010821 0.003706 0.028454 0.000000 0.000000 0.000000 0.000000 0.033764 0.000000 0.000000 0.000000 0.000000 0.055419 0.014504 0.000000 0.000285 0.000000 0.202079 0.017671 0.000047 0.112018 0.000080 0.038303 0.480100
995 0.000297 0.000553 0.002911 0.003834 0.000013 0.010211 0.001790 0.011193 0.007090 0.059164 0.044234 0.018334 0.087115 0.153887 0.000019 0.000442 0.034675 0.052746 0.044991 0.000006 0.000843 0.006576 0.191986 0.016655 0.000114 0.048189 0.000147 0.014257 0.187724
1149 0.000000 0.002520 0.000000 0.000000 0.000000 0.000000 0.000000 0.054807 0.000000 0.000000 0.000000 0.000000 0.000000 0.000000 0.000000 0.000000 0.000000 0.000000 0.000000 0.000000 0.000000 0.000000 0.000000 0.000000 0.000000 0.000000 0.000000 0.000000 0.942674
678 0.000154 0.002069 0.000143 0.000000 0.000002 0.003869 0.003049 0.044507 0.000000 0.000000 0.000000 0.000000 0.003027 0.000000 0.000000 0.000000 0.000000 0.003895 0.001971 0.000000 0.000095 0.000000 0.062131 0.002786 0.000027 0.069627 0.000030 0.043492 0.759125
679 0.000154 0.002069 0.000143 0.000000 0.000002 0.003869 0.003049 0.044507 0.000000 0.000000 0.000000 0.000000 0.003027 0.000000 0.000000 0.000000 0.000000 0.003895 0.001971 0.000000 0.000095 0.000000 0.062131 0.002786 0.000027 0.069627 0.000030 0.043492 0.759125
992 0.000272 0.001391 0.001738 0.000181 0.000009 0.009695 0.002890 0.029389 0.000612 0.002146 0.000000 0.001598 0.055787 0.006775 0.000010 0.000036 0.002708 0.040487 0.025354 0.000001 0.000697 0.000527 0.193964 0.016050 0.000064 0.077584 0.000104 0.031136 0.498794
674 0.000154 0.002069 0.000143 0.000000 0.000002 0.003869 0.003049 0.044507 0.000000 0.000000 0.000000 0.000000 0.003027 0.000000 0.000000 0.000000 0.000000 0.003895 0.001971 0.000000 0.000095 0.000000 0.062131 0.002786 0.000027 0.069627 0.000030 0.043492 0.759125
675 0.000154 0.002069 0.000143 0.000000 0.000002 0.003869 0.003049 0.044507 0.000000 0.000000 0.000000 0.000000 0.003027 0.000000 0.000000 0.000000 0.000000 0.003895 0.001971 0.000000 0.000095 0.000000 0.062131 0.002786 0.000027 0.069627 0.000030 0.043492 0.759125
676 0.000167 0.002006 0.000350 0.000016 0.000003 0.004414 0.003007 0.043135 0.000031 0.000198 0.000000 0.000130 0.007603 0.000485 0.000000 0.000005 0.000280 0.004449 0.006370 0.000000 0.000164 0.000035 0.076357 0.003643 0.000042 0.069140 0.000037 0.042247 0.735687
1150 0.000000 0.002520 0.000000 0.000000 0.000000 0.000000 0.000000 0.054807 0.000000 0.000000 0.000000 0.000000 0.000000 0.000000 0.000000 0.000000 0.000000 0.000000 0.000000 0.000000 0.000000 0.000000 0.000000 0.000000 0.000000 0.000000 0.000000 0.000000 0.942674
1128 0.000000 0.002520 0.000000 0.000000 0.000000 0.000000 0.000000 0.054807 0.000000 0.000000 0.000000 0.000000 0.000000 0.000000 0.000000 0.000000 0.000000 0.000000 0.000000 0.000000 0.000000 0.000000 0.000000 0.000000 0.000000 0.000000 0.000000 0.000000 0.942674
1129 0.000000 0.002520 0.000000 0.000000 0.000000 0.000000 0.000000 0.054807 0.000000 0.000000 0.000000 0.000000 0.000000 0.000000 0.000000 0.000000 0.000000 0.000000 0.000000 0.000000 0.000000 0.000000 0.000000 0.000000 0.000000 0.000000 0.000000 0.000000 0.942674
708 0.000291 0.001214 0.002212 0.000453 0.000015 0.010483 0.002888 0.025429 0.002009 0.005480 0.000336 0.002368 0.073217 0.017715 0.000010 0.000090 0.006434 0.050699 0.032893 0.000001 0.001035 0.001322 0.206459 0.018340 0.000183 0.078724 0.000136 0.029470 0.430094
709 0.000123 0.002137 0.000313 0.000000 0.000001 0.003385 0.002037 0.046134 0.000000 0.000000 0.000000 0.000000 0.007791 0.000000 0.000000 0.000000 0.000000 0.002787 0.005480 0.000000 0.000045 0.000000 0.063854 0.002193 0.000004 0.045492 0.000005 0.028842 0.789375
1120 0.000000 0.002520 0.000000 0.000000 0.000000 0.000000 0.000000 0.054807 0.000000 0.000000 0.000000 0.000000 0.000000 0.000000 0.000000 0.000000 0.000000 0.000000 0.000000 0.000000 0.000000 0.000000 0.000000 0.000000 0.000000 0.000000 0.000000 0.000000 0.942674
1121 0.000000 0.002520 0.000000 0.000000 0.000000 0.000000 0.000000 0.054807 0.000000 0.000000 0.000000 0.000000 0.000000 0.000000 0.000000 0.000000 0.000000 0.000000 0.000000 0.000000 0.000000 0.000000 0.000000 0.000000 0.000000 0.000000 0.000000 0.000000 0.942674
1122 0.000000 0.002520 0.000000 0.000000 0.000000 0.000000 0.000000 0.054807 0.000000 0.000000 0.000000 0.000000 0.000000 0.000000 0.000000 0.000000 0.000000 0.000000 0.000000 0.000000 0.000000 0.000000 0.000000 0.000000 0.000000 0.000000 0.000000 0.000000 0.942674
1123 0.000000 0.002520 0.000000 0.000000 0.000000 0.000000 0.000000 0.054807 0.000000 0.000000 0.000000 0.000000 0.000000 0.000000 0.000000 0.000000 0.000000 0.000000 0.000000 0.000000 0.000000 0.000000 0.000000 0.000000 0.000000 0.000000 0.000000 0.000000 0.942674
1125 0.000000 0.002520 0.000000 0.000000 0.000000 0.000000 0.000000 0.054807 0.000000 0.000000 0.000000 0.000000 0.000000 0.000000 0.000000 0.000000 0.000000 0.000000 0.000000 0.000000 0.000000 0.000000 0.000000 0.000000 0.000000 0.000000 0.000000 0.000000 0.942674
1126 0.000000 0.002520 0.000000 0.000000 0.000000 0.000000 0.000000 0.054807 0.000000 0.000000 0.000000 0.000000 0.000000 0.000000 0.000000 0.000000 0.000000 0.000000 0.000000 0.000000 0.000000 0.000000 0.000000 0.000000 0.000000 0.000000 0.000000 0.000000 0.942674
1127 0.000000 0.002520 0.000000 0.000000 0.000000 0.000000 0.000000 0.054807 0.000000 0.000000 0.000000 0.000000 0.000000 0.000000 0.000000 0.000000 0.000000 0.000000 0.000000 0.000000 0.000000 0.000000 0.000000 0.000000 0.000000 0.000000 0.000000 0.000000 0.942674
1139 0.000000 0.002520 0.000000 0.000000 0.000000 0.000000 0.000000 0.054807 0.000000 0.000000 0.000000 0.000000 0.000000 0.000000 0.000000 0.000000 0.000000 0.000000 0.000000 0.000000 0.000000 0.000000 0.000000 0.000000 0.000000 0.000000 0.000000 0.000000 0.942674
1138 0.000000 0.002520 0.000000 0.000000 0.000000 0.000000 0.000000 0.054807 0.000000 0.000000 0.000000 0.000000 0.000000 0.000000 0.000000 0.000000 0.000000 0.000000 0.000000 0.000000 0.000000 0.000000 0.000000 0.000000 0.000000 0.000000 0.000000 0.000000 0.942674
1133 0.000000 0.002520 0.000000 0.000000 0.000000 0.000000 0.000000 0.054807 0.000000 0.000000 0.000000 0.000000 0.000000 0.000000 0.000000 0.000000 0.000000 0.000000 0.000000 0.000000 0.000000 0.000000 0.000000 0.000000 0.000000 0.000000 0.000000 0.000000 0.942674
1132 0.000000 0.002520 0.000000 0.000000 0.000000 0.000000 0.000000 0.054807 0.000000 0.000000 0.000000 0.000000 0.000000 0.000000 0.000000 0.000000 0.000000 0.000000 0.000000 0.000000 0.000000 0.000000 0.000000 0.000000 0.000000 0.000000 0.000000 0.000000 0.942674
1131 0.000000 0.002520 0.000000 0.000000 0.000000 0.000000 0.000000 0.054807 0.000000 0.000000 0.000000 0.000000 0.000000 0.000000 0.000000 0.000000 0.000000 0.000000 0.000000 0.000000 0.000000 0.000000 0.000000 0.000000 0.000000 0.000000 0.000000 0.000000 0.942674
1130 0.000000 0.002520 0.000000 0.000000 0.000000 0.000000 0.000000 0.054807 0.000000 0.000000 0.000000 0.000000 0.000000 0.000000 0.000000 0.000000 0.000000 0.000000 0.000000 0.000000 0.000000 0.000000 0.000000 0.000000 0.000000 0.000000 0.000000 0.000000 0.942674
1136 0.000000 0.002520 0.000000 0.000000 0.000000 0.000000 0.000000 0.054807 0.000000 0.000000 0.000000 0.000000 0.000000 0.000000 0.000000 0.000000 0.000000 0.000000 0.000000 0.000000 0.000000 0.000000 0.000000 0.000000 0.000000 0.000000 0.000000 0.000000 0.942674
1135 0.000000 0.002520 0.000000 0.000000 0.000000 0.000000 0.000000 0.054807 0.000000 0.000000 0.000000 0.000000 0.000000 0.000000 0.000000 0.000000 0.000000 0.000000 0.000000 0.000000 0.000000 0.000000 0.000000 0.000000 0.000000 0.000000 0.000000 0.000000 0.942674
1134 0.000000 0.002520 0.000000 0.000000 0.000000 0.000000 0.000000 0.054807 0.000000 0.000000 0.000000 0.000000 0.000000 0.000000 0.000000 0.000000 0.000000 0.000000 0.000000 0.000000 0.000000 0.000000 0.000000 0.000000 0.000000 0.000000 0.000000 0.000000 0.942674
999 0.000300 0.000860 0.002858 0.002503 0.000007 0.010127 0.002062 0.017844 0.005600 0.037510 0.018469 0.010865 0.087772 0.096698 0.000010 0.000266 0.022400 0.046348 0.046814 0.000001 0.000381 0.004184 0.197547 0.014814 0.000048 0.051980 0.000066 0.019824 0.301842
1002 0.000300 0.000630 0.003349 0.003604 0.000011 0.009546 0.001825 0.012891 0.006700 0.068002 0.038689 0.017203 0.103203 0.127404 0.000017 0.000551 0.030842 0.044518 0.053522 0.000004 0.000610 0.006937 0.176601 0.015552 0.000079 0.044770 0.000102 0.015191 0.217346
972 0.000263 0.001499 0.001494 0.000410 0.000009 0.008507 0.003030 0.031914 0.000739 0.005283 0.000610 0.002727 0.039859 0.014393 0.000001 0.000047 0.005258 0.019805 0.024561 0.000000 0.000571 0.000773 0.170118 0.012276 0.000074 0.077603 0.000114 0.035119 0.542943
657 0.000295 0.001356 0.001093 0.000000 0.000004 0.010821 0.003706 0.028454 0.000000 0.000000 0.000000 0.000000 0.033764 0.000000 0.000000 0.000000 0.000000 0.055419 0.014504 0.000000 0.000285 0.000000 0.202079 0.017671 0.000047 0.112018 0.000080 0.038303 0.480100
