1707 0.000000 0.008621 0.000000 0.000000 0.000000 0.000000 0.000000 0.099138 0.000000 0.000000 0.000000 0.000000 0.000000 0.000000 0.000000 0.000000 0.000000 0.000000 0.000000 0.000000 0.000000 0.000000 0.000000 0.000000 0.000000 0.000000 0.000000 0.000000 0.892241
1708 0.000000 0.008621 0.000000 0.000000 0.000000 0.000000 0.000000 0.099138 0.000000 0.000000 0.000000 0.000000 0.000000 0.000000 0.000000 0.000000 0.000000 0.000000 0.000000 0.000000 0.000000 0.000000 0.000000 0.000000 0.000000 0.000000 0.000000 0.000000 0.892241
1711 0.000000 0.008621 0.000000 0.000000 0.000000 0.000000 0.000000 0.099138 0.000000 0.000000 0.000000 0.000000 0.000000 0.000000 0.000000 0.000000 0.000000 0.000000 0.000000 0.000000 0.000000 0.000000 0.000000 0.000000 0.000000 0.000000 0.000000 0.000000 0.892241
1717 0.000000 0.008621 0.000000 0.000000 0.000000 0.000000 0.000000 0.099138 0.000000 0.000000 0.000000 0.000000 0.000000 0.000000 0.000000 0.000000 0.000000 0.000000 0.000000 0.000000 0.000000 0.000000 0.000000 0.000000 0.000000 0.000000 0.000000 0.000000 0.892241
1716 0.000000 0.008621 0.000000 0.000000 0.000000 0.000000 0.000000 0.099138 0.000000 0.000000 0.000000 0.000000 0.000000 0.000000 0.000000 0.000000 0.000000 0.000000 0.000000 0.000000 0.000000 0.000000 0.000000 0.000000 0.000000 0.000000 0.000000 0.000000 0.892241
1714 0.000000 0.008621 0.000000 0.000000 0.000000 0.000000 0.000000 0.099138 0.000000 0.000000 0.000000 0.000000 0.000000 0.000000 0.000000 0.000000 0.000000 0.000000 0.000000 0.000000 0.000000 0.000000 0.000000 0.000000 0.000000 0.000000 0.000000 0.000000 0.892241
1719 0.000000 0.008621 0.000000 0.000000 0.000000 0.000000 0.000000 0.099138 0.000000 0.000000 0.000000 0.000000 0.000000 0.000000 0.000000 0.000000 0.000000 0.000000 0.000000 0.000000 0.000000 0.000000 0.000000 0.000000 0.000000 0.000000 0.000000 0.000000 0.892241
1726 0.000000 0.008621 0.000000 0.000000 0.000000 0.000000 0.000000 0.099138 0.000000 0.000000 0.000000 0.000000 0.000000 0.000000 0.000000 0.000000 0.000000 0.000000 0.000000 0.000000 0.000000 0.000000 0.000000 0.000000 0.000000 0.000000 0.000000 0.000000 0.892241
1724 0.000000 0.008621 0.000000 0.000000 0.000000 0.000000 0.000000 0.099138 0.000000 0.000000 0.000000 0.000000 0.000000 0.000000 0.000000 0.000000 0.000000 0.000000 0.000000 0.000000 0.000000 0.000000 0.000000 0.000000 0.000000 0.000000 0.000000 0.000000 0.892241
1725 0.000000 0.008621 0.000000 0.000000 0.000000 0.000000 0.000000 0.099138 0.000000 0.000000 0.000000 0.000000 0.000000 0.000000 0.000000 0.000000 0.000000 0.000000 0.000000 0.000000 0.000000 0.000000 0.000000 0.000000 0.000000 0.000000 0.000000 0.000000 0.892241
1722 0.000000 0.008621 0.000000 0.000000 0.000000 0.000000 0.000000 0.099138 0.000000 0.000000 0.000000 0.000000 0.000000 0.000000 0.000000 0.000000 0.000000 0.000000 0.000000 0.000000 0.000000 0.000000 0.000000 0.000000 0.000000 0.000000 0.000000 0.000000 0.892241
1723 0.000000 0.008621 0.000000 0.000000 0.000000 0.000000 0.000000 0.099138 0.000000 0.000000 0.000000 0.000000 0.000000 0.000000 0.000000 0.000000 0.000000 0.000000 0.000000 0.000000 0.000000 0.000000 0.000000 0.000000 0.000000 0.000000 0.000000 0.000000 0.892241
1720 0.000000 0.008621 0.000000 0.000000 0.000000 0.000000 0.000000 0.099138 0.000000 0.000000 0.000000 0.000000 0.000000 0.000000 0.000000 0.000000 0.000000 0.000000 0.000000 0.000000 0.000000 0.000000 0.000000 0.000000 0.000000 0.000000 0.000000 0.000000 0.892241
1721 0.000000 0.008621 0.000000 0.000000 0.000000 0.000000 0.000000 0.099138 0.000000 0.000000 0.000000 0.000000 0.000000 0.000000 0.000000 0.000000 0.000000 0.000000 0.000000 0.000000 0.000000 0.000000 0.000000 0.000000 0.000000 0.000000 0.000000 0.000000 0.892241
1810 0.000000 0.025000 0.000000 0.000000 0.000000 0.000000 0.000000 0.162500 0.000000 0.000000 0.000000 0.000000 0.000000 0.000000 0.000000 0.000000 0.000000 0.000000 0.000000 0.000000 0.000000 0.000000 0.000000 0.000000 0.000000 0.000000 0.000000 0.000000 0.812500
1811 0.000000 0.025000 0.000000 0.000000 0.000000 0.000000 0.000000 0.162500 0.000000 0.000000 0.000000 0.000000 0.000000 0.000000 0.000000 0.000000 0.000000 0.000000 0.000000 0.000000 0.000000 0.000000 0.000000 0.000000 0.000000 0.000000 0.000000 0.000000 0.812500
1812 0.000000 0.025000 0.000000 0.000000 0.000000 0.000000 0.000000 0.162500 0.000000 0.000000 0.000000 0.000000 0.000000 0.000000 0.000000 0.000000 0.000000 0.000000 0.000000 0.000000 0.000000 0.000000 0.000000 0.000000 0.000000 0.000000 0.000000 0.000000 0.812500
1807 0.000000 0.025000 0.000000 0.000000 0.000000 0.000000 0.000000 0.162500 0.000000 0.000000 0.000000 0.000000 0.000000 0.000000 0.000000 0.000000 0.000000 0.000000 0.000000 0.000000 0.000000 0.000000 0.000000 0.000000 0.000000 0.000000 0.000000 0.000000 0.812500
1806 0.000000 0.025000 0.000000 0.000000 0.000000 0.000000 0.000000 0.162500 0.000000 0.000000 0.000000 0.000000 0.000000 0.000000 0.000000 0.000000 0.000000 0.000000 0.000000 0.000000 0.000000 0.000000 0.000000 0.000000 0.000000 0.000000 0.000000 0.000000 0.812500
1805 0.000000 0.025000 0.000000 0.000000 0.000000 0.000000 0.000000 0.162500 0.000000 0.000000 0.000000 0.000000 0.000000 0.000000 0.000000 0.000000 0.000000 0.000000 0.000000 0.000000 0.000000 0.000000 0.000000 0.000000 0.000000 0.000000 0.000000 0.000000 0.812500
1804 0.000000 0.025000 0.000000 0.000000 0.000000 0.000000 0.000000 0.162500 0.000000 0.000000 0.000000 0.000000 0.000000 0.000000 0.000000 0.000000 0.000000 0.000000 0.000000 0.000000 0.000000 0.000000 0.000000 0.000000 0.000000 0.000000 0.000000 0.000000 0.812500
1803 0.000000 0.025000 0.000000 0.000000 0.000000 0.000000 0.000000 0.162500 0.000000 0.000000 0.000000 0.000000 0.000000 0.000000 0.000000 0.000000 0.000000 0.000000 0.000000 0.000000 0.000000 0.000000 0.000000 0.000000 0.000000 0.000000 0.000000 0.000000 0.812500
1802 0.000000 0.025000 0.000000 0.000000 0.000000 0.000000 0.000000 0.162500 0.000000 0.000000 0.000000 0.000000 0.000000 0.000000 0.000000 0.000000 0.000000 0.000000 0.000000 0.000000 0.000000 0.000000 0.000000 0.000000 0.000000 0.000000 0.000000 0.000000 0.812500
1801 0.000000 0.025000 0.000000 0.000000 0.000000 0.000000 0.000000 0.162500 0.000000 0.000000 0.000000 0.000000 0.000000 0.000000 0.000000 0.000000 0.000000 0.000000 0.000000 0.000000 0.000000 0.000000 0.000000 0.000000 0.000000 0.000000 0.000000 0.000000 0.812500
1800 0.000000 0.025000 0.000000 0.000000 0.000000 0.000000 0.000000 0.162500 0.000000 0.000000 0.000000 0.000000 0.000000 0.000000 0.000000 0.000000 0.000000 0.000000 0.000000 0.000000 0.000000 0.000000 0.000000 0.000000 0.000000 0.000000 0.000000 0.000000 0.812500
1809 0.000000 0.025000 0.000000 0.000000 0.000000 0.000000 0.000000 0.162500 0.000000 0.000000 0.000000 0.000000 0.000000 0.000000 0.000000 0.000000 0.000000 0.000000 0.000000 0.000000 0.000000 0.000000 0.000000 0.000000 0.000000 0.000000 0.000000 0.000000 0.812500
1808 0.000000 0.025000 0.000000 0.000000 0.000000 0.000000 0.000000 0.162500 0.000000 0.000000 0.000000 0.000000 0.000000 0.000000 0.000000 0.000000 0.000000 0.000000 0.000000 0.000000 0.000000 0.000000 0.000000 0.000000 0.000000 0.000000 0.000000 0.000000 0.812500
460 0.000000 0.094340 0.000000 0.000000 0.000000 0.000000 0.000000 0.283019 0.000000 0.000000 0.000000 0.000000 0.000000 0.000000 0.000000 0.000000 0.000000 0.000000 0.000000 0.000000 0.000000 0.000000 0.000000 0.000000 0.000000 0.000000 0.000000 0.000000 0.622642
669 0.000000 0.206186 0.000000 0.000000 0.000000 0.000000 0.000000 0.360825 0.000000 0.000000 0.000000 0.000000 0.000000 0.000000 0.000000 0.000000 0.000000 0.000000 0.000000 0.000000 0.000000 0.000000 0.000000 0.000000 0.000000 0.000000 0.000000 0.000000 0.432990
668 0.002297 0.004177 0.004153 0.000000 0.000094 0.037080 0.014853 0.029884 0.000000 0.000000 0.000000 0.000000 0.059635 0.000000 0.000000 0.000000 0.000000 0.140225 0.014802 0.000000 0.002388 0.000000 0.210211 0.045717 0.000502 0.208331 0.001128 0.061674 0.162849
667 0.002297 0.004177 0.004153 0.000000 0.000094 0.037080 0.014853 0.029884 0.000000 0.000000 0.000000 0.000000 0.059635 0.000000 0.000000 0.000000 0.000000 0.140225 0.014802 0.000000 0.002388 0.000000 0.210211 0.045717 0.000502 0.208331 0.001128 0.061674 0.162849
670 0.000000 0.206186 0.000000 0.000000 0.000000 0.000000 0.000000 0.360825 0.000000 0.000000 0.000000 0.000000 0.000000 0.000000 0.000000 0.000000 0.000000 0.000000 0.000000 0.000000 0.000000 0.000000 0.000000 0.000000 0.000000 0.000000 0.000000 0.000000 0.432990
671 0.000000 0.206186 0.000000 0.000000 0.000000 0.000000 0.000000 0.360825 0.000000 0.000000 0.000000 0.000000 0.000000 0.000000 0.000000 0.000000 0.000000 0.000000 0.000000 0.000000 0.000000 0.000000 0.000000 0.000000 0.000000 0.000000 0.000000 0.000000 0.432990
530 0.034470 0.059039 0.008801 0.000000 0.000000 0.133847 0.046938 0.093143 0.000000 0.000000 0.000000 0.000000 0.026403 0.000000 0.000000 0.000000 0.000000 0.111111 0.004400 0.000000 0.000000 0.000000 0.162083 0.026403 0.000000 0.162083 0.000000 0.029336 0.101944
701 0.006845 0.022470 0.003063 0.000942 0.000967 0.030728 0.041058 0.099291 0.000496 0.000149 0.000000 0.001190 0.006981 0.001339 0.000000 0.000496 0.009176 0.012810 0.008532 0.000000 0.003993 0.004117 0.067322 0.024900 0.004923 0.157610 0.006944 0.157375 0.326282
702 0.006618 0.020004 0.006032 0.000000 0.000000 0.037089 0.036300 0.088874 0.000000 0.000000 0.000000 0.000000 0.022498 0.000000 0.000000 0.000000 0.000000 0.027358 0.028179 0.000000 0.000000 0.000000 0.096676 0.037387 0.000000 0.164064 0.000000 0.134607 0.294312
703 0.006618 0.020004 0.006032 0.000000 0.000000 0.037089 0.036300 0.088874 0.000000 0.000000 0.000000 0.000000 0.022498 0.000000 0.000000 0.000000 0.000000 0.027358 0.028179 0.000000 0.000000 0.000000 0.096676 0.037387 0.000000 0.164064 0.000000 0.134607 0.294312
738 0.000000 0.025000 0.000000 0.000000 0.000000 0.000000 0.000000 0.162500 0.000000 0.000000 0.000000 0.000000 0.000000 0.000000 0.000000 0.000000 0.000000 0.000000 0.000000 0.000000 0.000000 0.000000 0.000000 0.000000 0.000000 0.000000 0.000000 0.000000 0.812500
740 0.000000 0.025000 0.000000 0.000000 0.000000 0.000000 0.000000 0.162500 0.000000 0.000000 0.000000 0.000000 0.000000 0.000000 0.000000 0.000000 0.000000 0.000000 0.000000 0.000000 0.000000 0.000000 0.000000 0.000000 0.000000 0.000000 0.000000 0.000000 0.812500
579 0.044518 0.084913 0.000000 0.000000 0.000000 0.155812 0.044518 0.116241 0.000000 0.000000 0.000000 0.000000 0.000000 0.000000 0.000000 0.000000 0.000000 0.111294 0.000000 0.000000 0.000000 0.000000 0.163232 0.000000 0.000000 0.155812 0.000000 0.014839 0.108821
742 0.000886 0.022343 0.000000 0.000000 0.000000 0.002657 0.009300 0.145451 0.000000 0.000000 0.000000 0.000000 0.000000 0.000000 0.000000 0.000000 0.000000 0.000000 0.000000 0.000000 0.000000 0.000000 0.004428 0.000000 0.000000 0.027899 0.000000 0.061997 0.725040
746 0.000886 0.022343 0.000000 0.000000 0.000000 0.002657 0.009300 0.145451 0.000000 0.000000 0.000000 0.000000 0.000000 0.000000 0.000000 0.000000 0.000000 0.000000 0.000000 0.000000 0.000000 0.000000 0.004428 0.000000 0.000000 0.027899 0.000000 0.061997 0.725040
739 0.000000 0.025000 0.000000 0.000000 0.000000 0.000000 0.000000 0.162500 0.000000 0.000000 0.000000 0.000000 0.000000 0.000000 0.000000 0.000000 0.000000 0.000000 0.000000 0.000000 0.000000 0.000000 0.000000 0.000000 0.000000 0.000000 0.000000 0.000000 0.812500
