637 0.003810 0.007072 0.005362 0.003789 0.000166 0.036639 0.022169 0.042542 0.004228 0.005086 0.000959 0.007515 0.036611 0.035954 0.000182 0.000686 0.032030 0.049921 0.020743 0.000003 0.002116 0.013085 0.156465 0.045960 0.000654 0.177983 0.001866 0.087409 0.198996
638 0.001221 0.021767 0.000000 0.000000 0.000000 0.008544 0.007934 0.140166 0.000000 0.000000 0.000000 0.000000 0.000000 0.000000 0.000000 0.000000 0.000000 0.000000 0.000000 0.000000 0.000000 0.000000 0.037025 0.000000 0.000000 0.055537 0.000000 0.031736 0.696070
741 0.000000 0.025000 0.000000 0.000000 0.000000 0.000000 0.000000 0.162500 0.000000 0.000000 0.000000 0.000000 0.000000 0.000000 0.000000 0.000000 0.000000 0.000000 0.000000 0.000000 0.000000 0.000000 0.000000 0.000000 0.000000 0.000000 0.000000 0.000000 0.812500
744 0.000886 0.022343 0.000000 0.000000 0.000000 0.002657 0.009300 0.145451 0.000000 0.000000 0.000000 0.000000 0.000000 0.000000 0.000000 0.000000 0.000000 0.000000 0.000000 0.000000 0.000000 0.000000 0.004428 0.000000 0.000000 0.027899 0.000000 0.061997 0.725040
745 0.000886 0.022343 0.000000 0.000000 0.000000 0.002657 0.009300 0.145451 0.000000 0.000000 0.000000 0.000000 0.000000 0.000000 0.000000 0.000000 0.000000 0.000000 0.000000 0.000000 0.000000 0.000000 0.004428 0.000000 0.000000 0.027899 0.000000 0.061997 0.725040
747 0.000886 0.022343 0.000000 0.000000 0.000000 0.002657 0.009300 0.145451 0.000000 0.000000 0.000000 0.000000 0.000000 0.000000 0.000000 0.000000 0.000000 0.000000 0.000000 0.000000 0.000000 0.000000 0.004428 0.000000 0.000000 0.027899 0.000000 0.061997 0.725040
748 0.000886 0.022343 0.000000 0.000000 0.000000 0.002657 0.009300 0.145451 0.000000 0.000000 0.000000 0.000000 0.000000 0.000000 0.000000 0.000000 0.000000 0.000000 0.000000 0.000000 0.000000 0.000000 0.004428 0.000000 0.000000 0.027899 0.000000 0.061997 0.725040
873 0.000000 0.033784 0.000000 0.000000 0.000000 0.000000 0.000000 0.185811 0.000000 0.000000 0.000000 0.000000 0.000000 0.000000 0.000000 0.000000 0.000000 0.000000 0.000000 0.000000 0.000000 0.000000 0.000000 0.000000 0.000000 0.000000 0.000000 0.000000 0.780405
876 0.000000 0.033784 0.000000 0.000000 0.000000 0.000000 0.000000 0.185811 0.000000 0.000000 0.000000 0.000000 0.000000 0.000000 0.000000 0.000000 0.000000 0.000000 0.000000 0.000000 0.000000 0.000000 0.000000 0.000000 0.000000 0.000000 0.000000 0.000000 0.780405
874 0.000000 0.033784 0.000000 0.000000 0.000000 0.000000 0.000000 0.185811 0.000000 0.000000 0.000000 0.000000 0.000000 0.000000 0.000000 0.000000 0.000000 0.000000 0.000000 0.000000 0.000000 0.000000 0.000000 0.000000 0.000000 0.000000 0.000000 0.000000 0.780405
875 0.000000 0.033784 0.000000 0.000000 0.000000 0.000000 0.000000 0.185811 0.000000 0.000000 0.000000 0.000000 0.000000 0.000000 0.000000 0.000000 0.000000 0.000000 0.000000 0.000000 0.000000 0.000000 0.000000 0.000000 0.000000 0.000000 0.000000 0.000000 0.780405
870 0.000000 0.033784 0.000000 0.000000 0.000000 0.000000 0.000000 0.185811 0.000000 0.000000 0.000000 0.000000 0.000000 0.000000 0.000000 0.000000 0.000000 0.000000 0.000000 0.000000 0.000000 0.000000 0.000000 0.000000 0.000000 0.000000 0.000000 0.000000 0.780405
869 0.000000 0.033784 0.000000 0.000000 0.000000 0.000000 0.000000 0.185811 0.000000 0.000000 0.000000 0.000000 0.000000 0.000000 0.000000 0.000000 0.000000 0.000000 0.000000 0.000000 0.000000 0.000000 0.000000 0.000000 0.000000 0.000000 0.000000 0.000000 0.780405
868 0.000000 0.033784 0.000000 0.000000 0.000000 0.000000 0.000000 0.185811 0.000000 0.000000 0.000000 0.000000 0.000000 0.000000 0.000000 0.000000 0.000000 0.000000 0.000000 0.000000 0.000000 0.000000 0.000000 0.000000 0.000000 0.000000 0.000000 0.000000 0.780405
864 0.000000 0.033784 0.000000 0.000000 0.000000 0.000000 0.000000 0.185811 0.000000 0.000000 0.000000 0.000000 0.000000 0.000000 0.000000 0.000000 0.000000 0.000000 0.000000 0.000000 0.000000 0.000000 0.000000 0.000000 0.000000 0.000000 0.000000 0.000000 0.780405
866 0.000000 0.033784 0.000000 0.000000 0.000000 0.000000 0.000000 0.185811 0.000000 0.000000 0.000000 0.000000 0.000000 0.000000 0.000000 0.000000 0.000000 0.000000 0.000000 0.000000 0.000000 0.000000 0.000000 0.000000 0.000000 0.000000 0.000000 0.000000 0.780405
2741 0.007645 0.015985 0.003867 0.000000 0.000125 0.054353 0.037094 0.064582 0.000000 0.000000 0.000000 0.000000 0.022739 0.000000 0.000000 0.000000 0.000000 0.089023 0.004678 0.000000 0.001354 0.000000 0.121404 0.035267 0.000258 0.241497 0.001123 0.109098 0.189906
2743 0.007248 0.010763 0.006987 0.005243 0.000512 0.051203 0.033918 0.043077 0.001159 0.003770 0.000000 0.004387 0.031547 0.039787 0.000000 0.001535 0.037495 0.066739 0.022727 0.000146 0.002997 0.012068 0.134417 0.051605 0.001937 0.194388 0.004898 0.105419 0.124025
2742 0.007645 0.015985 0.003867 0.000000 0.000125 0.054353 0.037094 0.064582 0.000000 0.000000 0.000000 0.000000 0.022739 0.000000 0.000000 0.000000 0.000000 0.089023 0.004678 0.000000 0.001354 0.000000 0.121404 0.035267 0.000258 0.241497 0.001123 0.109098 0.189906
2744 0.000000 0.058824 0.000000 0.000000 0.000000 0.000000 0.000000 0.235294 0.000000 0.000000 0.000000 0.000000 0.000000 0.000000 0.000000 0.000000 0.000000 0.000000 0.000000 0.000000 0.000000 0.000000 0.000000 0.000000 0.000000 0.000000 0.000000 0.000000 0.705882
2747 0.007645 0.015985 0.003867 0.000000 0.000125 0.054353 0.037094 0.064582 0.000000 0.000000 0.000000 0.000000 0.022739 0.000000 0.000000 0.000000 0.000000 0.089023 0.004678 0.000000 0.001354 0.000000 0.121404 0.035267 0.000258 0.241497 0.001123 0.109098 0.189906
2746 0.000000 0.058824 0.000000 0.000000 0.000000 0.000000 0.000000 0.235294 0.000000 0.000000 0.000000 0.000000 0.000000 0.000000 0.000000 0.000000 0.000000 0.000000 0.000000 0.000000 0.000000 0.000000 0.000000 0.000000 0.000000 0.000000 0.000000 0.000000 0.705882
2749 0.000000 0.065574 0.000000 0.000000 0.000000 0.000000 0.000000 0.245902 0.000000 0.000000 0.000000 0.000000 0.000000 0.000000 0.000000 0.000000 0.000000 0.000000 0.000000 0.000000 0.000000 0.000000 0.000000 0.000000 0.000000 0.000000 0.000000 0.000000 0.688525
2748 0.000000 0.065574 0.000000 0.000000 0.000000 0.000000 0.000000 0.245902 0.000000 0.000000 0.000000 0.000000 0.000000 0.000000 0.000000 0.000000 0.000000 0.000000 0.000000 0.000000 0.000000 0.000000 0.000000 0.000000 0.000000 0.000000 0.000000 0.000000 0.688525
2745 0.000000 0.058824 0.000000 0.000000 0.000000 0.000000 0.000000 0.235294 0.000000 0.000000 0.000000 0.000000 0.000000 0.000000 0.000000 0.000000 0.000000 0.000000 0.000000 0.000000 0.000000 0.000000 0.000000 0.000000 0.000000 0.000000 0.000000 0.000000 0.705882
2752 0.000000 0.065574 0.000000 0.000000 0.000000 0.000000 0.000000 0.245902 0.000000 0.000000 0.000000 0.000000 0.000000 0.000000 0.000000 0.000000 0.000000 0.000000 0.000000 0.000000 0.000000 0.000000 0.000000 0.000000 0.000000 0.000000 0.000000 0.000000 0.688525
2753 0.007244 0.012584 0.005026 0.000000 0.000037 0.069367 0.023332 0.047612 0.000000 0.000000 0.000000 0.000000 0.040083 0.000000 0.000000 0.000000 0.000000 0.162230 0.008955 0.000000 0.000560 0.000000 0.214540 0.031487 0.000075 0.198863 0.000261 0.045281 0.132461
2750 0.000000 0.065574 0.000000 0.000000 0.000000 0.000000 0.000000 0.245902 0.000000 0.000000 0.000000 0.000000 0.000000 0.000000 0.000000 0.000000 0.000000 0.000000 0.000000 0.000000 0.000000 0.000000 0.000000 0.000000 0.000000 0.000000 0.000000 0.000000 0.688525
2751 0.000000 0.065574 0.000000 0.000000 0.000000 0.000000 0.000000 0.245902 0.000000 0.000000 0.000000 0.000000 0.000000 0.000000 0.000000 0.000000 0.000000 0.000000 0.000000 0.000000 0.000000 0.000000 0.000000 0.000000 0.000000 0.000000 0.000000 0.000000 0.688525
2694 0.006706 0.010919 0.003742 0.004398 0.000085 0.052323 0.032670 0.046301 0.002308 0.001140 0.000000 0.003780 0.021362 0.029973 0.000028 0.000456 0.028847 0.094853 0.006953 0.000000 0.000741 0.016376 0.129143 0.033625 0.000214 0.231271 0.000769 0.097660 0.143357
2693 0.009365 0.031674 0.002472 0.000000 0.000291 0.038654 0.047263 0.115729 0.000000 0.000000 0.000000 0.000000 0.006748 0.000000 0.000000 0.000000 0.000000 0.025624 0.003316 0.000000 0.001687 0.000000 0.057239 0.020999 0.000611 0.182450 0.002327 0.143534 0.310017
2692 0.009365 0.031674 0.002472 0.000000 0.000291 0.038654 0.047263 0.115729 0.000000 0.000000 0.000000 0.000000 0.006748 0.000000 0.000000 0.000000 0.000000 0.025624 0.003316 0.000000 0.001687 0.000000 0.057239 0.020999 0.000611 0.182450 0.002327 0.143534 0.310017
639 0.014054 0.108915 0.000000 0.000000 0.000000 0.021080 0.049188 0.241985 0.000000 0.000000 0.000000 0.000000 0.000000 0.000000 0.000000 0.000000 0.000000 0.000000 0.000000 0.000000 0.000000 0.000000 0.014054 0.000000 0.000000 0.073781 0.000000 0.098375 0.378568
2035 0.000000 0.250000 0.000000 0.000000 0.000000 0.000000 0.000000 0.375000 0.000000 0.000000 0.000000 0.000000 0.000000 0.000000 0.000000 0.000000 0.000000 0.000000 0.000000 0.000000 0.000000 0.000000 0.000000 0.000000 0.000000 0.000000 0.000000 0.000000 0.375000
2034 0.004599 0.002607 0.005226 0.022931 0.000094 0.038880 0.014460 0.008647 0.005932 0.022420 0.072912 0.023362 0.026905 0.230588 0.000025 0.000980 0.114845 0.067975 0.011651 0.000013 0.001085 0.045937 0.094019 0.029507 0.000272 0.104208 0.000689 0.028920 0.020312
2712 0.000000 0.108108 0.000000 0.000000 0.000000 0.000000 0.000000 0.297297 0.000000 0.000000 0.000000 0.000000 0.000000 0.000000 0.000000 0.000000 0.000000 0.000000 0.000000 0.000000 0.000000 0.000000 0.000000 0.000000 0.000000 0.000000 0.000000 0.000000 0.594595
2710 0.000000 0.053050 0.000000 0.000000 0.000000 0.000000 0.000000 0.225464 0.000000 0.000000 0.000000 0.000000 0.000000 0.000000 0.000000 0.000000 0.000000 0.000000 0.000000 0.000000 0.000000 0.000000 0.000000 0.000000 0.000000 0.000000 0.000000 0.000000 0.721485
2711 0.000000 0.108108 0.000000 0.000000 0.000000 0.000000 0.000000 0.297297 0.000000 0.000000 0.000000 0.000000 0.000000 0.000000 0.000000 0.000000 0.000000 0.000000 0.000000 0.000000 0.000000 0.000000 0.000000 0.000000 0.000000 0.000000 0.000000 0.000000 0.594595
2716 0.010057 0.082129 0.000000 0.000000 0.000000 0.025141 0.035198 0.221454 0.000000 0.000000 0.000000 0.000000 0.000000 0.000000 0.000000 0.000000 0.000000 0.000000 0.000000 0.000000 0.000000 0.000000 0.033522 0.000000 0.000000 0.087995 0.000000 0.070396 0.434109
2717 0.000000 0.082988 0.000000 0.000000 0.000000 0.000000 0.000000 0.269710 0.000000 0.000000 0.000000 0.000000 0.000000 0.000000 0.000000 0.000000 0.000000 0.000000 0.000000 0.000000 0.000000 0.000000 0.000000 0.000000 0.000000 0.000000 0.000000 0.000000 0.647303
2718 0.000000 0.082988 0.000000 0.000000 0.000000 0.000000 0.000000 0.269710 0.000000 0.000000 0.000000 0.000000 0.000000 0.000000 0.000000 0.000000 0.000000 0.000000 0.000000 0.000000 0.000000 0.000000 0.000000 0.000000 0.000000 0.000000 0.000000 0.000000 0.647303
2719 0.000000 0.082988 0.000000 0.000000 0.000000 0.000000 0.000000 0.269710 0.000000 0.000000 0.000000 0.000000 0.000000 0.000000 0.000000 0.000000 0.000000 0.000000 0.000000 0.000000 0.000000 0.000000 0.000000 0.000000 0.000000 0.000000 0.000000 0.000000 0.647303
2709 0.000000 0.053050 0.000000 0.000000 0.000000 0.000000 0.000000 0.225464 0.000000 0.000000 0.000000 0.000000 0.000000 0.000000 0.000000 0.000000 0.000000 0.000000 0.000000 0.000000 0.000000 0.000000 0.000000 0.000000 0.000000 0.000000 0.000000 0.000000 0.721485
