2427 0.000000 0.018100 0.000000 0.000000 0.000000 0.000000 0.000000 0.140271 0.000000 0.000000 0.000000 0.000000 0.000000 0.000000 0.000000 0.000000 0.000000 0.000000 0.000000 0.000000 0.000000 0.000000 0.000000 0.000000 0.000000 0.000000 0.000000 0.000000 0.841629
1669 0.000000 0.004864 0.000000 0.000000 0.000000 0.000000 0.000000 0.075389 0.000000 0.000000 0.000000 0.000000 0.000000 0.000000 0.000000 0.000000 0.000000 0.000000 0.000000 0.000000 0.000000 0.000000 0.000000 0.000000 0.000000 0.000000 0.000000 0.000000 0.919747
1668 0.000000 0.004864 0.000000 0.000000 0.000000 0.000000 0.000000 0.075389 0.000000 0.000000 0.000000 0.000000 0.000000 0.000000 0.000000 0.000000 0.000000 0.000000 0.000000 0.000000 0.000000 0.000000 0.000000 0.000000 0.000000 0.000000 0.000000 0.000000 0.919747
1667 0.000000 0.004864 0.000000 0.000000 0.000000 0.000000 0.000000 0.075389 0.000000 0.000000 0.000000 0.000000 0.000000 0.000000 0.000000 0.000000 0.000000 0.000000 0.000000 0.000000 0.000000 0.000000 0.000000 0.000000 0.000000 0.000000 0.000000 0.000000 0.919747
1666 0.000000 0.004864 0.000000 0.000000 0.000000 0.000000 0.000000 0.075389 0.000000 0.000000 0.000000 0.000000 0.000000 0.000000 0.000000 0.000000 0.000000 0.000000 0.000000 0.000000 0.000000 0.000000 0.000000 0.000000 0.000000 0.000000 0.000000 0.000000 0.919747
1665 0.000000 0.004864 0.000000 0.000000 0.000000 0.000000 0.000000 0.075389 0.000000 0.000000 0.000000 0.000000 0.000000 0.000000 0.000000 0.000000 0.000000 0.000000 0.000000 0.000000 0.000000 0.000000 0.000000 0.000000 0.000000 0.000000 0.000000 0.000000 0.919747
1664 0.000000 0.004864 0.000000 0.000000 0.000000 0.000000 0.000000 0.075389 0.000000 0.000000 0.000000 0.000000 0.000000 0.000000 0.000000 0.000000 0.000000 0.000000 0.000000 0.000000 0.000000 0.000000 0.000000 0.000000 0.000000 0.000000 0.000000 0.000000 0.919747
1663 0.000000 0.004864 0.000000 0.000000 0.000000 0.000000 0.000000 0.075389 0.000000 0.000000 0.000000 0.000000 0.000000 0.000000 0.000000 0.000000 0.000000 0.000000 0.000000 0.000000 0.000000 0.000000 0.000000 0.000000 0.000000 0.000000 0.000000 0.000000 0.919747
1662 0.000000 0.004864 0.000000 0.000000 0.000000 0.000000 0.000000 0.075389 0.000000 0.000000 0.000000 0.000000 0.000000 0.000000 0.000000 0.000000 0.000000 0.000000 0.000000 0.000000 0.000000 0.000000 0.000000 0.000000 0.000000 0.000000 0.000000 0.000000 0.919747
1661 0.000000 0.004864 0.000000 0.000000 0.000000 0.000000 0.000000 0.075389 0.000000 0.000000 0.000000 0.000000 0.000000 0.000000 0.000000 0.000000 0.000000 0.000000 0.000000 0.000000 0.000000 0.000000 0.000000 0.000000 0.000000 0.000000 0.000000 0.000000 0.919747
1660 0.000000 0.004864 0.000000 0.000000 0.000000 0.000000 0.000000 0.075389 0.000000 0.000000 0.000000 0.000000 0.000000 0.000000 0.000000 0.000000 0.000000 0.000000 0.000000 0.000000 0.000000 0.000000 0.000000 0.000000 0.000000 0.000000 0.000000 0.000000 0.919747
592 0.000110 0.000177 0.001042 0.002640 0.000004 0.007405 0.000777 0.005510 0.004587 0.032001 0.048096 0.021728 0.061520 0.217457 0.000009 0.000305 0.039517 0.093883 0.011805 0.000002 0.000379 0.008301 0.235721 0.010677 0.000043 0.046352 0.000056 0.004606 0.145293
597 0.000039 0.001582 0.000019 0.000000 0.000000 0.001962 0.000197 0.041863 0.000000 0.000000 0.000000 0.000000 0.000893 0.000000 0.000000 0.000000 0.000000 0.003264 0.000040 0.000000 0.000000 0.000000 0.060689 0.000174 0.000000 0.009707 0.000000 0.000635 0.878936
2605 0.000000 0.001651 0.000000 0.000000 0.000000 0.000000 0.000000 0.044569 0.000000 0.000000 0.000000 0.000000 0.000000 0.000000 0.000000 0.000000 0.000000 0.000000 0.000000 0.000000 0.000000 0.000000 0.000000 0.000000 0.000000 0.000000 0.000000 0.000000 0.953780
694 0.000856 0.002233 0.002018 0.001484 0.000013 0.019776 0.007223 0.029335 0.000867 0.003900 0.000000 0.004510 0.040161 0.036248 0.000003 0.000115 0.017811 0.064453 0.012906 0.000000 0.000491 0.007735 0.219522 0.023926 0.000052 0.151006 0.000227 0.041548 0.311580
583 0.000000 0.250000 0.000000 0.000000 0.000000 0.000000 0.000000 0.375000 0.000000 0.000000 0.000000 0.000000 0.000000 0.000000 0.000000 0.000000 0.000000 0.000000 0.000000 0.000000 0.000000 0.000000 0.000000 0.000000 0.000000 0.000000 0.000000 0.000000 0.375000
2541 0.000161 0.000468 0.000767 0.000000 0.000000 0.012332 0.001349 0.011661 0.000000 0.000000 0.000000 0.000000 0.053662 0.000000 0.000000 0.000000 0.000000 0.229187 0.009011 0.000000 0.000023 0.000000 0.336328 0.011201 0.000001 0.092110 0.000003 0.008161 0.233574
2547 0.000161 0.000468 0.000767 0.000000 0.000000 0.012332 0.001349 0.011661 0.000000 0.000000 0.000000 0.000000 0.053662 0.000000 0.000000 0.000000 0.000000 0.229187 0.009011 0.000000 0.000023 0.000000 0.336328 0.011201 0.000001 0.092110 0.000003 0.008161 0.233574
628 0.000879 0.000985 0.005063 0.004862 0.000059 0.020461 0.005039 0.009561 0.013999 0.028129 0.012498 0.018085 0.105719 0.148767 0.000099 0.001162 0.056368 0.107494 0.035766 0.000023 0.001720 0.013178 0.186840 0.037133 0.000401 0.087504 0.000710 0.021662 0.075836
2548 0.000161 0.000468 0.000767 0.000000 0.000000 0.012332 0.001349 0.011661 0.000000 0.000000 0.000000 0.000000 0.053662 0.000000 0.000000 0.000000 0.000000 0.229187 0.009011 0.000000 0.000023 0.000000 0.336328 0.011201 0.000001 0.092110 0.000003 0.008161 0.233574
2442 0.000179 0.000414 0.000175 0.000000 0.000000 0.013073 0.002315 0.010522 0.000000 0.000000 0.000000 0.000000 0.012145 0.000000 0.000000 0.000000 0.000000 0.234082 0.000702 0.000000 0.000014 0.000000 0.323560 0.004580 0.000000 0.166332 0.000003 0.019331 0.212571
2443 0.000179 0.000414 0.000175 0.000000 0.000000 0.013073 0.002315 0.010522 0.000000 0.000000 0.000000 0.000000 0.012145 0.000000 0.000000 0.000000 0.000000 0.234082 0.000702 0.000000 0.000014 0.000000 0.323560 0.004580 0.000000 0.166332 0.000003 0.019331 0.212571
449 0.000000 0.010246 0.000000 0.000000 0.000000 0.000000 0.000000 0.107582 0.000000 0.000000 0.000000 0.000000 0.000000 0.000000 0.000000 0.000000 0.000000 0.000000 0.000000 0.000000 0.000000 0.000000 0.000000 0.000000 0.000000 0.000000 0.000000 0.000000 0.882172
2441 0.000179 0.000414 0.000175 0.000000 0.000000 0.013073 0.002315 0.010522 0.000000 0.000000 0.000000 0.000000 0.012145 0.000000 0.000000 0.000000 0.000000 0.234082 0.000702 0.000000 0.000014 0.000000 0.323560 0.004580 0.000000 0.166332 0.000003 0.019331 0.212571
1339 0.000000 0.001712 0.000000 0.000000 0.000000 0.000000 0.000000 0.045377 0.000000 0.000000 0.000000 0.000000 0.000000 0.000000 0.000000 0.000000 0.000000 0.000000 0.000000 0.000000 0.000000 0.000000 0.000000 0.000000 0.000000 0.000000 0.000000 0.000000 0.952911
2447 0.000179 0.000414 0.000175 0.000000 0.000000 0.013073 0.002315 0.010522 0.000000 0.000000 0.000000 0.000000 0.012145 0.000000 0.000000 0.000000 0.000000 0.234082 0.000702 0.000000 0.000014 0.000000 0.323560 0.004580 0.000000 0.166332 0.000003 0.019331 0.212571
2445 0.000179 0.000414 0.000175 0.000000 0.000000 0.013073 0.002315 0.010522 0.000000 0.000000 0.000000 0.000000 0.012145 0.000000 0.000000 0.000000 0.000000 0.234082 0.000702 0.000000 0.000014 0.000000 0.323560 0.004580 0.000000 0.166332 0.000003 0.019331 0.212571
1335 0.000000 0.001712 0.000000 0.000000 0.000000 0.000000 0.000000 0.045377 0.000000 0.000000 0.000000 0.000000 0.000000 0.000000 0.000000 0.000000 0.000000 0.000000 0.000000 0.000000 0.000000 0.000000 0.000000 0.000000 0.000000 0.000000 0.000000 0.000000 0.952911
1334 0.000000 0.001712 0.000000 0.000000 0.000000 0.000000 0.000000 0.045377 0.000000 0.000000 0.000000 0.000000 0.000000 0.000000 0.000000 0.000000 0.000000 0.000000 0.000000 0.000000 0.000000 0.000000 0.000000 0.000000 0.000000 0.000000 0.000000 0.000000 0.952911
2448 0.000179 0.000414 0.000175 0.000000 0.000000 0.013073 0.002315 0.010522 0.000000 0.000000 0.000000 0.000000 0.012145 0.000000 0.000000 0.000000 0.000000 0.234082 0.000702 0.000000 0.000014 0.000000 0.323560 0.004580 0.000000 0.166332 0.000003 0.019331 0.212571
1336 0.000000 0.001712 0.000000 0.000000 0.000000 0.000000 0.000000 0.045377 0.000000 0.000000 0.000000 0.000000 0.000000 0.000000 0.000000 0.000000 0.000000 0.000000 0.000000 0.000000 0.000000 0.000000 0.000000 0.000000 0.000000 0.000000 0.000000 0.000000 0.952911
