700 0.000170 0.000130 0.001373 0.003997 0.000003 0.008919 0.001326 0.002249 0.005328 0.043993 0.065471 0.047980 0.060370 0.272093 0.000006 0.000252 0.071502 0.111921 0.014270 0.000001 0.000243 0.013703 0.161828 0.013676 0.000025 0.059209 0.000048 0.008663 0.031252
440 0.000000 0.010246 0.000000 0.000000 0.000000 0.000000 0.000000 0.107582 0.000000 0.000000 0.000000 0.000000 0.000000 0.000000 0.000000 0.000000 0.000000 0.000000 0.000000 0.000000 0.000000 0.000000 0.000000 0.000000 0.000000 0.000000 0.000000 0.000000 0.882172
797 0.000186 0.000679 0.001032 0.000000 0.000004 0.011727 0.001456 0.016782 0.000000 0.000000 0.000000 0.000000 0.063054 0.000000 0.000000 0.000000 0.000000 0.157302 0.008351 0.000000 0.000431 0.000000 0.297910 0.013247 0.000037 0.080366 0.000061 0.008497 0.338879
2411 0.000000 0.018100 0.000000 0.000000 0.000000 0.000000 0.000000 0.140271 0.000000 0.000000 0.000000 0.000000 0.000000 0.000000 0.000000 0.000000 0.000000 0.000000 0.000000 0.000000 0.000000 0.000000 0.000000 0.000000 0.000000 0.000000 0.000000 0.000000 0.841629
417 0.000195 0.008784 0.000002 0.000042 0.000000 0.000345 0.003985 0.096742 0.000000 0.000000 0.000000 0.000004 0.000000 0.000021 0.000000 0.000000 0.000166 0.000000 0.000002 0.000000 0.000000 0.000811 0.000216 0.000083 0.000000 0.006991 0.000000 0.052865 0.828744
793 0.000676 0.003453 0.001167 0.000000 0.000001 0.015603 0.005534 0.046833 0.000000 0.000000 0.000000 0.000000 0.023982 0.000000 0.000000 0.000000 0.000000 0.041864 0.007191 0.000000 0.000022 0.000000 0.186124 0.013461 0.000000 0.115104 0.000009 0.031780 0.507197
415 0.000195 0.008784 0.000002 0.000042 0.000000 0.000345 0.003985 0.096742 0.000000 0.000000 0.000000 0.000004 0.000000 0.000021 0.000000 0.000000 0.000166 0.000000 0.000002 0.000000 0.000000 0.000811 0.000216 0.000083 0.000000 0.006991 0.000000 0.052865 0.828744
416 0.000195 0.008784 0.000002 0.000042 0.000000 0.000345 0.003985 0.096742 0.000000 0.000000 0.000000 0.000004 0.000000 0.000021 0.000000 0.000000 0.000166 0.000000 0.000002 0.000000 0.000000 0.000811 0.000216 0.000083 0.000000 0.006991 0.000000 0.052865 0.828744
799 0.000000 0.005917 0.000000 0.000000 0.000000 0.000000 0.000000 0.082840 0.000000 0.000000 0.000000 0.000000 0.000000 0.000000 0.000000 0.000000 0.000000 0.000000 0.000000 0.000000 0.000000 0.000000 0.000000 0.000000 0.000000 0.000000 0.000000 0.000000 0.911243
798 0.000000 0.005917 0.000000 0.000000 0.000000 0.000000 0.000000 0.082840 0.000000 0.000000 0.000000 0.000000 0.000000 0.000000 0.000000 0.000000 0.000000 0.000000 0.000000 0.000000 0.000000 0.000000 0.000000 0.000000 0.000000 0.000000 0.000000 0.000000 0.911243
1658 0.000000 0.004864 0.000000 0.000000 0.000000 0.000000 0.000000 0.075389 0.000000 0.000000 0.000000 0.000000 0.000000 0.000000 0.000000 0.000000 0.000000 0.000000 0.000000 0.000000 0.000000 0.000000 0.000000 0.000000 0.000000 0.000000 0.000000 0.000000 0.919747
1659 0.000000 0.004864 0.000000 0.000000 0.000000 0.000000 0.000000 0.075389 0.000000 0.000000 0.000000 0.000000 0.000000 0.000000 0.000000 0.000000 0.000000 0.000000 0.000000 0.000000 0.000000 0.000000 0.000000 0.000000 0.000000 0.000000 0.000000 0.000000 0.919747
2415 0.000000 0.018100 0.000000 0.000000 0.000000 0.000000 0.000000 0.140271 0.000000 0.000000 0.000000 0.000000 0.000000 0.000000 0.000000 0.000000 0.000000 0.000000 0.000000 0.000000 0.000000 0.000000 0.000000 0.000000 0.000000 0.000000 0.000000 0.000000 0.841629
1656 0.000000 0.004864 0.000000 0.000000 0.000000 0.000000 0.000000 0.075389 0.000000 0.000000 0.000000 0.000000 0.000000 0.000000 0.000000 0.000000 0.000000 0.000000 0.000000 0.000000 0.000000 0.000000 0.000000 0.000000 0.000000 0.000000 0.000000 0.000000 0.919747
1657 0.000000 0.004864 0.000000 0.000000 0.000000 0.000000 0.000000 0.075389 0.000000 0.000000 0.000000 0.000000 0.000000 0.000000 0.000000 0.000000 0.000000 0.000000 0.000000 0.000000 0.000000 0.000000 0.000000 0.000000 0.000000 0.000000 0.000000 0.000000 0.919747
2414 0.000000 0.018100 0.000000 0.000000 0.000000 0.000000 0.000000 0.140271 0.000000 0.000000 0.000000 0.000000 0.000000 0.000000 0.000000 0.000000 0.000000 0.000000 0.000000 0.000000 0.000000 0.000000 0.000000 0.000000 0.000000 0.000000 0.000000 0.000000 0.841629
611 0.000202 0.000799 0.000685 0.000000 0.000003 0.011069 0.002143 0.020151 0.000000 0.000000 0.000000 0.000000 0.033966 0.000000 0.000000 0.000000 0.000000 0.110664 0.006583 0.000000 0.000298 0.000000 0.265217 0.012210 0.000039 0.106263 0.000082 0.016568 0.413056
582 0.000000 0.250000 0.000000 0.000000 0.000000 0.000000 0.000000 0.375000 0.000000 0.000000 0.000000 0.000000 0.000000 0.000000 0.000000 0.000000 0.000000 0.000000 0.000000 0.000000 0.000000 0.000000 0.000000 0.000000 0.000000 0.000000 0.000000 0.000000 0.375000
412 0.000195 0.008784 0.000002 0.000042 0.000000 0.000345 0.003985 0.096742 0.000000 0.000000 0.000000 0.000004 0.000000 0.000021 0.000000 0.000000 0.000166 0.000000 0.000002 0.000000 0.000000 0.000811 0.000216 0.000083 0.000000 0.006991 0.000000 0.052865 0.828744
580 0.000000 0.250000 0.000000 0.000000 0.000000 0.000000 0.000000 0.375000 0.000000 0.000000 0.000000 0.000000 0.000000 0.000000 0.000000 0.000000 0.000000 0.000000 0.000000 0.000000 0.000000 0.000000 0.000000 0.000000 0.000000 0.000000 0.000000 0.000000 0.375000
581 0.000000 0.250000 0.000000 0.000000 0.000000 0.000000 0.000000 0.375000 0.000000 0.000000 0.000000 0.000000 0.000000 0.000000 0.000000 0.000000 0.000000 0.000000 0.000000 0.000000 0.000000 0.000000 0.000000 0.000000 0.000000 0.000000 0.000000 0.000000 0.375000
2419 0.000275 0.001137 0.000823 0.000802 0.000002 0.012370 0.001685 0.024322 0.000932 0.001445 0.000000 0.003629 0.032376 0.041280 0.000001 0.000023 0.008828 0.085959 0.006762 0.000000 0.000196 0.002115 0.268289 0.008121 0.000021 0.067903 0.000026 0.008643 0.422033
2418 0.000000 0.018100 0.000000 0.000000 0.000000 0.000000 0.000000 0.140271 0.000000 0.000000 0.000000 0.000000 0.000000 0.000000 0.000000 0.000000 0.000000 0.000000 0.000000 0.000000 0.000000 0.000000 0.000000 0.000000 0.000000 0.000000 0.000000 0.000000 0.841629
2578 0.000000 0.001651 0.000000 0.000000 0.000000 0.000000 0.000000 0.044569 0.000000 0.000000 0.000000 0.000000 0.000000 0.000000 0.000000 0.000000 0.000000 0.000000 0.000000 0.000000 0.000000 0.000000 0.000000 0.000000 0.000000 0.000000 0.000000 0.000000 0.953780
2579 0.000000 0.001651 0.000000 0.000000 0.000000 0.000000 0.000000 0.044569 0.000000 0.000000 0.000000 0.000000 0.000000 0.000000 0.000000 0.000000 0.000000 0.000000 0.000000 0.000000 0.000000 0.000000 0.000000 0.000000 0.000000 0.000000 0.000000 0.000000 0.953780
2576 0.000000 0.001651 0.000000 0.000000 0.000000 0.000000 0.000000 0.044569 0.000000 0.000000 0.000000 0.000000 0.000000 0.000000 0.000000 0.000000 0.000000 0.000000 0.000000 0.000000 0.000000 0.000000 0.000000 0.000000 0.000000 0.000000 0.000000 0.000000 0.953780
2577 0.000000 0.001651 0.000000 0.000000 0.000000 0.000000 0.000000 0.044569 0.000000 0.000000 0.000000 0.000000 0.000000 0.000000 0.000000 0.000000 0.000000 0.000000 0.000000 0.000000 0.000000 0.000000 0.000000 0.000000 0.000000 0.000000 0.000000 0.000000 0.953780
2574 0.000000 0.001651 0.000000 0.000000 0.000000 0.000000 0.000000 0.044569 0.000000 0.000000 0.000000 0.000000 0.000000 0.000000 0.000000 0.000000 0.000000 0.000000 0.000000 0.000000 0.000000 0.000000 0.000000 0.000000 0.000000 0.000000 0.000000 0.000000 0.953780
2575 0.000000 0.001651 0.000000 0.000000 0.000000 0.000000 0.000000 0.044569 0.000000 0.000000 0.000000 0.000000 0.000000 0.000000 0.000000 0.000000 0.000000 0.000000 0.000000 0.000000 0.000000 0.000000 0.000000 0.000000 0.000000 0.000000 0.000000 0.000000 0.953780
2572 0.000000 0.001651 0.000000 0.000000 0.000000 0.000000 0.000000 0.044569 0.000000 0.000000 0.000000 0.000000 0.000000 0.000000 0.000000 0.000000 0.000000 0.000000 0.000000 0.000000 0.000000 0.000000 0.000000 0.000000 0.000000 0.000000 0.000000 0.000000 0.953780
2573 0.000000 0.001651 0.000000 0.000000 0.000000 0.000000 0.000000 0.044569 0.000000 0.000000 0.000000 0.000000 0.000000 0.000000 0.000000 0.000000 0.000000 0.000000 0.000000 0.000000 0.000000 0.000000 0.000000 0.000000 0.000000 0.000000 0.000000 0.000000 0.953780
2570 0.000000 0.001651 0.000000 0.000000 0.000000 0.000000 0.000000 0.044569 0.000000 0.000000 0.000000 0.000000 0.000000 0.000000 0.000000 0.000000 0.000000 0.000000 0.000000 0.000000 0.000000 0.000000 0.000000 0.000000 0.000000 0.000000 0.000000 0.000000 0.953780
2571 0.000000 0.001651 0.000000 0.000000 0.000000 0.000000 0.000000 0.044569 0.000000 0.000000 0.000000 0.000000 0.000000 0.000000 0.000000 0.000000 0.000000 0.000000 0.000000 0.000000 0.000000 0.000000 0.000000 0.000000 0.000000 0.000000 0.000000 0.000000 0.953780
1004 0.000171 0.000345 0.001727 0.000987 0.000002 0.010929 0.001724 0.008324 0.001447 0.005132 0.002277 0.003475 0.107672 0.078407 0.000005 0.000051 0.016303 0.159386 0.028823 0.000000 0.000246 0.003193 0.279866 0.022337 0.000029 0.090600 0.000046 0.014346 0.162151
1348 0.000202 0.000799 0.000685 0.000000 0.000003 0.011069 0.002143 0.020151 0.000000 0.000000 0.000000 0.000000 0.033966 0.000000 0.000000 0.000000 0.000000 0.110664 0.006583 0.000000 0.000298 0.000000 0.265217 0.012210 0.000039 0.106263 0.000082 0.016568 0.413056
2595 0.000000 0.001651 0.000000 0.000000 0.000000 0.000000 0.000000 0.044569 0.000000 0.000000 0.000000 0.000000 0.000000 0.000000 0.000000 0.000000 0.000000 0.000000 0.000000 0.000000 0.000000 0.000000 0.000000 0.000000 0.000000 0.000000 0.000000 0.000000 0.953780
2596 0.000000 0.001651 0.000000 0.000000 0.000000 0.000000 0.000000 0.044569 0.000000 0.000000 0.000000 0.000000 0.000000 0.000000 0.000000 0.000000 0.000000 0.000000 0.000000 0.000000 0.000000 0.000000 0.000000 0.000000 0.000000 0.000000 0.000000 0.000000 0.953780
2597 0.000000 0.001651 0.000000 0.000000 0.000000 0.000000 0.000000 0.044569 0.000000 0.000000 0.000000 0.000000 0.000000 0.000000 0.000000 0.000000 0.000000 0.000000 0.000000 0.000000 0.000000 0.000000 0.000000 0.000000 0.000000 0.000000 0.000000 0.000000 0.953780
2590 0.000000 0.001651 0.000000 0.000000 0.000000 0.000000 0.000000 0.044569 0.000000 0.000000 0.000000 0.000000 0.000000 0.000000 0.000000 0.000000 0.000000 0.000000 0.000000 0.000000 0.000000 0.000000 0.000000 0.000000 0.000000 0.000000 0.000000 0.000000 0.953780
2591 0.000000 0.001651 0.000000 0.000000 0.000000 0.000000 0.000000 0.044569 0.000000 0.000000 0.000000 0.000000 0.000000 0.000000 0.000000 0.000000 0.000000 0.000000 0.000000 0.000000 0.000000 0.000000 0.000000 0.000000 0.000000 0.000000 0.000000 0.000000 0.953780
2592 0.000000 0.001651 0.000000 0.000000 0.000000 0.000000 0.000000 0.044569 0.000000 0.000000 0.000000 0.000000 0.000000 0.000000 0.000000 0.000000 0.000000 0.000000 0.000000 0.000000 0.000000 0.000000 0.000000 0.000000 0.000000 0.000000 0.000000 0.000000 0.953780
2593 0.000000 0.001651 0.000000 0.000000 0.000000 0.000000 0.000000 0.044569 0.000000 0.000000 0.000000 0.000000 0.000000 0.000000 0.000000 0.000000 0.000000 0.000000 0.000000 0.000000 0.000000 0.000000 0.000000 0.000000 0.000000 0.000000 0.000000 0.000000 0.953780
1340 0.000209 0.000336 0.000881 0.003307 0.000009 0.010589 0.001683 0.008075 0.003976 0.008309 0.037015 0.010503 0.037501 0.208905 0.000009 0.000254 0.045829 0.090247 0.008086 0.000003 0.000663 0.010904 0.249575 0.011040 0.000134 0.076691 0.000152 0.012367 0.162748
