1.000000 0.837509 0.938621 0.935068 0.863780 0.970514 0.949065 0.797865 0.869551 0.890264 0.874404 0.886608 0.900020 0.871670 0.770761 0.878587 0.922130 0.893214 0.883719 0.784738 0.882016 0.951646 0.935270 0.921869 0.758974 0.957317 0.835752 0.848693 0.764544 
0.837509 1.000000 0.687125 0.666034 0.695532 0.772405 0.863468 0.984301 0.591327 0.602380 0.587302 0.606354 0.689227 0.612225 0.528345 0.602009 0.658032 0.686258 0.623387 0.602214 0.633939 0.753120 0.739180 0.683963 0.614926 0.805384 0.709573 0.826576 0.958813 
0.938621 0.687125 1.000000 0.954046 0.844782 0.954778 0.874353 0.660762 0.973227 0.962454 0.922354 0.973825 0.965329 0.916225 0.858414 0.966313 0.959409 0.899674 0.970485 0.788855 0.958521 0.922873 0.940572 0.950654 0.752404 0.916619 0.806986 0.788300 0.634219 
0.935068 0.666034 0.954046 1.000000 0.781804 0.964029 0.863963 0.641019 0.935727 0.980922 0.986248 0.943320 0.927556 0.973425 0.750064 0.912459 0.991039 0.934103 0.910878 0.737646 0.883813 0.933213 0.956852 0.929127 0.663708 0.913694 0.768981 0.775776 0.616248 
0.863780 0.695532 0.844782 0.781804 1.000000 0.814032 0.874398 0.670028 0.804030 0.770628 0.721137 0.797356 0.760869 0.702304 0.830115 0.866890 0.787531 0.712665 0.829360 0.949913 0.908765 0.870006 0.772828 0.851117 0.953206 0.864198 0.948740 0.802164 0.649483 
0.970514 0.772405 0.954778 0.964029 0.814032 1.000000 0.908187 0.751485 0.917085 0.925625 0.918433 0.935013 0.945962 0.942447 0.757771 0.900360 0.968979 0.968375 0.920256 0.735885 0.898930 0.938677 0.990788 0.940458 0.721037 0.957327 0.790271 0.820502 0.727713 
0.949065 0.863468 0.874353 0.863963 0.874398 0.908187 1.000000 0.851692 0.817950 0.823476 0.803214 0.824055 0.830749 0.807805 0.757313 0.834185 0.868918 0.831138 0.844676 0.815011 0.849225 0.963391 0.868996 0.916402 0.790195 0.972777 0.909617 0.962557 0.830620 
0.797865 0.984301 0.660762 0.641019 0.670028 0.751485 0.851692 1.000000 0.574100 0.583237 0.568001 0.586176 0.675495 0.599378 0.509859 0.584623 0.640660 0.674869 0.603500 0.588010 0.618004 0.738040 0.729379 0.666831 0.608680 0.801544 0.699883 0.851034 0.993020 
0.869551 0.591327 0.973227 0.935727 0.804030 0.917085 0.817950 0.574100 1.000000 0.960149 0.922099 0.988718 0.933989 0.925281 0.870196 0.976810 0.956633 0.891807 0.981836 0.765138 0.956077 0.884806 0.917492 0.941823 0.723362 0.877084 0.789487 0.747972 0.552626 
0.890264 0.602380 0.962454 0.980922 0.770628 0.925625 0.823476 0.583237 0.960149 1.000000 0.986286 0.954004 0.930818 0.954509 0.785426 0.937380 0.977065 0.889872 0.924571 0.751725 0.901749 0.903467 0.925615 0.910669 0.665999 0.878359 0.756186 0.750842 0.561848 
0.874404 0.587302 0.922354 0.986248 0.721137 0.918433 0.803214 0.568001 0.922099 0.986286 1.000000 0.919134 0.902940 0.974356 0.700820 0.884022 0.977537 0.904237 0.877792 0.695712 0.844579 0.887123 0.923526 0.886249 0.598796 0.858650 0.717787 0.729854 0.546698 
0.886608 0.606354 0.973825 0.943320 0.797356 0.935013 0.824055 0.586176 0.988718 0.954004 0.919134 1.000000 0.932919 0.926148 0.861596 0.971130 0.960384 0.908858 0.981725 0.753784 0.952020 0.896985 0.929423 0.949309 0.714182 0.890407 0.774266 0.741251 0.562720 
0.900020 0.689227 0.965329 0.927556 0.760869 0.945962 0.830749 0.675495 0.933989 0.930818 0.902940 0.932919 1.000000 0.930085 0.735292 0.895709 0.941381 0.924400 0.916585 0.685146 0.898540 0.870714 0.955845 0.895510 0.658385 0.877823 0.728660 0.764453 0.653277 
0.871670 0.612225 0.916225 0.973425 0.702304 0.942447 0.807805 0.599378 0.925281 0.954509 0.974356 0.926148 0.930085 1.000000 0.669197 0.863781 0.984302 0.964488 0.891804 0.641364 0.843626 0.877586 0.958884 0.902788 0.579214 0.869319 0.706016 0.741802 0.579090 
0.770761 0.528345 0.858414 0.750064 0.830115 0.757771 0.757313 0.509859 0.870196 0.785426 0.700820 0.861596 0.735292 0.669197 1.000000 0.929635 0.765148 0.661360 0.892405 0.832852 0.901397 0.811551 0.722141 0.854104 0.823501 0.797449 0.808345 0.693970 0.494720 
0.878587 0.602009 0.966313 0.912459 0.866890 0.900360 0.834185 0.584623 0.976810 0.937380 0.884022 0.971130 0.895709 0.863781 0.929635 1.000000 0.924477 0.837396 0.969882 0.846192 0.973857 0.899385 0.886065 0.939180 0.813300 0.888955 0.837779 0.761233 0.566254 
0.922130 0.658032 0.959409 0.991039 0.787531 0.968979 0.868918 0.640660 0.956633 0.977065 0.977537 0.960384 0.941381 0.984302 0.765148 0.924477 1.000000 0.956733 0.937616 0.739793 0.903467 0.934781 0.968965 0.949175 0.681657 0.923692 0.783051 0.793779 0.618504 
0.893214 0.686258 0.899674 0.934103 0.712665 0.968375 0.831138 0.674869 0.891807 0.889872 0.904237 0.908858 0.924400 0.964488 0.661360 0.837396 0.956733 1.000000 0.889732 0.615885 0.837236 0.874974 0.981303 0.902612 0.610681 0.895379 0.703926 0.757632 0.655648 
0.883719 0.623387 0.970485 0.910878 0.829360 0.920256 0.844676 0.603500 0.981836 0.924571 0.877792 0.981725 0.916585 0.891804 0.892405 0.969882 0.937616 0.889732 1.000000 0.777557 0.967837 0.899065 0.908851 0.956680 0.762396 0.897095 0.803245 0.768600 0.580652 
0.784738 0.602214 0.788855 0.737646 0.949913 0.735885 0.815011 0.588010 0.765138 0.751725 0.695712 0.753784 0.685146 0.641364 0.832852 0.846192 0.739793 0.615885 0.777557 1.000000 0.864951 0.841139 0.698186 0.796535 0.929902 0.814140 0.932143 0.763455 0.574942 
0.882016 0.633939 0.958521 0.883813 0.908765 0.898930 0.849225 0.618004 0.956077 0.901749 0.844579 0.952020 0.898540 0.843626 0.901397 0.973857 0.903467 0.837236 0.967837 0.864951 1.000000 0.890877 0.882493 0.935091 0.863333 0.895156 0.853433 0.776458 0.599167 
0.951646 0.753120 0.922873 0.933213 0.870006 0.938677 0.963391 0.738040 0.884806 0.903467 0.887123 0.896985 0.870714 0.877586 0.811551 0.899385 0.934781 0.874974 0.899065 0.841139 0.890877 1.000000 0.907171 0.950029 0.787705 0.975900 0.887928 0.904410 0.718705 
0.935270 0.739180 0.940572 0.956852 0.772828 0.990788 0.868996 0.729379 0.917492 0.925615 0.923526 0.929423 0.955845 0.958884 0.722141 0.886065 0.968965 0.981303 0.908851 0.698186 0.882493 0.907171 1.000000 0.915484 0.685474 0.931200 0.752993 0.795389 0.711535 
0.921869 0.683963 0.950654 0.929127 0.851117 0.940458 0.916402 0.666831 0.941823 0.910669 0.886249 0.949309 0.895510 0.902788 0.854104 0.939180 0.949175 0.902612 0.956680 0.796535 0.935091 0.950029 0.915484 1.000000 0.764598 0.948581 0.863068 0.852009 0.642908 
0.758974 0.614926 0.752404 0.663708 0.953206 0.721037 0.790195 0.608680 0.723362 0.665999 0.598796 0.714182 0.658385 0.579214 0.823501 0.813300 0.681657 0.610681 0.762396 0.929902 0.863333 0.787705 0.685474 0.764598 1.000000 0.803282 0.885535 0.744295 0.603063 
0.957317 0.805384 0.916619 0.913694 0.864198 0.957327 0.972777 0.801544 0.877084 0.878359 0.858650 0.890407 0.877823 0.869319 0.797449 0.888955 0.923692 0.895379 0.897095 0.814140 0.895156 0.975900 0.931200 0.948581 0.803282 1.000000 0.878079 0.921890 0.788199 
0.835752 0.709573 0.806986 0.768981 0.948740 0.790271 0.909617 0.699883 0.789487 0.756186 0.717787 0.774266 0.728660 0.706016 0.808345 0.837779 0.783051 0.703926 0.803245 0.932143 0.853433 0.887928 0.752993 0.863068 0.885535 0.878079 1.000000 0.882039 0.683844 
0.848693 0.826576 0.788300 0.775776 0.802164 0.820502 0.962557 0.851034 0.747972 0.750842 0.729854 0.741251 0.764453 0.741802 0.693970 0.761233 0.793779 0.757632 0.768600 0.763455 0.776458 0.904410 0.795389 0.852009 0.744295 0.921890 0.882039 1.000000 0.849591 
0.764544 0.958813 0.634219 0.616248 0.649483 0.727713 0.830620 0.993020 0.552626 0.561848 0.546698 0.562720 0.653277 0.579090 0.494720 0.566254 0.618504 0.655648 0.580652 0.574942 0.599167 0.718705 0.711535 0.642908 0.603063 0.788199 0.683844 0.849591 1.000000 
