1.000000 0.438269 0.319035 0.011458 0.000000 0.020590 0.042412 0.036536 0.031495 0.038446 0.041870 0.071927 0.038218 0.043712 0.014798 0.079672 0.052054 0.087721 0.115440 0.017657 0.076838 0.082781 0.065146 0.071206 0.097008 0.101608 0.056309 0.084273 0.017570
0.438269 1.000000 0.915491 0.073045 0.054472 0.052659 0.059539 0.062716 0.069216 0.153271 0.105164 0.140675 0.156370 0.067209 0.054856 0.079895 0.059219 0.095346 0.117227 0.092082 0.122573 0.114087 0.101300 0.099415 0.073640 0.150806 0.271488 0.226155 0.240836
0.319035 0.915491 1.000000 0.100584 0.068606 0.088325 0.068597 0.094533 0.103269 0.240605 0.134123 0.150593 0.219109 0.069179 0.084728 0.083657 0.065625 0.095997 0.116668 0.097842 0.093089 0.104527 0.087602 0.081469 0.066038 0.115056 0.405365 0.258691 0.379590
0.011458 0.073045 0.100584 1.000000 0.871314 0.737988 0.582048 0.696496 0.660021 0.580512 0.543657 0.405526 0.524733 0.497364 0.564996 0.265288 0.381242 0.690913 0.585084 0.670946 0.568431 0.572129 0.650130 0.643212 0.224663 0.430210 0.398821 0.472823 0.538134
0.000000 0.054472 0.068606 0.871314 1.000000 0.821827 0.800131 0.780740 0.827505 0.503379 0.589248 0.450570 0.556486 0.660113 0.660695 0.374293 0.527248 0.590460 0.483117 0.680513 0.526336 0.571078 0.627266 0.577790 0.239373 0.402270 0.313764 0.424451 0.446308
0.020590 0.052659 0.088325 0.737988 0.821827 1.000000 0.905352 0.831233 0.739886 0.405689 0.439704 0.441430 0.461295 0.601832 0.628524 0.483175 0.556998 0.681136 0.540665 0.469263 0.405059 0.502738 0.586254 0.559068 0.192958 0.222775 0.223329 0.258422 0.318890
0.042412 0.059539 0.068597 0.582048 0.800131 0.905352 1.000000 0.705432 0.708086 0.365659 0.429528 0.407290 0.411553 0.700745 0.645942 0.554977 0.647621 0.513207 0.371399 0.414438 0.302003 0.366060 0.446509 0.417125 0.206251 0.173881 0.135497 0.208580 0.205324
0.036536 0.062716 0.094533 0.696496 0.780740 0.831233 0.705432 1.000000 0.866330 0.370585 0.408692 0.395628 0.520561 0.465849 0.504569 0.380981 0.442265 0.551472 0.431563 0.425490 0.338265 0.501809 0.536771 0.440893 0.182315 0.180820 0.172742 0.221648 0.280372
0.031495 0.069216 0.103269 0.660021 0.827505 0.739886 0.708086 0.866330 1.000000 0.327990 0.444510 0.401363 0.569174 0.451655 0.529398 0.312556 0.417612 0.416017 0.308825 0.420455 0.272805 0.374263 0.419620 0.323380 0.190684 0.174254 0.224809 0.255663 0.319631
0.038446 0.153271 0.240605 0.580512 0.503379 0.405689 0.365659 0.370585 0.327990 1.000000 0.480300 0.360738 0.460723 0.587236 0.679216 0.327098 0.425546 0.281659 0.272503 0.504640 0.182764 0.192208 0.213936 0.244944 0.212634 0.138112 0.538494 0.488523 0.644071
0.041870 0.105164 0.134123 0.543657 0.589248 0.439704 0.429528 0.408692 0.444510 0.480300 1.000000 0.698054 0.763564 0.540185 0.609993 0.323781 0.411542 0.320288 0.273688 0.565919 0.424620 0.373684 0.407970 0.396946 0.470592 0.397299 0.443836 0.528216 0.517142
0.071927 0.140675 0.150593 0.405526 0.450570 0.441430 0.407290 0.395628 0.401363 0.360738 0.698054 1.000000 0.759630 0.413518 0.444185 0.340817 0.389706 0.262447 0.220676 0.387235 0.286541 0.256126 0.290851 0.287700 0.231014 0.260179 0.301435 0.298626 0.344337
0.038218 0.156370 0.219109 0.524733 0.556486 0.461295 0.411553 0.520561 0.569174 0.460723 0.763564 0.759630 1.000000 0.451346 0.572433 0.325246 0.401041 0.313941 0.260948 0.432489 0.263953 0.302164 0.318255 0.293619 0.243617 0.208196 0.320825 0.361010 0.448321
0.043712 0.067209 0.069179 0.497364 0.660113 0.601832 0.700745 0.465849 0.451655 0.587236 0.540185 0.413518 0.451346 1.000000 0.924721 0.814027 0.896160 0.328505 0.257576 0.444696 0.233909 0.212907 0.260984 0.335002 0.259923 0.152879 0.186125 0.302808 0.250349
0.014798 0.054856 0.084728 0.564996 0.660695 0.628524 0.645942 0.504569 0.529398 0.679216 0.609993 0.444185 0.572433 0.924721 1.000000 0.730053 0.824466 0.366274 0.295428 0.511808 0.244575 0.226579 0.283887 0.351615 0.266361 0.155982 0.326909 0.404592 0.402309
0.079672 0.079895 0.083657 0.265288 0.374293 0.483175 0.554977 0.380981 0.312556 0.327098 0.323781 0.340817 0.325246 0.814027 0.730053 1.000000 0.969635 0.269650 0.170848 0.327725 0.239909 0.172808 0.232387 0.325234 0.180970 0.173000 0.127799 0.166099 0.164521
0.052054 0.059219 0.065625 0.381242 0.527248 0.556998 0.647621 0.442265 0.417612 0.425546 0.411542 0.389706 0.401041 0.896160 0.824466 0.969635 1.000000 0.321550 0.230310 0.413197 0.252048 0.205408 0.265482 0.358115 0.198755 0.167041 0.151087 0.211360 0.209098
0.087721 0.095346 0.095997 0.690913 0.590460 0.681136 0.513207 0.551472 0.416017 0.281659 0.320288 0.262447 0.313941 0.328505 0.366274 0.269650 0.321550 1.000000 0.961716 0.478638 0.600859 0.700019 0.790447 0.874092 0.183199 0.327822 0.207104 0.254382 0.271825
0.115440 0.117227 0.116668 0.585084 0.483117 0.540665 0.371399 0.431563 0.308825 0.272503 0.273688 0.220676 0.260948 0.257576 0.295428 0.170848 0.230310 0.961716 1.000000 0.440797 0.555596 0.699629 0.754350 0.850288 0.180382 0.282547 0.193649 0.226450 0.237388
0.017657 0.092082 0.097842 0.670946 0.680513 0.469263 0.414438 0.425490 0.420455 0.504640 0.565919 0.387235 0.432489 0.444696 0.511808 0.327725 0.413197 0.478638 0.440797 1.000000 0.869569 0.788089 0.818457 0.760747 0.239463 0.836734 0.595879 0.681819 0.717765
0.076838 0.122573 0.093089 0.568431 0.526336 0.405059 0.302003 0.338265 0.272805 0.182764 0.424620 0.286541 0.263953 0.233909 0.244575 0.239909 0.252048 0.600859 0.555596 0.869569 1.000000 0.846451 0.919384 0.894532 0.223996 0.944329 0.501545 0.604785 0.584918
0.082781 0.114087 0.104527 0.572129 0.571078 0.502738 0.366060 0.501809 0.374263 0.192208 0.373684 0.256126 0.302164 0.212907 0.226579 0.172808 0.205408 0.700019 0.699629 0.788089 0.846451 1.000000 0.962146 0.868851 0.202658 0.706575 0.373133 0.443900 0.449449
0.065146 0.101300 0.087602 0.650130 0.627266 0.586254 0.446509 0.536771 0.419620 0.213936 0.407970 0.290851 0.318255 0.260984 0.283887 0.232387 0.265482 0.790447 0.754350 0.818457 0.919384 0.962146 1.000000 0.952405 0.207860 0.763097 0.404717 0.488864 0.491599
0.071206 0.099415 0.081469 0.643212 0.577790 0.559068 0.417125 0.440893 0.323380 0.244944 0.396946 0.287700 0.293619 0.335002 0.351615 0.325234 0.358115 0.874092 0.850288 0.760747 0.894532 0.868851 0.952405 1.000000 0.207712 0.704240 0.378067 0.462500 0.456228
0.097008 0.073640 0.066038 0.224663 0.239373 0.192958 0.206251 0.182315 0.190684 0.212634 0.470592 0.231014 0.243617 0.259923 0.266361 0.180970 0.198755 0.183199 0.180382 0.239463 0.223996 0.202658 0.207860 0.207712 1.000000 0.228526 0.228983 0.312786 0.211433
0.101608 0.150806 0.115056 0.430210 0.402270 0.222775 0.173881 0.180820 0.174254 0.138112 0.397299 0.260179 0.208196 0.152879 0.155982 0.173000 0.167041 0.327822 0.282547 0.836734 0.944329 0.706575 0.763097 0.704240 0.228526 1.000000 0.542191 0.641728 0.610420
0.056309 0.271488 0.405365 0.398821 0.313764 0.223329 0.135497 0.172742 0.224809 0.538494 0.443836 0.301435 0.320825 0.186125 0.326909 0.127799 0.151087 0.207104 0.193649 0.595879 0.501545 0.373133 0.404717 0.378067 0.228983 0.542191 1.000000 0.884063 0.949641
0.084273 0.226155 0.258691 0.472823 0.424451 0.258422 0.208580 0.221648 0.255663 0.488523 0.528216 0.298626 0.361010 0.302808 0.404592 0.166099 0.211360 0.254382 0.226450 0.681819 0.604785 0.443900 0.488864 0.462500 0.312786 0.641728 0.884063 1.000000 0.835486
0.017570 0.240836 0.379590 0.538134 0.446308 0.318890 0.205324 0.280372 0.319631 0.644071 0.517142 0.344337 0.448321 0.250349 0.402309 0.164521 0.209098 0.271825 0.237388 0.717765 0.584918 0.449449 0.491599 0.456228 0.211433 0.610420 0.949641 0.835486 1.000000
