1.000000 -0.092566 0.079686 0.104551 0.061081 0.359447 0.168512 -0.120841 0.010649 0.039610 0.009022 0.023528 0.020776 0.030541 0.035264 0.011719 0.112341 0.069572 0.061888 0.008310 0.041557 0.047334 0.084821 0.079795 0.041378 0.045881 0.066562 0.067115 -0.130039 
-0.092566 1.000000 -0.209941 -0.157052 -0.116972 -0.159280 -0.107975 0.320338 -0.165734 -0.158625 -0.113543 -0.185028 -0.171834 -0.146959 -0.109780 -0.103804 -0.192036 -0.122913 -0.196077 -0.070266 -0.131118 -0.163423 -0.163699 -0.188577 -0.123785 -0.188682 -0.087001 -0.141811 0.176072 
0.079686 -0.209941 1.000000 0.588756 0.426894 0.503014 0.303620 -0.144032 0.734709 0.758170 0.242931 0.784421 0.791291 0.427998 0.481029 0.504481 0.589461 0.335223 0.844298 0.374602 0.549014 0.399118 0.463374 0.613440 0.489152 0.330065 0.276783 0.169695 -0.126931 
0.104551 -0.157052 0.588756 1.000000 0.073076 0.443651 0.156439 -0.128622 0.353709 0.637920 0.774984 0.518240 0.336535 0.874360 0.047665 0.187531 0.908917 0.290392 0.391840 0.101711 0.105834 0.500580 0.336161 0.328115 0.195392 0.092967 -0.024966 0.015260 -0.126238 
0.061081 -0.116972 0.426894 0.073076 1.000000 0.303824 0.521814 -0.061635 0.199340 0.155465 0.080334 0.280157 0.120137 0.095023 0.814215 0.517063 0.085980 0.136757 0.477827 0.462298 0.902460 0.011193 0.109426 0.842186 0.872390 0.497776 0.932642 0.396899 -0.097308 
0.359447 -0.159280 0.503014 0.443651 0.303824 1.000000 0.429170 -0.082698 0.284553 0.309763 0.181815 0.322075 0.327890 0.288001 0.242195 0.177589 0.528115 0.634663 0.447853 0.121205 0.283679 0.371194 0.713927 0.474787 0.270341 0.415771 0.270767 0.327074 -0.047660 
0.168512 -0.107975 0.303620 0.156439 0.521814 0.429170 1.000000 0.063694 0.058240 0.042429 -0.008970 0.102735 0.099396 0.045793 0.327151 0.097847 0.279592 0.151380 0.362148 0.064050 0.381555 0.381143 0.226861 0.615020 0.349656 0.800948 0.566512 0.859724 0.103060 
-0.120841 0.320338 -0.144032 -0.128622 -0.061635 -0.082698 0.063694 1.000000 -0.134058 -0.137902 -0.113273 -0.146226 -0.126193 -0.138289 -0.071902 -0.094577 -0.143568 -0.039732 -0.121560 -0.068103 -0.087374 -0.024492 -0.020742 -0.098527 -0.089654 0.081457 -0.027474 0.118544 0.897749 
0.010649 -0.165734 0.734709 0.353709 0.199340 0.284553 0.058240 -0.134058 1.000000 0.643590 0.251023 0.795802 0.838267 0.325174 0.397218 0.457307 0.400558 0.268746 0.632778 0.312225 0.439521 0.238445 0.419908 0.304877 0.323514 0.129293 0.008841 -0.000933 -0.095561 
0.039610 -0.158625 0.758170 0.637920 0.155465 0.309763 0.042429 -0.137902 0.643590 1.000000 0.461549 0.885481 0.646801 0.573643 0.232970 0.411009 0.571611 0.282856 0.494303 0.239430 0.330309 0.232485 0.288014 0.291505 0.294756 0.038489 0.000445 -0.045997 -0.126942 
0.009022 -0.113543 0.242931 0.774984 0.080334 0.181815 -0.008970 -0.113273 0.251023 0.461549 1.000000 0.374672 0.168234 0.963260 -0.000853 0.116320 0.673380 0.202428 0.111042 -0.003225 0.071234 0.185828 0.183587 0.186588 0.183573 -0.010880 -0.000622 -0.055312 -0.108721 
0.023528 -0.185028 0.784421 0.518240 0.280157 0.322075 0.102735 -0.146226 0.795802 0.885481 0.374672 1.000000 0.685277 0.463993 0.398342 0.614193 0.550536 0.324164 0.682981 0.444231 0.499392 0.280919 0.348199 0.357840 0.466499 0.175897 0.059603 0.060274 -0.103072 
0.020776 -0.171834 0.791291 0.336535 0.120137 0.327890 0.099396 -0.126193 0.838267 0.646801 0.168234 0.685277 1.000000 0.295345 0.242896 0.293415 0.430600 0.275684 0.588645 0.163720 0.297774 0.186907 0.478727 0.298785 0.181330 0.176794 0.000897 0.062065 -0.084991 
0.030541 -0.146959 0.427998 0.874360 0.095023 0.288001 0.045793 -0.138289 0.325174 0.573643 0.963260 0.463993 0.295345 1.000000 0.038591 0.179116 0.787615 0.261580 0.251339 0.068720 0.111277 0.304945 0.275295 0.290003 0.223357 0.043056 -0.007831 -0.027134 -0.130539 
0.035264 -0.109780 0.481029 0.047665 0.814215 0.242195 0.327151 -0.071902 0.397218 0.232970 -0.000853 0.398342 0.242896 0.038591 1.000000 0.637041 0.064207 0.099957 0.482301 0.636569 0.954199 0.022620 0.155659 0.743600 0.841318 0.333866 0.644973 0.241529 -0.083470 
0.011719 -0.103804 0.504481 0.187531 0.517063 0.177589 0.097847 -0.094577 0.457307 0.411009 0.116320 0.614193 0.293415 0.179116 0.637041 1.000000 0.233229 0.107604 0.626023 0.953678 0.746453 0.130850 0.169910 0.369183 0.847659 0.118951 0.186704 0.040643 -0.093790 
0.112341 -0.192036 0.589461 0.908917 0.085980 0.528115 0.279592 -0.143568 0.400558 0.571611 0.673380 0.550536 0.430600 0.787615 0.064207 0.233229 1.000000 0.327497 0.473671 0.147510 0.133545 0.611870 0.482669 0.409317 0.215493 0.276830 -0.021212 0.185600 -0.107425 
0.069572 -0.122913 0.335223 0.290392 0.136757 0.634663 0.151380 -0.039732 0.268746 0.282856 0.202428 0.324164 0.275684 0.261580 0.099957 0.107604 0.327497 1.000000 0.280722 0.057064 0.141972 0.226531 0.709167 0.258590 0.138159 0.206686 0.104860 0.154778 -0.027732 
0.061888 -0.196077 0.844298 0.391840 0.477827 0.447853 0.362148 -0.121560 0.632778 0.494303 0.111042 0.682981 0.588645 0.251339 0.482301 0.626023 0.473671 0.280722 1.000000 0.497976 0.576679 0.492444 0.424955 0.601864 0.568308 0.441170 0.310588 0.272609 -0.088241 
0.008310 -0.070266 0.374602 0.101711 0.462298 0.121205 0.064050 -0.068103 0.312225 0.239430 -0.003225 0.444231 0.163720 0.068720 0.636569 0.953678 0.147510 0.057064 0.497976 1.000000 0.702778 0.119771 0.105791 0.323398 0.818857 0.077285 0.131924 0.024363 -0.068780 
0.041557 -0.131118 0.549014 0.105834 0.902460 0.283679 0.381555 -0.087374 0.439521 0.330309 0.071234 0.499392 0.297774 0.111277 0.954199 0.746453 0.133545 0.141972 0.576679 0.702778 1.000000 0.048910 0.175130 0.780344 0.942413 0.384865 0.713361 0.279742 -0.103948 
0.047334 -0.163423 0.399118 0.500580 0.011193 0.371194 0.381143 -0.024492 0.238445 0.232485 0.185828 0.280919 0.186907 0.304945 0.022620 0.130850 0.611870 0.226531 0.492444 0.119771 0.048910 1.000000 0.347507 0.400644 0.086427 0.569347 -0.042834 0.441606 0.081177 
0.084821 -0.163699 0.463374 0.336161 0.109426 0.713927 0.226861 -0.020742 0.419908 0.288014 0.183587 0.348199 0.478727 0.275295 0.155659 0.169910 0.482669 0.709167 0.424955 0.105791 0.175130 0.347507 1.000000 0.313345 0.145321 0.332501 0.041964 0.178238 0.055168 
0.079795 -0.188577 0.613440 0.328115 0.842186 0.474787 0.615020 -0.098527 0.304877 0.291505 0.186588 0.357840 0.298785 0.290003 0.743600 0.369183 0.409317 0.258590 0.601864 0.323398 0.780344 0.400644 0.313345 1.000000 0.710518 0.658512 0.802458 0.511038 -0.091558 
0.041378 -0.123785 0.489152 0.195392 0.872390 0.270341 0.349656 -0.089654 0.323514 0.294756 0.183573 0.466499 0.181330 0.223357 0.841318 0.847659 0.215493 0.138159 0.568308 0.818857 0.942413 0.086427 0.145321 0.710518 1.000000 0.342068 0.642149 0.247498 -0.111368 
0.045881 -0.188682 0.330065 0.092967 0.497776 0.415771 0.800948 0.081457 0.129293 0.038489 -0.010880 0.175897 0.176794 0.043056 0.333866 0.118951 0.276830 0.206686 0.441170 0.077285 0.384865 0.569347 0.332501 0.658512 0.342068 1.000000 0.528631 0.939068 0.249341 
0.066562 -0.087001 0.276783 -0.024966 0.932642 0.270767 0.566512 -0.027474 0.008841 0.000445 -0.000622 0.059603 0.000897 -0.007831 0.644973 0.186704 -0.021212 0.104860 0.310588 0.131924 0.713361 -0.042834 0.041964 0.802458 0.642149 0.528631 1.000000 0.446078 -0.070730 
0.067115 -0.141811 0.169695 0.015260 0.396899 0.327074 0.859724 0.118544 -0.000933 -0.045997 -0.055312 0.060274 0.062065 -0.027134 0.241529 0.040643 0.185600 0.154778 0.272609 0.024363 0.279742 0.441606 0.178238 0.511038 0.247498 0.939068 0.446078 1.000000 0.280527 
-0.130039 0.176072 -0.126931 -0.126238 -0.097308 -0.047660 0.103060 0.897749 -0.095561 -0.126942 -0.108721 -0.103072 -0.084991 -0.130539 -0.083470 -0.093790 -0.107425 -0.027732 -0.088241 -0.068780 -0.103948 0.081177 0.055168 -0.091558 -0.111368 0.249341 -0.070730 0.280527 1.000000 
