"","sig_1","sig_2","sig_3","sig_4","sig_5","sig_6","sig_7","sig_8","sig_9","sig_10","sig_11","sig_12","sig_13","sig_14","sig_15","sig_16","sig_17","sig_18","sig_19","sig_20","sig_21","sig_22","sig_23","sig_24","sig_25","sig_26","sig_27","sig_28","sig_29","EC1","EC2","EC3","EC4","EC5","EC6"
"sig_1",1,0.765704219717025,0.889548290866346,0.920390657313634,0.892788821551694,0.969093778639795,0.929996123059928,0.653834915637522,0.821621421577765,0.830318875133006,0.844581930840078,0.806316437098844,0.848391277314547,0.867363517068936,0.762642968437044,0.824948127760642,0.916478187558698,0.907654932183978,0.847401667087636,0.808391401620023,0.805072586341109,0.959977260624808,0.938370523333263,0.925515866559065,0.842342570802381,0.945208846858243,0.885779298793405,0.769090877198533,0.530558728250071,-0.0324192602817279,-0.0236041530327314,0.105340370289505,-0.0260429316327512,-0.027669872397461,-0.017577349173056
"sig_2",0.765704219717025,1,0.531300114028998,0.545589474559586,0.590185300641038,0.669897414915609,0.899872676559318,0.971713945943408,0.46510898261082,0.459558017000729,0.457066920178039,0.447060844109669,0.509878613626876,0.486088445843755,0.421185393267,0.458447988433388,0.553323110233238,0.570409150768008,0.4956036637651,0.483771874155127,0.465442614568104,0.729880470296557,0.64137625450882,0.601711847055359,0.532971407212258,0.79970721527114,0.745739914991366,0.925527574436308,0.906185598843314,-0.00256961537847682,0.00685221025330667,0.0393173708812593,-0.0341211277527008,-0.0483911360567346,0.0048792508768696
"sig_3",0.889548290866346,0.531300114028998,0.999999999999997,0.910492168009386,0.941052076052028,0.948384103696311,0.766001426429958,0.432375223034368,0.987552076665493,0.98480895693274,0.861625963099383,0.977945475305218,0.98949421924611,0.916182392531157,0.94963143612187,0.984322854918075,0.949033415627562,0.953306302077307,0.991801465658883,0.902244885828336,0.972759966493815,0.871932608200856,0.945467839931656,0.970683949849556,0.953340175201279,0.854300505753773,0.820374744493234,0.574551372035215,0.323140190671285,-0.0290235167552947,-0.0407437816795705,0.11157354772167,-0.0189720402702398,-0.0132839011957887,-0.019981306032818
"sig_4",0.920390657313634,0.545589474559586,0.910492168009386,1,0.843665394058741,0.958291885584279,0.771643958380426,0.438579582090894,0.864026265743383,0.899745656488423,0.980921931026373,0.860711037776152,0.881277826713752,0.980659793679127,0.793707235033633,0.889234269997073,0.984476748825371,0.950201881388036,0.874379268369288,0.807059130777327,0.837595145024844,0.931453472868438,0.950122747347952,0.926313090665858,0.818553911112004,0.837761914144422,0.758302928518939,0.573546213686634,0.326487781173705,-0.0312826094542096,-0.0430769476718044,0.109352493545941,-0.000478653153560289,-0.020719654258336,-0.0207910541517974
"sig_5",0.892788821551694,0.590185300641038,0.941052076052028,0.843665394058741,0.999999999999999,0.910315364318709,0.813144740664851,0.491996255217045,0.913033304739087,0.906198214767822,0.774892692693324,0.901038976283205,0.919195577567903,0.8342635053577,0.874252832455689,0.913629809875031,0.881649564257653,0.894748166049932,0.931535608821913,0.960281467456354,0.914165022930013,0.853713346211868,0.896801427136808,0.939780135914458,0.962883143975281,0.866415817123224,0.907213703967977,0.645247627724583,0.379401000875991,-0.0184710036872073,-0.0402845740208721,0.110909379513871,-0.0299836342461349,-0.0198866294211962,-0.0213641921444122
"sig_6",0.969093778639795,0.669897414915609,0.948384103696311,0.958291885584279,0.910315364318709,0.999999999999999,0.874441902799966,0.567778937583211,0.902769213493738,0.914975631029988,0.898695108332257,0.889639802469754,0.926128580557426,0.943338383322845,0.842740578855719,0.911411829714297,0.976942091031037,0.980520494440777,0.916288971437172,0.84611758665952,0.885706188239395,0.965458745889773,0.992339297046186,0.970375042513183,0.891248969335554,0.939540859387984,0.859882316256107,0.69665304049642,0.449526959845749,-0.0385516946289334,-0.0341533260493194,0.12185535475632,-0.0236505230703639,-0.0231403557603349,-0.0193601744797796
"sig_7",0.929996123059928,0.899872676559318,0.766001426429958,0.771643958380426,0.813144740664851,0.874441902799966,1,0.843211614345385,0.697650985160838,0.69421714059935,0.679437586059929,0.679448384110757,0.73461205515735,0.71917344288093,0.647402780741962,0.697247315913945,0.788107720616668,0.789882639603954,0.729765036142775,0.702603877327378,0.699260443969789,0.923091355633901,0.844797549550664,0.844419607342951,0.757065165302124,0.965886571208762,0.923704983637646,0.94188586343021,0.752054163520834,-0.0168542305566732,-0.0282316391695193,0.0957849961868996,-0.0313049314886837,-0.0336597280264819,-0.00926491619504837
"sig_8",0.653834915637522,0.971713945943408,0.432375223034368,0.438579582090894,0.491996255217045,0.567778937583211,0.843211614345385,0.999999999999998,0.378906457748431,0.369415677809872,0.358026633285756,0.359894409994404,0.424541541161333,0.390361530985718,0.336763776478798,0.370240947870963,0.45564941904502,0.473690069343037,0.402219077167627,0.39786328615935,0.381569986732407,0.649252569779159,0.552455992341324,0.505818951642392,0.438142082496478,0.736841101268135,0.675940517432453,0.937749679110734,0.979016946082738,-0.000473302523708316,0.0164946181375045,0.022513827089356,-0.0276116848901936,-0.050165595402782,0.0042009063881844
"sig_9",0.821621421577765,0.46510898261082,0.987552076665493,0.864026265743383,0.913033304739087,0.902769213493738,0.697650985160838,0.378906457748431,0.999999999999995,0.99085737112258,0.821364716609868,0.994729208897644,0.993763288723875,0.883947439515864,0.977782199208886,0.991876753805622,0.913848721519583,0.925694641549133,0.994494194322916,0.895194372046268,0.988664030684945,0.812210420156106,0.908661907382568,0.937979890401139,0.947427051398935,0.800234731764923,0.763516361174289,0.51428913640452,0.281376476768255,-0.0286792068220161,-0.0395368874804558,0.10609754114501,-0.0165060740604643,-0.0131539078443863,-0.0165184986163027
"sig_10",0.830318875133006,0.459558017000729,0.98480895693274,0.899745656488423,0.906198214767822,0.914975631029988,0.69421714059935,0.369415677809872,0.99085737112258,1.00000000000001,0.871532233581437,0.991918351278908,0.988435466063605,0.924047152340068,0.95922898821836,0.997525992980986,0.939343036720647,0.945118812446484,0.988861292279396,0.896755982226018,0.979732774318055,0.830131197806049,0.922668442708383,0.940400903991836,0.936812921958515,0.792284723352221,0.755137553217972,0.504192873260746,0.269489946123203,-0.0279946361259051,-0.0419385429740821,0.107356420940183,-0.0143210408475678,-0.0136465888556219,-0.0169470781803066
"sig_11",0.844581930840078,0.457066920178039,0.861625963099383,0.980921931026373,0.774892692693324,0.898695108332257,0.679437586059929,0.358026633285756,0.821364716609868,0.871532233581437,1,0.826643861018324,0.838271633045314,0.974900644583403,0.744396020613232,0.859196087625722,0.954629090956286,0.908204361277422,0.828210604818364,0.75754165432263,0.794555431409058,0.864716251321628,0.896662058608645,0.872267573641381,0.757656059984044,0.745919723570909,0.672426516855089,0.484381774019019,0.257752382528034,-0.0236585686579889,-0.051010189913797,0.101068931271084,0.0122025797810391,-0.018744166815734,-0.0201532065654318
"sig_12",0.806316437098844,0.447060844109669,0.977945475305218,0.860711037776152,0.901038976283205,0.889639802469754,0.679448384110757,0.359894409994404,0.994729208897644,0.991918351278908,0.826643861018324,0.999999999999994,0.98720859260827,0.881429263948822,0.983041608700865,0.993261489583374,0.905992461338865,0.91672538537255,0.992397256760318,0.893395282050368,0.993574636499852,0.797595345457625,0.893455418999535,0.928812470447598,0.941730373895688,0.777839680206603,0.742411562773934,0.49344706217191,0.262607489518787,-0.0276231670052766,-0.0410353799500567,0.102812281423953,-0.0131837455744074,-0.0110077414369698,-0.015346950870334
"sig_13",0.848391277314547,0.509878613626876,0.98949421924611,0.881277826713752,0.919195577567903,0.926128580557426,0.73461205515735,0.424541541161333,0.993763288723875,0.988435466063605,0.838271633045314,0.98720859260827,1,0.901039053930097,0.963813743205555,0.988308025184728,0.929793764867296,0.946346901258399,0.989917933252391,0.896532308725482,0.983108922999642,0.842147708222925,0.933902649724288,0.948939095590018,0.946369539670905,0.830513788013845,0.787863647918674,0.556325741685534,0.325309171450152,-0.0318185672565378,-0.0370795079055124,0.109246084116643,-0.0199543851733474,-0.0124778185611416,-0.0179843096015646
"sig_14",0.867363517068936,0.486088445843755,0.916182392531157,0.980659793679127,0.8342635053577,0.943338383322845,0.71917344288093,0.390361530985718,0.883947439515864,0.924047152340068,0.974900644583403,0.881429263948822,0.901039053930097,0.999999999999997,0.810063513723891,0.917771949524104,0.98913345509113,0.968337739841943,0.886116104405816,0.810784943938627,0.859942943672487,0.903720598171438,0.95417909726912,0.925028929146471,0.821412175667916,0.807613872592013,0.726151354817066,0.524929583919625,0.286339098747148,-0.0347973529805958,-0.0484219872476054,0.120727831954988,-0.0069312933863023,-0.0179878367626513,-0.0179633906796682
"sig_15",0.762642968437044,0.421185393267,0.94963143612187,0.793707235033633,0.874252832455689,0.842740578855719,0.647402780741962,0.336763776478798,0.977782199208886,0.95922898821836,0.744396020613232,0.983041608700865,0.963813743205555,0.810063513723891,1,0.965195110812812,0.847567891241152,0.866510960442349,0.972912147972091,0.867833557316391,0.98663120060356,0.750561654160331,0.841911310374578,0.89713227252691,0.922790789646163,0.747594788658111,0.708198097509408,0.465071550894163,0.242635584720974,-0.0309588540615074,-0.0297625152991464,0.0961038872376409,-0.0179135612904587,-0.011102683016699,-0.0156888364215324
"sig_16",0.824948127760642,0.458447988433388,0.984322854918075,0.889234269997073,0.913629809875031,0.911411829714297,0.697247315913945,0.370240947870963,0.991876753805622,0.997525992980986,0.859196087625722,0.993261489583374,0.988308025184728,0.917771949524104,0.965195110812812,1.00000000000001,0.935061018578684,0.942837805506308,0.99019433653292,0.902175138505255,0.986313808967893,0.828291371999277,0.9194684954894,0.947290079983578,0.940779070077685,0.797150828017705,0.762634766714342,0.509250253568924,0.270720952432684,-0.0301141195830639,-0.0429764891567802,0.110785678830181,-0.0158700256343687,-0.0130525973848478,-0.0155241026009431
"sig_17",0.916478187558698,0.553323110233238,0.949033415627562,0.984476748825371,0.881649564257653,0.976942091031037,0.788107720616668,0.45564941904502,0.913848721519583,0.939343036720647,0.954629090956286,0.905992461338865,0.929793764867296,0.98913345509113,0.847567891241152,0.935061018578684,0.999999999999995,0.983335653089195,0.918946591725274,0.841520765637383,0.890889526949113,0.941615191943403,0.98009383230646,0.961799421287631,0.86732397194285,0.871808876722044,0.791249634523354,0.59702984928059,0.34632789893641,-0.0361467507144299,-0.0449580082989765,0.12265776069224,-0.0122384112584979,-0.0184000623927908,-0.0197328994872306
"sig_18",0.907654932183978,0.570409150768008,0.953306302077307,0.950201881388036,0.894748166049932,0.980520494440777,0.789882639603954,0.473690069343037,0.925694641549133,0.945118812446484,0.908204361277422,0.91672538537255,0.946346901258399,0.968337739841943,0.866510960442349,0.942837805506308,0.983335653089195,0.999999999999996,0.929511262229087,0.855708273261063,0.91020833102431,0.927250186041445,0.991029728877854,0.959439599797475,0.892070993654327,0.883410026645839,0.799841708288023,0.601912482973846,0.361068680869096,-0.0421544725132976,-0.0367576614801631,0.126442404913222,-0.0245992747664634,-0.0168213258657666,-0.0198004121412204
"sig_19",0.847401667087636,0.4956036637651,0.991801465658883,0.874379268369288,0.931535608821913,0.916288971437172,0.729765036142775,0.402219077167627,0.994494194322916,0.988861292279396,0.828210604818364,0.992397256760318,0.989917933252391,0.886116104405816,0.972912147972091,0.99019433653292,0.918946591725274,0.929511262229087,0.999999999999995,0.904769135503493,0.990571274955294,0.830792881351854,0.915101194514222,0.953099583644599,0.961041515236619,0.82047982826372,0.799149540467705,0.542570931226792,0.297226102789493,-0.0250221119154676,-0.0451791253708246,0.109802197452959,-0.018593393873661,-0.011939663626989,-0.0168029641114046
"sig_20",0.808391401620023,0.483771874155127,0.902244885828336,0.807059130777327,0.960281467456354,0.84611758665952,0.702603877327378,0.39786328615935,0.895194372046268,0.896755982226018,0.75754165432263,0.893395282050368,0.896532308725482,0.810784943938627,0.867833557316391,0.902175138505255,0.841520765637383,0.855708273261063,0.904769135503493,1,0.898446848666713,0.777827614414924,0.842940234261366,0.878710684041344,0.914017395730985,0.770034499406018,0.794117947801111,0.53583799560732,0.299544434741412,-0.0250042124149092,-0.0199336443837347,0.0917518526220414,-0.0277082455738284,-0.019541292416497,-0.0213396775929807
"sig_21",0.805072586341109,0.465442614568104,0.972759966493815,0.837595145024844,0.914165022930013,0.885706188239395,0.699260443969789,0.381569986732407,0.988664030684945,0.979732774318055,0.794555431409058,0.993574636499852,0.983108922999642,0.859942943672487,0.98663120060356,0.986313808967893,0.890889526949113,0.91020833102431,0.990571274955294,0.898446848666713,1,0.799008192280369,0.888495997298254,0.935937643898115,0.951530200754236,0.795514150549664,0.770420130419961,0.52092915185528,0.28407576828617,-0.0284497182196779,-0.0430864787670006,0.109002489999395,-0.0202009937358101,-0.00960921350626878,-0.0136613230662388
"sig_22",0.959977260624808,0.729880470296557,0.871932608200856,0.931453472868438,0.853713346211868,0.965458745889773,0.923091355633901,0.649252569779159,0.812210420156106,0.830131197806049,0.864716251321628,0.797595345457625,0.842147708222925,0.903720598171438,0.750561654160331,0.828291371999277,0.941615191943403,0.927250186041445,0.830792881351854,0.777827614414924,0.799008192280369,0.999999999999996,0.95351008673974,0.931808306835636,0.808078731712704,0.956953913167678,0.866940852175299,0.786089894079019,0.544912864837611,-0.0297265793562141,-0.0374873475112893,0.114372735811189,-0.0200706600610154,-0.0232673188305239,-0.0199379380967885
"sig_23",0.938370523333263,0.64137625450882,0.945467839931656,0.950122747347952,0.896801427136808,0.992339297046186,0.844797549550664,0.552455992341324,0.908661907382568,0.922668442708383,0.896662058608645,0.893455418999535,0.933902649724288,0.95417909726912,0.841911310374578,0.9194684954894,0.98009383230646,0.991029728877854,0.915101194514222,0.842940234261366,0.888495997298254,0.95351008673974,1,0.960335329210757,0.882227572501963,0.924511711092702,0.836508478145307,0.676314219614369,0.443781280712902,-0.0428997029101939,-0.0320292741151457,0.124913192288688,-0.0256138746771947,-0.022148355067334,-0.0196289593982804
"sig_24",0.925515866559065,0.601711847055359,0.970683949849556,0.926313090665858,0.939780135914458,0.970375042513183,0.844419607342951,0.505818951642392,0.937979890401139,0.940400903991836,0.872267573641381,0.928812470447598,0.948939095590018,0.925028929146471,0.89713227252691,0.947290079983578,0.961799421287631,0.959439599797475,0.953099583644599,0.878710684041344,0.935937643898115,0.931808306835636,0.960335329210757,0.999999999999996,0.9314402869641,0.91930594403209,0.876334110907848,0.665726930179925,0.391112951166084,-0.0325664377910008,-0.0487570163005443,0.127484736427796,-0.0217031845801034,-0.0171719536551196,-0.0174456906388334
"sig_25",0.842342570802381,0.532971407212258,0.953340175201279,0.818553911112004,0.962883143975281,0.891248969335554,0.757065165302124,0.438142082496478,0.947427051398935,0.936812921958515,0.757656059984044,0.941730373895688,0.946369539670905,0.821412175667916,0.922790789646163,0.940779070077685,0.86732397194285,0.892070993654327,0.961041515236619,0.914017395730985,0.951530200754236,0.808078731712704,0.882227572501963,0.9314402869641,1,0.828289236974923,0.86575403985584,0.582992068523728,0.327689257692683,-0.00140783777498548,-0.0575622261641279,0.105260894989389,-0.0239065461636425,-0.0158247012303039,-0.0180510014347313
"sig_26",0.945208846858243,0.79970721527114,0.854300505753773,0.837761914144422,0.866415817123224,0.939540859387984,0.965886571208762,0.736841101268135,0.800234731764923,0.792284723352221,0.745919723570909,0.777839680206603,0.830513788013845,0.807613872592013,0.747594788658111,0.797150828017705,0.871808876722044,0.883410026645839,0.82047982826372,0.770034499406018,0.795514150549664,0.956953913167678,0.924511711092702,0.91930594403209,0.828289236974923,1,0.917280213172305,0.865758094158141,0.640044699217913,-0.0374129757857143,-0.0332156799938762,0.124362873264564,-0.0325099507281894,-0.0300116897844334,-0.0115765792298233
"sig_27",0.885779298793405,0.745739914991366,0.820374744493234,0.758302928518939,0.907213703967977,0.859882316256107,0.923704983637646,0.675940517432453,0.763516361174289,0.755137553217972,0.672426516855089,0.742411562773934,0.787863647918674,0.726151354817066,0.708198097509408,0.762634766714342,0.791249634523354,0.799841708288023,0.799149540467705,0.794117947801111,0.770420130419961,0.866940852175299,0.836508478145307,0.876334110907848,0.86575403985584,0.917280213172305,0.999999999999995,0.834384085795795,0.575135080393204,0.00988056963800633,-0.0625316257552034,0.104948241874095,-0.0344817435012829,-0.021642324753523,-0.0112106583373364
"sig_28",0.769090877198533,0.925527574436308,0.574551372035215,0.573546213686634,0.645247627724583,0.69665304049642,0.94188586343021,0.937749679110734,0.51428913640452,0.504192873260746,0.484381774019019,0.49344706217191,0.556325741685534,0.524929583919625,0.465071550894163,0.509250253568924,0.59702984928059,0.601912482973846,0.542570931226792,0.53583799560732,0.52092915185528,0.786089894079019,0.676314219614369,0.665726930179925,0.582992068523728,0.865758094158141,0.834384085795795,1.00000000000001,0.901487161856542,-0.0078273076096411,-0.0172578741489875,0.0636875335799206,-0.0240800155901982,-0.0393410427990078,0.00356997914119975
"sig_29",0.530558728250071,0.906185598843314,0.323140190671285,0.326487781173705,0.379401000875991,0.449526959845749,0.752054163520834,0.979016946082738,0.281376476768255,0.269489946123203,0.257752382528034,0.262607489518787,0.325309171450152,0.286339098747148,0.242635584720974,0.270720952432684,0.34632789893641,0.361068680869096,0.297226102789493,0.299544434741412,0.28407576828617,0.544912864837611,0.443781280712902,0.391112951166084,0.327689257692683,0.640044699217913,0.575135080393204,0.901487161856542,1.00000000000001,-0.00420119908374565,0.0296007883648653,0.00328538710323367,-0.0205716619954762,-0.048568274968494,0.0077948911772917
"EC1",-0.0324192602817279,-0.00256961537847682,-0.0290235167552947,-0.0312826094542096,-0.0184710036872073,-0.0385516946289334,-0.0168542305566732,-0.000473302523708316,-0.0286792068220161,-0.0279946361259051,-0.0236585686579889,-0.0276231670052766,-0.0318185672565378,-0.0347973529805958,-0.0309588540615074,-0.0301141195830639,-0.0361467507144299,-0.0421544725132976,-0.0250221119154676,-0.0250042124149092,-0.0284497182196779,-0.0297265793562141,-0.0428997029101939,-0.0325664377910008,-0.00140783777498548,-0.0374129757857143,0.00988056963800633,-0.0078273076096411,-0.00420119908374565,1.00000000000001,-0.449317229289138,-0.291435024560933,-0.161679018704026,-0.129666531957372,-0.141599743128264
"EC2",-0.0236041530327314,0.00685221025330667,-0.0407437816795705,-0.0430769476718044,-0.0402845740208721,-0.0341533260493194,-0.0282316391695193,0.0164946181375045,-0.0395368874804558,-0.0419385429740821,-0.051010189913797,-0.0410353799500567,-0.0370795079055124,-0.0484219872476054,-0.0297625152991464,-0.0429764891567802,-0.0449580082989765,-0.0367576614801631,-0.0451791253708246,-0.0199336443837347,-0.0430864787670006,-0.0374873475112893,-0.0320292741151457,-0.0487570163005443,-0.0575622261641279,-0.0332156799938762,-0.0625316257552034,-0.0172578741489875,0.0296007883648653,-0.449317229289138,1,-0.384748116657841,-0.21344619797562,-0.171183796591759,-0.18693784170215
"EC3",0.105340370289505,0.0393173708812593,0.11157354772167,0.109352493545941,0.110909379513871,0.12185535475632,0.0957849961868996,0.022513827089356,0.10609754114501,0.107356420940183,0.101068931271084,0.102812281423953,0.109246084116643,0.120727831954988,0.0961038872376409,0.110785678830181,0.12265776069224,0.126442404913222,0.109802197452959,0.0917518526220414,0.109002489999395,0.114372735811189,0.124913192288688,0.127484736427796,0.105260894989389,0.124362873264564,0.104948241874095,0.0636875335799206,0.00328538710323367,-0.291435024560933,-0.384748116657841,0.999999999999999,-0.138444942447181,-0.111032808697502,-0.121251158283037
"EC4",-0.0260429316327512,-0.0341211277527008,-0.0189720402702398,-0.000478653153560289,-0.0299836342461349,-0.0236505230703639,-0.0313049314886837,-0.0276116848901936,-0.0165060740604643,-0.0143210408475678,0.0122025797810391,-0.0131837455744074,-0.0199543851733474,-0.0069312933863023,-0.0179135612904587,-0.0158700256343687,-0.0122384112584979,-0.0245992747664634,-0.018593393873661,-0.0277082455738284,-0.0202009937358101,-0.0200706600610154,-0.0256138746771947,-0.0217031845801034,-0.0239065461636425,-0.0325099507281894,-0.0344817435012829,-0.0240800155901982,-0.0205716619954762,-0.161679018704026,-0.21344619797562,-0.138444942447181,0.999999999999998,-0.0615975227452826,-0.0672663428750981
"EC5",-0.027669872397461,-0.0483911360567346,-0.0132839011957887,-0.020719654258336,-0.0198866294211962,-0.0231403557603349,-0.0336597280264819,-0.050165595402782,-0.0131539078443863,-0.0136465888556219,-0.018744166815734,-0.0110077414369698,-0.0124778185611416,-0.0179878367626513,-0.011102683016699,-0.0130525973848478,-0.0184000623927908,-0.0168213258657666,-0.011939663626989,-0.019541292416497,-0.00960921350626878,-0.0232673188305239,-0.022148355067334,-0.0171719536551196,-0.0158247012303039,-0.0300116897844334,-0.021642324753523,-0.0393410427990078,-0.048568274968494,-0.129666531957372,-0.171183796591759,-0.111032808697502,-0.0615975227452826,1,-0.0539475899098352
"EC6",-0.017577349173056,0.0048792508768696,-0.019981306032818,-0.0207910541517974,-0.0213641921444122,-0.0193601744797796,-0.00926491619504837,0.0042009063881844,-0.0165184986163027,-0.0169470781803066,-0.0201532065654318,-0.015346950870334,-0.0179843096015646,-0.0179633906796682,-0.0156888364215324,-0.0155241026009431,-0.0197328994872306,-0.0198004121412204,-0.0168029641114046,-0.0213396775929807,-0.0136613230662388,-0.0199379380967885,-0.0196289593982804,-0.0174456906388334,-0.0180510014347313,-0.0115765792298233,-0.0112106583373364,0.00356997914119975,0.0077948911772917,-0.141599743128264,-0.18693784170215,-0.121251158283037,-0.0672663428750981,-0.0539475899098352,1
