0.0000 15.0333 14.9666 13.0384 13.6382 17.4929 13.4907 18.3848 12.8841 13.4907 15.2971 10.0000 13.6382 15.0997 15.6205 13.5647 11.9164 14.2127 16.0624 13.4907 15.5563 14.1421 13.4164 13.4164 14.1421 10.2956 11.4018 19.4422 15.2315 11.4891 34.7419 37.5100 34.0000 36.7560 35.8608 36.6060 35.5528 33.8821 37.3765 36.4417 36.6333 34.8999 36.4555 35.4119 35.9166 37.7889 36.9188 35.5949 34.0881 35.3695 36.8375 36.6606 34.3511 37.1349 37.0540 39.3700 35.5528 34.7419 34.6121 35.8329 14.0712 14.4222 18.9209 12.8841 13.7113 15.1658 19.1833 17.8885 18.8680 17.2627 18.4391 18.1659 19.3391 18.3848 19.7990 19.4422 16.6132 15.2315 17.4356 17.5499 13.8564 15.8745 16.8523 11.7047 18.7617 16.6132 16.9115 18.0555 16.4317 12.3288 23.3666 25.0599 26.9258 25.1197 21.0476 24.2899 23.6220 22.6936 21.3776 24.6171 27.6948 29.4788 21.2603 26.0768 23.9374 24.2693 27.6767 21.7256 27.5862 21.9773 29.3939 25.7099 21.7486 25.8070 22.5832 29.5804 23.4947 23.4521 22.0000 23.8537 34.0881 38.0132 33.6749 35.7351 35.0143 36.0555 33.1964 33.7046 37.7359 35.3129 36.8375 35.2136 35.6931 39.7744 33.6303 36.1109 31.8904 37.6298 35.0428 33.6601 34.8425 35.0571 37.3095 34.3366 35.3129 35.0286 34.3948 39.0256 37.4433 34.0294
15.0333 0.0000 16.7929 12.1655 14.2829 15.2315 18.8149 14.2829 13.7840 15.6205 13.6382 13.1149 16.3707 16.1864 14.4914 16.6733 15.3623 14.8324 12.0830 16.7332 16.6132 12.5698 12.1655 14.8997 17.1464 16.1864 16.3095 18.7617 19.4422 10.9545 31.9844 34.6554 31.9374 34.1906 32.7414 34.0000 33.1964 32.4654 34.7419 33.9706 33.7935 33.3167 31.8904 32.2490 34.3511 33.5261 31.3847 33.8674 31.3369 33.1210 33.3017 34.5832 32.7414 35.0000 33.6601 35.5528 32.9545 32.6956 32.3110 32.5883 13.8564 15.0333 15.7480 13.7840 11.7473 13.4907 18.2209 17.6068 16.1245 18.5472 14.0000 14.8324 20.1990 16.9115 16.4317 9.0554 11.4018 14.0000 17.6068 16.7332 15.0333 12.9615 15.1658 10.8167 16.6132 15.3623 18.8680 16.8523 18.1659 15.2971 26.8328 22.8473 26.0576 24.2281 20.5670 23.7065 18.9209 23.3452 19.9249 24.4131 24.4336 24.9600 23.9165 27.5318 20.3715 21.8403 24.3721 22.0454 25.5539 22.9129 27.3130 22.6936 21.5639 24.0416 24.4131 25.7099 21.6795 23.6643 21.3542 23.5160 32.4654 33.9853 31.5595 32.7261 30.4631 32.6803 30.3974 31.9374 33.9411 32.3265 33.8969 32.0312 31.2730 35.8887 31.4484 32.8938 29.1033 34.6699 31.2730 29.3769 31.9687 31.2570 33.3467 30.7409 32.8177 31.4166 32.3574 35.0286 34.0881 30.1993
14.9666 16.7929 0.0000 11.8322 7.8740 11.8322 14.6287 19.6469 12.3288 13.3417 12.2474 12.0830 14.2127 10.2956 12.4097 11.6619 14.0000 14.3527 11.6619 12.8841 9.8995 10.8628 15.9374 9.2736 10.7703 11.0454 16.7332 13.4907 12.3288 10.0000 35.3977 37.0000 35.4401 36.9188 37.1214 36.3868 35.4683 35.6090 37.3765 36.8511 37.1214 34.3802 36.2629 34.3511 36.1939 37.0945 35.5387 36.5923 33.9116 35.4542 36.3180 36.4143 34.4674 37.7757 37.3229 37.2559 35.4119 34.6843 34.9285 35.6090 14.1421 12.8062 16.0000 15.4919 13.2665 12.8841 15.3623 20.3961 12.9615 15.6844 19.5448 18.0000 19.1833 14.7648 13.7113 17.8326 17.3781 14.8324 16.3707 12.8841 12.3288 16.0000 13.6382 13.6748 14.7648 15.5563 17.1464 17.3781 17.7764 13.5647 24.3721 24.1661 24.2281 25.9808 22.0227 22.1359 22.4944 20.8087 18.9473 23.8328 25.1197 25.8263 21.1660 24.1247 24.5967 20.4695 23.2809 21.4942 25.6320 22.4722 28.3901 27.3313 24.1454 24.4949 21.5870 25.0400 23.6220 22.2711 21.9545 25.0400 34.3511 37.4032 32.8938 34.9714 34.6699 36.3043 32.4345 33.4664 36.9865 34.7419 36.0416 34.9285 35.3836 39.1152 33.6601 35.5809 31.6386 37.2022 36.6606 32.3265 33.5559 35.1141 35.8329 34.1906 35.0286 33.2716 35.0856 36.7831 37.6563 33.5261
13.0384 12.1655 11.8322 0.0000 9.4868 14.4222 17.3781 18.4391 5.8310 15.7480 13.6382 12.7279 16.6733 10.3923 9.5917 15.2971 13.8564 15.3623 13.4164 14.6969 14.4914 10.1980 13.7113 13.2665 13.0384 15.0333 14.0712 15.8114 14.4914 8.6023 33.0000 35.9583 33.1059 35.2278 35.7491 34.4964 34.4093 33.4066 35.6511 34.8712 35.0999 34.0588 33.8969 33.0757 34.9285 35.3836 33.4515 35.4260 32.7109 33.2114 34.2491 35.2136 33.1059 35.9026 35.4542 35.8608 34.4384 33.0000 32.7719 33.8821 11.9164 13.1909 17.5499 12.4097 11.5758 9.5917 17.3205 16.4924 16.3707 14.7648 16.1864 14.8997 18.6548 16.0000 17.5499 16.4924 16.0000 15.5563 17.2047 17.0294 10.2956 13.1909 13.8564 10.7238 15.1658 13.5647 19.0788 18.6011 18.2209 12.3288 24.4540 21.9545 22.2935 24.0624 20.1246 21.8632 20.1494 20.3715 19.3132 22.0907 23.1301 22.2486 22.1359 24.3311 20.8087 19.1572 23.2809 20.2485 24.1454 19.9249 26.8701 22.9565 21.7945 22.1811 22.7596 25.1992 22.0907 23.3666 20.4450 22.0227 32.8634 35.7911 31.7175 33.9559 32.2800 34.3511 30.5941 31.9061 35.4401 32.9697 34.6266 33.8526 33.5559 38.0526 32.5115 34.2637 29.5804 34.9571 33.5261 30.9354 32.2800 33.0606 34.2345 32.1403 33.8083 31.8904 32.8481 35.9861 36.1939 30.8545
13.6382 14.2829 7.8740 9.4868 0.0000 11.7473 16.3095 17.8326 9.4868 12.4900 12.4097 10.5830 14.4914 9.1652 11.2250 12.1655 11.8322 14.6287 10.9545 12.3288 11.7473 10.0000 14.5602 8.4853 12.9615 12.7279 16.1864 13.1149 12.2474 8.2462 35.0000 37.7757 35.6371 37.3229 37.7624 36.5513 36.2215 35.6651 37.4833 36.1386 37.3363 35.2987 36.0971 34.7851 37.0945 38.4708 35.4824 37.0810 34.6987 36.0416 36.7831 36.5513 35.3836 37.6165 37.8021 38.3406 36.2767 34.7994 35.4683 36.1109 12.4097 14.7648 17.2047 14.3527 11.7473 13.1909 16.8523 19.6469 13.8564 16.6733 19.2873 18.0555 20.8327 16.3707 15.4272 16.9115 17.4929 15.6844 18.2209 15.6844 12.5698 16.2481 15.8745 13.7477 16.6132 14.0712 16.7929 18.3848 17.1464 13.0384 26.7208 25.0599 24.9600 25.9808 23.0434 23.9165 23.4094 22.5167 21.0000 25.0200 26.0192 26.5895 23.0217 26.1534 25.2389 21.8861 24.8596 22.4944 26.8514 22.8254 29.5635 27.8029 24.6374 25.9615 22.9347 26.1343 24.4540 24.0000 22.2261 25.0799 34.5254 38.1969 33.5559 35.3695 34.8425 36.1109 32.2180 33.4066 37.1484 35.0286 36.2353 35.8608 35.8329 40.1497 34.7707 36.4417 31.6386 37.1753 36.1939 33.3916 34.1467 36.0416 36.4417 34.1321 35.0856 33.7787 35.1141 37.8021 38.3667 33.5857
17.4929 15.2315 11.8322 14.4222 11.7473 0.0000 15.8114 12.8062 15.6844 13.9284 12.5698 14.1421 11.9164 14.7648 11.5758 18.0555 14.0712 12.0830 6.0000 13.7840 11.0454 9.4868 13.7113 11.2250 15.4272 13.1909 19.3907 10.2956 15.6205 11.6619 36.3180 38.1969 36.6606 38.0657 37.7889 38.3406 37.6032 35.9444 37.6165 37.7624 38.0526 35.0714 36.2353 36.6060 37.7359 38.7814 35.4824 37.0000 35.4965 36.2077 37.8550 37.7359 36.6333 38.6652 37.0810 38.5227 36.3868 36.1801 35.2136 37.0135 15.6205 14.0712 13.5647 17.2047 13.7113 14.9666 15.6844 18.5472 14.5602 20.3470 18.8149 17.4929 23.9165 18.0000 14.6287 17.7200 18.9209 17.1464 21.4476 17.5499 13.8564 19.1833 18.3303 15.4596 16.7929 18.1108 21.5407 18.4932 19.6469 13.1149 27.0924 25.6515 26.8142 24.5561 23.1733 24.3311 20.5913 21.3776 21.8403 25.6905 28.5132 27.2947 24.7386 28.7054 24.6779 23.4307 26.9815 23.9583 27.0740 24.6374 31.2730 25.6710 26.0576 25.4951 24.2899 27.6225 24.1247 22.8473 22.7156 26.3249 35.6651 38.3536 34.1174 35.2278 35.0143 36.7696 32.9242 33.6155 38.0789 36.6197 36.6742 35.8608 35.2704 39.4715 34.8281 35.5528 32.1403 37.1214 37.1484 32.8177 33.8231 36.2629 36.7151 34.7994 35.4260 33.2415 35.6230 38.4318 37.9210 34.3802
13.4907 18.8149 14.6287 17.3781 16.3095 15.8114 0.0000 19.9499 18.3303 13.7840 11.8322 13.4907 11.7473 16.6733 16.9115 13.6382 13.6382 9.7980 16.5529 14.8324 13.7840 13.4907 11.4018 12.3288 12.4097 10.6771 16.0624 15.4272 18.6548 16.5529 33.7491 35.2846 32.9242 33.9264 34.5832 34.9285 33.7343 32.2180 35.2562 35.0143 35.4683 32.4654 35.1426 32.9545 33.7343 35.3270 34.6266 33.9264 31.4643 33.1512 35.4542 35.2136 32.0000 35.9026 35.1426 35.7771 33.0151 32.4500 32.6803 33.7046 13.8564 12.6491 15.0997 14.7648 16.4924 15.1658 13.7840 18.0555 14.8324 17.4356 18.6011 17.7764 19.6469 17.8326 15.8114 21.7715 18.6011 14.8997 16.6132 15.1658 15.3623 16.7332 18.0000 15.7162 16.0624 15.8114 18.9737 16.7929 13.1909 11.5758 24.3311 27.8927 28.3725 26.5518 22.8692 23.7908 24.0832 22.9565 21.6564 26.8328 29.0345 28.7228 21.8632 24.1247 26.0576 25.1992 27.0185 24.2487 27.2947 24.6374 28.7054 27.7308 23.8537 26.1916 23.9583 28.9655 24.6577 23.4094 21.3542 24.8797 31.6544 35.6791 31.3050 33.6898 33.4664 33.3766 32.0936 31.1127 35.6371 33.9559 34.7131 33.4365 33.7343 36.6060 31.0644 33.7639 30.6105 35.6931 33.8231 31.8591 31.8434 34.0147 34.4674 32.6343 32.8177 33.1813 33.0000 35.9305 34.7851 32.3728
18.3848 14.2829 19.6469 18.4391 17.8326 12.8062 19.9499 0.0000 18.8680 15.8745 15.0333 18.3303 14.0712 20.5426 17.4929 22.1811 16.4317 14.0000 12.0830 17.7764 15.8745 15.6844 14.6969 16.3095 19.8997 17.3205 20.8327 16.3095 21.5407 16.6132 38.7685 39.8623 37.7094 40.0625 38.9615 40.2741 39.0640 37.3898 40.1123 40.0999 40.0999 37.8153 38.0657 39.0128 40.0999 40.6448 37.8286 39.1280 37.4700 37.6962 40.0625 39.8246 38.5227 40.8289 39.9124 41.7373 38.6782 38.0395 37.2290 38.6523 19.6977 18.9737 15.5563 19.2873 15.5563 19.2873 20.3470 18.9737 19.4936 23.7908 19.8494 19.1311 27.4955 21.6795 19.9499 17.3781 18.1659 18.5472 25.2190 22.6716 20.5913 19.3907 22.4944 15.0000 20.4450 21.6333 23.9583 19.4936 22.8910 17.0294 27.9643 26.1534 28.1603 23.6854 23.0868 25.9615 21.2132 23.3452 23.4734 26.6833 30.7734 27.9821 26.8328 30.5941 23.5160 23.7276 28.7750 25.1794 27.0000 26.4764 31.4325 24.4745 25.3969 26.1916 27.5681 29.0689 23.6220 23.2379 21.6333 25.9808 37.5500 40.3113 35.5528 38.1707 36.4966 38.7556 35.6371 36.7967 39.7995 38.5876 39.8372 37.4967 36.9053 41.5692 37.0540 37.4967 34.5688 39.0128 38.2623 34.7707 36.6879 38.5616 39.5474 36.7015 37.3497 36.2905 37.4299 40.2865 39.3700 36.3868
12.8841 13.7840 12.3288 5.8310 9.4868 15.6844 18.3303 18.8680 0.0000 17.0880 15.4919 13.6382 16.0000 8.9443 13.1909 14.8324 15.1658 15.8745 14.8324 15.3623 15.6844 12.5698 15.4919 12.5698 15.1658 16.3095 14.2829 15.8114 15.4272 9.8995 35.3129 37.4299 35.0714 37.5366 38.0263 36.3318 36.3318 34.9857 38.0920 36.7423 37.3898 35.4401 35.9305 34.9571 36.9865 37.6298 35.8748 37.5100 34.2637 35.7631 36.5923 36.9865 34.8425 37.5899 37.3497 37.8418 36.3868 34.7994 34.8999 35.3553 14.3527 16.4317 19.2354 14.1421 12.8062 12.9615 19.4422 18.5472 18.0000 16.4924 18.4932 16.8523 20.7364 17.3781 20.0000 17.8326 18.5472 15.7480 19.1311 18.1659 14.0712 15.3623 17.1464 12.2066 18.0555 15.2971 20.5913 20.6398 19.1311 14.8997 25.1794 23.3666 22.6053 25.3969 22.2036 22.7156 22.4499 21.7945 20.3224 23.4094 24.8395 22.9129 23.1517 24.8998 22.8254 19.4165 23.2809 21.3542 25.4755 21.5639 28.3196 24.8797 23.0868 23.9165 23.1948 25.9037 23.7908 24.7790 21.1660 22.8692 35.0428 38.0132 33.4365 35.6791 34.5543 36.3318 32.8024 33.2866 37.4967 35.2846 36.8646 35.5246 35.8608 40.4969 34.2199 36.2491 31.1929 36.9594 35.2136 33.2716 34.1174 35.6791 36.4692 33.9264 35.7071 33.6898 34.9428 37.6696 38.3145 32.7719
13.4907 15.6205 13.3417 15.7480 12.4900 13.9284 13.7840 15.8745 17.0880 0.0000 11.1355 12.2474 14.7648 15.9374 14.2829 13.9284 11.9164 13.1909 14.0000 11.5758 9.7980 13.1909 13.1909 11.6619 11.3137 8.1240 16.6132 15.6205 15.1658 13.4164 32.5730 34.4238 32.1870 33.2716 33.8231 33.6452 32.8938 32.1559 33.2415 32.9242 33.6155 32.0312 34.0441 32.0624 34.0000 35.6931 32.9393 32.8786 31.6544 32.6956 33.7787 33.7935 32.9848 35.0286 35.0286 35.7771 32.7109 31.4802 32.1248 32.8938 12.8062 11.8322 14.6287 12.8841 12.0830 15.4919 13.7840 17.9444 15.0333 14.9666 16.3707 15.4272 19.2354 14.1421 12.0000 17.2047 13.3417 14.2829 16.1245 15.2971 14.6287 13.4907 15.4919 12.4499 13.5647 13.2665 13.1909 12.8062 17.6068 10.0995 23.7908 24.3311 26.8142 22.1585 18.8414 23.1948 21.5407 21.1896 18.5203 23.9583 27.2947 27.5500 19.6469 24.2899 23.5160 22.0681 24.4131 20.7846 25.2784 21.6102 27.0185 24.7184 21.7486 24.3311 22.6274 25.8650 21.3542 20.0000 18.9209 23.9374 30.8545 35.0000 30.9192 32.9697 32.3728 33.3766 29.5296 31.3050 35.2136 31.8591 33.0908 32.7719 32.3728 36.9053 31.8904 32.4962 29.4788 33.7046 33.4365 30.2490 31.8434 33.4515 33.4963 32.0156 32.5423 31.1929 32.5423 35.3977 34.2053 31.3369
15.2971 13.6382 12.2474 13.6382 12.4097 12.5698 11.8322 15.0333 15.4919 11.1355 0.0000 13.0384 14.8324 14.4914 11.8322 12.6491 9.7980 8.1240 12.0000 12.6491 10.9545 8.6023 9.4868 10.5830 9.5917 11.0454 15.6844 14.7648 15.8745 13.4164 33.4515 35.0856 33.3467 34.1028 34.5832 34.5543 33.4963 33.0757 35.0856 34.8425 35.2136 33.4664 34.2199 32.0000 34.6699 34.3511 33.1512 35.3977 31.8434 32.6956 34.3074 35.2136 32.7414 37.0540 35.6511 34.7275 32.9545 32.1714 32.3728 32.9848 11.3137 11.6619 11.4891 12.3288 10.5830 12.1655 12.6491 16.2481 10.7703 15.0333 15.5563 15.1658 18.8149 17.2627 13.4164 15.2971 13.1909 13.9284 15.0997 14.4222 13.1909 12.4097 15.4272 10.8167 11.4018 12.0830 18.8680 15.1658 14.2127 11.1355 23.8747 23.1084 23.6854 21.9317 19.6723 20.4450 17.7200 19.2614 17.6918 22.5832 23.9374 23.0000 21.1187 22.3607 20.4695 19.3132 22.9783 20.5913 22.2486 20.7605 24.4540 23.9792 20.0749 22.1811 23.7487 22.2486 19.7484 18.8149 17.4356 21.5639 31.9687 35.7911 31.1127 34.0147 32.1870 33.8821 31.3050 32.0936 35.0714 33.1210 34.9142 33.1059 32.8938 36.9865 32.1092 33.6155 30.6431 35.0143 33.8526 30.6431 32.2180 33.3617 34.2929 32.4500 32.9697 32.7567 33.4813 35.0856 35.2136 30.9839
10.0000 13.1149 12.0830 12.7279 10.5830 14.1421 13.4907 18.3303 13.6382 12.2474 13.0384 0.0000 14.2127 13.7113 12.0830 10.7703 11.2250 12.9615 13.4164 8.3666 13.2665 10.0000 13.7840 10.2956 11.0454 10.9545 16.1245 17.9444 11.0454 9.7980 34.8281 37.6962 35.0428 36.9459 36.3593 36.8511 36.1386 35.0714 36.8646 35.8329 36.9324 35.0428 36.4005 34.6699 36.3593 37.6563 35.8748 35.9026 34.3511 36.0416 36.3731 37.0405 34.8999 37.2156 36.5377 38.4448 35.2420 34.5977 34.5543 36.4966 11.2250 12.2474 18.8680 14.6969 13.0384 15.4919 18.9209 21.3542 15.8114 18.6011 19.7484 18.0555 21.6795 17.6068 16.3095 18.0000 15.6844 16.9115 18.3303 14.9666 10.9545 16.6733 16.4317 12.6886 17.7764 15.1658 17.5499 18.9737 16.9115 12.3288 28.1425 27.9285 29.8161 28.2312 23.6854 27.0185 24.3721 25.8650 23.0434 27.9285 29.4788 30.4795 24.6577 28.7054 26.1725 25.7488 28.7750 25.2982 30.3809 24.9199 31.5595 28.3019 25.2389 28.4956 25.6905 30.2490 26.3439 25.8457 24.8193 27.7669 34.2053 37.3497 34.1174 35.3977 34.7275 35.6371 32.2490 33.3467 37.5233 34.8855 36.4280 35.2136 35.3553 38.8587 34.5109 35.7771 31.6070 37.1753 35.8050 33.1210 34.2345 34.8281 36.6060 34.2783 35.3129 34.4238 35.1141 38.3797 37.2022 33.7935
13.6382 16.3707 14.2127 16.6733 14.4914 11.9164 11.7473 14.0712 16.0000 14.7648 14.8324 14.2127 0.0000 15.5563 18.0555 16.7332 16.0000 11.3137 11.6619 15.8114 13.1149 13.7840 13.1909 10.6771 16.9115 12.6491 18.2757 11.3137 19.0788 13.3417 37.8286 39.3065 36.9324 39.0512 38.5746 38.6782 37.8946 36.6333 39.7869 39.5474 39.6737 36.5513 38.2230 38.1576 38.3927 40.4228 37.8550 37.4833 35.8887 37.9078 40.1123 39.0128 36.3868 39.2810 39.3319 41.1096 38.2361 37.3229 37.0405 38.2623 17.8885 16.7332 15.2971 17.4929 17.2047 17.5499 17.4929 19.6977 16.9706 21.6333 19.6469 20.1990 23.8747 18.4932 17.4929 19.1311 20.3470 14.8997 20.9762 17.3781 18.2757 19.5959 19.5448 16.0312 18.7617 19.8494 19.6977 18.2757 18.3303 15.0997 26.1534 27.6767 28.8964 27.1109 24.3926 25.6515 24.6171 23.3880 23.0000 27.8209 30.3480 30.1828 24.5357 28.7402 26.8142 25.0000 27.8568 24.9399 28.6531 27.1477 32.4345 28.0891 26.2107 27.6405 23.4947 30.4138 26.1534 25.4558 23.2809 26.5895 36.2491 39.2810 34.6987 37.2424 36.8511 37.8682 35.5246 34.9571 39.0640 37.9605 38.6394 37.4166 37.1484 40.5216 35.3129 37.9737 33.7491 39.4715 37.3631 35.0286 35.9444 37.9078 38.5487 35.7911 36.8646 36.0694 36.8917 40.0874 39.0640 36.4966
15.0997 16.1864 10.2956 10.3923 9.1652 14.7648 16.6733 20.5426 8.9443 15.9374 14.4914 13.7113 15.5563 0.0000 13.9284 14.6969 14.4222 14.4222 13.7840 14.1421 15.0997 11.0454 16.3095 9.5917 14.2127 14.2127 15.3623 14.9666 13.2665 10.0995 34.0441 35.5387 34.4674 36.2353 36.4417 35.2136 34.9857 34.0881 36.4005 35.4119 36.2767 33.4664 35.1710 33.1662 35.5809 36.9053 34.4819 36.2905 32.5576 35.1141 35.7351 35.7211 33.2566 36.3731 36.2353 36.0000 34.5254 33.4813 33.3766 34.2345 12.0830 15.4272 17.7200 14.2829 11.8322 13.4164 18.0000 19.0263 13.0384 15.9374 19.7990 17.9444 19.6977 17.0880 16.9706 17.9444 19.2873 15.1658 17.0294 14.8997 13.4907 16.3095 17.2047 13.2288 16.6132 15.4919 19.1833 19.9499 16.5529 14.7648 23.8328 23.1084 21.9317 24.4336 22.3383 21.1660 22.4054 20.7123 18.4662 22.0000 23.8956 23.8118 21.4009 23.5797 24.2693 19.5704 21.8174 20.8327 24.9199 20.0749 27.5318 25.6320 22.9129 23.3666 20.5426 24.5561 23.1517 23.3238 21.4476 22.6936 33.3167 36.5377 31.7805 33.9264 33.4963 35.1568 31.9374 30.9839 36.2491 34.1614 35.3695 33.9411 34.8999 38.3145 33.0303 35.1283 29.6479 35.6090 34.5254 32.0780 32.6497 35.0286 34.7563 32.3265 34.1321 32.7567 34.3657 36.4280 37.4700 31.6228
15.6205 14.4914 12.4097 9.5917 11.2250 11.5758 16.9115 17.4929 13.1909 14.2829 11.8322 12.0830 18.0555 13.9284 0.0000 16.7929 12.1655 14.2127 12.2474 12.0830 12.0000 8.2462 14.4222 14.0000 10.9545 13.9284 16.1864 16.4924 11.7473 10.7703 32.7567 35.5387 33.0454 34.7131 35.0714 35.1283 34.5543 33.1059 34.3657 33.7639 34.6121 32.9848 33.2716 32.6497 34.6121 35.2420 32.8481 34.9428 32.8634 32.0468 33.5112 34.3511 33.3467 35.4260 34.7419 35.0143 33.1361 32.1403 31.9061 34.2929 11.0454 10.9545 16.3095 13.1149 11.4018 11.0454 16.1864 17.1464 15.4272 16.3707 18.1108 14.8997 20.5426 17.0294 15.5563 17.8885 15.8745 18.3303 18.9737 16.9115 7.0711 15.8114 14.9666 11.7047 14.8997 14.3527 20.4450 18.4932 19.0788 10.6771 25.7294 23.2809 24.6779 23.2594 20.4206 22.9783 19.1311 20.6155 20.3224 23.4094 25.7099 24.4336 23.0651 26.0000 21.8861 21.3776 26.0384 21.8174 25.3180 20.5670 28.1780 23.0000 23.0868 23.0217 24.6982 25.9422 21.6333 22.0000 21.1187 23.9374 32.2800 35.2846 31.3688 33.3916 31.8434 34.1174 29.2233 30.8221 34.8138 32.7261 33.9264 33.4963 32.7719 37.0405 32.8786 33.1964 29.5466 33.7935 34.3802 29.9500 31.2730 32.9697 33.8821 32.4500 32.6343 31.0966 32.4500 35.1994 35.3836 30.8869
13.5647 16.6733 11.6619 15.2971 12.1655 18.0555 13.6382 22.1811 14.8324 13.9284 12.6491 10.7703 16.7332 14.6969 16.7929 0.0000 15.0333 14.4222 17.5499 12.6491 14.2127 14.2127 15.1658 12.3288 11.8322 13.0384 17.5499 18.4932 15.4272 14.2127 34.5688 36.6197 34.7851 35.8190 36.4692 35.2420 34.4384 34.5543 36.8103 35.6651 36.1939 34.6987 36.1525 33.1361 35.6931 35.6371 35.5387 35.9305 32.9848 35.6791 35.6511 36.6879 33.7046 37.6696 36.5377 36.7423 34.6699 33.5410 34.4964 34.5543 14.4222 14.5602 18.6548 14.7648 15.4919 17.0294 16.7332 23.3238 16.2481 15.0997 18.8149 18.4391 19.5959 16.6733 16.6132 19.1311 17.4356 16.5529 15.6844 15.7480 15.3623 15.9374 17.4356 15.0000 16.3095 13.4907 16.8523 19.0263 17.2047 14.5602 27.9285 27.7849 28.6531 28.7228 24.3105 25.9230 25.0599 25.4362 21.7486 28.0000 27.7308 28.1957 23.7487 24.9399 25.9037 23.3024 25.2190 24.0000 28.3725 25.3574 28.8791 29.3769 24.4745 28.1425 26.5707 26.7021 26.1151 24.9800 22.8910 26.5518 33.7935 37.2961 33.3467 35.1710 34.2929 35.1852 32.3110 33.8231 37.4700 33.8969 35.9861 34.5254 34.8712 39.0640 33.1813 35.4119 31.8904 37.4166 35.0143 33.1210 33.8231 34.5398 35.7491 33.8674 35.3412 34.1321 34.8569 36.6197 36.8239 32.9242
11.9164 15.3623 14.0000 13.8564 11.8322 14.0712 13.6382 16.4317 15.1658 11.9164 9.7980 11.2250 16.0000 14.4222 12.1655 15.0333 0.0000 11.1355 13.1909 12.6491 14.9666 10.0000 11.0454 10.4881 12.6491 10.1980 13.0384 17.4356 14.0712 13.2665 34.3657 36.9459 34.6699 36.2077 35.6651 36.9324 35.6931 33.9411 36.7015 35.9722 36.8511 34.5543 36.0694 34.1467 35.9444 37.4967 35.6791 36.6197 33.9706 34.4819 36.1801 36.1663 34.8138 37.9342 36.8375 37.5766 34.3511 34.2199 33.9411 35.1568 10.1980 13.8564 16.6733 13.6382 9.6954 13.1149 17.4356 15.7480 13.4164 18.3303 19.2873 18.1108 20.6398 20.6882 17.3205 18.6011 15.7480 16.3707 17.8885 16.6132 12.9615 15.5563 18.0000 12.4499 17.5499 14.3527 20.0998 17.6635 12.3288 11.6619 24.5357 25.1396 25.0000 23.1733 21.4243 22.4944 21.4476 21.5639 21.0476 23.4094 26.5141 27.2947 21.8632 25.4951 23.5584 23.9792 27.3861 22.5832 26.0576 20.4206 27.5681 26.5518 21.2838 24.8193 23.4947 26.7021 21.9089 20.4939 20.6882 23.1733 33.2265 38.1445 33.1361 34.8855 34.5543 35.2420 32.8938 32.7414 36.7967 35.1710 36.3731 34.4964 35.4119 39.0128 34.0147 35.1283 31.7962 36.5513 35.5809 32.9697 33.8821 35.1141 36.9865 34.0441 33.7787 34.8281 34.6266 38.3797 37.0945 33.0151
14.2127 14.8324 14.3527 15.3623 14.6287 12.0830 9.7980 14.0000 15.8745 13.1909 8.1240 12.9615 11.3137 14.4222 14.2127 14.4222 11.1355 0.0000 12.4900 12.0830 12.6491 9.2736 8.3666 10.2956 12.2474 11.3137 15.7480 13.2665 16.4317 14.2829 34.5688 36.1248 34.2929 35.4824 35.7771 35.8329 34.9857 33.4963 36.2353 35.9166 36.6060 34.2053 35.2846 33.7343 35.5809 36.3043 34.6266 35.5668 32.6497 34.3366 36.2629 36.7696 33.5559 37.5366 36.0139 36.1109 34.1174 33.5112 33.0151 34.4093 12.0000 12.3288 11.9164 13.2665 12.2474 14.3527 14.6969 16.8523 12.5698 17.7764 16.6733 15.6844 21.4476 18.8149 15.4919 17.9444 16.6733 15.0333 18.2209 15.2971 14.4222 16.0000 19.4422 12.1244 14.2829 14.6287 21.0713 16.4317 15.0333 11.1355 24.6171 25.1794 26.1343 23.0000 21.0476 22.3159 19.6977 21.0476 19.8746 24.8193 27.4773 25.0000 23.1517 24.6577 22.5610 21.7945 25.4558 23.2809 25.1992 22.8254 27.4226 24.3926 22.2935 23.8747 24.6982 25.6320 22.4944 21.1660 19.2873 22.6053 33.0757 36.8103 32.1248 34.6266 33.4963 34.5543 32.7109 32.0312 36.8239 34.9714 36.1525 34.2053 34.0881 37.7094 32.6956 34.3220 31.0000 35.8887 34.7563 32.0468 32.8024 34.8281 35.5528 33.2415 34.2783 33.6601 34.4238 37.0270 36.6060 32.0312
16.0624 12.0830 11.6619 13.4164 10.9545 6.0000 16.5529 12.0830 14.8324 14.0000 12.0000 13.4164 11.6619 13.7840 12.2474 17.5499 13.1909 12.4900 0.0000 14.7648 12.2474 9.0554 12.8841 10.5830 15.8745 12.4900 17.8326 12.7279 15.7480 8.7178 35.4260 37.6962 35.9166 37.6431 36.3043 37.5766 36.5513 35.7491 37.5899 37.6298 37.4166 35.1852 35.4542 36.0000 37.2022 37.9737 34.7419 36.6197 34.8425 35.9305 37.2693 37.1753 35.7771 38.3014 37.1349 38.5746 36.0555 36.0139 35.0714 36.5240 15.0997 14.5602 13.1149 16.0000 12.3288 13.7113 16.1864 17.7200 13.0384 20.0499 17.6635 18.1108 21.9545 18.0555 14.3527 13.5647 16.6733 15.2971 19.3907 16.0624 13.8564 17.5499 16.0624 13.6015 16.1245 17.8326 19.4936 17.2047 18.0000 14.2127 25.5734 23.1948 25.0799 23.3452 21.7025 22.7156 18.9209 20.1246 20.1246 23.6643 25.4362 26.9258 23.2809 28.1425 22.6495 22.2036 25.6515 21.8632 25.3180 23.0434 29.5635 24.6374 23.6432 24.1247 22.0454 25.9422 22.1811 21.6333 22.0907 24.5561 35.2136 37.7227 33.5559 35.1426 34.2053 36.4692 33.1059 33.8231 36.9053 36.0139 36.5650 35.3270 34.7851 38.7298 34.3366 35.8608 31.9844 37.5500 36.1109 32.2645 34.2637 35.1994 36.4692 33.9853 35.0571 33.7787 35.3977 38.2492 37.8153 34.0294
13.4907 16.7332 12.8841 14.6969 12.3288 13.7840 14.8324 17.7764 15.3623 11.5758 12.6491 8.3666 15.8114 14.1421 12.0830 12.6491 12.6491 12.0830 14.7648 0.0000 12.2474 10.0995 15.6205 11.7473 9.7980 11.4891 19.3391 17.3781 7.6158 12.6491 36.5103 38.6394 36.6333 38.1445 38.2623 38.0000 37.6298 36.2491 37.4833 36.8239 38.2361 36.0000 37.8814 35.8050 38.1576 38.9872 37.1080 37.4566 35.6931 36.8103 37.3497 38.6523 36.4417 39.0512 38.0395 38.8587 36.3318 35.1141 34.8999 37.5766 12.6491 11.5758 18.7083 16.1245 13.1909 17.8326 18.9737 22.9783 16.3095 17.9444 20.8327 18.1108 24.0416 18.5472 16.6733 21.0238 18.1108 19.8494 20.3470 17.7200 12.1655 18.1659 19.6469 13.0000 16.4924 16.2481 19.4936 20.0000 20.6882 11.4018 28.1780 28.1069 29.9833 26.8514 23.3452 27.3496 23.9165 25.0799 22.9565 27.6043 30.8058 29.6142 25.7682 28.4253 26.0960 24.3516 28.7750 25.6515 29.6816 24.7184 31.7175 27.2947 26.1343 28.0357 27.7128 29.7153 26.4575 24.8193 24.3311 27.8388 35.4965 39.0512 34.8999 36.7831 35.7771 37.2559 32.7414 34.4384 39.5727 36.1801 37.8286 36.4417 36.4143 40.4722 36.1248 36.4692 32.5115 37.1753 37.7624 34.1614 35.0428 36.9730 37.6298 35.7631 36.8375 35.0286 36.5377 38.9487 38.6782 34.3220
15.5563 16.6132 9.8995 14.4914 11.7473 11.0454 13.7840 15.8745 15.6844 9.7980 10.9545 13.2665 13.1149 15.0997 12.0000 14.2127 14.9666 12.6491 12.2474 12.2474 0.0000 12.0830 14.8997 11.5758 9.8995 11.0454 17.4929 12.8841 14.7648 12.3288 34.2491 35.9026 33.4963 34.9142 36.1939 34.5254 34.0000 34.1174 35.1710 34.6121 35.7771 33.3766 34.8569 33.2265 34.9571 36.6333 33.9853 34.5109 32.8634 33.5112 35.2562 34.9857 33.1059 36.0416 36.3456 36.4966 34.4674 32.4191 33.1964 34.6699 15.0997 12.4900 12.7279 14.1421 14.1421 14.6969 13.1909 19.2354 15.1658 15.8745 17.8885 15.7480 20.1494 13.2665 12.5698 17.4929 15.4272 14.4222 18.1108 13.7113 13.4907 15.8745 14.6287 12.7671 12.7279 15.0333 16.6132 14.4222 20.1494 11.9164 23.7908 23.4521 25.6710 23.2164 19.6214 22.2261 20.5426 19.9249 18.1384 24.5764 27.0370 25.6710 20.8327 23.8328 23.4307 19.7737 23.4947 21.0713 24.5153 22.9129 27.8927 24.5967 23.5160 23.3666 22.3607 24.6374 21.7715 20.7364 18.9737 24.1868 32.2180 35.4542 31.1448 34.3366 33.0151 34.8425 30.2655 32.1248 35.5809 32.9393 34.5109 34.4093 33.2566 37.8946 32.6343 34.1467 30.2820 34.7851 35.4683 30.8383 32.2490 34.2783 34.3511 33.1512 33.7194 31.4484 33.3916 35.3695 36.0555 32.2490
14.1421 12.5698 10.8628 10.1980 10.0000 9.4868 13.4907 15.6844 12.5698 13.1909 8.6023 10.0000 13.7840 11.0454 8.2462 14.2127 10.0000 9.2736 9.0554 10.0995 12.0830 0.0000 10.8628 9.3808 10.5830 11.4018 16.4924 13.8564 11.3137 9.0554 33.7491 36.4005 34.3802 35.7911 35.7491 35.6371 35.1852 34.0881 35.7911 35.6371 36.2215 34.3802 34.7707 33.7639 35.5809 36.4417 33.7491 35.8190 33.2866 34.2199 35.4542 36.1386 33.7639 37.0270 36.1525 35.9722 34.3802 33.6601 32.9848 35.1852 9.7980 10.4881 13.9284 13.5647 10.3923 11.6619 15.6844 17.6068 11.1355 16.9706 16.8523 16.4924 20.5426 17.7200 13.9284 16.1864 16.1245 16.4317 16.9706 14.6969 9.1652 15.5563 15.8114 11.0905 13.2665 13.7113 20.0998 18.0555 16.0624 10.4881 25.7294 24.0416 25.2784 23.8537 21.4243 23.0217 18.9737 20.7605 20.0749 23.8328 25.3180 25.3574 23.7065 26.2679 22.2935 21.6102 25.7682 22.3159 25.5539 21.4243 28.4956 24.6374 22.9565 24.0832 24.0000 25.7876 22.4944 22.1811 21.6795 23.9792 33.2265 36.5103 32.1559 34.4238 32.9848 34.9571 31.5595 31.8119 35.9166 34.3366 35.4542 34.3220 33.9411 37.3095 33.4813 34.8999 30.5778 35.3836 34.7851 31.3847 32.8024 34.1906 35.2136 32.9393 34.1028 33.0606 34.3074 37.0000 36.5787 32.0312
13.4164 12.1655 15.9374 13.7113 14.5602 13.7113 11.4018 14.6969 15.4919 13.1909 9.4868 13.7840 13.1909 16.3095 14.4222 15.1658 11.0454 8.3666 12.8841 15.6205 14.8997 10.8628 0.0000 12.5698 14.4222 12.4097 14.3527 13.9284 19.2354 13.9284 31.2570 34.3074 31.4960 32.5115 32.9545 32.9545 32.2490 30.8545 33.6303 33.5261 33.3167 32.8938 32.2955 31.6544 33.0151 33.8821 31.5436 32.5115 30.5614 31.8904 33.5112 34.2345 31.6544 35.0856 33.8378 34.2345 32.2490 31.5753 31.2410 31.8748 11.5758 12.4097 12.4900 11.2250 12.4097 11.4018 12.7279 14.0000 14.1421 16.6733 12.0830 14.2829 18.4391 17.8326 14.8997 15.9374 14.7648 14.2127 16.3707 16.3095 14.4914 13.3417 17.3781 12.6095 13.5647 11.4891 18.9737 13.7113 13.2665 10.3923 24.2487 23.7065 25.3969 22.2036 19.0526 21.7715 18.7617 20.6640 19.7737 24.1247 24.9199 24.1454 22.0454 24.2899 20.2237 22.1585 24.8998 21.7715 23.8118 21.8403 25.4165 23.1301 20.1246 22.8035 24.0832 24.9600 21.3542 20.7846 17.9444 20.5670 30.9192 34.7131 30.3974 32.6037 31.2730 31.8434 30.8221 30.6594 34.2053 32.5423 33.3017 32.4654 31.7175 35.6651 30.2490 32.1870 29.3769 34.2929 31.4960 29.8161 31.3050 32.0780 33.1059 30.7083 32.2025 31.7017 31.8277 35.6791 34.1467 30.1993
13.4164 14.8997 9.2736 13.2665 8.4853 11.2250 12.3288 16.3095 12.5698 11.6619 10.5830 10.2956 10.6771 9.5917 14.0000 12.3288 10.4881 10.2956 10.5830 11.7473 11.5758 9.3808 12.5698 0.0000 12.0830 10.7703 15.9374 12.1655 13.7113 10.5830 35.5668 37.2156 35.6371 37.0810 37.1484 36.5787 36.0278 35.3270 37.7492 36.8239 38.0263 34.8999 36.7831 34.6121 36.7151 38.4448 35.6511 36.8646 34.0294 36.2905 37.1618 36.8782 34.6987 38.0657 37.7492 37.8946 35.7491 34.6843 34.9285 35.8608 12.6491 14.8324 15.9374 15.2971 12.2474 14.3527 16.4924 19.3907 12.0830 18.7083 19.6977 18.8680 21.2603 17.7764 14.8997 16.9706 17.4356 13.8564 17.7764 13.1149 14.8997 16.0000 17.2627 13.3791 16.3095 14.2829 18.7617 17.5499 14.4914 13.9284 25.1396 25.8070 25.4755 25.5930 22.8254 22.8910 22.8035 22.2486 20.1742 25.2190 26.8142 26.8887 22.4499 25.6125 25.2784 22.2935 24.7386 23.0651 26.5895 23.4734 28.9828 27.9464 23.6432 25.8844 22.2261 26.2107 24.2899 23.0217 21.5407 24.8395 34.0294 37.9078 32.9848 35.4260 35.1568 35.8608 33.4066 32.7719 36.9053 35.5949 36.7560 35.3836 35.9722 39.2938 34.1321 36.1386 31.6386 37.2559 36.0278 33.3017 34.1467 36.1248 36.6606 34.1028 34.8855 34.5398 35.8469 38.0395 37.8946 33.6452
14.1421 17.1464 10.7703 13.0384 12.9615 15.4272 12.4097 19.8997 15.1658 11.3137 9.5917 11.0454 16.9115 14.2127 10.9545 11.8322 12.6491 12.2474 15.8745 9.7980 9.8995 10.5830 14.4222 12.0830 0.0000 10.8628 16.4924 17.2627 11.7473 13.2665 34.1906 35.9026 33.7046 34.5109 35.8608 34.7563 34.2345 34.1174 35.2278 34.6121 35.6090 33.9411 35.6230 32.2800 34.9285 35.2704 34.5109 35.3695 32.6497 33.1512 34.2783 35.6931 33.0151 36.9459 36.4005 35.2136 33.7343 32.2645 32.8329 34.3511 11.7473 9.6954 16.7332 13.2665 13.5647 13.6382 15.5563 19.8494 15.0333 14.1421 18.6011 15.9374 18.9209 16.1864 14.6969 19.5448 14.6287 16.4924 16.0624 13.8564 10.6771 13.3417 14.2829 11.3578 11.9164 12.7279 17.8885 16.7929 18.1659 11.0454 24.0000 24.6171 25.7488 24.6374 19.6723 22.5832 20.8327 21.0950 18.7350 24.1661 26.1725 25.0000 21.2132 22.6274 22.5610 20.2237 24.4540 21.8632 25.0000 21.5174 26.3059 25.0000 22.1133 23.5797 24.5357 25.2389 22.7156 21.5870 20.1494 24.1454 32.2490 36.0139 31.9687 35.2562 33.4066 34.9285 31.0483 32.6803 36.0555 33.0908 35.3129 34.3802 34.0881 37.8946 33.0606 34.2929 30.9354 35.4401 35.3270 31.4802 32.8329 33.8674 34.5832 33.7787 34.4529 33.1512 34.2199 35.7071 36.2491 31.7175
10.2956 16.1864 11.0454 15.0333 12.7279 13.1909 10.6771 17.3205 16.3095 8.1240 11.0454 10.9545 12.6491 14.2127 13.9284 13.0384 10.1980 11.3137 12.4900 11.4891 11.0454 11.4018 12.4097 10.7703 10.8628 0.0000 13.7113 16.1864 13.2665 11.4891 33.0606 34.9714 32.8329 34.3366 33.4664 34.8425 33.4365 32.4037 34.5688 34.7563 34.4093 32.1559 34.6554 33.0757 33.9411 35.5528 34.1906 33.5112 31.9061 33.2114 34.7131 34.6410 32.8938 35.9583 35.0571 36.3043 32.7719 32.8481 32.3728 33.5857 12.3288 10.0995 13.9284 12.2474 11.6619 13.7840 13.8564 16.6132 13.4164 14.8997 16.6132 16.6733 17.1464 15.6205 13.1909 17.6635 14.7648 13.5647 13.7840 13.4907 12.0830 14.7648 14.1421 11.6190 13.7840 15.1658 14.3527 13.7840 14.7648 9.5917 21.1187 23.1517 25.3969 21.8861 18.7350 21.4009 20.4450 19.0000 17.6918 21.9089 25.5930 28.0535 18.0555 23.7065 22.7376 22.2935 24.8596 19.4422 24.7992 19.8242 26.9072 24.3926 20.3715 23.2379 20.0000 26.0192 20.4450 18.6548 19.8997 22.8254 31.8119 35.7911 31.4643 33.1512 33.0151 34.3511 31.0805 31.6228 35.9166 33.1813 34.1321 32.8024 33.1662 36.8782 31.6070 33.3167 30.2159 35.2987 34.0881 30.7734 32.4345 33.0908 34.6121 32.5423 33.0606 32.4191 33.0606 36.5377 35.0714 32.1559
11.4018 16.3095 16.7332 14.0712 16.1864 19.3907 16.0624 20.8327 14.2829 16.6132 15.6844 16.1245 18.2757 15.3623 16.1864 17.5499 13.0384 15.7480 17.8326 19.3391 17.4929 16.4924 14.3527 15.9374 16.4924 13.7113 0.0000 20.9284 20.0998 14.8324 30.8383 32.7872 29.9666 32.4808 31.9687 32.9242 31.3688 29.6311 33.6303 32.4345 32.5576 30.5614 32.0780 30.3315 31.4960 33.1964 32.9697 32.6650 29.4618 31.0000 32.7261 32.2180 30.2655 33.3317 32.4808 34.1760 30.6268 30.6757 30.6268 30.0998 13.3417 16.4317 17.1464 10.0995 12.0000 11.3137 17.4929 11.5758 17.7200 15.6844 17.3781 15.2971 14.4914 18.3848 20.1990 17.7764 14.6969 11.4891 15.3623 15.2971 14.6969 13.8564 15.7480 12.1244 18.6548 15.4272 19.2354 16.1864 12.8062 14.6969 17.8326 19.5959 19.7231 19.9750 17.4642 16.6733 19.7990 18.3030 16.0935 18.5472 22.0227 23.0868 15.2315 19.5959 20.4206 20.6155 22.0454 17.3205 22.0681 15.7797 22.6274 21.9317 16.2788 19.3391 17.0880 23.4734 17.3781 18.6548 16.6132 17.2337 30.0998 33.8083 29.8329 31.3209 31.2410 32.0624 30.5287 29.1890 33.5857 31.6070 32.7567 30.7571 32.0312 36.2767 29.0000 31.5911 28.1247 33.7343 31.2090 29.5127 30.7571 30.9677 32.9848 30.3809 30.8707 30.9354 30.4138 34.7994 34.0588 29.3598
19.4422 18.7617 13.4907 15.8114 13.1149 10.2956 15.4272 16.3095 15.8114 15.6205 14.7648 17.9444 11.3137 14.9666 16.4924 18.4932 17.4356 13.2665 12.7279 17.3781 12.8841 13.8564 13.9284 12.1655 17.2627 16.1864 20.9284 0.0000 19.7990 15.6205 36.6742 38.4057 36.6879 37.6165 39.2938 37.1484 37.2827 36.1109 38.1182 37.8153 38.4187 36.0278 36.7560 36.5240 37.9473 39.6989 35.6791 37.0000 35.2136 36.5377 38.5616 37.9473 36.3593 38.5876 38.5876 38.4708 37.5500 35.9026 36.1386 36.7696 17.4929 16.9115 15.1658 17.7764 17.4929 16.2481 14.8997 19.6977 16.4924 20.3470 19.0263 18.6548 24.4949 17.7764 15.7480 20.7364 22.1811 17.6635 22.4054 18.8680 18.4391 19.8997 20.8806 18.4662 16.9706 17.4356 21.2603 18.0555 20.3961 14.7648 27.8209 27.4955 27.2580 26.4386 24.2693 25.0599 24.3721 22.7376 23.0434 27.7849 29.4788 26.0192 25.5343 27.4591 26.6646 23.0868 25.7682 25.4951 27.2947 26.8887 31.1127 27.9106 27.4773 26.3818 25.3772 27.6948 26.6458 25.3377 21.8632 25.7488 35.3270 38.6652 33.7343 36.0694 35.9444 36.5787 33.7639 33.6452 38.3406 36.6742 36.7560 37.2290 36.2491 40.2244 34.8855 36.3318 32.7261 37.5500 37.0945 33.8674 34.1760 37.7757 36.5240 34.8855 36.0416 33.7491 36.0416 38.4318 38.7298 34.7275
15.2315 19.4422 12.3288 14.4914 12.2474 15.6205 18.6548 21.5407 15.4272 15.1658 15.8745 11.0454 19.0788 13.2665 11.7473 15.4272 14.0712 16.4317 15.7480 7.6158 14.7648 11.3137 19.2354 13.7113 11.7473 13.2665 20.0998 19.7990 0.0000 12.0000 37.2961 39.8873 38.0000 39.7115 39.3446 39.1663 38.8072 37.8682 38.8716 38.2623 39.3446 37.2827 38.9744 37.0945 39.1918 40.4475 38.3014 39.0000 37.2827 37.8550 38.2753 39.3192 37.5233 40.1622 39.7366 39.9750 37.7094 36.6197 36.1663 39.2938 14.4222 13.9284 21.5407 17.7200 14.7648 18.2209 21.4009 24.3721 17.6068 19.1311 23.4094 21.3542 24.1247 20.6398 18.7083 22.4499 20.7846 22.3607 21.0238 18.8149 11.5758 20.4939 19.4936 14.8661 18.1659 18.4391 20.6882 22.4944 22.3159 14.4222 28.0000 27.3130 28.8617 27.2947 24.1868 27.3496 24.5357 24.4336 23.4734 26.5707 29.5127 30.4467 25.9230 29.3598 26.7021 24.6374 29.4958 25.0599 29.9166 23.6432 32.4962 28.1603 26.5895 28.0713 26.9444 29.8161 26.7582 25.2587 26.3059 28.3373 36.7423 40.4104 35.8887 38.0395 37.0405 39.1918 33.8526 35.4119 40.2492 37.2424 38.8973 37.8946 38.0526 41.6173 37.6962 38.3145 33.8378 38.6264 39.3954 35.2562 36.5240 37.8814 39.0128 37.0540 37.9868 36.4555 37.8814 40.4351 40.6448 35.7211
11.4891 10.9545 10.0000 8.6023 8.2462 11.6619 16.5529 16.6132 9.8995 13.4164 13.4164 9.7980 13.3417 10.0995 10.7703 14.2127 13.2665 14.2829 8.7178 12.6491 12.3288 9.0554 13.9284 10.5830 13.2665 11.4891 14.8324 15.6205 12.0000 0.0000 33.6303 36.6197 34.1174 36.2353 35.3270 35.4119 34.9857 34.4964 36.2905 35.6371 35.6931 34.3802 34.4529 34.2637 35.7491 36.7151 33.9853 35.2278 33.4664 34.8855 35.4542 35.8050 33.9706 36.4555 36.2077 37.4967 35.1283 34.2491 33.8526 35.3270 12.9615 13.1149 16.1864 12.7279 11.5758 12.3288 17.1464 18.3303 14.8997 16.6132 16.6733 17.0880 18.6548 15.8114 15.3623 13.4907 15.4272 14.5602 16.4317 14.5602 10.3923 15.2971 12.8841 10.8167 14.9666 15.2971 16.0000 17.2627 18.0000 13.0384 24.0832 21.5870 24.1454 23.5584 20.0749 22.4054 19.5448 20.0250 18.6815 22.4944 23.5160 26.3249 21.4476 26.3818 21.6564 20.6155 24.1661 19.6469 25.0799 20.8087 28.4253 23.5584 21.8403 23.4094 20.5426 25.5930 21.9089 22.4944 21.8632 23.3452 33.7935 36.3731 32.6190 34.5977 33.1361 35.5528 31.4643 32.6803 35.8887 34.0735 35.2846 34.6410 34.0294 38.2099 33.3317 35.4683 30.5123 36.5513 34.4093 31.5753 33.6749 33.6898 35.2136 32.8481 34.6843 32.9393 34.1906 37.3497 37.2022 32.5576
34.7419 31.9844 35.3977 33.0000 35.0000 36.3180 33.7491 38.7685 35.3129 32.5730 33.4515 34.8281 37.8286 34.0441 32.7567 34.5688 34.3657 34.5688 35.4260 36.5103 34.2491 33.7491 31.2570 35.5668 34.1906 33.0606 30.8383 36.6742 37.2961 33.6303 0.0000 13.5647 9.5394 9.4868 12.6886 11.0000 10.4403 11.4455 11.7473 11.5326 11.1803 15.7162 10.6771 10.9087 10.4403 17.4069 9.1652 11.2250 11.1803 13.3417 12.1655 11.7898 12.1244 12.4900 15.2971 15.1327 12.8452 10.7703 12.2066 14.1067 28.8271 29.6479 30.2820 27.2580 30.7083 28.2312 26.7395 29.4109 30.9677 27.0370 26.1343 27.2213 24.0208 27.1846 27.4408 30.9677 29.8496 31.0644 26.7769 30.2159 31.0000 28.6531 29.6816 31.1769 29.0000 27.2213 30.3150 26.8887 30.9031 30.2820 31.0966 28.2666 32.7414 28.8791 26.4575 29.2746 30.1496 31.3369 27.6043 31.0322 29.2575 31.9061 27.8029 28.8964 29.6985 32.4345 29.0345 28.2666 30.5287 27.3130 27.5500 28.1425 27.9285 28.2666 31.3528 30.2985 27.0000 29.4449 28.0179 27.5318 10.6301 12.2474 13.0767 12.4097 10.3441 11.3578 12.5300 13.1529 14.5945 11.0454 8.7178 14.9332 10.4403 14.0357 12.0830 15.0000 11.9164 13.9642 11.1803 12.5698 13.8924 13.7840 11.5326 9.7980 13.7840 13.7840 11.7473 18.0555 15.8430 13.3791
37.5100 34.6554 37.0000 35.9583 37.7757 38.1969 35.2846 39.8623 37.4299 34.4238 35.0856 37.6962 39.3065 35.5387 35.5387 36.6197 36.9459 36.1248 37.6962 38.6394 35.9026 36.4005 34.3074 37.2156 35.9026 34.9714 32.7872 38.4057 39.8873 36.6197 13.5647 0.0000 11.0905 12.0830 13.0767 14.7309 11.2694 8.8882 12.4900 14.5258 11.0000 9.8489 12.4900 11.7047 10.3441 15.3297 13.2665 14.0712 7.2801 14.1421 13.4164 11.0905 13.0000 12.4097 14.8997 11.3578 8.3066 11.7473 12.9228 10.7238 31.8277 31.8591 31.6702 30.0832 32.4500 30.9354 28.4781 30.7409 32.6343 28.4077 28.8964 28.0535 26.3249 27.7308 29.2062 32.8481 31.5119 31.6386 28.6531 32.0780 34.4238 29.6816 31.7962 32.4654 31.4802 30.7083 33.3916 29.5127 32.7261 32.9393 30.3150 28.9655 31.6544 29.0861 27.8209 28.4429 31.0966 31.4325 26.7955 30.3150 30.5941 30.6594 26.9258 26.9629 30.3645 31.3369 26.7021 28.1957 29.6311 27.8568 26.4008 28.0713 28.0713 27.8029 31.8904 29.8998 26.2869 28.5832 27.1109 28.1780 15.1327 12.2474 12.7671 13.5647 13.6015 15.8430 17.0000 12.9228 16.0935 14.8324 12.0830 11.0000 12.5300 13.1529 12.2474 12.2882 14.2829 14.3875 13.5277 11.7473 14.0357 18.3848 11.8743 11.9164 14.1421 13.0384 15.8114 14.1421 12.9228 16.9411
34.0000 31.9374 35.4401 33.1059 35.6371 36.6606 32.9242 37.7094 35.0714 32.1870 33.3467 35.0428 36.9324 34.4674 33.0454 34.7851 34.6699 34.2929 35.9166 36.6333 33.4963 34.3802 31.4960 35.6371 33.7046 32.8329 29.9666 36.6879 38.0000 34.1174 9.5394 11.0905 0.0000 10.2470 11.7473 12.4097 9.6954 8.7178 13.9642 11.9164 12.7279 13.5647 10.3441 12.0000 9.7980 16.3095 12.0416 12.5300 8.9443 9.9499 11.3578 8.7178 10.9545 9.9499 16.3401 15.8114 12.1655 9.0000 13.4907 13.1149 29.6311 29.4279 29.7993 27.3130 30.8545 28.0357 26.8701 28.4253 31.5911 26.7582 26.4575 26.3818 24.2074 25.8457 27.7128 31.1448 28.8791 29.6648 26.8328 29.8664 31.8119 27.3496 28.9137 29.9500 29.2916 28.0357 30.3974 26.1151 31.2730 30.1330 29.0172 28.0357 32.1403 28.4781 25.3969 28.2135 30.4302 30.7409 26.7021 30.4959 30.3150 31.0644 26.5707 27.3861 29.4449 31.3209 28.2489 27.6043 29.7489 27.4044 27.0185 27.1846 27.4044 27.3496 30.7246 30.8707 25.6125 28.9137 26.5330 27.0740 10.8628 11.1803 11.2250 13.7477 10.7703 11.4891 14.1421 13.2665 12.0830 11.8743 11.0905 14.2127 11.0454 14.6969 10.2470 14.5602 12.6886 13.0384 11.5758 12.5300 13.2665 15.3297 13.6382 12.5300 11.6190 13.6748 11.7898 14.6629 13.3417 14.4222
