0.0000 16.1245 14.5258 17.4069 11.7473 17.8045 22.7816 15.8430 18.4932 24.7184 6.9282 20.0000 10.8628 15.2643 18.6011 21.5870 16.4012 17.9722 9.5917 3.3166 6.8557 5.9161 18.8149 22.6936 20.2978 10.2956 21.7715 29.3087 22.7816 13.7840 21.7025 28.3373 18.1108 22.8254 27.0555 21.0476 27.2764 27.9285 18.5472 28.5132 21.9317 19.1833 21.0238 20.3961 22.1811 25.0400 22.3159 19.4422 26.2298 24.8395 21.3307 28.4077 14.9332 24.7588 26.0768 28.2843 26.7208 20.5670 19.3907 26.5895 10.4881 24.7386 11.9583 18.3848 18.8149 15.0665 14.3527 18.0000 21.4709 20.9762 28.4077 18.1934 9.9499 10.1980 19.3649 20.0250 23.9374 15.0333 13.1909 7.1414 13.3041 17.6068 14.3178 21.9773 15.9060 19.0000 22.8035 18.8149 24.4949 13.4164 9.5394 25.9230 10.8167 13.4536 19.6214 18.8414 16.6132 13.7840 15.3297 17.8885 8.4261 12.7671 13.3791 5.3852 12.3288 9.8489 21.1187 13.1909 14.8661 17.0294 17.0880 15.2315 18.0831 17.1756 12.8062 15.8745 16.2173 14.8324 19.1311 9.9499 23.9792 22.0454 24.9399 31.4802 25.1992 21.1187 23.1301 20.6398 26.0576 21.5407 16.7929 23.0434 19.3907 21.4942 20.5670 19.8242 19.2614 30.6594 23.8956 24.5561 17.5214 22.9565 25.4951 29.3939 22.8035 23.2594 19.9249 29.9500 26.3629 17.3494
16.1245 0.0000 21.5174 18.5742 10.0995 8.6603 17.5784 16.3401 12.5698 14.2478 14.2829 18.6548 12.0000 10.1489 13.2665 19.4936 11.6190 18.3030 23.1948 15.9060 18.4662 14.5258 18.2757 19.1050 6.9282 12.0830 17.2047 20.2237 22.8692 15.0333 18.6279 25.0000 15.4919 18.5203 19.2354 20.4206 20.1990 22.6274 15.2315 21.1424 19.1050 19.2873 16.5529 18.2757 15.0333 22.2486 20.9762 13.9284 17.6635 16.6433 18.6279 19.3132 18.2483 19.0000 21.4476 21.2603 21.2132 17.2916 18.6011 18.0278 12.4097 12.5698 11.7047 13.9284 12.2474 13.2288 19.5959 13.4907 16.5831 16.0000 20.8567 15.8430 16.4012 8.6023 14.1067 15.2643 18.0831 18.3303 10.3923 17.9165 11.7898 13.7113 14.6629 12.9228 10.5357 6.8557 10.8628 12.2474 18.8680 7.2111 15.0000 21.2603 11.8743 11.1803 14.6629 8.4261 9.2736 10.7703 12.2882 14.8324 12.4499 11.8743 13.6015 14.3875 11.4891 17.9722 16.5529 10.8628 14.1067 14.2127 10.1980 8.7178 14.0357 10.7238 14.8324 18.4391 9.0000 16.9706 16.7929 13.3041 20.2237 16.6733 18.8680 21.5639 20.1742 18.4391 19.4679 15.4272 18.7350 15.6205 16.4317 19.9750 17.6068 18.1108 17.1756 15.6525 17.0587 21.8632 20.7605 16.8226 13.2288 21.0476 19.8997 19.6469 19.0788 18.8414 19.5704 20.8567 19.6723 13.4536
14.5258 21.5174 0.0000 10.8628 11.6190 17.3781 14.6969 7.7460 14.1067 20.4939 9.1104 13.0767 9.6437 13.8564 15.5885 13.6015 13.1149 8.3666 9.8489 13.6382 10.5830 11.2250 9.5394 13.8564 20.9523 10.7238 15.0000 22.6716 12.8062 7.4162 17.8885 24.3311 18.9473 22.2711 23.2164 19.5448 22.4722 21.5639 18.5742 24.3311 16.1245 14.3178 21.0000 20.4695 20.1246 18.3303 16.8226 18.5203 23.2164 25.0998 21.0238 25.8844 16.0000 22.8035 27.6948 24.8395 20.5670 20.3961 19.0526 21.6795 9.9499 22.2036 10.3923 13.2288 14.6629 10.0000 3.3166 12.6886 13.7840 13.7477 20.2978 10.4881 14.4914 15.4596 14.2127 13.7113 15.9374 4.7958 12.6095 11.4018 13.2665 13.4536 8.8318 17.7764 14.1421 19.5448 20.8087 14.5258 17.6352 15.1987 13.6382 16.5831 13.4164 13.2665 13.6382 19.4422 15.9060 15.1987 11.4891 11.7047 10.5830 10.8628 10.9545 12.8841 11.2694 14.0000 13.5277 15.8430 9.7980 12.6095 15.3948 15.4596 13.3417 15.9374 9.5394 9.5394 18.4932 6.5574 11.0905 9.3808 19.8997 20.1742 23.2594 26.5707 17.2047 20.6640 20.2978 19.1050 22.0907 19.9249 19.4165 19.4936 18.4662 22.1585 16.3095 17.8885 21.7256 24.2693 20.7846 20.1494 14.6969 19.5959 22.5167 25.2389 17.3494 19.7990 20.6882 25.9615 23.7908 16.9706
17.4069 18.5742 10.8628 0.0000 10.0499 12.0830 11.7473 6.3246 13.5277 16.5529 12.7671 3.3166 9.5394 9.5917 7.4162 5.1962 13.4164 5.6569 15.5885 15.8745 12.2474 15.8114 6.0828 8.6023 17.5784 9.6437 7.4162 16.7332 6.0000 8.8882 20.9762 28.2843 22.8254 25.9230 24.6779 24.6982 24.3516 23.9792 22.1133 26.3059 19.4422 19.3132 24.3926 25.3969 21.1424 21.6333 21.3776 20.7123 23.4734 27.1293 25.3772 26.8701 21.7256 25.0599 31.6702 26.5518 22.5167 24.3311 24.1039 21.2603 12.6095 18.3030 9.4868 7.1414 11.2694 9.1652 11.2694 10.3441 11.3137 12.7671 17.5499 7.7460 20.5913 15.3297 7.8740 8.9443 12.4097 7.1414 14.1067 16.8523 7.2111 15.5885 6.3246 13.2665 11.6619 16.1245 16.9411 11.2694 9.5394 11.4455 18.9737 15.9060 16.1864 14.2829 9.4868 17.8885 13.9642 17.8606 12.1655 7.9373 12.4900 10.1980 11.4018 15.8114 12.2066 20.6882 12.6095 18.6279 12.0000 13.6748 14.7309 15.2643 8.2462 16.7332 11.6190 16.2173 19.7990 8.1854 8.8882 11.4018 22.7156 22.4277 26.2869 25.3772 17.8885 24.3105 23.6643 21.8861 23.1948 22.1585 23.4307 23.9165 23.3024 26.0576 19.4936 20.7846 25.6125 22.2486 25.8844 20.1990 16.4317 24.7790 25.6710 25.1197 21.1896 23.0651 25.9230 25.8070 25.2190 20.0998
11.7473 10.0995 11.6190 10.0499 0.0000 7.4162 11.7047 6.8557 7.7460 13.2288 6.4807 11.0454 2.4495 4.5826 8.3666 12.0830 6.2450 9.1104 15.0997 11.0000 11.0000 8.6603 9.5917 12.0416 10.4881 4.0000 11.0454 17.6918 14.5258 5.6569 15.6525 23.1301 14.6287 18.3576 18.7617 18.0278 18.9209 19.8494 14.1421 20.5183 14.7986 14.2829 16.4317 17.2627 14.5602 18.0278 16.6733 13.1149 17.8885 18.8944 17.8045 20.4206 14.7986 18.6815 23.2379 20.9762 18.4391 16.5831 16.6132 16.8819 4.8990 13.7113 3.0000 7.2111 7.4833 4.5826 10.0000 7.2111 10.4403 10.1980 17.0587 7.6811 12.6095 6.9282 8.1854 9.1104 12.6095 8.3666 5.0990 11.8743 5.1962 8.8318 5.3852 10.3441 6.0828 9.2195 11.8322 7.4833 13.6382 3.7417 11.0000 15.7480 7.9373 6.7082 8.6603 10.3441 7.2111 8.6023 5.5678 7.4833 5.3852 4.1231 6.7082 9.5394 4.6904 13.5277 10.5830 9.3808 6.5574 8.7178 7.4833 6.7823 7.8102 8.6603 7.3485 11.3137 10.2470 7.6158 9.1652 5.3852 17.7482 15.7480 19.0263 21.6102 15.5885 17.3781 17.6352 14.4222 17.7482 14.9666 15.6205 17.5214 15.6205 18.1659 13.6748 13.8203 17.4069 20.2485 18.7350 15.3297 9.6437 18.3030 19.0788 19.9499 15.4919 16.8819 18.3030 21.0476 19.4679 11.7898
17.8045 8.6603 17.3781 12.0830 7.4162 0.0000 10.3923 10.3923 8.7750 9.0554 13.6015 11.3578 8.8882 4.4721 5.5678 11.6190 8.8318 11.6619 21.5174 16.4317 16.9706 15.1658 11.0905 11.6619 6.8557 9.3274 9.1104 13.0384 15.2315 10.2470 16.0624 23.1517 16.7033 19.1833 17.6918 20.2978 17.8606 19.3132 15.9060 19.6977 16.0000 16.8819 17.6352 19.7737 13.6748 18.7083 18.3576 13.5277 15.3297 18.5472 19.2354 18.7617 18.6548 18.2209 24.0624 19.5192 17.4642 18.0000 19.4165 14.0712 10.6301 8.8882 7.7460 6.7082 6.0828 8.3666 15.7797 6.8557 9.7980 10.1489 14.6969 9.1652 18.3303 9.5394 6.1644 7.3485 11.3137 13.0767 9.3274 17.4929 7.3485 11.4455 8.9443 6.3246 4.8990 4.8990 7.1414 5.3852 11.0000 5.0000 16.3095 14.5945 12.1655 9.3808 6.9282 7.4833 5.1962 11.9583 8.4853 7.6811 11.4018 7.8740 9.7980 14.8324 8.8882 19.3391 10.2470 12.5300 10.0995 9.6437 7.2801 7.4162 6.4807 9.7980 11.0000 15.9687 11.9164 11.5326 9.8489 10.7703 17.5499 15.7797 18.8414 17.8885 14.8324 18.4120 18.0000 15.1327 16.6733 15.1987 17.7482 18.9737 18.1934 19.3649 14.8324 14.4914 18.9737 16.5227 20.9284 13.2665 10.7703 20.5426 19.1050 17.3494 17.0000 17.3205 20.6398 18.4391 18.3303 14.0712
22.7816 17.5784 14.6969 11.7473 11.7047 10.3923 0.0000 8.1240 7.1414 7.4833 16.3401 9.9499 11.9583 9.7980 9.5394 8.4261 8.8318 7.6158 22.8692 21.4942 20.2978 18.4391 6.7082 4.8990 12.6886 13.4536 6.2450 8.3666 10.6771 9.5394 14.5602 20.6882 18.2483 19.4936 15.1327 19.7990 14.3178 14.3875 17.0587 16.6132 12.4097 14.6629 18.4662 20.0749 13.8203 14.1421 15.1327 14.5945 14.4568 19.6469 19.6977 17.5499 20.0000 17.8326 25.3969 17.6352 12.9228 18.7083 19.6214 10.8628 13.0767 10.1489 11.1355 6.5574 6.2450 8.0000 13.0000 5.5678 2.0000 3.6056 6.4807 5.0990 20.7846 16.3401 6.0000 4.4721 2.8284 10.5357 11.7898 20.3470 12.8841 9.7468 9.3808 5.8310 9.3808 11.8322 9.7468 5.5678 7.6811 12.6095 19.1311 5.5678 15.8114 12.5698 4.4721 12.7279 10.3441 14.7986 8.6023 6.0828 15.0997 10.8628 11.8322 19.4936 11.7047 21.4942 3.3166 16.0935 9.2736 9.1104 9.7468 11.7047 7.3485 11.4018 12.2882 13.4536 15.6844 9.7468 5.1962 13.5647 15.6205 15.7162 18.3030 14.6969 7.8740 19.1572 16.9115 15.1987 14.2829 15.2643 20.5183 16.7929 18.0831 20.5670 12.7279 14.5602 21.4942 11.7047 18.5472 10.8628 10.8628 18.3303 17.3494 14.5945 13.0767 15.4919 21.5870 16.1245 17.4929 15.0997
15.8430 16.3401 7.7460 6.3246 6.8557 10.3923 8.1240 0.0000 8.4261 13.4164 9.5394 7.1414 5.9161 7.3485 8.3066 7.4162 8.1240 2.4495 14.9332 14.5602 12.4097 12.2474 3.3166 7.3485 14.5258 7.4162 7.6811 15.4919 8.7178 3.3166 15.6205 22.8473 17.4069 20.3470 19.3132 19.1833 18.7883 18.5742 16.6433 20.8327 13.8564 13.7477 18.8944 19.6214 16.0935 16.3707 15.7797 15.3297 18.6279 21.7715 19.7484 21.7256 16.7929 19.8997 26.1343 21.3776 17.1756 18.7617 18.5742 16.4924 7.9373 15.1987 5.8310 5.5678 7.6811 4.0000 6.7082 5.9161 7.2111 7.8102 14.2829 3.1623 16.0000 12.3693 6.4807 6.3246 9.3808 3.0000 9.0000 13.8564 7.8740 9.7468 2.8284 10.3923 8.1240 13.1149 13.8203 7.4162 10.5357 9.5394 14.4222 11.7898 11.8322 9.7980 6.3246 13.9284 10.1489 12.6886 6.6332 4.5826 9.1652 6.3246 7.6158 13.2665 7.6811 16.3095 7.6811 13.6748 6.1644 8.4261 10.0499 10.7238 6.3246 11.5758 7.4162 10.3441 14.9666 3.3166 4.7958 7.6158 17.4929 17.1756 20.5670 21.1660 12.9615 19.1050 18.2209 16.2788 18.1108 16.7631 18.5742 18.0000 17.5214 20.6155 13.7840 15.2315 20.4939 18.6279 19.6977 15.2971 10.9545 18.8680 19.9249 20.2731 15.1327 17.3781 20.4450 21.2603 20.3470 14.5602
18.4932 12.5698 14.1067 13.5277 7.7460 8.7750 7.1414 8.4261 0.0000 7.6811 12.2474 12.8841 8.7178 7.6811 10.5830 12.6491 2.2361 9.7468 20.8327 17.9722 17.9722 13.8203 9.7980 9.7468 8.3666 10.5830 10.3923 13.2288 15.1987 8.0000 12.8452 19.4165 13.3417 15.4596 12.7279 16.2173 12.7279 14.0712 12.3288 14.3875 10.7238 12.3288 13.7840 14.9666 10.6771 13.7477 13.4164 10.3923 13.1149 14.8661 15.6525 14.7986 15.9060 15.1327 20.6882 16.1245 12.9615 14.3875 15.0333 10.9087 8.9443 8.8318 8.4261 7.4833 4.8990 5.3852 11.5758 5.4772 5.9161 4.4721 10.5357 6.5574 15.3948 12.0830 7.9373 7.6811 7.5498 10.5830 6.0000 17.0587 11.3578 4.0000 8.8882 6.2450 7.4162 8.1854 7.6158 4.8990 12.2474 8.8318 14.1067 10.3923 11.0905 8.5440 7.0000 8.8882 7.3485 8.7178 4.3589 7.4833 11.1803 8.1854 9.7468 15.6525 7.8740 16.6433 5.6569 10.3923 6.4031 7.4833 5.2915 6.7823 8.6603 5.5678 10.4881 10.3923 9.1104 9.6954 7.7460 10.5357 14.4568 12.4900 14.8324 15.5242 9.7468 15.7480 14.5258 10.9545 12.2882 11.3137 16.2481 13.5277 13.3417 16.2481 9.9499 11.0905 16.9411 14.4222 14.1067 9.9499 7.0000 14.6629 14.3527 13.4164 10.0000 12.7671 17.3494 15.3948 15.4596 9.5394
24.7184 14.2478 20.4939 16.5529 13.2288 9.0554 7.4833 13.4164 7.6811 0.0000 19.0526 14.5258 14.5945 10.7703 11.0905 13.6015 9.5917 13.7840 27.3679 23.7908 23.8328 20.6398 13.0767 10.5830 7.6811 15.8430 10.2470 7.3485 16.8523 13.9642 15.8745 21.3542 17.9722 18.6548 13.0767 20.7364 13.1529 15.0000 16.7631 14.8324 14.4222 17.3494 17.4642 19.7737 12.3693 16.3707 17.4069 13.8203 12.2882 16.5529 19.5448 14.3527 21.7256 16.8523 23.5584 16.2788 13.6748 18.3303 20.0749 9.0554 15.4596 3.0000 13.7113 9.5394 7.1414 11.3137 18.3030 8.7750 7.6158 7.5498 7.2111 10.4881 22.3159 16.5831 8.8318 8.7178 7.0711 16.2173 12.6095 23.4521 14.6969 10.8167 13.6382 3.4641 10.3923 8.1240 3.6056 6.8557 10.5357 12.2882 20.7364 10.3441 16.9706 13.7113 8.3666 9.8995 9.8489 14.6629 10.7703 10.4403 17.3205 13.3417 14.6969 21.5870 13.6748 23.5797 8.1854 15.9687 12.6491 11.7898 9.2195 11.0905 10.4881 10.4881 15.8430 17.1756 13.6382 15.0665 10.9087 16.4924 16.6132 15.0665 16.8819 11.7473 10.5830 19.2614 17.3205 14.4568 12.8062 14.1774 20.8087 17.3205 18.3576 19.8746 13.9284 14.6969 20.9762 10.4403 18.4391 9.6954 11.6619 19.0788 16.4621 11.1803 14.0357 15.6205 22.0000 13.4907 16.1864 14.6969
6.9282 14.2829 9.1104 12.7671 6.4807 13.6015 16.3401 9.5394 12.2474 19.0526 0.0000 14.9666 5.0990 10.4403 14.0712 16.1864 10.2470 11.7898 9.7980 6.8557 7.1414 3.3166 12.7279 16.4621 16.1245 5.8310 16.1864 23.4734 17.4069 7.3485 16.9411 23.9792 14.6969 19.1050 21.7256 17.4069 21.7256 22.1811 14.6969 23.1733 16.2788 14.1421 17.2627 16.8523 17.4356 19.4679 17.1464 15.0333 21.3542 21.0000 17.8606 23.5584 12.4499 20.5183 23.4947 23.4947 21.0238 16.9411 15.8745 20.9523 4.6904 19.5959 6.5574 12.7279 13.0384 8.6603 8.1240 12.0000 15.0000 14.4222 21.8861 11.7898 8.4261 8.2462 13.8203 14.1774 17.4642 8.8318 7.6158 6.8557 9.6437 11.4018 8.5440 16.3401 11.0000 14.8661 17.7764 13.0384 18.9737 9.5917 7.4162 19.3907 7.2801 8.7750 13.7477 14.7986 12.0000 9.4868 9.1104 12.0000 3.8730 7.4162 8.4261 5.7446 6.9282 8.7750 14.6287 9.6954 8.5440 11.4018 11.8322 10.5830 12.7671 11.9583 7.7460 10.0000 12.4499 8.7178 12.8841 4.7958 19.2614 17.6068 20.6398 25.9808 18.8414 17.7200 18.7350 16.0624 20.7605 16.9706 14.7648 18.1934 15.3623 18.3848 15.1987 15.2643 17.0587 24.8193 19.0526 19.0526 12.1244 18.3030 20.7364 23.9165 16.9706 18.3576 17.2337 24.7588 21.8861 12.8452
20.0000 18.6548 13.0767 3.3166 11.0454 11.3578 9.9499 7.1414 12.8841 14.5258 14.9666 0.0000 11.0454 9.6437 6.1644 2.4495 13.3041 5.9161 18.7617 18.5203 15.3297 17.9722 5.8310 6.2450 16.6132 11.4018 4.6904 13.8203 4.7958 10.0995 21.1424 28.2666 23.4947 26.1725 23.8328 25.4362 23.4947 23.2379 22.6274 25.4755 19.4165 20.0000 24.6982 26.0000 20.7846 21.4243 21.6795 20.8327 22.6274 26.8514 25.9037 25.9808 23.2164 24.9199 32.0000 25.9230 21.7715 24.7992 24.8998 19.9750 14.0712 16.4924 10.7238 5.8310 10.2956 9.5394 13.0384 9.7980 9.8489 11.6619 15.1987 7.1414 22.4277 16.6132 6.2450 7.5498 10.2470 8.8318 14.7648 19.3649 8.3066 15.5563 7.5498 11.4455 11.7047 15.3948 15.3623 10.2956 6.3246 11.8322 20.7605 14.4222 17.5784 15.1327 8.3066 17.5214 13.8564 18.6011 12.4499 7.4833 14.3875 11.2694 12.6095 18.1384 13.2665 22.7376 11.5758 19.5448 12.6886 13.9284 14.5602 15.4919 7.6811 16.7033 13.1149 17.3205 20.0749 9.5917 8.3666 13.2288 22.6936 22.4054 26.1151 23.7276 16.8226 24.8596 23.8118 21.9545 22.4277 22.0907 24.5357 24.0624 23.9165 26.5707 19.5704 21.0000 26.4386 20.3961 25.9808 19.2614 16.5831 25.1197 25.4165 23.7487 20.9762 23.0000 26.8514 24.5967 24.7992 20.5183
10.8628 12.0000 9.6437 9.5394 2.4495 8.8882 11.9583 5.9161 8.7178 14.5945 5.0990 11.0454 0.0000 5.7446 9.2736 12.0000 7.1414 8.3066 13.1909 9.7468 9.5394 7.4162 8.8318 12.2882 12.4900 3.1623 11.4891 18.6279 13.9642 4.0000 15.0000 22.5167 14.4222 18.2483 19.2354 17.3494 19.1311 19.6977 14.0000 20.9045 14.3178 13.2665 16.4924 17.0880 14.8997 17.4642 15.8745 13.1909 18.2209 19.5704 17.4069 21.0950 13.6748 18.6815 23.3238 21.0713 18.2209 16.3401 16.1864 17.2916 3.4641 15.2971 1.7321 8.0000 8.4853 4.5826 8.2462 7.3485 10.7238 10.4881 17.7482 7.5498 11.7047 6.9282 8.8882 9.3274 13.2288 6.7823 5.4772 9.9499 5.9161 9.1652 4.3589 11.6190 6.4031 10.9087 13.4907 8.2462 14.3527 5.8310 9.9499 15.5563 7.2801 6.4031 8.8882 11.3578 7.8740 8.8318 5.5678 7.3485 4.1231 3.3166 5.5678 8.1854 4.0000 12.2882 10.5830 9.3808 5.5678 8.0000 8.2462 7.4833 7.9373 9.4340 5.4772 10.0000 11.2694 5.8310 8.7178 3.3166 17.1756 15.7480 19.0788 22.2036 15.4596 16.9115 17.1756 14.4914 18.1384 15.1658 14.9666 17.1756 15.2971 17.9444 13.3041 13.5277 17.0587 20.6882 18.6815 15.6525 9.5394 17.9165 19.0788 20.6882 15.3623 16.6433 17.6352 21.6102 19.6214 11.9583
15.2643 10.1489 13.8564 9.5917 4.5826 4.4721 9.7980 7.3485 7.6811 10.7703 10.4403 9.6437 5.7446 0.0000 5.5678 10.2470 7.2111 8.9443 17.9722 14.0000 13.8564 12.4097 8.7750 10.3923 9.1104 5.7446 8.5440 14.5602 13.3417 7.1414 14.8997 22.4054 15.4596 18.3303 17.6918 18.4391 17.9722 18.5742 14.5945 19.4936 14.3527 14.5258 16.6433 18.3576 13.2288 16.9115 16.4621 12.8452 16.0312 18.6548 18.3303 19.0788 16.3707 17.5499 23.6854 19.4165 17.0587 16.9115 17.6352 14.9666 7.9373 11.2694 4.8990 5.1962 4.7958 5.0990 12.2066 5.1962 8.6023 8.8882 15.0333 6.9282 15.8745 8.5440 5.4772 6.3246 10.7703 9.7468 7.4162 14.8324 5.2915 9.6437 5.4772 7.6158 4.0000 7.0711 9.5394 5.1962 11.0000 4.1231 14.0000 13.8203 9.6954 7.0711 6.0000 8.9443 5.5678 10.5357 6.1644 5.1962 8.2462 4.4721 6.3246 12.3288 5.9161 16.6132 9.1104 11.2694 7.4833 8.1854 6.4031 6.8557 4.6904 8.7178 8.0623 13.0767 11.4891 8.3066 7.4162 7.7460 16.6733 14.9332 18.8944 19.1311 13.9284 17.2916 17.0880 14.3875 16.1245 14.5258 16.5227 17.6068 16.5831 18.5203 13.2665 13.7840 18.0555 17.3494 19.7990 13.4164 9.4868 18.8149 18.6279 18.1934 15.6525 16.3707 19.2873 18.7617 17.7764 12.7279
18.6011 13.2665 15.5885 7.4162 8.3666 5.5678 9.5394 8.3066 10.5830 11.0905 14.0712 6.1644 9.2736 5.5678 0.0000 6.7823 10.9087 8.6603 20.1990 17.0587 15.7162 16.5227 8.1240 8.4261 11.4891 9.4868 5.0990 12.2882 10.4403 9.7980 18.8944 26.1725 20.4939 23.1301 21.0713 23.3452 21.0238 21.6333 19.6469 22.9565 18.0278 18.8149 21.5870 23.4094 17.4356 20.4206 20.4450 17.4929 19.1311 23.0868 23.0434 22.6495 21.2838 21.8861 28.5307 23.0217 19.8997 21.8403 22.6274 17.0587 12.1655 12.1655 8.4261 4.0000 7.2111 8.3066 14.6969 7.4833 9.2195 10.5830 14.5945 7.4162 20.6640 12.7279 3.6056 5.9161 10.1489 10.9545 12.0000 18.4120 5.5678 13.6382 7.2801 7.8102 7.6811 10.0499 10.7703 6.9282 7.0711 7.3485 18.7350 14.4222 14.8661 12.1244 6.2450 12.6095 9.3808 15.4919 10.2470 6.3246 12.5300 8.8882 10.7238 16.2173 10.7703 21.3307 10.5830 16.2481 11.2694 11.6619 10.8628 11.4891 5.1962 13.3791 11.7473 17.0294 16.2173 10.2956 8.4853 11.6190 20.4206 19.3907 22.9347 20.7605 15.9060 22.0000 21.2838 18.9209 19.7737 18.9737 21.4476 22.0227 21.5407 23.4094 17.5214 18.0831 23.0868 18.2209 24.0624 16.3401 13.8203 23.3880 22.7156 20.6882 19.4422 20.5670 24.2281 21.6102 21.7945 17.6352
21.5870 19.4936 13.6015 5.1962 12.0830 11.6190 8.4261 7.4162 12.6491 13.6015 16.1864 2.4495 12.0000 10.2470 6.7823 0.0000 13.3791 5.7446 20.1494 19.9750 17.0587 19.0526 5.0990 4.7958 16.7332 12.5698 3.4641 12.1244 3.8730 10.3923 20.3224 27.1846 23.4094 25.7099 22.8473 25.0799 22.3159 21.9089 22.4499 24.4336 18.5742 19.4936 24.4131 25.8457 20.1494 20.3224 20.8806 20.4450 21.5407 26.4386 25.5147 25.0799 23.3880 24.1868 31.6860 24.8193 20.3961 24.4745 24.7790 18.6279 14.6969 15.8114 11.4455 6.0000 10.0000 9.8489 13.4164 9.2736 8.6603 10.6771 13.5277 6.7082 23.1733 17.4356 5.9161 6.5574 8.8882 9.2736 15.1658 20.2731 9.9499 15.3623 8.1854 10.7238 11.7047 15.4596 14.8997 9.7980 5.0990 12.8841 21.4243 12.5698 18.1384 15.3948 7.4162 17.3494 13.7840 18.9209 12.4499 7.0711 15.3948 11.7898 12.9228 19.2614 13.7113 23.4734 10.3923 19.8997 12.6095 13.4164 14.4222 15.6205 7.4162 16.6433 13.3417 17.2047 20.3715 9.6954 7.4833 13.9642 21.7025 21.8174 25.3772 22.2036 15.3297 24.4540 23.0434 21.4942 21.4709 21.5870 24.5764 23.3880 23.7065 26.2679 18.8944 20.4695 26.3629 18.6548 25.4755 18.1384 16.2173 24.5967 24.5764 22.5389 20.1990 22.2036 26.6646 23.3880 23.9374 20.4695
16.4012 11.6190 13.1149 13.4164 6.2450 8.8318 8.8318 8.1240 2.2361 9.5917 10.2470 13.3041 7.1414 7.2111 10.9087 13.3791 0.0000 9.8995 19.1572 16.0000 16.3095 11.6619 10.1489 11.0454 8.6603 9.1104 11.4455 15.2315 15.8114 7.0000 12.5698 19.3907 12.1244 14.8324 13.4536 15.2971 13.5277 14.8661 11.2694 15.0997 10.7703 11.6190 13.0000 13.8924 10.7238 14.0712 13.1529 9.7468 13.7477 14.6287 14.7648 15.4272 14.2829 15.0333 19.9249 16.5831 13.7477 13.4907 13.8924 12.1655 7.0000 10.3441 7.0711 8.0623 5.7446 4.6904 10.5357 5.9161 7.4833 6.0828 12.7279 7.0711 13.2665 10.3441 8.7178 8.6023 9.4868 9.9499 3.8730 15.0997 10.5830 3.3166 8.2462 7.8740 6.9282 8.2462 8.8882 5.7446 13.6015 7.8102 12.0000 11.9583 9.1652 7.0711 7.8740 8.6023 6.8557 6.8557 3.1623 7.8102 9.2736 6.9282 8.6023 13.6382 6.2450 14.5602 7.0000 8.5440 5.2915 7.0000 4.7958 5.5678 8.9443 4.6904 9.2195 9.2195 7.7460 9.0000 8.3066 8.8318 14.4222 12.2066 14.6629 16.9706 11.0454 14.9332 14.2127 10.4403 12.9615 11.0000 14.7986 13.1909 12.2882 15.3297 9.6954 10.4881 15.6844 16.0935 13.7113 10.8628 6.3246 14.1421 14.3875 14.6629 10.1489 12.6491 16.1245 16.4317 15.6844 8.3666
17.9722 18.3030 8.3666 5.6569 9.1104 11.6619 7.6158 2.4495 9.7468 13.7840 11.7898 5.9161 8.3066 8.9443 8.6603 5.7446 9.8995 0.0000 16.1555 16.6132 13.9284 14.5602 1.7321 5.8310 15.9687 9.5394 6.7082 14.6969 6.4807 5.5678 16.8523 23.8328 19.3649 22.0000 20.2731 20.7846 19.6214 19.1050 18.5203 21.7256 14.8324 15.0665 20.6640 21.4709 17.4642 16.9706 16.8226 17.0587 19.6214 23.4094 21.4942 22.8035 18.7617 21.2132 27.9464 22.3383 17.7482 20.5426 20.3715 17.0880 10.3441 15.9060 8.1240 5.9161 8.6603 6.0000 7.8102 7.0000 7.0711 8.1854 13.6382 3.4641 18.2757 14.6629 6.6332 6.3246 8.7178 3.8730 11.2694 15.8745 9.2736 11.3578 4.6904 10.8628 9.7980 14.6287 14.7309 8.4261 9.3274 11.4455 16.7332 11.1803 14.1421 11.9164 6.6332 15.6205 11.8743 14.9332 8.6023 5.1962 11.4891 8.4853 9.4868 15.4919 9.9499 18.4932 7.9373 15.9687 8.1240 9.9499 11.7898 12.7671 6.9282 13.4164 9.3274 11.8743 17.0880 4.7958 4.7958 9.8995 18.5472 18.6279 22.0227 21.4942 13.0384 20.7605 19.5448 17.9165 19.0263 18.3030 20.6155 19.3391 19.3132 22.4277 15.0997 16.8523 22.4944 18.5203 21.1187 16.1245 12.6491 20.2485 21.1896 20.9523 16.2173 18.6548 22.3159 21.9089 21.4476 16.4924
9.5917 23.1948 9.8489 15.5885 15.0997 21.5174 22.8692 14.9332 20.8327 27.3679 9.7980 18.7617 13.1909 17.9722 20.1990 20.1494 19.1572 16.1555 0.0000 9.1104 5.9161 10.5357 17.2047 21.7945 25.4165 12.8062 21.6795 30.2490 19.6723 13.7840 23.2164 29.6816 22.1359 26.2869 29.6985 23.0000 29.4618 28.7402 22.2711 30.9031 22.6495 19.4936 24.8596 24.0000 25.3772 25.0400 22.6274 23.0651 29.1204 29.5466 24.6779 31.8277 17.4069 27.5500 30.7246 30.6594 27.7489 24.0624 22.3159 28.7576 13.3417 28.3549 14.2478 19.3391 20.8327 16.2173 11.4891 19.1833 21.7486 21.6795 28.8964 18.0278 14.3875 16.1864 20.3715 20.5183 24.1454 12.6491 16.9706 8.8882 15.7162 19.8494 14.3178 24.3105 18.7350 23.7697 26.6083 20.8327 24.4131 18.0000 13.9642 25.2587 15.0665 16.7033 20.3715 23.6008 20.2978 18.5472 17.4069 18.1659 11.7898 14.7986 14.6629 10.5357 15.0333 13.0767 21.4942 18.3848 15.9687 18.4932 20.4939 19.5448 18.8944 20.9045 13.4164 15.6205 21.8861 13.4164 18.4932 11.9583 25.3180 25.0200 28.3901 33.7194 25.2784 24.0000 25.1595 23.9583 28.3019 24.8596 20.9284 24.9600 22.4499 25.2982 22.2036 22.7376 23.7276 31.8434 26.4008 26.7769 20.1246 24.7184 28.1425 32.1870 24.2487 25.3574 23.2164 32.4191 28.9310 21.1896
3.3166 15.9060 13.6382 15.8745 11.0000 16.4317 21.4942 14.5602 17.9722 23.7908 6.8557 18.5203 9.7468 14.0000 17.0587 19.9750 16.0000 16.6132 9.1104 0.0000 5.8310 6.1644 17.2337 21.4942 19.8242 9.0000 20.2731 27.9285 21.1660 12.4499 20.3961 27.2029 17.8045 22.3607 26.4764 20.5426 26.4764 26.9629 18.1384 28.0000 21.0238 18.2483 20.7605 20.5183 21.3307 24.0000 21.3776 18.6815 25.0400 24.7386 20.7846 27.8927 14.4222 23.9165 26.0576 27.2947 25.5147 20.0998 19.3132 25.3772 9.5394 23.8956 10.4881 17.1756 17.7482 14.1421 13.6748 16.5831 20.2978 19.9750 27.4226 16.9706 10.7703 8.8882 17.9444 18.4391 22.9347 13.8203 12.7671 5.6569 12.0000 17.2916 12.8062 20.8806 14.2829 18.1108 21.9773 17.5214 23.1301 12.6095 9.5917 24.5153 10.0995 12.3288 18.0555 17.7764 15.1987 13.6748 14.4222 16.3401 7.4833 11.3137 11.7473 3.7417 11.1803 10.3923 19.8746 12.9228 13.7113 15.4596 16.1555 14.3178 16.3707 16.7332 10.9087 15.3297 16.3707 13.2288 17.6352 8.3666 22.6274 21.2368 24.3105 30.2655 24.0000 20.2731 22.0907 20.0749 25.3377 20.9523 16.0312 22.5389 19.2614 21.0476 19.6977 18.8680 18.7617 29.2404 24.0416 23.4094 16.5529 22.7596 24.8797 28.6182 22.3830 22.4499 19.4936 29.0172 25.4558 17.2047
6.8557 18.4662 10.5830 12.2474 11.0000 16.9706 20.2978 12.4097 17.9722 23.8328 7.1414 15.3297 9.5394 13.8564 15.7162 17.0587 16.3095 13.9284 5.9161 5.8310 0.0000 8.7178 14.8661 19.0788 21.1896 8.7750 18.1934 26.8701 17.4929 11.4455 22.2711 29.3939 20.9045 25.2982 28.0179 23.0651 27.9464 27.9106 20.9523 29.5296 21.8632 19.4679 23.6008 23.3880 23.3024 24.6577 22.5610 21.1896 27.0000 27.6043 23.9165 29.8664 17.4356 26.2679 29.7489 29.3087 26.5895 23.1084 21.9317 26.4953 10.7238 24.5561 10.5830 15.5885 17.4069 13.2665 11.5326 16.2173 19.1833 19.3132 26.4197 15.2971 14.0000 12.2882 16.6132 17.3205 21.4476 11.0905 14.1067 8.6023 10.6771 17.8606 11.1355 20.6398 15.0997 19.5959 22.6936 17.4069 20.8567 13.2288 13.0384 23.6432 12.8841 14.0712 17.2047 20.0499 16.7033 16.2173 14.7648 15.1327 8.7178 11.5758 12.1655 8.0000 12.2066 13.4907 19.2614 16.0935 13.9284 16.3401 17.4069 16.2788 15.4272 18.2757 11.4455 15.6525 19.0263 11.6190 16.2173 9.1652 24.4949 23.4734 27.0370 31.3688 23.8747 23.2164 24.3721 22.4277 26.6833 23.1733 19.9249 24.4540 21.7945 24.3926 21.1187 21.2603 22.6716 29.5466 25.9230 24.6171 18.0555 24.5764 27.0740 29.9500 23.3880 24.4131 22.9347 30.3974 27.4591 19.4936
5.9161 14.5258 11.2250 15.8114 8.6603 15.1658 18.4391 12.2474 13.8203 20.6398 3.3166 17.9722 7.4162 12.4097 16.5227 19.0526 11.6619 14.5602 10.5357 6.1644 8.7178 0.0000 15.3297 19.1833 17.0587 7.9373 18.8414 25.5734 20.3470 9.5394 16.4924 23.1084 13.2288 17.8326 21.7486 16.0624 21.7486 22.3830 13.5277 23.1084 16.4924 13.8203 16.0935 15.3297 17.2916 19.6977 16.8819 14.3875 21.2838 20.0998 16.3095 23.3666 10.4881 19.8494 21.6564 23.1301 21.2368 15.5563 14.4568 21.4942 5.5678 20.8567 8.4853 15.3297 14.9332 10.9545 10.1489 13.8203 17.0880 16.2173 23.7908 14.2829 5.6569 7.8102 16.2481 16.3707 19.7484 11.5326 8.3066 5.0990 12.1655 12.2882 11.1355 18.1659 12.2474 15.7480 19.0526 14.7986 21.7025 11.2694 4.6904 21.0000 6.3246 9.0554 15.8114 14.9666 12.7671 8.7750 10.4881 14.2478 4.8990 9.0554 9.5917 4.2426 7.9373 6.0000 16.3401 8.4261 9.7980 12.1244 12.6095 10.9087 14.8997 12.3288 8.6603 10.2470 11.9164 10.9087 15.0665 6.0000 18.8149 17.0587 19.6723 26.5330 19.9499 16.4012 17.9444 15.3948 20.9284 16.4621 12.6886 17.4929 14.1067 16.7631 15.0997 14.5602 15.0333 25.8650 18.2757 19.4936 12.3288 17.4929 20.0749 24.2693 17.0587 17.8326 15.2315 25.0200 21.5407 12.1655
18.8149 18.2757 9.5394 6.0828 9.5917 11.0905 6.7082 3.3166 9.7980 13.0767 12.7279 5.8310 8.8318 8.7750 8.1240 5.0990 10.1489 1.7321 17.2047 17.2337 14.8661 15.3297 0.0000 5.3852 15.6844 10.0000 5.8310 13.6015 6.2450 6.0000 16.2788 23.2164 19.3391 21.7486 19.7990 20.7123 19.0263 18.4932 18.4391 21.2838 14.5258 14.9666 20.5426 21.5870 16.9706 16.5227 16.5529 16.7332 18.7617 23.1733 21.2838 22.2935 18.9473 20.7123 27.7849 21.6333 16.9706 20.3715 20.4939 16.1555 10.7703 15.2315 8.3066 5.6569 8.2462 6.4031 8.9443 6.3246 6.4031 7.7460 12.9228 3.3166 18.9473 14.6969 5.9161 5.1962 8.1854 5.0990 11.5758 16.4012 9.5394 11.5758 5.0000 10.1489 9.2195 14.1774 14.1421 7.7460 8.6023 11.5758 17.2337 10.1980 14.3875 11.8743 5.5678 15.0665 11.3137 15.1658 8.6603 4.4721 12.0416 8.5440 9.4340 15.9687 10.0995 19.1572 7.2111 16.1245 8.1854 9.3808 11.4891 12.5698 6.0828 13.3791 9.2736 12.3288 17.2337 5.0990 4.0000 10.2470 17.8606 18.2209 21.5870 20.4695 12.2882 20.4450 19.0526 17.6635 18.5203 18.0000 20.4939 19.1572 19.3907 22.2261 14.7986 16.4621 22.3383 17.3781 21.2368 15.3297 12.3693 20.2731 20.7846 20.2485 16.1245 18.2483 22.2486 21.1424 20.8567 16.5831
22.6936 19.1050 13.8564 8.6023 12.0416 11.6619 4.8990 7.3485 9.7468 10.5830 16.4621 6.2450 12.2882 10.3923 8.4261 4.7958 11.0454 5.8310 21.7945 21.4942 19.0788 19.1833 5.3852 0.0000 15.0000 13.4536 3.8730 9.6954 6.7823 10.1489 18.5472 24.9800 21.6564 23.4947 19.5192 23.2379 19.0000 18.7350 20.5670 20.9762 16.0624 17.7482 22.2036 23.5584 17.8606 17.7764 18.6815 18.4662 19.1050 23.7065 23.5797 21.9089 22.5389 21.9545 29.4109 22.1585 17.5214 22.4944 22.8254 15.6844 14.3875 13.2288 11.8322 5.5678 8.1854 8.7178 12.8452 7.9373 5.2915 7.2801 9.2736 5.0990 22.4499 17.8606 5.6569 5.6569 4.4721 9.5394 13.8203 21.1187 11.7473 12.6095 8.9443 8.3666 11.4891 14.2829 12.6095 8.1854 4.7958 13.0767 20.9284 9.3274 17.7200 14.7648 6.3246 16.0624 13.0767 17.4069 10.8628 6.7082 15.7480 11.9164 13.1149 20.1990 13.3041 23.0217 7.4162 18.7350 11.4018 12.2882 12.7671 14.4568 7.8740 14.4914 13.6748 15.5242 18.4932 9.9499 6.2450 14.4222 19.7990 19.6723 22.7816 19.1833 12.0830 22.8692 21.0238 19.1572 18.4391 19.2094 23.6854 20.7364 21.5174 24.3926 16.5529 18.5472 25.0200 15.7797 22.2711 15.4272 14.3527 21.9089 21.7486 19.1050 16.9411 19.6977 25.0998 20.3961 21.5870 18.3303
20.2978 6.9282 20.9523 17.5784 10.4881 6.8557 12.6886 14.5258 8.3666 7.6811 16.1245 16.6132 12.4900 9.1104 11.4891 16.7332 8.6603 15.9687 25.4165 19.8242 21.1896 17.0587 15.6844 15.0000 0.0000 13.3417 13.7113 14.3178 20.2731 13.9284 16.3401 22.3830 15.2315 17.0587 14.6287 19.5192 15.4919 18.1108 14.4222 16.5831 15.9060 17.5499 15.2971 17.4929 11.9164 18.7350 18.4391 12.0830 13.5647 14.3178 17.7482 15.0000 19.2094 16.5227 20.8806 17.5499 16.7929 16.3401 18.0555 12.6886 13.0384 5.8310 11.8743 11.0454 8.3666 11.2694 18.6548 10.2956 11.9583 11.3137 14.5258 12.7671 18.5742 11.9164 10.9087 11.7047 12.7671 17.0880 9.7980 20.5183 12.6095 10.5830 13.6748 7.4162 9.1104 3.3166 4.2426 8.3666 14.8324 8.2462 17.1172 16.1245 13.4536 11.1803 11.0905 6.2450 7.6158 10.9545 10.1489 12.1655 14.2478 11.7047 13.4536 17.7482 11.4891 20.1742 12.0830 11.9164 12.4499 12.0830 7.4833 7.7460 11.7047 8.1854 14.8324 17.0880 8.7750 15.7480 13.6382 14.3178 17.5784 14.3527 16.2481 15.9060 15.1987 17.6635 17.2916 13.1909 14.3875 13.1149 17.6068 17.4069 16.5529 17.5499 14.3875 13.7477 17.7482 16.0624 18.0831 12.1244 10.9087 18.8414 16.7332 14.0712 15.3623 15.9687 19.6723 15.9687 16.5831 12.2066
10.2956 12.0830 10.7238 9.6437 4.0000 9.3274 13.4536 7.4162 10.5830 15.8430 5.8310 11.4018 3.1623 5.7446 9.4868 12.5698 9.1104 9.5394 12.8062 9.0000 8.7750 7.9373 10.0000 13.4536 13.3417 0.0000 12.2474 19.6214 14.5258 6.0000 15.6525 23.1301 15.0333 18.8944 20.4939 18.0278 20.5426 20.9284 14.5602 22.1133 15.4596 14.2829 17.1464 17.9444 15.3623 18.0278 16.9115 14.0000 19.1833 20.4206 18.2483 21.9317 13.9642 19.1050 23.9165 21.8174 19.3907 17.0587 16.8523 18.6815 5.2915 16.3707 3.6056 8.9443 9.1652 6.0828 9.5917 8.7178 12.0416 12.0000 19.2614 9.1104 12.2882 6.9282 9.7468 10.1489 14.6629 8.1240 7.3485 10.0499 5.5678 11.0454 5.0000 12.7671 7.0000 11.3578 14.5602 9.5917 15.0333 6.1644 10.6301 16.8523 7.4162 7.0000 9.9499 12.1244 8.7178 10.0995 7.4162 8.0000 4.1231 4.1231 5.0000 7.6811 5.0990 12.7671 12.1655 10.3923 7.4162 9.3808 9.1652 8.6023 8.3066 10.7238 6.1644 11.4891 12.3693 7.0711 9.7980 4.1231 17.9722 16.1245 20.3470 23.2164 16.8226 17.4929 18.0831 15.6205 18.9473 16.0000 15.2315 18.1934 16.1245 18.7083 14.2478 14.6629 17.4069 21.5870 20.2731 16.5831 10.8167 18.8414 20.1990 21.8632 16.8523 17.6918 18.1934 22.1585 19.8746 13.0767
21.7715 17.2047 15.0000 7.4162 11.0454 9.1104 6.2450 7.6811 10.3923 10.2470 16.1864 4.6904 11.4891 8.5440 5.0990 3.4641 11.4455 6.7082 21.6795 20.2731 18.1934 18.8414 5.8310 3.8730 13.7113 12.2474 0.0000 9.3274 7.1414 10.1980 18.7883 25.5930 21.7256 23.7697 20.3470 23.7697 19.9499 20.0000 20.6882 22.0227 17.1172 18.5472 22.4499 24.1661 17.8326 19.0000 19.6977 18.3848 18.9737 23.8956 23.8118 22.3830 22.6053 22.1133 29.5973 22.5389 18.4391 22.6936 23.3666 15.9687 14.0000 12.4097 10.7238 4.0000 7.4833 8.7750 14.1421 7.3485 6.5574 8.6023 11.0905 5.7446 22.5610 16.2481 3.3166 4.3589 6.5574 10.2956 13.6382 20.5670 9.5394 13.5647 8.1854 7.4162 9.8489 12.6095 11.5758 7.2111 3.1623 11.2250 20.7605 11.0454 17.1172 14.0357 5.1962 14.7309 11.5758 17.2627 10.9087 5.8310 15.0000 10.9087 12.2882 19.1572 12.6491 23.1301 8.4853 18.3303 11.6190 12.0000 12.1655 13.5647 5.9161 14.4568 13.0384 16.7332 18.1934 10.0995 6.6332 13.6748 20.0749 19.7990 23.1517 19.4165 13.5277 22.8473 21.3307 19.4422 19.1050 19.4422 23.2379 21.7025 22.1359 24.4540 17.2337 18.6279 24.7184 16.1245 23.6854 15.6525 14.3875 23.0868 22.4499 19.6977 18.4391 20.3224 25.2784 20.7605 21.7486 18.6279
29.3087 20.2237 22.6716 16.7332 17.6918 13.0384 8.3666 15.4919 13.2288 7.3485 23.4734 13.8203 18.6279 14.5602 12.2882 12.1244 15.2315 14.6969 30.2490 27.9285 26.8701 25.5734 13.6015 9.6954 14.3178 19.6214 9.3274 0.0000 14.8324 17.1756 20.0998 25.1396 24.0208 24.4131 18.1384 25.8844 17.6918 18.3030 22.7376 19.5959 18.4932 21.5639 23.5584 25.9422 17.8606 19.4936 21.3776 19.7231 16.8226 23.0651 25.2190 19.6469 26.9072 21.8174 29.7825 20.5183 16.9411 24.1661 25.7876 12.9615 20.1742 9.5394 17.6068 11.4455 11.2694 15.0997 21.1424 12.1244 9.5917 10.9087 6.6332 12.4900 28.0000 21.7025 10.2956 10.0000 7.6158 18.1934 18.3030 27.6405 17.4356 16.4621 16.1245 8.0000 14.5602 14.1421 10.3441 10.9087 7.9373 16.9411 26.2298 10.4403 22.3159 18.7617 10.2956 16.0000 14.9332 20.9523 15.6205 12.4499 21.8174 17.3205 18.3848 26.1151 18.3576 28.9137 10.9087 22.1585 16.8523 15.8430 15.0000 17.0000 12.3288 16.8523 19.3649 21.4243 20.5913 17.4069 12.4499 20.5426 20.4939 20.3715 22.5167 14.1421 12.8062 24.4745 22.0000 20.3715 17.4929 19.9750 26.4008 22.4499 24.2281 25.7488 18.7617 20.0998 26.9072 10.9087 24.2074 14.1421 17.0294 24.2899 21.7025 15.5885 19.0000 20.5913 27.6405 17.1464 20.6882 20.9762
22.7816 22.8692 12.8062 6.0000 14.5258 15.2315 10.6771 8.7178 15.1987 16.8523 17.4069 4.7958 13.9642 13.3417 10.4403 3.8730 15.8114 6.4807 19.6723 21.1660 17.4929 20.3470 6.2450 6.7823 20.2731 14.5258 7.1414 14.8324 0.0000 11.7898 22.0000 28.6007 25.4362 27.7489 25.0799 26.5330 24.3516 23.4307 24.5153 26.4953 20.0000 20.6155 26.5518 27.6586 22.6053 21.4476 22.0227 22.7816 24.0624 29.0172 27.3861 27.5681 24.6982 26.3059 33.8674 26.9258 22.0681 26.4575 26.4008 21.0713 16.4621 19.2614 13.6382 9.3274 13.0767 12.0000 13.3041 11.9583 10.9545 12.8452 15.4919 8.8318 24.4949 19.9249 9.4868 9.5917 11.1355 9.4340 17.4642 21.0713 12.5698 17.4069 10.0000 14.1421 14.6287 18.9737 18.4120 12.9228 8.1854 15.9687 22.8910 13.8203 20.0998 17.6635 10.3923 20.5426 16.8226 21.1896 14.6969 9.6437 17.0880 14.0000 14.7648 20.6882 15.8430 24.5357 12.4499 22.1585 14.3527 15.4596 17.2337 18.4120 10.3923 19.2354 14.7986 17.9722 23.0651 10.5357 9.3274 15.5563 23.3666 23.9792 27.5500 24.6577 16.8523 26.3249 24.8193 23.6854 23.6643 23.8537 26.4764 24.9800 25.4362 28.3019 20.6398 22.5389 28.4253 20.8567 27.0555 20.5426 18.4391 26.0000 26.5518 25.0400 21.7486 24.0416 28.3196 25.7682 26.1151 22.6274
13.7840 15.0333 7.4162 8.8882 5.6569 10.2470 9.5394 3.3166 8.0000 13.9642 7.3485 10.0995 4.0000 7.1414 9.7980 10.3923 7.0000 5.5678 13.7840 12.4499 11.4455 9.5394 6.0000 10.1489 13.9284 6.0000 10.1980 17.1756 11.7898 0.0000 13.4536 20.8087 14.6287 17.8606 18.0555 16.5831 17.4929 17.4929 14.0000 19.5704 12.2882 11.4891 16.4317 16.9706 14.3527 15.1327 13.8564 12.9615 17.2047 19.7231 17.0000 20.3715 13.7477 17.9165 23.4947 19.7990 16.0000 16.0935 15.9374 15.7162 4.8990 15.2971 3.8730 7.4833 8.0000 3.6056 5.8310 5.8310 8.4261 8.2462 15.5885 5.1962 13.0000 9.8995 8.1854 7.6811 11.1803 4.0000 6.6332 11.0905 8.3066 8.2462 3.3166 11.0905 6.8557 12.2882 13.7840 7.4833 13.1909 8.8318 11.2694 12.4900 8.8882 7.2801 7.2801 12.2882 8.6023 10.0000 4.7958 5.6569 6.7082 4.3589 5.5678 10.6301 5.0990 13.3041 8.0000 10.7703 3.6056 6.3246 8.4853 8.6023 7.1414 9.7468 4.6904 8.0000 12.7671 2.4495 6.0000 4.7958 15.5242 15.0997 18.3303 20.7123 12.7671 16.4924 15.9687 14.0000 16.9411 14.6969 15.4919 15.8430 14.8997 17.8885 11.7898 12.7671 17.5214 18.7617 17.6352 14.2478 8.7750 16.7033 17.9444 19.4936 13.5647 15.3297 17.4642 20.4206 18.7350 12.1244
21.7025 18.6279 17.8885 20.9762 15.6525 16.0624 14.5602 15.6205 12.8452 15.8745 16.9411 21.1424 15.0000 14.8997 18.8944 20.3224 12.5698 16.8523 23.2164 20.3961 22.2711 16.4924 16.2788 18.5472 16.3401 15.6525 18.7883 20.0998 22.0000 13.4536 0.0000 7.7460 8.1854 7.3485 10.2470 7.8740 9.0000 8.5440 6.8557 10.8628 6.4807 6.4031 8.0623 9.8489 6.2450 6.3246 5.9161 5.7446 8.1854 11.6619 7.4833 11.4018 10.4881 6.4807 13.6748 8.1854 6.7082 6.9282 9.5394 10.0000 12.8452 16.0935 14.1421 17.0000 13.3041 13.5647 15.5885 12.1244 13.6382 12.1244 17.3205 14.9666 15.2315 14.6629 16.6132 14.4914 16.5529 16.4012 12.0416 16.9706 19.2354 10.6301 15.1658 15.2315 11.9164 14.3527 15.5885 13.0000 21.1424 16.9411 13.7113 12.6095 11.4018 10.1980 13.7840 11.3137 11.2694 11.0000 10.9545 13.8203 14.7648 12.8062 11.3137 16.9115 11.6190 15.5563 11.5326 11.0000 10.2956 8.0623 9.9499 10.7238 14.6287 10.0000 11.4455 10.2470 12.6491 13.8203 13.3041 13.5647 3.4641 5.0000 8.3066 13.6382 9.7980 7.0000 4.6904 6.5574 8.7178 6.8557 9.5394 6.0000 7.9373 8.7750 4.0000 4.8990 9.5917 13.8924 11.3137 7.4833 7.0711 8.3666 7.2801 12.4499 7.9373 4.6904 9.0554 11.5758 7.7460 8.9443
28.3373 25.0000 24.3311 28.2843 23.1301 23.1517 20.6882 22.8473 19.4165 21.3542 23.9792 28.2666 22.5167 22.4054 26.1725 27.1846 19.3907 23.8328 29.6816 27.2029 29.3939 23.1084 23.2164 24.9800 22.3830 23.1301 25.5930 25.1396 28.6007 20.8087 7.7460 0.0000 12.3693 8.8318 12.0416 10.5830 10.2470 9.7468 11.5326 11.4018 11.4018 12.1244 11.0905 12.2066 11.0000 8.9443 9.9499 11.4455 11.0000 13.1909 9.4868 12.0000 15.0997 8.1240 12.5300 7.8102 8.7750 10.0995 12.6095 13.5647 20.1246 21.3776 21.7256 24.1868 20.2237 20.8806 22.1133 19.4165 20.0000 18.4120 21.7715 22.0000 20.5426 21.7025 23.7065 21.4009 22.4499 23.4307 19.1050 23.2379 26.8328 17.0587 22.6274 21.5870 19.3391 20.7846 21.3776 20.0250 27.6225 24.3105 19.5959 17.2916 18.3303 17.6635 20.7846 17.5499 18.4662 17.3494 18.2757 21.0476 22.0454 20.4939 18.8680 23.6643 19.2094 20.8806 17.9165 17.2337 17.6635 15.5242 17.0000 17.8045 21.9089 16.6132 18.9473 16.2173 18.3303 21.0476 20.3224 20.9762 7.2111 9.0000 9.1104 14.8997 14.3527 10.2470 7.8740 11.2694 11.4891 11.0905 13.6748 8.1240 11.3578 11.0000 10.1980 10.5830 12.4097 16.4621 12.6491 11.8322 14.1421 9.7980 7.9373 13.9642 11.5326 8.1240 10.9545 12.3288 8.9443 14.4222
18.1108 15.4919 18.9473 22.8254 14.6287 16.7033 18.2483 17.4069 13.3417 17.9722 14.6969 23.4947 14.4222 15.4596 20.4939 23.4094 12.1244 19.3649 22.1359 17.8045 20.9045 13.2288 19.3391 21.6564 15.2315 15.0333 21.7256 24.0208 25.4362 14.6287 8.1854 12.3693 0.0000 5.5678 11.7473 6.7082 12.1655 13.5647 2.8284 12.6095 9.6437 8.7178 3.7417 4.2426 8.1240 12.2882 9.5917 5.0990 12.0000 8.7750 4.7958 12.5300 6.7082 8.5440 9.1652 12.1655 12.8841 3.8730 4.2426 14.3178 11.5758 17.3781 14.1774 18.7083 15.0333 14.3875 16.2481 14.6287 16.9411 15.0997 21.1424 17.2916 10.2470 12.2474 18.8414 17.6918 19.6723 18.0000 10.1980 15.0000 19.1572 10.3923 16.5831 17.2916 13.2288 13.9642 16.4317 15.0333 24.1661 15.7480 9.4340 18.1108 8.5440 9.4340 16.8226 10.9087 11.9164 6.9282 11.4455 16.4924 12.7671 13.1529 12.3693 14.2478 11.1355 11.2694 15.1658 6.4807 11.4455 10.8628 10.1980 9.5917 17.1172 8.6603 12.6491 10.3923 8.0623 15.8745 16.6733 13.0000 9.8489 6.4807 8.2462 18.0278 15.0665 6.3246 7.9373 5.4772 11.6190 5.6569 5.0990 7.1414 3.7417 5.2915 7.4162 5.3852 4.7958 19.2354 9.3274 11.7898 7.6811 7.6811 8.7178 15.1658 9.5917 7.6811 5.1962 15.1987 10.7238 5.0000
22.8254 18.5203 22.2711 25.9230 18.3576 19.1833 19.4936 20.3470 15.4596 18.6548 19.1050 26.1725 18.2483 18.3303 23.1301 25.7099 14.8324 22.0000 26.2869 22.3607 25.2982 17.8326 21.7486 23.4947 17.0587 18.8944 23.7697 24.4131 27.7489 17.8606 7.3485 8.8318 5.5678 0.0000 9.7468 6.0000 9.9499 11.0000 4.5826 9.7980 10.1980 9.7468 3.3166 5.0000 7.1414 10.6771 9.2195 5.7446 9.6437 6.4807 4.0000 9.3808 10.6771 5.0990 7.0000 8.0623 10.7238 2.4495 7.0000 12.9615 15.5885 17.9722 17.7764 21.2368 17.0587 17.3781 19.6214 16.7033 18.3848 16.4621 21.2132 19.6977 14.6969 16.2788 21.1187 19.5959 20.8806 21.1424 13.8203 19.2873 22.7156 12.5300 19.7484 18.7083 15.8745 15.9374 17.5214 17.0587 25.9422 19.2094 14.0000 18.1934 12.7279 12.8062 18.7617 12.6491 14.3875 10.9087 14.3527 18.8414 17.2047 16.4924 15.4919 18.7617 14.6629 15.4919 16.4621 10.7238 14.4222 13.0767 12.5300 12.6095 19.4936 10.9545 15.9060 13.3791 11.1355 18.8944 18.6279 16.9706 7.8740 5.1962 5.3852 15.7480 14.6287 5.5678 5.8310 5.3852 9.1652 5.9161 8.3066 5.0990 5.1962 3.8730 7.4833 6.4807 5.8310 17.7482 8.4853 10.7703 10.0995 6.6332 5.1962 12.9228 9.2195 5.2915 6.0000 12.3288 7.4833 7.8740
