0.0000 3.1995 2.8281 0.9889 1.4336 9.0957 10.5795 6.1635 5.5151 16.4646 3.3133 2.4996 4.8959 2.8133 6.2978 7.4992 4.8568 1.2613 2.3766 10.5727 1.6802 10.4721 2.5389 3.3937 1.2027 1.2880 8.0199 7.3520 1.6585 2.7765 9.8749 12.4707 9.2044 10.8715 12.4256 20.0299 10.1269 11.2948 6.3946 6.5666 12.7850 10.7362 17.9701 12.7857 11.0607 8.7792 17.5112 8.3321 12.8223 14.5121 15.8959 14.9348 12.8118 17.9689 12.5625 13.5810 11.5838 14.6402 10.9350 9.3100 2.3377 7.5481 11.1558 1.4654 6.8490 12.6069 11.3608 16.3719 8.0626 4.5808 7.7989 1.6496 9.2159 9.7487 6.9366 10.2060 6.2527 6.6148 7.0415 7.0002 7.5924 4.0879 6.9307 10.7742 14.5496 4.1154 9.2994 3.4340 4.7254 6.6942 7.7696 11.5436 11.8919 5.3198 2.2634 1.9228 4.1744 7.4958 9.8109 5.1906 2.2728 7.8423 2.4207 4.6787 4.4533 6.8937 4.0083 2.8982 6.9156 9.5107 9.3427 8.3149 2.8169 6.8923 1.4006 12.9405 2.7955 12.9776 5.3817 7.3179 16.8946 13.3352 13.9597 14.0129 5.1940 22.1007 13.5446 11.1402 10.0875 6.7000 11.8853 11.3575 3.8786 19.5878 6.0005 18.2409 14.1006 11.4478 2.2941 11.7780 9.2274 14.5202 3.5859 4.8823 5.2976 14.3291 5.6808 18.5575 12.3184 13.1884
3.1995 0.0000 2.8579 3.3397 2.8597 9.6947 10.6141 5.7997 5.2826 16.2873 4.7551 4.2810 5.2246 4.7170 6.8186 8.1992 4.9557 2.8151 4.3168 10.8780 3.3496 10.1411 3.3881 4.2118 2.6318 3.8596 8.6885 7.2553 3.8811 2.8234 9.8508 11.9177 9.8169 11.2174 12.5804 19.8689 10.3067 10.9260 6.8187 6.5341 13.5145 10.7867 17.8775 12.6926 11.3494 8.5943 17.4296 9.2080 12.5527 14.7254 15.9009 14.7249 13.1160 17.9073 12.2528 13.4873 11.4727 15.0485 11.0805 9.7381 2.7688 7.5256 11.9139 3.3729 7.8640 12.7802 11.7965 16.1211 8.6398 2.8317 7.9060 2.8033 8.5631 10.1435 7.2003 10.8495 6.5977 6.9469 7.0957 6.7130 8.4251 5.2382 7.4444 11.1705 14.5818 5.1070 9.5946 3.0196 5.2584 6.9362 7.2395 11.3008 11.4924 5.8454 3.0788 3.7986 5.2165 7.0632 10.2001 6.2967 3.9802 8.9822 3.0939 5.9622 5.8176 7.5062 4.7754 1.9446 7.6428 9.5382 9.7707 8.6499 5.1498 7.6033 3.1682 13.5272 2.7056 13.2587 5.9464 7.3980 16.6420 12.8613 13.6624 14.4036 6.6310 22.0806 13.7889 11.6626 10.3751 7.5506 12.0591 11.3979 3.2933 19.3278 6.8821 18.3168 14.3910 11.4299 1.8894 12.1175 9.8547 15.0118 2.8099 4.1479 5.5013 13.9113 5.4190 18.5013 12.5841 13.8683
2.8281 2.8579 0.0000 3.2711 2.5569 9.6685 10.3015 6.2701 4.4147 16.3923 5.0840 4.4302 4.9447 4.8050 6.6501 8.2275 4.3745 2.0586 4.2051 10.7062 3.4915 10.6313 4.3741 5.4225 2.5885 3.6635 8.8413 6.7296 3.9207 3.8011 10.0448 12.0952 9.6664 11.0386 12.8020 20.0172 10.6848 11.2046 7.4061 7.0138 13.7012 11.0648 18.0891 13.0806 11.3902 8.7956 17.5996 9.2961 12.7573 15.0394 16.2479 15.0571 13.3319 18.1427 12.5791 13.7212 11.9579 14.9848 11.4952 9.7137 0.9705 7.9349 12.0488 3.6303 7.8739 12.6748 11.6840 16.4297 9.0277 3.8954 7.5383 2.3732 8.9280 10.2553 6.9447 10.8035 6.3331 6.4533 6.6146 7.0343 8.8010 5.3607 7.2640 11.0044 14.3125 5.0832 9.5409 4.2265 5.1295 6.9113 7.7642 11.6579 11.8028 6.3191 2.5033 4.0089 5.2782 7.3333 10.1897 6.2917 4.3031 9.0932 3.6653 5.9829 6.4240 7.4729 4.4552 3.4158 7.5425 9.7746 9.7860 8.3968 5.1578 7.9812 2.6272 13.5691 0.8348 13.1966 6.8274 7.0024 16.8912 13.0662 13.8420 14.4656 7.0649 22.2351 14.1385 11.9458 10.1045 7.4018 12.3077 11.6525 4.2247 19.5261 6.6948 18.5859 14.2453 11.7123 2.1607 12.1455 9.7595 14.9537 4.0928 4.7341 6.3522 14.1533 5.8066 18.7052 12.4018 13.9766
0.9889 3.3397 3.2711 0.0000 1.6191 9.1324 10.6290 6.2887 5.7620 16.4841 3.2374 2.3363 5.0425 2.4191 6.2763 7.3772 5.0326 1.5571 2.1358 10.6481 1.5382 10.5072 2.5551 3.2553 1.2727 1.0523 8.0083 7.4766 1.5393 3.0120 9.9435 12.6420 9.2753 10.9743 12.4980 20.1147 10.1971 11.4176 6.4849 6.7200 12.8754 10.9075 18.0480 12.8566 11.1608 8.9156 17.5749 8.4497 12.9149 14.5449 15.9197 14.9558 12.8575 18.0530 12.6657 13.7032 11.6485 14.7152 11.0072 9.3037 2.7909 7.5438 11.0669 1.0811 6.7530 12.6317 11.3500 16.3861 8.1367 4.7457 7.8809 1.8065 9.3496 9.7133 6.9402 10.2242 6.3486 6.7867 7.2373 7.0468 7.5961 3.9872 6.9697 10.8036 14.6057 4.1193 9.2725 3.5496 4.7275 6.7739 7.9089 11.5460 11.9646 5.3821 2.3486 1.8124 4.1856 7.5948 9.8391 5.1311 2.2234 7.7968 2.5813 4.7451 4.3310 6.9446 4.1356 3.0441 7.0126 9.5762 9.3057 8.4304 2.4619 6.8364 1.9388 12.9467 3.1575 13.0417 5.3135 7.4679 16.9759 13.4439 14.0132 13.9848 5.0846 22.1405 13.5513 11.0918 10.1752 6.7563 11.8977 11.4614 4.2573 19.6305 6.1572 18.2080 14.1935 11.4546 2.6635 11.7938 9.2066 14.5518 3.8867 4.9552 5.2374 14.4069 5.8782 18.5898 12.3943 13.1391
1.4336 2.8597 2.5569 1.6191 0.0000 9.2893 10.3191 6.2264 5.2815 16.4266 2.8413 3.4666 4.9052 2.9959 6.3201 7.7388 4.6279 1.4732 2.4210 10.6873 1.3628 10.4045 3.2398 4.0445 1.3690 2.0589 8.2521 7.1200 2.5004 3.0377 9.8213 12.5052 9.3268 10.9319 12.6138 20.0501 10.4081 11.3140 6.6400 6.7297 13.1662 10.8736 18.0009 12.8647 11.0195 8.7163 17.4803 8.6850 12.8419 14.7071 16.0055 14.8718 12.8486 18.1159 12.5651 13.7338 11.7446 14.7779 11.1680 9.1842 2.2009 7.6197 11.3663 1.7629 7.0033 12.5431 11.3850 16.3333 8.5618 4.2055 7.6656 0.8335 9.2307 9.6350 6.6892 10.3562 6.0772 6.6850 6.8506 6.6712 7.6977 4.1612 6.7020 10.9463 14.4734 4.3606 9.2557 3.9735 4.8533 6.8947 7.7730 11.4793 11.7970 5.6798 1.0551 2.5235 4.3224 7.4218 9.9257 5.3634 3.1055 8.1476 2.6102 4.9579 4.6822 6.9680 4.1418 3.0001 6.9724 9.4867 9.3104 8.4454 3.3340 6.9868 2.0954 13.0153 2.3405 13.0440 5.6828 7.2143 16.8860 13.1969 13.8443 13.9966 5.6587 22.1252 13.6866 11.2669 10.0558 6.9521 12.0069 11.4308 4.3824 19.4786 6.3970 18.3209 14.1637 11.3886 1.9848 11.7974 9.2796 14.6635 3.8582 4.5669 5.3197 14.2118 5.7645 18.5144 12.2061 13.3461
9.0957 9.6947 9.6685 9.1324 9.2893 0.0000 5.4038 10.9963 10.7833 12.1910 9.6795 9.1550 10.3388 9.5741 11.1469 5.6201 10.4046 9.2771 9.5263 3.3180 9.3153 6.0500 9.2917 9.4087 9.1580 9.1296 3.8078 11.9006 9.0923 9.5155 5.9663 9.9250 6.6269 9.0682 9.8919 16.6965 5.8054 8.8792 11.0298 11.1667 10.1699 10.2365 14.5173 9.2161 8.6974 12.7393 14.5594 7.6036 9.1917 10.3880 12.4715 13.2043 10.5780 14.8601 9.5350 10.5459 8.2709 10.4786 8.1691 7.8371 9.5313 9.1316 7.9798 9.1464 7.0955 10.8800 5.2989 12.1159 10.4087 10.4022 12.1176 9.3732 13.0270 4.8366 8.0267 6.2423 7.4743 7.2677 11.6034 11.6938 9.8112 9.9346 6.6531 9.0486 11.7966 9.8718 4.3772 9.5740 8.1083 6.9472 11.9874 10.5566 9.0965 10.3435 9.5374 9.1012 9.8762 11.8312 4.9735 10.4068 9.1792 5.1798 9.5197 10.1397 9.7954 11.3349 9.8839 9.5028 6.1839 4.1765 3.3404 5.9609 9.4854 11.3359 9.1040 8.4844 9.6939 7.3849 9.2616 11.7266 13.2694 11.4369 9.5565 10.5845 10.1740 19.6310 10.0510 5.2610 7.0064 11.1695 5.8444 7.4115 9.7729 16.1315 10.7096 16.4747 9.5540 11.2021 9.4113 7.1186 5.7036 10.6461 9.7146 10.5132 10.4352 9.6615 10.7753 15.7934 8.7737 8.9263
10.5795 10.6141 10.3015 10.6290 10.3191 5.4038 0.0000 12.0939 11.2285 12.0190 10.9479 11.3628 11.4331 10.9917 12.0738 8.0318 11.1009 10.4145 10.7176 4.6409 10.5714 7.0161 11.1689 11.6651 10.5378 10.7961 7.0675 12.1454 10.9764 10.8271 5.3516 9.9659 6.8940 10.2594 11.2747 16.4768 8.4531 9.6388 12.6012 12.5006 11.8986 11.6428 14.8437 10.0816 8.6980 13.3753 14.2718 10.4454 9.2830 12.0544 13.4341 12.7887 10.9965 15.2419 9.9359 11.2537 9.2054 11.1527 10.4388 8.8673 10.3407 10.8253 10.0771 10.7400 9.1424 11.2702 6.2403 11.4757 12.6461 10.7968 12.6196 10.3014 13.6753 4.6235 8.7471 8.3675 8.7679 8.3482 12.1209 12.0733 11.6429 11.3915 7.4173 10.2609 10.9172 11.4561 5.6075 11.3326 9.7535 9.0587 12.8747 11.2905 8.9675 12.1443 10.2094 11.0157 11.5050 12.6123 6.9544 11.9091 11.1631 8.3979 10.6843 11.7666 11.9845 12.6496 11.2436 10.8485 8.1658 4.2936 5.1710 7.4956 11.2034 12.7756 10.7267 9.2045 10.2623 8.0472 11.2319 12.4584 13.3389 11.1071 9.0659 10.7667 12.3845 19.5250 10.8594 7.6640 7.4312 12.7374 7.2870 9.0348 11.3778 15.4413 12.4978 16.6487 9.5617 11.0936 10.4804 8.2318 4.9681 11.9209 11.1868 11.0373 11.8932 8.2073 11.8409 15.6458 8.1886 10.6801
6.1635 5.7997 6.2701 6.2887 6.2264 10.9963 12.0939 0.0000 4.8617 15.5994 7.2857 6.6333 3.6511 7.0231 3.8110 9.6843 4.6262 6.0664 6.8303 12.1119 6.3909 11.4951 6.0184 6.5451 6.0993 6.3874 10.1269 4.4484 6.4714 5.8392 11.1849 9.9177 11.0556 9.4113 10.6949 18.7924 11.3586 9.0260 3.7498 3.6860 12.0634 8.4403 16.6352 11.0483 10.1650 4.6989 15.6728 10.4771 10.5719 13.1410 14.4782 13.2310 12.0285 16.1552 10.4947 11.9792 10.0027 13.9886 8.8553 10.1633 6.1308 7.2486 11.4618 6.3740 9.4042 10.9746 12.9218 14.6633 9.7441 6.0346 5.0545 6.1786 4.1220 11.5616 9.1810 9.5922 8.6112 8.7531 4.2827 3.7423 7.1565 5.0016 9.2777 9.3312 13.2950 4.9907 11.0756 5.7925 7.5364 8.8385 3.4086 8.8242 9.6529 4.0002 6.3695 6.4899 4.9730 3.8620 10.2025 4.0051 6.3206 10.2614 5.9247 5.4212 7.9090 4.1894 4.3910 5.5989 9.3261 10.8621 11.1806 10.1576 7.1708 4.8881 6.1100 14.4626 6.2318 12.9505 7.6480 4.0387 15.2761 10.5910 12.8826 14.1259 6.3302 21.0331 12.4585 12.6943 9.5532 4.6619 12.9973 10.0921 5.8441 18.9817 4.4026 17.0681 13.5938 9.2070 5.8362 13.2567 11.1666 13.3874 5.7016 4.7104 4.2706 13.4538 1.7100 17.6377 10.9475 12.7439
5.5151 5.2826 4.4147 5.7620 5.2815 10.7833 11.2285 4.8617 0.0000 15.8409 7.0856 6.5064 3.3627 6.8273 5.0943 9.4741 1.4613 5.0354 6.4828 11.6420 5.8719 11.5305 6.5095 7.2617 5.3125 6.0122 10.0582 4.3473 6.1732 6.1125 11.0174 10.8049 10.7299 9.5631 11.5294 19.5226 11.6740 9.7620 6.2363 5.0904 13.0609 9.6936 17.3590 12.4055 10.7323 6.7675 16.5831 10.4654 11.7765 14.3759 15.7218 14.2601 12.7798 17.1409 11.5794 12.9650 11.0755 14.1234 10.5900 10.0144 4.5025 7.9620 11.5972 5.9690 9.2894 11.3466 12.6048 15.6962 10.2606 5.8778 5.2284 5.1244 6.8122 11.3500 8.3518 10.1354 7.7640 7.8277 4.1050 5.3828 8.4340 5.5075 8.6455 9.6562 13.1638 5.0973 10.6260 6.2198 6.8254 8.2672 5.8393 10.2697 10.9927 5.6546 5.2053 6.2245 5.0528 5.2505 9.8214 5.2935 6.4428 10.3919 6.0517 5.7638 8.0990 5.4900 3.3758 5.6951 8.9396 10.8041 10.8681 9.5535 7.2018 6.3224 5.2906 14.4323 4.4254 13.1290 8.4616 4.6554 16.1300 11.6527 13.3079 14.3135 6.7701 21.6581 13.5869 12.9279 8.8844 5.8142 13.1881 11.0416 6.2111 19.1820 5.0775 17.9485 13.6501 10.4975 4.9746 13.0133 10.8815 13.9662 6.1093 4.2184 5.5558 13.5796 4.5810 18.1460 11.5490 13.4867
16.4646 16.2873 16.3923 16.4841 16.4266 12.1910 12.0190 15.5994 15.8409 0.0000 16.8597 16.6976 15.6030 16.7377 15.6945 14.4586 15.7672 16.3758 16.6385 11.0994 16.5008 11.4943 16.5781 16.7830 16.3556 16.5881 13.5991 15.6217 16.6216 16.4829 13.5613 12.5938 14.4380 13.5099 13.6946 13.7423 13.6809 12.5896 16.0016 15.9409 12.6637 15.0476 10.3562 12.2457 12.9045 15.9466 9.6389 15.3664 10.3062 9.2067 11.0176 16.1187 11.1286 11.1010 12.5802 9.7448 12.0965 7.0659 13.0070 14.1779 16.3873 15.5037 11.0272 16.4965 15.4115 13.2061 11.9671 11.6838 17.6044 16.5132 15.7552 16.4154 16.0598 12.0461 15.2447 11.5803 15.5116 14.9583 15.6465 15.6625 15.7825 16.0547 14.5553 13.7937 10.1944 16.0291 11.7344 16.5449 16.0181 14.9551 15.7285 13.8194 12.1430 16.0025 16.4455 16.5658 16.0977 15.5466 11.1557 15.7663 16.6564 14.5756 16.4550 16.1677 17.1907 15.7258 15.8611 16.3481 14.8314 12.2026 11.7140 14.2084 16.8961 15.9906 16.4754 12.9770 16.3759 8.7838 16.7571 15.6217 8.4235 13.4013 8.5115 9.2735 16.6196 16.2141 9.8081 11.7158 12.1468 16.0271 10.8970 10.9119 16.6113 15.1047 15.9541 15.6280 7.8528 14.8676 16.2906 12.1006 13.2199 9.9619 16.5316 15.9542 15.8946 10.8776 15.5833 13.9889 11.1108 11.7146
3.3133 4.7551 5.0840 3.2374 2.8413 9.6795 10.9479 7.2857 7.0856 16.8597 0.0000 4.5769 6.1072 3.1923 7.1057 8.3509 6.1298 3.8941 2.8337 11.3516 2.4778 10.8786 4.1228 4.3290 3.4768 3.3450 8.5159 8.3228 3.4120 4.1382 10.3584 13.4025 9.8262 11.4761 13.0268 20.4052 10.8801 12.0561 6.9152 7.5353 13.1623 11.3348 18.2990 13.1991 11.0896 9.3185 17.7589 8.8610 13.4772 14.8950 16.2266 15.1990 12.8613 18.5079 13.0360 14.2808 12.1563 15.0170 11.5285 9.4020 4.8260 8.3458 11.3349 2.7815 7.1597 12.9801 11.7592 16.6949 9.0090 5.8602 8.6397 3.3421 10.2494 9.6368 7.3952 10.6165 6.9407 7.9408 7.8688 7.3049 7.1925 4.5687 7.1398 11.6230 15.1191 5.2167 9.7241 5.4775 6.1063 7.8609 8.5542 11.8964 12.3293 6.3512 3.1635 3.3098 4.9518 8.3506 10.3970 5.7610 4.0846 8.0018 3.7504 5.1635 3.7505 7.4189 5.3562 4.5504 7.2599 9.9777 9.5818 9.3079 3.2606 6.8862 4.1251 12.9831 4.9477 13.3718 5.6824 8.3068 17.2651 13.7833 14.3458 14.0487 5.3941 22.3265 13.8107 11.2337 10.7502 7.5831 12.3518 11.8313 5.9355 19.7719 7.2855 18.4977 14.5588 11.6764 4.0603 12.0639 9.6221 14.8595 5.3309 5.8051 5.4225 14.7201 6.8886 18.7211 12.6107 13.2537
2.4996 4.2810 4.4302 2.3363 3.4666 9.1550 11.3628 6.6333 6.5064 16.6976 4.5769 0.0000 5.5250 3.5884 6.8671 7.3692 5.8275 3.0669 3.7844 10.7898 3.2281 10.7892 2.7134 2.8024 2.5643 2.2625 7.8393 8.2603 1.6849 3.9744 10.3585 12.8747 9.4637 11.1561 12.4742 20.2769 10.0179 11.6643 6.7085 6.9295 12.6474 11.0764 18.1579 13.0011 11.5974 9.4586 17.8315 8.1474 13.1370 14.4537 15.9572 15.2670 13.0957 18.0209 12.8813 13.7359 11.5581 14.7402 10.9341 9.8328 3.9625 7.7437 10.9942 2.4140 7.1547 12.9684 11.7015 16.6676 7.8363 5.9067 8.5196 3.5935 9.7205 10.2916 7.8893 10.3438 7.0497 7.1764 7.9039 8.0197 7.7533 4.5496 7.8829 10.8825 14.9919 4.3608 9.7352 3.3928 5.0596 6.7266 8.3307 12.0003 12.4363 5.3750 4.2056 1.9921 4.5065 8.0211 9.8867 5.5010 2.1182 7.7615 3.9133 5.0974 4.2273 7.2404 4.5964 3.6592 7.4242 9.9760 9.6706 8.6021 3.3315 7.1984 2.4683 13.1053 4.4185 13.1678 5.6681 7.9673 17.1593 13.9445 14.3356 14.1688 4.8554 22.2712 13.5673 11.2110 10.5421 6.8284 12.0495 11.5447 4.2892 19.9730 5.9697 18.2691 14.3170 11.8979 3.6973 11.9608 9.6323 14.5896 4.1881 6.0673 5.6377 14.7839 6.3119 18.7725 12.8452 13.2450
4.8959 5.2246 4.9447 5.0425 4.9052 10.3388 11.4331 3.6511 3.3627 15.6030 6.1072 5.5250 0.0000 5.8899 3.6429 8.9694 2.9567 4.7811 5.6262 11.5245 5.1533 11.3960 5.6577 6.1556 4.7350 5.2366 9.3841 3.8850 5.2918 5.6091 10.9139 10.6890 10.4510 9.0442 11.1326 19.1566 11.2760 9.7450 4.9073 4.3538 12.2673 9.1975 17.0408 11.6895 10.0336 5.9720 16.2546 9.7747 11.3462 13.5613 14.9959 13.8359 12.1608 16.7488 11.1983 12.4953 10.3212 13.8246 9.7014 9.4353 4.8601 7.0730 10.9583 5.0964 8.6007 10.9740 12.3674 15.3482 9.6775 6.2216 4.4408 4.9130 6.1916 10.9306 8.2777 9.1818 7.7340 7.9536 3.8960 4.7295 7.0151 3.6516 8.4418 9.1408 13.1118 3.3232 10.3815 5.7777 6.5686 7.9653 4.9668 9.7751 10.5461 3.7080 5.0827 5.2217 3.2051 4.0556 9.5196 3.0455 5.6064 9.5536 5.5090 3.9239 6.7850 4.0216 3.0195 5.3297 8.4894 10.6393 10.4926 9.4422 6.1225 5.0017 4.8467 13.9740 4.9451 12.6787 7.5944 3.5966 15.7578 11.5611 12.9880 13.6302 5.3078 21.3470 12.9353 12.3434 8.9809 3.6560 12.8975 10.2013 6.0036 19.0797 3.1757 17.5542 13.2544 9.9175 4.8585 12.6926 10.5077 13.3944 5.8210 4.4523 3.4898 13.6240 3.2738 17.7729 11.0903 12.7934
2.8133 4.7170 4.8050 2.4191 2.9959 9.5741 10.9917 7.0231 6.8273 16.7377 3.1923 3.5884 5.8899 0.0000 6.7520 7.7468 5.9552 3.0968 1.7230 11.1222 2.2553 10.9095 3.4835 3.9160 3.0152 2.2522 8.4271 8.1902 2.7169 4.0214 10.2576 13.2746 9.6318 11.4810 12.8659 20.3844 10.6655 11.9194 6.8229 7.3822 13.1170 11.4565 18.3529 13.1696 11.3729 9.4286 17.8348 8.9208 13.3490 14.8466 16.0856 15.1451 12.9650 18.4390 13.0839 14.1532 12.0693 15.0111 11.4527 9.3941 4.3999 7.9607 11.0363 2.3456 6.7537 12.9637 11.5087 16.5851 8.6787 5.6582 8.5293 3.1184 10.1094 9.7245 7.2620 10.4715 6.9912 7.6317 8.0428 7.3460 7.7329 3.9888 7.2139 11.2326 14.9692 4.6328 9.4986 4.7640 5.6538 7.6218 8.5637 11.7774 12.2778 5.9631 3.3429 2.8821 4.7354 8.2819 10.1587 5.4463 3.2462 7.9721 3.1822 4.9485 4.4023 7.4428 4.9362 4.2495 7.4747 9.8939 9.5059 9.0607 1.8204 6.9835 3.6787 13.0364 4.6349 13.2875 5.3963 8.3134 17.2893 13.8636 14.3148 14.0064 5.2026 22.3143 13.7563 11.0748 10.5660 7.3240 12.1070 11.8564 5.5469 19.7990 6.9958 18.3044 14.5426 11.6028 4.0872 12.0070 9.3284 14.8002 5.0202 5.4086 5.4669 14.7266 6.5628 18.7846 12.6774 13.0583
6.2978 6.8186 6.6501 6.2763 6.3201 11.1469 12.0738 3.8110 5.0943 15.6945 7.1057 6.8671 3.6429 6.7520 0.0000 9.7409 4.6989 6.2497 6.4621 12.2911 6.3847 12.1959 6.8924 7.3707 6.2590 6.4455 10.3126 3.7920 6.5924 6.8528 11.6514 11.0585 11.2331 9.3307 11.0634 19.1870 12.0882 9.9833 5.3608 5.1502 12.2811 9.2289 17.1401 11.8913 10.1161 5.3534 15.9981 10.7437 11.2528 13.6712 14.9658 13.7029 12.0259 16.7176 11.4147 12.7949 10.8584 13.9588 9.7386 10.2486 6.5264 8.1854 11.2616 6.4018 9.2392 10.7418 12.9006 15.0190 10.4979 7.4684 4.7126 6.3336 5.5834 11.4674 9.0250 9.4929 8.7980 9.0718 3.7361 4.2765 6.7309 4.9963 9.2035 9.0835 13.0175 5.4719 11.0470 7.2503 7.8026 9.1709 5.2499 9.3285 10.2563 5.3007 6.4187 6.6177 5.5053 4.7183 10.3375 3.5438 6.8379 10.2489 6.6136 5.7659 7.9284 3.6678 4.5455 6.8418 9.4416 11.3952 11.1718 10.4020 6.8654 4.0659 6.5537 14.4870 6.6050 13.0319 8.3676 3.8819 15.9014 11.2529 13.4582 14.2247 6.4673 21.2596 12.7714 12.8476 9.4433 4.2935 13.4513 10.7837 7.5408 19.4219 4.7253 17.1731 13.6525 9.4039 6.5904 13.3627 11.0784 13.0799 7.3374 5.8242 5.0886 14.1487 3.7962 17.9120 10.7681 12.3191
7.4992 8.1992 8.2275 7.3772 7.7388 5.6201 8.0318 9.6843 9.4741 14.4586 8.3509 7.3692 8.9694 7.7468 9.7409 0.0000 9.0481 7.5846 7.8179 7.5990 7.6337 6.9996 7.6814 7.8274 7.5037 7.3694 3.4486 10.6744 7.3740 8.1011 7.1618 10.4666 7.3306 8.3486 10.8876 18.7375 6.8394 8.6879 9.8366 9.9648 11.0165 10.2786 16.5995 10.3550 9.0760 11.7429 15.9336 6.9285 10.6550 12.5085 14.1452 13.4330 11.1768 16.5890 11.0287 11.6596 9.0854 12.8706 8.1594 6.6507 7.9875 6.6468 8.6358 7.4400 5.5566 11.9563 8.7945 14.8590 8.9584 8.9799 10.9168 7.7412 11.9618 7.0413 6.0573 7.2181 5.7909 5.8418 10.5342 10.4333 8.9216 8.3558 4.7180 8.1312 12.8412 8.3529 5.5542 7.9680 6.2552 5.3982 10.9042 9.2803 9.5837 8.9997 7.9884 7.4725 8.4285 10.6386 6.4357 8.9474 7.4957 3.1236 7.9605 8.7929 8.4809 10.1431 8.4619 7.9685 5.9472 6.8127 5.5777 5.4522 7.7239 10.0952 7.5753 11.1409 8.1673 10.3203 7.1214 10.5854 15.1353 11.7500 11.6090 12.0526 8.7847 20.9000 11.5001 8.0345 7.9088 9.9045 8.8921 8.7841 8.4406 18.2264 9.4437 17.0234 12.2693 11.2206 7.9431 8.8513 6.6320 12.5195 8.3036 9.0853 9.0634 12.6104 9.4573 17.1823 10.3008 10.8539
4.8568 4.9557 4.3745 5.0326 4.6279 10.4046 11.1009 4.6262 1.4613 15.7672 6.1298 5.8275 2.9567 5.9552 4.6989 9.0481 0.0000 4.5808 5.6860 11.4669 5.1361 11.2897 5.8005 6.4364 4.6891 5.2725 9.5579 4.5010 5.4432 5.5042 10.7607 10.9607 10.4076 9.3966 11.2980 19.5055 11.3571 9.7455 5.4652 4.6667 12.5859 9.4825 17.2534 12.1925 10.3549 6.5535 16.4760 9.9307 11.7456 14.1193 15.5156 14.1368 12.3927 17.0801 11.4409 12.8710 10.8128 13.8508 10.3197 9.5896 4.3738 7.6410 11.0390 5.1572 8.6916 11.2186 12.3150 15.6033 9.8375 5.7253 5.1888 4.5673 6.9571 10.8974 8.0481 9.7648 7.4538 7.7095 4.0377 4.9696 7.6139 4.5962 8.2401 9.5336 13.2108 4.3213 10.3299 5.8087 6.4721 7.9810 5.6333 10.0579 10.9154 5.0349 4.6415 5.3720 4.2148 5.1591 9.4913 4.4782 5.7440 9.7511 5.4101 4.8440 7.0877 4.8822 2.4598 5.1868 8.4740 10.5253 10.4766 9.3745 6.3118 5.5002 4.7568 14.0415 4.3377 12.9022 7.7578 4.6995 16.0669 11.6949 13.2440 13.9695 5.7153 21.5493 13.2395 12.4463 8.7542 5.4312 12.9016 10.8227 5.9262 19.1153 4.6812 17.7516 13.4940 10.2167 4.5408 12.6896 10.4835 13.6998 5.7071 3.6497 4.6604 13.5279 4.3277 18.0031 11.3985 13.0358
1.2613 2.8151 2.0586 1.5571 1.4732 9.2771 10.4145 6.0664 5.0354 16.3758 3.8941 3.0669 4.7811 3.0968 6.2497 7.5846 4.5808 0.0000 2.5989 10.5655 1.8210 10.4407 3.0967 4.0576 1.2543 1.8631 8.2674 7.0133 2.3232 3.1313 9.8508 12.3337 9.2977 10.9018 12.5355 20.0196 10.3134 11.2010 6.7026 6.6556 13.1941 10.8825 18.0054 12.8590 11.2156 8.7682 17.5186 8.7499 12.7516 14.6937 15.9773 14.8930 12.9792 18.0290 12.5781 13.6315 11.6978 14.7745 11.1079 9.3675 1.5266 7.5124 11.3799 1.9891 7.0478 12.5438 11.3631 16.3115 8.4192 4.1264 7.5873 1.2274 9.0592 9.8273 6.7688 10.3498 6.1732 6.4717 6.8924 6.8364 8.0629 4.2707 6.8960 10.7713 14.3962 4.2910 9.2203 3.4762 4.6443 6.7097 7.7231 11.4796 11.7959 5.5978 1.8822 2.6290 4.4384 7.3547 9.8653 5.4175 2.9026 8.2833 2.6040 5.0719 5.1948 7.0216 4.0286 2.8856 7.1161 9.5047 9.3890 8.2787 3.3821 7.1851 1.6842 13.1203 1.9177 13.0234 5.7760 7.1379 16.8699 13.2046 13.8484 14.0904 5.8496 22.1223 13.7236 11.3409 9.9945 6.8506 11.9602 11.4445 3.9770 19.5279 6.1795 18.2852 14.1511 11.4341 1.9825 11.8352 9.2903 14.6587 3.6302 4.6209 5.5690 14.2229 5.5769 18.5704 12.2719 13.3921
2.3766 4.3168 4.2051 2.1358 2.4210 9.5263 10.7176 6.8303 6.4828 16.6385 2.8337 3.7844 5.6262 1.7230 6.4621 7.8179 5.6860 2.5989 0.0000 11.0207 1.7753 10.8190 3.4908 4.1343 2.6467 2.1701 8.4535 7.7881 2.7537 3.6347 10.1227 13.0509 9.6059 11.3066 12.8068 20.2479 10.6797 11.7529 6.8060 7.2750 13.1520 11.2570 18.2562 13.0961 11.1705 9.0885 17.6869 8.9630 13.1904 14.8298 16.0444 15.0398 12.9049 18.3328 12.9398 14.0607 12.0505 14.9480 11.4029 9.4151 3.9036 8.0171 11.1610 2.1797 6.7207 12.8020 11.4338 16.4676 8.7030 5.1808 8.2049 2.6625 9.7766 9.5379 6.8588 10.4679 6.7606 7.4121 7.6167 7.0661 7.6915 4.1899 6.9052 11.1714 14.7543 4.7966 9.3488 4.7205 5.5249 7.5231 8.2921 11.5921 12.0494 6.0190 2.7174 2.9449 4.8980 7.9909 10.1863 5.4163 3.3610 8.0409 2.6886 5.0093 4.5200 7.2952 4.8348 4.0146 7.2661 9.7903 9.4167 8.9051 1.9142 6.8705 3.4235 13.0148 4.1214 13.2520 5.3729 7.9719 17.1551 13.5711 14.2084 14.0612 5.5393 22.2330 13.7767 11.1380 10.4349 7.2457 12.0803 11.7947 5.3253 19.6907 6.9437 18.2828 14.4467 11.4491 3.6649 11.9782 9.2458 14.7419 4.8622 5.2132 5.4363 14.5813 6.3598 18.7273 12.5135 13.1113
10.5727 10.8780 10.7062 10.6481 10.6873 3.3180 4.6409 12.1119 11.6420 11.0994 11.3516 10.7898 11.5245 11.1222 12.2911 7.5990 11.4669 10.5655 11.0207 0.0000 10.7928 6.1640 10.8816 11.1512 10.5882 10.6870 6.0403 12.7125 10.6928 10.9397 6.2716 9.9296 7.5923 9.9242 10.8097 15.9439 6.7932 9.3649 12.4315 12.3847 10.9757 11.2505 14.1322 9.3373 9.4054 13.7132 14.2311 9.5359 9.1487 10.7798 12.4949 13.6273 11.2558 14.4957 9.9749 10.7707 8.7722 10.0019 9.4362 9.0565 10.6212 10.7265 9.1532 10.7192 8.8543 11.3541 5.2502 11.4123 12.0321 11.3939 13.0116 10.6813 13.8389 5.6218 9.4462 7.4370 9.0028 8.5266 12.5698 12.7146 11.5968 11.4111 8.1539 9.7912 11.5419 11.3034 5.2905 10.9599 9.6531 8.5355 13.0131 11.5861 9.3492 11.8066 10.8296 10.7578 11.3627 12.8187 5.4761 11.8456 10.8036 7.6472 10.9182 11.6452 11.6429 12.6072 11.2257 10.8574 7.9438 4.6870 3.9958 7.1765 11.1476 12.7725 10.5405 8.5185 10.7203 6.2227 11.1375 12.6889 12.6946 11.4381 8.4877 10.4710 11.9254 19.2558 10.1518 5.8181 7.5935 12.4804 5.4407 7.8662 11.0635 15.3291 12.0394 16.6494 8.7176 12.0538 10.6897 7.0588 6.2059 10.9651 11.0431 11.5999 11.9135 8.6816 11.8907 15.4891 8.6518 9.5841
1.6802 3.3496 3.4915 1.5382 1.3628 9.3153 10.5714 6.3909 5.8719 16.5008 2.4778 3.2281 5.1533 2.2553 6.3847 7.6337 5.1361 1.8210 1.7753 10.7928 0.0000 10.4762 3.1112 3.6908 1.6533 1.7572 8.1766 7.4937 2.1107 3.3735 9.9260 12.7853 9.3737 11.0629 12.6593 20.1557 10.4396 11.4870 6.5960 6.8788 13.1341 11.0162 18.0795 12.9194 11.1349 8.9472 17.5689 8.6797 12.9880 14.6941 15.9910 14.9072 12.8378 18.1865 12.7333 13.8614 11.7827 14.8295 11.1706 9.2364 3.0479 7.6216 11.1511 1.3257 6.8227 12.6070 11.3863 16.3722 8.5429 4.7223 7.9275 1.5352 9.4974 9.5723 6.8321 10.3153 6.3300 6.9945 7.2717 6.8276 7.5182 3.8921 6.7917 11.0094 14.6376 4.3464 9.2369 4.0535 4.9632 7.0444 7.9884 11.5363 11.9413 5.6739 1.9318 2.3520 4.2925 7.6379 9.9278 5.2109 2.9414 7.9874 2.7241 4.8079 4.2325 7.0033 4.3609 3.3146 7.0433 9.5527 9.2835 8.6017 2.6341 6.8046 2.5436 12.9297 3.2540 13.0874 5.4237 7.5385 16.9906 13.4155 13.9689 13.9299 5.3140 22.1574 13.6438 11.1246 10.1912 6.9562 11.9996 11.5128 4.7453 19.5797 6.4544 18.2542 14.2683 11.4033 2.6543 11.7950 9.2526 14.6649 4.1452 4.9234 5.1782 14.3782 5.9408 18.5559 12.3093 13.1882
10.4721 10.1411 10.6313 10.5072 10.4045 6.0500 7.0161 11.4951 11.5305 11.4943 10.8786 10.7892 11.3960 10.9095 12.1959 6.9996 11.2897 10.4407 10.8190 6.1640 10.4762 0.0000 10.3059 10.4964 10.4142 10.5686 6.4157 12.5961 10.5824 10.2306 6.4134 10.0318 8.1365 9.5511 11.9311 16.8715 5.7358 8.3781 11.8052 11.7005 10.8293 11.4176 14.6451 7.9197 9.3310 13.1421 14.2057 8.0666 8.7536 11.4013 13.3622 13.4384 10.3744 14.7426 9.9025 10.2565 8.4310 11.3293 8.6466 6.8997 10.5271 9.2858 9.7901 10.4788 8.3838 12.9830 8.8472 13.1897 11.4796 10.3460 12.8932 10.3906 13.1364 6.3755 8.4153 8.4350 8.2670 8.0272 12.4482 11.9631 11.3381 11.1566 6.9303 10.1907 12.4421 11.1488 5.9911 10.2067 9.5042 7.9201 12.2692 10.1350 7.8654 11.2937 10.4868 10.5845 11.1169 12.3188 6.8255 11.6779 10.5382 7.3908 10.3212 11.5173 11.2726 12.4367 11.0938 10.0627 8.7639 5.6459 5.0198 7.5679 11.0119 12.3345 10.4451 9.7473 10.5665 7.0437 10.0049 12.5535 12.6199 11.2093 8.0320 9.9097 11.6466 19.1758 9.8142 7.5987 7.8726 12.3912 7.2122 7.1211 10.3301 15.7573 11.9985 16.2216 10.4713 11.6918 10.2383 7.1110 7.1912 12.8160 10.1461 10.7874 11.2272 10.1428 11.2755 15.5154 8.7066 11.0710
2.5389 3.3881 4.3741 2.5551 3.2398 9.2917 11.1689 6.0184 6.5095 16.5781 4.1228 2.7134 5.6577 3.4835 6.8924 7.6814 5.8005 3.0967 3.4908 10.8816 3.1112 10.3059 0.0000 1.6813 2.8647 2.3998 8.1349 8.1513 2.3998 1.9224 9.9112 12.2737 9.4692 11.1892 12.1581 19.9158 9.6881 11.0756 5.9178 6.1484 12.4181 10.4913 17.8213 12.4680 11.2281 8.7556 17.4220 8.3853 12.6798 14.1687 15.5657 14.7640 12.7256 17.6848 12.3206 13.3254 11.1941 14.7830 10.4551 9.6958 3.9588 7.4724 11.1621 2.6635 7.1282 12.9406 11.6500 16.2054 7.4783 4.3006 8.4409 3.3941 8.9823 10.0482 7.6964 10.3885 6.9341 7.2479 7.8021 7.1296 7.7938 4.6129 7.6025 11.0397 14.9496 4.6210 9.7239 1.9935 5.3575 7.0922 7.4710 11.3896 11.7520 4.7384 3.8565 2.5932 4.6466 7.5803 10.0438 5.5649 1.5583 7.8428 2.1578 5.0973 4.5211 7.2671 4.7391 2.1482 7.3479 9.4857 9.6627 8.7321 3.2053 6.7813 2.7874 13.0670 4.3661 13.2187 4.4870 7.9589 16.7234 13.2579 13.9984 14.1647 4.7957 21.9966 13.2276 10.9517 10.5016 6.9591 11.6924 11.2229 2.7996 19.5219 6.2701 18.0253 14.3263 11.3604 3.1062 11.9989 9.5518 14.6218 2.4617 4.8549 4.9220 14.2224 5.5506 18.4927 12.7013 13.1126
3.3937 4.2118 5.4225 3.2553 4.0445 9.4087 11.6651 6.5451 7.2617 16.7830 4.3290 2.8024 6.1556 3.9160 7.3707 7.8274 6.4364 4.0576 4.1343 11.1512 3.6908 10.4964 1.6813 0.0000 3.5531 3.0260 8.0381 8.8424 2.7132 3.1790 10.2228 12.7360 9.7205 11.3957 12.3332 20.1297 9.7850 11.4503 6.1373 6.4879 12.4433 10.7182 17.9529 12.6530 11.4925 9.2248 17.6562 8.2144 13.0028 14.1595 15.6672 15.0098 12.8206 17.8249 12.5823 13.5413 11.1842 14.8584 10.4941 9.9262 5.0144 7.6604 11.1131 2.9441 7.3330 13.1888 11.9103 16.4415 7.6187 5.4216 8.9764 4.2746 9.5216 10.2332 8.2535 10.5235 7.3870 7.8232 8.4113 7.7648 7.6849 4.8858 8.0857 11.2973 15.3246 4.8808 10.0181 2.6992 5.7345 7.2917 7.9312 11.7430 12.1816 4.9536 4.7728 2.5757 4.7902 8.0659 10.1402 5.8213 2.2413 7.7906 3.4651 5.3654 3.6057 7.4722 5.1872 2.9999 7.5590 9.8143 9.8451 9.0778 3.5404 6.8951 3.4109 13.1152 5.4030 13.3963 4.7179 8.4516 16.9558 13.7105 14.2597 14.2270 4.5589 22.1320 13.2307 10.9923 10.8488 7.1477 11.9202 11.3893 3.6929 19.7835 6.4352 18.1028 14.5290 11.6592 3.9049 12.0752 9.8451 14.7427 3.3719 5.7449 5.0192 14.5515 6.1327 18.6214 13.0296 13.1372
1.2027 2.6318 2.5885 1.2727 1.3690 9.1580 10.5378 6.0993 5.3125 16.3556 3.4768 2.5643 4.7350 3.0152 6.2590 7.5037 4.6891 1.2543 2.6467 10.5882 1.6533 10.4142 2.8647 3.5531 0.0000 1.8590 8.0194 7.2103 2.0020 3.0859 9.8775 12.4576 9.3087 10.8858 12.5044 20.0488 10.2150 11.2879 6.6089 6.6455 13.0671 10.8935 17.9977 12.8410 11.1539 8.8155 17.5442 8.4782 12.8084 14.6080 15.9357 14.9230 12.9095 18.0248 12.5558 13.6474 11.5725 14.7018 11.0542 9.3186 2.1874 7.4776 11.2373 1.3590 6.9744 12.5750 11.4039 16.3543 8.3487 4.4272 7.7269 1.5394 9.1801 9.7639 6.8592 10.3158 6.2388 6.6321 6.9712 6.9844 7.6940 4.1218 6.9924 10.8094 14.5010 4.1167 9.2330 3.4413 4.6235 6.5404 7.7534 11.5227 11.8758 5.4985 2.0951 1.8577 4.2149 7.3422 9.7754 5.3127 2.7333 8.0683 2.7848 4.9136 4.4750 6.9138 3.9218 2.6840 7.0310 9.5631 9.3056 8.3047 3.3373 7.0332 1.5963 13.0481 2.4614 12.9781 5.6664 7.2186 16.8902 13.3337 13.8752 14.0186 5.5096 22.1265 13.6395 11.2356 10.0895 6.7974 11.9611 11.3957 4.0211 19.5763 6.1311 18.2653 14.1345 11.4604 1.8694 11.7561 9.3134 14.6093 3.6192 4.7919 5.2280 14.2905 5.6858 18.5541 12.3565 13.3456
1.2880 3.8596 3.6635 1.0523 2.0589 9.1296 10.7961 6.3874 6.0122 16.5881 3.3450 2.2625 5.2366 2.2522 6.4455 7.3694 5.2725 1.8631 2.1701 10.6870 1.7572 10.5686 2.3998 3.0260 1.8590 0.0000 7.9804 7.7194 1.3017 3.1687 9.9807 12.7237 9.2135 10.9957 12.4516 20.1387 10.1383 11.4563 6.3925 6.6922 12.7229 10.8692 18.0437 12.8509 11.2192 9.0127 17.5967 8.3413 12.9630 14.4726 15.8832 14.9855 12.8137 18.0308 12.7137 13.6921 11.6301 14.7023 10.8815 9.3562 3.1486 7.5766 10.9868 1.3856 6.6999 12.6902 11.3633 16.4285 8.0046 5.0586 8.0410 2.1906 9.4766 9.7792 7.1601 10.1735 6.4652 6.8988 7.4523 7.1773 7.6340 3.9456 7.0716 10.8365 14.7083 4.1332 9.3705 3.5087 4.8521 6.9098 8.0144 11.6237 12.0532 5.2054 2.7425 1.8023 4.1452 7.7630 9.8468 5.0716 1.7861 7.6521 2.6453 4.6888 4.1726 6.9592 4.2331 3.2592 7.0262 9.5882 9.3582 8.4973 1.9590 6.7802 1.9212 12.8848 3.5841 13.0859 5.1639 7.6086 17.0153 13.5399 14.0985 13.9635 4.7986 22.1397 13.4672 11.0034 10.1938 6.6539 11.8755 11.4511 4.2594 19.6871 6.0321 18.1830 14.2021 11.4899 2.9987 11.7957 9.2085 14.5137 3.9136 5.1942 5.2978 14.4829 5.9281 18.6014 12.4186 13.0152
8.0199 8.6885 8.8413 8.0083 8.2521 3.8078 7.0675 10.1269 10.0582 13.5991 8.5159 7.8393 9.3841 8.4271 10.3126 3.4486 9.5579 8.2674 8.4535 6.0403 8.1766 6.4157 8.1349 8.0381 8.0194 7.9804 0.0000 11.2726 7.8515 8.5482 6.1351 10.1501 6.3640 8.5124 10.3241 17.8800 6.0353 8.8305 10.0695 10.2765 10.2516 10.0124 15.8203 9.6102 8.2979 12.0832 15.2968 6.4894 10.1658 11.6249 13.2950 13.0756 10.4365 15.7956 10.3052 11.1610 7.9471 11.7041 7.9764 7.0334 8.6670 7.5936 8.1177 7.8971 6.1071 11.4283 7.5635 13.6870 9.3353 9.6401 11.4437 8.3775 12.4193 5.6018 7.1019 6.9783 6.4862 6.4649 10.9193 10.9748 8.5909 8.8118 5.6621 8.4484 12.4270 8.7602 5.2607 8.4582 6.8784 5.7460 11.2384 10.0055 9.2748 9.3000 8.5900 7.7656 8.7411 11.0634 5.7885 9.3849 8.0106 3.1096 8.5571 9.0876 8.2333 10.4031 8.8412 8.4167 5.4921 5.4168 4.2843 5.1573 8.3126 10.3750 7.9591 9.9620 8.8578 9.0763 7.7912 10.9876 14.3750 11.6322 10.7253 11.1228 8.9770 20.3420 10.5278 7.0691 7.5472 10.2285 7.8867 8.3773 8.7971 17.5084 9.7135 16.6757 11.1154 10.9702 8.3608 7.9344 5.7171 11.7615 8.6832 9.7142 9.3318 11.3639 9.9154 16.4406 9.6143 10.1069
7.3520 7.2553 6.7296 7.4766 7.1200 11.9006 12.1454 4.4484 4.3473 15.6217 8.3228 8.2603 3.8850 8.1902 3.7920 10.6744 4.5010 7.0133 7.7881 12.7125 7.4937 12.5961 8.1513 8.8424 7.2103 7.7194 11.2726 0.0000 7.9160 7.7592 12.0673 10.2206 11.8535 9.0845 11.4642 19.1353 12.8142 9.7711 6.0024 5.5952 13.2109 9.4619 17.0871 11.9816 10.1749 4.2246 15.8129 11.7367 11.1060 14.1368 15.2662 13.8178 12.7620 16.7396 10.8447 12.6749 10.9838 14.1148 10.3003 10.7865 6.7865 8.8040 12.1621 7.6554 10.3245 10.3676 13.4384 15.1411 11.5060 7.6200 2.0598 7.0246 4.8520 12.1634 9.4650 9.9601 9.2135 9.3775 2.0096 3.5966 8.1478 6.1758 9.7598 9.0730 12.6561 6.2203 11.5835 8.1453 8.5265 9.7807 4.2677 8.9406 10.3842 6.0590 6.9924 7.9436 6.2903 3.0782 10.8072 4.7615 8.1490 11.4458 7.5953 6.3909 9.4836 3.9949 5.6839 7.6036 10.2038 11.8612 11.8406 10.8480 8.4616 5.7127 7.4179 15.2019 6.6922 13.3388 9.6376 2.0759 15.6663 10.5835 13.2521 14.4946 8.0509 21.3309 13.5095 13.7368 9.4887 4.9773 14.0560 10.8910 8.1959 19.2644 5.2274 17.6922 13.6925 9.5050 7.0977 13.9200 11.7975 13.4618 8.0245 6.1131 6.0058 14.0154 4.2733 17.9110 10.7966 13.4762
1.6585 3.8811 3.9207 1.5393 2.5004 9.0923 10.9764 6.4714 6.1732 16.6216 3.4120 1.6849 5.2918 2.7169 6.5924 7.3740 5.4432 2.3232 2.7537 10.6928 2.1107 10.5824 2.3998 2.7132 2.0020 1.3017 7.8515 7.9160 0.0000 3.3903 10.1132 12.7788 9.2982 11.0415 12.4456 20.1854 10.0755 11.5261 6.4172 6.7401 12.6472 10.8995 18.0701 12.8668 11.2967 9.1403 17.6795 8.1515 13.0287 14.4297 15.9079 15.0849 12.8624 18.0274 12.7527 13.6945 11.5529 14.6726 10.8706 9.4636 3.4343 7.6110 10.9362 1.3815 6.8339 12.7558 11.4916 16.5151 7.8863 5.3731 8.1858 2.6804 9.5654 9.8864 7.4029 10.1749 6.6000 7.0057 7.5807 7.4729 7.4639 4.0319 7.3164 10.8350 14.8350 4.0859 9.4779 3.4764 4.8828 6.7755 8.0794 11.7545 12.1891 5.2317 3.2956 1.5226 4.1005 7.8344 9.8256 5.1523 1.8090 7.5775 3.1607 4.6547 3.6925 6.9721 4.3509 3.3249 7.0470 9.7093 9.4227 8.5053 2.4090 6.8020 2.0133 12.8942 3.8987 13.0732 5.2276 7.7329 17.0512 13.6738 14.1670 13.9903 4.5977 22.1772 13.4728 11.0373 10.3337 6.6933 11.9335 11.4569 4.2041 19.7844 5.9547 18.2111 14.2260 11.6257 3.1084 11.8117 9.3626 14.5184 3.9764 5.5224 5.2703 14.5733 6.0307 18.6481 12.5726 13.0549
2.7765 2.8234 3.8011 3.0120 3.0377 9.5155 10.8271 5.8392 6.1125 16.4829 4.1382 3.9744 5.6091 4.0214 6.8528 8.1011 5.5042 3.1313 3.6347 10.9397 3.3735 10.2306 1.9224 3.1790 3.0859 3.1687 8.5482 7.7592 3.3903 0.0000 9.7922 11.9073 9.6278 11.2203 12.2385 19.7445 9.9229 10.8539 6.0440 6.1945 12.6841 10.3730 17.7606 12.4153 11.0275 8.3534 17.2767 8.7932 12.5020 14.3522 15.5764 14.6118 12.7646 17.6785 12.0993 13.2492 11.3002 14.8791 10.6052 9.6721 3.5948 7.6759 11.5598 3.2422 7.3942 12.9143 11.6934 16.0415 7.8225 2.9794 8.2208 3.2481 8.5534 10.0001 7.3775 10.5992 6.7989 7.1715 7.4154 6.6933 8.0332 5.0245 7.4001 11.1658 14.7769 5.0328 9.7213 2.5696 5.6001 7.2930 7.1068 11.1370 11.3647 5.1878 3.4416 3.4154 5.0877 7.2879 10.2477 5.9332 2.9312 8.3028 1.4230 5.4271 5.2816 7.4248 4.8703 1.7277 7.4014 9.4022 9.7469 8.7773 3.9992 7.0381 3.1678 13.2414 3.8654 13.2590 4.6993 7.7876 16.5514 12.8164 13.8376 14.3079 5.7094 21.9390 13.4024 11.2306 10.4696 7.3141 11.7220 11.2548 2.4614 19.2733 6.7326 18.1042 14.3403 11.2266 2.8281 12.1225 9.6180 14.7650 2.1732 4.0831 5.1070 13.9380 5.3956 18.4662 12.6126 13.3974
9.8749 9.8508 10.0448 9.9435 9.8213 5.9663 5.3516 11.1849 11.0174 13.5613 10.3584 10.3585 10.9139 10.2576 11.6514 7.1618 10.7607 9.8508 10.1227 6.2716 9.9260 6.4134 9.9112 10.2228 9.8775 9.9807 6.1351 12.0673 10.1132 9.7922 0.0000 9.3728 5.5357 9.6607 11.2121 17.1985 5.8927 9.0136 11.4402 11.3584 10.5882 10.5366 15.4957 8.1557 8.3177 12.7345 14.6197 8.9297 9.1270 12.1541 13.7132 12.3199 9.9992 15.0819 9.3153 10.3299 7.7191 12.1926 9.4435 7.7813 9.9454 9.5985 9.8511 9.9774 8.0526 12.3435 8.8436 12.4032 11.3013 10.0246 12.4052 9.8149 12.9158 6.0282 8.4729 9.0365 8.0165 7.6465 11.9370 11.5313 10.7704 10.6509 6.7701 9.6888 11.4272 10.6967 7.2355 9.9815 8.9103 8.1133 12.0336 10.6408 8.1442 10.9447 9.8750 10.0849 10.6931 11.9654 7.6259 11.1747 10.0413 7.5503 9.7419 11.0134 10.9215 12.0195 10.5734 9.7410 8.1171 4.3604 5.8900 7.0822 10.3699 11.8915 9.9333 10.4955 9.9883 9.4383 9.7929 12.1159 13.4309 11.0333 9.5277 10.7251 11.2127 19.8433 10.2105 9.0107 7.4468 11.9365 8.5799 9.0262 10.0733 16.4582 11.5935 15.8293 11.1000 10.0592 9.7459 9.0397 4.9416 12.9804 9.8780 10.3447 10.8410 9.7345 10.8909 15.6258 8.8522 11.9041
12.4707 11.9177 12.0952 12.6420 12.5052 9.9250 9.9659 9.9177 10.8049 12.5938 13.4025 12.8747 10.6890 13.2746 11.0585 10.4666 10.9607 12.3337 13.0509 9.9296 12.7853 10.0318 12.2737 12.7360 12.4576 12.7237 10.1501 10.2206 12.7788 11.9073 9.3728 0.0000 11.0706 7.2303 7.4553 15.1914 9.7453 5.5697 10.4706 10.0394 10.1625 7.5002 13.5326 6.9882 8.6094 9.7265 12.0045 12.1809 5.8412 9.9349 10.9609 11.2130 10.6807 12.0961 5.8842 7.9148 6.5263 11.2109 6.7369 10.6426 12.1119 10.4094 10.6737 12.7719 11.5688 8.7238 11.2474 10.1911 13.1555 11.6301 10.2219 12.4479 9.3260 10.8209 11.4895 8.3409 10.9895 10.7176 10.2821 10.3042 11.5992 12.0074 10.7933 7.0452 9.6758 11.7615 10.2124 11.8924 11.5358 10.9955 9.3573 7.2172 6.3124 10.7651 12.5293 12.8091 11.7613 9.6672 8.8738 11.1556 12.5990 11.0587 12.1170 11.8766 13.8832 10.7251 11.4760 11.8098 10.8575 9.3702 10.2747 10.2718 13.3374 11.3352 12.3536 13.6909 12.1383 10.6283 12.2111 10.1108 11.0165 6.5451 8.6079 12.5238 12.5780 18.9244 10.1803 11.6352 7.5640 10.8722 10.7421 7.6857 11.6349 16.0480 10.7757 15.6332 10.7136 8.9168 12.0783 12.1817 10.6667 10.1657 11.7069 11.0817 11.0265 9.6368 9.9665 15.2096 8.3041 11.1237
9.2044 9.8169 9.6664 9.2753 9.3268 6.6269 6.8940 11.0556 10.7299 14.4380 9.8262 9.4637 10.4510 9.6318 11.2331 7.3306 10.4076 9.2977 9.6059 7.5923 9.3737 8.1365 9.4692 9.7205 9.3087 9.2135 6.3640 11.8535 9.2982 9.6278 5.5357 11.0706 0.0000 10.4762 11.8128 18.3849 8.2065 10.3039 11.1008 11.1607 10.7018 11.4853 16.3574 10.3544 8.6748 12.7465 15.4520 8.3952 10.2998 12.8332 14.8994 12.7024 10.0421 15.9057 10.4858 11.4206 8.2884 12.5619 10.1368 8.5686 9.4891 9.5229 9.6628 9.3421 8.0077 12.5802 9.5392 13.4617 10.7683 10.3316 12.0971 9.3282 13.0417 6.4898 8.5272 9.1422 8.1124 6.8681 11.6368 11.5746 9.9490 10.0126 6.9451 10.4750 12.0168 10.0257 8.1418 9.7202 8.4734 7.5694 12.0631 11.4439 9.9899 10.4690 9.4837 9.3594 10.0003 11.9070 8.4056 10.5012 9.3273 7.4347 9.5245 10.2972 10.2106 11.4595 9.9991 9.6327 8.1125 5.0803 6.8839 7.0705 9.5728 11.4625 9.2224 10.4290 9.6345 10.6953 9.4008 11.7515 15.0595 12.6656 11.5235 11.0259 10.3918 20.2752 11.0601 9.6915 7.4722 11.2488 10.2846 10.0968 9.9009 17.8363 10.8208 16.2484 11.7241 9.5911 9.4862 9.8217 4.4601 13.4201 9.7504 10.4496 10.6207 11.0515 10.7634 16.4298 9.2401 12.1971
10.8715 11.2174 11.0386 10.9743 10.9319 9.0682 10.2594 9.4113 9.5631 13.5099 11.4761 11.1561 9.0442 11.4810 9.3307 8.3486 9.3966 10.9018 11.3066 9.9242 11.0629 9.5511 11.1892 11.3957 10.8858 10.9957 8.5124 9.0845 11.0415 11.2203 9.6607 7.2303 10.4762 0.0000 8.4552 17.4606 9.4039 5.2810 9.3170 9.0358 9.7143 7.3245 14.9340 7.9222 7.7924 9.1330 13.5457 10.0206 8.1293 10.9898 12.9176 12.2052 10.5903 14.0963 8.1097 9.7454 7.4842 11.0595 5.5723 8.1032 10.9477 8.7322 9.4386 11.0084 9.2997 9.7296 11.3895 13.7271 12.0915 11.6781 8.8316 10.9452 9.6664 10.2229 9.6552 6.1797 9.0328 9.3677 8.8608 9.4207 9.3837 10.0956 8.6215 4.2669 10.8700 9.9526 9.1948 11.2657 9.9420 9.2585 9.1821 5.9756 7.4927 9.4936 11.0471 11.0005 9.8487 8.9211 7.0391 8.9809 11.1177 8.7451 11.1825 9.9394 11.7662 8.5530 9.5986 11.1204 9.5464 9.8319 9.1231 9.3805 11.4366 9.0811 10.8155 13.1698 11.0422 10.1358 10.9276 8.6136 13.1819 8.0094 10.5926 12.2216 10.2764 19.7695 10.3131 10.8378 6.1756 8.8042 11.2329 6.5494 11.3435 17.5747 8.6693 16.2251 10.8273 9.1806 10.9314 11.1716 9.9126 10.3065 11.2520 10.3967 9.6038 11.9941 9.2803 16.0159 7.7207 10.5313
12.4256 12.5804 12.8020 12.4980 12.6138 9.8919 11.2747 10.6949 11.5294 13.6946 13.0268 12.4742 11.1326 12.8659 11.0634 10.8876 11.2980 12.5355 12.8068 10.8097 12.6593 11.9311 12.1581 12.3332 12.5044 12.4516 10.3241 11.4642 12.4456 12.2385 11.2121 7.4553 11.8128 8.4552 0.0000 16.1211 11.0883 7.7896 10.3307 10.0426 9.1392 6.7549 13.6922 9.9869 10.0660 10.7371 12.8360 12.4724 8.0805 9.3306 10.3583 12.2312 10.9198 12.5093 8.1967 9.9236 8.4991 10.8497 7.4223 12.0567 12.6669 11.5030 9.4959 12.5509 11.9394 6.6291 10.1709 10.2714 12.9136 12.7195 11.3239 12.6294 10.7999 10.9351 12.5558 7.7558 11.9231 11.9011 11.1129 11.1295 10.9613 11.8977 11.7634 8.2672 11.3196 11.8448 10.3989 12.1995 11.6951 11.8954 10.5565 9.2256 9.5301 10.8946 12.7794 12.4737 11.7463 10.9209 9.1493 10.9003 12.2524 10.7356 12.2994 11.7979 13.1319 10.5267 11.2054 12.2460 10.0221 10.3145 10.9297 11.1751 12.7232 10.3869 12.3966 13.0306 12.8129 11.7558 12.0084 11.0389 12.6012 9.3462 11.0886 13.4555 11.4005 19.3370 10.4953 10.6058 7.9881 10.8762 10.4941 8.9424 12.2134 17.0280 10.5843 16.1224 10.9652 9.9361 12.4745 12.6975 11.2260 8.0764 12.1726 11.6497 11.0163 10.3801 10.7579 16.0198 9.5412 7.9781
