0.0000 6.1696 15.2491 6.8005 3.4344 9.3588 17.3495 12.0401 14.4951 19.7200 3.2089 3.9406 11.0396 22.1402 5.2223 4.4833 12.7740 9.7467 16.6647 10.9455 5.1572 12.1437 10.0291 1.8780 8.7452 15.2977 4.9354 18.7482 0.8327 12.9391 36.7851 39.2913 40.3280 36.9795 49.2826 42.7108 33.4064 43.2349 33.2925 48.4769 55.3852 35.9391 43.8482 35.9542 33.7158 46.4501 54.5625 27.5104 37.8859 36.4749 55.1847 42.0549 49.8974 49.6194 43.0422 40.4415 31.8353 37.4336 41.7569 27.4292 17.3957 10.4815 11.9732 0.9807 17.1212 16.4193 27.6379 27.3177 11.9423 24.0076 18.0161 10.2583 23.7959 14.7733 7.3273 16.5347 7.8148 12.5050 17.0965 19.5828 12.0573 23.3039 13.6002 9.6871 24.1575 15.6241 15.1628 13.1599 1.8560 4.6880 15.8969 21.0423 27.3649 32.5687 11.3590 13.2009 10.7797 16.8235 11.7484 12.0456 21.3816 12.9422 29.1850 5.3426 11.8575 22.5806 15.0547 16.3266 10.0611 17.1593 17.1185 13.6488 26.9927 18.6172 22.1818 27.8764 13.8146 15.3850 14.0871 12.9760 35.5524 30.2295 28.2856 37.8600 18.3213 44.4851 38.1784 37.4767 37.9783 38.5921 33.9922 31.5215 24.3649 32.4345 30.7874 25.6312 35.0853 38.3675 21.2713 27.6695 27.9411 36.3438 33.7047 25.2175 21.8523 36.7620 30.6701 33.2443 38.5991 41.8299
6.1696 0.0000 12.8038 11.2347 2.7566 8.3175 16.3230 9.9109 12.1634 17.8017 4.4655 7.7626 8.9566 20.2475 3.6912 5.7471 10.6162 7.5253 14.7720 10.3475 10.8634 11.5935 8.0372 4.9350 4.7575 13.4051 7.5390 16.3397 6.8841 10.9244 35.1403 38.3737 38.8623 36.7481 48.7637 42.8787 32.6205 42.7994 31.7432 47.1420 55.2096 35.0768 43.7078 35.3006 33.1969 44.9009 54.3870 26.2798 37.2599 36.6428 55.0092 41.4845 49.6848 49.7873 42.6109 39.9685 31.2676 37.2581 41.5814 26.3236 14.9776 8.6781 12.0012 5.9828 15.8944 15.8560 27.1189 26.9302 10.9870 21.5535 15.8321 8.0827 21.8598 14.5971 5.4968 16.3592 6.4293 10.6556 14.9099 18.0336 15.6150 21.7547 13.0813 8.5656 23.2317 14.2796 13.4038 11.1377 5.4971 5.1212 14.3418 20.7406 26.7050 31.0195 9.0107 11.0581 9.2230 14.6674 11.1106 10.4964 19.4890 12.4233 27.2924 6.7245 9.9648 21.0314 13.1057 14.0646 9.1987 16.6403 16.5645 12.9294 25.1001 17.0679 20.2834 27.7009 10.8840 14.9219 12.8813 11.0044 35.3693 30.7039 27.5188 37.6845 16.7721 44.6530 38.0029 36.9577 37.7508 37.0429 33.4732 31.1935 22.2616 32.8350 29.1706 25.4054 34.8735 37.1617 19.0534 27.1505 27.4221 36.4379 31.6157 23.1887 20.1601 36.4974 29.0463 33.6794 38.4236 41.6544
15.2491 12.8038 0.0000 21.7255 12.0932 14.6545 7.5768 5.5802 2.8281 14.1210 12.7001 18.6181 6.1864 7.4628 12.9731 14.5386 4.4209 5.5025 2.4611 16.0099 20.2622 12.8543 5.8687 13.9257 8.1262 2.4359 16.1746 5.2663 14.9024 2.8416 24.5697 30.5643 27.7465 28.6535 39.3169 35.6567 23.4184 34.1871 20.4804 36.0263 46.5973 25.1224 36.4349 26.4507 24.7951 33.0245 45.9808 16.0457 28.6476 28.9919 46.3969 32.8722 41.0725 42.5712 34.2332 31.3372 22.6553 29.1181 32.9691 16.8768 2.1816 5.8763 18.8926 15.9260 4.7885 9.9190 17.6722 19.0254 6.5893 8.8077 4.6827 4.9909 11.2079 15.3243 9.9214 11.8530 11.7437 5.2027 3.7226 6.0833 27.0607 10.5371 8.0288 12.1523 14.8265 4.8176 13.9215 2.5831 16.5309 16.2526 2.9447 13.3999 17.2582 19.8511 4.0602 2.7109 6.9468 3.3166 15.1708 7.7931 6.7042 11.7501 14.5076 14.1298 7.9867 9.0811 2.1337 1.4102 10.9057 7.2308 8.2875 8.5261 12.3153 5.2035 7.4987 19.1789 2.0728 15.6202 6.1043 5.5659 27.6852 23.7606 18.9478 29.0722 5.1906 37.7262 29.3906 27.5109 29.1385 25.4035 24.0264 22.5812 10.1147 26.6406 17.2203 20.2954 26.2612 26.0459 6.2686 18.4302 18.3618 28.6601 18.8309 11.7742 8.2099 28.1554 17.0960 27.2751 29.8113 33.0421
6.8005 11.2347 21.7255 0.0000 9.6889 13.7624 21.7766 18.0016 20.2541 22.0797 9.9612 3.9508 17.0150 28.9407 10.8681 9.4539 18.7069 16.2741 23.4652 15.7166 1.9168 16.9626 16.7607 8.0050 14.0077 22.0983 9.4412 24.5260 7.4685 19.6707 43.0291 44.4247 46.6409 41.2861 54.1327 46.7978 38.6212 48.2682 39.6054 54.7209 59.7476 41.5938 48.2107 41.2919 39.0194 52.7631 59.3627 33.7545 42.0062 40.3497 59.5472 47.0553 55.0981 53.7871 47.2623 45.0289 36.8417 41.7961 46.6645 33.4344 23.8993 15.9103 15.6253 5.8198 23.9217 21.2250 32.4880 31.4682 17.3013 30.4449 23.9229 16.8380 29.9505 19.1352 12.6175 20.8972 12.7708 17.9553 23.0006 25.8957 5.5462 29.6168 18.5632 14.0937 27.9888 21.3805 18.1288 19.3839 6.0871 8.6147 22.2040 25.9349 32.0740 38.8817 17.8253 19.9325 17.0851 22.7581 15.7631 18.3585 28.1821 17.7923 35.9856 11.6555 18.6580 28.8935 21.1964 22.9864 15.3988 22.0093 21.9336 17.8882 33.7933 24.9301 28.9766 32.2389 19.8058 19.4599 20.0709 19.0655 39.9073 34.4885 32.2826 42.2941 24.6342 48.8423 42.5409 42.3267 42.2888 44.9050 38.8423 35.8151 31.0966 35.7109 37.0327 30.4813 39.4115 44.1928 27.9492 32.5196 32.7912 40.7063 40.4363 31.2518 28.0963 41.0354 36.9141 37.1066 42.9616 46.1924
3.4344 2.7566 12.0932 9.6889 0.0000 7.2954 15.2592 9.1506 11.5765 17.9175 1.7451 6.7630 8.1501 19.3178 2.3421 3.6528 9.8845 6.6011 13.8423 9.1097 8.2684 10.3557 7.1075 2.4273 5.3322 12.4754 5.1225 15.8587 4.2550 9.9946 34.1335 37.3489 37.7785 35.4333 47.5259 41.4869 31.5147 41.4846 30.7365 46.0583 53.8948 33.9160 42.3578 34.0628 31.9591 43.8942 53.0722 25.1190 36.0873 35.2509 53.6944 40.1697 48.3699 48.3955 41.3434 38.8162 30.0261 35.9433 40.2666 25.1225 14.2398 7.8584 10.7706 3.8894 14.8106 14.6182 25.8811 25.6288 9.8262 20.8517 15.1266 7.1530 21.0156 13.2823 4.7322 15.0444 5.4680 9.8819 14.2070 17.0269 15.0146 20.7479 11.8435 7.6182 22.3336 13.1996 13.0725 10.2936 4.6759 4.4086 13.3351 19.4258 25.4672 30.0128 8.2031 10.2436 8.2163 13.9340 9.9793 9.4896 18.5592 11.1855 26.3627 4.0233 9.0351 20.0246 12.2615 13.2975 8.0379 15.4025 15.3267 11.8249 24.1704 16.0612 19.3537 26.3861 10.3923 13.6952 11.7976 10.1306 34.0545 29.2350 26.4617 36.3696 15.7654 43.2611 36.6881 35.7199 36.4360 36.0362 32.2354 29.8962 21.4076 31.3661 28.1639 23.8744 33.5587 36.0780 18.2603 25.9127 26.1843 35.0460 30.7474 22.3280 19.1614 35.1826 28.0395 32.2106 37.1088 40.3396
9.3588 8.3175 14.6545 13.7624 7.2954 0.0000 8.8602 11.8970 15.0197 12.0351 7.9430 11.9340 10.8965 21.9280 8.3756 5.7955 13.1830 9.2264 16.4525 2.2350 12.7241 4.3545 9.7177 8.3222 8.8542 15.0856 4.9521 18.6051 9.4511 12.6049 35.1329 38.6658 37.5056 32.5575 45.8178 34.8221 31.5780 41.0179 33.5319 49.0388 50.2977 34.4509 35.6512 33.7720 31.7780 46.6896 50.3560 25.9369 32.0659 30.9807 47.1358 39.4527 47.3686 41.7307 36.5454 36.8823 28.8225 29.0934 38.6717 26.3393 16.8011 10.0300 4.7499 9.8070 16.9091 10.3388 19.5173 18.7843 11.1737 23.4130 17.8730 9.7632 23.7565 6.4324 5.1721 8.8138 4.7170 9.6289 16.9534 19.8222 16.8199 23.5496 9.7735 7.6585 18.8403 16.1764 7.2189 13.0345 10.5605 7.3537 16.1305 20.2253 24.3843 32.8637 10.7643 12.7994 11.0117 16.6804 3.9927 12.2850 21.1695 7.1993 28.9729 9.9689 11.6453 22.8200 15.0024 15.8532 5.1087 10.7876 8.6159 7.6709 26.7806 18.8566 21.9639 19.5362 13.8876 6.8508 13.9182 12.8715 28.9807 25.1267 20.0257 29.7302 18.5608 36.8889 30.0158 30.2562 30.7711 38.8316 26.2389 25.2240 23.9634 24.9091 30.9592 20.4481 26.7088 37.4112 20.8161 18.8777 19.8608 28.4498 33.3032 25.0744 21.9488 28.3327 30.8349 25.7310 30.5490 34.5949
17.3495 16.3230 7.5768 21.7766 15.2592 8.8602 0.0000 11.4675 9.5863 7.7399 15.6413 19.9841 11.6439 13.8339 16.2919 13.8752 10.6429 10.8793 9.7925 9.7437 20.7290 7.4039 11.3806 16.4974 12.8976 9.4629 13.1340 11.2553 17.3918 9.3053 27.0387 32.0371 29.4115 25.5795 38.7108 29.0000 24.3010 33.7049 26.9613 42.5071 42.7006 27.1551 29.7234 27.1109 24.7548 39.5053 42.9048 17.8427 24.3413 24.5524 39.5756 32.1398 40.0557 35.8597 29.6295 29.6455 21.5454 22.3517 31.5539 19.0263 8.7079 10.1071 12.8463 17.9050 8.8149 7.4773 11.7297 12.2590 10.0374 15.2535 10.6177 10.5185 17.9013 9.2781 11.2216 6.8100 11.4875 7.2651 9.6979 12.5093 24.9424 17.0179 7.5194 13.1100 11.4023 11.8092 7.3942 9.4518 18.6106 15.4038 10.1762 14.3842 17.0713 26.3320 10.0077 9.3369 12.5307 9.3510 9.2496 13.4219 13.0753 8.7559 20.8787 17.4599 13.4714 15.5071 9.3916 7.7990 9.3122 2.8017 2.2991 5.4976 18.6864 11.5436 13.8697 12.2673 8.6263 9.2657 11.2312 11.7672 22.2811 18.8865 12.2770 22.2508 11.4201 31.0695 22.6386 21.7628 23.5232 31.8844 17.7843 17.5118 16.5978 19.9839 23.6463 16.6425 19.4399 30.0983 12.7578 11.5142 11.9111 21.8936 25.2449 18.3714 14.6358 21.3890 23.5220 20.6184 22.9900 26.9572
12.0401 9.9109 5.5802 18.0016 9.1506 11.8970 11.4675 0.0000 4.1596 13.2377 9.7769 15.1981 1.0670 13.0270 7.3929 11.4998 2.2684 3.3124 7.5515 13.3808 16.6448 10.3527 3.6371 10.8345 5.5575 6.1846 13.0809 6.9017 11.9151 3.7274 29.2252 31.0807 32.7049 29.1812 40.4505 35.6287 27.5262 36.4575 22.4557 39.4793 47.4280 26.2560 36.6598 28.0091 25.3910 34.9931 46.6054 20.6540 29.4783 29.3927 47.2276 34.2755 42.8089 42.7960 34.9792 32.1838 24.1812 30.0968 33.8649 20.6391 7.7540 2.1218 13.5615 12.6753 9.7370 7.5428 22.0247 19.5531 5.6895 14.3448 6.1227 2.7777 12.6550 13.2857 7.3107 8.6645 9.0171 4.5588 5.2963 8.1258 21.5077 12.2931 7.9870 6.5751 15.7970 4.9033 11.5465 4.4673 13.2893 13.1748 4.4340 13.6247 18.8449 22.9443 2.1679 3.8419 2.6469 4.9929 10.3622 2.7338 12.2685 9.6553 20.0719 8.9349 5.8977 11.1235 3.9174 6.8410 8.7501 11.5460 11.4702 8.3667 17.8796 7.1601 13.0629 23.1381 5.0770 10.4260 6.7239 1.0965 28.0365 23.9854 20.4268 31.8308 7.2838 37.7078 31.0367 31.8634 31.3161 27.1430 28.3789 23.4118 15.3760 27.3737 19.8473 19.7500 27.0919 28.0499 11.8329 22.3851 22.4113 29.1878 24.3952 13.7272 11.0847 30.0057 20.0278 27.1969 30.6420 34.6024
14.4951 12.1634 2.8281 20.2541 11.5765 15.0197 9.5863 4.1596 0.0000 11.5130 12.8598 17.3408 4.6867 10.2909 10.5421 14.3854 1.9815 6.7522 4.8154 16.7147 19.0706 13.7221 7.0681 13.6180 7.7152 4.3774 16.2013 4.3497 15.3278 4.5547 27.3093 30.1963 30.5156 28.5320 39.2544 35.4762 26.0991 34.8151 20.4769 37.0166 46.5054 25.0599 36.2840 26.3667 24.6737 33.0210 45.8593 18.7381 28.5556 28.8409 46.3049 32.7803 41.1666 42.4203 34.1117 31.2207 22.5633 28.9967 32.8771 18.7233 5.0097 5.0499 17.6939 15.1012 7.5477 9.0380 20.3823 18.9039 8.0160 11.5968 3.9056 6.2175 11.1750 16.6613 10.2209 10.7907 11.7431 6.3984 2.8752 6.1094 24.6533 10.5336 9.8239 10.2714 14.5339 3.7901 13.7989 4.0319 15.4381 15.3628 2.4176 13.2489 17.1957 20.4816 5.5620 4.2468 6.0225 2.6596 13.0306 6.8291 9.5323 13.0036 17.3357 13.0705 9.2732 9.1071 1.1600 4.0863 12.1256 9.9036 10.2583 9.9515 15.1434 5.1437 10.3268 21.7692 2.2035 14.1445 7.9450 4.6484 27.5342 23.6096 18.8145 30.1884 4.8479 37.5457 29.3944 30.2210 29.6737 25.4001 26.7366 22.4892 12.9133 26.5516 17.2463 20.0265 26.1692 26.0425 9.0967 21.0162 21.0424 28.5386 21.6590 11.7707 8.3485 28.6041 17.2917 27.0946 29.7193 32.9600
19.7200 17.8017 14.1210 22.0797 17.9175 12.0351 7.7399 13.2377 11.5130 0.0000 19.3253 20.2836 13.8307 21.5737 16.1964 16.8499 12.3548 15.8906 16.0982 11.1608 22.1015 10.1967 16.2633 19.3507 15.1138 15.3965 16.2768 14.7243 20.4799 14.9959 34.7785 35.9582 37.1513 28.2650 41.9333 28.6148 31.8401 39.3078 31.2729 48.2965 46.0630 30.5112 28.3136 31.9144 27.8414 42.6347 44.9115 25.5826 28.2065 27.0672 40.7268 36.8756 45.1246 34.8333 33.7478 33.1221 26.3490 22.8639 35.5871 25.8182 16.2949 13.3100 11.8509 19.5923 16.5548 8.2026 18.8352 12.9756 15.2343 22.8797 14.0334 15.6073 20.2082 11.0965 15.3900 7.9567 15.1332 12.5194 13.2975 16.3061 22.4727 20.4101 13.1583 11.8090 15.4898 11.2983 7.3987 14.7717 19.1910 16.4276 12.3230 16.8643 21.6876 31.7614 15.2730 14.7841 15.3779 13.0245 8.9167 15.0418 20.8152 13.7045 28.6186 18.6301 18.4843 19.0408 12.4583 15.3819 14.1069 10.0644 7.6372 9.9292 26.4263 15.1946 21.6096 15.9052 13.0206 7.5605 16.9384 13.2428 22.9264 20.6360 15.0836 25.6796 15.8305 31.1187 24.5601 28.1727 28.9682 34.9078 23.2910 20.3161 24.1932 20.6817 28.3940 17.7680 19.6173 34.5259 20.3796 15.1522 19.3894 21.9438 32.9419 22.0411 19.6314 23.4287 28.5745 19.0934 24.8319 30.6771
3.2089 4.4655 12.7001 9.9612 1.7451 7.9430 15.6413 9.7769 12.8598 19.3253 0.0000 7.1013 8.7244 19.1322 3.5806 3.2346 11.0836 7.1977 13.5040 9.4154 8.0444 10.4453 7.4863 2.0001 7.0411 12.4713 4.6140 16.4094 3.2811 10.3318 34.3037 37.6747 37.6757 35.3155 47.1866 41.3287 31.5687 41.6701 30.4946 46.2069 53.2755 33.4531 41.9522 33.7794 31.6996 43.9864 52.5505 25.1640 36.3878 34.8442 53.1089 40.2393 47.7506 48.1146 41.5441 38.8834 29.9875 35.6227 39.6800 25.1530 14.8467 8.6472 10.6811 4.1414 14.7268 14.5703 25.4785 25.6765 10.1008 21.4586 15.6773 7.7093 21.4571 12.8295 5.1987 14.6911 6.4768 10.4214 14.7577 16.8731 14.7901 20.7186 11.5251 8.3505 22.6595 13.4530 14.5152 10.9167 5.0142 4.8247 13.4721 19.5443 25.6080 29.8040 8.8100 10.5987 8.3194 14.4847 10.9303 9.4330 18.5340 10.8095 26.2530 2.3921 8.7556 19.8303 12.7159 13.7776 7.7056 15.2502 15.3987 12.1670 23.8321 15.8446 19.4669 25.7667 11.8663 14.0876 11.3469 10.6372 34.0296 29.0232 26.7875 36.0264 15.6477 42.5855 36.0687 35.1567 36.4746 35.9507 31.8779 29.8788 21.6500 31.1185 28.2827 23.6013 33.5110 35.8902 18.7222 25.9193 25.7744 34.4880 31.0660 22.8787 19.3745 35.1918 28.1654 32.0058 36.6534 39.7202
3.9406 7.7626 18.6181 3.9508 6.7630 11.9340 19.9841 15.1981 17.3408 20.2836 7.1013 0.0000 14.2469 26.0808 7.9591 6.9007 15.7936 13.3586 20.6053 14.0087 3.9402 15.2547 13.8705 5.1012 10.5323 19.2384 7.3295 21.4328 4.6086 16.7577 40.4305 41.7994 44.0691 39.8662 52.4248 45.4538 36.3928 46.2148 37.0335 52.0954 58.3278 39.3099 46.7908 39.2960 36.9791 50.1912 57.6548 31.1453 40.3780 39.2178 58.1273 45.0594 53.1022 52.3672 45.7290 43.0489 34.7692 40.3762 44.8176 30.9535 20.7996 13.4253 14.4934 2.9599 21.0619 19.5171 30.7801 30.0483 15.1912 27.3868 21.0927 13.9160 27.1364 17.7153 10.2440 19.4773 10.6335 15.2976 20.0897 23.3239 8.9273 27.0449 16.7424 12.2267 26.3498 19.0268 16.4376 16.3712 2.3413 5.6068 19.6321 23.8587 30.3661 36.3098 14.8440 16.8914 14.5133 19.8741 14.2287 15.7866 25.3223 16.0844 33.1257 9.0837 15.7981 26.3216 18.3716 19.8763 13.4029 20.3015 20.2257 16.0475 30.9334 22.3582 26.1167 30.8190 16.6045 18.0400 17.6286 16.2946 38.4874 33.0687 30.6369 40.8026 22.0624 47.4224 41.1210 40.6189 40.8689 42.3332 37.1344 34.3116 28.0949 34.8670 34.4608 28.7734 37.9916 41.9089 24.8866 30.8117 31.0833 39.2864 37.4490 28.4790 25.4504 39.6155 34.3365 35.9747 41.5417 44.7725
11.0396 8.9566 6.1864 17.0150 8.1501 10.8965 11.6439 1.0670 4.6867 13.8307 8.7244 14.2469 0.0000 13.5977 6.7985 10.5486 2.7737 2.4048 8.1222 12.4962 15.6442 9.4724 2.7814 9.8340 4.6063 6.7553 12.0942 7.7574 11.0595 4.2746 29.5985 31.7522 33.1440 29.8034 41.2043 36.2508 27.8355 36.7650 23.1053 39.9842 48.1160 27.0516 37.2161 28.3166 26.0790 35.9443 47.2933 21.0273 30.1783 30.0149 47.9155 34.5830 43.1164 43.3524 35.5173 32.9072 24.4886 30.3385 34.4878 21.0124 8.3602 2.3787 13.0863 11.6765 10.1761 8.2966 22.3321 20.1753 6.0697 14.9315 6.9783 1.8701 13.5101 12.3636 6.2720 9.3225 8.0304 5.0686 6.1519 9.0770 20.8877 13.1620 8.2945 5.9660 16.3547 5.7887 11.4460 5.0741 12.3381 12.2236 5.3852 14.1811 19.2182 23.4492 2.3768 4.4110 1.7457 5.8485 9.3617 2.1922 12.8392 8.7851 20.6426 8.3933 5.0109 12.0747 4.5236 7.4472 7.8280 11.8535 11.7777 8.6219 18.4503 8.1113 13.6336 23.3798 5.5666 9.6439 7.1631 2.0505 28.6587 24.5418 20.7778 32.1383 7.8545 38.2642 31.3442 32.1709 31.6236 28.0863 28.6864 24.0998 15.8809 27.4838 20.4180 20.1747 27.7799 28.6708 12.4101 22.6268 22.6530 29.8100 24.9659 14.4038 11.6554 30.3132 20.5985 27.6875 31.3300 34.9099
22.1402 20.2475 7.4628 28.9407 19.3178 21.9280 13.8339 13.0270 10.2909 21.5737 19.1322 26.0808 13.5977 0.0000 20.3962 22.0014 11.8837 12.7223 5.9322 22.9680 27.0239 19.6775 12.2103 20.9796 15.5889 6.9896 23.5056 7.0123 21.4722 9.3232 19.1088 27.8565 21.3649 24.3466 33.9368 32.3360 19.0447 29.7504 13.9533 29.9805 41.7341 19.5310 32.3728 21.4542 20.3744 26.8661 41.4575 10.7321 24.9290 25.1533 41.3418 28.2930 35.9489 38.7527 30.3269 27.4266 18.4184 24.9811 27.8630 12.0830 5.2812 13.2926 25.4493 23.1209 5.0190 16.3676 12.1433 16.3134 11.8502 4.1326 7.5612 12.1648 7.7603 21.5983 17.1746 17.1194 19.1003 12.6655 8.3779 5.2676 33.9044 5.0648 13.0584 19.5266 12.4789 10.7679 21.2281 9.8422 23.9937 23.7154 9.2507 11.2954 12.6526 13.4757 11.2368 9.1894 12.8251 8.6239 22.4105 12.9238 2.0663 15.6597 7.1209 19.7196 11.9663 2.7803 9.1309 6.2046 16.9243 11.5093 14.2926 15.9341 4.8526 6.5802 0.4938 14.7470 9.5356 22.7673 9.9084 12.5831 24.2205 20.9068 17.2285 24.1067 6.6327 34.0061 24.4552 21.9195 24.5549 19.0328 18.4880 19.1623 4.4550 24.5163 10.7326 18.2785 23.0233 19.6993 2.4041 15.2621 13.2651 24.3381 12.6931 7.8132 3.2978 24.5441 11.1360 24.9045 24.7449 28.0582
5.2223 3.6912 12.9731 10.8681 2.3421 8.3756 16.2919 7.3929 10.5421 16.1964 3.5806 7.9591 6.7985 20.3962 0.0000 4.9025 8.7053 7.6739 14.9207 10.3164 9.7542 11.5624 8.1859 4.0653 6.3017 13.5538 6.6528 13.6735 5.7890 11.0730 35.2440 35.6741 38.9211 33.8995 45.9600 39.9851 32.5894 41.5207 29.4404 46.2720 52.3610 32.3180 40.8240 33.3547 30.3932 42.2321 51.5383 26.2936 34.4116 33.7492 52.1605 39.3387 47.8721 46.8937 40.0424 37.1405 29.2443 34.9906 38.9281 26.2788 15.1469 7.9203 9.3287 5.7255 15.9531 13.0523 27.0878 24.0815 11.0008 21.7021 13.1839 8.2314 19.2115 14.5211 5.5556 13.5106 6.4431 10.7350 12.2617 15.3647 14.4277 19.2326 13.0501 5.7834 20.6914 11.5658 14.3033 11.2621 6.0504 5.9358 11.6730 17.8919 24.4846 29.8345 9.1594 11.2068 7.6047 12.0191 9.1766 7.8275 19.6376 12.3922 27.4411 3.1320 10.1135 18.3625 11.3103 14.2339 9.2125 16.6092 16.5334 12.8534 25.2488 14.3991 20.4321 27.6248 11.4874 12.4940 12.9401 8.3355 32.5206 27.7654 25.4937 36.8940 14.6530 41.7594 36.0999 36.9266 36.3793 34.3740 33.4421 28.3448 22.4103 30.8379 27.2164 22.3769 32.0249 34.8426 19.2020 27.1194 27.3910 33.5443 31.7643 20.8636 18.4539 35.0689 27.3970 30.7409 35.5750 39.6656
4.4833 5.7471 14.5386 9.4539 3.6528 5.7955 13.8752 11.4998 14.3854 16.8499 3.2346 6.9007 10.5486 22.0014 4.9025 0.0000 12.6934 9.2791 16.5259 7.8701 8.6500 9.1161 9.7911 3.0760 8.3810 15.1590 1.8773 17.9865 4.5984 12.6782 36.7322 38.9593 40.3707 34.9522 48.9967 40.0775 32.5137 42.2571 33.3352 48.5720 53.9967 35.9927 41.0333 35.3731 33.4183 46.4929 53.7135 27.4470 35.9506 34.7110 52.3698 42.1233 49.1812 46.9860 41.0196 39.1225 30.9617 34.6188 40.6545 26.2459 16.7202 9.5198 9.1171 4.8497 17.1534 15.0180 24.8016 24.2909 11.6160 23.3073 17.3955 9.8366 23.4381 11.9578 5.9443 13.7199 6.1564 11.4279 16.4733 19.6255 14.5591 23.3466 11.5758 7.0284 21.3712 15.7096 12.3387 12.7011 5.1704 3.8333 15.9338 20.2088 25.9928 32.6115 10.7646 12.8120 10.8149 16.2307 8.8874 12.0883 21.2428 9.9459 29.0463 5.3853 11.7187 22.6233 14.6732 15.7968 8.7052 14.9302 14.0871 11.0833 26.8540 18.6599 22.0373 25.0615 13.5251 12.2826 13.7215 12.5963 33.3392 28.1013 24.9597 35.0451 18.3640 41.8517 35.3635 34.8329 35.7289 38.6348 30.9958 29.1233 24.0155 29.8718 30.7625 22.7381 32.2342 38.5917 20.8072 24.6731 24.9794 33.6366 33.3695 24.7807 21.7521 33.8581 30.6382 30.7162 35.7843 39.0151
12.7740 10.6162 4.4209 18.7069 9.8845 13.1830 10.6429 2.2684 1.9815 12.3548 11.0836 15.7936 2.7737 11.8837 8.7053 12.6934 0.0000 4.9760 6.4082 14.9358 17.3787 11.9663 5.2918 11.7813 6.1670 5.0412 14.3646 5.9742 13.4911 2.8426 28.4678 30.9900 31.8188 29.2560 40.2681 35.9107 26.9679 35.8288 21.7802 38.4646 47.3742 26.0736 36.8632 27.3803 25.3977 34.4247 46.5834 19.8966 29.4245 29.4676 47.1738 33.6491 42.1802 42.9995 34.8358 32.0896 23.5524 29.7207 33.7460 19.8817 6.6025 3.2297 15.7123 13.4092 8.8509 7.3604 21.3959 19.6280 6.2370 13.1896 5.3523 4.4413 12.3334 14.9429 8.5894 8.9275 9.9080 4.8409 4.3519 7.5574 22.8166 11.8368 8.2313 8.2899 15.5476 4.4635 12.2518 3.3852 13.8909 13.8157 3.8656 13.8282 18.2093 21.9296 3.8614 2.6942 4.3041 4.1076 11.1938 4.9659 11.1251 11.2740 18.9285 11.1670 7.5548 10.5551 2.7528 5.6791 10.4072 10.9173 10.8415 8.3590 16.7362 6.5917 11.9196 22.6381 2.9326 12.2446 6.3524 2.9110 28.1135 24.1889 19.7839 31.2021 6.2959 37.9802 30.4080 31.2347 30.6874 26.7033 27.7502 23.3580 14.3613 27.1309 18.7039 20.2108 27.0381 27.3457 10.6895 21.8850 21.9112 29.2627 23.2518 13.0739 9.9413 29.4729 18.8845 27.5291 30.5882 33.9737
9.7467 7.5253 5.5025 16.2741 6.6011 9.2264 10.8793 3.3124 6.7522 15.8906 7.1977 13.3586 2.4048 12.7223 7.6739 9.2791 4.9760 0.0000 7.2467 10.6777 14.7597 7.4183 0.7355 8.4232 2.8667 5.8798 10.7833 10.0702 9.4915 3.3991 28.5298 33.4678 32.1397 31.3140 42.8438 37.7615 26.8429 37.2826 24.8736 40.4194 49.6911 28.7555 38.6624 29.5445 27.6540 37.7770 48.8684 19.9586 31.8940 31.5255 49.4906 35.9660 44.1662 44.7987 37.1500 34.6229 25.8328 31.7787 36.0628 20.4036 7.6491 3.1614 13.4817 10.4745 9.1718 9.9361 21.1990 21.6938 5.0286 14.2610 9.3032 0.6686 15.3545 10.0584 4.4699 10.9478 6.3781 4.3646 8.4673 10.9097 21.5998 14.9303 7.1614 6.8298 18.1347 7.6435 10.6185 4.3508 11.2714 10.9931 7.2179 15.6273 20.7851 24.2443 1.6123 3.7531 2.2845 8.1613 9.7526 3.3812 11.9637 6.7161 19.7671 8.7763 2.7460 13.9074 6.2219 6.7123 5.6131 10.7204 10.6446 7.7498 17.5748 9.9440 12.7581 22.1823 5.2038 10.4011 6.1588 4.0237 30.1694 25.9880 22.2627 32.1659 9.7029 39.7104 32.4843 31.0378 32.2322 29.9190 27.5533 25.7029 15.0271 28.4349 22.0467 21.4922 29.3549 30.4391 11.6751 21.4293 21.5022 31.3206 24.1622 16.3182 13.0545 30.9789 21.9223 29.0693 32.9050 36.1358
16.6647 14.7720 2.4611 23.4652 13.8423 16.4525 9.7925 7.5515 4.8154 16.0982 13.5040 20.6053 8.1222 5.9322 14.9207 16.5259 6.4082 7.2467 0.0000 17.4925 21.5484 14.2020 6.7348 15.5041 10.1134 1.4179 18.0301 7.6069 15.9967 3.8477 23.5067 30.7890 26.1524 27.3316 37.6994 34.2931 22.5321 33.1688 18.7675 34.8642 44.8364 23.2913 34.8781 24.8090 23.3069 31.7498 44.1854 15.1002 28.3790 27.5676 44.4866 31.6963 38.9822 41.1736 33.2568 30.4633 21.7572 27.8864 31.1343 16.0614 4.3998 7.8170 19.9737 17.6454 4.5731 10.8921 16.0540 19.3149 6.2784 10.0258 7.1232 6.6893 12.2271 15.8725 11.6990 11.5855 13.6248 7.1900 6.1631 6.2012 28.2941 9.9454 7.5617 14.0511 15.9689 5.2924 15.7525 4.3667 18.5182 18.2399 3.7752 13.7696 16.5619 18.3322 5.7613 3.7139 7.3160 5.7392 16.9350 7.4218 5.4925 10.0183 12.9667 13.9700 6.1031 7.7711 3.6553 3.5018 11.3526 7.9520 8.8170 10.4586 10.3888 4.2087 6.3272 17.5041 4.0600 17.2918 4.0453 7.1076 26.6645 23.0581 20.7143 27.5458 4.1156 35.6976 27.6431 25.5909 27.9732 23.8323 22.3478 22.0128 9.8516 26.1350 16.0775 18.8352 25.9439 24.5475 8.2108 18.7520 16.6835 27.0201 18.2399 12.7310 8.6420 27.4766 16.5107 26.5374 28.1521 31.1605
10.9455 10.3475 16.0099 15.7166 9.1097 2.2350 9.7437 13.3808 16.7147 11.1608 9.4154 14.0087 12.4962 22.9680 10.3164 7.8701 14.9358 10.6777 17.4925 0.0000 14.4021 3.7503 10.9996 10.1942 10.8856 16.1256 7.0213 20.1967 10.8350 13.7720 36.2564 39.9924 38.5456 33.3953 46.2656 32.7573 32.7869 42.1637 34.5634 50.1724 50.7236 35.4825 33.9072 34.8036 32.8096 47.7211 49.9979 27.0710 32.9335 31.1358 46.1735 40.5601 48.4002 40.0916 37.7537 38.0912 30.0314 27.0103 39.7033 27.3760 18.1445 11.8467 3.9034 11.7410 17.9491 10.6721 19.9735 16.8273 12.3509 24.7564 19.4522 11.1718 24.9879 4.6606 6.8812 9.2190 6.6684 11.0416 18.5650 20.8538 18.7172 24.5749 10.8051 9.6874 20.1753 17.3261 6.4993 14.5020 12.6351 9.4284 17.1620 21.2955 25.4898 33.8868 12.2578 14.0772 12.1121 18.2379 3.9844 13.3259 22.2095 8.2393 30.0129 11.1180 12.7369 23.8516 16.3139 17.1002 6.2538 11.4587 8.6755 8.3867 27.8206 19.8881 23.0039 17.4531 15.6563 5.2860 14.9497 14.1680 28.2754 25.4965 19.8268 28.6291 19.5923 35.8017 28.8001 29.3177 31.8426 39.8631 25.3003 24.8498 25.1808 22.8445 32.0463 20.8063 24.8545 38.4428 22.0334 16.8030 20.4297 27.2457 34.5205 26.4095 23.1112 26.6071 31.9290 23.6310 29.5949 33.8728
5.1572 10.8634 20.2622 1.9168 8.2684 12.7241 20.7290 16.6448 19.0706 22.1015 8.0444 3.9402 15.6442 27.0239 9.7542 8.6500 17.3787 14.7597 21.5484 14.4021 0.0000 15.5370 15.1863 6.7877 13.5200 20.3433 8.6548 23.3529 5.7693 18.0962 41.5339 43.1905 44.9292 40.0947 52.5843 45.4614 37.2499 46.9314 37.7678 53.2257 58.2269 39.8354 46.7314 39.7202 37.4272 51.1853 57.7628 32.2592 40.8570 39.0048 58.0265 45.5423 53.4190 52.4356 46.0839 43.7713 35.5049 40.4019 44.9853 31.8874 22.4088 14.6778 14.4517 4.9677 22.1885 19.7579 30.8880 30.1457 15.8743 29.0207 22.6208 15.2713 28.4553 17.6144 11.5236 19.4316 11.6026 16.7013 21.7011 24.0952 6.9001 27.9535 16.8504 13.0524 27.1286 19.9645 17.9669 17.8407 6.0617 8.6075 20.6457 24.4666 30.6988 37.0575 16.3720 18.3581 15.5284 21.4281 14.7053 16.6865 26.4061 16.1924 34.1251 9.8179 16.7412 27.0839 19.7012 21.4119 13.7220 20.5753 20.5955 16.6199 31.8764 23.0981 27.3390 30.7182 18.6606 18.3561 18.1541 17.5807 38.6352 33.1126 31.2567 40.7454 22.9012 47.3215 41.0202 40.7268 41.0936 43.2042 37.2757 34.6368 29.5221 34.3838 35.5362 28.9991 38.2006 42.4344 26.3748 31.1717 31.1912 39.1856 38.8619 29.8222 26.6010 39.7160 35.4189 35.8413 41.4409 44.6717
12.1437 11.5935 12.8543 16.9626 10.3557 4.3545 7.4039 10.3527 13.7221 10.1967 10.4453 15.2547 9.4724 19.6775 11.5624 9.1161 11.9663 7.4183 14.2020 3.7503 15.5370 0.0000 7.7045 11.4232 8.1681 12.8350 8.2673 17.2112 11.9299 10.5755 33.0770 37.3113 35.2551 30.7111 44.8240 31.9573 29.8388 39.4435 31.6882 47.4556 48.8138 33.2684 32.7778 31.8379 29.7503 44.7473 48.1877 23.8916 30.6319 29.9255 44.3878 37.5366 45.3410 39.0666 35.7480 35.2619 27.0833 25.9956 37.6671 24.4279 15.0008 8.8921 7.3869 12.9869 14.6678 9.2435 18.3006 16.1155 9.4720 21.6127 16.4322 7.9124 22.3806 3.3534 6.6021 7.7774 6.7168 7.8286 15.6058 17.7946 19.8521 21.7449 7.7459 8.3060 17.3417 14.6094 5.0199 11.4739 13.8811 10.6744 14.2078 18.7468 22.5167 31.0589 8.9985 10.8373 9.0905 15.3023 3.9658 10.2573 18.9189 5.6836 26.7223 12.1437 9.4829 20.7923 13.3343 13.9317 4.8931 8.6224 6.5377 5.9518 24.5300 16.8289 19.8182 16.4384 12.4012 4.1513 11.8905 11.2556 26.5453 23.8489 17.5270 26.8559 16.5331 34.3518 27.0598 27.6381 29.7550 36.8039 23.2834 23.2733 22.1357 22.5596 29.0982 19.1702 23.7464 35.3835 18.8764 15.7630 18.1414 25.9585 31.3411 23.5294 20.1631 25.4238 28.9809 23.1163 27.7418 32.4312
10.0291 8.0372 5.8687 16.7607 7.1075 9.7177 11.3806 3.6371 7.0681 16.2633 7.4863 13.8705 2.7814 12.2103 8.1859 9.7911 5.2918 0.7355 6.7348 10.9996 15.1863 7.7045 0.0000 8.7692 3.3786 5.3679 11.2953 10.5388 9.4755 3.0271 28.0505 33.3288 31.6495 30.8674 42.3754 37.3878 26.3998 36.9954 24.3834 39.9525 49.2335 28.2762 38.2266 29.0869 27.1965 37.2759 48.4208 19.4862 31.7131 31.0789 49.0331 35.7294 43.7087 44.3629 36.8694 34.2087 25.4005 31.3320 35.6053 19.9352 7.9082 3.4790 13.5567 10.9612 8.6816 9.8445 20.7306 21.5295 4.3449 14.0567 9.7598 1.0296 15.0682 10.0697 5.0808 10.3831 6.8900 4.7307 8.9334 10.4086 22.0864 14.4401 6.7184 7.3163 17.9848 7.1380 11.0053 4.4225 11.7834 11.5051 6.8515 15.3794 20.5358 23.7541 1.8186 3.1718 1.5999 8.6299 10.2002 2.8714 11.4518 6.0646 19.2552 8.4121 2.2863 13.4064 6.1172 6.7599 5.4361 10.2520 10.2894 8.1774 17.0629 9.4430 12.2462 21.7248 5.6135 10.9310 5.6686 4.0686 29.8085 25.6673 22.5027 31.7084 9.1471 39.2746 32.0268 30.5694 31.8471 29.4179 27.0849 25.2707 14.5514 28.1990 21.5456 21.0781 28.8993 30.0069 11.8747 21.0293 21.0338 30.8740 23.6756 16.1357 12.5788 30.6885 21.4213 28.7351 32.4475 35.6783
1.8780 4.9350 13.9257 8.0050 2.4273 8.3222 16.4974 10.8345 13.6180 19.3507 2.0001 5.1012 9.8340 20.9796 4.0653 3.0760 11.7813 8.4232 15.5041 10.1942 6.7877 11.4232 8.7692 0.0000 7.6346 14.1371 3.5399 17.5426 2.2175 11.6657 35.6467 38.4392 39.2852 36.3522 48.5934 42.2572 32.6043 42.4339 32.2497 47.4326 54.8137 35.1320 43.2767 35.1471 33.0266 45.4074 53.9911 26.3615 37.1516 36.0213 54.6133 41.3155 49.2889 49.1658 42.3079 39.7573 31.0332 36.8622 41.1855 26.4872 16.0723 9.3938 11.2968 2.3499 16.1752 15.6857 26.9486 26.6962 11.0423 22.6842 16.8105 8.9348 22.5904 14.2012 6.2454 15.9633 6.8720 11.4173 15.8909 18.5400 13.3307 22.2611 12.9109 8.7400 23.4233 14.5863 14.7570 11.9543 3.1000 3.4639 14.8483 20.4043 26.6256 31.5260 10.0356 11.9275 9.7295 15.6179 11.0157 11.0028 20.2210 12.2529 28.0244 4.2999 10.6969 21.5378 13.8491 15.0032 9.2540 16.4700 16.3942 12.9145 25.8321 17.5744 21.0155 27.3050 12.8196 14.7627 13.1622 11.7704 34.9734 29.8568 27.5513 37.2886 17.2786 44.0314 37.6070 36.7874 37.3549 37.5494 33.3029 30.8373 23.0916 32.0487 29.6770 24.9419 34.4776 37.4426 19.9478 26.9802 27.2518 35.8164 32.4313 24.0120 20.6967 36.1405 29.5527 32.8323 38.0277 41.2585
8.7452 4.7575 8.1262 14.0077 5.3322 8.8542 12.8976 5.5575 7.7152 15.1138 7.0411 10.5323 4.6063 15.5889 6.3017 8.3810 6.1670 2.8667 10.1134 10.8856 13.5200 8.1681 3.3786 7.6346 0.0000 8.7465 10.1959 11.9974 9.4738 6.2658 31.1173 35.3826 34.8203 33.6310 45.3383 40.0699 29.1951 39.6823 27.5542 43.1000 52.0925 31.3431 40.8990 31.9459 30.0555 40.5506 51.2699 22.5461 34.1428 33.8340 51.8921 38.3674 46.5677 47.0141 39.4938 36.8079 28.1505 34.1410 38.4643 22.8982 10.3077 4.6361 13.5765 8.7426 11.8524 12.4306 23.6936 23.9944 7.2533 16.8949 11.4521 3.4241 17.7555 11.4800 4.3298 13.2421 5.5370 6.5147 10.4607 13.6833 19.2140 17.6109 9.6559 6.2037 20.1221 10.2376 10.3937 6.7307 8.4048 8.1579 9.9915 17.8427 23.2796 26.9249 4.3521 6.3995 4.8727 10.2335 9.0216 6.1461 14.8304 8.9979 22.6338 9.2768 5.3062 16.6811 8.7310 9.3844 6.1567 13.2149 13.1391 9.8123 20.4415 12.7176 15.6248 24.5838 6.1265 11.8048 8.8393 6.6541 32.4778 28.2034 24.4017 34.5674 12.4218 41.9258 34.8858 33.5323 34.6337 32.6926 30.0478 28.0764 17.7147 30.5572 24.8203 23.5215 31.7564 33.1197 14.3948 23.8307 23.9967 33.6291 26.9571 18.8480 15.8098 33.3803 24.6960 31.1917 35.3065 38.5373
15.2977 13.4051 2.4359 22.0983 12.4754 15.0856 9.4629 6.1846 4.3774 15.3965 12.4713 19.2384 6.7553 6.9896 13.5538 15.1590 5.0412 5.8798 1.4179 16.1256 20.3433 12.8350 5.3679 14.1371 8.7465 0.0000 16.6631 7.6307 14.6325 2.4807 24.1471 31.0355 26.9831 27.9117 38.5534 34.8290 23.0372 33.8615 19.7170 35.7098 45.6193 24.2159 35.4558 25.5563 23.9073 32.5954 45.2108 15.4381 28.6474 27.8708 45.6345 32.3891 40.0944 41.6925 33.8987 31.0748 22.0687 28.0865 31.9911 16.3199 4.4400 6.4501 18.7093 16.2785 4.5085 9.5542 16.9754 19.2859 4.8606 10.3555 6.9558 5.3224 12.3017 14.9374 10.3321 10.3254 12.2579 5.8575 6.0591 6.5872 27.2435 10.1207 6.5470 12.6842 16.0664 4.2430 14.3856 2.9997 17.1513 16.8729 3.6202 13.6863 16.9103 19.0877 4.3944 2.3470 5.9491 5.6810 15.5681 6.0549 6.0839 9.3239 14.0196 12.9115 5.5605 8.3892 3.3237 3.4398 10.1364 7.7139 7.8712 9.1410 11.6950 4.4258 6.9956 18.2105 2.7425 15.9248 3.7000 5.7748 27.0062 23.2708 20.6714 28.3361 4.3604 36.6558 28.4125 26.6044 28.6660 24.6401 23.1581 22.0824 10.1212 26.3071 16.7076 19.0515 25.9262 25.6101 8.3754 18.6436 17.5572 27.6105 18.7766 13.0008 8.7791 27.7231 17.0119 26.4570 29.0376 32.0641
4.9354 7.5390 16.1746 9.4412 5.1225 4.9521 13.1340 13.0809 16.2013 16.2768 4.6140 7.3295 12.0942 23.5056 6.6528 1.8773 14.3646 10.7833 18.0301 7.0213 8.6548 8.2673 11.2953 3.5399 10.1959 16.6631 0.0000 19.7860 4.9815 14.1824 36.7104 39.5617 39.6388 35.4321 48.9746 39.1508 32.8513 43.3331 34.8004 49.9983 53.9564 37.4190 40.1456 35.0406 33.0465 47.9581 54.0146 27.5145 35.3062 34.3304 51.5071 41.4228 48.7427 46.0594 40.1708 39.4651 30.2145 33.7311 41.8177 27.7501 18.3484 11.1514 8.1904 5.2363 18.4866 14.2082 23.9917 23.4032 12.4423 24.9028 19.0539 11.3408 25.0298 11.0701 6.6303 12.8322 5.8445 11.1188 18.1343 21.0908 12.7986 24.8118 11.0421 8.5370 20.9543 17.1359 11.6828 14.3077 5.7775 2.5297 17.3990 21.5962 25.6528 34.0767 12.2743 14.3816 12.2802 17.8612 8.0387 13.5535 22.7470 10.5588 30.5504 6.8506 13.2229 24.0885 16.2756 17.4355 8.4089 14.1593 13.2383 10.3115 28.3581 20.1251 23.5415 24.1738 15.3782 11.3961 15.1867 14.1447 32.6140 28.0769 24.2321 34.1574 19.8293 40.9512 34.4758 34.2239 34.8801 40.1001 30.2066 28.8826 25.5456 28.9062 32.2278 21.9283 31.3465 38.6797 22.3983 23.8244 24.1695 32.7100 34.8854 26.3311 23.2173 32.9704 32.1035 29.7507 34.9203 38.2595
18.7482 16.3397 5.2663 24.5260 15.8587 18.6051 11.2553 6.9017 4.3497 14.7243 16.4094 21.4328 7.7574 7.0123 13.6735 17.9865 5.9742 10.0702 7.6069 20.1967 23.3529 17.2112 10.5388 17.5426 11.9974 7.6307 19.7860 0.0000 18.8169 7.8080 24.8851 27.6432 27.8066 25.8430 35.9958 33.3569 24.2445 32.6758 16.9992 34.0228 43.5316 21.8013 33.8798 24.2273 21.9847 29.1928 43.1704 16.3140 25.5818 26.4368 43.3311 30.4938 39.0272 40.0161 31.6874 28.4876 20.3994 26.8733 30.0832 16.2991 3.4643 8.7849 20.4392 19.3835 5.6768 11.4569 18.2429 16.2150 11.4979 8.3182 1.0930 9.5586 7.6315 19.9481 13.6757 13.3742 15.6949 9.7920 1.8057 2.0179 28.1012 6.8366 13.0724 13.1685 11.8354 6.3388 17.8726 7.5139 19.4837 19.4948 4.5745 10.8448 14.5049 17.4878 8.8225 7.6523 9.4461 2.1327 17.0704 9.3143 6.2537 16.4856 14.0571 15.5857 12.7113 4.9941 4.4317 4.3623 15.4507 11.0508 13.4389 13.3016 11.8648 4.0863 7.0481 19.9146 6.3176 17.1971 11.1706 7.0871 25.1301 21.2857 16.6309 28.0490 4.6810 35.4264 27.2550 28.0817 27.5343 21.5718 24.5972 19.7298 9.9195 25.4600 13.8325 18.7616 23.3398 22.5934 5.8181 19.1616 19.1878 25.8496 18.4999 8.2707 5.0699 26.7495 14.0130 24.9752 26.7456 30.8207
0.8327 6.8841 14.9024 7.4685 4.2550 9.4511 17.3918 11.9151 15.3278 20.4799 3.2811 4.6086 11.0595 21.4722 5.7890 4.5984 13.4911 9.4915 15.9967 10.8350 5.7693 11.9299 9.4755 2.2175 9.4738 14.6325 4.9815 18.8169 0.0000 12.3854 36.2315 38.7376 39.6601 36.4258 48.6147 42.0681 32.8527 42.6813 32.6245 47.9233 54.7172 35.2712 43.1802 35.2863 33.0479 45.8829 53.8945 26.9568 37.3322 35.8069 54.5167 41.3939 49.2294 48.9615 42.4885 39.8879 31.2817 36.7657 41.0890 26.8756 16.9419 10.7960 11.4016 1.6487 16.4777 15.7513 26.9699 26.6498 11.3886 23.4540 18.0378 10.0534 23.2423 14.1054 7.5586 15.8668 8.3461 12.2532 17.2115 18.9149 12.6109 22.6511 12.9323 9.9255 23.6039 15.0704 15.9954 12.6893 2.5704 5.4025 15.3433 20.4887 26.7626 31.9008 10.8523 12.6473 10.2260 16.9080 12.2951 11.3841 20.7137 12.2743 28.5171 4.6747 11.1895 21.9126 14.5011 15.7936 9.3931 16.4981 16.5533 13.4329 26.3248 17.9492 21.6282 27.2085 14.6472 15.3150 13.4192 12.4224 34.9740 29.5616 27.7582 37.1920 17.6534 43.8171 37.5105 36.8087 37.4247 37.9242 33.3242 30.9679 23.8113 31.7666 30.2338 24.9632 34.5317 37.6996 20.9084 27.0945 27.2731 35.6758 33.1511 24.6639 21.2986 36.1362 30.1164 32.5934 37.9312 41.1620
12.9391 10.9244 2.8416 19.6707 9.9946 12.6049 9.3053 3.7274 4.5547 14.9959 10.3318 16.7577 4.2746 9.3232 11.0730 12.6782 2.8426 3.3991 3.8477 13.7720 18.0962 10.5755 3.0271 11.6657 6.2658 2.4807 14.1824 7.8080 12.3854 0.0000 25.8688 31.8099 29.2327 29.3912 40.4289 36.0733 24.4882 35.2413 21.9666 37.5129 47.5222 26.2344 36.9856 27.3756 25.5329 34.6240 46.7186 17.2976 29.9591 29.6027 47.3217 33.9982 41.9973 43.1219 35.1629 32.4565 23.6664 29.8559 33.8940 17.9887 4.8812 3.9694 16.4865 13.8711 6.2648 7.7809 18.7841 20.0334 3.7528 11.1268 7.1331 2.8416 12.8438 12.6903 7.8665 9.0165 9.7772 3.4924 6.2364 7.7566 24.9964 12.0233 5.4300 10.2034 16.2307 4.8091 11.9049 1.9748 14.6705 14.3922 4.1023 14.1184 18.5694 21.3373 1.9829 0.4581 4.1052 5.8583 13.0873 4.9566 8.5646 8.9136 16.3680 11.2882 5.1502 10.7544 3.5010 3.7405 8.1367 8.3055 8.3230 6.7758 14.1757 6.7910 9.3591 20.0134 2.8255 13.5828 3.5227 3.4285 28.3124 24.4064 20.6514 29.9970 6.6082 38.0897 30.3154 28.6229 30.1158 26.8897 25.1384 23.5365 11.8766 27.1732 18.8936 20.3075 27.1861 27.5702 8.8477 19.2981 19.2866 29.3978 20.7656 13.6762 9.9040 29.0405 18.7693 27.7094 30.7362 33.9670
36.7851 35.1403 24.5697 43.0291 34.1335 35.1329 27.0387 29.2252 27.3093 34.7785 34.3037 40.4305 29.5985 19.1088 35.2440 36.7322 28.4678 28.5298 23.5067 36.2564 41.5339 33.0770 28.0505 35.6467 31.1173 24.1471 36.7104 24.8851 36.2315 25.8688 0.0000 13.4459 5.0348 10.9366 20.3359 23.0304 5.0391 14.2337 14.5366 19.5587 26.1728 11.8189 21.3614 6.0552 7.3004 17.3239 27.5458 10.7205 10.1859 12.1721 26.7692 15.3205 19.2819 28.1075 15.7976 13.9183 8.5631 16.2418 13.4613 11.2809 22.9256 29.0901 38.9638 37.6906 20.6853 30.3306 17.8426 25.8982 26.4434 17.9027 25.2932 28.1231 21.7134 35.1918 30.8852 30.6962 32.3267 26.3209 25.8676 23.5187 47.4979 20.4310 26.6519 34.6736 19.2888 27.7056 34.4329 26.5777 38.5218 36.9202 26.3856 21.7833 13.6290 15.2027 27.3836 25.7927 28.8655 26.0223 35.6153 29.1008 20.4776 30.1767 14.1794 34.9258 28.3721 21.6249 26.1582 23.6114 30.6829 24.9173 27.6046 29.1389 17.7104 24.4920 19.0256 28.2581 26.4005 36.0668 26.5238 28.8422 12.7874 16.9162 19.6950 10.4977 24.5450 22.6772 14.1721 9.9148 8.7448 12.3492 13.4480 14.4746 17.4955 23.1436 15.1343 21.0166 17.7234 7.7109 19.8625 23.2952 16.6065 17.7101 11.1309 19.3454 20.6376 13.1445 14.4994 21.6744 11.0360 14.1397
39.2913 38.3737 30.5643 44.4247 37.3489 38.6658 32.0371 31.0807 30.1963 35.9582 37.6747 41.7994 31.7522 27.8565 35.6741 38.9593 30.9900 33.4678 30.7890 39.9924 43.1905 37.3113 33.3288 38.4392 35.3826 31.0355 39.5617 27.6432 38.7376 31.8099 13.4459 0.0000 14.9318 12.4241 12.4210 14.9000 12.6317 7.2540 18.6674 12.7273 18.3983 16.3092 16.0130 9.7279 12.1641 12.9358 19.2770 21.1028 9.2969 13.3882 19.6097 9.1997 14.1163 18.2863 6.3935 4.2149 12.5589 21.2922 8.6336 18.7726 29.4925 32.6836 40.0220 39.8468 28.1549 32.5039 25.7004 28.1139 32.3400 26.0030 28.0994 33.2579 24.3958 39.4943 35.0600 32.3941 36.8629 31.9387 28.4315 27.1417 47.6746 25.2017 32.3681 35.3504 21.4923 30.5431 38.6815 31.0402 40.3296 39.8417 29.3774 21.5370 19.0421 20.2135 32.5341 31.6845 32.0686 28.5688 37.2771 31.4622 28.9113 34.9191 24.3482 35.7408 34.4168 26.3532 29.4481 30.0865 35.6131 30.4438 32.7353 33.5568 27.2480 28.5622 27.7871 35.3073 31.9293 37.3626 33.2067 30.8972 14.8070 17.4682 22.6711 17.3809 29.0201 17.0889 18.4972 19.8480 12.9395 18.6663 22.3988 16.9350 25.0144 25.7366 21.4592 23.7230 21.3842 13.6040 27.6648 30.0974 24.7523 21.9212 20.5109 23.6707 25.5694 16.5439 20.6781 25.5851 15.5028 17.0532
40.3280 38.8623 27.7465 46.6409 37.7785 37.5056 29.4115 32.7049 30.5156 37.1513 37.6757 44.0691 33.1440 21.3649 38.9211 40.3707 31.8188 32.1397 26.1524 38.5456 44.9292 35.2551 31.6495 39.2852 34.8203 26.9831 39.6388 27.8066 39.6601 29.2327 5.0348 14.9318 0.0000 11.4664 19.3428 21.8485 9.5295 14.9347 16.3684 18.2454 25.8504 13.3055 19.3843 8.0749 11.3124 16.6746 27.8505 13.6990 11.0700 15.3376 25.2131 15.0997 18.4796 26.0412 15.3441 15.0226 12.1031 18.1037 13.1389 15.0072 25.9232 32.3486 41.0934 41.2822 23.2173 31.9452 19.7882 28.0323 29.4280 20.3769 28.2617 31.6828 24.1261 37.3214 34.4939 33.0851 35.6006 29.0194 28.9168 26.1816 50.1434 22.7546 29.5742 38.3121 22.3620 30.9388 36.8057 29.8783 42.1603 39.8485 29.4932 25.3427 16.8014 16.3190 30.8805 29.1374 32.2667 29.1020 38.4234 32.3868 21.9785 32.8563 15.7761 38.1106 30.8170 23.8919 29.3616 26.6882 33.5506 27.0869 29.8702 31.5117 18.7591 27.0815 21.2437 29.6187 29.6580 38.3449 28.7406 32.3016 16.6895 20.3305 22.1987 11.6612 26.6883 21.1399 15.0622 12.5070 8.3215 13.9289 16.1529 18.6288 19.7666 25.2617 16.9485 22.6979 20.0369 9.4974 22.5188 25.5510 18.4437 18.5918 13.7825 21.5175 23.2850 15.2381 16.8360 23.8543 12.6495 14.0435
36.9795 36.7481 28.6535 41.2861 35.4333 32.5575 25.5795 29.1812 28.5320 28.2650 35.3155 39.8662 29.8034 24.3466 33.8995 34.9522 29.2560 31.3140 27.3316 33.3953 40.0947 30.7111 30.8674 36.3522 33.6310 27.9117 35.4321 25.8430 36.4258 29.3912 10.9366 12.4241 11.4664 0.0000 17.5006 15.9420 12.1699 12.6767 17.9387 23.1539 20.4339 9.9497 11.3892 8.7647 6.2233 15.6164 20.0035 17.6600 4.9587 7.0046 19.5320 14.8735 18.5128 18.1986 11.0798 8.5085 10.2029 13.1413 8.8160 14.8590 27.5467 29.8521 33.2916 37.7787 24.8962 26.4630 18.2504 21.2527 28.7666 24.0820 25.8432 31.0582 21.1610 32.6137 31.9170 25.2472 33.5144 29.3698 26.4424 24.2159 43.2812 21.1009 28.0663 30.2503 16.0865 27.0000 32.2307 30.2900 38.6711 37.0282 26.2088 16.8578 14.9352 19.4449 30.5072 29.3727 29.4346 26.5057 30.7513 28.3052 25.3729 27.4084 21.0974 33.1236 30.8784 22.3583 27.3898 27.9949 30.4024 24.5362 25.8891 29.2850 23.7106 24.6781 24.2487 27.3143 30.2422 30.7680 28.8331 28.1863 6.9457 9.5877 16.5021 9.0770 25.4817 14.1315 11.4637 12.4759 5.0047 13.2519 14.9520 9.9737 23.7078 20.2611 18.2854 15.4428 12.5892 12.7463 25.5075 23.1955 16.8653 10.1688 19.6549 20.2996 23.0909 11.2952 18.3104 15.0242 6.0968 10.0849
