0.0000 1.4823 2.1137 1.7905 1.6812 2.0295 2.3511 1.8039 1.9747 2.1959 1.4417 1.4220 1.6104 3.4469 1.8633 1.6765 1.8310 1.8256 3.1904 1.4559 1.3686 1.7723 2.0700 1.8926 1.9108 2.6340 1.6838 2.2724 1.6794 2.0668 6.8679 8.0732 7.3510 7.4562 9.9051 9.0061 6.3767 8.4140 6.2044 8.5836 13.4136 7.7732 8.4653 7.1106 6.3362 8.1470 11.5383 5.7838 6.5178 7.5257 10.8558 8.4405 11.2365 10.6708 8.6153 8.4874 6.5989 6.8915 9.6136 5.2523 1.9661 2.2592 1.7356 1.4410 2.9797 2.5344 4.0310 3.5243 2.6524 3.0392 2.6359 1.7579 3.2855 2.1300 1.9428 2.7503 1.7653 1.8744 1.9832 2.5919 1.8012 3.6889 2.4738 1.8248 3.0632 2.4394 2.0174 2.0655 1.3633 1.3337 3.0324 3.7323 4.0310 5.8271 2.0238 2.7933 2.5698 2.4887 2.0932 2.5256 3.9676 3.1292 4.5003 2.3177 3.5782 4.0037 2.4552 2.7936 2.8302 3.1884 3.0722 2.1847 4.9747 3.8382 3.9580 4.8815 2.3447 2.1742 3.4770 2.1718 7.2710 5.9344 5.1148 6.8525 4.7694 9.4782 8.3333 6.8657 7.1323 6.9732 6.3568 6.3157 5.0552 6.5565 5.8941 5.6371 6.2761 6.6479 4.4212 4.8973 4.8385 7.3527 6.1859 4.8176 4.3661 6.5386 5.9273 7.0116 8.0440 8.0996
1.4823 0.0000 2.4350 1.8585 1.6072 1.8036 2.0757 2.1500 1.8416 1.8548 1.5846 1.7202 2.0686 3.6555 1.7076 1.9451 1.5853 2.1345 3.6182 1.9713 2.0377 1.8446 2.3526 1.6813 1.4814 2.9750 1.7109 2.0460 1.9592 2.3400 6.9622 8.0359 7.5478 7.5437 10.1876 9.2176 6.2968 8.5748 6.3394 8.7322 13.8532 8.1293 8.7221 7.2144 6.4976 8.1955 11.8728 5.9512 6.6103 7.6572 10.9998 8.5353 11.5141 10.8768 8.6751 8.5398 6.6640 7.0407 10.0644 5.1428 2.1966 1.7887 1.9607 1.2248 3.1197 2.5538 4.1193 3.5017 2.5060 2.9313 2.2527 1.7619 3.3711 2.2168 1.5997 2.9371 1.5132 2.2001 1.8336 3.0302 1.6102 3.6473 2.5760 1.3714 3.3163 2.3688 1.7000 2.2120 1.1923 1.2242 3.2776 3.9142 4.2059 6.1487 2.1727 3.0530 2.8786 2.5955 2.1814 2.7442 4.2069 3.3621 4.9743 2.8051 3.8064 4.2673 2.6058 2.8233 2.9416 3.4994 3.1303 2.3064 5.1054 3.6954 4.3123 4.9150 2.2784 2.6707 3.7668 2.5350 7.4884 6.1415 5.1248 6.9482 4.9302 9.8430 8.6219 7.0547 7.4272 7.3339 6.5309 6.4524 5.2861 6.7217 6.1935 5.7505 6.4206 6.8063 4.3619 5.0400 4.8698 7.5519 6.3324 4.7647 4.4461 6.7139 6.1622 7.1877 8.2929 8.1476
2.1137 2.4350 0.0000 2.6003 2.3804 2.2582 1.9802 1.0604 2.1241 1.6695 1.8088 2.3584 1.4855 2.8620 2.1266 1.8754 1.8492 1.3878 2.1977 1.8299 2.2252 1.5490 1.3891 2.2490 2.4759 2.1267 1.8651 2.0518 2.1203 1.8802 5.8512 7.1862 6.2852 6.4690 8.6907 7.7770 5.2605 7.3888 5.2391 7.4725 12.1817 6.7085 7.1547 6.0888 5.3784 7.0403 10.1975 4.8597 5.3826 6.4631 9.5722 7.2460 9.9927 9.2794 7.5021 7.4492 5.6173 5.9441 8.4352 4.3208 1.7593 2.2086 1.2023 2.2789 2.3901 2.4299 3.0264 2.5789 1.9191 2.2235 2.3697 1.6853 2.5329 1.9618 2.2146 2.1240 2.1012 0.9138 1.7227 1.6663 2.8667 2.6805 1.7167 1.9712 2.2180 1.8766 2.0681 1.3960 2.3723 2.1723 2.3522 2.6399 3.0589 4.6620 1.6136 2.6746 2.3837 2.1321 1.6491 2.2408 3.0253 2.5027 3.5037 1.9628 3.0042 3.0713 1.7777 2.0611 2.3508 2.6608 2.7281 1.7667 4.1187 3.2576 3.1453 3.8279 2.4020 1.5627 2.8705 1.5740 6.0162 4.9364 4.4769 5.7657 3.9747 8.2068 7.1082 5.6319 5.9623 5.8779 5.0817 5.2000 4.3186 5.5528 4.8737 4.4192 5.1150 5.5953 4.1087 4.0041 3.8582 6.2576 5.3038 4.1290 3.7758 5.5263 4.9758 5.7704 6.7918 7.1174
1.7905 1.8585 2.6003 0.0000 1.7841 1.9952 2.9071 2.1134 2.4866 2.5040 1.9859 1.3443 1.9654 3.6609 1.6052 1.2196 2.4783 2.1438 3.3839 2.1208 1.2420 2.5441 2.4203 1.9521 2.1843 3.0782 1.4714 2.3708 1.7447 2.7421 7.6628 9.0263 8.1425 8.3727 10.6902 9.8741 7.1073 9.3597 7.0545 9.4662 14.1484 8.6804 9.2393 7.8802 7.2576 8.9575 12.3254 6.6723 7.2688 8.3600 11.4457 9.2632 11.9085 11.4004 9.4330 9.4282 7.4466 7.8108 10.5487 5.9676 2.8418 2.6090 2.3581 1.3653 3.3554 2.8232 4.4633 3.8635 3.2311 3.5683 3.0781 2.1579 3.9735 2.6877 1.7793 3.1021 2.0850 2.2656 2.7127 3.4600 1.3938 4.1671 2.7660 2.2555 3.5349 2.8348 2.4382 2.6415 1.1713 1.2209 3.4924 4.3707 4.5598 6.3248 2.4195 3.4455 3.0797 2.9739 2.7187 2.7965 4.2180 3.5568 5.0323 2.6589 3.9886 4.6419 3.1566 3.3962 3.1228 3.8788 3.4664 2.8111 5.0934 4.2871 4.3980 5.3332 2.8325 2.6439 3.6934 2.4281 7.8600 6.6474 5.9038 7.5197 5.3837 10.2129 9.0693 7.3881 7.8802 7.6554 6.9231 7.0572 5.8042 7.1933 6.5907 6.2799 7.0527 7.1585 5.1966 5.5388 5.3460 7.9392 6.9968 5.4117 5.0888 7.4026 6.6875 7.6256 8.6930 8.5190
1.6812 1.6072 2.3804 1.7841 0.0000 1.3108 2.0307 1.8881 1.1953 1.9617 1.1934 2.0283 1.4814 3.2354 2.0991 1.7056 1.5098 1.6680 3.4441 1.7209 1.9264 1.7651 1.8311 1.3060 1.1645 2.4457 1.2286 1.7747 1.6671 1.6303 6.6671 7.9468 7.1183 7.2806 9.7369 8.9034 6.0519 8.2633 5.9457 8.3714 13.3853 7.7583 8.2715 6.8258 6.1317 7.9053 11.4448 5.5567 6.2351 7.2953 10.6230 8.2533 11.0866 10.4701 8.4060 8.3638 6.3562 6.7111 9.6428 4.8210 2.0485 1.6158 2.0398 1.2189 2.5231 1.8148 3.7706 3.0174 2.2779 2.5193 2.0132 1.3988 2.9807 1.7674 1.6472 2.2238 1.1592 2.2676 1.9878 2.7099 1.8164 3.1554 2.2225 1.4960 2.7662 2.0474 1.7395 1.9566 1.7308 1.5154 2.5690 3.4936 3.9936 5.7671 2.1446 2.4780 2.1838 2.0674 2.1705 2.2759 3.9272 2.9680 4.3607 2.3486 3.2008 3.8079 2.4584 2.5505 2.3143 2.9831 2.6174 2.1133 4.9038 3.4939 3.5950 4.5451 1.8862 2.3930 3.1332 2.1128 7.0265 5.7574 4.9273 6.5762 4.6785 9.4129 8.2692 6.6022 6.9446 6.8547 6.1602 6.1473 4.9550 6.4572 5.6664 5.4540 6.1073 6.3957 4.2204 4.5718 4.6132 7.2171 6.0594 4.4983 4.2076 6.4104 5.8186 6.7822 7.8939 7.9562
2.0295 1.8036 2.2582 1.9952 1.3108 0.0000 1.6849 1.8173 1.2785 1.6922 1.4199 2.2673 1.4605 2.7381 2.1093 1.7575 1.4747 1.7507 3.2124 1.6430 2.2660 1.7698 1.6362 1.6666 1.3865 1.8384 1.3498 1.2591 1.7025 1.5770 6.2784 7.6414 6.6418 6.9615 9.3258 8.5363 5.5965 7.9241 5.6476 7.9665 12.8688 7.4324 7.8731 6.3930 5.8332 7.5620 10.9998 5.2932 5.8251 6.9304 9.9900 7.8588 10.6243 10.0332 7.9717 8.0384 6.0753 6.4432 9.3793 4.5103 1.9500 1.3886 1.7664 1.4491 1.8930 1.5639 3.4335 2.4801 1.8700 2.3056 1.5903 1.2783 2.7149 1.4848 1.6054 1.9384 1.2567 2.0978 1.7283 2.6097 2.1567 2.8584 1.9898 1.3550 2.4604 1.4399 1.4815 1.7284 1.8105 1.7172 2.4773 3.1796 3.4430 5.2072 1.8106 2.3732 2.1301 1.9045 2.1132 1.7854 3.5998 2.6903 3.9376 2.4515 2.7959 3.5642 2.3768 2.3960 2.1767 2.7910 2.2499 2.0559 4.4051 3.2120 3.2182 4.1352 1.8358 2.3481 2.7926 1.7622 6.6337 5.3977 4.6583 6.2047 4.3463 8.9780 7.9099 6.0855 6.6292 6.4169 5.7030 5.7639 4.6417 6.0194 5.4259 5.1159 5.7525 5.9522 4.0368 4.2633 4.1825 6.8163 5.7474 4.2175 3.9230 6.0852 5.5645 6.4412 7.5355 7.5358
2.3511 2.0757 1.9802 2.9071 2.0307 1.6849 0.0000 1.9361 1.3888 1.2319 1.7250 2.8689 1.9042 2.7300 2.3906 2.3655 1.3713 1.8304 2.9460 1.9749 2.9255 1.3488 1.7769 2.0997 1.8610 2.0305 1.9123 1.4194 2.2412 1.5146 5.4035 6.6643 5.9266 6.0226 8.4229 7.6451 4.5850 6.9677 4.7761 7.0875 12.2330 6.6654 6.9895 5.5964 4.8664 6.6610 10.1359 4.4054 4.9355 5.9348 9.3249 6.7526 9.8443 9.1720 7.1174 7.0810 5.2108 5.5468 8.5218 3.5055 1.5912 1.0899 1.7228 2.0487 1.8656 1.6317 2.5457 1.9684 1.0979 1.2490 1.0088 1.3752 1.8811 1.3918 1.7805 1.7278 1.5887 1.9805 1.0753 1.9908 2.8264 1.9456 1.4829 1.1896 1.9469 1.1650 1.3596 1.4354 2.5031 2.2001 2.0450 2.3128 2.8433 4.6239 1.5529 1.9874 1.9274 1.5719 1.6437 1.8603 2.9948 2.1444 3.5422 2.4481 2.3995 2.6592 1.7629 1.7077 1.9275 2.1830 1.9135 1.6193 3.9261 2.2634 2.8008 3.2801 1.6061 2.2335 2.4778 1.8402 5.9447 4.6036 3.9259 5.2348 3.5513 8.2748 7.0563 5.3466 5.7917 5.8382 4.9252 4.9570 4.0591 5.3497 4.6599 4.0209 4.8349 5.1720 3.3619 3.5554 3.2338 6.0036 4.9426 3.4315 3.1326 5.1450 4.8866 5.6286 6.8455 6.6230
1.8039 2.1500 1.0604 2.1134 1.8881 1.8173 1.9361 0.0000 1.7775 1.4657 1.3763 1.9967 0.8925 2.7962 1.8579 1.4206 1.7101 0.9093 2.3782 1.4621 1.7368 1.5196 1.2627 1.8257 2.0748 2.0290 1.4253 1.6940 1.5831 1.5719 6.1972 7.5699 6.5772 6.8403 9.0523 8.2114 5.6064 7.7059 5.5306 7.7585 12.5360 7.1377 7.5752 6.3656 5.7135 7.4199 10.5566 5.1544 5.7475 6.7764 9.9469 7.6208 10.3760 9.7038 7.9075 7.8683 6.0218 6.3308 8.8041 4.6108 1.7282 1.9836 1.0810 1.8135 2.2162 2.0969 3.1843 2.6149 1.9919 2.2791 2.1906 1.4087 2.6854 1.8240 1.7968 1.9980 1.7260 0.9991 1.7996 1.9511 2.2975 2.8504 1.6592 1.7815 2.1268 1.8067 1.7819 1.2600 1.9181 1.7286 2.4482 2.8987 3.3594 4.9967 1.5675 2.6130 2.2720 2.1106 1.8112 2.1291 3.1757 2.6134 3.6627 1.9168 3.0545 3.3548 1.9675 2.3499 2.2645 2.7117 2.7312 1.9153 4.2755 3.4538 3.2540 4.1967 2.2637 1.4848 2.8107 1.5686 6.4105 5.2487 4.7353 6.0593 4.3021 8.5989 7.5486 5.9427 6.2863 6.2441 5.5140 5.6135 4.6088 5.9431 5.0897 4.7923 5.5429 5.8853 4.2997 4.2433 4.2306 6.6282 5.6583 4.3632 4.0194 5.8946 5.3640 6.1386 7.2001 7.4202
1.9747 1.8416 2.1241 2.4866 1.1953 1.2785 1.3888 1.7775 0.0000 1.4752 1.1264 2.6162 1.4380 2.9134 2.4677 2.1361 0.9736 1.5872 3.3586 1.7644 2.5298 1.3555 1.5549 1.4835 1.1310 2.0260 1.5691 1.4821 1.9940 1.0405 5.7986 7.0421 6.2483 6.3655 8.9057 8.0144 5.1097 7.3324 5.0769 7.4394 12.6136 6.9541 7.4172 5.9577 5.2016 7.0219 10.6014 4.6797 5.3258 6.4047 9.8415 7.3476 10.3749 9.6120 7.5104 7.4361 5.4908 5.8495 8.8101 3.9298 1.4648 0.9569 1.7346 1.6001 1.8509 1.4318 3.2558 2.3885 1.4660 1.7348 1.2479 1.0346 2.1497 1.1279 1.8852 1.6898 0.8653 2.1186 1.4451 2.1210 2.4610 2.4090 1.9039 1.1875 2.1721 1.4464 1.2675 1.4363 2.2290 1.8724 2.0127 2.6530 3.3635 5.1498 1.8243 1.8752 1.6368 1.4357 1.7679 1.9469 3.6218 2.5436 3.7181 2.2571 2.6928 3.1285 1.8592 1.8982 1.8586 2.2844 2.0936 1.5651 4.6013 2.9449 3.0509 3.9329 1.3049 2.1717 2.7784 1.8745 6.3200 4.9940 4.1739 5.7943 4.0577 8.6422 7.5224 5.8767 6.1479 6.1538 5.4958 5.3699 4.3016 5.7961 4.9415 4.7166 5.3045 5.7399 3.5654 3.8412 3.9745 6.5778 5.2921 3.8413 3.4917 5.5913 5.1395 6.0437 7.1662 7.4437
2.1959 1.8548 1.6695 2.5040 1.9617 1.6922 1.2319 1.4657 1.4752 0.0000 1.4929 2.4857 1.5587 2.8911 2.1831 2.0398 1.4785 1.5368 2.8856 1.8284 2.4939 1.2893 1.5964 1.7771 1.7679 2.2714 1.5659 1.2989 1.8007 1.7212 5.8601 7.0900 6.3779 6.4674 8.8483 7.9736 5.0985 7.3667 5.2900 7.4459 12.5550 7.0529 7.3887 6.0721 5.3901 7.0779 10.4445 4.9213 5.3232 6.5009 9.7614 7.2709 10.2995 9.4687 7.5922 7.4701 5.6836 6.0355 8.8336 4.1355 1.5170 1.1872 1.2415 1.7231 2.0536 1.9316 3.0332 2.3818 1.5811 1.7425 1.4147 1.2787 2.3301 1.5729 1.5520 1.8203 1.4483 1.6049 1.3732 2.0295 2.4514 2.3935 1.7044 1.2612 1.9954 1.4698 1.1238 1.2188 2.1804 1.8326 2.4637 2.5976 3.1579 4.9662 1.4932 2.3422 2.1200 1.8201 1.5777 2.1337 3.2573 2.5189 3.7778 2.3936 2.9788 3.1808 1.7076 1.9787 2.0563 2.5321 2.4890 1.6147 4.2512 3.0131 3.2870 3.9298 1.8149 1.8326 2.7401 1.8741 6.2265 5.0739 4.3316 5.7445 4.0171 8.5564 7.4316 5.8442 6.0931 6.2101 5.3517 5.3003 4.4790 5.7712 5.0905 4.4708 5.2517 5.6505 3.8789 3.9127 3.8890 6.4173 5.3889 3.9249 3.6587 5.6288 5.2606 5.9571 7.1009 7.1696
1.4417 1.5846 1.8088 1.9859 1.1934 1.4199 1.7250 1.3763 1.1264 1.4929 0.0000 1.8737 1.2600 3.2971 2.0516 1.7469 1.1803 1.3028 3.1874 1.5128 1.8718 1.0691 1.3487 1.0854 1.3119 2.2877 1.1635 1.8138 1.4534 1.3884 6.2428 7.4694 6.7789 6.8687 9.4343 8.4045 5.6721 7.8282 5.5838 7.9373 13.0412 7.3224 7.8722 6.4957 5.7607 7.5094 10.9960 5.1507 5.8233 6.9893 10.3777 7.8874 10.8251 10.0451 8.0497 7.8766 5.9799 6.3447 9.1644 4.5305 1.6725 1.3039 1.3339 1.2319 2.3982 2.0047 3.5917 2.9223 1.8955 2.2872 1.7976 1.1834 2.6129 1.4763 1.7110 2.1093 1.0798 1.6943 1.6784 2.2071 1.9261 2.9628 1.9493 1.3095 2.5189 1.8377 1.4806 1.2406 1.7584 1.3737 2.2472 3.0069 3.6671 5.4894 1.6570 2.1802 1.9220 1.7551 1.4563 2.1414 3.6922 2.8082 4.0334 2.0396 3.0836 3.3788 1.8535 2.0566 2.0411 2.5047 2.5440 1.7294 4.7923 3.2895 3.4191 4.3090 1.5529 1.8732 3.0325 1.7577 6.5508 5.3670 4.5028 6.2718 4.2702 8.9684 7.8348 6.3260 6.4882 6.5210 5.7255 5.6428 4.5236 6.0703 5.2729 5.0004 5.5930 6.1457 3.8608 4.1826 4.3409 6.8644 5.6424 4.1688 3.8282 5.9822 5.3475 6.3223 7.4017 7.7839
1.4220 1.7202 2.3584 1.3443 2.0283 2.2673 2.8689 1.9967 2.6162 2.4857 1.8737 0.0000 2.0175 4.0125 1.4992 1.4355 2.4137 2.1237 3.3194 2.0704 1.1939 2.3155 2.3259 1.9367 2.2779 3.2480 1.6435 2.6627 1.7665 2.7506 7.4864 8.7761 8.0529 8.1741 10.6498 9.6373 7.0152 9.1609 6.9199 9.2860 14.1087 8.5243 9.1415 7.7860 7.1299 8.7509 12.1844 6.5020 7.1840 8.2828 11.4817 9.1774 11.8485 11.2666 9.3004 9.1678 7.2886 7.6337 10.3650 5.8990 2.8090 2.6807 2.0332 1.6310 3.5862 3.1197 4.5340 4.0343 3.1967 3.6543 3.1196 2.3230 3.9415 2.8428 2.0245 3.3004 2.2949 1.9186 2.6191 3.2869 1.4475 4.2335 2.8101 2.2887 3.6046 2.9757 2.4518 2.4854 1.0388 1.1994 3.6374 4.4212 4.6624 6.4503 2.4678 3.5586 3.2808 3.1830 2.5895 3.1081 4.3352 3.7797 5.2043 2.9235 4.2160 4.6390 3.1183 3.3832 3.2993 3.9053 3.7815 2.9346 5.3568 4.3749 4.5849 5.4162 2.9800 2.6834 4.0422 2.6263 7.8293 6.6348 5.8397 7.5656 5.3979 10.1398 8.9812 7.4753 7.8246 7.7046 6.8813 6.9408 5.7683 7.2025 6.5230 6.2460 6.8763 7.3203 5.1172 5.5389 5.4553 7.9597 6.9564 5.4866 5.0649 7.3012 6.5749 7.6258 8.6435 8.6210
1.6104 2.0686 1.4855 1.9654 1.4814 1.4605 1.9042 0.8925 1.4380 1.5587 1.2600 2.0175 0.0000 2.6308 1.9596 1.3147 1.5822 0.9760 2.5802 1.3655 1.6294 1.5419 1.2235 1.6888 1.7502 1.7999 1.1578 1.4788 1.3960 1.3152 6.2651 7.6434 6.5883 6.8643 9.0603 8.3161 5.6668 7.7433 5.5728 7.8412 12.5636 7.1655 7.6360 6.3882 5.6998 7.4997 10.6900 5.1991 5.7533 6.8202 9.9821 7.7059 10.4354 9.7898 7.9545 7.9576 6.0344 6.3355 8.9178 4.6088 1.6354 1.7999 1.3295 1.5867 1.9564 1.7243 3.2511 2.5531 1.9943 2.2509 2.0651 1.2031 2.6602 1.5621 1.7042 1.7029 1.4642 1.4220 1.7209 1.9802 2.2260 2.7918 1.6522 1.6452 1.9483 1.6449 1.5844 1.3362 1.8415 1.6671 2.3173 2.9398 3.3575 5.0077 1.5882 2.3290 1.9833 1.8982 1.8963 1.9039 3.2673 2.4919 3.5842 1.9140 2.8738 3.3427 2.0476 2.3394 2.1437 2.6469 2.4993 1.7837 4.2998 3.4356 3.1164 4.2047 2.0120 1.5279 2.6296 1.4413 6.4837 5.2663 4.7018 6.0853 4.2951 8.6700 7.6276 5.9897 6.3301 6.2078 5.6107 5.6712 4.5857 5.9689 5.1787 4.9170 5.6384 5.8781 4.2461 4.1723 4.2302 6.6712 5.6692 4.3276 3.9783 5.9396 5.4109 6.2334 7.2958 7.5012
3.4469 3.6555 2.8620 3.6609 3.2354 2.7381 2.7300 2.7962 2.9134 2.8911 3.2971 4.0125 2.6308 0.0000 3.3249 2.9604 3.0028 2.8881 2.6487 2.4695 3.6030 3.0334 2.9271 3.8344 3.4725 1.4836 3.1588 2.0556 3.1488 2.5114 5.9104 7.4427 5.7369 6.5282 7.7251 7.8243 5.0816 7.2146 5.2601 7.2047 11.0523 6.4953 6.7200 5.6571 5.2066 7.0874 9.5826 5.0764 5.2117 5.8897 8.2972 6.6283 8.8997 8.9179 7.1783 7.6302 5.7887 5.9262 8.2500 4.3827 2.3155 3.1353 2.9062 3.4107 1.7088 2.0818 2.4466 1.8162 2.5405 2.4221 2.9075 2.4915 2.8600 2.3753 2.8719 2.0415 3.0619 2.9167 2.5516 2.5295 4.0755 2.6956 2.5070 2.9422 2.1953 1.8885 2.9748 2.9419 3.6101 3.6135 3.1038 2.9960 2.1477 3.3463 2.5825 3.2161 2.8872 2.7789 3.2759 1.8617 2.5181 1.9225 2.7276 2.8580 2.4193 3.2617 2.9428 3.1683 3.2057 3.1697 2.3963 2.6113 2.7993 3.3296 2.3961 3.4777 3.2924 2.7184 2.1893 2.3280 6.0563 4.7824 4.8959 5.1547 4.1059 7.6875 6.8437 4.8194 5.8355 5.1444 5.0574 5.4162 4.5776 5.2883 4.9862 4.4247 5.4427 4.6930 4.7165 4.2443 3.2872 5.7056 5.2454 4.2422 4.1285 5.3783 5.3677 5.8245 6.8912 5.9645
1.8633 1.7076 2.1266 1.6052 2.0991 2.1093 2.3906 1.8579 2.4677 2.1831 2.0516 1.4992 1.9596 3.3249 0.0000 1.1892 2.2630 1.8521 2.6523 2.0113 1.6936 2.2460 2.3544 2.2262 2.2535 2.8798 1.5755 2.1047 1.8294 2.5756 7.2536 8.5822 7.7446 7.9267 10.1129 9.4191 6.5769 8.8832 6.6676 9.0164 13.6866 8.2882 8.7486 7.4607 6.7895 8.4940 11.7897 6.2527 6.9053 7.7808 10.9078 8.5552 11.2607 10.9317 8.9487 8.9804 7.0439 7.3743 10.1033 5.4207 2.5888 2.4694 2.1168 1.8357 3.2089 2.5574 3.6876 3.3346 2.7763 3.0882 2.7633 2.0066 3.5996 2.5479 1.4879 2.9396 2.1228 1.7498 2.2318 3.1327 1.7797 3.6004 2.1315 1.8111 3.1122 2.4964 2.2064 2.4588 1.2590 1.5028 3.4692 4.0503 4.1455 5.8652 2.0802 3.4969 3.2033 3.0460 2.5260 2.6842 3.4850 3.1346 4.8387 2.7841 3.7047 4.2007 2.9875 3.2430 3.1975 3.7939 3.2988 2.6904 4.3949 3.7179 4.1862 4.7666 2.9328 2.5834 3.4654 2.3920 7.6171 6.2885 5.6647 6.9363 5.0409 9.8276 8.6049 6.8967 7.5558 7.3347 6.4929 6.7435 5.6066 6.8289 6.2630 5.7251 6.6417 6.6628 4.9803 5.3713 4.7568 7.4462 6.6724 5.1015 4.8119 6.9335 6.4002 7.3085 8.4130 7.6597
1.6765 1.9451 1.8754 1.2196 1.7056 1.7575 2.3655 1.4206 2.1361 2.0398 1.7469 1.4355 1.3147 2.9604 1.1892 0.0000 2.0990 1.5294 2.6075 1.7008 1.2750 2.0751 1.9038 1.9716 2.0288 2.4546 1.1968 1.8485 1.5967 2.1289 6.9982 8.4251 7.4011 7.6696 9.8324 9.1373 6.4135 8.6025 6.3657 8.7205 13.3111 7.9471 8.4347 7.1671 6.5253 8.2485 11.4977 6.0056 6.5761 7.5560 10.6591 8.4459 11.0528 10.6051 8.7072 8.7592 6.7758 7.1171 9.7487 5.3016 2.3037 2.3249 1.7865 1.5941 2.7284 2.2574 3.6675 3.1367 2.5702 2.9378 2.6496 1.7179 3.3428 2.2681 1.4859 2.4433 1.9063 1.4721 2.1216 2.7392 1.8103 3.4269 2.0314 1.8929 2.7090 2.2322 2.0796 2.1093 1.3383 1.3473 3.0581 3.7666 3.9099 5.6019 1.9582 3.0902 2.7085 2.6035 2.3582 2.3430 3.4778 2.9466 4.3847 2.4239 3.4368 4.0015 2.7167 2.9632 2.7736 3.4248 3.0407 2.4195 4.4534 3.7907 3.7658 4.6915 2.6047 2.1237 3.1438 1.9263 7.2842 6.0082 5.4905 6.8039 4.8918 9.4678 8.3268 6.6574 7.2111 6.9894 6.2961 6.4865 5.3443 6.6220 5.9211 5.6300 6.4326 6.5360 4.8729 5.0157 4.7172 7.2853 6.4552 4.9966 4.6412 6.7362 6.1319 7.0356 8.0952 7.8250
1.8310 1.5853 1.8492 2.4783 1.5098 1.4747 1.3713 1.7101 0.9736 1.4785 1.1803 2.4137 1.5822 3.0028 2.2630 2.0990 0.0000 1.7312 3.3462 1.7789 2.4853 1.1056 1.5067 1.5186 1.3450 2.1145 1.7012 1.6533 2.1553 1.3350 5.7976 6.9635 6.3203 6.3744 9.0164 8.0162 5.1433 7.4014 5.1089 7.5420 12.7123 6.9672 7.4773 6.0514 5.2591 7.0038 10.7104 4.7144 5.3851 6.4833 9.8927 7.4176 10.4454 9.6502 7.4628 7.3629 5.4575 5.8406 8.8742 4.0130 1.4641 1.1759 1.5201 1.5953 2.1874 1.9316 3.3649 2.5939 1.4023 1.9523 1.5207 1.1142 2.2402 1.4506 1.9740 2.0304 1.0945 1.8672 1.1198 1.9887 2.5109 2.6760 2.0400 1.2289 2.5428 1.5292 1.4215 1.3528 2.0602 1.7519 2.1246 2.7997 3.3687 5.2331 1.8406 2.1962 1.9893 1.6124 1.5618 2.1345 3.7357 2.7161 3.9417 2.2522 2.9569 3.2847 1.7392 1.8341 2.1043 2.4932 2.3348 1.5865 4.7011 3.0096 3.2728 3.9802 1.5272 2.2167 3.1503 1.8799 6.3513 5.0440 4.1933 5.9487 4.1179 8.7179 7.5326 5.9576 6.2716 6.2330 5.5056 5.3638 4.3236 5.7915 5.0366 4.7572 5.2924 5.9156 3.5321 3.9712 3.9889 6.6377 5.3000 3.9355 3.5720 5.6287 5.1032 6.0362 7.1763 7.5395
1.8256 2.1345 1.3878 2.1438 1.6680 1.7507 1.8304 0.9093 1.5872 1.5368 1.3028 2.1237 0.9760 2.8881 1.8521 1.5294 1.7312 0.0000 2.5716 1.5685 1.8377 1.5837 1.2684 1.7576 1.8469 2.0900 1.1985 1.5972 1.4771 1.5012 6.3538 7.6937 6.6849 6.9241 9.0953 8.3756 5.6794 7.7940 5.6014 7.8610 12.6602 7.2819 7.6495 6.4524 5.7411 7.5760 10.6578 5.2091 5.8259 6.8171 10.0720 7.6347 10.4882 9.8674 8.0545 8.0138 6.0977 6.4090 8.9251 4.5558 1.8434 1.7785 1.4592 1.7096 2.1849 1.8401 3.1361 2.6023 2.0545 2.1106 2.0231 1.2779 2.7509 1.6763 1.7096 1.9163 1.4790 1.4425 1.8520 2.1502 2.2296 2.7335 1.3845 1.5926 1.9931 1.8352 1.5809 1.3230 1.9769 1.7488 2.3466 2.8569 3.5022 5.0957 1.5353 2.4496 2.1731 2.0542 1.8156 2.1126 3.1368 2.5530 3.6108 1.8106 2.9270 3.2571 2.0496 2.4076 2.2532 2.6510 2.5538 1.8466 4.2274 3.3515 3.2277 4.1690 2.1512 1.5584 2.6385 1.5957 6.5220 5.3147 4.7598 6.0240 4.3342 8.7399 7.7004 6.0185 6.3386 6.2992 5.5984 5.7249 4.6812 6.0420 5.1517 4.7820 5.6379 5.8493 4.2979 4.2895 4.1628 6.6792 5.7220 4.3039 4.0274 5.9316 5.4598 6.2240 7.3380 7.3595
3.1904 3.6182 2.1977 3.3839 3.4441 3.2124 2.9460 2.3782 3.3586 2.8856 3.1874 3.3194 2.5802 2.6487 2.6523 2.6075 3.3462 2.5716 0.0000 2.4346 3.0189 2.8151 2.8202 3.5961 3.8512 2.5818 2.8785 2.8188 2.6901 2.9749 6.3348 7.8667 6.5789 7.0678 8.4945 8.1006 5.6723 7.7769 5.8956 7.8468 11.7703 6.9364 7.3082 6.4234 5.9489 7.5243 9.9697 5.5272 5.9219 6.6269 9.2189 7.1611 9.2933 9.3604 7.9438 8.1234 6.3858 6.5386 8.5624 4.8906 2.7816 3.4541 2.6439 3.4478 2.9879 2.7361 2.3318 2.5592 2.9099 2.9367 3.4627 2.8049 3.0742 2.7588 2.7457 2.8407 3.3962 2.1841 2.8883 2.6780 3.6393 2.9399 2.0867 2.9966 2.5056 2.6340 3.2925 2.9206 3.4051 3.3432 3.3240 3.3397 2.8587 3.9672 2.3258 3.6105 3.3135 3.2563 2.9627 2.4904 1.7045 2.1789 3.4914 2.8674 2.9484 3.0560 3.0587 3.2408 3.3098 3.4560 3.2259 2.8909 2.6981 3.2310 3.1214 3.5512 3.5960 2.4498 2.4724 2.4201 6.3309 5.2820 5.2765 5.5966 4.0658 8.1209 7.0148 5.4015 6.2731 5.9664 5.0182 5.6851 4.8824 5.6567 5.2915 4.3515 5.5416 5.0838 5.0690 4.6679 3.5581 5.9058 5.7347 4.6240 4.3582 5.8269 5.5713 6.2216 7.0710 5.8509
1.4559 1.9713 1.8299 2.1208 1.7209 1.6430 1.9749 1.4621 1.7644 1.8284 1.5128 2.0704 1.3655 2.4695 2.0113 1.7008 1.7789 1.5685 2.4346 0.0000 1.8661 1.4756 1.7264 2.1410 2.1962 1.6918 1.6979 1.6319 1.3743 1.6064 6.3297 7.6659 6.6230 7.0067 9.1459 8.4110 5.7158 7.8510 5.6937 7.9187 12.5277 7.2060 7.7706 6.4266 5.8568 7.6136 10.6926 5.3339 5.8905 6.8833 9.9020 7.7284 10.2964 9.9526 8.0515 8.0368 6.2005 6.4264 9.0379 4.7427 1.3576 2.0352 1.3489 1.7476 2.1101 1.7644 3.1170 2.5177 2.0539 2.3367 2.2556 1.3220 2.5934 1.4282 1.6922 2.1279 1.7266 1.6327 1.7531 2.0698 2.1601 2.9835 1.9115 1.6798 2.3526 1.6242 1.8896 1.7029 1.9521 1.8673 2.6378 3.0769 3.0435 4.7926 1.5418 2.5575 2.2598 2.0798 1.8870 1.6383 3.0474 2.2502 3.5953 1.9762 2.7896 3.2832 2.0750 2.4055 2.4595 2.6584 2.4891 1.7972 3.9889 3.2525 3.0805 4.1196 2.2559 1.7360 2.5969 1.6253 6.5713 5.3664 4.7805 6.1108 4.2270 8.7095 7.6692 6.0418 6.5125 6.2534 5.5836 5.7242 4.6058 5.9181 5.3518 4.8897 5.6882 5.7975 4.2836 4.4024 4.0505 6.5788 5.6398 4.3281 4.0101 5.9541 5.5055 6.4286 7.4083 7.1841
1.3686 2.0377 2.2252 1.2420 1.9264 2.2660 2.9255 1.7368 2.5298 2.4939 1.8718 1.1939 1.6294 3.6030 1.6936 1.2750 2.4853 1.8377 3.0189 1.8661 0.0000 2.3627 2.2343 2.0749 2.3436 2.9476 1.5926 2.4998 1.5441 2.5573 7.4722 8.8026 7.9071 8.1190 10.3496 9.5638 7.0023 9.0452 6.8288 9.1679 13.7677 8.3196 8.9445 7.6854 7.0060 8.7586 11.9404 6.4336 7.0711 8.1284 11.2633 9.0118 11.6127 11.0884 9.2406 9.1891 7.2582 7.5552 10.0847 5.8959 2.6130 2.7339 2.0814 1.6336 3.2977 2.8358 4.2940 3.8281 3.2033 3.5124 3.1840 2.1689 3.8779 2.6461 1.9396 2.9543 2.2084 1.9329 2.6487 3.0656 1.5913 4.0676 2.6266 2.3823 3.2619 2.8195 2.4853 2.4039 1.3569 1.4622 3.3817 4.1686 4.4004 6.0820 2.2666 3.3013 2.9417 2.9466 2.5559 2.7546 3.9945 3.4040 4.7468 2.4061 3.9149 4.4215 2.9470 3.3146 3.0729 3.6853 3.5046 2.6657 5.0071 4.3417 4.2346 5.2803 2.8589 2.1618 3.5678 2.2509 7.5850 6.3931 5.7053 7.2787 5.1795 9.8303 8.7195 7.1893 7.5202 7.3416 6.6838 6.8004 5.5526 6.9594 6.2838 6.0351 6.7969 6.9569 5.0918 5.3134 5.2758 7.6475 6.7296 5.2899 4.9282 7.1005 6.3897 7.3346 8.3643 8.3821
1.7723 1.8446 1.5490 2.5441 1.7651 1.7698 1.3488 1.5196 1.3555 1.2893 1.0691 2.3155 1.5419 3.0334 2.2460 2.0751 1.1056 1.5837 2.8151 1.4756 2.3627 0.0000 1.3896 1.6408 1.8385 2.1565 1.6121 1.8335 1.8021 1.4465 5.6545 6.8488 6.2470 6.2893 8.8388 7.7905 5.0352 7.2387 5.0838 7.3924 12.4827 6.7374 7.2996 5.9594 5.2396 6.8989 10.3976 4.6540 5.2451 6.4093 9.7789 7.2395 10.1381 9.4210 7.4588 7.2658 5.4477 5.7679 8.6347 4.0192 1.2275 1.3716 1.1100 1.7278 2.2485 1.9416 2.9856 2.4779 1.3841 1.8440 1.7169 1.2300 1.9903 1.2875 1.8237 2.0003 1.4809 1.5052 1.2251 1.6002 2.4367 2.4700 1.6981 1.3108 2.2312 1.5273 1.6137 1.0755 2.2512 1.7955 2.0827 2.5535 3.0632 4.9195 1.5346 2.1127 1.9138 1.5997 1.0495 1.9996 3.2325 2.3788 3.7270 2.1584 2.8089 2.8206 1.4417 1.6060 1.9675 2.2076 2.4013 1.4346 4.3421 2.7531 3.0388 3.7149 1.6108 1.8299 2.7863 1.6905 6.0304 4.8834 4.0920 5.6947 3.7150 8.4143 7.1887 5.8112 6.0006 6.0824 5.1245 5.0795 4.1171 5.5417 4.8486 4.3432 4.9918 5.6343 3.5445 3.7826 3.6999 6.2558 5.1321 3.7690 3.4061 5.4186 4.8880 5.8636 6.8901 7.1386
2.0700 2.3526 1.3891 2.4203 1.8311 1.6362 1.7769 1.2627 1.5549 1.5964 1.3487 2.3259 1.2235 2.9271 2.3544 1.9038 1.5067 1.2684 2.8202 1.7264 2.2343 1.3896 0.0000 1.8193 1.9812 1.8607 1.4667 1.7801 1.8406 1.4423 5.8140 7.1513 6.1663 6.4348 8.7813 7.8337 5.2240 7.3638 5.1280 7.4227 12.2893 6.7832 7.2214 5.9699 5.3283 7.0190 10.3033 4.7410 5.2613 6.4931 9.6606 7.3924 10.1364 9.3652 7.5510 7.4056 5.5737 5.8801 8.5880 4.2095 1.7509 1.6360 1.3061 1.8582 1.9628 2.0162 3.2445 2.4896 1.7786 2.0338 1.9156 1.4533 2.4022 1.5454 2.1590 1.7929 1.6618 1.4581 1.7418 1.8049 2.6211 2.6669 1.6093 1.7966 2.1061 1.6070 1.7112 1.0064 2.2786 1.9150 1.9208 2.5272 3.1774 4.8263 1.6769 2.1448 1.8878 1.7103 1.6012 2.0095 3.3906 2.5811 3.4131 1.9694 2.7626 2.9997 1.7750 1.9594 1.9333 2.2827 2.4082 1.7615 4.4159 3.2357 2.8662 3.9014 1.8618 1.7924 2.7167 1.4479 5.9819 4.9680 4.3177 5.8417 3.9929 8.3189 7.3011 5.7023 5.9537 5.8904 5.1505 5.1555 4.2411 5.6468 4.8012 4.4956 5.0718 5.6954 3.8858 3.7724 3.9300 6.3751 5.2906 4.0191 3.6540 5.5636 4.9934 5.7887 6.8695 7.3960
1.8926 1.6813 2.2490 1.9521 1.3060 1.6666 2.0997 1.8257 1.4835 1.7771 1.0854 1.9367 1.6888 3.8344 2.2262 1.9716 1.5186 1.7576 3.5961 2.1410 2.0749 1.6408 1.8193 0.0000 1.3662 2.9244 1.3294 2.2124 1.7751 2.0104 6.5626 7.8163 7.2419 7.2458 9.9616 8.7926 6.0227 8.2430 5.9832 8.3745 13.6330 7.8460 8.3475 6.9508 6.1940 7.8050 11.5232 5.5235 6.2387 7.4455 10.8927 8.3491 11.3578 10.4402 8.4109 8.2556 6.3342 6.7654 9.6708 4.8651 2.3204 1.5982 1.8845 1.2439 2.9487 2.4310 4.0135 3.3613 2.3049 2.7615 2.1384 1.5651 2.9690 2.0703 1.8723 2.5734 1.2807 2.1225 2.1552 2.7881 1.8378 3.2866 2.4248 1.6454 3.0373 2.3770 1.7851 1.7734 1.8379 1.3375 2.5743 3.5234 4.2745 6.0846 2.2030 2.6236 2.3650 2.2218 1.9521 2.7084 4.1616 3.3618 4.6514 2.5434 3.5521 3.8468 2.4641 2.4522 2.2258 3.0552 3.0665 2.2750 5.2813 3.6034 3.9324 4.6818 1.8959 2.4153 3.5338 2.2801 6.9655 5.8078 4.8890 6.7516 4.7330 9.5264 8.3121 6.7781 6.9552 7.1370 6.1690 6.0885 5.0074 6.5948 5.7005 5.4477 6.0053 6.6287 4.1734 4.5758 4.8419 7.3791 6.1502 4.5830 4.2078 6.5151 5.8019 6.7293 7.8079 8.2560
1.9108 1.4814 2.4759 2.1843 1.1645 1.3865 1.8610 2.0748 1.1310 1.7679 1.3119 2.2779 1.7502 3.4725 2.2535 2.0288 1.3450 1.8469 3.8512 2.1962 2.3436 1.8385 1.9812 1.3662 0.0000 2.6895 1.5715 1.7974 2.1258 1.7309 6.4110 7.5855 6.9477 6.9593 9.6262 8.6963 5.7911 7.9827 5.7065 8.1304 13.3769 7.6310 8.1292 6.6293 5.8530 7.6372 11.3774 5.3125 6.0016 7.0917 10.5808 8.0620 11.1658 10.3130 8.1167 8.0397 6.0330 6.4580 9.5126 4.5299 2.1351 1.2520 2.0248 1.3377 2.5417 2.0573 3.9698 3.1508 2.1682 2.5011 1.6283 1.4670 3.0265 1.9323 1.8106 2.2755 0.9522 2.3348 1.8175 2.7905 2.1143 3.1163 2.3898 1.3159 2.7713 2.0727 1.3251 1.8847 1.8116 1.5632 2.6474 3.3951 4.1062 5.9407 2.1635 2.3474 2.1950 2.0464 2.1247 2.5312 4.1914 3.1961 4.4885 2.6978 3.3210 3.9138 2.4168 2.4752 2.2902 2.9423 2.6173 2.1264 5.1624 3.4917 3.7821 4.5909 1.6684 2.5388 3.3786 2.2661 6.9472 5.5588 4.5991 6.4446 4.6118 9.3485 8.1835 6.5510 6.8020 6.7947 6.1589 5.9787 4.8122 6.3423 5.5409 5.4272 5.9546 6.4050 3.8463 4.3905 4.6495 7.1811 5.8761 4.2767 3.9552 6.2237 5.6456 6.6059 7.7745 8.0976
2.6340 2.9750 2.1267 3.0782 2.4457 1.8384 2.0305 2.0290 2.0260 2.2714 2.2877 3.2480 1.7999 1.4836 2.8798 2.4546 2.1145 2.0900 2.5818 1.6918 2.9476 2.1565 1.8607 2.9244 2.6895 0.0000 2.3940 1.6187 2.3901 1.5580 5.6135 7.0733 5.5758 6.2380 8.0109 7.5897 4.8822 7.0451 4.8812 7.0307 11.3482 6.3326 6.7044 5.4836 4.9594 6.8498 9.6885 4.6150 4.9765 5.9118 8.6297 6.7781 9.2508 8.9430 7.0884 7.2977 5.4403 5.6326 8.1670 4.0264 1.6530 2.2727 2.0266 2.6690 1.0825 1.5958 2.5880 1.6314 1.8122 1.9228 2.1503 1.7713 2.2868 1.4765 2.4810 1.5679 2.2584 2.2473 1.9315 1.9276 3.4067 2.4153 1.8984 2.2298 1.8513 1.1316 2.2513 1.9373 2.9531 2.8959 2.2129 2.4372 2.1657 3.6700 1.8908 2.3755 2.1088 1.9169 2.4166 1.2103 2.7498 1.8325 2.5063 2.1212 2.0120 2.7776 2.1798 2.3414 2.4331 2.3610 1.8402 1.9308 3.3862 3.0028 2.1101 3.3557 2.3992 2.1011 2.0546 1.5255 5.7495 4.5534 4.3081 5.2286 3.7622 7.7001 6.8409 4.9267 5.6349 5.1083 4.7744 4.9864 4.0099 5.1223 4.6507 4.2189 4.9865 4.8690 4.0435 3.7170 3.2674 5.7925 4.9170 3.8417 3.5952 5.1533 4.9004 5.5668 6.6195 6.4986
1.6838 1.7109 1.8651 1.4714 1.2286 1.3498 1.9123 1.4253 1.5691 1.5659 1.1635 1.6435 1.1578 3.1588 1.5755 1.1968 1.7012 1.1985 2.8785 1.6979 1.5926 1.6121 1.4667 1.3294 1.5715 2.3940 0.0000 1.6024 1.1540 1.8618 6.7357 8.0813 7.2014 7.3611 9.6748 8.8824 6.0732 8.3168 6.1006 8.4224 13.2843 7.7935 8.2133 6.9171 6.2375 7.9878 11.3144 5.6867 6.2350 7.3749 10.5700 8.2104 10.9993 10.3763 8.5059 8.4488 6.4920 6.8537 9.6260 4.9262 2.1052 1.6413 1.6753 1.1489 2.4949 1.9369 3.5334 2.9319 2.2824 2.4905 2.0832 1.3797 3.0034 1.7714 1.3551 2.1300 1.3936 1.6914 1.9198 2.5650 1.6919 3.0548 1.7107 1.4554 2.4700 1.9981 1.5824 1.6910 1.4978 1.1764 2.6460 3.3885 3.8465 5.5707 1.7645 2.6238 2.3063 2.2073 1.9456 2.2431 3.5468 2.8598 4.2251 2.2505 3.2310 3.6704 2.3612 2.5757 2.3645 3.0369 2.7603 2.0751 4.5469 3.4890 3.5944 4.4494 2.0966 2.0481 2.9423 1.8433 6.9566 5.8070 5.0952 6.5535 4.6023 9.3242 8.2030 6.5507 6.8918 6.8330 6.0233 6.1263 5.0504 6.4496 5.7187 5.2786 6.0568 6.3224 4.4926 4.6290 4.4769 7.1222 6.1729 4.6162 4.3143 6.4517 5.8844 6.7553 7.8575 7.7364
2.2724 2.0460 2.0518 2.3708 1.7747 1.2591 1.4194 1.6940 1.4821 1.2989 1.8138 2.6627 1.4788 2.0556 2.1047 1.8485 1.6533 1.5972 2.8188 1.6319 2.4998 1.8335 1.7801 2.2124 1.7974 1.6187 1.6024 0.0000 1.8381 1.6239 6.1573 7.5062 6.3986 6.7599 8.7827 8.3004 5.3046 7.6272 5.4842 7.6639 12.3953 7.2178 7.4772 6.1433 5.5328 7.3871 10.5407 5.1807 5.5397 6.5380 9.5415 7.3454 10.1848 9.6678 7.7220 7.8466 5.9409 6.2464 9.0244 4.3060 1.6094 1.4856 1.7562 1.8157 1.5209 1.3297 2.8737 2.0236 1.7769 1.7321 1.4577 1.1466 2.5827 1.4306 1.4037 1.5686 1.4539 2.0070 1.5079 2.3102 2.5407 2.4530 1.6084 1.3573 1.8724 1.0928 1.2200 1.6816 2.1196 2.0606 2.5794 2.8014 2.9573 4.6856 1.5742 2.4404 2.2133 1.9410 2.1567 1.6723 3.0629 2.2330 3.5131 2.2948 2.6491 3.3384 2.1336 2.4246 2.3040 2.7312 2.0963 1.7540 3.7747 3.0725 3.0148 3.8970 2.0882 2.0588 2.3670 1.7496 6.4575 5.1755 4.6384 5.7554 4.2152 8.6196 7.6196 5.7091 6.2918 6.0570 5.5215 5.6142 4.6372 5.8250 5.2487 4.6967 5.5988 5.5041 4.1810 4.1641 3.7830 6.4583 5.5513 4.0708 3.9029 5.7932 5.5193 6.1604 7.3519 6.9579
1.6794 1.9592 2.1203 1.7447 1.6671 1.7025 2.2412 1.5831 1.9940 1.8007 1.4534 1.7665 1.3960 3.1488 1.8294 1.5967 2.1553 1.4771 2.6901 1.3743 1.5441 1.8021 1.8406 1.7751 2.1258 2.3901 1.1540 1.8381 0.0000 2.1281 6.9852 8.3308 7.3600 7.6584 9.7792 9.0609 6.3359 8.4972 6.3888 8.5743 13.2395 7.9408 8.3916 7.1385 6.5138 8.2858 11.3232 5.9594 6.4823 7.5966 10.6364 8.3698 11.0210 10.5352 8.7932 8.7172 6.8623 7.1496 9.7282 5.2933 2.1131 2.0357 1.7570 1.4814 2.6262 2.0719 3.5332 3.0041 2.5914 2.7380 2.4476 1.6106 3.1864 1.8428 1.4427 2.3576 1.7746 1.8949 2.3018 2.7016 1.6806 3.2932 1.9473 1.7984 2.5755 2.1389 1.9153 1.9018 1.7433 1.6205 2.9604 3.5370 3.7825 5.4395 1.8262 2.8406 2.5412 2.5034 2.1763 2.2127 3.3712 2.8092 4.1701 2.2668 3.2826 3.7370 2.5803 2.8517 2.6423 3.1556 2.9882 2.2675 4.3601 3.6860 3.6743 4.6259 2.4483 1.9001 2.8346 1.9841 7.0664 6.0165 5.3062 6.6691 4.7472 9.3810 8.3318 6.6819 7.0228 6.9300 6.1054 6.2745 5.2260 6.6043 5.9691 5.3517 6.2402 6.3142 4.8003 4.8414 4.6107 7.1765 6.3208 4.8034 4.5477 6.6247 6.1319 6.9238 7.9773 7.6441
2.0668 2.3400 1.8802 2.7421 1.6303 1.5770 1.5146 1.5719 1.0405 1.7212 1.3884 2.7506 1.3152 2.5114 2.5756 2.1289 1.3350 1.5012 2.9749 1.6064 2.5573 1.4465 1.4423 2.0104 1.7309 1.5580 1.8618 1.6239 2.1281 0.0000 5.4538 6.7869 5.7686 6.0325 8.4030 7.5848 4.8379 6.9474 4.6559 7.0167 12.0077 6.4533 6.9371 5.5348 4.8461 6.6996 10.0476 4.3140 4.9832 5.9568 9.3270 6.9554 9.8031 9.1622 7.1501 7.1228 5.1842 5.4595 8.2525 3.7252 1.3102 1.5224 1.5851 2.0459 1.5130 1.3991 2.9112 2.0756 1.3113 1.6566 1.5102 1.2771 1.9448 1.2565 2.1108 1.4483 1.4876 1.8887 1.4714 1.6908 2.7944 2.2612 1.7768 1.6233 1.8273 1.2967 1.6694 1.3151 2.5071 2.2150 1.7907 2.3122 2.9214 4.6035 1.7385 1.7357 1.5030 1.3457 1.8109 1.6753 3.1958 2.1919 3.1559 2.0422 2.2976 2.7746 1.7118 1.7991 1.7877 1.9424 1.8258 1.5799 4.2414 2.8199 2.4979 3.5915 1.5553 1.8929 2.4405 1.5382 5.8775 4.5174 3.9565 5.3722 3.7237 8.0726 7.0045 5.3429 5.6899 5.5952 5.0161 4.9830 3.8975 5.3283 4.4400 4.3241 4.9143 5.3168 3.4548 3.4964 3.6280 6.0813 4.8786 3.6278 3.2434 5.1287 4.7222 5.5973 6.7081 7.0612
6.8679 6.9622 5.8512 7.6628 6.6671 6.2784 5.4035 6.1972 5.7986 5.8601 6.2428 7.4864 6.2651 5.9104 7.2536 6.9982 5.7976 6.3538 6.3348 6.3297 7.4722 5.6545 5.8140 6.5626 6.4110 5.6135 6.7357 6.1573 6.9852 5.4538 0.0000 2.4651 2.3993 1.9241 5.0573 2.8827 1.8251 2.5971 1.8288 2.9393 8.7190 2.7658 3.1848 2.0569 2.0568 1.7670 6.2689 1.8866 1.8754 2.5287 6.1134 3.5075 6.5837 4.6922 2.5146 2.6624 1.5914 1.7384 4.5330 2.6843 5.4881 5.7867 5.8293 6.8928 5.2061 5.7948 5.1009 4.9428 4.8574 4.9298 5.3253 5.9579 4.2767 5.5791 6.7864 5.2941 6.2316 6.0186 5.5123 4.9373 7.6966 4.4467 5.9079 6.0858 5.2592 5.3924 6.0541 5.5482 7.3815 6.9702 4.8544 4.0646 4.6508 4.8238 5.8624 4.8901 5.1583 5.1353 5.5564 5.6845 5.8415 5.3208 4.7895 6.2793 4.8018 4.2611 5.1994 4.6933 4.9633 4.4451 5.0516 5.4934 6.3635 4.6334 4.3751 3.8854 5.4076 5.9938 5.4899 5.7826 3.0541 2.3905 3.2173 3.3132 3.7175 4.6269 3.3133 3.2169 2.9126 3.7637 3.2210 2.4597 3.2784 3.4291 2.4982 3.6662 1.9968 4.2036 3.6902 3.0529 4.1806 3.8847 2.8095 3.7496 3.3812 2.4785 2.7634 3.0378 3.4886 6.4030
8.0732 8.0359 7.1862 9.0263 7.9468 7.6414 6.6643 7.5699 7.0421 7.0900 7.4694 8.7761 7.6434 7.4427 8.5822 8.4251 6.9635 7.6937 7.8667 7.6659 8.8026 6.8488 7.1513 7.8163 7.5855 7.0733 8.0813 7.5062 8.3308 6.7869 2.4651 0.0000 3.3868 1.8363 5.5338 2.7793 2.9791 2.5011 2.9105 2.9284 9.0003 3.2831 3.9541 2.9276 3.0935 2.0881 6.3907 3.2392 2.9629 3.3772 6.5633 3.9727 7.0136 4.7806 2.7020 1.5113 2.4034 2.2402 4.6831 3.9362 6.7258 6.9488 7.0991 8.1358 6.6589 7.2168 6.5981 6.4568 6.1857 6.2305 6.5693 7.3328 5.6843 6.8984 8.0989 6.8208 7.4905 7.4151 6.7368 6.2321 8.9311 5.9497 7.2710 7.3075 6.6977 6.7625 7.2652 6.8136 8.6569 8.2334 6.2706 5.3796 5.9806 6.2128 7.1700 6.1492 6.5512 6.4081 6.7151 7.1404 7.3442 6.7612 6.2248 7.5641 6.3936 5.6334 6.3019 5.9220 6.4153 5.7753 6.4068 6.6923 7.8043 5.9713 6.0260 5.3830 6.5930 7.3097 7.0124 7.1988 3.8698 3.6837 3.7833 4.1723 4.8156 4.8957 3.7758 4.6681 3.7365 4.7525 4.2828 3.1406 4.2030 4.0481 3.9492 4.6105 2.9532 5.3602 4.5185 4.2536 5.4439 4.6479 3.2518 4.6782 4.5360 2.9897 3.5478 3.8099 3.7992 7.3915
7.3510 7.5478 6.2852 8.1425 7.1183 6.6418 5.9266 6.5772 6.2483 6.3779 6.7789 8.0529 6.5883 5.7369 7.7446 7.4011 6.3203 6.6849 6.5789 6.6230 7.9071 6.2470 6.1663 7.2419 6.9477 5.5758 7.2014 6.3986 7.3600 5.7686 2.3993 3.3868 0.0000 2.2356 3.8365 2.8629 2.5628 2.4019 1.9827 2.2949 7.1278 2.2018 2.2691 1.1947 2.1562 2.5518 5.1170 2.5104 2.1188 1.7885 4.6597 3.0723 5.4082 4.1302 2.5280 3.0499 2.4714 2.1412 3.7161 3.3597 5.8401 6.3236 6.2956 7.4495 5.1947 6.0183 5.2718 5.0216 5.3579 5.2708 5.8192 6.4035 4.8656 5.9303 7.2823 5.5758 6.7461 6.5339 6.0371 5.2953 8.2548 4.9028 6.1956 6.6558 5.4095 5.6650 6.5486 6.0272 7.8889 7.5612 5.3875 4.4473 4.6495 4.1181 6.3506 5.4034 5.6949 5.6267 6.2682 5.9553 6.0217 5.5735 4.3356 6.5616 5.0299 4.7029 5.7329 5.4196 5.6789 4.9931 5.2913 5.9955 6.2732 5.3677 4.4354 4.2726 6.0768 6.3615 5.6283 6.1391 3.3710 2.9048 4.0358 3.1881 4.4924 3.6646 3.3737 2.6828 2.8220 2.8824 3.4789 3.0723 3.8512 3.6513 2.9550 3.9873 2.8053 4.0622 4.7927 3.7115 4.4105 3.9957 3.1968 4.5158 4.3479 2.5396 3.5894 3.4256 3.7184 6.2167
7.4562 7.5437 6.4690 8.3727 7.2806 6.9615 6.0226 6.8403 6.3655 6.4674 6.8687 8.1741 6.8643 6.5282 7.9267 7.6696 6.3744 6.9241 7.0678 7.0067 8.1190 6.2893 6.4348 7.2458 6.9593 6.2380 7.3611 6.7599 7.6584 6.0325 1.9241 1.8363 2.2356 0.0000 4.5061 2.4807 2.3972 1.6754 1.7940 2.3137 8.2844 2.4469 2.8429 1.8547 1.7793 1.7167 5.8248 2.2278 2.1012 2.1471 5.9359 3.1619 6.4247 4.3195 2.1245 1.9172 1.4881 1.3520 3.8887 3.1112 6.0680 6.3747 6.4775 7.5629 5.7865 6.4013 5.7471 5.6096 5.5349 5.4833 5.9339 6.6392 5.0216 6.2081 7.4863 5.9364 6.8620 6.7309 6.1162 5.4945 8.4024 5.0922 6.4813 6.7276 5.7631 6.0580 6.6357 6.1891 8.0469 7.6404 5.5825 4.6581 5.3271 5.3319 6.5601 5.4727 5.8490 5.7765 6.2480 6.4525 6.5799 6.0361 5.2239 6.8791 5.5968 4.9685 5.7690 5.4084 5.8034 5.1709 5.6713 6.0963 7.0504 5.4654 5.1688 4.6593 6.0680 6.6019 6.1668 6.5006 3.5392 2.9076 3.5522 3.4122 4.4259 4.3197 3.3638 3.6975 2.8749 3.8219 3.8189 2.8957 3.7838 3.7563 3.0185 4.1153 2.5312 4.6736 4.3086 3.6503 4.7819 4.2685 2.9620 4.3562 4.1079 2.3188 3.1794 3.3748 3.6344 6.8419
9.9051 10.1876 8.6907 10.6902 9.7369 9.3258 8.4229 9.0523 8.9057 8.8483 9.4343 10.6498 9.0603 7.7251 10.1129 9.8324 9.0164 9.0953 8.4945 9.1459 10.3496 8.8388 8.7813 9.9616 9.6262 8.0109 9.6748 8.7827 9.7792 8.4030 5.0573 5.5338 3.8365 4.5061 0.0000 3.9944 4.9739 3.6778 5.0491 3.6271 4.8418 3.9102 2.4552 4.1477 4.4768 4.6743 3.0934 5.3871 4.5511 3.3628 3.3478 2.7022 3.6504 3.0843 3.9740 4.9108 5.2096 4.6431 3.4185 5.9197 8.3345 8.9599 8.9289 10.0604 7.6605 8.3843 7.0543 7.2800 8.0195 7.5838 8.4261 8.9440 7.4376 8.4634 9.6617 7.8528 9.3674 9.0132 8.5495 7.6903 10.8752 7.0631 8.4380 9.1870 7.5031 8.1666 9.0493 8.6430 10.4634 10.1977 7.9731 6.8088 6.7877 5.4168 8.7419 8.0425 8.2215 8.2813 8.8443 8.3541 7.6993 7.6592 6.3161 8.9104 7.3599 6.9178 8.2293 8.0848 8.3522 7.5859 7.8052 8.4176 7.5579 7.6920 6.7707 6.3747 8.7712 8.6649 7.6127 8.6066 5.1635 5.2391 6.7367 4.2703 6.6873 3.3405 3.9255 4.1955 4.1634 4.1834 5.4153 5.4107 6.5165 5.5516 5.4103 5.6751 5.2664 5.0213 7.6098 6.2720 6.2940 4.8331 5.4764 6.8674 6.9639 4.5639 6.0499 5.0714 5.1498 6.1169
9.0061 9.2176 7.7770 9.8741 8.9034 8.5363 7.6451 8.2114 8.0144 7.9736 8.4045 9.6373 8.3161 7.8243 9.4191 9.1373 8.0162 8.3756 8.1006 8.4110 9.5638 7.7905 7.8337 8.7926 8.6963 7.5897 8.8824 8.3004 9.0609 7.5848 2.8827 2.7793 2.8629 2.4807 3.9944 0.0000 3.6471 2.0145 3.5038 2.0290 6.9203 2.4325 2.3778 2.9544 3.4873 1.9658 4.2004 3.8229 3.1836 3.1630 5.1399 3.3695 5.3741 2.5535 2.3904 2.0196 3.2627 2.8383 2.8065 4.8471 7.5451 8.0176 7.8682 9.1395 7.2369 7.9714 6.9832 6.9672 7.0750 7.0050 7.5864 8.1729 6.4394 7.7227 9.0096 7.4023 8.4835 8.0646 7.7197 6.8295 9.9317 6.5354 7.9268 8.3333 7.1617 7.5418 8.2361 7.6223 9.6115 9.2114 6.9934 5.9650 6.3843 5.8743 7.9630 7.0808 7.3564 7.3277 7.6757 7.8226 7.6168 7.3270 6.2056 8.2087 6.9242 6.1256 7.1893 6.8540 7.2421 6.5400 7.2384 7.5728 7.9826 6.8931 6.3442 5.8149 7.6782 7.9202 7.4449 7.8631 3.5916 4.1205 5.1309 4.3212 5.6234 3.1534 2.8874 4.2584 3.2300 4.2475 4.3109 3.5884 5.0484 4.4776 4.1714 4.9694 3.3121 5.3140 6.0093 4.9731 6.0016 4.5544 4.1129 5.7856 5.6292 3.4535 4.2366 3.8520 3.3026 7.2389
6.3767 6.2968 5.2605 7.1073 6.0519 5.5965 4.5850 5.6064 5.1097 5.0985 5.6721 7.0152 5.6668 5.0816 6.5769 6.4135 5.1433 5.6794 5.6723 5.7158 7.0023 5.0352 5.2240 6.0227 5.7911 4.8822 6.0732 5.3046 6.3359 4.8379 1.8251 2.9791 2.5628 2.3972 4.9739 3.6471 0.0000 3.0644 1.9839 3.1476 8.8997 3.4824 3.3696 2.0621 1.9221 2.6379 6.4304 2.1349 1.5343 2.3796 5.8099 3.0125 6.4869 5.1302 3.0299 3.2042 2.1099 2.2062 5.1821 1.9036 4.8426 5.0261 5.2824 6.2861 4.4285 4.9869 4.1488 3.9780 4.0924 3.9747 4.4914 5.2944 3.5538 4.8478 6.0162 4.6368 5.5782 5.5058 4.7922 4.3855 7.0990 3.5560 5.0584 5.3182 4.4564 4.5960 5.2845 4.9318 6.7962 6.4134 4.3484 3.3294 3.8048 4.0579 5.1700 4.4442 4.7046 4.5389 4.9861 4.9955 5.0102 4.5578 4.1489 5.6993 4.1471 3.5339 4.5602 4.1562 4.5609 3.9790 4.3651 4.8209 5.3606 3.8555 3.8275 3.1302 4.8650 5.4582 4.7408 5.2019 3.2899 2.5308 3.0550 2.6156 3.2970 4.9447 3.7623 2.9014 3.0845 3.6579 2.8719 2.4628 3.2767 3.3075 2.8870 2.7469 2.0398 3.5231 3.5978 2.8557 3.2175 3.7004 2.7456 3.2404 3.1247 2.3141 3.1597 3.1749 3.9398 5.4561
