0.0000 8.9443 10.5830 5.4772 7.7460 12.6491 9.1652 11.1355 9.1652 8.1854 19.6723 7.0000 9.2195 9.3808 9.1104 9.0000 9.0554 9.9499 12.1655 6.5574 9.3274 7.3485 9.7980 10.7703 7.7460 15.2971 5.2915 6.4807 9.0554 10.1980 26.0192 27.1109 19.1050 21.9773 22.9129 20.2978 16.2173 19.1050 21.9317 19.8242 15.3297 21.1424 23.7908 16.3095 20.3470 22.3607 24.5561 20.7123 21.6564 18.6011 23.1733 21.8403 21.2838 22.7376 20.9523 23.1733 21.5870 19.1572 19.5959 23.1517 9.0554 4.0000 10.0000 18.4391 10.3441 7.6811 11.2250 14.3178 12.2474 8.3666 12.2474 20.0749 13.3041 11.4455 17.5784 10.0000 11.1803 7.8102 8.4261 12.7671 9.4868 8.3666 11.8322 9.4340 5.2915 7.4833 4.7958 11.7898 10.1489 10.8628 9.3808 10.0995 11.0000 11.9164 9.5394 16.1555 9.8489 12.5698 12.8841 15.0665 12.3693 10.3441 7.4162 10.0000 12.1655 10.0000 12.0000 7.7460 5.0000 8.1240 14.3178 13.3041 11.8743 15.6844 11.0000 10.2470 14.4914 15.0000 15.6525 9.1652 22.0227 20.9284 21.1660 26.4764 22.2261 16.7631 19.0526 23.2809 23.7276 16.1555 19.9750 19.5448 19.0526 19.8997 19.7737 24.2074 21.3542 23.1517 21.5174 22.6495 19.2354 23.6220 24.8596 19.3132 24.1454 20.8327 23.2809 20.6155 22.6053 27.9643
8.9443 0.0000 13.5647 10.8628 10.4881 14.7648 14.1421 13.4164 6.0000 12.5300 23.1301 7.1414 9.8489 6.3246 13.3791 6.7082 12.1655 15.5885 17.0294 7.0000 16.5831 12.4900 8.2462 13.2665 12.1655 19.0788 10.0995 8.4853 15.0997 8.0000 26.4008 25.1992 18.1384 23.0434 21.9773 20.3470 14.0357 21.6102 21.2368 19.5192 15.9687 21.5639 22.5832 15.6844 19.0788 22.0454 23.5584 20.3715 23.0868 16.6733 22.5610 22.5610 20.8087 21.8403 22.3383 23.2594 22.8473 18.4120 20.0000 22.3159 7.7460 8.0000 9.2736 20.7364 15.4596 13.3041 11.3137 18.2483 13.2665 16.0000 13.1909 19.1050 17.0000 17.9165 13.8203 14.7648 17.5214 7.2801 9.6437 5.3852 13.8564 10.3923 8.1240 10.4403 8.9443 8.3666 8.7750 13.4536 15.3948 18.0555 10.0995 11.7473 9.1104 12.3288 8.3066 20.7123 11.5326 17.6635 19.0788 13.1529 12.9228 15.2643 11.2694 13.4907 14.3527 13.7840 9.5917 14.4222 7.4162 9.1652 12.2882 13.3041 14.1774 14.2127 14.1067 16.0312 12.2474 20.5670 20.3224 6.6332 20.8567 18.1108 20.1990 25.3180 22.0907 16.7033 16.2173 22.1359 23.9374 16.4621 19.4165 19.3391 17.4069 19.5448 16.7033 21.5407 22.5832 20.5426 20.8087 21.3776 19.8997 25.7682 23.2379 19.4679 24.0208 22.0000 21.7715 19.6723 23.3880 27.2029
10.5830 13.5647 0.0000 9.8995 5.4772 4.8990 9.8995 11.0454 10.1980 9.5394 15.9687 13.8924 11.9583 10.0995 10.4403 13.8203 10.9545 7.9373 5.6569 12.4499 11.0000 10.0995 11.7473 11.0454 6.9282 8.7178 7.0711 8.4853 9.7980 12.8841 28.4077 29.8161 20.2237 21.7486 25.3180 24.3721 19.4679 19.5192 24.4745 22.7376 16.5831 22.5610 27.3130 18.6011 24.0416 26.2298 26.2488 21.7486 21.2368 22.9783 24.7992 24.2693 24.1868 27.4044 22.2036 25.0000 22.5832 22.5167 21.4476 25.7682 8.8318 11.6619 9.5917 18.4932 12.2882 8.7750 11.8322 14.1774 11.6619 8.4853 12.4097 19.1572 12.8452 11.6190 20.5183 8.4853 11.7898 13.5277 7.0000 14.5945 6.6332 9.3808 10.3923 14.2478 8.1240 10.2956 12.0416 16.4621 11.0000 15.4919 10.3923 12.1655 13.9642 14.2127 15.7162 15.0665 11.2694 11.4018 10.9545 17.6918 18.4662 13.0767 13.6748 9.3808 15.9374 9.5917 18.9209 12.0830 9.9499 16.6132 17.1756 14.1774 8.7750 18.3848 11.7047 9.4340 15.0997 12.6095 16.2173 11.4891 24.4336 24.0416 21.5870 28.0535 23.9583 17.8606 22.3383 24.6982 22.2036 20.3715 22.2486 20.0998 23.3024 22.8035 20.4695 24.8193 23.7487 24.4949 23.7697 25.7099 18.8149 23.4947 26.7208 19.7737 26.8887 21.3542 25.2587 21.3307 23.1733 30.7246
5.4772 10.8628 9.8995 0.0000 6.9282 12.0000 7.6158 12.8841 10.5830 3.3166 15.7797 8.1854 7.5498 8.4853 9.9499 10.8167 10.0000 9.4340 10.0000 9.3274 7.2801 3.7417 13.4164 7.0711 10.3923 14.8324 6.9282 4.0000 7.7460 8.7178 25.7876 27.0740 18.6279 21.4243 22.9129 20.8327 15.9060 18.5742 21.6564 20.0250 15.5885 22.0681 23.3666 16.9115 20.0998 21.1187 23.8118 20.4206 21.9317 17.6635 21.8861 21.8403 20.7605 21.0476 19.4165 21.3776 21.5870 18.8414 19.6977 21.4476 7.3485 5.2915 9.1652 15.6205 7.5498 5.7446 8.6023 16.0312 10.4881 7.7460 9.1652 17.2337 8.7750 11.9583 15.7162 9.2736 7.5498 8.4261 8.5440 13.9642 10.0000 5.8310 12.5698 7.9373 3.7417 7.0711 5.5678 8.5440 11.1803 11.5758 11.3137 9.1652 14.1067 13.2665 12.2066 19.5704 11.2694 13.7113 11.8322 14.6629 12.0416 10.8167 9.6437 10.5830 11.4891 11.8322 13.0384 8.0000 7.6811 10.5830 16.4012 12.2882 11.3578 16.6132 11.6190 11.5326 12.8062 14.5258 15.7162 10.0000 21.5639 20.7846 20.5426 25.0799 21.8174 15.3948 19.7231 21.3073 21.3307 16.7631 19.2614 18.4391 19.5704 19.9499 18.1384 22.8035 20.6882 23.1084 21.5174 21.0950 17.0294 22.4944 24.1661 18.5203 23.5160 19.3907 22.3607 19.7737 21.0476 27.1293
7.7460 10.4881 5.4772 6.9282 0.0000 6.7823 6.3246 9.3808 7.2111 7.0000 14.5945 10.5357 9.6437 7.2111 9.8489 10.8167 7.4833 8.1854 8.0000 8.8882 10.4403 7.7460 10.0000 7.2111 7.0711 12.5698 4.6904 4.8990 8.4853 10.0995 25.1992 25.9422 16.6433 19.4679 21.3776 20.2485 15.0665 17.3494 21.0000 18.7883 13.3791 19.7231 22.7596 15.3623 20.0998 21.6333 22.6936 18.2483 19.2094 18.6011 20.9523 20.6640 20.1246 22.8692 18.4662 21.3776 20.0499 18.1934 18.1108 21.4476 6.6332 8.0000 7.2111 15.6844 8.5440 6.4031 7.3485 14.7309 10.4881 8.7178 8.6023 15.9060 10.8167 12.7671 16.4621 9.3808 9.6437 8.6603 5.3852 11.5326 8.0000 5.8310 8.9443 9.5394 4.4721 6.0000 8.4261 12.2066 10.8167 14.6969 6.9282 7.3485 10.9087 10.4881 11.2694 16.5831 8.8882 10.9545 11.4891 13.6015 13.9642 10.4403 10.4403 7.8740 11.9164 8.1240 14.5602 9.0554 7.1414 12.4097 13.8203 10.5357 6.2450 14.7648 8.5440 9.7468 11.0454 12.9228 15.0665 8.0000 20.5183 19.6977 18.9209 24.1454 20.7846 14.0357 18.1934 20.7364 19.7231 16.0935 18.5203 16.6132 18.6815 18.7083 16.2173 21.0713 19.8997 20.8806 19.8746 21.2838 15.8745 20.7846 22.4944 16.4621 22.6495 18.1659 20.9284 17.9722 20.0749 26.6833
12.6491 14.7648 4.8990 12.0000 6.7823 0.0000 9.1652 8.8318 11.8322 10.9087 14.3875 16.5227 15.1987 11.9164 14.5945 16.4621 9.8995 9.6437 8.4853 13.9642 14.1774 13.1149 13.0384 10.8628 9.6954 12.6491 8.2462 10.4881 13.3417 15.4272 25.1197 26.6646 17.5214 18.6279 22.3383 22.0454 18.4120 16.5227 21.5639 20.3715 14.9332 19.3132 24.8193 17.0294 21.8632 24.3311 23.0868 18.9473 17.7482 22.5389 21.8861 21.2838 21.9317 26.3629 20.5183 22.7816 19.4936 20.2237 19.0263 23.4947 11.0454 14.1421 8.4853 15.8745 12.3693 9.9499 11.2250 17.3494 15.4272 10.9545 13.1909 16.5227 12.5300 15.0665 19.5192 11.2250 12.6886 14.7309 10.0499 14.5945 8.0000 11.7473 12.4900 14.0357 10.1980 9.7980 14.3875 17.2916 15.1327 19.2873 9.0554 11.1355 13.2288 12.2474 15.4596 15.3948 9.4340 9.7980 14.0712 15.4596 18.0831 11.4455 14.2478 7.8740 14.4914 8.2462 18.6548 12.3288 11.7047 17.7200 15.1327 11.6190 6.5574 15.8745 9.7468 10.7238 13.4164 10.9087 13.6748 12.4900 21.4709 21.9089 18.1108 25.0400 20.9284 16.6433 20.0749 22.3159 18.8414 18.7350 19.5704 17.5499 21.7486 20.7364 18.6279 22.2711 20.8327 21.9545 20.8567 24.1039 16.7929 20.2485 23.8328 17.6352 24.1454 18.4391 22.4499 18.6815 20.6640 27.7128
9.1652 14.1421 9.8995 7.6158 6.3246 9.1652 0.0000 9.0554 12.4097 6.8557 11.5326 13.5277 13.4536 12.0000 13.7477 15.0000 6.3246 9.0000 10.0995 11.5326 10.7238 9.3808 14.2829 5.8310 10.8628 16.4924 6.9282 8.2462 10.3923 14.0712 21.2368 23.1733 14.6629 16.6433 18.4662 17.0880 14.6629 13.5277 17.9722 16.1555 12.2066 17.0000 19.6469 14.6287 17.6635 18.2209 19.6723 15.7797 16.2788 17.8885 17.6918 16.8819 17.2337 20.4206 15.4596 18.2483 16.6733 15.3297 15.6205 18.2757 11.4018 10.2956 9.0554 11.1355 4.3589 5.7446 7.4833 17.7482 14.9666 8.6023 9.6954 13.9642 8.1854 14.4568 16.3401 11.5758 6.2450 10.5357 10.9087 15.2643 10.0995 9.1652 14.8324 8.1854 7.4833 6.6332 10.2470 11.1803 14.1067 15.7480 8.2462 5.6569 12.8452 9.4868 11.7898 17.6352 8.4261 9.0554 12.6491 12.1244 12.1244 6.0828 10.0499 7.3485 8.3666 8.0000 14.2829 5.6569 10.1489 12.8841 13.7477 8.5440 6.2450 13.4164 6.2450 10.5357 10.9545 10.0499 10.8167 11.7473 17.6352 18.2757 16.5529 20.9523 17.7764 12.9228 17.0587 18.1108 16.7033 13.6748 15.6525 14.3527 17.1172 16.3707 15.8430 19.7484 15.4919 19.8494 17.0000 19.0526 13.7840 16.4317 19.8997 14.5945 19.0000 14.4222 18.2209 16.0935 17.0000 23.0217
11.1355 13.4164 11.0454 12.8841 9.3808 8.8318 9.0554 0.0000 12.4097 12.8452 18.3576 15.9687 17.4069 13.9284 17.0587 16.5831 5.6569 12.2882 14.3527 11.4455 16.4621 15.2315 11.3137 12.4900 10.3923 18.5472 7.7460 12.2474 15.9374 17.3205 20.9523 22.3830 15.7797 16.8819 18.1934 17.2047 17.0000 14.7986 17.5784 16.8226 13.6015 15.6525 20.9762 15.2971 18.7617 21.5407 20.0749 16.7631 15.1327 21.3542 19.5704 17.2916 18.6279 24.7184 19.9750 21.6564 16.0624 16.9411 16.3707 21.2603 14.0712 13.4164 8.8318 15.2315 12.2882 10.6301 12.3288 19.3649 19.4422 12.6491 15.3623 17.1756 14.9332 17.2916 18.2483 14.4222 14.5258 13.4536 13.4536 13.5277 10.0000 14.4914 15.0997 12.0416 11.6619 8.4853 13.5277 17.1756 17.4069 19.7990 5.8310 9.5917 8.5440 7.8740 11.3578 13.0767 5.1962 7.2111 17.6068 11.7047 14.7986 7.1414 12.3693 7.7460 10.7703 5.2915 14.0712 10.0995 11.0000 13.8564 10.2470 9.5394 7.2801 10.1980 5.7446 12.4499 13.1149 11.5326 10.4403 13.0384 18.0278 18.9737 16.0000 22.3383 17.7200 17.2916 16.2173 21.4942 19.0000 14.4568 16.8819 16.6132 17.9722 17.7200 18.3030 21.3542 17.3205 19.6977 16.9411 22.8692 18.1108 18.2209 21.1660 17.1172 20.5183 16.9115 19.2873 17.7482 20.4695 24.0832
9.1652 6.0000 10.1980 10.5830 7.2111 11.8322 12.4097 12.4097 0.0000 11.9583 20.8567 8.4261 9.1104 4.8990 10.4403 6.2450 11.3137 12.8452 13.5647 7.5498 14.9332 11.2250 6.4807 12.2474 9.1652 15.2315 8.4853 7.4833 12.3288 8.1240 27.4044 26.6271 17.8606 21.9773 22.4277 21.0713 14.1774 20.9523 22.4722 19.6723 14.7309 21.3307 23.6643 15.2971 20.5913 22.9783 24.1868 19.8242 21.9773 17.5499 22.9565 22.7376 21.2368 23.2594 20.8087 23.3452 22.6716 19.3649 19.4422 23.0651 6.3246 8.0000 9.1652 20.6882 14.0357 12.1244 10.1980 14.9332 10.3923 14.0712 11.6619 18.9473 16.2173 15.5242 16.2173 12.4900 15.9060 7.5498 5.5678 7.1414 11.5758 8.0000 4.2426 11.7047 7.6158 8.3666 9.0000 14.1067 12.2066 16.7332 8.2462 10.4881 8.8882 12.0000 9.4340 18.5742 11.3578 15.6205 15.5563 14.5258 15.0000 15.1327 11.2694 11.6619 14.9666 11.5758 13.2665 13.4907 6.5574 11.1355 13.0767 13.4536 11.0905 15.4919 12.3693 13.1529 12.3288 18.5742 19.9750 4.4721 21.6564 19.0263 20.7846 25.9037 22.4054 15.2643 17.2916 22.3159 23.1733 16.7033 19.9750 18.4391 17.9165 19.2873 16.2173 21.4009 22.6274 20.4450 21.0476 21.7945 18.4391 24.6577 23.3666 18.0831 24.3105 21.3073 22.0907 19.1572 22.5610 28.2843
8.1854 12.5300 9.5394 3.3166 7.0000 10.9087 6.8557 12.8452 11.9583 0.0000 13.1149 10.5830 8.9443 9.2195 11.9164 13.2665 9.8489 10.1980 9.4340 10.9545 8.0000 5.0000 14.9332 5.0000 11.7898 15.3297 8.1854 4.7958 8.8882 9.8489 25.0599 26.4953 18.1659 20.7846 22.4944 21.0000 16.4924 18.0000 21.1187 20.1494 16.0624 21.9089 23.0000 17.6352 20.1246 20.7605 23.1084 20.0998 21.4009 18.3030 20.8327 21.5407 20.5426 21.0713 19.0788 20.6882 21.1896 18.4932 19.6723 20.5670 7.9373 8.0623 8.7750 13.5277 6.4807 4.8990 7.8102 18.1659 11.4455 8.5440 7.9373 15.2315 6.4807 13.7113 14.8997 10.4403 6.4807 10.0995 9.7980 14.6969 10.6301 6.8557 13.6015 7.8740 5.0000 7.1414 7.8740 8.2462 13.1909 13.7477 11.8743 8.8882 15.0997 13.2288 13.7113 20.6882 11.5758 13.8203 12.6095 14.0712 12.1655 10.5830 11.6619 10.8167 11.0000 12.2066 13.9642 9.0000 10.0000 12.5300 17.1464 11.4018 10.4881 16.2173 11.4891 12.6491 11.7047 14.0000 15.1658 11.2694 21.0238 20.7605 19.6723 23.8747 21.2838 15.4272 19.8997 20.2731 19.5448 17.1464 18.7617 17.8606 20.2485 20.2237 17.3781 22.0681 19.9249 23.0434 21.2132 20.9284 16.1555 21.4243 23.5160 18.3848 22.9347 18.4662 21.4243 19.3391 20.2978 26.4386
19.6723 23.1301 15.9687 15.7797 14.5945 14.3875 11.5326 18.3576 20.8567 13.1149 0.0000 22.1811 19.7990 18.8944 21.2132 23.6643 15.9687 16.4317 14.1774 21.2603 16.7332 15.9687 23.8956 10.4403 20.1246 21.0476 17.2337 15.9060 16.7631 20.3224 24.2487 26.3818 18.6548 19.8494 22.5389 23.0868 20.4939 17.4356 22.1811 21.5407 18.7083 22.2711 22.9565 21.4243 22.5610 20.9523 22.2261 19.5448 20.3470 22.7816 19.1311 21.1660 21.4009 23.1517 17.3205 19.5448 21.0476 19.7990 20.7123 19.6723 17.8606 19.7231 16.5227 10.6301 11.1355 13.6382 12.9228 25.4165 19.7231 16.4012 12.9228 12.7279 9.8995 21.8174 19.9499 18.6279 10.5830 19.1833 18.3303 22.8910 18.3576 15.6525 21.7486 15.7480 15.9687 15.7797 19.3907 16.0000 21.5870 23.3452 17.9722 13.9642 22.6274 17.9722 21.7256 26.5707 18.0000 17.4642 17.8045 18.2209 19.1311 15.4919 20.0998 16.2173 15.7797 17.6918 22.9129 15.9687 20.2485 22.7816 22.4499 14.5602 13.2665 20.5183 15.5563 18.8149 15.1327 15.3623 17.0294 19.9750 21.3073 23.0000 19.8242 21.5870 21.6564 16.6132 23.2379 18.5203 15.0997 20.8327 19.5959 17.2916 23.4947 21.6102 18.0555 21.2368 18.5203 23.9374 21.4476 21.3073 14.8661 17.3494 21.9773 18.1659 21.6795 16.2788 20.4206 19.1833 17.9444 24.7992
7.0000 7.1414 13.8924 8.1854 10.5357 16.5227 13.5277 15.9687 8.4261 10.5830 22.1811 0.0000 5.4772 7.5498 9.3808 5.4772 12.7671 15.0997 15.7797 6.0000 12.2474 8.1854 10.4403 12.2882 11.6190 17.9722 10.5357 7.1414 10.7238 5.7446 29.2916 28.6705 21.3073 26.0000 25.1396 22.9565 16.6733 23.9165 24.5764 22.4054 18.5472 24.8998 24.9199 19.0526 22.2036 23.4307 26.9444 23.4094 26.1534 18.0831 24.9399 25.2587 23.3666 22.6274 23.2379 25.1794 25.9037 20.6882 22.7376 24.1039 8.1854 3.8730 12.6886 21.5174 13.4164 11.1355 12.2066 17.0880 9.6437 13.8203 11.0905 21.0238 16.2481 15.7480 15.8745 14.2478 14.8324 6.0000 9.1652 11.0454 14.7986 8.3066 10.1489 10.1980 7.1414 10.0499 4.4721 10.6771 11.6619 12.6095 12.8452 12.5300 12.8841 14.6629 10.6771 21.7256 14.6287 18.7883 16.2788 16.4924 12.4097 15.8745 11.6619 15.3948 15.1987 15.3948 11.6190 13.4536 8.3666 7.6811 17.0294 16.0624 15.4919 17.6352 15.6205 15.7480 14.7309 21.2132 21.7715 8.8882 24.1247 21.5639 24.2281 27.8209 25.3969 18.2757 20.1990 24.2281 26.4575 18.4932 22.4054 21.9317 20.1494 22.1585 19.3391 24.9199 24.3926 24.5561 24.0416 23.1084 21.6102 27.6225 26.0192 21.9545 26.1151 24.1868 24.2281 22.8473 25.2982 29.8496
9.2195 9.8489 11.9583 7.5498 9.6437 15.1987 13.4536 17.4069 9.1104 8.9443 19.7990 5.4772 0.0000 6.2450 8.0000 7.7460 14.2478 14.2127 13.0000 9.3808 10.3923 5.9161 12.6886 11.0905 12.1244 15.1987 11.3578 5.9161 8.8882 3.3166 30.8545 30.6594 22.0907 26.3818 26.8701 25.1595 17.9444 24.4540 26.1534 24.1247 19.4936 26.4953 26.8514 20.3224 23.8956 24.7588 28.1425 24.4131 26.9815 19.0526 25.7294 26.9072 24.7386 23.6220 23.2809 25.4558 27.0740 22.3159 23.8537 24.9199 5.9161 6.2450 12.6886 21.2838 12.9615 10.5830 11.6190 16.8523 5.1962 13.0767 9.2195 20.3961 14.4222 14.8324 16.5529 12.8452 13.4907 8.7178 7.6158 12.8062 14.2478 6.2450 9.4340 11.6619 6.4031 10.9087 6.4807 10.2956 10.7703 12.5300 14.3875 13.1529 15.5563 16.4621 14.0712 23.0651 16.0624 19.4679 14.1774 18.0555 14.6287 17.2047 13.5647 15.6525 16.5227 16.2788 15.0665 14.5258 10.0000 11.7898 19.6469 16.8523 15.0997 19.8746 16.6132 15.4272 14.7309 20.8806 22.6274 9.3274 25.6125 23.1733 25.0000 28.6705 26.5141 18.1659 22.3159 24.3516 25.8457 20.4939 23.4947 22.2486 22.4499 23.7276 19.3907 25.2389 25.6320 25.7876 25.6905 23.8328 20.7605 28.0179 27.2580 22.2711 27.6043 24.5153 25.4362 23.3238 25.2190 31.4802
9.3808 6.3246 10.0995 8.4853 7.2111 11.9164 12.0000 13.9284 4.8990 9.2195 18.8944 7.5498 6.2450 0.0000 10.9087 7.4162 12.0000 13.2288 12.8062 8.5440 13.6015 9.0554 10.0995 9.8995 11.3137 15.4919 9.3808 4.8990 11.8322 4.4721 27.3679 26.7021 18.0278 22.3830 22.9129 21.7715 14.3178 21.1424 22.3383 20.4206 15.9060 22.5610 23.6220 16.3707 20.3470 22.2711 24.0208 20.4695 23.0434 16.7332 22.2935 23.3024 21.3307 21.7945 20.7605 22.4277 23.3238 19.2094 20.1990 22.0000 2.4495 7.4833 8.0000 18.9737 12.8452 10.9087 8.3666 17.0587 8.6023 13.8564 9.1652 16.9411 13.5277 16.0312 13.6015 12.2474 14.3875 7.5498 6.0828 7.8102 12.1655 6.1644 5.8310 10.0499 6.0000 7.4833 8.1854 11.1803 13.2288 16.6733 10.4881 10.2956 11.7047 13.1149 11.1803 21.4709 12.3693 17.0880 15.6844 13.9642 13.7477 15.3297 12.2066 12.4900 14.3527 13.4164 12.7279 13.7840 7.9373 11.5758 15.0665 12.8452 11.7898 15.9374 13.5277 14.4568 10.7703 18.9473 20.2237 5.2915 21.5639 19.1311 20.4939 25.1595 22.4499 15.0665 17.9722 21.1187 22.0227 17.4642 19.6723 18.3848 18.8944 20.0998 15.3297 20.8806 22.5832 21.1660 21.6564 20.9523 17.4929 24.8193 23.4094 18.5742 24.3516 21.0238 21.7715 19.1572 22.0681 27.9643
9.1104 13.3791 10.4403 9.9499 9.8489 14.5945 13.7477 17.0587 10.4403 11.9164 21.2132 9.3808 8.0000 10.9087 0.0000 9.3808 14.7986 11.4891 10.7238 11.0454 8.4853 7.8102 11.7047 14.3875 8.0623 10.5357 10.4403 9.5394 5.5678 10.5357 32.9848 33.8231 24.2074 27.2029 29.1890 27.0000 20.7846 24.8193 28.8444 25.7682 19.7484 26.9444 29.9833 21.2368 26.8514 28.1247 30.9192 25.8070 26.9072 22.7816 28.8791 28.3196 27.1662 27.8927 24.5357 28.3196 27.7669 25.1396 24.8797 28.7576 10.2470 8.3066 15.4596 24.1039 14.2127 11.3137 15.1987 11.0454 6.8557 10.1489 13.3791 24.6171 17.1464 9.8995 22.8910 10.7238 13.6382 11.8322 6.7823 16.4924 12.2882 8.6603 10.7238 15.7480 8.5440 13.6748 8.8318 15.6205 3.4641 8.3066 14.3178 15.1327 16.0624 17.5784 15.6205 18.1108 16.4317 17.1172 9.4340 21.7715 18.6548 17.2627 13.0384 14.7986 18.8944 14.5258 19.3649 13.6748 9.7980 14.1067 20.7364 19.5448 15.0333 22.5610 16.4317 11.3137 19.0000 18.8680 22.0907 11.5326 28.5307 26.5141 27.4408 32.2800 28.6531 19.9499 25.1396 28.0535 28.5657 22.1811 26.1916 24.2281 24.6982 25.3180 23.5372 28.7924 27.5500 28.1247 27.7128 27.3861 22.8254 28.7924 30.2159 23.3238 30.1330 26.2488 28.9310 25.4558 26.9815 34.6266
9.0000 6.7082 13.8203 10.8167 10.8167 16.4621 15.0000 16.5831 6.2450 13.2665 23.6643 5.4772 7.7460 7.4162 9.3808 0.0000 14.5258 14.6287 16.0312 8.4853 14.8324 10.9087 9.4340 14.3875 11.2694 16.8226 10.8167 8.8882 12.1244 7.1414 30.2655 29.2575 21.0713 25.6905 25.4165 23.3452 15.5563 23.9583 25.2982 22.0454 17.2047 24.6171 25.5539 17.4642 22.3383 24.3516 27.0555 22.8035 25.8457 17.8606 25.8070 25.3772 23.6643 23.3666 22.9347 25.4558 25.8650 21.5870 22.3830 25.1595 8.1854 6.8557 13.0000 23.3452 15.8745 14.0000 12.7671 14.2829 9.5394 15.0665 13.3041 22.0000 18.1108 15.3623 17.8326 13.6015 16.9115 6.9282 7.6158 10.0000 14.5258 8.4261 7.2801 12.8062 9.0000 11.4455 8.3666 14.2127 11.1355 14.7309 12.4499 13.6015 12.7279 15.7162 10.8628 21.0713 14.8997 18.9473 16.4012 17.7200 15.8114 17.6635 11.6619 15.1327 17.4642 15.5242 13.9642 14.7986 7.4833 10.7238 15.9374 16.7332 15.8745 19.0526 16.2481 15.1658 15.7797 21.5407 22.8035 7.6811 24.4131 21.3776 24.2693 28.8791 25.5930 17.1464 19.9499 24.7588 26.9072 19.0788 22.7156 21.5174 19.3907 21.4243 19.1833 24.3516 25.3969 23.3452 24.0000 22.8910 21.2368 28.0179 26.0576 20.7846 26.7955 24.3516 25.1197 22.0907 25.1396 30.3809
9.0554 12.1655 10.9545 10.0000 7.4833 9.8995 6.3246 5.6569 11.3137 9.8489 15.9687 12.7671 14.2478 12.0000 14.7986 14.5258 0.0000 12.6095 13.7113 8.3066 13.6748 11.8322 10.8628 8.7178 9.8995 18.7083 7.0711 9.3808 12.8062 14.4222 21.5639 22.2036 15.7797 18.8414 18.3030 17.3205 15.9687 16.3401 18.0278 17.0587 14.1774 17.1172 19.5959 16.2481 18.5472 19.7484 20.5183 17.1172 17.4069 19.7484 18.6279 17.8606 18.3576 22.6495 19.1050 21.0950 17.9444 15.4596 17.1464 19.5959 12.2474 10.3923 9.1652 13.6382 8.5440 6.8557 9.7980 19.6723 16.6132 11.5758 10.8628 15.3297 13.0767 17.2337 15.5885 14.7648 11.5326 9.8489 11.9583 12.5300 11.7473 11.6619 14.0000 8.0623 8.7178 6.3246 10.0499 13.0767 15.5242 17.2627 6.0000 6.9282 8.8882 6.4807 9.7468 16.1555 7.2801 10.0000 16.4317 10.6301 10.9087 6.4031 11.6190 9.4868 8.6023 7.4833 11.9164 8.7178 10.3441 10.8628 11.7047 8.7750 7.0000 9.6954 6.2450 13.2288 10.8628 13.4536 12.4499 11.8322 18.0278 18.3848 17.3205 21.3776 18.9209 16.2788 16.1555 20.1494 19.2614 13.8924 16.9411 16.6132 17.4069 17.7764 16.6433 21.0238 16.7332 20.2978 17.2916 21.4243 17.8326 18.8149 20.2978 17.4069 19.6723 17.2047 17.9444 18.0831 20.3224 23.5797
9.9499 15.5885 7.9373 9.4340 8.1854 9.6437 9.0000 12.2882 12.8452 10.1980 16.4317 15.0997 14.2127 13.2288 11.4891 14.6287 12.6095 0.0000 6.2450 14.7648 10.2956 10.5357 15.0665 12.2882 9.0000 10.0499 7.0000 10.4403 9.8489 15.3948 26.8328 29.4958 19.4422 19.2354 24.2487 22.1585 18.0000 16.2481 23.3238 20.4450 13.8564 21.1660 26.2488 15.9060 22.2036 24.3105 24.7386 20.0000 19.3391 21.1896 24.2074 21.7715 22.1811 25.1794 19.0263 22.5832 19.8746 21.9089 19.1572 24.7588 11.7898 11.7898 11.2694 17.8045 11.4018 10.4881 12.3693 10.5830 14.1067 5.3852 15.2643 20.3470 11.4891 7.0711 22.4054 4.1231 9.4868 14.1421 9.4868 17.8885 5.0000 9.9499 14.3875 14.6969 9.7468 11.5326 12.7279 16.6733 10.4881 13.7477 11.6190 12.2066 16.0000 15.7162 15.7480 14.3527 11.1355 8.7750 8.0623 18.5472 19.1311 11.7473 10.6771 7.4162 15.3948 9.4340 19.3649 8.1854 9.1652 16.7631 16.7929 14.4222 10.5830 20.0250 11.0454 5.6569 17.1756 8.6023 13.2665 13.0000 23.2809 23.3880 20.8567 27.7849 22.0227 15.6205 22.0454 23.8956 21.4009 18.7083 20.6882 18.4662 21.2132 20.1246 21.2603 24.3105 21.9773 23.4734 22.2261 23.5372 16.6433 21.0000 26.0960 17.0880 25.3772 18.8414 25.3969 19.7484 20.7364 29.0345
12.1655 17.0294 5.6569 10.0000 8.0000 8.4853 10.0995 14.3527 13.5647 9.4340 14.1774 15.7797 13.0000 12.8062 10.7238 16.0312 13.7113 6.2450 0.0000 15.5885 8.7750 9.4868 16.0624 11.5758 10.0000 7.4833 9.5917 10.1980 8.4853 14.6287 29.3087 31.7333 21.3776 21.7945 26.7021 25.3377 20.5670 19.3649 25.7876 23.6432 17.2916 24.0208 28.5657 19.5448 25.0998 26.4575 27.2580 22.6053 21.9773 23.2379 25.6320 25.0000 24.7184 27.2580 21.0950 24.5967 23.1084 23.8118 21.9545 26.2298 11.1355 12.9615 12.4900 18.5472 11.4455 9.6437 12.9615 13.4536 11.8322 6.7823 13.4164 20.3224 11.1803 9.3274 22.6495 6.9282 9.3274 15.5885 9.2195 18.7883 7.6158 9.7980 14.0712 15.8430 9.6954 12.7279 13.3041 16.4012 10.5357 14.0000 13.7113 13.4164 17.8045 17.0294 18.3030 17.0587 13.9642 12.1655 6.9282 20.0749 20.0250 14.1774 14.3178 10.5830 16.9115 11.7473 21.3542 11.6619 12.0416 18.4932 20.2731 16.2173 10.6301 21.5407 13.2288 8.6603 17.2047 11.4455 16.4621 13.8564 25.7488 25.5734 23.0651 29.0000 24.6982 17.6918 24.5153 24.9800 22.2036 21.3307 23.0868 20.4939 24.5153 23.4094 21.8403 25.8070 24.1661 26.0000 25.0000 25.7488 18.0000 23.1084 27.9643 19.7737 27.5862 21.1660 26.6833 22.0227 22.6053 31.6544
6.5574 7.0000 12.4499 9.3274 8.8882 13.9642 11.5326 11.4455 7.5498 10.9545 21.2603 6.0000 9.3808 8.5440 11.0454 8.4853 8.3066 14.7648 15.5885 0.0000 13.2665 10.1489 6.7082 11.6190 9.3274 18.4120 8.5440 7.8102 11.7047 9.4340 26.6458 26.0384 19.3907 23.8747 22.4944 20.7123 16.5529 21.9545 22.2261 20.5426 17.2047 21.8632 23.0000 18.1384 21.0950 22.6053 24.9800 21.4009 23.1517 19.1572 22.9783 22.8910 21.7256 23.5372 22.6274 24.6171 23.3880 18.6548 20.8087 22.9565 9.6437 5.7446 11.0905 19.8242 12.2474 9.3808 11.7898 18.1108 12.7671 13.3791 11.0000 19.6977 16.4924 16.7332 15.4919 15.0665 14.8324 6.3246 9.6954 9.3808 13.5277 10.1489 10.2470 9.1652 7.2801 7.9373 5.4772 12.0830 12.8841 14.3875 9.0000 10.3441 8.2462 10.3441 8.1240 18.3303 11.4018 15.6525 16.8819 13.7840 10.8628 12.7279 11.3137 13.3041 12.6886 11.7898 10.0499 12.0416 8.1240 6.2450 14.0000 13.7113 12.2474 13.3791 12.0830 14.7648 13.0000 19.1833 19.0263 8.7750 22.0454 20.1246 22.0227 25.6905 23.3024 18.3303 18.0000 23.3880 24.7790 16.3095 20.7364 20.5183 18.9209 20.7605 18.3848 23.8537 21.9773 22.9129 21.5870 23.3238 21.2838 25.1992 24.0208 20.9284 23.9583 22.5167 21.7945 21.5870 24.4131 28.0179
9.3274 16.5831 11.0000 7.2801 10.4403 14.1774 10.7238 16.4621 14.9332 8.0000 16.7332 12.2474 10.3923 13.6015 8.4853 14.8324 13.6748 10.2956 8.7750 13.2665 0.0000 5.3852 16.4012 11.6190 11.0905 12.6886 10.7238 9.6437 5.0000 13.1529 30.2655 32.5883 23.4947 25.2587 28.0000 25.7099 21.6333 22.1359 26.9072 25.0200 19.9499 26.0768 28.7228 21.8403 25.7488 26.1343 29.2233 25.0599 25.2982 22.9129 26.7582 26.4953 25.6905 26.3059 22.8910 26.0384 25.6710 23.8328 23.8956 26.5895 12.2882 9.6437 15.1327 19.7737 9.8995 7.6158 14.4568 15.4272 11.0905 6.2450 12.5300 22.4944 12.2474 9.7980 22.0907 10.3441 7.8740 13.8564 11.1355 19.7990 11.7898 9.9499 16.2173 14.1421 8.5440 13.0767 9.2736 12.9615 8.9443 7.2801 15.5885 14.0357 18.3848 17.4069 17.3205 19.2354 15.8745 15.2643 8.0623 20.7364 16.8523 14.0000 13.2665 13.8924 16.0312 14.1774 19.2094 10.6301 12.1655 14.7986 22.0000 18.1108 14.2127 21.8861 15.0997 11.2250 18.4120 15.3623 18.2757 14.6629 27.1293 26.5141 25.8263 30.0666 26.7395 19.8997 25.4951 26.2488 25.6905 21.3073 24.5357 23.1301 25.1396 24.9199 23.6643 28.3725 24.8797 28.5832 26.6458 26.4575 21.0950 25.7488 29.3769 22.8473 28.2489 23.7276 27.5500 24.7790 24.9399 32.5730
7.3485 12.4900 10.0995 3.7417 7.7460 13.1149 9.3808 15.2315 11.2250 5.0000 15.9687 8.1854 5.9161 9.0554 7.8102 10.9087 11.8322 10.5357 9.4868 10.1489 5.3852 0.0000 14.0712 8.2462 10.5830 13.7113 8.9443 5.0990 5.0990 8.2462 28.6182 29.7153 20.9045 23.9792 25.4755 23.5372 17.9722 21.2838 24.5561 22.6053 17.8045 24.5967 25.6905 19.3907 22.8910 23.2809 26.5895 22.7376 24.3926 19.3907 24.1454 24.5967 23.2164 23.0000 21.0000 23.6432 24.4131 21.0950 22.0907 23.5797 7.8740 6.0000 11.9164 17.8885 8.5440 6.4031 10.3923 15.7162 7.8740 8.2462 8.4853 19.0526 10.5357 11.7898 17.5784 10.1980 7.9373 9.4340 8.1854 15.4596 11.6619 5.4772 12.4900 10.2470 4.6904 9.6954 5.9161 9.2195 9.3274 9.7980 13.2665 11.1355 15.9060 15.2315 14.2478 20.6640 14.1067 15.7480 10.4881 17.3494 13.8203 13.4536 11.7898 12.9615 14.0000 13.7113 15.5563 10.2956 9.5394 12.0000 19.1572 15.0665 12.6886 19.1311 13.8203 12.3693 14.5602 16.4621 18.5203 11.0454 24.3105 23.1084 23.4521 27.2947 24.6982 17.0000 22.2486 23.2379 23.5584 19.1050 21.9773 20.6398 21.9317 22.3607 19.6723 24.8998 23.1084 25.4558 24.1454 23.0868 18.8680 24.7386 26.3059 20.5670 25.8263 21.8632 24.4540 22.1133 23.0868 29.7993
9.7980 8.2462 11.7473 13.4164 10.0000 13.0384 14.2829 11.3137 6.4807 14.9332 23.8956 10.4403 12.6886 10.0995 11.7047 9.4340 10.8628 15.0665 16.0624 6.7082 16.4012 14.0712 0.0000 15.4919 7.8740 16.8523 9.4868 11.1355 14.1421 12.4900 28.5482 27.8747 20.4206 24.3105 24.0624 22.5832 18.0831 22.8692 24.1454 21.8403 17.4069 21.8861 25.6515 18.1659 23.1084 25.9230 26.6271 22.2036 23.0000 21.7256 25.3969 24.3926 23.8118 27.1477 24.4745 26.9629 24.1661 21.1896 21.5870 26.1534 11.2250 10.1980 12.2474 23.1948 16.3401 13.1529 14.6287 16.2788 14.2829 15.0997 14.9666 22.4277 19.9249 16.8819 19.4679 15.2971 18.4120 10.4403 9.3274 9.2195 12.9615 12.6491 8.2462 14.1774 10.4881 10.8628 10.6301 17.5784 13.1529 17.0880 8.4853 13.1909 6.8557 11.6619 9.9499 15.3297 11.7898 15.4272 17.6068 16.4621 16.1555 15.1987 12.7671 13.1909 16.4317 11.1355 14.4222 14.7648 8.7750 11.3137 13.5277 15.8430 12.6886 15.2971 13.1529 13.9642 15.6205 19.5704 20.3224 9.0554 23.8956 21.7715 22.9347 28.3019 24.6171 19.6214 19.1050 25.9230 26.5141 18.3576 22.6053 21.7256 20.5183 22.0000 20.3224 25.2190 24.3721 23.2379 22.9565 25.9037 22.7156 26.6833 25.8070 21.5639 26.3629 24.2487 24.2899 22.4277 25.9037 30.4959
10.7703 13.2665 11.0454 7.0711 7.2111 10.8628 5.8310 12.4900 12.2474 5.0000 10.4403 12.2882 11.0905 9.8995 14.3875 14.3875 8.7178 12.2882 11.5758 11.6190 11.6190 8.2462 15.4919 0.0000 13.4164 17.8885 9.5917 6.4807 11.0454 11.1355 22.7816 23.3452 15.5242 19.2094 19.5704 18.9737 14.4568 16.7033 18.8944 17.8606 14.5945 19.8242 19.5959 16.5529 18.1108 17.8885 20.2731 17.3494 19.6214 16.9706 17.5214 19.0526 18.1934 19.0526 16.7033 18.3576 19.5448 15.5885 17.8885 17.3205 9.2736 10.1980 8.8318 10.5830 5.5678 6.4031 4.8990 20.3715 13.0384 11.6619 5.2915 11.0905 6.8557 17.1756 12.5300 13.5647 7.4162 9.4340 11.0000 13.8203 13.1149 7.6158 13.8564 6.0828 6.9282 6.6332 9.9499 7.9373 15.5885 17.2047 10.8628 6.6332 14.5945 11.4018 13.0000 22.2486 11.4455 14.2829 15.0333 11.5326 10.9087 10.3441 12.8452 11.3137 9.5917 12.4900 13.4907 10.0995 11.7047 13.2665 15.6525 8.6603 9.0000 14.0000 10.4403 14.6629 8.4853 14.7309 15.1327 11.5758 18.1384 18.1108 17.4356 20.3715 19.3391 13.2288 17.5214 17.0294 16.6433 15.5242 16.4012 15.2315 17.9722 17.9444 13.8203 18.8680 17.0880 20.3961 18.4120 18.1934 14.1421 18.8680 19.7990 16.1555 19.7231 15.9374 17.6635 16.8226 17.9722 23.1517
7.7460 12.1655 6.9282 10.3923 7.0711 9.6954 10.8628 10.3923 9.1652 11.7898 20.1246 11.6190 12.1244 11.3137 8.0623 11.2694 9.8995 9.0000 10.0000 9.3274 11.0905 10.5830 7.8740 13.4164 0.0000 10.9545 5.6569 9.5917 8.9443 13.4164 29.1719 30.2159 21.4243 23.5584 25.6710 23.9165 19.6723 21.0000 25.2784 22.7376 16.7631 22.6053 27.3861 18.7083 24.4949 26.7582 27.5500 22.5610 22.2486 23.3238 26.2869 24.5561 24.7184 28.1247 23.4307 26.8142 23.4094 22.7376 21.9545 27.0924 10.8628 9.4868 12.0000 21.1660 13.2288 9.4340 13.9284 11.6190 12.4900 8.3666 14.1421 22.3383 16.4621 10.5357 22.0227 10.0000 13.3791 11.7047 7.2801 14.1774 8.1240 10.3923 10.3923 14.3178 8.4853 10.9545 10.0499 17.2916 7.9373 12.4900 9.1652 12.7279 11.5326 13.4164 13.2288 11.4455 11.0905 11.0454 11.4018 18.4662 17.7482 12.6886 11.7047 10.3923 16.1864 8.7178 17.6068 10.9545 7.8102 13.6382 15.9060 15.7162 10.7238 18.1108 11.6190 8.7750 17.0880 14.3178 16.9411 11.3137 25.3180 24.4540 23.5372 29.6142 25.2190 19.2094 22.2036 26.7208 25.6320 19.7231 23.4307 21.7715 22.5167 22.8035 22.2935 26.7955 24.4540 25.2587 24.1454 26.7769 21.6333 25.0998 27.5681 21.0476 27.3679 23.2379 26.2298 22.9565 25.1992 31.4960
15.2971 19.0788 8.7178 14.8324 12.5698 12.6491 16.4924 18.5472 15.2315 15.3297 21.0476 17.9722 15.1987 15.4919 10.5357 16.8226 18.7083 10.0499 7.4833 18.4120 12.6886 13.7113 16.8523 17.8885 10.9545 0.0000 13.2665 14.4222 11.4891 16.9706 35.2562 37.2961 26.5895 27.0740 32.2645 30.6920 24.8395 24.8797 31.4484 28.7228 21.4709 28.7576 34.3220 23.3238 30.2655 32.4654 32.9697 27.7308 26.9258 27.6405 31.7962 30.6105 30.3150 32.6956 26.6646 30.4795 28.3901 29.4449 26.9444 32.4654 13.9284 16.0624 16.9706 25.5343 18.1384 15.2643 18.4932 10.5357 12.6491 11.0454 18.5472 26.5141 18.0831 8.8882 27.8029 8.9443 15.9687 19.1050 10.7238 21.0950 10.4881 13.5647 14.4222 21.2838 13.9284 17.7200 16.7631 21.9317 9.7468 14.9666 17.4929 19.1311 20.6155 21.7715 21.8403 16.8226 18.3030 16.4317 9.0554 25.5539 25.3574 19.8746 17.7482 15.0997 23.0217 15.7480 25.7294 16.9706 14.3875 22.0454 23.8118 21.8861 16.0935 26.5707 18.5742 10.9087 22.6274 16.4621 21.9317 16.4924 31.4166 30.5287 28.4253 35.3129 30.2655 22.4277 29.1376 30.9839 28.5482 26.4764 28.7576 25.9230 29.0689 28.3196 27.0000 31.0161 30.4631 30.4302 30.4467 31.0966 23.5797 29.2916 33.5857 24.5967 33.6303 27.2764 32.7109 27.0740 28.2312 37.6829
5.2915 10.0995 7.0711 6.9282 4.6904 8.2462 6.9282 7.7460 8.4853 8.1854 17.2337 10.5357 11.3578 9.3808 10.4403 10.8167 7.0711 7.0000 9.5917 8.5440 10.7238 8.9443 9.4868 9.5917 5.6569 13.2665 0.0000 6.6332 9.5917 11.9164 24.7588 25.9808 17.4069 19.5192 21.5174 19.6977 15.6525 16.6433 20.7123 18.5203 13.0767 19.1572 23.0651 14.8324 19.7990 22.1811 22.8254 18.5742 18.8414 19.3907 21.8861 20.1246 20.3715 23.4734 19.5704 22.1133 19.2354 18.6279 18.1108 22.4944 8.7178 7.6158 7.4833 16.3707 9.8489 7.1414 9.5917 13.4536 13.0384 7.2111 12.0000 17.9165 12.0416 11.1803 17.9165 8.3666 10.3441 9.1104 7.2801 12.2066 6.3246 8.1240 10.7703 9.9499 5.8310 6.4807 8.4261 13.8203 10.7238 13.7840 6.4807 8.7178 10.2470 10.6771 10.4403 13.7477 7.0000 8.8318 12.1655 14.0357 14.2478 8.6603 8.5440 6.6332 11.9164 6.7823 13.8564 7.0711 5.1962 11.5758 12.3693 10.8167 8.3066 14.6287 8.1854 8.4261 13.2665 11.5326 13.0000 9.3808 20.6640 20.3470 18.9209 25.2389 20.6398 15.3297 18.3030 22.2711 21.0950 15.9687 18.7350 17.5499 18.5203 18.6548 18.5203 22.5389 20.0998 21.4009 19.8746 22.2036 17.3781 21.0713 23.4521 17.1172 23.0868 18.6011 22.1359 18.6815 20.9523 26.6833
6.4807 8.4853 8.4853 4.0000 4.8990 10.4881 8.2462 12.2474 7.4833 4.7958 15.9060 7.1414 5.9161 4.8990 9.5394 8.8882 9.3808 10.4403 10.1980 7.8102 9.6437 5.0990 11.1355 6.4807 9.5917 14.4222 6.6332 0.0000 8.4853 6.1644 26.0576 26.3629 17.7482 21.4709 22.3830 20.9284 14.7986 19.2094 21.5174 19.7737 15.1327 21.7025 22.8910 16.3707 19.8997 21.2132 23.4307 19.8242 21.8403 17.2047 21.4243 21.9773 20.6640 21.2368 19.5704 21.5174 21.9089 18.3576 19.5448 21.1660 4.0000 5.2915 7.4833 16.1245 8.8882 6.5574 6.9282 16.2173 8.7178 9.8995 7.2111 15.9687 10.1489 13.6015 14.1067 10.1980 9.8489 6.7082 6.0828 10.7238 10.2956 4.0000 9.0554 7.5498 2.0000 5.6569 5.7446 9.0000 11.3578 13.7113 9.6954 8.3666 12.2882 12.0830 11.0905 19.8242 10.8167 14.4222 13.0384 13.5277 12.0416 11.9583 10.4403 10.5830 12.0000 11.5758 12.4900 10.0995 7.0000 10.5830 15.1327 11.3578 10.1489 15.4272 11.4455 12.2882 10.7703 15.8430 17.1172 7.4833 21.0476 19.6977 19.9499 24.5153 21.7715 14.6629 18.5203 20.6882 20.9523 16.7033 19.0000 17.8326 18.9473 19.6469 16.2173 21.4942 20.9284 21.8632 21.0476 20.7123 16.7332 22.8910 23.1948 18.0278 23.3452 19.5448 21.4009 19.0000 21.0476 26.9815
9.0554 15.0997 9.7980 7.7460 8.4853 13.3417 10.3923 15.9374 12.3288 8.8882 16.7631 10.7238 8.8882 11.8322 5.5678 12.1244 12.8062 9.8489 8.4853 11.7047 5.0000 5.0990 14.1421 11.0454 8.9443 11.4891 9.5917 8.4853 0.0000 11.5758 30.7734 32.1092 22.7816 25.3969 27.4408 25.4951 20.1742 22.5610 27.0370 24.3105 18.6815 25.6710 27.9285 20.8806 25.5343 25.8070 28.9310 24.1039 25.1595 22.1811 26.5141 26.2107 25.3574 26.1343 22.1585 26.0576 25.7682 23.3452 23.5372 26.3059 10.7703 8.4853 14.6969 20.2978 10.1489 7.9373 13.1149 13.2288 8.2462 7.3485 10.7703 21.7945 13.5277 10.0499 21.6102 10.3923 8.7750 11.5326 8.3066 17.7482 11.9164 7.4833 13.1909 13.6015 7.4833 12.4900 8.5440 13.3041 5.7446 8.0000 13.9284 13.0384 16.9411 16.5529 15.9687 18.6815 15.5242 15.2315 7.6158 20.2731 17.0000 14.6629 13.0000 13.7113 16.4924 13.6382 18.9737 11.0454 10.8167 14.2829 20.6155 17.4642 13.0767 21.4009 14.5258 11.0905 17.4356 16.2173 19.4165 12.9615 26.7395 25.6125 25.8070 29.8161 26.9444 18.5203 24.5561 25.8457 25.7488 20.9523 24.4336 22.4054 23.8118 23.9583 22.1585 27.3130 24.9399 27.3130 25.9808 25.6320 20.7846 25.7682 28.3196 21.7486 27.8029 23.6220 26.7955 24.0208 24.7992 32.1870
10.1980 8.0000 12.8841 8.7178 10.0995 15.4272 14.0712 17.3205 8.1240 9.8489 20.3224 5.7446 3.3166 4.4721 10.5357 7.1414 14.4222 15.3948 14.6287 9.4340 13.1529 8.2462 12.4900 11.1355 13.4164 16.9706 11.9164 6.1644 11.5758 0.0000 29.7825 28.9310 20.7605 25.5930 25.4755 24.0416 16.2173 24.0208 24.7992 22.9129 18.7350 25.5930 25.3377 19.1311 22.3159 23.4947 26.5895 23.2594 26.4008 17.4356 24.3926 25.9037 23.5160 22.1133 22.6936 24.2693 26.3439 21.0476 22.9347 23.4947 4.8990 7.2111 11.5758 20.8327 13.8924 11.9583 10.5830 18.2483 7.0711 15.0333 9.2736 18.9473 14.7309 16.8819 14.2478 14.0000 15.0000 7.9373 8.1854 10.4403 15.0333 6.7823 8.3666 10.9087 7.2111 10.1980 7.6811 10.1489 13.2288 15.4919 13.9284 12.7279 14.7309 15.8745 13.0767 24.1868 15.6525 20.1494 16.4924 16.4621 13.9642 17.5784 13.7477 15.7480 16.1864 16.6733 13.5647 15.4272 10.0499 11.6619 18.2483 15.7162 15.1987 18.6011 16.6433 16.7033 13.1149 21.7025 22.9129 8.1240 24.0208 21.2603 23.5372 27.1846 25.2587 17.1172 20.4695 22.8473 24.7588 19.6214 22.1133 21.0713 20.9045 22.4944 17.4069 23.2809 24.8193 23.9583 24.3516 22.2036 19.8494 27.5681 25.6125 21.2838 26.4008 23.6643 23.8747 21.8861 24.3105 29.9333
26.0192 26.4008 28.4077 25.7876 25.1992 25.1197 21.2368 20.9523 27.4044 25.0599 24.2487 29.2916 30.8545 27.3679 32.9848 30.2655 21.5639 26.8328 29.3087 26.6458 30.2655 28.6182 28.5482 22.7816 29.1719 35.2562 24.7588 26.0576 30.7734 29.7825 0.0000 9.6954 12.1655 12.4900 8.2462 9.4340 18.2209 12.6491 6.4807 11.0454 17.1464 10.3923 11.4455 16.9411 11.0905 12.2882 8.2462 11.6619 11.9164 19.5704 9.1652 8.1240 10.2956 17.9444 16.3095 12.4097 10.0499 11.0454 11.8743 11.7047 27.7669 27.1477 21.7945 16.5227 22.0454 25.2982 21.4709 34.5543 33.4515 27.9821 26.1725 18.4391 22.5832 32.4037 21.3542 28.8271 25.0998 25.2190 28.8791 25.8457 26.4386 27.3313 30.3480 20.9762 25.8650 21.0950 26.9072 24.0416 33.6452 34.3366 21.1896 18.9473 22.4054 17.9165 20.8327 30.5614 18.9209 22.0681 31.2570 15.0333 19.7484 18.2209 22.0000 20.7605 15.6525 21.6102 20.6640 21.4709 25.3377 24.2693 17.7200 16.4924 21.3073 15.9687 18.4932 26.6083 18.7350 22.4054 17.2047 25.0400 8.9443 13.4536 9.9499 10.1980 8.4261 18.8149 13.6382 13.3791 13.6382 13.2665 9.4868 13.3791 15.3623 13.1529 18.2757 15.0000 8.1854 14.1774 8.9443 16.4317 17.2916 11.0000 11.9583 15.6844 8.8318 11.4455 12.2882 13.2665 13.4164 10.5357
27.1109 25.1992 29.8161 27.0740 25.9422 26.6646 23.1733 22.3830 26.6271 26.4953 26.3818 28.6705 30.6594 26.7021 33.8231 29.2575 22.2036 29.4958 31.7333 26.0384 32.5883 29.7153 27.8747 23.3452 30.2159 37.2961 25.9808 26.3629 32.1092 28.9310 9.6954 0.0000 13.0384 17.2047 7.7460 11.1803 16.6733 18.0000 8.6023 12.2474 18.6548 13.0384 8.1854 18.1384 11.0000 12.2066 8.9443 13.1149 16.6132 18.8414 9.2736 10.8628 11.9164 16.6733 18.7617 14.7648 15.2643 10.5830 14.5258 11.0905 27.5862 27.4773 22.3383 18.5203 23.9165 26.7582 21.2838 36.2767 33.3916 30.7409 25.5539 17.1464 25.0599 35.2420 18.4391 31.2890 27.6043 24.0416 29.1548 23.3238 29.0000 27.5500 29.1719 20.5426 26.5141 21.4709 27.3861 24.2487 34.8425 36.3456 21.4709 19.6723 21.7715 18.1384 19.9499 33.2866 20.5913 25.4755 34.1614 13.9284 19.2354 21.1660 24.0000 23.3880 17.6918 23.8537 19.2614 24.2693 26.0000 24.1039 16.8523 16.6132 22.8035 14.6629 20.5426 29.6648 17.6918 26.8701 22.0907 24.7588 8.0000 11.0000 11.9583 8.3666 12.0416 19.3391 11.0454 13.3791 16.1864 14.6969 11.0454 14.4568 13.5647 13.4536 15.7480 12.7671 11.5326 11.9583 9.3808 15.2315 19.4165 15.9687 7.9373 17.5499 8.3666 14.9332 9.1104 13.8564 16.3095 8.0623
19.1050 18.1384 20.2237 18.6279 16.6433 17.5214 14.6629 15.7797 17.8606 18.1659 18.6548 21.3073 22.0907 18.0278 24.2074 21.0713 15.7797 19.4422 21.3776 19.3907 23.4947 20.9045 20.4206 15.5242 21.4243 26.5895 17.4069 17.7482 22.7816 20.7605 12.1655 13.0384 0.0000 9.7980 7.7460 8.7750 8.8318 10.2956 8.4853 6.4807 8.4853 8.3666 10.7238 8.4261 7.8102 10.3441 8.8318 5.4772 10.1980 12.0416 8.0000 8.6023 7.3485 14.1421 9.7980 8.9443 10.0499 6.9282 6.4031 9.8489 18.5742 19.4165 14.1774 14.2478 16.0000 18.9737 12.7671 25.9615 23.7697 21.6102 17.9722 12.9615 16.6733 25.1396 15.6205 21.0476 19.0788 16.9115 19.2873 17.2627 19.3649 18.1384 20.3224 14.6287 17.6918 13.5277 19.4936 17.4356 25.1396 27.6225 13.3041 11.0000 15.2971 11.5326 13.4907 25.6125 12.7279 17.2916 23.3880 9.6954 14.9666 14.4222 14.6969 13.6015 11.2694 15.1987 15.7797 15.9060 17.1464 18.1384 11.3137 10.0995 13.6382 12.4499 12.3288 19.2354 10.4403 18.1108 15.8114 15.3297 7.4833 7.2801 7.2801 11.5758 8.0623 8.8318 7.7460 8.5440 10.7703 8.1240 5.4772 5.5678 9.3808 7.4162 9.2736 8.5440 8.7750 8.0623 6.6332 10.7703 9.3274 11.2694 9.3274 6.9282 9.7980 8.0623 10.1489 4.8990 8.4853 14.1774
21.9773 23.0434 21.7486 21.4243 19.4679 18.6279 16.6433 16.8819 21.9773 20.7846 19.8494 26.0000 26.3818 22.3830 27.2029 25.6905 18.8414 19.2354 21.7945 23.8747 25.2587 23.9792 24.3105 19.2094 23.5584 27.0740 19.5192 21.4709 25.3969 25.5930 12.4900 17.2047 9.7980 0.0000 11.4891 11.0000 14.8324 6.4807 11.1355 9.6954 11.2250 9.7980 16.4012 11.0000 12.5300 15.3948 10.6771 9.0554 6.3246 17.3494 12.5698 9.2736 10.7703 18.9209 11.0454 10.9545 6.7082 14.1421 7.6811 14.9332 22.4277 23.1733 16.7033 15.5242 18.3303 21.5870 17.0000 26.5707 27.6948 22.1133 22.9565 17.1464 17.6068 25.0200 21.6795 21.0950 20.4450 22.2261 22.6274 22.8035 19.0000 21.8861 24.7184 19.4422 21.2368 17.2916 23.4947 21.9089 27.4591 29.5127 16.6433 15.0665 19.2873 16.0935 18.6548 24.7386 14.6969 15.7797 23.8118 14.8997 20.6398 15.6844 17.4929 13.8203 14.6629 15.8430 20.8087 16.8226 20.0998 22.7376 15.2971 13.7840 15.2971 16.8819 13.4164 19.0788 16.6433 15.2315 13.4907 19.6723 11.1355 13.9642 9.0000 15.3623 6.5574 13.0384 13.7113 13.7477 9.8995 12.0000 8.9443 8.3066 14.2127 10.3441 15.9374 13.1529 10.4403 12.1244 10.0000 15.5563 9.9499 8.0623 14.5945 9.0554 13.1149 6.7082 15.2643 8.7178 8.7178 16.5831
