0.0000 9.9374 10.6288 11.2934 11.2412 15.1874 10.2021 10.3475 10.7575 11.5385 12.6138 9.6240 15.6303 11.9007 10.3247 10.8464 16.4854 10.2906 12.0741 10.0972 11.1483 9.2303 12.5607 15.3926 15.2911 12.1054 10.9836 11.5084 11.5337 11.2114 25.4330 18.5563 23.6171 21.0695 17.7655 21.6304 18.0353 19.8001 19.6920 17.6051 22.6923 16.6761 11.0938 14.9751 14.6033 23.0497 13.5060 19.3867 22.4231 25.0380 18.3911 15.5690 21.1353 16.3083 17.4891 21.1528 20.9787 14.5970 15.8934 14.8930 10.4429 12.4637 9.7805 8.8252 17.0947 8.1220 8.4745 11.9557 10.9171 12.9990 10.6604 9.7601 6.7658 10.7933 7.6897 12.0605 14.0622 7.2682 9.6273 11.7394 11.0169 9.8707 6.9632 10.8563 10.8130 10.7309 10.9120 19.0332 12.4429 11.9857 13.5446 11.0212 11.7390 18.1504 16.5479 10.8685 12.7877 12.3215 9.4655 12.6866 21.6162 11.8042 13.0110 10.8833 13.1123 12.6844 9.2733 12.0048 11.0999 14.0459 10.8485 11.1589 9.5543 8.9684 10.3149 10.8070 12.6762 11.9184 11.2680 12.0164 10.8341 11.0165 12.9682 17.9872 12.8884 11.2183 22.3618 14.7836 11.2844 14.1120 14.0170 24.3233 9.5886 15.5256 12.3071 17.3796 18.9463 26.3053 14.3567 15.9743 15.3498 20.2767 13.6536 15.3253 22.6518 9.8186 10.7215 15.1122 22.9664 15.9602
9.9374 0.0000 10.4374 12.5464 13.5942 13.3447 8.2608 10.3084 12.1719 13.8447 12.8417 11.7807 13.5575 13.5583 11.0458 9.0945 14.9136 11.1074 12.7933 11.8380 12.9383 12.0347 10.6610 13.5349 13.3049 9.3113 9.7298 11.5651 10.5081 9.6071 26.2456 19.4443 25.2938 22.1405 19.5379 22.3329 18.6606 20.5151 22.1172 19.6365 24.0286 18.6126 11.8727 17.4400 14.3576 24.1344 16.0973 20.6506 23.9424 26.5600 19.8709 16.1781 23.2558 17.1363 18.1909 22.9023 22.6222 15.1045 16.7852 15.5027 12.5207 14.0236 11.4971 11.0753 20.1997 8.0530 9.6097 14.0454 10.6541 11.7793 12.3162 12.5112 10.3500 13.1899 8.3356 11.8271 15.4219 10.6640 11.9150 10.6256 9.3268 11.2554 9.5803 12.7415 10.3911 12.2700 10.2882 20.2406 11.2526 12.1693 15.5577 11.4676 11.4229 19.0496 18.0859 11.0126 11.8742 10.0401 8.5554 14.3812 22.0745 13.7746 14.8277 13.7157 14.9658 15.6747 10.5459 12.0931 12.0995 12.9099 10.5670 9.9363 13.4808 10.0463 11.6633 9.5186 15.2926 13.8907 13.1486 14.6657 12.2009 12.8784 14.6819 21.1681 14.4890 14.1212 23.0587 16.4867 12.7043 13.8785 15.6495 25.9253 11.0753 17.6778 11.5441 19.7556 21.7074 28.1748 16.8517 17.4705 16.7191 21.5750 17.1511 16.5294 24.6663 12.3500 12.2813 13.8312 25.0371 17.9299
10.6288 10.4374 0.0000 6.6992 10.1085 11.1630 11.8864 6.6169 7.9176 10.1299 14.9650 8.1303 10.7372 9.7650 7.3346 5.4638 12.5786 7.5322 7.4299 6.7347 8.2624 13.5744 6.6597 10.7978 10.9858 10.8184 5.5942 7.0107 5.8858 4.5977 28.5758 22.3349 27.0609 24.2287 21.5103 24.8457 20.6132 22.7631 23.6175 21.6043 25.9331 20.5725 14.2407 19.3880 17.3771 26.2412 17.7898 22.9649 25.9508 28.3876 21.8215 18.6496 25.0755 19.7415 20.4613 24.8519 24.6688 17.0590 19.2154 18.1780 7.6995 9.7564 13.1686 10.5577 21.8630 10.0201 11.2919 15.0522 4.9946 6.2673 7.5557 13.2976 12.0369 14.6334 10.5271 7.8468 17.1627 12.7422 12.6536 5.6634 13.2634 5.6122 8.6351 9.0549 11.2748 9.5216 7.5261 22.1088 7.9505 8.9027 12.4414 14.3316 9.2450 21.1850 20.0547 5.4338 11.4370 6.7208 11.6403 16.1871 24.8678 9.7664 16.8399 11.4420 13.4576 17.2128 7.1547 10.8086 9.8415 11.7979 7.0530 5.2355 14.9275 12.6373 10.0038 6.5482 13.1401 10.9766 10.4183 11.4194 8.0030 9.8629 12.4661 22.9859 17.1441 15.9580 25.5677 18.4723 15.5802 16.9438 18.4524 27.6682 13.0971 19.2601 9.1800 21.7010 23.1859 29.9724 14.6009 19.6513 19.0826 23.4580 18.0573 19.2490 26.4823 13.9042 9.0858 17.4496 27.0234 19.7083
11.2934 12.5464 6.6992 0.0000 9.1536 14.8048 13.8048 6.8138 10.6181 10.5056 14.5579 7.3495 14.2990 9.0796 7.7793 7.2943 15.9560 8.2852 10.2430 9.1048 9.5841 13.8883 10.5286 14.3857 14.5622 11.9536 8.1296 7.5179 6.9749 8.2071 28.1654 22.1256 26.4125 23.6116 20.9103 24.2971 21.2554 22.4116 23.2375 21.2039 25.3802 19.7355 14.3953 18.8872 17.3786 25.6796 17.0617 22.8405 25.2498 27.4422 21.3191 18.5665 24.3284 19.7479 20.2621 24.2417 23.9186 16.9619 19.3770 18.3298 8.9154 8.6461 13.9641 9.8698 20.8278 11.0839 11.7150 14.2669 6.1436 9.7440 8.1451 13.8093 12.4284 15.8099 11.8371 8.0851 16.7985 12.3150 12.7231 8.8628 13.9379 6.1469 10.3972 7.9925 13.6307 9.3479 9.7751 21.1886 10.6724 8.6570 10.8893 14.3640 9.4680 20.3516 18.7197 7.3280 11.9557 10.6282 12.6303 15.1813 24.1595 11.4287 16.4835 10.6039 13.1046 16.7011 10.2980 11.3950 10.0353 11.6023 7.2021 8.2149 13.6022 13.0776 10.7442 8.6386 12.2125 10.1692 9.4217 9.3844 10.0647 11.3984 11.3457 21.8846 17.2747 15.1418 24.8660 17.7339 15.8736 17.3527 17.9660 26.7553 13.9555 18.3519 10.4718 20.6771 21.9652 29.0238 13.4224 19.6736 18.5516 22.5232 17.3884 19.0065 25.5084 14.6119 9.2752 18.0920 26.3589 18.9520
11.2412 13.5942 10.1085 9.1536 0.0000 16.2539 15.3755 9.6066 10.9368 8.3331 13.5872 7.5142 16.4681 3.8834 8.4717 10.1431 17.3983 8.4062 12.0411 10.6716 7.9935 14.2004 13.1686 16.3166 16.2423 15.8493 10.3857 9.8112 10.7259 11.3050 25.8243 20.0287 23.9867 21.2608 18.1990 22.1751 19.8099 20.0771 20.9151 18.7090 22.5501 16.1756 12.6411 14.9652 14.6416 23.4764 13.6384 20.3763 22.6572 24.7725 18.5715 16.2308 21.2055 18.4592 18.5401 21.3852 21.5621 13.4746 16.8676 15.3135 7.4423 8.4991 14.4989 8.6196 18.5695 11.7684 10.8034 12.2652 9.5064 13.6078 7.3781 13.9199 12.7312 15.9141 11.2152 7.9150 14.6368 11.6892 11.2538 11.7954 14.9465 7.7276 11.8062 7.9307 14.9544 8.7056 10.2299 19.8021 12.2086 7.5593 5.5812 14.3450 7.5383 17.2422 16.4725 9.8375 11.6675 12.5693 13.2658 12.3512 22.5460 9.4694 14.8999 8.7490 8.7490 14.5650 10.0728 10.9670 9.1852 9.6626 8.2080 10.8007 12.8733 13.6504 8.7917 11.0342 5.9430 4.8934 4.8226 7.0092 10.3461 10.1557 6.2044 17.8320 14.2806 11.3601 22.5348 14.7901 13.7952 16.7293 15.9364 24.4421 11.5536 14.2010 9.6685 16.6821 18.5472 26.3593 7.7339 16.6150 16.5712 20.0321 13.3102 16.5782 23.1346 12.1754 6.8338 17.8398 23.7140 16.1698
15.1874 13.3447 11.1630 14.8048 16.2539 0.0000 14.5484 12.2771 12.1655 15.4655 19.3708 14.4450 3.4630 16.1140 13.1263 11.1699 6.1549 13.5984 11.8043 11.4597 13.5261 18.1402 10.2953 2.2419 2.0540 15.5043 11.1507 13.6033 12.2892 10.3372 31.2824 25.6465 29.8635 27.2463 24.9610 27.5411 23.3651 25.9254 26.7193 24.8665 28.9913 24.0046 18.0918 23.0379 20.8984 29.0387 21.7908 25.7832 28.9855 31.6421 25.2517 21.8722 28.2556 23.1030 23.7838 28.0439 27.8553 20.7276 22.3629 21.5298 13.1017 16.4993 17.3881 16.2201 25.4045 15.0461 16.0570 19.8026 12.2664 11.4108 14.0064 17.4563 16.6511 18.2719 14.3690 14.8117 21.5762 17.9216 17.1717 9.9848 16.7448 13.5119 13.5652 15.5400 13.6555 14.9805 11.7580 25.7634 11.6662 14.2291 18.1414 18.5337 14.7703 24.7249 24.0277 12.6895 14.5780 9.8569 16.0514 20.8417 27.7867 14.6234 20.8280 16.3233 17.8180 21.3657 11.0955 14.6334 14.5583 16.0477 13.3961 11.0294 19.9579 17.2809 14.6299 11.1878 17.9292 16.5401 16.0696 17.6771 12.3710 14.4438 17.7970 26.7115 20.6902 20.5604 28.5017 22.3526 19.2620 20.1588 22.3056 30.9466 16.7820 23.3827 14.3229 25.3984 27.0380 32.9590 19.6587 22.6959 22.6864 26.7770 22.0096 22.8382 29.9002 16.9768 14.3425 20.3083 30.0729 23.4462
10.2021 8.2608 11.8864 13.8048 15.3755 14.5484 0.0000 11.8343 13.5107 15.0525 13.2251 14.0950 14.7677 15.4733 13.6055 11.3972 15.7611 13.8133 13.1049 12.7901 13.5064 10.8742 11.7145 14.6069 14.5248 8.5887 11.2494 13.9689 12.0775 11.1895 27.1397 20.5304 25.7042 22.6315 20.4300 23.3626 19.2623 21.9798 21.5734 20.4232 24.7162 19.4830 14.3949 18.7871 17.0329 24.6226 17.6435 21.3460 24.4248 26.5223 20.5794 17.5257 23.9927 17.5957 18.9720 23.2636 22.9333 17.7570 18.0566 18.0506 13.3903 16.0139 9.9396 11.7901 20.4255 9.7244 10.3019 14.7145 12.8045 12.1465 13.6577 11.4002 9.1912 11.5043 8.6850 14.5355 15.9403 11.3277 14.2743 11.4652 10.4621 13.0348 9.9385 14.8263 8.5477 14.7999 13.1682 20.2858 12.5803 14.6679 17.2916 13.6743 14.7017 20.2398 18.5321 13.2636 15.6983 11.9564 11.3449 15.5999 22.8909 15.1533 15.4409 15.6709 17.2558 14.5710 12.3749 15.3279 14.9323 16.4005 13.7265 11.2635 13.5239 11.4822 14.6443 11.6091 17.2468 16.0986 15.3593 16.6515 13.4532 14.8639 17.0968 21.5324 16.2878 15.3610 23.7212 16.8531 13.1200 14.1797 16.3793 25.7885 13.1156 18.7325 15.0030 20.9389 21.7401 28.1597 18.5764 18.0779 17.4369 22.2097 17.8585 17.3447 24.7584 13.8643 14.2067 16.3891 24.9283 18.2337
10.3475 10.3084 6.6169 6.8138 9.6066 12.2771 11.8343 0.0000 9.6489 10.3206 14.6456 7.2935 12.3715 10.0928 7.6282 4.6458 13.8558 8.2482 9.6014 7.9519 8.7010 14.2100 7.5938 12.2844 12.1609 11.5935 5.0807 8.1710 5.1843 5.5685 28.2368 22.1054 26.5289 23.7941 20.8564 24.3829 20.8041 22.4994 23.1350 20.9092 25.5713 19.7312 13.9125 18.7077 17.0362 25.7745 16.9358 22.5569 25.4554 28.0175 21.4593 18.5430 24.3607 19.5927 20.4693 24.3359 24.1259 16.7139 19.0248 17.9572 7.8971 10.1262 13.6052 9.8094 20.9041 10.7803 11.8643 14.9844 7.0408 8.0144 7.4185 13.6709 11.9518 15.4354 10.9607 8.9346 17.0101 12.2804 12.0955 6.2170 12.5624 6.9158 10.0626 8.8644 12.2229 9.4937 8.5467 21.7001 8.1186 9.0241 11.7513 14.6635 9.4603 20.4109 19.7030 7.8149 10.9581 7.9279 11.8851 15.3489 24.4594 10.3848 16.6588 10.0622 12.5983 16.8666 7.7724 10.4188 9.5551 11.8382 7.7446 5.4059 13.9338 13.0922 8.9872 4.9592 11.9596 10.5538 9.2693 10.8127 8.8412 10.5663 11.8847 22.1225 16.5788 15.2268 24.9321 17.8884 15.0855 16.6110 17.8018 27.2101 12.4563 18.4308 10.3823 20.7465 22.5341 29.3419 13.9359 19.1786 18.5013 22.8751 17.0265 18.9693 25.9889 13.3586 8.6888 17.7039 26.4346 19.3080
10.7575 12.1719 7.9176 10.6181 10.9368 12.1655 13.5107 9.6489 0.0000 7.7517 15.6922 8.8111 12.5678 11.2628 8.0219 8.8787 11.6273 6.7977 6.6731 7.3425 9.5080 14.0386 10.1997 12.2556 12.2743 14.6944 8.6261 8.5890 10.1983 8.5630 27.8423 21.9821 26.0150 23.6079 20.8677 24.0090 20.5140 22.2519 22.8526 20.9573 25.1569 20.4574 13.4241 18.1244 16.5706 25.5046 16.4986 22.5422 24.9938 27.7707 21.4839 18.4535 24.2341 19.3018 20.3542 23.9980 24.4448 16.9762 18.2977 17.5346 8.7974 11.5441 14.1869 12.2221 20.8989 11.8631 12.4050 15.0555 8.9271 10.7651 9.9323 12.5718 12.7851 14.0137 10.9685 11.0542 18.2234 13.4185 10.9754 9.1392 13.6048 8.7013 10.1198 8.7344 12.5854 7.7099 6.3573 22.7030 8.2261 10.3622 13.9762 15.0866 10.8377 20.4146 20.4574 9.0718 10.7905 7.1052 12.9222 17.1000 24.2240 9.3265 17.4268 8.9356 10.3880 16.7649 6.2014 9.0721 9.8729 12.6681 9.2884 8.9316 15.4490 13.9527 8.3022 9.4983 12.8178 11.5065 11.3369 12.0457 7.2003 6.8908 11.7690 22.6220 16.3729 15.3069 25.2675 18.1942 14.4275 16.7603 17.6214 27.3807 11.0094 18.7775 9.7674 20.0825 22.3315 29.0529 13.0850 18.0420 19.4698 22.8429 16.4694 18.8869 25.9039 12.2356 7.9647 17.1928 26.1607 18.0335
11.5385 13.8447 10.1299 10.5056 8.3331 15.4655 15.0525 10.3206 7.7517 0.0000 14.6016 8.6244 15.7135 8.8889 9.1294 10.3816 14.4098 6.7930 9.0893 10.4429 9.6882 14.4184 12.8019 15.4940 15.5072 15.8804 10.1543 8.6996 11.1401 10.9975 26.0528 20.2803 24.0376 21.7493 18.3947 22.5731 20.0812 20.5591 21.1294 18.5185 23.0333 18.6121 12.0428 15.3302 14.7117 23.7703 13.3273 21.1160 22.8318 25.4683 19.5053 17.3521 21.6654 17.8689 18.9432 21.7537 22.6278 14.8054 17.0240 15.9466 8.6520 10.1559 14.5121 10.4568 18.6041 12.4522 12.1126 12.9536 10.0326 13.0778 9.4388 12.0447 12.9631 14.9545 11.1490 10.3459 16.3977 12.7575 9.0002 11.2184 13.7361 8.8132 11.6007 6.1146 14.6657 6.1388 8.8596 21.3995 9.1981 9.9678 10.7353 15.6100 9.9655 17.8485 18.6566 10.2407 11.7798 10.3513 13.8846 14.8889 22.7650 9.1313 16.2830 6.5066 6.7745 14.6461 9.6585 9.1644 10.1322 12.3687 9.7416 10.5329 14.0679 14.3140 8.5166 11.3511 10.2729 9.2874 9.0989 9.9249 8.7340 7.3277 8.4743 20.2457 14.6782 12.6633 23.4592 15.9687 12.9400 15.9828 15.6619 25.1861 9.4702 15.5928 10.0870 16.6935 19.5607 26.7434 8.6136 15.9177 18.2704 20.7611 12.7601 17.0498 23.6126 11.8669 6.3787 17.4367 24.0533 15.3956
12.6138 12.8417 14.9650 14.5579 13.5872 19.3708 13.2251 14.6456 15.6922 14.6016 0.0000 13.9742 19.2267 13.9817 14.2428 14.8130 19.9190 13.9034 16.5460 15.7722 14.5477 13.3933 16.6650 19.2861 19.2219 13.5901 15.3390 14.2843 14.6855 15.3399 21.5194 15.9595 20.2472 16.7197 15.0728 17.4130 16.7201 16.6987 17.0225 16.3596 18.8917 12.6996 12.6549 14.3821 13.3528 19.1358 13.5314 15.5788 18.1728 20.2774 14.6827 11.8785 18.2019 13.0150 13.9870 16.8262 17.4515 14.1046 14.4858 14.8101 14.2243 15.3526 10.5114 11.4993 15.7346 11.8888 10.7889 11.6748 14.2340 16.7468 13.1633 13.7956 12.0280 12.9142 11.3816 13.2916 14.1604 11.2904 13.4457 15.8467 13.0712 13.9015 13.5119 13.9280 12.2698 14.3000 14.5669 15.5023 15.4066 13.3128 14.2954 13.8705 13.4332 15.2641 15.4857 14.7709 15.5288 15.9537 12.7279 12.2509 16.6695 14.5784 11.8538 15.0562 14.5811 12.5400 15.5975 15.1096 14.7281 14.1768 14.3468 15.2331 12.9638 12.5693 14.5253 15.0577 14.3127 13.6892 13.2375 15.5739 15.3031 15.5890 13.9428 16.0208 13.3866 11.9789 18.4102 13.1783 11.0928 12.5867 11.4477 20.2724 12.5737 11.7921 13.3777 15.9172 15.0827 22.2145 15.1905 15.2320 11.8612 15.9841 14.0060 12.1860 19.9556 11.9369 13.0137 14.4986 18.9230 14.8565
9.6240 11.7807 8.1303 7.3495 7.5142 14.4450 14.0950 7.2935 8.8111 8.6244 13.9742 0.0000 14.3190 8.2603 4.8088 8.2230 15.6587 5.8894 10.5073 7.8660 8.8306 13.6671 11.2179 14.3601 14.3624 13.7768 9.0336 6.9909 8.6982 9.1867 26.6474 20.3764 25.0010 22.4543 19.0236 22.8592 19.9621 20.8517 21.9025 19.1433 23.8549 17.6918 12.4765 16.4105 15.0558 24.4120 14.3815 21.1671 23.8698 26.5040 19.9327 17.0258 22.5642 18.4100 19.2617 22.7382 22.7391 14.4194 17.3842 15.8044 6.9476 6.8937 13.3415 8.9175 18.9486 10.4714 11.6265 13.8174 6.9630 11.1580 7.7496 13.3772 11.3388 15.2504 10.4891 8.2245 15.5008 10.5210 9.7949 9.8104 13.6194 6.3007 9.7118 6.8439 13.5056 6.8950 7.6522 20.5556 10.5703 7.6697 9.5373 13.1588 7.6515 18.5798 18.2673 6.9099 8.9246 10.7667 11.2034 13.5674 22.9335 9.6451 14.9503 7.0757 10.1762 16.0609 7.8223 8.0458 5.8677 10.2939 6.4698 9.2681 12.3367 12.0925 6.4782 8.6276 9.1572 7.6425 6.9125 7.8081 8.6918 9.3725 9.2588 19.9073 14.6781 13.0588 23.5837 16.5602 13.5231 16.9096 16.3177 25.8864 11.2142 16.2900 9.5438 18.2566 20.6765 27.6837 11.5527 17.7620 17.0674 21.0215 14.8853 17.6729 24.3878 11.7046 7.6557 16.7004 24.8980 17.6063
15.6303 13.5575 10.7372 14.2990 16.4681 3.4630 14.7677 12.3715 12.5678 15.7135 19.2267 14.3190 0.0000 16.2026 13.1477 11.1375 6.4434 13.6005 12.0791 11.3889 13.6908 18.4048 10.4635 2.0531 2.8147 14.4538 11.5515 12.9971 11.7193 9.9758 31.4625 25.8327 30.0963 27.4755 25.1143 27.7533 23.4346 26.0823 26.9902 25.0417 29.1928 24.2428 18.2548 23.3013 21.0584 29.2145 22.0285 25.9684 29.2105 31.8989 25.4043 21.9828 28.4327 23.2557 23.8823 28.2765 28.0537 20.8410 22.5565 21.7444 13.1224 16.2047 17.5117 16.0968 25.6745 15.0244 16.3017 19.9057 11.8749 10.4322 13.9212 17.7670 16.9254 18.6488 14.7927 14.3187 21.5066 18.0058 17.2589 10.0106 16.6732 13.2814 13.3950 15.6386 13.9014 15.2865 11.7995 25.7723 11.3995 14.0391 18.0621 18.6682 14.8316 24.9171 24.3564 12.2343 14.8946 10.0832 15.9452 20.9483 27.9742 14.6944 20.9702 16.7875 18.3641 21.6180 11.7927 14.9093 14.5519 16.1694 13.3808 11.1005 20.1379 17.2285 15.1273 11.3823 18.3505 16.8039 16.2748 18.0518 12.9189 15.0292 18.1254 27.0542 20.9558 20.8367 28.7627 22.5268 19.5412 20.4638 22.6160 31.1565 17.2243 23.6006 14.1940 25.7339 27.3526 33.2200 20.1347 23.0997 22.7644 26.9536 22.2768 23.0178 30.1806 17.4861 14.6136 20.4749 30.3451 23.8456
11.9007 13.5583 9.7650 9.0796 3.8834 16.1140 15.4733 10.0928 11.2628 8.8889 13.9817 8.2603 16.2026 0.0000 8.6928 10.1707 17.1765 8.5040 11.5915 11.1972 8.5811 14.0827 12.8567 16.0985 16.1158 15.5159 10.4687 9.8576 11.2022 11.3759 25.8809 20.0175 24.1345 21.3385 18.4564 22.2101 19.6894 20.0393 21.0855 19.0589 22.6156 16.7077 12.5782 15.3260 14.8207 23.5820 14.2251 20.7883 22.6594 24.6068 18.8144 16.3701 21.6111 18.4287 18.2749 21.7553 21.6079 13.5390 17.0637 15.5034 8.2508 8.3938 14.5264 9.3445 19.0980 11.7865 10.7989 12.0891 9.0486 13.3938 8.6939 13.9926 12.9429 15.9610 11.2079 8.2223 14.6694 12.3452 11.9771 12.0626 15.1466 7.6685 11.6279 8.1689 15.0847 8.8493 10.5940 19.8683 12.2916 7.7957 6.1086 14.1208 6.8483 17.6514 15.8489 9.3603 11.8479 12.6292 13.2026 12.7513 22.3347 9.8040 14.8734 9.8427 9.6021 14.8685 10.7077 11.2056 9.9964 9.1118 7.8740 11.0252 13.5452 13.6741 9.8593 11.2825 6.7982 5.3122 5.3112 7.1988 10.5152 10.1635 6.1164 18.3224 14.7366 12.0661 22.5869 15.0016 14.1950 16.8157 16.3536 24.3603 12.2649 14.7352 9.5639 17.3387 18.8840 26.4931 8.2115 17.2530 16.8945 20.0054 14.1467 16.7835 23.1535 12.8147 7.6879 17.6461 23.8619 16.2847
10.3247 11.0458 7.3346 7.7793 8.4717 13.1263 13.6055 7.6282 8.0219 9.1294 14.2428 4.8088 13.1477 8.6928 0.0000 7.5832 14.4009 5.6492 9.6110 7.8545 8.6642 13.8113 10.3112 13.0455 13.2117 13.4312 8.3110 6.7927 8.4740 8.2919 27.2050 21.1402 25.5101 22.9967 19.9070 22.9327 20.3201 21.3953 22.5741 20.0999 24.3896 18.6193 12.7623 17.2978 15.7963 24.7011 15.5778 21.6799 24.4498 26.9319 20.5419 17.3356 23.4260 18.8593 19.5322 23.3711 23.3228 15.4148 17.7514 16.5442 7.5409 8.0254 13.6714 10.0097 19.3840 10.3843 11.5109 14.0815 5.8117 10.5400 8.2156 13.6123 11.9130 15.2475 10.2669 8.4402 16.3176 11.3615 10.5947 8.7480 13.3308 6.6508 9.7396 7.3413 12.5383 7.3867 5.7173 20.8071 9.7161 7.1254 10.6785 13.0205 7.5212 19.1435 18.3016 7.2547 6.9835 9.5914 10.7273 14.7704 22.8515 10.1699 15.3165 8.0574 10.5230 16.5612 7.5097 6.8985 5.2891 9.2029 5.2405 8.7359 13.2425 12.4329 6.5227 8.3424 10.3856 8.5235 7.9105 9.0811 8.2494 9.5226 10.0154 20.8059 15.3727 14.2036 24.0838 17.0566 13.8155 16.7355 16.7941 26.4113 11.5569 17.2888 9.1211 19.3174 21.4117 28.2543 12.4903 18.4243 17.7717 21.5290 16.1217 17.9826 25.1362 11.9220 7.7416 16.6191 25.5875 18.0242
10.8464 9.0945 5.4638 7.2943 10.1431 11.1699 11.3972 4.6458 8.8787 10.3816 14.8130 8.2230 11.1375 10.1707 7.5832 0.0000 12.6453 7.6514 8.7929 8.1889 9.4028 13.8288 6.6003 11.0795 11.0703 11.1569 3.4058 8.0559 5.1838 4.1239 28.3755 22.1890 26.7950 24.0492 21.4678 24.4271 20.8488 22.5812 23.8098 21.4493 25.7108 20.2190 13.9495 19.1286 16.8825 25.9191 17.4825 22.8122 25.6849 28.1960 21.7738 18.4254 24.8356 19.7312 20.4471 24.6446 24.3648 16.8953 19.0075 18.0212 8.8433 10.6241 13.7566 10.8071 21.5625 10.2253 11.4313 14.9502 6.3902 7.3156 8.1590 13.8372 12.4353 15.3391 10.4109 8.4076 17.2948 12.8818 12.6133 5.3367 12.0538 6.3550 9.8203 8.8763 11.8988 9.0015 7.5231 21.9403 7.4479 8.7437 12.7770 14.3868 9.0539 20.8553 19.6472 7.6725 10.5398 6.1255 11.2547 16.0008 24.4523 11.2384 16.9987 10.6510 12.6793 17.3966 7.4241 10.3021 9.6417 10.9663 7.0288 4.2147 14.6579 12.7524 9.5477 5.1015 12.6558 11.2062 10.1400 11.3715 9.0742 10.2275 12.1256 22.6445 16.8753 15.6280 25.1960 18.2894 15.4628 16.2638 18.0760 27.5242 12.5563 19.0593 9.3783 21.2759 22.9894 29.8109 14.2457 19.3622 18.6987 23.1737 18.0428 19.0570 26.2717 13.8299 8.6223 17.0500 26.8948 19.4905
16.4854 14.9136 12.5786 15.9560 17.3983 6.1549 15.7611 13.8558 11.6273 14.4098 19.9190 15.6587 6.4434 17.1765 14.4009 12.6453 0.0000 13.9460 11.4288 13.0315 14.9195 19.0146 12.2387 6.0586 6.5175 16.6999 12.7125 13.9339 13.7856 11.8959 31.1735 25.8547 29.5736 27.2118 24.8936 27.4925 23.6914 25.9713 26.7309 24.8478 28.8877 24.9757 18.1171 22.8959 20.9443 28.8816 21.5745 26.1138 28.7073 31.5274 25.4655 22.3286 28.0885 23.0785 23.9547 27.9278 28.2037 21.2499 22.4612 21.8439 14.5078 17.5529 18.4083 17.3421 25.3394 16.2936 17.2322 19.9147 13.8609 12.7062 15.3187 17.1508 17.7044 18.4894 15.7125 16.0839 22.4829 18.9663 16.7609 11.6727 16.6488 14.7530 14.8357 15.5185 14.9708 14.8681 11.9429 26.5099 10.3673 15.5264 19.2299 19.7424 16.2034 24.6227 24.7778 14.2656 15.4534 9.8476 17.2638 21.9003 27.6974 14.8880 21.8684 16.2573 17.1689 21.2769 12.7606 14.6671 15.8260 17.3228 14.8057 12.6136 20.9301 18.4587 15.2728 13.0362 19.0618 17.7552 17.3910 18.7870 12.8093 14.1113 18.1496 27.4640 21.0331 20.9065 28.7668 22.4914 19.2617 20.0332 22.3390 31.0464 16.4813 23.6119 14.7807 25.0118 26.9726 32.7419 19.4190 22.3617 23.6801 26.8421 21.6260 22.9356 29.8796 17.5015 14.5510 20.7027 30.0107 22.8396
10.2906 11.1074 7.5322 8.2852 8.4062 13.5984 13.8133 8.2482 6.7977 6.7930 13.9034 5.8894 13.6005 8.5040 5.6492 7.6514 13.9460 0.0000 8.5885 7.9879 9.1311 13.6081 10.7198 13.4895 13.5106 13.5390 8.2237 5.6836 8.5640 8.3793 26.2488 20.0355 24.6163 22.1705 18.9670 22.4173 19.6934 20.4262 21.9419 18.9964 23.4665 18.4283 11.3767 16.0755 14.2457 24.0319 14.1241 21.0190 23.4190 26.1600 19.7591 16.5953 22.4471 17.7739 18.6223 22.4364 22.7402 14.2540 16.7272 15.4685 7.8349 7.5777 13.6525 9.9295 19.1390 10.3041 11.1175 13.1706 6.4077 10.9939 8.5317 12.4555 11.9633 14.6515 10.0909 7.9023 15.9516 11.3255 8.5508 9.3372 12.4726 6.1489 9.5097 4.8475 13.1080 4.2672 5.8626 20.8735 9.1522 7.7282 10.8595 13.3100 7.7086 18.4405 18.2521 6.9346 8.1167 8.6813 11.0705 14.7094 22.4127 9.4360 15.5075 6.2328 8.4933 15.7088 7.3930 6.3591 6.7121 9.7511 5.5806 8.3754 13.2064 12.2603 6.5309 8.9199 10.1585 8.8141 8.2992 8.9879 7.9489 6.8922 8.8545 20.5688 14.5762 13.0466 23.5356 16.4530 13.0372 15.7639 15.8086 25.7314 9.7727 16.4014 7.8747 18.0174 20.4904 27.5977 10.7457 16.9784 17.4890 20.9411 14.7527 17.0797 24.2523 11.6613 5.8537 15.6015 24.8112 16.8502
12.0741 12.7933 7.4299 10.2430 12.0411 11.8043 13.1049 9.6014 6.6731 9.0893 16.5460 10.5073 12.0791 11.5915 9.6110 8.7929 11.4288 8.5885 0.0000 7.7655 9.5255 14.4861 8.1394 11.8064 11.8904 13.8546 8.0870 9.0264 10.2057 8.4864 28.5879 22.7001 26.8294 24.2970 21.6040 24.8394 21.0585 23.0353 23.3085 21.8329 25.9835 21.7460 14.2542 19.4963 17.7029 26.2817 17.8480 23.3512 25.7828 28.3424 22.2594 19.3136 25.1147 19.7799 20.5977 24.9737 25.0699 17.8153 19.5262 18.6365 8.6474 12.3909 14.0799 12.5307 22.0491 12.1617 12.9890 15.6266 8.5078 8.7994 11.0145 12.6822 12.9390 14.2755 11.5407 12.1344 18.8261 14.8012 12.8756 8.1421 14.3636 9.2327 9.8073 10.1300 12.0830 9.4780 8.4755 23.2417 8.5380 10.8910 14.3082 16.0987 11.4301 21.4403 20.8893 8.7966 12.5368 7.4623 14.1277 17.8778 24.9297 9.7782 17.8288 11.0191 12.7800 17.0191 8.2869 10.9152 12.1660 13.5089 10.2278 8.6269 16.5489 14.9688 11.1864 9.6855 14.1537 12.8281 12.2781 13.0532 7.1176 9.0899 12.8862 23.9188 17.9676 16.6613 25.8096 18.7593 15.7960 17.1056 18.6973 27.8098 13.1148 20.0248 11.0749 21.5476 23.3201 29.7876 14.3681 19.1824 20.3799 23.6680 17.6628 19.7717 26.5137 14.1523 9.2307 17.8209 26.9510 19.0423
10.0972 11.8380 6.7347 9.1048 10.6716 11.4597 12.7901 7.9519 7.3425 10.4429 15.7722 7.8660 11.3889 11.1972 7.8545 8.1889 13.0315 7.9879 7.7655 0.0000 7.8756 14.5562 8.8892 11.3089 11.2394 12.9886 8.2760 8.1958 8.5206 7.2380 28.8922 22.8502 27.1768 24.5450 21.7044 24.9653 20.9413 23.2950 23.5274 21.7467 26.2961 20.5459 14.4681 19.4877 17.6996 26.4876 17.8617 22.8803 26.2306 28.9662 22.1687 18.9515 25.1011 20.2721 20.9482 25.0809 24.9948 17.6953 19.4764 18.5128 6.4520 10.6794 13.6011 10.9371 21.7738 11.4785 12.4994 16.2037 7.4125 8.2649 9.1298 13.6455 12.4382 14.6758 10.9596 9.9895 17.9324 13.1952 12.1900 7.9184 14.4318 8.2408 8.5187 10.2956 11.6294 9.8963 7.8713 22.5967 9.6902 9.0292 13.1274 15.1264 10.5792 21.5567 20.9525 7.0080 11.0984 8.7100 12.7963 16.9069 25.2341 9.5862 17.2328 10.5954 13.1615 17.6839 5.3940 10.2283 9.4206 12.7737 8.5756 8.1009 15.2553 13.8475 9.7673 8.5321 12.6123 11.5087 10.7856 12.4088 8.3764 10.0615 13.0847 23.0347 17.1083 16.1633 25.9643 18.8177 15.6188 17.8946 18.8127 28.1233 12.8727 19.5779 10.8353 21.6053 23.4711 30.1770 15.1212 19.3040 19.2661 23.7724 17.5744 19.7522 26.9368 13.0604 8.9938 18.0371 27.1262 19.9802
11.1483 12.9383 8.2624 9.5841 7.9935 13.5261 13.5064 8.7010 9.5080 9.6882 14.5477 8.8306 13.6908 8.5811 8.6642 9.4028 14.9195 9.1311 9.5255 7.8756 0.0000 15.0478 9.8575 13.4785 13.4640 13.8069 9.2688 9.9008 8.9979 8.9688 27.8115 21.9084 25.9450 23.2079 20.0268 23.9890 19.8778 22.0595 22.1508 20.6493 24.6733 19.0009 13.7451 17.8034 16.8008 25.2538 16.5128 21.8161 24.9021 27.3556 20.8059 18.0763 23.6079 19.5941 19.9246 23.6450 23.7110 16.0738 18.4616 17.1949 4.7848 11.0327 14.3000 10.1115 20.4808 11.9854 12.1158 14.5971 8.3536 9.9300 7.0830 14.1763 12.6069 15.3035 11.3624 9.6623 16.5551 13.1385 12.8561 9.0038 15.0446 8.6484 10.6481 10.5888 12.4216 10.6353 9.1805 21.4228 9.8214 8.1854 9.5790 15.5734 8.4650 19.8647 19.4947 8.8515 11.8678 10.2482 13.4749 15.1131 24.2458 8.5724 16.5007 11.1800 11.6857 16.0398 8.4002 11.4548 9.7216 11.3118 9.6566 9.0580 14.8883 14.3017 9.8790 9.4540 10.1808 9.5861 7.6711 12.0820 8.6598 11.2759 10.9570 21.1738 15.8626 14.6921 24.7285 16.6679 14.5260 17.3345 17.9279 26.6794 12.7752 17.4017 10.6871 19.9534 21.8352 28.6203 12.7971 18.4335 18.2735 22.3591 15.5525 18.4724 25.6965 12.6325 8.1310 18.6066 25.6545 18.8882
9.2303 12.0347 13.5744 13.8883 14.2004 18.1402 10.8742 14.2100 14.0386 14.4184 13.3933 13.6671 18.4048 14.0827 13.8113 13.8288 19.0146 13.6081 14.4861 14.5562 15.0478 0.0000 15.5349 18.1897 18.2076 12.9440 13.5956 14.7160 14.8692 14.5232 24.2781 17.6679 22.2403 20.5074 18.5346 20.4569 18.4156 18.7830 18.7156 18.3143 21.5126 16.5065 13.6121 15.7075 16.0128 21.8445 14.7777 19.2973 20.9096 22.3776 17.8870 15.3650 20.7237 15.6616 16.3013 20.1370 19.2854 16.4159 15.8211 16.1023 14.4838 14.5499 8.9989 12.0394 16.6472 8.9433 7.3998 10.5290 13.8720 16.0966 14.5005 9.3604 6.7216 9.3134 8.7010 14.9727 13.6765 7.6691 13.2799 14.8246 10.3682 12.9272 9.6657 13.5083 12.5554 13.7544 14.7652 16.7184 15.9432 14.8682 16.3181 9.6359 14.7932 18.3466 12.2101 14.1175 16.5635 15.2334 9.9817 13.4895 19.6354 15.7645 11.4922 14.6636 16.1344 10.7740 13.9544 15.8836 15.2447 16.3499 13.8514 14.1185 8.3175 8.1052 14.8715 14.9196 15.8055 14.7519 14.7940 13.9864 14.5754 14.3383 15.3870 16.6052 13.9694 11.7548 20.7549 14.5951 13.2295 13.4949 13.0512 21.9175 13.3135 15.6871 15.5005 17.8287 17.0603 24.4787 16.4686 16.6961 14.6620 19.1020 15.1482 14.4980 20.5319 13.8410 14.1510 14.4343 21.6807 14.5790
12.5607 10.6610 6.6597 10.5286 13.1686 10.2953 11.7145 7.5938 10.1997 12.8019 16.6650 11.2179 10.4635 12.8567 10.3112 6.6003 12.2387 10.7198 8.1394 8.8892 9.8575 15.5349 0.0000 10.4915 10.1991 11.2517 6.1398 10.2397 7.4743 5.7843 29.6172 23.4827 28.2241 25.4811 22.6830 26.0086 21.1937 23.9093 24.6485 22.8216 27.1241 22.0798 15.2419 20.9230 18.7166 27.3654 19.5201 23.9642 27.2513 29.9206 23.2089 19.7778 26.4331 20.6150 21.4539 26.2214 25.9086 18.1785 20.2778 19.3233 9.7338 13.8118 14.5379 13.1880 23.6312 12.0038 13.5646 17.0995 7.9919 5.4810 10.3094 15.0419 13.5058 15.7811 12.1275 11.5451 19.1397 15.3008 15.1999 5.4305 14.2986 9.3467 10.7626 12.4942 11.5104 12.2607 9.5206 23.6752 8.3496 11.0965 14.8691 16.1964 11.0371 22.7976 22.0500 8.5368 12.5700 6.4139 13.2472 18.0456 26.0803 11.1716 18.3506 14.0940 15.5851 18.6653 8.6092 12.6782 12.4926 13.3980 10.4515 5.9655 17.2789 14.4202 12.1924 6.0262 15.4048 13.7979 12.6473 14.7432 8.4034 12.0061 14.8455 24.9028 18.4529 18.1514 26.8226 19.8057 17.0398 17.8248 20.0948 29.0915 14.7673 21.1460 11.1227 23.6493 25.3193 31.4227 17.1153 21.1732 20.4494 24.8906 19.7830 20.7904 28.1012 15.3177 11.4281 18.1040 28.3915 21.6404
15.3926 13.5349 10.7978 14.3857 16.3166 2.2419 14.6069 12.2844 12.2556 15.4940 19.2861 14.3601 2.0531 16.0985 13.0455 11.0795 6.0586 13.4895 11.8064 11.3089 13.4785 18.1897 10.4915 0.0000 2.3549 14.9087 11.2466 13.2314 11.8601 9.9881 31.4716 25.8576 30.0583 27.4369 25.1504 27.6916 23.5395 26.1200 26.9408 25.0671 29.1769 24.2149 18.3098 23.2808 21.0935 29.1639 22.0048 25.9660 29.1679 31.7850 25.4110 22.0332 28.4249 23.3103 23.9345 28.2125 28.0280 20.9616 22.5796 21.8019 12.9957 16.2008 17.4078 16.0235 25.5056 15.0426 16.1090 19.8686 11.9570 10.7411 13.7959 17.5386 16.7646 18.4155 14.5236 14.4794 21.5076 17.9082 17.1980 9.8775 16.6646 13.2870 13.3770 15.4456 13.6917 15.0858 11.7595 25.7182 11.4983 14.0940 18.1359 18.6693 14.8933 24.8844 24.1351 12.3930 14.8416 9.9029 16.0264 20.9732 27.9181 14.7425 20.9841 16.4905 18.0799 21.5010 11.3992 14.7990 14.5424 16.1258 13.3088 10.9454 19.9748 17.3182 14.9359 11.4410 18.1310 16.6683 16.1977 17.8546 12.7674 14.7573 18.0156 26.8760 20.9224 20.7109 28.7039 22.5125 19.4550 20.3238 22.4745 31.0670 17.0263 23.5409 14.3825 25.5873 27.1581 33.1223 19.8735 22.8886 22.7791 26.9319 22.1905 22.9633 30.0533 17.3095 14.3674 20.5460 30.2483 23.6316
15.2911 13.3049 10.9858 14.5622 16.2423 2.0540 14.5248 12.1609 12.2743 15.5072 19.2219 14.3624 2.8147 16.1158 13.2117 11.0703 6.5175 13.5106 11.8904 11.2394 13.4640 18.2076 10.1991 2.3549 0.0000 14.9919 11.2078 13.2912 11.8789 10.1012 31.2587 25.5685 29.8573 27.2207 24.9335 27.6180 23.2310 25.8465 26.7235 24.7949 28.9851 23.9619 18.0061 23.0196 20.8301 29.0826 21.7687 25.7623 28.9775 31.6947 25.1830 21.7969 28.2287 23.0262 23.6977 28.0437 27.8350 20.5961 22.3158 21.4530 12.9648 16.2917 17.3989 16.0748 25.5413 14.9681 16.0374 19.7633 12.0422 11.0565 13.9153 17.4794 16.7629 18.3277 14.3930 14.4480 21.4532 17.9024 17.1165 9.8490 16.6271 13.3336 13.4085 15.5236 13.6787 15.0146 11.7911 25.7260 11.6694 14.1422 18.0163 18.4679 14.6423 24.7342 24.1564 12.2798 14.6086 9.7579 15.9574 20.7781 27.8349 14.5270 20.7786 16.4252 17.9424 21.3476 11.2077 14.6888 14.5180 16.0084 13.3023 10.9042 19.9087 17.1451 14.6923 11.0473 17.9982 16.5254 16.0072 17.7115 12.4023 14.5046 17.8040 26.7870 20.6716 20.5295 28.5405 22.3426 19.3019 20.1783 22.3232 30.9655 16.8536 23.3713 14.1178 25.4624 27.1065 33.0311 19.7479 22.7491 22.5835 26.7937 21.9887 22.8191 29.9475 17.0213 14.2839 20.1943 30.1148 23.5791
12.1054 9.3113 10.8184 11.9536 15.8493 15.5043 8.5887 11.5935 14.6944 15.8804 13.5901 13.7768 14.4538 15.5159 13.4312 11.1569 16.6999 13.5390 13.8546 12.9886 13.8069 12.9440 11.2517 14.9087 14.9919 0.0000 11.8239 12.1470 9.9858 10.4033 28.0371 21.5375 26.7371 23.9805 21.2244 24.3168 19.6386 22.2558 23.1327 21.3288 25.5008 20.6922 14.5866 19.7539 17.7261 25.6224 18.6346 22.4557 25.5579 27.8789 21.5551 18.2900 24.8576 18.5414 19.5607 24.4884 23.9213 17.7940 19.0183 18.5919 13.6090 15.1003 11.8771 11.7891 21.7046 10.0173 11.8009 15.1084 10.9732 10.1808 12.9771 13.4761 11.4348 14.0185 10.9636 12.7547 16.4530 12.3972 14.6740 11.0488 11.1597 12.1718 9.9408 14.6609 10.7577 15.1169 13.3341 20.7604 12.5915 13.6886 16.7370 14.0529 14.0412 21.4853 19.7239 11.4684 15.6666 12.1616 10.8359 16.3272 23.8463 15.0653 16.2760 16.9196 18.3752 16.2800 13.9873 15.5988 14.8324 15.8873 13.1861 11.0591 14.6569 11.0874 15.6130 11.4426 18.0673 16.3893 15.3415 17.1607 14.0450 16.0412 17.4153 23.1652 17.4559 16.6622 25.0299 17.9051 15.3351 15.8331 18.1586 26.9813 14.9589 19.6963 13.9765 22.4932 23.4286 29.5301 19.5393 20.3678 18.1986 23.1211 19.1005 18.5612 26.1060 15.8117 14.7158 16.6200 26.4930 20.1715
10.9836 9.7298 5.5942 8.1296 10.3857 11.1507 11.2494 5.0807 8.6261 10.1543 15.3390 9.0336 11.5515 10.4687 8.3110 3.4058 12.7125 8.2237 8.0870 8.2760 9.2688 13.5956 6.1398 11.2466 11.2078 11.8239 0.0000 8.9770 5.7033 4.1708 28.7215 22.5694 27.1071 24.4340 21.8625 24.9213 21.2204 23.0577 23.8629 21.8453 26.1093 20.6899 14.6556 19.5762 17.5679 26.2343 17.9688 23.1650 26.0240 28.3886 22.1440 19.0480 25.2365 20.1455 21.0099 24.9463 24.7559 17.5183 19.4986 18.5470 8.7482 11.0748 13.6373 11.0251 21.8677 10.7318 11.5670 15.2869 7.0973 7.4551 8.3315 13.5973 12.2582 15.1161 10.2658 9.4891 17.5375 13.1869 13.1700 4.9627 12.5090 6.9403 9.8402 9.1761 11.8465 9.4125 8.3519 22.1959 7.9716 9.4288 13.1832 15.1236 9.8974 21.1709 19.8657 8.0784 11.8131 6.0369 12.1974 16.4697 24.9560 11.4079 17.2027 11.0026 12.9197 17.4298 7.0214 11.2366 10.6800 12.0319 8.1474 3.0848 14.8813 13.3322 10.1217 5.8281 13.0194 11.5358 10.6643 11.6413 8.9287 10.2199 12.6080 22.8356 17.3975 15.9820 25.4035 18.6753 15.9046 16.5806 18.3235 27.6781 12.9473 19.4522 10.5056 21.5761 23.1718 29.9777 14.3102 19.4100 19.2081 23.5298 18.1679 19.5206 26.4471 13.9903 8.9271 17.6916 27.0275 19.5910
11.5084 11.5651 7.0107 7.5179 9.8112 13.6033 13.9689 8.1710 8.5890 8.6996 14.2843 6.9909 12.9971 9.8576 6.7927 8.0559 13.9339 5.6836 9.0264 8.1958 9.9008 14.7160 10.2397 13.2314 13.2912 12.1470 8.9770 0.0000 7.7966 8.1534 26.8472 20.5905 25.2514 22.7122 19.5604 23.1705 19.7227 20.8593 22.4211 19.6305 24.1543 19.5420 11.8939 17.1650 15.2743 24.7946 15.3059 21.6429 24.0860 26.9377 20.2615 17.3668 23.2131 18.2229 18.8992 23.2046 23.5623 14.9171 17.6803 16.1742 8.5341 8.5560 14.1305 10.5118 20.0965 10.9865 12.2184 13.8059 6.0031 9.7112 8.8584 13.2017 12.9433 15.3461 11.3870 7.5289 16.7127 12.5410 9.9050 8.9641 12.7290 7.1041 9.8536 7.0692 13.3020 7.4546 7.0635 21.5343 8.8960 8.3311 11.4666 13.9182 9.0342 19.2120 19.4956 6.4016 9.4900 8.9472 11.6403 15.5221 23.1302 9.3008 16.1276 9.1922 11.1000 16.4721 9.1657 7.3944 8.5315 11.1529 6.6989 8.7355 14.3942 12.9016 8.7033 8.8194 12.2676 9.9515 9.7358 10.5624 8.7145 8.8407 10.3125 21.9854 15.7752 14.3565 24.2463 17.2509 13.8984 16.5379 16.9701 26.5195 11.6136 17.6355 8.3385 19.2796 21.5941 28.3106 12.6180 18.3098 18.4706 21.7121 15.7582 17.9223 25.1485 12.9680 7.9450 16.0706 25.6669 18.0235
11.5337 10.5081 5.8858 6.9749 10.7259 12.2892 12.0775 5.1843 10.1983 11.1401 14.6855 8.6982 11.7193 11.2022 8.4740 5.1838 13.7856 8.5640 10.2057 8.5206 8.9979 14.8692 7.4743 11.8601 11.8789 9.9858 5.7033 7.7966 0.0000 4.3504 28.8498 22.6206 27.3100 24.6321 21.6711 25.1503 21.1431 23.0783 24.1465 21.6986 26.1577 20.7257 14.7428 19.7223 17.6828 26.3553 18.0512 23.1540 26.2643 28.7792 22.1525 19.1258 25.1922 20.1637 21.0798 25.0157 24.9214 17.3062 19.6147 18.5536 8.7353 10.7588 14.2609 10.6577 21.8667 11.0245 12.3900 15.5609 6.0504 6.6476 7.0670 14.5713 12.9285 16.0899 11.6447 7.9429 17.2950 13.0801 13.0446 5.2395 12.7010 6.4903 10.4882 9.3898 12.2811 10.2943 8.4738 22.0554 8.1474 9.2547 12.5425 15.4050 9.9454 21.1633 20.7004 7.2294 11.7341 7.3817 12.1781 16.2931 25.1188 11.5427 17.4429 11.9196 13.8665 17.5697 8.9264 11.4942 9.9330 12.2573 8.4907 4.2369 14.8013 13.2256 10.5952 6.0895 13.7016 11.8040 10.6731 12.5770 9.6653 11.7567 13.2796 23.1326 17.4610 16.2663 25.7407 18.6703 16.0770 17.1479 18.5962 27.9629 13.7058 19.3267 10.2676 21.7847 23.5706 30.1804 15.1481 20.0577 19.1092 23.6854 18.2230 19.6120 26.8323 14.6153 9.5501 18.0527 27.3088 20.3539
11.2114 9.6071 4.5977 8.2071 11.3050 10.3372 11.1895 5.5685 8.5630 10.9975 15.3399 9.1867 9.9758 11.3759 8.2919 4.1239 11.8959 8.3793 8.4864 7.2380 8.9688 14.5232 5.7843 9.9881 10.1012 10.4033 4.1708 8.1534 4.3504 0.0000 29.2466 23.0453 27.7428 25.0175 22.2638 25.4006 21.2156 23.5364 24.4422 22.2894 26.6619 21.2914 14.8269 20.1776 17.9382 26.7301 18.6493 23.4904 26.7175 29.2315 22.6189 19.3796 25.7868 20.4652 21.2875 25.4903 25.3972 17.8812 19.7967 18.8727 8.5375 11.5598 13.9343 11.1504 22.4454 10.7446 12.1474 16.0167 6.4360 5.1458 8.1653 14.1394 12.7102 15.4370 10.9546 8.9472 17.9644 13.5446 13.1962 4.6127 12.5724 7.0240 9.5609 10.0666 11.3001 10.3233 7.5007 22.7193 6.9634 9.5836 13.7207 15.3822 10.2807 21.8169 21.0569 7.3053 11.5751 5.3493 11.9821 17.1405 25.4864 11.1168 17.8664 12.0173 13.9423 18.0327 6.8994 11.1221 10.3410 12.3359 8.3220 3.3860 15.6039 13.5237 10.4972 5.4961 14.0697 12.2846 11.4830 13.2748 9.1576 10.7332 13.7708 23.7574 17.6768 16.8252 26.2160 19.2552 16.0996 16.9918 18.9842 28.4668 13.3041 20.0845 10.0570 22.4288 24.1039 30.7148 15.5963 20.0479 19.5864 24.2665 18.7807 19.9251 27.3279 14.2221 9.5238 17.8675 27.6972 20.5432
25.4330 26.2456 28.5758 28.1654 25.8243 31.2824 27.1397 28.2368 27.8423 26.0528 21.5194 26.6474 31.4625 25.8809 27.2050 28.3755 31.1735 26.2488 28.5879 28.8922 27.8115 24.2781 29.6172 31.4716 31.2587 28.0371 28.7215 26.8472 28.8498 29.2466 0.0000 13.7759 9.7559 13.1575 13.4772 9.3584 21.5472 14.3727 11.9140 14.9226 9.8051 17.7428 21.7046 19.1554 19.1126 16.2057 19.6221 11.7075 10.8477 12.5437 11.5917 17.5449 11.1928 16.5947 14.2795 10.3726 10.7806 20.7355 16.7376 19.4897 27.3200 26.9691 23.2424 25.6771 16.4603 24.6014 23.6603 20.9517 27.8433 30.4896 27.2222 23.0019 24.0375 23.1259 25.0274 26.7063 19.7541 23.1203 24.5787 29.3670 24.3330 27.3240 26.5564 26.1141 26.7699 25.7847 27.3656 15.7010 28.4219 26.6385 25.5626 23.0210 25.7894 18.3499 21.5120 27.6850 26.8914 28.9113 24.6794 20.8942 14.9006 26.2384 19.1390 25.8768 24.5973 20.7724 28.2476 26.0877 26.9560 26.0725 26.8487 28.8883 22.9602 23.4430 26.2558 28.2569 25.1366 25.0772 25.4979 26.1735 27.1884 26.1937 24.1123 18.8140 19.4953 20.5722 12.6511 18.6960 21.6712 19.5110 17.8288 9.9819 23.7639 18.1084 25.8100 17.6933 16.3143 9.3956 24.2645 18.6812 17.2887 13.5234 21.1515 15.1291 11.4863 23.3399 25.7187 20.2618 13.4078 18.5314
18.5563 19.4443 22.3349 22.1256 20.0287 25.6465 20.5304 22.1054 21.9821 20.2803 15.9595 20.3764 25.8327 20.0175 21.1402 22.1890 25.8547 20.0355 22.7001 22.8502 21.9084 17.6679 23.4827 25.8576 25.5685 21.5375 22.5694 20.5905 22.6206 23.0453 13.7759 0.0000 15.0783 14.8448 11.2011 13.9013 16.1233 13.2238 13.0657 12.7602 13.6983 12.8025 14.9042 13.8649 13.9516 15.9495 13.8395 12.0587 11.3539 14.4191 11.5194 12.3955 13.9342 9.7393 9.2349 13.3445 13.0020 14.3044 14.3100 12.5199 21.4330 21.1052 16.5251 19.3754 14.4956 17.6154 17.4081 15.2233 21.5676 24.4689 21.5582 17.0546 17.0572 16.6356 18.4344 20.9074 15.7333 15.9819 18.2450 23.3440 17.3866 20.9705 19.8814 20.0151 20.4420 19.5943 21.1404 16.3572 22.5469 21.2282 20.0043 15.8742 19.5444 15.7293 16.9249 21.1613 20.9123 22.9032 17.5706 15.5021 12.7842 20.5870 12.2856 20.0191 19.5103 14.9977 21.9903 20.0396 20.8961 20.9335 20.6072 22.6795 16.0050 16.0506 19.9759 21.8867 20.0625 19.5908 19.5172 20.1689 21.0845 19.9707 18.4769 14.9120 13.5264 14.5834 14.9551 14.2468 15.0396 14.9232 11.0831 15.4913 17.7447 12.9370 19.9772 14.5527 13.3290 16.4050 19.1445 16.8057 14.3803 14.0918 15.8787 10.8634 14.1391 16.9243 20.1706 12.8917 13.9621 14.9091
23.6171 25.2938 27.0609 26.4125 23.9867 29.8635 25.7042 26.5289 26.0150 24.0376 20.2472 25.0010 30.0963 24.1345 25.5101 26.7950 29.5736 24.6163 26.8294 27.1768 25.9450 22.2403 28.2241 30.0583 29.8573 26.7371 27.1071 25.2514 27.3100 27.7428 9.7559 15.0783 0.0000 13.0090 13.6484 10.2881 20.7378 12.8511 11.1621 14.0303 7.6046 16.8305 20.2961 17.0352 18.7548 15.9157 17.7177 11.3779 10.5799 13.1505 11.3720 16.5228 9.2076 16.8113 13.8214 8.7607 10.5298 20.0301 14.9881 19.0592 25.4678 25.2084 22.0337 23.9304 14.3699 23.1360 21.8708 18.4893 26.3537 29.0367 25.4887 21.2348 22.2979 21.6147 23.3121 25.2411 18.7187 21.3705 22.7734 27.7249 22.5367 25.7314 24.8473 24.3385 25.3626 24.0762 25.8709 14.0140 26.7452 24.7585 23.7612 21.6221 24.4095 16.7456 19.1446 26.4273 25.3718 27.4087 23.2454 19.6132 14.9023 24.5523 17.9436 23.8935 22.4578 18.4250 26.7240 24.4884 25.2441 24.6534 25.3839 27.3717 20.8271 21.9022 24.6908 26.8208 23.2438 23.4232 23.6310 24.5011 25.4828 24.5653 22.3000 16.1637 17.8464 18.4808 11.9360 17.0273 20.2166 18.2201 16.6652 10.8942 21.9781 16.2927 24.6731 15.9816 13.9792 10.1468 22.3865 17.4177 15.5824 12.2069 18.6986 14.2669 11.4408 21.9329 23.8128 19.9127 13.6642 17.0384
21.0695 22.1405 24.2287 23.6116 21.2608 27.2463 22.6315 23.7941 23.6079 21.7493 16.7197 22.4543 27.4755 21.3385 22.9967 24.0492 27.2118 22.1705 24.2970 24.5450 23.2079 20.5074 25.4811 27.4369 27.2207 23.9805 24.4340 22.7122 24.6321 25.0175 13.1575 14.8448 13.0090 0.0000 10.5281 12.4822 20.0089 16.1131 11.1755 13.6027 12.5059 16.1512 18.0223 16.2239 15.3551 16.5521 16.0383 12.5601 12.8592 15.1496 9.7065 15.3404 11.1275 16.0006 12.8522 12.0191 12.9851 17.5298 14.6515 17.5608 22.8284 22.8772 19.5325 20.7728 14.2215 20.3302 18.8165 17.3366 23.5744 26.3299 22.8089 18.5743 19.8365 19.4768 20.5880 22.4268 15.6548 19.2848 20.3967 25.1031 21.2890 23.0914 22.2279 21.9296 22.5189 21.6964 23.2621 15.4319 24.2056 22.2181 21.0711 20.0997 21.4779 13.3455 18.3574 23.5817 23.0421 24.7306 21.5794 15.1521 16.6922 21.7765 17.1080 21.7819 20.5053 16.9996 24.0877 22.1679 22.9632 21.9006 22.5802 24.6907 19.5716 20.5937 22.1360 23.9986 20.7057 20.7323 20.9748 21.8864 22.9377 22.1143 19.7046 17.3289 16.0268 16.5424 11.5240 13.8325 16.8298 16.6815 14.9018 13.0092 19.5613 15.7716 21.6089 14.6477 14.6077 14.0294 20.1421 12.2975 15.1224 9.7762 17.0631 12.9225 13.2492 19.0663 21.2569 19.6737 14.0384 14.6449
