0.0000 5.6284 11.2929 9.3564 5.3293 22.3597 12.2133 7.4999 13.9356 8.1374 8.0910 8.5533 25.4730 6.8005 10.0552 7.8321 24.1127 4.9984 14.0744 15.7957 9.6354 8.9289 14.1571 22.4942 24.2826 12.8477 10.7983 8.4758 10.6667 11.1421 33.1501 28.8813 31.9495 27.4837 23.9331 27.0474 19.3123 28.4299 28.1495 26.8750 29.5471 23.2029 22.8847 24.9913 23.7878 26.9614 22.8195 27.4849 28.6189 25.8634 26.2992 26.2892 28.9951 24.0842 26.6019 30.8419 28.0447 25.2081 28.7918 26.2952 6.7852 9.1235 6.1075 5.8837 16.4153 11.5366 8.0344 7.9790 9.6963 14.1340 8.0919 6.6823 6.3054 6.9735 4.6665 8.5734 12.5800 9.6677 5.2998 9.2857 7.9249 5.3710 5.0653 6.5310 6.5729 5.6422 8.5837 16.6356 8.9735 10.9948 8.8285 12.8659 14.2506 15.7211 13.4132 10.9637 27.6362 8.9829 5.1729 7.2997 20.8136 6.9066 12.9242 8.0044 16.3978 9.8346 7.4344 11.7468 9.1554 15.6168 11.1869 8.2978 5.6662 9.7518 14.1238 8.6340 10.1826 7.2032 7.1333 10.7749 17.5390 18.9942 16.1693 25.6245 20.7312 13.6823 24.4559 18.9383 14.9489 23.7183 18.3577 23.2271 12.9011 19.5129 14.3475 22.9463 17.4066 32.2450 19.2452 17.0946 18.3384 18.3697 15.7789 20.1994 26.1779 14.8798 10.9195 21.1544 27.1946 19.3862
5.6284 0.0000 9.9320 8.0105 6.8528 22.4931 9.2036 5.6189 13.9780 12.2190 8.6522 10.0921 24.1432 9.0154 8.3169 6.5612 23.9679 7.5271 14.0538 14.8383 10.5300 6.0650 12.0984 22.2628 22.7015 9.6041 10.1311 8.9104 9.8393 9.8407 33.0054 29.1453 31.7212 27.4978 24.8098 26.5516 19.1947 28.5336 27.6371 27.3533 29.9278 23.5079 24.1859 28.1527 24.9595 27.9236 23.9259 28.4875 29.0278 26.8659 26.5263 25.5253 29.9821 24.1060 26.5854 31.9850 28.0424 25.3516 28.4468 27.9180 10.2647 10.2395 7.5224 6.7947 18.2051 12.2582 9.1412 10.4018 9.2603 12.4960 8.5662 9.7412 8.0985 8.6224 5.8668 10.3215 13.6626 10.4121 8.5959 7.5094 6.5761 6.0964 7.0766 9.7182 6.5229 8.4280 8.3927 16.4979 11.2717 9.2408 9.7917 12.1463 13.2709 15.4574 12.5097 10.1321 25.2948 7.9786 7.1488 8.5326 20.2028 8.4240 12.3452 9.9882 18.4146 9.3795 7.6828 11.7873 8.0608 13.8873 10.1915 7.6502 6.4264 9.7629 13.8158 8.0729 13.0553 9.3040 8.2988 12.2673 19.3159 21.1859 18.0659 26.6455 21.0706 14.5291 24.9938 20.4090 15.8131 20.9149 19.5689 24.0104 14.4240 20.8216 16.5490 24.2273 18.6150 33.1407 21.8361 18.3912 18.3170 18.3338 18.0864 21.1678 27.4863 15.2562 12.7669 21.7075 28.6693 20.5232
11.2929 9.9320 0.0000 4.0392 8.8231 23.9633 16.1189 6.7969 15.8263 8.4877 15.6411 3.5584 16.7680 8.9193 5.9834 7.4792 24.0597 10.7987 13.3057 13.3256 6.8640 6.7448 10.9683 22.7300 18.1957 5.9707 10.9087 3.9820 4.6002 3.0077 40.2698 37.4559 38.9714 35.3205 32.5973 33.7838 26.6625 36.2984 35.4041 35.1408 37.1922 32.6481 29.2877 34.2226 31.6059 34.6759 31.6328 36.3273 37.3383 34.9195 34.1860 33.4082 37.1038 32.9035 35.2474 39.2875 35.5653 32.3045 36.6075 34.5168 6.5053 9.7249 14.2561 12.3872 25.2462 12.9363 16.1748 17.3700 1.9427 7.3124 5.0549 15.7915 14.6240 14.5127 12.4576 10.2219 16.6511 15.3411 14.5148 4.7749 12.3841 7.7710 7.4393 10.3535 11.8825 11.6111 11.3990 21.6492 6.2066 2.2167 10.3526 18.7399 14.8965 22.6262 20.7986 4.4298 28.3471 9.9892 13.1853 17.3344 27.4595 9.9106 21.2790 13.2997 21.5006 17.6210 9.8671 14.6999 10.8971 16.5070 13.0733 7.2898 13.2465 13.2094 17.5520 11.5331 16.3772 11.9700 12.0370 15.1604 21.6844 24.0003 21.8231 34.7472 29.4334 22.7616 32.3105 28.0290 23.6248 28.2725 27.8161 31.6397 20.2866 29.1845 19.9074 32.2949 26.9268 39.4443 24.9605 25.9032 25.5395 26.5594 25.0390 28.9538 34.3038 21.9338 15.7458 29.7795 36.3577 27.9449
9.3564 8.0105 4.0392 0.0000 5.9517 20.7921 13.0111 4.1427 12.4443 7.7089 14.1522 5.5372 17.4037 6.6175 3.3862 3.7141 21.7054 8.4147 10.2331 9.9030 4.6184 6.1308 7.5042 19.2001 16.5740 8.9612 7.7541 3.3632 2.4291 3.1920 38.1302 34.8941 37.4245 32.8440 30.7134 31.6909 24.6610 33.8125 33.3043 32.9829 35.3963 29.9199 26.0928 31.7069 28.8331 33.7693 29.3677 34.9986 34.7766 32.3645 32.5046 31.2492 35.8293 30.1307 32.4746 37.3572 33.9692 30.0806 34.1624 31.7440 5.0521 7.9630 12.5306 10.5295 24.1540 14.0569 14.6604 15.6525 3.4166 5.5917 3.1743 14.2518 12.8896 13.1484 10.7321 9.2235 15.4427 14.5596 12.7893 3.1261 11.3173 5.4123 5.8780 7.9999 10.6409 9.0757 7.9527 21.0259 7.5207 3.8662 9.1280 15.7161 12.8592 21.5146 18.4806 6.6788 25.6003 6.7256 11.2234 15.5836 26.0935 7.8578 19.3279 9.8155 17.9475 16.0175 6.8188 11.5988 7.7893 13.3755 10.6890 5.3886 11.6000 12.4231 14.1980 7.8277 13.6205 10.1926 9.6526 11.3523 18.1600 20.4159 18.2806 33.2184 27.8937 19.8476 31.1929 25.2562 22.2962 27.5114 25.8212 30.3110 18.2418 27.6447 17.6378 30.6267 24.7759 38.7122 21.7656 24.4049 24.5832 25.0196 23.4371 27.6252 33.1650 19.4605 12.2949 26.7243 35.0290 25.1974
5.3293 6.8528 8.8231 5.9517 0.0000 20.0411 13.2989 4.5814 11.7053 6.9159 10.7226 7.6473 22.4373 4.0042 7.0994 4.8060 21.5840 2.7655 10.9667 13.3344 7.0196 9.4265 11.4240 19.2444 21.4279 13.5871 8.1464 5.4576 8.0455 8.4326 34.8872 30.6905 33.6313 28.9926 26.3447 28.5553 20.5354 29.9603 29.7390 29.2226 31.6977 25.6595 23.4637 27.4573 24.3278 29.9615 24.9696 30.6215 30.7158 28.1542 28.7318 27.4882 31.8466 25.6254 28.0900 33.3526 30.1964 26.1730 30.5777 27.8141 5.3769 6.4671 8.2124 7.4254 20.0123 13.5673 11.2427 10.8870 7.8479 11.0252 6.6306 10.0568 8.4669 9.7146 7.6761 7.2263 14.4266 11.2217 7.7941 5.9532 10.6850 1.6553 5.9310 4.7373 9.8309 3.3799 6.5626 19.1271 8.9250 7.8414 6.7309 13.8118 10.8741 18.3529 14.3868 10.2682 24.5599 6.1385 7.4563 10.6189 22.0362 4.4889 14.9060 5.4585 14.0652 12.4527 5.5142 8.8610 6.2882 12.3734 8.5822 5.8201 7.8727 12.3164 11.7629 6.4480 8.0832 5.8492 5.7223 7.8249 16.1066 17.3334 13.4713 28.9768 23.6595 15.4608 27.3912 20.7509 17.8912 26.3653 21.1083 26.2586 14.4502 22.9319 12.3547 25.9138 20.0630 35.0041 16.6959 19.9615 21.3895 20.7804 18.7243 23.2140 29.3572 16.5041 8.1306 22.6678 30.8923 20.8702
22.3597 22.4931 23.9633 20.7921 20.0411 0.0000 18.4795 18.7914 11.8276 26.1904 29.4038 25.5404 7.7981 24.0453 19.0825 17.9146 2.8822 21.5381 13.3188 11.9108 18.7004 26.0496 14.7933 1.8482 5.8871 28.7451 14.3779 23.4247 21.0290 21.7539 52.4101 48.1672 51.9449 46.1767 44.4048 46.3384 38.7201 47.0236 47.0004 47.1873 49.8702 43.3648 37.8248 45.1117 41.7402 48.1895 42.9811 48.9256 48.0321 45.3254 47.0129 45.2795 50.0633 42.9815 44.8536 51.4073 48.4775 44.2638 47.9958 45.0847 23.9166 22.9693 28.0322 25.9403 38.3486 33.4686 29.7297 29.1213 24.1338 17.3257 23.7083 28.2594 27.7061 27.2173 25.5776 25.8333 34.2349 30.5474 26.5418 20.0177 26.3924 20.0160 23.6084 24.7307 25.1634 21.0054 16.5098 37.5764 25.0921 23.5262 25.6442 28.7332 26.4415 36.3351 31.9237 25.6926 31.2271 14.9738 26.8174 29.1201 39.5240 19.9836 33.4822 21.7724 29.2513 29.4645 15.3885 21.7487 20.4078 25.5270 24.6121 19.1139 27.3390 30.1678 26.1038 20.0507 26.0764 24.3667 23.3429 23.0893 26.9437 31.6175 29.1720 47.2716 41.8836 33.1791 45.7294 38.0457 35.9876 42.2830 39.1539 44.5599 31.2483 41.1724 29.8185 44.0120 38.2255 52.9825 33.8194 38.1561 40.1141 39.1185 36.7698 41.4493 47.5919 31.8538 24.3032 38.3837 49.1734 37.8519
12.2133 9.2036 16.1189 13.0111 13.2989 18.4795 0.0000 10.8290 7.6863 19.3038 16.3866 17.5756 21.3525 16.6814 11.3158 10.4117 20.6139 14.4099 10.8735 11.9937 11.5721 13.1882 9.4483 18.9705 20.0377 16.1723 8.2458 15.2473 13.0138 13.6690 36.3483 31.9382 36.0121 30.0351 28.5098 30.4043 22.2553 30.5372 30.1301 30.7618 34.0184 26.8557 23.5783 30.5988 26.6498 32.9931 26.6227 33.1969 31.5678 29.6529 30.5038 27.5332 34.8856 26.2685 28.5545 35.8559 31.9684 27.7264 31.4867 29.8774 16.6602 15.6607 15.3273 13.1226 22.8923 20.8762 14.5709 17.4677 15.7942 11.2900 16.1434 14.5754 15.9661 15.4427 12.8956 18.3699 22.0193 18.8223 15.8835 12.4110 15.0800 13.1584 13.7668 17.3913 12.4095 12.5997 8.0493 24.6258 18.1914 15.5976 18.0671 12.5584 14.3425 20.4264 15.0408 16.7496 20.2991 8.3304 15.3294 14.0580 23.5968 13.2830 15.7765 10.2447 18.3218 13.0932 8.6590 10.1954 9.6620 13.3620 12.1276 11.5401 14.5921 18.0740 14.1279 9.0727 14.9528 16.1867 13.5152 10.8601 15.6211 20.6168 17.8103 30.4262 25.0134 16.3687 29.6916 22.4327 20.1456 25.3522 22.8878 28.1348 17.0252 24.8119 19.0748 27.7631 21.9186 38.1552 22.9039 22.2684 23.1493 23.0316 21.2809 25.4041 32.4263 15.7857 13.3025 21.7267 32.8079 21.7125
7.4999 5.6189 6.7969 4.1427 4.5814 18.7914 10.8290 0.0000 10.3132 10.1658 13.4897 7.9724 20.3265 7.0033 3.7328 2.2226 19.7343 6.2836 9.4244 10.0859 6.4341 8.6166 7.5460 17.7454 18.6509 11.7698 6.1296 6.1526 5.3594 5.7314 37.0366 33.3387 35.8463 31.5195 28.9222 30.6639 22.1545 31.7953 31.5180 31.4656 33.9590 27.6471 24.6905 30.1055 27.0468 32.4040 27.5157 33.0941 33.2212 31.0953 30.4618 29.2320 34.2746 28.3737 30.8526 36.0523 31.8902 28.0904 32.3567 30.1090 7.4454 7.0612 11.6473 9.6666 22.8152 16.2347 13.9880 14.4059 6.5293 8.3325 6.3304 13.4626 12.0804 11.6154 10.0451 8.1105 17.6391 14.4223 11.5277 2.7901 10.6186 4.3397 5.7676 7.6311 8.7087 6.5479 5.2471 21.0622 9.2928 6.7295 7.4523 13.6177 11.3007 19.8645 16.9013 7.8679 22.8230 3.9950 9.0142 13.4607 24.4773 4.6982 16.9763 7.3915 16.2189 14.0103 3.9268 9.2833 5.2477 11.4554 8.1517 3.8495 10.0600 12.7107 11.5147 5.2530 11.1720 7.5655 6.5722 9.6543 15.6444 18.5675 16.1370 31.3692 25.7582 17.9809 29.5192 23.5176 20.5327 25.2177 23.8949 28.6531 15.9516 25.5108 14.9801 28.7703 22.9257 37.7022 19.7335 22.7866 22.6937 22.8842 21.3888 25.8105 31.9668 16.5689 10.4716 25.0425 33.3119 23.8735
13.9356 13.9780 15.8263 12.4443 11.7053 11.8276 7.6863 10.3132 0.0000 17.9198 20.5899 17.3778 17.2623 15.6975 10.6531 9.5551 14.1275 12.9666 6.2764 7.5714 10.5709 17.7018 7.4389 13.0379 15.6945 20.3857 6.0141 15.0653 12.6812 13.4061 42.1070 37.6735 41.6417 35.6830 34.1017 36.0353 28.0334 36.3393 36.3518 36.6936 39.5671 32.8711 26.9500 34.5459 31.0580 38.2561 32.2968 38.6225 37.3479 35.0786 36.5513 34.5589 40.1413 32.2189 34.3343 41.2947 38.0919 33.5532 37.5021 34.4004 15.7593 14.5569 19.6789 16.4440 28.2576 25.0942 19.2909 20.3147 15.7860 10.7879 15.4416 18.0202 19.4775 18.8788 17.2036 17.4598 26.0587 22.5247 18.1485 11.6427 18.3735 11.6794 15.2605 16.3698 16.7170 10.2296 6.0466 28.8830 17.1069 15.3776 17.3399 17.8220 15.2229 26.3390 21.3946 17.2388 19.7646 6.6146 18.3023 18.4095 29.0505 11.5049 22.7616 10.3505 18.1860 18.8565 6.7976 10.6672 9.1156 14.2347 13.3198 10.3837 18.8134 21.8635 14.8115 8.5779 14.8347 15.3018 12.5808 11.8087 15.6877 20.5521 17.9161 36.6633 31.1994 22.4463 35.4262 27.4184 25.6844 31.9435 28.6602 34.0778 20.6896 30.5312 18.7531 33.5299 27.6853 43.0986 22.7553 27.8646 29.7845 28.9248 26.2761 31.0134 37.6815 20.7884 13.2378 27.3183 38.6797 27.1792
8.1374 12.2190 8.4877 7.7089 6.9159 26.1904 19.3038 10.1658 17.9198 0.0000 12.4879 6.3698 22.7909 4.2322 11.0189 10.4412 25.4461 7.2361 13.8545 17.2371 8.0474 9.2302 14.3920 24.5173 22.4802 12.9527 14.8408 5.7368 9.4659 8.5396 35.1197 31.7021 34.0725 30.6187 26.8667 29.8268 25.3065 33.4539 32.8314 30.4456 32.1513 28.8605 28.5175 28.4646 26.9766 28.4551 26.7076 31.2818 32.0288 29.2815 30.1921 31.9350 30.8064 29.2305 30.4259 32.6406 31.7754 30.3271 34.4418 30.3103 2.7746 13.0691 9.7314 9.9117 17.7743 9.7679 12.9457 11.9497 7.4853 12.6488 4.8832 10.3581 8.9168 11.6451 9.9747 9.7464 10.9567 11.1325 7.1811 10.0480 10.2963 6.9695 8.3842 5.6619 12.4817 8.7788 12.6044 20.4593 4.7558 8.7589 8.0345 19.9722 17.3647 19.5491 17.8402 10.5466 31.4523 12.4085 9.0254 12.3957 24.4494 8.5657 17.9229 11.8378 19.2238 14.0633 11.8561 15.5629 13.2042 19.2386 15.4982 12.5806 10.4222 11.3471 18.2872 13.0353 12.2269 8.6073 10.8516 14.5854 21.9910 22.2538 19.1751 29.9464 25.5834 19.9464 27.5252 24.8493 17.3740 28.9511 21.9542 27.1201 18.4124 23.4344 14.6927 25.4530 21.7136 32.7727 20.6521 20.9808 22.6951 22.0216 18.4358 23.4843 27.4423 21.8742 13.1758 28.0732 31.0587 22.7915
8.0910 8.6522 15.6411 14.1522 10.7226 29.4038 16.3866 13.4897 20.5899 12.4879 0.0000 12.7545 29.8771 9.6319 15.7111 13.7498 31.4289 9.4030 20.6724 21.7500 15.4177 10.1207 19.8471 29.0303 29.2721 14.1179 16.8208 13.1023 15.8874 15.7844 29.5255 27.4460 26.5501 25.5685 21.3579 23.4519 21.3281 28.1536 25.8438 24.7349 24.9989 23.1801 28.3538 26.8184 26.9609 22.0579 23.0970 22.3670 27.5971 24.4809 22.0489 25.2340 24.2668 24.9193 27.5211 26.7133 23.3955 26.1654 27.8315 29.6615 12.1351 15.1338 4.5474 5.4427 10.8416 8.3386 4.2112 5.3156 14.4988 19.1099 11.6974 8.9855 4.9564 8.6139 5.5640 10.4921 7.9264 5.3834 8.8686 14.5427 8.9037 10.3621 10.5663 8.6310 7.7473 11.9224 15.4500 10.2276 12.6729 15.0241 9.5906 16.1972 17.7877 11.0305 12.5320 16.2038 32.9850 15.9726 7.0886 5.1159 18.0295 14.3088 12.6042 14.3103 21.9308 9.6901 14.8483 17.5539 14.3073 19.3167 16.1275 14.2013 5.4936 7.8124 19.9208 15.0013 14.8092 7.9979 11.1480 16.7532 24.7586 26.0840 20.9745 20.4026 18.0527 16.5685 19.0687 20.6787 12.1521 20.6883 17.2941 18.2854 17.9644 14.2217 18.8948 21.1180 15.8613 27.0390 23.9993 15.2061 11.8567 13.5967 17.7056 16.0757 23.0023 20.4243 17.1926 23.9186 22.0147 22.5370
8.5533 10.0921 3.5584 5.5372 7.6473 25.5404 17.5756 7.9724 17.3778 6.3698 12.7545 0.0000 18.9017 6.6814 8.2367 8.6408 25.5517 8.3865 15.0237 14.9303 7.2117 8.0495 12.4265 24.3940 19.6972 8.2057 12.8195 3.7181 6.9899 6.4055 37.8408 35.4435 36.4290 33.4304 30.0959 31.2823 24.5643 34.2858 33.7988 32.6394 34.6499 30.2693 28.1163 31.7621 29.5608 31.8628 29.1723 33.4536 34.9579 32.7414 31.7254 31.6443 34.6023 31.1947 33.8091 36.8577 33.0815 30.5460 34.6406 32.6938 4.8526 10.6788 11.4187 9.6219 22.2778 10.0283 13.3459 14.4023 3.8226 9.1259 4.4251 13.0356 11.7694 13.0824 10.4080 9.1465 14.1233 12.5015 11.6691 7.2585 10.7345 7.1104 6.5752 7.8135 10.9766 10.2447 12.4453 18.9794 4.7436 3.2460 7.4404 17.9527 15.1764 19.5903 18.8037 5.4776 29.2784 11.4237 10.1902 14.2985 25.3545 9.8404 19.0689 12.1129 20.4737 15.5263 11.3956 14.1744 10.9191 17.2299 13.4477 9.9506 10.5374 10.4930 17.4227 12.0118 14.3207 9.2170 9.8155 14.2965 21.9454 22.9443 20.7744 31.9983 26.8733 20.7069 29.2474 25.9935 20.5277 27.8485 25.4841 29.0923 18.3436 26.1077 17.7830 29.9920 24.7118 36.5169 23.5703 23.5919 22.8518 23.9779 22.5785 26.3440 31.7332 20.9077 14.6561 28.6490 33.3060 26.7950
25.4730 24.1432 16.7680 17.4037 22.4373 7.7981 21.3525 20.3265 17.2623 22.7909 29.8771 18.9017 0.0000 23.0779 18.5661 19.0137 7.4483 24.8514 15.4423 11.5268 16.2602 21.0023 13.6583 6.5648 2.1667 22.0937 17.6722 18.2850 17.2429 16.9671 53.1540 50.5333 52.7543 47.8698 46.2277 47.0663 40.7288 49.2287 48.8897 48.4972 50.7261 46.1722 40.1017 47.4057 44.5271 48.9147 45.0665 50.5130 50.0769 47.6805 48.2400 47.0414 51.1591 45.8124 47.7629 52.8554 49.6680 46.1483 49.9025 47.1830 20.6758 25.1822 28.4627 27.0802 39.5326 27.4284 30.4080 31.5131 17.4779 12.9206 20.0256 29.9877 28.8218 28.7193 26.6642 26.4267 30.8894 29.1297 28.7215 19.4599 26.5166 21.8979 22.1430 24.4804 25.0916 25.5125 21.5894 37.1218 20.6116 17.4355 25.4145 30.9219 29.4034 37.0901 34.0670 20.5670 35.6374 18.7309 27.2912 31.4669 40.3549 23.0676 35.3583 26.1453 33.2470 31.7163 19.8239 25.4792 23.3697 28.4889 27.5740 22.1703 28.2596 27.1041 29.9929 24.3649 29.8731 26.7300 26.3035 26.4262 31.4826 35.6132 33.7109 48.9944 43.6173 35.9516 46.5227 40.8011 37.8105 43.3947 41.6032 45.8345 34.1251 43.3435 33.8142 46.3671 40.7197 53.7080 37.8151 39.9680 40.6474 40.7184 39.1359 43.1395 48.4965 34.7234 28.2989 41.5520 50.5433 40.7502
6.8005 9.0154 8.9193 6.6175 4.0042 24.0453 16.6814 7.0033 15.6975 4.2322 9.6319 6.6814 23.0779 0.0000 8.1518 7.1760 25.0868 3.4335 13.5780 14.2653 8.2496 9.4282 12.4452 22.3320 22.4707 13.5275 11.5928 5.5557 8.6918 8.5351 34.4455 31.2333 33.2057 29.6668 26.2110 28.2459 22.4498 30.5989 30.3378 29.1684 31.1821 26.1467 26.2293 27.6992 25.6029 28.6234 25.0014 29.4539 31.0362 28.4012 28.3047 28.4516 30.9207 26.8670 29.4521 32.9306 29.8209 27.0701 31.6956 28.9125 3.5106 9.8921 7.7394 6.6922 18.3889 10.0229 10.3390 10.4879 7.7769 12.0680 4.7084 10.9790 7.9506 10.5402 7.8536 6.0731 10.7621 8.7608 7.5432 7.0259 10.0896 4.0545 5.4190 1.9886 10.0339 6.6412 10.5668 18.0102 7.5944 8.8034 4.5582 16.6652 13.6899 17.4541 15.1184 10.5102 28.1069 9.9787 6.1637 9.9012 22.2001 6.8403 14.6846 9.1999 17.1408 13.0402 9.3173 12.6758 9.7064 15.4074 11.6264 9.3154 7.1508 9.6592 15.1046 10.1852 9.7292 5.0313 6.8646 11.4125 19.9374 20.9907 16.1482 27.8313 23.2874 16.7296 25.8421 22.1328 16.9771 26.0195 21.0481 25.2327 16.5218 21.6617 14.0278 25.4545 19.8360 33.5843 18.6884 20.1766 19.8391 19.8614 18.4318 22.3443 28.0568 19.4134 11.6142 25.3744 29.3550 22.2341
10.0552 8.3169 5.9834 3.3862 7.0994 19.0825 11.3158 3.7328 10.6531 11.0189 15.7111 8.2367 18.5661 8.1518 0.0000 3.1076 19.9874 9.0598 9.3516 8.2360 4.9425 9.4073 6.5848 17.9534 16.9293 10.3842 6.1625 5.9926 3.2701 3.7601 39.0514 35.6432 38.4814 33.6527 31.6346 32.8228 25.0752 34.1092 33.3563 33.9041 36.4300 30.3397 25.8356 32.5156 29.4167 34.9156 30.1764 35.9198 35.4728 33.1536 33.2875 31.2191 36.8630 30.7143 33.0582 38.3909 34.6785 30.2907 34.5114 32.3605 8.2985 7.6048 14.0018 11.8248 25.2837 17.1601 16.2555 16.8513 6.0684 5.9638 6.5444 15.7300 14.3634 14.0406 12.4172 8.9207 18.5644 16.0903 13.9135 1.8389 12.4184 6.8349 6.8087 9.3923 10.4580 9.4513 6.4514 22.3111 10.1952 5.3418 9.4926 15.5054 11.4878 22.4996 19.2815 6.6256 23.2846 4.8950 11.8407 16.4034 27.0004 7.3690 20.0240 10.0694 18.1443 16.8262 5.0584 10.3139 6.8340 12.2950 10.5220 4.2308 12.1255 14.2950 13.8454 7.9898 14.1361 10.2682 9.8638 11.0352 16.7141 19.8659 18.2159 34.1200 28.7024 20.4583 32.2266 25.8399 23.2222 27.5415 26.6458 31.2855 18.9380 28.4534 18.2071 31.5211 25.6765 40.0257 22.1469 25.4190 24.8084 25.8283 24.2458 28.5464 34.3624 19.2393 12.5474 26.6422 35.9502 25.8740
7.8321 6.5612 7.4792 3.7141 4.8060 17.9146 10.4117 2.2226 9.5551 10.4412 13.7498 8.6408 19.0137 7.1760 3.1076 0.0000 19.0063 6.3125 8.1645 8.7642 5.5997 8.6962 7.4144 16.4724 17.5251 12.2037 4.8153 5.9172 4.2880 5.7929 37.3149 33.6621 37.2941 31.6716 29.7744 31.6356 23.7831 32.5064 32.0298 32.0439 34.6906 28.4121 23.8215 30.5345 27.2381 33.3194 28.2668 34.0596 33.3708 31.0735 31.6969 29.8481 35.1822 28.5234 30.8354 36.6731 33.1761 29.1654 32.8685 30.2586 7.7359 7.0505 11.5318 9.8877 23.6612 16.0613 13.9298 15.0038 6.2742 7.4008 6.7281 13.4201 12.4496 11.7680 9.9357 8.3401 17.6742 14.8836 11.7989 3.5045 11.1948 4.5423 6.1979 7.5135 9.4792 7.1530 5.2112 21.9040 9.6538 6.6207 9.1558 13.9290 11.7735 21.5905 17.7536 8.0629 22.6678 3.7930 10.2029 14.2436 25.5714 6.1731 17.9425 7.9909 15.7475 15.3481 3.5856 9.0762 5.9091 11.4627 9.0721 3.7210 11.0297 14.0334 11.9747 5.6474 11.8143 8.9564 7.8016 8.6244 14.8335 17.5886 15.6656 32.1608 26.7213 18.2574 30.7343 23.6171 21.9140 26.5453 24.6865 29.4471 16.8361 26.6459 16.4156 29.5619 23.7173 38.9811 19.7349 23.5807 23.9132 24.1656 22.2647 26.6862 32.7658 17.4610 10.5055 24.3041 34.1060 23.6731
24.1127 23.9679 24.0597 21.7054 21.5840 2.8822 20.6139 19.7343 14.1275 25.4461 31.4289 25.5517 7.4483 25.0868 19.9874 19.0063 0.0000 23.7677 11.8075 12.9314 19.3709 26.8684 15.5473 2.9066 6.5852 29.2805 16.7847 24.1901 21.9071 22.5972 51.9884 47.5900 51.9372 45.8368 44.1296 47.0042 40.6364 48.6809 48.7163 47.2615 49.7680 45.0777 38.9771 44.8537 41.5641 47.6859 43.3618 49.9491 47.7742 45.1246 48.6434 47.1959 49.4208 43.5410 44.6591 50.6487 50.1840 46.2006 49.1086 44.8267 24.6313 25.2444 29.3743 28.1341 37.3613 33.8396 31.7641 30.4934 24.8497 17.0538 24.6151 27.5284 28.7269 27.9334 27.7229 26.9745 34.9376 30.5585 26.0833 21.0240 25.3129 21.5651 24.6777 25.7967 26.1461 22.5551 18.6863 39.4726 24.4603 23.9280 26.2123 30.7314 28.6035 37.6652 33.8847 26.0596 33.4125 16.1855 27.7346 31.0569 40.0513 20.4043 35.3985 23.7564 29.7532 29.6107 17.2539 23.8165 22.5698 27.6890 26.7740 21.5866 28.7198 30.0630 28.2658 22.3150 28.0665 26.4673 25.5253 25.3455 28.2244 31.7535 30.8592 49.0874 43.4633 35.2425 47.1277 39.2356 35.8066 44.0356 38.9227 46.1279 31.7620 42.8047 29.4573 43.3839 39.5280 51.8928 33.8733 38.3513 41.8871 40.7110 35.9226 41.8270 46.7058 33.4752 24.3098 39.7211 50.3482 37.0897
4.9984 7.5271 10.7987 8.4147 2.7655 21.5381 14.4099 6.2836 12.9666 7.2361 9.4030 8.3865 24.8514 3.4335 9.0598 6.3125 23.7677 0.0000 13.6982 14.8488 9.1940 11.2884 13.2856 21.8059 23.4533 15.3107 9.3228 7.1961 9.9680 10.3749 33.8130 29.6750 32.9005 28.3506 25.1457 27.9080 20.2460 29.0165 28.9030 28.0008 30.4987 24.2647 23.5470 26.2646 23.5604 28.1805 23.7059 28.5380 29.6266 27.0843 27.3793 26.5770 30.4077 25.0372 27.6516 32.2401 28.9110 25.4129 29.9627 27.1117 5.9466 7.6752 7.7106 5.9453 18.1712 12.4944 9.7116 9.6034 9.2626 13.1673 7.0971 9.5000 8.6579 9.8170 7.0058 6.2853 13.6025 10.6780 6.7383 7.9987 10.5950 3.2524 6.6302 3.7212 9.9073 3.6364 7.7664 18.0637 9.2495 10.0612 5.4777 14.1437 10.9016 17.1302 13.7458 11.0006 25.3247 8.2963 6.2137 8.5368 21.2538 5.6509 13.0233 6.4001 14.0144 11.7417 6.8187 9.8936 6.9327 12.4212 8.4367 6.5689 6.9456 11.4811 12.1722 7.2689 7.1057 3.4930 4.1446 8.3845 16.7761 18.0474 13.2495 26.8095 21.8777 14.6389 25.4873 20.1387 16.2909 24.9868 19.7073 24.3786 13.9383 20.8859 11.5911 24.3658 18.7535 33.6281 16.2026 18.7109 18.9712 19.2671 17.0060 21.3938 27.6598 16.7372 9.0034 22.4785 28.6839 20.5837
14.0744 14.0538 13.3057 10.2331 10.9667 13.3188 10.8735 9.4244 6.2764 13.8545 20.6724 15.0237 15.4423 13.5780 9.3516 8.1645 11.8075 13.6982 0.0000 6.5344 8.4776 15.3423 5.2061 12.0165 14.3916 17.8865 6.3303 12.8535 10.4236 11.0871 42.0712 37.7846 42.0759 35.9755 34.3242 37.0946 30.8385 38.8830 38.8626 37.4560 39.9067 35.3357 29.2351 35.0482 31.8145 37.7128 33.6122 40.0878 37.9687 35.1813 38.7338 37.3980 39.4477 33.8472 34.9094 40.6936 40.2744 36.2786 39.3108 35.0212 13.1274 14.6504 18.6010 17.4327 27.0300 22.5503 20.9465 20.2285 13.3750 7.6112 13.0875 16.6688 17.9408 17.3560 16.8963 16.0932 23.5552 20.4922 15.6918 9.8880 14.9430 10.7800 13.1514 14.4280 15.5768 12.8175 9.0622 28.7190 13.8116 13.1335 16.1584 20.9894 18.9739 27.8354 24.1606 15.4736 24.1721 6.6719 17.2264 21.0934 31.4290 10.5059 25.6007 14.0858 20.1422 19.7570 7.6080 14.4182 12.9395 18.0587 17.1438 11.2792 18.5715 20.4862 18.6355 12.6793 18.2978 16.7053 15.8733 15.5413 18.6423 22.1715 21.2290 39.0917 33.6096 25.4353 37.1622 29.4860 26.0011 34.1260 29.1191 36.1269 22.0682 32.8929 19.7712 33.4546 29.5442 41.5967 24.2305 28.3514 31.9228 30.8238 26.1171 31.9732 36.6435 23.7332 14.7074 29.9820 40.4063 26.9542
15.7957 14.8383 13.3256 9.9030 13.3344 11.9108 11.9937 10.0859 7.5714 17.2371 21.7500 14.9303 11.5268 14.2653 8.2360 8.7642 12.9314 14.8488 6.5344 0.0000 9.5379 15.4185 4.6231 10.6150 9.8379 17.8954 6.7224 12.3283 9.1182 10.4767 44.8912 41.5518 44.9431 38.8282 37.5223 39.2845 31.5718 39.8770 39.4714 39.5549 42.3379 36.0629 30.4417 38.1716 35.1587 40.8422 36.1680 41.7661 40.8428 38.4539 39.0004 37.5946 42.5085 36.2866 38.2371 44.0364 40.7127 37.0097 40.2641 37.7250 14.5167 14.6547 19.6194 17.6283 31.2882 22.6162 21.7078 23.1777 12.3647 6.8358 13.0547 21.1981 20.6178 19.4203 17.8217 16.0568 24.4883 22.3814 19.8890 9.4976 18.7720 13.0707 12.3452 14.8497 15.6019 15.5199 11.7278 29.2370 16.5190 12.8920 16.4543 21.6235 19.5961 29.0009 25.7525 13.9522 25.7746 9.2424 18.0848 22.2975 33.4726 13.6451 25.7534 16.3725 23.4568 23.2493 9.4912 16.4455 13.0985 18.2273 16.6307 11.1665 18.5932 20.7839 20.0134 14.1792 19.7713 16.8100 15.5810 15.8907 21.3686 25.5038 23.6091 39.7395 34.5280 26.0978 38.3833 31.2753 29.6891 34.0108 32.3130 36.8997 24.7542 34.5471 24.6951 37.1405 31.2959 46.4455 27.7058 31.0332 31.1813 32.0668 29.9018 34.1971 39.9661 25.0672 18.7851 31.7345 41.6737 31.2318
9.6354 10.5300 6.8640 4.6184 7.0196 18.7004 11.5721 6.4341 10.5709 8.0474 15.4177 7.2117 16.2602 8.2496 4.9425 5.5997 19.3709 9.1940 8.4776 9.5379 0.0000 8.8838 6.6160 17.6479 14.9255 11.3144 7.7543 4.9073 4.2924 4.6126 38.7264 34.8912 37.8953 33.1932 30.6110 32.2888 25.6579 34.8692 34.3322 33.5562 35.8206 30.9767 26.2541 31.9131 29.1954 33.7213 29.7686 35.2716 35.2780 32.5903 33.3819 32.3059 35.6909 30.4489 32.6960 37.2185 34.8465 31.0967 35.2192 32.5157 5.6206 11.0328 13.6723 12.7934 24.0313 14.9569 15.8027 15.8848 6.8652 4.9582 7.4421 14.6497 13.5478 13.0483 12.5656 12.2178 15.9468 15.1408 13.0018 6.0281 12.6562 7.1538 8.0359 9.5630 10.1252 9.2523 7.6247 23.1762 8.4120 6.3972 11.0052 16.2991 14.8037 22.1562 19.1385 8.4046 25.7336 5.9972 11.8634 16.0201 26.4945 6.8074 20.2139 10.2341 18.1164 16.3752 6.1228 10.5035 8.9469 15.7497 13.4664 8.6912 13.4783 13.0861 15.0681 10.0405 14.1196 11.7970 11.2459 11.9510 16.8499 19.6994 18.3863 34.0591 28.6711 20.7561 31.6798 25.6297 22.1736 29.8347 25.7584 30.9289 18.4591 27.9224 17.6787 30.6165 25.0130 38.3313 21.9421 24.4709 26.0884 25.6753 23.3744 27.8183 32.9408 19.6689 12.3653 26.7550 35.5424 25.3142
8.9289 6.0650 6.7448 6.1308 9.4265 26.0496 13.1882 8.6166 17.7018 9.2302 10.1207 8.0495 21.0023 9.4282 9.4073 8.6962 26.8684 11.2884 15.3423 15.4185 8.8838 0.0000 12.7170 24.3082 20.6245 5.8785 13.0282 6.1408 7.6591 6.6950 34.2318 31.1846 33.1635 29.0493 26.4427 27.9938 21.7757 31.0380 29.7549 28.9862 31.1542 26.4021 28.2709 30.7813 28.9729 28.8710 27.2173 30.2893 31.0671 28.6483 28.2010 28.0548 31.0445 26.5157 28.9121 33.1328 29.7171 29.0683 30.6419 30.9171 7.5964 12.6838 7.9484 10.1796 19.3116 8.7832 9.9474 12.3335 5.6502 11.0593 6.7754 9.9073 8.5311 8.8978 7.7031 12.9591 10.3986 10.3396 11.7991 8.4585 7.1872 8.4401 7.1130 10.8298 7.4214 11.9843 12.7137 17.3854 9.0476 7.5911 13.0744 15.8811 18.1177 17.3813 15.0075 9.1150 30.8578 11.9830 8.9297 12.3876 22.4580 11.9237 14.8074 14.1806 22.3097 11.6253 11.2895 16.6673 12.8134 18.5908 14.8176 10.7620 8.6865 9.3507 18.7406 12.3601 16.8670 13.3853 12.9000 15.9049 23.0178 25.0848 22.5156 28.5926 23.2788 18.7646 26.3890 24.2771 18.2562 22.9910 21.4351 25.6016 18.5066 23.0298 20.7782 26.9808 20.4224 34.1191 25.5207 20.4271 20.4620 20.4047 21.6967 22.9158 28.2667 19.8361 16.5751 24.6315 30.3196 23.6827
14.1571 12.0984 10.9683 7.5042 11.4240 14.7933 9.4483 7.5460 7.4389 14.3920 19.8471 12.4265 13.6583 12.4452 6.5848 7.4144 15.5473 13.2856 5.2061 4.6231 6.6160 12.7170 0.0000 13.6452 11.8939 15.5161 5.9866 10.0183 7.5210 8.2386 41.5979 38.5100 41.4125 36.1481 34.4380 35.7251 28.2384 36.7383 36.6262 36.7212 39.2525 33.4482 27.6872 35.4861 32.3214 37.8411 33.1873 38.7558 38.1574 36.0663 36.2739 34.5510 39.8375 33.6147 35.5429 41.4956 37.7087 33.6651 37.4584 34.9262 11.6716 14.0190 18.0741 16.4191 28.6329 20.4916 20.2644 20.8909 10.6185 4.9606 10.6701 19.7390 18.4735 18.0281 16.4895 15.3205 21.8772 20.1672 17.9858 8.0243 16.4482 11.1791 11.6415 13.6549 13.9768 13.5655 9.0832 27.4123 13.5190 10.4720 14.0107 18.2635 16.7746 25.5369 22.6402 11.6822 22.6399 6.4825 14.9983 19.7270 29.9307 10.3240 23.1407 13.7974 20.8789 19.9841 7.6960 13.2728 10.6395 15.5043 14.7236 10.5924 16.9644 16.7343 17.1451 11.2694 17.6146 14.7285 13.3628 14.1308 18.5250 23.1092 20.8399 37.3518 31.5692 23.8170 35.1248 28.7636 26.3247 31.2795 29.8775 34.4538 22.1160 31.4768 21.3907 34.7529 28.9083 43.1306 25.4788 28.6099 28.8470 28.7048 27.3714 31.6112 37.4039 22.4635 15.8973 29.0616 39.1127 28.9024
22.4942 22.2628 22.7300 19.2001 19.2444 1.8482 18.9705 17.7454 13.0379 24.5173 29.0303 24.3940 6.5648 22.3320 17.9534 16.4724 2.9066 21.8059 12.0165 10.6150 17.6479 24.3082 13.6452 0.0000 4.9585 27.2988 14.4522 21.7054 19.2876 20.0125 52.4691 48.3329 52.0782 46.3424 44.4638 46.5968 38.9975 47.3310 47.2728 47.3530 49.9292 43.8380 38.2040 45.3842 42.1195 48.1417 43.2535 49.0684 48.3046 45.5812 47.1786 45.5570 49.9088 43.3607 45.2144 51.3595 48.6432 44.4480 48.2373 45.3571 22.1801 22.8861 26.9698 25.7823 38.2136 31.8141 29.3582 29.1832 22.3924 16.2804 22.3454 27.8829 26.4154 26.1355 25.2769 24.2698 32.4711 29.4784 26.1980 18.4841 25.6251 19.1288 21.8706 23.1368 24.1085 21.5663 17.3025 37.4397 24.0658 22.4436 25.0854 29.1303 27.4103 36.7425 32.6899 24.5161 32.5465 15.0773 25.7640 29.3044 40.3046 19.3231 33.7597 22.4719 29.8153 29.7390 15.7543 22.8546 21.0056 26.1247 25.2098 19.3781 26.7833 29.5595 26.7858 20.7144 26.6666 24.8023 23.9393 23.6845 27.5364 32.1035 29.8686 47.5416 42.1561 33.6174 45.7883 38.4047 36.1025 42.3470 39.3196 44.7231 31.6276 41.4074 30.5297 44.1751 38.4954 53.1492 34.3054 38.2651 40.1438 39.1775 36.9356 41.6150 47.4348 32.3398 24.7892 38.8697 49.3391 38.1218
24.2826 22.7015 18.1957 16.5740 21.4279 5.8871 20.0377 18.6509 15.6945 22.4802 29.2721 19.6972 2.1667 22.4707 16.9293 17.5251 6.5852 23.4533 14.3916 9.8379 14.9255 20.6245 11.8939 4.9585 0.0000 23.0072 16.2668 17.6693 16.2738 16.4205 52.1880 49.3899 51.7884 46.7264 45.1730 46.0047 39.4080 47.9079 47.5689 47.4426 49.7601 44.7627 38.7809 46.2623 43.2950 48.0374 43.9232 49.4583 48.9335 46.6675 47.0600 45.7206 50.1932 44.5803 46.5308 51.8868 48.5247 44.8284 48.5816 45.9509 20.2653 24.0094 27.7403 26.1762 38.6971 28.4018 29.8091 30.5336 18.4143 12.4297 19.4069 29.2994 28.1347 27.7246 26.1208 25.3591 30.5720 29.3631 27.7150 18.0305 25.6577 21.1633 21.4161 23.7631 23.9885 24.1175 20.0773 36.4487 20.9371 17.7000 24.1842 29.5123 27.7690 35.7692 32.8853 20.1920 33.9653 17.1439 25.9827 30.3371 40.2421 21.5693 33.9790 24.7356 31.9147 30.5729 18.3217 24.0271 21.7384 26.8545 25.9395 20.7277 26.9331 26.7503 28.4253 22.7779 28.5940 25.1870 24.6869 24.9697 29.9843 34.2036 32.2127 47.9531 42.4491 34.7079 45.5567 39.5690 36.7558 42.1626 40.4788 44.9102 32.8930 42.2001 32.4047 45.3541 39.5293 52.9611 36.5146 39.0438 39.3678 39.5750 37.9925 42.0848 47.5722 33.4026 26.8894 40.2312 49.5691 39.6485
12.8477 9.6041 5.9707 8.9612 13.5871 28.7451 16.1723 11.7698 20.3857 12.9527 14.1179 8.2057 22.0937 13.5275 10.3842 12.2037 29.2805 15.3107 17.8865 17.8954 11.3144 5.8785 15.5161 27.2988 23.0072 0.0000 15.5602 8.6993 9.2375 7.5718 38.4946 35.9775 37.1962 33.8421 31.0233 32.1570 26.2243 35.5331 34.0741 33.5140 35.4328 31.4665 31.7900 34.8453 32.9951 32.6039 30.9746 34.5521 35.8599 33.5261 32.7076 32.2230 35.4770 31.5735 33.9174 37.6607 33.9385 32.4737 35.2775 35.0122 11.1203 12.4083 12.8813 13.7069 23.4263 9.6077 14.6516 16.6461 6.6725 12.6815 9.9498 14.3204 13.2403 13.2149 11.6292 12.8581 15.2094 14.7530 15.6637 9.1768 11.4465 12.4732 9.7583 14.9691 10.4737 16.2738 16.1235 20.0126 11.1780 6.9512 15.2724 19.6873 18.8219 21.3054 19.8132 5.5107 33.4275 14.8604 13.8062 16.3262 27.0588 14.5941 20.0974 18.0154 25.8857 16.1426 14.4149 19.5857 15.6650 20.9868 17.7453 11.5200 12.6696 13.5138 22.3765 16.3011 20.9190 16.3336 16.6973 19.7259 26.2604 28.3191 26.2904 33.2096 27.8554 23.0642 30.3869 28.2993 21.8496 26.7621 26.4873 29.9031 22.4196 27.5577 24.4194 30.9904 25.8225 37.4579 29.4805 24.3800 23.9127 24.9600 25.3995 27.2186 32.5651 23.6316 20.1866 29.2605 34.5825 27.6971
10.7983 10.1311 10.9087 7.7541 8.1464 14.3779 8.2458 6.1296 6.0141 14.8408 16.8208 12.8195 17.6722 11.5928 6.1625 4.8153 16.7847 9.3228 6.3303 6.7224 7.7543 13.0282 5.9866 14.4522 16.2668 15.5602 0.0000 10.2639 6.7078 8.0475 40.8429 37.0181 40.8947 34.5295 33.2313 35.2362 26.6207 34.9839 34.6950 35.2562 38.2896 30.9796 25.6653 33.6302 30.3824 37.0365 31.6343 37.4892 36.3014 33.8495 34.6783 32.5756 38.6276 31.5026 33.4530 39.9804 36.3169 31.9555 35.5321 33.1913 12.1371 8.6732 15.1396 12.3903 27.1098 20.3943 16.7530 18.3539 10.0717 7.7905 10.8539 16.3069 16.4343 15.2551 12.6269 11.6571 22.1871 19.3581 15.2224 6.7192 15.9545 7.8713 9.4458 11.6736 12.5657 10.0155 6.7155 24.4856 14.4301 10.6787 13.3469 16.6044 14.0445 24.9129 20.9761 11.9559 20.0628 4.8845 14.8470 17.4860 28.9389 9.4166 20.9770 10.8681 18.1950 18.7156 4.7676 10.9411 7.6201 12.6757 11.0714 5.0779 14.1256 18.7931 14.5090 8.4321 14.4941 11.3439 10.0288 10.3023 15.8642 20.2345 18.1047 35.1308 29.9943 21.0711 34.3349 26.5028 25.3981 29.4260 27.7792 32.5843 19.9778 30.0134 19.4334 32.5500 26.6993 42.6074 22.4364 26.6262 26.7435 27.7462 25.3605 29.8985 36.1382 20.0482 13.5233 26.7078 37.3827 26.3525
8.4758 8.9104 3.9820 3.3632 5.4576 23.4247 15.2473 6.1526 15.0653 5.7368 13.1023 3.7181 18.2850 5.5557 5.9926 5.9172 24.1901 7.1961 12.8535 12.3283 4.9073 6.1408 10.0183 21.7054 17.6693 8.6993 10.2639 0.0000 4.3614 3.7157 37.2031 34.1748 36.1443 32.0395 29.4235 30.9746 23.7818 33.3010 32.7639 31.9670 34.1256 29.4205 26.1190 30.9416 28.2177 31.8236 28.3518 33.2607 34.0573 31.7491 31.1912 30.7377 34.0158 29.5153 31.8592 36.1243 32.7073 29.5520 33.6509 31.1286 3.8508 8.8822 11.1043 9.8584 22.4160 11.2683 13.8175 14.4139 3.0602 7.6336 4.7094 12.7099 11.6510 11.8805 10.5806 9.3665 13.6266 13.4337 11.3630 5.0948 12.2989 5.7624 5.0440 6.8801 10.2553 7.9735 9.9021 20.2805 7.1037 4.0792 8.2254 16.1193 13.9495 20.2515 18.0340 5.6380 27.8920 9.3141 9.7971 14.0534 25.4576 7.1340 17.7976 9.8772 18.0939 15.5289 8.6205 12.4437 8.7754 15.4866 11.7980 7.6010 10.4160 12.1490 15.0522 9.7990 12.8301 8.9740 9.1946 11.5105 19.2313 20.9688 17.9879 31.6882 26.2596 19.3042 29.3510 24.6408 20.7794 28.1784 24.4547 28.6372 17.7582 26.0106 16.7607 29.1105 23.5343 37.1610 21.3916 22.8585 23.0530 23.3855 21.8030 25.8872 31.2992 19.3188 12.0531 26.1834 33.2961 24.6859
10.6667 9.8393 4.6002 2.4291 8.0455 21.0290 13.0138 5.3594 12.6812 9.4659 15.8874 6.9899 17.2429 8.6918 3.2701 4.2880 21.9071 9.9680 10.4236 9.1182 4.2924 7.6591 7.5210 19.2876 16.2738 9.2375 6.7078 4.3614 0.0000 2.3395 39.6324 36.3315 39.3431 33.6008 32.0647 33.6845 26.2244 35.2114 34.3474 33.8357 36.7379 30.8866 26.6902 32.7399 30.2105 35.0998 30.8529 36.3085 35.8679 33.1498 33.5118 32.4289 36.7024 31.2076 33.3017 38.0628 35.1504 31.4776 35.1460 33.0041 6.7586 8.3599 13.8876 11.9956 25.5841 14.9846 15.4060 17.7629 3.8474 5.0263 5.4570 15.3619 14.8619 13.5680 11.5578 9.7704 16.8631 16.6763 14.4688 3.5153 13.4164 7.5380 6.3697 9.1976 10.6156 10.7745 8.6560 22.6057 9.2290 4.5878 11.0486 17.0673 14.0801 23.3613 20.5798 6.0474 25.9398 7.2646 12.9875 16.9678 28.1575 9.1431 20.5807 11.6271 19.3951 17.9342 6.4838 12.4229 8.6539 14.5146 11.4111 5.2297 13.1477 14.5223 15.3230 9.5762 14.6948 11.6267 10.7275 11.6176 18.3017 20.5957 19.5945 34.1691 29.2129 20.6748 32.7832 26.3060 24.2315 28.3918 26.9978 31.1841 19.5815 29.2320 19.8073 31.3835 25.6884 40.6707 22.6631 25.1152 25.5623 26.7516 24.2329 28.5685 33.8468 20.1855 14.0746 27.4870 36.2161 26.0134
11.1421 9.8407 3.0077 3.1920 8.4326 21.7539 13.6690 5.7314 13.4061 8.5396 15.7844 6.4055 16.9671 8.5351 3.7601 5.7929 22.5972 10.3749 11.0871 10.4767 4.6126 6.6950 8.2386 20.0125 16.4205 7.5718 8.0475 3.7157 2.3395 0.0000 40.5511 37.4551 39.4584 35.3349 32.7376 34.2887 26.5477 36.1566 35.2624 35.2811 37.4735 32.3653 28.2519 34.2219 31.4641 35.2392 31.6321 36.6086 37.3376 34.9188 34.2631 33.2665 37.3693 32.7617 35.1056 39.4278 35.7056 32.1627 36.4657 34.3750 6.3564 8.8490 14.2429 12.2330 25.6562 14.6290 16.3027 17.6669 3.3213 5.7088 5.0508 15.9318 14.7772 14.4996 12.4444 9.7267 16.6943 16.5856 14.5104 3.2548 13.3481 7.5167 6.9280 9.9173 10.9584 11.0463 9.2138 22.4135 8.6928 4.3011 11.0500 17.8796 14.4143 23.2070 21.2291 5.5206 26.7442 8.1771 13.0435 17.3337 28.7040 8.9241 21.0779 12.4743 20.5568 17.8310 7.2234 13.1919 8.9625 15.2588 12.5085 5.8061 13.1055 14.4539 16.2128 10.4582 15.9534 11.6872 11.4721 13.7015 19.9265 22.6824 20.8110 34.8875 29.5737 22.4788 32.7328 27.8873 24.0935 28.4128 27.7056 31.9210 20.1449 29.3247 19.8402 32.3067 26.6757 40.4629 24.5367 26.0311 25.6798 26.6997 25.1172 29.2352 34.6350 20.8144 14.9599 29.0941 36.6390 27.7907
33.1501 33.0054 40.2698 38.1302 34.8872 52.4101 36.3483 37.0366 42.1070 35.1197 29.5255 37.8408 53.1540 34.4455 39.0514 37.3149 51.9884 33.8130 42.0712 44.8912 38.7264 34.2318 41.5979 52.4691 52.1880 38.4946 40.8429 37.2031 39.6324 40.5511 0.0000 12.1269 8.1751 10.2370 10.8156 8.9846 22.7345 12.2186 13.1922 11.8059 9.2023 16.0605 25.3438 16.3843 19.3539 15.4617 17.1989 13.0019 10.5624 9.8749 11.9175 17.7727 11.2692 17.5890 14.5743 10.4611 12.6616 19.5480 13.1743 16.4008 36.4990 39.8983 30.0464 33.2683 23.6073 33.9837 29.1158 30.7122 38.9268 42.6824 37.9738 29.2277 30.2233 30.6106 32.2417 37.6173 30.8269 31.2552 31.3597 39.2026 31.1337 36.0348 36.0968 34.8809 33.6145 33.9734 37.5391 33.0729 37.4022 38.5648 33.7348 28.8693 33.5864 24.0382 24.4524 39.3779 36.8319 38.1293 30.6767 28.3351 16.5050 35.1188 24.4650 33.3261 30.5801 25.5122 38.0719 34.5021 35.4880 33.6651 34.5997 38.8019 31.1123 31.0629 33.0853 34.9281 30.9413 32.9275 33.0654 34.5498 34.0378 31.6380 31.1135 20.3374 19.7321 26.0362 19.5632 21.4388 21.6746 21.8596 20.4135 15.8344 26.5194 23.8579 29.8708 19.9423 19.0171 17.7893 28.5486 20.4045 23.1626 18.1732 23.4919 18.5204 17.2811 28.1840 32.2433 22.3673 17.5464 23.8552
28.8813 29.1453 37.4559 34.8941 30.6905 48.1672 31.9382 33.3387 37.6735 31.7021 27.4460 35.4435 50.5333 31.2333 35.6432 33.6621 47.5900 29.6750 37.7846 41.5518 34.8912 31.1846 38.5100 48.3329 49.3899 35.9775 37.0181 34.1748 36.3315 37.4551 12.1269 0.0000 13.4476 8.0917 6.1909 7.9220 15.8250 10.2920 10.6458 6.7312 12.0346 9.9030 16.5809 9.6570 11.6372 15.5004 11.2429 11.6982 6.4268 7.5005 11.0305 11.9311 10.2907 8.0695 6.7876 9.5232 11.4850 13.6366 10.3093 10.5118 32.9766 35.8261 26.9781 29.6719 22.2017 32.0807 26.8740 28.0149 35.9504 39.5204 35.1259 24.4111 26.8039 26.3752 29.8868 34.3172 28.7571 28.1735 26.7281 35.6830 27.4392 31.8373 32.4807 31.5303 30.1949 28.8510 32.7056 33.5969 34.3716 35.8103 31.7102 22.8718 28.2689 21.6354 19.8178 36.6822 29.4376 34.1747 27.4219 25.5389 13.2375 30.4389 18.3789 28.2555 23.2229 21.6944 33.8198 29.4046 31.1494 28.2989 29.2995 34.6773 27.8640 28.7245 26.7774 30.4188 26.7978 30.7042 29.0048 29.4337 26.5663 23.1621 23.9530 17.4308 14.9944 20.2994 22.1511 15.8690 17.1105 20.2698 11.9482 17.3207 20.2671 20.9218 22.7492 13.6814 13.8090 18.7157 21.2449 17.0864 21.8490 16.6821 17.7494 14.0307 15.0555 20.5124 26.1171 13.7316 19.4482 15.1800
31.9495 31.7212 38.9714 37.4245 33.6313 51.9449 36.0121 35.8463 41.6417 34.0725 26.5501 36.4290 52.7543 33.2057 38.4814 37.2941 51.9372 32.9005 42.0759 44.9431 37.8953 33.1635 41.4125 52.0782 51.7884 37.1962 40.8947 36.1443 39.3431 39.4584 8.1751 13.4476 0.0000 11.3657 10.4808 7.9164 21.7448 12.7575 12.8865 10.6722 3.8688 15.6047 25.4505 16.2967 20.1802 10.8152 16.1698 7.9919 11.6466 10.6642 8.0948 17.1637 6.9577 17.7422 15.6660 6.9145 8.4853 20.0937 13.6842 18.0381 35.0034 39.1836 28.1413 31.0555 20.5953 31.8145 26.6755 26.2411 38.0799 41.9396 36.2807 28.9851 27.6193 29.1598 30.8572 35.8323 28.0012 27.9477 30.0836 37.9042 29.7616 34.6946 35.2499 33.0935 32.1637 33.0403 36.4572 29.7861 35.9070 37.6183 31.2718 28.1148 32.8769 19.1221 23.0799 38.5310 36.5483 37.6480 28.8374 25.8632 15.2223 33.8991 23.1614 32.6440 30.0628 24.5769 37.2706 33.5789 34.7534 33.1175 33.5987 38.1135 28.8352 27.9808 32.1093 34.3455 29.8468 31.0789 32.2370 34.3985 33.6490 31.2753 30.6374 13.4810 16.6186 25.2086 13.7889 20.7157 19.0920 19.9664 18.7803 11.9799 25.1033 17.7312 28.8386 16.5839 16.7125 12.1250 28.2085 18.2264 18.9096 15.1348 22.2823 14.7246 14.9917 26.8840 31.5386 22.2417 11.3945 24.2864
27.4837 27.4978 35.3205 32.8440 28.9926 46.1767 30.0351 31.5195 35.6830 30.6187 25.5685 33.4304 47.8698 29.6668 33.6527 31.6716 45.8368 28.3506 35.9755 38.8282 33.1932 29.0493 36.1481 46.3424 46.7264 33.8421 34.5295 32.0395 33.6008 35.3349 10.2370 8.0917 11.3657 0.0000 6.5206 8.3407 15.9460 8.9183 6.5400 6.4236 10.7470 11.0623 17.0110 9.2860 11.3829 16.1167 10.2680 13.0685 4.5048 5.1131 10.8159 11.4174 11.7041 9.0630 5.5597 9.7849 13.0305 13.8494 8.0593 8.8615 31.5880 33.7523 25.8425 28.4208 23.5353 29.9524 24.2169 26.5623 33.7040 37.4332 33.4247 24.0890 26.2313 25.7033 26.8922 32.6407 28.2535 27.6581 26.8832 33.7746 27.6262 30.2396 30.2423 29.5569 28.3361 27.8647 31.4539 33.4118 33.1565 33.6749 29.5471 21.6859 27.2326 20.0239 17.9872 34.2955 29.4874 32.2464 25.9989 23.5156 13.9698 29.4466 18.1454 26.9512 22.0035 19.4782 32.1219 28.0685 29.6003 26.7310 27.6333 32.6560 26.4646 29.0364 25.8281 29.0545 23.9005 28.4217 27.4839 27.0338 25.6613 22.5922 22.8274 17.9525 14.4191 17.6573 21.9106 13.0777 14.9537 20.0842 13.2216 16.3060 18.3359 21.3818 23.0077 13.7659 13.6745 20.5558 19.5255 13.5875 21.3961 16.1593 16.0978 13.5609 17.8684 20.0487 25.3742 14.0468 18.9577 15.0491
