0.0000 2.1975 3.1901 2.4813 1.6636 1.8071 1.8948 2.0321 1.9453 2.6715 2.1500 2.4448 3.1167 2.2536 1.6319 2.2251 1.2948 2.7128 1.8404 1.4863 2.4522 2.4484 1.2061 2.2853 2.0053 3.6907 1.9146 2.7963 2.2559 3.0586 23.6486 17.3677 18.9592 17.2536 16.3376 16.1814 12.9956 18.0822 18.1675 18.0822 18.0771 16.4405 14.0532 15.2343 15.2704 13.9254 14.5197 15.6084 18.2411 15.5062 16.8340 16.0383 15.7480 14.6891 17.0478 17.7363 16.3216 16.2469 19.1526 17.1770 2.9129 1.3267 2.4385 2.9126 2.8049 2.8835 2.6103 2.7367 3.0600 2.1268 2.5387 3.2918 2.6468 1.4611 2.4399 2.5376 2.1596 2.1006 1.3264 2.4780 2.1185 2.3846 2.2551 2.1437 1.5987 1.6732 1.3981 1.5941 1.6487 1.8022 2.3291 5.5539 5.2241 6.1027 4.5245 2.9522 9.4090 2.6725 2.1957 3.4109 9.1915 2.7275 5.6974 3.0587 5.5632 3.8023 1.8751 3.8190 2.8619 5.3671 4.8437 2.9976 2.1015 2.8952 5.2106 3.5937 3.3742 2.6776 3.6410 2.7889 8.6739 9.4372 8.0931 10.5985 11.9858 7.4438 9.6689 11.1433 7.3543 11.2805 9.1019 10.5902 8.7003 9.5248 6.3510 10.8116 8.8969 13.2264 9.0432 8.7850 7.6996 10.0166 9.2275 9.9879 12.0880 8.7982 6.1553 13.3040 12.8180 8.9474
2.1975 0.0000 3.5308 2.6659 1.9369 1.3266 2.0256 2.5235 1.3943 2.9144 1.5169 2.7621 3.6497 2.0868 1.8980 2.2623 1.8213 1.8749 2.0762 2.5102 2.3309 2.9816 2.0535 2.4386 3.0478 3.7395 2.3648 2.9305 2.9753 3.3984 23.4334 17.0033 18.6880 16.6330 15.6613 15.5012 12.3518 17.7139 17.6895 17.5318 17.7895 15.8484 13.2205 14.7166 14.4913 13.1866 14.0342 15.0087 17.7988 14.9720 16.4666 15.3720 14.8990 13.9330 16.3942 17.1739 15.6103 15.6326 18.5747 16.4856 3.2537 2.1275 1.8503 2.5309 2.3597 3.4399 2.3065 2.5830 3.4346 2.4956 2.8944 3.0037 2.1362 2.3380 2.1138 1.9425 2.6828 2.7784 1.7577 2.4424 1.9383 2.5817 2.6357 2.4611 1.5869 1.8458 2.0984 1.7463 2.6315 2.9736 2.5463 4.7993 4.9546 5.9733 4.4060 3.5998 8.7256 2.7589 2.6973 2.8227 9.0747 3.1233 5.8079 2.8311 5.6154 4.0087 2.4962 3.2432 2.0820 5.1498 4.0184 2.7826 2.3672 3.0148 4.5236 3.9578 3.5130 2.2492 3.2500 2.9339 7.7850 8.8049 7.7843 10.1637 11.2753 6.8267 9.3540 10.3387 6.6047 10.9151 8.7412 10.2377 8.1074 8.9734 5.8666 10.2079 8.2188 12.7083 8.3954 8.0017 6.8910 9.4566 8.6792 9.2272 11.6022 7.9322 5.8217 12.7169 12.3662 8.1415
3.1901 3.5308 0.0000 1.1853 2.2441 2.5862 3.8050 3.0674 2.9867 1.1292 2.9134 1.2769 0.8898 1.8568 2.7540 2.0838 2.5741 2.8875 1.9456 2.2798 2.6489 1.3557 3.1426 1.7686 1.6929 1.0033 1.9616 1.2086 1.5004 0.9446 26.0492 19.6857 21.1855 19.4938 18.3283 18.4032 15.2586 20.6414 20.3491 20.1829 20.4906 18.3277 16.0290 17.4491 17.0775 15.8180 16.3557 17.4424 20.4355 17.4508 18.7772 18.1817 17.7215 16.7114 19.0937 19.7279 18.4123 18.6635 21.3717 19.5626 1.0771 2.2641 2.2507 2.6887 5.2138 0.8384 2.9654 3.3892 0.9131 1.6514 1.1743 3.1967 2.4846 2.5722 2.2474 2.2849 1.7904 2.4626 2.8518 1.7189 2.6444 1.7552 1.4159 1.9766 2.6904 3.3370 3.9682 3.4233 1.8639 2.2398 3.9039 7.9770 7.6381 8.6522 6.8144 3.6599 11.9166 3.6784 4.3988 4.9619 11.9604 4.9426 7.7496 4.8965 8.1844 6.2696 3.1818 6.2432 4.8080 7.9752 6.1509 2.7954 3.4650 4.2650 7.5369 5.4894 5.5733 3.9828 5.3914 4.7370 10.3302 10.9126 9.7459 12.5907 14.0610 9.0748 11.8588 13.1156 9.3088 13.4502 11.0526 12.4646 10.3994 10.9062 8.3941 12.6892 10.6301 15.2513 10.5333 10.1376 9.0568 11.8630 10.6850 11.8457 14.1029 10.5960 7.2928 15.5502 14.6574 10.5729
2.4813 2.6659 1.1853 0.0000 1.5295 1.7832 2.8845 2.2683 2.0809 1.0295 2.0496 1.0730 1.2809 1.0906 2.1024 1.4628 1.7782 2.0853 1.3257 1.8617 2.1957 1.1952 2.3694 0.9625 1.3974 1.6114 1.3940 0.7866 1.3290 1.1733 25.2304 18.8477 20.3797 18.6224 17.5076 17.5339 14.3551 19.7478 19.5202 19.3705 19.6598 17.5589 15.1782 16.6081 16.2693 14.9919 15.5538 16.6624 19.6351 16.6630 18.0125 17.3184 16.8979 15.8512 18.2689 18.9303 17.5604 17.7809 20.5400 18.6682 1.1413 1.6892 1.4837 1.9166 4.3631 1.2300 2.3337 2.7401 1.3266 1.1267 0.9514 2.5038 1.6662 2.0381 1.5352 1.6265 1.2131 1.8945 2.0782 0.9890 1.8721 1.2703 0.9642 1.2402 1.8998 2.5572 3.1930 2.5573 1.4586 1.9560 3.0801 7.0820 6.8028 7.8364 5.9864 3.3298 11.0614 2.9653 3.6014 4.0886 11.1038 4.1114 7.0409 4.0368 7.3232 5.4184 2.3808 5.3242 4.0280 7.1700 5.3404 2.1539 2.7016 3.4796 6.6572 4.7646 4.6809 3.1335 4.5195 3.9508 9.4622 10.1230 8.9715 11.7548 13.1907 8.2364 10.9792 12.2159 8.3611 12.6070 10.2408 11.6601 9.5685 10.1432 7.4637 11.8063 9.7917 14.4102 9.7585 9.3083 8.2289 11.0345 9.8870 10.9988 13.2481 9.6605 6.5102 14.6714 13.8675 9.6950
1.6636 1.9369 2.2441 1.5295 0.0000 1.4196 1.9377 1.6092 1.3369 1.7403 1.4147 1.5681 2.3114 1.1872 1.6824 1.0924 1.0613 1.5944 1.2473 1.5053 2.3315 1.7603 1.5487 1.3108 1.5787 2.5818 1.0543 1.7803 1.5809 2.1085 24.1865 17.7904 19.3434 17.5731 16.5049 16.5536 13.3430 18.7285 18.4890 18.3463 18.5525 16.6307 14.1939 15.5530 15.3426 14.0430 14.6103 15.7209 18.5808 15.6852 17.0227 16.3633 15.9471 14.8891 17.2616 17.9311 16.5524 16.7425 19.5458 17.6043 1.8923 1.0887 1.2572 1.8023 3.2945 2.0332 1.7446 2.0819 2.2144 1.3397 1.6842 2.3976 1.7240 1.4035 1.4238 1.2792 1.1728 1.5460 1.4554 1.2769 1.5121 1.2636 1.2262 1.0984 1.4811 1.8267 2.4144 1.5041 1.3050 1.9878 2.3787 6.1598 5.8995 6.8180 4.9207 3.1386 10.2074 2.3794 2.8183 3.2967 10.1693 3.2898 6.0224 3.2473 6.2999 4.4459 1.8912 4.4178 3.2378 6.2986 4.6461 2.1259 2.1462 2.8248 5.7060 3.8454 3.8404 2.4545 3.7730 3.1004 8.7288 9.3676 8.2127 10.8262 12.3336 7.4556 10.0969 11.3276 7.5626 11.6770 9.3297 10.7198 8.8324 9.5359 6.5934 10.9361 8.9498 13.4877 8.9764 8.6188 7.4884 10.2179 9.1964 10.1386 12.3354 8.8785 6.0500 13.7157 12.9923 8.9586
1.8071 1.3266 2.5862 1.7832 1.4196 0.0000 2.2234 2.3477 1.2804 1.9877 1.3897 1.8226 2.6340 1.3441 1.0930 1.7938 1.2428 1.9763 1.0819 1.6870 1.4289 1.9599 1.7891 1.7220 2.1010 2.8977 1.7609 2.1134 2.0467 2.4578 24.2806 17.8894 19.4988 17.5725 16.6060 16.4189 13.2883 18.5750 18.5970 18.4635 18.6305 16.7461 14.1618 15.6431 15.4231 14.1309 14.8535 15.9078 18.7053 15.8676 17.3110 16.3099 15.8702 14.8967 17.3088 18.0678 16.5710 16.5998 19.5072 17.4519 2.4576 1.3742 1.4842 2.3483 2.9752 2.4675 2.2725 2.6634 2.4767 1.8138 1.9345 2.7858 1.6918 1.8474 1.6073 1.6882 2.0536 2.2938 1.2290 1.7792 1.7239 1.9770 1.8302 1.8369 0.8783 1.7547 2.0148 1.7393 1.7314 1.9880 2.6872 5.5798 5.5020 6.6674 4.9966 3.2182 9.4665 2.7750 2.6611 3.3577 9.6546 3.3475 6.4446 3.2135 6.2618 4.4179 2.1438 3.9627 2.6264 5.6644 4.6939 2.5608 2.3077 3.1383 5.2894 4.3094 3.8715 2.5679 3.7953 3.1927 8.5892 9.5693 8.4058 10.9618 12.1651 7.5865 10.1241 11.2670 7.3750 11.7356 9.5427 11.0010 8.8590 9.6642 6.6151 11.0375 9.0572 13.5438 9.1463 8.7364 7.6671 10.2395 9.3651 10.0681 12.4383 8.8370 6.2370 13.6160 13.1733 8.9466
1.8948 2.0256 3.8050 2.8845 1.9377 2.2234 0.0000 1.4838 1.3202 3.3595 1.6869 3.1768 3.8344 2.5222 2.5770 2.2503 1.9375 1.9276 2.5872 2.6908 3.4036 3.3331 1.5245 2.4255 2.8774 4.1915 2.3035 3.0886 3.0458 3.6129 22.5974 16.2409 17.7985 16.0206 15.0093 14.9595 11.7274 17.0884 16.9452 16.8136 17.0359 15.1908 12.6928 13.9743 13.8591 12.4971 13.1071 14.2156 17.0787 14.1802 15.5506 14.7601 14.4260 13.3340 15.7389 16.4229 15.0246 15.1769 17.9788 16.0522 3.4079 2.2421 2.1829 2.1420 2.4465 3.7021 2.0495 1.9245 3.7685 2.7996 3.1314 2.4797 2.2884 2.1675 2.2553 2.2628 2.4508 2.1731 1.7646 2.4799 1.7993 2.4335 2.6819 2.1844 2.1552 1.4263 2.0923 0.8808 2.7739 3.2014 1.8065 4.9931 4.7991 5.5079 3.5633 3.7073 9.0344 2.1157 2.2883 2.1643 8.8619 2.1985 4.8312 2.1975 4.7954 3.2167 1.6781 3.3394 2.7480 5.4555 3.5368 2.3952 1.9155 2.1583 4.5100 2.9884 2.4015 1.7105 2.5547 2.0616 7.3932 7.9834 6.8751 9.3226 10.8215 5.9719 8.5438 9.8071 6.0017 10.1757 7.8747 9.2671 7.3842 8.1985 4.9625 9.3599 7.4912 11.9864 7.6295 7.1690 6.1286 8.8530 7.7987 8.7103 10.7877 7.3616 4.9801 12.1917 11.5923 7.4281
2.0321 2.5235 3.0674 2.2683 1.6092 2.3477 1.4838 0.0000 1.6603 2.8353 2.0657 2.6595 3.1553 2.2701 2.6007 1.8556 1.5789 1.7782 2.3226 2.2968 3.3554 2.8349 1.5769 2.0821 2.1315 3.5308 1.6245 2.5757 2.4626 3.0687 23.2780 16.9062 18.4086 16.7898 15.7089 15.8010 12.5442 18.0208 17.6303 17.4920 17.7156 15.7403 13.4549 14.7454 14.5389 13.2651 13.6581 14.8485 17.7086 14.8568 16.0746 15.5820 15.2383 14.1021 16.4375 17.0793 15.7336 16.0365 18.7377 16.9231 2.8031 1.8407 2.0420 1.9798 3.2254 2.9553 2.1497 1.9364 3.2376 2.2788 2.6867 2.5432 2.3795 2.0372 2.2263 2.0900 1.8770 1.8234 2.0475 2.0350 1.8999 1.9216 2.1782 1.6503 2.2969 1.8317 2.6376 1.5914 2.3029 2.7228 1.4693 5.8643 5.3906 6.1416 4.1632 3.0827 10.0170 1.5339 2.3920 2.4906 9.7828 2.6003 5.1364 2.5749 5.4888 3.7371 1.3597 4.1160 3.2808 6.1398 3.9679 1.9460 1.6510 1.9468 5.3150 2.8523 3.0982 1.9353 2.9798 2.2990 7.9015 8.3754 7.1704 9.8929 11.4828 6.5020 9.1075 10.4956 6.7847 10.7390 8.3381 9.6719 7.8635 8.4602 5.6934 9.9212 8.0149 12.5045 8.0042 7.6797 6.5630 9.2778 8.0888 9.2727 11.3349 7.9663 4.9559 12.8599 11.9646 8.0362
1.9453 1.3943 2.9867 2.0809 1.3369 1.2804 1.3202 1.6603 0.0000 2.5047 1.0266 2.3241 3.0864 1.6044 1.9080 1.5739 1.4277 1.2962 1.7770 2.1629 2.5188 2.6041 1.5973 1.7156 2.3462 3.3047 1.7181 2.3010 2.3833 2.8274 23.4808 17.0750 18.6467 16.7672 15.7400 15.6615 12.4831 17.8947 17.7531 17.5865 17.8554 15.9064 13.3111 14.7694 14.5304 13.2028 13.8788 14.9546 17.8843 14.9463 16.3799 15.4799 15.0488 14.0186 16.4536 17.1746 15.7539 15.9170 18.7165 16.7451 2.6776 1.6955 1.2379 1.6544 2.6781 2.9606 1.7465 1.8661 2.9680 2.1749 2.3152 2.1000 1.4599 1.8887 1.4129 1.4357 1.9624 1.9032 1.2233 1.6585 1.3127 1.7599 1.9642 1.6071 1.4125 1.2723 2.1383 1.1041 2.2367 2.6518 2.1055 5.3394 5.2143 6.1714 4.2904 3.5029 9.3813 2.1684 2.4934 2.6008 9.4335 2.8097 5.6679 2.6698 5.6385 3.8865 1.7226 3.7173 2.6555 5.7519 3.8539 2.0421 1.8818 2.5151 4.9093 3.6298 3.1662 1.8870 3.0777 2.5773 7.8627 8.6188 7.5290 10.1228 11.4614 6.6454 9.3357 10.4704 6.5832 10.9728 8.6683 10.0736 8.0214 8.7824 5.7250 10.1066 8.1864 12.7226 8.2430 7.7213 6.6916 9.5128 8.4301 9.3017 11.5928 7.9973 5.4350 12.8983 12.3302 8.0224
2.6715 2.9144 1.1292 1.0295 1.7403 1.9877 3.3595 2.8353 2.5047 0.0000 2.3430 0.6857 1.0961 1.1417 2.0674 1.9017 2.0226 2.5765 1.2412 1.8411 2.0257 0.7662 2.7281 1.4448 1.5676 1.3217 1.7424 1.1896 1.2396 1.1068 25.7573 19.3731 20.8717 19.0929 18.0393 18.0458 14.8251 20.1881 20.0376 19.8732 20.1166 18.1352 15.6806 17.0980 16.8215 15.5294 16.0870 17.2176 20.1419 17.2060 18.5682 17.8294 17.4238 16.3446 18.7647 19.4664 18.0853 18.2662 21.0547 19.0999 1.1782 1.8152 1.8725 2.4787 4.5908 0.9732 2.7707 3.3081 1.0748 1.3794 0.8429 2.8102 1.9944 2.3738 1.9177 1.9487 1.5642 2.3858 2.3938 1.4069 2.4528 1.5923 1.0708 1.7468 2.0003 3.0101 3.3981 2.8816 1.3991 1.8570 3.6604 7.3912 7.1397 8.1952 6.4452 3.6957 11.3140 3.5413 3.8963 4.6570 11.3479 4.5775 7.5469 4.6171 7.7460 5.8159 2.9741 5.7013 4.3195 7.3544 5.9389 2.8824 3.2068 4.0541 7.0609 5.2775 5.1186 3.7313 5.0993 4.4400 10.0639 10.7854 9.5788 12.3355 13.7440 8.8586 11.5662 12.7647 8.8760 13.2008 10.8257 12.2291 10.2141 10.8408 8.0422 12.3952 10.4061 14.9775 10.3912 9.9546 8.8345 11.6442 10.5566 11.5728 13.8393 10.2546 7.2082 15.1929 14.4574 10.3031
2.1500 1.5169 2.9134 2.0496 1.4147 1.3897 1.6869 2.0657 1.0266 2.3430 0.0000 2.2522 2.9078 1.4529 2.0732 1.5419 1.7704 1.4827 1.7081 2.3986 2.5360 2.4459 2.0498 1.6247 2.5685 3.1885 1.8451 2.1739 2.4507 2.6277 23.8622 17.4464 18.9682 17.0703 16.0281 16.0122 12.7803 18.2713 18.0626 17.8875 18.1893 16.2655 13.6129 15.0866 14.7834 13.4747 14.1861 15.2775 18.2049 15.1871 16.6521 15.8430 15.3528 14.2828 16.7466 17.4440 16.0483 16.2368 19.1049 17.0356 2.4553 1.8235 1.1879 1.5161 2.8896 2.8904 1.4858 2.0533 2.7036 2.1136 2.2232 1.8911 1.1117 2.1108 1.1737 1.2369 1.8671 1.9248 1.5929 1.6838 1.6394 1.7331 1.9870 1.6658 1.5158 1.7743 2.5743 1.2986 2.1741 2.8031 2.7016 5.6937 5.7360 6.6136 4.7924 4.0131 9.7150 2.7541 3.0424 3.1455 9.8442 3.4788 6.0253 3.2490 6.1122 4.4662 2.3499 4.0888 3.1018 6.1093 4.4359 2.4104 2.5872 3.1008 5.3507 4.1858 3.7451 2.4816 3.7139 3.1801 8.3456 9.0484 8.0702 10.4692 11.9210 7.0779 9.8675 10.7737 7.0543 11.3730 9.0942 10.4786 8.5579 9.3362 6.1100 10.4891 8.5372 13.1650 8.6828 8.1117 7.0138 10.0152 8.9015 9.7327 11.9672 8.3438 5.9961 13.3512 12.7582 8.4313
2.4448 2.7621 1.2769 1.0730 1.5681 1.8226 3.1768 2.6595 2.3241 0.6857 2.2522 0.0000 1.3078 1.1141 1.8385 1.6512 1.7992 2.4509 1.1155 1.5458 1.9220 0.9592 2.4531 1.3462 1.3822 1.5332 1.5350 1.2575 1.2906 1.3519 25.4921 19.1076 20.6297 18.8494 17.8028 17.8065 14.6098 19.9574 19.7953 19.6295 19.8376 17.9064 15.4594 16.8393 16.6062 15.3216 15.8437 16.9903 19.9012 16.9634 18.3219 17.6046 17.1958 16.1119 18.5351 19.2232 17.8481 17.9969 20.8106 18.8587 1.2239 1.5271 1.6984 2.4151 4.3495 1.0306 2.6667 3.1514 1.2562 1.2441 0.9495 2.7429 1.9403 2.1888 1.8302 1.8483 1.4564 2.2723 2.1594 1.2616 2.2728 1.4962 1.0798 1.5617 1.8208 2.7893 3.1616 2.7043 1.2600 1.7089 3.3834 7.1386 6.8589 7.8822 6.1529 3.4798 11.0936 3.2678 3.6143 4.4564 11.1151 4.2841 7.2787 4.3637 7.4738 5.5239 2.7176 5.4634 4.1184 7.0939 5.6763 2.7073 2.9679 3.8095 6.7589 4.9971 4.8973 3.4933 4.8652 4.1508 9.8117 10.5446 9.2904 12.0750 13.4836 8.6134 11.2857 12.5255 8.6283 12.9212 10.5575 11.9787 9.9726 10.6222 7.7887 12.1626 10.1714 14.7108 10.1732 9.7282 8.6188 11.3799 10.3289 11.3161 13.5886 10.0212 6.9397 14.9176 14.1737 10.0678
3.1167 3.6497 0.8898 1.2809 2.3114 2.6340 3.8344 3.1553 3.0864 1.0961 2.9078 1.3078 0.0000 1.8111 2.7188 2.1843 2.6233 3.1370 1.8765 2.3206 2.5976 1.1461 3.2582 1.7415 1.6736 1.3115 2.1334 1.2085 1.5356 0.7734 26.2492 19.8775 21.3523 19.6805 18.5705 18.6273 15.4237 20.8013 20.5357 20.4101 20.6452 18.6166 16.2438 17.6518 17.3087 16.0388 16.5496 17.6988 20.6610 17.6529 18.9716 18.4186 17.9769 16.9114 19.3117 19.9306 18.6271 18.8450 21.6315 19.7236 1.0217 2.3222 2.3719 2.7725 5.2217 0.8575 3.0975 3.6043 0.7451 1.6707 1.1631 3.1386 2.4356 2.7006 2.2613 2.4865 1.7187 2.4481 2.9046 1.8346 2.8640 1.9675 1.5421 2.0357 2.6637 3.4994 3.9961 3.4323 1.7053 2.1126 4.0749 8.0593 7.7580 8.7972 6.9598 3.9248 12.0113 3.9137 4.4155 5.1764 11.9876 5.0467 7.9338 5.0732 8.2912 6.3333 3.3111 6.2887 4.9826 7.9876 6.4714 3.1048 3.7000 4.4271 7.6709 5.6620 5.6578 4.2322 5.6048 4.9315 10.5596 11.1684 9.9860 12.7710 14.3164 9.3068 12.0488 13.3023 9.4606 13.6354 11.2703 12.6815 10.6668 11.2193 8.5014 12.8673 10.8569 15.4757 10.8313 10.3683 9.2577 12.1142 10.9474 12.0835 14.3024 10.7686 7.4774 15.7692 14.8982 10.7966
2.2536 2.0868 1.8568 1.0906 1.1872 1.3441 2.5222 2.2701 1.6044 1.1417 1.4529 1.1141 1.8111 0.0000 1.6653 1.3264 1.5349 1.7987 0.9132 1.7826 1.9163 1.3091 2.2355 1.0572 1.7201 2.0090 1.4872 1.2897 1.5242 1.6012 24.9178 18.5287 20.0394 18.1864 17.1628 17.1442 13.9062 19.3356 19.1712 19.0124 19.2618 17.3227 14.7588 16.2093 15.9310 14.6158 15.2321 16.3548 19.3029 16.3456 17.7471 16.9424 16.5104 15.4275 17.8688 18.5869 17.1847 17.3645 20.1897 18.1791 1.5452 1.5416 1.0302 1.8045 3.7710 1.7702 2.1112 2.6827 1.7335 1.3549 1.1725 2.1567 1.2422 2.0596 1.2052 1.2783 1.3311 1.9802 1.7396 0.9940 1.8191 1.3177 1.0694 1.3470 1.3932 2.3287 2.8221 2.0821 1.4713 2.0242 3.0845 6.5701 6.4112 7.4778 5.6719 3.6699 10.5562 3.0204 3.3126 3.8740 10.6230 3.9497 6.8831 3.9026 6.9933 5.0983 2.4909 4.9181 3.6709 6.7054 5.1659 2.4305 2.7272 3.4674 6.2307 4.6913 4.3929 3.0391 4.3861 3.7612 9.2192 9.9767 8.8522 11.5186 12.9125 8.0283 10.7665 11.8691 7.9914 12.3790 10.0454 11.4398 9.4256 10.1230 7.1507 11.5113 9.5739 14.1496 9.6190 9.0988 7.9823 10.8762 9.7893 10.7115 12.9960 9.3629 6.5505 14.3447 13.6779 9.4336
1.6319 1.8980 2.7540 2.1024 1.6824 1.0930 2.5770 2.6007 1.9080 2.0674 2.0732 1.8385 2.7188 1.6653 0.0000 2.2495 1.3314 2.5784 1.1439 1.3166 1.2787 1.8802 1.7914 2.0512 2.0126 3.0100 2.1574 2.4305 1.9141 2.6698 24.5111 18.1668 19.8133 17.9012 17.0297 16.7713 13.6376 18.7089 18.9621 18.8433 18.8719 17.1991 14.6096 15.9584 15.9354 14.5989 15.2434 16.3138 19.0516 16.3237 17.7302 16.6339 16.3191 15.3168 17.7051 18.5149 16.9675 16.9134 19.8166 17.7591 2.6516 1.4142 2.0642 2.9770 3.1730 2.4336 2.9452 3.3104 2.6238 1.9881 2.0282 3.2857 2.2673 2.0563 2.2810 2.3751 2.2681 2.7287 1.3983 2.1798 2.2090 2.3867 1.9949 2.1611 0.9131 2.1713 1.7931 2.0599 1.5977 1.5570 2.9310 5.7533 5.5641 6.7748 5.2166 3.1935 9.5055 3.1142 2.5357 3.7876 9.5041 3.4327 6.7863 3.5826 6.3803 4.3980 2.3364 4.1666 2.8850 5.5387 5.1020 3.0740 2.4703 3.4108 5.5627 4.4829 3.8734 3.0687 4.1339 3.4563 9.0394 10.0712 8.7686 11.3764 12.5031 8.0605 10.3466 11.7369 7.6816 12.1168 9.9196 11.3501 9.2539 10.1203 7.0151 11.4350 9.5616 13.8921 9.6497 9.2815 8.2181 10.5779 9.8208 10.4980 12.8244 9.2677 6.6671 13.8683 13.5443 9.4183
2.2251 2.2623 2.0838 1.4628 1.0924 1.7938 2.2503 1.8556 1.5739 1.9017 1.5419 1.6512 2.1843 1.3264 2.2495 0.0000 1.6629 1.5415 1.6440 1.9528 2.6780 2.0159 2.1006 1.2467 1.7579 2.4814 1.1199 1.5283 1.9336 1.9346 24.3078 17.9108 19.4349 17.6985 16.5354 16.6747 13.4974 19.0005 18.5560 18.4142 18.6900 16.6490 14.2514 15.6394 15.2979 14.0285 14.5973 15.6969 18.6846 15.6240 16.9866 16.4870 15.9623 14.9029 17.3255 17.9066 16.6289 16.8690 19.6692 17.7773 1.5888 1.5412 0.9485 1.4074 3.6649 2.0676 1.3708 1.7865 2.0508 1.3686 1.7022 2.0720 1.5769 1.6195 1.0214 1.0187 1.0086 1.2397 1.7429 1.1092 1.4636 1.0144 1.3792 1.0032 1.9910 1.9749 2.9573 1.9789 1.7018 2.4125 2.6199 6.5121 6.3032 7.1161 5.2007 3.4652 10.6336 2.5118 3.3062 3.5369 10.6872 3.6220 6.0781 3.4597 6.6379 4.8793 2.1740 4.7962 3.7180 6.8089 4.6849 1.8565 2.5122 3.0417 5.9642 4.0362 4.2748 2.6059 4.0360 3.3436 8.7852 9.2861 8.2220 10.8547 12.4853 7.4271 10.2610 11.3680 7.7410 11.7234 9.3677 10.7991 8.8843 9.5313 6.6567 10.9917 8.9521 13.5926 8.9845 8.5080 7.3884 10.3450 9.1959 10.2040 12.3973 8.9220 5.9448 13.9066 13.0208 8.9478
1.2948 1.8213 2.5741 1.7782 1.0613 1.2428 1.9375 1.5789 1.4277 2.0226 1.7704 1.7992 2.6233 1.5349 1.3314 1.6629 0.0000 1.9175 1.2677 1.2136 2.0943 1.9609 1.2560 1.7868 1.5451 2.9856 1.2041 2.2505 1.7854 2.5925 23.9513 17.5830 19.1348 17.3757 16.4213 16.3453 13.1297 18.4583 18.3277 18.2144 18.2995 16.4880 14.0820 15.4241 15.2909 14.0037 14.5127 15.6665 18.4060 15.6515 16.9581 16.1909 15.8454 14.7669 17.1082 17.8442 16.4089 16.5049 19.3391 17.3662 2.4162 0.8421 1.7133 2.3592 2.9267 2.3125 2.3008 2.4592 2.6349 1.6476 2.0389 2.8019 2.1283 1.5014 1.9587 1.8156 1.7305 2.0252 1.3138 1.7443 1.7965 1.7526 1.6399 1.5996 1.2829 1.6137 1.8526 1.5636 1.4106 1.6143 1.9999 5.6817 5.2894 6.3288 4.6063 2.7024 9.7215 2.1226 2.0833 3.0581 9.6405 2.8433 5.8794 2.8985 5.8616 3.9762 1.5942 3.9687 2.7788 5.6560 4.5297 2.3983 1.7512 2.5749 5.2974 3.5108 3.4897 2.2786 3.4771 2.6489 8.4801 9.2917 7.9693 10.6592 12.0320 7.3322 9.7850 11.1321 7.2879 11.4307 9.1444 10.5620 8.6152 9.3661 6.4209 10.7636 8.8232 13.2283 8.8609 8.5837 7.4374 9.9623 9.0295 9.8947 12.1300 8.6970 5.8098 13.4043 12.7706 8.8119
2.7128 1.8749 2.8875 2.0853 1.5944 1.9763 1.9276 1.7782 1.2962 2.5765 1.4827 2.4509 3.1370 1.7987 2.5784 1.5415 1.9175 0.0000 2.2225 2.6218 3.1352 2.7910 2.1941 1.8347 2.6416 3.0553 1.7994 2.2976 2.5933 2.8314 23.6005 17.1635 18.6940 16.8349 15.6741 15.8043 12.6115 18.1877 17.7737 17.5702 17.9881 15.8360 13.3558 14.8294 14.4321 13.1576 13.7590 14.8268 17.9007 14.8973 16.2927 15.5499 15.0754 14.0395 16.4510 17.1429 15.7624 16.1209 18.8168 16.9366 2.5482 2.1521 1.1704 1.2977 3.3546 2.9789 1.5430 1.6768 3.0218 2.2702 2.4495 1.9953 1.6634 2.2736 1.5770 1.1721 2.0281 2.1735 2.0346 1.5624 1.4776 1.5977 1.9986 1.6533 2.1821 1.9110 2.9775 1.8333 2.6262 3.1725 2.3343 5.9328 5.7669 6.5650 4.6647 3.7796 10.0113 2.2230 3.1505 2.6596 10.1517 3.3814 5.7351 2.9969 6.1019 4.4701 2.2049 4.3638 3.2918 6.4981 3.7738 1.7663 2.2633 2.7290 5.4148 3.7362 3.6482 2.0047 3.3069 2.9227 7.9395 8.4840 7.5312 10.1491 11.5905 6.6055 9.5013 10.5156 6.8338 11.0983 8.6836 9.9957 8.0332 8.6744 5.9776 10.0891 8.1240 12.7531 8.1093 7.6004 6.5013 9.5598 8.3241 9.3484 11.5976 8.0043 5.3797 13.0487 12.2669 7.9985
1.8404 2.0762 1.9456 1.3257 1.2473 1.0819 2.5872 2.3226 1.7770 1.2412 1.7081 1.1155 1.8765 0.9132 1.1439 1.6440 1.2677 2.2225 0.0000 1.2784 1.3715 1.1455 1.9629 1.4508 1.4592 2.2865 1.5163 1.6334 1.3661 1.8057 24.9107 18.5475 20.0835 18.2574 17.2947 17.1720 13.9725 19.2924 19.2430 19.1134 19.2626 17.4189 14.8754 16.2956 16.1054 14.8117 15.4105 16.5313 19.3403 16.5095 17.8765 17.0312 16.6238 15.5749 17.9760 18.7179 17.2619 17.3421 20.2236 18.1887 1.8584 1.1183 1.5105 2.3799 3.5869 1.7126 2.4757 2.9642 1.8159 1.3750 1.2971 2.7597 1.7486 1.8808 1.6359 1.7537 1.5775 2.1429 1.5810 1.5267 2.0142 1.7134 1.3253 1.6254 1.1064 2.2270 2.4473 2.0367 1.0516 1.4183 2.9895 6.3231 6.1143 7.2510 5.5455 3.2079 10.2432 2.9793 2.9339 3.8797 10.2774 3.7468 6.8602 3.7694 6.8154 4.8581 2.3178 4.6584 3.3288 6.2615 5.3001 2.6702 2.5620 3.3695 6.0468 4.5941 4.2984 3.0716 4.3435 3.6073 9.2714 10.1424 8.9179 11.5749 12.8805 8.1821 10.7419 11.9630 8.0476 12.3607 10.1003 11.5297 9.4952 10.2252 7.2190 11.6340 9.6911 14.1829 9.7514 9.3482 8.2301 10.8519 9.9119 10.7367 13.0484 9.4746 6.6537 14.3040 13.7325 9.6051
1.4863 2.5102 2.2798 1.8617 1.5053 1.6870 2.6908 2.2968 2.1629 1.8411 2.3986 1.5458 2.3206 1.7826 1.3166 1.9528 1.2136 2.6218 1.2784 0.0000 1.9051 1.6909 1.6654 2.0363 1.1527 2.7187 1.5738 2.2424 1.4086 2.3199 24.5781 18.2647 19.8147 18.1192 17.1705 17.0532 13.9009 19.0673 19.0359 18.9357 18.9831 17.2324 14.8467 16.1142 16.0682 14.7859 15.2639 16.3758 19.0948 16.3939 17.6819 16.9053 16.5626 15.5370 17.8501 18.5965 17.1737 17.1945 20.0152 18.0871 2.2735 0.9084 2.1499 2.9066 3.6090 1.9370 2.8220 3.0521 2.3093 1.7070 1.8285 3.2745 2.5563 1.6057 2.3225 2.3121 1.8534 2.2795 1.5757 2.0267 2.2148 2.0076 1.6130 1.9495 1.5218 2.1141 2.1672 2.2367 1.1253 1.0546 2.7410 6.2968 5.8282 6.8773 5.2554 2.7152 10.1890 2.7654 2.5653 3.8590 10.0157 3.3598 6.5104 3.6105 6.4610 4.4798 2.1020 4.6463 3.3422 6.0540 5.2196 2.8246 2.2646 3.1755 5.9278 4.1124 4.0824 3.0228 4.2169 3.3139 9.2396 10.0678 8.6226 11.4006 12.7253 8.0900 10.4709 11.9503 8.0280 12.1367 9.8699 11.2953 9.3397 10.0779 7.1981 11.5561 9.6431 13.9704 9.6373 9.3802 8.2939 10.6502 9.8106 10.6539 12.8898 9.5372 6.5216 14.0772 13.5057 9.6075
2.4522 2.3309 2.6489 2.1957 2.3315 1.4289 3.4036 3.3554 2.5188 2.0257 2.5360 1.9220 2.5976 1.9163 1.2787 2.6780 2.0943 3.1352 1.3715 1.9051 0.0000 1.8924 2.6547 2.4131 2.3490 2.8841 2.5959 2.4944 2.2421 2.5814 25.3348 18.9532 20.6198 18.6468 17.7696 17.4492 14.3501 19.5002 19.7178 19.5936 19.6874 17.8941 15.2438 16.7495 16.6142 15.3281 16.0523 17.1110 19.7986 17.0737 18.5035 17.3886 16.9643 16.0040 18.4285 19.2453 17.6677 17.5610 20.5442 18.4233 2.7801 2.0220 2.4479 3.3969 3.8357 2.4140 3.4664 3.9039 2.4778 2.2260 2.1666 3.7180 2.5533 2.6939 2.5465 2.7175 2.7012 3.1657 2.2063 2.5456 2.8038 2.8546 2.3848 2.6619 1.5133 2.8940 2.6590 2.8833 1.9473 1.8371 3.6514 6.1858 6.1377 7.4663 5.9789 3.3757 9.8570 3.7288 3.2909 4.4578 10.0531 4.1713 7.5237 4.2374 7.1425 5.1426 3.0210 4.6385 3.2398 5.9240 5.7726 3.4850 3.1099 4.0084 6.0611 5.2716 4.7847 3.6906 4.7873 4.2198 9.5218 10.7010 9.4280 12.0841 13.0796 8.7223 11.0894 12.3208 8.3075 12.7518 10.6218 12.1293 9.9017 10.6875 7.6706 12.1435 10.2100 14.5778 10.2965 9.9081 8.8661 11.1576 10.4606 11.0749 13.5406 9.8609 7.1796 14.5273 14.2268 10.0528
2.4484 2.9816 1.3557 1.1952 1.7603 1.9599 3.3331 2.8349 2.6041 0.7662 2.4459 0.9592 1.1461 1.3091 1.8802 2.0159 1.9609 2.7910 1.1455 1.6909 1.8924 0.0000 2.6512 1.5553 1.4109 1.6460 1.8550 1.4131 1.1558 1.1978 25.7418 19.4045 20.9071 19.1534 18.1313 18.0937 14.8779 20.1576 20.1015 19.9673 20.1140 18.2407 15.7908 17.1642 16.9503 15.6470 16.2028 17.3363 20.1915 17.3107 18.6478 17.9132 17.5306 16.4645 18.8571 19.5544 18.1599 18.2812 21.1189 19.1410 1.4096 1.7346 2.0992 2.7387 4.5177 1.0192 2.8939 3.4448 1.1723 1.3803 1.0063 3.1081 2.2153 2.2778 2.1073 2.2386 1.6594 2.3833 2.2872 1.6920 2.5429 1.8579 1.2149 1.8271 1.9517 2.9997 3.1902 2.8440 1.0979 1.5014 3.6857 7.3425 7.0683 8.1700 6.4403 3.5527 11.2116 3.6433 3.7796 4.7084 11.1849 4.5431 7.5664 4.6039 7.6984 5.7305 2.9426 5.6384 4.2964 7.1874 6.1120 3.0812 3.2521 4.0882 7.0378 5.2679 5.0845 3.8352 5.1704 4.4274 10.1825 10.9355 9.7064 12.4122 13.8195 8.9969 11.5927 12.8676 8.9742 13.2221 10.9157 12.3139 10.3215 10.9846 8.0992 12.4917 10.5234 15.0568 10.5337 10.1368 9.0124 11.7086 10.6964 11.6610 13.8967 10.3640 7.3427 15.2418 14.5594 10.4645
1.2061 2.0535 3.1426 2.3694 1.5487 1.7891 1.5245 1.5769 1.5973 2.7281 2.0498 2.4531 3.2582 2.2355 1.7914 2.1006 1.2560 2.1941 1.9629 1.6654 2.6547 2.6512 0.0000 2.1787 2.0693 3.5793 1.7743 2.6909 2.2784 3.1559 23.3112 17.0139 18.6227 16.8724 15.8969 15.7504 12.6398 17.7585 17.8017 17.6908 17.8166 15.9618 13.6342 14.8306 14.8238 13.4892 14.0295 15.1091 17.8729 15.1316 16.4584 15.5646 15.3228 14.2790 16.6456 17.3665 15.8909 15.9344 18.7132 16.8856 2.9528 1.4439 2.1696 2.5356 2.9289 2.9160 2.4463 2.4193 3.2095 2.1416 2.5309 3.0106 2.4492 1.4840 2.3696 2.2438 2.1349 2.2461 1.3984 2.2009 1.6522 2.1840 2.1701 1.9757 1.6954 1.4552 1.5770 1.3260 2.0096 2.2686 1.7307 5.3806 4.9747 5.8622 4.0835 2.6807 9.2853 1.9404 1.9808 2.7106 9.0985 2.1850 5.4034 2.3983 5.2944 3.4796 1.1112 3.6332 2.5752 5.4216 3.9969 2.2539 1.3111 2.1241 4.9370 3.1710 2.7665 1.8428 2.9115 2.2401 8.0335 8.8036 7.4543 10.0998 11.4468 6.7907 9.1517 10.6996 6.7295 10.8961 8.5814 10.0423 8.0057 8.8315 5.8910 10.2791 8.3450 12.7278 8.3576 8.1287 7.0799 9.3703 8.5307 9.4355 11.5790 8.2285 5.4709 12.8264 12.2709 8.3079
2.2853 2.4386 1.7686 0.9625 1.3108 1.7220 2.4255 2.0821 1.7156 1.4448 1.6247 1.3462 1.7415 1.0572 2.0512 1.2467 1.7868 1.8347 1.4508 2.0363 2.4131 1.5553 2.1787 0.0000 1.7504 2.0840 1.5209 0.9020 1.6477 1.5573 24.8395 18.4453 20.0172 18.2116 17.0863 17.1326 13.9479 19.2793 19.1319 18.9567 19.2599 17.2329 14.7818 16.1559 15.8685 14.5316 15.1498 16.2447 19.2807 16.2020 17.6063 16.8791 16.4848 15.4115 17.8920 18.5137 17.1603 17.3712 20.1517 18.2533 1.2686 1.7210 1.2348 1.5036 4.0185 1.7473 1.9271 2.4059 1.6364 1.2812 1.1289 2.0295 1.1646 1.9470 1.1333 1.4341 1.0492 1.6275 1.7835 0.7549 1.5059 1.1334 1.0792 0.8196 1.7056 2.3134 2.9770 2.1493 1.6045 2.2804 2.9340 6.8361 6.6801 7.5726 5.7109 3.6999 10.7998 2.9461 3.5395 3.9109 10.8227 3.9024 6.7605 3.8934 7.0239 5.1996 2.2859 5.1014 3.9449 7.0369 5.0719 2.0399 2.6547 3.4180 6.4053 4.6429 4.3214 2.9481 4.2872 3.8085 9.2351 9.8097 8.7377 11.4152 12.8939 7.8986 10.6269 11.8624 8.0037 12.3029 9.9225 11.3419 9.2771 9.9185 7.0489 11.4422 9.4613 14.1019 9.5017 8.9257 7.8750 10.8137 9.6376 10.7351 12.9116 9.2973 6.3511 14.3490 13.5932 9.3211
2.0053 3.0478 1.6929 1.3974 1.5787 2.1010 2.8774 2.1315 2.3462 1.5676 2.5685 1.3822 1.6736 1.7201 2.0126 1.7579 1.5451 2.6416 1.4592 1.1527 2.3490 1.4109 2.0693 1.7504 0.0000 2.2858 1.3680 1.7652 1.0998 1.7609 24.9694 18.6547 20.1383 18.5462 17.5166 17.5015 14.3161 19.6073 19.3889 19.2955 19.3962 17.5251 15.2092 16.5128 16.3538 15.0813 15.4850 16.6564 19.4688 16.6662 17.8984 17.3320 16.9676 15.9006 18.2099 18.8808 17.5567 17.6945 20.4555 18.5985 1.7915 1.3171 2.1245 2.6333 4.2207 1.4172 2.7874 2.9717 1.8828 1.5037 1.5086 3.0567 2.4793 1.7788 2.2045 2.2814 1.4386 1.8801 2.0063 1.7244 2.2991 1.7008 1.2773 1.6196 2.0557 2.4556 2.8520 2.5190 1.0720 1.2146 2.8936 6.9654 6.4432 7.4679 5.6611 2.7846 10.9622 2.7905 3.0604 4.0999 10.7339 3.6984 6.7250 3.8902 6.9459 4.9441 2.1061 5.2172 3.9801 6.8202 5.4856 2.5830 2.4780 3.2282 6.5208 4.2953 4.4530 3.2242 4.4804 3.6147 9.5266 10.1725 8.7967 11.6626 13.1529 8.2790 10.8117 12.2831 8.3936 12.4336 10.1021 11.5044 9.5760 10.1750 7.4488 11.7891 9.8608 14.2815 9.7955 9.4859 8.4096 10.9392 9.9034 10.9733 13.1632 9.8096 6.4724 14.5378 13.7366 9.8399
3.6907 3.7395 1.0033 1.6114 2.5818 2.8977 4.1915 3.5308 3.3047 1.3217 3.1885 1.5332 1.3115 2.0090 3.0100 2.4814 2.9856 3.0553 2.2865 2.7187 2.8841 1.6460 3.5793 2.0840 2.2858 0.0000 2.4672 1.4970 1.8184 1.2643 26.4374 20.0673 21.5620 19.7803 18.6254 18.7136 15.5652 20.9490 20.6795 20.5129 20.8728 18.6697 16.3167 17.7555 17.3634 16.0905 16.6442 17.7137 20.7942 17.8001 19.1617 18.4442 18.0060 17.0113 19.3968 20.0745 18.7144 19.0077 21.6886 19.8696 1.3893 2.7781 2.4305 2.8988 5.6085 1.2296 3.3050 3.8179 1.3119 1.9782 1.4877 3.3658 2.6526 3.0609 2.5784 2.5075 2.2185 3.0657 3.2630 1.9370 2.9604 2.1434 1.6947 2.4248 3.0068 3.8322 4.3680 3.7883 2.3392 2.7208 4.3736 8.3198 8.0193 9.1035 7.2337 4.1501 12.2027 4.0979 4.8264 5.2950 12.2962 5.3930 8.2518 5.3015 8.6388 6.6833 3.6688 6.6126 5.1641 8.3372 6.3840 3.1256 3.9011 4.6551 7.9100 5.9637 5.8861 4.3400 5.7402 5.2093 10.6053 11.2402 10.1208 12.9587 14.3884 9.3996 12.2312 13.4413 9.5582 13.8822 11.4355 12.8156 10.7154 11.2559 8.7838 13.0042 10.9631 15.6071 10.8371 10.4178 9.3057 12.1869 11.0172 12.1650 14.4522 10.8806 7.6557 15.8743 15.0096 10.8525
1.9146 2.3648 1.9616 1.3940 1.0543 1.7609 2.3035 1.6245 1.7181 1.7424 1.8451 1.5350 2.1334 1.4872 2.1574 1.1199 1.2041 1.7994 1.5163 1.5738 2.5959 1.8550 1.7743 1.5209 1.3680 2.4672 0.0000 1.7366 1.6392 2.0432 24.2957 17.9358 19.3935 17.7371 16.6387 16.7369 13.5259 19.0219 18.5831 18.4509 18.6805 16.6454 14.3713 15.7304 15.4286 14.1888 14.6695 15.8189 18.6655 15.7656 17.0563 16.5541 16.1120 15.0308 17.3787 18.0094 16.7018 16.9292 19.6995 17.8267 1.7600 1.0681 1.4788 1.8665 3.6568 1.8815 1.7963 2.0142 2.1156 1.3117 1.7374 2.4849 2.0184 1.3900 1.6272 1.3313 1.2392 1.4855 1.7913 1.2953 1.7085 1.0459 1.2724 1.2928 1.9296 1.9501 2.7466 1.9835 1.4021 1.9647 2.3498 6.4670 6.0565 6.9239 5.0875 2.9119 10.5717 2.1591 2.9462 3.4202 10.5501 3.4106 5.9618 3.3130 6.4460 4.6945 1.8981 4.7243 3.5085 6.5893 4.7630 2.0112 2.1638 2.8074 5.9314 3.7696 4.1520 2.4621 3.8954 3.0688 8.8024 9.3793 8.1408 10.8583 12.4541 7.4890 10.2277 11.4276 7.7873 11.7034 9.3394 10.7685 8.8855 9.5014 6.7579 11.0445 8.9827 13.5555 8.9609 8.6774 7.5014 10.2853 9.1685 10.2037 12.3850 9.0265 5.9067 13.8761 12.9659 9.0509
2.7963 2.9305 1.2086 0.7866 1.7803 2.1134 3.0886 2.5757 2.3010 1.1896 2.1739 1.2575 1.2085 1.2897 2.4305 1.5283 2.2505 2.2976 1.6334 2.2424 2.4944 1.4131 2.6909 0.9020 1.7652 1.4970 1.7366 0.0000 1.5713 1.0253 25.4522 19.0794 20.6258 18.8496 17.6808 17.7388 14.5873 19.9393 19.7339 19.5719 19.9229 17.7606 15.3755 16.7835 16.4264 15.1158 15.7320 16.8085 19.8733 16.7898 18.1868 17.4889 17.0610 16.0234 18.4933 19.1054 17.7576 17.9988 20.7413 18.9099 0.9219 2.0723 1.5653 1.8612 4.6841 1.3291 2.3460 2.8328 1.1496 1.3007 0.8746 2.4058 1.5854 2.2539 1.4654 1.7170 1.2258 1.9495 2.3115 1.0230 1.9360 1.3491 1.1455 1.3634 2.2063 2.8398 3.5247 2.7688 1.7529 2.3837 3.4388 7.4217 7.2294 8.2017 6.3053 3.7533 11.3671 3.3232 4.0599 4.4274 11.4352 4.4195 7.2900 4.3670 7.6559 5.7987 2.7001 5.6676 4.4056 7.5854 5.5477 2.2082 3.0494 3.7939 6.9894 5.1363 4.9294 3.4229 4.7935 4.3297 9.7134 10.2879 9.2221 11.9719 13.4521 8.4119 11.2228 12.4496 8.5886 12.8570 10.4617 11.9087 9.7650 10.3481 7.6553 12.0267 9.9927 14.6737 9.9689 9.4377 8.3793 11.2977 10.1147 11.2571 13.4725 9.8590 6.7403 14.9447 14.1186 9.8659
2.2559 2.9753 1.5004 1.3290 1.5809 2.0467 3.0458 2.4626 2.3833 1.2396 2.4507 1.2906 1.5356 1.5242 1.9141 1.9336 1.7854 2.5933 1.3661 1.4086 2.2421 1.1558 2.2784 1.6477 1.0998 1.8184 1.6392 1.5713 0.0000 1.5137 25.2657 18.9594 20.4682 18.7616 17.7448 17.6919 14.5342 19.7488 19.6615 19.5560 19.7270 17.7882 15.4106 16.7400 16.5691 15.2515 15.7693 16.8476 19.7383 16.9427 18.2435 17.4671 17.1362 16.1386 18.4404 19.1727 17.7729 17.9502 20.6572 18.7998 1.5968 1.5243 2.0522 2.6120 4.4357 1.2541 2.7889 3.1638 1.5714 1.4309 1.1321 3.1203 2.2923 1.8470 2.1725 2.1705 1.4936 2.2144 2.0658 1.6542 2.2357 1.6883 0.9960 1.8120 1.9866 2.6814 3.0298 2.5732 1.1129 1.3962 3.3009 7.1853 6.7476 7.8579 5.9746 3.2065 11.0492 3.1223 3.4414 4.3153 10.8754 4.1494 7.1889 4.2065 7.3120 5.3096 2.4862 5.4315 4.0575 7.0545 5.6362 2.7127 2.7510 3.5775 6.8326 4.7912 4.5903 3.4512 4.7141 4.0332 9.8003 10.4876 9.2106 12.0016 13.4143 8.5835 11.1422 12.5895 8.6019 12.8528 10.4678 11.8453 9.8428 10.4993 7.7909 12.0815 10.1586 14.6317 10.0482 9.7462 8.6416 11.2472 10.1924 11.2650 13.4839 10.0773 6.9532 14.8055 14.1215 10.0910
3.0586 3.3984 0.9446 1.1733 2.1085 2.4578 3.6129 3.0687 2.8274 1.1068 2.6277 1.3519 0.7734 1.6012 2.6698 1.9346 2.5925 2.8314 1.8057 2.3199 2.5814 1.1978 3.1559 1.5573 1.7609 1.2643 2.0432 1.0253 1.5137 0.0000 26.0097 19.6425 21.1230 19.4199 18.2644 18.3409 15.1560 20.5462 20.2677 20.1324 20.4314 18.3521 15.9409 17.3708 16.9929 15.7178 16.3129 17.3934 20.3973 17.3637 18.7162 18.1324 17.6431 16.6283 19.0328 19.6447 18.3532 18.5761 21.3573 19.4536 0.9410 2.3046 2.0778 2.4646 5.0647 1.1147 2.7325 3.2768 0.7598 1.6034 1.0585 2.9337 2.1798 2.4973 1.9405 2.1867 1.6041 2.1992 2.6894 1.6364 2.5612 1.7457 1.3447 1.8602 2.5558 3.2629 3.8780 3.2165 1.7287 2.2523 4.0140 7.9018 7.6680 8.6808 6.8109 3.9661 11.8277 3.8558 4.4172 4.9788 11.8657 4.9657 7.7571 4.9162 8.1654 6.2393 3.2527 6.1536 4.8249 7.9295 6.2402 2.9077 3.6228 4.3422 7.4826 5.5780 5.5435 4.0344 5.4545 4.8219 10.3678 10.9430 9.8425 12.5620 14.0940 9.0816 11.8905 13.0603 9.2752 13.4276 11.0814 12.4785 10.4697 11.0160 8.3064 12.6516 10.6276 15.2864 10.5997 10.1164 9.0439 11.9325 10.7764 11.8657 14.0900 10.5630 7.3989 15.5667 14.7330 10.5671
23.6486 23.4334 26.0492 25.2304 24.1865 24.2806 22.5974 23.2780 23.4808 25.7573 23.8622 25.4921 26.2492 24.9178 24.5111 24.3078 23.9513 23.6005 24.9107 24.5781 25.3348 25.7418 23.3112 24.8395 24.9694 26.4374 24.2957 25.4522 25.2657 26.0097 0.0000 7.2832 6.7219 8.2720 9.4155 9.2249 11.9563 8.6435 7.4483 7.7937 6.9761 9.5390 11.9607 9.4667 11.2327 11.8281 11.4222 10.2395 7.0164 10.5416 9.5620 9.4971 10.5688 11.1925 9.0030 8.6859 9.3974 9.2271 6.3756 9.2382 25.6861 24.2698 24.3228 24.0325 21.8945 25.9961 23.6212 22.9844 26.1522 25.0047 25.4991 24.1066 24.5405 23.8871 24.4417 24.2312 24.7250 24.1024 23.7425 24.7503 23.7196 24.5367 24.9948 24.4544 24.3061 22.9799 23.0584 23.0903 25.0093 25.1367 22.4977 19.8941 19.8414 18.3581 19.6436 24.0100 18.4485 22.7479 22.5995 21.4840 17.9103 21.6815 18.7914 21.5407 18.4881 20.7045 23.2317 21.1025 22.4222 20.8976 20.5042 23.7396 23.0040 22.3387 19.7149 20.9982 21.1757 22.3368 21.1542 21.5623 17.3833 16.4335 17.3332 14.3286 13.6057 17.6880 15.0530 14.4196 18.0077 13.5236 15.6641 14.4611 16.6744 16.9232 18.3514 14.5065 16.3468 12.1217 16.5715 17.3552 18.2136 15.7800 16.7274 15.4309 12.8434 16.8712 20.2773 11.9820 13.0578 16.7318
17.3677 17.0033 19.6857 18.8477 17.7904 17.8894 16.2409 16.9062 17.0750 19.3731 17.4464 19.1076 19.8775 18.5287 18.1668 17.9108 17.5830 17.1635 18.5475 18.2647 18.9532 19.4045 17.0139 18.4453 18.6547 20.0673 17.9358 19.0794 18.9594 19.6425 7.2832 0.0000 4.3752 3.7335 3.8814 4.4404 5.9108 6.6673 3.1214 3.3260 3.4852 4.3369 5.7466 3.7333 5.5495 6.0163 5.8284 5.1079 2.8521 4.9679 4.4824 4.9162 5.2490 5.4418 4.1946 4.1761 3.7420 4.2239 4.3085 4.6808 19.3048 17.9220 17.9045 17.6199 15.4716 19.6246 17.2409 16.5811 19.7828 18.6305 19.1721 17.7079 18.1226 17.6078 18.0295 17.8198 18.3418 17.7471 17.4523 18.3592 17.3869 18.1846 18.6617 18.0347 17.9292 16.6716 16.8418 16.7486 18.6695 18.8468 16.0693 13.5429 13.6174 12.0115 13.2196 17.7263 12.7999 16.3354 16.2748 15.0442 12.4646 15.3568 12.4074 15.1701 12.1884 14.3413 16.8988 14.6555 16.0053 14.7235 14.0859 17.3450 16.6434 15.9576 13.2549 14.6264 14.9573 15.9298 14.7333 15.2786 10.8763 9.9270 10.8945 7.8054 7.3388 11.1996 8.6768 7.8177 11.6309 7.1079 9.1607 7.9575 10.3322 10.5752 11.8563 8.0105 9.7787 5.5637 10.1722 10.8719 11.6929 9.3874 10.3592 8.9786 6.5197 10.3187 13.7775 5.7317 6.7929 10.2419
18.9592 18.6880 21.1855 20.3797 19.3434 19.4988 17.7985 18.4086 18.6467 20.8717 18.9682 20.6297 21.3523 20.0394 19.8133 19.4349 19.1348 18.6940 20.0835 19.8147 20.6198 20.9071 18.6227 20.0172 20.1383 21.5620 19.3935 20.6258 20.4682 21.1230 6.7219 4.3752 0.0000 4.3880 5.4521 6.2897 7.2931 8.4586 3.1427 3.7733 3.3211 5.9023 7.3044 5.3825 6.4602 7.4740 6.0204 5.9946 3.3888 6.0377 4.6877 6.7381 6.9679 6.6395 4.1722 4.1487 5.4491 6.6161 5.8778 6.1231 20.8050 19.4413 19.4299 19.0859 17.0906 21.1620 18.7041 18.0835 21.2940 20.2314 20.6971 19.0708 19.6485 19.1874 19.5635 19.3226 19.8858 19.2460 19.0330 19.8695 19.0311 19.6332 20.1516 19.6065 19.5273 18.2197 18.4872 18.2669 20.1980 20.3766 17.7515 15.4197 15.2694 13.7108 14.9021 19.4743 14.9503 17.9011 17.8094 16.6330 14.4093 17.0624 13.9818 16.8365 13.8786 16.0421 18.5086 16.5300 17.8167 16.5660 15.8676 18.9823 18.3383 17.5685 15.1290 16.1978 16.6234 17.5811 16.5487 16.7633 12.8022 11.7343 12.5629 9.4482 9.7015 12.9096 10.9977 9.5613 13.4383 9.1231 11.0090 9.4472 12.3691 12.5705 13.6023 9.5146 11.4519 7.6397 11.8061 12.4626 13.1414 11.5886 11.9522 10.7398 8.1532 12.1717 15.4727 8.3155 8.4711 11.9866
17.2536 16.6330 19.4938 18.6224 17.5731 17.5725 16.0206 16.7898 16.7672 19.0929 17.0703 18.8494 19.6805 18.1864 17.9012 17.6985 17.3757 16.8349 18.2574 18.1192 18.6468 19.1534 16.8724 18.2116 18.5462 19.7803 17.7371 18.8496 18.7616 19.4199 8.2720 3.7335 4.3880 0.0000 3.4346 3.1641 4.6674 6.5122 3.1784 3.0836 3.6913 4.9002 4.5536 3.1009 4.6096 5.1465 5.1788 4.6264 3.5876 5.0286 5.4074 3.7916 4.0749 4.0137 2.2756 3.8766 2.6529 3.7255 4.2125 2.8167 19.0978 17.7276 17.5622 17.3000 15.1469 19.4575 16.9604 16.4370 19.5555 18.4518 18.9240 17.3090 17.7415 17.4987 17.7322 17.4765 18.1897 17.6557 17.2174 18.0837 17.1840 17.9403 18.4186 17.8824 17.6262 16.4808 16.6528 16.4734 18.5008 18.6997 16.0443 13.1187 13.3224 11.9532 13.1401 17.8409 12.1900 16.2295 16.0906 14.8097 12.1386 15.3621 12.6764 15.0472 12.1965 14.2878 16.8247 14.4336 15.7593 14.4291 13.8546 17.2092 16.5839 15.8839 12.9895 14.7354 14.7777 15.7487 14.6596 15.1062 10.5670 10.0215 11.0912 7.9197 7.2421 11.0861 9.1028 7.2574 11.1306 7.6539 9.4352 8.1778 10.4245 10.9457 11.6813 7.6748 9.6185 5.9963 10.0711 10.5688 11.2496 9.6387 10.3064 8.5924 6.5311 9.9071 13.8870 5.8252 7.1987 9.8534
16.3376 15.6613 18.3283 17.5076 16.5049 16.6060 15.0093 15.7089 15.7400 18.0393 16.0281 17.8028 18.5705 17.1628 17.0297 16.5354 16.4213 15.6741 17.2947 17.1705 17.7696 18.1313 15.8969 17.0863 17.5166 18.6254 16.6387 17.6808 17.7448 18.2644 9.4155 3.8814 5.4521 3.4346 0.0000 3.8237 4.7267 7.7586 3.6596 2.7873 5.2766 3.0890 3.7562 2.6697 2.6097 3.4253 4.1513 2.8417 3.8399 2.7448 3.7551 3.8658 2.9790 3.2961 2.9379 2.8337 2.2930 4.5826 4.9843 4.9519 17.9210 16.7441 16.4619 16.1008 14.3818 18.3528 15.7308 15.1345 18.4241 17.3584 17.8389 16.1842 16.6568 16.4185 16.5893 16.3319 17.0596 16.4621 16.2350 16.9513 16.0301 16.7787 17.3332 16.7148 16.7160 15.4380 15.8174 15.4971 17.5084 17.8083 14.9890 12.6983 12.9495 11.4242 12.3316 16.8085 12.4318 15.1733 15.3799 13.7958 12.6232 14.4517 11.4515 14.0662 11.5953 13.6461 15.7917 13.7567 14.9384 14.2446 12.7134 15.9603 15.5517 14.8714 12.3182 13.7176 13.9886 14.6562 13.6256 14.1882 9.6997 8.4760 9.9717 6.7746 6.7176 9.7958 8.3359 6.3392 10.5088 6.6566 8.2260 7.0051 9.2304 9.4481 10.7028 6.7720 8.2551 5.2303 8.6502 9.1120 9.9915 8.7035 9.0987 7.7646 5.5397 8.9013 12.7109 5.8970 6.2156 8.6752
16.1814 15.5012 18.4032 17.5339 16.5536 16.4189 14.9595 15.8010 15.6615 18.0458 16.0122 17.8065 18.6273 17.1442 16.7713 16.6747 16.3453 15.8043 17.1720 17.0532 17.4492 18.0937 15.7504 17.1326 17.5015 18.7136 16.7369 17.7388 17.6919 18.3409 9.2249 4.4404 6.2897 3.1641 3.8237 0.0000 4.1383 5.3752 4.7879 4.6141 5.5453 4.8468 3.9375 3.1551 4.6459 4.5962 5.8962 4.7861 4.9646 5.3608 6.5583 2.3563 2.8516 3.9400 3.8760 5.1874 2.9934 2.8021 3.8081 3.2732 18.0730 16.6913 16.5088 16.2864 14.1473 18.4084 15.9476 15.3901 18.4797 17.3972 17.8155 16.3585 16.6516 16.3900 16.6484 16.4503 17.1853 16.6208 16.0711 17.0363 16.0088 16.9226 17.3748 16.8358 16.5033 15.3262 15.4704 15.4073 17.4669 17.6367 14.9998 11.8736 12.2102 10.9663 12.1270 16.6476 10.5054 15.2123 15.0721 13.7180 10.7064 14.2129 11.8975 13.8892 11.1614 13.2498 15.6763 13.2349 14.5037 13.2607 12.6509 16.0635 15.4172 14.8055 11.7821 13.8553 13.6244 14.6199 13.4610 14.0557 9.3516 9.0705 10.1996 7.2484 5.6273 10.0230 7.9070 6.4839 9.8903 6.8319 8.6408 7.7938 9.0638 9.6894 10.6059 7.0314 8.6939 5.4781 9.0844 9.5610 10.4722 8.4509 9.3773 7.5188 5.9272 8.8554 12.8989 4.6437 7.0260 8.7265
