0.0000 1.5263 0.0000 0.0000 1.0000 1.0000 0.0000 1.6108 6.5445 1.3402 0.0000 1.4127 1.0000 1.5262 1.0000 1.0000 1.0000 1.3402 0.0000 0.0000 1.4127 0.0000 0.0000 0.0000 1.0000 0.0000 0.0000 1.3402 0.0000 0.0000 7.8555 10.8033 5.9828 8.2430 5.5440 10.8419 1.5321 6.8492 3.9386 7.8253 5.4860 6.2474 12.1311 8.7197 7.1900 2.1667 10.0641 10.9581 5.8486 8.6354 6.6260 9.9212 7.4917 9.5653 5.9536 6.3112 6.2189 5.8519 4.5626 4.0943 3.3988 1.4127 4.1635 7.1584 1.5834 2.5589 1.0000 4.3769 2.5249 6.0421 1.5251 4.0685 9.4326 3.2405 2.6009 1.2500 2.4289 0.0000 0.0000 2.3639 1.3403 1.0013 0.0000 3.1495 0.0000 1.0006 1.4114 1.2525 1.5141 2.4530 0.0000 3.2094 2.3574 0.0000 2.6254 0.0000 1.9212 0.0000 2.7340 1.4127 5.4770 1.2500 1.4127 2.4256 4.3238 1.0000 0.0000 2.4575 2.4693 1.0000 2.2834 0.0000 0.0000 1.3402 3.6095 4.1995 0.0000 0.0000 0.0000 0.0000 7.2549 5.6023 5.3798 5.1283 4.7284 4.1280 2.5666 7.4120 6.4477 3.7305 4.3857 7.2816 6.4277 2.8977 8.5273 1.8660 4.2080 10.9808 2.7530 4.1852 4.3114 1.4125 5.2458 9.5416 4.5304 3.9527 5.9704 3.9605 4.7860 12.0634
1.5263 0.0000 1.5263 1.5263 1.8247 1.8247 1.5263 0.1097 6.3384 0.2607 1.5263 0.1551 1.8247 0.0000 1.8247 1.8247 1.8247 0.2607 1.5263 1.5263 0.1551 1.5263 1.5263 1.5263 1.8247 1.5263 1.5263 0.2607 1.5263 1.5263 7.6742 10.6755 5.7473 8.0704 5.2937 10.7145 2.1626 6.6502 3.6390 7.6612 5.2243 6.0180 12.0153 8.5636 6.9977 1.9808 9.9232 10.8283 5.6517 8.5025 6.4240 9.8046 7.3055 9.4220 5.7405 6.1077 6.0085 5.6112 4.2627 3.7870 3.0134 0.1552 3.8195 6.9826 1.0998 2.0105 1.8247 4.0819 2.1530 5.8489 0.0016 3.7733 9.2947 2.9204 2.2878 0.4030 1.8448 1.5263 1.5263 1.8510 0.2607 1.8254 1.5263 2.7851 1.5263 1.8250 0.1570 0.3989 2.1498 1.8969 1.5263 2.8973 1.7382 1.5263 2.2908 1.5263 1.7832 1.5263 2.3972 0.1552 5.2172 0.4030 0.1551 1.8426 4.0188 1.8247 1.5263 1.8570 1.8450 1.8247 1.6140 1.5263 1.5263 0.2607 3.2324 3.8968 1.5263 1.5263 1.5263 1.5263 7.0602 5.3487 5.1243 4.8560 4.4717 3.7918 2.0722 7.2278 6.2293 3.3942 4.1093 7.1057 6.2035 2.5121 8.3710 1.4820 3.9008 10.8538 2.2699 3.9347 4.0118 0.1555 4.9858 9.3995 4.2445 3.6542 5.7854 3.6305 4.4980 11.9464
0.0000 1.5263 0.0000 0.0000 1.0000 1.0000 0.0000 1.6108 6.5445 1.3402 0.0000 1.4127 1.0000 1.5262 1.0000 1.0000 1.0000 1.3402 0.0000 0.0000 1.4127 0.0000 0.0000 0.0000 1.0000 0.0000 0.0000 1.3402 0.0000 0.0000 7.8555 10.8033 5.9828 8.2430 5.5440 10.8419 1.5321 6.8492 3.9386 7.8253 5.4860 6.2474 12.1311 8.7197 7.1900 2.1667 10.0641 10.9581 5.8486 8.6354 6.6260 9.9212 7.4917 9.5653 5.9536 6.3112 6.2189 5.8519 4.5626 4.0943 3.3988 1.4127 4.1635 7.1584 1.5834 2.5589 1.0000 4.3769 2.5249 6.0421 1.5251 4.0685 9.4326 3.2405 2.6009 1.2500 2.4289 0.0000 0.0000 2.3639 1.3403 1.0013 0.0000 3.1495 0.0000 1.0006 1.4114 1.2525 1.5141 2.4530 0.0000 3.2094 2.3574 0.0000 2.6254 0.0000 1.9212 0.0000 2.7340 1.4127 5.4770 1.2500 1.4127 2.4256 4.3238 1.0000 0.0000 2.4575 2.4693 1.0000 2.2834 0.0000 0.0000 1.3402 3.6095 4.1995 0.0000 0.0000 0.0000 0.0000 7.2549 5.6023 5.3798 5.1283 4.7284 4.1280 2.5666 7.4120 6.4477 3.7305 4.3857 7.2816 6.4277 2.8977 8.5273 1.8660 4.2080 10.9808 2.7530 4.1852 4.3114 1.4125 5.2458 9.5416 4.5304 3.9527 5.9704 3.9605 4.7860 12.0634
0.0000 1.5263 0.0000 0.0000 1.0000 1.0000 0.0000 1.6108 6.5445 1.3402 0.0000 1.4127 1.0000 1.5262 1.0000 1.0000 1.0000 1.3402 0.0000 0.0000 1.4127 0.0000 0.0000 0.0000 1.0000 0.0000 0.0000 1.3402 0.0000 0.0000 7.8555 10.8033 5.9828 8.2430 5.5440 10.8419 1.5321 6.8492 3.9386 7.8253 5.4860 6.2474 12.1311 8.7197 7.1900 2.1667 10.0641 10.9581 5.8486 8.6354 6.6260 9.9212 7.4917 9.5653 5.9536 6.3112 6.2189 5.8519 4.5626 4.0943 3.3988 1.4127 4.1635 7.1584 1.5834 2.5589 1.0000 4.3769 2.5249 6.0421 1.5251 4.0685 9.4326 3.2405 2.6009 1.2500 2.4289 0.0000 0.0000 2.3639 1.3403 1.0013 0.0000 3.1495 0.0000 1.0006 1.4114 1.2525 1.5141 2.4530 0.0000 3.2094 2.3574 0.0000 2.6254 0.0000 1.9212 0.0000 2.7340 1.4127 5.4770 1.2500 1.4127 2.4256 4.3238 1.0000 0.0000 2.4575 2.4693 1.0000 2.2834 0.0000 0.0000 1.3402 3.6095 4.1995 0.0000 0.0000 0.0000 0.0000 7.2549 5.6023 5.3798 5.1283 4.7284 4.1280 2.5666 7.4120 6.4477 3.7305 4.3857 7.2816 6.4277 2.8977 8.5273 1.8660 4.2080 10.9808 2.7530 4.1852 4.3114 1.4125 5.2458 9.5416 4.5304 3.9527 5.9704 3.9605 4.7860 12.0634
1.0000 1.8247 1.0000 1.0000 0.0000 0.0000 1.0000 1.8959 6.6205 1.6722 1.0000 1.7308 0.0000 1.8247 0.0000 0.0000 0.0000 1.6722 1.0000 1.0000 1.7308 1.0000 1.0000 1.0000 0.0000 1.0000 1.0000 1.6722 1.0000 1.0000 7.9189 10.8494 6.0658 8.3035 5.6335 10.8879 1.8296 6.9218 4.0636 7.8889 5.5764 6.3269 12.1723 8.7769 7.2592 2.3864 10.1137 11.0036 5.9334 8.6931 6.7011 9.9715 7.5582 9.6174 6.0370 6.3899 6.2988 5.9367 4.6709 4.2146 3.5429 1.7308 4.2819 7.2279 1.8728 2.7474 0.0000 4.4896 2.7158 6.1243 1.8237 4.1896 9.4855 3.3913 2.7866 1.6008 2.6267 1.0000 1.0000 2.5667 1.6722 1.4151 1.0000 3.3045 1.0000 1.4146 1.7297 1.6027 1.8145 2.6490 1.0000 3.3616 2.5608 1.0000 2.8094 1.0000 2.1659 1.0000 2.9111 1.7308 5.5675 1.6008 1.7308 2.6236 4.4379 0.0000 1.0000 2.6532 2.6641 0.0000 2.4928 1.0000 1.0000 1.6722 3.7454 4.3169 1.0000 1.0000 1.0000 1.0000 7.3235 5.6908 5.4720 5.2249 4.8330 4.2474 2.7545 7.4791 6.5248 3.8622 4.4982 7.3499 6.5051 3.0654 8.5857 2.1170 4.3252 11.0263 2.9290 4.3030 4.4259 1.7306 5.3402 9.5938 4.6394 4.0773 6.0535 4.0848 4.8894 12.1048
1.0000 1.8247 1.0000 1.0000 0.0000 0.0000 1.0000 1.8959 6.6205 1.6722 1.0000 1.7308 0.0000 1.8247 0.0000 0.0000 0.0000 1.6722 1.0000 1.0000 1.7308 1.0000 1.0000 1.0000 0.0000 1.0000 1.0000 1.6722 1.0000 1.0000 7.9189 10.8494 6.0658 8.3035 5.6335 10.8879 1.8296 6.9218 4.0636 7.8889 5.5764 6.3269 12.1723 8.7769 7.2592 2.3864 10.1137 11.0036 5.9334 8.6931 6.7011 9.9715 7.5582 9.6174 6.0370 6.3899 6.2988 5.9367 4.6709 4.2146 3.5429 1.7308 4.2819 7.2279 1.8728 2.7474 0.0000 4.4896 2.7158 6.1243 1.8237 4.1896 9.4855 3.3913 2.7866 1.6008 2.6267 1.0000 1.0000 2.5667 1.6722 1.4151 1.0000 3.3045 1.0000 1.4146 1.7297 1.6027 1.8145 2.6490 1.0000 3.3616 2.5608 1.0000 2.8094 1.0000 2.1659 1.0000 2.9111 1.7308 5.5675 1.6008 1.7308 2.6236 4.4379 0.0000 1.0000 2.6532 2.6641 0.0000 2.4928 1.0000 1.0000 1.6722 3.7454 4.3169 1.0000 1.0000 1.0000 1.0000 7.3235 5.6908 5.4720 5.2249 4.8330 4.2474 2.7545 7.4791 6.5248 3.8622 4.4982 7.3499 6.5051 3.0654 8.5857 2.1170 4.3252 11.0263 2.9290 4.3030 4.4259 1.7306 5.3402 9.5938 4.6394 4.0773 6.0535 4.0848 4.8894 12.1048
0.0000 1.5263 0.0000 0.0000 1.0000 1.0000 0.0000 1.6108 6.5445 1.3402 0.0000 1.4127 1.0000 1.5262 1.0000 1.0000 1.0000 1.3402 0.0000 0.0000 1.4127 0.0000 0.0000 0.0000 1.0000 0.0000 0.0000 1.3402 0.0000 0.0000 7.8555 10.8033 5.9828 8.2430 5.5440 10.8419 1.5321 6.8492 3.9386 7.8253 5.4860 6.2474 12.1311 8.7197 7.1900 2.1667 10.0641 10.9581 5.8486 8.6354 6.6260 9.9212 7.4917 9.5653 5.9536 6.3112 6.2189 5.8519 4.5626 4.0943 3.3988 1.4127 4.1635 7.1584 1.5834 2.5589 1.0000 4.3769 2.5249 6.0421 1.5251 4.0685 9.4326 3.2405 2.6009 1.2500 2.4289 0.0000 0.0000 2.3639 1.3403 1.0013 0.0000 3.1495 0.0000 1.0006 1.4114 1.2525 1.5141 2.4530 0.0000 3.2094 2.3574 0.0000 2.6254 0.0000 1.9212 0.0000 2.7340 1.4127 5.4770 1.2500 1.4127 2.4256 4.3238 1.0000 0.0000 2.4575 2.4693 1.0000 2.2834 0.0000 0.0000 1.3402 3.6095 4.1995 0.0000 0.0000 0.0000 0.0000 7.2549 5.6023 5.3798 5.1283 4.7284 4.1280 2.5666 7.4120 6.4477 3.7305 4.3857 7.2816 6.4277 2.8977 8.5273 1.8660 4.2080 10.9808 2.7530 4.1852 4.3114 1.4125 5.2458 9.5416 4.5304 3.9527 5.9704 3.9605 4.7860 12.0634
1.6108 0.1097 1.6108 1.6108 1.8959 1.8959 1.6108 0.0000 6.3369 0.3705 1.6108 0.2649 1.8959 0.1098 1.8959 1.8959 1.8959 0.3705 1.6108 1.6108 0.2649 1.6108 1.6108 1.6108 1.8959 1.6108 1.6108 0.3705 1.6108 1.6108 7.6720 10.6742 5.7448 8.0683 5.2914 10.7132 2.2230 6.6485 3.6415 7.6607 5.2211 6.0152 12.0139 8.5623 6.9959 2.0208 9.9214 10.8266 5.6533 8.5035 6.4227 9.8053 7.3036 9.4206 5.7402 6.1071 6.0076 5.6086 4.2605 3.7874 3.0131 0.2649 3.8159 6.9824 1.1488 2.0093 1.8959 4.0814 2.1687 5.8502 0.1113 3.7750 9.2940 2.9283 2.3070 0.5127 1.8438 1.6108 1.6108 1.8585 0.3704 1.8966 1.6108 2.7901 1.6108 1.8963 0.2668 0.5086 2.2106 1.8978 1.6108 2.9063 1.7360 1.6108 2.3076 1.6108 1.8343 1.6108 2.4116 0.2649 5.2143 0.5128 0.2649 1.8418 4.0178 1.8959 1.6108 1.8536 1.8389 1.8959 1.6095 1.6108 1.6108 0.3705 3.2306 3.8968 1.6108 1.6108 1.6108 1.6108 7.0579 5.3458 5.1222 4.8534 4.4727 3.7892 2.0759 7.2263 6.2270 3.3950 4.1105 7.1052 6.2006 2.5191 8.3699 1.5191 3.9003 10.8524 2.2705 3.9398 4.0113 0.2652 4.9839 9.3983 4.2439 3.6566 5.7877 3.6299 4.4957 11.9450
6.5445 6.3384 6.5445 6.5445 6.6205 6.6205 6.5445 6.3369 0.0000 6.3495 6.5445 6.3437 6.6205 6.3384 6.6205 6.6205 6.6205 6.3495 6.5445 6.5445 6.3437 6.5445 6.5445 6.5445 6.6205 6.5445 6.5445 6.3496 6.5445 6.5445 5.4810 9.1314 4.3643 5.1490 3.6929 10.8255 6.3530 3.9093 4.7441 8.0987 5.4692 3.2996 10.4793 9.0980 5.5550 6.0361 8.9634 9.3511 6.8937 6.3131 4.2176 10.2050 4.7865 7.4342 6.2847 5.8853 6.1963 6.0318 4.6348 4.6900 5.4289 6.3437 4.6952 3.2621 6.4429 5.9846 6.6205 4.6604 5.8338 6.4346 6.3384 4.6968 8.2094 5.4389 5.8315 6.3601 5.9915 6.5445 6.5445 5.9960 6.3495 6.6206 6.5445 5.4469 6.5445 6.6205 6.3438 6.3598 6.3198 5.9890 6.5445 5.4434 6.0000 6.5445 5.7911 6.5445 6.1763 6.5445 5.7801 6.3437 5.5823 6.3601 6.3437 5.9917 4.6644 6.6205 6.5445 5.9899 5.9909 6.6205 6.0114 6.5445 6.5445 6.3496 5.4058 4.6754 6.5445 6.5445 6.5445 6.5445 3.4571 4.0438 2.3588 5.2659 3.5300 4.6916 5.9860 4.2891 5.2885 4.7986 3.6548 5.3716 6.4125 5.4941 8.6202 6.1452 4.6646 9.0682 5.5566 5.8158 4.6536 6.3438 5.4160 7.3398 7.1178 4.7206 4.5676 4.7254 3.3883 10.6776
1.3402 0.2607 1.3402 1.3402 1.6722 1.6722 1.3402 0.3705 6.3495 0.0000 1.3402 0.1056 1.6722 0.2607 1.6722 1.6722 1.6722 0.0000 1.3402 1.3402 0.1056 1.3402 1.3402 1.3402 1.6722 1.3402 1.3402 0.0000 1.3402 1.3402 7.6858 10.6831 5.7617 8.0814 5.3083 10.7221 2.0356 6.6614 3.6465 7.6688 5.2410 6.0328 12.0225 8.5725 7.0090 1.9076 9.9322 10.8366 5.6564 8.5058 6.4347 9.8077 7.3168 9.4303 5.7496 6.1169 6.0187 5.6259 4.2790 3.7987 3.0299 0.1055 3.8407 6.9900 1.0219 2.0371 1.6722 4.0948 2.1377 5.8541 0.2591 3.7818 9.3014 2.9182 2.2631 0.1423 1.8732 1.3402 1.3402 1.8591 0.0000 1.6730 1.3402 2.7905 1.3402 1.6726 0.1037 0.1382 2.0220 1.9200 1.3402 2.8925 1.7709 1.3402 2.2718 1.3402 1.6842 1.3402 2.3830 0.1055 5.2334 0.1423 0.1056 1.8706 4.0333 1.6722 1.3402 1.8909 1.8853 1.6722 1.6541 1.3402 1.3402 0.0000 3.2516 3.9090 1.3402 1.3402 1.3402 1.3402 7.0723 5.3645 5.1388 4.8720 4.4801 3.8107 2.0866 7.2383 6.2427 3.4064 4.1180 7.1137 6.2182 2.5147 8.3793 1.4241 3.9141 10.8615 2.2896 3.9349 4.0249 0.1052 5.0001 9.4074 4.2573 3.6617 5.7882 3.6453 4.5142 11.9538
0.0000 1.5263 0.0000 0.0000 1.0000 1.0000 0.0000 1.6108 6.5445 1.3402 0.0000 1.4127 1.0000 1.5262 1.0000 1.0000 1.0000 1.3402 0.0000 0.0000 1.4127 0.0000 0.0000 0.0000 1.0000 0.0000 0.0000 1.3402 0.0000 0.0000 7.8555 10.8033 5.9828 8.2430 5.5440 10.8419 1.5321 6.8492 3.9386 7.8253 5.4860 6.2474 12.1311 8.7197 7.1900 2.1667 10.0641 10.9581 5.8486 8.6354 6.6260 9.9212 7.4917 9.5653 5.9536 6.3112 6.2189 5.8519 4.5626 4.0943 3.3988 1.4127 4.1635 7.1584 1.5834 2.5589 1.0000 4.3769 2.5249 6.0421 1.5251 4.0685 9.4326 3.2405 2.6009 1.2500 2.4289 0.0000 0.0000 2.3639 1.3403 1.0013 0.0000 3.1495 0.0000 1.0006 1.4114 1.2525 1.5141 2.4530 0.0000 3.2094 2.3574 0.0000 2.6254 0.0000 1.9212 0.0000 2.7340 1.4127 5.4770 1.2500 1.4127 2.4256 4.3238 1.0000 0.0000 2.4575 2.4693 1.0000 2.2834 0.0000 0.0000 1.3402 3.6095 4.1995 0.0000 0.0000 0.0000 0.0000 7.2549 5.6023 5.3798 5.1283 4.7284 4.1280 2.5666 7.4120 6.4477 3.7305 4.3857 7.2816 6.4277 2.8977 8.5273 1.8660 4.2080 10.9808 2.7530 4.1852 4.3114 1.4125 5.2458 9.5416 4.5304 3.9527 5.9704 3.9605 4.7860 12.0634
1.4127 0.1551 1.4127 1.4127 1.7308 1.7308 1.4127 0.2649 6.3437 0.1056 1.4127 0.0000 1.7308 0.1551 1.7308 1.7308 1.7308 0.1056 1.4127 1.4127 0.0000 1.4127 1.4127 1.4127 1.7308 1.4127 1.4127 0.1056 1.4127 1.4127 7.6801 10.6793 5.7545 8.0760 5.3008 10.7182 2.0840 6.6556 3.6412 7.6647 5.2326 6.0254 12.0189 8.5679 7.0033 1.9334 9.9277 10.8325 5.6530 8.5035 6.4291 9.8056 7.3111 9.4260 5.7445 6.1118 6.0132 5.6185 4.2705 3.7918 3.0205 0.0001 3.8300 6.9859 1.0463 2.0223 1.7308 4.0876 2.1401 5.8506 0.1535 3.7762 9.2978 2.9163 2.2695 0.2479 1.8574 1.4127 1.4127 1.8514 0.1056 1.7316 1.4127 2.7854 1.4127 1.7312 0.0019 0.2438 2.0708 1.9064 1.4127 2.8916 1.7530 1.4127 2.2759 1.4127 1.7202 1.4127 2.3853 0.0001 5.2253 0.2479 0.0000 1.8549 4.0254 1.7308 1.4127 1.8729 1.8647 1.7308 1.6330 1.4127 1.4127 0.1056 3.2413 3.9020 1.4127 1.4127 1.4127 1.4127 7.0662 5.3566 5.1313 4.8638 4.4749 3.8009 2.0768 7.2329 6.2360 3.3990 4.1125 7.1093 6.2109 2.5104 8.3749 1.4422 3.9066 10.8576 2.2780 3.9327 4.0175 0.0004 4.9927 9.4033 4.2502 3.6564 5.7857 3.6371 4.5058 11.9501
1.0000 1.8247 1.0000 1.0000 0.0000 0.0000 1.0000 1.8959 6.6205 1.6722 1.0000 1.7308 0.0000 1.8247 0.0000 0.0000 0.0000 1.6722 1.0000 1.0000 1.7308 1.0000 1.0000 1.0000 0.0000 1.0000 1.0000 1.6722 1.0000 1.0000 7.9189 10.8494 6.0658 8.3035 5.6335 10.8879 1.8296 6.9218 4.0636 7.8889 5.5764 6.3269 12.1723 8.7769 7.2592 2.3864 10.1137 11.0036 5.9334 8.6931 6.7011 9.9715 7.5582 9.6174 6.0370 6.3899 6.2988 5.9367 4.6709 4.2146 3.5429 1.7308 4.2819 7.2279 1.8728 2.7474 0.0000 4.4896 2.7158 6.1243 1.8237 4.1896 9.4855 3.3913 2.7866 1.6008 2.6267 1.0000 1.0000 2.5667 1.6722 1.4151 1.0000 3.3045 1.0000 1.4146 1.7297 1.6027 1.8145 2.6490 1.0000 3.3616 2.5608 1.0000 2.8094 1.0000 2.1659 1.0000 2.9111 1.7308 5.5675 1.6008 1.7308 2.6236 4.4379 0.0000 1.0000 2.6532 2.6641 0.0000 2.4928 1.0000 1.0000 1.6722 3.7454 4.3169 1.0000 1.0000 1.0000 1.0000 7.3235 5.6908 5.4720 5.2249 4.8330 4.2474 2.7545 7.4791 6.5248 3.8622 4.4982 7.3499 6.5051 3.0654 8.5857 2.1170 4.3252 11.0263 2.9290 4.3030 4.4259 1.7306 5.3402 9.5938 4.6394 4.0773 6.0535 4.0848 4.8894 12.1048
1.5262 0.0000 1.5262 1.5262 1.8247 1.8247 1.5262 0.1098 6.3384 0.2607 1.5262 0.1551 1.8247 0.0000 1.8247 1.8247 1.8247 0.2607 1.5262 1.5262 0.1551 1.5262 1.5262 1.5262 1.8247 1.5262 1.5262 0.2607 1.5262 1.5262 7.6742 10.6755 5.7473 8.0704 5.2937 10.7145 2.1626 6.6502 3.6390 7.6612 5.2243 6.0180 12.0153 8.5636 6.9977 1.9808 9.9232 10.8283 5.6517 8.5025 6.4240 9.8046 7.3055 9.4220 5.7405 6.1077 6.0085 5.6112 4.2627 3.7870 3.0134 0.1552 3.8195 6.9826 1.0998 2.0105 1.8247 4.0819 2.1530 5.8489 0.0016 3.7733 9.2947 2.9204 2.2878 0.4030 1.8448 1.5262 1.5262 1.8510 0.2607 1.8254 1.5262 2.7851 1.5262 1.8250 0.1570 0.3989 2.1498 1.8969 1.5262 2.8973 1.7382 1.5262 2.2908 1.5262 1.7832 1.5262 2.3972 0.1552 5.2172 0.4030 0.1551 1.8426 4.0188 1.8247 1.5262 1.8570 1.8450 1.8247 1.6140 1.5262 1.5262 0.2607 3.2324 3.8968 1.5262 1.5262 1.5262 1.5262 7.0602 5.3487 5.1243 4.8560 4.4717 3.7918 2.0722 7.2278 6.2293 3.3942 4.1093 7.1057 6.2035 2.5121 8.3710 1.4820 3.9008 10.8538 2.2699 3.9347 4.0118 0.1555 4.9858 9.3995 4.2445 3.6542 5.7854 3.6305 4.4980 11.9464
1.0000 1.8247 1.0000 1.0000 0.0000 0.0000 1.0000 1.8959 6.6205 1.6722 1.0000 1.7308 0.0000 1.8247 0.0000 0.0000 0.0000 1.6722 1.0000 1.0000 1.7308 1.0000 1.0000 1.0000 0.0000 1.0000 1.0000 1.6722 1.0000 1.0000 7.9189 10.8494 6.0658 8.3035 5.6335 10.8879 1.8296 6.9218 4.0636 7.8889 5.5764 6.3269 12.1723 8.7769 7.2592 2.3864 10.1137 11.0036 5.9334 8.6931 6.7011 9.9715 7.5582 9.6174 6.0370 6.3899 6.2988 5.9367 4.6709 4.2146 3.5429 1.7308 4.2819 7.2279 1.8728 2.7474 0.0000 4.4896 2.7158 6.1243 1.8237 4.1896 9.4855 3.3913 2.7866 1.6008 2.6267 1.0000 1.0000 2.5667 1.6722 1.4151 1.0000 3.3045 1.0000 1.4146 1.7297 1.6027 1.8145 2.6490 1.0000 3.3616 2.5608 1.0000 2.8094 1.0000 2.1659 1.0000 2.9111 1.7308 5.5675 1.6008 1.7308 2.6236 4.4379 0.0000 1.0000 2.6532 2.6641 0.0000 2.4928 1.0000 1.0000 1.6722 3.7454 4.3169 1.0000 1.0000 1.0000 1.0000 7.3235 5.6908 5.4720 5.2249 4.8330 4.2474 2.7545 7.4791 6.5248 3.8622 4.4982 7.3499 6.5051 3.0654 8.5857 2.1170 4.3252 11.0263 2.9290 4.3030 4.4259 1.7306 5.3402 9.5938 4.6394 4.0773 6.0535 4.0848 4.8894 12.1048
1.0000 1.8247 1.0000 1.0000 0.0000 0.0000 1.0000 1.8959 6.6205 1.6722 1.0000 1.7308 0.0000 1.8247 0.0000 0.0000 0.0000 1.6722 1.0000 1.0000 1.7308 1.0000 1.0000 1.0000 0.0000 1.0000 1.0000 1.6722 1.0000 1.0000 7.9189 10.8494 6.0658 8.3035 5.6335 10.8879 1.8296 6.9218 4.0636 7.8889 5.5764 6.3269 12.1723 8.7769 7.2592 2.3864 10.1137 11.0036 5.9334 8.6931 6.7011 9.9715 7.5582 9.6174 6.0370 6.3899 6.2988 5.9367 4.6709 4.2146 3.5429 1.7308 4.2819 7.2279 1.8728 2.7474 0.0000 4.4896 2.7158 6.1243 1.8237 4.1896 9.4855 3.3913 2.7866 1.6008 2.6267 1.0000 1.0000 2.5667 1.6722 1.4151 1.0000 3.3045 1.0000 1.4146 1.7297 1.6027 1.8145 2.6490 1.0000 3.3616 2.5608 1.0000 2.8094 1.0000 2.1659 1.0000 2.9111 1.7308 5.5675 1.6008 1.7308 2.6236 4.4379 0.0000 1.0000 2.6532 2.6641 0.0000 2.4928 1.0000 1.0000 1.6722 3.7454 4.3169 1.0000 1.0000 1.0000 1.0000 7.3235 5.6908 5.4720 5.2249 4.8330 4.2474 2.7545 7.4791 6.5248 3.8622 4.4982 7.3499 6.5051 3.0654 8.5857 2.1170 4.3252 11.0263 2.9290 4.3030 4.4259 1.7306 5.3402 9.5938 4.6394 4.0773 6.0535 4.0848 4.8894 12.1048
1.0000 1.8247 1.0000 1.0000 0.0000 0.0000 1.0000 1.8959 6.6205 1.6722 1.0000 1.7308 0.0000 1.8247 0.0000 0.0000 0.0000 1.6722 1.0000 1.0000 1.7308 1.0000 1.0000 1.0000 0.0000 1.0000 1.0000 1.6722 1.0000 1.0000 7.9189 10.8494 6.0658 8.3035 5.6335 10.8879 1.8296 6.9218 4.0636 7.8889 5.5764 6.3269 12.1723 8.7769 7.2592 2.3864 10.1137 11.0036 5.9334 8.6931 6.7011 9.9715 7.5582 9.6174 6.0370 6.3899 6.2988 5.9367 4.6709 4.2146 3.5429 1.7308 4.2819 7.2279 1.8728 2.7474 0.0000 4.4896 2.7158 6.1243 1.8237 4.1896 9.4855 3.3913 2.7866 1.6008 2.6267 1.0000 1.0000 2.5667 1.6722 1.4151 1.0000 3.3045 1.0000 1.4146 1.7297 1.6027 1.8145 2.6490 1.0000 3.3616 2.5608 1.0000 2.8094 1.0000 2.1659 1.0000 2.9111 1.7308 5.5675 1.6008 1.7308 2.6236 4.4379 0.0000 1.0000 2.6532 2.6641 0.0000 2.4928 1.0000 1.0000 1.6722 3.7454 4.3169 1.0000 1.0000 1.0000 1.0000 7.3235 5.6908 5.4720 5.2249 4.8330 4.2474 2.7545 7.4791 6.5248 3.8622 4.4982 7.3499 6.5051 3.0654 8.5857 2.1170 4.3252 11.0263 2.9290 4.3030 4.4259 1.7306 5.3402 9.5938 4.6394 4.0773 6.0535 4.0848 4.8894 12.1048
1.3402 0.2607 1.3402 1.3402 1.6722 1.6722 1.3402 0.3705 6.3495 0.0000 1.3402 0.1056 1.6722 0.2607 1.6722 1.6722 1.6722 0.0000 1.3402 1.3402 0.1056 1.3402 1.3402 1.3402 1.6722 1.3402 1.3402 0.0000 1.3402 1.3402 7.6858 10.6831 5.7617 8.0814 5.3083 10.7221 2.0356 6.6614 3.6465 7.6688 5.2410 6.0328 12.0225 8.5725 7.0090 1.9076 9.9322 10.8366 5.6564 8.5058 6.4347 9.8077 7.3168 9.4303 5.7496 6.1169 6.0187 5.6259 4.2790 3.7987 3.0299 0.1055 3.8407 6.9900 1.0219 2.0371 1.6722 4.0948 2.1377 5.8541 0.2591 3.7818 9.3014 2.9182 2.2631 0.1423 1.8732 1.3402 1.3402 1.8591 0.0000 1.6730 1.3402 2.7905 1.3402 1.6726 0.1037 0.1382 2.0220 1.9200 1.3402 2.8925 1.7709 1.3402 2.2718 1.3402 1.6842 1.3402 2.3830 0.1055 5.2334 0.1423 0.1056 1.8706 4.0333 1.6722 1.3402 1.8909 1.8853 1.6722 1.6541 1.3402 1.3402 0.0000 3.2516 3.9090 1.3402 1.3402 1.3402 1.3402 7.0723 5.3645 5.1388 4.8720 4.4801 3.8107 2.0866 7.2383 6.2427 3.4064 4.1180 7.1137 6.2182 2.5147 8.3793 1.4241 3.9141 10.8615 2.2896 3.9349 4.0249 0.1052 5.0001 9.4074 4.2573 3.6617 5.7882 3.6453 4.5142 11.9538
0.0000 1.5263 0.0000 0.0000 1.0000 1.0000 0.0000 1.6108 6.5445 1.3402 0.0000 1.4127 1.0000 1.5262 1.0000 1.0000 1.0000 1.3402 0.0000 0.0000 1.4127 0.0000 0.0000 0.0000 1.0000 0.0000 0.0000 1.3402 0.0000 0.0000 7.8555 10.8033 5.9828 8.2430 5.5440 10.8419 1.5321 6.8492 3.9386 7.8253 5.4860 6.2474 12.1311 8.7197 7.1900 2.1667 10.0641 10.9581 5.8486 8.6354 6.6260 9.9212 7.4917 9.5653 5.9536 6.3112 6.2189 5.8519 4.5626 4.0943 3.3988 1.4127 4.1635 7.1584 1.5834 2.5589 1.0000 4.3769 2.5249 6.0421 1.5251 4.0685 9.4326 3.2405 2.6009 1.2500 2.4289 0.0000 0.0000 2.3639 1.3403 1.0013 0.0000 3.1495 0.0000 1.0006 1.4114 1.2525 1.5141 2.4530 0.0000 3.2094 2.3574 0.0000 2.6254 0.0000 1.9212 0.0000 2.7340 1.4127 5.4770 1.2500 1.4127 2.4256 4.3238 1.0000 0.0000 2.4575 2.4693 1.0000 2.2834 0.0000 0.0000 1.3402 3.6095 4.1995 0.0000 0.0000 0.0000 0.0000 7.2549 5.6023 5.3798 5.1283 4.7284 4.1280 2.5666 7.4120 6.4477 3.7305 4.3857 7.2816 6.4277 2.8977 8.5273 1.8660 4.2080 10.9808 2.7530 4.1852 4.3114 1.4125 5.2458 9.5416 4.5304 3.9527 5.9704 3.9605 4.7860 12.0634
0.0000 1.5263 0.0000 0.0000 1.0000 1.0000 0.0000 1.6108 6.5445 1.3402 0.0000 1.4127 1.0000 1.5262 1.0000 1.0000 1.0000 1.3402 0.0000 0.0000 1.4127 0.0000 0.0000 0.0000 1.0000 0.0000 0.0000 1.3402 0.0000 0.0000 7.8555 10.8033 5.9828 8.2430 5.5440 10.8419 1.5321 6.8492 3.9386 7.8253 5.4860 6.2474 12.1311 8.7197 7.1900 2.1667 10.0641 10.9581 5.8486 8.6354 6.6260 9.9212 7.4917 9.5653 5.9536 6.3112 6.2189 5.8519 4.5626 4.0943 3.3988 1.4127 4.1635 7.1584 1.5834 2.5589 1.0000 4.3769 2.5249 6.0421 1.5251 4.0685 9.4326 3.2405 2.6009 1.2500 2.4289 0.0000 0.0000 2.3639 1.3403 1.0013 0.0000 3.1495 0.0000 1.0006 1.4114 1.2525 1.5141 2.4530 0.0000 3.2094 2.3574 0.0000 2.6254 0.0000 1.9212 0.0000 2.7340 1.4127 5.4770 1.2500 1.4127 2.4256 4.3238 1.0000 0.0000 2.4575 2.4693 1.0000 2.2834 0.0000 0.0000 1.3402 3.6095 4.1995 0.0000 0.0000 0.0000 0.0000 7.2549 5.6023 5.3798 5.1283 4.7284 4.1280 2.5666 7.4120 6.4477 3.7305 4.3857 7.2816 6.4277 2.8977 8.5273 1.8660 4.2080 10.9808 2.7530 4.1852 4.3114 1.4125 5.2458 9.5416 4.5304 3.9527 5.9704 3.9605 4.7860 12.0634
1.4127 0.1551 1.4127 1.4127 1.7308 1.7308 1.4127 0.2649 6.3437 0.1056 1.4127 0.0000 1.7308 0.1551 1.7308 1.7308 1.7308 0.1056 1.4127 1.4127 0.0000 1.4127 1.4127 1.4127 1.7308 1.4127 1.4127 0.1056 1.4127 1.4127 7.6801 10.6793 5.7545 8.0760 5.3008 10.7182 2.0840 6.6556 3.6412 7.6647 5.2326 6.0254 12.0189 8.5679 7.0033 1.9334 9.9277 10.8325 5.6530 8.5035 6.4291 9.8056 7.3111 9.4260 5.7445 6.1118 6.0132 5.6185 4.2705 3.7918 3.0205 0.0001 3.8300 6.9859 1.0463 2.0223 1.7308 4.0876 2.1401 5.8506 0.1535 3.7762 9.2978 2.9163 2.2695 0.2479 1.8574 1.4127 1.4127 1.8514 0.1056 1.7316 1.4127 2.7854 1.4127 1.7312 0.0019 0.2438 2.0708 1.9064 1.4127 2.8916 1.7530 1.4127 2.2759 1.4127 1.7202 1.4127 2.3853 0.0001 5.2253 0.2479 0.0000 1.8549 4.0254 1.7308 1.4127 1.8729 1.8647 1.7308 1.6330 1.4127 1.4127 0.1056 3.2413 3.9020 1.4127 1.4127 1.4127 1.4127 7.0662 5.3566 5.1313 4.8638 4.4749 3.8009 2.0768 7.2329 6.2360 3.3990 4.1125 7.1093 6.2109 2.5104 8.3749 1.4422 3.9066 10.8576 2.2780 3.9327 4.0175 0.0004 4.9927 9.4033 4.2502 3.6564 5.7857 3.6371 4.5058 11.9501
0.0000 1.5263 0.0000 0.0000 1.0000 1.0000 0.0000 1.6108 6.5445 1.3402 0.0000 1.4127 1.0000 1.5262 1.0000 1.0000 1.0000 1.3402 0.0000 0.0000 1.4127 0.0000 0.0000 0.0000 1.0000 0.0000 0.0000 1.3402 0.0000 0.0000 7.8555 10.8033 5.9828 8.2430 5.5440 10.8419 1.5321 6.8492 3.9386 7.8253 5.4860 6.2474 12.1311 8.7197 7.1900 2.1667 10.0641 10.9581 5.8486 8.6354 6.6260 9.9212 7.4917 9.5653 5.9536 6.3112 6.2189 5.8519 4.5626 4.0943 3.3988 1.4127 4.1635 7.1584 1.5834 2.5589 1.0000 4.3769 2.5249 6.0421 1.5251 4.0685 9.4326 3.2405 2.6009 1.2500 2.4289 0.0000 0.0000 2.3639 1.3403 1.0013 0.0000 3.1495 0.0000 1.0006 1.4114 1.2525 1.5141 2.4530 0.0000 3.2094 2.3574 0.0000 2.6254 0.0000 1.9212 0.0000 2.7340 1.4127 5.4770 1.2500 1.4127 2.4256 4.3238 1.0000 0.0000 2.4575 2.4693 1.0000 2.2834 0.0000 0.0000 1.3402 3.6095 4.1995 0.0000 0.0000 0.0000 0.0000 7.2549 5.6023 5.3798 5.1283 4.7284 4.1280 2.5666 7.4120 6.4477 3.7305 4.3857 7.2816 6.4277 2.8977 8.5273 1.8660 4.2080 10.9808 2.7530 4.1852 4.3114 1.4125 5.2458 9.5416 4.5304 3.9527 5.9704 3.9605 4.7860 12.0634
0.0000 1.5263 0.0000 0.0000 1.0000 1.0000 0.0000 1.6108 6.5445 1.3402 0.0000 1.4127 1.0000 1.5262 1.0000 1.0000 1.0000 1.3402 0.0000 0.0000 1.4127 0.0000 0.0000 0.0000 1.0000 0.0000 0.0000 1.3402 0.0000 0.0000 7.8555 10.8033 5.9828 8.2430 5.5440 10.8419 1.5321 6.8492 3.9386 7.8253 5.4860 6.2474 12.1311 8.7197 7.1900 2.1667 10.0641 10.9581 5.8486 8.6354 6.6260 9.9212 7.4917 9.5653 5.9536 6.3112 6.2189 5.8519 4.5626 4.0943 3.3988 1.4127 4.1635 7.1584 1.5834 2.5589 1.0000 4.3769 2.5249 6.0421 1.5251 4.0685 9.4326 3.2405 2.6009 1.2500 2.4289 0.0000 0.0000 2.3639 1.3403 1.0013 0.0000 3.1495 0.0000 1.0006 1.4114 1.2525 1.5141 2.4530 0.0000 3.2094 2.3574 0.0000 2.6254 0.0000 1.9212 0.0000 2.7340 1.4127 5.4770 1.2500 1.4127 2.4256 4.3238 1.0000 0.0000 2.4575 2.4693 1.0000 2.2834 0.0000 0.0000 1.3402 3.6095 4.1995 0.0000 0.0000 0.0000 0.0000 7.2549 5.6023 5.3798 5.1283 4.7284 4.1280 2.5666 7.4120 6.4477 3.7305 4.3857 7.2816 6.4277 2.8977 8.5273 1.8660 4.2080 10.9808 2.7530 4.1852 4.3114 1.4125 5.2458 9.5416 4.5304 3.9527 5.9704 3.9605 4.7860 12.0634
0.0000 1.5263 0.0000 0.0000 1.0000 1.0000 0.0000 1.6108 6.5445 1.3402 0.0000 1.4127 1.0000 1.5262 1.0000 1.0000 1.0000 1.3402 0.0000 0.0000 1.4127 0.0000 0.0000 0.0000 1.0000 0.0000 0.0000 1.3402 0.0000 0.0000 7.8555 10.8033 5.9828 8.2430 5.5440 10.8419 1.5321 6.8492 3.9386 7.8253 5.4860 6.2474 12.1311 8.7197 7.1900 2.1667 10.0641 10.9581 5.8486 8.6354 6.6260 9.9212 7.4917 9.5653 5.9536 6.3112 6.2189 5.8519 4.5626 4.0943 3.3988 1.4127 4.1635 7.1584 1.5834 2.5589 1.0000 4.3769 2.5249 6.0421 1.5251 4.0685 9.4326 3.2405 2.6009 1.2500 2.4289 0.0000 0.0000 2.3639 1.3403 1.0013 0.0000 3.1495 0.0000 1.0006 1.4114 1.2525 1.5141 2.4530 0.0000 3.2094 2.3574 0.0000 2.6254 0.0000 1.9212 0.0000 2.7340 1.4127 5.4770 1.2500 1.4127 2.4256 4.3238 1.0000 0.0000 2.4575 2.4693 1.0000 2.2834 0.0000 0.0000 1.3402 3.6095 4.1995 0.0000 0.0000 0.0000 0.0000 7.2549 5.6023 5.3798 5.1283 4.7284 4.1280 2.5666 7.4120 6.4477 3.7305 4.3857 7.2816 6.4277 2.8977 8.5273 1.8660 4.2080 10.9808 2.7530 4.1852 4.3114 1.4125 5.2458 9.5416 4.5304 3.9527 5.9704 3.9605 4.7860 12.0634
1.0000 1.8247 1.0000 1.0000 0.0000 0.0000 1.0000 1.8959 6.6205 1.6722 1.0000 1.7308 0.0000 1.8247 0.0000 0.0000 0.0000 1.6722 1.0000 1.0000 1.7308 1.0000 1.0000 1.0000 0.0000 1.0000 1.0000 1.6722 1.0000 1.0000 7.9189 10.8494 6.0658 8.3035 5.6335 10.8879 1.8296 6.9218 4.0636 7.8889 5.5764 6.3269 12.1723 8.7769 7.2592 2.3864 10.1137 11.0036 5.9334 8.6931 6.7011 9.9715 7.5582 9.6174 6.0370 6.3899 6.2988 5.9367 4.6709 4.2146 3.5429 1.7308 4.2819 7.2279 1.8728 2.7474 0.0000 4.4896 2.7158 6.1243 1.8237 4.1896 9.4855 3.3913 2.7866 1.6008 2.6267 1.0000 1.0000 2.5667 1.6722 1.4151 1.0000 3.3045 1.0000 1.4146 1.7297 1.6027 1.8145 2.6490 1.0000 3.3616 2.5608 1.0000 2.8094 1.0000 2.1659 1.0000 2.9111 1.7308 5.5675 1.6008 1.7308 2.6236 4.4379 0.0000 1.0000 2.6532 2.6641 0.0000 2.4928 1.0000 1.0000 1.6722 3.7454 4.3169 1.0000 1.0000 1.0000 1.0000 7.3235 5.6908 5.4720 5.2249 4.8330 4.2474 2.7545 7.4791 6.5248 3.8622 4.4982 7.3499 6.5051 3.0654 8.5857 2.1170 4.3252 11.0263 2.9290 4.3030 4.4259 1.7306 5.3402 9.5938 4.6394 4.0773 6.0535 4.0848 4.8894 12.1048
0.0000 1.5263 0.0000 0.0000 1.0000 1.0000 0.0000 1.6108 6.5445 1.3402 0.0000 1.4127 1.0000 1.5262 1.0000 1.0000 1.0000 1.3402 0.0000 0.0000 1.4127 0.0000 0.0000 0.0000 1.0000 0.0000 0.0000 1.3402 0.0000 0.0000 7.8555 10.8033 5.9828 8.2430 5.5440 10.8419 1.5321 6.8492 3.9386 7.8253 5.4860 6.2474 12.1311 8.7197 7.1900 2.1667 10.0641 10.9581 5.8486 8.6354 6.6260 9.9212 7.4917 9.5653 5.9536 6.3112 6.2189 5.8519 4.5626 4.0943 3.3988 1.4127 4.1635 7.1584 1.5834 2.5589 1.0000 4.3769 2.5249 6.0421 1.5251 4.0685 9.4326 3.2405 2.6009 1.2500 2.4289 0.0000 0.0000 2.3639 1.3403 1.0013 0.0000 3.1495 0.0000 1.0006 1.4114 1.2525 1.5141 2.4530 0.0000 3.2094 2.3574 0.0000 2.6254 0.0000 1.9212 0.0000 2.7340 1.4127 5.4770 1.2500 1.4127 2.4256 4.3238 1.0000 0.0000 2.4575 2.4693 1.0000 2.2834 0.0000 0.0000 1.3402 3.6095 4.1995 0.0000 0.0000 0.0000 0.0000 7.2549 5.6023 5.3798 5.1283 4.7284 4.1280 2.5666 7.4120 6.4477 3.7305 4.3857 7.2816 6.4277 2.8977 8.5273 1.8660 4.2080 10.9808 2.7530 4.1852 4.3114 1.4125 5.2458 9.5416 4.5304 3.9527 5.9704 3.9605 4.7860 12.0634
0.0000 1.5263 0.0000 0.0000 1.0000 1.0000 0.0000 1.6108 6.5445 1.3402 0.0000 1.4127 1.0000 1.5262 1.0000 1.0000 1.0000 1.3402 0.0000 0.0000 1.4127 0.0000 0.0000 0.0000 1.0000 0.0000 0.0000 1.3402 0.0000 0.0000 7.8555 10.8033 5.9828 8.2430 5.5440 10.8419 1.5321 6.8492 3.9386 7.8253 5.4860 6.2474 12.1311 8.7197 7.1900 2.1667 10.0641 10.9581 5.8486 8.6354 6.6260 9.9212 7.4917 9.5653 5.9536 6.3112 6.2189 5.8519 4.5626 4.0943 3.3988 1.4127 4.1635 7.1584 1.5834 2.5589 1.0000 4.3769 2.5249 6.0421 1.5251 4.0685 9.4326 3.2405 2.6009 1.2500 2.4289 0.0000 0.0000 2.3639 1.3403 1.0013 0.0000 3.1495 0.0000 1.0006 1.4114 1.2525 1.5141 2.4530 0.0000 3.2094 2.3574 0.0000 2.6254 0.0000 1.9212 0.0000 2.7340 1.4127 5.4770 1.2500 1.4127 2.4256 4.3238 1.0000 0.0000 2.4575 2.4693 1.0000 2.2834 0.0000 0.0000 1.3402 3.6095 4.1995 0.0000 0.0000 0.0000 0.0000 7.2549 5.6023 5.3798 5.1283 4.7284 4.1280 2.5666 7.4120 6.4477 3.7305 4.3857 7.2816 6.4277 2.8977 8.5273 1.8660 4.2080 10.9808 2.7530 4.1852 4.3114 1.4125 5.2458 9.5416 4.5304 3.9527 5.9704 3.9605 4.7860 12.0634
1.3402 0.2607 1.3402 1.3402 1.6722 1.6722 1.3402 0.3705 6.3496 0.0000 1.3402 0.1056 1.6722 0.2607 1.6722 1.6722 1.6722 0.0000 1.3402 1.3402 0.1056 1.3402 1.3402 1.3402 1.6722 1.3402 1.3402 0.0000 1.3402 1.3402 7.6858 10.6831 5.7617 8.0814 5.3083 10.7221 2.0356 6.6614 3.6465 7.6688 5.2410 6.0328 12.0225 8.5725 7.0090 1.9076 9.9322 10.8366 5.6564 8.5058 6.4347 9.8077 7.3168 9.4303 5.7496 6.1169 6.0187 5.6259 4.2790 3.7987 3.0299 0.1056 3.8407 6.9900 1.0219 2.0371 1.6722 4.0948 2.1377 5.8541 0.2592 3.7818 9.3014 2.9182 2.2631 0.1422 1.8732 1.3402 1.3402 1.8591 0.0001 1.6729 1.3402 2.7905 1.3402 1.6725 0.1037 0.1381 2.0220 1.9200 1.3402 2.8925 1.7709 1.3402 2.2718 1.3402 1.6842 1.3402 2.3830 0.1055 5.2334 0.1423 0.1056 1.8706 4.0333 1.6722 1.3402 1.8909 1.8853 1.6722 1.6541 1.3402 1.3402 0.0000 3.2516 3.9090 1.3402 1.3402 1.3402 1.3402 7.0723 5.3645 5.1388 4.8720 4.4801 3.8107 2.0866 7.2383 6.2427 3.4064 4.1180 7.1137 6.2182 2.5147 8.3793 1.4241 3.9142 10.8615 2.2896 3.9349 4.0249 0.1052 5.0001 9.4074 4.2573 3.6617 5.7882 3.6453 4.5142 11.9538
0.0000 1.5263 0.0000 0.0000 1.0000 1.0000 0.0000 1.6108 6.5445 1.3402 0.0000 1.4127 1.0000 1.5262 1.0000 1.0000 1.0000 1.3402 0.0000 0.0000 1.4127 0.0000 0.0000 0.0000 1.0000 0.0000 0.0000 1.3402 0.0000 0.0000 7.8555 10.8033 5.9828 8.2430 5.5440 10.8419 1.5321 6.8492 3.9386 7.8253 5.4860 6.2474 12.1311 8.7197 7.1900 2.1667 10.0641 10.9581 5.8486 8.6354 6.6260 9.9212 7.4917 9.5653 5.9536 6.3112 6.2189 5.8519 4.5626 4.0943 3.3988 1.4127 4.1635 7.1584 1.5834 2.5589 1.0000 4.3769 2.5249 6.0421 1.5251 4.0685 9.4326 3.2405 2.6009 1.2500 2.4289 0.0000 0.0000 2.3639 1.3403 1.0013 0.0000 3.1495 0.0000 1.0006 1.4114 1.2525 1.5141 2.4530 0.0000 3.2094 2.3574 0.0000 2.6254 0.0000 1.9212 0.0000 2.7340 1.4127 5.4770 1.2500 1.4127 2.4256 4.3238 1.0000 0.0000 2.4575 2.4693 1.0000 2.2834 0.0000 0.0000 1.3402 3.6095 4.1995 0.0000 0.0000 0.0000 0.0000 7.2549 5.6023 5.3798 5.1283 4.7284 4.1280 2.5666 7.4120 6.4477 3.7305 4.3857 7.2816 6.4277 2.8977 8.5273 1.8660 4.2080 10.9808 2.7530 4.1852 4.3114 1.4125 5.2458 9.5416 4.5304 3.9527 5.9704 3.9605 4.7860 12.0634
0.0000 1.5263 0.0000 0.0000 1.0000 1.0000 0.0000 1.6108 6.5445 1.3402 0.0000 1.4127 1.0000 1.5262 1.0000 1.0000 1.0000 1.3402 0.0000 0.0000 1.4127 0.0000 0.0000 0.0000 1.0000 0.0000 0.0000 1.3402 0.0000 0.0000 7.8555 10.8033 5.9828 8.2430 5.5440 10.8419 1.5321 6.8492 3.9386 7.8253 5.4860 6.2474 12.1311 8.7197 7.1900 2.1667 10.0641 10.9581 5.8486 8.6354 6.6260 9.9212 7.4917 9.5653 5.9536 6.3112 6.2189 5.8519 4.5626 4.0943 3.3988 1.4127 4.1635 7.1584 1.5834 2.5589 1.0000 4.3769 2.5249 6.0421 1.5251 4.0685 9.4326 3.2405 2.6009 1.2500 2.4289 0.0000 0.0000 2.3639 1.3403 1.0013 0.0000 3.1495 0.0000 1.0006 1.4114 1.2525 1.5141 2.4530 0.0000 3.2094 2.3574 0.0000 2.6254 0.0000 1.9212 0.0000 2.7340 1.4127 5.4770 1.2500 1.4127 2.4256 4.3238 1.0000 0.0000 2.4575 2.4693 1.0000 2.2834 0.0000 0.0000 1.3402 3.6095 4.1995 0.0000 0.0000 0.0000 0.0000 7.2549 5.6023 5.3798 5.1283 4.7284 4.1280 2.5666 7.4120 6.4477 3.7305 4.3857 7.2816 6.4277 2.8977 8.5273 1.8660 4.2080 10.9808 2.7530 4.1852 4.3114 1.4125 5.2458 9.5416 4.5304 3.9527 5.9704 3.9605 4.7860 12.0634
7.8555 7.6742 7.8555 7.8555 7.9189 7.9189 7.8555 7.6720 5.4810 7.6858 7.8555 7.6801 7.9189 7.6742 7.9189 7.9189 7.9189 7.6858 7.8555 7.8555 7.6801 7.8555 7.8555 7.8555 7.9189 7.8555 7.8555 7.6858 7.8555 7.8555 0.0000 7.1261 4.8698 5.7955 4.9150 9.0513 7.7427 4.9219 6.5433 7.1173 5.8223 4.3849 7.9891 7.3428 4.0064 7.4689 7.0025 7.0161 5.4479 6.4291 5.4940 9.4948 2.6229 5.2402 6.6788 5.1728 6.4336 6.3647 6.4843 6.5093 6.9900 7.6801 6.4907 4.3696 7.6424 7.3871 7.9189 6.5009 7.3046 6.2788 7.6743 6.5177 6.7959 7.0099 7.3038 7.6959 7.3927 7.8555 7.8555 7.3981 7.6858 7.7949 7.8555 7.0110 7.8555 7.7939 7.6802 7.6955 7.6879 7.3910 7.8555 7.0126 7.3996 7.8555 7.2536 7.8555 7.5688 7.8555 7.2431 7.6801 5.8250 7.6959 7.6801 7.3929 6.5009 7.9189 7.8555 7.3908 7.3912 7.9189 7.4078 7.8555 7.8555 7.6858 6.9865 6.5056 7.8555 7.8555 7.8555 7.8555 4.5249 4.8923 5.5409 5.8309 5.9245 6.4941 7.3894 5.6620 3.5531 6.5545 5.9705 5.7078 6.6406 7.0377 7.6694 7.5362 6.4925 7.0679 7.0756 6.3283 6.4903 7.6801 5.9424 4.7741 6.6111 6.5208 5.3129 6.5162 5.8423 9.3155
10.8033 10.6755 10.8033 10.8033 10.8494 10.8494 10.8033 10.6742 9.1314 10.6831 10.8033 10.6793 10.8494 10.6755 10.8494 10.8494 10.8494 10.6831 10.8033 10.8033 10.6793 10.8033 10.8033 10.8033 10.8494 10.8033 10.8033 10.6831 10.8033 10.8033 7.1261 0.0000 8.6917 9.2748 8.7833 6.4405 10.7236 8.7583 9.8198 6.4739 9.2746 8.4734 4.7442 5.3199 7.8541 10.5233 4.9843 6.9151 8.6665 7.6809 9.0874 10.3935 7.4903 6.7508 8.2466 7.6695 9.6826 9.6586 9.7583 9.7876 10.1581 10.6793 9.7855 8.4947 10.6569 10.4776 10.8494 9.7762 10.4178 8.4134 10.6756 9.7905 6.3328 10.1709 10.4174 10.6899 10.4806 10.8033 10.8033 10.4837 10.6831 10.7617 10.8033 10.1745 10.8033 10.7602 10.6793 10.6897 10.6759 10.4796 10.8033 10.1731 10.4848 10.8033 10.3752 10.8033 10.5911 10.8033 10.3694 10.6793 9.2903 10.6899 10.6793 10.4807 9.7772 10.8494 10.8033 10.4796 10.4799 10.8494 10.4904 10.8033 10.8033 10.6831 10.1508 9.7815 10.8033 10.8033 10.8033 10.8033 8.5445 8.7526 9.1431 9.3008 9.3846 9.7861 10.4791 8.9982 8.2090 9.8428 9.4457 6.9806 9.8125 10.1982 6.3412 10.5702 9.7756 1.3365 10.2301 9.7213 9.7697 10.6793 9.1839 5.5105 9.3885 9.8060 9.1511 9.8068 9.3445 7.8448
5.9828 5.7473 5.9828 5.9828 6.0658 6.0658 5.9828 5.7448 4.3643 5.7617 5.9828 5.7545 6.0658 5.7473 6.0658 6.0658 6.0658 5.7617 5.9828 5.9828 5.7545 5.9828 5.9828 5.9828 6.0658 5.9828 5.9828 5.7617 5.9828 5.9828 4.8698 8.6917 0.0000 4.9007 1.8672 9.6016 5.9171 3.0624 3.9120 7.6364 2.3977 1.6557 10.1792 7.8011 4.0391 5.4821 8.0537 8.9541 5.4738 6.5980 3.4854 9.8455 4.3130 7.2813 5.6792 5.4867 3.6675 3.5640 3.7671 3.8409 4.7127 5.7545 3.8378 3.4249 5.8659 5.3479 6.0658 3.8046 5.3012 5.8460 5.7474 3.8510 8.6544 4.7333 5.2976 5.7745 5.3564 5.9828 5.9828 5.3629 5.7617 6.0660 5.9828 4.7419 5.9828 6.0659 5.7546 5.7741 5.7401 5.3537 5.9828 4.7386 5.3665 5.9828 5.1401 5.9828 5.5793 5.9828 5.1260 5.7545 2.4222 5.7745 5.7545 5.3567 3.8091 6.0658 5.9828 5.3542 5.3550 6.0658 5.3792 5.9828 5.9828 5.7617 4.6893 3.8237 5.9828 5.9828 5.9828 5.9828 3.2498 1.1424 3.1175 2.4517 3.1482 3.8369 5.3501 5.8134 3.4432 3.9729 3.3774 6.0673 3.9961 4.7960 8.1867 5.5411 3.8081 8.8116 4.8661 3.6372 3.7938 5.7545 4.6942 7.4194 6.5923 3.8803 4.0643 3.8825 3.1632 11.1470
8.2430 8.0704 8.2430 8.2430 8.3035 8.3035 8.2430 8.0683 5.1490 8.0814 8.2430 8.0760 8.3035 8.0704 8.3035 8.3035 8.3035 8.0814 8.2430 8.2430 8.0760 8.2430 8.2430 8.2430 8.3035 8.2430 8.2430 8.0814 8.2430 8.2430 5.7955 9.2748 4.9007 0.0000 4.8940 10.1145 8.1035 2.6041 6.8878 9.5071 6.0650 4.1307 10.4217 9.5967 4.5698 7.8539 8.1373 8.5361 7.0750 5.0522 2.7992 10.5984 5.1357 7.7393 8.0232 7.7252 5.0607 5.2554 6.8023 6.8455 7.3657 8.0760 6.8375 3.9805 8.1566 7.7864 8.3035 6.8254 7.6865 8.1424 8.0705 6.8519 9.2890 7.3837 7.6849 8.0910 7.7929 8.2430 8.2430 7.7979 8.0814 8.3036 8.2430 7.3885 8.2430 8.3035 8.0761 8.0907 8.0728 7.7909 8.2430 7.3870 7.8002 8.2430 7.6517 8.2430 7.9586 8.2430 7.6411 8.0760 6.0727 8.0910 8.0760 7.7931 6.8275 8.3035 8.2430 7.7911 7.7916 8.3035 7.8091 8.2430 8.2430 8.0814 7.3534 6.8360 8.2430 8.2430 8.2430 8.2430 3.5416 4.9839 5.5802 6.1035 6.1436 6.8393 7.7880 4.5156 6.0130 6.9179 6.2154 7.3986 5.1464 7.4225 9.9549 7.9300 6.8264 9.1728 7.4666 6.6866 6.8185 8.0760 7.3554 7.1386 8.6890 6.8676 5.2776 6.8668 6.0575 11.2479
5.5440 5.2937 5.5440 5.5440 5.6335 5.6335 5.5440 5.2914 3.6929 5.3083 5.5440 5.3008 5.6335 5.2937 5.6335 5.6335 5.6335 5.3083 5.5440 5.5440 5.3008 5.5440 5.5440 5.5440 5.6335 5.5440 5.5440 5.3083 5.5440 5.5440 4.9150 8.7833 1.8672 4.8940 0.0000 9.7600 5.4287 3.1027 3.8041 7.6054 2.9600 1.7087 10.2360 7.7857 4.3751 5.0199 8.2206 9.0457 5.3122 6.3343 3.2367 9.8282 4.1830 7.2061 5.6544 5.4477 3.9815 3.7947 3.8076 3.7926 4.3158 5.3008 3.7176 3.2434 5.4205 4.9389 5.6335 3.8218 4.8305 5.8323 5.2938 3.8196 8.3549 4.3521 4.8357 5.3216 4.9392 5.5440 5.5440 4.9458 5.3083 5.6337 5.5440 4.3503 5.5440 5.6336 5.3010 5.3212 5.3254 4.9390 5.5440 4.3545 4.9441 5.5440 4.7392 5.5440 5.1572 5.5440 4.7315 5.3008 2.8973 5.3216 5.3008 4.9394 3.8167 5.6335 5.5440 4.9375 4.9377 5.6335 4.9508 5.5440 5.5440 5.3083 4.3276 3.8127 5.5440 5.5440 5.5440 5.5440 3.1042 1.1960 2.8786 2.8684 3.1415 3.7219 4.9443 5.3442 3.4204 3.7601 3.1188 5.7318 4.3453 4.3801 8.1933 5.1072 3.7746 8.8431 4.4314 3.3248 3.7857 5.3009 4.7151 7.3478 6.2566 3.7622 3.8701 3.7497 3.0974 11.0062
10.8419 10.7145 10.8419 10.8419 10.8879 10.8879 10.8419 10.7132 10.8255 10.7221 10.8419 10.7182 10.8879 10.7145 10.8879 10.8879 10.8879 10.7221 10.8419 10.8419 10.7182 10.8419 10.8419 10.8419 10.8879 10.8419 10.8419 10.7221 10.8419 10.8419 9.0513 6.4405 9.6016 10.1145 9.7600 0.0000 10.9496 9.5242 9.8429 6.1366 9.3042 9.9229 8.0999 4.6844 8.0907 10.6907 3.3135 7.0212 7.8403 8.3106 9.6849 8.8061 9.3603 9.1077 8.1414 8.2045 8.7839 8.7763 9.7843 9.8140 10.1948 10.7182 9.8144 10.4608 10.6969 10.5022 10.8879 9.7986 10.6143 8.3004 10.7145 9.8177 8.2738 10.2038 10.6119 10.7289 10.5070 10.8419 10.8419 10.5102 10.7221 10.8009 10.8419 10.2080 10.8419 10.7993 10.7183 10.7286 10.7095 10.5055 10.8419 10.2062 10.5124 10.8419 10.3980 10.8419 10.6244 10.8419 10.3907 10.7182 9.3101 10.7289 10.7182 10.5071 9.8006 10.8879 10.8419 10.5059 10.5063 10.8879 10.5192 10.8419 10.8419 10.7221 10.1835 9.8066 10.8419 10.8419 10.8419 10.8419 10.3138 9.5994 10.1721 9.3258 10.0937 9.8140 10.5032 9.6588 9.1109 9.8693 10.1854 8.2850 8.7088 10.2337 5.9376 10.6047 9.8011 6.8246 10.2673 9.7205 9.7951 10.7183 9.1756 7.3127 9.3239 9.8306 10.6921 9.8316 10.1255 8.7115
1.5321 2.1626 1.5321 1.5321 1.8296 1.8296 1.5321 2.2230 6.3530 2.0356 1.5321 2.0840 1.8296 2.1626 1.8296 1.8296 1.8296 2.0356 1.5321 1.5321 2.0840 1.5321 1.5321 1.5321 1.8296 1.5321 1.5321 2.0356 1.5321 1.5321 7.7427 10.7236 5.9171 8.1035 5.4287 10.9496 0.0000 6.7310 4.2261 7.9738 5.6959 6.1246 12.0508 8.8533 7.1121 1.9237 9.9999 10.8642 6.0459 8.5249 6.5305 10.0388 7.3779 9.4526 6.1476 6.2641 6.2082 6.0491 4.8129 4.3716 3.7282 2.0840 4.4364 6.9866 2.2033 2.9825 1.8296 4.6373 2.1550 6.2333 2.1617 4.3474 9.3537 3.5844 2.2446 1.9773 2.8717 1.5321 1.5321 2.8170 2.0356 1.8303 1.5321 3.5024 1.5321 1.8299 2.0831 1.9789 2.1540 2.8922 1.5321 3.5563 2.8115 1.5321 3.0398 1.5321 2.4573 1.5321 3.1340 2.0840 5.6872 1.9773 2.0840 2.8689 4.5872 1.8296 1.5321 2.8960 2.9060 1.8296 2.7498 1.5321 1.5321 2.0356 3.9212 4.4703 1.5321 1.5321 1.5321 1.5321 7.0963 5.5023 5.2396 5.3522 4.6091 4.4031 2.9891 7.2782 6.3412 4.0328 4.2369 7.1667 6.6078 3.2778 8.6638 2.4144 4.4782 10.8792 3.1506 4.4568 4.5755 2.0838 5.4649 9.4188 4.7824 4.2393 5.7894 4.2465 4.6570 11.9817
