0.0000 10.5768 7.1228 7.0653 11.3400 11.4532 10.9885 12.2211 18.8181 9.9700 6.6533 11.5646 10.9851 8.7986 11.9678 12.3975 12.8463 8.0717 7.8326 11.1379 6.8983 7.4686 8.7778 10.3489 10.9810 10.3058 8.1558 8.9215 8.9300 6.9940 26.5561 26.7916 24.9933 27.5617 24.3818 27.6731 14.3350 25.2703 18.5921 22.8066 23.3530 22.6375 28.7488 22.2201 26.8093 20.2167 29.5913 26.1030 24.9508 23.7745 24.2758 23.5369 23.3654 24.4357 22.3828 25.3863 20.7357 23.2782 21.7584 22.3798 11.4040 11.3062 17.1756 13.2842 12.7185 13.5201 14.3900 16.1784 13.5296 20.3302 15.4902 17.6426 32.7083 13.1297 15.8052 14.1264 14.8313 10.7132 9.3223 11.7367 12.5219 10.1849 8.1008 12.5789 9.0821 10.7379 8.4870 15.0055 8.1426 10.8409 7.5331 14.0283 16.3907 10.3768 17.8985 9.1683 16.0657 12.2218 16.0274 13.2066 19.2927 13.6470 9.7331 18.0511 16.2071 11.4478 13.4270 16.7802 19.8389 12.6967 18.3670 10.2284 11.6822 15.9423 19.7140 14.4421 11.6981 10.8448 8.6211 10.3666 21.8101 23.5424 21.1713 23.5485 18.4346 23.2400 14.3890 26.2787 28.2137 23.4431 21.3739 25.2504 26.1503 18.7261 22.0186 15.6018 21.4886 27.3175 17.6786 19.2117 22.9499 16.2617 23.4790 31.9097 21.1968 17.5855 19.6939 22.3622 23.2446 31.7749
10.5768 0.0000 9.9091 9.4467 9.6121 9.9252 14.3495 14.4706 20.2401 12.5753 11.0885 12.9735 10.9223 9.0262 12.2437 9.9159 11.0809 10.6795 10.9109 12.9876 10.4545 9.9932 11.5001 13.1029 10.7822 11.7147 13.4059 10.3844 9.1426 11.1809 27.2092 27.5308 26.0045 28.2807 25.0156 28.8225 16.7757 26.0354 19.3691 23.8146 24.4661 23.8284 29.3769 23.3407 27.7024 21.0211 30.6803 27.1793 25.8503 24.6768 25.0917 24.4863 24.1058 25.4032 23.1349 25.9132 21.7460 24.4453 22.5538 23.3849 11.0108 10.4087 17.1887 13.4981 14.0870 12.4055 11.7063 16.7056 14.4652 21.6566 13.2057 18.7767 33.1636 14.2937 16.6365 15.9656 15.1581 10.2726 10.1896 12.4008 13.5520 11.2482 10.7517 14.7942 10.0895 11.9040 8.8776 16.3087 11.7713 10.9301 9.2593 14.7423 17.3068 13.5258 19.5256 11.9567 17.2827 14.6811 16.7726 14.5362 21.6137 14.7694 10.3447 19.2869 17.2907 10.8992 15.3063 18.5464 20.9116 12.5292 18.7032 13.0918 12.5426 17.1601 21.2552 15.5906 13.9431 14.2626 7.8448 10.4036 22.4178 24.0011 22.2910 24.4095 19.8028 24.0609 15.5768 27.0782 28.7350 24.2356 22.3941 26.1766 26.9650 19.4321 22.8345 16.2558 22.0665 27.8242 18.0691 19.7563 23.6568 17.2939 24.5935 32.6109 21.6401 18.9093 20.6040 23.1391 24.0866 32.4888
7.1228 9.9091 0.0000 7.3423 11.0390 11.5791 10.7445 13.1263 18.3983 11.5438 8.8351 10.6472 11.8509 9.4480 13.6888 12.2876 12.8632 8.9798 8.8503 10.6815 9.4077 7.7692 8.4268 10.0496 12.4392 11.9087 10.5492 9.6091 8.5032 7.3810 25.7223 25.8906 24.1756 26.7723 23.3286 26.9540 14.1102 24.3042 17.5013 22.2596 22.6143 21.9743 27.8397 21.7234 26.0064 19.0284 28.9841 25.5251 24.2726 23.0406 23.4631 22.9073 22.3803 23.8090 21.5784 24.3960 19.8488 22.5398 21.1164 21.4022 10.4650 11.9934 16.0120 13.4837 12.2861 13.0001 13.7577 15.8614 12.7586 19.3988 14.5207 17.2705 31.7875 13.1672 14.6877 13.7305 13.4229 12.7994 9.2984 10.8660 11.9467 10.9083 8.0034 13.2822 9.8643 11.9553 8.6538 13.5449 8.6674 10.9391 8.9964 13.4070 15.8527 9.5702 17.2208 8.8995 15.1405 12.4235 15.0935 12.3148 19.1119 12.3430 10.2047 17.0028 15.0944 12.4750 13.1918 15.8774 18.7437 13.3722 17.0077 9.8095 11.8063 14.9157 19.4276 13.8108 13.5139 10.7071 8.4177 10.5472 21.0778 22.5016 20.4646 22.6810 17.5502 22.0307 13.4451 25.3175 27.4221 22.3067 20.7085 24.6996 25.4492 17.8063 21.4968 14.7520 20.5278 26.5012 16.4865 18.2884 21.9044 15.7122 22.8689 31.3225 20.1464 16.5085 18.6683 21.3428 22.1366 31.1173
7.0653 9.4467 7.3423 0.0000 9.9007 10.0133 12.0589 14.3393 20.9940 12.3387 7.6291 12.2169 9.8392 10.2865 10.8784 11.8358 12.7753 10.4027 8.8587 12.4503 9.0128 7.5178 9.8562 11.8728 10.2109 12.2485 10.8999 8.6950 7.5519 9.3433 28.0790 28.3608 26.8116 29.6069 25.9690 29.0921 15.7069 27.0073 20.0383 23.6523 24.9865 24.1040 30.3466 23.1341 28.4126 21.7095 31.1755 27.3467 26.7375 25.2176 26.0529 25.1400 24.8074 25.7895 23.5663 26.8357 22.1162 25.2683 22.7272 24.1940 12.4768 12.8071 19.3469 14.1071 14.8582 14.3173 14.0017 17.8661 15.5780 22.1903 17.0443 20.5383 34.6766 15.4457 17.7289 16.4411 16.7926 10.0656 9.6693 12.9531 14.5392 9.7089 7.2325 14.5084 8.4456 9.0861 9.6906 17.5533 8.7457 12.0623 6.8529 16.0912 17.7074 11.6798 19.7153 11.0778 17.8902 13.9657 18.2452 15.1282 21.1567 15.3587 10.7349 20.4798 18.0994 11.0629 15.5567 18.8455 21.6248 12.3410 20.6480 12.2833 12.6729 18.3191 22.4635 16.1334 10.3967 12.9725 5.8968 9.7067 23.6321 25.5980 22.9531 25.6325 20.1559 25.3241 16.4759 27.8530 30.2738 25.6767 23.8203 27.0822 28.5202 20.6741 23.6112 17.5719 23.6747 28.9327 19.5173 20.8832 25.1445 18.5336 25.3862 33.7743 23.0142 19.5543 21.7842 24.4508 25.5529 33.4961
11.3400 9.6121 11.0390 9.9007 0.0000 4.0128 14.7842 17.9087 22.9420 15.1722 12.1480 15.3092 5.4200 12.8499 8.4362 5.5965 6.9493 13.5840 11.8865 14.0471 12.9586 9.7324 12.2544 13.6150 6.1054 12.2778 14.2851 13.8075 9.6247 13.0673 29.0192 29.5068 27.9213 30.6073 27.2683 30.1638 17.4930 28.2836 21.1458 25.6897 26.2244 25.8149 31.3158 24.8060 29.5093 22.9103 32.2137 28.6189 27.8631 26.2661 27.1935 26.4541 25.9707 26.8420 25.2857 28.0561 23.3151 26.6494 25.1943 25.6964 14.5369 13.6079 20.6138 16.3884 16.8007 15.2517 8.4309 19.0501 17.5800 23.6994 16.5609 22.0518 35.4852 16.9194 19.7713 18.2425 18.2942 10.2929 10.8819 16.2397 16.1853 11.2527 11.3196 16.6350 9.8301 11.8588 13.0283 18.9104 12.4629 14.2468 9.4133 17.4114 20.3305 14.1036 21.0571 13.3013 18.6444 15.0257 19.7678 16.8729 22.9645 16.0734 12.8664 22.1797 20.2388 6.0401 16.3917 20.7529 23.6358 7.8864 21.9421 13.3536 13.3689 19.6495 23.6658 18.0580 12.9299 15.0085 7.9126 10.2963 24.8901 26.7098 24.5272 26.9136 21.4879 26.3246 17.8038 29.1173 31.2831 26.6578 24.6994 28.4040 29.6300 21.8955 25.2529 18.1562 24.7164 29.8293 20.8759 21.4941 26.2040 19.6065 26.8317 34.7288 24.3636 20.8832 22.7163 25.5288 26.7405 34.4284
11.4532 9.9252 11.5791 10.0133 4.0128 0.0000 14.3618 17.7525 23.1105 14.8798 11.7392 15.1409 5.7623 12.6812 7.3983 7.0039 7.7776 13.6796 12.0572 14.3302 12.7234 9.9960 12.1521 13.1632 5.5647 12.2738 13.9973 13.5333 9.1195 13.1552 29.4696 30.0883 28.5233 31.2702 28.0274 30.6699 18.1640 28.9518 21.7318 26.1388 26.6522 26.3382 31.9263 25.2611 30.1000 23.5931 32.6988 28.9787 28.3559 26.7225 27.8098 26.8826 26.5439 27.3514 25.8056 28.6506 24.0045 27.3379 25.6565 26.2258 14.4850 13.4267 20.9590 15.9432 17.2413 15.1595 9.2736 19.4100 17.9253 24.1438 17.4175 22.5432 36.0614 16.9680 20.0743 18.2499 18.6961 9.7166 10.6328 16.5621 16.2780 10.9829 11.2224 16.4899 9.4633 11.2092 13.0095 19.5666 12.2932 14.2956 9.1412 17.8288 20.7228 14.1865 21.1685 13.3516 18.7803 14.5615 20.2484 17.4316 23.0516 16.2200 12.4276 22.7239 20.7478 6.3929 16.6307 21.0373 24.2742 7.7847 22.6981 13.7477 13.2892 20.1013 24.1932 18.0444 11.8785 15.0991 7.9156 9.8463 25.3473 27.3250 24.9163 27.3965 21.8821 26.9973 18.3325 29.6243 31.8058 27.3230 25.3153 28.6916 30.2588 22.3534 25.5943 18.6073 25.1886 30.3677 21.2634 22.0828 26.7807 20.2296 27.3068 35.2180 24.8401 21.2561 23.3788 26.2797 27.3469 34.9618
10.9885 14.3495 10.7445 12.0589 14.7842 14.3618 0.0000 14.6513 18.0183 11.7085 12.7048 12.1300 14.3682 12.7879 15.3700 15.6534 14.8802 11.1566 12.7416 9.2346 11.9971 10.2199 11.5894 8.7804 14.3457 12.1817 11.1957 12.3638 12.9418 11.9788 24.0674 24.9958 22.4295 25.2788 22.6921 25.0767 13.5247 23.3411 16.7619 21.5558 20.7554 20.7875 26.8298 20.7201 24.5409 18.4804 27.2673 23.7461 22.5679 21.2162 22.3364 21.7654 21.2475 22.6111 20.3461 23.8268 18.1749 21.0793 20.2856 20.4220 12.9029 12.2890 15.9851 14.9783 12.4694 11.6552 16.1248 13.7160 13.6846 19.5175 15.9277 18.0275 31.1474 12.5480 15.5849 11.3095 13.8638 14.4273 12.6477 12.5970 11.8438 13.1380 8.8566 12.2143 11.4134 13.8848 12.2678 14.8950 10.9340 11.8803 11.2790 12.6040 14.6597 6.4347 14.4038 11.1228 13.0671 8.5237 14.7874 12.2824 18.1714 12.5137 11.9532 16.9427 15.5068 14.4058 12.2805 14.8741 17.9026 13.9146 17.2730 11.4224 12.0900 14.7652 18.0380 13.7224 15.6440 7.1659 12.3090 11.7014 19.6167 21.7746 18.4132 20.9816 16.0150 21.2854 13.3951 23.9033 26.7534 21.2220 19.7533 23.4968 24.0650 16.4348 20.0694 13.2249 19.3414 25.1552 15.9890 17.1089 20.4887 14.2054 21.1800 30.2697 19.7420 15.2528 17.6981 20.4476 21.8964 29.8953
12.2211 14.4706 13.1263 14.3393 17.9087 17.7525 14.6513 0.0000 16.0452 10.8937 13.0405 11.1577 17.4705 9.0094 17.8046 18.4919 18.6313 9.3062 14.6694 15.2868 9.7711 14.5258 14.1307 14.8103 17.0238 15.6305 12.2527 11.2448 14.8990 12.3997 24.5720 25.0745 22.8988 24.5326 22.2586 25.7601 17.9086 22.9993 18.2965 21.5709 21.1260 20.3386 26.7808 21.7829 24.7212 20.3167 27.1652 24.1334 23.0568 22.9071 22.3050 22.1954 21.4989 23.2519 20.6732 23.9415 20.0338 20.8251 19.4128 20.2938 11.5855 14.1485 14.4240 13.4469 14.1531 13.4033 19.7828 15.6304 12.0071 18.8312 15.6630 14.9509 30.1803 13.4965 14.1979 13.3069 12.9835 16.6315 15.2956 11.2301 12.9822 16.1954 14.4971 12.8048 15.1489 16.2858 9.9353 15.6717 13.3856 10.2723 14.3561 14.9545 14.5603 14.7842 16.6034 14.1711 17.4051 16.2717 15.0366 13.5017 17.5082 15.5082 12.2280 15.0907 14.6717 17.7200 16.9929 14.1365 16.9172 18.4867 16.0205 15.2445 16.4626 15.3191 17.1178 12.6004 17.0873 14.8255 15.8715 16.2421 19.7610 20.8194 18.5042 20.4245 17.8820 21.4012 14.5478 23.7890 25.4198 21.1623 19.4059 22.3924 22.6304 17.9924 20.1488 17.5624 19.3568 25.3942 16.1077 19.1233 20.7820 15.7351 21.1663 29.2616 19.2266 16.1252 18.8508 20.5844 20.1252 29.1172
18.8181 20.2401 18.3983 20.9940 22.9420 23.1105 18.0183 16.0452 0.0000 16.3543 20.5483 16.0681 23.0331 16.5801 24.3956 22.9259 22.7966 16.2674 19.4815 17.5826 17.8333 19.8401 19.0713 19.2422 23.1889 20.7092 19.5213 18.9209 21.2319 18.3172 18.7311 19.1495 16.0950 15.3613 15.8929 21.8190 18.3791 15.3880 15.6627 20.6466 17.0263 13.9193 20.0351 20.7450 18.3174 17.0611 20.2629 18.5202 20.3498 17.7347 15.5070 19.4864 15.6284 17.8281 17.7152 18.4743 16.4603 15.2643 16.5543 16.5102 14.2519 17.9298 11.7008 14.3498 16.4628 16.3743 23.3055 13.3531 12.4148 15.5960 16.9796 12.8477 22.6947 13.6649 14.0955 14.3254 14.0796 23.3569 20.6262 15.7002 14.3772 21.8813 19.5967 13.3273 21.1311 23.1480 16.7933 15.3112 18.3376 16.0535 20.9970 13.4713 15.5621 17.6889 14.7186 18.6815 15.8620 19.1170 13.1410 14.9817 16.6950 18.5186 18.1510 13.8633 11.1953 23.0158 18.6848 15.2425 15.3021 23.2087 15.0011 19.1556 19.4272 15.3409 12.5348 14.5578 24.2515 17.1993 21.6568 21.4475 12.3760 12.4661 11.5614 15.3249 13.5961 16.3613 15.6870 16.5541 17.6520 14.8596 12.0418 16.9940 15.8374 15.6528 17.4669 16.0900 13.8375 18.4642 14.0692 17.0352 15.8510 15.5988 17.2301 21.7891 18.7259 12.2363 11.0746 15.3442 12.4182 22.5516
9.9700 12.5753 11.5438 12.3387 15.1722 14.8798 11.7085 10.8937 16.3543 0.0000 10.8391 9.8902 14.5666 9.2116 14.7780 15.4004 15.2570 8.5412 11.8567 10.4191 8.5464 11.8760 11.3868 12.8391 13.7918 12.5140 9.3951 11.0452 13.0777 11.3332 23.4636 23.9448 21.4489 23.8589 21.0931 24.9244 14.1720 21.8034 16.2484 20.5229 20.0860 19.3789 25.7173 20.0702 23.8108 17.8358 26.5112 23.3739 21.6642 21.0986 20.8316 20.9087 20.1765 21.5798 19.7875 22.7186 17.9673 19.4691 18.7508 19.1852 10.5938 10.1806 14.3546 13.6377 11.3263 10.9804 16.5866 14.0960 11.1921 18.0952 13.5597 14.6880 29.7214 10.1581 13.9596 10.4218 12.0387 13.3025 12.2669 10.5447 9.4485 13.7306 10.9681 9.3424 12.3113 14.1780 9.2519 13.0092 11.5620 9.7049 11.3860 12.1737 13.1345 10.9686 14.6882 11.0361 14.3350 12.0548 12.8556 11.0973 18.4296 13.3412 10.4176 14.6892 13.9497 14.6967 12.6868 13.9149 16.3037 15.4878 14.8624 12.0222 12.6869 13.3176 16.3759 13.1861 15.0314 11.2148 12.8729 13.2907 18.5456 20.0496 17.7135 19.7870 15.8713 20.1233 12.1955 23.2171 24.8479 19.7602 17.4844 22.2776 21.9839 15.7602 19.3532 14.1634 17.8435 24.3295 14.9579 16.6557 19.8388 12.8109 20.1365 28.7763 18.1716 14.3459 16.8307 19.0050 20.0420 28.9314
6.6533 11.0885 8.8351 7.6291 12.1480 11.7392 12.7048 13.0405 20.5483 10.8391 0.0000 12.4508 11.7641 10.6219 11.3141 13.9539 14.7006 10.5895 10.4127 13.4322 8.1815 9.2653 11.5469 13.0027 11.2333 12.9894 8.6379 9.4861 8.8153 9.2667 28.7085 28.9824 27.3920 29.9331 26.9837 29.5483 17.2551 27.7226 21.2266 24.4740 25.7131 24.7180 30.8660 24.0218 29.0328 22.9431 31.5474 27.8279 27.2476 26.0363 26.7087 25.8473 25.5623 26.6066 24.5448 27.8096 22.9828 25.7835 23.6283 25.0772 13.0075 14.0401 19.6357 14.5573 15.5001 15.4863 16.3996 18.8068 16.2357 22.4810 18.3359 20.4486 34.8000 15.2871 18.4263 16.7508 17.5255 10.5618 11.6486 13.6313 15.0881 12.3491 9.1118 14.4726 11.1107 11.0744 10.6770 17.9866 9.7108 12.4046 8.8286 16.9315 18.4135 12.7752 20.1732 12.4595 18.9179 14.6342 18.6934 16.1911 21.2338 16.1942 12.1141 20.9485 18.8182 13.0102 16.4159 19.1975 22.5009 14.4973 21.2872 13.5506 13.9774 19.1712 22.5342 16.6715 10.0406 13.6939 8.9404 12.1247 24.3871 26.0874 23.3671 26.0282 20.9243 26.0693 17.3800 28.4159 30.5457 26.1627 24.0187 27.1497 28.4950 21.6643 24.0762 18.6185 24.0965 29.5024 20.5006 21.8992 25.7242 19.1728 25.7942 34.0690 23.7162 19.9658 22.4494 25.1045 25.8910 33.7204
11.5646 12.9735 10.6472 12.2169 15.3092 15.1409 12.1300 11.1577 16.0681 9.8902 12.4508 0.0000 15.5773 9.4559 16.2201 16.7367 16.9789 11.2346 12.9920 12.5528 10.9823 12.9899 11.7954 14.6352 15.7208 16.1359 14.1366 11.6354 11.7577 11.4884 24.0277 24.5589 22.2995 24.6450 21.5452 25.3150 15.5365 22.0905 16.5000 20.6483 20.5259 19.7610 26.1081 20.3316 24.4015 19.2706 26.7249 23.4889 22.4868 21.9339 21.7176 21.6571 20.4443 21.7240 19.8600 23.0953 19.5424 20.4132 18.2330 19.6285 10.8259 12.9300 14.8721 14.3251 13.3694 11.8212 18.1385 16.0202 12.0014 17.6674 14.9015 17.0071 30.0484 13.2429 14.7813 11.9034 13.0184 16.0835 12.8266 10.4576 9.5718 14.3954 10.9911 11.1002 13.6321 15.1416 10.9153 14.3022 12.6951 9.0265 12.8584 13.8280 13.7332 12.5395 15.2948 13.5991 16.0481 14.4898 14.0807 11.3489 19.8314 15.1421 11.4029 14.7029 13.5827 16.1013 15.2913 15.0615 15.8276 16.6885 15.9035 13.7548 12.8524 15.0124 18.0552 14.8932 14.9128 12.7324 13.4802 14.6945 18.8778 20.6346 18.3321 20.7612 17.1364 21.2139 13.9845 23.4989 25.4794 20.7112 19.8123 22.8062 22.9622 17.5363 20.4608 16.1910 19.3887 24.9082 15.8764 18.8093 21.1126 14.8656 21.1150 29.3319 19.2200 15.3536 17.9535 20.5088 21.0436 29.1600
10.9851 10.9223 11.8509 9.8392 5.4200 5.7623 14.3682 17.4705 23.0331 14.5666 11.7641 15.5773 0.0000 12.9909 6.9576 7.2205 7.3501 13.2826 10.8086 13.8463 11.7565 9.3085 12.1377 13.4656 4.8803 12.1601 13.3157 12.8394 10.1344 12.9357 29.3501 29.8021 28.2352 30.8900 27.6526 30.3621 17.5371 28.6103 21.5228 25.6850 26.4557 25.8934 31.6011 24.8332 29.8184 23.2692 32.4432 28.7359 28.1213 26.5231 27.5313 26.6536 26.3234 27.0595 25.4495 28.3588 23.6256 26.9285 25.1013 26.0110 14.6903 13.4693 20.9086 16.1977 16.7692 15.3224 9.5144 19.2940 17.7591 23.9989 17.2993 22.2424 35.9058 16.7126 19.8723 18.1411 18.7354 8.8958 10.7251 15.9900 16.5404 10.8154 11.0816 16.1216 8.9449 10.5321 13.0200 19.4430 11.7530 13.8491 8.8446 17.6577 20.1756 14.0083 21.1981 13.1394 18.9052 14.9295 20.1266 17.0670 22.7716 16.2967 12.5833 22.6498 20.4419 6.1281 16.5237 20.8385 23.8224 7.8728 22.3784 13.7993 13.7404 19.9493 23.7825 18.1086 11.4969 15.3934 8.8190 10.3248 25.2095 27.1326 24.5774 27.1848 21.7774 26.7184 18.0996 29.4420 31.6159 27.2438 24.9867 28.5085 29.8651 22.1807 25.4322 18.5462 25.0528 30.1116 21.3169 21.9864 26.5419 19.8272 26.9491 34.9874 24.7139 21.2450 23.1696 25.9701 27.1585 34.6725
8.7986 9.0262 9.4480 10.2865 12.8499 12.6812 12.7879 9.0094 16.5801 9.2116 10.6219 9.4559 12.9909 0.0000 13.9069 13.0729 13.6069 7.5475 9.8710 12.1006 7.3005 10.2537 10.2456 12.1474 12.5249 12.3676 11.4449 9.1106 10.2376 9.0041 24.9413 25.2340 23.3610 25.4539 22.3477 26.6094 15.4924 23.3188 17.1940 21.6353 21.7644 20.8753 27.1897 21.2048 25.3721 19.2107 28.1017 24.8257 23.2929 22.7116 22.5782 22.0703 21.6355 22.8581 20.9806 23.5770 19.7050 21.3576 20.0777 20.3080 9.0165 10.2670 14.4492 11.4834 12.0383 11.6596 14.4105 14.9180 11.1201 18.4250 12.6851 14.7169 30.6401 12.0845 13.6425 12.4123 12.6136 12.4489 10.1718 10.4184 10.0597 11.9214 10.8612 10.9187 10.2837 12.6201 6.9917 13.7385 10.1325 8.5561 9.8076 12.8516 14.9892 12.5459 16.9514 10.2178 15.3377 13.3834 13.5328 11.3993 18.9600 13.3120 8.4266 15.1753 13.9959 12.9052 14.2160 15.2707 17.4297 13.8894 16.0306 11.6705 11.7531 13.9642 17.6874 12.9536 13.9814 12.4132 10.7271 11.5341 19.7311 20.9736 19.4234 21.3560 17.6225 21.6371 12.6803 24.6182 25.9598 21.3207 19.4905 23.4351 23.7570 17.1285 20.2939 14.8123 19.4248 25.6179 15.6480 18.1001 21.2254 14.8389 21.8037 29.9882 19.2109 15.9482 18.2324 20.6431 20.7471 30.0465
11.9678 12.2437 13.6888 10.8784 8.4362 7.3983 15.3700 17.8046 24.3956 14.7780 11.3141 16.2201 6.9576 13.9069 0.0000 10.3763 10.1868 14.3617 12.2281 15.4719 13.1045 11.4716 13.0879 14.3916 5.6913 13.2214 13.5776 12.7228 10.2185 14.3374 30.2491 30.9713 29.2899 32.1497 28.8326 31.3857 18.6216 29.8755 22.4374 26.2444 27.3707 26.7926 32.6517 25.4999 30.9348 24.2273 33.4172 29.5311 29.1016 27.4189 28.4912 27.7163 27.4246 27.8454 26.2240 29.3912 24.9116 28.1963 25.5635 27.0842 16.0353 14.6456 22.4628 17.1708 18.1848 16.6003 12.1392 20.7403 19.4258 25.3699 19.5635 23.8117 37.3606 18.0515 21.0830 19.3750 20.2579 8.4753 11.1861 17.1404 17.9170 11.0278 11.6270 16.8432 10.3380 10.0768 14.3079 21.2257 12.8127 14.7831 8.6918 19.1101 21.0819 15.3988 21.9911 14.1845 19.9804 15.6901 21.3889 18.3146 24.1174 17.3755 12.8507 24.1307 21.8650 7.4429 17.4343 22.1179 25.1334 9.3383 24.0274 14.9602 13.9538 21.4193 25.3442 19.1616 9.9635 16.5982 9.9229 11.2246 26.2860 28.6454 25.5451 28.3457 22.9565 27.9944 19.6064 30.6242 32.8698 28.7301 26.4656 29.5241 31.2418 23.3363 26.3615 19.8469 26.4233 31.3392 22.4564 23.2360 27.8723 21.3966 28.0773 35.9953 25.9178 22.6315 24.8002 27.4229 28.8253 35.8882
12.3975 9.9159 12.2876 11.8358 5.5965 7.0039 15.6534 18.4919 22.9259 15.4004 13.9539 16.7367 7.2205 13.0729 10.3763 0.0000 5.0818 13.9799 12.0895 13.3638 13.8252 11.3457 12.4032 13.8934 7.1196 11.1192 14.4051 14.8749 11.4195 13.4030 28.8301 28.9657 27.6327 29.7795 26.7767 30.3449 17.6250 27.8146 21.1145 26.0685 26.3396 25.8787 30.8840 25.3194 29.3162 22.1976 32.2350 29.0572 27.3880 26.0753 26.7032 26.2525 26.0491 26.8929 25.3496 27.4793 23.2523 26.1146 25.1817 25.3204 14.8641 12.3900 19.7329 16.8722 15.7169 15.1714 5.5101 18.4128 16.9928 23.6352 14.6331 20.6937 34.4720 16.1534 19.0898 17.9278 17.7812 10.3271 11.0831 16.4552 15.8957 11.6830 12.6433 17.1004 10.1827 13.0889 12.9116 17.8857 13.4061 14.6513 10.6947 16.5598 20.1917 14.3394 21.4513 12.5570 18.0507 15.2146 18.8596 16.7199 23.5915 16.1118 13.1690 21.5894 20.0493 6.3281 15.3407 21.0830 23.2164 8.7497 20.8576 13.4895 13.2066 18.9881 22.7306 18.4118 15.7361 15.3176 9.5958 11.1095 24.5841 25.8836 24.2528 26.3045 21.4563 25.5295 17.4391 28.9108 30.3308 25.7817 23.6402 27.9893 28.5562 20.8445 24.7644 17.1677 23.7825 29.2690 20.2932 20.8430 25.2253 18.5542 26.2861 34.0186 23.6564 20.7024 21.8785 24.4585 25.8187 33.9922
12.8463 11.0809 12.8632 12.7753 6.9493 7.7776 14.8802 18.6313 22.7966 15.2570 14.7006 16.9789 7.3501 13.6069 10.1868 5.0818 0.0000 13.9305 12.0107 12.8414 14.0954 11.2487 11.8675 12.6756 7.4946 9.9908 14.1274 14.8623 12.0879 13.9037 27.8489 28.2596 26.6497 29.0980 26.0431 29.4177 16.4495 27.0536 20.0046 25.3778 25.3064 24.9883 30.1504 24.4587 28.4344 21.2591 31.4306 28.1620 26.5376 25.0766 25.9108 25.4185 25.1816 25.8939 24.6382 26.8349 22.2918 25.3808 24.4558 24.4465 15.1720 12.0098 19.2459 16.9641 15.2513 14.6837 4.9268 17.8479 16.9249 23.5814 14.4233 20.4788 34.2507 15.4727 18.5630 17.1423 17.3983 10.6975 10.7698 16.4311 15.7973 11.3637 12.8779 16.6311 9.5603 13.0081 13.4554 17.7984 13.3490 14.5697 10.3062 15.9049 19.5033 13.6345 20.2453 11.7379 16.6554 13.5352 18.4334 15.8334 22.4409 14.6881 12.4318 21.2042 19.7601 5.8889 14.1000 20.0424 22.6769 6.5682 20.3141 12.2601 12.6778 17.9559 21.8297 17.5912 15.7291 14.8794 10.6121 10.2770 23.7188 25.3619 23.3761 25.5242 20.5428 24.5744 16.3046 28.3403 29.8017 25.2446 22.8081 27.3342 28.0080 19.9015 24.2834 16.1774 23.0192 28.5213 19.6538 19.8545 24.3549 17.6355 25.4567 33.3775 23.0947 20.1406 21.3209 23.8590 25.2557 33.4479
8.0717 10.6795 8.9798 10.4027 13.5840 13.6796 11.1566 9.3062 16.2674 8.5412 10.5895 11.2346 13.2826 7.5475 14.3617 13.9799 13.9305 0.0000 9.9622 10.4746 7.0537 9.4798 9.8047 9.9671 13.1557 10.9162 9.5822 9.0351 11.7378 9.1321 23.7156 24.2451 21.7907 24.1067 21.3557 25.1611 14.4390 22.2527 16.3361 20.9711 20.1610 20.0362 26.0904 20.4438 23.8622 17.6756 26.8771 23.7586 22.1325 21.3238 21.2261 20.9300 20.6582 22.3679 19.8292 22.7281 18.0039 20.1275 19.4995 19.2341 8.6434 9.6197 13.3414 11.7357 10.2999 10.6452 14.9658 12.5037 10.2925 18.1041 12.9890 13.9446 29.9294 10.4401 12.3755 10.8655 10.4837 12.9616 10.8945 9.3694 10.6309 11.9123 10.4792 10.8422 10.7177 12.9140 6.5271 12.4922 9.2099 9.4024 10.4081 11.5874 13.7081 10.1903 15.1772 9.3212 13.9330 12.1003 12.8360 11.0117 16.6889 11.6397 8.6406 14.5595 13.4509 13.1415 12.5009 12.9989 16.4842 14.0979 14.7387 10.3577 12.6829 12.3909 16.1065 10.4806 14.7830 10.6016 11.1501 11.5600 18.7875 20.1498 17.9904 19.8273 15.6345 19.7269 11.2651 23.2755 25.1467 19.9489 17.8694 22.4453 22.6808 15.2937 19.1371 13.1443 17.7753 24.5270 13.9581 15.9965 19.2554 13.1719 20.4579 29.0889 17.8760 14.3692 16.7715 18.8977 19.4322 29.1702
7.8326 10.9109 8.8503 8.8587 11.8865 12.0572 12.7416 14.6694 19.4815 11.8567 10.4127 12.9920 10.8086 9.8710 12.2281 12.0895 12.0107 9.9622 0.0000 10.9634 9.2800 8.8150 7.8488 11.4391 11.5202 11.8540 11.9088 9.7358 8.8734 8.2040 26.3275 26.6499 24.9228 27.3655 23.8908 28.0012 14.2552 25.0812 17.9066 22.9476 23.3391 22.6357 28.4413 22.0892 26.9008 19.4151 29.7639 26.3070 24.8617 23.6947 23.9857 23.5219 23.2712 24.0569 22.3303 24.6700 20.9781 23.2441 21.5639 22.1021 11.4120 10.6806 16.8905 14.2922 12.6170 13.5629 12.8965 16.7701 13.3817 20.5587 14.4808 17.4804 32.5564 13.6226 15.3115 14.5527 14.9160 11.2451 7.7209 12.6138 12.3853 9.4752 9.8006 13.2722 8.8530 10.8831 9.2462 14.6279 9.5030 11.3604 7.9156 13.7433 16.5639 11.8979 18.3310 8.5796 15.5010 12.5294 15.8111 12.6369 20.7429 12.9377 9.4911 18.1909 16.2370 11.4071 12.6756 17.4238 19.5386 12.3630 18.0227 10.5291 9.8821 15.3878 19.9796 15.3768 12.9355 12.6373 9.4138 9.8264 21.5171 23.2070 21.2636 23.4912 18.7912 22.8094 14.1861 26.3960 27.7950 23.3286 21.1939 25.5282 26.0668 18.1919 22.2105 15.0134 21.2157 27.1212 17.1780 18.9477 22.7869 16.4084 23.5908 31.6682 20.9789 17.8109 19.5404 22.2502 23.1050 31.8934
11.1379 12.9876 10.6815 12.4503 14.0471 14.3302 9.2346 15.2868 17.5826 10.4191 13.4322 12.5528 13.8463 12.1006 15.4719 13.3638 12.8414 10.4746 10.9634 0.0000 11.8491 10.9852 9.6471 10.7230 13.7821 10.8350 11.6221 12.9200 12.7893 10.5474 23.5445 23.6872 21.4271 23.3614 21.0466 25.2047 12.7498 21.6352 16.1919 21.6025 20.5279 20.3493 25.5386 20.8253 23.7430 16.7855 26.8263 24.1391 21.4162 20.7471 20.9633 21.0114 21.0074 22.0158 20.0450 22.3015 17.8761 19.4948 19.0812 19.2625 11.6676 9.2932 13.9262 15.2985 9.3201 10.7197 13.4888 13.1419 11.5749 18.8662 12.1110 15.5217 29.2446 9.9267 13.6732 10.4063 12.1712 13.6057 11.3068 11.3975 10.2009 12.4182 10.0104 11.7952 10.8321 14.3117 10.6211 11.9749 11.2678 11.1468 11.7748 10.2468 13.3792 7.5437 15.2134 9.3340 12.7237 10.3388 12.6941 10.2823 19.7360 12.8661 11.1664 15.5081 14.6157 13.1443 8.4184 15.3223 16.4273 13.9141 14.7941 10.8840 9.6835 12.3806 16.3438 14.6465 17.0452 8.3891 12.3303 12.1658 18.8370 19.8500 17.8390 19.8919 15.7328 19.3928 12.1088 23.4820 24.5976 19.3056 17.2201 22.6741 21.8366 14.1954 19.4055 11.4345 17.1419 23.9550 14.5237 16.0620 18.7599 11.2246 20.0728 28.7653 17.9928 14.6474 15.7632 18.2012 19.7708 29.0157
6.8983 10.4545 9.4077 9.0128 12.9586 12.7234 11.9971 9.7711 17.8333 8.5464 8.1815 10.9823 11.7565 7.3005 13.1045 13.8252 14.0954 7.0537 9.2800 11.8491 0.0000 8.5031 10.6353 11.8987 11.8359 12.2963 8.9253 8.1069 10.5165 8.4068 26.3414 26.6054 24.7206 27.0118 24.2010 27.3203 15.8245 24.8883 18.8737 22.4493 23.0964 22.0391 28.5235 21.8568 26.4505 20.6064 29.1784 25.6832 24.6569 23.7469 24.1115 23.2809 23.0761 24.3126 22.2479 25.3444 20.4026 22.8718 21.3175 22.3173 10.0668 11.1421 16.2712 12.2675 12.6276 12.8282 15.7304 15.8250 12.7631 19.9396 14.9110 16.8914 32.2536 12.4957 15.4180 13.5805 14.3316 11.2773 11.0968 11.0368 12.1658 11.7923 10.0625 11.4452 9.9823 11.5564 7.4348 15.3590 8.5325 9.3000 9.3405 14.1789 15.8886 11.8897 17.8409 11.0501 16.6800 13.4537 15.7806 13.4217 18.5974 14.4171 9.8523 17.7933 15.7999 13.0084 14.9078 16.2878 19.4071 14.0368 18.0958 12.5197 13.3228 15.9860 18.9400 13.8087 12.0846 12.2418 10.2083 11.3748 21.5483 22.9798 20.7449 23.0349 18.4594 23.2446 14.3352 25.9437 27.7261 23.2635 20.9054 24.5756 25.4366 18.8149 21.4763 16.1388 21.1008 26.9794 17.6023 19.4542 22.8095 16.1354 22.9589 31.5698 20.9171 17.3429 19.7046 22.2666 22.5675 31.2521
7.4686 9.9932 7.7692 7.5178 9.7324 9.9960 10.2199 14.5258 19.8401 11.8760 9.2653 12.9899 9.3085 10.2537 11.4716 11.3457 11.2487 9.4798 8.8150 10.9852 8.5031 0.0000 9.8752 9.0701 10.1587 10.9798 10.5590 9.1479 9.4346 9.4536 26.5379 27.0876 25.1136 28.0780 24.7426 27.3988 14.3490 25.5957 18.5679 22.7249 23.2663 22.6315 29.0504 21.9111 26.8417 20.4283 29.6568 25.8527 25.3138 23.7256 24.6733 23.6851 23.2151 24.3583 22.3737 25.7708 19.9954 23.8580 22.4216 22.8050 11.7365 12.1473 17.9425 13.4677 13.6717 13.3462 13.1139 16.2961 14.5743 20.9361 15.6687 19.3427 33.5282 13.7992 16.6560 14.7952 15.3514 10.6086 9.9164 12.2481 13.7010 9.9073 8.2815 13.4655 7.7531 10.5806 9.5257 16.3223 7.8154 11.3149 7.2678 14.7757 16.9632 9.7784 17.9314 10.2256 16.0563 11.8125 16.9786 13.7115 18.6850 13.2879 10.0256 19.3271 17.0796 10.0703 14.5225 16.8401 20.5657 10.5552 19.3215 10.6260 12.2495 16.3501 20.6059 14.1633 11.2683 10.8725 6.6679 8.2778 22.3119 24.1305 21.5897 24.1145 18.4622 23.8635 14.2816 26.6093 29.1049 24.1502 22.0950 25.7647 27.1210 19.1791 22.4157 15.6718 22.0465 27.5182 18.0264 18.9951 23.5786 16.9963 23.8645 32.6652 21.8569 17.8122 20.2357 23.0348 23.9212 32.1772
8.7778 11.5001 8.4268 9.8562 12.2544 12.1521 11.5894 14.1307 19.0713 11.3868 11.5469 11.7954 12.1377 10.2456 13.0879 12.4032 11.8675 9.8047 7.8488 9.6471 10.6353 9.8752 0.0000 9.7567 11.9443 10.7209 11.2200 11.0028 8.8805 8.5973 24.9434 25.4961 23.5755 26.1998 22.5252 26.8586 12.7825 23.6455 16.6564 22.1165 21.8966 21.5439 27.3945 21.3042 25.4928 17.9542 28.5277 25.2433 23.5784 22.3785 22.8245 22.2549 22.1669 22.8836 21.1579 23.4688 19.6614 21.8362 20.3343 20.4769 11.2888 10.1676 15.8806 14.3039 11.6236 12.0649 12.7953 15.6770 12.4507 20.0089 13.6143 16.7668 31.6577 12.4934 14.3270 13.1568 13.5013 12.0095 7.2299 12.1402 11.1036 9.3319 10.1998 13.0661 8.3604 11.8416 9.2966 13.8052 10.0767 10.9951 8.5730 13.2131 15.3752 10.3933 16.6315 7.3600 13.7134 10.9010 15.1150 11.6668 19.6643 11.2116 7.9538 16.7053 15.7451 11.5313 11.1939 15.8062 18.0736 11.7030 16.6224 8.4274 9.5773 13.7873 18.6678 13.9226 14.1207 11.0910 10.1565 9.6044 20.2695 21.9986 19.7181 22.1227 17.1563 21.2505 12.9835 25.2232 26.6976 21.8894 19.9391 24.3710 25.0239 16.4828 21.2687 13.6503 19.7611 25.9822 15.5070 17.5212 21.2832 14.8163 22.1940 30.5332 19.6809 16.3471 18.1189 20.8445 21.7575 31.0594
10.3489 13.1029 10.0496 11.8728 13.6150 13.1632 8.7804 14.8103 19.2422 12.8391 13.0027 14.6352 13.4656 12.1474 14.3916 13.8934 12.6756 9.9671 11.4391 10.7230 11.8987 9.0701 9.7567 0.0000 13.2979 8.9498 10.5635 11.7329 12.7068 11.4191 24.7234 25.5623 23.1924 26.1311 23.3203 26.0778 14.0141 24.1230 17.0726 22.3783 21.3186 21.6124 27.4868 21.6900 25.1229 18.3584 28.2817 24.8729 23.5416 21.8440 22.8302 22.1309 22.0921 23.2722 21.2525 24.2260 18.8534 22.2713 21.5414 20.8454 12.3590 11.4209 16.0194 13.9719 12.2729 12.2826 13.7449 13.8903 13.8794 20.3315 15.1247 17.4419 32.0587 12.4572 14.5464 12.2053 13.3827 13.1593 10.9007 12.7464 13.2412 10.8978 10.6858 13.6305 9.4826 12.8978 10.9583 14.7073 9.8993 12.4374 10.1752 12.7528 15.8875 8.2485 15.7043 8.8499 12.6598 8.9963 15.1914 12.7236 16.7954 10.3530 9.6228 17.4295 16.4479 12.2190 11.6673 14.9644 19.1570 11.8416 17.3489 9.5896 12.6292 14.0368 18.3973 12.0752 15.6467 8.6648 11.0919 9.8564 20.5459 22.5225 19.5766 21.7820 16.3651 21.1834 12.4750 25.0144 27.2855 21.9001 19.8939 24.0250 25.1760 16.1962 20.8606 12.8584 19.6166 25.8411 15.5675 16.6923 20.6530 14.8230 21.9395 30.7724 19.7669 16.0642 18.3946 20.7699 21.9334 30.8694
10.9810 10.7822 12.4392 10.2109 6.1054 5.5647 14.3457 17.0238 23.1889 13.7918 11.2333 15.7208 4.8803 12.5249 5.6913 7.1196 7.4946 13.1557 11.5202 13.7821 11.8359 10.1587 11.9443 13.2979 0.0000 11.1792 12.2756 12.9112 10.0097 13.0100 29.3469 29.8705 28.2863 30.8897 27.7227 30.5489 17.5547 28.7219 21.6117 25.7152 26.5423 25.9995 31.7194 24.9297 29.9371 23.1983 32.5262 28.8556 28.0560 26.5163 27.5212 26.6285 26.5112 27.1195 25.5222 28.3777 23.7062 26.9253 25.0702 26.0076 14.8749 13.0980 20.9709 16.1349 16.7014 15.1152 9.5612 19.2505 17.8671 24.2665 17.3060 22.0627 35.9757 16.3026 19.8733 18.0189 18.8581 7.2794 10.2094 16.3263 16.3354 10.7153 11.1080 15.9988 8.6832 10.0856 12.9190 19.7320 11.8046 13.7293 8.1894 17.7193 20.1776 14.0020 21.2368 12.6305 18.7090 14.4446 20.0850 17.1831 23.0868 16.2319 12.0084 22.6806 20.7086 5.3424 16.2188 21.0276 23.9877 7.4308 22.4148 13.6630 13.2387 19.9628 23.6846 18.1069 11.3069 15.2139 8.6826 9.9800 25.1943 27.1664 24.4880 27.0992 21.8480 26.7869 18.1676 29.5829 31.6072 27.2840 24.9475 28.4583 29.8140 22.0343 25.2555 18.4009 25.0259 30.1822 21.2677 21.9263 26.5556 19.7473 26.9119 34.9390 24.7055 21.2291 23.2691 25.9587 27.2672 34.7819
10.3058 11.7147 11.9087 12.2485 12.2778 12.2738 12.1817 15.6305 20.7092 12.5140 12.9894 16.1359 12.1601 12.3676 13.2214 11.1192 9.9908 10.9162 11.8540 10.8350 12.2963 10.9798 10.7209 8.9498 11.1792 0.0000 9.4767 13.0197 13.0039 11.8718 26.0302 26.4982 24.6117 26.9693 24.3231 27.6679 14.5347 25.2336 18.5305 23.8591 23.2594 23.3089 28.5176 23.2597 26.4781 19.2773 29.6828 26.5843 24.4689 23.1278 23.9243 23.3895 23.6514 24.6207 22.8373 25.2860 20.3300 23.2387 22.6857 22.2263 13.5711 9.7883 16.8898 15.1201 12.3572 12.9364 11.0881 14.9530 14.7846 22.0044 13.8031 17.5699 32.6003 12.2121 15.8772 13.8756 14.9744 10.1862 10.3558 14.1525 13.9604 10.8793 11.6680 14.6412 8.7571 12.0257 11.2515 15.6264 11.6536 13.0161 9.8353 12.8280 17.1784 10.4497 17.9543 8.6147 14.2044 10.5734 16.1232 13.8407 19.4838 12.1044 10.0302 18.7267 18.0414 10.2195 11.1286 17.4175 20.6754 10.8971 17.8739 9.7820 12.1937 15.3548 18.9964 14.5562 16.1767 11.6997 11.0432 9.8053 21.6674 23.3772 21.0175 22.9912 17.9948 22.1882 13.9235 26.4755 27.8481 22.9645 20.2701 25.1052 25.6717 17.1433 22.0695 13.7157 20.5155 26.7341 17.2229 17.5733 21.6662 14.7032 23.1576 31.4124 20.6664 17.8876 19.1474 21.3930 22.9695 31.7556
8.1558 13.4059 10.5492 10.8999 14.2851 13.9973 11.1957 12.2527 19.5213 9.3951 8.6379 14.1366 13.3157 11.4449 13.5776 14.4051 14.1274 9.5822 11.9088 11.6221 8.9253 10.5590 11.2200 10.5635 12.2756 9.4767 0.0000 11.3894 12.8179 10.4642 26.3990 26.7086 24.7532 27.2536 24.6561 27.2574 15.2770 25.4408 19.3547 23.2153 23.4349 22.7330 28.8136 22.7873 26.5739 20.3829 29.4624 26.1629 24.7158 23.6284 24.1855 23.6855 23.5943 24.8327 22.8888 25.8287 20.2621 23.0942 22.3674 22.5929 13.5276 12.6325 17.4569 14.7102 12.8782 14.2977 15.7404 15.9494 14.7184 21.4097 16.5854 17.5043 32.6346 12.5802 16.5940 14.1174 15.4728 11.5725 12.3396 13.3029 13.7709 12.8668 10.7662 13.5678 10.9743 12.5348 10.5555 15.9822 10.3521 12.5881 10.0149 14.4804 16.8027 9.9795 17.9063 10.0403 15.8009 11.8667 16.4891 14.6658 18.3880 13.6277 11.5840 18.5816 17.5462 13.5552 13.7053 16.5624 20.4455 14.2245 18.4799 11.4470 14.4991 16.3418 19.1619 14.3026 14.5880 11.3983 11.7153 12.1832 22.1052 23.6711 20.9796 23.1417 18.2795 23.0823 14.6168 26.1939 28.1666 23.3399 20.7187 24.8266 25.6804 18.5271 21.8803 15.8115 21.2085 27.1148 18.2311 18.8066 22.4533 15.7446 23.0308 31.6912 21.2676 17.6915 19.6915 21.9515 22.9905 31.6684
8.9215 10.3844 9.6091 8.6950 13.8075 13.5333 12.3638 11.2448 18.9209 11.0452 9.4861 11.6354 12.8394 9.1106 12.7228 14.8749 14.8623 9.0351 9.7358 12.9200 8.1069 9.1479 11.0028 11.7329 12.9112 13.0197 11.3894 0.0000 10.2390 10.1694 25.8467 26.2731 24.4575 27.2899 23.7224 27.1279 15.1512 24.7047 17.6721 21.1172 22.6293 21.4715 28.2476 21.2011 26.3335 19.7024 29.2800 25.3382 24.5390 23.3428 23.6822 23.1873 22.4651 23.7340 20.9126 24.7649 20.1526 23.0714 19.7173 21.7694 10.5977 11.5377 16.8466 12.4853 13.0409 12.8901 16.3044 16.4905 13.5568 20.5412 16.1183 18.3758 32.9954 13.6577 15.1351 14.4964 14.5132 11.9201 10.7141 9.5685 13.4785 10.6473 8.8820 12.8031 10.1536 10.9099 8.2338 16.2441 9.3310 9.4131 8.7225 14.4262 14.6876 11.9102 17.6481 10.7111 16.5612 13.8660 15.8329 13.1503 18.7966 14.2470 8.6603 18.3877 15.7047 13.4323 15.3445 16.1965 19.1410 14.2765 18.2247 12.5343 13.3351 16.0563 20.3330 13.6636 12.2691 13.5518 9.7573 11.2515 21.3481 23.3915 20.5136 23.1570 18.4640 23.0747 14.3011 25.9130 28.0809 23.6822 21.7882 24.8365 26.1197 18.3789 21.3170 16.3213 21.2969 27.0475 16.9930 19.1864 22.7188 16.7750 22.9709 31.7930 20.6540 17.8091 20.2610 22.4561 23.2954 31.5559
8.9300 9.1426 8.5032 7.5519 9.6247 9.1195 12.9418 14.8990 21.2319 13.0777 8.8153 11.7577 10.1344 10.2376 10.2185 11.4195 12.0879 11.7378 8.8734 12.7893 10.5165 9.4346 8.8805 12.7068 10.0097 13.0039 12.8179 10.2390 0.0000 9.1123 28.4748 28.8960 27.3881 29.8787 26.6174 29.7856 16.9771 27.6587 20.3574 24.7683 25.6033 24.9699 30.6313 24.0448 29.0976 22.2795 31.6671 27.9541 27.1630 25.7816 26.5741 25.8712 25.4721 26.1809 24.3134 27.1749 23.4263 25.9206 23.3811 24.8299 12.3128 12.4354 19.1547 14.6793 15.4064 14.1252 13.1859 18.9024 15.7803 22.3285 16.5958 20.6918 34.7163 15.6040 18.1612 16.7026 17.0480 9.7423 8.0151 13.9502 14.2192 9.5586 8.8750 14.6245 8.9490 10.0747 10.6589 17.6715 9.9113 11.8525 7.2272 16.4018 18.6741 13.3834 19.9510 11.5086 17.7063 14.2092 18.2976 15.2979 22.5768 15.1708 10.5899 20.8784 18.5692 10.9859 14.9887 19.6503 22.2569 12.2970 20.9292 12.6450 10.4470 18.5562 22.8505 16.9978 10.5410 14.0430 7.6187 9.9680 23.9877 25.8619 23.2856 26.0981 20.9587 25.5923 17.2244 28.3983 30.2896 26.0044 24.1100 27.3656 28.7024 21.0975 24.1699 17.5528 23.7735 29.2553 19.6394 21.6286 25.4548 19.1586 26.0128 33.9169 23.2930 19.9868 22.0485 25.0997 25.8488 33.7456
6.9940 11.1809 7.3810 9.3433 13.0673 13.1552 11.9788 12.3997 18.3172 11.3332 9.2667 11.4884 12.9357 9.0041 14.3374 13.4030 13.9037 9.1321 8.2040 10.5474 8.4068 9.4536 8.5973 11.4191 13.0100 11.8718 10.4642 10.1694 9.1123 0.0000 26.6280 26.6886 25.1094 26.9958 24.1579 28.0341 15.4807 25.0302 18.8731 23.3606 23.6938 22.8589 28.5853 22.8539 26.9347 20.2288 29.6461 26.5082 24.8650 24.0375 24.3174 23.5754 23.6513 24.7022 22.6884 25.0676 21.2014 23.1403 21.8741 22.2153 10.9835 11.2998 16.0326 13.8600 12.1951 13.9584 14.8130 16.6824 12.5861 19.9341 14.6873 16.6829 31.7643 12.4937 15.1612 13.7880 14.5103 12.5499 9.4584 11.3709 11.9748 11.5202 10.1588 13.4801 10.3094 12.6389 8.3439 14.2199 8.8059 10.6719 9.9192 13.5539 16.6944 11.5290 18.5496 9.2926 15.9606 13.3183 15.5143 12.5250 20.2366 13.7917 10.1305 17.4285 16.0422 13.1553 12.9899 17.2519 19.4727 14.5949 17.4957 11.3519 10.9271 15.4330 18.9137 14.9068 13.9696 11.6424 10.7083 11.8161 21.8067 22.7711 20.9929 23.2270 18.8597 22.8813 14.6375 26.2625 27.3825 22.8916 20.8944 24.8418 25.4932 18.3378 21.9082 15.5457 20.8537 27.0490 17.1217 19.5877 22.4407 15.9627 23.4139 31.4210 20.6753 17.3820 19.1520 22.0219 22.2354 31.4174
26.5561 27.2092 25.7223 28.0790 29.0192 29.4696 24.0674 24.5720 18.7311 23.4636 28.7085 24.0277 29.3501 24.9413 30.2491 28.8301 27.8489 23.7156 26.3275 23.5445 26.3414 26.5379 24.9434 24.7234 29.3469 26.0302 26.3990 25.8467 28.4748 26.6280 0.0000 10.2834 11.4279 13.9259 12.2945 13.2385 20.0429 12.2878 15.4082 13.6859 12.7196 12.8622 10.6640 14.7009 6.9508 14.5372 10.4796 10.4055 11.3266 9.7556 11.4570 13.4859 9.3671 9.1571 11.4274 9.6209 14.1304 13.3822 16.2254 13.2686 22.0172 23.3961 18.3344 21.9172 20.4477 20.7282 28.1570 18.3685 19.5466 16.5867 22.0693 19.2199 16.6932 20.4782 18.8810 19.8254 18.7183 29.8413 26.1706 21.6171 20.9159 26.3461 25.9763 21.4084 26.6586 28.4299 23.9991 19.8972 25.7297 23.0903 27.0604 19.1684 18.4543 22.8078 16.3454 23.6426 18.5020 22.5216 18.5509 19.9310 20.6276 22.0581 23.6219 17.8442 18.5615 28.2816 22.7045 17.3796 16.8851 27.3372 17.8294 22.9846 25.0394 18.2963 17.2722 19.2197 31.3041 23.0685 27.8650 26.4929 13.0757 13.7215 13.4603 13.3892 14.3556 14.2328 18.3367 9.0290 11.7630 14.7159 14.6915 11.1543 16.6688 15.5148 13.6775 19.0316 14.6280 10.6728 16.0099 15.1306 14.6785 18.5831 11.4936 12.6133 14.5003 15.6714 14.7730 15.0192 14.7537 15.0892
26.7916 27.5308 25.8906 28.3608 29.5068 30.0883 24.9958 25.0745 19.1495 23.9448 28.9824 24.5589 29.8021 25.2340 30.9713 28.9657 28.2596 24.2451 26.6499 23.6872 26.6054 27.0876 25.4961 25.5623 29.8705 26.4982 26.7086 26.2731 28.8960 26.6886 10.2834 0.0000 15.3909 16.4420 15.3229 11.0737 21.5061 15.2314 17.9522 12.9475 17.0596 15.7816 8.1840 13.6014 10.0201 16.9626 10.1960 10.6679 10.1854 9.6303 14.8876 12.9482 13.2140 9.7528 12.3411 9.9188 17.3508 15.8149 18.0526 16.1617 22.6206 23.8379 18.7440 21.8215 20.4655 21.9646 28.4148 19.5829 20.0312 15.5197 22.0586 19.4335 13.3350 20.8842 19.5831 20.6430 19.7055 30.1417 26.7121 22.1100 21.3957 26.6136 26.3489 22.1664 27.3203 28.5791 24.2883 20.2967 26.1750 23.5887 27.7200 19.6982 19.3588 23.3292 19.1895 24.0603 20.1603 24.0306 18.7026 20.5444 22.4982 23.6710 24.4525 18.4263 18.6052 28.8787 23.2695 19.5875 17.9593 28.3390 18.3585 24.0974 25.6285 19.2512 18.2926 21.1318 32.0395 23.7370 28.3451 27.4022 15.6746 15.6179 16.0545 16.4417 16.8989 16.4089 19.4352 11.9505 10.9028 16.4014 15.9822 10.1410 17.8241 17.2737 11.3740 20.0811 16.4264 7.5257 17.7807 18.0306 16.9824 19.1370 10.3491 11.3899 12.6249 17.5840 16.3192 16.3632 16.2129 11.5439
24.9933 26.0045 24.1756 26.8116 27.9213 28.5233 22.4295 22.8988 16.0950 21.4489 27.3920 22.2995 28.2352 23.3610 29.2899 27.6327 26.6497 21.7907 24.9228 21.4271 24.7206 25.1136 23.5755 23.1924 28.2863 24.6117 24.7532 24.4575 27.3881 25.1094 11.4279 15.3909 0.0000 9.0326 7.7457 16.6928 18.6689 7.2181 12.2458 17.0320 6.9757 9.1950 15.9387 17.5528 10.8993 11.8287 15.1726 15.6000 14.9542 13.1468 5.5324 15.9061 10.9222 13.5863 12.8857 13.0430 10.7556 7.2872 12.4731 8.7414 20.0487 21.7551 15.0699 22.0259 18.7922 19.0258 27.0212 15.0037 17.7030 18.1903 20.0068 15.8165 21.3073 17.9705 17.0231 17.2781 16.1981 28.7538 25.0359 19.4783 18.5623 25.8647 24.4712 18.6798 25.5356 28.1581 22.4763 17.1205 24.0696 21.4299 25.8984 16.1408 15.4017 20.8848 13.0075 22.1032 15.8085 21.0115 14.8469 17.4643 17.9025 20.7110 22.2815 14.4233 14.6875 27.1499 20.6622 14.6490 13.0724 26.3639 14.6847 21.7525 23.5875 15.1502 13.0993 17.0408 30.3487 20.9457 26.7642 25.3905 9.3380 10.0297 10.2694 8.1423 10.6738 8.6811 15.4305 11.6414 15.3390 9.0733 10.2564 16.4550 11.3176 11.8910 16.1343 16.0759 9.3997 15.4490 12.6260 12.0605 9.7902 15.1655 12.9756 18.5394 16.9985 11.5943 11.5756 9.6341 10.8859 21.0072
