0.0000 7.1797 6.7192 2.8188 8.2780 8.6035 7.0238 7.5577 17.3315 8.8452 2.4887 5.1479 8.2045 9.9156 11.1991 11.7108 8.5767 9.2967 7.8691 9.5899 6.3949 7.0047 7.0128 9.5749 7.2320 10.8286 7.0654 8.3720 3.9919 6.7166 40.0260 38.5431 42.7138 44.6757 37.2858 40.2476 30.5760 39.3492 32.8432 32.1803 40.8299 36.5790 43.6801 32.7677 40.7399 34.2389 42.9071 39.8375 36.1054 38.5401 42.6874 35.8893 36.5307 38.9305 34.0947 38.9230 37.1060 38.3241 33.9155 38.5232 21.6057 14.5492 22.0511 24.0348 21.1099 17.3779 15.4323 19.8300 20.1161 27.3592 15.7159 24.2997 40.0892 18.1025 21.2795 16.5158 19.8935 10.1684 11.7004 17.7068 13.6606 14.3530 10.7047 17.9640 12.8046 10.5713 12.4442 17.7240 13.8636 12.6729 6.4898 19.2275 19.6523 11.6596 21.2251 12.6039 24.0032 15.7110 21.1775 15.4895 32.8402 18.9397 15.0063 20.8581 19.8209 10.0465 13.3234 26.5304 24.8899 16.3211 21.4429 15.7242 11.5832 20.9753 23.0634 22.3151 5.2554 10.4621 8.8184 11.8626 36.2266 35.2831 28.0128 37.9446 31.4470 36.6760 27.2512 38.2948 37.0661 33.0551 30.4620 29.4807 41.1188 28.1692 32.3152 28.0863 34.3349 39.4515 28.7234 34.6830 33.8853 20.8572 33.0865 45.0785 33.9789 25.9684 29.3589 30.1534 32.1416 44.1280
7.1797 0.0000 10.1830 6.4454 10.9263 10.2238 7.9928 11.1288 18.6754 7.1739 8.2510 8.3505 11.3878 6.5003 13.8863 11.7718 7.8416 9.1654 12.0810 9.0094 8.7383 9.6249 3.2034 7.2486 9.5249 7.9536 7.7042 11.8458 7.4003 5.0458 37.8591 37.1981 40.3923 41.5977 34.5117 39.5325 26.9871 36.5853 29.4743 30.5259 38.7646 33.8768 42.4223 32.0212 39.0135 30.6288 41.9084 39.8216 33.6018 36.5716 40.2852 34.4445 34.5896 37.6728 31.8211 36.5038 34.3805 35.3584 31.3230 34.9511 23.4258 13.9959 17.8325 23.9968 18.8607 18.0811 11.4609 16.9739 18.7392 25.3421 13.1441 20.1646 39.3324 14.8710 21.6139 14.0491 22.0456 9.8801 10.0580 17.4570 12.5367 11.2274 11.0968 20.2419 12.8840 9.7674 12.4918 15.9587 15.7822 13.5372 4.5769 15.9953 16.6175 7.6398 18.5119 8.2190 20.9684 11.5292 18.1011 11.9230 29.8963 14.9772 10.7264 17.5477 17.1628 9.0743 11.6538 23.5834 21.9031 11.3181 18.1724 11.3969 7.3175 17.1441 21.0898 18.6578 9.6669 7.3696 10.1398 7.4456 33.7059 32.1212 24.5979 35.1402 28.6225 33.5824 23.5938 36.3192 35.4167 30.2907 27.8207 27.9309 38.0441 24.6028 30.9177 23.1664 31.8170 37.6185 25.0443 32.1806 30.6354 16.8258 30.6855 44.8848 31.1505 22.6235 26.3254 27.0394 28.7773 43.6003
6.7192 10.1830 0.0000 6.8253 7.8622 8.7027 11.1653 6.3392 12.4155 7.4495 7.6731 3.9598 9.5214 6.5554 17.8260 10.1840 11.4523 6.8453 4.7158 10.7987 5.4700 5.2984 10.4593 6.8650 12.0230 11.3663 10.7282 5.0706 5.2393 7.2841 35.4497 33.6523 38.2370 40.1832 32.8367 35.1185 30.9091 34.9798 29.0180 27.7656 36.4397 32.2095 38.4098 28.1895 36.3079 29.9945 38.3405 34.9139 31.7359 34.0919 38.3179 31.4138 32.0651 34.3759 29.7252 34.1276 32.7365 33.9547 30.4092 34.2162 16.0906 9.8607 16.9818 18.6669 15.9650 12.1096 13.9104 14.7613 14.6087 22.1649 10.5443 19.2304 34.6559 12.9708 15.9697 11.4224 14.5125 14.7056 9.1098 12.1208 9.0000 11.4819 5.6722 12.7415 11.1454 11.3948 8.0887 12.6122 9.0904 8.7445 11.5421 14.1447 14.6607 9.4968 16.6104 10.9007 18.8973 15.0337 16.0678 11.8171 28.1203 13.7980 9.8075 15.8134 14.4844 14.7852 9.0902 20.9824 19.3892 16.9706 16.7766 11.7628 11.6936 16.4902 17.4529 17.1347 10.3294 11.5068 4.8950 14.1196 31.0813 30.0889 23.7059 32.7993 26.8774 31.4936 22.2845 33.0870 31.8094 27.8915 25.3539 24.5771 35.9434 23.0864 27.1562 23.4143 29.1407 34.1566 23.8149 29.5377 28.8702 18.3462 28.5502 39.6813 28.7846 21.5204 24.2060 25.0706 27.0099 38.7462
2.8188 6.4454 6.8253 0.0000 7.1339 6.7642 6.0799 9.2887 16.7735 8.7898 3.7628 5.7141 8.2340 9.0115 11.1874 9.7593 7.0316 8.3897 7.9620 8.2967 6.7751 6.1786 6.3148 8.2087 7.1597 8.9323 7.0844 8.4084 3.6819 6.4174 39.6331 37.9992 42.2568 44.2329 36.8566 39.8505 30.4200 38.9996 32.2914 31.8596 40.4596 36.2293 43.1311 32.6171 40.4913 33.7664 42.6874 39.6181 35.7558 38.2753 42.3377 35.5328 36.2485 38.5719 33.7450 38.3110 36.7563 37.9745 33.6283 38.0725 21.1959 13.8369 21.1061 23.6257 20.2950 16.7334 13.1402 18.9013 19.3148 26.6397 14.9296 23.3547 39.9220 17.2586 20.5355 15.5466 19.9331 9.9337 10.3549 16.8169 12.5257 12.8489 9.4893 18.1124 10.8087 8.3145 11.7319 16.6544 13.4723 12.1489 6.0565 18.3829 18.7906 10.0024 20.5844 11.8254 22.9609 14.9257 20.3336 14.8997 32.1996 17.6918 13.7619 20.0058 18.6962 9.8791 12.1135 25.4881 23.8477 14.2314 20.6345 14.7725 10.1305 20.1829 22.1222 21.2017 6.5476 9.9571 6.5830 11.2836 35.4754 34.5403 27.5621 37.1934 30.8972 35.9332 26.1530 37.6447 36.5116 32.3122 29.7108 28.9414 40.3760 27.3169 31.7662 27.0319 33.5921 38.9108 27.8711 33.9318 33.0414 20.3054 32.5700 44.7399 33.2360 25.3767 28.6161 29.3011 31.2977 43.6883
8.2780 10.9263 7.8622 7.1339 0.0000 1.4517 11.3289 12.8914 18.2990 12.9201 8.5704 9.3108 4.6468 10.9255 10.4492 3.9493 4.5563 11.9036 10.4525 11.4600 10.7204 7.3424 11.0984 10.5755 4.9628 10.4572 12.3565 10.6535 5.7461 11.6180 41.5986 39.8801 44.3979 46.2603 38.9067 41.7951 34.4129 41.0498 34.8888 33.8756 42.5140 38.2795 44.7166 34.4794 42.4568 35.9066 44.6240 41.5092 37.8059 40.2408 44.3879 37.5879 38.2140 40.6311 35.7952 40.2765 38.8065 40.0246 36.3239 40.2073 22.4846 15.4282 23.0075 24.9630 22.0775 18.3290 7.5589 20.7864 20.9950 28.3484 16.6522 25.2560 41.1225 19.0753 22.2306 17.4558 20.8453 9.7534 12.9526 18.6415 14.9203 14.7890 11.6413 18.9124 11.7549 10.4143 13.3231 18.6475 14.7707 14.3431 11.1155 20.2147 21.0990 12.2648 22.9872 14.5633 25.0982 18.4977 22.1504 17.2206 34.5222 19.8612 15.9835 21.8452 20.6244 7.4465 14.6285 27.5011 25.8607 9.9369 22.7677 17.0766 11.4084 22.4023 24.0506 23.2695 8.8995 13.8704 8.2961 15.9724 37.2302 36.2723 29.6970 38.9482 32.9474 37.6653 28.3251 39.3148 38.0743 34.0443 31.4656 30.8049 42.1080 29.1564 33.3840 29.2476 35.3242 40.4735 29.8059 35.6866 34.8959 22.5249 34.6202 46.1459 34.9681 27.5115 30.3549 31.1406 33.1144 45.1664
8.6035 10.2238 8.7027 6.7642 1.4517 0.0000 10.7016 12.7189 18.2257 12.4034 9.0619 9.3351 4.9874 10.5054 9.7296 3.7519 3.7465 10.9627 10.8338 10.5712 9.9653 7.6967 10.3252 10.3955 4.1101 9.6164 11.3798 11.0324 6.1669 10.7953 41.6162 39.9424 44.2798 46.2259 38.8795 41.9882 33.7404 41.0225 34.8812 33.9620 42.5487 38.2523 44.6394 34.6429 42.4744 35.8292 44.6306 41.7024 37.7787 40.2583 44.3607 37.5159 38.2315 40.5424 35.7680 40.2941 38.7793 39.9974 36.3611 40.1353 22.1544 15.1760 22.7365 24.8452 21.8664 18.0493 7.1089 20.5154 20.5923 28.1712 16.3125 24.9851 41.0904 18.8491 21.9095 17.1770 20.8968 8.9377 12.0049 18.1904 14.1344 14.3311 11.1498 19.0761 11.4580 9.2356 13.0785 18.2518 14.4143 13.5749 10.2951 19.9968 20.8317 12.0173 22.8976 14.1495 24.8310 17.9759 21.9242 17.1456 34.3009 19.8038 15.6267 21.7325 20.8177 6.6679 14.3351 27.0881 25.5618 9.1301 22.6957 16.9150 10.8645 22.2855 23.6970 22.8632 8.7443 13.7050 8.4570 15.1759 37.0571 36.0909 29.6249 38.7867 32.9201 37.4995 28.0799 39.1865 37.9825 33.8674 31.3967 30.8672 41.9685 28.9385 33.4463 29.0860 35.1428 40.3817 29.7339 35.5135 34.8155 22.4081 34.5930 46.1519 34.7867 27.4395 30.1931 30.9227 32.8882 45.1194
7.0238 7.9928 11.1653 6.0799 11.3289 10.7016 0.0000 10.3509 18.6521 11.4580 6.5167 9.1174 12.3704 9.6086 9.0728 10.6496 8.1710 8.4001 12.0174 6.4298 8.5704 7.2969 6.3182 8.5685 8.4343 7.3590 3.2382 10.7456 8.7859 6.9403 38.8829 37.7669 41.1111 42.8764 35.5609 40.0632 26.0379 37.0562 30.1444 30.8538 39.8125 34.5944 42.6026 32.0927 39.9001 31.8095 42.0779 39.7230 34.0728 37.1037 41.5197 34.7075 35.1806 37.5978 32.0594 37.3290 34.7703 36.2360 31.2436 36.2669 22.2225 12.8659 20.0364 24.0889 19.5563 17.3337 12.7561 17.6912 18.9321 25.6512 15.7237 22.1284 39.5209 16.4543 21.1222 14.7619 20.7149 7.5335 10.1065 16.2790 12.9713 13.4600 12.0951 18.9076 11.4326 8.4515 13.8647 15.8909 14.4336 12.0349 6.6479 17.8074 18.1325 8.4425 19.9911 10.2612 22.4673 13.6381 19.7900 13.8077 30.6986 18.5226 12.9747 19.9895 20.8740 7.7001 11.1390 25.4512 23.7444 12.9848 19.7519 13.5256 9.5522 18.8791 21.6042 20.5172 9.1473 9.8903 10.2181 10.2883 35.1013 33.4838 25.8744 36.1088 29.8229 34.8768 25.4226 37.1932 35.7365 31.6165 28.7738 28.2838 39.3195 26.0916 31.1091 25.5312 32.8653 38.1357 26.6624 33.4261 31.9662 18.4061 31.3106 44.4279 32.2003 23.9820 27.9746 28.3462 30.1137 43.2010
7.5577 11.1288 6.3392 9.2887 12.8914 12.7189 10.3509 0.0000 12.0646 6.9724 9.0249 4.2438 11.4841 9.4112 16.6251 13.1351 13.2081 4.9183 7.9879 10.8750 3.9046 8.0814 10.8560 9.7088 10.8929 11.8992 9.1078 5.9995 8.6144 8.8324 33.6175 31.7526 36.4856 38.1509 30.8045 34.1716 30.1431 32.9475 27.9394 26.1300 34.7762 30.2623 36.6069 26.6056 34.4886 29.3361 36.6134 33.7670 29.7037 32.0659 36.4442 29.4851 30.0391 32.4700 27.6930 32.1016 30.7043 31.9224 27.8411 32.1778 14.6387 11.1106 15.1672 17.5043 15.5429 10.9934 16.6623 12.9462 13.5220 20.3628 11.4347 17.4158 32.8926 12.1223 14.9748 11.1814 12.9059 12.4537 8.5991 10.7891 9.3701 14.1424 9.7693 10.9505 13.2935 11.7350 9.0047 12.2802 8.3467 6.1013 11.9728 13.5715 13.1857 10.4349 15.9827 11.8361 18.4826 15.1589 14.4440 12.8137 26.4923 15.5869 11.8906 15.1025 15.5879 13.3913 11.1235 20.0944 18.2103 17.8119 14.9377 12.4077 12.6323 16.8171 16.1002 15.4645 10.4505 13.7941 11.1032 14.1325 29.4543 28.2867 21.6674 30.9840 24.8452 29.6796 20.8724 31.3322 30.0135 26.1370 23.5014 22.5573 34.1281 21.2649 25.2421 22.7498 27.3386 32.3538 21.8190 27.7577 26.9452 19.3393 26.5180 37.8909 26.9825 19.6643 22.6246 23.2491 25.2015 36.9627
17.3315 18.6754 12.4155 16.7735 18.2990 18.2257 18.6521 12.0646 0.0000 13.4170 18.7386 12.6230 21.1579 12.5913 25.6427 17.1253 20.1289 10.7241 13.4158 18.4311 12.4859 13.7263 18.3127 13.0206 20.2779 18.3275 18.4999 9.8012 16.8535 15.7877 24.9612 24.2285 29.1031 28.7976 24.4265 25.8275 36.2525 25.8414 30.5831 23.0141 27.0787 23.6214 27.4202 23.8506 25.3509 28.3577 27.7007 24.9462 26.6208 25.3388 26.9452 24.9685 23.5887 24.1981 24.8390 26.4188 26.6365 24.8300 27.7076 29.3539 8.5053 13.4098 10.0271 7.7311 14.5466 9.9052 19.0016 10.9616 9.3700 13.3995 12.4270 12.0665 23.4612 13.2646 8.0124 12.3098 8.7885 22.2280 12.7866 9.1495 10.5759 16.6369 11.8490 9.2392 15.9169 18.1286 7.3215 11.1152 8.1633 9.9306 20.3671 13.3312 14.9152 15.2565 17.6325 17.0546 16.9573 20.8070 12.9605 17.1682 21.3172 16.4892 15.6141 11.5836 10.0536 22.2282 15.7375 12.8603 15.5654 23.2736 13.5979 16.4161 18.5998 19.3346 10.5159 11.2846 20.7140 18.2064 12.7185 20.8460 19.4238 18.1921 18.1304 21.3527 21.0376 21.7123 21.6220 21.5338 20.4946 18.1662 17.6733 16.1398 24.5126 19.0921 18.4835 23.5379 18.7455 22.9243 19.5494 19.7666 21.5139 23.1017 21.6832 28.7945 21.7860 18.1497 15.2354 16.5655 17.7770 27.7581
8.8452 7.1739 7.4495 8.7898 12.9201 12.4034 11.4580 6.9724 13.4170 0.0000 9.9807 6.2714 13.4304 6.2865 17.6237 14.3164 11.3512 4.3913 9.2523 11.0010 4.9509 10.6185 7.9713 6.8058 12.8420 10.2186 8.6904 7.9104 9.9361 5.8772 34.6542 33.3964 36.9017 38.8479 31.5015 35.2483 28.4399 33.6445 27.2703 26.8442 35.1654 30.9021 38.5031 28.0844 35.5124 28.0352 38.0944 35.3921 30.7175 33.2963 36.9826 30.6645 31.2695 33.8464 28.5970 33.3321 31.4179 32.6194 28.5631 32.3413 18.4237 11.8947 14.9251 19.0971 14.5559 12.9359 14.1204 12.7821 13.8767 21.2564 9.6684 17.1964 35.6953 11.4291 16.3786 9.4146 17.1983 13.0792 8.8037 12.5177 7.6131 12.4037 8.1007 15.4142 15.3638 12.1004 8.0867 11.1476 10.7871 9.7042 7.6970 12.6188 13.0173 8.0306 14.9084 9.7549 17.1683 12.6564 14.5419 11.0230 26.4434 11.3545 9.6993 14.2494 12.6752 12.6309 10.0324 19.7154 18.0492 15.4233 14.9017 10.3137 10.9453 14.9477 16.7228 15.0692 12.9485 9.5951 9.0184 11.6999 30.0951 29.0869 21.8590 31.8131 25.5421 30.5075 20.0204 32.6405 31.8105 26.9054 24.3305 24.3212 34.9573 21.5605 27.1382 20.5232 28.1448 34.2499 22.1147 28.5515 27.5692 17.7788 27.5103 40.8540 27.7826 19.6455 23.2198 23.6658 25.7168 39.7003
2.4887 8.2510 7.6731 3.7628 8.5704 9.0619 6.5167 9.0249 18.7386 9.9807 0.0000 6.6036 8.3404 11.2294 10.3077 12.2782 9.1928 10.4878 9.0164 10.0434 7.5815 7.7985 7.8504 10.5712 7.6497 11.3155 6.4158 10.1319 4.6185 7.6051 41.4703 39.9998 44.0261 46.0862 38.7178 41.4389 31.1092 40.7689 34.2382 33.6286 42.2289 37.9987 45.1368 34.2085 42.1719 35.6340 44.2793 41.0898 37.5251 39.9844 44.1070 37.2134 37.9750 40.2520 35.5143 40.3674 38.5257 39.7438 35.3228 39.9305 22.7886 15.8826 23.4173 25.4052 22.5170 18.7000 16.0358 21.2120 21.2990 28.7730 17.0120 25.6659 41.5456 19.4810 22.5602 17.8578 21.1526 9.6014 13.0693 18.9388 14.8756 15.5852 11.9655 19.3291 13.3876 11.0655 13.7776 19.0002 15.0416 14.0812 6.4662 20.6472 20.9092 12.1539 22.4696 13.9989 25.2601 16.9613 22.5703 16.8465 34.0848 20.0908 16.2385 22.2777 20.8373 10.3419 14.5557 27.7873 26.1468 16.9658 22.8626 17.1192 12.7908 22.3826 24.3326 23.5624 5.6047 11.8239 8.9099 12.7105 37.6586 36.6740 29.4202 39.3766 32.8790 38.0710 28.5137 39.7391 38.4693 34.4689 31.8940 30.9284 42.5208 29.5889 33.7719 29.4813 35.7258 40.8836 30.1430 36.1150 35.2638 22.2522 34.5185 46.5579 35.3697 27.3881 30.7833 31.5731 33.5201 45.5558
5.1479 8.3505 3.9598 5.7141 9.3108 9.3351 9.1174 4.2438 12.6230 6.2714 6.6036 0.0000 10.1071 8.1013 16.0168 12.1280 10.3667 5.1357 5.4057 10.9261 3.9042 7.0266 9.0168 8.2035 10.4059 11.9243 9.7692 4.5992 5.1489 5.6770 35.5246 33.8050 38.5812 40.2112 32.8648 36.2283 30.2701 35.0078 29.1515 27.8913 36.7515 32.2375 38.8962 28.6596 36.5427 29.9288 38.7432 35.8643 31.7640 34.1668 38.4740 31.7568 32.1400 34.7823 29.7532 34.2025 32.7645 33.9827 29.9727 34.1974 16.8248 11.1719 17.1865 19.1349 16.2816 12.8404 15.9430 14.9654 15.3352 22.4633 11.5152 19.4351 35.1125 13.3839 16.5741 12.2207 15.1126 13.3294 8.5348 13.0171 9.0115 14.2089 7.7067 13.1171 13.1859 11.5884 7.5023 13.0839 9.1479 7.7594 9.9026 14.3834 15.6116 10.9808 17.2278 11.6908 19.3680 15.0879 16.5007 12.9724 28.7233 15.0503 11.9974 16.0140 15.5159 12.9744 11.3304 21.8952 20.2547 17.4011 16.7578 12.9256 12.6410 17.5991 18.4126 17.6956 9.0298 11.0049 7.9202 12.6460 31.4641 30.3873 23.6870 33.0849 26.9054 31.7802 22.6316 33.4327 32.1547 28.1771 25.6023 24.6988 36.2290 23.3251 27.4243 23.3018 29.6009 34.5360 23.8793 29.9420 29.0050 19.8499 28.5782 40.1544 29.0830 21.5016 24.4916 25.3093 27.2614 39.1852
8.2045 11.3878 9.5214 8.2340 4.6468 4.9874 12.3704 11.4841 21.1579 13.4304 8.3404 10.1071 0.0000 14.1711 10.8330 7.5380 6.2312 13.4439 9.7008 12.7974 10.7202 10.0492 11.6780 13.7547 5.0640 12.6400 11.7655 13.6429 6.3261 12.7291 43.8819 41.9237 46.8299 48.7761 41.4296 43.3525 36.2529 43.5727 37.5708 36.3585 45.0326 40.8024 46.9668 36.4348 44.7401 38.9088 46.7464 43.0246 40.3288 42.5240 46.9108 40.0067 40.4972 42.8081 38.3181 42.5598 41.3294 42.5475 38.6711 42.9698 24.8461 18.4598 26.1233 27.4714 24.9457 21.0772 11.6335 23.9612 23.7140 30.9849 19.6858 28.3719 42.9575 21.9515 24.9143 20.5959 23.6534 9.6163 15.4913 21.2584 17.3550 17.5531 14.6037 21.7463 15.2377 11.4851 16.6467 21.9631 17.8867 16.5559 11.4104 23.1839 23.4144 15.0284 25.2316 17.3713 27.8865 20.4738 25.1070 20.1525 36.7843 23.0151 19.0499 24.8144 23.6095 8.1935 17.3468 29.9842 28.3437 12.9667 25.5321 20.3184 14.0784 25.5251 26.2939 26.3347 6.2367 16.4507 11.3385 16.8452 39.9597 38.9109 32.4595 41.6777 35.4703 40.3721 31.2859 41.8047 40.4872 36.7700 34.1951 32.8485 44.8219 32.1255 35.6019 32.4895 38.0094 42.7136 32.6797 38.4161 37.7395 25.5271 37.1431 47.9168 37.6421 30.2741 33.0844 34.1097 36.0000 47.0840
9.9156 6.5003 6.5554 9.0115 10.9255 10.5054 9.6086 9.4112 12.5913 6.2865 11.2294 8.1013 14.1711 0.0000 17.1522 9.3367 11.4751 6.0322 8.7759 8.1676 6.9331 6.3277 6.4715 4.7599 12.5245 6.5581 8.6591 7.7809 9.4540 5.1367 33.4543 32.1949 35.6796 37.3148 29.9684 34.5906 25.6548 32.1114 25.8718 26.0288 33.9895 29.7147 36.7040 27.3236 34.3254 26.4303 37.0182 34.8062 29.2563 31.8351 35.6757 29.3412 29.8083 32.4782 27.1092 31.8709 29.9475 31.0863 27.7317 30.7363 17.0047 7.9869 12.7246 17.8808 12.7455 11.8889 8.8333 10.9869 12.2754 19.4374 6.7623 14.9732 33.6072 9.3251 15.4217 7.7630 15.5787 12.4497 6.0971 10.9780 6.4892 7.3758 6.5380 13.9365 9.8483 9.8470 8.3919 9.6147 9.3266 8.6276 9.1383 10.9031 11.9391 5.2138 14.4481 5.4477 15.6036 10.5697 12.6284 8.0537 25.3984 9.9525 5.5919 12.4566 12.1974 12.7845 7.0047 18.1785 16.6292 11.7401 13.3230 6.8183 6.5983 12.3987 14.9575 13.1019 13.1574 7.6796 6.9952 9.5801 28.4075 27.1027 20.3259 29.8756 24.0312 28.5740 18.2979 30.8907 29.9866 25.0901 22.4856 22.9319 33.0500 19.5451 25.5110 18.7113 26.2013 32.4501 20.3349 26.7108 25.7664 13.8046 26.0491 39.1979 25.8339 18.0405 21.5073 21.7720 23.7400 37.9490
11.1991 13.8863 17.8260 11.1874 10.4492 9.7296 9.0728 16.6251 25.6427 17.6237 10.3077 16.0168 10.8330 17.1522 0.0000 9.7297 7.9961 16.5874 18.6781 14.4063 14.0450 14.2394 12.6740 16.4037 5.9455 14.1481 10.1634 17.7129 12.9248 14.2052 47.4914 46.1046 49.3851 51.6442 44.2377 48.2101 34.5775 45.7897 38.4930 39.3943 48.1125 43.2755 50.9172 40.2395 48.1809 40.6150 50.2079 47.7978 42.7342 45.6074 49.9043 42.9095 43.6476 45.8166 40.6976 45.9904 43.4508 44.9694 39.6195 45.0724 29.7361 21.4600 28.7627 32.1150 28.0475 25.3073 13.1443 26.5182 27.1667 34.3939 23.1484 30.9489 47.9568 24.9013 29.1892 23.1572 28.2889 8.3792 17.7818 24.6687 20.5597 20.8258 19.1431 26.5448 18.0365 14.1158 21.6049 24.3527 21.9293 20.0994 11.5955 26.4620 26.4786 16.8751 28.3372 19.0419 30.8134 22.2681 28.2149 22.2259 39.0977 26.1670 21.4649 27.9325 28.3801 7.1766 19.6822 33.6484 32.0196 13.7185 28.3979 22.1128 15.2379 27.5335 29.9410 28.9353 9.0484 17.8497 17.1478 18.0610 43.5168 42.2516 34.6799 44.8423 38.5034 43.6445 33.8408 45.6248 44.3602 40.2885 37.3744 36.8516 48.0873 34.9132 39.5523 34.5151 41.3035 46.7594 35.5023 41.8202 40.7340 27.2837 39.9841 52.7519 40.9474 32.7183 36.6894 37.0677 38.9404 51.6283
11.7108 11.7718 10.1840 9.7593 3.9493 3.7519 10.6496 13.1351 17.1253 14.3164 12.2782 12.1280 7.5380 9.3367 9.7297 0.0000 5.2395 11.6216 13.2380 10.0174 10.8681 7.3953 11.0206 10.1223 4.9033 8.7286 11.2152 11.5018 9.3793 12.3670 39.5938 37.9293 42.4159 43.7626 36.4305 40.5026 32.3287 38.5592 32.8310 32.0285 40.7064 36.2105 42.4683 33.1038 40.5676 33.2830 42.9444 40.2983 35.3154 37.8779 42.2912 35.4373 35.8608 38.4364 33.3046 37.9136 36.3538 37.5341 34.2719 37.5891 20.3090 12.2241 20.0783 22.8530 19.2545 16.3912 4.4941 17.9436 18.0901 25.6661 14.3274 22.3032 38.7613 16.3546 20.3417 14.8423 19.1057 8.4897 10.5417 15.9059 12.8381 12.9845 11.2874 17.3653 8.6677 9.2054 13.7117 15.8349 13.6370 12.2122 12.2222 17.9964 18.9436 11.1363 21.4611 12.6071 22.7203 17.8096 19.7923 15.9677 32.3943 18.0912 13.4270 19.4880 20.3784 6.9875 12.4165 25.3681 23.7705 8.6440 20.2725 14.5844 9.9363 19.6565 21.6652 20.6806 11.4299 14.8968 9.7492 15.8180 35.0694 33.6278 27.0788 36.3947 30.5756 35.0890 25.7686 37.1075 35.7016 31.7119 28.9333 28.5927 39.5388 26.4752 31.1487 26.3741 32.8311 38.1652 27.1877 33.3942 32.2142 19.8923 32.1296 44.1030 32.3590 24.8933 28.1234 28.6058 30.3496 42.8518
8.5767 7.8416 11.4523 7.0316 4.5563 3.7465 8.1710 13.2081 20.1289 11.3512 9.1928 10.3667 6.2312 11.4751 7.9961 5.2395 0.0000 11.1354 13.8322 9.3830 11.2046 10.3016 7.3654 10.5163 3.4342 8.8955 8.6287 13.8396 8.0007 9.3710 42.1970 40.9601 44.7836 46.5846 39.2109 42.9732 31.9244 41.2955 34.2976 34.2163 42.9512 38.5438 46.1188 35.4213 43.0066 35.9175 45.4692 42.8451 38.1371 40.7160 44.6764 38.2031 38.7017 41.3196 36.0582 41.0941 39.0595 40.2704 35.6831 40.2235 25.2372 16.1601 23.4833 26.3705 22.8626 19.6546 7.1356 21.3240 22.0476 29.3522 17.5710 25.7547 43.0656 19.8417 23.3495 18.1100 23.9066 6.2849 12.4332 19.5730 15.2495 15.3914 12.5765 21.8776 13.5231 8.5138 14.4157 19.1574 17.5696 15.6144 7.7415 20.9067 21.4550 11.7002 23.0810 13.7912 25.8059 16.8516 22.9493 17.0674 34.6641 20.3692 16.3171 22.5373 21.8020 3.6903 14.6343 28.3495 26.6927 8.0991 23.1221 16.9877 10.1635 22.4085 25.1256 23.8719 8.8105 12.8118 10.6867 13.0187 38.1636 37.1920 29.7132 39.8697 33.3721 38.5849 28.8080 40.4658 39.4530 34.9639 32.3871 31.8888 43.0277 29.8484 34.7322 29.2736 36.3203 41.8522 30.4025 36.6415 35.6743 22.3116 35.0757 47.9854 35.8877 27.6476 31.2764 31.8326 33.8219 46.8736
9.2967 9.1654 6.8453 8.3897 11.9036 10.9627 8.4001 4.9183 10.7241 4.3913 10.4878 5.1357 13.4439 6.0322 16.5874 11.6216 11.1354 0.0000 7.7309 9.2906 3.4388 7.5973 9.0091 6.1166 11.4709 9.6934 8.2141 4.8274 9.0703 6.5832 32.6293 31.0810 35.0761 36.9361 29.5897 33.3192 27.9268 31.7327 26.1737 24.9431 33.4583 29.0415 35.9404 26.0735 33.5004 26.3403 35.8722 33.2460 28.5887 31.1675 35.1395 28.4251 29.1408 31.4784 26.4781 31.2033 29.4894 30.7076 27.0244 30.6464 14.5498 8.4324 13.2177 16.0650 12.5800 9.2667 13.2078 11.0314 11.3944 19.0839 9.1821 15.4663 32.6740 9.5294 12.8657 7.8228 13.2955 12.0353 5.6323 8.7727 5.6875 11.1215 6.9591 11.4993 11.8265 9.2022 6.2117 8.5674 6.8796 5.8700 10.5359 10.8492 11.5003 7.5463 13.8594 9.1591 15.3506 12.4882 12.6301 10.2294 25.0036 11.6064 8.6341 13.1142 13.0672 11.9907 8.0718 17.9325 16.3036 14.8555 13.2068 9.4982 10.4323 13.8335 14.6000 13.3743 12.5592 10.5686 8.2781 11.4046 28.0648 26.9703 20.1360 29.6844 23.6303 28.3787 18.5472 30.2948 29.2599 24.7766 22.2018 21.9755 32.8285 19.6487 24.5755 19.2912 26.0221 31.6872 20.2450 26.4227 25.4526 16.7008 25.3815 37.8574 25.6660 17.9506 21.1589 21.6329 23.6002 36.7092
7.8691 12.0810 4.7158 7.9620 10.4525 10.8338 12.0174 7.9879 13.4158 9.2523 9.0164 5.4057 9.7008 8.7759 18.6781 13.2380 13.8322 7.7309 0.0000 12.8514 6.7562 8.1236 12.4609 10.5633 13.8639 14.1372 12.9844 5.6173 6.7992 8.8394 36.5173 34.4352 39.6770 41.5444 34.1890 35.9028 33.3411 36.3831 31.8495 29.5438 37.7920 33.9789 39.1321 29.4926 37.3755 31.9371 39.3818 35.4725 33.0882 35.1594 39.6701 32.7661 33.1326 35.5517 31.0774 35.1952 34.3542 35.3069 32.8716 35.8531 17.6291 11.9866 18.4645 19.6225 17.1629 13.2944 16.5277 16.2434 16.1166 23.0782 12.1144 20.7131 34.6943 14.5489 17.1277 13.1197 16.0243 16.7648 9.1159 13.5939 9.6185 13.3905 8.0330 13.9023 13.3564 12.2694 9.1118 14.3795 10.2955 9.2973 13.1085 15.6284 16.9352 13.1709 18.9842 13.6880 20.8114 17.5349 17.3133 14.9283 30.3832 16.0050 13.0361 17.4503 16.2864 16.3570 12.9078 22.1454 21.0275 19.2379 18.5394 14.8132 14.8117 18.9542 18.7543 18.6557 9.8149 13.1562 7.0890 15.7904 32.1818 31.0094 25.5558 34.0961 28.2296 32.8191 24.2061 33.7687 32.5703 28.8405 26.7061 25.3999 37.2881 24.6015 27.9390 25.6206 30.0540 34.6482 25.4518 30.4288 30.5435 21.5309 29.9024 39.4195 29.7293 23.2659 25.5026 26.3151 28.3013 38.8055
9.5899 9.0094 10.7987 8.2967 11.4600 10.5712 6.4298 10.8750 18.4311 11.0010 10.0434 10.9261 12.7974 8.1676 14.4063 10.0174 9.3830 9.2906 12.8514 0.0000 9.8280 7.7152 7.2592 8.3739 10.1427 3.7972 5.9606 12.4393 10.2257 7.5905 35.1218 33.9532 37.1758 38.5881 31.6500 35.9758 25.4359 33.4720 27.8957 27.7434 35.5530 31.0573 38.6848 28.5956 35.8113 27.6469 38.2272 35.7482 30.2359 33.2192 37.3165 30.4849 31.6193 33.5305 28.3769 33.3016 31.6472 32.1570 27.4534 32.0387 21.4093 9.7859 17.7434 23.3192 15.1475 15.7343 11.0071 14.7283 17.1685 21.4310 14.2996 19.1509 35.0538 12.1526 19.2921 10.0528 19.8089 6.8855 7.5216 13.0132 10.9177 11.8205 10.8448 15.7250 8.3888 9.1078 14.6991 13.7952 12.1626 10.0803 8.3001 15.7683 13.8161 7.3488 16.6585 8.0793 17.8688 12.7278 17.4679 11.9140 27.6081 17.3751 9.9903 18.7334 19.9050 9.6996 7.4971 23.1668 20.4598 11.6066 18.1877 11.2219 6.8276 15.4573 17.2176 18.6170 12.9879 11.2866 10.7574 11.0764 31.2882 29.9221 21.6437 31.9947 25.9156 30.7873 22.0879 33.6479 31.9234 28.5811 24.6425 24.7362 34.9073 21.7211 27.2164 22.3828 28.4638 34.1538 22.5561 29.2324 27.5077 13.8787 27.5098 41.2176 27.9058 20.6722 25.8103 25.7689 25.8160 39.3538
6.3949 8.7383 5.4700 6.7751 10.7204 9.9653 8.5704 3.9046 12.4859 4.9509 7.5815 3.9042 10.7202 6.9331 14.0450 10.8681 11.2046 3.4388 6.7562 9.8280 0.0000 6.7603 8.8474 7.1611 8.7707 10.7008 7.4373 5.2076 7.2541 6.1865 35.4259 33.7319 38.0184 39.6625 32.3161 35.7594 28.9833 34.4591 28.4949 27.8071 36.3956 31.8999 38.4202 28.5948 36.2970 29.2125 38.5231 35.6146 31.2153 33.7483 38.0819 31.0116 31.7215 34.0323 29.2046 33.7840 32.2159 33.4340 29.4548 33.5185 16.1069 9.7748 16.2948 18.7844 15.4763 12.0416 14.7121 14.0737 14.0954 21.8345 10.2955 18.5434 34.9137 12.4608 15.9402 10.7354 14.8925 11.2918 7.5265 11.5646 7.7654 12.5329 7.1454 13.0717 11.8857 10.3271 8.4398 11.7551 8.3928 7.0393 9.2324 13.9822 14.0825 9.0639 16.3992 10.3627 18.2335 13.8433 15.7075 11.7837 27.4416 13.7126 10.0408 15.5477 15.6766 11.4190 9.2571 20.8746 19.2457 16.1797 16.1637 11.0620 11.4219 16.2093 17.1804 16.4506 9.9255 11.0350 7.8631 12.0858 31.0520 29.7559 23.0082 32.4557 26.4373 31.1500 21.4098 33.1007 31.7541 27.7347 24.9731 24.4105 35.5998 22.5657 27.0554 22.3626 28.8077 34.1671 23.1199 29.3554 28.2435 18.2780 28.0296 40.0458 28.4517 20.8228 24.1462 24.6581 26.4999 38.9443
7.0047 9.6249 5.2984 6.1786 7.3424 7.6967 7.2969 8.0814 13.7263 10.6185 7.7985 7.0266 10.0492 6.3277 14.2394 7.3953 10.3016 7.5973 8.1236 7.7152 6.7603 0.0000 8.7497 5.7244 9.3209 7.8912 7.8149 6.4538 6.5702 8.4830 35.2537 33.3979 38.0737 39.6294 32.2817 35.7778 28.5562 34.3042 28.6935 27.7454 36.3852 31.8895 38.0124 28.2094 36.1248 29.2712 38.2196 35.3821 31.0431 33.4792 38.0714 30.9529 31.5206 33.9028 29.1180 33.4500 32.1743 33.2618 29.8227 33.5081 16.5190 9.7647 16.7982 19.5102 15.6493 12.9077 10.2407 14.4299 14.8974 21.8645 11.2223 18.8996 34.6146 12.6552 16.7896 11.0915 14.6749 11.3455 8.6089 12.4157 9.6186 9.8833 7.5533 12.9164 7.4077 9.0877 9.9606 12.3448 9.4504 9.2857 9.6006 14.2994 14.6680 6.9294 16.9433 9.0756 18.5922 13.5127 16.0523 11.2089 27.7836 14.6113 9.8974 15.9869 16.5959 11.4222 8.6508 21.4273 19.7984 12.9829 16.4259 10.9937 8.9631 15.8429 17.4660 16.9457 9.7039 10.3264 5.2559 11.5795 31.0905 29.8188 22.9978 32.3324 26.4269 31.1814 21.8366 33.0283 31.5242 27.9090 24.9112 24.1877 35.6242 22.6670 26.6085 22.7628 28.8403 33.8623 23.2561 29.3939 28.4379 16.1243 27.8573 39.5044 28.4842 20.9513 24.3099 24.8584 26.6943 38.4915
7.0128 3.2034 10.4593 6.3148 11.0984 10.3252 6.3182 10.8560 18.3127 7.9713 7.8504 9.0168 11.6780 6.4715 12.6740 11.0206 7.3654 9.0091 12.4609 7.2592 8.8474 8.7497 0.0000 6.3169 8.6413 6.2799 5.5566 11.9102 7.8011 6.2008 37.6371 36.7968 39.6539 41.7277 34.3107 39.0005 25.5915 36.0550 28.7722 29.6130 38.0608 33.3334 42.0121 31.1084 38.4990 30.3367 41.0502 39.0047 33.2779 36.1512 39.8223 33.8530 34.1595 36.9251 31.1597 36.5400 33.8492 35.0967 30.5299 34.7904 23.2211 13.9743 18.2728 23.7305 18.7638 17.7355 10.1802 16.5826 18.6647 25.1157 13.0944 20.5010 39.6158 14.9747 21.2164 13.7911 21.8811 8.7361 9.8858 17.3212 12.0436 10.5084 11.5219 19.8533 12.0816 8.1440 13.4268 15.7810 15.5756 13.5096 3.8784 15.6926 16.3253 6.7622 17.8300 7.8701 20.6762 10.8070 17.8630 11.4601 29.1941 14.6650 10.5069 17.2967 16.8471 7.4375 11.0237 23.2500 21.5630 9.9556 17.9020 11.1774 5.7791 16.8883 20.5343 18.4019 9.8763 6.9717 10.0582 6.8984 33.3742 32.3351 24.5277 34.9695 28.4719 33.7281 23.3380 35.9454 35.2767 30.1071 27.4922 27.7052 38.1708 24.6079 30.5165 23.3525 31.5743 37.6759 25.1692 31.8520 30.8175 16.5779 30.5157 44.4753 31.0309 22.4210 26.4109 26.8222 28.9650 43.4054
9.5749 7.2486 6.8650 8.2087 10.5755 10.3955 8.5685 9.7088 13.0206 6.8058 10.5712 8.2035 13.7547 4.7599 16.4037 10.1223 10.5163 6.1166 10.5633 8.3739 7.1611 5.7244 6.3169 0.0000 11.8001 7.4475 8.0126 7.3791 9.6696 6.4181 32.6148 31.3806 35.2466 36.9505 29.5406 33.8696 25.8612 31.6837 25.0445 24.8844 33.5494 28.9449 36.5937 26.3583 33.6223 26.1529 36.2506 33.9348 28.6781 31.2569 35.1394 28.8509 29.2306 32.0531 26.5613 31.3414 29.4607 30.6586 27.2079 30.4590 17.2239 9.1519 13.7927 17.7776 13.4274 11.7558 9.4854 11.4678 12.6659 19.7734 8.2955 16.0209 34.1979 10.2795 15.2527 8.5081 15.8630 12.1811 8.1543 11.7769 7.0257 7.7070 6.7576 13.8813 9.8553 9.9192 8.5128 9.7064 10.9512 9.8022 8.0867 10.8936 11.5654 3.7595 13.7364 6.5317 15.8226 9.4591 13.0241 7.9733 25.0838 10.2361 6.7009 12.4806 12.4625 10.7769 5.9407 18.3792 16.7094 11.5584 13.0992 7.3322 7.6285 12.2963 15.3080 13.7359 12.9129 6.3668 5.7432 8.7569 28.3330 27.3448 19.9486 29.9644 23.5813 28.7377 18.6719 30.7159 29.9112 25.1167 22.4818 22.3397 33.1805 19.7903 25.1323 18.9214 26.5479 32.3104 20.3664 26.8109 25.8271 13.1088 25.4709 38.7347 26.0405 17.7632 21.4205 21.8170 23.9747 37.6476
7.2320 9.5249 12.0230 7.1597 4.9628 4.1101 8.4343 10.8929 20.2779 12.8420 7.6497 10.4059 5.0640 12.5245 5.9455 4.9033 3.4342 11.4709 13.8639 10.1427 8.7707 9.3209 8.6413 11.8001 0.0000 9.9066 7.7007 12.9419 7.6510 10.5308 42.7452 41.2689 45.4967 47.2003 39.8538 43.4981 32.9152 41.9969 35.2880 35.1485 43.7872 39.2323 46.3650 35.9806 43.6163 36.7633 45.9399 43.2598 38.7530 41.2729 45.4143 38.6750 39.2461 41.7188 36.7423 41.5065 39.7536 40.9717 36.4617 41.0694 24.3664 16.7667 24.2753 26.6137 23.4527 19.9426 8.4867 22.0651 22.4734 29.7977 18.4111 26.5239 42.8540 20.4281 23.8543 18.7785 23.0481 4.9300 13.2820 19.9866 16.1833 16.1539 14.3475 21.0709 13.0085 9.3116 16.3084 19.9011 16.6544 15.1007 8.5300 21.7609 22.0713 12.7500 24.1464 14.8215 26.4222 18.2775 23.5550 18.0133 35.4249 21.8092 17.2225 23.3632 23.6343 3.4356 15.5396 29.0858 27.4569 9.4503 23.8235 17.9019 11.1886 23.2544 25.5839 24.6328 7.0334 14.7854 11.9458 13.9082 38.8176 37.7102 30.5590 40.4266 33.9290 39.1210 29.5688 40.8782 39.6822 35.5188 32.9440 32.1566 43.5707 30.5498 35.0001 30.2640 36.7620 42.1118 31.1039 37.1650 36.2109 23.3020 35.5685 47.9643 36.4059 28.3736 31.9118 32.5340 34.4673 46.8593
10.8286 7.9536 11.3663 8.9323 10.4572 9.6164 7.3590 11.8992 18.3275 10.2186 11.3155 11.9243 12.6400 6.5581 14.1481 8.7286 8.8955 9.6934 14.1372 3.7972 10.7008 7.8912 6.2799 7.4475 9.9066 0.0000 6.6474 12.8324 11.0718 8.2880 35.3862 34.2809 37.5832 39.1904 31.8569 36.4853 24.8562 33.9870 26.9048 27.8151 36.0382 31.5095 39.1348 29.0586 36.2573 28.3449 38.9057 36.6619 31.0928 33.6717 37.6467 31.1154 31.6670 34.2776 28.9893 33.8695 31.7831 32.9619 28.4889 32.6542 21.3694 10.4967 15.7289 22.7228 15.2833 16.5082 7.5498 13.4976 16.8140 21.8307 12.4659 17.7037 36.4378 11.9142 20.0480 10.2555 19.8507 7.2971 7.5897 13.6821 11.3889 9.8415 11.7616 17.1042 9.0876 9.1967 14.5477 13.3589 12.6912 11.8767 8.0812 14.5369 13.5750 5.6318 16.1295 5.8668 17.8817 11.4575 16.2784 10.8880 26.8513 15.1368 8.0362 17.4250 17.7761 8.8563 7.6561 22.6020 19.8523 8.4614 16.8168 9.0576 4.6308 14.3896 17.4211 16.4926 14.0623 9.7745 10.3975 9.8289 31.0124 29.6640 22.2015 32.3791 26.0021 31.0735 20.5687 33.4566 32.4181 28.2570 24.8965 24.9481 35.5233 22.0936 27.7699 20.9906 28.7108 34.8816 22.6478 29.3157 28.0978 14.4749 27.8857 41.5514 28.3434 19.9551 25.3109 24.8959 26.2495 40.3550
7.0654 7.7042 10.7282 7.0844 12.3565 11.3798 3.2382 9.1078 18.4999 8.6904 6.4158 9.7692 11.7655 8.6591 10.1634 11.2152 8.6287 8.2141 12.9844 5.9606 7.4373 7.8149 5.5566 8.0126 7.7007 6.6474 0.0000 12.0124 9.2104 6.1624 38.5659 37.3269 40.2344 42.5629 35.1945 39.2406 26.0310 36.8007 29.6996 30.3599 39.0780 34.2410 42.2238 31.4983 39.2554 31.4783 41.4091 38.9760 33.8930 36.7663 40.8310 33.9081 34.7651 36.9050 31.7653 37.1492 34.4428 35.9805 30.9291 35.9357 21.9870 12.6654 19.4568 23.3779 18.9349 17.0465 12.3604 17.1532 17.8203 25.3229 14.6713 21.6642 39.4353 15.6821 20.5600 13.8969 20.5868 5.8881 9.8400 15.6456 11.8039 12.6101 11.7051 19.0095 11.9603 8.0071 14.3369 14.8849 14.2376 12.3386 5.1904 17.1924 17.0270 7.3131 18.9598 9.5602 21.3960 12.7515 18.9759 12.8488 29.7304 17.3040 11.7178 19.3443 19.8414 6.6348 10.0194 24.4830 22.7390 12.5908 19.1128 12.6805 8.6480 18.2490 20.7461 19.4367 9.7714 10.4733 9.9909 10.0765 34.4436 33.1419 25.5432 35.8533 29.4302 34.5477 24.3801 36.6952 35.5460 31.1262 28.3707 28.0154 38.9974 25.7604 30.8589 25.0426 32.1938 37.9706 26.3146 32.7469 31.6243 17.9992 31.1308 44.2552 31.8377 23.5597 27.5377 27.8467 29.7718 43.1278
8.3720 11.8458 5.0706 8.4084 10.6535 11.0324 10.7456 5.9995 9.8012 7.9104 10.1319 4.5992 13.6429 7.7809 17.7129 11.5018 13.8396 4.8274 5.6173 12.4393 5.2076 6.4538 11.9102 7.3791 12.9419 12.8324 12.0124 0.0000 8.5239 8.9715 32.9685 31.2345 35.9395 37.6384 30.2920 33.5750 31.5621 32.4350 28.2135 25.6206 34.0650 30.0123 35.9414 26.3594 33.8893 27.3227 36.1065 33.2284 29.1912 31.6106 35.8041 29.0868 29.5838 32.1777 27.1805 31.6464 30.3977 31.4099 28.6011 31.6080 13.5760 9.4514 13.8046 15.9195 12.7705 9.2999 14.2384 11.5028 12.0864 19.0340 9.4007 15.9725 31.8915 10.4467 13.1434 8.7981 11.8639 15.7125 7.7021 9.5885 6.9650 11.9215 6.6164 9.8358 11.2949 11.6778 5.9348 9.5075 6.3253 6.6630 13.2482 11.3833 13.2747 10.1193 15.6371 11.9821 16.6270 15.7277 13.1520 12.1533 26.6327 12.8369 10.6491 13.4301 13.3673 15.3080 10.4050 18.3416 17.3578 18.1779 14.1684 11.7522 13.2472 15.2646 15.4328 14.3341 11.9420 11.9387 7.0008 14.7995 28.2848 27.0993 21.2298 30.1991 24.3326 28.9090 20.2840 30.2199 29.0083 24.9378 22.8092 22.1593 33.3780 20.3563 24.7384 21.0306 26.1527 31.4356 21.2066 26.5533 26.2853 18.5057 26.0055 36.7811 25.8192 18.9122 21.6056 22.0700 24.0431 35.8586
3.9919 7.4003 5.2393 3.6819 5.7461 6.1669 8.7859 8.6144 16.8535 9.9361 4.6185 5.1489 6.3261 9.4540 12.9248 9.3793 8.0007 9.0703 6.7992 10.2257 7.2541 6.5702 7.8011 9.6696 7.6510 11.0718 9.2104 8.5239 0.0000 7.5481 40.1202 38.3510 42.8791 44.8253 37.4789 39.9693 31.7221 39.6219 33.2754 32.4650 41.0819 36.8516 43.1369 32.9520 40.9784 34.5800 43.0393 39.6445 36.3781 38.7623 42.9600 36.0560 36.7355 39.0464 34.3673 38.7981 37.3787 38.5968 34.6599 38.8300 20.8661 14.0780 21.5953 23.4610 20.6320 16.8150 13.1516 19.3752 19.3536 26.8414 15.1735 23.8438 39.4745 17.6125 20.6751 16.0358 19.2613 10.4769 10.7270 16.9499 12.9114 13.1428 10.0313 17.4472 11.3323 8.3970 11.9733 17.2082 13.1835 12.2043 7.8118 18.7868 19.4250 11.9144 21.2749 12.8534 23.5112 16.1785 20.7100 15.7925 32.8340 18.3552 14.4108 20.4272 18.8344 10.6132 13.0184 25.7766 24.1551 14.7916 21.3905 15.8005 9.7330 21.0757 22.2754 21.7486 5.9368 11.8334 7.5420 13.2677 35.7518 34.7589 28.3197 37.4698 31.5195 36.1641 26.8700 37.7857 36.5078 32.5620 29.9960 29.2758 40.6139 27.7285 31.8549 27.9716 33.8108 38.8837 28.4287 34.2081 33.4837 21.1982 33.1923 44.4650 33.4547 26.1343 28.8765 29.7127 31.6516 43.5012
6.7166 5.0458 7.2841 6.4174 11.6180 10.7953 6.9403 8.8324 15.7877 5.8772 7.6051 5.6770 12.7291 5.1367 14.2052 12.3670 9.3710 6.5832 8.8394 7.5905 6.1865 8.4830 6.2008 6.4181 10.5308 8.2880 6.1624 8.9715 7.5481 0.0000 36.6399 35.4970 38.6426 40.4576 33.1424 37.3388 26.6990 35.0062 28.0607 28.6447 37.0608 32.5321 40.3107 29.8881 37.3294 29.4606 39.7453 37.2107 32.0155 34.7571 38.8089 32.0287 32.7962 35.0998 29.8761 35.1400 32.8089 33.9811 29.3031 33.7666 19.8774 11.2677 16.9542 21.1016 16.4385 15.0335 13.5059 14.8246 15.0644 23.0957 10.8224 19.1630 37.1245 13.3518 18.5545 11.4358 18.5460 10.3118 8.1548 13.6829 9.2102 11.7850 8.7277 16.9906 13.3875 11.1279 9.8632 12.5752 12.1833 10.4213 5.7189 15.0526 14.8683 7.7462 16.7867 8.4933 19.2778 12.3761 16.7779 10.6346 27.7828 14.0372 9.6036 16.5067 16.1642 10.8396 8.8956 22.1614 20.4487 14.2622 16.9946 10.3824 8.9158 15.9516 18.5691 17.2220 10.0750 8.3092 8.7429 9.7095 32.4215 30.9812 23.3419 33.7481 27.4081 32.4424 22.1426 34.7692 33.5939 29.1041 26.2655 26.1641 36.8922 23.5591 28.9458 22.6491 30.0798 36.0575 24.1133 30.7248 29.4667 17.1815 29.1216 42.5592 29.7124 21.3791 25.5156 25.7860 27.6185 41.2981
40.0260 37.8591 35.4497 39.6331 41.5986 41.6162 38.8829 33.6175 24.9612 34.6542 41.4703 35.5246 43.8819 33.4543 47.4914 39.5938 42.1970 32.6293 36.5173 35.1218 35.4259 35.2537 37.6371 32.6148 42.7452 35.3862 38.5659 32.9685 40.1202 36.6399 0.0000 6.7996 10.6570 10.0055 9.1503 7.0970 30.0603 10.3234 20.6704 11.3465 8.7857 11.7271 10.3589 12.5714 3.0003 15.5896 7.1859 8.5984 9.8426 4.9401 8.9532 8.6033 6.9384 6.7584 9.1111 8.1197 12.2798 11.5816 18.6911 13.5978 25.4371 29.7976 21.8890 23.2184 24.1377 26.0361 37.8932 23.9629 24.7906 18.7486 27.9834 21.1289 22.1891 25.3632 23.4574 26.5550 24.3188 41.1283 32.0679 26.3773 29.3269 30.9547 32.1580 24.8293 32.8736 36.7463 30.1299 26.1932 28.8975 29.5977 39.3326 23.6091 22.9718 32.4530 22.5452 30.9297 19.7155 30.6259 22.0407 28.4597 17.0985 26.5894 29.1548 22.0031 24.0890 41.6892 30.3533 18.2597 18.6770 38.0419 21.4226 28.6403 34.5770 23.5285 19.3509 21.6886 42.4363 34.0545 35.3790 33.7339 11.3924 13.4284 16.2289 9.5521 12.1537 10.2688 19.5051 9.6828 11.0296 12.5344 12.9633 12.8287 13.6814 16.9713 10.3444 21.6519 12.2624 10.6201 16.8932 12.7806 12.9678 25.2338 9.7851 19.9915 12.8255 17.5204 14.8845 14.1476 13.5290 18.8277
38.5431 37.1981 33.6523 37.9992 39.8801 39.9424 37.7669 31.7526 24.2285 33.3964 39.9998 33.8050 41.9237 32.1949 46.1046 37.9293 40.9601 31.0810 34.4352 33.9532 33.7319 33.3979 36.7968 31.3806 41.2689 34.2809 37.3269 31.2345 38.3510 35.4970 6.7996 0.0000 15.1402 14.8150 12.6800 7.2202 32.8706 14.1005 24.5631 12.2508 13.0651 15.1631 5.9525 11.1629 8.7374 19.2981 11.4511 10.6763 10.5804 6.6708 14.1021 7.4547 9.5943 11.0409 11.7095 6.9087 15.9190 13.6175 21.1467 16.2855 23.5815 28.4787 20.8688 20.3625 21.4114 24.1765 36.6084 22.6673 23.0294 15.7259 26.5218 20.1425 17.8159 24.4582 21.8664 25.2343 22.1941 39.8428 30.5566 24.8430 27.8546 28.5648 30.5496 22.8981 31.3507 34.0728 28.7924 24.6638 27.1359 28.1203 38.2564 22.8718 22.1363 31.4746 22.4452 30.2055 19.1944 30.5304 21.0619 28.0687 18.1905 25.9680 28.0462 21.3003 23.1631 40.6546 29.4016 17.2815 18.0697 37.1658 20.8451 27.8591 33.5644 23.1306 18.1331 20.6831 40.5851 33.6622 33.7555 33.4450 12.3473 14.3753 16.4020 11.3811 12.8237 11.2674 19.2753 9.6167 9.9858 12.0958 12.6228 9.8766 15.2774 16.8568 8.2988 22.0172 12.2263 8.1617 17.2316 12.4393 13.6444 25.9357 8.4190 15.8036 10.6405 17.7787 14.9266 13.7980 13.5009 15.0170
42.7138 40.3923 38.2370 42.2568 44.3979 44.2798 41.1111 36.4856 29.1031 36.9017 44.0261 38.5812 46.8299 35.6796 49.3851 42.4159 44.7836 35.0761 39.6770 37.1758 38.0184 38.0737 39.6539 35.2466 45.4967 37.5832 40.2344 35.9395 42.8791 38.6426 10.6570 15.1402 0.0000 10.0343 7.5145 14.7844 24.7718 5.0952 13.4493 15.1337 3.3696 6.8646 18.8327 15.7576 10.7240 12.3175 12.3832 14.9568 13.3463 10.7448 4.7657 12.4621 10.1266 11.0059 12.3384 14.3721 6.6748 7.5180 12.9186 9.8146 30.0493 33.4369 25.4948 31.5705 31.1787 29.6541 40.5689 27.5376 28.4609 26.7860 31.2364 24.6708 32.2591 27.4640 28.3255 29.0697 28.6483 43.6587 34.9220 29.2360 32.2935 37.3283 34.8873 28.9126 36.9065 42.4786 33.6961 29.5965 32.2083 32.6338 41.2548 26.1780 24.7479 34.3621 23.3618 33.1620 21.3668 31.6050 24.7945 29.7171 16.3387 28.3461 31.0835 24.5608 26.2794 44.3120 32.5048 22.5224 20.9123 40.0303 23.5170 30.5535 36.6531 25.2475 22.1303 24.4387 45.3767 35.6321 38.1053 35.2797 14.6881 17.5140 16.6985 12.2459 12.6071 13.1957 20.6934 18.7017 20.4449 16.4464 15.3334 19.9643 16.3080 19.4754 17.8006 23.0038 15.2161 20.4388 18.6571 15.7553 14.0887 26.3038 16.4013 30.0227 20.8746 18.3771 18.3642 17.3846 18.1094 28.0279
44.6757 41.5977 40.1832 44.2329 46.2603 46.2259 42.8764 38.1509 28.7976 38.8479 46.0862 40.2112 48.7761 37.3148 51.6442 43.7626 46.5846 36.9361 41.5444 38.5881 39.6625 39.6294 41.7277 36.9505 47.2003 39.1904 42.5629 37.6384 44.8253 40.4576 10.0055 14.8150 10.0343 0.0000 8.3938 15.5880 28.2456 8.1731 19.2946 20.2732 9.4560 11.6416 12.8077 21.6921 10.0298 12.4871 12.7127 15.9164 14.5166 12.2693 6.3261 15.9840 12.5701 12.6871 16.2163 12.1547 11.0940 8.0010 15.2231 10.8116 29.0763 33.3304 25.3595 29.7740 30.9366 30.3970 41.9329 27.2749 28.2989 25.4447 31.7169 24.2725 23.8495 28.3938 27.4443 30.1485 28.2169 44.7107 35.7120 30.0000 33.3667 38.5225 36.6030 29.0399 36.6411 44.3453 34.5654 29.7565 32.9372 33.3510 43.6809 27.2410 26.7402 36.5292 25.9014 34.6219 22.8457 33.9117 25.5016 31.8750 17.5970 30.1412 32.9488 25.5311 28.0247 46.1421 33.7908 22.2294 22.4554 42.0565 24.6623 32.1587 38.2872 26.4992 22.9294 25.3397 47.2813 37.7223 40.0470 37.2874 11.1078 12.4001 17.3729 8.3048 13.9541 9.8546 21.9522 13.2298 14.6606 14.2654 14.9208 20.0629 7.5137 18.9578 17.4428 22.9647 12.6306 13.3898 18.3701 13.9702 11.8340 27.1434 16.9788 22.3470 19.4520 19.4494 16.5424 16.7014 14.7726 20.1298
