0.0000 2.8686 0.9661 2.0367 0.8700 1.0505 2.8898 0.9551 2.7865 2.7801 0.8461 0.8121 2.2354 2.8425 1.3780 1.2482 1.9481 1.6765 2.4233 1.9670 1.2044 1.9706 3.6420 4.3434 1.4003 3.4958 3.2703 2.0782 0.8013 1.8748 29.7417 27.5002 33.3642 29.0425 26.6923 29.1490 26.5188 28.9627 29.9883 29.8999 30.8617 29.2314 23.6342 31.0940 30.6862 28.0433 35.4478 33.8087 26.7311 27.4628 31.0874 28.4511 27.4578 31.9639 28.4872 27.5742 30.3442 25.8341 28.6438 28.2437 1.7227 1.4794 4.5038 2.6992 3.5630 2.5416 2.9880 4.2074 2.8548 4.8790 3.1117 5.5206 7.2451 5.1324 2.6917 3.4739 2.0825 1.6503 2.2933 2.0646 3.6629 4.6532 2.1939 1.4526 1.5166 3.0251 1.7553 3.1953 1.2261 1.5047 5.3897 7.9352 9.1806 5.9722 12.4763 7.3015 11.2482 11.3582 7.8395 9.5702 16.5353 9.5743 7.0780 8.5540 8.0258 4.7455 4.5176 9.5896 11.2417 8.7274 8.9737 8.3325 5.6073 10.6254 6.2458 7.7592 1.7609 7.0403 3.2801 9.6513 18.7199 16.3780 14.9365 19.6195 19.3807 18.2621 16.1756 16.7970 17.0548 15.9881 15.0038 14.1887 18.9878 13.8343 18.0707 14.7414 15.1103 17.8766 14.2640 17.9236 16.5978 12.9835 19.4377 20.2422 14.9047 14.6034 14.0142 15.7058 13.9861 17.6948
2.8686 0.0000 3.1813 2.1864 2.6419 2.3928 1.8699 2.9947 2.4572 1.6381 3.1158 2.8460 4.3103 2.1719 1.9631 2.7951 1.9215 1.6988 3.9906 1.4609 2.3570 2.7110 1.7674 2.8773 2.6038 1.9775 2.9456 2.5906 2.9137 1.4107 27.3760 25.2952 30.8799 26.7593 24.3390 26.7373 24.0079 26.5396 27.6236 27.4799 28.2929 26.7780 21.1909 28.5684 28.3258 25.7196 32.9737 31.2837 24.4199 25.0351 28.7534 26.0469 25.0626 29.5864 26.1582 25.2197 27.9891 23.5325 26.2566 25.8543 2.4758 1.8939 2.2228 1.9359 1.5652 1.3160 1.5851 1.8182 1.8065 2.7047 1.7832 3.0739 5.0824 3.1500 1.0975 1.2799 1.8858 2.1545 1.6247 1.8281 2.0010 2.7826 1.6255 1.9545 1.8190 2.1017 2.1271 1.7174 2.3971 2.0515 3.7519 5.9598 7.1594 4.3680 10.0711 5.6782 9.1120 9.2428 6.0010 7.5465 14.4244 7.3323 5.2425 6.3396 6.0734 3.9960 3.2090 7.5116 8.9343 6.9589 6.7869 6.4368 4.1044 8.4478 4.4787 5.6172 3.1963 4.9019 2.9559 7.5294 16.5011 14.3895 12.8014 17.4776 17.0856 15.8495 14.1536 14.3379 14.9633 13.9380 12.9991 12.0983 17.0612 12.0187 16.0307 12.5546 13.0191 15.6517 12.0565 15.6517 14.3797 11.2700 17.3109 18.1449 12.7729 12.2663 11.9834 13.8128 12.2292 15.3950
0.9661 3.1813 0.0000 2.0680 1.0855 1.2927 3.1007 1.0486 2.8443 3.1188 1.0710 0.8906 2.0328 3.0997 1.6621 1.4427 2.1977 1.9869 2.3864 2.3076 1.6478 1.9277 3.9210 4.6021 1.1901 3.7294 3.2480 2.3116 1.0182 2.0455 30.0061 27.6813 33.6255 29.3357 26.9519 29.3862 26.8346 29.1748 30.2733 30.1518 31.1586 29.4684 24.0041 31.3418 30.9330 28.2778 35.6632 34.0277 26.9230 27.7727 31.3632 28.7989 27.7799 32.2078 28.7844 27.8621 30.5503 26.0930 28.8802 28.4716 1.9311 1.7651 4.7648 2.9321 3.7360 2.7105 3.2365 4.5132 3.2823 5.1536 3.3633 5.7646 7.5132 5.3748 2.9815 3.7779 2.5774 1.8638 2.4037 2.5611 3.8573 4.9798 2.5863 1.9071 1.6681 3.4125 2.1802 3.4342 1.3039 1.7326 5.6301 8.2013 9.4431 6.1711 12.7394 7.5464 11.4780 11.5673 8.0094 9.8369 16.8460 9.8989 7.3408 8.8228 8.2619 4.7747 4.7545 9.8591 11.4948 8.9403 9.2653 8.6105 5.8816 10.8257 6.4529 8.0466 1.8147 7.3521 3.5250 9.8997 19.0001 16.7719 15.3080 19.9007 19.6664 18.5887 16.4448 17.1080 17.3980 16.2899 15.2268 14.5397 19.2348 14.1289 18.3686 15.0624 15.4668 18.2085 14.6470 18.1792 16.9741 13.2584 19.7663 20.5186 15.2194 14.9383 14.3169 15.9944 14.2016 18.0677
2.0367 2.1864 2.0680 0.0000 1.8422 1.7907 1.7685 1.9196 2.0678 2.6689 1.9468 1.7842 2.7339 3.2662 1.6823 1.8981 1.8929 2.1134 2.2315 2.1103 1.8942 2.6114 3.4892 3.4028 1.9876 2.6365 3.1669 1.5171 1.8505 1.7012 29.0292 26.9208 32.4914 28.4982 26.1227 28.2433 25.5749 28.2269 29.2083 29.0756 29.7849 28.3454 22.9289 30.0576 29.9802 27.4904 34.5292 32.8315 26.1310 26.7440 30.3596 27.7501 26.7192 31.2376 27.8466 26.9359 29.6498 25.2994 27.8312 27.6312 2.1633 1.8915 3.7767 2.9105 3.0368 2.1020 2.8456 3.0995 2.9522 3.4132 3.1297 4.9265 6.9411 4.9469 2.2874 2.5192 1.5140 2.1908 2.3559 2.5072 2.9836 3.8402 2.2050 1.7001 1.6092 2.3100 2.4019 2.9575 2.1054 1.5000 4.7128 7.4392 8.1040 5.6840 11.2486 7.0439 10.4301 10.5287 7.3313 8.9213 15.5357 8.3265 6.6758 7.7854 7.4939 4.7321 3.9236 8.6006 10.2097 8.2760 8.1727 7.9587 5.2501 9.8219 5.5664 6.9294 2.2017 6.3829 3.6204 8.8185 17.8350 16.0220 14.3108 19.1727 18.4189 17.4424 15.6874 15.8813 16.6667 15.6007 14.5389 13.6763 18.6692 13.4961 17.6997 14.2725 14.6881 17.1835 13.5542 17.2479 16.1021 12.6953 18.8405 19.7144 14.4635 13.7882 13.5106 15.3167 13.5668 17.1008
0.8700 2.6419 1.0855 1.8422 0.0000 0.8848 2.8100 1.0486 2.8856 2.6131 1.3161 0.8129 2.2920 2.7343 1.4259 1.1018 1.9377 1.5900 2.5626 1.8170 1.1691 1.8910 3.5149 4.3392 1.4518 3.4534 3.4716 2.0388 1.0328 1.6624 29.6155 27.3306 33.2542 28.9319 26.5667 29.0282 26.3713 28.8103 29.8715 29.7803 30.6577 29.0511 23.5018 30.9313 30.5932 27.9168 35.3266 33.6683 26.5622 27.3725 30.9890 28.3537 27.3546 31.8702 28.4077 27.4460 30.2411 25.7032 28.4640 28.0830 1.6467 1.3580 4.3607 2.4586 3.3642 2.3895 2.9171 4.0487 2.6970 4.6815 3.1125 5.2460 7.1425 5.0252 2.5730 3.2615 2.0358 1.6525 2.1269 2.0271 3.6304 4.6661 2.0484 1.1758 1.1495 2.8136 1.6673 3.0079 1.1257 1.4318 5.3619 7.9558 9.1232 5.9319 12.3143 7.3002 11.1797 11.3439 7.7649 9.5049 16.4697 9.4716 7.0496 8.4626 7.9576 4.7544 4.6039 9.4936 11.0962 8.7877 8.8538 8.2862 5.6535 10.5383 6.2062 7.6780 1.8603 6.9874 3.4035 9.6511 18.6301 16.3436 14.8338 19.4842 19.2502 18.1098 16.1724 16.6421 16.9915 15.8961 14.9294 14.1648 18.8920 13.8270 18.0204 14.6369 15.0902 17.8089 14.1723 17.8092 16.5462 12.9870 19.4372 20.1658 14.8526 14.4962 13.9480 15.6568 13.9255 17.6199
1.0505 2.3928 1.2927 1.7907 0.8848 0.0000 2.5975 1.2554 2.8029 2.2791 1.3247 1.1247 2.6324 2.3574 1.2222 1.4813 1.6666 1.3526 2.7495 1.5662 1.0521 1.4199 3.1457 4.2109 1.2320 3.3840 3.2361 2.2426 1.1050 1.3484 29.2902 26.9209 32.9057 28.5147 26.2661 28.6708 26.0476 28.4508 29.5863 29.4657 30.3392 28.7086 23.2216 30.5928 30.2637 27.5434 34.9763 33.3019 26.1660 27.0441 30.6481 27.9851 27.0504 31.5514 28.0697 27.0410 29.8657 25.3170 28.1097 27.7177 1.6985 1.3403 4.0134 2.1596 3.0635 2.2357 2.5308 3.8250 2.3417 4.5026 2.7147 4.9443 6.7692 4.6073 2.2779 3.0525 1.8624 1.2630 1.8791 1.8072 3.4217 4.4816 1.6025 1.1593 0.9434 2.9289 1.3607 2.5979 0.9589 1.3731 5.0057 7.5797 8.8600 5.5166 12.0384 6.8278 10.8782 11.0389 7.4379 9.1892 16.3505 9.2272 6.6793 8.1026 7.6735 4.3238 4.2047 9.2476 10.7711 8.4123 8.4796 7.8362 5.2524 10.1679 5.8723 7.3834 1.7028 6.6709 3.0006 9.3244 18.2540 15.9083 14.4705 19.0805 18.8982 17.7303 15.7561 16.2982 16.5651 15.4872 14.4713 13.7615 18.4535 13.3789 17.5752 14.2181 14.6351 17.4225 13.7785 17.3804 16.1572 12.5485 19.0195 19.7748 14.4609 14.1234 13.5235 15.2166 13.4668 17.2207
2.8898 1.8699 3.1007 1.7685 2.8100 2.5975 0.0000 2.7975 1.6885 2.7636 2.9025 2.7740 3.8291 3.4300 2.1771 2.9854 2.1261 2.3339 2.9483 2.5115 2.6350 2.9119 2.9533 2.4394 2.5485 1.6413 2.5296 2.0649 2.6723 2.0262 27.9488 25.9509 31.2609 27.5292 25.0148 27.0703 24.3997 27.1321 28.0931 27.9293 28.6655 27.1374 21.8475 28.9060 28.9161 26.4773 33.3284 31.6079 25.1238 25.5612 29.2769 26.6104 25.6140 30.0425 26.7352 25.9571 28.5317 24.2774 26.7506 26.5700 3.0081 2.6028 3.0338 3.2151 2.6297 1.7946 2.3393 2.2025 3.1986 2.4099 2.7861 4.1340 6.1597 4.3885 1.9455 1.9113 1.7089 2.6941 2.3954 2.8552 1.7107 2.9485 2.4834 2.3034 2.3303 2.1110 2.9457 2.7542 2.8159 2.4165 3.4050 6.1897 6.7201 4.7066 9.9107 6.1329 9.0953 9.1744 6.2464 7.8293 14.2683 7.0018 5.4924 6.5112 6.2496 4.0571 2.6648 7.2815 8.8921 6.9926 7.0507 6.9252 4.2542 8.5472 4.4702 5.7005 2.4809 5.1757 2.9198 7.5121 16.5443 15.0517 13.1893 18.0753 17.1690 16.2562 14.4814 14.6898 15.6089 14.5031 13.4259 12.5428 17.5962 12.3086 16.7009 13.1662 13.6988 15.9218 12.4494 16.0544 14.9510 11.5727 17.6022 18.5625 13.4010 12.5925 12.3521 14.2971 12.6376 15.9706
0.9551 2.9947 1.0486 1.9196 1.0486 1.2554 2.7975 0.0000 2.8634 3.1802 0.9898 0.8837 1.8401 3.2052 1.5650 1.0303 2.2671 1.9941 2.0316 2.2524 1.3501 2.1554 3.8769 4.4707 1.5409 3.5174 3.3870 1.8833 0.8153 2.1043 30.0406 27.8375 33.5967 29.3997 26.9994 29.4016 26.7668 29.2405 30.2970 30.1951 31.0594 29.4666 23.9346 31.2863 30.9644 28.3720 35.6834 34.0042 27.0312 27.7432 31.4004 28.7513 27.7633 32.2548 28.8255 27.8881 30.6191 26.1793 28.9262 28.5453 1.6981 1.6138 4.7668 3.0448 3.7925 2.6556 3.2819 4.3111 3.1497 4.8059 3.4916 5.7089 7.5823 5.4662 2.8497 3.6658 2.1173 2.0570 2.5632 2.3973 3.7592 4.7372 2.5174 1.6944 1.6650 3.1030 2.1295 3.5313 1.4193 1.5496 5.5839 8.2035 9.2996 6.2512 12.5382 7.6452 11.4493 11.5141 8.1573 9.8718 16.6562 9.5691 7.3745 8.7553 8.3029 5.0347 4.6827 9.7465 11.3991 8.9938 9.2353 8.6536 5.8745 10.8380 6.5038 8.0008 1.7579 7.2857 3.5771 9.8614 18.9204 16.7439 15.2413 19.9591 19.5773 18.5035 16.4985 17.0059 17.4031 16.3402 15.3212 14.4891 19.3134 14.1265 18.4491 15.0498 15.4461 18.1107 14.5375 18.1963 16.9240 13.3136 19.7298 20.5616 15.2444 14.8537 14.3011 16.0578 14.3387 17.9708
2.7865 2.4572 2.8443 2.0678 2.8856 2.8029 1.6885 2.8634 0.0000 3.0675 2.7837 2.6964 3.7101 3.7219 1.9860 3.0226 1.9680 2.4598 2.9080 2.7416 3.0125 3.0263 3.3497 2.2520 2.4378 1.7286 1.6941 1.9730 2.7097 2.3349 28.1057 26.2495 31.5343 27.9295 25.1614 27.3606 24.8176 27.4182 28.2408 28.1256 29.1616 27.5778 22.1507 29.2694 28.9781 26.7189 33.6215 31.9946 25.4671 25.7824 29.4834 26.9657 25.8145 30.1519 26.9198 26.3262 28.7307 24.5680 27.1561 26.8734 3.2360 2.6123 3.4086 3.5345 2.7828 1.7470 2.4542 2.8058 3.5975 3.3846 2.7882 4.6943 6.4470 4.6756 2.2989 2.4876 2.2663 2.8967 2.4354 3.1690 1.9383 2.8140 2.9582 2.5764 2.6371 2.4526 3.2613 3.2331 2.9200 2.4742 3.8236 6.3309 7.0477 4.8593 10.4841 6.4464 9.2261 9.2413 6.3927 7.9260 14.3062 7.5482 5.7669 6.9748 6.3827 4.2265 2.8809 7.6107 9.4310 6.9427 7.5147 7.3174 4.3366 8.8556 4.5699 6.0094 2.5710 5.4160 3.0410 7.6230 16.9657 15.4996 13.6576 18.4361 17.5784 16.8198 14.7069 15.1904 16.0256 14.8868 13.8205 12.8168 17.9978 12.6115 17.0027 13.6495 14.1048 16.3101 13.0353 16.5280 15.3601 11.8223 17.9023 18.8276 13.6427 13.0313 12.7853 14.6410 13.0074 16.4326
2.7801 1.6381 3.1188 2.6689 2.6131 2.2791 2.7636 3.1802 3.0675 0.0000 3.1768 2.8429 4.6394 1.7490 2.1763 3.0568 1.6626 1.6117 4.3497 1.4875 2.5087 2.5591 1.8034 3.3991 2.7093 3.0202 3.4239 3.3087 3.0280 1.5963 27.2767 24.9954 30.9804 26.4967 24.2874 26.7490 24.0637 26.4886 27.5480 27.4674 28.3915 26.8075 21.1404 28.6722 28.3245 25.5421 33.0628 31.4245 24.2407 25.0608 28.5873 25.9811 25.0168 29.6248 26.0340 25.0031 27.9416 23.3412 26.1143 25.7656 2.8505 2.1114 2.2062 1.3597 1.7163 2.1114 1.6113 2.5746 1.5456 3.6934 1.5777 3.3544 4.8850 2.8380 1.4371 1.8065 2.2771 1.9387 1.5213 1.6328 2.8788 3.5460 1.1076 1.8301 1.9629 2.7139 1.7381 1.1609 2.3226 2.4166 3.8739 6.0766 7.5334 4.1305 10.5578 5.1711 9.2963 9.5647 5.7659 7.3917 14.8681 7.9286 5.0906 6.4662 6.0836 3.6215 3.4382 7.7195 9.1518 6.9943 6.6830 6.0822 3.9376 8.5307 4.3923 5.7325 3.2633 4.9763 2.6782 7.7496 16.4873 13.9598 12.5601 17.1870 17.1226 15.8365 13.9749 14.3981 14.6384 13.6279 12.7371 11.8960 16.6909 11.7584 15.6685 12.3556 12.7059 15.6150 11.8742 15.5648 14.2059 10.9173 17.1870 17.8882 12.5047 12.2346 11.7316 13.3947 11.7224 15.2597
0.8461 3.1158 1.0710 1.9468 1.3161 1.3247 2.9025 0.9898 2.7837 3.1768 0.0000 1.0527 1.8899 3.2008 1.5838 1.3410 2.2451 2.0916 2.1241 2.2768 1.3837 2.2342 3.9537 4.4979 1.5026 3.6112 3.3035 1.9870 0.8102 2.1505 30.0752 27.8445 33.6228 29.3581 27.0568 29.3888 26.7845 29.2773 30.3208 30.2003 31.1257 29.5222 23.9826 31.3437 30.9878 28.3915 35.6860 34.0378 27.0692 27.7534 31.4045 28.7627 27.7876 32.2569 28.8041 27.8859 30.6269 26.1706 28.9667 28.5873 1.7256 1.7821 4.7597 3.0729 3.8676 2.7632 3.3118 4.3826 3.1428 4.9289 3.4347 5.8307 7.5677 5.4701 2.9685 3.7145 2.1641 1.8852 2.6788 2.3997 3.8040 4.7805 2.5074 1.9063 1.7926 3.3012 2.0994 3.5081 1.5178 1.4635 5.6230 8.1906 9.3395 6.2861 12.6473 7.5913 11.5002 11.5406 8.1652 9.8934 16.7503 9.6761 7.3852 8.8067 8.3613 5.0191 4.6108 9.8286 11.4686 8.9512 9.2508 8.6373 5.8850 10.8713 6.5260 8.0382 1.8097 7.3473 3.5916 9.8289 18.9636 16.7044 15.2863 19.9891 19.6403 18.5482 16.4650 17.0758 17.3927 16.3419 15.3054 14.4912 19.3486 14.1429 18.4010 15.0731 15.4121 18.1524 14.5604 18.2084 16.9195 13.3112 19.7002 20.5827 15.2504 14.8800 14.3427 16.0356 14.2932 18.0047
0.8121 2.8460 0.8906 1.7842 0.8129 1.1247 2.7740 0.8837 2.6964 2.8429 1.0527 0.0000 1.9862 3.0827 1.4679 1.1059 1.9985 1.8680 2.1259 2.1205 1.3571 2.1481 3.7802 4.2408 1.4177 3.3804 3.3743 1.8949 0.7377 1.8734 29.8113 27.6090 33.4150 29.1927 26.7913 29.2143 26.5398 29.0451 30.0246 29.9443 30.8619 29.2728 23.6957 31.1136 30.7903 28.1582 35.5022 33.8364 26.8384 27.5585 31.1644 28.5572 27.5398 32.0458 28.5939 27.7035 30.4558 25.9791 28.6986 28.3485 1.6925 1.5511 4.5169 2.8420 3.6095 2.4753 3.1218 4.1493 2.9956 4.7349 3.3012 5.5828 7.4108 5.2778 2.7209 3.3876 2.0808 1.7955 2.2728 2.2222 3.6418 4.6676 2.2862 1.3796 1.4814 2.8247 1.9878 3.2946 1.3200 1.4622 5.4321 8.0762 9.1308 6.1290 12.4229 7.4847 11.2712 11.4085 7.9152 9.6380 16.4702 9.5249 7.2032 8.6343 8.0908 4.8855 4.6220 9.5582 11.2201 8.8532 9.0348 8.4968 5.7609 10.6752 6.2783 7.7956 1.7729 7.1096 3.5227 9.7225 18.7632 16.5738 15.0479 19.7507 19.3985 18.3449 16.3297 16.8526 17.2404 16.1585 15.1476 14.3508 19.1653 14.0263 18.2670 14.9096 15.3107 17.9934 14.3784 18.0273 16.7603 13.1823 19.5902 20.3755 15.0622 14.6720 14.1557 15.8890 14.1487 17.8226
2.2354 4.3103 2.0328 2.7339 2.2920 2.6324 3.8291 1.8401 3.7101 4.6394 1.8899 1.9862 0.0000 4.7017 2.9527 1.9694 3.6793 3.5659 1.7579 3.7369 2.6130 3.4677 5.4640 5.4630 2.6668 4.5021 4.4696 2.4185 1.9095 3.4741 31.4810 29.3128 34.9589 30.9287 28.4658 30.7626 28.0797 30.6885 31.6511 31.5535 32.3513 30.8300 25.3486 32.6188 32.4028 29.8887 37.0254 35.3431 28.5186 29.1697 32.8513 30.2177 29.1823 33.6260 30.2814 29.4308 32.0889 27.6968 30.3507 30.0216 2.6661 3.0533 6.1626 4.5268 5.2167 3.8605 4.7548 5.5189 4.5722 5.7399 4.9925 7.1215 9.1338 7.0100 4.3503 4.8978 3.3216 3.3938 3.9885 3.8563 4.9124 5.8938 3.9852 3.0556 2.9645 3.9745 3.6112 5.0106 2.8371 2.6802 6.8804 9.6253 10.3512 7.7920 13.6434 9.2246 12.7026 12.7657 9.5621 11.2697 17.5969 10.6391 8.8580 10.1764 9.6706 6.3973 5.9838 10.9200 12.6193 10.3475 10.6402 10.2133 7.3540 12.1964 7.8378 9.3116 2.7009 8.7010 5.0677 11.1448 20.2693 18.3513 16.7196 21.4706 20.8855 19.9310 17.9742 18.4003 18.9937 17.8848 16.8225 16.0354 20.8896 15.6788 20.0272 16.6085 17.0581 19.5854 16.0264 19.6430 18.4732 14.8664 21.2303 22.0817 16.8172 16.2687 15.8465 17.6351 15.8624 19.5242
2.8425 2.1719 3.0997 3.2662 2.7343 2.3574 3.4300 3.2052 3.7219 1.7490 3.2008 3.0827 4.7017 0.0000 2.4789 3.0995 2.4755 1.7487 4.8558 1.4924 2.3795 2.2706 1.8169 4.5693 2.6368 3.7496 3.5589 3.8009 3.1175 1.8177 27.7815 25.2549 31.4528 26.6884 24.6209 27.2608 24.6673 26.7957 28.1949 28.0028 29.0132 27.2581 21.6853 29.2480 28.7189 25.7581 33.4960 31.8583 24.4089 25.5032 29.1321 26.4104 25.5657 30.0330 26.4646 25.2772 28.2321 23.5225 26.5939 25.9597 2.5401 2.1481 3.0818 0.9813 2.2948 2.5819 2.0030 3.5360 1.3781 4.5885 1.7314 3.5311 4.9342 2.8267 2.0742 2.9092 2.9574 1.7363 1.8262 1.5605 3.4309 4.3077 1.5856 2.4890 2.0552 3.7164 1.4850 1.5444 2.0511 2.5153 4.7239 6.5023 8.5530 4.5299 11.3563 5.5076 10.0545 10.2176 6.4044 8.2210 15.8650 8.8537 5.6421 7.0454 6.7758 3.7415 4.1184 8.7385 9.9303 7.5120 7.4399 6.4340 4.6059 9.1146 5.3379 6.6329 3.5738 5.7743 2.9062 8.4481 17.1948 14.2924 13.2230 17.5326 17.8785 16.3124 14.3589 14.9858 14.9080 13.9167 12.9617 12.4112 16.8694 12.0998 15.8793 12.5922 12.9618 16.1493 12.4686 15.9031 14.5704 11.2612 17.6384 18.3501 12.8703 12.8856 12.1749 13.7402 12.0677 15.6467
1.3780 1.9631 1.6621 1.6823 1.4259 1.2222 2.1771 1.5650 1.9860 2.1763 1.5838 1.4679 2.9527 2.4789 0.0000 1.6800 1.1357 1.1694 2.7616 1.3794 1.5818 1.8554 2.7604 3.3880 1.4131 2.5747 2.4524 1.7242 1.4868 1.3144 28.7195 26.6196 32.3322 28.1921 25.6931 28.1603 25.5505 27.9851 29.0049 28.9091 29.8713 28.2793 22.6817 30.0541 29.6095 27.1056 34.4476 32.8048 25.8317 26.4545 30.1179 27.4843 26.4645 30.9370 27.5255 26.6582 29.3392 24.9216 27.7333 27.2923 1.9146 1.0593 3.5777 2.3068 2.5570 1.4804 2.0725 3.2351 2.2923 4.0576 2.2982 4.5980 6.3689 4.2861 1.8114 2.5877 1.5326 1.5938 1.6057 1.8309 2.7185 3.5263 1.7188 1.2943 1.2699 2.4701 1.7203 2.5546 1.4121 1.2742 4.5632 6.9959 8.2376 5.0946 11.4915 6.5595 10.2230 10.2884 6.9910 8.5889 15.5324 8.5882 6.2370 7.6368 7.1089 4.2504 3.6420 8.6555 10.3056 7.7708 8.0726 7.4993 4.6595 9.6684 5.3214 6.8266 1.9579 6.0648 2.7915 8.6477 17.7928 15.6049 14.0884 18.7569 18.4139 17.3505 15.2941 15.8365 16.2358 15.1491 14.1875 13.2432 18.1945 12.9850 17.2437 13.8942 14.2798 16.9071 13.4373 17.0252 15.7420 12.1801 18.5237 19.3447 14.0046 13.6556 13.1645 14.8997 13.2592 16.7897
1.2482 2.7951 1.4427 1.8981 1.1018 1.4813 2.9854 1.0303 3.0226 3.0568 1.3410 1.1059 1.9694 3.0995 1.6800 0.0000 2.4360 2.0217 2.4645 2.0626 1.3463 2.5552 3.8525 4.5014 1.9193 3.4644 3.7247 1.7928 1.3424 2.0959 29.9861 27.8529 33.5590 29.3486 26.9275 29.3985 26.6791 29.2095 30.2107 30.1349 30.9604 29.4646 23.7687 31.2483 30.9108 28.3183 35.6624 33.9893 27.0165 27.6642 31.3580 28.7013 27.6776 32.2135 28.7709 27.8211 30.6205 26.1362 28.9068 28.4937 1.1988 1.3355 4.6789 2.8545 3.6934 2.5555 3.3528 4.1472 2.8656 4.6567 3.5065 5.5484 7.5002 5.4113 2.7908 3.5168 2.1274 2.1485 2.5522 2.1334 3.8469 4.6294 2.4568 1.6190 1.5888 2.8331 2.0628 3.5118 1.5277 1.1859 5.8630 8.3884 9.4380 6.5086 12.5892 7.8708 11.5744 11.6561 8.3320 9.9757 16.6027 9.5903 7.5708 8.8888 8.4586 5.4711 5.0290 9.8516 11.4979 9.2278 9.3245 8.8221 6.1588 11.0065 6.7127 8.0965 2.4815 7.3660 4.0359 9.9744 19.0551 16.8084 15.3188 20.0150 19.6724 18.5068 16.6753 16.9890 17.4587 16.4463 15.5037 14.5931 19.4860 14.3883 18.5240 15.1174 15.4949 18.2252 14.5936 18.2961 16.9432 13.5908 19.8631 20.6748 15.2941 14.8942 14.4831 16.2303 14.5621 17.9845
1.9481 1.9215 2.1977 1.8929 1.9377 1.6666 2.1261 2.2671 1.9680 1.6626 2.2451 1.9985 3.6793 2.4755 1.1357 2.4360 0.0000 1.3089 3.1714 1.5754 2.1234 2.0453 2.4470 2.9488 1.8235 2.5228 2.4232 2.2727 2.1101 1.3395 28.0211 25.9002 31.6892 27.5161 25.0669 27.4507 24.8800 27.3238 28.3073 28.2151 29.2033 27.5997 22.0544 29.3740 28.9671 26.4583 33.7794 32.1644 25.1830 25.8220 29.3859 26.8195 25.7860 30.3005 26.8312 25.9809 28.6759 24.2686 26.9965 26.6642 2.6151 1.6449 2.9610 2.1823 2.1186 1.5991 1.6865 2.8570 2.3408 3.8197 1.9370 4.2205 5.8315 3.8355 1.6050 2.1599 1.6772 1.7859 1.4070 2.0548 2.4877 3.3132 1.5516 1.4538 1.6208 2.4693 1.9293 2.0532 1.8955 1.8978 3.9292 6.3748 7.6151 4.4097 10.9028 5.8116 9.5651 9.6996 6.2331 7.8217 15.0156 8.1044 5.5293 6.9729 6.4264 3.6662 3.0792 7.9788 9.6373 7.1342 7.3168 6.7968 3.9442 8.9772 4.5502 6.1233 2.1463 5.4055 2.3818 7.9987 17.0628 14.9029 13.3428 18.0632 17.6833 16.6809 14.5843 15.1665 15.5552 14.4511 13.4835 12.5422 17.4973 12.2819 16.5421 13.2489 13.6201 16.2179 12.7206 16.3427 15.0775 11.4604 17.8242 18.6026 13.3120 12.9602 12.4365 14.1486 12.4700 16.1328
1.6765 1.6988 1.9869 2.1134 1.5900 1.3526 2.3339 1.9941 2.4598 1.6117 2.0916 1.8680 3.5659 1.7487 1.1694 2.0217 1.3089 0.0000 3.4516 0.9484 1.6371 1.6263 2.1168 3.5611 1.5672 2.7153 2.6227 2.4531 1.9557 0.9776 28.2720 26.0140 31.9019 27.5868 25.1874 27.7065 25.1173 27.4471 28.5694 28.4526 29.4509 27.7656 22.2014 29.6538 29.2164 26.5296 33.9803 32.3389 25.2119 25.9875 29.6405 27.0130 26.0298 30.5021 27.0438 26.0785 28.8307 24.3287 27.1735 26.7171 1.9798 1.0906 3.1258 1.5483 2.0904 1.5384 1.6109 3.0512 1.9095 3.9953 1.6775 3.9862 5.7275 3.6563 1.3620 2.3624 1.9176 1.3764 1.0915 1.4176 2.6295 3.6584 1.3100 1.3158 1.1922 2.6232 1.3232 1.8862 1.2957 1.5670 4.2793 6.6353 8.1259 4.6248 11.2656 5.9859 9.9655 10.0695 6.5034 8.2644 15.4642 8.4848 5.7243 7.1843 6.7060 3.7744 3.5323 8.4225 9.9702 7.4755 7.6373 6.9628 4.4281 9.2682 5.0552 6.4979 2.3127 5.7062 2.3824 8.3842 17.3994 15.0488 13.6042 18.1681 18.0646 16.8328 14.8319 15.3689 15.6390 14.5736 13.6237 12.8184 17.5836 12.5198 16.6658 13.2895 13.7090 16.4973 12.9320 16.4985 15.1850 11.6931 18.0785 18.8261 13.4707 13.2308 12.6446 14.3618 12.6931 16.2791
2.4233 3.9906 2.3864 2.2315 2.5626 2.7495 2.9483 2.0316 2.9080 4.3497 2.1241 2.1259 1.7579 4.8558 2.7616 2.4645 3.1714 3.4516 0.0000 3.7085 2.8437 3.5907 5.1724 4.3775 2.7598 3.7394 3.9272 1.9361 2.0233 3.3523 30.5987 28.6352 34.0110 30.2534 27.7186 29.7873 27.1044 29.9123 30.6849 30.6193 31.3558 29.9141 24.5048 31.6158 31.5555 29.2145 36.0873 34.3906 27.8923 28.2930 31.9108 29.3352 28.2536 32.7483 29.4131 28.6960 31.2791 27.0406 29.4733 29.3677 3.1851 3.1590 5.5532 4.6017 4.8505 3.5540 4.3928 4.7693 4.6048 4.8735 4.7209 6.7829 8.7221 6.7171 3.9296 4.2516 2.7070 3.4712 3.8278 3.8966 4.2264 5.0844 3.8027 2.8659 3.0767 3.3375 3.7228 4.7431 3.1318 2.7835 5.8702 8.7678 9.0949 7.0636 12.5048 8.4966 11.6323 11.6841 8.7224 10.2749 16.3860 9.4372 8.0265 9.2443 8.7744 5.8785 4.9819 9.7100 11.5434 9.4213 9.6900 9.4694 6.4638 11.2189 6.8285 8.2734 2.1874 7.7719 4.5335 10.0923 19.1235 17.5658 15.7329 20.7299 19.7450 19.0234 17.0604 17.4334 18.2492 17.1302 16.0527 15.0890 20.1672 14.7747 19.3051 15.8859 16.2940 18.5553 15.0516 18.8040 17.6343 13.9921 20.2154 21.1675 16.0240 15.2678 14.9289 16.7891 15.0464 18.6596
1.9670 1.4609 2.3076 2.1103 1.8170 1.5662 2.5115 2.2524 2.7416 1.4875 2.2768 2.1205 3.7369 1.4924 1.3794 2.0626 1.5754 0.9484 3.7085 0.0000 1.5891 2.0653 2.0548 3.7216 1.9867 2.8561 3.0330 2.5284 2.1975 1.1282 28.2136 25.9790 31.8351 27.4325 25.1432 27.6540 24.9994 27.3784 28.5247 28.3911 29.3052 27.7204 22.0585 29.5659 29.1295 26.4389 33.9237 32.2619 25.1522 25.9139 29.5748 26.8902 25.9343 30.4563 26.9626 25.9280 28.7907 24.2282 27.1174 26.6306 1.7544 0.9829 3.0542 1.2309 2.1122 1.7365 1.8032 2.9292 1.3192 3.8781 1.7832 3.8688 5.5959 3.5006 1.4168 2.2545 1.8286 1.3248 1.4516 1.0513 2.8725 3.5923 1.1241 1.5043 1.2290 2.6526 1.0619 1.8058 1.4951 1.4168 4.5311 6.7172 8.2463 4.8180 11.2496 6.0645 10.0926 10.1870 6.6947 8.3318 15.5216 8.4668 5.9119 7.2416 6.9155 4.1222 3.7723 8.5481 10.0083 7.6774 7.6567 6.9918 4.5855 9.3490 5.2387 6.5558 2.7487 5.7795 2.8878 8.4632 17.4396 14.9285 13.5741 18.1721 18.0669 16.7470 14.8698 15.2942 15.5788 14.5694 13.6357 12.7933 17.6235 12.6083 16.5894 13.2421 13.5851 16.4819 12.8254 16.4696 15.0992 11.7951 18.0691 18.8705 13.4300 13.1736 12.6640 14.3514 12.7180 16.1585
1.2044 2.3570 1.6478 1.8942 1.1691 1.0521 2.6350 1.3501 3.0125 2.5087 1.3837 1.3571 2.6130 2.3795 1.5818 1.3463 2.1234 1.6371 2.8437 1.5891 0.0000 2.0340 3.2573 4.3993 1.6059 3.3924 3.5069 2.2106 1.1689 1.5237 29.4594 27.1454 33.0056 28.5837 26.4017 28.8059 26.0927 28.5798 29.7394 29.5879 30.3981 28.8244 23.2695 30.6906 30.4142 27.6723 35.0565 33.3873 26.3167 27.1348 30.7947 28.0525 27.1493 31.6968 28.1708 27.1381 30.0102 25.4431 28.2450 27.8367 1.1675 1.3593 4.1596 2.2417 3.3199 2.4544 2.8019 3.8548 2.2742 4.4044 2.9469 5.0541 6.8623 4.7202 2.4463 3.1446 1.8251 1.2502 2.2046 1.5936 3.5178 4.5373 1.7772 1.4474 1.0985 2.9693 1.2786 2.7682 1.0426 1.2371 5.2627 7.7134 9.0022 5.8487 12.0853 7.0526 11.1080 11.2206 7.6997 9.4490 16.4471 9.2370 6.9132 8.2156 7.9106 4.6534 4.4435 9.4300 10.8819 8.6581 8.6524 8.0398 5.5433 10.3569 6.1681 7.5515 2.1410 6.8413 3.3093 9.4580 18.4164 15.9859 14.6040 19.3087 19.0734 17.8023 15.9035 16.3848 16.6756 15.6668 14.6572 13.9239 18.6728 13.6097 17.7197 14.3319 14.7133 17.5599 13.8440 17.5134 16.2148 12.7926 19.1458 19.9974 14.6021 14.2415 13.7112 15.4094 13.6964 17.2608
1.9706 2.7110 1.9277 2.6114 1.8910 1.4199 2.9119 2.1554 3.0263 2.5591 2.2342 2.1481 3.4677 2.2706 1.8554 2.5552 2.0453 1.6263 3.5907 2.0653 2.0340 0.0000 2.9145 4.4455 1.3503 3.6517 2.8726 3.1102 2.0338 1.6708 28.8496 26.2596 32.4508 28.0198 25.7491 28.2099 25.7642 27.8843 29.2319 29.0442 30.0811 28.2101 22.9889 30.2122 29.8037 26.9681 34.4877 32.8253 25.4974 26.6305 30.2317 27.6008 26.7101 31.0538 27.6528 26.5881 29.2773 24.7426 27.6345 27.1170 2.5612 2.1182 3.9759 2.2941 2.9288 2.3554 2.2262 4.0948 2.8096 4.8375 2.4432 4.6288 6.3495 4.2195 2.4818 3.3769 2.7771 1.6096 1.8639 2.4622 3.3228 4.7228 2.0897 2.0965 1.6554 3.6195 2.0179 2.4626 1.5299 2.3687 4.6310 7.0604 8.7007 4.9125 11.8415 6.2927 10.4588 10.6108 6.8697 8.8272 16.3072 9.2558 6.1508 7.6813 7.1710 3.4387 3.9175 9.0515 10.4560 7.8241 8.1522 7.3188 4.8402 9.6430 5.5139 7.1200 1.9432 6.3816 2.3814 8.9584 17.8486 15.5251 14.1297 18.4707 18.5221 17.3487 15.1703 15.9710 16.0545 14.9009 13.7955 13.3637 17.7530 12.7503 17.0151 13.6755 14.2128 16.9996 13.4905 16.7959 15.7578 11.8919 18.5460 19.2042 13.9784 13.7966 12.9864 14.6738 12.8552 16.8679
3.6420 1.7674 3.9210 3.4892 3.5149 3.1457 2.9533 3.8769 3.3497 1.8034 3.9537 3.7802 5.4640 1.8169 2.7604 3.8525 2.4470 2.1168 5.1724 2.0548 3.2573 2.9145 0.0000 3.5366 3.2223 2.9664 3.0455 3.9223 3.8078 2.2045 26.4296 24.1687 30.0404 25.6645 23.3163 25.8870 23.3236 25.5403 26.8355 26.6464 27.6728 25.9376 20.3986 27.8294 27.3534 24.6054 32.1270 30.4787 23.3006 24.1265 27.8220 25.1263 24.2315 28.6698 25.1850 24.1500 26.9230 22.3971 25.3426 24.7760 3.4454 2.7163 1.8623 1.8525 1.2775 2.1764 1.3190 2.4529 1.9725 3.6492 1.1825 2.2779 3.7939 1.8629 1.5690 2.1644 3.0205 2.6659 1.8971 2.3581 2.3868 3.1306 2.0753 2.9199 2.7334 3.4444 2.5388 1.3711 2.9789 3.1267 3.4430 5.0481 7.0472 3.1962 9.8259 4.4131 8.4895 8.5779 5.0585 6.7628 14.3083 7.3210 4.2082 5.5460 5.2833 3.1863 2.9523 7.2327 8.4615 6.0309 6.0366 5.2101 3.2501 7.6385 3.9799 5.1658 3.8869 4.2335 2.4315 6.8964 15.7416 13.2442 11.9352 16.3564 16.4215 15.0008 13.0664 13.5807 13.7682 12.7593 11.8260 11.0434 15.7896 10.8139 14.8193 11.3965 11.8456 14.7087 11.2172 14.6491 13.3347 10.0548 16.2874 17.0478 11.6141 11.4746 10.8882 12.6151 11.0392 14.3797
4.3434 2.8773 4.6021 3.4028 4.3392 4.2109 2.4394 4.4707 2.2520 3.3991 4.4979 4.2408 5.4630 4.5693 3.3880 4.5014 2.9488 3.5611 4.3775 3.7216 4.3993 4.4455 3.5366 0.0000 4.1251 1.6316 3.0427 3.3379 4.3425 3.4903 26.4087 24.9216 29.8443 26.5099 23.5776 25.7284 23.0338 25.9032 26.4337 26.4252 27.3607 25.9599 20.3611 27.5421 27.3830 25.2703 32.0154 30.3668 24.1529 24.0974 27.7591 25.2762 24.0391 28.5419 25.2813 24.8486 27.2425 23.1885 25.5644 25.4514 4.6253 3.8513 2.7753 4.3270 2.9583 2.6412 2.9910 1.9863 4.1837 2.5843 3.2993 4.1700 5.6609 4.3868 2.7962 2.1488 3.1148 4.1784 3.3477 4.0510 2.0404 1.9128 3.7126 3.5658 3.9501 2.4633 4.3534 3.6416 4.4018 3.9035 2.8926 5.2343 5.2728 4.2948 8.7902 5.7335 7.5848 7.6741 5.2850 6.3007 12.3547 5.8330 4.6983 5.6793 5.0255 4.5919 2.5625 5.7762 7.8097 5.7924 6.0705 6.3341 3.5009 7.4748 3.2926 4.3836 4.1106 3.9412 3.6993 6.1277 15.2923 14.1323 12.0166 17.0226 15.8326 15.2360 13.3605 13.5212 14.6787 13.5518 12.6737 11.2862 16.8075 11.3829 15.7478 12.3634 12.7844 14.6684 11.4583 15.1191 13.8604 10.6864 16.3753 17.3236 12.2499 11.3765 11.3869 13.3806 11.9400 14.8745
1.4003 2.6038 1.1901 1.9876 1.4518 1.2320 2.5485 1.5409 2.4378 2.7093 1.5026 1.4177 2.6668 2.6368 1.4131 1.9193 1.8235 1.5672 2.7598 1.9867 1.6059 1.3503 3.2223 4.1251 0.0000 3.1862 2.5772 2.3799 1.2838 1.4194 29.2547 26.8771 32.8187 28.5688 26.1834 28.5953 26.0834 28.3577 29.5633 29.3833 30.4300 28.6613 23.3311 30.5611 30.1851 27.4888 34.8337 33.2018 26.0905 27.0101 30.6297 28.0451 27.0728 31.4347 28.0352 27.1215 29.7274 25.3054 28.0987 27.6459 2.0261 1.7010 4.1135 2.5678 3.1044 2.0893 2.5048 3.9549 2.9376 4.6379 2.6716 5.0525 6.7826 4.6536 2.4662 3.2696 2.4524 1.4888 1.7653 2.4181 3.0887 4.5151 2.1946 1.8964 1.3736 3.2771 2.0381 2.7945 1.1508 1.7471 4.8851 7.3735 8.7467 5.4179 11.9866 6.8024 10.7152 10.7755 7.2272 9.1466 16.2703 9.2723 6.5496 8.0241 7.4748 3.9320 4.0297 9.2000 10.6964 8.1128 8.5142 7.8441 5.1470 9.9914 5.7404 7.3438 1.6659 6.6392 2.8060 9.1300 18.2282 16.0918 14.6051 19.1138 18.9127 17.8066 15.6151 16.3539 16.6362 15.5096 14.3904 13.8155 18.4430 13.3312 17.6207 14.2579 14.7409 17.4371 13.9511 17.3259 16.2417 12.4948 18.9979 19.7478 14.4706 14.1885 13.5353 15.2577 13.4456 17.3240
3.4958 1.9775 3.7294 2.6365 3.4534 3.3840 1.6413 3.5174 1.7286 3.0202 3.6112 3.3804 4.5021 3.7496 2.5747 3.4644 2.5228 2.7153 3.7394 2.8561 3.3924 3.6517 2.9664 1.6316 3.1862 0.0000 2.4577 2.4289 3.4345 2.5752 27.2759 25.6093 30.6395 27.1302 24.2816 26.5695 23.8449 26.5821 27.3749 27.2784 28.1886 26.6993 21.1493 28.3841 28.1952 25.9073 32.7649 31.1000 24.7252 24.8697 28.6545 26.0665 24.9249 29.3385 26.0916 25.5317 27.9516 23.8044 26.3470 26.0414 3.4311 2.8773 2.8248 3.5988 2.5583 1.6242 2.4710 1.8569 3.4598 2.3974 2.7946 3.8991 5.7424 4.1890 2.1200 1.8326 2.4869 3.3248 2.5401 3.2101 1.2551 2.1285 3.0569 2.8673 2.9961 1.9306 3.5357 3.1489 3.4075 2.8924 3.5189 5.8065 6.3284 4.6947 9.5797 6.1919 8.5404 8.5420 5.9547 7.3281 13.3852 6.6654 5.2453 6.2959 5.7707 4.4851 2.9015 6.8620 8.6187 6.5261 6.8787 6.8481 4.1247 8.2381 4.2322 5.3119 3.5145 4.7300 3.4302 6.9998 16.2549 14.8389 12.9327 17.7397 16.8337 15.9618 14.1367 14.3078 15.3351 14.2165 13.2759 12.1616 17.4337 12.1442 16.4251 12.9319 13.4297 15.5468 12.2703 15.7870 14.5607 11.4458 17.2396 18.1916 12.9797 12.2535 12.1651 14.1598 12.6517 15.5809
3.2703 2.9456 3.2480 3.1669 3.4716 3.2361 2.5296 3.3870 1.6941 3.4239 3.3035 3.3743 4.4696 3.5589 2.4524 3.7247 2.4232 2.6227 3.9272 3.0330 3.5069 2.8726 3.0455 3.0427 2.5772 2.4577 0.0000 3.0964 3.2639 2.7067 27.7068 25.6876 31.1576 27.4357 24.6362 27.0052 24.6722 26.9165 28.0009 27.7970 29.0871 27.2332 21.9652 29.0311 28.4773 26.1544 33.2205 31.6368 24.8833 25.3833 29.1256 26.6048 25.5267 29.6742 26.4979 25.8803 28.1362 23.9964 26.8230 26.3067 3.7276 3.0301 3.5530 3.6320 2.8009 2.1419 2.2715 3.4174 3.8443 4.2383 2.4758 4.5099 5.9130 4.2455 2.6372 3.2028 3.1928 3.1296 2.5196 3.5323 2.0014 3.1834 3.3410 3.3244 3.1176 3.6313 3.5461 3.2760 3.1494 3.1609 3.7256 5.7424 7.1892 4.2021 10.5517 5.8678 8.9348 8.8151 5.9390 7.6637 14.4665 7.8386 5.2396 6.6650 5.9736 3.5040 2.6258 7.7058 9.3690 6.2571 7.3726 6.7743 3.8387 8.4517 4.4131 5.9612 2.9906 5.2267 2.4664 7.3161 16.7253 15.0765 13.4384 17.9072 17.4209 16.5558 14.1001 14.9995 15.4955 14.3046 13.1750 12.3615 17.2974 11.9336 16.4053 13.1150 13.6010 15.9002 12.8565 16.0277 14.9392 11.1356 17.4130 18.3066 13.1172 12.8312 12.2790 14.0849 12.4557 16.0523
2.0782 2.5906 2.3116 1.5171 2.0388 2.2426 2.0649 1.8833 1.9730 3.3087 1.9870 1.8949 2.4185 3.8009 1.7242 1.7928 2.2727 2.4531 1.9361 2.5284 2.2106 3.1102 3.9223 3.3379 2.3799 2.4289 3.0964 0.0000 1.9083 2.3757 29.3604 27.5381 32.8147 29.0648 26.3982 28.6646 25.9429 28.7002 29.5130 29.4349 30.1993 28.8016 23.1931 30.4736 30.2421 27.9667 34.9481 33.2704 26.7215 27.0096 30.7605 28.0947 27.0041 31.4902 28.1895 27.4652 30.0697 25.7838 28.3908 28.0932 2.3018 2.0306 4.3332 3.5518 3.5240 2.1556 3.2190 3.4293 3.3703 3.7342 3.5763 5.3527 7.3907 5.4857 2.7272 2.9626 1.6115 2.7889 2.8162 2.8099 3.0303 3.6202 2.8706 2.0103 2.1753 2.0767 2.8752 3.6872 2.5306 1.7255 5.1184 7.7272 8.2809 6.1309 11.5329 7.6632 10.6217 10.6575 7.8204 9.2415 15.3576 8.4437 7.0810 8.2371 7.7786 5.4133 4.2222 8.8358 10.6281 8.4923 8.7037 8.5002 5.5706 10.2760 5.9799 7.2726 2.4171 6.6753 3.9645 9.0622 18.2617 16.5344 14.7592 19.6462 18.8060 17.9152 16.1183 16.3130 17.1712 16.0669 15.1279 14.0156 19.2168 13.8985 18.2244 14.7810 15.2146 17.5028 14.0710 17.7741 16.4963 13.1525 19.2209 20.1587 14.8956 14.2097 14.0071 15.8708 14.2915 17.5138
0.8013 2.9137 1.0182 1.8505 1.0328 1.1050 2.6723 0.8153 2.7097 3.0280 0.8102 0.7377 1.9095 3.1175 1.4868 1.3424 2.1101 1.9557 2.0233 2.1975 1.1689 2.0338 3.8078 4.3425 1.2838 3.4345 3.2639 1.9083 0.0000 1.9323 29.9056 27.6609 33.4581 29.2211 26.8777 29.2486 26.5950 29.0964 30.1484 30.0282 30.9218 29.3026 23.8168 31.1645 30.8604 28.2237 35.5280 33.8595 26.8791 27.6212 31.2574 28.5944 27.6283 32.1082 28.6623 27.7575 30.4904 26.0178 28.7646 28.3983 1.7498 1.7412 4.6192 2.9704 3.7449 2.5774 3.1373 4.2458 3.0622 4.7708 3.3537 5.6574 7.4564 5.3179 2.8464 3.5200 2.0497 1.7321 2.4522 2.3431 3.6165 4.7271 2.3629 1.6512 1.5582 3.0568 2.0057 3.3437 1.3575 1.5563 5.3741 8.0066 9.1162 6.0954 12.4023 7.4426 11.2868 11.3817 7.9443 9.6945 16.5644 9.5092 7.1899 8.5992 8.1169 4.7624 4.4815 9.6008 11.2079 8.7970 9.0450 8.4562 5.7039 10.6534 6.3006 7.8209 1.4647 7.1466 3.3665 9.7019 18.7525 16.5601 15.0615 19.7767 19.4123 18.3411 16.2810 16.8817 17.2290 16.1410 15.0907 14.3394 19.1305 13.9392 18.2525 14.8822 15.2942 17.9618 14.3711 17.9930 16.7627 13.1130 19.5536 20.3958 15.0923 14.6845 14.1223 15.8549 14.1102 17.8240
1.8748 1.4107 2.0455 1.7012 1.6624 1.3484 2.0262 2.1043 2.3349 1.5963 2.1505 1.8734 3.4741 1.8177 1.3144 2.0959 1.3395 0.9776 3.3523 1.1282 1.5237 1.6708 2.2045 3.4903 1.4194 2.5752 2.7067 2.3757 1.9323 0.0000 28.2527 25.9449 31.8292 27.5245 25.2093 27.6163 24.9914 27.3661 28.5482 28.3815 29.2997 27.6485 22.2058 29.5141 29.2201 26.5025 33.8623 32.2108 25.1318 25.9918 29.6156 26.9768 26.0184 30.4915 27.0288 26.0478 28.7921 24.3045 27.0644 26.6572 1.8967 1.3523 2.9606 1.6147 2.0240 1.4221 1.6539 2.8544 1.9064 3.6606 1.8155 3.9133 5.7607 3.6536 1.4207 2.1185 1.8422 1.1645 0.9483 1.6097 2.4699 3.7084 1.1362 1.3576 0.8241 2.5649 1.4462 1.6632 1.2725 1.4779 4.2145 6.6246 7.9781 4.7153 11.0417 6.0185 9.9137 10.0598 6.4698 8.2679 15.4490 8.3553 5.7677 7.1043 6.6971 3.6678 3.5215 8.3430 9.7628 7.5148 7.5164 6.9634 4.4974 9.1541 4.9991 6.4333 2.3303 5.7228 2.6041 8.3252 17.3183 15.0895 13.6013 18.1865 17.9557 16.7431 14.8130 15.2800 15.6719 14.5983 13.5593 12.8911 17.6088 12.5924 16.6891 13.2857 13.7531 16.5052 12.8989 16.3914 15.2261 11.7647 18.0963 18.8501 13.5118 13.1601 12.6576 14.3916 12.6494 16.2672
29.7417 27.3760 30.0061 29.0292 29.6155 29.2902 27.9488 30.0406 28.1057 27.2767 30.0752 29.8113 31.4810 27.7815 28.7195 29.9861 28.0211 28.2720 30.5987 28.2136 29.4594 28.8496 26.4296 26.4087 29.2547 27.2759 27.7068 29.3604 29.9056 28.2527 0.0000 8.6126 6.6758 8.8850 4.8771 6.2466 7.7366 5.2240 4.5941 4.0638 8.6733 7.2385 8.3362 6.6566 4.2456 6.2367 9.1174 8.9995 8.7333 4.8288 3.8004 5.1893 4.3201 5.5197 4.0665 7.2131 5.1274 7.5795 6.5293 6.5586 29.6372 28.8527 25.4803 27.7912 26.4552 27.7229 26.9431 26.1880 27.7464 26.5266 26.8576 24.8412 22.9854 25.0791 27.3364 26.7316 28.5220 28.7466 27.7820 28.3769 26.7909 26.0656 28.0002 28.7459 28.8559 27.9925 28.6846 26.9426 29.2419 29.1865 25.1061 22.3978 22.3354 24.2411 19.6295 23.2016 19.4580 19.6988 22.4216 20.4891 17.9956 22.4730 23.0815 21.7960 22.1740 26.3219 26.0432 21.4924 19.8623 21.9265 21.2596 22.0116 24.6117 19.9024 23.9924 22.5195 29.4994 22.9744 27.2250 20.9671 13.5429 15.6868 16.0619 12.1855 12.7793 13.2170 15.1094 14.1798 14.5120 15.2332 16.6692 16.3389 14.1513 17.6723 13.8208 16.2899 16.2953 13.2641 17.0351 13.6486 14.4421 18.4706 12.2654 11.0274 15.4812 15.9979 16.9931 15.9878 18.1195 13.4469
27.5002 25.2952 27.6813 26.9208 27.3306 26.9209 25.9509 27.8375 26.2495 24.9954 27.8445 27.6090 29.3128 25.2549 26.6196 27.8529 25.9002 26.0140 28.6352 25.9790 27.1454 26.2596 24.1687 24.9216 26.8771 25.6093 25.6876 27.5381 27.6609 25.9449 8.6126 0.0000 11.9953 6.3726 7.9096 9.0575 10.5598 5.7640 10.7947 9.3765 12.3625 8.1363 10.9823 11.1548 10.6671 5.2007 12.7497 12.1564 3.4555 9.5780 9.1762 8.7405 9.8490 10.9413 8.2783 6.1381 7.3709 4.6097 5.9130 5.0864 27.4207 26.7241 23.3971 25.3163 24.2891 25.7112 24.6975 24.4095 25.4801 24.8302 24.5819 22.5928 20.6871 22.6756 25.2342 24.7765 26.5406 26.3138 25.5162 26.1506 24.8965 24.6837 25.6737 26.5772 26.5175 26.2542 26.3001 24.4905 26.8499 27.0558 23.0299 20.5045 21.2204 21.9080 18.8149 20.5887 18.3709 18.8742 20.1677 18.9737 19.8868 21.6920 20.9092 19.8104 20.3282 23.5485 24.0285 20.3216 18.3002 20.1558 19.2444 19.5003 22.6157 17.9788 22.0663 20.8392 27.1705 21.2479 24.8064 19.6579 12.8258 13.2801 14.3802 8.8348 12.6223 11.6068 12.9751 13.1908 11.7306 12.3315 13.2631 14.9947 9.9212 15.2718 10.6372 13.5082 13.9642 12.6443 15.1988 10.7877 12.7960 15.8437 11.3705 9.0937 13.5331 14.7191 14.5820 13.0581 14.5644 12.2742
33.3642 30.8799 33.6255 32.4914 33.2542 32.9057 31.2609 33.5967 31.5343 30.9804 33.6228 33.4150 34.9589 31.4528 32.3322 33.5590 31.6892 31.9019 34.0110 31.8351 33.0056 32.4508 30.0404 29.8443 32.8187 30.6395 31.1576 32.8147 33.4581 31.8292 6.6758 11.9953 0.0000 11.3182 9.2415 5.9843 8.5583 7.3155 6.6803 5.1735 7.6020 6.7845 11.7079 5.1169 7.6090 9.7840 4.4661 3.9780 11.5765 6.8752 6.1417 7.5393 7.9015 4.7570 7.4187 10.3609 6.7957 11.2146 8.4806 9.3506 33.1532 32.4846 29.0303 31.4867 30.0921 31.2460 30.5496 29.5972 31.4225 29.6903 30.5003 28.3594 26.7053 28.7700 30.8851 30.2339 32.0287 32.3378 31.4337 31.9911 30.1514 29.5056 31.6435 32.3741 32.4498 31.4630 32.3427 30.5667 32.8562 32.7271 28.4668 25.8010 25.3241 27.9109 22.2222 26.8812 22.6916 22.7856 26.0145 24.2121 20.4259 25.3041 26.6104 25.0823 25.7171 29.8862 29.4065 24.6574 22.8587 25.3140 24.7470 25.6445 28.2614 23.1494 27.5341 25.9096 33.0059 26.4564 30.7934 24.1428 15.9790 19.5338 19.6693 16.0166 15.3579 16.0745 18.5007 17.1393 18.2405 19.0370 20.1055 20.1063 17.9232 21.3001 17.7623 19.8696 19.9816 16.4397 20.3056 16.6895 17.8569 22.1988 15.3003 14.8500 19.4047 19.2660 20.5528 19.8980 21.8777 16.8810
29.0425 26.7593 29.3357 28.4982 28.9319 28.5147 27.5292 29.3997 27.9295 26.4967 29.3581 29.1927 30.9287 26.6884 28.1921 29.3486 27.5161 27.5868 30.2534 27.4325 28.5837 28.0198 25.6645 26.5099 28.5688 27.1302 27.4357 29.0648 29.2211 27.5245 8.8850 6.3726 11.3182 0.0000 8.6315 9.3822 9.8628 6.4772 10.8594 9.4988 11.4664 8.9810 10.2710 11.0965 10.6049 5.0318 12.1156 11.5753 6.1429 8.8822 8.3298 6.8150 8.9906 11.0503 7.1597 3.7030 7.7526 5.0495 7.0622 5.9461 28.7864 28.2084 24.8984 26.8016 25.9400 27.3405 26.3439 25.8574 26.7993 26.2470 26.1526 24.1578 22.0295 24.1188 26.7509 26.2640 27.9639 27.7962 27.1691 27.4763 26.5206 26.1027 27.1445 28.1242 28.1011 27.7460 27.7100 26.0230 28.4068 28.5053 24.7886 22.0980 22.9169 23.7238 20.3572 22.1894 20.3212 20.6531 22.0909 20.7471 21.2125 23.0532 22.6386 21.4247 22.2207 25.4468 25.6676 22.0853 20.0473 21.9870 20.8880 21.0849 24.3017 19.8854 23.8570 22.4949 28.8985 22.8604 26.5246 21.2653 14.4712 13.5436 15.6504 11.1054 14.3873 12.6066 14.6045 14.4403 12.6060 13.9194 15.1687 16.1832 12.1204 17.0554 11.6867 14.8541 14.5066 13.7963 16.0755 12.5434 13.2934 17.7361 12.1959 11.1916 14.8490 16.0200 16.2099 14.5637 16.4671 12.4544
26.6923 24.3390 26.9519 26.1227 26.5667 26.2661 25.0148 26.9994 25.1614 24.2874 27.0568 26.7913 28.4658 24.6209 25.6931 26.9275 25.0669 25.1874 27.7186 25.1432 26.4017 25.7491 23.3163 23.5776 26.1834 24.2816 24.6362 26.3982 26.8777 25.2093 4.8771 7.9096 9.2415 8.6315 0.0000 8.0185 8.1215 5.1262 6.9988 6.3465 10.8975 7.9553 6.7852 9.3658 6.1828 4.7386 11.6710 11.1698 6.9861 4.6988 7.1247 6.0473 5.1442 7.0329 4.8769 7.1164 6.0319 5.4296 7.6183 4.9686 26.5249 25.7842 22.5339 24.7004 23.4221 24.6545 23.8759 23.2888 24.6868 23.7119 23.7718 21.7095 19.8095 21.9366 24.3188 23.7961 25.6045 25.6720 24.7052 25.2961 23.7552 23.1537 25.0027 25.7528 25.8021 25.0489 25.6218 23.9089 26.1402 26.1696 22.2314 19.4046 19.8018 21.2540 17.2854 20.2840 16.7794 16.9774 19.4618 17.7596 16.1078 20.0237 20.1054 18.9406 19.2097 23.2633 23.1647 18.9348 17.3263 18.9775 18.5748 19.0587 21.7060 17.1458 21.1800 19.7301 26.5232 20.0661 24.1624 18.2463 12.0477 13.2610 13.7338 9.5260 11.5298 11.0370 12.4205 11.9677 11.7528 12.2973 13.8343 13.7834 11.3944 14.9696 11.1758 13.3570 13.6160 11.0905 14.7110 11.0483 11.7103 15.7067 10.2864 8.9047 12.6175 13.6788 14.3284 13.5072 15.6032 11.0138
