0.0000 11.0905 11.8322 10.2956 9.4340 6.2450 8.0623 11.8743 8.5440 11.6619 12.9615 9.8995 10.3441 11.5326 10.8167 10.1980 10.8167 9.7980 7.4162 10.2956 10.1980 17.0880 7.6158 14.0712 10.8628 8.7750 15.1327 7.0000 10.9545 7.0711 35.5949 36.0694 31.1609 37.5766 34.6266 34.0294 29.9833 32.8329 36.8103 30.9192 33.2114 34.3657 36.9459 35.1426 32.6650 31.5911 33.4365 37.8021 33.2415 29.8161 36.5377 37.8946 30.0333 35.3553 33.9853 34.4093 31.8277 29.4279 31.8904 34.3366 19.1050 8.6023 16.5227 14.0712 13.3041 9.3274 12.1244 16.4621 13.7477 13.7477 14.7986 13.1909 17.4356 14.0712 9.4868 6.4807 11.8322 4.8990 13.0384 12.8062 7.6811 19.3649 13.7840 15.4596 13.5647 17.6068 13.0767 20.3224 11.3578 15.9687 20.8087 19.7231 19.0788 15.0000 13.4164 20.5426 16.5529 15.4272 19.3132 18.7617 18.1384 20.0499 20.9523 16.8523 19.1050 17.6068 20.2485 18.9209 22.4722 15.0333 21.9317 16.6733 17.9444 19.9499 15.2315 23.3452 15.6844 12.2066 13.1909 22.2486 35.1141 37.6032 35.0856 36.2905 33.7787 32.6497 33.2866 27.8927 33.1210 36.9053 34.6266 33.6006 39.2683 35.2846 33.8969 35.7631 31.0966 31.1127 31.7648 29.2404 33.6155 33.7343 30.3480 35.4401 32.2955 35.5246 31.1609 35.0143 33.7194 31.9061
11.0905 0.0000 15.5242 10.2470 9.7980 10.4881 10.0995 14.6287 16.1245 13.0000 16.7631 15.7797 12.4900 15.2315 11.5758 17.1756 15.3623 15.3297 14.7648 12.1244 13.1529 20.8567 12.0416 16.0312 10.2470 14.0000 17.3781 14.0000 17.4642 12.7671 37.9210 37.3095 30.1330 38.2753 37.2559 33.6601 31.3369 32.8786 35.4965 31.7017 33.7639 33.2566 36.0278 36.2215 31.8434 32.2335 34.8855 37.7624 34.0881 30.4302 37.8153 37.5100 29.6142 34.1028 34.1467 35.5106 31.0805 29.5127 31.4325 35.4683 23.6220 13.4536 18.8680 17.9722 14.5602 14.7648 15.0997 20.5913 15.0333 16.0000 17.2627 17.6352 20.9045 18.7883 13.5277 12.6886 14.0357 11.4455 15.9060 13.7477 10.7703 22.0907 20.8567 15.4272 13.3791 21.4243 17.0294 26.1916 13.3417 21.6795 20.0998 20.6398 21.0950 18.4932 16.2173 24.6374 17.5214 17.4642 22.3607 23.9374 16.6733 22.8254 22.4499 15.9687 19.9499 18.1384 21.0000 23.0868 19.1311 17.0000 26.3059 17.8045 16.8226 23.8956 13.6015 22.4054 16.4012 13.7840 12.6095 21.9545 36.8239 37.8021 34.8425 36.4692 33.8526 32.3574 34.7419 26.7769 33.7639 38.3797 33.5261 35.4401 39.8873 35.8050 34.6410 36.3868 30.4959 30.5450 33.2866 28.9828 35.0856 34.5688 30.5614 36.0971 33.4365 35.7071 31.0161 36.0694 34.3802 32.5423
11.8322 15.5242 0.0000 11.3137 11.6190 9.4340 9.3274 9.6437 12.0416 13.1149 10.5830 14.9666 9.6437 11.4455 7.4162 10.8628 11.4455 11.4891 13.7477 16.1245 4.4721 11.7473 9.3808 11.7473 10.7703 10.4403 17.5214 9.8489 15.4272 11.4018 36.5650 36.3731 30.5123 38.4448 36.2629 34.4674 30.1828 34.5543 34.6843 31.4006 31.0966 32.4191 34.3657 34.7994 33.9853 31.3369 35.4965 36.3456 33.5410 30.3480 36.2629 36.3318 30.7896 35.0428 35.8469 34.7851 33.7491 31.9374 32.3574 35.5387 15.7162 9.3808 20.7605 9.3808 9.6437 14.0357 15.4596 17.3494 17.2337 14.7986 15.9060 12.5698 16.9115 17.4929 11.9164 9.2736 4.8990 11.8322 16.6132 18.3303 7.8102 18.0278 14.6287 17.1756 12.6491 15.8114 13.1529 23.7697 10.5357 12.5300 23.8956 24.0208 19.4422 16.8226 13.7840 19.5959 14.0712 20.7846 19.1572 20.3470 17.3494 20.5426 26.1343 15.8745 20.1742 17.2627 20.0998 23.5797 21.2368 18.3303 23.0000 17.8885 16.6733 23.9165 16.1864 24.8395 14.2829 16.8226 13.9284 25.1992 36.4280 38.3406 35.7071 36.4829 33.3617 35.4401 35.2136 26.8701 32.6343 37.0675 34.1906 34.1906 37.0945 37.4833 33.5112 35.9305 30.2490 32.1248 33.9853 28.9310 34.0294 34.3220 31.1929 35.6090 32.9393 33.1059 31.7333 35.8887 33.6898 31.5595
10.2956 10.2470 11.3137 0.0000 8.1854 7.6811 11.0905 12.5300 14.1774 13.0384 15.9374 16.4317 10.1489 11.0905 10.1489 15.6844 10.7238 11.3137 13.9642 12.0830 9.6954 18.4932 12.2474 16.1245 9.4868 11.9583 21.7945 12.9228 13.7840 9.3808 38.2230 39.3573 32.6343 40.3980 38.5097 36.4417 32.9090 35.8329 37.6165 33.6749 34.7419 35.5949 37.3497 37.6431 35.0286 34.0588 37.1753 39.3573 36.8375 32.4808 39.5348 39.0640 32.2800 37.1214 37.5366 36.7696 34.9142 32.5269 33.7194 37.1080 22.0227 13.3417 20.9523 16.3095 14.7309 13.6015 17.0587 19.2094 18.1384 17.4642 16.1555 16.9706 22.0000 18.4391 12.6491 11.4891 11.4018 9.1652 18.2757 15.4272 9.5394 21.0950 18.0555 18.1934 14.8997 20.3470 17.1756 24.2281 13.5277 19.7737 22.2486 22.7376 21.3542 16.5831 14.7648 23.3238 17.7200 20.0998 23.5160 22.6716 17.8606 22.8473 24.0624 17.1464 21.0000 19.3907 21.6795 23.4947 22.9129 18.1108 24.7184 19.4422 18.2757 24.3721 16.7332 24.8797 16.6132 17.0000 14.9666 25.3180 38.1445 40.2492 37.2693 38.2230 36.0694 35.7211 36.6879 28.0357 35.5668 39.7995 36.3731 36.1801 40.5956 39.4081 36.3731 38.7427 32.9393 33.2566 35.1710 30.6757 36.8511 36.5787 33.6303 37.8153 35.3412 37.5766 33.4813 38.4187 36.4280 34.9857
9.4340 9.7980 11.6190 8.1854 0.0000 8.7178 9.0554 13.1149 11.8322 9.6437 13.5277 14.9332 13.2665 10.6771 11.8322 13.8203 11.5758 11.8743 12.3288 11.7898 8.5440 17.5214 9.5394 12.8452 11.6190 8.1240 18.6548 11.5758 12.2882 8.7750 34.6121 35.2420 29.0517 36.5103 34.5832 32.5115 28.3196 31.6070 33.4066 29.9500 31.0805 31.4643 33.8526 33.3766 31.0483 29.5466 33.5708 35.2987 31.7175 28.8444 35.7491 35.3129 28.5132 33.9559 33.7935 32.4500 30.1993 27.9464 29.7321 33.1361 16.9706 10.6301 16.1864 15.0665 13.7113 10.2956 14.4222 15.8114 15.1658 13.7113 16.1245 13.1529 18.4120 16.5831 10.4403 10.4403 9.9499 8.5440 14.2478 13.7477 9.3808 17.7200 14.9332 16.0624 12.8452 15.5885 14.2127 22.5832 10.9545 17.2627 18.2209 19.8494 17.4642 14.7648 12.2882 20.0250 13.0000 17.4069 17.9444 18.5742 14.3527 20.1246 22.0000 13.5277 16.9706 15.3297 16.1555 21.0476 19.5448 13.6015 22.3607 14.5945 15.0665 20.3224 12.2066 19.8997 12.7671 13.2665 12.7671 20.4939 35.1568 36.8103 32.5269 35.1568 32.2800 31.5753 32.7872 24.5153 31.6544 36.0139 33.0454 32.8329 36.5650 34.7563 32.1559 34.8425 28.8097 29.4449 31.2730 26.9072 33.0606 32.5730 29.0517 33.7194 31.5595 33.3017 30.2655 34.1906 32.0624 30.7409
6.2450 10.4881 9.4340 7.6811 8.7178 0.0000 7.6158 10.8628 9.7980 12.2882 11.9583 12.3693 8.6023 9.2736 6.7823 10.7238 12.0830 12.2066 9.0554 12.5300 8.6603 14.9332 9.7468 13.6748 6.5574 8.6023 17.8885 7.2111 14.1067 8.5440 37.0135 36.9324 31.6228 38.5876 35.4965 35.1426 31.3050 34.1321 36.7423 31.7648 33.2265 34.4964 36.7151 36.2215 33.7639 32.2025 34.7707 37.5500 34.0881 30.2655 37.7359 37.9078 30.5450 35.9026 34.3802 35.3695 33.4963 31.2570 31.9374 35.4683 19.9499 9.6437 20.0000 13.5277 11.5758 11.4018 13.5647 18.5472 16.9115 15.2315 11.1355 14.1067 17.0000 16.8819 9.2195 7.2801 10.5357 8.0623 15.9687 14.3875 6.6332 21.2132 16.0312 17.0294 14.6629 17.6352 13.4164 23.3666 11.5758 14.2829 22.4499 22.7596 19.6723 15.9374 12.8452 20.4206 15.6525 17.0000 19.4936 20.7123 16.7929 21.8403 22.8035 15.1987 19.6977 18.1934 21.1424 20.7605 22.4944 16.5227 21.6795 16.5831 17.4069 21.8403 16.0935 24.0832 14.7986 14.6287 13.2288 23.7908 36.0832 38.5097 36.1386 36.7967 35.0143 33.7194 34.5109 27.5136 33.4066 37.5633 34.8999 34.0294 39.3827 36.6879 34.0881 36.5240 31.2090 31.6386 32.9242 29.1548 34.3074 34.8855 30.8545 36.3731 33.1059 35.5949 31.6228 35.8469 34.4384 32.2335
8.0623 10.0995 9.3274 11.0905 9.0554 7.6158 0.0000 8.2462 12.8062 8.7750 9.3274 10.8167 8.7178 14.2127 7.4833 8.4261 10.4881 11.0000 10.4881 11.7898 8.4261 12.5300 6.0828 11.0000 9.3274 9.8995 13.0384 9.1652 15.1327 10.6301 34.0294 33.9116 27.3130 35.4824 33.4066 31.4484 27.9643 30.4795 32.9545 28.0535 29.6648 30.4302 32.4345 32.6497 30.1662 28.6880 31.3528 33.8526 30.8545 26.4953 33.4664 33.8083 27.7308 31.2250 32.2800 32.2025 29.6311 27.9821 28.8791 31.8748 16.5529 6.5574 16.1864 9.1104 6.9282 11.4891 9.6954 14.0712 11.2250 10.0000 14.2829 11.2694 14.7986 12.8452 7.2801 6.2450 8.0623 9.4340 12.2066 11.0905 6.4807 16.1245 14.6629 11.9164 8.3066 14.7309 9.5917 21.2603 8.1240 15.0997 21.2603 20.7846 19.5192 15.9374 13.6748 20.2731 14.1067 17.5784 17.8885 20.0250 16.4317 18.9473 21.2132 15.0665 18.2757 16.1555 19.4165 20.0749 18.9209 15.1987 21.7256 14.1067 14.7986 21.9317 13.3791 21.6795 14.2478 12.5698 11.0000 22.7596 32.8938 34.7707 32.2800 32.9848 30.1662 30.3150 31.6070 24.3516 30.0998 34.3657 30.7571 31.1127 35.4260 32.9545 30.9516 32.5883 27.2764 27.7669 30.6268 25.7294 31.2890 30.8707 27.7128 32.8786 29.7321 31.0966 27.7849 32.2955 30.6268 28.4429
11.8743 14.6287 9.6437 12.5300 13.1149 10.8628 8.2462 0.0000 16.6733 9.6437 12.8452 11.8743 8.7178 16.7332 8.3666 11.7898 9.8995 10.9087 13.4907 14.5258 11.1803 11.1803 9.8489 11.0905 12.0416 11.8322 18.6011 11.3137 17.5214 12.1244 34.8999 36.4966 29.6648 37.4833 34.8999 34.3074 30.9192 33.1512 35.4683 30.7409 31.4006 32.9242 34.3511 34.9571 33.6155 30.8058 33.8674 35.8608 34.0000 28.6007 35.1852 34.6843 31.1929 33.4215 35.0714 34.4238 32.7719 32.2025 31.5278 33.7343 18.3848 10.6301 20.6882 9.6437 11.1355 14.2829 13.5647 16.1245 15.2971 14.2127 14.6969 13.7477 19.4679 13.6748 12.4499 9.6437 9.7468 12.0416 15.9060 15.3948 11.2250 17.0880 15.4596 13.6382 12.1244 15.9060 10.5830 20.3470 10.1980 16.1245 26.5707 24.1661 23.0434 18.7083 17.2337 21.4709 18.1934 22.6053 22.0454 22.2036 20.0499 21.3307 22.4054 20.1742 22.7596 20.6640 23.2594 21.2838 22.9347 19.6723 22.8035 16.9411 19.8242 25.0799 18.4120 26.3818 17.2337 17.2047 16.7033 27.1662 33.7639 36.1248 34.2637 33.8526 32.5883 32.8786 33.5410 26.2488 31.9374 35.6230 33.2566 32.3110 36.6470 35.3553 33.1059 34.4674 29.6648 29.8831 33.1059 28.0357 32.9697 32.7261 30.7571 35.0571 31.8119 32.8177 29.6311 34.4238 33.4365 31.0644
8.5440 16.1245 12.0416 14.1774 11.8322 9.7980 12.8062 16.6733 0.0000 16.2788 15.0000 15.7162 15.7480 8.2462 13.5647 11.8743 15.8114 13.9642 12.0000 17.1172 10.5357 19.3132 11.6190 16.7033 14.3875 9.0554 17.0880 9.0554 10.5357 11.3578 37.2290 36.4417 32.5269 38.1182 35.4401 35.1994 30.2985 34.4819 37.2022 32.2025 33.9411 34.5254 38.1314 35.8608 34.6699 32.4191 36.0416 38.4708 32.8634 31.8748 38.3145 39.4081 30.9031 37.7757 34.2637 35.4542 33.5857 30.4138 33.3467 36.4692 17.5499 10.9087 19.9499 16.0312 15.8745 10.7703 15.9374 18.9737 19.0788 16.8523 16.9706 15.1327 17.4069 19.9249 12.8452 11.4455 12.5300 10.2470 16.0312 19.4679 10.9545 21.5870 13.6015 20.9284 17.8045 18.8414 16.9115 24.5764 14.7648 12.5698 21.5407 22.9783 18.3576 16.9115 12.5300 19.7737 15.2643 15.9060 17.2047 18.3030 18.8149 22.7816 26.3059 15.6525 18.8680 17.5214 18.6815 23.0434 24.1661 16.4621 23.7065 18.7350 19.1050 20.2237 16.6433 24.3721 15.2643 14.3527 14.5258 21.9089 37.2827 39.0512 36.3318 38.5746 35.2136 34.8281 34.3074 29.1376 33.9411 37.6165 36.1663 35.2420 39.7869 36.7423 34.2053 37.4166 31.9061 33.5112 32.6803 30.4631 34.1028 35.0856 30.6594 36.6197 33.0151 36.0139 33.2566 35.7351 34.3511 32.6037
11.6619 13.0000 13.1149 13.0384 9.6437 12.2882 8.7750 9.6437 16.2788 0.0000 12.5698 11.8322 13.4536 16.7033 12.6886 12.8062 9.2195 10.6771 12.8452 12.0830 11.3137 13.6382 7.8740 9.0554 15.3623 9.4340 17.6352 13.3041 15.8745 11.7473 28.1247 29.6479 23.5160 30.7571 28.5832 27.1293 23.6432 25.8457 28.6880 24.2487 25.3969 26.8514 28.3373 27.8029 26.1343 23.7908 27.3130 29.9166 27.2947 22.3830 28.9655 28.7750 24.2074 27.5681 29.2062 26.9072 24.9600 24.2487 24.3926 26.5895 14.3875 8.9443 14.3178 12.2474 12.8452 9.1104 9.3274 11.3578 11.7047 8.4261 15.8430 10.4881 16.3707 10.5830 9.0554 10.3923 10.6771 10.3923 9.4868 11.4891 11.5326 12.2066 11.9164 9.2195 10.0000 11.3137 8.8882 16.0312 6.7082 17.1172 19.0526 17.3494 17.0880 12.7671 12.5698 16.5529 12.8841 17.1464 16.5831 15.8114 14.2478 16.2481 16.0935 15.1658 15.5242 14.2829 16.0624 16.5529 17.1756 12.1655 18.2483 9.6954 14.3527 18.2209 12.2474 17.9722 11.6619 11.1803 12.9615 19.6214 27.8747 30.1993 26.7395 28.0179 26.4764 26.0768 26.7955 19.6469 25.7488 29.6648 27.1477 26.2107 30.4959 28.6880 26.4764 28.0891 23.5160 23.2379 25.9037 21.7025 27.2764 26.0768 24.3105 27.8927 25.7876 27.2029 23.9374 28.4956 26.7021 24.9800
12.9615 16.7631 10.5830 15.9374 13.5277 11.9583 9.3274 12.8452 15.0000 12.5698 0.0000 11.0454 11.3578 15.7162 11.7898 9.8995 13.0767 15.8114 10.3441 14.1421 10.1980 8.3666 9.4868 9.3808 12.5698 12.4499 15.0000 10.1489 19.9499 12.8841 33.6303 31.9531 29.0345 36.1386 32.1092 31.3050 26.9258 31.3688 31.4802 28.0000 27.5500 30.8707 31.3847 30.9354 29.5466 27.7489 29.7321 33.0606 30.0500 26.2869 31.7017 33.7343 27.7128 31.7175 33.3017 30.6594 30.1164 28.7750 28.5482 31.0322 14.6629 8.0000 16.2788 11.3137 9.5394 14.9332 13.2288 16.5227 14.3875 11.7047 14.1067 6.9282 9.8995 13.2665 9.0554 7.2111 11.4018 13.4907 13.8564 14.8324 8.5440 17.7482 15.7480 13.8203 12.0830 10.6771 7.1414 21.2368 8.7750 13.0000 21.9773 21.1896 17.0294 14.2478 15.1658 16.9115 13.1149 18.9209 15.5242 17.7764 15.0000 15.4919 21.7025 14.7648 18.4662 16.1864 20.4450 17.4356 18.1934 15.8745 17.4069 13.4164 14.5602 20.4450 15.0997 21.0476 13.8564 15.9687 14.6969 22.5610 33.1813 36.4143 33.0303 33.7194 31.3209 32.6190 32.6190 26.0384 29.4788 34.5543 31.2570 30.8058 34.2345 33.8969 30.0500 31.5753 28.2312 28.9482 30.5778 26.6271 32.0312 31.5595 27.9821 32.0624 30.8707 29.5973 29.4449 33.4365 30.3480 27.8568
9.8995 15.7797 14.9666 16.4317 14.9332 12.3693 10.8167 11.8743 15.7162 11.8322 11.0454 0.0000 10.9087 17.8045 14.1067 12.8841 12.0416 13.7113 6.0828 9.7980 14.2829 14.0000 9.0554 10.3923 14.4914 12.4499 15.4596 8.7750 18.7617 10.0000 33.6601 34.1028 31.3528 37.2827 32.2025 32.8634 28.7924 31.8434 35.5949 30.1330 31.0644 34.4529 35.7071 33.0908 30.6757 29.6648 29.6985 36.9188 32.3883 27.6948 32.9697 36.2215 29.8664 33.8231 34.1321 32.4345 30.1496 29.8664 30.6105 31.8591 19.5704 10.1980 14.7986 15.5563 15.1987 13.7477 12.2882 18.0278 12.2066 13.7477 14.7986 9.8995 15.8745 9.2736 12.0830 6.9282 15.6844 10.1980 12.3288 12.9615 11.0000 19.4679 15.3623 11.6190 14.3527 14.2829 8.0623 16.4012 10.1489 17.4069 23.0000 18.4120 18.7083 15.0000 17.7200 18.9209 18.6548 18.2757 19.7231 18.0000 18.5203 15.7480 16.5831 20.0998 21.0950 19.2354 22.9783 12.4097 21.6564 16.5529 17.8045 15.1658 19.3907 18.7083 16.9115 23.6008 17.0880 14.9332 17.4356 23.0000 33.0303 36.8782 34.2199 34.7131 33.2716 32.4345 32.8024 28.5307 31.7962 35.8887 33.8969 31.7648 37.7889 33.6006 32.8481 32.8786 30.8383 30.0000 31.0000 29.2062 33.3167 32.6190 30.1164 33.7935 32.2645 33.4664 30.3150 34.7563 32.8481 30.2655
10.3441 12.4900 9.6437 10.1489 13.2665 8.6023 8.7178 8.7178 15.7480 13.4536 11.3578 10.9087 0.0000 14.8324 7.4833 13.2288 10.3923 12.3693 10.9545 11.0000 10.2470 13.3791 10.0499 12.7671 7.4162 13.6382 17.6068 9.4868 18.3576 9.8489 38.7556 38.9102 33.3167 41.3401 38.1838 36.6470 33.1964 36.3731 38.0000 33.7194 34.1174 36.3318 37.4433 37.5500 34.8999 34.0441 35.5949 39.7240 37.0135 31.7490 37.8946 39.1791 33.0303 36.4280 38.1051 37.1887 35.1283 33.9853 34.2637 36.9594 21.9089 11.0000 20.1494 13.3791 11.4018 16.1245 15.2971 19.8997 15.2315 16.1864 14.3527 13.8203 18.9473 14.7986 12.3693 7.1414 11.6190 10.4403 17.1172 14.7309 7.0711 21.0713 18.5742 14.6287 12.6886 18.5742 12.5698 22.7596 11.0454 18.0000 25.2190 22.9347 21.9317 17.4356 17.7482 22.9565 19.1572 21.3776 23.5797 23.3024 19.1833 20.1742 23.0651 19.4165 23.1948 20.6640 24.9600 20.7605 22.2261 20.0250 23.1517 19.3132 19.0526 25.0400 17.8606 26.7582 18.0278 17.8885 16.0312 27.0185 37.7359 40.5586 38.4448 38.1838 36.1109 36.7831 37.5100 29.9833 35.5246 40.0874 36.3043 36.1939 40.8534 39.1918 36.6879 37.6298 33.4365 33.6303 35.9722 31.6544 37.2156 36.7831 34.0294 38.1182 35.8887 36.5650 33.4365 38.8716 36.6606 34.2491
11.5326 15.2315 11.4455 11.0905 10.6771 9.2736 14.2127 16.7332 8.2462 16.7033 15.7162 17.8045 14.8324 0.0000 12.1655 16.0312 15.7480 15.9060 13.7113 17.1756 9.8489 19.3649 13.8203 16.2788 12.2882 9.1652 21.9545 10.4881 13.8924 10.7238 39.6989 38.7298 34.5543 40.8044 38.0000 37.3765 32.7414 37.2156 37.9473 34.7419 34.9857 36.2215 39.0896 37.9210 36.4966 34.0735 38.6652 40.2492 35.5809 33.9116 40.6940 40.8779 32.8786 39.8372 37.0135 37.2961 35.9166 33.2415 34.8999 38.7814 19.7484 12.8452 22.5389 18.4120 17.5499 13.2665 19.0263 22.0000 22.0907 19.5448 15.1658 16.0935 19.5704 22.2036 14.5258 12.8452 12.6886 11.1803 19.0000 21.5639 11.1355 23.5797 16.6433 22.1811 19.2614 19.6723 18.1659 26.9444 14.6969 13.9284 22.4944 24.3311 18.5742 16.7929 13.3791 20.2731 15.7162 18.5742 19.5448 20.0250 16.9115 23.6432 27.3496 14.7986 19.7990 19.0000 19.8242 24.1039 23.6643 18.1384 23.9165 19.3649 19.4165 22.0227 17.0000 25.5343 14.4568 17.4356 16.5227 22.8035 39.9249 41.7732 38.4708 40.5463 38.0789 37.7757 37.2156 30.1164 36.0555 40.3113 38.1314 37.3631 41.2674 39.9249 35.9722 39.5474 33.8821 35.5387 35.2704 32.0000 37.2961 37.7227 33.1662 38.8201 36.0555 37.6696 35.3836 38.9744 37.0135 35.0000
10.8167 11.5758 7.4162 10.1489 11.8322 6.7823 7.4833 8.3666 13.5647 12.6886 11.7898 14.1067 7.4833 12.1655 0.0000 11.7047 13.0384 13.6748 13.1909 15.5242 8.5440 12.6886 10.4403 12.7671 6.5574 11.1355 17.6068 9.5917 17.6918 12.2882 37.7359 36.9865 30.5941 38.5097 36.3868 34.9142 31.8434 34.4238 35.6371 31.6070 32.2800 33.1964 35.3270 36.2767 34.1467 32.0156 35.5387 36.7423 34.2053 30.0000 37.3095 36.7287 30.8058 34.6554 34.4964 35.8748 33.8526 32.4191 32.0624 35.9166 19.7990 9.7468 22.2711 11.2694 9.1652 14.2829 14.1421 19.2873 17.5499 15.2971 12.0000 14.7986 17.2916 18.0278 11.1803 9.2195 8.5440 11.8743 16.8819 16.8819 7.7460 20.6398 17.5784 16.2481 13.3041 18.1384 13.1149 25.2190 10.7703 13.7840 24.9399 24.8596 21.5639 18.2209 14.6629 21.3307 15.9060 19.7737 20.5913 22.9565 17.4356 22.6495 24.8998 15.8430 21.0238 19.0526 22.4277 23.2594 21.2132 19.0526 23.6220 17.2916 17.5784 24.9600 16.8226 25.6515 15.0665 16.2481 13.6015 25.4558 36.0832 37.8286 36.1109 36.0278 34.2929 34.3657 34.9714 26.9629 32.8938 37.2693 33.7046 34.2345 38.3797 36.8782 33.7046 36.0000 30.3315 31.4166 33.9116 28.7402 34.2199 34.5688 30.7246 36.4829 32.9242 33.9853 30.9516 35.7351 34.3511 31.6702
10.1980 17.1756 10.8628 15.6844 13.8203 10.7238 8.4261 11.7898 11.8743 12.8062 9.8995 12.8841 13.2288 16.0312 11.7047 0.0000 13.1529 12.7279 11.8743 16.6733 11.3137 11.8322 9.7980 14.6287 14.0712 11.8743 14.1067 10.8167 15.2315 14.2127 32.6956 32.6037 27.8029 34.3220 31.5753 31.7490 27.6225 30.4631 33.6006 27.0924 29.4109 30.7409 32.5423 32.0780 31.2890 28.7402 30.8221 32.6650 29.9166 26.3249 33.0000 33.6452 27.7849 31.5911 31.3209 31.6228 30.9354 28.1780 29.0689 31.1288 14.7309 8.3666 18.7350 7.2111 8.4261 12.1244 11.0905 13.0000 15.0000 11.1803 15.5885 12.6491 13.2665 14.1421 7.8740 8.8318 10.5830 12.8841 14.1421 14.2829 10.6301 16.7631 13.1149 16.3401 12.8841 14.8324 11.0000 20.7605 12.2882 12.1244 23.8537 23.6854 21.0238 17.0587 13.9284 19.2873 15.0333 18.1659 16.6433 19.1833 19.7737 20.6882 23.4734 16.9706 19.3649 17.7764 20.8806 21.1187 23.0434 16.5529 20.9045 15.7480 17.2627 22.2261 17.7764 23.3880 16.4317 14.5258 13.4907 24.8395 31.5436 34.2053 32.4191 32.4500 29.9833 30.1993 30.3645 25.3772 29.1033 32.6190 30.8058 29.7153 34.4384 32.6037 29.8496 32.2335 27.4773 28.0713 29.4449 25.7876 29.3598 30.2324 27.0000 32.2490 28.3019 30.6268 27.9464 30.6920 29.7153 27.8209
10.8167 15.3623 11.4455 10.7238 11.5758 12.0830 10.4881 9.8995 15.8114 9.2195 13.0767 12.0416 10.3923 15.7480 13.0384 13.1529 0.0000 6.4031 12.4097 9.9499 10.2470 14.6629 8.5440 12.5300 15.0000 11.7473 19.1311 12.8841 13.4536 9.1104 32.7109 35.0143 29.2575 36.6742 34.2053 32.4808 28.3549 32.0156 34.2345 29.5466 30.1662 32.6190 33.3167 32.5576 31.2730 29.6479 32.0156 36.0555 33.5857 28.1069 33.3766 34.8855 29.8496 33.0606 35.9444 32.0780 31.0161 29.3428 30.7896 32.0312 16.7332 9.9499 15.6205 12.9228 14.1421 11.6619 13.3417 12.6491 12.8841 12.5698 18.2209 11.5326 19.4165 9.9499 10.8167 9.2195 10.8167 8.1854 13.3041 13.1529 10.1980 13.4907 11.9583 12.4900 10.7238 15.1327 11.9164 15.4919 9.2736 18.9737 21.5870 18.6548 19.5704 12.8841 15.2643 19.9249 17.2916 20.3715 21.6333 17.8045 18.4932 16.2173 19.6469 19.0526 19.3907 17.8606 20.3224 18.4662 21.1187 16.2173 20.6398 16.8226 17.5784 21.2838 15.8430 23.1948 16.1555 15.5563 15.7162 24.2487 33.1361 36.1801 33.3167 33.7935 31.2410 33.0000 32.7261 25.8263 31.8748 35.5949 32.9242 31.5911 35.7631 35.4683 32.6497 33.7343 29.8998 29.8496 31.5911 27.7849 33.3916 31.7333 31.0805 33.3617 31.6544 32.8481 29.8329 34.8855 32.3728 31.0322
9.7980 15.3297 11.4891 11.3137 11.8743 12.2066 11.0000 10.9087 13.9642 10.6771 15.8114 13.7113 12.3693 15.9060 13.6748 12.7279 6.4031 0.0000 13.8203 12.2474 10.2956 17.3781 8.4853 14.7648 16.1864 11.7047 17.8045 13.3791 9.7980 10.1980 32.5730 35.3695 28.6182 35.9166 34.3948 32.2180 28.1603 31.4325 34.9714 29.4618 31.1288 32.1092 34.1028 32.9393 31.6386 30.1330 32.7719 36.2905 33.0908 28.6880 34.0441 35.1568 29.4958 33.1964 34.9142 32.6497 30.7409 28.6007 31.1609 32.6037 17.2337 11.1355 16.5227 12.5698 14.3875 10.6301 13.0767 12.6095 12.9228 13.0000 20.4206 14.3527 20.7846 12.5698 12.1655 10.8628 10.2956 8.1240 13.3417 14.0712 11.1803 13.9642 11.1355 14.3875 11.4891 17.6068 14.7309 16.7033 11.7047 19.3649 21.1896 19.0526 20.0998 14.8661 14.2829 21.0238 17.4356 19.2873 21.7486 18.3848 19.9750 18.7083 21.2368 19.5448 19.3132 17.1464 19.1833 21.1187 22.5610 16.0624 23.1733 18.4391 18.0000 21.5407 15.9374 23.5584 16.7332 14.0357 14.2127 24.2693 33.1210 35.3836 33.0000 33.8969 30.4138 32.0624 32.0624 25.4558 31.8277 35.0714 32.9393 31.8277 36.3318 34.7994 33.0303 34.2783 29.4109 29.7658 31.3209 27.8029 32.2180 31.4325 30.7083 33.3467 30.7083 33.5857 29.4109 33.8526 32.1092 31.0483
7.4162 14.7648 13.7477 13.9642 12.3288 9.0554 10.4881 13.4907 12.0000 12.8452 10.3441 6.0828 10.9545 13.7113 13.1909 11.8743 12.4097 13.8203 0.0000 9.6437 12.5300 14.7986 9.5394 11.8743 12.2882 10.0995 16.7332 6.3246 16.4621 7.5498 35.0143 35.0143 32.5269 38.3275 33.0454 34.1321 29.4618 33.1210 36.4966 31.1288 32.1559 35.3836 36.8511 34.2345 31.7805 30.7409 31.2890 37.7094 32.9242 29.0517 35.0714 37.8286 30.1828 35.7351 34.5832 33.3317 31.6228 30.1496 31.2730 33.3167 19.4422 9.9499 15.5563 16.1555 15.0997 12.3288 13.2665 18.6548 14.6287 14.7648 12.8062 10.2470 14.9332 12.5300 10.4403 5.7446 15.0000 8.3066 13.8203 13.3041 9.1652 21.0238 15.0665 15.0997 15.7797 14.6629 10.2956 18.8149 11.1355 15.6844 21.5407 19.1311 17.2337 13.7113 15.4596 18.3030 17.1756 16.5227 18.3303 17.2337 17.0880 17.1172 18.4391 17.7482 19.7990 18.4120 21.7486 13.8203 22.4054 15.2643 17.2047 15.2643 18.4120 17.5784 16.2788 22.9783 15.9060 14.7648 16.3401 22.2261 34.7851 38.5876 35.4965 36.4966 34.8138 33.4215 33.7787 29.0345 32.8938 37.1080 35.2987 32.8024 38.9744 35.1568 33.5261 34.6410 31.7805 31.3209 31.5278 29.7658 34.2491 34.1321 30.6920 34.9428 33.2265 35.0000 31.6860 35.7351 33.7046 31.3209
10.2956 12.1244 16.1245 12.0830 11.7898 12.5300 11.7898 14.5258 17.1172 12.0830 14.1421 9.7980 11.0000 17.1756 15.5242 16.6733 9.9499 12.2474 9.6437 0.0000 13.7113 18.7617 10.1980 13.6382 14.0000 14.1067 18.0278 12.7671 16.8523 8.0000 35.3129 36.5103 32.1092 39.2683 35.7351 33.6452 29.8496 33.1361 36.1801 31.7805 32.7872 35.3977 36.2905 34.3948 30.7083 31.5595 31.7805 38.8458 34.8569 29.9166 35.1141 37.9737 30.5941 34.8999 37.0000 33.6155 30.7409 29.5635 31.8591 33.5112 21.9773 12.8062 12.6095 18.4932 16.8226 14.4568 14.9332 18.3030 11.2694 15.0000 18.5742 12.8062 19.8997 11.1355 12.8841 9.3808 15.9374 8.2462 13.8564 10.3923 10.4403 19.5192 17.7200 12.3693 13.0384 17.6068 13.5277 18.1934 11.6190 22.7376 19.1572 15.3948 18.4932 13.6015 17.7200 22.1811 19.1833 18.6011 22.7376 19.4936 17.4642 15.5563 16.8819 19.4936 20.3224 18.3848 21.9089 15.4919 20.2731 15.6205 20.9523 17.4356 17.7200 19.8494 14.6969 21.9773 17.6635 15.2643 16.4317 22.4277 35.7911 39.1152 35.3129 36.7015 34.1028 33.9116 35.1283 28.7402 34.2491 38.7814 35.1994 34.3074 39.5727 36.3731 35.2846 35.3977 32.4191 31.3688 32.9697 30.4138 36.2491 34.5543 32.6037 35.0999 34.6554 36.0278 32.1403 37.4967 34.5688 33.0151
10.1980 13.1529 4.4721 9.6954 8.5440 8.6603 8.4261 11.1803 10.5357 11.3137 10.1980 14.2829 10.2470 9.8489 8.5440 11.3137 10.2470 10.2956 12.5300 13.7113 0.0000 13.5647 7.2111 10.8628 10.8628 8.6603 16.2173 9.6437 13.4164 9.4868 34.9428 34.5398 28.8617 36.7151 34.8569 32.1870 27.8747 32.4345 32.6956 29.6648 29.6142 30.7083 32.9090 32.7567 31.4166 29.4618 33.6749 35.1426 31.6386 28.8617 34.6843 35.1852 28.5307 33.5261 34.2491 32.6803 31.1288 29.0517 30.4138 33.7491 14.5945 7.7460 17.5784 10.9545 10.1489 11.5326 13.8924 15.9060 15.1327 12.7671 16.2788 10.9545 15.7480 16.3095 10.0995 8.3666 4.4721 9.3808 13.9284 16.3707 5.7446 16.5227 13.2665 15.4596 10.9545 14.7648 12.7671 22.5167 8.6603 13.6015 19.7737 20.5670 16.3095 13.8203 11.1355 18.1108 11.4018 17.7764 17.1756 17.8326 14.3178 18.1659 23.9792 12.8841 16.8819 13.9284 16.7332 21.8174 18.3030 14.9666 21.7945 15.8114 13.7113 21.0238 12.4900 21.4243 11.4891 13.8203 11.2250 21.6102 35.2278 36.9865 33.6898 35.3129 31.7017 33.6452 33.5261 25.0599 31.2250 35.8887 32.5730 32.9697 35.8608 35.7351 31.9844 34.3948 28.6880 30.4631 31.9844 27.3313 32.8938 32.6803 29.4449 33.6749 31.5436 31.9687 30.3809 34.6121 31.9218 30.0998
17.0880 20.8567 11.7473 18.4932 17.5214 14.9332 12.5300 11.1803 19.3132 13.6382 8.3666 14.0000 13.3791 19.3649 12.6886 11.8322 14.6629 17.3781 14.7986 18.7617 13.5647 0.0000 13.4907 10.7703 15.7480 14.7986 20.0250 13.9642 23.2379 16.8523 32.5423 32.1714 28.6880 35.5809 31.1609 32.0936 28.1603 31.6860 31.7333 28.0000 26.8142 30.7734 30.4795 31.2570 31.1609 27.5681 30.0666 31.7333 30.7734 25.5147 31.1609 31.7175 28.8444 31.1769 33.2415 30.8545 31.6702 31.2410 28.4077 30.5778 15.8430 12.0830 21.6564 10.3923 11.2694 17.5214 15.0000 17.5784 18.4662 14.3178 14.0357 11.4018 13.4907 15.0333 12.4900 11.8322 13.0384 17.4356 17.4356 18.1108 13.6015 18.3030 16.7929 15.7162 15.2971 11.3137 8.3066 21.1424 11.5326 13.0767 27.1846 25.6320 21.1660 17.7482 17.6635 17.3781 16.2481 23.2379 18.4120 20.3961 18.5203 18.9737 22.9565 18.8149 21.7945 19.9499 23.6220 19.5959 21.9317 19.7990 17.4069 14.9666 18.3848 23.7065 19.8997 24.7184 16.4317 19.7737 18.4932 27.0370 31.3528 35.0143 32.8177 31.7648 31.1929 32.4654 32.0312 25.3377 28.5132 32.8634 30.8058 28.9310 32.5269 33.7194 29.2746 30.7409 27.6586 28.2843 30.8383 25.9808 30.7896 30.8221 28.3373 31.9061 30.0167 28.3901 28.3019 32.4345 30.2820 27.3130
7.6158 12.0416 9.3808 12.2474 9.5394 9.7468 6.0828 9.8489 11.6190 7.8740 9.4868 9.0554 10.0499 13.8203 10.4403 9.7980 8.5440 8.4853 9.5394 10.1980 7.2111 13.4907 0.0000 8.8318 12.6491 8.5440 11.9583 8.6603 13.3417 8.6023 31.8591 31.9218 26.6646 34.0588 31.7962 29.3598 25.3574 29.0172 31.4166 26.9072 27.9464 29.3428 31.5753 30.2159 28.2312 26.9072 29.6648 33.5410 29.2404 25.7488 31.2890 33.0757 26.3439 30.5941 31.7017 30.0666 27.4044 26.0000 28.0535 30.3480 14.1774 4.6904 12.6886 10.5830 10.2470 9.2195 9.2195 13.0000 9.2195 8.5440 16.4621 8.2462 14.2127 10.6771 8.2462 5.6569 8.0000 7.0711 8.3666 12.1655 6.2450 13.8203 11.2250 10.0499 7.8740 12.9615 8.8882 17.8606 5.5678 15.0665 18.2483 16.5227 15.6844 12.3693 12.0000 17.3205 12.4900 15.4272 16.2173 15.7480 14.7309 14.8324 19.1050 14.4914 15.8430 13.1149 16.4924 17.3781 16.8819 12.4900 19.8746 13.1149 13.5647 18.2209 10.8628 19.5704 11.9164 9.9499 10.5830 19.5192 31.7648 33.9116 30.8383 32.3574 28.8964 30.1330 30.3645 23.7908 28.9310 33.2866 30.1496 30.1828 34.2345 31.8277 29.9166 31.1288 26.6646 27.3496 29.0000 25.4362 30.3974 29.5296 26.9629 30.9839 28.8964 30.0333 27.4044 31.7805 29.4449 27.4955
14.0712 16.0312 11.7473 16.1245 12.8452 13.6748 11.0000 11.0905 16.7033 9.0554 9.3808 10.3923 12.7671 16.2788 12.7671 14.6287 12.5300 14.7648 11.8743 13.6382 10.8628 10.7703 8.8318 0.0000 14.9666 10.3441 17.3494 11.0905 20.0499 11.7473 31.4166 30.9354 27.4044 34.4093 30.4138 29.4958 25.1595 29.4618 29.7489 27.5318 26.0576 29.2062 30.4467 29.2404 27.9821 25.3772 28.9137 32.5423 28.6880 25.0799 30.0500 31.5278 26.7582 30.7571 32.1403 28.9482 27.2947 27.8568 27.0740 29.5804 14.4568 9.4868 15.5242 13.8564 13.8203 13.7477 13.2288 17.2337 14.0357 12.2066 15.0000 6.6332 14.2127 12.9615 12.5698 9.7980 11.6619 12.7279 12.0000 16.4317 11.0905 16.3401 14.2829 11.0000 12.6491 8.8318 6.8557 18.8414 5.9161 14.7309 21.0476 18.5742 14.6969 13.6748 15.0997 14.7648 12.8841 19.1833 15.7162 15.7480 12.9228 14.1421 18.6279 15.6205 17.6918 15.0997 17.8885 15.4272 16.3401 14.8997 16.8226 11.1355 15.2971 18.1108 12.9615 19.9249 11.2250 14.7309 15.7480 20.0250 31.5753 34.2929 30.3480 31.9531 30.0500 30.9839 30.8869 23.7487 28.0535 32.9545 30.4138 29.4449 32.7109 31.7017 28.7924 29.8161 26.4764 27.2764 29.1719 25.3969 30.6594 29.7321 26.9629 30.3645 29.7153 28.1780 27.7669 32.3110 29.4449 26.6833
10.8628 10.2470 10.7703 9.4868 11.6190 6.5574 9.3274 12.0416 14.3875 15.3623 12.5698 14.4914 7.4162 12.2882 6.5574 14.0712 15.0000 16.1864 12.2882 14.0000 10.8628 15.7480 12.6491 14.9666 0.0000 13.4536 18.8414 9.7468 19.0263 11.5758 41.1218 40.1871 34.4819 42.4028 39.5348 38.1576 34.8281 37.6298 38.8458 35.0428 35.8190 37.0270 38.8201 39.4588 36.4005 35.4401 37.8418 40.2119 37.3497 33.3617 40.6817 40.5956 33.5857 38.0789 37.8550 38.7814 36.5103 34.7851 34.9714 38.8458 23.2594 12.6491 22.5610 15.2971 11.7898 16.9411 17.3494 22.3830 18.5742 18.2483 12.4499 16.3095 19.1311 19.5448 13.0384 9.5917 12.4097 12.4097 19.4422 16.5529 8.1854 24.3516 21.2132 18.5203 15.4919 20.2978 15.2643 27.5862 13.6748 17.1172 25.4362 25.5930 22.7156 19.6723 17.4356 24.2074 18.3848 20.9762 22.8692 25.1794 18.4662 24.0000 25.9422 17.3781 23.4307 21.2603 24.8998 23.6643 23.0000 20.4939 25.0799 19.5959 19.1833 26.3059 18.1659 26.8514 17.8326 18.4662 15.8114 26.7769 39.9124 42.0951 39.5095 39.9375 38.0920 37.2827 38.7040 30.6594 36.5377 41.3763 37.4299 37.9078 42.3792 40.2368 37.4032 39.5348 34.1614 34.6410 36.9730 32.2955 38.1314 38.5227 34.0147 39.6989 36.9459 37.9737 34.8281 39.5727 37.8021 35.3553
8.7750 14.0000 10.4403 11.9583 8.1240 8.6023 9.8995 11.8322 9.0554 9.4340 12.4499 12.4499 13.6382 9.1652 11.1355 11.8743 11.7473 11.7047 10.0995 14.1067 8.6603 14.7986 8.5440 10.3441 13.4536 0.0000 18.3303 8.3666 12.4499 8.6603 32.4962 32.7719 28.3901 34.4529 31.2090 31.3528 26.6833 30.3809 32.7109 28.4429 29.0861 30.6920 33.3766 31.6860 30.5614 27.4044 31.8277 34.1174 29.4958 27.0185 33.7639 34.0147 27.4773 33.4813 31.3369 30.8707 29.3258 27.6225 28.6356 31.6860 14.2829 8.1854 17.2047 13.8924 14.4914 7.3485 12.4900 15.7480 16.5529 13.1149 13.4164 10.8167 15.5242 15.7162 10.0499 9.3274 9.9499 8.1854 12.5300 16.5831 10.0000 17.2047 10.3441 15.9374 14.8661 13.0000 11.6619 19.9499 9.0554 11.7473 19.7484 19.8494 15.4596 13.1149 10.1489 15.2643 12.0416 15.6525 14.6969 14.6629 14.1421 18.7883 20.6882 13.5277 15.6844 15.0000 15.5242 18.3576 20.2978 12.8452 18.6011 12.4499 16.0935 17.0000 13.2288 20.8806 10.3441 12.1655 13.6748 19.3391 32.6803 34.8855 31.4960 33.4664 31.5278 30.7083 30.3809 24.1039 29.5973 33.4215 32.1870 30.1993 34.8569 32.5576 29.7321 32.5576 27.5318 28.4781 28.9828 25.7682 30.6431 30.6757 27.1293 32.2335 29.4618 31.3847 28.4605 32.0468 30.6268 28.4077
15.1327 17.3781 17.5214 21.7945 18.6548 17.8885 13.0384 18.6011 17.0880 17.6352 15.0000 15.4596 17.6068 21.9545 17.6068 14.1067 19.1311 17.8045 16.7332 18.0278 16.2173 20.0250 11.9583 17.3494 18.8414 18.3303 0.0000 15.8745 20.3224 18.6815 35.0143 32.4962 27.6043 35.0286 34.1467 29.6816 26.8328 29.7153 32.7109 27.6948 30.1662 29.8998 33.1059 31.6544 28.6705 29.1376 30.3150 34.6699 29.1548 27.5318 31.9687 35.1710 27.1846 30.3809 31.7175 32.3883 27.7489 26.1725 30.0998 32.3110 19.3391 12.7671 15.6205 15.3297 13.4164 17.7764 13.5647 18.4391 11.0454 12.8841 23.7065 15.7162 15.5885 17.0000 15.3297 14.1067 16.0312 16.9411 13.0000 16.8226 14.0712 19.2873 19.2094 15.0997 12.2882 20.0749 15.8745 24.8193 15.0333 20.2978 21.2603 20.3470 20.9523 20.3961 18.9473 23.8118 17.8045 17.8606 18.9737 22.1133 20.9762 19.4679 24.7790 19.0526 20.0499 16.8819 21.1896 23.3880 18.8680 17.9165 26.4953 19.2614 17.0000 23.3024 15.3297 22.4054 19.0526 13.7113 13.3791 22.1811 33.8821 34.7707 32.6190 34.2929 28.7054 30.9677 32.0468 27.5862 30.4302 34.8281 30.2655 33.0151 36.3731 31.6544 31.6860 31.9374 27.8209 28.9655 30.9192 27.9285 31.3847 30.7734 27.3861 32.4191 29.8664 30.8383 28.7054 32.0780 29.9666 27.9106
7.0000 14.0000 9.8489 12.9228 11.5758 7.2111 9.1652 11.3137 9.0554 13.3041 10.1489 8.7750 9.4868 10.4881 9.5917 10.8167 12.8841 13.3791 6.3246 12.7671 9.6437 13.9642 8.6603 11.0905 9.7468 8.3666 15.8745 0.0000 15.3948 7.5498 37.3898 36.7967 33.1662 39.5348 35.3270 35.7071 31.1127 35.0000 37.3095 32.6956 33.3467 35.5246 37.8682 36.0832 34.2637 32.2335 34.6266 38.7556 33.9411 30.9839 37.2559 38.8973 31.7333 37.1349 35.5246 35.5668 33.5857 32.1403 33.1964 35.9166 18.3848 8.4261 18.4932 14.0357 13.3417 12.4900 14.3527 19.3907 16.1864 15.6205 12.1655 11.0000 15.7162 15.5885 11.5326 5.5678 11.7898 8.5440 14.9332 16.6433 7.6158 21.2132 14.8661 16.5529 15.3297 15.6525 11.1355 22.1359 10.6771 12.1655 23.4947 22.0454 18.4662 16.1864 15.1327 19.1050 16.3401 17.9722 18.3848 19.0000 17.6068 19.8242 22.8473 17.1172 20.8327 18.8414 21.6564 18.5203 22.6274 17.2916 20.7364 16.6433 19.0526 20.5670 16.4621 25.0599 15.2643 15.2971 15.7797 23.2809 36.9053 39.6611 36.9053 38.0789 35.9166 35.3412 35.3977 29.7153 34.0588 38.3275 36.3318 34.9857 39.9875 36.9053 34.6987 36.5787 32.4037 33.0908 33.6155 30.8221 35.1994 35.5668 31.5278 36.8917 34.2345 35.5387 33.0454 36.8375 35.1568 32.5730
10.9545 17.4642 15.4272 13.7840 12.2882 14.1067 15.1327 17.5214 10.5357 15.8745 19.9499 18.7617 18.3576 13.8924 17.6918 15.2315 13.4536 9.7980 16.4621 16.8523 13.4164 23.2379 13.3417 20.0499 19.0263 12.4499 20.3224 15.3948 0.0000 12.7279 35.7631 37.9342 31.6702 37.8153 36.8375 35.2420 30.4795 34.0881 38.0395 32.3419 34.9714 34.6843 38.0132 35.9861 35.0286 33.1059 36.8511 39.1535 34.5688 32.5115 38.4838 39.0640 31.8748 37.5233 36.3180 35.4965 33.4813 29.7321 34.2491 36.1248 18.5742 14.4222 19.1572 17.4929 19.0000 11.0000 17.3494 15.5885 18.2483 17.4069 23.0000 18.3848 23.4094 19.0788 15.2971 15.1658 14.0000 10.4881 16.8523 18.7617 14.9332 18.3030 12.5698 21.2368 17.2627 21.4476 20.1246 22.0227 17.0000 20.0250 21.4243 22.0681 21.7256 18.0278 15.0333 23.5372 18.9209 19.3907 22.0681 19.5448 22.5167 23.7487 26.2107 20.1494 20.1742 19.2873 18.7083 25.3772 26.3249 17.4356 26.9629 21.5407 21.0713 22.4944 18.0000 25.3180 18.8680 15.6525 16.4317 24.2693 36.8646 38.2623 35.3695 37.8286 33.6303 34.1467 33.9116 28.5307 34.9428 37.6563 36.4280 35.2278 39.5221 37.1349 35.3412 38.1445 32.2335 33.2265 33.1210 30.5450 34.4384 34.2929 32.3574 36.4692 32.8786 37.1214 32.9393 35.7491 34.5977 34.0881
7.0711 12.7671 11.4018 9.3808 8.7750 8.5440 10.6301 12.1244 11.3578 11.7473 12.8841 10.0000 9.8489 10.7238 12.2882 14.2127 9.1104 10.1980 7.5498 8.0000 9.4868 16.8523 8.6023 11.7473 11.5758 8.6603 18.6815 7.5498 12.7279 0.0000 36.5923 37.6165 33.3017 40.0500 36.2629 35.5528 30.8058 34.9857 37.3497 33.1964 33.6601 35.9861 37.8021 35.8190 33.6303 32.4345 34.7275 39.6611 35.1426 31.5753 37.3229 39.1152 31.9687 37.4433 37.3497 35.0999 33.0606 31.4643 33.4215 35.6511 19.1572 10.4881 15.9060 16.3707 15.9687 11.7047 15.5242 18.3030 14.9332 15.9060 15.6525 11.4891 19.1833 14.0712 12.3288 7.2111 12.3288 4.6904 14.6969 14.8997 8.3066 19.6723 14.3527 15.7162 14.5602 16.1864 13.0767 19.6723 10.6301 17.4642 20.8087 18.7350 17.4356 13.7477 15.0997 19.9499 17.0880 18.4932 20.6155 17.8885 16.9411 17.9444 20.7123 17.8885 20.0749 18.1659 20.2978 17.6068 22.1133 15.8745 20.8567 17.2627 18.4932 19.5448 15.0333 23.7276 15.4272 15.2643 16.1864 22.5610 37.3229 40.2741 36.5650 38.3275 35.7911 35.6090 35.8887 29.2916 34.9714 39.2428 37.0000 35.3412 40.2244 37.8021 35.6791 37.1887 33.0908 33.2265 33.9264 31.1609 36.4143 35.8050 33.0000 36.6879 35.1710 36.6879 33.5410 38.0263 35.7071 33.8821
35.5949 37.9210 36.5650 38.2230 34.6121 37.0135 34.0294 34.8999 37.2290 28.1247 33.6303 33.6601 38.7556 39.6989 37.7359 32.6956 32.7109 32.5730 35.0143 35.3129 34.9428 32.5423 31.8591 31.4166 41.1218 32.4962 35.0143 37.3898 35.7631 36.5923 0.0000 14.6287 17.4929 13.8203 12.3288 14.3875 14.1421 12.6886 19.3391 13.1529 14.9666 18.6548 17.9444 12.1655 16.8523 12.8452 13.9642 16.9115 16.6132 13.1909 13.4164 14.3178 16.8226 17.4069 20.6398 10.0499 15.6844 16.9411 14.2127 8.8318 27.1662 31.9844 28.9828 32.2955 34.2345 28.9137 27.0185 25.5734 30.7246 25.6125 37.3095 30.5778 29.3769 28.5832 30.0500 34.6554 34.0147 34.6554 26.3629 30.8058 35.8050 24.9800 27.5500 28.3549 31.8277 26.7769 30.0333 23.8747 30.4631 35.1568 28.3196 27.2397 28.4077 27.1293 27.8747 23.9374 27.9464 28.6880 25.8844 23.8537 29.4958 27.3679 23.6643 30.8058 24.3721 25.8650 25.6710 28.2312 29.4958 24.5561 24.7386 24.2281 27.9106 24.6779 29.9166 22.5389 28.1247 27.1293 30.4467 27.3861 10.8628 16.0935 12.7279 12.7279 16.3707 16.2788 12.1244 17.1172 13.3417 11.6190 17.7764 10.5830 15.0665 15.2315 15.0333 13.8564 16.7332 13.9642 12.0000 15.6844 14.7309 11.3578 17.3781 10.1489 13.9284 17.6918 16.1245 15.2643 13.1909 15.9060
36.0694 37.3095 36.3731 39.3573 35.2420 36.9324 33.9116 36.4966 36.4417 29.6479 31.9531 34.1028 38.9102 38.7298 36.9865 32.6037 35.0143 35.3695 35.0143 36.5103 34.5398 32.1714 31.9218 30.9354 40.1871 32.7719 32.4962 36.7967 37.9342 37.6165 14.6287 0.0000 15.9374 12.6886 12.3288 10.5357 12.0830 12.1244 13.4907 10.7238 11.5758 15.6205 15.0997 9.2736 12.9615 10.9087 13.0000 13.6382 10.0000 12.9615 12.2474 15.5242 11.6190 15.0665 15.6844 9.5394 13.8564 14.4568 11.4891 11.4018 26.8701 31.0322 29.3598 32.5423 33.1964 29.8664 26.8701 28.3901 31.3369 25.1794 36.1939 29.7153 25.0000 30.9031 29.6816 34.4819 33.9559 35.6791 25.9037 32.5115 34.9285 27.4955 29.4788 28.6705 31.7648 26.8142 29.8664 29.2575 29.7993 33.0454 26.4575 27.2397 25.4755 26.6833 27.0000 22.4722 25.3180 25.9037 21.9089 23.5584 26.4953 26.6646 26.4197 26.8514 21.4476 23.5584 24.3926 28.8964 25.2190 24.0208 24.6171 22.9565 25.0000 23.6854 27.7669 19.6469 25.9037 26.1916 28.4077 23.1084 14.8997 17.0587 13.7113 14.8324 16.1245 17.5214 13.4536 18.4662 10.8628 12.9228 13.7840 13.1909 14.0357 14.0712 8.8318 10.1980 14.5602 14.5258 10.3923 15.6205 13.5277 12.4499 13.1909 9.1104 14.0712 13.0767 15.7480 14.5945 10.5830 10.7238
31.1609 30.1330 30.5123 32.6343 29.0517 31.6228 27.3130 29.6648 32.5269 23.5160 29.0345 31.3528 33.3167 34.5543 30.5941 27.8029 29.2575 28.6182 32.5269 32.1092 28.8617 28.6880 26.6646 27.4044 34.4819 28.3901 27.6043 33.1662 31.6702 33.3017 17.4929 15.9374 0.0000 13.6015 19.8494 11.7898 13.6382 11.1803 14.1421 9.3274 13.9284 8.9443 11.8322 14.7648 15.0997 12.6095 19.0000 13.4164 14.2127 11.4891 16.9115 12.4499 11.4455 10.1489 16.9706 15.6525 14.0000 13.3041 12.0000 15.0997 23.4094 26.4764 26.4953 25.6320 26.3818 25.3377 21.3542 21.5407 25.2982 19.4936 33.4066 27.4408 24.8395 27.1477 25.0000 30.3480 26.9258 30.7734 22.1133 26.7769 29.9333 20.2978 25.6320 23.3238 24.1039 25.1595 26.7582 27.8568 25.1396 30.7571 24.1247 25.7682 25.9422 25.5343 22.9129 24.3516 21.7945 24.5967 21.9089 24.8395 24.4540 26.4764 25.8844 23.4734 18.9737 19.9750 20.2731 30.6431 21.5407 21.5174 27.7489 20.7605 20.4206 26.1343 22.6495 18.4932 22.9129 21.4942 21.6564 23.5797 15.9374 13.0000 11.5758 12.1655 7.3485 13.0000 13.3791 10.0499 12.1655 14.1774 8.9443 15.0333 14.3875 15.0333 12.3288 14.3527 6.7823 10.0499 14.8324 9.1652 12.3693 9.7468 12.8062 13.0767 10.0995 12.5300 9.2736 12.1244 10.0000 11.0000
