0.0000 1.9518 5.2248 1.5263 2.2281 1.7067 3.5088 1.8261 2.7633 0.3085 0.2607 1.5263 2.9225 3.3726 1.5263 0.3423 2.8998 2.9488 1.9182 2.1476 0.1570 4.1138 0.2607 5.1395 1.5263 0.0032 1.7165 0.0048 1.6157 2.9225 11.7629 7.4064 12.2974 16.3078 14.4033 7.5122 7.6384 19.6746 10.9682 10.4741 11.4697 10.7641 11.6412 12.5692 14.5485 9.6754 17.7631 17.5510 13.4948 14.9135 19.6738 11.5577 18.3565 15.6476 15.3664 12.5096 8.6001 10.7918 13.9080 12.3921 7.0174 3.2796 6.1655 2.5866 3.7904 6.7183 5.8841 4.5179 6.5428 9.1955 0.4921 3.5424 9.3068 4.7367 5.8197 2.4763 6.7770 5.2136 8.3173 5.3580 1.9862 6.8603 3.8908 4.3171 10.7433 3.9367 9.9854 10.0894 2.1070 4.7995 4.7936 5.3142 5.3706 0.0076 5.7416 3.7761 4.6440 6.9983 9.3570 4.3575 4.5249 1.9538 7.8837 0.2608 4.1440 0.1483 2.4753 5.3259 2.8183 7.0766 4.2141 2.7273 2.5807 4.5949 1.9792 7.0994 4.0299 3.5747 9.1708 2.1726 6.9356 11.0252 4.9866 22.1622 7.7625 7.8762 19.9413 12.2206 9.9957 8.7429 10.8145 9.6534 12.7559 10.4376 11.4157 7.7488 14.7591 10.8878 7.0786 9.3221 15.5553 8.1390 11.6093 6.7390 10.2287 6.3298 13.6173 9.9364 9.7779 11.7317
1.9518 0.0000 5.5766 2.5472 3.0204 0.4582 2.8624 2.7374 3.3876 1.9995 1.9891 2.5472 3.5209 3.1491 2.5472 2.0075 3.5032 3.5414 0.1543 2.9615 1.9702 4.5490 1.9891 4.8470 2.5472 1.9520 0.4144 1.9522 0.4846 3.5209 11.5718 7.0875 12.1214 16.1712 14.2407 7.1926 7.3328 19.5552 10.7628 10.2490 11.2884 10.5668 11.4453 12.3969 14.4027 9.4401 17.6322 17.4191 13.3314 14.7672 19.5562 11.3651 18.2328 15.4947 15.2106 12.3277 8.3406 10.5795 13.7506 12.2102 6.8324 2.7323 5.8876 2.3606 3.5846 6.5486 5.5385 4.0729 6.3681 9.0315 2.0495 2.8651 9.0858 4.5938 5.5175 3.1573 6.4704 5.5900 8.0990 5.0239 1.4448 6.6115 3.3204 3.8917 10.5902 3.7231 9.8046 9.8728 1.2513 4.4356 4.4663 4.9487 4.9234 1.9524 5.3358 4.2479 4.2354 6.6511 9.1913 4.7693 4.0970 0.1076 7.8355 1.9891 3.6557 1.9688 3.1580 4.9022 3.4346 6.8288 3.6964 3.3607 3.2391 4.1486 0.0397 6.7701 3.5075 3.2575 8.9846 1.4993 6.6195 10.8162 4.5897 22.0618 7.4919 7.5860 19.8310 12.0418 9.7715 8.5126 10.6137 9.4236 12.5912 10.2663 11.2297 7.4602 14.6076 10.6931 6.7737 9.0819 15.4087 7.9126 11.4106 6.4071 10.0150 6.0287 13.4479 9.7236 9.5506 11.5384
5.2248 5.5766 0.0000 5.4502 5.1913 5.4973 4.9215 5.5416 4.2065 5.2359 5.2330 5.4502 4.1952 4.4495 5.4502 5.2382 4.1988 4.1920 5.5658 5.1947 5.2282 2.3088 5.2330 3.1769 5.4502 5.2248 5.5001 5.2248 5.4691 4.1952 10.8025 5.1015 11.4405 15.4855 13.3776 6.9947 6.5366 18.9408 9.8492 9.7522 10.7226 9.6978 10.7438 11.4759 13.8167 8.6668 16.9303 16.6798 12.4809 14.1260 18.9129 10.4081 17.5477 14.8849 14.5138 11.4260 7.7382 9.5833 13.1531 11.4346 6.1227 4.6586 5.2626 4.5496 3.1309 7.5915 6.4680 5.4788 7.2472 8.1486 5.2510 4.9355 9.7697 1.9018 6.8754 4.2593 7.3788 7.0369 8.0805 6.2055 5.2468 7.3054 4.9217 5.0089 9.6082 4.9060 10.4814 8.9484 5.3248 2.8156 5.5056 6.1156 5.9424 5.2249 4.1855 6.4461 3.9397 4.8662 8.4810 5.0917 5.3757 5.5778 8.3963 5.2330 4.8782 5.2278 4.2745 3.5964 4.2029 7.5741 5.0544 4.2138 4.2350 3.9486 5.5861 4.7345 4.9396 4.5926 9.7200 5.2541 4.8390 9.9318 2.7037 21.5375 7.0372 6.0086 19.2898 11.7038 9.6217 8.1594 9.8295 8.1983 11.8622 9.1540 10.5671 6.7657 14.0545 10.3103 5.2217 8.1538 14.6980 6.9739 10.3596 4.6603 9.5478 6.2075 12.6733 8.9549 8.6333 10.5860
1.5263 2.5472 5.4502 0.0000 1.6232 2.2204 3.8367 1.0025 3.1194 1.3089 1.3403 0.0000 3.2434 3.7309 0.0000 1.2874 3.2129 3.2781 2.4541 1.5108 1.4114 4.4216 1.3403 5.3976 0.0000 1.5239 2.2474 1.5227 2.2081 3.2434 11.8820 7.5988 12.4099 16.3930 14.5026 7.7003 7.8218 19.7466 11.0942 10.6080 11.5905 10.8897 11.7611 12.6829 14.6345 9.8219 17.8423 17.6304 13.5978 15.0062 19.7439 11.6779 18.4330 15.7398 15.4595 12.6233 8.7633 10.9210 14.0055 12.5069 7.1633 3.6715 6.3747 2.9891 4.0755 6.8699 6.1061 4.8020 6.7218 9.3430 1.1987 3.9056 9.4515 5.0072 6.0395 2.8734 6.9573 5.2483 8.4712 5.5697 2.3917 7.0420 4.2212 4.5787 10.8603 4.2565 10.1015 10.2273 2.5459 5.0439 5.0650 5.5516 5.6311 1.5205 5.9681 4.0948 4.9191 7.2006 9.5054 4.6593 4.8063 2.5072 8.0499 1.3402 4.4667 1.4176 2.8595 5.5839 3.1524 7.2617 4.5289 3.0683 2.9701 4.8587 2.5723 7.2922 4.3141 3.8789 9.3050 2.5421 7.1326 11.1490 5.2529 22.2252 7.9373 8.0498 20.0102 12.3331 10.1324 8.8894 10.9444 9.7970 12.8649 10.5670 11.5411 7.9270 14.8525 11.0107 7.2750 9.4716 15.6452 8.3046 11.7267 6.9350 10.3615 6.5346 13.7210 10.0735 9.9152 11.8520
2.2281 3.0204 5.1913 1.6232 0.0000 2.7505 3.5839 1.9079 2.7169 2.0852 2.1050 1.6232 2.8263 3.3627 1.6232 2.0718 2.8074 2.8484 2.9424 0.1461 2.1510 4.1375 2.1050 5.1593 1.6232 2.2264 2.7723 2.2256 2.7405 2.8263 11.7666 7.4155 12.2978 16.3082 14.4045 7.5217 7.6385 19.6748 10.9684 10.4767 11.4799 10.7590 11.6458 12.5724 14.5461 9.6877 17.7619 17.5474 13.4961 14.9137 19.6698 11.5536 18.3535 15.6499 15.3663 12.5092 8.5974 10.7938 13.9039 12.3921 6.9794 3.4446 6.1666 2.7397 3.7860 6.6924 5.8897 4.5725 6.5573 9.2047 2.0178 3.7106 9.3244 4.7428 5.9569 2.5505 6.7967 5.0228 8.3290 5.3569 2.8905 6.8764 3.9681 4.3391 10.7405 3.9543 9.9986 10.0920 3.0194 4.8423 4.8046 5.3646 5.3838 2.2242 5.7291 4.4048 4.6387 7.0046 9.3697 4.3705 4.5478 2.9868 7.8897 2.1050 4.1594 2.1551 2.4622 5.3445 2.7488 7.0795 4.2646 2.6851 2.6223 4.5778 3.0417 7.1006 3.9759 3.5248 9.1752 2.1658 6.9339 11.0220 5.0117 22.1625 7.7795 7.8748 19.9384 12.2186 10.0030 8.7369 10.8116 9.6510 12.7620 10.4381 11.4249 7.7772 14.7568 10.8821 7.0775 9.3228 15.5543 8.1529 11.6088 6.7286 10.2427 6.3508 13.6242 9.9397 9.7734 11.7372
1.7067 0.4582 5.4973 2.2204 2.7505 0.0000 2.8963 2.4363 3.2436 1.7101 1.7059 2.2204 3.3783 3.1072 2.2204 1.7139 3.3575 3.4023 0.3400 2.6857 1.7014 4.4577 1.7059 4.8524 2.2204 1.7064 0.0467 1.7063 0.1522 3.3783 11.5893 7.1192 12.1351 16.1825 14.2564 7.2245 7.3612 19.5665 10.7801 10.2699 11.3018 10.5809 11.4625 12.4120 14.4112 9.4618 17.6441 17.4308 13.3451 14.7786 19.5663 11.3815 18.2435 15.5102 15.2260 12.3447 8.3633 10.5988 13.7624 12.2266 6.8157 2.7548 5.8938 2.2681 3.5352 6.5257 5.5581 4.0986 6.3514 9.0363 1.7383 2.9224 9.1010 4.5645 5.5283 3.0034 6.4873 5.4647 8.1063 5.0243 1.2852 6.6169 3.3629 3.8939 10.5925 3.6925 9.8071 9.8913 1.1819 4.4401 4.4720 4.9639 4.9669 1.7061 5.3681 4.1464 4.2526 6.6863 9.1962 4.6847 4.1180 0.3906 7.8066 1.7059 3.6872 1.7014 3.0011 4.9405 3.2888 6.8387 3.7358 3.2109 3.0908 4.1663 0.4766 6.7988 3.5259 3.2234 8.9867 1.3816 6.6441 10.8342 4.6134 22.0701 7.5109 7.6102 19.8396 12.0559 9.7895 8.5246 10.6302 9.4424 12.6041 10.2749 11.2462 7.4847 14.6199 10.7064 6.7982 9.1023 15.4215 7.9254 11.4274 6.4333 10.0318 6.0435 13.4632 9.7425 9.5679 11.5558
3.5088 2.8624 4.9215 3.8367 3.5839 2.8963 0.0000 3.9656 2.5072 3.5254 3.5210 3.8367 2.5500 1.3732 3.8367 3.5288 2.5477 2.5540 2.8614 3.5748 3.5139 4.0251 3.5210 3.7849 3.8367 3.5088 2.8908 3.5089 2.9088 2.5501 10.9875 6.1048 11.5851 15.7700 13.7518 6.1969 6.3837 19.2094 10.1527 9.5847 10.7964 9.9518 10.8643 11.8739 14.0215 8.7540 17.2433 17.0284 12.8582 14.3418 19.2067 10.7665 17.8546 15.0582 14.7548 11.7688 7.5048 9.9473 13.2758 11.6460 6.3169 0.9768 4.7996 1.7363 2.9469 6.1218 4.3168 2.7592 5.7611 8.4692 3.5479 0.5984 8.5214 3.5176 4.9066 2.4815 5.5105 5.9422 7.4107 3.8991 3.2077 5.8132 0.7324 2.1590 10.0876 2.5237 9.2653 9.1673 3.1204 3.5741 3.0631 3.6684 3.2852 3.5089 4.0063 5.1541 2.4165 5.5516 8.5869 3.9176 2.5173 2.8599 7.4040 3.5210 1.0329 3.5134 2.5081 3.8981 2.5231 5.9526 1.0379 2.5061 2.4844 2.3932 2.8617 5.7400 0.7840 0.9628 8.4724 2.5739 5.5481 10.2132 3.3326 21.7716 6.6576 6.6584 19.4936 11.4803 9.1001 7.7857 9.9701 8.6861 12.1114 9.7287 10.7262 6.6981 14.1560 10.1161 5.7578 8.3438 14.9654 7.2426 10.8353 5.3313 9.4364 5.0943 12.9611 9.1082 8.8894 10.9616
1.8261 2.7374 5.5416 1.0025 1.9079 2.4363 3.9656 0.0000 3.2765 1.6488 1.6737 1.0025 3.3948 3.8632 1.0025 1.6317 3.3657 3.4280 2.6510 1.8132 1.7313 4.5338 1.6737 5.4899 1.0025 1.8241 2.4608 1.8231 2.4250 3.3948 11.8446 7.6647 12.3753 16.3672 14.4732 7.6398 7.7594 19.7257 11.0547 10.5667 11.5520 10.8491 11.7247 12.6490 14.6053 9.7770 17.8190 17.6065 13.5666 14.9778 19.7230 11.6401 18.4110 15.7130 15.4326 12.5888 8.7076 10.8809 13.9753 12.4731 7.1014 3.8059 6.3000 3.1527 4.1970 6.8080 6.1878 4.7023 6.6539 9.2969 1.5627 4.0323 9.4079 5.1065 5.9686 3.0432 6.8901 5.1674 8.4190 5.6592 2.5933 6.9795 4.3386 4.4712 10.8206 4.3729 10.0609 10.1847 2.7362 5.1426 5.1633 5.4667 5.7196 1.8213 6.0517 3.9870 5.0203 7.2701 9.4608 4.7659 4.7049 2.7002 7.9974 1.6737 4.5778 1.7363 3.0301 5.6732 3.3079 7.2020 4.6385 3.2279 3.1347 4.9610 2.7608 7.3608 4.4290 4.0064 9.2613 2.7327 7.2027 11.1094 5.3477 22.2069 7.8801 8.1120 19.9897 12.2992 10.0901 8.8397 10.9051 9.7512 12.8323 10.5259 11.5040 7.8706 14.8242 10.9721 7.3437 9.4239 15.6186 8.2494 11.6912 7.0071 10.3211 6.4671 13.6894 10.0303 9.8697 11.8164
2.7633 3.3876 4.2065 3.1194 2.7169 3.2436 2.5072 3.2765 0.0000 2.7691 2.7660 3.1194 0.2135 1.5671 3.1194 2.7719 0.2073 0.2349 3.3640 2.7148 2.7620 3.1715 2.7660 4.1585 3.1194 2.7632 3.2500 2.7631 3.2001 0.2135 11.3176 6.6557 11.8764 15.9930 14.0268 6.7878 6.9367 19.4061 10.5033 9.9730 11.0517 10.2825 11.1985 12.1424 14.2562 9.1471 17.4612 17.2457 13.1111 14.5709 19.4019 11.0906 18.0607 15.3097 15.0130 12.0765 7.9653 10.3143 13.5354 11.9554 6.5226 1.9974 5.3391 1.5534 2.8383 6.2866 4.9706 3.5349 5.9101 8.6512 2.7889 2.5515 8.8358 3.6154 5.3995 0.3862 6.0908 5.4756 7.7578 4.5699 3.3959 6.1967 2.6100 3.2058 10.2940 2.5901 9.6016 9.5478 3.4713 4.0766 3.6292 4.4665 4.2828 2.7630 4.8240 4.6808 3.4793 6.1916 8.8655 2.9774 3.4000 3.3861 7.2939 2.7660 2.6053 2.7618 0.4643 4.5248 0.0934 6.3426 2.8899 0.0883 0.2461 3.4873 3.4038 6.3390 2.6547 1.9278 8.7623 2.8562 6.1495 10.5596 3.9962 21.9289 7.1297 7.1940 19.6739 11.7863 9.4897 8.1786 10.3168 9.0919 12.3556 9.9649 10.9898 7.1621 14.4062 10.4295 6.2958 8.7554 15.2131 7.5652 11.1692 5.9593 9.7755 5.5996 13.2430 9.4489 9.2727 11.2876
0.3085 1.9995 5.2359 1.3089 2.0852 1.7101 3.5254 1.6488 2.7691 0.0000 0.0477 1.3089 2.9227 3.3952 1.3089 0.0338 2.8970 2.9523 1.9438 1.9990 0.1515 4.1350 0.0477 5.1589 1.3089 0.3053 1.7266 0.3037 1.6396 2.9227 11.7725 7.4229 12.3062 16.3144 14.4116 7.5280 7.6535 19.6804 10.9780 10.4849 11.4792 10.7734 11.6507 12.5787 14.5534 9.6876 17.7694 17.5572 13.5029 14.9207 19.6792 11.5672 18.3626 15.6555 15.3742 12.5190 8.6135 10.8021 13.9152 12.4016 7.0192 3.3100 6.1796 2.6005 3.7998 6.7200 5.8997 4.5378 6.5510 9.2066 0.1837 3.5700 9.3174 4.7553 5.8342 2.4844 6.7869 5.1721 8.3271 5.3665 1.9728 6.8711 3.9150 4.3280 10.7502 3.9586 9.9902 10.1003 2.1114 4.8116 4.8132 5.3294 5.3928 0.3008 5.7574 3.7950 4.6629 7.0154 9.3688 4.3804 4.5441 1.9874 7.8951 0.0477 4.1699 0.1602 2.4794 5.3470 2.8193 7.0895 4.2387 2.7274 2.5904 4.6100 2.0277 7.1144 4.0431 3.5857 9.1782 2.1583 6.9510 11.0346 5.0067 22.1671 7.7758 7.8896 19.9465 12.2293 10.0061 8.7523 10.8251 9.6647 12.7645 10.4472 11.4263 7.7629 14.7662 10.8966 7.0945 9.3341 15.5625 8.1513 11.6181 6.7530 10.2386 6.3438 13.6257 9.9467 9.7879 11.7415
0.2607 1.9891 5.2330 1.3403 2.1050 1.7059 3.5210 1.6737 2.7660 0.0477 0.0000 1.3403 2.9206 3.3899 1.3403 0.0816 2.8953 2.9497 1.9367 2.0196 0.1037 4.1302 0.0000 5.1547 1.3403 0.2575 1.7215 0.2559 1.6322 2.9206 11.7705 7.4195 12.3043 16.3130 14.4099 7.5247 7.6503 19.6792 10.9760 10.4826 11.4772 10.7713 11.6487 12.5767 14.5522 9.6851 17.7681 17.5559 13.5012 14.9191 19.6780 11.5651 18.3613 15.6539 15.3726 12.5171 8.6107 10.7999 13.9136 12.3996 7.0181 3.3035 6.1764 2.5960 3.7967 6.7188 5.8962 4.5333 6.5488 9.2042 0.2314 3.5640 9.3151 4.7511 5.8309 2.4806 6.7845 5.1773 8.3249 5.3640 1.9717 6.8685 3.9097 4.3249 10.7485 3.9537 9.9888 10.0980 2.1077 4.8084 4.8088 5.3259 5.3882 0.2531 5.7538 3.7904 4.6586 7.0119 9.3663 4.3755 4.5398 1.9791 7.8925 0.0000 4.1644 0.1125 2.4762 5.3425 2.8169 7.0866 4.2335 2.7251 2.5865 4.6063 2.0171 7.1112 4.0395 3.5823 9.1764 2.1576 6.9477 11.0326 5.0024 22.1661 7.7729 7.8868 19.9454 12.2274 10.0039 8.7501 10.8228 9.6623 12.7627 10.4451 11.4241 7.7599 14.7647 10.8946 7.0912 9.3316 15.5609 8.1486 11.6162 6.7499 10.2365 6.3406 13.6240 9.9445 9.7857 11.7395
1.5263 2.5472 5.4502 0.0000 1.6232 2.2204 3.8367 1.0025 3.1194 1.3089 1.3403 0.0000 3.2434 3.7309 0.0000 1.2874 3.2129 3.2781 2.4541 1.5108 1.4114 4.4216 1.3403 5.3976 0.0000 1.5239 2.2474 1.5227 2.2081 3.2434 11.8820 7.5988 12.4099 16.3930 14.5026 7.7003 7.8218 19.7466 11.0942 10.6080 11.5905 10.8897 11.7611 12.6829 14.6345 9.8219 17.8423 17.6304 13.5978 15.0062 19.7439 11.6779 18.4330 15.7398 15.4595 12.6233 8.7633 10.9210 14.0055 12.5069 7.1633 3.6715 6.3747 2.9891 4.0755 6.8699 6.1061 4.8020 6.7218 9.3430 1.1987 3.9056 9.4515 5.0072 6.0395 2.8734 6.9573 5.2483 8.4712 5.5697 2.3917 7.0420 4.2212 4.5787 10.8603 4.2565 10.1015 10.2273 2.5459 5.0439 5.0650 5.5516 5.6311 1.5205 5.9681 4.0948 4.9191 7.2006 9.5054 4.6593 4.8063 2.5072 8.0499 1.3402 4.4667 1.4176 2.8595 5.5839 3.1524 7.2617 4.5289 3.0683 2.9701 4.8587 2.5723 7.2922 4.3141 3.8789 9.3050 2.5421 7.1326 11.1490 5.2529 22.2252 7.9373 8.0498 20.0102 12.3331 10.1324 8.8894 10.9444 9.7970 12.8649 10.5670 11.5411 7.9270 14.8525 11.0107 7.2750 9.4716 15.6452 8.3046 11.7267 6.9350 10.3615 6.5346 13.7210 10.0735 9.9152 11.8520
2.9225 3.5209 4.1952 3.2434 2.8263 3.3783 2.5500 3.3948 0.2135 2.9227 2.9206 3.2434 0.0000 1.5599 3.2434 2.9247 0.0531 0.0593 3.4961 2.8279 2.9186 3.1913 2.9206 4.1577 3.2434 2.9224 3.3849 2.9223 3.3381 0.0001 11.3131 6.6467 11.8723 15.9897 14.0219 6.7804 6.9289 19.4029 10.4989 9.9676 11.0508 10.2772 11.1942 12.1374 14.2557 9.1434 17.4573 17.2417 13.1073 14.5680 19.3982 11.0843 18.0566 15.3058 15.0083 12.0710 7.9573 10.3104 13.5311 11.9499 6.5309 2.0479 5.3321 1.6693 2.8694 6.3008 4.9619 3.5458 5.9175 8.6479 2.9383 2.6092 8.8372 3.6096 5.4370 0.5845 6.0876 5.5353 7.7575 4.5735 3.5232 6.1966 2.6203 3.2061 10.2918 2.5929 9.6045 9.5408 3.5976 4.0991 3.6191 4.4698 4.2686 2.9221 4.8159 4.7774 3.4696 6.1809 8.8654 2.9631 3.3975 3.5181 7.2972 2.9206 2.5836 2.9186 0.6144 4.5332 0.1299 6.3358 2.8826 0.2478 0.4441 3.4797 3.5366 6.3302 2.6412 1.9172 8.7656 2.9848 6.1400 10.5548 3.9960 21.9265 7.1270 7.1857 19.6705 11.7809 9.4855 8.1744 10.3104 9.0846 12.3523 9.9615 10.9876 7.1632 14.4022 10.4253 6.2860 8.7490 15.2088 7.5649 11.1648 5.9508 9.7747 5.6002 13.2398 9.4467 9.2685 11.2834
3.3726 3.1491 4.4495 3.7309 3.3627 3.1072 1.3732 3.8632 1.5671 3.3952 3.3899 3.7309 1.5599 0.0000 3.7309 3.3994 1.5674 1.5536 3.1425 3.3655 3.3806 3.5047 3.3899 3.6959 3.7309 3.3727 3.1061 3.3728 3.0890 1.5598 11.0544 6.1975 11.6377 15.8121 13.8048 6.3232 6.4952 19.2488 10.2241 9.6650 10.8286 10.0116 10.9321 11.9110 14.0827 8.8263 17.2861 17.0707 12.8980 14.3820 19.2452 10.8217 17.8927 15.1064 14.8041 11.8253 7.5896 10.0255 13.3250 11.7038 6.3088 0.8380 4.8740 1.2258 2.5861 6.1080 4.4206 2.8718 5.6854 8.4250 3.4218 1.3753 8.5614 3.2514 5.0359 1.6660 5.6307 5.8160 7.4492 4.0666 3.3432 5.8447 1.3022 2.3936 10.0891 2.1084 9.3595 9.2339 3.3291 3.6367 3.0128 3.8669 3.5001 3.3728 4.2003 5.0615 2.6440 5.6763 8.6134 3.2746 2.6541 3.1503 7.1944 3.3899 1.2825 3.3800 1.7319 3.9493 1.5669 5.9685 1.6326 1.5836 1.6172 2.6760 3.1561 5.8653 1.4264 0.6005 8.5395 2.6992 5.6616 10.2799 3.3941 21.8007 6.7463 6.7689 19.5261 11.5366 9.1821 7.8572 10.0312 8.7625 12.1403 9.7374 10.7533 6.7904 14.2042 10.1720 5.8430 8.4221 15.0137 7.2698 10.9020 5.4582 9.5062 5.1725 13.0186 9.1650 8.9671 11.0259
1.5263 2.5472 5.4502 0.0000 1.6232 2.2204 3.8367 1.0025 3.1194 1.3089 1.3403 0.0000 3.2434 3.7309 0.0000 1.2874 3.2129 3.2781 2.4541 1.5108 1.4114 4.4216 1.3403 5.3976 0.0000 1.5239 2.2474 1.5227 2.2081 3.2434 11.8820 7.5988 12.4099 16.3930 14.5026 7.7003 7.8218 19.7466 11.0942 10.6080 11.5905 10.8897 11.7611 12.6829 14.6345 9.8219 17.8423 17.6304 13.5978 15.0062 19.7439 11.6779 18.4330 15.7398 15.4595 12.6233 8.7633 10.9210 14.0055 12.5069 7.1633 3.6715 6.3747 2.9891 4.0755 6.8699 6.1061 4.8020 6.7218 9.3430 1.1987 3.9056 9.4515 5.0072 6.0395 2.8734 6.9573 5.2483 8.4712 5.5697 2.3917 7.0420 4.2212 4.5787 10.8603 4.2565 10.1015 10.2273 2.5459 5.0439 5.0650 5.5516 5.6311 1.5205 5.9681 4.0948 4.9191 7.2006 9.5054 4.6593 4.8063 2.5072 8.0499 1.3402 4.4667 1.4176 2.8595 5.5839 3.1524 7.2617 4.5289 3.0683 2.9701 4.8587 2.5723 7.2922 4.3141 3.8789 9.3050 2.5421 7.1326 11.1490 5.2529 22.2252 7.9373 8.0498 20.0102 12.3331 10.1324 8.8894 10.9444 9.7970 12.8649 10.5670 11.5411 7.9270 14.8525 11.0107 7.2750 9.4716 15.6452 8.3046 11.7267 6.9350 10.3615 6.5346 13.7210 10.0735 9.9152 11.8520
0.3423 2.0075 5.2382 1.2874 2.0718 1.7139 3.5288 1.6317 2.7719 0.0338 0.0816 1.2874 2.9247 3.3994 1.2874 0.0000 2.8987 2.9546 1.9496 1.9849 0.1853 4.1387 0.0816 5.1621 1.2874 0.3391 1.7311 0.3375 1.6458 2.9247 11.7740 7.4255 12.3076 16.3155 14.4129 7.5305 7.6559 19.6814 10.9796 10.4867 11.4807 10.7749 11.6523 12.5802 14.5544 9.6895 17.7705 17.5582 13.5042 14.9219 19.6800 11.5687 18.3636 15.6567 15.3754 12.5205 8.6156 10.8038 13.9164 12.4031 7.0203 3.3151 6.1821 2.6043 3.8024 6.7210 5.9024 4.5412 6.5528 9.2084 0.1498 3.5746 9.3192 4.7586 5.8368 2.4876 6.7889 5.1686 8.3289 5.3685 1.9742 6.8731 3.9191 4.3306 10.7515 3.9625 9.9913 10.1021 2.1146 4.8141 4.8165 5.3322 5.3963 0.3347 5.7601 3.7985 4.6662 7.0181 9.3707 4.3842 4.5475 1.9940 7.8971 0.0815 4.1741 0.1941 2.4821 5.3504 2.8215 7.0917 4.2428 2.7296 2.5937 4.6129 2.0357 7.1169 4.0459 3.5885 9.1796 2.1594 6.9535 11.0361 5.0101 22.1679 7.7780 7.8918 19.9474 12.2307 10.0078 8.7539 10.8267 9.6666 12.7659 10.4488 11.4280 7.7652 14.7674 10.8981 7.0971 9.3360 15.5636 8.1534 11.6196 6.7554 10.2403 6.3462 13.6271 9.9484 9.7895 11.7431
2.8998 3.5032 4.1988 3.2129 2.8074 3.3575 2.5477 3.3657 0.2073 2.8970 2.8953 3.2129 0.0531 1.5674 3.2129 2.8987 0.0000 0.1124 3.4771 2.8072 2.8943 3.1908 2.8953 4.1615 3.2129 2.8996 3.3645 2.8995 3.3180 0.0531 11.3153 6.6504 11.8742 15.9911 14.0237 6.7840 6.9323 19.4042 10.5009 9.9698 11.0525 10.2794 11.1960 12.1395 14.2567 9.1456 17.4587 17.2432 13.1090 14.5696 19.3995 11.0865 18.0580 15.3074 15.0101 12.0732 7.9605 10.3127 13.5327 11.9521 6.5307 2.0450 5.3346 1.6571 2.8668 6.2995 4.9652 3.5475 5.9180 8.6498 2.9109 2.6057 8.8384 3.6140 5.4328 0.5592 6.0881 5.5264 7.7586 4.5739 3.5024 6.1976 2.6217 3.2057 10.2931 2.5980 9.6043 9.5432 3.5782 4.0986 3.6236 4.4702 4.2740 2.8993 4.8201 4.7640 3.4737 6.1849 8.8670 2.9695 3.4014 3.4997 7.2995 2.8953 2.5918 2.8943 0.6030 4.5352 0.1152 6.3381 2.8869 0.2222 0.4218 3.4831 3.5191 6.3339 2.6463 1.9212 8.7664 2.9714 6.1434 10.5568 3.9996 21.9276 7.1290 7.1886 19.6717 11.7828 9.4874 8.1764 10.3128 9.0872 12.3539 9.9634 10.9895 7.1650 14.4038 10.4272 6.2901 8.7517 15.2104 7.5673 11.1665 5.9540 9.7763 5.6020 13.2413 9.4489 9.2705 11.2855
2.9488 3.5414 4.1920 3.2781 2.8484 3.4023 2.5540 3.4280 0.2349 2.9523 2.9497 3.2781 0.0593 1.5536 3.2781 2.9546 0.1124 0.0000 3.5180 2.8521 2.9466 3.1928 2.9497 4.1542 3.2781 2.9487 3.4086 2.9486 3.3614 0.0593 11.3110 6.6431 11.8705 15.9884 14.0201 6.7769 6.9255 19.4016 10.4970 9.9655 11.0492 10.2751 11.1924 12.1353 14.2548 9.1413 17.4559 17.2402 13.1056 14.5664 19.3969 11.0822 18.0551 15.3043 15.0066 12.0689 7.9542 10.3082 13.5295 11.9477 6.5317 2.0528 5.3299 1.6847 2.8735 6.3028 4.9588 3.5448 5.9175 8.6461 2.9696 2.6143 8.8363 3.6057 5.4422 0.6169 6.0877 5.5459 7.7567 4.5738 3.5472 6.1959 2.6200 3.2076 10.2906 2.5885 9.6050 9.5384 3.6201 4.1005 3.6149 4.4701 4.2634 2.9485 4.8118 4.7930 3.4659 6.1770 8.8640 2.9570 3.3942 3.5394 7.2951 2.9497 2.5757 2.9465 0.6323 4.5316 0.1660 6.3337 2.8789 0.2853 0.4747 3.4768 3.5569 6.3266 2.6368 1.9145 8.7650 3.0009 6.1368 10.5530 3.9927 21.9254 7.1252 7.1829 19.6692 11.7791 9.4837 8.1727 10.3081 9.0821 12.3508 9.9597 10.9858 7.1617 14.4007 10.4234 6.2819 8.7464 15.2073 7.5628 11.1632 5.9479 9.7732 5.5987 13.2383 9.4447 9.2667 11.2814
1.9182 0.1543 5.5658 2.4541 2.9424 0.3400 2.8614 2.6510 3.3640 1.9438 1.9367 2.4541 3.4961 3.1425 2.4541 1.9496 3.4771 3.5180 0.0000 2.8819 1.9251 4.5389 1.9367 4.8481 2.4541 1.9183 0.3019 1.9183 0.4064 3.4961 11.5745 7.0928 12.1234 16.1728 14.2433 7.1977 7.3372 19.5570 10.7653 10.2521 11.2904 10.5686 11.4479 12.3995 14.4031 9.4436 17.6340 17.4208 13.3334 14.7688 19.5576 11.3675 18.2344 15.4973 15.2131 12.3305 8.3442 10.5825 13.7521 12.2128 6.8257 2.7358 5.8876 2.3408 3.5728 6.5409 5.5404 4.0755 6.3635 9.0325 1.9818 2.8723 9.0878 4.5902 5.5181 3.1325 6.4709 5.5562 8.0991 5.0198 1.3939 6.6109 3.3255 3.8868 10.5896 3.7188 9.8030 9.8756 1.2161 4.4328 4.4669 4.9492 4.9305 1.9183 5.3393 4.2353 4.2366 6.6568 9.1925 4.7609 4.0987 0.0696 7.8316 1.9367 3.6606 1.9244 3.1318 4.9083 3.4095 6.8298 3.7020 3.3346 3.2157 4.1479 0.1681 6.7741 3.5048 3.2471 8.9835 1.4524 6.6230 10.8187 4.5929 22.0631 7.4945 7.5894 19.8322 12.0438 9.7739 8.5133 10.6163 9.4264 12.5932 10.2675 11.2326 7.4639 14.6093 10.6947 6.7776 9.0850 15.4106 7.9145 11.4128 6.4103 10.0172 6.0299 13.4503 9.7264 9.5527 11.5411
2.1476 2.9615 5.1947 1.5108 0.1461 2.6857 3.5748 1.8132 2.7148 1.9990 2.0196 1.5108 2.8279 3.3655 1.5108 1.9849 2.8072 2.8521 2.8819 0.0000 2.0675 4.1373 2.0196 5.1600 1.5108 2.1459 2.7080 2.1450 2.6755 2.8280 11.7680 7.4178 12.2993 16.3094 14.4060 7.5238 7.6414 19.6759 10.9701 10.4785 11.4804 10.7610 11.6471 12.5739 14.5466 9.6887 17.7632 17.5490 13.4974 14.9149 19.6712 11.5558 18.3550 15.6513 15.3679 12.5111 8.6002 10.7955 13.9055 12.3940 6.9806 3.4307 6.1681 2.7184 3.7834 6.6920 5.8911 4.5688 6.5550 9.2054 1.9286 3.6958 9.3240 4.7443 5.9429 2.5348 6.7947 5.0213 8.3286 5.3556 2.8289 6.8752 3.9627 4.3350 10.7413 3.9548 9.9965 10.0937 2.9605 4.8370 4.8060 5.3602 5.3867 2.1435 5.7326 4.3646 4.6416 7.0074 9.3704 4.3726 4.5474 2.9272 7.8905 2.0196 4.1622 2.0718 2.4544 5.3463 2.7474 7.0808 4.2630 2.6799 2.6113 4.5803 2.9832 7.1031 3.9810 3.5276 9.1749 2.1479 6.9367 11.0239 5.0120 22.1634 7.7798 7.8773 19.9396 12.2203 10.0039 8.7385 10.8139 9.6533 12.7628 10.4395 11.4260 7.7765 14.7583 10.8840 7.0807 9.3249 15.5557 8.1533 11.6103 6.7318 10.2427 6.3501 13.6251 9.9410 9.7755 11.7385
0.1570 1.9702 5.2282 1.4114 2.1510 1.7014 3.5139 1.7313 2.7620 0.1515 0.1037 1.4114 2.9186 3.3806 1.4114 0.1853 2.8943 2.9466 1.9251 2.0675 0.0000 4.1217 0.1037 5.1471 1.4114 0.1538 1.7148 0.1522 1.6206 2.9186 11.7668 7.4132 12.3009 16.3104 14.4067 7.5187 7.6445 19.6769 10.9721 10.4784 11.4735 10.7677 11.6450 12.5731 14.5502 9.6804 17.7656 17.5535 13.4980 14.9163 19.6759 11.5615 18.3589 15.6509 15.3696 12.5134 8.6055 10.7959 13.9108 12.3960 7.0167 3.2915 6.1708 2.5891 3.7921 6.7174 5.8900 4.5254 6.5451 9.1999 0.3351 3.5531 9.3109 4.7437 5.8250 2.4756 6.7803 5.1902 8.3209 5.3601 1.9734 6.8641 3.9001 4.3199 10.7457 3.9449 9.9867 10.0938 2.1036 4.8032 4.8011 5.3197 5.3797 0.1494 5.7476 3.7825 4.6510 7.0053 9.3617 4.3665 4.5321 1.9650 7.8880 0.1038 4.1543 0.0088 2.4725 5.3344 2.8146 7.0815 4.2238 2.7230 2.5811 4.6000 1.9981 7.1054 4.0337 3.5770 9.1733 2.1598 6.9418 11.0289 4.9944 22.1641 7.7677 7.8815 19.9434 12.2241 9.9998 8.7463 10.8188 9.6579 12.7594 10.4413 11.4201 7.7545 14.7619 10.8912 7.0850 9.3269 15.5582 8.1438 11.6128 6.7443 10.2326 6.3351 13.6207 9.9404 9.7817 11.7357
4.1138 4.5490 2.3088 4.4216 4.1375 4.4577 4.0251 4.5338 3.1715 4.1350 4.1302 4.4216 3.1913 3.5047 4.4216 4.1387 3.1908 3.1928 4.5389 4.1373 4.1217 0.0000 4.1302 3.0729 4.4216 4.1139 4.4604 4.1139 4.4205 3.1913 10.9099 5.5743 11.4932 15.6113 13.5475 6.6664 6.4884 19.0677 9.9713 9.6550 10.7188 9.8191 10.8096 11.6487 13.9069 8.6854 17.0784 16.8470 12.6459 14.2121 19.0572 10.5619 17.6893 14.9487 14.6152 11.5880 7.5900 9.7622 13.2179 11.5255 6.0413 3.6953 4.8046 3.4937 1.8174 7.0331 5.8811 4.7308 6.7041 8.2121 4.1584 4.0152 9.3717 2.2361 6.2204 3.1742 6.8453 6.2930 7.6570 5.5606 4.1743 6.7682 4.0619 4.1809 9.7904 4.0790 10.1110 9.0528 4.2633 2.9675 4.7984 5.4553 5.3045 4.1140 4.0791 5.5823 3.0357 5.2363 8.3489 4.3226 4.6431 4.5525 7.9389 4.1302 4.0810 4.1211 3.2300 3.1408 3.1796 7.0723 4.2592 3.1732 3.1661 3.0362 4.5606 5.2578 4.1347 3.6943 9.3232 4.1861 5.1921 10.0651 2.7831 21.6513 6.8122 6.2999 19.3924 11.5986 9.3834 7.9736 9.8512 8.4413 11.9519 9.3643 10.5649 6.6631 14.0882 10.2002 5.4637 8.2086 14.8205 7.0015 10.5718 4.9921 9.5013 5.6675 12.7952 9.0504 8.7110 10.7726
0.2607 1.9891 5.2330 1.3403 2.1050 1.7059 3.5210 1.6737 2.7660 0.0477 0.0000 1.3403 2.9206 3.3899 1.3403 0.0816 2.8953 2.9497 1.9367 2.0196 0.1037 4.1302 0.0000 5.1547 1.3403 0.2575 1.7215 0.2559 1.6322 2.9206 11.7705 7.4195 12.3043 16.3130 14.4099 7.5247 7.6503 19.6792 10.9760 10.4826 11.4772 10.7713 11.6487 12.5767 14.5522 9.6851 17.7681 17.5559 13.5012 14.9191 19.6780 11.5651 18.3613 15.6539 15.3726 12.5171 8.6107 10.7999 13.9136 12.3996 7.0181 3.3035 6.1764 2.5960 3.7967 6.7188 5.8962 4.5333 6.5488 9.2042 0.2314 3.5640 9.3151 4.7511 5.8309 2.4806 6.7845 5.1773 8.3249 5.3640 1.9717 6.8685 3.9097 4.3249 10.7485 3.9537 9.9888 10.0980 2.1077 4.8084 4.8088 5.3259 5.3882 0.2531 5.7538 3.7904 4.6586 7.0119 9.3663 4.3755 4.5398 1.9791 7.8925 0.0000 4.1644 0.1125 2.4762 5.3425 2.8169 7.0866 4.2335 2.7251 2.5865 4.6063 2.0171 7.1112 4.0395 3.5823 9.1764 2.1576 6.9477 11.0326 5.0024 22.1661 7.7729 7.8868 19.9454 12.2274 10.0039 8.7501 10.8228 9.6623 12.7627 10.4451 11.4241 7.7599 14.7647 10.8946 7.0912 9.3316 15.5609 8.1486 11.6162 6.7499 10.2365 6.3406 13.6240 9.9445 9.7857 11.7395
5.1395 4.8470 3.1769 5.3976 5.1593 4.8524 3.7849 5.4899 4.1585 5.1589 5.1547 5.3976 4.1577 3.6959 5.3976 5.1621 4.1615 4.1542 4.8481 5.1600 5.1471 3.0729 5.1547 0.0000 5.3976 5.1397 4.8494 5.1397 4.8487 4.1577 10.3943 4.3692 11.0864 15.2395 13.0666 6.2511 5.7135 18.7271 9.4121 9.2259 10.4551 9.2845 10.3698 11.2374 13.5264 8.0792 16.6920 16.4387 12.2137 13.8256 18.6953 9.9853 17.3268 14.5752 14.2091 11.0694 7.1528 9.1272 12.8445 11.0883 5.2674 3.7109 4.6994 3.9457 2.6850 7.1278 5.6447 4.5705 6.7559 7.9484 5.1791 3.7837 9.2651 2.2156 6.1728 4.1971 6.6369 7.0057 7.5947 5.3928 4.6909 6.6780 3.7524 3.9719 9.3026 4.2503 10.0006 8.5649 4.6820 1.0622 4.6793 5.2239 4.9229 5.1398 2.7169 6.3755 2.7231 3.8561 8.2982 5.0395 4.4246 4.8488 8.1104 5.1547 3.7433 5.1466 4.2288 1.1268 4.1600 6.9463 3.8455 4.1664 4.1778 2.7601 4.8488 3.7562 3.7885 3.6766 9.2514 4.6172 3.9681 9.4777 1.6261 21.3444 6.4804 5.3263 19.0639 11.3609 9.0996 7.6886 9.4629 7.6742 11.6295 8.8786 10.1934 6.2311 13.7560 9.8666 4.6177 7.6493 14.4205 6.2412 9.9727 3.7951 9.2254 5.4323 12.3715 8.5900 8.1300 10.1658
1.5263 2.5472 5.4502 0.0000 1.6232 2.2204 3.8367 1.0025 3.1194 1.3089 1.3403 0.0000 3.2434 3.7309 0.0000 1.2874 3.2129 3.2781 2.4541 1.5108 1.4114 4.4216 1.3403 5.3976 0.0000 1.5239 2.2474 1.5227 2.2081 3.2434 11.8820 7.5988 12.4099 16.3930 14.5026 7.7003 7.8218 19.7466 11.0942 10.6080 11.5905 10.8897 11.7611 12.6829 14.6345 9.8219 17.8423 17.6304 13.5978 15.0062 19.7439 11.6779 18.4330 15.7398 15.4595 12.6233 8.7633 10.9210 14.0055 12.5069 7.1633 3.6715 6.3747 2.9891 4.0755 6.8699 6.1061 4.8020 6.7218 9.3430 1.1987 3.9056 9.4515 5.0072 6.0395 2.8734 6.9573 5.2483 8.4712 5.5697 2.3917 7.0420 4.2212 4.5787 10.8603 4.2565 10.1015 10.2273 2.5459 5.0439 5.0650 5.5516 5.6311 1.5205 5.9681 4.0948 4.9191 7.2006 9.5054 4.6593 4.8063 2.5072 8.0499 1.3402 4.4667 1.4176 2.8595 5.5839 3.1524 7.2617 4.5289 3.0683 2.9701 4.8587 2.5723 7.2922 4.3141 3.8789 9.3050 2.5421 7.1326 11.1490 5.2529 22.2252 7.9373 8.0498 20.0102 12.3331 10.1324 8.8894 10.9444 9.7970 12.8649 10.5670 11.5411 7.9270 14.8525 11.0107 7.2750 9.4716 15.6452 8.3046 11.7267 6.9350 10.3615 6.5346 13.7210 10.0735 9.9152 11.8520
0.0032 1.9520 5.2248 1.5239 2.2264 1.7064 3.5088 1.8241 2.7632 0.3053 0.2575 1.5239 2.9224 3.3727 1.5239 0.3391 2.8996 2.9487 1.9183 2.1459 0.1538 4.1139 0.2575 5.1397 1.5239 0.0000 1.7163 0.0016 1.6157 2.9224 11.7630 7.4065 12.2974 16.3078 14.4033 7.5123 7.6385 19.6746 10.9683 10.4741 11.4698 10.7641 11.6412 12.5692 14.5485 9.6755 17.7631 17.5510 13.4949 14.9135 19.6738 11.5577 18.3565 15.6477 15.3665 12.5096 8.6002 10.7919 13.9080 12.3921 7.0174 3.2797 6.1656 2.5866 3.7903 6.7182 5.8842 4.5180 6.5428 9.1956 0.4889 3.5426 9.3068 4.7368 5.8197 2.4762 6.7771 5.2130 8.3174 5.3580 1.9858 6.8604 3.8909 4.3171 10.7433 3.9368 9.9854 10.0894 2.1068 4.7996 4.7937 5.3143 5.3707 0.0044 5.7417 3.7761 4.6441 6.9984 9.3571 4.3577 4.5250 1.9540 7.8837 0.2575 4.1441 0.1450 2.4751 5.3260 2.8182 7.0767 4.2142 2.7272 2.5806 4.5950 1.9795 7.0994 4.0299 3.5747 9.1709 2.1722 6.9357 11.0253 4.9867 22.1622 7.7626 7.8763 19.9413 12.2207 9.9958 8.7430 10.8146 9.6534 12.7560 10.4377 11.4158 7.7489 14.7591 10.8878 7.0787 9.3222 15.5553 8.1391 11.6093 6.7390 10.2287 6.3299 13.6173 9.9364 9.7779 11.7318
1.7165 0.4144 5.5001 2.2474 2.7723 0.0467 2.8908 2.4608 3.2500 1.7266 1.7215 2.2474 3.3849 3.1061 2.2474 1.7311 3.3645 3.4086 0.3019 2.7080 1.7148 4.4604 1.7215 4.8494 2.2474 1.7163 0.0000 1.7163 0.1446 3.3850 11.5870 7.1151 12.1331 16.1809 14.2544 7.2204 7.3575 19.5651 10.7778 10.2672 11.2997 10.5788 11.4602 12.4099 14.4099 9.4589 17.6426 17.4292 13.3432 14.7770 19.5650 11.3792 18.2421 15.5082 15.2241 12.3424 8.3601 10.5963 13.7607 12.2244 6.8159 2.7487 5.8915 2.2703 3.5359 6.5263 5.5547 4.0940 6.3511 9.0345 1.7585 2.9144 9.0986 4.5636 5.5255 3.0101 6.4845 5.4737 8.1045 5.0227 1.2933 6.6149 3.3564 3.8917 10.5913 3.6912 9.8060 9.8887 1.1815 4.4376 4.4689 4.9607 4.9613 1.7161 5.3637 4.1497 4.2488 6.6819 9.1945 4.6870 4.1138 0.3512 7.8070 1.7215 3.6816 1.7145 3.0083 4.9352 3.2956 6.8363 3.7297 3.2179 3.0972 4.1628 0.4337 6.7950 3.5222 3.2229 8.9855 1.3874 6.6405 10.8319 4.6091 22.0689 7.5079 7.6069 19.8384 12.0539 9.7871 8.5225 10.6278 9.4398 12.6021 10.2731 11.2438 7.4813 14.6182 10.7044 6.7946 9.0995 15.4198 7.9229 11.4252 6.4297 10.0294 6.0405 13.4612 9.7397 9.5655 11.5535
0.0048 1.9522 5.2248 1.5227 2.2256 1.7063 3.5089 1.8231 2.7631 0.3037 0.2559 1.5227 2.9223 3.3728 1.5227 0.3375 2.8995 2.9486 1.9183 2.1450 0.1522 4.1139 0.2559 5.1397 1.5227 0.0016 1.7163 0.0000 1.6156 2.9223 11.7630 7.4066 12.2975 16.3078 14.4033 7.5123 7.6386 19.6746 10.9683 10.4742 11.4698 10.7642 11.6413 12.5692 14.5485 9.6755 17.7631 17.5510 13.4949 14.9136 19.6738 11.5577 18.3565 15.6477 15.3665 12.5096 8.6002 10.7919 13.9081 12.3922 7.0174 3.2798 6.1656 2.5866 3.7903 6.7182 5.8842 4.5180 6.5428 9.1956 0.4873 3.5427 9.3069 4.7368 5.8198 2.4761 6.7771 5.2128 8.3174 5.3580 1.9856 6.8604 3.8910 4.3171 10.7433 3.9369 9.9854 10.0895 2.1067 4.7996 4.7938 5.3143 5.3708 0.0028 5.7417 3.7762 4.6441 6.9984 9.3571 4.3577 4.5250 1.9540 7.8837 0.2560 4.1442 0.1434 2.4750 5.3261 2.8181 7.0767 4.2143 2.7271 2.5806 4.5950 1.9796 7.0995 4.0299 3.5747 9.1709 2.1720 6.9358 11.0253 4.9867 22.1622 7.7626 7.8763 19.9414 12.2207 9.9958 8.7430 10.8146 9.6535 12.7560 10.4377 11.4158 7.7489 14.7591 10.8878 7.0787 9.3222 15.5554 8.1391 11.6094 6.7391 10.2288 6.3300 13.6173 9.9365 9.7780 11.7318
1.6157 0.4846 5.4691 2.2081 2.7405 0.1522 2.9088 2.4250 3.2001 1.6396 1.6322 2.2081 3.3381 3.0890 2.2081 1.6458 3.3180 3.3614 0.4064 2.6755 1.6206 4.4205 1.6322 4.8487 2.2081 1.6157 0.1446 1.6156 0.0000 3.3381 11.5916 7.1231 12.1369 16.1841 14.2585 7.2288 7.3651 19.5682 10.7828 10.2730 11.3033 10.5831 11.4650 12.4134 14.4135 9.4645 17.6459 17.4326 13.3470 14.7803 19.5681 11.3838 18.2451 15.5122 15.2282 12.3468 8.3660 10.6016 13.7644 12.2286 6.8164 2.7524 5.8940 2.2454 3.5243 6.5250 5.5613 4.1021 6.3481 9.0344 1.6808 2.9319 9.1031 4.5503 5.5290 2.9559 6.4920 5.4538 8.1076 5.0285 1.2828 6.6178 3.3694 3.8994 10.5928 3.6778 9.8094 9.8935 1.1952 4.4428 4.4693 4.9671 4.9726 1.6156 5.3747 4.1077 4.2548 6.6911 9.1944 4.6485 4.1208 0.4465 7.7960 1.6322 3.6892 1.6199 2.9548 4.9449 3.2474 6.8390 3.7405 3.1686 3.0441 4.1724 0.5070 6.8035 3.5352 3.2175 8.9878 1.3950 6.6476 10.8373 4.6155 22.0713 7.5134 7.6141 19.8409 12.0580 9.7925 8.5272 10.6321 9.4451 12.6055 10.2751 11.2475 7.4880 14.6219 10.7087 6.8009 9.1050 15.4233 7.9259 11.4303 6.4380 10.0344 6.0455 13.4654 9.7445 9.5711 11.5581
2.9225 3.5209 4.1952 3.2434 2.8263 3.3783 2.5501 3.3948 0.2135 2.9227 2.9206 3.2434 0.0001 1.5598 3.2434 2.9247 0.0531 0.0593 3.4961 2.8280 2.9186 3.1913 2.9206 4.1577 3.2434 2.9224 3.3850 2.9223 3.3381 0.0000 11.3131 6.6467 11.8723 15.9897 14.0219 6.7804 6.9289 19.4029 10.4989 9.9676 11.0508 10.2772 11.1942 12.1374 14.2557 9.1434 17.4573 17.2417 13.1073 14.5680 19.3982 11.0843 18.0566 15.3058 15.0083 12.0710 7.9573 10.3104 13.5311 11.9499 6.5309 2.0479 5.3321 1.6693 2.8694 6.3008 4.9619 3.5458 5.9175 8.6479 2.9383 2.6092 8.8372 3.6096 5.4370 0.5845 6.0876 5.5353 7.7575 4.5735 3.5232 6.1966 2.6203 3.2061 10.2918 2.5929 9.6045 9.5408 3.5976 4.0991 3.6191 4.4698 4.2686 2.9222 4.8158 4.7774 3.4696 6.1809 8.8654 2.9631 3.3975 3.5181 7.2972 2.9206 2.5836 2.9186 0.6145 4.5332 0.1299 6.3358 2.8826 0.2478 0.4441 3.4797 3.5366 6.3302 2.6412 1.9172 8.7656 2.9849 6.1400 10.5548 3.9960 21.9265 7.1270 7.1857 19.6705 11.7809 9.4855 8.1744 10.3104 9.0846 12.3523 9.9615 10.9876 7.1632 14.4022 10.4253 6.2860 8.7490 15.2088 7.5649 11.1648 5.9508 9.7747 5.6002 13.2398 9.4467 9.2685 11.2834
11.7629 11.5718 10.8025 11.8820 11.7666 11.5893 10.9875 11.8446 11.3176 11.7725 11.7705 11.8820 11.3131 11.0544 11.8820 11.7740 11.3153 11.3110 11.5745 11.7680 11.7668 10.9099 11.7705 10.3943 11.8820 11.7630 11.5870 11.7630 11.5916 11.3131 0.0000 9.9924 5.9413 9.7114 9.9039 8.3281 8.4761 13.6268 9.4161 8.6223 7.7103 9.1753 9.5308 10.1795 8.8299 8.5862 10.8756 11.8495 8.2661 8.3212 13.5081 9.8771 11.8731 8.3568 9.2383 7.6277 9.7863 9.1431 8.3642 9.7873 9.1987 11.0480 9.5990 11.2260 10.8100 9.4250 10.9803 10.4441 8.9370 9.4068 11.7820 10.9978 8.1837 10.5114 9.8933 11.3402 10.8045 11.0036 8.3949 10.9907 11.5309 9.2125 10.9473 10.7245 8.6418 10.7835 7.2752 7.7419 11.5144 10.3893 10.5905 10.0604 10.5357 11.7631 9.9308 11.0617 10.6042 9.8326 9.1043 10.9883 10.5389 11.5733 9.9204 11.7705 10.9381 11.7665 11.3509 10.4106 11.3168 9.0856 10.9333 11.3218 11.3298 10.6137 11.5716 9.8684 10.9457 10.9922 8.2206 11.4910 9.9053 6.3017 10.3551 17.0999 9.1363 10.4902 14.3879 10.1700 8.9095 8.1028 9.0942 8.9785 7.9496 8.8080 7.3625 8.9984 7.5620 9.4007 10.2423 8.4322 8.2870 8.5112 9.6382 9.8242 8.8229 9.1082 6.9161 8.1617 8.4734 8.9528
7.4064 7.0875 5.1015 7.5988 7.4155 7.1192 6.1048 7.6647 6.6557 7.4229 7.4195 7.5988 6.6467 6.1975 7.5988 7.4255 6.6504 6.6431 7.0928 7.4178 7.4132 5.5743 7.4195 4.3692 7.5988 7.4065 7.1151 7.4066 7.1231 6.6467 9.9924 0.0000 10.3778 14.7303 12.1932 6.2491 5.1570 18.1478 8.6019 8.5993 10.1013 9.1579 9.6905 10.4140 13.2126 7.2805 16.0151 15.7275 11.4490 13.3314 18.0746 9.0043 16.6527 14.0216 13.5406 10.2804 6.3325 8.1022 12.2339 10.3669 6.9480 6.1834 4.2794 6.4965 5.5382 8.7128 5.4279 6.6412 7.6253 8.9033 7.4387 6.1106 10.4174 4.6811 7.8613 6.6954 8.1080 8.8000 8.8464 5.5120 6.9865 8.2137 6.0229 6.1716 8.8710 5.6220 11.0612 7.9010 6.9647 4.3430 5.2202 7.0233 5.1394 7.4067 3.1795 8.3112 5.2254 1.5925 9.2277 5.9458 6.5044 7.0902 8.7207 7.4195 6.0049 7.4127 6.7214 4.3686 6.6539 7.3021 6.0081 6.6628 6.6770 5.2324 7.0869 1.5510 6.0313 6.0985 10.4332 6.9579 1.1477 8.7532 4.2841 21.0294 5.9156 2.8259 18.5645 10.8434 8.8351 7.5317 8.4894 6.3188 11.0059 8.1536 9.7056 5.9786 13.2155 9.7015 2.3145 7.2033 13.6879 6.5968 10.5252 1.6858 8.8085 6.2777 11.6747 8.2505 7.5939 9.3353
12.2974 12.1214 11.4405 12.4099 12.2978 12.1351 11.5851 12.3753 11.8764 12.3062 12.3043 12.4099 11.8723 11.6377 12.4099 12.3076 11.8742 11.8705 12.1234 12.2993 12.3009 11.4932 12.3043 11.0864 12.4099 12.2974 12.1331 12.2975 12.1369 11.8723 5.9413 10.3778 0.0000 9.4220 8.4156 8.7762 9.2627 13.8098 8.9262 7.1922 6.5128 9.6403 8.6529 9.1786 9.2756 8.0031 10.9385 10.3691 7.1279 8.3217 13.2504 9.2028 11.5254 9.3832 7.7872 5.9000 9.5841 8.3136 6.2151 8.8130 9.7385 11.6320 10.2019 11.7899 11.4024 9.7540 10.8809 11.0268 9.4260 9.7938 12.3150 11.5950 8.1541 11.1601 10.2918 11.8970 11.2568 11.3992 8.7336 10.9143 12.0754 9.4626 11.5519 11.3283 9.1439 11.3662 8.8390 8.1405 12.0615 11.0756 11.1988 10.6335 11.1712 12.2975 10.6549 11.5047 11.2341 10.5373 9.3754 11.5452 11.1555 12.1222 9.9318 12.3043 11.5427 12.3006 11.9087 11.0924 11.8756 9.3670 11.5442 11.8801 11.8874 11.2365 12.1211 10.5769 11.5493 11.5836 8.2513 12.0388 10.3620 5.2733 11.0226 17.3326 9.0263 10.2407 14.3769 8.9064 7.9906 7.4542 7.9525 8.4620 6.3496 8.6295 6.5151 9.1569 6.9292 9.6809 10.1648 8.6807 7.2361 9.1702 10.0869 10.5228 7.7896 9.5407 6.7768 8.4692 8.5765 8.0000
16.3078 16.1712 15.4855 16.3930 16.3082 16.1825 15.7700 16.3672 15.9930 16.3144 16.3130 16.3930 15.9897 15.8121 16.3930 16.3155 15.9911 15.9884 16.1728 16.3094 16.3104 15.6113 16.3130 15.2395 16.3930 16.3078 16.1809 16.3078 16.1841 15.9897 9.7114 14.7303 9.4220 0.0000 8.9921 13.7574 13.6098 9.4270 11.5740 11.9547 9.6516 12.2720 10.5020 11.1623 4.8713 11.6760 7.5219 8.2020 8.8139 5.1929 6.9597 11.0553 6.3571 6.6934 6.5049 7.9661 13.5481 11.4477 6.5822 10.4802 14.2723 15.8074 14.7812 15.9277 15.5856 14.3614 15.2534 15.3341 14.2189 12.7968 16.3212 15.7777 12.2153 15.3343 14.7484 16.0085 15.4468 15.6017 13.3519 15.2689 16.1265 14.1227 15.7441 15.5806 12.1419 15.6580 12.5192 12.8258 16.1178 15.2332 15.5676 15.0300 15.5519 16.3079 15.0192 15.6659 15.4714 14.9019 12.7459 15.8166 15.4300 16.1719 14.7215 16.3130 15.7381 16.3102 16.0173 15.2398 15.9923 14.2259 15.7372 15.9957 16.0013 15.4732 16.1709 14.8920 15.7422 15.7707 13.1364 16.1107 14.7595 9.9478 15.2165 14.2300 13.3884 14.5128 10.9982 11.1136 11.9040 11.8777 11.5486 12.3424 8.3454 11.8412 10.0575 13.0913 5.9375 11.7793 14.5594 12.3656 6.3466 12.7766 12.2327 14.9042 11.6776 14.3248 7.5048 12.3111 11.7419 11.1071
14.4033 14.2407 13.3776 14.5026 14.4045 14.2564 13.7518 14.4732 14.0268 14.4116 14.4099 14.5026 14.0219 13.8048 14.5026 14.4129 14.0237 14.0201 14.2433 14.4060 14.4067 13.5475 14.4099 13.0666 14.5026 14.4033 14.2544 14.4033 14.2585 14.0219 9.9039 12.1932 8.4156 8.9921 0.0000 11.2768 10.9999 12.2789 6.8182 8.6127 7.4972 7.9008 7.8980 6.1844 8.2409 8.2416 7.2225 8.2598 8.0982 7.8494 9.9434 8.1548 8.7343 9.2689 8.3700 4.5854 10.4952 8.6295 8.1074 7.4842 12.3968 13.8005 12.4039 13.9539 13.5302 12.8149 12.9597 13.2589 12.5297 10.1221 14.4197 13.7576 11.6845 13.2043 12.7004 14.0469 13.4190 13.9536 11.8795 13.0137 14.1917 11.9186 13.7119 13.5289 8.6065 13.5719 12.7544 9.7120 14.1808 13.0704 13.3913 12.9591 13.3368 14.4034 12.7085 13.7190 13.3720 12.4212 10.1413 13.7207 13.3729 14.2420 12.2511 14.4099 13.7031 14.4064 14.0586 13.0582 14.0257 11.7955 13.6980 14.0303 14.0377 13.3765 14.2404 12.4201 13.7122 13.7526 12.3746 14.1745 12.2418 7.5593 13.0523 16.1653 11.3242 11.8439 12.4873 9.4094 8.6963 9.5491 7.2746 8.9980 7.9442 8.1740 6.6180 10.4571 7.7936 9.8104 11.9912 9.0120 7.1777 10.0291 9.4387 12.4354 8.2612 12.0391 7.1455 8.9785 9.4229 7.1420
7.5122 7.1926 6.9947 7.7003 7.5217 7.2245 6.1969 7.6398 6.7878 7.5280 7.5247 7.7003 6.7804 6.3232 7.7003 7.5305 6.7840 6.7769 7.1977 7.5238 7.5187 6.6664 7.5247 6.2511 7.7003 7.5123 7.2204 7.5123 7.2288 6.7804 8.3281 6.2491 8.7762 13.7574 11.2768 0.0000 3.9021 17.4033 7.4447 5.9168 8.7968 7.1550 7.7853 9.0299 12.1749 5.5494 15.1483 14.9594 10.2901 12.0964 17.3108 7.7455 15.7430 12.7485 12.2894 9.1957 4.9615 7.1803 10.7712 8.4630 7.0357 6.3039 4.2745 6.6243 6.2272 7.1164 6.1395 5.4432 6.6140 6.8851 7.5434 6.2096 7.1417 6.1731 4.9972 6.8250 6.5483 8.2966 6.4872 6.1755 7.1893 4.1656 6.1195 5.7581 7.1549 5.8104 8.7641 5.6205 7.1474 6.2264 5.4155 4.7294 5.2973 7.5124 5.1470 6.7273 5.7412 5.7437 6.2854 6.1739 5.4556 7.1951 6.1145 7.5247 6.1040 7.5182 6.8474 6.2778 6.7866 3.5446 6.0933 6.7947 6.8078 5.7685 7.1919 6.0144 6.1211 6.2097 8.2922 7.0673 5.8746 7.4111 6.0141 20.2744 3.7187 6.8945 17.7310 8.2721 5.7926 5.1875 6.6185 5.7571 9.5679 7.0886 8.2155 4.6622 11.9233 7.0829 6.1847 5.3992 12.6026 4.5554 8.4994 5.6358 6.3091 3.2898 10.7502 5.6613 6.9959 7.7573
