0.0000 11.6182 16.7018 9.3029 11.9029 13.0084 9.6569 12.9900 12.1461 11.8057 8.9845 11.5491 11.2358 14.3702 11.5023 10.0155 9.0862 7.9066 11.3891 9.0545 9.9750 14.6017 9.6593 17.9680 8.5455 11.5909 11.6904 11.4089 14.9603 11.7106 27.2437 24.6255 29.9403 33.5058 32.3680 27.7168 27.4538 33.2003 28.8674 30.1842 29.2594 29.8675 29.5086 33.1034 31.8252 28.4973 33.3947 28.6653 29.8069 31.5498 31.2147 28.6292 33.4212 32.0629 33.8637 32.0164 26.7747 31.2838 31.2137 32.5340 18.9211 18.0213 21.7763 11.8848 15.3856 21.5834 22.3303 18.8089 17.7888 23.2316 12.6527 20.9160 29.1317 20.6071 24.5276 12.4585 16.2790 18.3307 23.8578 18.1129 10.3927 22.7543 18.9360 24.3997 22.6119 19.4820 21.1032 25.5430 17.9825 16.1005 17.6646 21.6674 21.0291 15.5917 22.2347 23.8978 19.3439 28.9311 28.0093 13.9872 20.7331 15.2712 19.2293 15.0172 23.6855 9.9401 18.6715 20.3240 17.4284 22.5424 21.6213 11.2222 15.2604 23.4514 18.1526 23.3973 18.6237 17.5682 27.1753 15.1462 27.7255 32.3432 23.9280 36.9289 28.6301 26.4016 34.8083 30.0513 29.9672 29.9043 31.3835 28.1610 31.3297 30.2733 32.2944 31.8688 34.0940 29.7776 26.6934 31.2096 33.8390 25.6543 28.9077 25.6167 31.8342 29.1816 33.1095 30.4868 30.5921 30.8430
11.6182 0.0000 12.9927 11.4466 11.7927 6.5383 8.5898 12.6885 11.3284 6.4721 7.0874 10.2396 9.1178 10.7654 9.7506 8.9936 9.0769 11.8897 7.8489 12.3459 8.1521 10.3075 8.4774 12.4784 12.0862 6.7963 8.1706 8.7798 7.8253 10.5545 21.8876 19.5079 24.7370 28.8934 27.2093 22.0292 21.6980 28.5271 24.0470 25.2109 23.8218 24.5046 24.1744 27.9062 26.9629 22.5491 28.9453 24.6474 25.2401 26.3630 26.7255 23.0059 29.4082 27.2795 29.2564 26.7596 21.8487 26.7672 27.1817 27.8865 13.9820 10.4229 16.0179 8.2626 9.3615 16.9148 14.6222 12.2617 12.7689 18.4489 7.2650 13.1197 23.3771 13.7494 17.9887 7.5084 13.3082 15.5358 17.7733 10.5752 9.0263 16.5246 12.3249 16.7018 17.1978 11.8141 16.7580 20.8576 10.3409 10.1257 10.7680 15.6041 14.9350 9.8084 16.0593 17.5609 14.5384 22.2254 22.3424 10.4728 15.4825 9.4413 13.9641 8.7733 16.4592 7.4069 10.9604 15.9102 10.2137 16.9515 14.2804 7.5344 9.3519 16.4551 10.4323 18.0954 11.8180 12.3471 23.2461 9.0556 20.9610 26.4954 16.8797 31.9484 22.1454 19.7158 29.7023 24.2024 23.9138 23.8541 25.3598 22.1883 25.3830 24.5607 26.2075 25.0036 28.4758 23.9367 19.6550 24.6614 28.8031 19.3263 23.3867 18.3986 25.7597 22.3013 27.2186 24.4815 24.6183 24.8422
16.7018 12.9927 0.0000 15.5194 13.4827 11.9384 12.5407 17.1255 11.1634 12.4057 13.3115 14.3885 10.9422 10.7039 15.5938 12.1648 12.9418 13.8948 11.9238 15.8365 13.3729 9.4444 15.4822 9.5914 16.0792 13.2345 12.4006 14.0371 13.0229 10.7715 19.3825 14.9115 21.5505 25.3955 23.9924 20.3063 18.3117 25.3803 21.0764 22.2798 21.4326 21.9222 21.7002 24.3268 23.9778 20.0380 25.1334 21.0714 22.2560 23.5448 22.9797 19.9926 25.9361 24.0371 25.7879 23.5951 18.0709 23.7054 24.4218 24.2199 13.0025 12.1056 12.4063 12.8884 10.1564 17.8067 13.5011 13.6209 13.3933 15.6578 13.6296 14.5837 22.1744 11.8727 18.4836 11.2067 13.9947 17.4222 17.0760 12.3984 11.9971 15.6884 11.7339 14.8982 15.3880 11.8670 18.3402 17.3636 12.4436 9.2747 13.2998 14.1672 12.5392 14.1431 11.1902 20.5891 11.0619 17.4853 19.7535 12.0195 14.6381 12.7104 16.3557 13.0300 14.6660 13.6968 12.5325 10.3302 11.9557 16.6695 13.1807 12.1551 12.0488 12.6737 13.8364 13.3731 10.3329 12.7219 21.8652 12.0910 16.5228 23.2562 13.7851 28.2147 19.3052 15.7895 26.2583 21.6183 21.3281 20.8408 21.8136 18.3702 22.6216 21.0762 23.4534 22.3511 24.9181 20.9287 14.9107 21.2451 25.0462 15.7800 19.6300 14.8769 23.7411 20.4293 23.5374 21.9760 20.6450 22.5318
9.3029 11.4466 15.5194 0.0000 9.5069 11.8838 10.0338 11.0412 10.6607 10.2449 8.4379 7.8360 10.2516 14.0043 9.5484 8.5470 9.4308 9.9344 11.3414 8.2130 10.8207 14.0781 9.7709 17.8925 6.7346 10.3077 11.6831 12.3237 14.1814 10.8035 26.3615 23.8314 29.0817 32.8373 31.6140 26.8982 26.4884 32.4882 28.2245 29.3986 28.5081 29.1291 28.6836 32.3159 30.9825 27.7434 32.5891 27.9788 29.0653 30.7588 30.3993 27.8306 32.6513 31.3554 33.1191 31.2602 25.9698 30.5097 30.4221 31.7618 18.3542 17.5723 21.0934 11.7106 15.2566 21.4346 21.4769 18.5252 16.9976 22.8490 11.6172 20.5010 28.4193 20.0222 23.7992 11.8716 15.9559 16.4554 23.5651 17.4029 10.1841 22.1479 18.0896 23.4138 21.8249 18.5064 20.8088 24.8670 17.2122 14.9265 16.4761 20.6101 20.0967 14.2550 21.4411 22.8030 18.0500 27.9683 27.3066 13.5724 19.8716 14.4355 18.9869 13.0547 23.0819 9.2432 17.5355 20.0783 16.0450 21.7011 20.4410 10.4066 14.3802 22.3382 17.3729 22.4236 17.5863 15.6682 26.6168 14.2631 26.7675 31.6710 23.1433 36.2323 27.9513 25.7386 34.0493 29.3057 29.1343 29.1567 30.5462 27.2176 30.6268 29.5568 31.6172 31.0891 33.3035 28.9150 25.8118 30.3865 33.0910 24.9424 28.2201 24.6662 31.1030 28.3944 32.3507 29.7324 30.0095 30.1862
11.9029 11.7927 13.4827 9.5069 0.0000 12.0863 10.0888 11.8744 11.3317 10.8465 9.5318 8.1162 9.2057 12.4945 9.1595 9.7874 8.5810 10.1301 11.0756 8.3904 10.3625 13.2688 9.5666 15.8216 9.1609 9.3513 11.3349 11.8504 14.4127 10.5138 25.1057 22.8734 27.6592 31.8359 30.3289 25.8462 24.8906 31.3374 27.0324 28.3760 27.2303 27.6297 27.3886 30.7877 29.6491 26.2138 31.4068 27.2097 27.8100 29.4888 29.0431 26.5112 31.7913 30.2601 31.8370 30.1233 24.4002 29.3795 29.4388 30.4973 16.4006 16.0354 19.0507 13.2074 12.3110 19.7087 18.9638 17.0187 16.2935 21.4342 9.9373 17.9808 26.3968 17.9821 21.9913 10.5759 14.5297 15.1087 21.5353 15.1176 12.1175 20.1232 16.2078 20.8536 20.5716 15.7726 19.0980 23.4886 16.5637 14.6592 15.5753 18.8832 17.9938 15.5199 18.8391 22.6235 16.3309 25.9055 25.6475 11.9735 17.8200 13.6650 17.4823 12.0716 20.2610 10.0685 14.6204 18.6684 13.7644 20.5449 18.5162 9.5571 12.6074 19.7084 17.1604 20.9174 14.5428 14.9104 25.1891 12.0678 24.9374 29.6900 21.0848 34.6071 25.7223 23.7608 32.4584 27.3095 27.4511 27.3082 28.9609 25.7861 28.9259 27.7734 29.7356 29.2026 31.5357 27.0750 23.6426 28.6698 31.6314 22.5630 26.2017 22.3831 28.9634 26.3012 30.7275 28.1577 28.2137 28.6853
13.0084 6.5383 11.9384 11.8838 12.0863 0.0000 10.4514 12.9717 10.4135 5.9510 7.9745 10.1663 8.3174 9.6649 10.6562 8.3989 10.7060 12.3423 7.2131 13.4905 8.2044 10.8612 10.6112 12.1686 12.5900 7.8312 7.1432 9.4478 6.7115 10.2348 20.7120 18.0625 23.4149 27.6910 26.1385 20.6062 20.2304 27.2617 23.1453 23.8871 22.6458 23.5284 23.1020 26.5429 25.6536 21.5241 27.4741 23.3468 23.9593 25.1483 25.3864 21.8713 28.1885 25.9967 27.9778 25.7359 20.1501 25.3533 25.8844 26.5931 13.5623 9.8455 14.6698 9.0741 8.7821 16.6416 13.2394 11.7926 11.9857 17.8848 7.7319 12.1623 22.2053 13.3735 17.1741 7.3973 12.7189 15.4793 17.8357 10.0907 8.8029 15.4537 10.3940 15.5316 16.3057 11.0732 16.8902 19.5931 9.3310 8.8374 10.2314 13.5552 12.6828 8.9760 14.2341 17.1338 12.9192 20.4413 21.1364 9.9065 14.0375 8.1957 13.8763 7.8706 14.7714 8.0945 9.9082 14.3174 8.7759 15.6819 12.3411 7.8771 8.3962 14.5710 8.8996 16.4521 10.2897 10.4562 21.8380 8.5765 19.5319 25.4521 15.6790 30.7332 20.8379 18.1583 28.5941 23.0408 22.7219 22.5920 24.2787 20.8731 24.4076 23.4877 25.1664 23.7387 27.2118 22.6852 17.9870 23.4586 27.5453 18.1641 22.3082 16.9889 24.6524 21.2090 25.9365 23.4462 23.5264 24.1153
9.6569 8.5898 12.5407 10.0338 10.0888 10.4514 0.0000 13.0096 9.1470 9.3441 8.2218 10.8278 8.6776 10.9399 11.1185 8.5298 6.0510 8.9689 9.3049 10.2421 9.5610 10.8294 9.2533 14.0744 10.9176 9.7102 9.6282 10.3374 11.6548 7.8130 23.1666 20.6247 26.1111 30.2057 28.5994 23.9646 23.1455 29.8372 25.2782 26.6066 25.3904 25.8725 25.7202 29.4205 28.3492 24.2421 30.2519 25.3714 26.4203 27.9201 27.7802 24.5209 30.5421 28.7126 30.5595 28.3334 23.0007 28.1987 28.0559 29.1533 14.4424 13.0363 17.3703 7.9180 10.8697 17.8219 16.9327 13.5548 13.3643 19.1510 10.2012 16.2860 25.1674 15.3471 20.0613 8.4878 13.1204 15.6383 19.3237 12.7393 9.3055 18.2394 13.8813 19.4779 18.7277 13.8935 17.5092 22.2025 14.3483 11.3665 13.9110 17.8144 16.7570 13.3047 17.6906 20.8957 15.4167 24.6859 24.2762 10.5071 17.0934 12.6665 15.6323 11.8978 19.0929 8.7771 14.0815 16.5158 13.0634 18.8428 16.7959 8.3171 11.9117 18.7915 14.6376 19.4311 13.6706 13.8603 24.2819 11.4900 23.1806 28.1561 19.2233 33.4013 24.1376 21.6484 31.1829 25.9069 25.8763 25.6348 27.2242 23.9145 27.3356 26.1213 28.0998 27.4932 30.2072 25.5824 21.8568 26.7485 30.2705 21.2236 25.0421 20.7353 27.6345 24.5063 29.2060 26.4035 26.2857 26.5851
12.9900 12.6885 17.1255 11.0412 11.8744 12.9717 13.0096 0.0000 14.0572 12.0061 10.3685 9.0961 12.1810 15.8292 11.8775 12.4774 12.1030 12.6212 13.4231 11.4134 12.6217 15.5299 10.9677 18.0630 11.7518 11.6769 13.0910 13.8781 14.6861 13.3435 25.2361 24.7447 27.6362 31.1552 29.6648 25.5929 25.6759 30.8037 26.6015 27.9499 26.9899 27.0146 26.7961 30.2321 29.3509 25.9314 31.2963 26.9994 27.3047 28.8142 28.9170 26.1325 31.2215 29.8076 31.4903 29.5465 26.0319 29.0883 28.8700 30.1322 16.6709 17.6843 19.8040 14.3767 15.2905 18.5178 21.2069 17.6764 16.5211 20.8268 12.7925 20.3121 25.6698 19.7918 21.0507 12.7208 14.8875 13.9875 21.1066 17.0017 12.7590 20.2997 18.4361 21.8456 19.7580 18.3271 18.2428 22.9032 17.2386 16.2049 17.4277 20.6565 20.9657 16.8690 22.1687 20.0256 20.0553 28.1626 25.2688 15.7787 19.0099 16.3952 17.0200 14.7421 23.0589 11.8949 17.6475 21.6819 15.9850 20.2038 21.0408 11.9176 15.8569 22.8377 18.5499 23.7432 18.1330 17.7205 25.0238 16.0388 26.8366 29.3248 23.1871 34.0700 25.6071 25.3930 31.9015 26.7086 26.7490 26.9799 28.4725 25.5188 28.2962 27.1977 28.9794 28.6761 31.2677 26.8823 25.6924 28.3696 31.2391 23.4370 25.9909 24.4935 28.3127 25.9458 30.4345 27.1892 27.9465 27.4749
12.1461 11.3284 11.1634 10.6607 11.3317 10.4135 9.1470 14.0572 0.0000 9.4287 10.0914 11.7057 7.5015 9.0919 13.4761 8.8808 9.2537 9.3977 9.9462 11.6680 10.9446 11.2617 12.7945 13.4324 11.4721 11.5072 10.0244 11.5478 11.9392 6.8325 22.8167 19.8847 25.4843 29.5552 28.0683 23.3290 22.2606 29.2583 24.7748 26.0183 24.9359 25.6524 25.2852 28.6628 27.9301 24.0081 29.3100 24.8558 26.0083 27.3242 27.2110 24.1416 29.2851 28.0081 29.6689 27.6095 22.0199 27.4215 27.3862 28.1816 15.3306 13.1695 16.6188 10.4263 11.8377 18.0545 16.3798 14.4596 13.2312 18.9785 12.7683 16.6960 24.4195 15.9677 20.1617 9.6021 13.3950 16.2517 20.2058 13.4369 10.6331 17.9298 13.1125 19.2337 18.1462 14.2142 18.3000 21.2909 15.0779 11.3384 13.8238 16.3667 14.8566 12.7650 16.9171 21.1595 14.3504 23.1872 23.6794 10.8196 16.7949 13.0826 16.6178 12.5809 18.0704 11.2520 14.3113 15.2972 12.4066 18.0811 15.4404 9.8259 12.6224 17.7508 14.4807 19.1105 13.1356 12.6662 22.9740 12.7000 22.2844 27.9089 18.9151 32.5893 23.6375 21.5162 30.2811 25.5034 25.2102 25.1897 26.3083 23.0655 26.7717 25.8428 27.7322 26.9720 29.4500 24.9935 20.7981 26.2186 29.5049 20.9639 24.4279 20.3195 27.5243 24.3544 28.4691 26.2193 25.6695 26.3896
11.8057 6.4721 12.4057 10.2449 10.8465 5.9510 9.3441 12.0061 9.4287 0.0000 6.6249 9.0341 8.1229 9.7990 8.7616 7.2581 8.7650 11.1227 6.6891 11.4884 7.1519 10.2609 9.4839 12.4572 10.9429 7.4604 5.7540 7.4691 7.9459 9.8109 22.2830 19.8702 24.9409 29.1856 27.5081 22.4047 21.9325 28.8183 24.4858 25.4296 24.1585 24.9015 24.5549 28.1163 27.1876 22.9929 29.1452 24.8888 25.5116 26.5943 26.9197 23.3666 29.5884 27.6583 29.4282 27.2544 22.0733 27.1083 27.2669 28.1379 14.0299 11.2423 15.8163 8.8915 9.4878 16.8214 14.6431 12.6444 12.8459 18.5498 7.3369 13.6407 23.3027 14.2108 18.2036 6.8298 13.0383 15.1931 18.1354 10.5649 8.2777 16.5081 11.8339 16.7858 17.3197 12.1443 17.0604 20.9153 10.5717 10.2448 11.9950 15.5247 14.6179 9.2544 16.4918 18.1414 14.3009 22.5346 22.6259 9.7747 15.4591 9.0445 14.4189 8.3685 16.6497 7.7221 11.0102 15.7103 9.7334 17.1626 14.4621 7.4615 9.8846 16.5843 10.8750 18.5285 12.2493 12.3277 22.9524 8.7515 21.3247 26.8894 17.3007 32.0379 22.3123 20.1589 29.8213 24.3655 24.2341 23.9450 25.6981 22.3363 25.6708 24.9003 26.5830 25.3161 28.6919 24.1525 19.8037 24.9865 29.0301 19.5922 23.5482 18.9533 26.0314 22.5721 27.5119 24.9851 24.9010 25.2070
8.9845 7.0874 13.3115 8.4379 9.5318 7.9745 8.2218 10.3685 10.0914 6.6249 0.0000 7.2118 7.5705 11.2253 8.6147 7.3395 7.8714 9.1771 7.9367 9.3292 7.4023 11.0482 7.0429 14.1837 9.1789 7.2424 7.5634 8.9510 10.0621 9.3479 23.8269 21.2819 26.5734 30.5972 29.0684 24.2129 23.7693 30.2662 25.8110 26.9305 25.8080 26.4829 26.1347 29.8060 28.6569 24.7485 30.5938 26.0392 26.8524 28.2721 28.2908 25.0822 30.8703 29.1501 30.9279 28.8490 23.6257 28.4809 28.4446 29.6124 15.2866 13.3870 17.8980 8.8202 11.0440 18.3236 17.4505 14.6894 14.2955 19.9395 8.0716 16.2779 25.4183 16.1097 20.3960 8.3066 13.4170 15.2589 20.0351 12.9353 7.7928 18.7699 14.1692 19.5746 18.9424 14.5291 18.0967 22.4207 13.0279 11.6733 13.5630 17.6624 16.8239 11.4465 18.3732 20.0208 15.8537 24.9993 24.5361 10.8105 17.0787 11.0477 15.8933 10.1230 19.3075 6.5692 13.6206 17.3726 12.2713 18.8836 16.9414 7.2727 11.1890 19.0665 13.5854 20.1643 14.0955 13.8396 24.4564 10.8641 23.6438 28.7446 19.5876 33.7980 24.5859 22.2190 31.6174 26.3701 26.3155 26.0675 27.7063 24.3518 27.6960 26.7631 28.5810 27.7196 30.6362 26.1476 22.3374 27.2025 30.7426 21.5971 25.3629 21.2720 28.0959 24.9612 29.5324 26.8050 26.9124 27.1676
11.5491 10.2396 14.3885 7.8360 8.1162 10.1663 10.8278 9.0961 11.7057 9.0341 7.2118 0.0000 9.6363 13.7088 9.0960 9.0572 9.9479 10.9066 10.4387 9.5076 9.8514 13.4441 8.4118 16.2359 9.1201 7.9348 10.2575 11.6349 12.3924 11.2999 25.1723 23.0542 27.9279 31.8397 30.2950 25.7325 25.2419 31.4150 27.2267 28.2515 27.1885 27.7661 27.4734 30.9442 29.8044 26.1237 31.7855 27.4494 28.0607 29.4928 29.4181 26.4322 32.0505 30.4178 32.0696 30.1441 25.1244 29.7864 29.6072 30.9106 16.5594 15.5692 19.1779 12.2406 12.8469 19.8117 18.9600 16.6216 16.2615 21.4539 9.3873 18.1669 26.5902 17.6589 21.5915 9.8844 15.0369 15.0963 21.5357 14.7132 10.2664 20.1467 16.0983 20.6990 20.3322 15.8532 19.1960 23.8599 14.9763 13.6537 15.1735 19.4106 18.8318 14.4063 19.8092 21.3712 17.6781 26.2996 25.9075 13.3930 18.8478 13.5115 17.9085 11.4824 20.8871 8.9376 15.1163 19.6295 13.5450 20.6555 18.7161 9.3584 13.2136 20.4800 16.1325 21.7399 15.5523 15.3397 25.8639 13.2184 25.1392 29.8692 21.2987 34.7775 25.8897 23.5929 32.5896 27.5214 27.4798 27.3950 28.8978 25.7479 28.8729 27.9351 29.6995 28.8642 31.7023 27.4556 23.7046 28.4493 31.9036 23.0014 26.5870 22.5364 29.1697 26.2217 30.6842 27.9515 28.2161 28.5021
11.2358 9.1178 10.9422 10.2516 9.2057 8.3174 8.6776 12.1810 7.5015 8.1229 7.5705 9.6363 0.0000 8.5581 11.1435 8.6120 7.8803 8.2704 8.6358 9.9792 9.2053 10.7112 10.6074 12.4522 10.7495 8.9702 8.5323 10.6721 10.7381 7.0844 21.8623 19.3082 24.7151 28.8645 27.4564 22.2689 21.6200 28.4804 24.0739 25.0462 23.9677 24.7372 24.5258 28.0583 26.9842 22.9434 28.7680 24.1776 25.0876 26.4536 26.5331 23.3410 29.1338 27.4125 29.0905 27.0800 21.2385 26.5082 26.6098 27.7162 14.3235 12.4584 16.2707 9.4215 9.8929 17.4507 15.6880 13.8438 13.0891 18.5795 10.0423 15.2327 23.9864 15.1720 19.5853 8.3180 12.4368 15.0188 19.4571 12.1811 9.4645 17.4359 12.1765 18.2391 17.6919 12.9136 17.4608 20.6634 13.7048 10.4508 12.0274 15.5031 13.7874 11.9766 15.8873 20.1875 13.3058 22.9979 23.1048 8.8679 14.9795 11.6243 15.1078 11.1199 17.3611 8.9811 12.6751 15.1958 11.0102 17.2348 15.0042 6.8848 10.2898 16.7671 13.6979 17.9476 11.6514 11.1063 22.8481 10.2575 21.6618 27.1831 17.9841 32.3529 22.9173 20.3831 30.2051 24.8416 24.7509 24.4382 26.0477 22.5943 26.3215 25.1856 27.2125 26.3301 28.9515 24.4248 20.3183 25.5208 29.1189 19.9463 23.7276 19.3701 26.7606 23.5184 28.0016 25.5658 25.3434 25.8194
14.3702 10.7654 10.7039 14.0043 12.4945 9.6649 10.9399 15.8292 9.0919 9.7990 11.2253 13.7088 8.5581 0.0000 12.9962 10.5396 10.6906 11.3560 8.5053 13.1966 10.0700 10.4745 14.0143 9.6431 13.8439 11.7416 8.7758 10.1084 10.9001 9.7626 21.3973 18.5458 23.4841 27.7970 26.3562 21.2257 20.1729 27.6431 22.9127 24.3538 23.0969 23.7530 23.2859 26.7480 26.1707 21.8575 27.5377 23.5885 24.4346 25.5295 25.5598 22.1755 28.0431 26.2941 28.0124 25.7480 20.1076 25.6381 26.1176 26.3597 14.0794 10.6755 14.6968 11.2737 8.9651 16.3049 12.8627 12.0968 11.9388 17.3564 11.5443 12.0436 21.9802 13.9233 17.8729 8.8144 12.3965 16.6452 18.0003 10.3035 11.8185 15.6870 9.8918 16.1360 16.5777 11.2220 17.1470 19.4093 12.7253 10.3083 12.2984 13.4996 11.6904 12.1961 14.2339 19.4462 11.6197 20.5849 21.4751 8.5216 13.6779 9.7735 14.2854 12.4679 14.3035 11.3803 10.8673 12.1293 10.1118 15.8663 12.9787 9.6658 9.2518 14.3676 11.6290 16.1900 9.9340 11.6204 21.4445 9.9067 19.2564 25.3728 15.2330 30.6532 20.7655 18.7439 28.4606 23.1586 22.9942 22.7219 24.0614 20.9518 24.4288 23.7212 25.5346 24.1735 27.0611 22.7635 18.1081 23.6188 27.4079 18.0855 22.1532 17.5480 24.9256 21.4379 26.1141 24.1742 23.1996 24.1616
11.5023 9.7506 15.5938 9.5484 9.1595 10.6562 11.1185 11.8775 13.4761 8.7616 8.6147 9.0960 11.1435 12.9962 0.0000 9.5311 9.4333 11.1186 9.9394 9.5516 7.6873 13.0225 8.3681 15.8333 8.1173 9.0840 9.9346 9.1576 12.7484 12.6350 25.8768 23.7910 28.2749 32.2530 30.7745 26.1246 25.7089 31.8838 27.6567 28.9389 27.7376 28.2746 27.8489 31.3265 30.1653 26.6615 32.0301 28.0756 28.4642 29.9789 29.7577 26.9680 32.5104 30.7265 32.5433 30.5075 25.5458 30.0724 30.2188 31.2515 16.7084 15.8125 19.2605 12.2831 12.5728 19.2152 18.9234 16.4402 16.4008 21.6895 8.0431 17.0240 26.4759 17.6547 21.4313 10.0993 15.4208 16.1443 20.9478 14.4504 10.9798 19.9236 16.5960 20.3884 20.4935 15.8566 19.1283 23.9345 14.3121 14.6130 15.1286 19.2198 19.1207 13.9110 19.9945 21.0371 17.4660 26.2652 25.6454 12.3152 18.3453 11.6292 16.5542 11.6544 20.1661 8.8252 13.9136 19.1836 13.3943 20.4843 18.9117 9.1233 11.7852 20.2394 15.6732 21.4902 15.4923 15.6851 25.7178 11.5301 25.2151 29.9965 20.9327 34.8867 25.8969 24.0732 32.6612 27.4682 27.5917 27.3887 29.1484 25.9839 28.8873 28.0019 29.8258 28.9813 31.7392 27.3567 24.0897 28.7042 31.9724 22.9966 26.7342 22.7242 29.0183 26.1478 30.7297 28.2837 28.2768 28.6041
10.0155 8.9936 12.1648 8.5470 9.7874 8.3989 8.5298 12.4774 8.8808 7.2581 7.3395 9.0572 8.6120 10.5396 9.5311 0.0000 8.6342 9.7985 6.5607 10.5571 7.4961 11.9013 9.9305 14.4279 8.4336 8.7821 7.4642 8.6476 10.2274 9.3047 23.6769 20.9991 26.2533 30.3787 29.0386 24.1319 23.3306 29.8938 25.8133 26.8521 25.7603 26.5303 25.9804 29.4271 28.4437 24.8169 29.9757 25.5291 26.4660 28.1733 27.6953 25.0492 30.4865 28.7516 30.5282 28.7742 22.8719 27.9771 28.0388 29.2236 15.1319 13.4366 16.9584 9.4396 11.2922 18.5675 17.1152 14.6516 13.6352 19.6581 9.0044 16.1803 24.8338 16.4215 20.1373 8.4905 12.9451 16.1993 20.0210 13.4067 8.4890 18.2847 13.9153 19.3083 18.9452 14.4043 18.5146 21.8480 13.0528 11.9600 14.3076 16.9553 15.8793 11.3956 17.4502 20.0526 14.8644 24.1016 23.7411 10.6090 16.4481 9.7312 16.1027 10.1291 18.5189 8.2526 13.9087 16.0229 12.9207 18.7389 16.4387 9.0189 11.3671 18.0526 13.0663 19.0858 13.5890 13.7220 23.3986 10.7795 23.4099 28.6262 19.4755 33.2802 24.2260 21.9345 31.0235 25.9402 25.8147 25.7251 27.5022 24.1462 27.5201 26.2946 28.3739 27.5073 30.1378 25.6584 21.7418 27.1297 30.1520 21.3453 24.9881 21.0192 27.6441 24.8057 29.1479 26.7028 26.6751 27.1124
9.0862 9.0769 12.9418 9.4308 8.5810 10.7060 6.0510 12.1030 9.2537 8.7650 7.8714 9.9479 7.8803 10.6906 9.4333 8.6342 0.0000 7.8893 9.5425 8.3720 8.6440 10.7014 8.2288 13.9001 9.7052 8.8420 9.3478 9.4198 12.2671 7.8167 24.3078 21.8192 27.0098 30.9932 29.5015 24.8878 24.1410 30.7303 26.0885 27.5365 26.3382 26.8438 26.5513 30.2557 29.2004 25.1689 31.0772 26.3904 27.3835 28.7805 28.6361 25.4821 31.3014 29.5951 31.3706 29.1625 24.0554 29.0042 28.8689 30.0011 15.0807 13.7150 18.0639 9.1645 11.0423 18.1061 17.5107 14.7563 14.2687 19.6735 9.8718 16.6080 25.6788 16.0680 20.7805 8.2618 13.5547 15.3368 19.8718 13.1256 9.7117 18.7964 14.7145 19.8330 19.2639 14.4604 17.8124 22.8620 14.8239 12.4260 14.0552 18.2929 17.3795 13.6493 18.5880 21.3279 15.8828 25.4113 24.9452 10.0912 17.4764 12.6047 15.8207 11.6280 19.4988 8.5240 14.0249 17.1941 13.1613 19.4416 17.6132 7.9129 11.7541 19.4237 15.3813 20.3561 14.2164 14.3003 24.7994 11.2309 24.0493 28.9899 19.9056 34.1062 24.8776 22.7425 31.8436 26.6119 26.6397 26.3912 27.9949 24.7443 27.9985 26.9916 28.8794 28.2354 30.8888 26.3584 22.8040 27.5550 31.0327 21.8902 25.5622 21.5817 28.3781 25.2520 29.9579 27.2739 27.0732 27.3485
7.9066 11.8897 13.8948 9.9344 10.1301 12.3423 8.9689 12.6212 9.3977 11.1227 9.1771 10.9066 8.2704 11.3560 11.1186 9.7985 7.8893 0.0000 10.5078 8.2321 9.2021 12.7256 11.0395 15.2194 8.6703 11.4221 10.5758 10.9566 14.2382 8.8071 25.4115 22.7115 28.0245 31.7925 30.4526 25.9349 25.3383 31.5264 27.0331 28.3376 27.3885 27.8591 27.7485 31.1923 30.0850 26.5522 31.7566 27.1491 28.1090 29.7471 29.4707 26.7410 31.7316 30.4331 32.0896 30.1612 24.7873 29.7683 29.5292 30.7200 16.8038 16.2830 19.3417 11.2824 13.1899 19.2914 19.7542 16.7779 16.0080 21.2154 12.2236 18.7978 27.0893 18.3139 22.6704 10.1443 14.6016 16.7881 22.0888 15.6270 10.3984 20.6005 16.2562 22.0839 20.5791 16.7853 19.5263 23.5893 17.0299 14.1392 15.7324 19.2853 18.4281 15.1429 19.9936 23.4027 16.8500 26.6693 26.3477 11.5014 18.4313 14.3809 17.5845 14.6439 21.0311 10.1077 16.2073 18.0066 14.6778 20.5955 19.2777 8.9826 13.3528 20.9478 17.4708 21.5000 15.6109 15.5063 25.3360 13.5847 25.3537 30.2191 21.5615 35.0764 26.3481 24.1577 32.9073 28.0837 28.0373 27.7808 29.2285 26.0112 29.3029 28.3638 30.2788 29.8207 32.0905 27.6476 24.3224 29.0368 32.0567 23.4880 26.9694 23.2846 29.9039 27.0692 31.1577 28.6740 28.3206 28.9399
11.3891 7.8489 11.9238 11.3414 11.0756 7.2131 9.3049 13.4231 9.9462 6.6891 7.9367 10.4387 8.6358 8.5053 9.9394 6.5607 9.5425 10.5078 0.0000 11.7702 6.3460 11.2451 10.6567 12.5308 10.6350 8.4959 5.7437 8.0170 8.8970 10.1458 22.5578 20.0489 25.0814 29.3108 27.8626 22.6807 22.1069 28.8406 24.7279 25.7907 24.5458 25.3494 24.7564 28.2040 27.3529 23.4371 28.8323 24.7427 25.3686 26.9346 26.7247 23.8156 29.5031 27.6706 29.3969 27.6256 21.6311 26.7905 27.2141 27.9926 14.4216 12.0814 15.8449 9.6950 9.6889 17.3549 15.2266 13.1733 12.9051 18.6827 8.0683 13.6913 23.3717 15.2217 18.7810 7.7121 12.2926 16.6333 18.8370 11.6897 9.0857 16.9592 12.2374 17.7000 17.7588 12.8970 17.6274 20.6059 11.5041 11.0403 13.0847 15.4285 13.9845 10.4845 16.0887 18.8786 13.5782 22.5177 22.6365 9.4672 14.8059 8.1060 14.6676 10.0403 16.5828 7.9546 11.8170 14.7170 11.3557 17.5373 14.8049 8.6922 9.4886 16.3600 10.8755 17.6185 11.8405 13.0898 22.5421 9.2997 21.5559 27.1467 17.4942 32.0830 22.5360 20.3116 29.8672 24.5374 24.4067 24.3473 26.1114 22.7928 26.1017 25.1397 26.9531 25.8444 28.8029 24.3667 19.9729 25.5997 28.9211 19.6841 23.6980 19.4414 26.2231 23.1505 27.7640 25.4172 25.2368 25.7049
9.0545 12.3459 15.8365 8.2130 8.3904 13.4905 10.2421 11.4134 11.6680 11.4884 9.3292 9.5076 9.9792 13.1966 9.5516 10.5571 8.3720 8.2321 11.7702 0.0000 10.3014 14.4186 10.1916 17.0275 7.4522 10.8428 11.9093 11.8933 15.5087 11.4278 26.8193 24.6096 29.5773 33.3175 31.8988 27.4657 26.9805 32.9511 28.4644 29.8142 28.8259 29.3394 29.1110 32.7542 31.4075 27.9462 33.3205 28.6403 29.5152 31.1698 30.9290 28.2342 33.2438 32.0252 33.5531 31.6602 26.5319 31.1461 30.8184 32.3005 18.3090 18.0522 21.6109 12.9963 14.5394 21.0118 21.7900 18.7276 17.7435 23.1630 12.0466 20.5769 28.8592 20.3802 24.1911 11.7317 16.0478 16.4630 23.6157 17.1694 11.7744 22.6449 18.4662 23.7207 22.2780 18.6816 20.5532 25.4366 18.3706 15.9286 16.9973 21.4591 20.5488 16.2794 21.9348 24.0742 18.6600 28.9645 28.1555 13.1211 20.2503 15.8548 18.8468 14.8196 23.3758 9.9069 17.5274 20.5375 15.9955 22.3723 21.3025 10.3554 14.3719 23.0259 18.8753 23.3025 17.8984 16.9242 27.3880 14.4698 27.2752 31.8428 23.2779 36.7046 28.1561 26.0844 34.6246 29.6381 29.7323 29.4696 30.9496 27.7232 30.9526 30.0079 32.0455 31.4878 33.7608 29.5286 26.3727 30.7165 33.7137 25.1799 28.3895 25.0719 31.4789 28.6705 32.9201 30.1373 30.2760 30.4536
9.9750 8.1521 13.3729 10.8207 10.3625 8.2044 9.5610 12.6217 10.9446 7.1519 7.4023 9.8514 9.2053 10.0700 7.6873 7.4961 8.6440 9.2021 6.3460 10.3014 0.0000 11.2889 9.6636 13.0637 8.9764 8.2409 6.3895 6.1599 9.7925 10.7505 23.5374 21.0701 26.0819 30.1893 28.6436 23.6973 23.2431 29.7892 25.4418 26.5547 25.3579 26.0354 25.7542 29.1891 28.1411 24.3343 30.0241 25.9071 26.3569 27.8209 27.8149 24.6566 30.3968 28.6047 30.3671 28.3793 22.9105 27.8869 28.1217 29.0619 15.1043 13.3948 17.2327 10.1349 10.0173 17.5665 16.6295 14.2199 14.5385 19.6915 7.5935 14.6124 24.6928 16.0895 19.6082 7.4481 13.2712 16.2887 19.4632 12.5090 8.9353 17.9846 13.6477 18.8058 18.6927 13.9449 17.8080 22.0195 12.3008 12.1976 13.4295 16.9141 16.2127 11.5610 17.4591 19.7553 15.3390 23.9456 23.7234 9.7464 16.1050 9.2832 15.2013 10.2926 17.8657 7.4694 12.3131 16.3202 11.5975 18.6824 16.3632 7.8062 9.9551 17.9741 12.5865 19.3699 13.2545 14.0482 23.7636 9.7885 22.9224 28.0565 18.6355 33.1344 23.6867 21.5436 31.0296 25.6844 25.6381 25.3533 27.1375 23.8660 26.9780 26.1144 27.8736 26.9004 29.9057 25.4372 21.5698 26.5969 30.1225 20.8915 24.7562 20.4287 27.2897 24.0906 28.8154 26.2343 26.1555 26.6634
14.6017 10.3075 9.4444 14.0781 13.2688 10.8612 10.8294 15.5299 11.2617 10.2609 11.0482 13.4441 10.7112 10.4745 13.0225 11.9013 10.7014 12.7256 11.2451 14.4186 11.2889 0.0000 13.2465 9.6994 14.8242 11.6620 10.9558 11.3158 10.8366 10.4318 20.2485 16.6394 22.7731 26.5948 24.9286 20.7122 19.9366 26.8347 21.8773 23.0863 21.9920 22.7139 22.7667 25.7158 25.0454 20.6081 27.0692 22.9131 23.6657 24.4425 24.9539 20.7762 27.4564 25.2697 27.3087 24.5231 20.1229 25.4917 25.6853 25.7739 12.9680 11.1667 13.3176 10.4575 9.2869 16.8224 13.8905 12.6366 13.0206 16.0450 11.9102 13.3951 22.9041 10.7224 17.9421 9.3863 14.2251 16.5318 16.3362 10.7011 9.6056 15.4242 11.7138 15.3914 15.2931 11.4474 17.4403 19.2504 10.6822 8.5027 12.2171 15.3019 14.5475 12.5476 13.8072 19.5146 12.7038 19.7337 20.9695 11.1916 15.7650 11.8170 15.1804 12.2893 15.5454 11.8183 11.8683 12.6025 10.9120 16.7105 14.1998 10.0369 10.6572 14.9934 12.6614 16.4121 11.8475 12.9305 23.0713 11.2402 18.0775 24.2181 14.2966 29.6748 20.0582 17.1805 27.6277 22.3540 22.1876 21.6510 22.7896 19.4339 23.0870 22.2848 24.1900 22.9340 26.1676 22.0061 16.7038 21.9545 26.7479 17.0282 21.2897 16.1692 24.5349 20.4801 24.6700 22.7552 21.4522 22.9526
9.6593 8.4774 15.4822 9.7709 9.5666 10.6112 9.2533 10.9677 12.7945 9.4839 7.0429 8.4118 10.6074 14.0143 8.3681 9.9305 8.2288 11.0395 10.6567 10.1916 9.6636 13.2465 0.0000 16.4067 9.8597 8.2795 10.7216 10.8061 12.8731 11.8613 25.9837 23.6785 28.6446 32.5444 31.0505 26.5371 26.0095 32.1312 27.9423 29.2366 28.0685 28.5797 28.1142 31.6650 30.5829 26.9612 32.3201 28.0281 28.7654 30.2921 30.0017 27.2133 32.7036 30.9099 32.8164 30.7730 25.8780 30.3720 30.5257 31.4899 16.8430 15.5603 19.6455 11.3988 12.8505 19.5858 19.4606 16.7333 16.2182 21.6996 8.2114 18.2997 26.9482 17.7892 21.9148 10.4924 15.1887 16.0440 21.3056 15.0882 10.5694 20.4505 17.2118 20.9295 20.8290 16.3384 18.9551 24.2665 15.1253 14.5887 15.6179 19.9774 19.6788 14.6079 20.2207 21.3191 18.2870 26.6213 25.9983 13.0916 19.2911 13.3213 16.9417 11.9401 20.8989 7.9560 15.3194 19.8425 14.4542 21.0223 19.1155 9.3479 13.4603 20.9443 16.3557 22.0995 15.8732 16.2569 26.1615 12.8000 25.7168 30.4243 21.6139 35.2288 26.4196 24.4023 32.8422 27.8618 27.8077 27.9406 29.4631 26.3480 29.3060 28.3797 30.1230 29.4514 32.1494 27.8112 24.3422 29.1222 32.2840 23.3735 27.0560 23.1453 29.5075 26.7425 31.1224 28.4887 28.6569 28.9010
17.9680 12.4784 9.5914 17.8925 15.8216 12.1686 14.0744 18.0630 13.4324 12.4572 14.1837 16.2359 12.4522 9.6431 15.8333 14.4279 13.9001 15.2194 12.5308 17.0275 13.0637 9.6994 16.4067 0.0000 17.8233 13.8343 11.8522 12.5554 11.5289 13.1185 18.7920 14.7650 20.7522 24.6591 22.6765 18.7608 17.1404 24.8407 19.6391 21.2761 19.9645 20.4702 20.5156 23.3952 23.1588 18.2311 25.1188 21.7028 22.2516 22.3479 23.1835 18.6645 25.6639 23.5527 25.1384 21.8715 18.1603 23.4260 24.1750 23.6764 12.6627 10.0600 12.5181 13.2525 7.7721 16.2591 11.1487 12.0946 13.4149 14.7290 13.2161 10.8065 21.1250 10.2491 16.6846 10.6288 14.5509 18.0374 15.3397 9.4104 12.9138 14.6802 9.7591 12.6562 14.5523 10.2108 17.5002 17.7166 10.5400 9.3048 12.3305 14.2374 12.4982 14.0722 11.5894 19.1872 12.2198 16.6114 18.7815 11.5466 14.7413 12.1998 14.8973 13.5787 12.8590 14.3281 10.4799 10.0517 10.0347 16.0014 12.5743 12.2441 11.5890 12.0839 12.1832 14.2275 10.4424 13.4283 21.9950 11.6944 14.3392 21.4435 10.6403 27.5737 17.4321 14.1498 25.6729 20.5563 20.0666 19.1551 20.0881 17.1872 20.7931 20.0501 21.7732 20.0783 23.6059 19.9398 13.6236 19.0475 24.4648 14.6139 18.8576 12.9117 22.0535 17.8256 22.1963 20.2184 18.6073 20.4307
8.5455 12.0862 16.0792 6.7346 9.1609 12.5900 10.9176 11.7518 11.4721 10.9429 9.1789 9.1201 10.7495 13.8439 8.1173 8.4336 9.7052 8.6703 10.6350 7.4522 8.9764 14.8242 9.8597 17.8233 0.0000 10.9440 11.1849 10.9185 14.6617 11.7159 27.2898 24.8379 29.8687 33.6146 32.3718 27.8185 27.2813 33.2073 29.0550 30.3404 29.3477 29.9540 29.5561 32.9091 31.7450 28.6414 33.1332 28.8614 29.7528 31.5145 31.0296 28.7003 33.1974 31.9623 33.7168 32.0268 26.5978 31.1141 31.2239 32.3582 18.5930 18.3027 21.2359 12.9458 15.0957 21.3018 21.8883 18.9134 17.7988 23.2547 11.5046 20.6853 28.6286 20.6968 24.1353 12.0040 15.8646 17.4748 23.8092 17.8147 10.9524 22.4371 18.9134 23.6817 22.4285 19.0127 20.9462 25.2767 17.4860 16.3282 17.6908 21.1571 20.6371 15.4104 21.8415 23.4965 18.9902 28.2387 27.5575 13.7169 20.2475 14.4477 18.9776 14.1479 22.9758 9.9602 17.7716 20.3881 16.4013 22.4602 21.0412 10.9426 14.9299 22.6296 18.1873 23.2164 17.8091 17.2362 26.5808 14.6419 27.5311 32.2645 23.7699 36.5580 28.3438 26.4711 34.3018 29.6800 29.5818 29.6693 31.1572 27.9634 31.0878 30.0584 32.0945 31.6391 33.7332 29.4566 26.2701 31.1684 33.5855 25.3944 28.6367 25.3560 31.5275 28.9731 32.8405 30.4053 30.4406 30.7836
11.5909 6.7963 13.2345 10.3077 9.3513 7.8312 9.7102 11.6769 11.5072 7.4604 7.2424 7.9348 8.9702 11.7416 9.0840 8.7821 8.8420 11.4221 8.4959 10.8428 8.2409 11.6620 8.2795 13.8343 10.9440 0.0000 8.6417 9.9399 9.8051 10.5852 22.5788 20.3586 25.4600 29.6672 27.9267 23.0395 22.4551 29.1413 24.7528 25.8242 24.5938 25.3033 24.9288 28.5903 27.4571 23.3528 29.6286 25.2396 25.7557 27.1527 27.2443 23.9168 30.1277 28.1901 29.8144 27.7182 22.3951 27.3855 27.3844 28.6471 14.8894 12.5158 17.2059 10.3737 10.1125 18.1723 16.1627 14.1996 14.0526 19.4740 7.3678 14.9037 24.5151 15.4382 19.3196 8.2601 13.2418 14.9978 19.3892 12.1663 9.1992 18.0350 13.4686 18.1798 18.3553 13.1584 17.5156 21.9068 12.2764 11.4866 11.7795 16.6046 15.7952 11.3728 16.8626 18.9724 14.6578 23.7022 23.6531 10.2503 16.2491 10.4752 15.5181 8.2364 17.9022 6.6596 11.8321 16.9684 11.2849 18.1957 15.6377 8.2201 9.9142 17.6062 12.4551 18.8428 12.8925 12.5567 24.0815 9.9253 22.3004 27.3960 18.2021 32.8468 23.3135 20.8230 30.8160 25.1485 25.1462 24.9129 26.5544 23.3137 26.6309 25.6260 27.4079 26.3534 29.5135 25.0556 21.0711 25.8851 29.7806 20.3404 24.1277 19.5288 26.7697 23.5382 28.4481 25.5070 25.9811 26.1693
11.6904 8.1706 12.4006 11.6831 11.3349 7.1432 9.6282 13.0910 10.0244 5.7540 7.5634 10.2575 8.5323 8.7758 9.9346 7.4642 9.3478 10.5758 5.7437 11.9093 6.3895 10.9558 10.7216 11.8522 11.1849 8.6417 0.0000 6.6140 8.5423 10.1332 22.3137 19.8188 24.8405 29.2335 27.4656 22.6299 21.8685 28.8254 24.5065 25.5050 24.1662 24.9365 24.6381 28.0396 27.1316 23.0013 29.1371 24.8755 25.4134 26.6609 26.8485 23.3850 29.6880 27.7242 29.3691 27.3592 21.8963 27.0791 27.1931 28.0771 13.8749 11.5549 15.6665 9.5536 8.9896 16.8153 14.7274 12.5693 12.9968 18.2744 8.0823 13.1121 23.2058 14.5892 18.1861 7.4026 12.4022 16.3191 18.1685 10.6984 8.2484 16.6756 11.3689 17.1862 17.4811 12.3855 17.2833 20.8766 10.8625 10.7324 13.1219 15.7497 14.4767 10.6128 16.3930 19.0633 14.4665 22.5569 22.6012 9.1151 15.3636 8.2612 14.8344 9.8649 16.5095 8.7050 11.6174 14.7975 10.7723 17.5417 14.7357 8.3629 10.2961 16.5127 11.0182 18.5370 12.2064 13.4524 22.5689 9.2632 21.4332 26.7552 17.2078 31.9447 22.1777 20.0930 29.7937 24.3629 24.2820 23.8984 25.8539 22.5783 25.6976 24.9324 26.5159 25.4008 28.6706 24.1016 19.7507 25.1135 28.9989 19.4593 23.4935 19.0768 25.9829 22.6129 27.5573 25.0692 24.7813 25.2818
11.4089 8.7798 14.0371 12.3237 11.8504 9.4478 10.3374 13.8781 11.5478 7.4691 8.9510 11.6349 10.6721 10.1084 9.1576 8.6476 9.4198 10.9566 8.0170 11.8933 6.1599 11.3158 10.8061 12.5554 10.9185 9.9399 6.6140 0.0000 9.8814 11.4827 24.2631 21.8846 26.5723 30.6984 29.0555 24.2892 23.8087 30.4120 25.9273 27.2232 25.8696 26.4076 26.1955 29.5615 28.8546 24.6630 30.7169 26.7433 27.2371 28.2211 28.5309 24.9831 31.0220 29.0801 30.9963 28.6459 23.9295 28.7457 29.1352 29.6347 14.9075 12.4149 16.9980 11.0022 10.2018 17.3376 15.9136 13.3442 14.4273 19.4765 9.1315 13.6546 24.2002 15.3445 19.0785 7.5333 13.9017 16.7218 18.4456 11.4488 10.1073 17.3652 13.5366 18.1035 18.6946 13.3575 17.6559 22.2441 11.6856 12.8270 14.5560 17.5764 16.6595 12.3246 18.0539 19.5368 16.3915 23.9101 23.4480 11.2064 17.1386 9.5334 15.2568 11.2771 17.6073 9.8521 12.3652 16.5817 11.9269 18.9987 16.5483 9.8659 11.4774 18.1330 12.3831 20.3692 14.0427 15.8466 23.8228 10.5051 23.0037 28.0228 18.7517 33.0972 23.4643 21.6893 30.8907 25.6829 25.5938 25.2546 27.0495 24.0551 26.6763 26.0489 27.6292 26.4951 29.9057 25.5427 21.4114 26.3936 30.2693 20.9539 24.7289 20.5965 27.0831 23.7118 28.7044 26.2444 25.8203 26.3083
14.9603 7.8253 13.0229 14.1814 14.4127 6.7115 11.6548 14.6861 11.9392 7.9459 10.0621 12.3924 10.7381 10.9001 12.7484 10.2274 12.2671 14.2382 8.8970 15.5087 9.7925 10.8366 12.8731 11.5289 14.6617 9.8051 8.5423 9.8814 0.0000 11.2458 20.0681 17.5049 22.7915 26.9812 25.2081 19.7616 19.2125 26.6407 22.4512 23.1980 21.6739 22.4881 22.2232 25.6309 24.9728 20.3757 27.0180 23.2117 23.7318 24.2775 25.0315 20.7891 27.8063 25.3600 27.3217 24.5928 19.8302 24.9948 25.5486 25.9261 13.1630 8.0036 13.6740 8.8551 8.6508 16.1748 11.4373 10.7793 11.7853 16.9019 9.4148 10.5929 21.2978 11.3525 15.7995 7.6909 13.2312 16.3516 16.4041 8.8582 10.4860 14.3012 9.5510 13.6985 15.7436 9.6549 16.8335 19.5949 8.4128 8.7982 10.7892 13.9122 12.7395 9.9782 14.1458 16.0643 14.0067 19.1153 19.8827 11.5240 14.6390 9.2117 13.9042 9.5225 13.5084 10.6531 9.8293 14.3518 8.9799 15.7510 11.4304 10.0274 10.3930 13.9694 7.7964 16.3420 10.8427 11.9661 21.8287 10.3385 18.2436 24.2091 14.5070 29.8769 19.3392 16.6289 27.5448 22.0157 21.5695 21.3134 23.0757 19.9502 23.1184 22.4250 23.6787 22.0060 26.0526 21.6334 16.4121 21.8786 26.6828 17.3793 21.6968 15.5388 23.2779 19.4179 24.7385 22.0755 21.9256 22.3164
11.7106 10.5545 10.7715 10.8035 10.5138 10.2348 7.8130 13.3435 6.8325 9.8109 9.3479 11.2999 7.0844 9.7626 12.6350 9.3047 7.8167 8.8071 10.1458 11.4278 10.7505 10.4318 11.8613 13.1185 11.7159 10.5852 10.1332 11.4827 11.2458 0.0000 22.3868 19.4207 24.9756 29.0557 27.5391 22.9390 21.7890 28.9086 24.2971 25.5396 24.4075 24.8932 24.7208 28.2252 27.4215 23.3251 29.0958 24.5588 25.5580 26.9079 26.8234 23.5457 29.3513 27.6751 29.4483 27.1333 21.7979 27.2274 27.1461 27.8522 14.2575 11.7998 16.0155 8.8368 10.9349 17.4362 15.4204 13.4950 12.7265 18.1370 12.2015 15.8919 23.9775 14.4563 19.5466 8.8135 12.9925 15.3666 19.2965 12.3724 10.1396 17.0860 12.5340 18.2683 17.5541 12.9100 17.7411 21.1221 14.2060 10.4057 12.9718 16.0237 14.7695 13.1501 16.5248 20.7212 14.1696 22.8292 23.3335 11.1113 16.1904 12.9042 16.0998 12.0382 17.4247 10.8206 13.4937 15.4196 11.9658 17.7238 15.0949 9.1616 11.8918 17.0806 14.3667 18.5255 11.9640 12.5757 23.0040 12.2202 21.6640 27.0810 18.1178 32.2505 22.7528 20.6954 29.9459 25.0272 24.7773 24.4738 25.8386 22.6340 26.1049 25.2654 26.9204 26.2397 28.9159 24.3601 20.3989 25.4144 29.1053 20.2461 23.9593 19.4490 26.7158 23.5398 27.9106 25.5537 24.9072 25.6781
27.2437 21.8876 19.3825 26.3615 25.1057 20.7120 23.1666 25.2361 22.8167 22.2830 23.8269 25.1723 21.8623 21.3973 25.8768 23.6769 24.3078 25.4115 22.5578 26.8193 23.5374 20.2485 25.9837 18.7920 27.2898 22.5788 22.3137 24.2631 20.0681 22.3868 0.0000 13.5225 8.5090 12.2086 10.2156 9.9103 9.7184 11.3099 10.5017 9.5693 6.0508 10.1453 10.7251 12.6962 9.5094 8.3515 14.1071 10.1369 9.5479 8.6188 11.5048 9.1107 14.7139 11.8276 12.3881 10.8813 10.8395 12.9092 10.7471 13.4679 15.3523 19.0250 15.0457 21.3594 19.2708 17.0512 18.2524 17.6974 15.9406 14.7116 22.4886 19.2476 16.5739 18.1632 15.6304 21.5259 18.6494 19.9743 15.6746 19.6506 22.0192 15.8831 17.3590 16.8857 14.0374 18.1013 17.4002 14.3764 19.3156 17.4248 17.8719 15.2515 16.8609 19.6258 14.8971 18.0574 16.7511 18.1736 14.6691 19.6872 15.1300 21.4012 17.1304 20.7997 18.4096 22.5901 18.9710 17.5615 18.7629 14.0594 16.5085 21.3470 19.7910 16.2477 18.8281 16.3371 17.8886 17.3365 17.3830 19.5292 15.4580 12.4073 15.2300 18.4333 12.4579 14.4988 18.2676 13.2196 13.7941 9.9039 13.9213 10.6588 13.5980 12.8657 13.5260 14.3330 14.5186 12.6720 15.2031 12.4563 14.4952 11.7598 13.0157 14.2901 15.2475 13.0461 13.3971 12.2223 12.8671 13.9257
24.6255 19.5079 14.9115 23.8314 22.8734 18.0625 20.6247 24.7447 19.8847 19.8702 21.2819 23.0542 19.3082 18.5458 23.7910 20.9991 21.8192 22.7115 20.0489 24.6096 21.0701 16.6394 23.6785 14.7650 24.8379 20.3586 19.8188 21.8846 17.5049 19.4207 13.5225 0.0000 16.1180 19.4213 17.7945 13.9385 11.4612 19.5445 15.3483 14.7183 14.9961 16.3079 16.7421 18.4759 17.7302 13.9241 19.8938 15.9595 17.2617 17.8262 18.6443 14.0698 21.3480 18.8223 19.5147 17.1150 10.7852 17.9456 18.6884 18.3645 17.9688 16.3342 14.9733 18.7548 16.0832 21.7063 15.5638 17.9346 17.9654 17.5113 20.2721 17.3030 22.8699 14.9732 20.1930 19.0135 19.5521 23.2984 19.8192 17.5649 18.6928 18.5305 14.5039 15.9435 17.5902 15.8342 22.7872 17.5636 15.8697 13.6558 15.1716 14.3856 13.1826 16.5204 9.7875 22.3650 12.4409 12.8175 18.1541 16.6776 16.0888 18.4367 19.7798 18.0244 15.2157 20.1173 16.5079 11.5893 16.2523 17.3640 12.7192 19.0143 17.3261 12.0591 15.7556 10.7202 14.6486 14.1758 23.0607 16.9573 10.0149 18.7371 10.8310 24.9679 16.3191 9.5806 24.3815 19.2100 18.2847 16.9069 17.9168 13.8632 19.6721 17.5800 20.1404 18.2787 21.1239 17.6770 10.3157 15.9133 21.2298 14.0392 17.2772 9.6778 21.1496 17.4090 19.1586 17.4642 16.9267 19.6379
29.9403 24.7370 21.5505 29.0817 27.6592 23.4149 26.1111 27.6362 25.4843 24.9409 26.5734 27.9279 24.7151 23.4841 28.2749 26.2533 27.0098 28.0245 25.0814 29.5773 26.0819 22.7731 28.6446 20.7522 29.8687 25.4600 24.8405 26.5723 22.7915 24.9756 8.5090 16.1180 0.0000 9.3134 7.5870 11.0520 12.3534 8.8471 10.6743 9.6701 8.3928 9.6455 9.9873 9.9927 6.8693 9.8959 9.9004 9.1258 6.8052 7.4927 8.3925 9.1811 11.8154 8.4376 8.2342 9.6459 14.1116 11.6763 9.5849 10.4852 17.1176 21.2005 16.3795 24.2677 21.5970 17.3728 19.8797 19.8092 17.6304 14.2482 25.2200 21.1720 13.8340 20.2630 15.8236 24.1235 20.5265 21.7348 16.0298 21.9124 24.7501 16.2642 19.5408 18.2078 14.6438 20.3818 17.8824 13.1342 21.4367 20.0683 20.8995 16.6244 18.9592 22.4274 17.2519 18.5879 19.2077 18.6188 12.9968 22.5137 16.7463 23.3898 18.0205 23.4916 19.6242 25.5826 21.2204 19.0909 21.3260 14.2016 18.5131 24.3506 22.4049 17.7516 21.1307 18.1876 19.9766 20.3064 14.3178 22.1583 16.7190 9.5757 17.1512 14.0327 11.9779 16.8338 14.5459 11.3872 11.1232 8.1033 11.7377 9.6333 10.8925 10.6522 10.5098 12.8352 10.2633 10.0099 16.8194 11.8743 10.1167 12.3602 10.4772 16.4856 12.6887 12.7963 10.1697 11.1069 10.9406 12.8256
