0.0000 13.0390 16.9699 5.1936 11.4554 16.1024 15.0611 14.8480 9.6058 13.1706 8.6421 10.9588 11.6103 19.2277 9.9842 7.3537 11.3602 7.0775 13.4789 11.8830 10.1544 16.2588 6.3968 22.8597 3.3877 13.6599 13.6025 14.5423 15.5002 11.0710 42.2819 44.4976 46.9681 52.7502 52.9383 45.4570 45.9305 55.4692 47.1324 48.6295 47.1741 44.2410 45.8993 54.0765 52.7016 45.9462 55.1795 50.5137 46.5050 55.0415 53.2770 50.1063 56.9241 52.3047 51.2177 53.4077 45.7510 49.9956 50.8979 52.2567 33.0578 21.4712 32.2004 19.2485 25.0458 31.2990 31.3164 33.8389 34.2492 31.1918 15.2269 27.5458 40.0761 26.9476 34.5836 18.4227 35.7025 26.8898 32.0467 28.4123 18.6725 32.6248 29.5940 33.0348 34.0314 29.2617 32.0582 38.0044 22.9828 25.4310 24.6048 27.6401 28.4363 17.4307 28.1441 31.0131 27.3347 36.9045 30.7420 22.3411 28.0312 17.0860 29.9242 13.5499 25.8760 13.3009 22.8758 25.2444 22.3779 31.6177 24.3629 14.0401 19.7447 27.4434 22.1301 37.2613 20.9476 23.5957 28.9559 20.6465 44.6111 48.8086 37.1165 64.4332 43.4027 45.4997 54.9507 46.1377 44.2716 44.6813 48.0984 45.9677 44.4093 45.3828 47.4038 43.1362 49.1966 43.2796 45.0884 45.9072 50.7360 39.2109 37.9078 37.8654 46.2122 40.8515 51.8555 46.3035 47.3212 48.0252
13.0390 0.0000 7.1886 8.4390 4.6375 6.5177 4.3646 11.6457 7.8333 3.8907 4.9610 8.4126 6.5246 12.1280 4.0464 5.9854 4.8898 8.4418 5.7938 6.2201 4.5904 3.9970 7.2596 12.0220 10.6401 3.1186 5.0363 5.1016 8.1749 8.1704 31.0208 33.0507 35.5563 41.2965 41.4085 34.0904 34.5025 44.2407 35.8162 37.2735 35.8737 32.6117 34.6085 42.6633 41.4674 34.3612 43.9688 39.3809 35.1310 43.6049 41.8750 38.6300 45.9725 41.1888 40.1288 41.5501 34.7101 38.9053 39.6259 41.1272 21.5560 9.9393 20.6237 9.6085 13.6815 19.7829 19.0173 22.2753 22.9089 20.6186 6.4014 15.8665 28.2331 16.2661 22.9941 9.2183 25.1117 19.4938 20.9298 16.6874 8.0618 21.0611 17.5057 21.1827 22.7853 17.1645 21.5425 26.0885 11.3623 14.8825 12.6728 16.2675 16.8097 10.6513 15.8474 18.9628 15.0663 24.4886 18.7585 9.9800 17.1714 5.3455 18.1593 9.4293 13.8956 5.5207 11.3226 12.9480 10.5907 19.8868 12.3667 5.4116 8.3530 15.1044 9.6298 25.0827 9.6179 11.4087 17.4105 11.2260 32.4981 37.3720 25.0086 53.3526 31.7428 33.3929 43.7313 34.6948 32.4223 33.2384 36.4566 34.3015 32.9665 33.8509 35.9672 31.4722 37.5352 31.6959 32.9755 34.2455 39.4947 27.5447 26.2416 25.5922 34.5399 28.9558 40.4189 34.6373 36.1080 36.3528
16.9699 7.1886 0.0000 12.1392 8.1030 4.5753 5.1795 12.1379 8.2694 8.0464 9.0373 8.4279 6.3404 8.0435 9.4781 10.7150 6.5468 12.7949 4.4808 6.6848 7.6326 3.7175 13.1242 7.6419 13.7118 8.3522 5.1464 4.5352 3.9504 7.8881 27.1283 29.5660 31.4077 36.7432 37.1443 30.4483 31.0008 39.3600 31.5523 33.0792 31.6626 28.4129 30.4162 37.9604 36.9368 30.2105 39.5573 35.1699 30.8528 38.8945 37.3729 34.4547 41.4015 36.7108 35.8674 37.3379 30.7583 34.9260 35.6742 36.8658 16.4474 6.8769 15.7993 6.1153 8.6323 14.7414 15.3034 17.4763 17.8918 16.0347 9.4737 12.6405 23.5431 11.0526 19.5814 5.0029 19.9013 14.6874 15.6152 12.8479 4.7519 16.2621 13.6348 16.7633 17.5013 13.2177 16.8983 21.4787 9.2984 8.9960 10.7651 13.2772 13.7423 13.6760 12.6281 16.2332 11.5434 21.0586 15.6513 8.8277 15.0358 6.3275 14.0741 14.1421 10.8450 11.7957 9.7919 9.3064 8.2601 15.5516 11.3408 9.1204 10.1249 12.1324 9.7865 21.1517 6.2364 8.9203 14.2831 16.3129 28.6094 32.4761 21.5146 47.9640 27.2259 29.4551 38.5411 29.8771 27.9142 28.4207 31.9242 29.9361 28.1488 29.2085 31.1313 26.9620 33.0223 27.1053 29.0867 29.7540 34.3002 23.1040 21.8931 22.4078 30.0200 24.7330 35.5616 30.1292 30.9701 31.8355
5.1936 8.4390 12.1392 0.0000 7.0465 11.5021 10.7272 11.4836 6.5879 8.7992 4.5808 7.0495 6.8647 16.3099 5.8393 3.5023 6.8621 6.2102 9.0861 6.9816 6.8336 11.8485 3.8833 18.4223 2.6013 9.1506 10.0104 9.8499 12.3544 7.0637 37.8371 39.9793 42.2932 48.0031 48.2635 40.8581 41.5973 50.3890 42.2950 43.8055 42.4993 39.5661 41.0521 49.1325 47.7222 41.2713 50.2621 45.9187 41.6260 50.3114 48.5136 45.4314 52.2352 47.5496 46.3449 48.4062 41.1993 45.4171 46.1151 47.6230 28.4708 17.1375 27.7309 14.9553 20.4591 26.6977 26.8604 29.4686 29.8237 26.5961 10.8812 23.1530 35.2354 22.6820 30.1874 13.8695 30.7757 21.9533 27.5660 24.1523 14.0997 28.2544 25.0492 28.6545 29.4085 24.9149 27.4651 33.1023 18.6319 20.5155 19.7642 23.0164 23.8637 13.1254 23.5969 26.0686 22.5374 32.0747 25.9739 17.5836 23.6176 12.6227 25.1677 10.0692 21.4093 8.9055 18.4153 20.4083 17.7181 26.7385 20.0451 10.2155 15.0689 22.6028 17.5979 32.3656 16.3531 18.8685 23.9593 16.4647 40.0420 44.1151 32.5474 59.7015 38.7508 40.9351 50.2190 41.4107 39.4091 39.9467 43.4190 41.2883 39.6747 40.7033 42.6874 38.4727 44.5345 38.6002 40.5193 41.2306 45.7894 34.5677 33.2284 33.3514 41.5863 36.2807 47.1298 41.6241 42.5360 43.3992
11.4554 4.6375 8.1030 7.0465 0.0000 6.3212 7.4972 8.7201 9.0889 4.9539 2.8528 5.4891 6.8942 12.6155 4.0943 4.5062 4.8728 9.0869 5.3784 3.9792 4.3100 6.1912 6.6296 12.8625 9.1302 3.0258 5.6161 5.9340 8.6221 8.4984 32.3656 34.6584 36.7820 42.3175 42.6918 35.6372 36.0470 45.2050 37.0995 38.5371 37.1351 33.8225 35.9417 43.6061 42.5773 35.5847 45.0787 40.6561 36.4143 44.4688 42.9874 39.8698 47.0824 42.3259 41.3844 42.8057 36.1113 40.2790 41.0271 42.3828 22.2215 10.5224 21.3487 10.7216 13.8603 20.4484 20.3776 23.0864 23.5744 21.8502 4.5492 16.3723 29.1453 16.5934 23.8053 9.5611 25.1144 16.2436 21.4496 18.1411 8.0800 21.8723 18.4690 22.1395 23.1592 18.3171 21.5534 27.0153 13.1058 14.9129 14.5202 17.7003 18.7836 12.1349 17.6294 20.1950 16.5656 26.0476 20.1066 11.6335 18.9425 8.0810 19.4126 8.7857 15.6776 5.1873 12.7008 14.0625 11.5940 21.0325 14.2757 7.2849 9.0062 16.8587 11.4912 26.4605 11.4518 13.1011 18.7686 11.7804 33.8196 38.1948 26.5609 53.8772 32.7642 34.6653 44.4354 35.5794 33.4525 34.1230 37.5709 35.3317 33.9109 34.7468 36.8336 32.5002 38.5606 32.7793 34.2970 35.2712 40.3177 28.5749 27.2718 27.3011 35.5583 30.1179 41.2638 35.6675 36.8364 37.3738
16.1024 6.5177 4.5753 11.5021 6.3212 0.0000 4.9594 10.1032 6.9111 7.0371 8.2901 7.3576 6.2199 9.0014 8.2138 9.5356 5.4156 11.4868 2.8260 5.3612 6.0567 4.1035 12.3737 7.9396 13.5806 5.9452 3.6959 4.2753 3.3463 8.5041 28.0621 30.2689 32.3080 37.7923 38.0163 30.9125 31.6705 40.4211 32.3685 33.9724 32.5783 29.3164 31.2785 38.8530 37.7810 31.1107 40.2612 36.1979 31.7238 39.9436 38.4065 35.3550 42.2397 37.7445 36.6155 38.1279 31.4277 35.4975 36.3431 37.5707 17.4096 5.7243 16.5675 6.4441 9.0592 15.8984 15.6462 18.3052 18.7625 15.8097 7.4367 11.6830 24.3014 11.3141 19.0240 4.8663 20.1408 13.9045 16.6071 12.7844 4.4779 17.0910 13.6814 17.3889 18.3474 13.5651 16.6215 22.1718 7.3450 9.8143 11.2419 12.6160 13.3601 12.4966 13.1922 15.4649 11.8328 21.3480 15.5292 9.2658 13.7533 5.8987 15.0229 12.9747 11.2632 10.0677 9.0052 9.9480 7.2970 15.9485 9.8707 7.0458 7.4330 12.1683 8.8828 21.5704 5.9531 8.2425 14.4795 14.6107 29.2086 33.3348 22.1482 48.9719 27.9513 29.9137 39.5507 30.8291 28.7836 29.4376 32.6495 30.8364 29.0075 29.9339 31.9900 27.7091 33.9191 27.9761 29.5835 30.6543 35.2980 23.8061 22.7934 22.9081 30.7453 25.3988 36.4203 30.8886 31.9621 32.5608
15.0611 4.3646 5.1795 10.7272 7.4972 4.9594 0.0000 13.0837 6.9858 5.2922 7.6796 10.1250 6.0366 10.6099 5.8344 8.3074 4.2525 10.2823 4.8622 7.3433 6.1646 2.3766 9.3953 9.4170 12.7278 6.2999 4.6492 4.7711 5.9819 7.6454 29.1103 31.4332 33.6576 39.4570 39.4494 32.3632 32.5692 42.5839 34.0369 35.6816 34.0111 30.7230 32.8391 40.7892 39.7930 32.4625 42.2944 37.7013 33.3934 41.5342 40.0842 36.7313 44.2981 39.3898 38.4369 39.9402 33.0005 37.2133 37.9163 39.4353 19.1534 7.5407 18.1852 6.1426 11.4267 17.3878 16.4963 19.6298 20.3360 17.7952 7.8382 13.5268 26.0359 13.5119 20.4314 7.2174 22.8709 17.7968 18.3195 13.9275 6.0075 18.4156 14.9760 18.6417 20.4882 14.4838 19.0801 24.0298 8.4445 12.5764 11.5108 14.2363 14.8269 11.6335 13.9594 16.9709 13.0416 22.5569 16.8588 9.0005 15.1491 4.4356 15.9349 11.3910 11.8953 9.2867 9.8863 10.9629 9.5097 17.6531 10.7902 5.4860 8.2667 13.3680 8.1062 22.9731 7.3441 9.4906 15.2377 14.1407 30.1871 35.0450 23.0831 51.0360 29.3981 31.0131 41.3668 32.3761 30.3464 30.9542 34.0959 32.1590 30.6477 31.5322 33.6401 29.1337 35.2642 29.3472 30.6040 31.9769 37.3074 25.2084 24.1160 23.6945 32.1917 26.5775 38.0918 32.3009 33.7985 34.0072
14.8480 11.6457 12.1379 11.4836 8.7201 10.1032 13.0837 0.0000 14.1481 12.0472 9.2036 6.0979 9.6042 14.6844 10.8720 10.6280 10.3168 13.6103 9.0419 7.7953 9.4230 12.1996 13.0056 15.9441 12.8765 10.0468 10.7939 9.6333 10.2439 12.2732 31.0263 39.2388 34.9117 39.5901 40.1300 35.6992 35.9851 42.3010 35.0074 38.7668 35.5574 31.8846 33.4846 41.0895 40.0137 34.4410 42.6864 38.7875 33.9241 41.7414 40.2720 37.4218 44.4163 39.6099 39.0579 40.4393 38.7794 38.0709 38.9747 39.9495 19.0509 14.5902 19.5272 15.2498 17.6641 17.4327 24.2277 21.7917 20.5079 18.7939 10.6770 20.2600 26.2952 19.3718 20.8322 9.9667 20.9073 12.7072 18.1765 21.0827 11.9133 20.3801 22.3217 20.6118 20.4237 22.1303 17.8136 24.2765 16.2316 17.8467 20.0325 16.4559 22.4928 18.2562 22.0224 18.0042 21.0275 30.4807 18.3074 17.2135 16.7734 14.3491 17.6016 15.0826 20.1055 12.2974 17.0632 18.2636 16.2146 19.2162 18.9677 13.2562 14.5918 21.3626 16.8696 30.5737 14.7935 17.4455 15.9283 19.3891 37.7670 35.0821 30.7067 50.4399 29.8894 38.3436 41.0555 32.6945 31.4778 31.3031 34.8874 34.4757 30.7443 31.9382 33.7268 31.0239 35.9859 30.0459 38.1420 34.5522 37.1160 27.8380 25.3824 31.6678 32.7957 28.8739 38.1571 33.0236 33.4977 34.4990
9.6058 7.8333 8.2694 6.5879 9.0889 6.9111 6.9858 14.1481 0.0000 8.0055 8.8006 10.3053 5.1784 14.8829 7.3845 6.8440 4.5589 6.0019 6.2877 8.1015 6.8773 7.9120 7.5542 14.2517 7.3065 9.5707 7.8395 7.7055 8.7514 4.0071 33.1540 35.2270 37.8869 43.6986 43.9621 36.4479 36.7563 46.3210 38.0508 39.2927 38.0929 35.1598 36.7591 45.0735 43.6668 36.8650 46.1054 41.2815 37.3397 46.0070 44.2091 41.0251 48.1803 43.2460 42.0541 44.0171 36.7817 41.1585 41.7153 43.4662 23.9260 12.1853 23.0843 10.0032 15.6000 22.1530 22.0971 24.8220 25.2789 22.5727 10.3530 18.2009 30.7777 18.0517 25.5408 10.7812 26.6100 19.8253 23.1231 19.3121 10.3749 23.6078 20.2915 23.9060 24.8638 20.0646 23.1168 28.6446 14.1431 16.3465 15.3944 18.8610 19.5236 10.3421 18.9304 21.6598 18.0773 27.5238 21.5260 15.3006 19.4979 9.1541 20.9741 11.8752 16.7176 11.4403 14.2326 15.8170 13.0084 22.4822 15.4920 8.2474 11.8298 18.0361 14.3121 27.9412 12.2066 14.4084 20.2614 16.0894 35.4342 39.7741 27.9396 55.4475 34.3215 36.3250 45.9650 37.1009 35.0050 35.6445 39.0474 36.8842 35.3725 36.2993 38.3693 34.0527 40.1131 34.2559 35.9115 36.8242 41.7322 30.1274 28.8243 28.6417 37.1308 31.7234 42.8210 37.2200 38.3334 38.9438
13.1706 3.8907 8.0464 8.7992 4.9539 7.0371 5.2922 12.0472 8.0055 0.0000 4.8991 9.1247 6.4411 12.8837 3.5030 6.1523 4.5579 8.6000 5.4820 5.3457 4.3650 5.1267 7.3178 12.9980 10.9166 4.4314 4.9904 5.9478 8.6591 7.8426 31.3939 33.3487 36.0614 42.0631 41.8717 34.2634 34.6610 45.1947 36.3086 38.0072 36.3788 33.1744 35.1597 43.4396 42.1603 34.8796 44.6617 40.0269 35.7073 44.3715 42.5859 39.1351 46.6655 41.8712 40.6485 42.3199 35.0564 39.4249 39.9722 41.7651 22.7150 11.1638 21.7687 10.7240 15.0392 20.6552 18.9828 22.7096 23.8713 20.7471 5.0671 17.1189 28.9114 17.1380 23.8852 10.3954 26.4678 18.4810 21.5431 17.3768 9.2854 21.3278 18.5119 21.3201 24.0906 17.2395 22.6926 26.8897 11.2079 16.1733 12.6563 16.5115 16.7840 10.0982 15.8438 19.5062 15.1138 24.6042 19.2351 9.7081 17.3191 4.5901 18.5005 8.9666 13.8074 4.2212 10.6522 14.3688 10.0776 20.2186 11.9732 3.1220 7.0477 15.1584 9.4331 25.3674 10.2188 11.4449 17.9444 10.2608 32.7286 38.1387 25.2341 54.4411 32.3361 33.6396 44.6163 35.4453 33.1614 33.9889 37.0093 34.8786 33.7169 34.6014 36.7339 32.0656 38.2857 32.3947 33.2060 34.8388 40.4227 28.1218 26.8187 25.5862 35.1052 29.3352 41.2121 35.2321 37.0479 36.9207
8.6421 4.9610 9.0373 4.5808 2.8528 8.2901 7.6796 9.2036 8.8006 4.8991 0.0000 5.4863 6.2921 13.9095 3.1416 2.8317 4.9212 7.7162 6.4483 4.7806 4.0181 7.7705 4.3850 14.6610 6.4934 5.1139 6.4904 7.0673 9.6784 8.2310 34.5440 36.9406 38.9147 44.5579 44.6870 37.8103 38.2220 47.4263 39.2206 40.9192 39.2487 35.9682 38.0969 45.8931 44.6869 37.7177 47.2040 42.9389 38.6192 46.8096 45.1374 41.9864 49.1920 44.4430 43.5296 45.1778 38.2632 42.4309 43.1790 44.5135 24.8308 13.0179 23.9168 11.6977 16.6491 23.0720 22.8440 25.5159 26.0201 23.5265 6.6545 19.0926 31.8129 18.5645 26.3000 11.5384 27.7479 18.8825 23.8368 20.3493 10.6114 24.3017 21.1881 24.6947 25.8044 20.7893 24.0178 29.7411 14.9027 17.4237 16.6170 19.7019 20.7071 12.3947 19.7791 22.7386 18.9812 28.5168 22.4675 13.9156 20.8724 8.9108 21.6876 8.5359 17.7325 5.2227 14.5481 16.8258 13.9902 23.4058 16.2538 7.5069 11.3004 19.1441 13.6858 28.9302 13.3726 15.3123 20.8936 13.3819 36.2667 40.5768 28.7460 56.2437 35.1427 37.0981 46.7772 37.9368 36.0536 36.4804 39.8410 37.7103 36.2084 37.1253 39.1910 34.8788 40.9392 35.0222 36.7179 37.6497 42.6311 30.9535 29.6504 29.5141 37.9405 32.5232 43.6237 38.0460 39.1726 39.7534
10.9588 8.4126 8.4279 7.0495 5.4891 7.3576 10.1250 6.0979 10.3053 9.1247 5.4863 0.0000 6.8486 14.0868 7.9498 6.9104 7.1627 11.4494 6.5269 5.5660 6.8844 9.2783 8.5851 14.0885 8.2694 7.4190 8.2036 6.8907 7.7971 9.2336 33.8569 36.5331 38.0399 43.3140 43.9829 37.3016 37.7182 46.0428 38.3908 39.7955 38.3979 35.1118 37.2548 44.7871 43.7048 36.8426 46.3440 41.9145 37.6727 45.4653 44.0764 41.1827 48.1269 43.4323 42.6355 44.0663 37.5690 41.7367 42.4848 43.6339 22.8000 11.9346 22.2739 11.5490 15.1091 21.1422 21.8507 23.7839 24.2958 21.8470 7.3355 17.7928 29.9534 17.3863 24.6284 8.6933 24.7528 16.2827 21.9898 18.8351 9.9869 22.7041 19.8012 23.2493 23.9020 19.7579 21.6834 27.8862 14.1304 15.2857 17.0519 18.9142 20.0188 14.1987 19.5624 21.6365 18.4581 27.9733 21.6263 15.4917 19.6636 11.6770 20.7952 10.3735 17.6106 9.3714 15.1149 15.9453 13.5270 22.2218 16.4257 10.3057 12.7104 18.7844 15.1913 28.0663 12.3931 14.9592 20.1360 16.2399 35.2924 38.8628 28.2320 54.2894 33.6553 35.9814 44.8752 36.3849 34.5584 34.9935 38.5172 36.5682 34.6506 35.6379 37.5180 33.4409 39.6509 33.8989 35.6674 36.3861 40.9522 29.6479 28.5252 29.2341 36.4607 31.3065 41.9483 36.6204 37.3142 38.2649
11.6103 6.5246 6.3404 6.8647 6.8942 6.2199 6.0366 9.6042 5.1784 6.4411 6.2921 6.8486 0.0000 12.0992 5.4449 6.0740 2.4916 7.5242 3.9379 4.4142 3.9269 7.0755 9.2183 13.0726 8.3986 7.7812 6.0526 4.7506 6.8063 3.3407 32.9566 35.2003 37.1363 42.3865 42.8432 36.2014 36.9232 44.7850 37.1993 38.7970 37.4029 34.1415 36.1068 43.6633 42.5163 35.9390 44.9597 40.9102 36.5484 44.6004 43.0045 40.1833 46.7079 42.3424 41.3105 42.8228 36.2587 40.4264 41.3163 42.2692 22.4804 11.7109 21.9458 9.9802 14.7173 20.7910 21.6321 23.6063 23.9413 21.0983 8.5793 17.6750 29.5926 17.0759 24.3315 7.6748 24.1287 17.3564 21.5677 18.5462 9.0385 22.4073 19.6040 23.0067 23.5508 19.5473 21.4747 27.4596 13.5649 14.9381 15.1355 17.5857 18.7533 11.3401 18.6475 20.6981 17.4387 26.8869 20.6033 13.9809 18.2393 8.6413 19.8988 11.3182 16.6735 9.7366 13.5915 15.0757 12.6678 21.3079 15.4411 6.9287 10.9796 17.6549 13.4764 27.1555 11.3404 13.6940 18.5512 15.0721 34.7995 38.3753 27.4371 53.8025 33.2222 35.6452 44.3850 35.7764 33.9105 34.3200 37.9204 35.7897 34.0480 35.2047 37.0306 32.9582 39.0186 33.1016 35.2769 35.7292 40.0346 29.1972 27.7298 28.4273 36.0278 30.8503 41.4608 36.1254 36.7724 37.8408
19.2277 12.1280 8.0435 16.3099 12.6155 9.0014 10.6099 14.6844 14.8829 12.8837 13.9095 14.0868 12.0992 0.0000 13.9791 15.0372 12.4520 14.9598 8.8553 10.0537 10.4193 9.8110 18.2110 4.8374 18.2030 12.2511 8.0700 9.3243 7.0789 14.8186 26.0656 28.4830 29.7428 35.0916 35.4497 28.3883 29.7329 37.6109 29.8383 31.6443 30.0169 26.7480 28.7277 36.0823 34.9451 28.5455 37.4430 33.8729 29.3007 37.2429 35.7319 32.7898 39.0688 35.1026 34.1311 35.4715 28.8118 32.6763 34.0071 34.5093 14.3425 8.0232 14.0227 9.8144 7.0058 13.1995 13.2491 15.3475 15.8091 13.7579 15.4716 11.2507 21.3839 8.6656 18.2635 6.5968 18.5312 16.6346 14.8436 10.0456 7.3859 14.3927 12.1467 15.0522 16.5829 11.1028 15.5804 19.2690 7.8924 7.6633 15.1462 12.9476 11.0875 20.6542 12.2605 17.4189 10.9481 19.0409 15.3110 7.1041 14.3599 11.0093 12.1679 20.7934 12.1311 16.0369 12.5154 7.6118 12.5180 13.2563 13.8244 12.2813 13.1124 12.8516 10.4234 19.1255 7.3298 11.3104 13.4858 20.5551 26.8622 30.5421 20.1049 45.8483 25.1673 27.2874 36.4389 28.1544 26.2184 26.7630 29.8389 28.2712 26.1667 27.3062 29.0145 25.1439 31.3539 25.4109 27.2371 28.0891 32.5140 21.2842 20.2282 20.6711 28.1637 22.9428 33.4327 28.3234 28.8723 29.7754
9.9842 4.0464 9.4781 5.8393 4.0943 8.2138 5.8344 10.8720 7.3845 3.5030 3.1416 7.9498 5.4449 13.9791 0.0000 3.1770 3.7894 6.5706 6.5765 4.8172 3.7665 6.7957 4.5290 14.4009 7.8993 5.0341 6.0642 6.9605 9.7229 7.4149 33.9249 36.1851 38.3999 44.3953 44.3580 37.0041 37.3833 47.3190 38.7615 40.4601 38.7896 35.6342 37.6125 45.7215 44.3466 37.2932 46.8268 42.4798 38.1601 46.5933 44.9220 41.4736 48.8771 44.1321 43.0705 44.8479 37.6052 41.7818 42.5584 44.0049 24.5080 12.7553 23.4521 11.3571 16.6382 22.7492 21.9534 24.9911 25.6973 22.6586 6.0190 18.7576 31.4207 18.6711 25.8289 11.5484 28.0855 19.1819 23.6085 19.2281 10.9031 23.7770 20.4214 24.0754 25.7221 19.9175 24.2916 29.4177 13.5495 17.7909 15.6754 19.1361 19.4635 11.0879 18.9631 22.2417 18.1537 27.7234 21.9706 12.9553 19.7435 7.8094 21.1528 8.3980 16.7372 4.7287 13.5875 16.2423 13.1969 22.8582 15.1232 5.4734 10.3588 18.2624 12.7443 28.2851 12.1827 14.4683 20.3893 12.4298 35.6216 40.3605 28.0471 56.2813 34.7498 36.4371 46.6462 37.6827 35.7050 36.2263 39.4386 37.3079 35.9543 36.8388 38.9557 34.4793 40.5368 34.6483 36.0191 37.2525 42.5790 30.5511 29.2680 28.6728 37.5345 31.9564 43.4073 37.6437 39.0779 39.3500
7.3537 5.9854 10.7150 3.5023 4.5062 9.5356 8.3074 10.6280 6.8440 6.1523 2.8317 6.9104 6.0740 15.0372 3.1770 0.0000 4.9345 5.5499 7.6729 5.9377 5.0854 9.2446 3.8368 16.2473 5.3127 6.5607 7.2243 8.2483 10.7440 7.1113 35.8199 38.1867 40.3450 46.2786 46.3480 39.1825 39.4364 49.0958 40.5834 42.2484 40.5835 37.6242 39.4084 47.7400 46.4006 39.3231 48.8367 44.2681 39.9484 48.5165 46.8053 43.4832 50.9373 45.8331 44.9706 46.8379 39.6770 43.8447 44.5928 46.1718 26.3464 14.3671 25.4062 13.1947 18.0726 24.6094 24.3470 26.9760 27.5819 24.6596 8.0709 20.4418 33.4545 20.1099 27.7740 12.4257 29.4058 20.5476 25.4384 21.3864 12.4385 25.7619 22.6779 26.1516 27.3908 22.2923 25.6829 31.4077 16.0703 19.1671 17.9096 21.4296 21.9702 12.0114 21.2930 24.3583 20.6439 30.0904 24.0872 15.5368 21.7631 10.1671 23.4335 8.4318 18.9715 6.2414 16.0674 18.3801 15.5268 25.1517 17.7366 8.0203 12.8348 20.6027 15.1808 30.5593 14.4209 16.9750 22.5053 14.0754 37.8448 42.2837 30.3103 57.9891 36.7902 38.6802 48.4721 39.6259 37.7150 38.1695 41.4885 39.3578 37.8975 38.7820 40.8801 36.5263 42.5867 36.6697 38.2822 39.2972 44.3776 32.6010 31.2979 31.0027 39.5843 34.1129 45.3305 39.6935 40.9033 41.3998
11.3602 4.8898 6.5468 6.8621 4.8728 5.4156 4.2525 10.3168 4.5589 4.5579 4.9212 7.1627 2.4916 12.4520 3.7894 4.9345 0.0000 6.5140 3.8397 4.6374 3.2513 5.2885 7.1819 12.1790 8.7938 5.9504 5.0516 5.2168 7.1105 4.3803 32.4408 34.4726 36.8426 42.3973 42.5929 35.5094 36.1029 45.0933 37.0006 38.5444 37.1504 33.8885 35.8260 43.5096 42.4565 35.6453 44.9579 40.6576 36.3154 44.5487 43.0084 39.9067 46.9617 42.3222 41.2613 42.7569 35.9858 40.1535 40.9016 42.2597 22.1582 10.2839 21.2830 8.6474 13.7656 20.3851 20.3827 23.0207 23.5121 20.9158 6.9107 16.2995 29.1634 16.0678 23.7396 8.5400 25.0689 17.3939 21.4018 17.4340 8.1876 21.8066 18.3923 22.0714 23.1216 18.3280 21.4902 27.0852 12.2122 14.7799 14.2800 17.2503 17.9475 10.3550 17.5639 20.0583 16.4209 25.9005 20.0308 12.7182 18.0386 7.0874 19.2968 9.7954 15.5899 8.0061 12.5565 14.0907 11.5841 20.8926 14.1505 5.6868 9.4256 16.7116 11.9065 26.3182 10.5721 12.7520 18.2281 13.7308 33.8779 38.2771 26.6168 53.9508 32.8272 34.7278 44.4619 35.6448 33.5155 34.1884 37.5254 35.3947 33.9164 34.8098 36.8989 32.5632 38.6236 32.7066 34.3553 35.3342 40.2090 28.6379 27.3348 27.3436 35.6213 30.1679 41.3292 35.7305 36.9041 37.4367
7.0775 8.4418 12.7949 6.2102 9.0869 11.4868 10.2823 13.6103 6.0019 8.6000 7.7162 11.4494 7.5242 14.9598 6.5706 5.5499 6.5140 0.0000 9.2869 8.9330 5.6429 11.3818 6.5962 18.0758 7.3473 9.5944 8.6735 10.3748 11.2041 6.9107 37.8318 40.0649 42.5591 48.4045 48.5293 40.7869 41.4565 51.1208 42.6231 44.1202 42.7651 39.8320 41.3901 49.6476 48.2727 41.5372 50.6784 46.1108 41.9958 50.7128 48.9150 45.6973 52.4454 47.9510 46.7085 48.8984 41.1848 45.3561 46.3139 47.6975 28.5310 16.6226 27.5942 14.6703 20.2777 26.7721 26.6181 29.3318 29.8225 26.7347 12.2951 22.6973 35.5188 22.3358 30.0507 14.2552 31.5350 23.8930 27.7004 23.7444 14.4450 28.1177 24.8167 28.3822 29.5045 24.5634 27.8134 33.4682 18.2040 21.2514 19.8478 23.0440 23.6793 13.7305 23.4541 26.4170 22.5777 32.1475 26.1459 17.5037 23.3047 12.3443 25.3280 13.2570 21.2192 10.6146 18.2049 20.4939 17.6209 27.0215 19.5608 9.1222 14.9072 22.6864 17.3195 32.5847 16.1906 18.8387 24.4401 16.6794 40.0347 44.4800 32.5401 60.1541 38.9937 40.9298 50.6545 41.8025 39.7559 40.3461 43.6829 41.5522 40.0742 40.9672 43.0752 38.7232 44.7810 38.8641 40.5120 41.4964 46.3811 34.7954 33.4922 33.2085 41.7787 36.3250 47.5269 41.8879 43.0730 43.5942
13.4789 5.7938 4.4808 9.0861 5.3784 2.8260 4.8622 9.0419 6.2877 5.4820 6.4483 6.5269 3.9379 8.8553 6.5765 7.6729 3.8397 9.2869 0.0000 3.5615 4.0274 4.1958 10.7713 9.6498 11.0571 5.5667 2.8412 3.6780 3.4380 6.4681 30.2588 32.5329 34.5617 39.9974 40.2974 33.2789 34.0399 42.5702 34.6479 36.2535 34.8594 31.5975 33.5321 40.9336 39.8991 33.3644 42.5017 38.3667 34.0049 42.1487 40.6084 37.6157 44.4042 39.9223 38.8444 40.4926 33.6463 37.8140 38.5660 39.8112 19.7791 8.3408 19.0130 8.3706 11.7403 18.0061 18.2861 20.7507 21.1320 18.0871 7.2095 14.3564 26.7398 13.9116 21.4695 5.1419 22.2724 15.5569 18.9006 15.3819 5.4219 19.5365 16.2886 19.9103 20.7169 16.2314 18.7735 24.6123 9.9939 11.9707 12.4057 14.9050 15.8011 12.3662 15.6098 17.8397 14.2738 23.8953 17.8588 10.5250 15.4098 5.9015 16.7500 12.1320 13.6359 8.9166 10.4515 11.9628 9.6301 18.3724 12.1212 5.6753 7.7044 14.7330 10.1300 24.0278 7.9737 10.5922 15.6975 13.8721 31.6243 35.6865 24.5538 51.2584 30.3556 32.4700 41.8097 33.0642 31.0439 31.6153 35.0538 33.0900 31.3358 32.3382 34.3183 30.0916 36.1728 30.2350 32.1016 32.9079 37.4767 26.1763 25.0470 25.3896 33.1497 27.8121 38.7486 33.2589 34.2145 34.9652
11.8830 6.2201 6.6848 6.9816 3.9792 5.3612 7.3433 7.7953 8.1015 5.3457 4.7806 5.5660 4.4142 10.0537 4.8172 5.9377 4.6374 8.9330 3.5615 0.0000 4.3317 6.8954 8.9696 12.1986 8.5870 5.7497 4.8454 3.8860 6.3925 6.7392 32.6102 34.9422 36.8389 42.1337 42.5458 35.7614 36.5323 44.5790 36.8966 38.4974 37.1033 33.8441 35.8094 43.2514 42.1699 35.6416 44.7167 40.6106 36.2488 44.2850 42.7539 39.8859 46.5117 42.0918 41.0278 42.6266 35.9689 40.1366 40.9232 42.0262 21.8930 10.8850 21.2344 11.1364 14.0669 20.1199 20.8070 22.9721 23.2544 20.3697 7.5490 16.9005 28.9057 16.3481 23.6909 7.0876 23.8253 15.3009 20.9276 17.8184 7.9966 21.7580 18.7767 22.2393 22.8639 18.7200 20.8873 26.7726 12.6463 14.1280 15.0514 17.2610 18.3722 14.3659 18.2098 20.1793 16.8448 26.3853 20.2436 11.7098 18.0689 8.4538 19.1083 11.9148 16.2358 7.5443 13.1192 14.3419 12.2301 20.6208 14.9098 7.2125 9.6631 17.2230 12.1879 26.4645 10.7151 13.1632 17.9764 14.8395 34.1065 37.7252 27.0462 53.2092 32.5253 34.8548 43.7938 35.1764 33.3145 33.7850 37.2235 35.3673 33.3979 34.5079 36.3805 32.2613 38.4500 32.5070 34.4865 35.1852 39.4618 28.4545 27.3243 27.9896 35.3431 30.1494 40.8107 35.4286 36.1691 37.1561
10.1544 4.5904 7.6326 6.8336 4.3100 6.0567 6.1646 9.4230 6.8773 4.3650 4.0181 6.8844 3.9269 10.4193 3.7665 5.0854 3.2513 5.6429 4.0274 4.3317 0.0000 6.4523 8.0693 13.0782 8.9897 5.3282 3.9806 5.3046 6.8764 6.9747 33.4223 35.4329 37.7675 43.2829 43.5219 36.2628 37.1237 45.8967 37.8724 39.4780 38.0839 34.8220 36.7379 44.3115 43.1200 36.5714 45.5295 41.5912 37.2294 45.5215 43.8939 40.8402 47.4899 43.2078 41.9301 43.5783 36.6100 40.7777 41.6580 42.8359 23.4065 11.7242 22.5793 10.2819 15.0458 21.6334 21.6401 24.3170 24.7593 21.6118 7.4849 17.7397 30.2768 17.3559 25.0358 8.8572 26.0102 18.4197 22.5889 18.8262 9.0763 23.1028 19.7231 23.4157 24.3442 19.5888 22.5677 28.1448 13.2743 15.7031 15.0898 17.9119 18.6241 11.7549 18.6326 21.1386 17.3036 26.8752 21.0439 12.2767 18.3115 8.0186 20.1906 10.8317 16.6587 7.3021 13.4743 15.1821 12.6529 21.6495 15.0220 4.5916 9.9174 17.6400 12.4422 27.2611 11.1614 13.5895 19.1165 12.9724 35.0247 39.2887 27.6376 54.9174 33.8780 35.8834 45.4500 36.6476 34.5664 35.1912 38.5763 36.4456 34.9193 35.8606 37.9018 33.6141 39.6744 33.7575 35.5021 36.3850 41.1212 29.6888 28.3856 28.4124 36.6721 31.2693 42.3355 36.7813 37.8590 38.4876
16.2588 3.9970 3.7175 11.8485 6.1912 4.1035 2.3766 12.1996 7.9120 5.1267 7.7705 9.2783 7.0755 9.8110 6.7957 9.2446 5.2885 11.3818 4.1958 6.8954 6.4523 0.0000 10.4687 8.5241 13.8140 5.1226 3.5189 4.2350 4.5876 8.4667 27.7836 30.1298 32.2480 37.9445 38.0690 30.9233 31.2425 41.0320 32.5410 34.1160 32.5647 29.3027 31.3672 39.2653 38.2691 31.0522 40.7704 36.1491 31.8974 40.0958 38.5556 35.3210 42.7742 37.8694 36.9409 38.3746 31.5325 35.7173 36.4484 37.9393 17.7580 6.1854 16.7110 5.9704 9.9285 15.9992 15.3689 18.4244 19.0476 17.1835 6.6776 12.0390 24.6692 12.5174 19.1433 5.7715 21.3642 15.7512 17.0581 13.2041 4.2617 17.2103 13.7988 17.3423 18.9912 13.3345 17.6377 22.6546 7.8978 11.2687 10.3420 13.1599 13.9727 11.9160 12.5752 15.5656 11.6658 21.1726 15.3684 8.0488 14.3111 3.5531 14.6850 11.4219 10.6233 8.5630 8.0534 9.5037 7.3763 16.4613 9.3688 5.9483 6.7632 11.9837 6.7094 21.6959 6.5625 8.1875 14.3386 12.9858 28.9903 33.7970 21.7564 49.7320 28.2054 29.8491 40.1058 31.1558 28.9785 29.6994 32.9036 30.7764 29.4275 30.3119 32.4100 27.9414 34.0018 28.1265 29.4677 30.7124 35.9735 24.0161 22.7334 22.3504 30.9994 25.4132 36.8439 31.1086 32.5480 32.8149
6.3968 7.2596 13.1242 3.8833 6.6296 12.3737 9.3953 13.0056 7.5542 7.3178 4.3850 8.5851 9.2183 18.2110 4.5290 3.8368 7.1819 6.5962 10.7713 8.9696 8.0693 10.4687 0.0000 18.3780 4.5691 7.7060 10.2560 10.8678 13.9148 8.0632 37.1495 39.3172 41.9504 48.0862 48.0452 40.4816 40.5407 51.0137 42.2598 43.7569 42.2807 39.3214 41.0267 49.5050 48.1656 40.9721 50.6017 45.6411 41.6324 50.2383 48.6129 45.0886 52.7023 47.6407 46.4142 48.5351 40.9800 45.3695 45.9136 47.8264 28.0917 16.3466 27.0384 14.5839 20.2336 26.3328 25.5729 28.5191 29.2810 26.9530 9.1739 22.3563 35.1033 22.3391 29.4089 15.6080 31.6716 22.7680 27.1439 23.1314 14.5799 27.3049 24.0453 27.6516 29.3252 23.5182 27.8731 33.1049 17.7564 21.3770 19.1423 22.9856 23.7013 11.9555 22.6182 25.9044 21.9266 31.3786 25.6333 16.7426 24.0482 11.3517 24.9370 8.2286 20.2102 7.1929 17.2582 19.9407 16.8521 26.6551 18.9089 9.5809 14.0103 21.9176 16.3957 31.9672 16.4838 18.2588 24.2648 14.8340 39.2805 43.9995 31.6541 59.9797 38.3850 40.0648 50.2966 41.3009 39.3714 39.8445 43.0634 40.9224 39.5725 40.4569 42.5946 38.1145 44.1512 38.3184 39.6260 40.8877 46.2617 34.1656 32.9344 32.3279 41.1489 35.5671 47.0495 41.2635 42.7420 42.9681
22.8597 12.0220 7.6419 18.4223 12.8625 7.9396 9.4170 15.9441 14.2517 12.9980 14.6610 14.0885 13.0726 4.8374 14.4009 16.2473 12.1790 18.0758 9.6498 12.1986 13.0782 8.5241 18.3780 0.0000 20.2396 11.8926 9.6305 10.5710 8.3810 15.0021 22.8852 25.3053 26.5627 31.8409 32.0255 25.3175 26.3638 34.7832 26.7794 28.6736 26.9300 23.4229 25.6498 32.7785 32.0302 25.0805 34.6296 30.8392 26.1568 33.8699 32.5188 29.3835 36.6006 32.0993 31.2117 32.3093 26.1013 29.8502 30.9001 31.8416 10.7168 4.9355 9.8955 7.4111 3.4132 9.0364 9.0635 11.4274 12.1343 10.1245 13.0041 6.7751 17.5956 4.7675 14.3434 6.5302 15.6964 14.6346 11.1019 5.8939 6.0589 10.3090 7.6679 10.7406 12.6358 6.5828 12.8554 15.5885 4.2064 4.8333 12.5252 11.0114 8.4951 18.9840 9.2421 15.2078 8.1176 15.4756 12.4473 6.6541 12.7993 10.1939 9.6042 19.1153 8.4910 16.0255 9.6773 4.0126 9.5656 10.2842 10.8763 13.3703 11.5961 9.6863 8.9102 15.6065 5.1048 8.9893 10.6167 19.6751 22.9145 27.1606 16.3647 42.4874 21.5971 23.3397 33.0139 24.7729 22.7131 23.3815 26.2687 24.8772 22.7851 23.7733 25.6330 21.5737 27.7837 22.0121 23.2895 24.5188 29.3212 17.6706 16.8829 17.0717 24.5934 19.1839 29.9990 24.7531 25.6795 26.2052
3.3877 10.6401 13.7118 2.6013 9.1302 13.5806 12.7278 12.8765 7.3065 10.9166 6.4934 8.2694 8.3986 18.2030 7.8993 5.3127 8.7938 7.3473 11.0571 8.5870 8.9897 13.8140 4.5691 20.2396 0.0000 11.2482 11.8344 11.2132 14.1069 8.1616 39.6559 41.7954 44.2437 49.9104 50.2140 42.9837 43.4165 52.3729 44.2455 45.7298 44.4498 41.5167 43.0123 51.1425 49.7996 43.2218 52.3538 47.6273 43.6054 52.2188 50.4210 47.3820 54.2837 49.4570 48.3181 50.5080 43.1752 47.5520 48.1087 49.7147 30.0654 18.9048 29.3853 16.9021 22.3345 28.3159 28.8716 31.1063 31.4657 28.4676 12.9788 24.9329 37.1610 24.4061 31.8252 15.4702 32.3395 23.6067 29.1771 25.8764 16.0554 29.8922 26.9739 30.3613 31.0973 26.8169 29.0597 35.0893 20.6363 22.4347 22.0154 25.1711 26.1047 15.0379 25.6968 28.2271 24.7784 34.3151 27.9874 19.8678 25.8587 14.7658 27.1750 11.1571 23.4619 11.1349 20.4476 22.6397 19.8179 28.8932 22.1780 12.4347 17.2536 24.8540 19.7409 34.5897 18.5138 21.1095 26.0715 18.2788 42.0987 45.9860 34.6041 61.4968 40.6911 42.9719 52.0147 43.3303 41.3872 41.8739 45.3894 43.2586 41.6019 42.6737 44.5844 40.4272 46.4875 40.5705 42.5760 43.1981 47.6734 36.5812 35.1987 35.4513 43.4877 38.2254 49.0328 43.5944 44.4112 45.3007
13.6599 3.1186 8.3522 9.1506 3.0258 5.9452 6.2999 10.0468 9.5707 4.4314 5.1139 7.4190 7.7812 12.2511 5.0341 6.5607 5.9504 9.5944 5.5667 5.7497 5.3282 5.1226 7.7060 11.8926 11.2482 0.0000 5.3012 6.1329 8.4237 9.5082 30.7224 32.9477 35.2696 40.9907 41.0597 33.7930 34.2085 44.0129 35.4674 37.0691 35.5831 32.3212 34.2957 42.2184 41.2222 34.0723 43.7236 39.0903 34.8227 43.1421 41.6018 38.3394 45.7273 40.9156 39.8662 41.3278 34.4301 38.6427 39.3459 40.8646 20.8605 9.7299 19.9480 10.4121 13.1484 19.0934 18.3016 21.5561 22.2071 20.3907 4.6222 15.3156 27.6200 15.9636 22.3807 9.2380 24.5624 17.5571 20.2454 16.4905 7.3572 20.3420 16.7178 20.4462 22.1999 16.6383 21.1329 25.5601 11.0648 14.6285 12.7399 16.2459 17.0030 10.7990 15.5088 18.4202 14.5580 24.0177 18.2971 9.6174 17.3250 6.4202 17.5380 9.1396 13.5348 5.2268 10.8165 12.4925 9.5290 19.2562 12.1337 5.7472 6.7525 14.8287 9.1842 24.5211 9.5452 11.2847 17.4047 10.4381 31.9086 36.7956 24.7224 52.7862 31.1793 32.7643 43.1579 34.1575 31.8871 32.7011 35.8775 33.7980 32.4292 33.3136 35.4117 30.9153 36.9980 31.1070 32.3860 33.6863 38.9166 26.9900 25.7549 25.2885 33.9734 28.3593 39.8424 34.0826 35.5775 35.7888
13.6025 5.0363 5.1464 10.0104 5.6161 3.6959 4.6492 10.7939 7.8395 4.9904 6.4904 8.2036 6.0526 8.0700 6.0642 7.2243 5.0516 8.6735 2.8412 4.8454 3.9806 3.5189 10.2560 9.6305 11.8344 5.3012 0.0000 3.5548 3.8519 8.6116 30.4144 32.7767 34.8589 40.4093 40.5698 33.3735 34.0582 43.2597 34.9458 36.6444 35.1319 31.8699 33.8647 41.4593 40.4217 33.6616 42.9135 38.6641 34.3445 42.5607 41.0210 37.9059 44.9173 40.3589 39.2549 40.9031 33.8804 38.0481 38.8370 40.1848 20.0084 8.0394 19.1558 8.3803 11.7983 18.3336 18.2480 20.8159 21.4452 18.4685 8.4155 14.0540 27.1787 13.9407 21.5415 5.8561 23.1527 16.8361 19.3654 15.1681 6.2372 19.6173 16.3648 19.9229 21.1150 16.1695 19.4094 25.1592 9.8173 12.9658 12.6747 15.1639 15.7809 13.6398 15.4886 18.1577 14.2735 23.9120 18.0234 9.1538 15.5291 5.2187 17.0687 13.3947 13.5146 8.5910 10.3302 12.1158 9.5177 18.7708 11.8235 4.7227 7.8571 14.7497 9.2197 24.2953 7.9513 10.5720 16.2110 13.5624 31.7820 36.2394 24.5720 51.9682 30.7924 32.6277 42.4881 33.6405 31.5268 32.1841 35.4906 33.3873 31.9121 32.7965 34.8946 30.5284 36.5888 30.6718 32.2594 33.2994 38.2124 26.6031 25.3443 25.2684 33.5864 28.1025 39.3249 33.6957 34.9303 35.4019
14.5423 5.1016 4.5352 9.8499 5.9340 4.2753 4.7711 9.6333 7.7055 5.9478 7.0673 6.8907 4.7506 9.3243 6.9605 8.2483 5.2168 10.3748 3.6780 3.8860 5.3046 4.2350 10.8678 10.5710 11.2132 6.1329 3.5548 0.0000 4.9254 6.4180 30.4809 33.3504 34.5700 39.7927 40.4718 34.0594 34.3497 42.5977 34.9255 36.4225 34.8867 31.6006 33.7993 41.4042 40.3611 33.3727 43.0010 38.4971 34.2483 41.9440 40.5146 37.6716 44.7325 39.8705 39.2918 40.7233 34.3106 38.4437 39.2139 40.2902 19.3701 8.6130 18.8186 8.1030 11.9546 17.7265 18.5288 20.3599 20.8218 18.6065 8.8158 14.5920 26.5820 13.9804 21.2043 5.3053 21.2166 15.8502 18.4650 15.4712 5.8692 19.2801 16.6726 19.8759 20.5105 16.4313 18.1332 24.5731 10.8915 12.1631 13.5809 15.6495 16.8816 14.0095 16.2040 18.3442 15.2672 24.7824 18.1931 10.1878 16.7832 6.5731 17.1955 13.5458 14.2516 9.7350 11.2627 12.4583 10.5077 18.9295 13.1763 6.6038 8.9096 15.5935 10.3225 24.8755 9.3989 11.6136 16.2015 14.4196 31.9239 35.3699 24.8635 50.7451 30.2132 32.6290 41.3284 32.8643 31.1137 31.4729 35.0338 33.0983 31.1165 32.1958 34.0252 29.9711 36.1811 30.3877 32.2989 32.9162 37.3799 26.2287 25.0553 25.8750 33.0072 27.8873 38.4554 33.1505 33.7706 34.8227
15.5002 8.1749 3.9504 12.3544 8.6221 3.3463 5.9819 10.2439 8.7514 8.6591 9.6784 7.7971 6.8063 7.0789 9.7229 10.7440 7.1105 11.2041 3.4380 6.3925 6.8764 4.5876 13.9148 8.3810 14.1069 8.4237 3.8519 4.9254 0.0000 9.4016 29.1630 31.7173 33.2958 38.6703 39.0027 31.9398 32.8640 41.4044 33.4122 35.1189 33.5424 30.3010 32.3348 39.7798 38.7160 32.0985 41.3074 37.2541 32.7883 40.8217 39.3082 36.3427 42.7858 38.6462 37.7756 39.3470 32.4329 36.2157 37.5494 38.2612 18.1076 6.7766 17.4025 7.2589 10.2700 16.4640 16.8201 18.9437 19.5423 16.5919 9.8087 12.7668 25.3091 12.1095 19.7882 3.9605 20.5623 14.9722 17.3191 13.7059 4.9261 17.8639 14.9439 18.3191 19.2472 14.7226 16.9572 23.2995 8.5389 10.5656 12.7179 13.5196 14.4949 14.9046 14.4717 16.7552 13.2178 22.8308 16.6431 10.1514 14.0809 7.1967 15.5246 15.3702 12.4852 12.1256 9.9968 10.9505 9.2696 17.1075 11.2868 8.2832 9.9288 13.7028 9.8934 22.9533 6.8649 9.6274 15.1045 17.0486 30.3684 34.2232 23.3080 49.7502 28.9257 31.0602 40.3223 31.7308 29.8507 30.3394 33.6240 31.8241 29.8959 30.9083 32.8784 28.6969 34.9069 28.9639 30.7433 31.6420 36.1669 24.8138 23.7811 24.1539 31.7198 26.4724 37.3087 31.8763 32.7645 33.5353
11.0710 8.1704 7.8881 7.0637 8.4984 8.5041 7.6454 12.2732 4.0071 7.8426 8.2310 9.2336 3.3407 14.8186 7.4149 7.1113 4.3803 6.9107 6.4681 6.7392 6.9747 8.4667 8.0632 15.0021 8.1616 9.5082 8.6116 6.4180 9.4016 0.0000 33.9612 36.4823 38.1074 43.4628 44.0559 37.5220 37.9240 45.9865 38.4280 39.8656 38.4636 35.1891 37.2758 45.0783 43.7868 36.9101 46.4064 41.9847 37.7428 45.7712 44.0410 41.2038 48.1397 43.3842 42.7175 44.1734 37.7202 41.8879 42.6360 43.7159 23.7211 12.9827 23.1731 10.9982 16.1919 22.0034 22.8703 24.8618 25.1537 23.1889 10.1637 18.9751 30.8050 18.5663 25.5806 10.1223 25.5241 18.7505 22.7653 20.2161 10.3251 23.6477 20.8635 24.2488 24.7632 20.8042 22.7154 28.6796 15.5477 16.3243 16.5932 19.2259 20.7462 12.1450 19.8219 22.1091 19.0313 28.4778 21.9280 15.6067 20.6865 9.9281 21.3221 12.1915 17.8534 11.2680 14.8754 16.5282 13.8873 22.9466 16.7130 8.9956 12.3973 19.0248 14.8823 28.7663 13.5775 15.3624 20.1281 16.4130 35.9962 39.5419 28.5016 54.9853 34.3891 36.8419 45.5490 36.9285 35.0775 35.4721 39.2046 36.9567 35.2688 36.3717 38.1827 34.1252 40.1855 34.4130 36.4735 36.8961 41.3998 30.3790 28.8967 29.4683 37.2215 32.0589 42.6130 37.2924 37.9097 39.0345
42.2819 31.0208 27.1283 37.8371 32.3656 28.0621 29.1103 31.0263 33.1540 31.3939 34.5440 33.8569 32.9566 26.0656 33.9249 35.8199 32.4408 37.8318 30.2588 32.6102 33.4223 27.7836 37.1495 22.8852 39.6559 30.7224 30.4144 30.4809 29.1630 33.9612 0.0000 11.9734 5.9470 13.2245 12.9128 8.6551 6.9094 16.8687 6.3089 9.3619 5.8724 5.8793 6.7663 15.6783 12.9186 6.0118 15.7785 8.8210 6.8378 15.2955 13.7254 9.6500 19.6157 13.1539 10.1271 12.2779 11.9863 11.4318 9.6713 14.4412 17.0526 23.4527 14.8390 25.2881 21.5040 18.9274 16.3306 16.1763 14.8703 17.0053 29.6475 21.2555 17.6205 20.5532 19.2618 27.6966 23.5038 23.4578 17.4098 20.2306 26.3768 15.5313 19.6591 15.0660 17.3750 18.0670 23.4382 15.6451 23.1861 21.7750 21.9332 16.9003 17.9962 28.8111 16.7175 18.6911 18.5991 13.7210 13.8725 23.1891 18.2149 26.9150 15.9808 32.0627 19.4324 32.1167 23.0073 19.6652 22.1796 13.4129 21.8560 30.8385 25.8368 18.7270 23.2691 13.4969 23.3540 21.6829 19.5744 28.1308 15.3501 13.5291 13.4238 32.6114 12.4625 17.8765 22.8603 11.6249 9.1590 10.3904 14.7459 8.6933 13.0177 11.6147 15.4523 10.3227 12.3233 10.2730 16.8545 10.2749 16.6622 8.8227 9.2253 10.8172 11.6654 9.8323 18.3216 10.9852 15.2678 13.2410
44.4976 33.0507 29.5660 39.9793 34.6584 30.2689 31.4332 39.2388 35.2270 33.3487 36.9406 36.5331 35.2003 28.4830 36.1851 38.1867 34.4726 40.0649 32.5329 34.9422 35.4329 30.1298 39.3172 25.3053 41.7954 32.9477 32.7767 33.3504 31.7173 36.4823 11.9734 0.0000 13.2787 20.8681 18.3924 10.8979 11.0792 23.7433 11.7813 11.3572 12.5047 13.5820 15.6447 20.9096 19.0318 12.2351 22.3264 14.5151 16.1170 23.0326 21.1380 15.6968 25.8985 20.4954 16.6844 17.9866 9.5394 18.8138 17.4339 19.3753 27.4134 26.1409 24.0060 28.0991 23.9982 29.1979 18.0538 24.3424 25.1749 25.6653 32.0550 24.2661 28.0026 23.2499 29.9438 30.2652 33.4499 33.2614 26.7755 22.8998 29.1685 25.1858 22.2377 23.4128 27.3774 20.6930 33.7982 26.0944 25.5636 24.4349 21.7907 25.2447 19.3119 29.4517 18.3501 28.9378 19.6909 12.7376 24.3080 25.0832 25.4321 28.9154 25.9494 33.1138 20.6386 33.8342 24.0961 21.9803 23.9902 23.3735 22.9475 32.5955 27.3242 19.3420 24.9082 12.8651 25.5213 23.1466 29.5969 27.9162 10.6896 22.2178 11.0290 39.7147 22.8105 13.4996 30.0266 20.7304 16.3818 18.1371 21.7071 14.4228 22.2480 19.5854 22.6436 17.8738 20.4663 19.6738 13.0390 15.7018 23.4067 17.5921 18.8062 9.8067 21.6866 18.3007 25.4880 18.7388 22.8058 23.1074
46.9681 35.5563 31.4077 42.2932 36.7820 32.3080 33.6576 34.9117 37.8869 36.0614 38.9147 38.0399 37.1363 29.7428 38.3999 40.3450 36.8426 42.5591 34.5617 36.8389 37.7675 32.2480 41.9504 26.5627 44.2437 35.2696 34.8589 34.5700 33.2958 38.1074 5.9470 13.2787 0.0000 10.4980 8.5639 8.7993 6.2654 14.2995 3.9925 6.7185 2.8163 3.6988 6.7003 11.1074 10.0126 2.5013 13.2050 6.2831 7.5101 11.9760 10.7330 5.0177 17.0751 10.4347 6.9582 8.2508 10.5583 10.2010 8.4888 10.8200 19.2745 27.4305 17.6727 29.2634 25.0336 21.4264 19.9241 18.0586 17.4688 18.1868 34.1563 23.7930 18.2081 23.7791 20.5103 31.2781 24.8222 26.5552 19.6009 22.9674 29.9688 17.4874 22.2875 18.2164 19.1578 21.3101 25.5729 17.2152 27.0288 24.9559 26.5369 21.2229 21.9299 33.8738 21.2873 21.9935 23.0109 14.9912 17.7031 27.4907 22.2777 31.6068 19.0484 37.1043 23.9528 36.8150 27.2630 23.6127 26.7735 17.2951 26.4957 35.5060 30.3666 23.1780 27.7691 14.4636 27.7365 26.3255 22.9321 32.8714 12.0012 9.9363 14.5370 29.3216 11.5843 14.6219 19.4818 9.1020 6.2006 7.5456 11.4216 4.8153 11.3408 8.5702 12.3746 8.2239 8.7605 9.9231 13.6814 6.9334 13.4269 9.6939 10.1313 13.8295 9.8278 9.6822 14.8484 7.8346 12.8512 11.3096
52.7502 41.2965 36.7432 48.0031 42.3175 37.7923 39.4570 39.5901 43.6986 42.0631 44.5579 43.3140 42.3865 35.0916 44.3953 46.2786 42.3973 48.4045 39.9974 42.1337 43.2829 37.9445 48.0862 31.8409 49.9104 40.9907 40.4093 39.7927 38.6703 43.4628 13.2245 20.8681 10.4980 0.0000 5.8972 16.6994 14.4895 5.7218 9.7636 13.1138 9.6439 12.0608 11.0015 6.7702 4.5784 11.1300 5.8479 9.3390 7.5256 3.7243 2.7668 6.8610 8.7876 3.0909 8.6292 5.1646 16.3820 11.1233 10.4161 7.9105 22.8863 32.9831 22.5527 34.9555 30.2724 24.4389 26.5176 22.8352 21.2189 23.5905 40.2207 28.5054 18.3848 28.6339 22.6285 36.4704 26.7151 29.6765 23.1395 27.8457 35.4087 22.9161 27.0265 23.5172 21.3405 26.8177 26.9174 18.3011 32.6491 29.7216 34.0849 27.8317 28.5077 40.7986 27.7433 25.2847 29.5450 21.9072 24.1621 33.3728 29.1663 37.7915 25.1650 43.6008 31.1578 43.0823 34.4942 29.2501 32.8172 23.3213 33.4345 41.4910 36.5523 30.2248 33.9466 20.9415 33.5093 32.4316 25.2496 40.5514 16.4386 8.6764 23.3487 20.3201 13.4976 16.8808 11.6813 9.8436 12.2985 10.5451 9.7767 11.1988 11.8551 10.0671 9.1866 14.6674 6.2652 11.3588 16.9516 11.9408 6.8004 17.0599 17.8140 22.4747 11.4560 17.2090 7.7632 10.2151 9.3555 10.1678
