0.0000 3.3290 1.8472 2.3502 2.0026 2.7108 2.4644 1.6694 1.7494 3.6894 1.7974 1.2701 1.7384 2.7716 2.9982 1.2721 1.4581 1.9659 1.8865 1.0736 2.3286 2.9543 1.8719 3.1648 1.5059 3.4759 1.7321 1.6541 1.2045 1.5604 37.3783 37.6828 35.4789 38.3988 39.8788 39.2860 39.2193 42.0702 38.4675 44.2061 39.5405 33.0066 38.3023 38.1038 43.5054 34.9721 43.1293 43.2352 39.1295 38.5419 38.2057 39.5258 44.0824 39.8348 44.6392 40.3204 41.0374 40.7553 44.1856 41.2529 3.2254 2.1419 3.6276 2.7061 2.7929 4.0480 7.6119 4.0115 3.8065 5.6642 4.6944 3.4335 8.0655 1.9723 4.3578 1.1091 1.5003 2.0819 4.2411 3.6277 2.5893 4.4913 4.5327 4.9604 3.3701 4.5459 1.8576 7.9541 4.3676 2.3446 15.9002 14.1123 13.4146 13.2027 11.9917 12.7556 13.0744 15.3407 10.7364 9.3400 16.0063 7.1668 10.0005 10.4213 11.2489 8.7667 10.8506 6.4677 9.1728 11.1885 13.1805 6.8769 10.9063 13.3557 9.4097 17.9500 7.2338 11.5589 8.8303 15.9371 23.7731 23.7721 23.6436 28.8370 18.0404 22.4990 21.4068 21.5928 22.7186 23.3719 22.5199 26.2675 21.3240 20.1118 19.8111 22.3867 27.3667 21.2628 24.1987 24.6662 28.0804 18.8341 20.5851 25.0393 21.3752 21.3966 22.7901 22.6973 20.7002 22.2251
3.3290 0.0000 2.7998 2.7888 2.7522 1.7590 1.7042 4.5585 2.4088 1.4414 2.9086 4.0291 3.7282 2.0125 1.9332 3.0593 2.5262 2.9934 2.0332 3.2237 2.2476 1.5739 2.2686 1.4186 3.6098 1.8901 2.9724 4.1656 3.3982 4.1068 34.5295 34.8369 32.6526 35.5323 37.0018 36.3696 36.3956 39.1872 35.5575 41.2111 36.7124 30.2937 35.3083 35.2609 40.6803 32.1653 40.1908 40.2936 36.2060 35.7065 35.3668 36.7274 41.0219 36.8832 41.6763 37.3783 38.0978 37.7925 41.2999 38.3502 3.0703 2.1907 2.5216 2.2735 2.4827 2.6388 5.4117 3.6147 1.9845 3.4645 2.3996 1.4013 5.2790 2.7603 2.3907 3.3368 2.7924 2.5733 2.5039 2.7111 2.2332 3.1474 3.0796 2.7120 1.7971 2.2822 2.8330 5.0789 1.7750 2.3529 12.9043 11.2209 10.4586 10.2380 9.1391 10.0446 10.2167 12.5453 7.8873 6.7338 13.2217 4.3727 7.3333 7.5066 8.5788 6.4491 7.8456 3.6694 6.6222 8.5452 10.4622 4.2847 7.9763 10.4525 6.5339 14.9543 4.5722 8.6991 6.1521 13.0320 20.8570 21.0934 20.7813 26.1861 15.5932 19.8258 18.8784 18.9890 20.0556 20.7728 19.7356 23.4458 18.8211 17.4652 17.3915 19.8915 24.6054 18.5142 21.7390 21.9856 25.1625 16.3185 18.1519 22.2830 18.6767 18.9951 20.1207 19.9470 18.3977 19.5457
1.8472 2.7998 0.0000 1.5912 2.5599 1.7438 2.1224 2.7829 1.3915 3.4190 2.3069 2.3828 1.2373 1.8431 1.9755 1.9122 1.2546 1.5944 1.0379 1.6571 1.7156 2.2717 1.6243 2.4518 1.3413 2.9281 2.6946 2.0472 2.1555 2.1540 36.7277 36.9775 34.9565 37.7326 39.3766 38.5218 38.5876 41.3227 37.8230 43.4478 38.9167 32.5094 37.6930 37.5859 42.8443 34.4617 42.3851 42.4714 38.4901 37.9884 37.5764 39.0491 43.3177 39.2203 43.8378 39.6712 40.2571 39.8757 43.2865 40.4940 3.8507 2.3224 3.8515 1.9908 2.4270 3.9232 7.4164 4.5408 3.4662 5.4769 4.1079 3.0997 7.5296 2.3522 4.0574 1.4896 1.5480 1.6014 4.3032 3.6383 2.2063 4.6420 4.5000 4.6770 2.9740 4.4143 2.5831 7.1405 3.7964 2.3961 14.8943 13.0716 12.5493 12.0936 11.0061 12.0426 12.0533 14.2175 10.1405 8.5496 14.9294 6.4449 9.3258 9.4653 10.7792 8.2713 10.2050 5.5270 8.5572 10.1600 12.4626 6.4357 9.9904 12.5723 8.7108 17.0812 6.4852 10.5117 8.0536 15.1937 23.1828 23.4357 23.0576 28.4048 17.8061 22.0475 21.1387 21.2145 22.2881 23.0791 21.9957 25.6508 21.0434 19.7272 19.6361 22.1852 26.9076 20.6647 23.8966 24.2524 27.4872 18.4564 20.1759 24.4420 21.0511 21.2051 22.2522 22.1697 20.4879 21.9027
2.3502 2.7888 1.5912 0.0000 2.3375 1.5149 2.3779 3.1174 1.1482 3.3979 1.9644 2.7114 2.3789 1.5960 1.9273 2.0643 1.7767 1.8573 1.6439 1.8777 1.2769 2.0643 1.5959 2.7221 1.7014 2.6802 2.9115 2.2788 2.2521 2.2776 36.2954 36.4608 34.4390 37.4129 39.0041 38.1459 38.1141 40.8487 37.5371 42.9305 38.5555 31.9989 37.2399 37.1069 42.3834 34.0230 41.9858 42.0000 38.0316 37.5533 37.1044 38.4929 42.9364 38.6623 43.4154 39.2633 39.7123 39.5414 43.0208 40.1102 3.7231 2.1802 3.6683 2.7094 2.0452 3.4019 7.0051 4.3636 3.5903 5.1411 3.8348 3.1752 7.1333 2.5165 3.4513 1.7257 1.6218 1.3589 4.1386 3.3290 1.7275 4.5043 4.0640 4.5162 3.0769 4.3478 2.6301 7.2926 3.5850 2.1735 14.6771 12.5076 12.0664 11.9296 10.4164 11.2329 12.1603 13.8377 9.4834 7.8263 14.3945 5.8664 8.6341 9.1100 10.1931 7.4941 9.8131 5.3611 7.9430 9.7491 11.8131 6.1362 9.5078 12.1212 8.0478 17.0493 5.9943 10.5603 7.2947 14.5537 22.8728 22.9925 22.4988 27.6985 17.2578 21.4979 20.5349 20.4899 21.6895 22.4312 21.5520 25.0660 20.4212 19.1229 19.1111 21.5916 26.3418 19.8839 23.2616 23.7458 26.9725 17.8827 19.4310 23.8449 20.5563 20.6022 21.6163 21.5102 19.8575 21.5094
2.0026 2.7522 2.5599 2.3375 0.0000 2.4109 2.0259 2.9472 1.7784 2.7482 1.0720 2.1986 3.1062 2.2903 2.9336 1.6476 1.9548 2.6795 2.2636 1.6163 2.2438 2.5403 1.9661 2.7233 2.6167 2.6665 1.8119 2.9466 2.0539 2.5435 35.9299 36.3201 34.0370 37.1119 38.4498 37.9913 37.7571 40.7384 37.1114 42.7923 38.1145 31.4595 36.9167 36.6115 42.0205 33.4989 41.7714 41.8668 37.6270 37.0544 36.7938 37.9362 42.8009 38.3510 43.2988 38.8598 39.6798 39.5412 43.0402 39.9517 2.0668 1.1578 2.4434 3.0391 2.1842 2.5714 6.1036 2.8919 3.2455 4.3799 3.4242 2.7131 6.6881 1.8977 2.9727 2.1702 2.0652 1.9362 3.0459 2.3704 2.2678 3.3737 3.1450 3.8932 2.7069 3.4137 1.6797 7.3491 3.5158 1.4187 14.9494 13.1618 12.2876 12.4726 10.8977 11.4191 12.5004 14.3797 9.4173 8.2388 15.0348 6.1539 8.6800 9.4090 9.7773 7.2830 9.6675 5.8464 7.8783 10.2880 11.7872 5.8223 9.8324 12.1224 8.2132 17.0749 6.1943 11.0044 7.5840 14.6828 22.5688 22.3744 22.2554 27.2394 16.5008 21.0091 19.8978 20.0347 21.1591 21.8152 21.1868 24.9022 19.8319 18.6827 18.2407 20.8114 25.8508 19.8586 22.6095 23.1048 26.6729 17.4248 18.9981 23.5916 19.9080 19.7887 21.2880 21.2353 19.1469 20.7565
2.7108 1.7590 1.7438 1.5149 2.4109 0.0000 1.5512 3.8360 1.5591 2.3007 2.2065 3.3551 2.7522 1.2042 1.2338 2.3930 1.7945 2.0324 1.3802 2.4306 1.2923 1.1305 1.5308 1.5958 2.5177 1.6633 2.8737 3.2145 2.8117 3.2024 35.2585 35.4710 33.4165 36.3034 37.9025 37.0777 37.1070 39.8201 36.4088 41.9362 37.4751 31.0246 36.1813 36.0880 41.3652 32.9830 40.9144 40.9706 37.0318 36.4809 36.0594 37.5263 41.8559 37.6719 42.3548 38.2217 38.7440 38.4511 41.9198 39.0287 3.2114 1.8557 2.9837 2.1251 1.6961 2.7796 6.0607 3.8728 2.5521 4.1019 2.7622 2.1328 6.0163 2.3169 2.6239 2.4275 2.1062 1.5400 3.2593 2.6291 1.5839 3.6566 3.3764 3.3561 2.1063 3.2626 2.4988 6.0305 2.3957 1.9915 13.6159 11.6405 11.1288 10.9264 9.5391 10.4968 11.0873 12.8705 8.5757 7.0844 13.5640 4.9855 7.7676 8.1351 9.3135 6.8158 8.7365 4.3664 7.0984 8.8462 10.9802 5.0892 8.5705 11.1163 7.1436 15.9083 5.0761 9.4209 6.5467 13.6851 21.8109 21.9953 21.5780 26.8498 16.4144 20.5803 19.6655 19.6532 20.8023 21.5713 20.5524 24.1557 19.6182 18.3066 18.2223 20.7291 25.3973 19.1241 22.4597 22.7909 25.9785 17.0779 18.6810 22.9711 19.5840 19.7378 20.7606 20.6871 19.1157 20.4911
2.4644 1.7042 2.1224 2.3779 2.0259 1.5512 0.0000 3.5397 1.7997 1.6760 2.0787 3.1484 2.8964 2.0254 1.7344 1.9631 1.4753 2.0758 1.6694 2.4163 1.8356 1.3215 1.3780 1.3630 2.8398 1.6742 2.1017 3.2853 2.4382 3.3319 35.3223 35.6890 33.4271 36.3002 37.8620 37.2196 37.1726 39.9529 36.4133 42.0613 37.4945 31.0781 36.2251 36.1132 41.4730 32.9275 41.0298 41.1128 37.0961 36.4711 36.1263 37.5223 41.9957 37.7532 42.5236 38.2556 38.9487 38.6416 42.0994 39.1506 2.3148 1.3553 2.1642 1.8852 1.5247 2.3532 5.5577 2.8006 1.7306 3.6670 2.8033 1.5418 5.9793 1.5212 2.4682 2.5408 2.0353 1.5946 2.4341 1.9854 1.7438 2.6836 2.7563 2.8485 1.3727 2.5933 1.6818 5.9116 2.2866 1.4707 13.9819 12.2309 11.6354 11.3998 10.1108 10.9964 11.3809 13.3613 8.8648 7.6363 14.1033 5.5778 8.1461 8.6534 9.5616 7.2614 8.9593 4.8862 7.5020 9.3587 11.3494 5.2806 9.1114 11.4656 7.5987 16.1244 5.6670 9.7177 7.1602 14.1006 21.9262 21.9446 21.8240 27.0020 16.4323 20.6288 19.7388 19.8203 20.9491 21.6251 20.7040 24.3244 19.7561 18.5012 18.1357 20.7281 25.4365 19.5023 22.5684 22.8138 26.0831 17.2557 18.9643 23.2662 19.5550 19.6971 20.9848 20.8624 19.2518 20.4049
1.6694 4.5585 2.7829 3.1174 2.9472 3.8360 3.5397 0.0000 2.6997 4.8085 2.6372 1.2921 2.3903 3.9370 3.9464 1.8551 2.3833 2.6809 3.0276 1.9846 3.3313 3.9089 2.8232 4.3813 2.0598 4.6263 2.4978 1.4295 1.5362 1.5169 38.6385 38.9179 36.6280 39.6266 41.1362 40.5647 40.4357 43.2647 39.7557 45.3986 40.8069 34.2249 39.5379 39.3235 44.7400 36.1596 44.3959 44.4463 40.3784 39.7443 39.4212 40.6864 45.3739 41.0180 45.8754 41.5805 42.2183 42.0453 45.4606 42.5122 4.0175 3.1225 4.5783 3.6121 3.4666 4.9429 8.5330 4.5680 4.7209 6.6938 5.8588 4.6164 9.2299 2.5956 5.3315 1.6353 2.1709 2.8273 5.3105 4.5206 3.5244 5.2930 5.2543 6.0409 4.3933 5.6633 2.5879 9.1359 5.5532 3.1583 17.2824 15.3049 14.7442 14.5271 13.2429 13.9035 14.3900 16.5900 11.9304 10.5574 17.2036 8.4878 11.2154 11.7940 12.5209 9.9784 12.1782 7.8365 10.4569 12.4521 14.4248 8.2769 12.2362 14.6973 10.6268 19.3352 8.5868 12.9025 10.0355 17.1780 25.1732 25.0386 24.9375 30.0017 19.2978 23.7437 22.6497 22.7162 23.9693 24.5745 23.8456 27.4987 22.5744 21.4006 21.0004 23.5825 28.5856 22.4677 25.4004 25.9150 29.3501 20.1389 21.7785 26.3533 22.6480 22.5532 24.0446 23.9271 21.9398 23.4832
1.7494 2.4088 1.3915 1.1482 1.7784 1.5591 1.7997 2.6997 0.0000 2.9430 1.5265 2.2402 2.1193 1.6912 1.8688 1.4232 1.1638 1.4565 1.2330 1.3944 1.0343 1.8175 0.9918 2.2678 1.6550 2.3683 2.1874 2.1283 1.7063 2.1226 36.2910 36.5073 34.3870 37.3190 38.8944 38.1492 38.0953 40.8870 37.4447 42.9937 38.4978 31.9556 37.2006 37.0469 42.4006 33.9170 42.0001 42.0395 38.0388 37.5002 37.0941 38.4696 42.9454 38.6891 43.4656 39.2383 39.7828 39.5982 43.0290 40.1301 3.0839 1.5566 3.0996 2.3591 1.7354 3.0803 6.7141 3.7595 3.0886 4.8088 3.7217 2.7163 7.0054 1.8588 3.2879 1.4812 1.1535 1.0312 3.5525 2.9560 1.3182 3.9820 3.7284 4.1204 2.7023 3.8480 1.8928 7.1285 3.3611 1.6195 14.7717 12.7523 12.2656 12.1073 10.6625 11.4473 12.1960 14.0347 9.5279 7.9931 14.6169 6.0034 8.7479 9.2690 10.2058 7.6215 9.7923 5.3943 7.9762 9.8958 11.9646 5.9662 9.6929 12.1942 8.1630 17.0216 6.0837 10.5728 7.5279 14.6681 22.8158 22.8425 22.5318 27.7512 17.1491 21.4416 20.4431 20.5047 21.7008 22.3690 21.4882 25.0679 20.3598 19.0911 18.9352 21.4808 26.2930 20.0311 23.2139 23.6827 26.9663 17.8299 19.5136 23.9244 20.4245 20.5028 21.6603 21.5336 19.7950 21.3226
3.6894 1.4414 3.4190 3.3979 2.7482 2.3007 1.6760 4.8085 2.9430 0.0000 2.9900 4.3501 4.2987 2.6463 2.5160 3.2801 2.8611 3.4251 2.7718 3.5996 2.8834 1.8714 2.6529 1.5995 4.1644 1.8568 2.9739 4.6575 3.6884 4.5612 34.0863 34.4974 32.1490 35.1113 36.5298 36.0222 35.9461 38.7900 35.1331 40.8291 36.2408 29.8172 34.9070 34.7946 40.2454 31.6596 39.7930 39.9133 35.7909 35.1737 34.9093 36.2198 40.7059 36.4510 41.3116 36.9725 37.7710 37.4863 41.0224 37.9781 2.3461 2.1707 1.8835 2.6866 2.4220 2.0566 4.5006 2.7590 1.5557 2.6484 2.0292 1.1321 4.6987 2.6420 1.8665 3.7736 3.2791 2.8514 1.7707 2.0861 2.6716 2.0995 2.2723 1.8369 1.4205 1.3757 2.6856 4.8986 1.5415 2.3294 12.9111 11.3082 10.4785 10.4206 9.1713 9.9233 10.3940 12.5280 7.6840 6.8441 13.2826 4.5808 7.1330 7.6257 8.2990 6.3148 7.6384 4.1157 6.5402 8.6337 10.2478 4.1983 8.0499 10.2902 6.4652 14.9353 4.7460 8.8175 6.2058 12.9732 20.6295 20.6589 20.5401 25.7378 15.1745 19.4212 18.4806 18.5573 19.6634 20.3495 19.4480 23.1498 18.5269 17.2459 16.8850 19.4172 24.1618 18.3388 21.3305 21.5185 24.8045 16.0948 17.8170 22.0496 18.2345 18.4467 19.7951 19.6781 18.0620 19.0512
1.7974 2.9086 2.3069 1.9644 1.0720 2.2065 2.0787 2.6372 1.5265 2.9900 0.0000 2.0074 2.7910 2.2942 2.7250 1.4549 1.7758 2.2517 2.1551 1.4997 1.9846 2.3158 1.6324 2.8452 2.2335 2.6105 1.9030 2.5307 1.6858 2.2559 36.2268 36.5404 34.2941 37.3922 38.8157 38.2433 38.0466 40.9253 37.4578 43.0502 38.4432 31.8085 37.2136 36.9465 42.3324 33.8249 42.0502 42.1014 37.9680 37.3765 37.0520 38.2792 43.0762 38.6339 43.5392 39.2424 39.8863 39.7554 43.2334 40.1935 2.3562 1.4116 2.8184 2.9872 1.9322 2.8218 6.3891 3.1143 3.3022 4.5817 3.7366 3.0063 6.9388 1.7047 3.1033 1.7953 1.7479 1.6625 3.3486 2.5224 2.0056 3.5875 3.3325 4.0881 2.8404 3.7511 1.6512 7.5374 3.6111 1.5760 15.1573 13.1851 12.4961 12.6336 11.0000 11.5384 12.7445 14.4513 9.6229 8.3000 15.0815 6.2967 8.8093 9.6203 10.0964 7.5255 9.9362 5.9769 8.1093 10.3159 11.9573 6.1289 10.0223 12.3545 8.3455 17.4149 6.3848 11.1598 7.6917 14.8871 22.9412 22.7293 22.5661 27.5193 16.9177 21.3438 20.2573 20.2876 21.5090 22.1653 21.5142 25.1594 20.2117 19.0615 18.6718 21.2044 26.1603 20.0735 22.9932 23.4888 26.9648 17.7720 19.2980 23.9062 20.2812 20.1601 21.5932 21.5233 19.5634 21.1840
1.2701 4.0291 2.3828 2.7114 2.1986 3.3551 3.1484 1.2921 2.2402 4.3501 2.0074 0.0000 2.1923 3.2753 3.6884 1.6205 2.1283 2.6062 2.5653 1.2249 2.8539 3.5792 2.5084 3.9467 1.8091 4.0947 2.2425 1.5950 1.5701 1.2048 37.9214 38.2336 36.0097 39.0130 40.4340 39.8962 39.7349 42.6708 39.0372 44.7736 40.0782 33.4667 38.8858 38.6102 44.0075 35.4812 43.7289 43.8063 39.6457 39.0625 38.7794 39.9716 44.7150 40.3633 45.2229 40.8596 41.6122 41.4137 44.8260 41.8712 3.5754 2.5613 4.1521 3.4680 3.2494 4.4505 8.0366 4.3201 4.4672 6.2017 5.2191 4.1902 8.6241 2.4032 4.8157 1.4236 1.9369 2.5091 4.8064 4.0787 3.1016 5.0030 4.8677 5.6377 4.0774 5.1518 2.3592 8.7791 5.0906 2.7145 16.6330 14.7600 14.0557 13.9686 12.6217 13.2410 13.8718 15.9975 11.2593 9.9044 16.6368 7.8396 10.5469 11.0736 11.7284 9.1816 11.5191 7.2453 9.7174 11.8156 13.6736 7.5594 11.5520 13.9765 10.0013 18.6941 7.8561 12.4113 9.3620 16.4851 24.4557 24.3410 24.2159 29.2642 18.4800 23.0052 21.8757 22.0080 23.1674 23.8206 23.1030 26.8187 21.7525 20.5985 20.2265 22.7973 27.8560 21.7463 24.5620 25.1152 28.6548 19.3154 20.9574 25.5349 21.8994 21.7950 23.2570 23.1824 21.0750 22.7375
1.7384 3.7282 1.2373 2.3789 3.1062 2.7522 2.8964 2.3903 2.1193 4.2987 2.7910 2.1923 0.0000 2.7963 2.8249 2.1401 1.8686 1.9416 1.8627 1.8502 2.4798 3.1866 2.2299 3.3484 1.2387 3.7641 2.9660 1.7300 2.2042 1.9672 37.6537 37.8804 35.8831 38.6119 40.2982 39.4165 39.5152 42.2330 38.7293 44.4344 39.8172 33.4290 38.6559 38.5325 43.7745 35.3782 43.3230 43.4037 39.4504 38.9326 38.5015 40.0130 44.2778 40.1998 44.7652 40.6317 41.2090 40.7632 44.1220 41.3797 4.4110 3.0551 4.5338 2.6379 3.2284 4.7904 8.2993 5.0923 4.2475 6.3142 5.0730 3.9568 8.5018 2.7683 4.9949 1.6268 1.9844 2.3494 5.0452 4.3954 2.9700 5.3546 5.3228 5.5220 3.8419 5.2499 2.9554 7.9624 4.7007 3.1104 15.7733 13.9765 13.5205 12.9777 11.9927 13.0304 12.8395 15.1035 11.1052 9.4671 15.8274 7.4044 10.3008 10.4060 11.7394 9.2161 11.1641 6.4110 9.4909 10.9791 13.4554 7.2911 10.9760 13.5136 9.6884 17.9407 7.4436 11.2858 9.0484 16.1507 24.0813 24.3043 23.9988 29.3787 18.7048 22.9457 22.0430 22.1595 23.2466 24.0082 22.8835 26.5902 21.9284 20.6330 20.5127 23.0808 27.8563 21.6350 24.7978 25.1877 28.4312 19.3103 21.1179 25.3814 21.9625 22.1096 23.1809 23.1168 21.3510 22.8083
2.7716 2.0125 1.8431 1.5960 2.2903 1.2042 2.0254 3.9370 1.6912 2.6463 2.2942 3.2753 2.7963 0.0000 1.8716 2.6652 2.0807 2.6437 1.4869 2.3221 1.7401 1.9132 2.0170 2.1270 2.4912 2.2678 3.1231 3.2677 2.9944 3.0194 35.3263 35.6050 33.6039 36.5466 38.0036 37.2234 37.1968 40.0400 36.5086 42.0567 37.5395 31.0538 36.3138 36.1577 41.4311 33.1159 41.0396 41.1250 37.0164 36.5937 36.2450 37.5660 41.9503 37.7753 42.4927 38.2400 38.9286 38.5997 42.1267 39.2062 3.5202 2.1336 3.3623 2.4088 2.3684 3.0811 6.3648 4.2602 3.2072 4.5323 2.7920 2.4882 6.1654 2.8254 2.9323 2.4468 2.3163 1.8192 3.6158 3.0657 2.1560 4.1454 3.7051 3.8838 2.5953 3.6197 2.9185 6.3503 2.9074 2.1573 13.6450 11.8324 11.0486 10.9267 9.6324 10.5330 11.0707 13.0718 8.6995 7.2259 13.7508 5.0109 7.8849 8.0678 9.2161 6.7074 8.7937 4.4163 7.1722 9.0204 10.9363 5.2236 8.5405 11.1462 7.2930 15.9208 5.0769 9.5976 6.5259 13.7759 21.8398 22.1276 21.6140 26.8737 16.3616 20.6416 19.7056 19.7126 20.7693 21.6074 20.6395 24.2866 19.6084 18.2703 18.2649 20.7185 25.4698 19.1686 22.3695 22.7603 26.0732 17.0437 18.6405 22.9090 19.6384 19.7974 20.7432 20.7438 19.0202 20.5542
2.9982 1.9332 1.9755 1.9273 2.9336 1.2338 1.7344 3.9464 1.8688 2.5160 2.7250 3.6884 2.8249 1.8716 0.0000 2.5392 2.0528 1.9977 1.5629 2.8493 1.7160 1.2491 1.6635 1.7022 2.7783 1.9073 2.9616 3.3623 2.8510 3.5721 35.4160 35.5716 33.5055 36.3226 38.0655 37.1223 37.2760 39.8313 36.5255 42.0303 37.6588 31.2366 36.2822 36.2619 41.5435 33.1097 41.0286 41.0226 37.1794 36.6494 36.1534 37.7281 41.9656 37.7881 42.4063 38.3773 38.7902 38.4573 41.9091 39.0602 3.5665 2.3425 3.0569 1.8305 1.8488 3.1446 6.2491 4.0352 2.3870 4.2027 3.2245 2.2602 6.2688 2.4226 2.9853 2.6835 2.2375 1.9382 3.4254 2.9466 1.8389 3.6937 3.5356 3.4172 2.1411 3.3991 2.7323 5.7481 2.4578 2.4006 13.6138 11.6032 11.2939 10.8740 9.6901 10.7739 10.9509 12.9175 8.8178 7.2773 13.5887 5.2102 8.0510 8.3251 9.6351 7.2459 8.8880 4.4170 7.4126 8.9142 11.3275 5.3556 8.7869 11.2933 7.2859 15.9026 5.4066 9.2378 6.7829 13.8597 21.9259 22.1197 21.6880 27.1368 16.7536 20.7583 19.9544 19.8955 21.1113 21.8581 20.7077 24.3071 19.9008 18.5592 18.5247 21.0375 25.6204 19.3607 22.8414 23.1153 26.1117 17.3397 19.0708 23.2519 19.8208 20.0462 21.0537 20.8750 19.5106 20.7193
1.2721 3.0593 1.9122 2.0643 1.6476 2.3930 1.9631 1.8551 1.4232 3.2801 1.4549 1.6205 2.1401 2.6652 2.5392 0.0000 1.2542 1.5750 1.8676 1.2279 1.8955 2.4123 1.3269 2.8212 1.7837 2.9219 1.4694 1.8703 1.0082 1.9361 36.8969 37.1772 34.9225 37.8584 39.4335 38.8024 38.7062 41.5006 38.0304 43.6701 39.0871 32.5216 37.8216 37.6308 43.0060 34.4352 42.6463 42.6899 38.6729 38.0402 37.6640 39.0015 43.6719 39.3031 44.1296 39.8584 40.4700 40.2910 43.6962 40.7349 2.7402 1.5695 3.0051 2.6262 1.9989 3.3469 6.9112 3.3066 3.2249 5.0250 4.2874 3.0594 7.5717 1.2899 3.7064 1.3876 1.2489 1.5348 3.6577 2.9057 2.0023 3.8148 3.7983 4.3878 2.8956 4.0644 1.2417 7.6493 3.8682 1.7675 15.6272 13.6616 13.1783 13.0291 11.5983 12.2897 12.9912 14.8899 10.2661 8.8882 15.5375 6.9207 9.5365 10.2009 10.9150 8.3847 10.5488 6.3228 8.7715 10.7717 12.8004 6.6342 10.6393 13.0030 8.9820 17.7865 7.0024 11.3584 8.4509 15.4935 23.4954 23.3338 23.2404 28.3582 17.6873 22.0080 21.0014 21.1064 22.3146 22.9213 22.1277 25.7649 20.9411 19.7624 19.3667 21.9721 26.8859 20.8043 23.8084 24.2623 27.6127 18.4719 20.1636 24.6773 20.9734 20.9244 22.3481 22.2071 20.3583 21.8318
1.4581 2.5262 1.2546 1.7767 1.9548 1.7945 1.4753 2.3833 1.1638 2.8611 1.7758 2.1283 1.8686 2.0807 2.0528 1.2542 0.0000 1.4360 1.2313 1.5029 1.6251 1.9571 1.1450 2.2179 1.6782 2.6618 1.9315 2.0175 1.5459 2.1104 36.5848 36.9048 34.7005 37.5775 39.1417 38.4637 38.4181 41.2050 37.6908 43.2913 38.7622 32.3131 37.4855 37.3658 42.7189 34.2140 42.2740 42.3646 38.3449 37.7572 37.3897 38.7883 43.2083 39.0082 43.7691 39.5159 40.1436 39.8792 43.3217 40.4221 2.9715 1.5673 3.1244 1.8725 1.8336 3.2887 6.8299 3.5848 2.8944 4.9482 3.8618 2.6028 7.2225 1.5530 3.5387 1.3148 1.0783 1.1913 3.6286 2.9949 1.8356 3.8487 3.7961 4.1474 2.4482 3.8469 1.6390 7.0439 3.4862 1.6092 15.0582 13.2199 12.6309 12.3221 11.0780 11.9809 12.2736 14.3966 9.9767 8.5624 15.0688 6.4670 9.2020 9.6307 10.6407 8.1696 10.0967 5.7241 8.4905 10.3548 12.3878 6.3159 10.0774 12.5783 8.6291 17.1727 6.5525 10.7129 8.0637 15.1549 23.1039 23.1857 22.9764 28.1619 17.5586 21.8506 20.8782 20.9582 22.0983 22.7889 21.8864 25.4883 20.8515 19.5734 19.3035 21.8877 26.6528 20.5573 23.6678 24.0186 27.3186 18.3346 20.0012 24.3842 20.7724 20.8823 22.1220 22.0075 20.2886 21.6177
1.9659 2.9934 1.5944 1.8573 2.6795 2.0324 2.0758 2.6809 1.4565 3.4251 2.2517 2.6062 1.9416 2.6437 1.9977 1.5750 1.4360 0.0000 1.7441 2.0278 1.5288 2.1498 1.2042 2.5383 1.7912 2.6819 2.3034 2.1611 1.8072 2.6209 36.7035 36.8905 34.7711 37.5367 39.3321 38.4745 38.5349 41.1504 37.8271 43.3845 38.9306 32.4763 37.6148 37.5414 42.8555 34.3242 42.3663 42.3804 38.5593 37.9300 37.4125 38.9927 43.3457 39.1441 43.8255 39.7095 40.1156 39.8709 43.2139 40.3964 3.5052 2.2426 3.4347 2.4134 2.0015 3.7277 7.0856 4.0446 3.1556 5.1158 4.4546 3.0331 7.5445 1.8051 3.8618 1.8766 1.4651 1.5790 3.9322 3.3078 1.6908 4.1807 4.2507 4.3809 2.8834 4.2360 2.0601 7.2155 3.6077 2.4521 15.1044 13.0393 12.8556 12.4399 11.0749 12.0322 12.4822 14.2202 10.0577 8.4089 14.8344 6.5772 9.2653 9.7819 10.9181 8.3739 10.3130 5.7652 8.5130 10.1205 12.5605 6.4242 10.2313 12.6864 8.6873 17.3876 6.6622 10.6764 8.1765 15.1658 23.2332 23.2213 23.0374 28.3443 17.7500 21.8891 21.0040 21.1187 22.3166 22.9348 21.9181 25.4664 20.9361 19.6905 19.4834 22.0958 26.8018 20.5638 23.9009 24.2760 27.4057 18.3707 20.1694 24.5185 20.9361 21.0383 22.2162 22.0154 20.4668 21.8294
1.8865 2.0332 1.0379 1.6439 2.2636 1.3802 1.6694 3.0276 1.2330 2.7718 2.1551 2.5653 1.8627 1.4869 1.5629 1.8676 1.2313 1.7441 0.0000 1.7829 1.4837 1.7599 1.3609 1.9748 1.8469 2.4668 2.4299 2.4948 2.1779 2.4728 36.1921 36.4338 34.3597 37.1922 38.7592 37.9977 38.0524 40.8093 37.2495 42.9097 38.3712 31.9329 37.0917 36.9838 42.3113 33.8743 41.8659 41.9376 37.9242 37.4119 37.0334 38.4614 42.7514 38.6368 43.3096 39.0998 39.7332 39.3777 42.8161 39.9754 3.3870 1.9079 3.3069 1.6987 2.1585 3.4632 6.8662 4.1145 2.9057 4.8631 3.5496 2.5082 6.9236 2.1257 3.5042 1.7077 1.5565 1.5391 3.7130 3.2277 1.9039 4.1167 3.9765 4.0932 2.5457 3.7667 2.2784 6.5921 3.1976 2.0245 14.4167 12.6131 12.0043 11.6529 10.5505 11.5465 11.5902 13.8566 9.5285 8.0784 14.5339 5.8878 8.8275 8.9749 10.1778 7.7630 9.5853 5.0372 8.0320 9.7793 11.9723 5.8258 9.4783 12.0358 8.1188 16.5277 5.9494 10.0587 7.5410 14.6248 22.6002 22.8303 22.4748 27.8457 17.2294 21.4844 20.5409 20.6090 21.7302 22.4781 21.4052 25.1081 20.4477 19.1320 19.0361 21.5659 26.3297 20.1169 23.3162 23.6752 26.9103 17.8925 19.6503 23.8896 20.4324 20.6440 21.7128 21.6215 19.9322 21.2909
1.0736 3.2237 1.6571 1.8777 1.6163 2.4306 2.4163 1.9846 1.3944 3.5996 1.4997 1.2249 1.8502 2.3221 2.8493 1.2279 1.5029 2.0278 1.7829 0.0000 2.0034 2.7792 1.7583 3.0483 1.4131 3.2303 1.9749 1.7650 1.5166 1.3706 37.0296 37.3200 35.1670 38.1177 39.5949 38.9543 38.8497 41.7514 38.1615 43.8673 39.2034 32.6245 38.0158 37.7690 43.1257 34.6461 42.7973 42.8927 38.7635 38.2215 37.8858 39.1586 43.7970 39.4955 44.2978 39.9740 40.6834 40.4508 43.8789 40.9416 3.1822 1.8324 3.4943 2.8641 2.5772 3.7356 7.3558 4.0090 3.8568 5.4721 4.3576 3.3505 7.7855 2.0430 4.0525 1.1085 1.5006 1.7674 4.1246 3.4274 2.3371 4.4678 4.3174 4.8652 3.3484 4.4192 1.9918 7.9486 4.2047 2.1077 15.6214 13.7614 13.0927 12.9870 11.6227 12.3087 12.9524 14.9829 10.3780 8.9416 15.6388 6.8680 9.6085 10.0731 10.8428 8.2644 10.5877 6.2544 8.7575 10.8254 12.7628 6.6294 10.5612 12.9924 9.0561 17.7635 6.8701 11.4344 8.4183 15.5485 23.5255 23.4860 23.2835 28.4392 17.6627 22.1213 21.0523 21.2008 22.3100 23.0045 22.1922 25.9061 20.9201 19.7199 19.4497 22.0170 27.0120 20.8368 23.7620 24.2883 27.7486 18.4304 20.1228 24.6204 21.0692 21.0259 22.3570 22.2910 20.2637 21.9216
2.3286 2.2476 1.7156 1.2769 2.2438 1.2923 1.8356 3.3313 1.0343 2.8834 1.9846 2.8539 2.4798 1.7401 1.7160 1.8955 1.6251 1.5288 1.4837 2.0034 0.0000 1.5907 1.1087 2.1710 2.0913 1.9363 2.6688 2.6029 2.3414 2.7371 35.8121 35.9582 33.8963 36.7940 38.4421 37.6231 37.6015 40.3446 36.9794 42.5031 38.0183 31.5125 36.7178 36.6055 41.9178 33.4477 41.4921 41.5054 37.6310 37.0491 36.5787 38.0361 42.4533 38.2100 42.9350 38.7954 39.2533 39.0613 42.4435 39.5803 3.2447 1.7984 3.1184 2.6753 1.7999 2.9824 6.4482 3.8379 2.9496 4.4917 3.5112 2.6518 6.6579 2.1208 3.0445 2.1328 1.6476 1.2811 3.3733 2.8630 0.9488 3.9524 3.7103 3.8851 2.7134 3.7021 2.1512 6.8335 2.9851 1.9137 14.2916 12.1359 11.8679 11.7080 10.1354 10.9335 11.8890 13.4064 8.9911 7.3842 13.9998 5.5942 8.2380 8.8314 9.8798 7.2519 9.4026 5.0048 7.4908 9.2275 11.5326 5.5729 9.2343 11.7241 7.6697 16.6468 5.6584 10.1231 7.1328 14.1000 22.3914 22.4174 22.1080 27.3286 16.8184 20.9864 20.0252 20.0978 21.3026 21.9516 21.0158 24.5270 19.9433 18.6675 18.5688 21.1128 25.8397 19.4990 22.8263 23.2794 26.4698 17.3912 19.0829 23.4678 20.0096 20.1239 21.1736 21.0350 19.4248 20.9481
2.9543 1.5739 2.2717 2.0643 2.5403 1.1305 1.3215 3.9089 1.8175 1.8714 2.3158 3.5792 3.1866 1.9132 1.2491 2.4123 1.9571 2.1498 1.7599 2.7792 1.5907 0.0000 1.4515 1.5262 2.9459 1.4912 2.7748 3.4830 2.8157 3.5710 35.0659 35.2809 33.0960 36.0374 37.6622 36.8886 36.8861 39.5725 36.2066 41.7225 37.2766 30.8415 35.9277 35.8509 41.2011 32.7028 40.7303 40.7479 36.8514 36.2477 35.8300 37.2895 41.6694 37.4239 42.1597 38.0518 38.5310 38.2853 41.7413 38.8243 2.8585 1.8117 2.5799 2.2132 1.4073 2.4512 5.5892 3.3214 1.9532 3.5940 2.7740 1.8760 5.7568 2.0355 2.3053 2.7473 2.2687 1.6643 2.7661 2.3472 1.5681 3.0716 2.8637 2.8796 1.8804 2.7688 2.2144 5.8028 2.0025 1.8974 13.6120 11.5419 11.2009 11.0177 9.5877 10.4043 11.1492 12.8486 8.3757 7.0505 13.5108 5.0811 7.6827 8.2570 9.2677 6.9102 8.6146 4.5136 7.1178 8.8176 10.9593 5.0872 8.6615 11.0862 7.0147 15.9149 5.2337 9.4131 6.6115 13.5701 21.7329 21.7718 21.4706 26.6906 16.3187 20.3974 19.5278 19.4426 20.7161 21.3951 20.4163 23.9627 19.5215 18.2318 18.0364 20.5480 25.1862 19.0225 22.3489 22.6568 25.7767 17.0125 18.6723 22.9443 19.3901 19.5591 20.6668 20.5334 19.0824 20.3009
1.8719 2.2686 1.6243 1.5959 1.9661 1.5308 1.3780 2.8232 0.9918 2.6529 1.6324 2.5084 2.2299 2.0170 1.6635 1.3269 1.1450 1.2042 1.3609 1.7583 1.1087 1.4515 0.0000 2.0157 1.9401 2.0352 2.0265 2.3737 1.6820 2.5529 36.0970 36.3222 34.1450 37.0465 38.6936 37.9384 37.9069 40.6361 37.2384 42.8129 38.2941 31.8173 37.0036 36.8786 42.2306 33.7013 41.8007 41.8269 37.8897 37.2975 36.8665 38.3055 42.7731 38.5011 43.2634 39.0903 39.5938 39.3746 42.7824 39.8831 2.8294 1.5201 2.8024 2.2109 1.4973 2.9449 6.4013 3.3661 2.6200 4.4309 3.6658 2.4445 6.8081 1.4622 3.0920 1.8010 1.3275 1.1017 3.1883 2.6581 1.1776 3.5556 3.4927 3.7416 2.3818 3.5146 1.5530 6.8218 2.9821 1.6329 14.6472 12.6165 12.2661 12.0362 10.6199 11.4153 12.1007 13.8729 9.4020 7.9193 14.4850 6.0005 8.6596 9.2562 10.1927 7.6943 9.6639 5.3451 7.9570 9.7190 11.9346 5.8561 9.6895 12.0996 8.0769 16.9261 6.1175 10.3685 7.5544 14.5868 22.6926 22.6497 22.4543 27.6643 17.0916 21.2872 20.3651 20.4080 21.6483 22.2646 21.3527 24.9193 20.3135 19.0698 18.8252 21.3853 26.1477 19.9786 23.1866 23.5768 26.7940 17.7654 19.5234 23.8908 20.2812 20.3884 21.5813 21.4300 19.8018 21.1876
3.1648 1.4186 2.4518 2.7221 2.7233 1.5958 1.3630 4.3813 2.2678 1.5995 2.8452 3.9467 3.3484 2.1270 1.7022 2.8212 2.2179 2.5383 1.9748 3.0483 2.1710 1.5262 2.0157 0.0000 3.4146 1.6286 2.8515 4.0354 3.2819 4.0440 34.6720 34.9974 32.8279 35.5610 37.2058 36.4675 36.5407 39.2702 35.6870 41.3876 36.8493 30.4718 35.5415 35.4803 40.8258 32.3224 40.3086 40.4270 36.4315 35.8678 35.4762 36.9977 41.2429 37.1349 41.8192 37.5889 38.2199 37.8771 41.3215 38.4441 2.9846 2.0450 2.3986 1.9973 2.1088 2.6027 5.4317 3.5473 1.8715 3.5312 2.5885 1.2407 5.4937 2.4966 2.6273 3.2187 2.7353 2.3318 2.5396 2.5332 2.1159 3.0347 3.1953 2.5407 1.5754 2.3697 2.5910 5.1530 1.7612 2.3038 13.0722 11.4297 10.8437 10.4652 9.3353 10.4012 10.4236 12.5453 8.2653 6.9721 13.2804 4.7942 7.5706 7.7881 8.9396 6.7525 8.1676 3.9382 6.7894 8.6106 10.7414 4.4588 8.2905 10.6582 6.8801 15.1662 4.8484 8.7325 6.4910 13.3602 21.0981 21.2682 21.0424 26.4663 15.8458 20.0041 19.1371 19.2836 20.3415 21.0577 19.9256 23.6294 19.1242 17.7958 17.5885 20.1752 24.8435 18.8491 22.0186 22.2487 25.4039 16.5588 18.4266 22.5704 18.9330 19.2213 20.3573 20.2119 18.6650 19.7338
1.5059 3.6098 1.3413 1.7014 2.6167 2.5177 2.8398 2.0598 1.6550 4.1644 2.2335 1.8091 1.2387 2.4912 2.7783 1.7837 1.6782 1.7912 1.8469 1.4131 2.0913 2.9459 1.9401 3.4146 0.0000 3.6260 2.7437 1.1745 1.7294 1.3497 37.5480 37.7792 35.7444 38.6318 40.2269 39.4155 39.3973 42.1636 38.7438 44.2974 39.7638 33.2743 38.5521 38.3955 43.6733 35.2802 43.2698 43.3265 39.3286 38.8243 38.3942 39.7951 44.2237 40.0222 44.7303 40.5352 41.0946 40.7956 44.2178 41.3625 4.1194 2.6968 4.3211 2.8441 2.8892 4.4289 8.0664 4.8042 4.2683 6.1287 4.9018 3.8519 8.3276 2.5627 4.5986 1.0460 1.5580 1.8656 4.8756 4.1082 2.6297 5.1715 5.0003 5.4352 3.7406 5.1440 2.6460 8.1692 4.5677 2.7411 15.8427 13.8660 13.3836 13.0662 11.8100 12.6707 13.0747 15.0902 10.8328 9.1941 15.7236 7.1744 10.0107 10.3498 11.4881 8.8587 11.0487 6.4195 9.2641 10.9425 13.1748 7.2051 10.8315 13.4142 9.4509 18.1128 7.2656 11.5300 8.7468 15.9389 24.0526 24.1891 23.8424 29.0679 18.4503 22.7579 21.7958 21.8639 22.9976 23.7247 22.7960 26.4061 21.6766 20.4087 20.2901 22.8215 27.6539 21.3054 24.5131 24.9897 28.2888 19.1121 20.7841 25.1781 21.7830 21.8253 22.9279 22.8669 21.0738 22.6976
3.4759 1.8901 2.9281 2.6802 2.6665 1.6633 1.6742 4.6263 2.3683 1.8568 2.6105 4.0947 3.7641 2.2678 1.9073 2.9219 2.6618 2.6819 2.4668 3.2303 1.9363 1.4912 2.0352 1.6286 3.6260 0.0000 3.1160 4.1755 3.4432 4.2364 34.2484 34.4563 32.3146 35.1982 36.8651 36.0728 36.0573 38.7737 35.3864 41.0087 36.4447 29.9637 35.1879 35.0533 40.3667 31.8510 39.9503 39.9641 36.0867 35.4366 34.9890 36.4941 40.9803 36.6811 41.3871 37.2760 37.7715 37.5292 40.9265 38.0090 2.7364 2.0675 2.2155 2.9586 1.8798 2.0638 4.8516 3.1572 1.9790 2.8495 2.3629 1.9610 5.0740 2.4894 1.8436 3.5123 2.9454 2.3052 2.1176 1.9426 1.6795 2.7311 2.6720 2.3075 2.0283 2.3188 2.5867 5.5386 1.6911 2.2577 13.0038 10.9988 10.6855 10.6501 8.9748 9.7948 10.8703 12.1694 7.7001 6.3156 12.8775 4.5766 6.9260 7.7035 8.5226 6.1029 8.0258 4.1469 6.2529 8.0530 10.2434 4.3057 8.1137 10.3316 6.4051 15.3856 4.6390 8.9483 6.0168 12.8801 20.9808 20.8699 20.6851 25.8823 15.4279 19.4854 18.6069 18.6629 19.8746 20.5352 19.5558 23.1334 18.6133 17.3831 17.1064 19.6790 24.3336 18.2666 21.4778 21.7936 24.9745 16.0799 17.7718 22.1206 18.5138 18.6419 19.7979 19.6650 18.1487 19.4165
1.7321 2.9724 2.6946 2.9115 1.8119 2.8737 2.1017 2.4978 2.1874 2.9739 1.9030 2.2425 2.9660 3.1231 2.9616 1.4694 1.9315 2.3034 2.4299 1.9749 2.6688 2.7748 2.0265 2.8515 2.7437 3.1160 0.0000 2.8469 1.5589 2.8286 36.6363 37.0241 34.6475 37.5720 39.0495 38.5846 38.5011 41.3094 37.6844 43.4592 38.8281 32.2379 37.4888 37.3086 42.7920 34.1284 42.4081 42.5020 38.3412 37.7136 37.3947 38.6702 43.3974 39.0142 43.9364 39.5344 40.3164 40.1040 43.5706 40.5080 2.3110 1.8091 2.4222 2.5928 2.5313 3.4073 6.6207 2.9909 3.0234 4.7167 4.3319 2.7043 7.3710 1.3948 3.6597 2.2064 1.8773 2.4137 3.3249 2.8475 2.5780 3.3083 3.6505 4.0682 2.5622 3.5771 1.4768 7.2108 3.7544 2.2642 15.4305 13.7358 12.9923 12.8263 11.6177 12.2994 12.6387 14.9918 10.1647 9.0007 15.6728 6.7490 9.5161 10.0780 10.6158 8.3217 10.2051 6.1511 8.7223 10.9282 12.7228 6.2968 10.5427 12.8180 8.8746 17.3809 6.9180 11.1199 8.4402 15.4431 23.0027 22.8285 22.8766 28.0851 17.2229 21.6818 20.6117 20.8600 21.9484 22.5476 21.7753 25.5740 20.5484 19.3783 18.9382 21.5521 26.5768 20.6596 23.5328 23.9081 27.3034 18.1523 19.9634 24.4432 20.5239 20.4820 22.1551 21.9501 20.0092 21.3252
1.6541 4.1656 2.0472 2.2788 2.9466 3.2145 3.2853 1.4295 2.1283 4.6575 2.5307 1.5950 1.7300 3.2677 3.3623 1.8703 2.0175 2.1611 2.4948 1.7650 2.6029 3.4830 2.3737 4.0354 1.1745 4.1755 2.8469 0.0000 1.5835 1.1461 38.2599 38.4635 36.3376 39.2891 40.8747 40.1214 40.0534 42.8267 39.4369 44.9512 40.4551 33.9303 39.1762 39.0294 44.3574 35.8839 43.9644 43.9966 40.0208 39.4643 39.0606 40.4062 44.9126 40.6422 45.4145 41.2176 41.7462 41.5366 44.9447 42.0745 4.3175 3.0329 4.6729 3.3288 3.1913 4.7624 8.4767 4.8534 4.5727 6.5973 5.5068 4.4191 8.9275 2.6993 5.0597 1.2382 1.6585 2.2891 5.2482 4.4475 2.9404 5.4421 5.2488 5.9145 4.2016 5.6228 2.7509 8.7944 5.2051 2.9698 16.6534 14.5736 14.1423 13.8428 12.5423 13.3076 13.8403 15.8536 11.4560 9.8669 16.4458 7.8940 10.6632 11.1557 12.1674 9.5084 11.7610 7.1952 9.9517 11.6915 13.8753 7.9181 11.5912 14.1708 10.1072 18.8687 8.0198 12.3083 9.4308 16.5968 24.7818 24.8224 24.5363 29.6687 19.0845 23.4223 22.3867 22.4332 23.6487 24.3112 23.4927 27.0307 22.2945 21.0417 20.8618 23.4098 28.2541 21.9394 25.1263 25.6273 28.9416 19.7744 21.3971 25.8882 22.3951 22.3868 23.6116 23.4828 21.6778 23.2992
1.2045 3.3982 2.1555 2.2521 2.0539 2.8117 2.4382 1.5362 1.7063 3.6884 1.6858 1.5701 2.2042 2.9944 2.8510 1.0082 1.5459 1.8072 2.1779 1.5166 2.3414 2.8157 1.6820 3.2819 1.7294 3.4432 1.5589 1.5835 0.0000 1.8240 37.4080 37.7072 35.4348 38.4075 39.9534 39.3299 39.2429 42.0010 38.5699 44.1500 39.6330 33.0621 38.3004 38.1376 43.5530 34.9714 43.1712 43.2075 39.1426 38.5656 38.1805 39.4975 44.1431 39.7785 44.6549 40.3715 40.9669 40.7933 44.2466 41.2640 3.1767 2.1521 3.4493 2.7209 2.4513 3.8401 7.4156 3.6922 3.6215 5.5351 4.8134 3.4655 8.0632 1.7050 4.1504 1.2682 1.2113 1.9410 4.1270 3.4324 2.4035 4.2164 4.2182 4.8608 3.2067 4.5331 1.7585 7.9641 4.3156 2.2339 16.0264 14.0770 13.5189 13.3187 11.9983 12.7111 13.2585 15.3858 10.7393 9.3191 15.9832 7.2318 9.9817 10.5994 11.3423 8.8201 10.9399 6.6203 9.2643 11.2454 13.2064 7.0819 11.0282 13.4521 9.3977 18.1763 7.4182 11.7140 8.8025 15.9696 23.9101 23.7959 23.6689 28.8141 18.1268 22.5046 21.4715 21.5687 22.7747 23.3801 22.6244 26.2594 21.4081 20.2023 19.8807 22.4533 27.3668 21.2405 24.3131 24.7563 28.0824 18.9365 20.6410 25.1489 21.4344 21.4009 22.8483 22.6623 20.8402 22.3209
1.5604 4.1068 2.1540 2.2776 2.5435 3.2024 3.3319 1.5169 2.1226 4.5612 2.2559 1.2048 1.9672 3.0194 3.5721 1.9361 2.1104 2.6209 2.4728 1.3706 2.7371 3.5710 2.5529 4.0440 1.3497 4.2364 2.8286 1.1461 1.8240 0.0000 38.0570 38.3122 36.1792 39.2199 40.6437 40.0014 39.8557 42.7682 39.2355 44.8097 40.2301 33.6486 39.0191 38.7780 44.1258 35.6967 43.8115 43.8870 39.7562 39.2393 38.9323 40.1403 44.7547 40.4598 45.2873 40.9768 41.6537 41.4589 44.9151 41.9882 4.1000 2.8516 4.5983 3.4426 3.2645 4.6229 8.3475 4.8100 4.7133 6.5279 5.2427 4.3791 8.7286 2.8269 4.9473 1.1296 1.8916 2.3179 5.1993 4.3807 3.1245 5.4277 5.1207 5.8894 4.2594 5.5182 2.7818 8.8666 5.2179 2.7975 16.5730 14.5940 13.9186 13.7894 12.4568 13.1249 13.7864 15.8802 11.2981 9.8150 16.4769 7.7476 10.5128 10.9598 11.8108 9.1786 11.5609 7.1558 9.7493 11.7309 13.6238 7.7407 11.4087 13.9845 9.9728 18.7226 7.7979 12.3622 9.2319 16.4526 24.5902 24.6268 24.3141 29.3745 18.7415 23.2046 22.1012 22.1263 23.3227 24.0261 23.2839 26.9011 21.9803 20.7555 20.5417 23.0581 28.0252 21.7526 24.7307 25.2886 28.7732 19.4981 21.0548 25.5829 22.1373 22.0910 23.3407 23.3097 21.2843 23.0209
37.3783 34.5295 36.7277 36.2954 35.9299 35.2585 35.3223 38.6385 36.2910 34.0863 36.2268 37.9214 37.6537 35.3263 35.4160 36.8969 36.5848 36.7035 36.1921 37.0296 35.8121 35.0659 36.0970 34.6720 37.5480 34.2484 36.6363 38.2599 37.4080 38.0570 0.0000 6.5291 7.0310 7.9048 6.7085 6.3649 4.4247 8.6866 6.1280 9.4366 4.5123 6.8473 6.3250 5.4770 7.3586 6.0595 7.3808 8.2759 5.4712 5.0200 4.7992 7.0450 10.4389 6.3827 9.8190 6.0562 8.7706 8.7313 12.7210 7.4631 35.0634 35.5883 34.4191 36.1454 35.4830 33.9078 30.5413 34.8563 34.5013 32.1831 33.0417 34.3772 29.5840 36.3261 33.4780 37.4605 36.9546 36.1486 33.5694 34.3525 35.5553 33.8978 33.8365 32.8837 34.7183 33.2410 36.2456 31.2299 33.3397 35.6722 23.5673 25.4951 25.6327 27.3289 26.7034 25.8840 28.4733 24.0824 27.2280 29.0515 24.0090 31.0411 27.8910 28.1215 26.7356 29.3536 27.1663 32.0692 28.6978 27.6799 24.9820 30.9180 27.6106 24.6077 28.6956 23.3389 30.8071 28.4857 29.5244 22.7430 16.4997 15.7872 15.8151 11.6879 21.0808 15.8297 18.0212 17.8595 16.2965 16.1619 16.2641 13.0929 18.8369 19.6589 19.5714 17.5052 11.3904 18.3888 16.1946 14.2332 10.3995 20.4718 19.1210 14.2207 17.3227 18.3782 15.7655 16.4126 19.8774 17.1335
37.6828 34.8369 36.9775 36.4608 36.3201 35.4710 35.6890 38.9179 36.5073 34.4974 36.5404 38.2336 37.8804 35.6050 35.5716 37.1772 36.9048 36.8905 36.4338 37.3200 35.9582 35.2809 36.3222 34.9974 37.7792 34.4563 37.0241 38.4635 37.7072 38.3122 6.5291 0.0000 6.6122 7.9838 9.4397 5.2156 6.1103 7.1090 8.4156 10.4411 7.7256 8.3933 7.5050 7.4828 8.7290 7.7065 8.3959 7.1288 9.3929 8.0220 5.6440 9.9592 11.2497 7.5172 8.6227 9.6742 6.7646 7.9957 10.8349 6.8705 35.4848 35.9279 34.8238 36.5031 35.7221 34.2826 31.1101 35.3147 34.8246 32.5255 33.4276 34.8011 30.0115 36.6377 33.8266 37.7169 37.2125 36.4095 33.9818 34.7379 35.7023 34.3777 34.2313 33.2547 35.1660 33.6743 36.5630 31.6703 33.6569 36.0032 23.8200 24.9642 25.8846 27.6104 26.7408 25.8309 28.9525 23.8435 27.2977 28.9544 23.5264 31.2134 28.0235 28.3865 27.1385 29.5948 27.5085 32.2943 28.8151 27.4711 25.4301 31.1931 27.8120 24.8382 28.6967 23.9107 30.9595 28.6681 29.6109 22.4123 17.4785 16.6010 15.9221 12.6442 22.0733 16.5074 18.5008 17.8124 17.3606 16.9412 16.3948 12.7177 19.1353 19.9462 20.5003 18.3612 12.4695 18.0301 17.0048 15.7877 11.0550 20.7300 19.4238 14.5935 18.2337 19.3949 16.1528 16.5982 20.4499 18.2640
35.4789 32.6526 34.9565 34.4390 34.0370 33.4165 33.4271 36.6280 34.3870 32.1490 34.2941 36.0097 35.8831 33.6039 33.5055 34.9225 34.7005 34.7711 34.3597 35.1670 33.8963 33.0960 34.1450 32.8279 35.7444 32.3146 34.6475 36.3376 35.4348 36.1792 7.0310 6.6122 0.0000 8.1711 8.0703 8.5466 6.6232 9.6079 8.6515 11.8548 8.1510 6.6460 6.4901 5.7662 10.6480 4.0950 10.6783 10.0376 9.4991 5.9977 5.7579 7.8305 13.2351 6.7511 11.9435 9.9419 9.5847 11.7482 15.0213 9.9218 32.9482 33.6298 32.3822 34.3291 33.4553 31.8903 28.4340 32.6523 32.4531 30.0611 31.2290 32.5119 27.6803 34.2866 31.5026 35.5559 35.0295 34.2441 31.5361 32.3536 33.5544 31.7780 31.6963 30.8374 32.8530 31.2350 34.1866 29.5233 31.4371 33.6969 22.8022 23.8124 24.4490 26.3764 25.2996 24.0923 27.5885 22.9224 25.2704 27.2683 22.6672 29.3414 26.0829 26.8474 25.0756 27.6638 25.4805 30.4986 26.9730 26.1646 23.6669 29.1574 26.2475 23.2521 26.7746 22.7359 29.1257 27.2321 27.8204 20.9651 16.2102 14.0363 14.5897 10.2539 19.7165 14.3820 16.1715 15.2636 15.3090 14.3022 14.8986 11.3195 17.1764 18.2409 17.6921 15.6070 9.7261 16.7790 14.9166 13.2759 9.2637 19.1297 17.7453 13.8713 15.5935 16.4926 14.7057 14.9157 18.5037 15.4853
38.3988 35.5323 37.7326 37.4129 37.1119 36.3034 36.3002 39.6266 37.3190 35.1113 37.3922 39.0130 38.6119 36.5466 36.3226 37.8584 37.5775 37.5367 37.1922 38.1177 36.7940 36.0374 37.0465 35.5610 38.6318 35.1982 37.5720 39.2891 38.4075 39.2199 7.9048 7.9838 8.1711 0.0000 8.3121 5.6253 8.0866 7.5694 6.3827 11.1853 8.3756 10.8016 7.5182 9.0369 10.5313 7.5208 8.3241 8.4189 10.7405 8.4273 5.8667 11.8751 11.3685 9.6965 10.0661 9.7475 8.2688 8.3539 9.7441 6.4718 36.1083 36.6263 35.3405 37.0635 36.4553 35.0223 31.6148 35.8419 35.3025 33.1341 34.2856 35.3332 30.8210 37.2467 34.6361 38.5407 37.9477 37.2150 34.5141 35.3984 36.4751 34.8236 34.9434 33.7725 35.6919 34.1774 37.1879 31.9310 34.2933 36.7747 24.6728 26.4419 27.3618 28.4412 28.0531 27.5641 29.3260 24.9594 28.5123 30.2085 24.8549 32.2677 29.2917 29.5064 28.4247 30.9464 28.4257 33.0756 29.9136 28.6394 26.9657 31.9109 29.0449 25.9987 29.8743 24.0754 32.0229 29.0487 30.9539 24.0365 17.6981 16.6049 17.4698 15.7222 23.0471 17.5727 19.8391 20.1644 19.1172 18.4176 17.2923 14.2936 20.6202 21.3576 21.1833 19.7238 14.0364 20.4329 19.2580 17.3486 12.5134 22.0268 21.8077 17.2956 19.0144 20.4716 18.4089 18.1684 22.1239 18.4367
39.8788 37.0018 39.3766 39.0041 38.4498 37.9025 37.8620 41.1362 38.8944 36.5298 38.8157 40.4340 40.2982 38.0036 38.0655 39.4335 39.1417 39.3321 38.7592 39.5949 38.4421 37.6622 38.6936 37.2058 40.2269 36.8651 39.0495 40.8747 39.9534 40.6437 6.7085 9.4397 8.0703 8.3121 0.0000 8.6384 6.8423 10.9053 4.7673 10.3388 5.5076 9.0643 5.2916 4.6525 8.0002 6.8089 8.0288 9.6630 6.9823 4.5967 7.3483 7.1509 9.5374 6.9103 10.5688 5.6530 10.8583 11.4086 14.2574 9.5544 37.4381 38.0905 36.8343 38.6556 38.1009 36.4586 33.0205 37.2370 36.9220 34.6523 35.6187 36.8495 32.1136 38.8095 36.0676 40.0383 39.5074 38.7985 36.0007 36.9053 38.1466 36.3005 36.3239 35.3343 37.2411 35.6132 38.7083 33.6364 35.9205 38.2093 26.5072 28.6404 28.4161 30.0995 29.7643 28.8812 30.8876 27.4839 29.8404 31.9733 27.4289 33.6893 30.7656 30.9148 29.3075 32.1309 29.6342 34.6935 31.4253 30.8157 28.0509 33.3672 30.4126 27.4186 31.3519 25.3577 33.4560 31.1100 32.3575 25.5238 18.2934 17.4982 18.2612 14.4457 23.2956 18.5901 20.0260 20.3125 18.7869 18.2159 18.4664 15.9549 20.8307 21.7397 21.4364 19.2451 13.7662 21.3695 18.3741 16.3825 13.0908 22.9323 21.9250 17.1663 19.1773 20.4842 18.8760 19.2439 21.9531 18.4751
