0.0000 11.4891 13.4164 10.6301 14.0712 10.0000 10.8628 13.0384 10.5830 10.1980 14.8324 13.0384 10.7703 11.4891 8.1240 10.7703 14.4222 13.4907 12.0000 13.1149 12.3693 15.5563 13.6015 12.5698 11.1355 11.1355 14.1421 8.9443 10.0000 11.7473 32.2645 36.1525 36.6333 35.6791 37.2559 36.4280 37.8682 30.6268 34.6266 32.4191 37.6032 35.3836 35.5528 36.1525 37.3229 32.2955 38.7169 38.2623 33.3017 40.7922 35.9026 35.1710 37.2827 37.8682 38.2753 33.7046 35.9722 35.6791 39.1408 36.6606 11.4891 15.8745 13.5647 15.8430 14.1067 15.8430 17.2047 15.3297 13.8203 16.0624 15.2643 13.4907 20.8806 12.9228 15.6525 15.8114 12.8841 19.0788 16.7929 12.6491 8.6603 17.3494 16.6132 16.5831 13.3041 11.9164 18.5472 10.7703 15.9060 11.9583 24.4540 18.6279 14.8997 18.2209 18.2209 13.7477 17.2337 17.3205 15.9374 14.1421 15.2315 18.7350 20.2485 24.1661 17.4069 24.1039 26.4953 17.3494 19.7484 19.8746 23.9792 20.6640 15.6844 21.6564 14.2127 19.4422 21.5407 16.5529 17.7200 21.0950 36.0832 39.7366 31.0161 38.5487 35.3977 39.2046 36.3456 35.3977 37.2424 32.8024 35.7071 34.8281 34.8999 39.0000 35.4260 35.3270 34.4093 37.1887 32.1403 30.0333 38.7427 38.0920 33.6006 36.2629 38.8716 34.5109 33.5708 38.2884 36.4143 29.7489
11.4891 0.0000 12.6491 9.5394 14.7648 14.7648 10.9545 12.5698 6.4807 9.6954 11.7473 13.9284 13.2665 11.9164 12.1655 11.6619 16.7332 17.3781 14.0712 13.1149 13.3041 15.4919 9.1104 10.2956 11.4018 12.2474 12.0830 11.6619 13.0384 14.2127 29.5466 34.0441 34.4964 32.3265 35.7211 33.8378 35.7771 27.6767 33.5708 29.8496 35.0999 32.5576 33.8231 35.2562 34.7131 30.7734 37.0270 35.2136 30.9354 37.8418 33.6303 32.9393 36.1109 37.0135 36.3456 32.3110 34.2345 33.1210 35.9166 33.4664 9.7980 19.6977 13.7113 16.6433 13.1529 11.1803 15.7480 11.6190 9.0000 15.2971 17.6918 14.6969 18.1108 12.6095 13.0767 16.9706 10.2956 15.4272 18.3848 11.6619 16.9411 13.3041 15.2971 15.7162 12.2882 11.1355 13.0384 8.6023 16.0312 15.3297 22.6274 19.6723 12.9615 18.2757 14.0712 15.0665 13.9642 17.4929 15.0333 17.5499 15.0333 19.0000 20.0499 21.4476 18.4662 24.0208 25.0599 15.3948 20.4939 19.2094 19.4679 16.6433 16.4924 20.1742 14.0712 15.5563 18.6011 14.0712 17.6068 21.3307 34.0294 38.0395 28.0000 35.8329 31.3209 37.5100 34.7994 33.1210 34.7131 31.0161 33.5112 32.7567 32.1559 36.7831 32.1403 34.2053 31.6860 35.1710 30.5778 27.8568 35.9026 34.8855 29.2746 33.6601 37.1618 32.7261 31.1929 35.8050 33.4664 27.0000
13.4164 12.6491 0.0000 7.2801 10.7703 15.6844 9.7980 12.3288 11.5758 16.0000 10.0995 14.5602 11.5758 10.8628 18.3848 15.0997 8.9443 13.0384 12.4097 10.0995 14.4568 12.8062 12.0416 12.4097 14.2829 13.1909 10.3923 10.3923 9.7980 15.4272 27.5136 34.4238 32.5269 33.0303 34.3511 33.8674 34.6410 28.1425 32.9393 31.2890 34.6699 33.0151 34.2345 33.7491 35.9026 30.8707 37.2961 34.4964 31.0000 39.5980 32.2025 32.5423 35.4965 36.3043 37.1887 33.4066 34.5254 32.9393 34.9571 32.9545 6.0000 20.1990 17.5499 16.4012 14.7309 16.2173 16.9115 14.1067 16.4012 16.2481 19.2094 16.3095 15.7480 15.1987 17.1172 13.4907 12.4097 20.0000 16.8523 14.4914 14.5945 18.7350 11.2250 12.2066 11.5326 13.6382 16.4317 11.0454 18.5203 14.2478 24.4540 21.5639 18.1659 20.5913 15.4272 14.3178 17.5214 18.1108 17.0880 20.6882 18.3848 18.1934 20.9762 23.6643 21.5174 23.6854 28.0713 17.6918 21.9089 21.5639 22.3830 20.9523 19.3391 18.4662 13.1149 17.0294 19.4422 15.4272 19.6469 24.2693 33.8821 36.7560 29.9666 36.2491 31.7333 36.8103 34.4238 33.8378 33.3916 32.4037 33.0303 34.4238 33.8526 35.8469 33.5410 33.5559 31.9061 34.6843 31.4484 25.6515 36.8646 35.9305 31.0000 32.6650 35.3129 33.6898 32.1403 37.1753 34.4384 27.9464
10.6301 9.5394 7.2801 0.0000 9.5394 14.7309 8.8882 8.7750 8.5440 12.6886 11.7898 11.7898 9.3274 11.6190 15.3297 11.4455 8.8882 10.8167 11.7898 9.1104 12.2474 12.2066 11.4018 11.4455 9.8489 12.1244 10.1489 7.2801 9.5394 13.4536 29.7993 36.0555 34.7419 33.8231 35.3977 35.6651 36.2905 29.4109 34.0881 32.0936 36.7015 33.9559 35.2278 34.8425 36.2767 31.4643 38.2099 35.5949 32.5576 40.0874 34.0000 33.9116 35.9305 37.5100 37.4967 34.3366 35.4824 34.3802 36.7560 34.6554 7.0000 18.2483 14.7309 15.6205 11.2250 14.0000 16.4621 12.1655 13.4164 14.2478 17.3205 13.4536 17.9722 14.0712 15.4272 14.4568 10.3441 18.6815 15.5885 11.6190 12.8062 16.3707 12.2882 13.3417 13.1149 11.1803 14.9332 9.9499 15.4272 14.0000 25.6320 21.4009 17.5214 21.3776 16.7033 15.2971 17.9444 18.7350 15.8430 20.1246 17.0587 18.7083 21.1424 23.2594 20.3470 23.8747 29.2062 17.4356 21.2838 21.4942 24.1247 21.5407 19.6723 20.2485 14.5258 18.6815 21.1896 15.0000 19.0000 23.6220 34.6843 38.2884 30.2159 37.2156 33.0151 37.5766 34.2345 34.1174 35.2987 32.5115 34.1760 34.5832 33.8674 37.2022 34.7563 34.2491 32.6037 36.2491 31.7175 27.3679 37.2559 36.7967 32.0000 34.0588 37.0135 33.8526 32.1248 37.5100 34.7707 28.8791
14.0712 14.7648 10.7703 9.5394 0.0000 20.2485 10.4881 13.4164 13.5647 19.2873 15.4272 15.2315 14.4222 15.2315 18.7083 15.0997 9.7980 14.2127 13.1909 10.9545 11.3578 13.0384 17.2337 15.6844 15.3623 17.5499 12.6491 11.7473 11.6619 19.5448 30.2490 38.2230 36.9594 36.3180 35.2704 36.4280 38.3406 31.8748 35.8190 34.6266 38.1838 35.7211 37.3631 37.1618 37.3229 33.9853 40.0125 37.0135 34.9714 42.0238 35.3977 36.6470 37.4700 39.2173 40.0375 35.3836 36.7696 35.7911 38.5487 36.3868 11.4018 19.7990 17.9444 19.2614 15.3297 17.1172 19.8494 14.7309 18.0278 18.8149 20.8567 18.6548 20.9762 17.6352 17.6352 16.3095 17.2627 20.2485 17.6635 14.2127 17.0587 19.0526 13.1909 11.9583 16.7033 14.0712 18.7617 14.0000 18.3030 17.2337 29.3939 23.8118 20.8806 23.6643 19.9499 19.3649 20.3224 21.4009 19.2873 23.4947 18.4391 19.2094 25.2190 23.4521 24.3105 23.8118 32.4962 19.0526 23.6220 23.3452 26.5141 25.5539 23.2379 20.2731 18.1659 21.6333 23.0217 17.2627 21.0713 26.4008 36.4692 40.3113 33.4365 40.0000 35.3977 39.0512 36.5377 36.5103 37.4299 34.3802 36.5377 36.8646 36.8511 39.6863 36.8646 36.5787 34.6987 38.2492 34.3657 28.8444 39.7869 39.7115 35.0000 35.6511 38.5616 35.7071 34.1321 40.0999 36.7151 31.4166
10.0000 14.7648 15.6844 14.7309 20.2485 0.0000 13.6382 14.0712 14.4222 11.0454 17.2047 13.1909 11.7473 10.3923 12.9615 14.4914 18.2209 16.7332 18.8680 18.4932 19.7231 17.4356 15.3948 13.1149 13.5647 12.5698 18.2757 13.8564 11.8322 10.4881 31.3209 34.1614 32.9848 33.8674 37.7094 35.1141 35.5246 29.1204 33.4813 31.6702 35.5528 34.6987 34.1760 33.4215 36.0139 31.1288 37.1349 37.3363 30.8383 38.7814 34.7707 32.6956 36.9594 36.3868 37.2693 33.4963 34.6987 34.6266 36.8782 34.8138 15.1658 17.0880 14.4914 17.5214 15.7797 15.5242 16.4924 17.3494 15.6525 16.2481 15.9060 13.3417 20.0000 13.5277 16.6433 17.4929 13.4907 22.8910 17.7200 15.6205 8.7750 21.0476 16.9115 21.8403 13.0000 16.3095 19.0263 13.0384 16.9411 14.6629 23.8747 20.6155 16.1864 20.4450 19.4422 14.1067 16.4012 20.3470 18.4932 13.8564 18.0555 21.6102 20.9284 27.1293 19.4165 28.0179 25.5734 20.7605 19.9499 22.4722 22.6936 20.0250 16.4317 24.3926 16.9706 21.1660 20.8327 20.1990 20.4939 23.9792 35.3553 36.3180 29.6985 35.8608 34.1906 38.3014 36.6197 34.3948 34.1614 32.0936 34.1028 34.4238 34.1760 36.8646 32.8481 34.4674 32.2490 34.8855 31.7017 30.2655 36.3731 35.7351 31.9531 34.3074 35.9861 33.4515 33.8674 36.5787 36.1386 27.8029
10.8628 10.9545 9.7980 8.8882 10.4881 13.6382 0.0000 10.1980 12.8841 15.6205 10.7703 8.3666 10.8628 10.0995 15.0333 9.4868 12.7279 14.6287 15.2971 13.2665 11.0905 8.6023 13.0767 8.6023 12.3288 11.2250 8.3666 10.8628 7.0711 15.8745 27.8388 35.1426 33.4066 32.2335 33.7935 33.5410 33.8821 27.9285 32.5423 30.2159 34.2053 33.6452 33.7343 32.8786 34.1614 30.8707 36.0971 34.0881 29.5466 38.1051 33.0908 32.7567 35.2136 35.8887 36.5103 32.1248 33.5261 33.1813 35.3270 32.4654 8.4853 14.1421 12.4097 14.7986 10.2470 10.4403 14.8997 10.8167 12.1244 14.4222 17.8045 14.3527 18.7083 13.6015 13.9642 12.4097 12.2474 19.5448 14.8324 6.6332 13.7477 15.0000 11.8322 13.2288 11.7047 12.0000 13.0384 10.0995 14.1067 16.2173 23.3238 18.8944 16.7929 19.7990 16.5529 16.0312 13.6015 17.8885 14.5602 17.7764 12.9615 18.5203 23.7487 21.7715 20.3715 21.8403 26.1151 18.0831 19.8997 21.8403 21.0000 20.1246 17.2047 17.0587 16.4317 18.3848 17.6635 15.0997 19.3907 22.9129 33.5857 36.1801 29.0172 36.2767 32.1403 36.5103 34.6554 33.8969 33.6898 30.2324 34.1028 34.3074 32.9242 36.3180 32.3265 33.6452 30.5941 35.3977 31.7017 26.7208 35.9583 35.0571 31.0644 32.5423 36.0139 31.5753 30.8058 35.3270 33.5261 27.0000
13.0384 12.5698 12.3288 8.7750 13.4164 14.0712 10.1980 0.0000 12.8062 13.5647 14.5602 6.6332 8.4853 10.0995 15.1658 11.2250 14.9666 14.6969 17.0294 13.5647 16.0935 12.0000 13.0000 9.4868 7.4833 12.2474 12.6491 9.8995 9.4868 14.1421 28.3019 33.6898 31.9687 30.6431 33.1059 33.1210 33.8526 26.9815 31.2570 29.9500 33.8821 31.7175 32.4962 32.4191 32.2025 28.7228 34.9142 32.9848 29.2062 36.0832 32.2335 31.3847 33.4365 34.3511 34.3657 31.7490 31.8119 32.2645 33.7046 31.9374 12.4900 16.6733 10.6771 14.1067 7.0000 11.0000 13.7840 11.6190 11.8743 10.1980 13.4536 9.6954 16.8523 11.4455 12.4499 15.2315 8.6023 17.6068 11.3137 10.7703 12.6095 15.1987 11.3137 18.3030 13.6015 9.6954 11.9164 11.1355 10.7238 14.5945 25.6515 20.9045 16.4317 21.6333 17.8885 16.8819 17.0587 20.1990 16.1864 18.3303 15.8745 17.9722 20.2978 21.8632 20.8087 24.3516 28.4253 18.2483 19.5448 21.0950 23.8118 20.7123 19.3907 21.6564 16.8523 20.3470 19.4422 15.4919 16.9706 23.3452 32.5576 34.3657 27.6043 33.9411 31.0966 34.1321 32.1092 31.2250 32.1092 29.8329 31.7962 32.6037 31.9061 34.7419 32.2335 32.2490 28.9828 33.5410 29.5127 26.0768 33.8674 33.8674 29.7825 30.8058 33.4813 31.1929 30.0500 34.4093 32.2490 26.0576
10.5830 6.4807 11.5758 8.5440 13.5647 14.4222 12.8841 12.8062 0.0000 9.6954 14.2829 15.5563 13.7113 12.2474 13.2665 14.6287 14.4222 15.3623 11.4891 10.4881 14.5945 16.3707 9.8489 12.7279 10.4881 13.0384 14.2829 9.6954 12.6491 12.0830 30.2159 34.0735 34.2345 33.5708 36.2767 34.5688 36.9324 28.8097 34.3366 31.3847 36.2215 32.7414 34.3802 35.7071 35.8748 31.1609 38.4578 36.0278 32.6343 39.3700 33.8083 33.4515 36.5787 37.4433 37.6431 33.3167 35.1852 33.3916 36.4692 34.6699 9.6954 21.3542 14.8324 17.0000 14.7309 14.6629 16.6132 12.3693 12.8452 16.4317 16.5831 13.8564 17.4356 12.6095 13.9642 16.9115 12.0000 15.3623 18.0000 15.1658 15.1987 16.7033 14.3527 16.0312 11.7047 11.8322 16.0000 9.3808 16.8226 12.5300 24.6171 21.7486 14.3527 19.4936 14.8324 15.5885 17.4642 18.1659 16.9706 18.8680 17.9444 18.8944 18.7083 23.1948 19.1572 25.1197 27.2029 14.6629 21.0713 19.4165 21.5174 18.6815 18.2757 22.0681 13.0384 16.3095 20.1494 14.8997 17.7200 22.6053 34.7275 38.3275 29.2233 36.3868 32.2025 38.0920 34.7131 33.3317 34.9714 32.5269 33.4215 32.9393 33.4365 36.9188 33.2716 34.6987 33.1662 35.5387 30.7409 28.1780 36.7831 35.9583 30.1496 34.1906 37.0270 34.2199 32.7261 37.5500 34.6987 28.0179
10.1980 9.6954 16.0000 12.6886 19.2873 11.0454 15.6205 13.5647 9.6954 0.0000 16.1245 15.8745 11.0454 11.9164 8.7178 12.4900 18.8680 18.4391 15.8745 16.4924 17.6918 20.5913 13.2288 14.3527 11.8322 14.2829 17.7764 12.3288 15.4919 12.7279 32.6650 34.9714 35.9444 34.9714 38.7040 36.1801 38.2361 29.7321 34.7707 32.0780 37.6829 34.1760 35.2420 37.1080 36.8646 31.6702 38.2492 38.4708 33.6303 38.9615 35.6230 34.5109 37.6829 38.0263 37.1349 34.0881 35.8608 35.2562 38.6264 36.6879 14.3527 19.7484 15.8745 19.3132 16.1555 15.0665 18.9209 17.8045 13.0000 16.0000 16.4621 14.4914 20.7364 12.2882 15.3297 20.7846 11.1355 18.7083 19.6977 16.3707 13.6015 17.4642 17.6635 20.1742 15.5885 13.7113 18.4932 11.0454 18.5203 13.1529 26.1534 21.1424 13.5647 20.0998 18.8680 13.0000 17.1172 20.9284 18.7083 15.4272 18.4932 21.0000 18.2757 25.5734 19.2094 28.6531 27.4591 18.9473 21.9545 19.7737 24.1868 19.2094 17.6068 25.2784 15.1658 20.1990 23.3238 18.7617 18.0555 23.1301 35.4683 39.2301 30.0998 36.9053 33.9559 38.8458 36.3456 34.2491 36.5650 32.9848 34.2491 33.6898 33.8526 38.1969 34.8569 35.0714 33.3167 35.2278 31.0322 30.9192 37.0000 36.9459 31.9531 35.9861 37.5633 34.8281 33.7491 37.8153 36.2491 28.7576
14.8324 11.7473 10.0995 11.7898 15.4272 17.2047 10.7703 14.5602 14.2829 16.1245 0.0000 15.2315 13.1909 12.3288 16.9706 13.0384 17.1464 18.4391 13.9284 15.5563 12.3693 15.5563 11.2694 11.3137 16.8523 12.0000 8.0000 12.7279 14.0712 18.5472 26.9258 33.3017 33.6452 31.1929 33.1964 32.0780 33.6155 26.9444 30.9677 28.2666 32.6803 32.3419 32.3419 34.5398 33.6898 29.7489 34.5109 34.2053 28.2312 36.7967 31.4484 32.4808 34.0000 34.2345 33.8083 30.0998 32.0624 31.8591 35.1283 31.2730 8.2462 18.9737 17.9444 15.1987 16.0312 14.8661 16.3707 15.2643 11.4455 14.6969 18.9473 18.3848 16.0624 15.3297 15.4596 12.8062 12.3288 17.5499 18.1108 11.7473 18.4120 12.7671 14.3527 12.4499 12.9228 12.6491 15.4919 10.0995 18.5203 16.0935 20.9762 16.2788 16.1245 16.4317 14.9666 13.7477 13.4536 16.0624 13.2665 18.3303 15.3623 16.5831 21.7256 20.1990 19.4679 20.3715 23.2809 17.4069 20.1990 18.3030 19.3649 16.8226 15.3623 13.6748 13.3417 15.4919 17.1464 15.0997 17.6068 20.2237 32.5576 37.0000 27.7849 35.9722 30.7734 35.4824 34.7131 33.3317 33.9853 29.0517 32.7872 32.7567 31.6544 35.9583 31.5436 32.3419 29.8664 33.5112 30.3809 25.4558 35.3977 35.4542 29.8831 31.8277 35.9861 31.6702 29.6479 34.0294 32.5576 27.4044
13.0384 13.9284 14.5602 11.7898 15.2315 13.1909 8.3666 6.6332 15.5563 15.8745 15.2315 0.0000 11.0454 11.7473 15.6205 10.4881 16.8523 16.0000 19.4422 15.8745 16.3401 9.1652 14.0357 7.7460 9.4868 11.1355 12.8062 12.8841 8.2462 15.0997 29.8496 35.3695 33.3467 31.6070 34.5543 34.3657 34.2053 28.3549 32.6037 30.6105 34.3802 34.0588 33.7046 32.6343 33.2415 30.5778 35.9305 34.0588 28.7924 37.3631 34.2199 32.6343 35.1568 35.5246 35.9861 32.6190 32.9242 34.0147 34.8712 32.5576 13.7840 14.8997 9.0554 13.6015 6.4031 10.4403 13.5647 11.1803 11.7898 12.5698 15.0665 10.8628 19.2354 13.4536 13.9642 14.7648 10.6771 19.6977 12.7279 7.8740 13.2288 15.7797 14.0000 19.8746 13.7477 12.1655 10.6771 13.3417 9.6437 17.5784 23.9165 20.5670 17.6635 21.9545 18.6011 19.0526 16.4012 20.0000 15.9374 17.9444 14.6969 20.0749 23.4521 22.9347 21.0000 23.8537 26.8328 20.0250 19.9499 23.3452 23.0434 21.2368 18.4932 21.4709 19.3391 21.2132 18.2757 16.6733 19.3391 23.5160 34.3511 35.1710 28.5657 35.4965 32.8786 35.9583 34.1906 33.3617 33.2716 30.4631 34.3366 34.6843 33.2566 36.3456 32.6343 34.0881 30.2655 35.9583 31.7962 27.9285 35.4824 34.4819 31.0966 32.2335 35.7351 31.7017 31.1609 34.8712 33.4664 27.1846
10.7703 13.2665 11.5758 9.3274 14.4222 11.7473 10.8628 8.4853 13.7113 11.0454 13.1909 11.0454 0.0000 9.2736 13.0384 8.8318 13.9284 15.0333 16.3095 15.6844 15.4596 16.1245 15.4596 12.7279 12.3288 14.2829 13.9284 10.2956 11.4018 15.4272 30.1828 35.9305 34.8425 34.4238 36.1109 35.6511 36.3318 29.4279 33.1512 32.2955 36.6879 34.4964 35.0999 35.0571 35.7911 31.1929 36.8103 36.9594 32.4191 38.5746 34.3948 34.1614 35.9722 36.8511 36.2905 33.8821 34.6987 34.9142 37.6563 35.3553 12.2474 14.8324 15.9374 18.1934 12.9228 13.5277 18.2757 17.2916 14.2478 13.1149 17.0000 14.6287 20.0000 13.1529 15.7797 17.6068 10.7703 21.5407 15.7480 12.5698 10.5357 17.2916 12.9615 16.7033 16.0312 12.7279 17.6068 10.9545 16.9411 14.0357 27.8568 20.4695 17.2047 21.8174 20.5913 12.2882 16.3401 21.7715 18.0000 17.0880 16.9706 19.5192 21.4009 24.7790 21.7025 27.1477 29.9666 21.1896 21.5870 21.6102 25.9808 22.1585 19.4936 22.3383 16.6733 22.4944 23.0651 19.0788 18.9209 24.7992 34.3220 37.4833 30.8221 36.9324 33.9264 37.1349 35.5668 34.3074 35.5949 31.9687 34.0441 34.8281 34.1174 37.5100 35.1994 33.7343 31.2730 34.4819 31.5436 28.9828 36.4829 37.1887 33.4215 34.2783 35.5949 33.4813 32.6037 37.1214 35.6371 28.6182
11.4891 11.9164 10.8628 11.6190 15.2315 10.3923 10.0995 10.0995 12.2474 11.9164 12.3288 11.7473 9.2736 0.0000 12.8062 12.4900 16.0624 17.4929 15.4919 15.2971 15.6525 15.3623 13.0000 10.6771 12.1655 12.0000 13.0384 10.1980 10.2956 13.8564 24.1868 29.3428 28.2843 28.4429 31.1127 29.0000 30.7571 23.2379 28.1603 26.4764 30.2985 28.4605 29.0517 30.0500 30.4467 25.8650 31.5436 31.3050 26.6271 32.9848 28.3373 28.0179 31.4960 31.0805 32.0156 28.0713 29.1890 28.5132 31.3050 29.3598 10.8628 15.4272 12.5698 15.1987 12.6886 10.8167 13.8564 13.8924 12.7671 11.4018 13.6015 12.0830 14.7648 7.5498 10.5357 14.1421 10.5830 17.6635 13.1149 13.0384 11.7898 15.6525 9.3808 15.5885 9.7468 10.9545 15.4272 6.6332 15.4596 10.6301 23.4521 17.5214 12.4900 17.0294 15.7480 10.7238 12.1244 18.1108 15.8745 13.1149 14.0712 16.0935 18.0000 21.1660 19.0000 23.8537 24.4949 16.0935 17.6068 17.7482 19.5192 16.5831 15.0333 18.8414 12.4097 16.6733 17.0294 15.0997 15.2971 21.6102 29.1548 31.3209 25.2190 31.0161 27.8029 32.0156 31.1609 28.9655 28.7576 27.2029 28.1957 29.1376 29.1204 31.6386 28.3019 29.2575 26.2679 28.6880 26.1343 23.5797 30.9677 31.0966 26.7769 28.4781 29.8496 28.7924 28.1603 31.8748 30.3645 22.2486
8.1240 12.1655 18.3848 15.3297 18.7083 12.9615 15.0333 15.1658 13.2665 8.7178 16.9706 15.6205 13.0384 12.8062 0.0000 11.1355 20.8327 19.9499 15.4272 17.5499 14.7986 20.4450 15.4596 14.6969 13.0384 14.0000 17.1464 12.7279 15.3623 15.5563 32.7567 35.1710 37.3363 35.0000 37.3095 35.5668 38.2099 29.7658 33.9559 31.1609 37.2559 34.2345 34.5832 37.4032 36.0416 31.4484 37.1887 38.3667 33.1512 38.3667 35.8469 35.0000 36.9053 37.0945 36.4555 32.1870 34.7851 35.1141 39.2173 36.7151 15.8114 16.9115 14.0712 18.0831 16.0312 15.5242 18.9209 18.0831 12.8452 16.1864 15.1987 15.0333 22.6274 11.7047 14.4568 19.9499 13.6382 17.4929 18.6548 14.7648 13.6015 15.4596 19.2354 19.4679 16.4012 12.1655 19.3907 11.7473 17.5214 13.0000 25.5343 17.9722 12.4900 17.3781 19.8494 14.2478 16.8226 19.2354 17.5499 11.8322 15.0333 19.3649 19.3907 23.4947 17.8045 25.7488 25.8070 18.0278 20.4450 18.1384 24.4336 19.3649 15.2315 23.6008 15.4919 20.3470 22.7596 17.6635 16.0624 20.3224 35.1283 39.5854 30.0000 37.5766 34.6266 38.0395 36.0694 34.2783 37.2424 31.7490 34.8281 33.2114 33.5857 38.8201 34.9142 34.7563 33.3766 35.6230 30.6431 30.7571 37.3497 37.2961 32.6343 36.2629 38.3536 33.8674 32.6650 37.0405 35.4965 28.7924
10.7703 11.6619 15.0997 11.4455 15.0997 14.4914 9.4868 11.2250 14.6287 12.4900 13.0384 10.4881 8.8318 12.4900 11.1355 0.0000 17.0880 18.6548 16.9706 17.2047 11.7898 15.9374 15.6525 12.4097 12.6491 13.6382 12.2474 11.9164 13.2665 18.6011 31.9218 38.1182 37.8682 35.3412 37.2022 37.0540 37.4967 30.8221 34.9714 32.1714 38.1051 36.1939 36.1663 36.8375 36.7560 32.9697 37.7227 37.7359 33.2716 39.2173 36.4555 36.2629 37.4700 38.3145 37.2961 34.2637 36.0832 36.4005 39.6989 36.5513 12.4900 11.7473 14.4222 18.1934 12.1244 11.0905 19.6469 16.0935 11.4455 14.7648 18.6279 15.7480 23.6220 13.6748 14.9332 18.1659 12.5698 20.4939 17.4929 8.4853 14.7986 13.1529 15.5563 15.6525 17.4069 12.9615 15.9374 11.5758 16.9411 16.5227 27.3861 19.3649 17.5499 21.6795 21.4009 16.3401 15.7162 21.6795 17.2627 17.5499 14.4222 21.7025 25.0599 24.2899 21.9317 25.8263 28.8097 21.6564 23.0217 22.7376 25.8650 22.2486 18.7617 21.5639 19.0263 22.6716 23.1517 18.8680 20.2485 24.1454 35.1283 39.2046 31.3369 38.8587 34.7994 38.3536 36.4005 35.8748 37.6431 31.9374 36.4280 35.7071 34.2345 39.2556 36.0139 35.2420 32.4962 37.0270 32.9393 30.7246 37.5899 37.6696 34.1614 36.3180 38.6652 33.7194 32.3883 37.2022 35.8887 29.6816
14.4222 16.7332 8.9443 8.8882 9.7980 18.2209 12.7279 14.9666 14.4222 18.8680 17.1464 16.8523 13.9284 16.0624 20.8327 17.0880 0.0000 10.5830 14.2127 10.7703 15.8430 14.4222 17.8606 17.7200 15.9374 17.7200 15.4919 12.5698 12.0830 17.3205 33.0303 40.3361 37.7359 38.8458 39.1408 39.7366 40.0000 34.1174 38.5357 37.2961 40.8901 38.2623 39.9500 37.8814 41.3159 36.1248 42.8836 39.3700 37.4566 45.4313 37.4566 37.8550 40.1746 41.6653 42.9069 39.2683 40.3485 38.5357 40.4228 38.9872 11.3137 21.7715 20.3961 20.9045 17.1756 20.3224 22.0000 17.8045 21.5174 21.1187 22.9129 19.0263 22.4054 19.9249 21.7025 18.0000 17.3205 25.0998 20.4939 17.6635 14.7309 23.8956 15.3623 14.7986 17.3494 18.2209 21.2132 16.2481 21.3307 17.9165 30.2655 26.9629 23.5797 26.7208 21.2132 18.9473 23.3024 23.1517 21.6795 25.1396 22.5832 23.1301 25.7682 28.6356 25.2784 27.5136 34.2637 22.1133 26.3059 26.8514 29.0689 28.1247 24.8998 23.8537 18.7617 23.2379 26.1534 20.0499 24.7790 29.2404 38.8330 41.9166 35.8329 41.6173 37.5366 41.8927 38.2492 38.8973 38.6911 37.7889 38.2230 39.5601 39.0384 40.8779 39.5348 38.4968 37.4700 40.3609 36.5377 31.0161 42.1070 41.3401 37.0810 38.2230 40.2368 38.5616 37.1080 42.8486 39.7995 33.6303
13.4907 17.3781 13.0384 10.8167 14.2127 16.7332 14.6287 14.6969 15.3623 18.4391 18.4391 16.0000 15.0333 17.4929 19.9499 18.6548 10.5830 0.0000 15.4919 12.3288 17.5784 13.8564 17.0000 16.1864 14.9666 15.6844 16.3707 13.1149 11.5758 12.0830 33.4215 38.1707 36.7423 36.6742 37.5500 38.3797 38.5227 32.7414 36.1248 35.4824 38.7814 36.9324 38.0263 35.8748 38.8458 33.7787 41.1218 38.2884 34.6843 44.1135 36.6470 35.7631 37.5766 39.5727 40.3609 37.1484 37.7094 37.4299 38.7298 37.0675 14.8324 23.2379 18.4391 17.2916 15.9687 21.7945 17.5499 17.0000 19.9750 18.9209 19.5192 16.7332 20.1990 20.8087 22.1585 16.2481 15.6844 24.3311 18.4932 16.9706 12.0416 23.8118 19.6977 20.3715 16.5831 16.4317 20.9284 17.2047 16.7033 19.0000 25.6515 23.9374 21.4476 23.7487 19.1833 18.4120 23.1301 19.1311 17.4356 22.1359 20.7364 19.8746 22.0454 25.8070 19.7231 24.1039 30.5614 19.7231 20.9284 24.0208 27.0370 25.7099 21.8174 23.1733 17.4929 21.8174 23.9165 17.7200 21.7715 24.4336 38.7298 41.7971 33.1059 39.8246 37.3765 40.6571 36.9188 36.9730 38.0132 35.6090 37.1080 37.8814 37.4166 40.1373 37.6431 36.8782 36.5513 40.0625 34.9714 29.7993 41.2674 40.4846 35.5949 36.4005 40.2616 36.4005 35.3977 40.5216 37.8682 32.9697
12.0000 14.0712 12.4097 11.7898 13.1909 18.8680 15.2971 17.0294 11.4891 15.8745 13.9284 19.4422 16.3095 15.4919 15.4272 16.9706 14.2127 15.4919 0.0000 10.0995 10.6301 18.9209 13.8203 17.3205 15.3623 14.0712 13.8564 8.9443 15.4919 16.6733 31.2250 35.5106 37.0135 35.4824 35.7771 35.3695 38.6005 30.9192 34.6843 32.2025 37.5766 33.7343 35.2136 38.4057 37.6165 31.9844 38.7943 37.4166 34.4529 41.2311 34.0441 35.7071 36.3318 36.8511 37.6696 32.9848 35.8050 34.3366 38.8587 36.3318 10.0995 22.3607 18.7083 16.4012 18.8944 20.8087 19.7990 17.1756 17.1172 18.6548 17.4069 17.7200 19.0788 15.8430 16.8819 15.0333 16.1245 15.8745 19.5448 17.8326 16.4012 17.6918 16.8523 12.2882 14.5945 13.3417 21.3073 12.0830 20.3224 11.1803 25.3772 20.3715 17.4929 18.3848 17.0294 16.2173 21.4709 16.7332 16.9115 20.0000 19.4422 16.7033 19.6469 22.8473 19.0000 20.9045 27.3861 14.4568 21.9545 17.4642 25.2389 22.0681 18.2757 19.2094 11.0454 16.6733 22.8910 14.7648 17.0294 21.0476 35.3270 41.0488 31.4325 39.2173 34.3657 37.8550 35.0000 35.1994 37.1618 33.3167 34.4819 33.7787 34.7851 38.5876 36.1525 34.9571 35.2420 36.6470 31.5119 28.0357 39.1280 39.4335 33.0000 35.8469 39.0000 35.8748 33.1210 38.8587 35.8887 31.2890
13.1149 13.1149 10.0995 9.1104 10.9545 18.4932 13.2665 13.5647 10.4881 16.4924 15.5563 15.8745 15.6844 15.2971 17.5499 17.2047 10.7703 12.3288 10.0995 0.0000 14.7309 13.2665 11.1803 14.0000 11.5758 13.2665 13.7113 11.0454 11.1355 14.2829 32.4500 36.9188 36.4692 35.7631 37.3363 36.9188 39.0896 31.3369 36.4280 34.1614 38.1314 35.0428 37.0675 37.8021 38.4057 33.5708 41.0488 37.1214 34.2783 42.9884 35.8190 35.6230 38.4187 39.1152 40.3609 35.7771 37.3095 35.9583 37.5766 36.3868 10.0995 24.2487 16.1245 15.5885 14.7986 19.4165 17.7764 13.6748 17.4642 19.0788 18.1384 15.3623 17.9444 16.5831 18.1934 16.1864 12.9615 16.8523 18.7083 16.7332 15.9687 19.8242 16.3095 16.2173 13.1529 13.2665 16.2481 14.3527 17.2337 14.7986 24.6982 24.4336 18.3848 21.8174 14.7648 18.8944 22.2486 17.5499 18.2209 22.1359 20.4939 18.6815 19.4936 24.0832 20.6155 22.8254 28.9828 15.5242 23.4947 21.7486 24.8797 23.1733 20.5426 21.9773 13.7840 16.9115 21.4009 13.5647 18.8149 23.5584 37.6298 40.8779 32.2800 39.2683 35.0856 39.7115 35.8469 36.1248 36.7015 35.8329 36.1248 36.6197 36.6879 39.0768 37.0540 37.4433 36.4143 39.1280 33.6601 28.4956 40.5832 38.7169 32.9697 36.0971 39.6611 37.3229 35.0000 40.5463 36.8511 31.2250
12.3693 13.3041 14.4568 12.2474 11.3578 19.7231 11.0905 16.0935 14.5945 17.6918 12.3693 16.3401 15.4596 15.6525 14.7986 11.7898 15.8430 17.5784 10.6301 14.7309 0.0000 16.5831 16.4317 15.8430 16.2788 14.7986 10.1489 10.8167 15.1327 20.2731 30.1330 37.0675 38.0395 34.7851 34.3366 35.1568 37.2156 30.6757 34.1760 31.0805 37.1349 34.5977 35.1710 37.4166 36.1386 32.1870 37.2290 36.4829 33.4365 39.6358 34.3511 36.1939 35.5949 36.7831 36.7151 32.2335 35.0856 34.5543 39.2301 35.5668 10.9087 16.4621 17.1172 17.1464 16.3707 16.4924 19.8746 15.6844 14.2127 17.4069 19.4422 18.7883 22.4277 16.3707 15.4919 14.5945 17.0000 18.0278 18.6279 11.7047 17.9444 13.2665 16.4012 9.4868 16.7929 13.0000 19.4679 11.6190 18.7617 16.1245 26.0960 17.7200 18.3576 19.1050 19.5192 17.7200 18.0000 18.3030 15.0665 19.6723 14.4568 18.1108 25.0400 20.8567 20.2978 19.3391 27.4044 17.3781 21.5174 19.4936 24.8193 22.5389 18.3030 16.1864 16.3401 19.3132 22.4722 15.6525 18.8414 21.5407 34.2783 40.5216 31.0322 39.4842 34.1467 37.2022 35.0428 35.4965 37.6032 30.9677 35.5809 34.1174 33.6006 39.0128 35.3270 34.3366 33.2415 36.9594 32.1248 28.3373 38.1314 38.8072 33.6155 35.5246 39.2683 33.3766 31.0161 36.9188 34.6843 30.6594
15.5563 15.4919 12.8062 12.2066 13.0384 17.4356 8.6023 12.0000 16.3707 20.5913 15.5563 9.1652 16.1245 15.3623 20.4450 15.9374 14.4222 13.8564 18.9209 13.2665 16.5831 0.0000 14.0357 9.3808 13.4164 12.5698 12.0000 15.1658 7.3485 16.1245 30.1828 36.5923 34.0294 32.8177 34.9857 35.2278 34.9571 29.7658 34.3366 32.2335 34.7275 35.4119 35.4683 33.1813 35.1994 32.6650 38.4578 34.2929 29.5127 40.6202 34.9142 33.5410 36.6060 37.3363 38.8716 34.3511 34.7851 35.0286 34.7851 32.7414 13.0384 20.2485 13.0384 13.8924 10.2470 15.3948 13.7840 10.0499 15.7797 17.3781 19.0000 15.0333 18.4932 18.1934 18.1934 13.2665 14.0000 21.0713 15.8114 10.6771 16.5831 19.2094 16.0624 19.2614 13.0000 14.7648 11.5758 16.1864 12.2066 20.5670 22.0454 22.8254 20.2978 22.7596 16.2481 21.4709 18.7883 18.1659 16.0624 21.8632 16.9115 20.3224 24.9399 23.0217 21.5639 21.4709 26.9444 19.1572 21.1660 25.1595 21.8861 22.7376 20.0000 19.7231 19.4936 19.3907 16.9115 15.3623 21.6333 24.0624 36.6060 37.3229 30.2655 37.3898 34.0441 38.3275 35.7071 35.3977 34.3074 32.8329 36.2629 36.9188 35.4401 37.7227 33.6006 36.3043 33.1361 38.8716 34.2199 27.5681 38.4578 36.0139 32.0156 33.1512 38.1445 33.6601 32.7872 37.0945 34.6699 29.2746
13.6015 9.1104 12.0416 11.4018 17.2337 15.3948 13.0767 13.0000 9.8489 13.2288 11.2694 14.0357 15.4596 13.0000 15.4596 15.6525 17.8606 17.0000 13.8203 11.1803 16.4317 14.0357 0.0000 8.4261 10.9087 7.6811 11.9583 12.3693 12.2882 12.4499 29.7658 32.5576 33.0303 30.7246 35.1426 33.1361 34.9142 26.8887 32.5269 28.8791 33.3017 31.9218 32.5115 34.5254 34.2929 29.8329 36.6333 34.0735 28.2489 37.9868 32.8938 31.5595 35.3977 35.2278 35.6090 31.3847 33.0000 32.3728 33.8674 31.7333 9.7468 22.8692 13.1529 11.4018 13.1149 15.3623 12.8452 10.9545 10.4881 15.0000 15.0333 12.8452 13.8203 13.1909 14.5602 14.1067 7.9373 13.0000 17.2337 13.8924 17.0880 14.6287 16.4012 18.3848 8.8318 10.9087 10.6301 11.4455 14.4914 14.4222 17.6918 19.6977 13.6748 16.6433 10.1489 16.9115 17.1464 13.7477 13.9642 17.8606 17.3494 17.5499 17.0000 21.3776 16.9115 21.3542 21.7486 13.7840 19.9249 18.7617 18.1108 15.0997 14.6629 19.4936 11.7047 12.0416 15.1327 11.7047 16.0312 18.8149 34.3948 36.8511 26.7395 34.9714 30.8545 36.5787 33.7343 32.4962 33.0757 31.1929 32.8938 32.6497 32.1714 35.6090 31.4643 34.1028 32.0156 35.4119 30.0333 26.0576 36.1109 33.8526 27.7128 32.3110 36.9594 33.2866 31.1127 35.0856 32.6343 26.7955
12.5698 10.2956 12.4097 11.4455 15.6844 13.1149 8.6023 9.4868 12.7279 14.3527 11.3137 7.7460 12.7279 10.6771 14.6969 12.4097 17.7200 16.1864 17.3205 14.0000 15.8430 9.3808 8.4261 0.0000 10.4881 8.1240 10.3923 12.9615 8.0000 13.0384 27.8029 32.1092 31.4643 29.3087 33.1059 31.6386 32.4037 25.5343 30.5450 27.6948 31.3050 31.6544 31.4006 31.6070 31.6070 28.6531 34.4819 32.4037 25.7488 35.8887 32.0468 30.2490 33.7639 33.9116 34.2199 30.0000 30.8221 31.5436 32.3728 29.8329 11.4018 18.3303 9.7980 11.1803 8.6603 11.0000 9.8995 8.8882 8.6603 12.4097 14.4568 11.6619 14.7648 12.6095 13.3791 12.9615 7.7460 16.0000 13.7113 8.3666 14.9332 13.6748 14.7648 18.9473 9.2195 9.7980 7.8740 11.2250 10.0499 16.4621 18.0555 17.5214 13.1909 16.8523 12.4900 16.4012 13.0767 14.7648 12.3288 15.5563 12.8062 16.8819 19.3907 19.5959 17.1172 20.9045 21.5870 15.7162 17.3781 19.5704 17.0000 15.3297 13.8564 18.1384 14.9666 15.2315 12.7279 12.4900 16.0624 19.1572 33.1361 34.5398 25.6125 33.4963 30.2820 35.1141 33.3617 31.4802 31.6702 28.8097 32.4500 32.4500 31.2730 34.7419 29.7489 32.6803 29.2916 34.3366 29.7825 25.3377 34.4819 32.4191 27.6586 30.3150 35.0286 30.3480 29.4788 33.1361 31.3369 25.0000
11.1355 11.4018 14.2829 9.8489 15.3623 13.5647 12.3288 7.4833 10.4881 11.8322 16.8523 9.4868 12.3288 12.1655 13.0384 12.6491 15.9374 14.9666 15.3623 11.5758 16.2788 13.4164 10.9087 10.4881 0.0000 10.0000 14.1421 9.3808 10.3923 11.4891 31.0000 34.4238 33.5857 31.8904 35.2420 34.8569 35.6371 28.1780 33.3017 30.5123 35.6651 32.5269 33.3467 33.7787 34.3948 29.8161 36.9730 34.1467 30.8707 38.0000 34.0147 32.2955 35.1852 35.8050 36.2077 32.9242 33.8526 33.4813 35.0714 33.7639 12.5698 18.4932 8.1240 12.8452 7.6811 13.2288 14.4222 10.5357 12.2882 12.8841 12.2066 6.3246 18.4932 10.6301 12.9228 16.1245 8.7178 15.7480 13.1909 12.8062 12.2882 15.7797 14.8324 19.5704 12.6095 10.0000 12.0830 11.9164 11.0000 13.0000 24.3721 21.7025 15.5563 21.0713 16.8523 18.5742 19.5704 18.7083 16.6132 17.8326 16.7929 19.6214 19.0263 23.3238 19.0526 24.3516 27.2397 16.5227 20.4450 21.3307 24.0624 20.4695 18.3303 23.7276 15.8114 18.8149 20.0499 14.1421 17.0294 22.1585 33.9706 35.9305 27.9643 34.9285 31.9844 35.7631 32.0156 31.9218 33.2415 31.5595 32.9393 32.8177 32.4345 35.5668 33.3916 33.7046 31.7805 35.7071 29.8161 27.4591 35.4542 34.0147 29.6479 33.0303 35.9305 32.8481 31.2250 35.7771 33.1361 26.9258
11.1355 12.2474 13.1909 12.1244 17.5499 12.5698 11.2250 12.2474 13.0384 14.2829 12.0000 11.1355 14.2829 12.0000 14.0000 13.6382 17.7200 15.6844 14.0712 13.2665 14.7986 12.5698 7.6811 8.1240 10.0000 0.0000 10.6771 10.4881 10.3923 11.6619 29.1719 32.2955 32.3419 29.7489 33.5261 32.6037 33.0454 26.3439 30.8383 27.4408 32.4654 31.7175 30.9516 32.2025 33.2716 28.3725 34.6266 32.9848 26.8142 36.9053 32.1092 30.5778 33.4963 33.1059 33.9559 29.8329 31.6544 31.7017 33.7046 30.9516 10.1980 18.1659 10.0000 7.1414 11.0000 14.9332 11.5758 11.0000 10.5357 12.6491 12.1244 9.7980 15.7480 11.9583 13.7477 10.2956 9.0554 15.4272 13.9284 11.2250 13.2288 14.0357 16.3095 18.0831 8.5440 10.3923 12.2474 11.1355 12.0416 13.1529 16.9706 16.4621 14.3527 15.4919 13.1149 16.6433 16.8819 12.4097 11.6619 14.7648 14.5602 17.1172 18.6011 21.2603 15.0665 19.0526 20.2978 14.7309 17.4356 18.8944 19.3649 16.0935 12.0830 18.0278 12.4097 14.0712 15.1658 12.0000 15.8114 17.0587 32.8329 35.1141 25.7294 34.2637 30.7734 34.7707 32.0156 31.6386 32.1092 29.0172 32.1714 31.6386 30.7246 34.3948 30.6757 32.1248 30.5941 34.6554 28.8617 25.2587 34.7994 32.9393 28.0179 31.4484 36.0139 31.0966 29.3087 33.0151 31.4006 25.9808
14.1421 12.0830 10.3923 10.1489 12.6491 18.2757 8.3666 12.6491 14.2829 17.7764 8.0000 12.8062 13.9284 13.0384 17.1464 12.2474 15.4919 16.3707 13.8564 13.7113 10.1489 12.0000 11.9583 10.3923 14.1421 10.6771 0.0000 10.7703 11.9164 18.1108 25.5539 32.9090 32.3728 29.2062 30.1662 31.3528 31.2730 25.3377 29.4788 26.5141 31.7175 30.7571 30.5941 31.2890 32.0780 27.8747 33.1813 30.8869 27.1477 35.7771 30.1496 30.5123 31.5278 32.9242 32.6956 29.0861 30.9192 30.2820 33.1361 29.6311 7.8740 16.4317 14.4914 12.3693 11.4455 13.6015 14.6969 11.2694 11.6190 12.7279 17.5784 15.2971 17.2627 14.4568 14.7309 10.3923 12.1655 17.2627 14.0000 8.4853 17.1756 11.2694 14.0712 11.5326 12.5300 10.0995 13.4164 10.3923 15.1987 16.0935 21.1187 15.5885 16.4924 16.7929 15.0333 16.4621 15.0665 14.4222 11.2250 18.4932 12.0000 16.2173 22.2711 18.2757 18.4120 17.4069 23.9583 15.9060 18.6548 19.3649 20.1742 17.7482 15.7480 12.8452 14.0000 15.3623 16.5529 11.7473 17.0880 19.0000 30.3645 34.8281 25.7682 34.1467 28.7924 33.1512 30.6757 30.8383 32.1403 27.1293 31.3528 31.0000 29.1890 33.6006 30.5123 30.0666 28.4605 33.3916 28.3725 22.6274 33.6601 32.6956 28.1957 30.0832 34.7707 28.8617 26.5895 32.0000 29.5296 25.1992
8.9443 11.6619 10.3923 7.2801 11.7473 13.8564 10.8628 9.8995 9.6954 12.3288 12.7279 12.8841 10.2956 10.1980 12.7279 11.9164 12.5698 13.1149 8.9443 11.0454 10.8167 15.1658 12.3693 12.9615 9.3808 10.4881 10.7703 0.0000 11.1355 13.2665 27.8747 33.0606 32.8329 31.4484 32.4037 32.8786 34.2345 27.2029 30.9677 29.0689 34.5254 30.9516 31.6544 33.1210 33.6601 28.1247 34.8281 33.5559 30.7083 36.9865 31.1609 31.7017 32.5883 33.5857 33.9853 30.5287 32.3419 31.3209 35.2704 32.8329 8.2462 15.8114 12.9615 13.0000 12.1244 14.6629 15.6205 12.9228 12.9228 11.5758 12.6095 10.8628 17.2047 10.2470 12.0416 12.0000 11.5758 16.0000 12.4900 12.6491 10.7238 14.3875 11.6619 12.6095 12.0416 8.8318 17.0880 7.4833 14.7309 8.3066 25.0599 17.9722 15.5563 18.1659 17.1464 14.1774 17.9722 16.9706 14.4222 16.7332 15.3623 15.9687 19.0263 21.4942 18.0831 21.4709 27.0555 14.9332 18.4391 17.8606 23.9374 19.9249 16.9706 18.8414 11.7473 17.6068 20.5913 13.7840 15.4919 20.5670 31.3369 35.6511 27.6043 34.8712 30.8383 33.8674 30.9354 31.0644 33.0000 29.2233 30.9031 30.6431 30.8545 34.4529 32.4500 30.8221 30.1662 32.9090 27.9106 25.0998 34.1906 34.8281 29.9166 31.7962 34.3074 31.2250 29.2404 34.4674 32.0312 26.6271
10.0000 13.0384 9.7980 9.5394 11.6619 11.8322 7.0711 9.4868 12.6491 15.4919 14.0712 8.2462 11.4018 10.2956 15.3623 13.2665 12.0830 11.5758 15.4919 11.1355 15.1327 7.3485 12.2882 8.0000 10.3923 10.3923 11.9164 11.1355 0.0000 11.9164 29.1719 34.5398 32.6803 32.6650 34.6121 34.0441 34.5254 28.2843 32.8481 31.1609 34.2345 33.7935 34.0588 32.5730 34.6554 30.8383 37.2424 34.4964 29.5466 39.2938 33.6898 32.2955 35.6651 36.1386 37.5366 32.9242 33.7046 33.6898 34.6410 32.8329 10.6771 17.5499 11.4018 13.3791 9.9499 14.0357 13.0384 10.8167 14.5258 15.0333 15.6525 12.0000 16.9115 13.8203 15.7162 12.8841 11.2250 19.4936 13.6382 10.8628 10.5357 18.4662 13.4164 17.4642 10.0499 11.9164 13.4164 12.3288 12.2066 15.1987 22.2711 20.4206 16.3707 19.8494 15.4272 16.4012 16.5831 16.8523 15.5563 17.2047 15.1658 17.9722 20.7846 22.8035 19.2094 22.6495 26.0000 17.1756 19.1311 21.8861 21.3307 20.5183 17.0880 20.0749 15.4919 18.1108 16.9706 14.4914 18.4391 22.5167 35.0428 36.1801 29.2575 35.9166 33.0606 37.1349 34.7419 33.7491 33.3017 31.8748 34.1906 34.8855 34.2637 36.4829 32.9393 34.4093 32.0624 36.2077 31.9218 26.9072 37.1349 35.2562 31.0966 32.6343 36.0416 32.8177 32.2955 36.6606 34.3511 27.4773
11.7473 14.2127 15.4272 13.4536 19.5448 10.4881 15.8745 14.1421 12.0830 12.7279 18.5472 15.0997 15.4272 13.8564 15.5563 18.6011 17.3205 12.0830 16.6733 14.2829 20.2731 16.1245 12.4499 13.0384 11.4891 11.6619 18.1108 13.2665 11.9164 0.0000 31.3528 32.3265 32.0624 32.1092 36.2491 34.1906 35.2704 28.0713 32.6956 30.8058 34.4093 32.5576 33.1964 32.6956 34.9142 29.5466 37.3497 35.4119 29.9833 39.2173 33.3916 30.9354 35.1852 35.4401 36.6197 32.8634 33.7046 33.3017 34.4674 33.3467 15.4272 23.1948 13.8564 14.4568 14.9332 18.8944 12.9615 14.9332 16.0935 16.3707 13.7477 11.4018 16.3095 15.6525 17.9165 16.4317 11.8322 20.0000 17.1464 17.3781 10.8167 21.6564 19.2873 23.3880 11.3578 14.4914 17.8885 14.3527 13.9642 15.3297 20.3961 21.3307 15.0333 19.1311 14.6969 15.9060 19.5192 16.1864 15.7480 15.8745 18.9737 18.6279 15.7480 24.2487 14.8661 24.3926 24.1661 15.7162 17.3205 20.2237 21.1896 18.9473 16.1245 23.8537 14.0000 17.2047 19.2354 15.6205 17.6635 20.4206 35.4965 37.1618 27.8209 34.5832 33.0908 37.7227 34.1614 32.5115 33.3617 32.1248 32.7872 32.9697 33.1662 35.8469 32.1092 34.0294 33.0454 35.7071 30.2159 27.7849 36.6470 34.9714 29.7489 32.8481 36.4555 33.2716 32.7567 36.2215 34.3220 27.8029
32.2645 29.5466 27.5136 29.7993 30.2490 31.3209 27.8388 28.3019 30.2159 32.6650 26.9258 29.8496 30.1828 24.1868 32.7567 31.9218 33.0303 33.4215 31.2250 32.4500 30.1330 30.1828 29.7658 27.8029 31.0000 29.1719 25.5539 27.8747 29.1719 31.3528 0.0000 16.1245 13.8924 14.1421 12.7671 12.1655 13.3041 11.1803 13.3417 14.6969 14.1067 13.6748 14.1067 16.7929 15.4272 13.5647 15.4919 14.1774 16.7332 17.7482 9.6954 14.1421 15.6525 16.6433 18.3303 15.7162 14.7986 10.9545 15.7162 12.5300 28.0535 29.0345 28.2312 27.2029 28.1425 25.9230 23.7697 26.4197 27.8927 22.8254 26.7955 27.9106 22.0681 24.9399 23.8328 24.1868 28.9655 28.6880 22.5167 28.5132 31.4643 26.3059 23.8956 27.6767 24.6171 25.7488 29.3769 24.0624 28.3196 27.7489 29.7489 22.8473 24.6374 23.7276 25.4362 25.8457 22.1359 26.2869 24.4745 26.4008 22.6495 22.1359 27.9821 20.1246 27.5681 25.9230 27.7308 23.6643 21.2368 23.7487 21.8632 21.9089 25.4362 20.8327 24.9600 23.7697 21.8403 24.0624 23.9374 26.8328 13.0767 17.3205 15.5242 16.0935 12.3288 17.0880 20.0998 15.4919 15.0333 14.3178 13.6382 16.3707 16.2788 15.7480 14.0712 14.7309 11.6190 14.0712 16.0000 11.6190 15.8745 18.9209 15.9374 11.2250 14.2127 14.0712 15.0333 17.4069 15.1987 13.2665
36.1525 34.0441 34.4238 36.0555 38.2230 34.1614 35.1426 33.6898 34.0735 34.9714 33.3017 35.3695 35.9305 29.3428 35.1710 38.1182 40.3361 38.1707 35.5106 36.9188 37.0675 36.5923 32.5576 32.1092 34.4238 32.2955 32.9090 33.0606 34.5398 32.3265 16.1245 0.0000 13.3791 13.1149 18.2483 9.6954 16.4012 11.7898 12.8841 14.0712 11.7898 9.2195 10.7238 19.7990 13.9284 11.0454 15.2971 16.7631 15.9374 16.2173 11.3137 11.7473 16.2788 12.6095 15.7480 12.6095 11.9583 10.0000 13.6015 13.3791 34.5398 36.7015 31.5119 29.8329 33.5261 32.6803 26.0576 31.8119 31.7805 27.4408 27.3130 30.4795 24.0624 28.7054 28.3549 29.9833 32.0468 29.8496 27.7308 35.1710 35.2136 31.4006 32.0468 36.7696 28.0357 29.7153 33.8378 29.4109 31.3369 30.8221 28.3373 25.6125 24.7184 23.6854 26.7021 29.3598 27.2764 27.1846 27.6586 26.6646 27.9106 24.2487 24.7184 22.4722 26.2679 28.8097 24.7184 24.4949 22.0227 23.0651 22.6274 21.6795 25.6320 27.7489 26.7769 24.9199 23.9792 26.8887 23.5584 25.2190 16.4012 19.5959 13.3791 11.9583 14.2829 18.8149 21.1660 12.8841 15.2971 16.6433 11.4891 12.9615 16.2788 14.6287 12.9615 17.1172 16.5831 14.4222 13.5647 16.1555 16.9115 17.7764 12.8062 12.6491 16.4317 17.2627 18.4932 17.1172 15.9060 15.5563
36.6333 34.4964 32.5269 34.7419 36.9594 32.9848 33.4066 31.9687 34.2345 35.9444 33.6452 33.3467 34.8425 28.2843 37.3363 37.8682 37.7359 36.7423 37.0135 36.4692 38.0395 34.0294 33.0303 31.4643 33.5857 32.3419 32.3728 32.8329 32.6803 32.0624 13.8924 13.3791 0.0000 13.6748 18.8680 14.2478 12.8841 13.1909 16.0312 18.1934 13.9284 14.4914 14.3527 13.6015 17.0587 14.5945 18.3576 14.4914 16.6433 19.0788 12.9228 9.9499 18.8680 16.9706 21.1424 20.0000 16.7929 12.5300 10.4881 12.6491 33.5857 35.0999 30.7571 30.1828 31.7017 30.9031 25.8457 30.2159 32.9697 27.1293 28.7576 29.2233 24.2074 28.6880 28.6531 29.0517 32.0312 33.1964 26.0768 34.4384 33.9559 33.4215 29.1204 36.2077 27.2580 30.9839 32.4654 29.6985 30.8058 31.5753 31.1127 29.4109 28.2843 28.8444 28.2843 30.8383 28.0891 30.2324 29.6985 29.6648 29.3258 27.6586 28.7402 27.1293 30.4467 32.0156 29.4279 27.8029 24.5764 29.1033 24.5561 25.1197 29.1890 29.2404 29.1548 27.4591 24.4949 28.6356 28.2489 31.0644 17.2627 12.4499 16.1245 11.0454 13.9642 18.9473 20.9045 15.1327 8.6603 19.4422 12.7671 18.4120 18.8680 11.3578 13.3791 17.8885 15.0997 15.7162 17.8045 16.3095 15.3297 15.1987 14.2478 10.5357 11.6190 17.6352 20.7605 18.8680 18.0000 13.8203
