0.0000 3.7218 4.4556 4.0382 3.9202 2.7748 3.1393 3.7791 4.8125 2.9859 4.5075 3.3406 3.7791 6.5851 3.9997 4.1943 5.3642 4.9620 4.7814 3.9970 4.2308 7.2419 4.1230 4.7303 4.5246 5.0993 5.2929 1.7695 4.2777 3.7926 16.6699 17.3668 14.2570 16.9104 18.9719 13.7161 18.0209 24.2384 21.2443 18.7044 15.0088 19.7876 20.1948 20.0527 19.2279 19.2260 19.1853 18.5940 20.1315 19.3483 18.3518 19.5965 19.5671 15.8484 19.6613 9.9308 11.2120 13.7196 18.2054 15.2757 13.0990 6.2935 7.1053 11.2877 6.6432 14.0978 3.8770 9.8081 13.7662 10.7732 4.2532 6.9549 12.7095 6.6467 6.2801 7.8400 8.4382 13.3809 7.0851 7.3563 4.6443 7.3735 13.9968 5.3783 15.6830 3.6553 8.8626 7.7249 7.1330 4.9567 6.3507 10.5117 9.6031 3.9809 5.5080 10.3435 4.7629 8.6322 5.4968 5.3385 10.9508 3.1993 11.9477 12.9234 9.3888 6.7329 10.2121 11.4767 6.8524 6.9440 6.0844 3.0314 11.5067 2.7703 3.3250 5.6881 3.9063 3.6842 3.8418 3.3849 19.5293 22.6496 11.0313 21.6582 16.5532 9.7419 16.2113 13.4351 15.6356 10.3323 16.8709 12.2832 16.3005 19.2518 16.9660 17.6031 19.9197 16.6376 10.2494 16.4273 17.0576 16.5205 11.0716 19.6469 18.6912 14.9994 14.7460 16.2721 22.0271 13.8054
3.7218 0.0000 2.5060 3.4023 1.4330 2.9140 2.1408 0.7494 3.1873 2.5771 3.3973 1.0078 1.1725 6.7256 1.3497 3.1266 3.8665 2.9674 2.7220 1.2721 2.3563 6.1828 2.0418 2.7216 2.4467 3.5411 5.2755 2.7941 3.6177 0.8468 16.7309 17.4385 14.3221 16.9613 19.0283 13.7945 18.0793 24.2885 21.2958 18.7797 15.0809 19.8443 20.2336 20.1217 19.2794 19.2850 19.2448 18.6505 20.1948 19.4074 18.3952 19.6579 19.6286 15.8888 19.7206 10.0283 11.2278 13.6296 18.2447 15.3255 13.0854 6.2210 7.1284 11.2758 6.7077 13.6044 0.6152 9.8520 13.8036 10.7004 3.9918 5.8600 12.7920 5.5520 5.2011 7.5297 8.2345 13.4510 7.0089 6.4053 2.8528 7.1597 13.9757 5.2561 15.6382 3.2696 8.8976 7.7823 6.8491 4.9638 6.3867 10.4757 9.7021 4.0609 5.7303 9.6470 4.9724 8.4889 5.4475 5.0084 11.0661 3.4377 11.3343 12.9192 9.5066 6.9279 10.3152 11.5866 5.7933 7.0273 6.1248 3.3250 11.6228 2.4865 3.1584 5.6362 1.2999 0.6466 0.9776 3.7583 19.5921 22.7026 11.0821 21.7216 16.6133 9.8592 16.2534 13.5142 15.7061 10.3839 16.9355 12.3067 16.3506 19.3080 17.0022 17.6325 19.9941 16.6914 10.2773 16.5020 17.1092 16.5779 11.0066 19.7212 18.7578 15.0172 14.7840 16.2804 22.0895 13.8658
4.4556 2.5060 0.0000 2.2151 3.2687 4.2019 2.5189 2.4762 3.7635 3.7591 2.0408 2.8312 2.8413 7.4747 3.4571 1.5615 4.5758 1.8088 1.3774 2.6872 3.1127 6.8649 3.1899 1.4006 0.3045 3.5900 6.0877 3.2580 3.8673 2.6190 17.0528 17.7468 14.6995 17.2774 19.3242 14.1973 18.3847 24.5191 21.5476 19.0783 15.4369 20.1186 20.5034 20.3962 19.5485 19.5685 19.5262 18.9512 20.4566 19.6884 18.6886 19.9391 19.9057 16.2219 20.0018 10.5554 11.6777 13.9732 18.5344 15.6848 13.4619 6.7943 7.7329 11.6600 7.4545 13.9475 2.8786 10.3015 14.1454 11.1150 5.0137 6.4947 13.2005 6.3432 5.7194 8.1480 8.6750 13.8179 7.6128 6.9530 3.9798 7.7393 14.3177 5.8595 15.9681 4.3020 9.3636 8.3597 7.4804 5.7580 7.0453 10.9406 10.2411 5.2120 6.6090 10.1466 5.9293 8.9205 6.1855 5.8078 11.5448 4.7294 11.7561 13.3124 9.9910 7.6552 10.7931 12.0515 6.4061 7.7230 6.8807 4.6207 12.0836 3.5459 4.1895 6.4605 3.3619 2.6391 3.0762 5.0477 19.8775 22.9478 11.5529 21.9727 16.9358 10.3890 16.5988 13.8827 16.0578 10.8964 17.2524 12.7210 16.6767 19.5982 17.3196 17.9338 20.2747 17.0171 10.7653 16.8343 17.4218 16.9080 11.4823 19.9934 19.0549 15.3627 15.1293 16.5971 22.3432 14.2596
4.0382 3.4023 2.2151 0.0000 3.9594 3.7879 3.4711 3.3440 4.3706 3.2886 3.1817 3.6360 3.5790 7.2087 4.1111 2.7835 5.1014 2.9715 2.7581 3.4506 3.8627 7.2108 3.8888 2.8101 2.2621 4.2286 5.7779 2.6208 4.5504 3.4405 16.9304 17.6279 14.5632 17.1654 19.2212 14.0535 18.2744 24.4358 21.4491 18.9658 15.3073 20.0161 20.4064 20.2940 19.4412 19.4618 19.4169 18.8452 20.3525 19.5845 18.5843 19.8343 19.7977 16.1068 19.8953 10.3589 11.5234 13.8797 18.4344 15.5633 13.3513 6.6717 7.5167 11.5555 7.2328 14.1262 3.6691 10.1576 14.0276 10.9840 4.7970 6.8654 13.0612 6.7138 6.1261 8.0781 8.6120 13.6767 7.4586 7.2967 4.5595 7.6387 14.2084 5.6161 15.8926 4.0099 9.2025 8.1723 7.3936 5.5323 6.7552 10.8029 10.0649 4.9057 6.3114 10.3827 5.6254 8.7734 5.8978 5.7061 11.3534 4.3039 11.9627 13.1981 9.8071 7.3861 10.6066 11.8860 6.7819 7.4632 6.6035 4.1948 11.9021 3.0602 3.8438 6.2516 4.0179 3.4596 3.8049 4.6088 19.7715 22.8563 11.3933 21.8756 16.8137 10.1908 16.4854 13.7349 15.9313 10.7318 17.1374 12.5932 16.5593 19.4937 17.2139 17.8333 20.1687 16.9038 10.6187 16.7082 17.3066 16.7932 11.3664 19.8850 18.9443 15.2521 15.0109 16.4973 22.2474 14.1199
3.9202 1.4330 3.2687 3.9594 0.0000 2.9073 2.7233 1.3367 3.4651 2.5845 4.0373 1.4043 1.2656 6.4692 1.2124 3.7520 3.6854 3.3369 3.5042 1.4512 2.1811 6.1660 2.2874 3.5082 3.2390 4.0348 5.2397 3.2117 3.6430 1.3030 16.6254 17.3378 14.1957 16.8577 18.9334 13.6691 17.9798 24.2143 21.2109 18.6822 14.9646 19.7550 20.1468 20.0341 19.1891 19.1907 19.1528 18.5523 20.1149 19.3157 18.3012 19.5656 19.5348 15.7817 19.6268 9.8500 11.0833 13.5252 18.1508 15.2100 12.9690 6.1118 6.9386 11.1647 6.4648 13.5034 1.2138 9.7184 13.6931 10.5668 3.6631 5.6764 12.6598 5.3066 5.0488 7.3222 8.1327 13.3313 6.8454 6.2568 2.4901 6.9760 13.8690 5.0996 15.5316 2.9417 8.7625 7.6195 6.6599 4.7620 6.1746 10.3279 9.5363 3.6915 5.4266 9.4802 4.6481 8.5194 5.1795 4.7945 10.9102 3.3512 11.2112 12.7952 9.3632 6.6780 10.1724 11.4530 5.6267 6.7854 5.8557 3.2357 11.4762 2.6298 2.8673 5.3462 1.1920 1.2164 1.1250 3.3590 19.4990 22.6227 10.9289 21.6370 16.5088 9.6869 16.1425 13.3964 15.5926 10.2219 16.8291 12.1782 16.2456 19.2134 16.9008 17.5318 19.9013 16.5875 10.1275 16.3922 17.0060 16.4722 10.8603 19.6320 18.6602 14.9111 14.6788 16.1793 22.0071 13.7359
2.7748 2.9140 4.2019 3.7879 2.9073 0.0000 3.8034 2.8341 4.2930 0.9812 4.8602 2.8930 2.7686 5.8613 2.6926 4.6032 4.7313 4.5517 4.3986 2.8528 3.7230 6.6222 3.3886 4.4025 4.1763 4.8138 4.3709 2.2760 4.7889 2.8086 16.3870 17.1030 13.9299 16.6377 18.7127 13.3638 17.7507 24.0458 21.0218 18.4482 14.6862 19.5497 19.9690 19.8247 19.0036 18.9857 18.9354 18.3319 19.9205 19.1034 18.1008 19.3512 19.3271 15.5585 19.4175 9.4458 10.7954 13.4344 17.9538 14.9620 12.7512 5.8197 6.4854 11.0241 5.9549 13.8161 2.7539 9.4804 13.5320 10.3663 3.3667 6.3725 12.3581 6.0377 5.8615 7.2663 8.1331 13.0955 6.5822 6.9035 3.8269 6.8843 13.6709 4.7516 15.3941 2.3357 8.5879 7.2571 6.6425 4.1538 5.7003 10.1203 9.1454 2.6260 4.6298 9.9195 3.8764 8.2489 4.6507 4.7832 10.5213 0.7183 11.5788 12.5589 9.0266 6.0853 9.7864 11.0831 6.3461 6.2383 5.2850 0.5543 11.0864 0.8906 2.3047 4.8190 2.6950 2.7793 2.6953 1.3553 19.2791 22.4357 10.6231 21.4516 16.2777 9.2579 15.9118 13.1209 15.3334 9.8632 16.5931 11.9480 16.0329 19.0014 16.6865 17.3587 19.6812 16.3636 9.8312 16.1394 16.7843 16.2491 10.6465 19.4208 18.4374 14.7152 14.4618 16.0190 21.8113 13.4635
3.1393 2.1408 2.5189 3.4711 2.7233 3.8034 0.0000 2.2069 3.6762 3.4451 2.4425 1.8185 2.3778 7.2276 2.9162 2.0228 4.4171 3.2429 2.9669 2.5541 2.8495 6.6722 2.8538 2.9010 2.6295 3.8174 5.8528 2.7504 2.9492 2.3254 16.9454 17.6403 14.5707 17.1687 19.2247 14.0623 18.2834 24.4393 21.4642 18.9763 15.3190 20.0253 20.4113 20.2988 19.4537 19.4706 19.4335 18.8508 20.3638 19.5930 18.5914 19.8448 19.8120 16.1146 19.9067 10.3828 11.5372 13.8605 18.4369 15.5642 13.3350 6.5932 7.5542 11.5163 7.1990 13.8221 2.5158 10.1341 14.0068 10.9907 4.6706 6.3184 13.0560 6.0653 5.5295 7.9595 8.5241 13.6802 7.3953 6.7683 3.6429 7.5410 14.2130 5.6851 15.8570 4.0500 9.1622 8.1558 7.2581 5.5269 6.8367 10.7841 10.0509 4.8412 6.3035 9.9777 5.5741 8.7925 5.9891 5.5201 11.3848 4.3701 11.6258 13.1846 9.8113 7.3971 10.6340 11.8902 6.2152 7.5094 6.6514 4.2037 11.9299 3.3161 3.8686 6.1909 2.8101 2.2015 2.5842 4.6449 19.7821 22.8666 11.3897 21.8832 16.8263 10.2089 16.4827 13.7531 15.9367 10.7311 17.1445 12.5783 16.5626 19.5007 17.2147 17.8277 20.1770 16.9049 10.5946 16.7216 17.3168 16.7930 11.3260 19.8965 18.9543 15.2492 15.0140 16.4877 22.2558 14.1266
3.7791 0.7494 2.4762 3.3440 1.3367 2.8341 2.2069 0.0000 3.1627 2.3880 3.3980 0.9943 0.5782 6.6860 1.1779 3.0852 3.8134 3.0007 2.7627 0.5636 2.3145 6.1114 1.9285 2.7692 2.4353 3.5881 5.1974 2.8262 3.6908 0.2805 16.7144 17.4231 14.3029 16.9454 19.0161 13.7786 18.0655 24.2797 21.2820 18.7672 15.0643 19.8316 20.2209 20.1103 19.2628 19.2703 19.2299 18.6380 20.1822 19.3941 18.3824 19.6451 19.6138 15.8754 19.7069 10.0010 11.2029 13.6052 18.2313 15.3092 13.0690 6.2312 7.0911 11.2617 6.6740 13.5914 0.7464 9.8364 13.7857 10.6679 3.9481 5.8063 12.7732 5.4990 5.1446 7.4941 8.2243 13.4289 6.9890 6.3811 2.7648 7.1243 13.9556 5.1882 15.6209 3.1911 8.8708 7.7661 6.8116 4.9554 6.3188 10.4473 9.6821 3.9956 5.6839 9.6159 4.9238 8.4538 5.3682 5.0045 11.0387 3.3613 11.3132 12.8966 9.4893 6.8952 10.2931 11.5721 5.7750 6.9794 6.0650 3.2353 11.5980 2.3439 3.0940 5.5873 1.0578 0.3554 0.6951 3.6945 19.5789 22.6924 11.0561 21.7091 16.5955 9.8305 16.2383 13.4895 15.6897 10.3614 16.9199 12.2896 16.3350 19.2954 16.9872 17.6172 19.9820 16.6771 10.2544 16.4854 17.0920 16.5644 10.9799 19.7070 18.7448 15.0044 14.7734 16.2653 22.0780 13.8463
4.8125 3.1873 3.7635 4.3706 3.4651 4.2930 3.6762 3.1627 0.0000 3.9813 4.4359 3.2558 3.2595 7.4315 3.4518 4.1698 4.9469 4.1595 3.9906 3.2632 3.8511 4.6817 3.6657 3.9967 3.7431 1.4950 5.0732 4.0821 4.6963 3.1733 16.1723 16.8990 13.6366 16.4037 18.5011 13.3236 17.5313 23.8569 20.8443 18.2506 14.5042 19.3364 19.7228 19.6177 18.8163 18.7759 18.7179 18.1169 19.7128 18.8914 17.8793 19.1542 19.1362 15.2701 19.2144 9.5209 10.6284 12.9694 17.7189 14.7092 12.3958 5.2718 6.6361 10.6340 7.4201 13.0674 3.2468 9.0202 13.1872 9.9937 5.0785 5.2990 12.1754 5.0206 4.6381 6.8584 7.2736 12.8898 6.3346 5.2560 4.2119 6.6250 13.4327 4.8754 15.0281 4.5136 8.2777 7.0494 6.1002 4.5356 6.3970 9.7283 8.7728 5.1496 6.5470 8.9313 5.8915 7.8135 6.2665 4.4569 10.2583 4.6681 10.5544 12.2268 8.7682 7.6162 9.7974 10.8956 4.7971 7.6989 6.8785 4.5817 10.8230 3.9546 4.4223 5.9816 3.3854 3.1564 3.2908 4.9262 19.0666 22.2605 10.2485 21.2536 16.0708 9.0706 15.6359 12.8338 15.1359 9.6611 16.3738 11.6748 15.7665 18.7985 16.4250 17.0687 19.4794 16.1208 9.6235 15.8950 16.5704 15.9953 10.1493 19.2290 18.2314 14.3842 14.1630 15.6980 21.6354 13.2618
2.9859 2.5771 3.7591 3.2886 2.5845 0.9812 3.4451 2.3880 3.9813 0.0000 4.4856 2.5266 2.3191 5.9812 2.3725 4.1861 4.4862 4.1720 4.0054 2.3570 3.3988 6.4673 3.0192 4.0138 3.7362 4.5036 4.4266 2.1717 4.5372 2.3478 16.4301 17.1481 13.9805 16.6796 18.7587 13.4255 17.7963 24.0805 21.0568 18.4965 14.7420 19.5881 20.0016 19.8672 19.0336 19.0248 18.9761 18.3775 19.9566 19.1452 18.1402 19.3944 19.3668 15.6023 19.4575 9.5207 10.8412 13.4282 17.9927 15.0105 12.7814 5.8739 6.5566 11.0484 6.0566 13.7549 2.4111 9.5258 13.5552 10.3747 3.3720 6.2135 12.4218 5.8838 5.6607 7.2488 8.1155 13.1344 6.6000 6.7527 3.5463 6.8680 13.6948 4.7215 15.4163 2.2847 8.6009 7.3194 6.6093 4.2873 5.7271 10.1435 9.2251 2.8491 4.8020 9.8323 4.0358 8.2194 4.6831 4.7575 10.5923 1.4181 11.5034 12.5979 9.0889 6.2099 9.8551 11.1596 6.1863 6.3272 5.3609 1.2809 11.1605 0.6525 2.2796 4.9114 2.3256 2.3659 2.3136 1.8960 19.3234 22.4731 10.6759 21.4886 16.3193 9.3395 15.9574 13.1664 15.3849 9.9338 16.6394 11.9932 16.0714 19.0438 16.7275 17.3910 19.7270 16.4068 9.8858 16.1886 16.8251 16.2944 10.6744 19.4620 18.4825 14.7524 14.5026 16.0473 21.8510 13.5147
4.5075 3.3973 2.0408 3.1817 4.0373 4.8602 2.4425 3.3980 4.4359 4.4856 0.0000 3.5161 3.6768 7.9044 4.2521 1.3836 5.1355 2.2492 1.8542 3.6231 3.7551 7.3110 3.9602 1.8046 2.1536 4.2510 6.5806 3.8028 3.8417 3.5618 17.2487 17.9334 14.9250 17.4670 19.4975 14.4332 18.5675 24.6567 21.7029 19.2551 15.6508 20.2849 20.6673 20.5595 19.7167 19.7396 19.6980 19.1295 20.6179 19.8574 18.8675 20.1075 20.0742 16.4280 20.1705 10.8692 11.9546 14.2011 18.7100 15.8979 13.6902 7.1873 8.1150 11.9223 7.8757 14.1538 3.7575 10.5962 14.3610 11.3947 5.5991 6.9311 13.4424 6.8215 6.1733 8.5322 9.0055 14.0449 8.0013 7.3547 4.6493 8.1191 14.5392 6.3224 16.1704 4.9451 9.6710 8.7223 7.8753 6.2481 7.4806 11.2327 10.5542 5.8100 7.0890 10.4517 6.4445 9.2537 6.6789 6.3130 11.8322 5.3886 12.0258 13.5557 10.3002 8.0699 11.0911 12.3223 6.8436 8.1424 7.3388 5.2629 12.3578 4.2758 4.8400 6.9176 4.2083 3.5424 3.9247 5.6765 20.0477 23.0959 11.8346 22.1240 17.1332 10.7012 16.8021 14.1143 16.2660 11.1990 17.4450 12.9748 16.8759 19.7715 17.5124 18.1173 20.4402 17.2135 11.0578 17.0340 17.6128 17.1055 11.7681 20.1588 19.2329 15.5780 15.3459 16.7934 22.4940 14.4945
3.3406 1.0078 2.8312 3.6360 1.4043 2.8930 1.8185 0.9943 3.2558 2.5266 3.5161 0.0000 0.9799 6.7056 1.3097 3.1528 3.9271 3.4242 3.1936 1.3577 2.4012 6.1769 2.0422 3.1665 2.8560 3.7544 5.2627 2.6609 3.4406 1.0014 16.7233 17.4291 14.3119 16.9531 19.0226 13.7875 18.0731 24.2828 21.2895 18.7724 15.0732 19.8371 20.2271 20.1132 19.2691 19.2762 19.2383 18.6449 20.1872 19.4005 18.3905 19.6516 19.6209 15.8852 19.7135 10.0158 11.2257 13.6237 18.2396 15.3180 13.0807 6.2419 7.1327 11.2667 6.6890 13.5981 1.0940 9.8410 13.7837 10.6966 3.9690 5.8696 12.7798 5.5176 5.1833 7.5257 8.2435 13.4342 6.9979 6.3957 2.8459 7.1445 13.9723 5.2601 15.6305 3.3050 8.8702 7.7743 6.8325 4.9946 6.3595 10.4640 9.6872 4.0241 5.6941 9.6333 4.9235 8.4924 5.4430 4.9983 11.0522 3.4242 11.3344 12.9111 9.4906 6.9018 10.3039 11.5779 5.7970 7.0134 6.1074 3.2684 11.6095 2.5270 3.1543 5.6190 1.1733 0.7727 1.0112 3.7232 19.5855 22.6978 11.0668 21.7125 16.6040 9.8434 16.2461 13.4993 15.6962 10.3778 16.9264 12.2996 16.3408 19.3016 16.9957 17.6227 19.9859 16.6825 10.2642 16.4927 17.1006 16.5695 10.9961 19.7111 18.7504 15.0149 14.7809 16.2739 22.0825 13.8555
3.7791 1.1725 2.8413 3.5790 1.2656 2.7686 2.3778 0.5782 3.2595 2.3191 3.6768 0.9799 0.0000 6.6389 0.9419 3.3363 3.8577 3.3855 3.1788 0.4820 2.4289 6.0794 1.9785 3.1894 2.8350 3.8136 5.1465 2.9482 3.7961 0.5606 16.6953 17.4039 14.2800 16.9266 18.9983 13.7559 18.0470 24.2662 21.2662 18.7491 15.0425 19.8153 20.2054 20.0939 19.2461 19.2525 19.2122 18.6203 20.1681 19.3772 18.3664 19.6280 19.5963 15.8584 19.6897 9.9685 11.1816 13.5909 18.2155 15.2880 13.0523 6.2499 7.0672 11.2534 6.6318 13.5773 0.9497 9.8244 13.7678 10.6490 3.9116 5.7924 12.7489 5.4559 5.1532 7.4647 8.2340 13.4079 6.9766 6.3743 2.7467 7.1023 13.9380 5.1876 15.6015 3.1825 8.8589 7.7501 6.7876 4.9520 6.2762 10.4231 9.6528 3.9177 5.6233 9.5862 4.8656 8.4513 5.3306 4.9981 11.0079 3.2724 11.2956 12.8733 9.4709 6.8519 10.2674 11.5484 5.7741 6.9353 6.0166 3.1330 11.5671 2.3526 3.0900 5.5373 0.8084 0.5805 0.5915 3.6012 19.5610 22.6778 11.0271 21.6931 16.5759 9.7968 16.2176 13.4664 15.6677 10.3335 16.9003 12.2708 16.3164 19.2780 16.9684 17.5990 19.9643 16.6581 10.2279 16.4646 17.0722 16.5458 10.9518 19.6896 18.7266 14.9900 14.7597 16.2499 22.0621 13.8220
6.5851 6.7256 7.4747 7.2087 6.4692 5.8613 7.2276 6.6860 7.4315 5.9812 7.9044 6.7056 6.6389 0.0000 6.5605 7.7297 5.0549 7.4668 7.5914 6.6797 6.0442 8.9319 6.9281 7.5957 7.4551 7.7956 7.3034 6.4441 6.3553 6.6608 15.5817 16.1240 12.7857 15.9522 17.8428 12.4787 16.8958 23.2674 20.0827 17.4026 14.0531 18.6130 19.0524 18.9202 18.0032 18.2396 18.1233 17.3305 19.1680 18.2808 17.1539 18.3819 18.2467 14.5039 18.3243 7.9786 9.1296 13.3993 17.0221 14.1477 12.4788 7.3122 5.7468 10.7762 1.4504 14.1359 6.6234 9.4864 12.5809 10.0605 4.0772 7.8453 11.3473 7.4213 7.0800 7.0818 8.7067 11.8811 6.6924 8.3606 6.3442 6.4846 13.9230 6.9016 15.3169 4.8900 7.2277 6.8984 7.1418 5.8244 7.0235 9.8442 8.4552 5.2767 3.4775 10.0668 3.9328 10.1656 3.5468 5.1247 10.1394 5.8356 11.7794 12.4567 8.8943 3.2227 9.3783 9.9673 6.7862 5.1893 4.8645 5.8339 11.0634 5.9964 5.3934 3.9350 6.5628 6.6512 6.5873 5.7624 18.2568 21.7020 10.4294 20.6008 15.2794 8.5045 14.8203 12.7134 14.3015 8.7696 15.4670 10.8977 15.1901 18.1365 16.1909 16.2293 18.8403 15.6634 9.6453 15.2729 16.2038 15.2358 10.7497 18.4501 17.5945 13.6990 13.3768 14.8521 20.8617 12.1166
3.9997 1.3497 3.4571 4.1111 1.2124 2.6926 2.9162 1.1779 3.4518 2.3725 4.2521 1.3097 0.9419 6.5605 0.0000 3.9572 3.9592 3.8589 3.6780 1.1891 2.7224 6.0639 2.1907 3.6837 3.4178 4.1429 5.1071 3.3330 4.1138 1.0853 16.6608 17.3717 14.2398 16.8943 18.9620 13.7072 18.0109 24.2389 21.2398 18.7132 15.0019 19.7846 20.1770 20.0632 19.2236 19.2224 19.1816 18.5838 20.1447 19.3459 18.3351 19.5953 19.5670 15.8223 19.6576 9.9097 11.1413 13.5758 18.1865 15.2466 13.0185 6.2609 7.0385 11.2472 6.5577 13.5549 0.7876 9.8093 13.7528 10.6300 3.8589 5.8006 12.7088 5.4176 5.2693 7.4170 8.2569 13.3851 6.9568 6.3835 2.7806 7.0865 13.9096 5.2527 15.5707 3.1784 8.8724 7.7177 6.7674 4.9094 6.2605 10.3908 9.5942 3.7854 5.5278 9.5491 4.7830 8.4722 5.3175 4.9707 10.9584 3.0937 11.2640 12.8368 9.4428 6.7810 10.2232 11.4954 5.7738 6.8718 5.9579 2.9907 11.5159 2.4926 3.1321 5.4651 0.3498 1.0003 0.5304 3.4087 19.5268 22.6479 10.9824 21.6672 16.5436 9.7423 16.1761 13.4397 15.6276 10.2757 16.8662 12.2353 16.2845 19.2432 16.9330 17.5703 19.9311 16.6221 10.1853 16.4272 17.0402 16.5098 10.9037 19.6630 18.6915 14.9573 14.7266 16.2238 22.0326 13.7782
4.1943 3.1266 1.5615 2.7835 3.7520 4.6032 2.0228 3.0852 4.1698 4.1861 1.3836 3.1528 3.3363 7.7297 3.9572 0.0000 4.9384 2.6255 2.2930 3.2970 3.4973 7.1406 3.6504 2.2459 1.7640 4.0292 6.3897 3.4765 3.5687 3.2400 17.1683 17.8556 14.8323 17.3891 19.4275 14.3377 18.4930 24.6000 21.6389 19.1825 15.5629 20.2159 20.6001 20.4914 19.6455 19.6685 19.6276 19.0573 20.5506 19.7877 18.7953 20.0386 20.0047 16.3451 20.1011 10.7406 11.8461 14.1101 18.6390 15.8112 13.5969 7.0342 7.9715 11.8121 7.7065 14.0696 3.4770 10.4728 14.2654 11.2816 5.3636 6.7644 13.3423 6.6202 5.9741 8.3811 8.8767 13.9481 7.8417 7.1788 4.3903 7.9612 14.4496 6.1413 16.0876 4.7067 9.5381 8.5752 7.7150 6.0644 7.2973 11.1136 10.4243 5.5688 6.8892 10.3263 6.2271 9.1207 6.4863 6.1050 11.7136 5.1346 11.9202 13.4563 10.1687 7.8980 10.9674 12.2128 6.6654 7.9737 7.1543 5.0015 12.2445 3.9910 4.5847 6.7357 3.8719 3.2161 3.6223 5.4282 19.9781 23.0353 11.7180 22.0603 17.0516 10.5724 16.7197 14.0160 16.1800 11.0793 17.3647 12.8727 16.7929 19.7007 17.4335 18.0408 20.3717 17.1318 10.9374 16.9514 17.5341 17.0241 11.6527 20.0890 19.1595 15.4928 15.2586 16.7140 22.4318 14.3981
5.3642 3.8665 4.5758 5.1014 3.6854 4.7313 4.4171 3.8134 4.9469 4.4862 5.1355 3.9271 3.8577 5.0549 3.9592 4.9384 0.0000 4.5625 4.7272 3.8626 2.7735 7.1938 4.2650 4.7317 4.5500 5.2444 6.4328 4.7519 3.3659 3.8186 16.2066 16.9021 13.5887 16.4646 18.5381 13.1929 17.5809 23.8632 20.7907 18.2375 14.5296 19.3218 19.7179 19.6283 18.7433 18.7867 18.7582 18.0874 19.7519 18.9475 17.8514 19.1485 19.0700 15.2777 19.1677 9.0008 10.3410 13.2857 17.7342 14.8180 12.4202 6.3000 5.7280 10.4798 5.2196 13.2727 3.8570 9.1786 13.2135 9.8422 2.5058 5.9126 12.1415 5.4298 5.4039 6.3312 7.6865 12.7912 6.1846 6.5378 3.5445 6.6360 13.7442 5.6325 15.1566 3.1374 8.1597 6.7690 6.4138 4.7626 6.3293 9.7356 9.0308 4.2883 3.7748 8.8974 3.7666 9.2691 3.1563 3.3842 10.2366 5.0545 10.7686 12.3625 8.8318 5.3093 9.9759 11.0646 4.5916 5.3728 4.6668 4.9761 11.1136 4.4711 3.6569 3.5839 3.9299 3.8192 3.8573 5.0904 19.0489 22.2723 10.3646 21.2404 16.0799 9.0927 15.6421 13.1253 15.1304 9.5299 16.3423 11.5919 15.7931 18.7719 16.5583 17.0399 19.4797 16.2137 9.5542 15.8913 16.6295 15.9678 10.5172 19.1980 18.2111 14.3845 14.1497 15.6766 21.5994 13.1471
4.9620 2.9674 1.8088 2.9715 3.3369 4.5517 3.2429 3.0007 4.1595 4.1720 2.2492 3.4242 3.3855 7.4668 3.8589 2.6255 4.5625 0.0000 1.1692 3.2059 3.1495 7.0768 3.6586 1.2207 1.7040 3.9679 6.3318 3.8241 4.0299 3.1210 17.0465 17.7432 14.6887 17.2711 19.3165 14.1922 18.3777 24.5127 21.5410 19.0700 15.4324 20.1130 20.4972 20.3920 19.5451 19.5625 19.5224 18.9411 20.4573 19.6826 18.6802 19.9314 19.8972 16.2111 19.9925 10.5440 11.6636 13.9756 18.5262 15.6783 13.4564 6.8171 7.7228 11.6589 7.4486 13.9498 3.2938 10.2988 14.1478 11.1163 5.0358 6.5214 13.1963 6.3927 5.7732 8.1332 8.6816 13.8176 7.6289 7.0023 4.0445 7.7513 14.3227 5.9185 15.9655 4.3306 9.3730 8.3617 7.4960 5.7734 7.1025 10.9403 10.2444 5.2818 6.6138 10.1465 5.9445 9.0915 6.1828 5.8256 11.5459 5.0356 11.7591 13.3164 9.9980 7.6417 10.8100 12.0550 6.4271 7.7161 6.8831 4.9529 12.0925 3.9674 4.2608 6.4485 3.8064 3.1557 3.5134 5.1398 19.8708 22.9409 11.5532 21.9663 16.9328 10.3918 16.5907 13.8931 16.0534 10.8870 17.2448 12.7113 16.6721 19.5897 17.3169 17.9259 20.2667 17.0136 10.7700 16.8279 17.4187 16.9001 11.4894 19.9910 19.0470 15.3504 15.1191 16.5872 22.3375 14.2514
4.7814 2.7220 1.3774 2.7581 3.5042 4.3986 2.9669 2.7627 3.9906 4.0054 1.8542 3.1936 3.1788 7.5914 3.6780 2.2930 4.7272 1.1692 0.0000 2.9969 3.3651 6.9816 3.4637 0.2366 1.2475 3.7945 6.2258 3.6197 4.1763 2.8960 17.1031 17.7968 14.7582 17.3270 19.3668 14.2555 18.4307 24.5540 21.5883 19.1231 15.4928 20.1618 20.5453 20.4392 19.5956 19.6136 19.5705 18.9951 20.4999 19.7320 18.7332 19.9818 19.9499 16.2728 20.0447 10.6372 11.7452 14.0324 18.5793 15.7382 13.5226 6.9068 7.8316 11.7374 7.5670 14.0058 3.0786 10.3869 14.2138 11.1918 5.1842 6.6160 13.2664 6.4893 5.8956 8.2479 8.7677 13.8845 7.7242 7.0893 4.1852 7.8528 14.3763 6.0009 16.0222 4.4757 9.4626 8.4585 7.5933 5.8842 7.1813 11.0194 10.3245 5.3783 6.7461 10.2333 6.0819 9.0166 6.3243 5.9582 11.6215 4.9006 11.8241 13.3773 10.0803 7.7713 10.8750 12.1189 6.5390 7.8359 7.0077 4.8136 12.1573 3.7929 4.3879 6.5891 3.6230 2.9292 3.3130 5.2118 19.9205 22.9847 11.6294 22.0139 16.9876 10.4736 16.6490 13.9497 16.1120 10.9703 17.3037 12.7857 16.7298 19.6414 17.3689 17.9834 20.3175 17.0683 10.8455 16.8862 17.4724 16.9589 11.5554 20.0392 19.1002 15.4144 15.1832 16.6476 22.3819 14.3202
3.9970 1.2721 2.6872 3.4506 1.4512 2.8528 2.5541 0.5636 3.2632 2.3570 3.6231 1.3577 0.4820 6.6797 1.1891 3.2970 3.8626 3.2059 2.9969 0.0000 2.4720 6.0966 2.0245 3.0228 2.6521 3.7557 5.1772 3.0476 3.9300 0.5535 16.7111 17.4204 14.2994 16.9430 19.0136 13.7764 18.0625 24.2787 21.2787 18.7649 15.0613 19.8295 20.2189 20.1093 19.2601 19.2673 19.2261 18.6356 20.1817 19.3918 18.3808 19.6425 19.6103 15.8746 19.7038 9.9952 11.1998 13.6040 18.2301 15.3062 13.0709 6.2862 7.0925 11.2750 6.6744 13.5978 1.0733 9.8511 13.7902 10.6639 3.9750 5.8123 12.7724 5.5019 5.1774 7.4922 8.2549 13.4289 7.0113 6.4066 2.8015 7.1338 13.9537 5.2013 15.6186 3.2129 8.8881 7.7837 6.8207 4.9936 6.3059 10.4455 9.6836 3.9883 5.6782 9.6126 4.9301 8.4629 5.3507 5.0525 11.0322 3.3444 11.3139 12.8925 9.5005 6.8962 10.2937 11.5742 5.8079 6.9666 6.0503 3.2223 11.5915 2.3666 3.1421 5.5830 1.0603 0.7645 0.8146 3.6818 19.5756 22.6903 11.0522 21.7070 16.5920 9.8252 16.2350 13.4860 15.6865 10.3584 16.9172 12.2921 16.3336 19.2928 16.9844 17.6154 19.9797 16.6756 10.2554 16.4818 17.0880 16.5635 10.9746 19.7047 18.7422 15.0062 14.7772 16.2655 22.0756 13.8421
4.2308 2.3563 3.1127 3.8627 2.1811 3.7230 2.8495 2.3145 3.8511 3.3988 3.7551 2.4012 2.4289 6.0442 2.7224 3.4973 2.7735 3.1495 3.3651 2.4720 0.0000 6.5956 3.0066 3.3553 3.1092 4.1373 5.7551 3.4539 2.0205 2.3783 16.4667 17.1898 13.9907 16.7042 18.8017 13.5074 17.8409 24.0995 21.0742 18.5343 14.7986 19.6124 20.0115 19.9016 19.0387 19.0463 19.0252 18.4016 20.0025 19.1801 18.1541 19.4270 19.3817 15.6126 19.4766 9.5715 10.8456 13.3879 18.0041 15.0603 12.7678 5.8939 6.5023 10.8950 6.0637 13.3742 2.4677 9.4455 13.4816 10.3149 3.0873 5.4177 12.4520 5.1458 4.8176 6.9567 7.8514 13.1194 6.5059 6.0184 2.2571 6.6518 13.7408 4.9299 15.3783 2.5808 8.4107 7.2499 6.3695 4.4962 6.0991 10.0739 9.3512 3.6747 4.9840 9.2142 4.1600 8.7873 4.5890 4.2565 10.7070 4.1868 11.0607 12.6232 9.0833 6.2245 10.0446 11.2829 5.1529 6.3608 5.4369 4.0712 11.3230 3.3328 2.5364 4.7998 2.6732 2.3276 2.5099 4.2339 19.3587 22.5023 10.7224 21.5005 16.3538 9.4681 15.9821 13.2411 15.4367 9.9896 16.6587 11.9458 16.0839 19.0682 16.7629 17.3560 19.7589 16.4404 9.9171 16.2236 16.8656 16.3051 10.7137 19.4929 18.5100 14.7223 14.4927 15.9947 21.8784 13.5438
7.2419 6.1828 6.8649 7.2108 6.1660 6.6222 6.6722 6.1114 4.6817 6.4673 7.3110 6.1769 6.0794 8.9319 6.0639 7.1406 7.1938 7.0768 6.9816 6.0966 6.5956 0.0000 6.3918 6.9875 6.8433 5.1222 6.5113 6.8546 7.2945 6.0912 15.4196 16.1248 12.6072 15.5862 17.7132 12.8871 16.7539 23.2367 20.1949 17.5139 13.7618 18.6193 18.9858 18.8959 18.2160 18.0245 17.9334 17.3498 19.0930 18.1464 17.1560 18.4693 18.4066 14.5156 18.4638 9.4404 10.2057 12.1244 16.9796 13.8389 11.5149 5.4190 7.2414 10.1284 8.9295 12.5144 6.0987 7.8860 12.3464 10.2992 7.1722 5.8950 11.4017 5.5790 5.6648 6.6195 6.3402 12.3077 6.3816 4.7656 6.6371 7.1749 12.8758 6.7272 14.1480 6.8163 8.1181 7.0322 6.1689 5.8352 7.2944 8.8295 7.3738 7.1453 8.2051 7.9742 7.7161 7.2210 8.0380 6.5342 9.0835 6.8079 9.5385 11.4417 8.0558 9.0949 9.4853 9.9594 5.7156 9.1575 8.4903 6.7581 9.5649 6.5043 6.7902 7.7687 6.0539 6.0988 6.0541 6.9603 18.3090 21.6508 9.0628 20.5725 15.2772 8.1521 14.7833 11.9234 14.3462 9.0148 15.6492 10.8747 15.0075 18.1011 15.6235 16.2509 18.7112 15.3805 9.1822 14.9978 15.7886 15.1792 8.9229 18.5228 17.5135 13.5893 13.5220 14.8620 20.9736 12.4409
4.1230 2.0418 3.1899 3.8888 2.2874 3.3886 2.8538 1.9285 3.6657 3.0192 3.9602 2.0422 1.9785 6.9281 2.1907 3.6504 4.2650 3.6586 3.4637 2.0245 3.0066 6.3918 0.0000 3.4677 3.1690 4.0775 4.3967 3.3463 4.1099 1.9165 16.4929 17.2305 14.0219 16.7131 18.8259 13.5347 17.8911 24.1311 21.1091 18.5697 14.8795 19.6423 20.0401 19.9312 19.0706 19.0612 19.0154 18.4436 20.1161 19.2031 18.1636 19.4531 19.4061 15.6707 19.5108 9.7273 10.9214 13.3516 18.0378 15.0810 13.0828 6.5024 7.3339 11.1330 6.5560 13.5061 2.0279 10.0046 13.9038 10.8282 4.3492 6.1074 12.4764 5.1110 5.4770 7.2045 8.4324 13.1555 6.8157 6.0856 1.9652 6.8139 13.7935 4.7125 15.4055 3.7025 9.0580 7.5682 7.0565 5.2934 5.8535 10.6070 9.8471 3.7345 5.9646 9.7906 4.9521 8.6586 5.6852 5.3187 11.1870 3.8248 11.2679 12.8548 9.6590 6.4598 10.0883 11.3486 6.0592 6.4076 5.4422 3.7139 11.2675 3.0174 3.6058 5.8847 2.1031 1.9104 1.9978 4.1115 19.3779 22.5265 10.8073 21.5345 16.3632 9.5159 16.0165 13.2134 15.4615 10.0845 16.7319 12.0248 16.1489 19.1462 16.7601 17.3971 19.7791 16.5089 10.0492 16.2514 16.8612 16.3482 10.7010 19.5139 18.5690 14.8157 14.6463 16.0431 21.8974 13.5536
4.7303 2.7216 1.4006 2.8101 3.5082 4.4025 2.9010 2.7692 3.9967 4.0138 1.8046 3.1665 3.1894 7.5957 3.6837 2.2459 4.7317 1.2207 0.2366 3.0228 3.3553 6.9875 3.4677 0.0000 1.2847 3.8054 6.2333 3.5992 4.1235 2.9062 17.1048 17.7983 14.7600 17.3283 19.3683 14.2574 18.4324 24.5550 21.5898 19.1246 15.4945 20.1632 20.5468 20.4403 19.5968 19.6150 19.5722 18.9967 20.5010 19.7333 18.7348 19.9832 19.9515 16.2747 20.0462 10.6401 11.7477 14.0342 18.5805 15.7400 13.5236 6.9059 7.8362 11.7384 7.5702 14.0059 3.0842 10.3873 14.2140 11.1946 5.1871 6.6196 13.2679 6.4919 5.8979 8.2520 8.7692 13.8854 7.7247 7.0906 4.1898 7.8537 14.3780 6.0042 16.0239 4.4806 9.4617 8.4599 7.5949 5.8865 7.1852 11.0217 10.3266 5.3829 6.7493 10.2356 6.0829 9.0196 6.3322 5.9594 11.6244 4.9085 11.8268 13.3794 10.0813 7.7740 10.8771 12.1208 6.5404 7.8414 7.0128 4.8184 12.1601 3.8023 4.3912 6.5926 3.6301 2.9337 3.3183 5.2176 19.9221 22.9861 11.6315 22.0150 16.9893 10.4761 16.6509 13.9511 16.1138 10.9733 17.3052 12.7874 16.7313 19.6429 17.3705 17.9848 20.3189 17.0697 10.8471 16.8879 17.4743 16.9603 11.5579 20.0404 19.1018 15.4162 15.1848 16.6491 22.3832 14.3223
4.5246 2.4467 0.3045 2.2621 3.2390 4.1763 2.6295 2.4353 3.7431 3.7362 2.1536 2.8560 2.8350 7.4551 3.4178 1.7640 4.5500 1.7040 1.2475 2.6521 3.1092 6.8433 3.1690 1.2847 0.0000 3.5655 6.0671 3.3027 3.9391 2.5700 17.0433 17.7385 14.6889 17.2686 19.3153 14.1850 18.3756 24.5123 21.5405 19.0696 15.4270 20.1107 20.4953 20.3886 19.5417 19.5606 19.5180 18.9420 20.4494 19.6803 18.6795 19.9308 19.8979 16.2112 19.9934 10.5402 11.6631 13.9624 18.5260 15.6740 13.4516 6.7798 7.7154 11.6505 7.4350 13.9400 2.8159 10.2903 14.1392 11.1031 4.9892 6.4769 13.1903 6.3263 5.7165 8.1295 8.6620 13.8097 7.5973 6.9435 3.9545 7.7261 14.3079 5.8442 15.9593 4.2702 9.3551 8.3435 7.4648 5.7340 7.0317 10.9276 10.2263 5.1841 6.5889 10.1349 5.9088 8.9077 6.1644 5.7884 11.5316 4.6939 11.7429 13.3016 9.9786 7.6375 10.7804 12.0374 6.3916 7.7036 6.8607 4.5955 12.0714 3.5244 4.1642 6.4420 3.3239 2.6028 3.0318 5.0141 19.8691 22.9402 11.5406 21.9662 16.9266 10.3752 16.5883 13.8740 16.0479 10.8804 17.2437 12.7085 16.6676 19.5893 17.3103 17.9259 20.2668 17.0078 10.7530 16.8248 17.4132 16.8985 11.4683 19.9866 19.0461 15.3511 15.1182 16.5877 22.3359 14.2482
5.0993 3.5411 3.5900 4.2286 4.0348 4.8138 3.8174 3.5881 1.4950 4.5036 4.2510 3.7544 3.8136 7.7956 4.1429 4.0292 5.2444 3.9679 3.7945 3.7557 4.1373 5.1222 4.0775 3.8054 3.5655 0.0000 5.5385 4.2437 4.8303 3.6389 16.3611 17.0749 13.8595 16.5838 18.6737 13.5296 17.7112 23.9875 20.9899 18.4213 14.7177 19.5002 19.8739 19.7765 18.9789 18.9427 18.8832 18.2876 19.8671 19.0553 18.0379 19.3217 19.2946 15.4553 19.3727 9.8540 10.8660 13.1257 17.8818 14.9201 12.6173 5.5026 6.9397 10.8230 7.7753 13.2819 3.7601 9.2649 13.3897 10.2596 5.5169 5.6838 12.4173 5.5865 5.0928 7.2144 7.4755 13.1379 6.7196 5.7153 4.6664 6.9488 13.6442 5.1918 15.2279 4.9505 8.4479 7.3497 6.4766 4.9491 6.8441 10.0176 9.1153 5.6597 6.9638 9.2482 6.3259 8.1653 6.6313 4.8618 10.5754 5.2327 10.7908 12.4617 9.0922 7.9653 10.0790 11.1763 5.1626 8.0446 7.2543 5.1441 11.1088 4.3715 4.8417 6.4092 4.0600 3.6367 3.8801 5.4852 19.2314 22.4030 10.5165 21.4007 16.2522 9.3978 15.8351 13.0702 15.3405 9.9471 16.5644 11.9060 15.9544 18.9665 16.6105 17.2352 19.6437 16.3079 9.9210 16.0923 16.7612 16.1783 10.4361 19.3947 18.4044 14.5631 14.3534 15.8743 21.7827 13.4886
5.2929 5.2755 6.0877 5.7779 5.2397 4.3709 5.8528 5.1974 5.0732 4.4266 6.5806 5.2627 5.1465 7.3034 5.1071 6.3897 6.4328 6.3318 6.2258 5.1772 5.7551 6.5113 4.3967 6.2333 6.0671 5.5385 0.0000 4.9994 6.5462 5.1768 15.6680 16.4471 13.0170 15.8906 18.0665 12.5819 17.1285 23.5341 20.4649 17.7977 14.0226 18.9083 19.3707 19.2168 18.3798 18.3056 18.2366 17.6677 19.5694 18.4654 17.3882 18.7091 18.6621 14.8674 18.7645 8.4909 9.8487 12.6247 17.3110 14.1809 12.5156 5.7915 6.3936 10.5371 6.8785 13.4159 5.1644 9.3837 13.4566 10.6664 5.5169 6.5260 11.4480 5.0076 6.0107 6.2648 8.0156 12.2971 5.7992 5.9318 4.7067 5.9819 13.0947 4.0475 14.6769 4.9394 8.6844 6.2605 6.6208 4.3179 4.6003 10.0574 9.0136 4.2169 6.3604 9.9547 5.5170 8.2744 6.3613 5.5025 10.4693 4.4120 11.1714 12.1591 8.9737 6.2685 8.9991 10.3155 6.4491 6.0377 5.1752 4.3912 9.9931 4.4452 4.9466 5.9824 5.1072 5.1760 5.1155 4.5602 18.6116 21.8841 9.6937 20.8699 15.5235 8.1377 15.1571 12.2066 14.5707 8.9297 15.9316 11.0986 15.3960 18.4401 15.9239 16.6412 19.0071 15.7441 8.9771 15.3483 16.0513 15.5299 9.6565 18.7869 17.8198 14.0271 13.9655 15.3223 21.2139 12.5650
1.7695 2.7941 3.2580 2.6208 3.2117 2.2760 2.7504 2.8262 4.0821 2.1717 3.8028 2.6609 2.9482 6.4441 3.3330 3.4765 4.7519 3.8241 3.6197 3.0476 3.4539 6.8546 3.3463 3.5992 3.3027 4.2437 4.9994 0.0000 4.0349 2.8678 16.6165 17.3207 14.1949 16.8566 18.9314 13.6574 17.9757 24.2079 21.2032 18.6677 14.9541 19.7462 20.1479 20.0177 19.1780 19.1836 19.1413 18.5513 20.0888 19.3068 18.3000 19.5569 19.5252 15.7847 19.6205 9.8405 11.0995 13.5906 18.1516 15.2171 13.0002 6.0295 6.9050 11.1603 6.4875 13.9244 3.0315 9.6817 13.6843 10.6161 3.8498 6.5378 12.6446 6.2714 5.8079 7.5958 8.1905 13.3061 6.8687 6.9836 4.0142 7.1298 13.8988 4.9867 15.5991 3.0486 8.7052 7.5703 6.8671 4.6631 6.1184 10.3801 9.5152 3.7172 5.3730 10.1042 4.5838 8.3845 5.1846 4.9846 10.8748 2.8774 11.7310 12.8305 9.2817 6.6144 10.1190 11.4105 6.4443 6.7796 5.8705 2.7114 11.4400 1.8218 2.7169 5.4585 3.2176 2.8014 3.0661 3.1688 19.4909 22.6158 10.9395 21.6241 16.4989 9.6556 16.1565 13.3636 15.5854 10.2355 16.8226 12.1904 16.2426 19.2109 16.9099 17.5460 19.8869 16.5860 10.1427 16.3800 17.0036 16.4690 10.9505 19.6092 18.6512 14.9217 14.6721 16.1984 21.9952 13.7405
4.2777 3.6177 3.8673 4.5504 3.6430 4.7889 2.9492 3.6908 4.6963 4.5372 3.8417 3.4406 3.7961 6.3553 4.1138 3.5687 3.3659 4.0299 4.1763 3.9300 2.0205 7.2945 4.1099 4.1235 3.9391 4.8303 6.5462 4.0349 0.0000 3.7686 16.5939 17.3066 14.1219 16.8321 18.9138 13.6797 17.9612 24.1764 21.1611 18.6372 14.9468 19.7064 20.1075 19.9965 19.1325 19.1488 19.1403 18.5067 20.1100 19.2866 18.2632 19.5282 19.4728 15.7406 19.5695 9.7730 11.0363 13.5865 18.1170 15.2138 12.9225 6.3296 6.7770 11.0353 6.3831 13.5642 3.8463 9.6364 13.5981 10.5134 3.7749 5.9600 12.6115 5.7301 5.3608 7.2527 8.1242 13.2523 6.8155 6.4526 3.4602 6.9914 13.9391 5.5787 15.5242 3.6339 8.5870 7.4874 6.7501 5.1114 6.6523 10.2749 9.6130 4.5891 5.3738 9.4507 4.6522 9.2745 5.0011 4.6515 10.9195 5.2427 11.2987 12.8110 9.2895 6.4925 10.3275 11.4924 5.4931 6.6590 5.8541 5.1097 11.5626 4.4451 3.5872 5.1721 4.0522 3.6647 3.9110 5.2868 19.4572 22.5904 10.9357 21.5815 16.4804 9.7191 16.1104 13.4269 15.5719 10.2117 16.7685 12.1033 16.2059 19.1686 16.9011 17.4518 19.8521 16.5696 10.1392 16.3424 17.0011 16.4192 10.9680 19.5864 18.6127 14.8504 14.6217 16.1057 21.9617 13.6925
3.7926 0.8468 2.6190 3.4405 1.3030 2.8086 2.3254 0.2805 3.1733 2.3478 3.5618 1.0014 0.5606 6.6608 1.0853 3.2400 3.8186 3.1210 2.8960 0.5535 2.3783 6.0912 1.9165 2.9062 2.5700 3.6389 5.1768 2.8678 3.7686 0.0000 16.7032 17.4128 14.2901 16.9353 19.0061 13.7644 18.0551 24.2714 21.2737 18.7566 15.0532 19.8220 20.2112 20.1007 19.2538 19.2605 19.2204 18.6275 20.1734 19.3848 18.3726 19.6355 19.6043 15.8643 19.6968 9.9827 11.1891 13.5947 18.2227 15.2968 13.0589 6.2322 7.0812 11.2519 6.6503 13.5861 0.7398 9.8256 13.7762 10.6576 3.9185 5.8003 12.7614 5.4751 5.1492 7.4771 8.2198 13.4180 6.9738 6.3745 2.7432 7.1127 13.9473 5.1852 15.6115 3.1736 8.8594 7.7514 6.7963 4.9486 6.3021 10.4331 9.6636 3.9531 5.6533 9.6036 4.8902 8.4457 5.3491 4.9833 11.0222 3.3133 11.3026 12.8851 9.4750 6.8707 10.2789 11.5564 5.7667 6.9564 6.0418 3.1915 11.5828 2.3413 3.0750 5.5685 0.9055 0.3515 0.5822 3.6403 19.5690 22.6837 11.0406 21.7006 16.5843 9.8135 16.2259 13.4785 15.6775 10.3443 16.9093 12.2768 16.3236 19.2849 16.9767 17.6074 19.9721 16.6657 10.2408 16.4738 17.0817 16.5528 10.9639 19.6979 18.7341 14.9929 14.7621 16.2552 22.0691 13.8323
16.6699 16.7309 17.0528 16.9304 16.6254 16.3870 16.9454 16.7144 16.1723 16.4301 17.2487 16.7233 16.6953 15.5817 16.6608 17.1683 16.2066 17.0465 17.1031 16.7111 16.4667 15.4196 16.4929 17.1048 17.0433 16.3611 15.6680 16.6165 16.5939 16.7032 0.0000 6.0684 10.0798 4.5774 4.8597 7.9162 4.9776 14.0819 10.8284 6.5581 5.0454 5.6974 7.4322 10.3086 9.7315 5.1810 5.8171 5.3251 11.8569 5.4473 5.8847 6.0161 6.4366 4.7406 6.1974 11.8488 10.8449 8.2715 4.8255 4.9073 10.3675 14.2251 14.8027 11.5989 15.4260 11.1334 16.6876 12.6431 9.5116 12.7614 15.8762 14.7225 9.0366 14.9515 15.1716 13.6854 13.4335 9.3985 14.0714 14.6091 16.2458 13.7204 10.2141 15.3093 6.9635 16.0840 12.8196 13.3526 13.6797 15.5196 14.6063 12.6877 13.1511 15.9517 15.7514 12.4544 15.7102 13.7595 15.7777 15.5913 12.5919 16.3724 11.3912 8.1643 12.8756 15.1795 11.6995 11.8901 15.1936 15.3974 15.3876 16.3731 11.9002 16.4391 16.2322 15.6807 16.6616 16.7003 16.6726 16.3436 6.4414 12.3386 11.8144 10.3880 5.3784 12.0736 7.3752 7.5373 6.3645 10.8977 4.1979 11.2256 5.4130 5.8977 5.1798 5.8680 6.8542 4.1905 10.7958 5.3034 6.3452 5.0408 11.2361 6.4060 5.9809 6.3356 6.1617 5.6419 11.7466 9.0005
17.3668 17.4385 17.7468 17.6279 17.3378 17.1030 17.6403 17.4231 16.8990 17.1481 17.9334 17.4291 17.4039 16.1240 17.3717 17.8556 16.9021 17.7432 17.7968 17.4204 17.1898 16.1248 17.2305 17.7983 17.7385 17.0749 16.4471 17.3207 17.3066 17.4128 6.0684 0.0000 10.8327 4.5258 7.4909 8.8148 5.8754 14.1595 9.8609 3.7724 7.3339 6.1412 5.0918 8.8957 9.0426 5.5446 4.2717 4.2264 10.7722 5.8831 4.2174 5.4580 4.8131 4.7496 4.6560 12.7230 11.3531 8.6315 4.9568 5.8962 10.6410 14.9813 15.5882 12.1166 15.9889 12.1406 17.3977 13.4580 10.3705 13.6266 16.5989 15.4720 9.5859 15.7290 15.9013 14.4241 14.2534 10.0921 14.8281 15.3797 16.9996 14.4872 11.4066 16.0896 7.6110 16.8116 13.4283 14.1727 14.5714 16.2670 15.3313 13.4358 13.7213 16.7018 16.4585 13.4707 16.4460 14.4527 16.4835 16.3154 13.3806 17.0890 11.7695 9.1840 13.6075 15.8326 12.1371 12.2594 15.8961 16.1309 16.1447 17.0894 12.8037 17.1554 16.9613 16.3905 17.3727 17.4090 17.3832 17.0617 6.9400 12.6710 12.6415 10.7784 4.0822 12.8938 6.2051 8.1121 7.4069 11.7929 6.7458 11.6529 6.1776 6.6734 6.2129 5.5571 4.3598 5.9383 11.6349 6.2162 4.4664 6.1453 12.1779 7.0094 4.3691 6.2148 5.6328 4.7553 10.9524 9.4865
14.2570 14.3221 14.6995 14.5632 14.1957 13.9299 14.5707 14.3029 13.6366 13.9805 14.9250 14.3119 14.2800 12.7857 14.2398 14.8323 13.5887 14.6887 14.7582 14.2994 13.9907 12.6072 14.0219 14.7600 14.6889 13.8595 13.0170 14.1949 14.1219 14.2901 10.0798 10.8327 0.0000 10.2232 12.1692 7.8461 11.5833 18.9180 15.2309 11.3835 9.3778 13.1082 13.5794 13.6800 13.5543 12.6795 12.1390 11.5898 15.7537 13.1263 11.4843 13.2314 12.5290 8.7785 12.3506 7.0398 5.8734 10.0336 11.4775 8.4218 10.7846 11.1036 11.8142 10.3171 12.5935 12.8527 14.2718 8.4828 10.2954 11.8875 13.2341 11.7051 4.8437 12.0773 12.3897 10.2029 9.8074 4.5252 10.8543 11.6146 13.7204 10.3860 11.3752 12.8260 9.8702 13.5330 9.9413 9.6355 10.3000 12.8409 11.5575 8.4540 9.3685 13.3790 13.0349 9.8054 13.0275 12.5906 13.0590 12.8524 8.2697 13.9164 11.1089 10.1632 8.9129 12.2244 11.8681 6.9907 12.2754 12.4541 12.5165 13.9161 6.9624 13.9896 13.7321 12.9499 14.2410 14.2863 14.2537 13.8837 12.1385 17.4568 6.8159 15.8143 10.0328 7.4896 8.2297 8.3098 7.5815 7.5330 10.3004 8.3979 10.0929 13.6460 10.5035 9.6938 13.1892 10.8594 8.8158 8.5000 10.7725 9.3172 5.4816 13.5298 12.1024 8.6298 9.4406 8.2756 16.1166 7.8847
16.9104 16.9613 17.2774 17.1654 16.8577 16.6377 17.1687 16.9454 16.4037 16.6796 17.4670 16.9531 16.9266 15.9522 16.8943 17.3891 16.4646 17.2711 17.3270 16.9430 16.7042 15.5862 16.7131 17.3283 17.2686 16.5838 15.8906 16.8566 16.8321 16.9353 4.5774 4.5258 10.2232 0.0000 5.9221 7.5413 6.1243 14.5585 10.2730 5.3610 5.2017 6.9738 6.2140 9.5606 9.3986 6.2619 4.1775 3.7535 11.4906 6.8906 4.7565 6.7233 5.4177 3.8261 5.2448 12.2492 11.0021 6.9224 5.5897 3.8816 9.6782 14.3938 15.1892 11.2597 15.7998 10.7700 16.9201 12.8169 9.4694 12.9896 16.1623 14.8688 8.9109 15.1849 15.4268 13.8658 13.5846 9.5551 14.3372 14.8132 16.4725 13.9733 9.9716 15.5063 5.2977 16.3407 12.9757 13.5784 13.9744 15.7795 14.8159 12.8557 13.3539 16.2039 16.0822 12.6012 16.0228 13.8151 16.0969 15.8625 12.7408 16.6282 10.7618 7.6411 13.0853 15.5071 11.4408 11.8663 15.4278 15.6797 15.6566 16.6276 11.9189 16.6859 16.4823 15.9904 16.8956 16.9318 16.9053 16.6004 5.2735 12.9747 11.8338 10.9062 4.5925 12.2193 6.8443 6.6541 6.0174 11.0339 5.3420 10.9171 4.4238 7.4516 3.4704 3.9631 5.5773 5.8556 10.7782 4.0814 4.7788 3.9577 11.3675 7.6804 4.9776 4.7536 5.8550 5.1421 11.1342 8.7036
18.9719 19.0283 19.3242 19.2212 18.9334 18.7127 19.2247 19.0161 18.5011 18.7587 19.4975 19.0226 18.9983 17.8428 18.9620 19.4275 18.5381 19.3165 19.3668 19.0136 18.8017 17.7132 18.8259 19.3683 19.3153 18.6737 18.0665 18.9314 18.9138 19.0061 4.8597 7.4909 12.1692 5.9221 0.0000 9.2796 6.1469 13.7020 10.9645 7.4028 6.1332 5.5131 7.3386 10.9756 10.4852 6.1908 5.9137 5.3903 12.6596 5.7204 6.6446 6.3216 6.4640 6.5826 6.1184 14.4130 13.2115 10.1870 5.8938 6.1038 12.1402 16.6754 17.2541 13.7194 17.7115 12.8702 18.9878 15.1145 10.8219 14.4915 18.2557 17.1192 11.2508 17.4008 17.5755 16.1524 15.9162 11.0937 16.5691 17.0398 18.6100 16.2484 11.7156 17.7377 8.4809 18.4469 15.1959 15.8747 16.2343 17.9229 17.0379 15.0886 15.4605 18.3291 18.1203 14.8285 18.1065 15.9846 18.1492 17.9790 14.9755 18.6945 13.3070 10.0611 15.3103 17.5396 13.8699 13.9841 17.5423 17.7826 17.8013 18.6967 14.4009 18.7660 18.5866 18.0623 18.9646 19.0025 18.9755 18.6685 4.2713 12.3130 14.3059 9.9341 7.0631 14.6222 9.0051 9.4208 7.0816 13.4062 4.2596 13.3257 5.6392 6.2703 5.2185 5.7707 7.3516 5.9881 13.2780 5.9086 8.5058 5.4048 13.7264 6.1056 7.0050 7.7980 8.2535 7.5942 11.5291 10.4031
