0.0000 7.2682 8.5588 7.4267 6.0038 7.5477 7.0409 6.0720 7.6948 4.3439 11.2098 4.8705 4.5151 14.1788 11.7642 7.9433 6.2489 4.9671 7.1127 5.2694 9.4065 12.4864 9.3596 9.3903 7.0312 8.6975 12.1109 3.7081 4.7579 10.0467 48.9411 38.9945 45.1147 44.5795 46.2222 42.3021 47.6218 53.4036 47.8062 44.0526 43.1001 43.1455 52.4137 49.6044 47.0669 50.5223 48.6934 48.8809 44.1496 51.5746 47.7250 52.6577 49.4629 43.3534 45.8125 35.2796 41.1699 37.0619 53.2276 43.2163 27.0816 26.6545 25.2157 29.7434 19.0137 32.0724 17.0215 25.1069 24.3812 22.7842 17.8746 21.3719 33.6996 23.8403 21.4111 26.8104 21.7719 31.3780 21.8174 18.0876 13.9546 24.5927 32.9814 17.3972 36.7071 16.2441 21.4833 25.1197 24.4592 18.2844 18.9278 18.8012 17.2363 14.9658 13.8808 20.8915 17.4180 22.5967 7.4013 17.6953 26.7446 17.3168 23.6939 32.0609 25.4594 21.7438 24.4378 26.4170 14.2414 15.8449 16.9796 12.8255 22.2321 10.3066 11.0106 17.8135 10.0059 13.2116 12.0420 19.6357 46.8870 52.8917 34.9587 57.3610 41.1805 34.6767 41.9918 40.6258 45.8932 34.0668 44.6441 41.7983 45.5658 50.1594 45.8434 45.9339 46.8568 44.4258 34.4469 39.0315 45.3223 48.6714 35.1024 45.9566 49.0540 44.0484 44.2897 47.6103 49.0925 38.5636
7.2682 0.0000 5.2788 6.7548 4.6111 7.7410 3.9392 3.9286 8.0089 4.9613 8.4297 7.3177 6.3181 14.0659 8.4837 7.8460 7.0839 4.3147 4.3258 5.2410 7.4459 10.9488 8.7494 6.3314 3.5351 8.0336 11.3375 4.4910 3.7970 8.4208 49.5394 39.4218 45.4867 45.0093 46.5560 42.5259 47.9520 54.0027 48.3530 44.2030 43.3005 43.3459 53.0128 50.1456 47.6231 51.2089 49.4079 49.2671 44.4525 52.1736 47.9254 53.2567 50.0661 43.5737 46.1792 35.1588 41.3664 37.5882 53.8267 43.5869 29.0025 27.7158 25.8887 31.3727 20.2489 32.7450 13.8606 25.9074 25.0856 23.2014 17.8200 21.6777 34.2070 23.9695 20.9962 27.6273 22.6529 32.0029 21.8176 17.9139 13.3576 24.8258 33.8127 18.2530 37.6056 15.9073 24.3263 26.0158 25.0855 18.0239 19.7834 19.3648 17.3013 14.2420 13.2921 20.3134 17.1557 22.4699 6.4337 17.6531 27.1834 16.9304 23.2242 32.6964 25.6169 21.4101 25.0017 26.9870 11.7096 15.3666 16.6647 11.6827 22.4047 8.2345 9.1647 16.5800 7.9239 9.9394 8.5879 19.0108 47.4860 53.4612 35.1876 57.9600 41.6677 34.6361 42.3579 40.9919 46.2593 34.3254 45.2432 41.9542 46.1649 50.7584 46.2612 46.3434 47.3887 44.9594 34.6093 39.3976 45.9213 49.2705 35.2674 46.4584 49.5192 44.5724 44.8201 48.2093 49.6916 38.9079
8.5588 5.2788 0.0000 7.7552 7.5297 9.0600 4.4227 6.3421 9.3110 5.6510 8.1711 8.1964 6.2806 15.0344 8.3376 7.1208 6.5832 4.6862 1.9944 3.8128 8.6257 11.3078 9.2846 6.2921 3.7189 7.3477 12.4341 5.5762 4.2492 9.5041 49.6803 40.1408 46.1092 45.6332 46.8059 43.5460 48.2139 53.9146 48.6430 45.0008 43.9332 44.0715 52.9687 50.2532 48.1387 51.6310 49.8263 49.8473 45.0532 52.2269 48.6606 53.1417 50.3432 44.3216 47.0009 36.1831 41.8034 37.9406 54.0135 44.0810 29.3831 27.9449 26.0789 31.8599 20.6833 32.7496 14.1378 26.4312 24.8800 23.0480 18.3632 22.2157 34.0204 23.8845 21.0403 28.1727 22.8663 31.7379 21.8616 17.7133 13.1815 25.1423 33.7074 18.5426 37.8852 15.6024 24.8474 26.7560 25.6123 18.0530 20.6704 20.1724 18.6458 15.1973 14.4331 20.6405 18.3164 22.7602 8.3260 18.0889 27.6328 17.7791 23.2379 32.8566 25.9381 21.7285 25.1879 27.2123 12.3169 16.6625 17.3958 12.6329 22.6951 9.0044 10.2063 16.8168 6.9931 10.6814 9.2296 20.3436 47.3611 53.3912 35.2022 57.8227 41.5935 34.7813 42.3726 40.9908 46.2544 34.3697 45.1228 42.0422 46.0276 50.6339 46.2046 46.2951 47.2730 44.8221 34.7147 39.4086 45.7840 49.1332 35.5017 46.3211 49.4152 44.4873 44.6828 48.0898 49.6214 38.8891
7.4267 6.7548 7.7552 0.0000 7.6324 10.1731 5.9842 7.5138 10.5033 6.8925 8.9903 9.5719 6.5716 17.5055 12.8795 5.9385 10.1280 8.1743 7.0069 6.2585 12.0772 13.9439 11.2889 11.6686 6.2178 11.1173 14.4118 5.6200 7.6847 12.0317 52.5758 42.3636 48.6450 48.0251 49.5924 45.6103 50.9884 57.0390 51.3894 47.2874 46.3123 46.3084 56.0491 53.1820 50.6389 54.2247 52.4236 52.2828 47.4889 55.2100 50.8879 56.2931 53.0984 46.5163 49.1210 38.3857 44.5453 40.6246 56.8631 46.6232 31.1855 30.2604 28.6585 33.6755 22.5014 35.3862 18.0904 28.6260 27.8240 26.2077 21.2331 24.1544 37.1610 27.1183 24.2334 30.1086 25.3670 34.6918 25.0547 20.4960 15.9519 27.9747 36.4851 20.8177 40.2108 18.9696 26.5123 28.7317 27.9699 20.9954 22.7989 22.3803 20.6044 17.9727 16.8803 23.4191 20.7439 25.7730 9.6681 21.1170 30.3441 20.6612 26.4055 35.7145 28.9403 25.0190 28.0405 30.1477 15.6536 18.9216 20.2529 15.4134 25.7130 11.4417 12.8955 20.0463 11.2323 14.3098 13.2312 22.6866 50.5224 56.4433 38.3886 60.9964 44.7065 38.0458 45.4826 44.1166 49.3840 37.5067 48.2796 45.2214 49.2012 53.7948 49.3342 49.4247 50.4251 47.9958 37.8441 42.5223 48.9577 52.3069 38.4995 49.4948 52.5556 47.6088 47.8565 51.2457 52.7280 42.0868
6.0038 4.6111 7.5297 7.6324 0.0000 5.1687 7.2907 1.3533 6.7547 4.0288 11.9961 4.1847 6.1447 12.4693 6.3200 8.5188 4.0855 5.1877 5.6935 5.2083 5.7994 7.9169 6.0648 6.0736 4.0309 7.3559 9.3084 5.3831 4.0585 6.6987 46.7739 37.1584 43.3525 42.6642 44.1015 40.5399 45.5011 51.1625 45.6740 42.2170 40.9642 41.0096 50.1726 47.4599 45.1697 48.6620 46.8573 46.8783 42.0842 49.3951 45.6043 50.4166 47.3742 41.3103 43.9158 33.4502 39.0768 34.9715 51.0888 41.1567 24.8835 24.0450 22.8233 27.7956 16.9929 29.3457 12.6509 22.7252 21.9815 20.4654 15.9192 18.6173 31.4571 21.5464 18.7566 24.5204 19.6192 28.9925 19.5058 14.4715 10.1868 22.2749 30.5070 15.3412 34.2914 13.6224 20.4319 23.2282 22.2987 15.4200 17.2589 17.0426 15.5108 13.1854 12.1001 17.8651 15.8077 20.3539 5.7463 15.8100 24.8852 15.8807 20.7267 30.0257 23.5010 19.8773 22.2698 24.5937 10.4288 14.2930 15.3195 10.7946 20.2888 8.3410 8.0472 14.8192 9.3435 8.7925 7.9874 18.1996 44.6674 50.6231 32.8678 55.1199 39.0160 32.6593 39.8259 38.4441 43.6985 31.9763 42.4676 39.7078 43.3247 47.9182 43.6487 43.7392 44.6924 42.2312 32.3564 36.8619 43.1107 46.4371 33.0301 43.7620 46.8594 41.8839 42.0951 45.3692 46.8514 36.4731
7.5477 7.7410 9.0600 10.1731 5.1687 0.0000 10.6409 5.6282 8.2955 4.6358 14.8265 6.1623 9.9318 7.8793 6.1330 12.9888 5.4651 7.4992 7.6342 7.4418 5.3530 7.9298 2.3553 5.2896 7.6935 8.6131 7.4364 7.5573 7.1756 3.9684 43.2950 33.5128 39.5403 39.0186 40.4836 36.9388 41.9031 47.5485 42.1601 38.4048 37.4540 37.5540 46.6579 43.7551 41.5242 45.0164 43.2117 43.2348 38.5035 45.9162 42.1278 46.8026 43.7869 37.7113 40.3480 29.6216 35.4312 31.4158 47.4633 37.5702 21.3246 20.8429 19.1278 23.7293 12.9258 25.9336 9.5626 18.9705 18.2932 16.6769 11.5976 14.4303 27.6926 17.5672 14.7229 20.6299 15.9105 25.2481 15.5443 11.2635 7.0981 18.4121 26.9884 11.3237 30.7119 9.3435 16.5857 19.0254 18.3799 11.4577 13.0677 12.8313 11.9374 8.6541 8.2233 13.9892 11.4837 16.2281 3.9845 11.5805 21.0610 11.3900 16.9342 26.2332 19.4741 15.4523 18.7459 20.6345 9.6994 10.1895 10.9811 7.0200 16.2099 8.0928 5.3515 10.6119 10.2191 8.5215 6.8255 13.8311 41.0415 47.0367 28.9362 51.5059 35.2670 28.5611 36.0610 34.6792 39.9456 28.1098 38.8031 35.7763 39.7107 44.3043 39.8958 39.9863 40.9534 38.5053 28.4249 33.0970 39.4672 42.8164 29.0803 40.0090 43.1064 38.1677 38.3660 41.7552 43.2375 32.6152
7.0409 3.9392 4.4227 5.9842 7.2907 10.6409 0.0000 7.2339 9.5076 7.1960 5.8314 8.5053 4.5997 17.0427 11.9904 4.8741 8.3977 5.1478 4.0115 4.0344 10.0052 14.3883 11.6170 8.7860 4.5245 9.3858 14.0194 4.6582 4.3136 10.8970 52.7936 42.5342 48.5485 48.1158 49.8360 45.6237 51.2061 57.2568 51.6072 47.3251 46.5907 46.6361 56.2669 53.3997 50.7115 54.2853 52.4843 52.4609 47.7066 55.4278 51.2156 56.5109 53.3161 46.8440 49.3031 38.3342 44.6060 40.8424 57.0808 46.8410 31.9504 31.1928 29.3805 34.3070 23.2959 36.2368 17.1829 28.9322 28.5922 26.6386 21.0303 24.5517 37.6903 27.4230 24.5508 30.8356 26.1447 35.5229 25.3721 21.4206 16.8643 28.2484 37.2682 21.6437 40.7988 19.3991 27.0964 28.9180 28.1586 21.5321 22.3525 22.1110 20.4372 17.3191 16.3442 23.4906 20.1404 25.5659 8.7925 20.8634 30.2903 19.9005 26.4421 35.8457 28.8082 24.5996 28.2226 30.0318 14.7899 18.3952 19.7847 14.8402 25.5894 10.8382 12.2755 19.7925 8.9321 13.0873 11.6700 22.0170 50.7402 56.8619 38.4929 61.2142 44.9214 37.9930 45.7440 44.3781 49.6454 37.5327 48.4973 45.3257 49.4190 54.0126 49.5956 49.6861 50.6429 48.2136 37.9355 42.7837 49.1754 52.5246 38.5986 49.7126 52.8063 47.8265 48.0742 51.4635 52.9457 42.1474
6.0720 3.9286 6.3421 7.5138 1.3533 5.6282 7.2339 0.0000 6.5172 3.4685 11.7588 4.4250 5.9821 12.5901 6.0139 8.7935 4.1453 4.8611 5.1812 4.9188 6.0796 7.8065 6.5122 5.9451 3.7560 7.0053 9.6849 4.9249 3.7902 7.1672 46.7738 37.2209 43.3628 42.7267 43.9265 40.5502 45.3143 51.1892 45.7364 42.2273 41.0267 41.0721 50.1571 47.4702 45.2322 48.7245 46.9197 46.9408 42.1467 49.3274 45.6668 50.4163 47.4448 41.3728 43.9783 33.4083 39.0570 35.0340 51.2035 41.1745 25.6512 24.2460 22.8457 28.4831 17.3885 29.3438 12.2829 23.2510 21.9363 20.3543 16.0305 19.1355 31.3443 21.3292 18.5395 24.9451 19.6621 28.8186 19.2797 14.3686 9.9850 22.1837 30.5219 15.3693 34.7166 13.3962 21.1657 23.8076 22.7451 15.2028 17.8632 17.4383 15.3849 12.9658 11.9733 17.9471 15.8066 20.3837 5.3998 15.7876 24.9150 15.7017 20.7013 30.1599 23.5308 19.6829 22.3523 24.6757 9.8486 14.1513 15.1583 10.4958 20.3186 7.6319 7.8682 14.6276 8.1625 8.5494 7.2315 18.0206 44.6714 50.5399 32.6998 55.1044 38.9003 32.4391 39.7101 38.3283 43.5632 31.8083 42.4331 39.5398 43.3092 47.9085 43.5134 43.6039 44.5833 42.1212 32.2053 36.7461 43.0656 46.4411 32.9923 43.6462 46.7241 41.7976 41.9644 45.3644 46.9046 36.3596
7.6948 8.0089 9.3110 10.5033 6.7547 8.2955 9.5076 6.5172 0.0000 5.9148 13.6431 6.6079 8.2868 16.0429 10.7641 11.3068 6.4300 6.2463 7.6378 6.5478 9.1152 5.7026 9.4560 8.4215 8.1602 2.6410 6.6273 6.9434 6.4076 9.6456 44.6306 34.7945 40.8079 40.3003 41.7755 37.9958 43.1788 49.0939 43.4443 39.6725 38.7297 38.7751 48.1040 45.2368 42.8058 46.2981 44.4933 44.5144 39.7791 47.2648 43.3546 48.3480 45.1532 38.9830 41.5519 31.3570 36.6928 32.6915 48.9179 38.8459 22.9266 22.4053 20.6836 25.3282 21.1325 27.5090 16.2292 20.5258 19.8622 18.2322 19.7713 15.4739 29.2742 20.9213 17.0711 22.2015 18.0643 26.8477 17.8554 13.0801 14.6510 20.1401 28.5717 12.8992 32.2812 17.5211 17.7570 20.5931 19.9352 13.3691 15.2976 14.8751 13.1988 16.5258 15.6618 15.4390 19.3695 17.7472 7.9609 13.5075 22.3640 19.2618 18.4613 27.7803 21.1234 23.6096 20.1421 22.1676 8.1115 17.8646 18.8609 14.0850 17.7230 10.5847 11.4477 12.7617 10.3620 12.2832 11.1470 21.5807 42.5826 48.6124 30.4796 53.0513 36.8086 30.0905 37.6184 36.2398 41.5072 29.5881 40.3443 37.3197 41.2561 45.8496 41.4574 41.5479 42.4945 40.0506 29.9682 34.6544 41.0125 44.3617 30.6237 41.5706 44.6681 39.7088 39.9113 43.3006 44.7828 34.1423
4.3439 4.9613 5.6510 6.8925 4.0288 4.6358 7.1960 3.4685 5.9148 0.0000 11.5179 5.0359 6.5687 11.5810 7.4264 9.6926 4.6292 4.1598 4.0663 4.2305 7.1291 8.6866 5.8411 6.2170 4.6918 6.0441 8.9324 3.9770 3.7113 6.9159 46.3476 36.7947 42.8465 42.3005 43.7299 40.0804 45.1294 50.6957 45.3102 41.7110 40.6005 40.6459 49.7058 47.1200 44.8060 48.2983 46.4935 46.5146 41.7205 48.9659 45.2406 49.9638 47.0105 40.9466 43.5521 32.8019 38.5407 34.6646 50.6895 40.7483 25.1697 24.1371 22.5247 27.7854 16.6482 29.1681 12.7929 22.6236 21.6047 20.1001 14.9780 18.5146 31.0851 21.0879 18.2436 24.3645 19.1076 28.6958 19.0650 14.3003 10.0763 21.8341 30.4187 14.8600 33.9884 12.7983 20.7370 23.0023 21.9180 14.9784 16.7467 16.4449 14.8792 12.1603 11.1587 17.3140 14.8654 19.6605 3.8586 14.9743 24.3697 14.7961 20.1162 29.6169 22.8076 18.9588 21.9473 24.0426 10.5051 13.4065 14.4366 9.7695 19.5954 6.6508 7.0196 13.9936 7.0945 9.0663 7.9867 17.1150 44.1918 50.3581 32.3087 54.6531 38.5993 31.9579 39.4092 38.0273 43.2913 31.4172 42.0508 39.1488 42.8579 47.4515 43.2414 43.3320 44.2756 41.8239 31.7973 36.4452 42.7034 45.9635 32.5385 43.3547 46.4521 41.4672 41.6878 44.9024 46.3847 35.9141
11.2098 8.4297 8.1711 8.9903 11.9961 14.8265 5.8314 11.7588 13.6431 11.5179 0.0000 11.3031 7.5570 21.4660 16.3321 6.4200 12.4364 9.4263 8.3433 8.0149 14.3946 18.7201 15.9356 12.8647 8.9547 13.5271 18.2877 8.4783 8.5991 15.1570 57.2711 46.9925 53.1071 52.6621 54.2877 50.0088 55.6837 61.7343 56.0847 51.6913 51.0076 50.9400 60.7444 57.8773 55.2759 58.8617 57.0606 56.9384 52.1842 59.9053 55.5552 60.9884 57.7937 51.1649 53.6943 42.6094 49.0658 45.3199 61.5584 51.3186 36.1462 35.5345 33.7316 38.4867 27.7147 40.5879 21.5138 33.2574 32.9339 30.9638 25.3024 28.6976 42.0018 31.7807 28.8473 35.1820 30.4958 39.8458 29.6348 25.7623 21.2060 32.6010 41.6193 26.0625 45.1418 23.7502 31.3407 33.2446 32.4839 25.8668 26.8849 26.6485 24.8998 21.7286 20.8029 27.9932 24.6665 30.0453 13.1571 25.2878 34.7911 24.4089 30.9109 40.3437 33.2708 29.0063 32.7207 34.5947 19.2527 22.8442 24.2120 19.2156 30.0435 15.2477 16.6850 24.2020 12.9713 17.4968 16.0795 26.4343 55.2177 61.3122 42.9078 65.6917 49.3989 42.3902 50.1766 48.8107 54.0780 42.0120 52.9749 49.7407 53.8965 58.4901 54.0282 54.1187 55.1204 52.6911 42.3505 47.2163 53.6530 57.0022 43.0135 54.1901 57.2509 52.3041 52.5518 55.9410 57.4233 46.6073
4.8705 7.3177 8.1964 9.5719 4.1847 6.1623 8.5053 4.4250 6.6079 5.0359 11.3031 0.0000 4.6465 13.8125 8.5103 8.8057 2.7467 5.4793 6.9809 5.3172 6.8367 9.2330 6.9537 6.4382 6.9450 7.7152 10.2434 4.8633 4.7542 7.3730 48.3845 38.4528 44.6577 44.0229 45.7361 42.0593 47.1356 52.5677 47.2496 43.5806 42.5435 42.6467 51.7474 48.9729 46.5103 49.9657 48.1517 48.3243 43.5930 51.0056 47.2204 51.8220 48.8764 42.8039 45.3368 35.0457 40.6980 36.5265 52.5528 42.7151 25.6260 25.2221 24.0458 28.5367 18.1565 30.5335 14.0435 24.0355 23.3073 21.8152 17.3010 18.9631 32.7962 22.9069 20.1172 25.6473 20.9692 30.2150 20.8519 15.7345 11.5541 23.6300 31.7583 16.6285 35.6066 15.0043 20.4258 24.3064 23.6485 16.7805 18.2456 18.2245 17.0864 14.7067 13.7158 19.0321 17.1531 21.5223 6.6242 17.0851 26.3111 17.2368 22.2128 31.2527 24.9384 21.2888 23.9125 25.6376 11.4999 15.9040 16.8583 12.3622 21.5757 9.9565 9.7234 16.3614 9.0333 10.8114 9.4332 19.6810 46.0142 51.9750 34.2492 56.4585 40.3868 34.0514 41.1967 39.8149 45.0611 33.5597 43.8384 41.0893 44.6633 49.2569 45.0113 45.1018 46.0631 43.5999 33.7379 38.2327 44.4732 47.7839 34.3933 45.1328 48.2220 43.2547 43.4577 46.7078 48.1900 37.8592
4.5151 6.3181 6.2806 6.5716 6.1447 9.9318 4.5997 5.9821 8.2868 6.5687 7.5570 4.6465 0.0000 17.6277 11.7064 4.7369 6.0947 4.6872 5.1426 2.8826 9.5262 13.1418 10.9987 9.4381 4.7406 8.5516 13.9844 3.8022 5.1018 11.2344 52.3257 42.2382 48.3851 47.7963 49.4348 45.5725 50.8044 56.7889 51.1393 47.2962 46.3169 46.3624 55.7990 52.9554 50.2837 53.7951 51.9941 52.0977 47.3664 54.9599 50.9418 56.0430 52.8483 46.5703 49.0294 38.5500 44.4135 40.3745 56.6129 46.4331 30.2173 29.7902 28.4334 32.9611 22.2830 35.0426 17.9850 28.2904 27.5989 26.0031 21.3516 23.2517 37.0272 27.0506 24.2324 29.9939 25.1756 34.5615 25.0277 20.0741 15.6728 27.8372 36.1724 20.7425 39.9423 19.0600 24.5763 28.4795 27.8216 20.9411 22.3972 22.2119 20.5333 18.1495 17.0566 23.2297 20.7037 25.6620 9.6896 21.1670 30.1417 20.7087 26.2819 35.4522 28.9043 25.2081 27.8292 29.8446 15.1307 19.1750 20.3704 15.7373 25.6770 11.8248 13.1059 20.1992 9.7429 13.9177 12.5004 23.0192 50.2723 56.2160 38.3422 60.7463 44.5376 38.0865 45.3475 43.9769 49.2443 37.4507 48.0313 45.1822 48.9511 53.5447 49.1944 49.2850 50.2139 47.7769 37.8308 42.3835 48.7076 52.0567 38.4862 49.3076 52.4051 47.4055 47.6408 50.9956 52.4779 41.9628
14.1788 14.0659 15.0344 17.5055 12.4693 7.8793 17.0427 12.5901 16.0429 11.5810 21.4660 13.8125 17.6277 0.0000 9.6534 20.6497 12.6363 14.9115 14.4535 15.0427 8.8162 13.5325 7.5058 10.3721 14.8168 15.6241 11.4686 14.5695 14.4417 7.2500 36.8789 27.2740 32.7536 32.6225 34.0756 30.3776 35.4869 41.1764 35.7439 31.9266 31.0502 31.3634 40.2418 37.3390 35.0847 38.5770 36.7723 36.8961 32.0910 39.5000 35.9372 40.3691 37.3708 31.5207 34.1341 22.7132 28.6677 24.9997 41.0471 31.1541 17.0206 17.2473 15.5576 19.2008 8.2276 22.1856 7.8811 13.3087 13.5389 12.0447 5.2852 15.6710 21.6126 12.1902 11.4267 15.7857 11.6838 19.9240 11.5815 12.4902 7.3963 12.8865 21.9876 10.4166 25.0911 6.7941 12.7808 14.4749 13.7818 9.9490 8.7637 8.4730 10.1747 5.7559 6.2966 12.4662 8.6674 14.4873 9.0455 7.6658 15.3269 8.9527 14.2894 20.0720 13.3294 7.5962 13.1869 15.4979 12.0721 7.7661 5.3462 7.7466 10.0479 10.6550 7.9109 10.1959 12.3860 10.3335 8.8865 10.2924 34.5984 40.9586 22.1457 45.0724 28.8001 21.5659 29.6188 28.2528 33.5202 21.3211 32.3556 28.9786 33.2772 37.8708 33.4704 33.5609 34.5011 32.0718 22.0921 26.6585 33.0337 36.3828 22.8708 33.5836 36.6811 31.7008 31.9325 35.3217 36.8040 25.8010
11.7642 8.4837 8.3376 12.8795 6.3200 6.1330 11.9904 6.0139 10.7641 7.4264 16.3321 8.5103 11.7064 9.6534 0.0000 14.6471 6.6430 9.0054 8.2429 9.2812 4.9589 8.2416 4.1232 4.3059 8.3078 9.3705 8.1880 9.8701 8.4595 4.6569 42.1823 33.0255 38.7988 38.3740 39.5044 36.4618 41.0120 46.3362 41.1482 37.9165 36.6431 36.9562 45.4613 42.9090 40.7876 44.2570 42.3979 42.6223 37.7543 44.7577 41.5453 45.5714 42.8413 37.2063 39.8856 29.1890 34.3453 30.4893 46.5116 36.6691 21.1640 19.6563 17.8593 23.6035 12.5011 24.4315 6.6373 18.3328 17.9082 15.1053 10.5096 14.2312 26.2784 16.0148 13.2153 20.0786 14.8171 23.7909 13.9919 10.0225 4.9914 17.0199 25.6426 11.3570 29.6648 7.7399 18.1470 18.9047 17.7525 10.1072 13.3780 13.6689 15.4907 9.0842 9.0353 14.2982 12.2936 15.0212 7.3021 11.1471 20.3891 10.8949 15.8979 25.3246 18.5865 14.4376 17.9862 19.5376 8.4487 11.4608 11.0921 7.5867 15.6219 8.0411 6.4159 10.1178 8.5760 6.5938 5.5763 13.7025 39.5546 45.6972 27.8190 49.9593 34.0650 27.4112 34.8422 33.5278 38.6005 27.1506 37.4169 34.4900 38.1641 42.7988 38.5418 38.6378 39.7362 37.2305 27.3228 32.0061 38.0314 41.3243 28.0504 38.7027 41.7578 36.8716 37.0097 40.2319 41.8004 31.4501
7.9433 7.8460 7.1208 5.9385 8.5188 12.9888 4.8741 8.7935 11.3068 9.6926 6.4200 8.8057 4.7369 20.6497 14.6471 0.0000 8.8676 6.2651 6.6958 5.7463 12.1801 16.1188 14.0610 11.1967 6.4501 11.4767 16.9823 7.4605 6.7417 14.3689 55.1923 45.2077 51.4061 50.7144 52.2863 48.5935 53.6858 59.6555 54.0059 50.2706 49.2350 49.2804 58.6656 55.7984 53.2190 56.7132 54.9121 55.0158 50.2844 57.8264 53.8599 58.9096 55.7148 49.4883 51.9651 41.5710 47.3831 43.2411 59.4795 49.4001 32.8919 32.4851 31.2324 35.7601 25.2364 37.7901 21.0420 31.0820 30.4727 28.8907 24.3937 26.0656 39.8267 29.9246 27.1349 32.7562 28.1147 37.3239 27.8696 22.9245 18.6909 30.7247 38.9198 23.7330 42.7784 22.1021 27.4204 31.3305 30.6727 23.7983 25.4197 25.1834 23.5353 21.2750 20.1821 26.1493 23.8516 28.6330 12.7786 24.1895 33.0612 23.9288 29.2014 38.3203 31.8753 28.2455 30.6973 32.8156 18.1533 22.3219 23.4444 18.8496 28.6480 15.0018 16.2314 23.1852 13.0138 17.0432 15.6259 26.2477 53.1388 58.9945 41.2252 63.6129 47.3692 41.0210 48.1790 46.8069 52.0743 40.3337 50.8994 48.0652 51.8177 56.4112 52.0244 52.1150 53.0497 50.6123 40.7138 45.2150 51.5741 54.9233 41.3693 52.1377 55.2351 50.2640 50.4729 53.8622 55.3444 44.8824
6.2489 7.0839 6.5832 10.1280 4.0855 5.4651 8.3977 4.1453 6.4300 4.6292 12.4364 2.7467 6.0947 12.6363 6.6430 8.8676 0.0000 4.7449 5.4676 4.7742 4.9925 8.0410 5.8527 4.4348 6.5407 5.9927 9.2790 6.2744 4.4415 6.3025 46.8172 37.0492 43.3027 42.5917 44.2765 40.7195 45.6761 51.0003 45.7274 42.1743 40.9762 41.0945 50.1801 47.5133 45.0605 48.5528 46.7481 46.7691 42.0256 49.5125 45.6683 50.3409 47.3091 41.2518 43.9027 33.6284 39.2357 35.0669 50.9854 41.1965 24.1893 23.9933 22.8272 27.3182 17.0323 29.1585 12.8566 22.7253 21.9113 20.4029 16.0350 17.8619 31.3352 21.5921 18.7536 24.4288 19.5937 28.9965 19.5692 14.4996 10.3322 22.3383 30.4493 15.3137 34.0378 13.7382 19.4615 22.8941 22.2363 15.4827 16.9435 17.0039 16.1553 13.5493 12.4919 17.5389 15.9804 20.0871 6.0842 15.6844 24.8796 16.1499 20.8104 29.7475 23.5045 20.0494 22.4889 24.2675 10.3241 14.7466 15.6297 11.1823 20.1419 9.0318 8.5672 15.0841 8.2999 9.4829 7.6812 18.5722 44.5071 50.4179 32.8533 54.8424 38.9146 32.6863 39.7244 38.3426 43.5583 32.1849 42.3661 39.6657 43.0533 47.7153 43.5030 43.5956 44.5909 42.1277 32.3277 36.7997 42.9649 46.2039 32.9698 43.6605 46.7157 41.7825 41.9676 45.0917 46.6072 36.4844
4.9671 4.3147 4.6862 8.1743 5.1877 7.4992 5.1478 4.8611 6.2463 4.1598 9.4263 5.4793 4.6872 14.9115 9.0054 6.2651 4.7449 0.0000 2.9172 3.1167 6.2960 10.8699 8.4318 5.3102 3.5941 6.0360 11.3498 5.0149 2.3385 8.4881 49.9419 39.9665 46.0551 45.5803 47.1612 43.2332 48.5607 54.4008 48.8070 45.0110 44.1009 44.1463 53.4109 50.5437 48.0677 51.5231 49.5938 49.8817 45.1504 52.5718 48.7258 53.6549 50.4601 44.3542 46.8133 36.1957 42.1284 38.0627 54.2248 44.2171 28.1487 27.7074 26.1432 30.6709 19.8108 32.8338 15.2121 25.9860 25.3087 23.6924 18.6754 20.8648 34.6076 24.6636 21.8194 27.6760 22.7363 32.2437 22.6407 17.9430 13.3989 25.4778 33.9513 18.2400 37.6770 16.5098 22.4308 25.9854 25.3253 18.5541 19.8339 19.6683 18.4618 15.5195 14.5516 20.7601 18.0424 23.1232 7.2296 18.5590 27.6967 18.0953 23.8122 33.0517 26.3655 22.5033 25.4287 27.3655 12.5228 16.7177 17.8045 13.1074 23.1382 9.2506 10.4556 17.5637 8.9147 11.2912 9.7828 20.3249 47.8841 53.8694 35.8516 58.3582 42.1095 35.5273 42.9271 41.5612 46.8285 34.9534 45.6413 42.6849 46.5630 51.1565 46.7787 46.8692 47.7916 45.3612 35.3335 39.9668 46.3194 49.6686 35.9890 46.8919 49.9894 44.9954 45.2251 48.6075 50.0897 39.4932
7.1127 4.3258 1.9944 7.0069 5.6935 7.6342 4.0115 5.1812 7.6378 4.0663 8.3433 6.9809 5.1426 14.4535 8.2429 6.6958 5.4676 2.9172 0.0000 2.6344 7.6982 10.3809 8.1902 5.3977 2.4857 5.9729 11.4453 4.7910 2.8538 8.6879 49.4849 39.7983 45.8425 45.3041 46.7615 43.1727 48.1611 53.8885 48.3500 44.7070 43.6439 43.6893 52.8986 50.0847 47.8096 51.3019 49.4971 49.5182 44.7240 52.1060 48.2688 53.1426 50.0140 43.9502 46.5652 35.8722 41.6378 37.6114 53.7437 43.7601 28.1908 27.2069 25.5150 30.5985 19.4938 32.2876 14.5666 25.5112 24.6805 23.0790 18.0062 21.1994 34.1224 24.0591 21.2149 27.1653 22.2359 31.6899 22.0362 17.4218 12.8688 24.8160 33.3760 17.7788 37.0823 15.7809 23.5477 25.7954 24.8489 17.9497 19.6997 19.3266 18.1115 15.0150 14.2176 20.3500 17.8279 22.6890 7.1309 17.9951 27.3551 17.7510 23.2828 32.6606 25.8360 21.9305 24.9328 27.0786 12.0757 16.4654 17.3053 12.6139 22.6238 8.7678 9.9914 17.0244 7.6726 10.6828 9.1804 20.1238 47.3733 53.4479 35.3728 57.8459 41.6710 35.0144 42.4809 41.1061 46.3735 34.4813 45.1350 42.2128 46.0507 50.6442 46.3237 46.4142 47.3473 44.9062 34.8614 39.5169 45.8071 49.1563 35.5169 46.4369 49.5344 44.5389 44.7701 48.0952 49.5774 38.9781
5.2694 5.2410 3.8128 6.2585 5.2083 7.4418 4.0344 4.9188 6.5478 4.2305 8.0149 5.3172 2.8826 15.0427 9.2812 5.7463 4.7742 3.1167 2.6344 0.0000 7.3851 11.1762 8.6506 7.0979 3.3001 6.1418 11.5282 3.9691 3.2010 8.6386 50.2557 40.3808 46.4506 45.8941 47.4501 43.7357 48.8638 54.5906 49.1208 45.3168 44.4147 44.4601 53.6186 50.7335 48.3921 51.8843 50.0796 50.1955 45.4641 52.8768 49.0396 53.8447 50.7476 44.6680 47.1382 36.5305 42.4342 38.3765 54.4239 44.5309 28.4422 27.9948 26.3936 30.9213 20.0884 33.1001 15.3352 26.2364 25.5591 23.9428 18.8376 21.1306 34.8411 24.8812 22.0370 27.9016 23.0040 32.4693 22.8583 18.2227 13.6774 25.7203 34.2096 18.4970 37.9353 16.7365 23.3301 26.2109 25.4866 18.7718 20.0750 19.8401 18.5129 15.7916 14.8838 20.9398 18.4944 23.2950 7.3200 18.7229 28.0004 18.4431 23.9919 33.2394 26.5373 22.6371 25.6798 27.5995 12.7750 17.0868 18.0845 13.3546 23.3100 9.5774 10.7565 17.7027 7.9039 11.5632 10.0549 20.7708 48.0739 54.0422 36.0086 58.5480 42.2823 35.6764 43.0920 41.7261 46.9934 35.1083 45.8311 42.8415 46.7528 51.3463 46.9436 47.0341 47.9767 45.5474 35.4884 40.1318 46.5092 49.8584 36.1438 47.0568 50.1543 45.1830 45.4080 48.7973 50.2795 39.6729
9.4065 7.4459 8.6257 12.0772 5.7994 5.3530 10.0052 6.0796 9.1152 7.1291 14.3946 6.8367 9.5262 8.8162 4.9589 12.1801 4.9925 6.2960 7.6982 7.3851 0.0000 8.7013 4.3927 3.3435 8.0347 8.1887 7.4566 9.1770 7.3966 3.5064 44.5656 34.7191 40.5356 40.2040 41.7824 38.0552 43.1820 48.7487 43.4307 39.6341 38.7246 38.9785 47.9285 45.0257 42.6914 46.1468 44.2542 44.5111 39.7741 47.1867 43.5522 48.0031 45.0575 39.1357 41.6686 30.8370 36.6089 32.6864 48.7339 38.8408 23.0656 22.6096 20.7686 25.3957 14.6447 27.6207 10.1712 20.3678 20.1918 18.0742 12.5632 16.7468 29.1302 18.8998 16.0555 22.2445 17.5261 26.9257 17.0692 12.8574 8.2813 19.7165 28.6318 14.2920 32.2021 10.7727 17.4851 20.3648 19.6102 12.9519 14.1569 13.7121 14.1926 10.8504 9.4793 14.9220 13.0716 18.5088 5.8843 12.6915 22.1784 13.4187 18.5341 27.3902 20.5354 16.2138 19.9931 21.5081 8.9050 12.0089 11.9569 8.5056 17.1728 8.0476 6.7976 12.0183 8.9755 7.5668 5.9542 15.9258 42.1687 48.2947 29.9906 52.6428 36.3928 29.5230 37.2092 35.8433 41.1106 29.2923 39.9259 36.8250 40.8476 45.4411 41.0608 41.1513 42.0737 39.6433 29.4736 34.2489 40.6040 43.9532 30.1290 41.1740 44.2715 39.2811 39.5072 42.8921 44.3743 33.6371
12.4864 10.9488 11.3078 13.9439 7.9169 7.9298 14.3883 7.8065 5.7026 8.6866 18.7201 9.2330 13.1418 13.5325 8.2416 16.1188 8.0410 10.8699 10.3809 11.1762 8.7013 0.0000 7.3529 8.0774 10.0455 5.4697 4.2309 11.2944 10.3899 8.0989 39.6041 30.0596 36.1344 35.5288 36.8766 33.5944 38.2762 43.8141 38.5385 35.0492 33.8288 33.9903 42.9671 40.1980 38.0343 41.5266 39.7218 39.7429 34.9487 42.2253 38.5794 43.0682 40.2388 34.2404 36.9197 26.8644 31.8286 27.8361 43.9091 33.9766 18.1099 16.9132 15.3627 20.8107 18.2797 22.0074 13.4608 15.5917 14.5282 12.9567 16.9243 11.4974 24.0311 15.6378 12.0429 17.3375 12.5473 21.5164 12.5719 7.3924 11.1549 15.0009 23.2171 9.9995 27.0975 14.5312 13.5840 16.1585 15.0644 9.0399 10.7546 10.1423 9.7458 14.2589 13.5352 10.4966 17.0046 12.9027 8.6604 10.7725 17.6952 16.9948 13.3590 22.7399 16.1745 20.8405 15.1207 17.2252 5.2028 15.8006 16.4900 11.8537 12.8375 10.6293 9.6178 10.0022 12.0249 10.6730 9.3376 19.4975 37.3472 43.3024 25.4098 47.7715 31.6408 25.1185 32.4506 31.0688 36.2951 24.6269 35.1088 32.2498 35.9763 40.5731 36.2453 36.3358 37.3171 34.8539 24.8984 29.4867 35.7328 39.1169 25.6065 36.3867 39.4560 34.5087 34.6938 38.0208 39.5203 29.0151
9.3596 8.7494 9.2846 11.2889 6.0648 2.3553 11.6170 6.5122 9.4560 5.8411 15.9356 6.9537 10.9987 7.5058 4.1232 14.0610 5.8527 8.4318 8.1902 8.6506 4.3927 7.3529 0.0000 3.7095 8.5734 8.8366 6.2748 8.5350 8.2253 2.6625 42.5634 32.9918 38.7662 38.3403 39.8825 36.4265 41.2821 46.7465 41.4285 37.8813 36.7711 37.0843 45.9263 43.1193 40.7662 44.2585 42.4538 42.6170 37.8118 45.1845 41.6581 46.0009 43.0553 37.2415 39.8519 29.0962 34.6834 30.6842 46.7317 36.8386 20.3418 19.7441 18.0135 22.7399 11.8858 24.8268 7.9292 17.9066 17.5149 15.6356 10.5409 13.1714 26.8102 16.5338 13.7441 19.6101 14.9604 24.2607 14.5082 9.9719 5.4389 17.2773 25.8912 10.3393 29.6530 8.2441 15.6118 18.1268 17.4690 10.4217 12.1403 12.0605 13.1235 8.1015 8.0418 12.9202 10.8416 15.2237 5.0526 10.6159 20.3259 10.7191 16.2098 25.4432 18.7418 14.6619 18.0706 19.6464 8.4845 10.0725 10.5843 6.5840 15.3792 7.6051 5.3098 9.9907 9.2594 7.3699 5.7192 13.3230 40.0958 46.2060 28.1927 50.5285 34.4360 27.7834 35.2459 33.9030 39.0987 27.5243 37.8875 34.9449 38.7333 43.3268 39.0488 39.1393 40.1123 37.6491 27.6670 32.3813 38.5108 41.8655 28.2631 39.1820 42.2595 37.3039 37.4952 40.7778 42.2689 31.8238
9.3903 6.3314 6.2921 11.6686 6.0736 5.2896 8.7860 5.9451 8.4215 6.2170 12.8647 6.4382 9.4381 10.3721 4.3059 11.1967 4.4348 5.3102 5.3977 7.0979 3.3435 8.0774 3.7095 0.0000 6.8960 7.4512 7.8361 8.4902 5.5639 3.9097 45.5966 36.0930 41.8723 41.4415 42.9334 39.5101 44.3329 49.7798 44.4617 40.9649 39.7818 40.0950 48.9596 46.1702 43.8900 47.3823 45.5775 45.6898 40.8225 48.2178 44.6687 49.0341 46.0945 40.2739 42.9531 32.1591 37.6990 33.7238 49.7649 39.8718 23.6879 23.0865 21.3432 26.0511 15.3437 28.1508 10.1764 21.2004 20.7056 18.8778 13.6452 16.3199 29.9849 19.8073 16.9631 22.9579 18.1129 27.5934 17.7844 13.3144 8.7581 20.5535 29.2206 13.6448 32.8715 11.4014 18.6092 21.3781 20.6261 13.6979 15.2304 15.1561 15.8330 11.0463 10.5851 16.1024 13.8618 18.3908 5.5330 13.6464 23.4143 13.7217 19.2149 28.5393 21.7315 17.6318 21.1109 22.8310 8.7589 12.8506 13.4510 8.7692 18.3840 8.5073 7.1321 12.9264 8.6627 7.9925 5.6197 16.2884 43.2076 49.3635 31.2167 53.6508 37.5654 30.8077 38.3753 36.9934 42.2386 30.5470 41.0169 38.0567 41.8556 46.4491 42.1887 42.2793 43.2417 40.7785 30.7053 35.4217 41.6507 44.9773 31.3607 42.3114 45.3994 40.4333 40.6351 43.9001 45.3823 34.8465
7.0312 3.5351 3.7189 6.2178 4.0309 7.6935 4.5245 3.7560 8.1602 4.6918 8.9547 6.9450 4.7406 14.8168 8.3078 6.4501 6.5407 3.5941 2.4857 3.3001 8.0347 10.0455 8.5734 6.8960 0.0000 7.7207 11.8932 4.9218 3.4942 9.2246 49.3787 39.7912 45.8963 45.2970 46.6749 43.1143 48.0745 53.7654 48.3068 44.7608 43.5971 43.6424 52.7755 50.0594 47.8026 51.2948 49.4901 49.5111 44.7170 51.9999 48.2372 53.0195 50.0070 43.9432 46.5487 35.9050 41.5925 37.6044 53.7198 43.7449 27.9889 26.7871 25.3384 30.7156 19.5544 31.9813 14.7885 25.6022 24.5067 22.9591 18.2795 21.4196 34.0399 23.9548 21.1614 27.2661 22.0553 31.5077 21.9320 17.0430 12.5049 24.7011 33.1111 17.6753 37.1130 15.8561 23.4839 26.0982 25.0909 17.8454 20.0799 19.7154 17.8768 15.3526 14.3877 20.4179 18.0953 22.8177 8.0160 18.1847 27.4399 18.0793 23.2515 32.6675 25.9647 22.1316 24.8733 27.1465 12.5249 16.6205 17.5757 12.9618 22.7526 9.0265 10.2458 17.1345 9.2571 10.9269 9.9368 20.3981 47.2812 53.2836 35.3611 57.7228 41.5984 35.0635 42.4083 41.0264 46.2700 34.4696 45.0499 42.2011 45.9276 50.5211 46.2202 46.3107 47.2747 44.8115 34.8497 39.4443 45.6840 49.0509 35.5515 46.3444 49.4309 44.4663 44.6666 47.9721 49.4543 38.9664
8.6975 8.0336 7.3477 11.1173 7.3559 8.6131 9.3858 7.0053 2.6410 6.0441 13.5271 7.7152 8.5516 15.6241 9.3705 11.4767 5.9927 6.0360 5.9729 6.1418 8.1887 5.4697 8.8366 7.4512 7.7207 0.0000 6.2697 7.6113 6.2526 9.3182 44.7241 35.0720 40.9744 40.4502 41.9723 38.5255 43.3719 48.9072 43.5891 39.9802 38.8831 39.1357 48.0870 45.2091 42.9557 46.4479 44.6432 44.6688 39.9325 47.3452 43.7095 48.1615 45.2160 39.2930 41.9322 31.4658 36.8627 32.8449 48.8923 38.9993 22.6191 22.1147 20.4113 25.0066 20.4377 27.2080 15.7058 20.2697 19.5768 17.9605 19.1880 15.4218 29.0617 20.3326 16.4824 21.9732 17.4192 26.5864 17.2667 12.4113 13.9731 19.6982 28.2672 12.6103 31.9929 16.9055 17.8369 20.3971 19.7392 12.8035 14.7172 14.3306 13.8694 16.4016 15.8174 15.2190 19.2339 17.5437 8.9677 12.9471 22.4932 19.1302 18.3555 27.5818 20.9062 23.0926 20.1730 21.9476 7.8725 18.0828 18.7883 14.0308 17.5436 10.7124 11.6527 12.3662 10.2654 12.2970 10.7551 21.6968 42.3496 48.4039 30.3065 52.8159 36.6189 29.9339 37.4288 36.0479 41.3153 29.5991 40.1113 37.1466 41.0207 45.6143 41.2655 41.3560 42.2953 39.8479 29.7951 34.4648 40.7772 44.1264 30.4506 41.3787 44.4761 39.4868 39.7118 43.0652 44.5475 33.9258
12.1109 11.3375 12.4341 14.4118 9.3084 7.4364 14.0194 9.6849 6.6273 8.9324 18.2877 10.2434 13.9844 11.4686 8.1880 16.9823 9.2790 11.3498 11.4453 11.5282 7.4566 4.2309 6.2748 7.8361 11.8932 6.2697 0.0000 11.6386 11.3092 5.8828 39.7091 29.9733 35.5868 35.3666 36.8634 33.1866 38.3171 44.0462 38.5741 34.6804 33.8681 34.1694 43.0720 40.1892 37.8349 41.3005 39.4957 39.7021 34.9175 42.3302 38.7432 43.3003 40.2010 34.3267 36.8596 25.7537 31.6076 27.8299 43.8773 33.9843 18.5912 18.0340 16.2101 20.9318 17.1494 23.0621 11.9073 15.4699 16.1772 13.1834 14.8602 11.1824 24.2525 15.3686 11.3917 17.5968 12.9830 22.3023 11.8254 8.3599 10.7461 15.0015 24.0718 9.7274 27.4802 13.4777 13.7328 15.5169 14.6979 8.3403 9.0536 8.7621 9.6874 11.6119 11.3428 10.4642 14.5626 12.2170 7.2998 8.7512 17.2001 14.2188 13.1939 22.7213 15.4593 18.6565 15.1595 16.7642 3.9795 13.7825 14.5118 9.3178 12.2320 9.4459 7.8640 7.7571 10.9326 9.4978 8.6532 16.7854 37.5388 43.7111 25.1349 48.0036 31.7642 24.5545 32.4973 31.1155 36.3823 24.2950 35.3004 31.9750 36.2084 40.8020 36.3325 36.4230 37.4507 35.0030 24.6236 29.5333 35.9649 39.3141 25.2790 36.5020 39.5628 34.6650 34.8637 38.2529 39.7352 28.8749
3.7081 4.4910 5.5762 5.6200 5.3831 7.5573 4.6582 4.9249 6.9434 3.9770 8.4783 4.8633 3.8022 14.5695 9.8701 7.4605 6.2744 5.0149 4.7910 3.9691 9.1770 11.2944 8.5350 8.4902 4.9218 7.6113 11.6386 0.0000 3.6799 9.0670 49.8928 39.9564 45.9369 45.4622 46.9094 43.1243 48.3149 54.3560 48.7064 44.8014 43.8658 43.9112 53.3661 50.4990 47.9677 51.5316 49.7306 49.6763 44.9152 52.5270 48.4907 53.6101 50.4154 44.1191 46.7138 35.8209 41.7959 37.9416 54.1800 43.9820 28.8018 27.6695 25.9158 31.2128 20.0865 32.7692 14.8470 26.0346 25.1098 23.3983 18.3264 21.5078 34.4561 24.2302 21.2459 27.5302 22.7852 32.0270 22.0672 17.8973 13.3504 25.0865 33.8038 18.1816 37.6692 15.9555 24.0950 26.1250 25.4043 18.1073 20.1809 19.7623 17.7684 14.9002 13.9952 20.6619 17.7503 22.9371 6.5650 18.2106 27.5869 17.5887 23.6584 33.0362 26.1143 22.0353 25.3722 27.3905 12.6600 16.1732 17.2593 12.3472 22.8870 8.5172 9.8230 17.1415 7.3412 11.1685 10.0900 19.8810 47.8394 53.7398 35.6046 58.3134 42.0381 35.1058 42.7002 41.3343 46.6017 34.7595 45.5966 42.3603 46.5182 51.1118 46.6146 46.6968 47.7421 45.3128 35.0435 39.7400 46.2747 49.6238 35.7015 46.8118 49.8726 44.9389 45.1734 48.5627 50.0450 39.3394
4.7579 3.7970 4.2492 7.6847 4.0585 7.1756 4.3136 3.7902 6.4076 3.7113 8.5991 4.7542 5.1018 14.4417 8.4595 6.7417 4.4415 2.3385 2.8538 3.2010 7.3966 10.3899 8.2253 5.5639 3.4942 6.2526 11.3092 3.6799 0.0000 8.5852 49.4431 39.7036 45.7737 45.2094 46.7034 43.0243 48.1030 53.8208 48.3082 44.6382 43.6021 43.6476 52.8309 50.0007 47.7149 51.2071 49.4024 49.4234 44.6516 52.0643 48.2270 53.0749 49.9350 43.8555 46.4610 35.7497 41.6219 37.5639 53.6448 43.7183 28.0737 27.2054 25.6279 30.5679 19.3800 32.3339 14.6637 25.5934 24.7934 23.1771 18.0937 21.1406 34.1410 24.1816 21.3374 27.2018 22.2363 31.7695 22.1588 17.4380 12.8939 24.9549 33.4437 17.7309 37.1694 15.9715 23.3781 25.6753 24.8279 18.0722 19.6050 19.2301 17.7096 15.0384 14.1355 20.2439 17.8254 22.6087 6.6437 17.9610 27.2748 17.7743 23.2296 32.5285 25.7752 21.9387 24.8745 26.9725 12.0473 16.3833 17.3027 12.6209 22.5479 8.7388 9.9408 17.0067 7.7555 10.7591 9.2507 20.0932 47.3041 53.3381 35.3050 57.7782 41.5756 34.9730 42.3881 41.0222 46.2895 34.4118 45.0613 42.1433 45.9830 50.5765 46.2397 46.3302 47.2526 44.8222 34.7919 39.4278 45.7394 49.0886 35.4474 46.3529 49.4504 44.4435 44.6861 48.0275 49.5097 38.9105
10.0467 8.4208 9.5041 12.0317 6.6987 3.9684 10.8970 7.1672 9.6456 6.9159 15.1570 7.3730 11.2344 7.2500 4.6569 14.3689 6.3025 8.4881 8.6879 8.6386 3.5064 8.0989 2.6625 3.9097 9.2246 9.3182 5.8828 9.0670 8.5852 0.0000 43.1086 33.3814 39.0369 38.7470 40.4172 36.6105 41.8168 47.2917 41.9737 38.0695 37.2676 37.5427 46.4715 43.6541 41.2425 44.7348 42.9301 43.0754 38.3171 45.7297 42.1165 46.5460 43.6005 37.7000 40.2415 29.1436 35.0230 31.2294 47.2769 37.3838 22.3069 21.7521 19.9165 24.5972 13.9046 26.7271 7.2436 19.2065 19.6662 16.8700 10.9011 14.8065 28.0647 17.9852 15.0527 21.4469 16.6182 26.1151 15.5730 12.1467 7.4238 18.6815 27.7385 12.3483 31.1065 9.9064 17.3054 19.3273 18.4420 12.1811 12.2289 12.0629 13.0574 7.3906 7.1172 13.6409 10.3385 15.4512 4.2439 10.6150 20.5773 10.0105 16.4790 25.9239 18.8055 14.3767 18.5349 20.0174 6.9445 9.4133 10.1483 5.3593 15.4662 6.1087 3.8148 9.7866 7.2639 5.2897 3.8097 12.5772 40.7704 47.1171 28.5552 51.2444 35.0711 27.9753 35.9027 34.5368 39.8042 27.7831 38.5472 35.4027 39.4492 44.0428 39.7543 39.8449 40.7672 38.3368 28.0230 32.9425 39.2163 42.5548 28.6785 39.8675 42.9650 37.9390 38.2007 41.4937 42.9760 32.1398
48.9411 49.5394 49.6803 52.5758 46.7739 43.2950 52.7936 46.7738 44.6306 46.3476 57.2711 48.3845 52.3257 36.8789 42.1823 55.1923 46.8172 49.9419 49.4849 50.2557 44.5656 39.6041 42.5634 45.5966 49.3787 44.7241 39.7091 49.8928 49.4431 43.1086 0.0000 10.8191 8.7792 5.5072 3.5669 11.3823 3.4870 8.3866 3.1640 8.3602 7.4424 7.6094 4.0023 4.6231 3.5153 3.3547 4.5661 3.1395 6.1073 3.5070 3.9000 5.0499 3.0314 8.0943 6.0323 19.6576 10.8704 12.2305 5.1892 6.1195 25.4505 26.1597 26.3533 22.9846 32.4003 23.3545 38.3952 26.4113 26.2014 28.5399 33.9361 31.5849 17.8884 28.2095 31.0887 25.0993 29.1719 21.2606 30.1121 33.9094 38.3722 27.2030 21.1978 33.4417 18.2698 35.6103 30.3093 26.2247 26.5645 33.5934 31.5185 31.6639 33.1293 37.9818 38.1841 29.9234 36.5199 28.9732 44.3233 33.0878 23.4593 36.8450 27.0359 17.3555 25.7120 30.5442 24.6970 24.3474 39.0969 37.5038 35.5440 40.8108 28.1820 44.0804 41.6001 34.5400 45.8443 42.0759 42.2839 36.2085 7.2570 13.4144 16.4432 11.6214 9.1191 17.5475 8.7438 9.9611 7.5956 17.2293 8.2581 11.1248 6.3407 10.5412 6.6669 7.4074 6.6451 7.3264 17.1293 11.0089 6.3943 6.6232 16.6054 6.8523 6.6834 6.9955 7.3104 7.0594 7.6234 13.3528
38.9945 39.4218 40.1408 42.3636 37.1584 33.5128 42.5342 37.2209 34.7945 36.7947 46.9925 38.4528 42.2382 27.2740 33.0255 45.2077 37.0492 39.9665 39.7983 40.3808 34.7191 30.0596 32.9918 36.0930 39.7912 35.0720 29.9733 39.9564 39.7036 33.3814 10.8191 0.0000 9.6245 6.0261 8.5171 9.1065 9.3803 18.5019 9.8030 7.5916 4.7333 4.2594 14.5664 12.3545 8.3732 12.0759 10.4924 10.2432 6.0461 13.4699 8.9007 15.2959 11.3512 4.9053 7.0389 10.6991 7.1931 3.8281 14.8610 6.0167 18.1907 18.5637 18.3623 15.9882 24.7820 18.1366 29.3437 17.8480 18.5231 19.5512 24.9870 23.1713 12.6193 19.6888 22.2000 17.8810 20.4852 15.3827 21.1642 24.8251 29.3260 19.9437 16.4594 24.3420 16.7424 26.5934 21.5750 17.4846 17.9864 24.6276 21.9703 22.0964 23.2066 28.1725 28.0595 20.4338 26.4575 19.6340 34.5089 23.7148 13.8130 26.8354 17.7965 8.9404 16.3838 21.5260 15.3672 15.1454 29.3718 27.1828 25.7035 30.9971 18.8427 34.0508 31.7516 25.3068 35.8846 32.3580 32.5670 25.7438 13.5627 21.7035 9.0885 21.9244 9.1661 12.1572 9.5731 7.9880 13.8031 9.0548 12.3980 11.3857 11.6766 17.2784 12.1245 12.4908 13.1699 10.5315 9.8837 7.2411 10.9979 14.4527 9.3101 12.4273 14.7565 10.6129 11.8031 13.4172 14.7721 13.0525
45.1147 45.4867 46.1092 48.6450 43.3525 39.5403 48.5485 43.3628 40.8079 42.8465 53.1071 44.6577 48.3851 32.7536 38.7988 51.4061 43.3027 46.0551 45.8425 46.4506 40.5356 36.1344 38.7662 41.8723 45.8963 40.9744 35.5868 45.9369 45.7737 39.0369 8.7792 9.6245 0.0000 7.4095 8.4690 5.7688 8.9660 16.4726 8.0354 4.1125 6.8867 9.3209 12.6992 10.9289 6.4593 8.9690 7.3916 8.1802 9.0965 11.2366 7.7430 13.1447 8.7629 7.2626 6.2273 12.4763 5.3758 9.8455 11.7942 5.4174 24.0531 24.9385 24.6616 22.4881 29.0216 25.9407 34.6362 22.7938 23.8126 24.9557 30.3390 29.5001 18.1112 24.7246 27.5882 23.3568 25.8798 19.7995 26.4580 30.6561 35.0930 23.7975 24.0089 30.2976 21.8746 32.2008 27.0533 23.3879 24.4219 30.1650 27.3418 27.4185 28.7606 33.4883 33.5879 27.0456 31.3193 24.7208 40.3697 29.1336 18.5740 31.8684 23.4852 17.2219 21.2480 26.5014 21.7324 19.6069 34.8414 32.5242 30.9555 36.2741 24.1739 39.6188 37.4381 30.5371 41.6634 37.7983 38.2439 30.7462 13.6692 20.6769 12.0672 20.3126 12.7290 12.6502 11.1432 10.7804 13.3241 12.7290 14.3774 10.0481 12.3608 16.9371 12.7156 13.0318 12.5186 12.4517 13.6146 10.5636 10.7239 13.6925 12.8685 12.3658 14.2517 11.4346 12.2828 13.0318 13.4351 10.0771
44.5795 45.0093 45.6332 48.0251 42.6642 39.0186 48.1158 42.7267 40.3003 42.3005 52.6621 44.0229 47.7963 32.6225 38.3740 50.7144 42.5917 45.5803 45.3041 45.8941 40.2040 35.5288 38.3403 41.4415 45.2970 40.4502 35.3666 45.4622 45.2094 38.7470 5.5072 6.0261 7.4095 0.0000 3.6514 8.4299 4.0583 13.1769 4.1731 5.6782 4.7956 4.0477 9.2024 7.1097 3.2182 6.5943 5.1262 4.6985 3.5030 7.7567 4.4972 9.6955 6.4181 5.0409 4.5016 15.4645 7.7936 8.0951 9.1774 4.7065 21.9561 22.5476 22.7555 19.4490 28.6800 19.7645 34.5868 22.6791 22.5029 24.7315 30.1278 27.6134 14.6756 24.5147 27.3007 21.4519 25.5058 18.0222 26.3037 30.1010 34.5639 23.6392 17.8510 29.5786 15.5785 31.8020 26.2904 22.4089 22.7094 29.7850 27.4550 27.4510 28.7124 33.5852 33.5667 25.9409 32.1608 25.0423 40.0147 29.0669 19.3391 32.3240 23.1450 13.3425 21.7529 26.6711 20.7157 20.3751 34.7862 32.8371 31.1807 36.4328 24.2487 39.5644 37.3643 30.6553 41.4811 37.9028 38.0728 31.6719 9.0705 16.9509 13.0412 16.8327 7.2471 14.2956 8.6778 8.6610 10.1353 13.5460 9.4136 11.0583 8.3006 12.7308 8.2632 9.5009 8.4579 7.5344 13.9494 8.1755 9.2133 10.2945 13.0149 7.8344 10.0981 7.2414 7.9726 8.7539 10.0290 13.0585
