0.0000 2.1876 2.3247 1.5259 2.3139 1.5761 4.1004 2.8280 2.1347 1.8857 2.9772 2.8345 2.2970 6.2815 2.2277 2.7801 3.7096 2.2578 2.2598 3.9154 5.1856 3.2019 2.4412 2.3385 2.7699 2.0265 4.7212 1.7975 2.2448 5.7845 49.8417 47.2287 49.3587 48.0826 46.6042 54.0960 48.7363 48.5346 49.0285 53.6538 51.1046 50.2938 47.2579 46.8230 53.6674 51.4447 51.8664 52.8570 48.5629 50.7954 52.3868 48.8832 48.9435 51.1460 52.9180 48.9937 44.6834 42.4173 52.1493 48.8214 1.5881 2.2273 3.2774 3.6428 3.5980 3.3001 6.7135 4.3622 3.0822 4.5996 5.3209 3.0024 7.8287 4.0747 3.7276 3.4746 4.8396 3.8830 4.7636 1.8727 1.9548 4.5202 5.1999 2.3877 6.4744 2.9712 2.7775 5.4285 5.9286 3.0760 11.5902 10.4135 11.8956 12.9693 14.0056 8.3341 19.8700 15.5941 7.1810 10.8272 19.5861 17.1912 12.1367 19.2547 18.2261 13.3928 16.0006 17.6560 10.4664 17.6904 14.7818 12.2817 12.7324 11.3903 11.1165 12.2420 8.9082 11.9315 10.8192 21.2449 29.9564 29.5078 25.0527 39.7170 27.3890 25.7179 27.6162 31.5272 28.3507 27.3961 26.4831 27.3172 30.0155 29.9145 31.1147 29.5863 31.7121 29.9436 25.4656 26.7294 31.4154 30.6418 28.8481 30.5140 31.9070 30.4791 27.8725 31.0251 31.6953 27.4136
2.1876 0.0000 1.1560 2.6611 3.3119 1.1626 2.9611 3.4228 1.6968 1.5691 1.3877 3.8807 3.0607 4.4604 1.4465 4.0940 4.0065 2.3756 1.7574 3.4404 4.0364 2.9691 1.7459 1.0642 3.3260 1.8969 2.8438 1.9872 1.7059 4.1371 48.3546 45.6505 47.6626 46.3779 44.9727 52.4997 47.0214 46.9344 47.3951 52.0296 49.3618 48.6953 45.6937 45.3075 52.0691 49.7887 50.2213 51.2209 46.9930 49.1044 50.7163 47.2123 47.2548 49.4069 51.3012 47.3771 43.0970 40.6994 50.4729 47.1655 2.2629 2.2798 1.8829 2.3364 2.3727 2.1565 4.9358 2.6793 1.9648 3.2092 3.4275 2.0470 5.9899 2.3978 2.1421 2.0381 3.4535 2.2607 3.3126 1.6910 1.3139 2.7100 3.7583 1.1938 4.6358 1.4188 2.6762 3.6262 4.3843 2.1251 10.0187 8.7604 10.5308 11.2825 12.7016 7.1300 18.4465 14.1345 5.8747 9.4071 18.1931 15.7514 10.8438 17.9852 17.0602 12.2225 14.4773 16.1993 8.7862 16.1566 13.2641 10.5366 11.3632 10.1582 9.6122 10.8437 7.1823 10.4347 9.3725 19.6688 28.5101 27.8547 23.4259 38.1943 25.8529 23.8869 26.0725 29.8935 26.7324 25.8035 24.8558 25.7050 28.4142 28.5219 29.5476 27.8552 30.2049 28.3585 23.8869 25.0980 29.6360 29.1212 27.3183 29.0253 30.3249 28.8879 26.3685 29.3469 30.3082 25.7787
2.3247 1.1560 0.0000 2.6576 2.9334 1.5708 2.3884 3.5254 2.1965 2.0323 1.8457 3.8351 2.9680 4.4598 1.4435 4.0478 3.3321 1.8791 1.4382 2.6792 3.5198 2.3090 2.2717 1.0287 3.5249 2.3323 2.7547 2.2872 1.4746 3.9274 48.5579 45.8174 47.7156 46.4393 45.1747 52.5699 47.1657 47.1559 47.5680 52.0990 49.4556 48.7886 45.9263 45.5659 52.2257 49.8737 50.2985 51.3149 47.1630 49.2669 50.7966 47.4368 47.3654 49.4587 51.3804 47.4877 43.3249 40.8867 50.6026 47.3543 2.4303 2.4143 2.0927 2.9253 2.0000 2.3738 5.3832 2.9888 2.3823 3.7184 3.5574 2.2902 6.4198 2.7993 2.5880 2.6433 2.8363 2.6008 3.6220 1.5770 1.2684 2.8582 3.2992 1.4355 4.8878 1.9864 2.5879 3.5063 3.9668 2.6792 10.0727 8.9893 10.5395 11.2983 12.6203 7.0637 18.1294 13.9674 6.1487 9.6548 17.9378 15.6754 11.0431 18.1849 17.1925 12.4252 14.8422 15.9326 8.9443 16.0492 13.5553 10.8489 11.3073 10.3576 9.2778 11.0360 7.2293 10.3921 9.3346 19.4386 28.7780 28.0913 23.6253 38.5248 26.1457 24.0803 26.3965 30.1850 27.0945 26.0623 25.0957 26.1195 28.6419 28.8501 29.8803 28.0812 30.4656 28.5601 24.2629 25.3033 29.7467 29.3268 27.5948 29.3077 30.5207 29.1942 26.6871 29.4543 30.5485 26.0928
1.5259 2.6611 2.6576 0.0000 1.8948 2.1444 4.2014 1.8554 2.1754 2.1945 3.2116 1.6362 1.3701 6.8415 2.9587 1.7713 3.2895 2.8232 2.6132 3.8270 5.4533 3.0488 2.2951 2.6599 1.8873 1.7539 5.0565 1.4740 2.4106 6.4090 50.7634 48.1251 50.1621 48.8602 47.4601 54.9903 49.5603 49.3898 49.8981 54.5234 51.8818 51.1244 48.1617 47.7355 54.5172 52.2892 52.6805 53.6881 49.4791 51.6093 53.2080 49.6992 49.7758 51.9091 53.7946 49.8800 45.5397 43.2260 52.9714 49.6753 1.2419 1.6551 3.3705 3.5861 3.5005 3.3266 7.2847 4.7805 2.9115 4.7691 5.6553 2.7430 8.3682 4.1957 3.9695 3.6033 4.9312 3.8996 5.0375 1.6882 2.2956 4.7648 5.0457 2.6027 7.0909 3.3880 2.0250 5.8887 6.1352 3.1722 12.4221 11.2632 12.8316 13.6964 14.8408 9.2161 20.5253 16.3495 8.1030 11.7858 20.3148 18.0245 13.1361 20.2803 19.2839 14.4401 16.8935 18.3413 11.2309 18.4856 15.6676 13.0061 13.6370 12.4337 11.5914 13.2018 9.5512 12.7836 11.6250 21.8973 30.9038 30.3432 25.8956 40.6134 28.2996 26.3246 28.4651 32.3550 29.1332 28.2794 27.3322 28.1222 30.8699 30.8632 31.9979 30.3907 32.6471 30.8471 26.2999 27.5514 32.1592 31.5633 29.7536 31.4359 32.7792 31.3456 28.7642 31.8151 32.6727 28.2607
2.3139 3.3119 2.9334 1.8948 0.0000 2.9087 3.7420 2.8474 3.3509 3.2184 3.9060 2.3800 2.0879 6.9372 3.0636 2.3950 2.1447 2.6477 2.6585 3.0909 4.8418 2.3372 3.5256 3.2535 2.8113 3.0583 5.2899 2.5969 2.3908 6.3310 51.1207 48.3626 50.2337 49.0349 47.7579 55.0321 49.6934 49.7682 50.2067 54.5299 52.0292 51.3611 48.4647 48.1900 54.8036 52.3827 52.8585 53.8856 49.6669 51.8374 53.2546 50.1134 49.9634 51.9232 53.8334 49.9909 45.9909 43.5075 53.1677 49.9586 2.4350 2.6298 3.9037 4.5827 3.5132 3.8524 8.0063 5.4623 3.9237 5.7888 6.0552 3.6622 9.0676 4.8818 4.6806 4.6744 4.6829 4.7746 5.8609 2.2917 2.7814 5.3132 5.0141 3.0234 7.4571 4.2663 2.8677 6.0412 5.9316 4.3398 12.5276 11.5734 12.7335 13.7056 14.4632 9.1504 19.9785 15.9423 8.2375 11.9933 19.7809 17.6760 13.2880 20.4402 19.4156 14.7969 17.4443 17.9515 11.5587 18.2599 16.1172 13.4434 13.4267 12.6523 11.2842 13.3785 9.7426 12.7414 11.4687 21.4687 31.3252 30.7276 26.1988 41.1775 28.6561 26.7488 29.0655 32.8982 29.7985 28.6527 27.7003 28.7952 31.2326 31.3571 32.4140 30.7536 33.0291 31.0581 26.9353 27.9556 32.3091 31.8466 30.2100 31.7986 33.1306 31.8458 29.3157 31.9599 32.8306 28.7303
1.5761 1.1626 1.5708 2.1444 2.9087 0.0000 3.5322 3.0607 1.4822 1.3888 1.7593 3.4093 2.7249 5.2256 1.6759 3.5246 3.9554 2.5254 1.9010 3.6977 4.6068 3.1848 1.8106 1.3283 2.9925 1.5962 3.6044 1.5715 1.7799 4.8587 48.8985 46.2324 48.3410 47.0518 45.5724 53.1442 47.6825 47.5106 48.0117 52.6885 50.0335 49.2929 46.2994 45.8323 52.6809 50.4616 50.8637 51.8610 47.6038 49.7565 51.3610 47.8090 47.9225 50.1074 51.9764 48.0295 43.6660 41.3345 51.1144 47.7941 1.7860 2.0837 2.3535 2.6550 2.8514 2.4181 5.5008 3.2811 2.1741 3.5843 4.1372 2.2022 6.6396 2.9880 2.6690 2.4021 4.1253 2.8087 3.7698 1.5629 1.2139 3.3740 4.3158 1.5940 5.3084 1.8420 2.5188 4.3379 5.0294 2.2627 10.6619 9.3861 11.1353 11.9487 13.2662 7.6229 19.1048 14.8075 6.3475 9.9574 18.9008 16.4221 11.3493 18.5080 17.5425 12.7118 14.9989 16.8579 9.3922 16.8255 13.8056 11.1662 11.9564 10.6278 10.2584 11.3580 7.8802 11.1278 10.0073 20.3641 29.0346 28.4926 24.0262 38.7247 26.4307 24.5424 26.6191 30.4710 27.3002 26.4116 25.4591 26.2595 28.9862 29.0177 30.1221 28.5186 30.7728 28.9759 24.4206 25.6790 30.3706 29.7337 27.8938 29.5469 30.9142 29.4269 26.8966 30.0238 30.8561 26.3789
4.1004 2.9611 2.3884 4.2014 3.7420 3.5322 0.0000 4.7789 4.0282 3.7496 3.1157 5.0288 4.2356 4.0980 2.6770 5.3661 2.9853 2.8592 2.3546 1.6755 1.8299 1.9995 3.9962 2.8537 4.7690 4.1345 2.6278 3.9300 2.3339 3.7283 48.4455 45.4910 47.1040 45.7986 44.8541 52.0717 46.6594 46.9803 47.2796 51.4934 48.7840 48.3857 45.6170 45.5335 51.8616 49.3923 49.6654 50.8314 46.8103 48.8024 50.1700 47.1988 46.8655 48.7084 50.7915 47.0825 43.1602 40.4982 50.1946 47.0352 4.2470 3.9350 3.1811 4.1907 2.0838 3.5228 6.0437 4.0372 3.7970 4.9977 3.9499 3.6709 6.7919 3.7057 3.6737 4.1846 1.5778 3.5582 4.7668 3.0299 3.1232 3.5364 2.5407 2.9862 5.0824 3.7735 3.9372 3.1905 2.7385 4.3537 9.6037 8.9503 10.0241 10.5087 11.6885 6.6360 16.7291 12.8816 6.2021 9.5607 16.8119 14.8164 10.9446 18.0071 17.1335 12.6108 14.9633 14.6409 8.7357 15.0569 13.5409 10.5806 10.5914 10.3410 7.8174 10.9124 6.5861 9.8572 8.5345 18.1681 28.7244 27.8166 23.1828 38.5599 25.9159 23.5422 26.4606 30.0512 27.1516 25.8318 24.7538 26.1603 28.3021 28.8850 29.6561 27.7312 30.3573 28.1279 24.3472 25.0258 29.1381 29.0148 27.4193 29.1041 30.2662 29.1145 26.6807 28.7066 30.1228 25.9505
2.8280 3.4228 3.5254 1.8554 2.8474 3.0607 4.7789 0.0000 2.4372 2.6721 3.5561 1.2180 1.3310 7.4861 3.9389 1.7329 3.7428 4.0926 3.3109 4.4575 6.1194 3.7050 2.3614 3.3810 1.0627 2.0254 5.5266 1.8739 3.3804 7.2300 51.5336 48.8276 50.7844 49.4540 48.0977 55.7023 50.1031 50.0566 50.5179 55.1688 52.3895 51.8328 48.8378 48.4024 55.2402 52.9393 53.3177 54.3870 50.2091 52.1757 53.8712 50.2235 50.3564 52.4898 54.4919 50.5831 46.1809 43.7482 53.5721 50.2925 1.7897 1.9564 3.7717 3.4824 3.7157 3.7166 7.7047 5.2544 2.9413 4.9414 5.9723 2.7164 8.6898 4.3228 4.2816 3.7660 5.3686 3.9299 5.2776 2.2769 3.2764 5.0365 5.1397 3.2723 7.6843 3.9291 1.7019 6.3822 6.6252 3.4319 13.1511 11.9263 13.8028 14.2692 15.8446 10.2462 21.3170 17.1816 9.0195 12.6901 21.0916 18.9193 14.1487 21.3028 20.3804 15.4555 17.4807 19.1068 11.8253 19.2657 16.3566 13.4231 14.5342 13.3914 12.1763 14.1056 10.1208 13.6767 12.5334 22.5973 31.6829 30.9258 26.4740 41.2136 28.9930 26.6949 29.0936 32.8463 29.6085 28.9240 27.9231 28.4941 31.4587 31.6187 32.6195 30.8660 33.3867 31.5147 26.7968 28.1868 32.6406 32.3006 30.3762 32.1653 33.4747 31.9050 29.4039 32.3643 33.5150 28.8331
2.1347 1.6968 2.1965 2.1754 3.3509 1.4822 4.0282 2.4372 0.0000 1.0499 1.7693 3.0657 2.3133 5.8267 2.6323 3.2238 4.3093 3.2317 2.3248 4.1561 5.3189 3.6609 1.0474 1.8874 2.4602 1.1001 4.0690 1.4805 2.5671 5.4953 49.3301 46.6283 48.7857 47.4652 46.0160 53.5963 48.0773 47.8899 48.3833 53.1960 50.3873 49.6919 46.7486 46.2242 53.0948 50.9053 51.3023 52.2893 48.0695 50.1657 51.8504 48.0969 48.3148 50.5521 52.4780 48.4652 44.0151 41.6707 51.4606 48.1770 1.5732 2.0645 2.6910 2.3623 3.1806 2.8767 5.7423 3.6360 1.8763 3.5901 4.4313 2.0342 6.7819 3.0841 2.9409 2.1771 4.4998 2.6372 3.9156 1.6956 1.8997 3.6065 4.5650 2.0565 5.7990 2.0600 2.1758 4.8041 5.6178 2.1717 11.0952 9.7736 11.8066 12.3435 14.0904 8.3089 19.8134 15.4674 6.9508 10.5130 19.5652 17.1328 11.9985 19.1382 18.2364 13.2737 15.2453 17.5201 9.7194 17.4183 14.1022 11.4026 12.6255 11.2583 10.7528 11.9129 8.2391 11.7376 10.6748 20.9400 29.4349 28.8462 24.3648 38.9712 26.8064 24.7847 26.8811 30.7223 27.4273 26.7540 25.7918 26.3730 29.2900 29.3328 30.4989 28.7826 31.2103 29.4001 24.5882 26.0294 30.7229 30.1028 28.1766 29.9812 31.3300 29.7219 27.1760 30.3835 31.3868 26.6733
1.8857 1.5691 2.0323 2.1945 3.2184 1.3888 3.7496 2.6721 1.0499 0.0000 1.8028 3.2092 2.4711 5.5473 2.1203 3.4155 4.1280 2.9021 1.9388 3.9682 4.9320 3.3413 1.4476 1.7967 2.7016 1.4493 3.8565 1.6499 2.2680 5.2608 49.2229 46.4715 48.5655 47.2891 45.8426 53.3732 47.8884 47.7665 48.2278 52.9179 50.2191 49.5639 46.5429 46.0910 52.9724 50.6849 51.1301 52.1324 47.8706 49.9475 51.6288 47.9895 48.1196 50.3167 52.2207 48.2736 43.8885 41.4951 51.2702 48.0028 1.7488 2.2093 2.6433 2.5937 3.1140 2.8371 5.7852 3.6029 2.0974 3.7193 4.3657 2.2969 6.7749 3.0874 2.8847 2.4985 4.3228 2.6932 4.0880 1.7493 1.9122 3.5401 4.5383 1.9825 5.6570 2.1208 2.4764 4.7115 5.4446 2.3398 10.8140 9.5466 11.4746 12.0876 13.6874 7.9894 19.4571 15.1235 6.6341 10.2560 19.1278 16.7441 11.7169 18.8754 17.9648 13.0542 15.1173 17.1861 9.5503 17.0736 13.9578 11.2205 12.2238 10.9373 10.4894 11.6457 8.0180 11.4229 10.3153 20.6151 29.2663 28.6678 24.1789 38.8712 26.5990 24.6782 26.7975 30.5947 27.3670 26.5614 25.5842 26.2698 29.1410 29.1907 30.3118 28.6153 31.0390 29.1440 24.5058 25.8968 30.4929 29.8769 28.0144 29.7595 31.1639 29.5846 27.0448 30.1410 31.0949 26.5529
2.9772 1.3877 1.8457 3.2116 3.9060 1.7593 3.1157 3.5561 1.7693 1.8028 0.0000 4.2075 3.4117 4.4374 2.2408 4.4626 4.3949 3.3386 2.1016 3.7481 4.2399 3.4941 1.8118 1.4349 3.5109 2.1546 2.7574 2.2974 2.3063 4.2494 48.2207 45.3957 47.4473 46.1452 44.7612 52.3364 46.7587 46.6875 47.1790 51.8740 49.0276 48.4282 45.5347 45.1055 51.8656 49.6310 49.9816 51.0215 46.8422 48.8805 50.4962 46.8829 47.0331 49.1555 51.1777 47.2412 42.8470 40.3808 50.1975 46.9301 2.7234 2.7235 2.1079 2.1986 2.5136 2.3865 4.6356 2.7527 1.8013 3.0532 3.2447 2.0745 5.6581 2.2297 2.1877 1.8591 3.4666 1.8172 3.2902 2.0934 1.9053 2.6018 3.5436 1.8206 4.5091 1.7162 2.8321 3.4340 4.3483 2.2029 9.8600 8.5784 10.6401 10.9662 12.7715 7.2147 18.4247 14.1005 5.8948 9.3548 18.3199 15.8584 10.8910 18.0885 17.2336 12.4000 14.1775 16.1549 8.4170 16.0456 13.0140 10.1219 11.3732 10.2399 9.3781 10.7632 6.8873 10.5368 9.3838 19.5231 28.3673 27.6648 23.1268 37.9143 25.6338 23.4658 25.8149 29.5699 26.3770 25.5799 24.5721 25.3129 28.0557 28.3303 29.3468 27.5628 30.0984 28.1714 23.5365 24.7956 29.4090 28.9609 27.0669 28.8401 30.1272 28.5705 26.1148 29.0608 30.2136 25.5175
2.8345 3.8807 3.8351 1.6362 2.3800 3.4093 5.0288 1.2180 3.0657 3.2092 4.2075 0.0000 1.3859 7.9943 4.2056 1.0588 3.5099 4.0176 3.6568 4.4947 6.3306 3.6696 3.0438 3.8415 1.4358 2.5755 6.0654 2.3629 3.5311 7.6231 52.1101 49.4466 51.3895 50.0705 48.7175 56.2726 50.7550 50.6895 51.1700 55.7559 53.0654 52.4427 49.4432 49.0377 55.8290 53.5381 53.9269 54.9702 50.7918 52.8162 54.4589 50.9285 50.9992 53.0976 55.0574 51.1615 46.8300 44.4371 54.2164 50.9486 2.1149 2.2555 4.2308 4.1959 4.1658 4.1400 8.3861 5.8432 3.6283 5.5939 6.5948 3.3673 9.4065 4.9923 4.8816 4.4667 5.7324 4.6575 5.8972 2.6331 3.5450 5.6667 5.6247 3.6689 8.2572 4.5003 2.2142 6.9438 7.0224 4.0394 13.6719 12.5165 14.1657 14.8630 16.1312 10.5646 21.6394 17.5314 9.4189 13.1595 21.4082 19.2654 14.5515 21.6892 20.7332 15.8436 18.1653 19.4755 12.4459 19.7132 16.9539 14.1217 14.9233 13.8147 12.5950 14.5801 10.6963 14.0635 12.8870 23.0083 32.2487 31.5522 27.1243 41.8865 29.5921 27.3979 29.7421 33.5556 30.3156 29.5470 28.5709 29.2632 32.1226 32.1944 33.2495 31.5677 33.9588 32.1167 27.5096 28.8273 33.2818 32.8717 31.0268 32.7480 34.0684 32.5926 30.0521 32.9852 33.9989 29.4951
2.2970 3.0607 2.9680 1.3701 2.0879 2.7249 4.2356 1.3310 2.3133 2.4711 3.4117 1.3859 0.0000 7.1514 3.4912 1.5500 3.0121 3.2611 2.7300 3.6925 5.6171 3.0317 2.4534 3.0020 1.7448 2.0724 5.2672 1.7925 2.8537 6.6608 51.2077 48.4900 50.4509 49.1497 47.8871 55.3016 49.8601 49.8137 50.2407 54.8449 52.1192 51.4479 48.6280 48.2025 54.9079 52.6006 53.0215 54.0282 49.8908 51.9738 53.5716 50.0243 50.0789 52.1900 54.1495 50.1973 45.9513 43.5389 53.2801 50.0310 1.5256 2.0047 3.7008 3.7776 3.4659 3.7445 7.6330 5.1205 3.1116 5.1517 5.8380 2.8546 8.7000 4.4231 4.3345 3.8652 4.8325 4.0298 5.3242 1.8285 2.6983 4.9569 4.9034 2.9632 7.4858 3.7491 1.7064 6.0380 6.2385 3.5827 12.7188 11.6099 13.2795 13.8796 15.3270 9.6466 20.7260 16.6508 8.6114 12.2934 20.5149 18.3853 13.7209 20.8646 19.8900 15.0317 17.2795 18.5445 11.5142 18.7666 16.0700 13.3161 14.0151 13.0040 11.6635 13.7038 9.7793 13.1722 12.0479 22.0644 31.3790 30.7352 26.2039 41.0325 28.7652 26.6054 28.8890 32.7255 29.4948 28.6870 27.7175 28.4655 31.2164 31.3313 32.4831 30.6688 33.1299 31.2405 26.6747 27.9369 32.4074 31.9483 30.1381 31.9419 33.2141 31.7500 29.2031 32.1044 33.2175 28.6704
6.2815 4.4604 4.4598 6.8415 6.9372 5.2256 4.0980 7.4861 5.8267 5.5473 4.4374 7.9943 7.1514 0.0000 4.3166 8.3301 6.8032 5.3193 4.9924 5.4010 3.6585 5.5023 5.6830 4.4839 7.3619 6.0168 2.3598 6.0784 4.9229 1.8655 44.7530 41.8938 43.5123 42.2996 41.0742 48.5174 42.9846 43.1891 43.5359 47.8886 45.3086 44.8989 41.8370 41.7074 48.2551 45.7140 46.2165 47.2626 43.1176 45.0531 46.5863 43.4611 43.2044 45.2114 47.1875 43.4626 39.4353 36.7820 46.5511 43.2749 6.4779 6.1183 4.2375 5.0430 4.3667 4.5479 3.3566 3.1500 5.1384 4.5086 2.4611 5.2771 3.7970 3.9012 3.9142 4.7229 3.7642 4.3225 4.1685 5.6103 5.0150 3.0799 4.0859 4.5771 1.8066 4.3091 6.3457 2.0615 2.8982 5.1034 6.7220 5.6033 7.1826 7.6879 9.1978 4.8991 14.5453 10.4020 4.2564 6.4687 14.3471 11.8726 7.8046 14.6908 13.9069 9.5363 11.5591 12.3430 5.7214 12.2104 10.2971 7.3636 7.8692 7.3440 6.5045 7.7351 4.1204 6.7415 6.0002 15.6825 25.1967 24.1443 19.8527 34.8972 22.3846 20.2100 22.8646 26.3842 23.5580 22.2230 21.2430 22.5859 24.9130 25.4836 25.9968 24.1046 26.6106 24.6319 20.7944 21.4868 25.5751 25.6108 23.9671 25.5517 26.6381 25.4383 23.1835 25.4865 26.7925 22.2649
2.2277 1.4465 1.4435 2.9587 3.0636 1.6759 2.6770 3.9389 2.6323 2.1203 2.2408 4.2056 3.4912 4.3166 0.0000 4.4352 3.7480 2.0242 1.7065 3.2027 3.4103 2.5816 2.7236 1.6838 3.7930 2.6870 2.9333 2.5709 1.4861 3.9807 48.3685 45.6114 47.5198 46.3120 44.9023 52.3543 46.9193 46.9546 47.3815 51.8012 49.3109 48.7042 45.5866 45.3196 52.0674 49.6502 50.1478 51.1747 46.8720 48.9907 50.5455 47.2895 47.1701 49.2507 51.0958 47.2700 43.1417 40.6782 50.4116 47.1316 2.8209 2.7803 2.2153 3.1798 2.5369 2.4387 5.3714 3.1099 2.7432 3.8869 3.7040 2.8024 6.3752 2.9465 2.6055 3.0590 3.4499 3.0002 3.9410 2.1526 1.8378 3.0995 3.9553 1.6088 4.7289 2.2759 3.2737 3.7584 4.2036 2.9071 9.8747 8.7765 10.1830 11.1731 12.1584 6.8288 17.9597 13.7011 5.6527 9.2703 17.6547 15.2626 10.5926 17.7485 16.8250 12.1251 14.6133 15.7991 8.8836 15.8152 13.3501 10.6184 10.9279 9.8951 9.3867 10.6723 7.1798 10.1405 8.9909 19.3069 28.5054 27.8348 23.4330 38.3229 25.7939 24.0037 26.2222 29.9929 26.9602 25.7778 24.8318 25.9089 28.4400 28.5764 29.5084 27.8874 30.1578 28.2262 24.0866 25.1555 29.5345 29.0554 27.3739 28.9385 30.3129 28.9548 26.4658 29.2275 30.0594 25.8512
2.7801 4.0940 4.0478 1.7713 2.3950 3.5246 5.3661 1.7329 3.2238 3.4155 4.4626 1.0588 1.5500 8.3301 4.4352 0.0000 3.6761 4.0939 3.7923 4.6851 6.6648 4.0063 3.3811 4.0767 1.9539 2.8416 6.4588 2.6020 3.7591 7.8299 52.2676 49.6014 51.6532 50.3661 48.9942 56.4583 51.0255 50.8901 51.3819 56.0257 53.3431 52.5958 49.7113 49.2380 56.0375 53.7741 54.2000 55.2005 50.9975 53.1360 54.7258 51.1623 51.2705 53.3997 55.3077 51.3555 47.0442 44.6974 54.4361 51.1708 2.2022 2.7186 4.6776 4.6861 4.6178 4.6224 8.6815 6.2041 4.0772 6.0456 6.9822 3.8456 9.7675 5.4646 5.3238 4.8264 6.0680 5.1411 6.2794 2.8654 3.6473 6.1120 6.1003 3.9905 8.5703 4.7383 2.6834 7.2467 7.4303 4.4315 13.8450 12.7125 14.3142 15.0696 16.3034 10.6415 21.8827 17.7375 9.5055 13.2749 21.6486 19.4737 14.6615 21.8181 20.7963 15.9432 18.3090 19.7304 12.6404 19.9251 17.1068 14.4225 15.0686 13.9540 12.8421 14.7036 10.9562 14.2826 13.0984 23.2474 32.3970 31.8536 27.3433 42.0553 29.7900 27.7518 29.9202 33.8227 30.5493 29.7781 28.8158 29.5016 32.3033 32.3016 33.5133 31.8430 34.1756 32.3400 27.6986 29.0374 33.6106 33.0420 31.2162 32.9544 34.3036 32.8079 30.2224 33.2731 34.1956 29.7431
3.7096 4.0065 3.3321 3.2895 2.1447 3.9554 2.9853 3.7428 4.3093 4.1280 4.3949 3.5099 3.0121 6.8032 3.7480 3.6761 0.0000 3.0359 2.8853 1.8486 4.0481 1.7435 4.4187 3.7921 3.9802 4.2109 5.0670 3.7791 2.8738 6.1813 51.0957 48.1912 49.8325 48.5387 47.6401 54.7380 49.4409 49.7361 50.0221 54.1845 51.5625 51.0261 48.4023 48.2508 54.5872 52.1019 52.3844 53.5432 49.5374 51.6050 52.9105 49.9729 49.6311 51.4521 53.5081 49.7673 45.8963 43.2968 52.9318 49.7901 3.7393 3.7436 4.4744 5.2676 3.3592 4.5842 8.3755 5.9034 4.6080 6.4785 6.1920 4.2911 9.3202 5.3377 5.2358 5.3591 3.7609 5.0257 6.3526 3.0495 3.6270 5.5234 4.2809 3.8748 7.6537 5.0259 3.5215 5.7405 5.1705 5.2325 12.1875 11.5581 12.5191 13.1515 14.0773 8.8650 18.9844 15.3421 8.4728 12.0998 19.0478 17.2801 13.4293 20.5233 19.5079 14.9624 17.5637 16.9922 11.3623 17.6068 16.1573 13.3139 13.0531 12.7471 10.1533 13.4297 9.2580 12.4394 11.0850 20.5905 31.3269 30.5876 25.8763 41.2656 28.6408 26.3163 29.1154 32.8096 29.8656 28.5838 27.5162 28.8699 31.0032 31.4562 32.4427 30.5201 33.0694 30.8433 27.0194 27.7550 31.9163 31.6798 30.1070 31.7788 32.9837 31.8385 29.3210 31.4372 32.7614 28.7358
2.2578 2.3756 1.8791 2.8232 2.6477 2.5254 2.8592 4.0926 3.2317 2.9021 3.3386 4.0176 3.2611 5.3193 2.0242 4.0939 3.0359 0.0000 2.0004 2.6396 3.6994 2.2603 3.4157 2.5558 4.0883 3.3209 3.9767 3.1408 1.9626 4.5870 49.0392 46.3370 48.2644 46.9852 45.7773 53.0140 47.7744 47.7873 48.1467 52.5865 50.0736 49.3165 46.4643 46.1772 52.7308 50.3723 50.8022 51.8233 47.6096 49.8934 51.3287 48.1567 47.9546 50.0161 51.8017 47.9399 43.9439 41.5940 51.2195 47.9499 3.0354 3.1862 3.3735 4.2671 3.1551 3.5996 6.5798 4.2756 3.6948 5.0979 4.8873 3.5837 7.6004 4.2274 3.9157 4.0398 3.5843 4.1096 4.9357 2.3866 2.1898 4.2813 4.4495 2.6119 5.8864 3.3271 3.5564 4.5788 4.7648 3.9478 10.5165 9.6438 10.6021 11.8887 12.6624 7.1083 18.2262 14.0714 6.4948 10.0191 17.9661 15.7880 11.2757 18.3023 17.2683 12.5648 15.5255 16.0821 9.7203 16.3015 14.1297 11.6699 11.4700 10.6243 9.6388 11.4149 7.8959 10.5912 9.4831 19.7134 29.2017 28.6956 24.2119 39.1713 26.6409 24.9371 27.0354 30.9186 27.8776 26.6094 25.6941 26.9325 29.2318 29.2746 30.4616 28.7754 30.9514 29.0098 25.0000 25.9487 30.3692 29.7110 28.1332 29.8000 31.1006 29.8853 27.2702 29.9313 30.8128 26.7524
2.2598 1.7574 1.4382 2.6132 2.6585 1.9010 2.3546 3.3109 2.3248 1.9388 2.1016 3.6568 2.7300 4.9924 1.7065 3.7923 2.8853 2.0004 0.0000 2.4052 3.5515 2.2163 2.5929 1.6872 3.4293 2.5871 3.3719 2.3246 1.5399 4.5606 49.1094 46.2456 48.1849 46.9090 45.7145 53.0143 47.6305 47.6928 48.0605 52.5414 49.8430 49.2465 46.4415 46.1096 52.7489 50.3696 50.7173 51.8250 47.6517 49.7689 51.2391 47.9189 47.8447 49.8961 51.8405 47.9975 43.8417 41.3434 51.0586 47.8450 2.4567 2.7426 2.8584 3.4859 2.3804 3.0972 6.0983 3.8044 2.8475 4.4836 4.3197 2.7854 7.0699 3.4566 3.2564 3.3271 3.1355 3.2243 4.4778 1.6324 1.7832 3.6175 3.6720 2.0728 5.5599 2.7606 2.8396 4.0035 4.3752 3.3450 10.3754 9.4143 10.8536 11.4722 12.8597 7.2443 18.3306 14.2138 6.4059 9.9977 18.2015 16.0331 11.4300 18.6189 17.6532 12.9327 15.2094 16.1406 9.3118 16.2790 13.9434 11.1700 11.5286 10.7160 9.3608 11.3660 7.5116 10.8630 9.5944 19.6718 29.2514 28.6387 23.9645 39.0027 26.5483 24.5559 26.9460 30.6622 27.6130 26.5206 25.4853 26.5301 28.9862 29.2782 30.3252 28.5345 31.0127 28.9290 24.7146 25.7572 30.2316 29.7287 27.9768 29.7264 31.0542 29.6576 27.1262 29.7585 30.8918 26.5934
3.9154 3.4404 2.6792 3.8270 3.0909 3.6977 1.6755 4.4575 4.1561 3.9682 3.7481 4.4947 3.6925 5.4010 3.2027 4.6851 1.8486 2.6396 2.4052 0.0000 2.8478 1.5818 4.2909 3.2189 4.6267 4.2408 3.8128 3.9207 2.4172 4.7614 49.5183 46.5862 48.2329 46.9033 46.0812 53.1648 47.8815 48.1518 48.4075 52.6579 49.9379 49.3806 46.8639 46.7056 52.9579 50.5288 50.7680 51.9231 47.9517 50.0459 51.3387 48.3760 48.0409 49.8872 51.9446 48.1724 44.2970 41.7191 51.3553 48.1982 4.0593 3.9528 3.8972 4.8694 2.6876 4.2514 7.1860 4.9612 4.3212 5.8771 5.0970 4.0676 8.0726 4.6787 4.6147 4.8164 2.3744 4.3954 5.6154 2.9617 3.2380 4.5892 3.2447 3.4946 6.3768 4.3813 3.7662 4.3062 3.7767 4.8975 10.6436 10.1127 11.0412 11.5607 12.6902 7.4311 17.5063 13.9010 7.1792 10.6544 17.6713 15.8193 12.0161 19.0459 18.0723 13.5704 16.0948 15.4516 9.8654 16.0476 14.6490 11.8711 11.5778 11.3842 8.5935 11.9910 7.7272 10.9371 9.6101 19.0633 29.7955 29.0535 24.3005 39.7245 27.1233 24.7564 27.5886 31.2774 28.3664 27.0315 25.9547 27.4060 29.4292 29.9400 30.9147 28.9488 31.5338 29.3047 25.5223 26.1514 30.3641 30.1150 28.5587 30.2696 31.4372 30.3129 27.7974 29.8679 31.2832 27.1967
5.1856 4.0364 3.5198 5.4533 4.8418 4.6068 1.8299 6.1194 5.3189 4.9320 4.2399 6.3306 5.6171 3.6585 3.4103 6.6648 4.0481 3.6994 3.5515 2.8478 0.0000 3.0876 5.2055 3.9975 6.0356 5.3865 2.9781 5.1965 3.4191 3.4435 47.7306 44.6792 46.1259 44.9235 43.9705 51.1312 45.6832 46.2210 46.4678 50.4481 47.9003 47.6346 44.7506 44.8082 51.0840 48.4030 48.7988 49.9947 45.9065 47.8759 49.1714 46.5031 45.9709 47.6836 49.7394 46.1723 42.4632 39.6546 49.3276 46.1829 5.5194 5.1414 3.9828 5.2252 3.2052 4.2340 6.1673 4.5541 4.8193 5.6689 4.1432 4.7969 6.8600 4.3513 4.3106 5.1880 2.2439 4.4761 5.3854 4.3659 4.2752 4.0613 3.2944 4.0288 4.8524 4.6720 5.2367 3.3583 2.5458 5.3718 8.9531 8.4804 9.1146 9.8697 10.5040 6.1121 15.5842 11.6332 5.9207 9.0224 15.5844 13.6589 10.2755 17.2283 16.3967 12.1144 14.5771 13.6152 8.3859 14.0328 13.1535 10.0795 9.6373 9.7890 7.1171 10.3246 6.1546 8.9349 7.5585 17.1188 28.0437 27.0351 22.5267 38.0026 25.1337 22.8883 25.9147 29.4308 26.7208 25.0998 24.0184 25.7035 27.5881 28.3182 28.9500 27.0074 29.5944 27.2280 23.8967 24.3839 28.1733 28.2367 26.8232 28.3481 29.5385 28.4640 26.1322 27.7778 29.2294 25.3002
3.2019 2.9691 2.3090 3.0488 2.3372 3.1848 1.9995 3.7050 3.6609 3.3413 3.4941 3.6696 3.0317 5.5023 2.5816 4.0063 1.7435 2.2603 2.2163 1.5818 3.0876 0.0000 3.6373 2.8897 3.7437 3.5423 3.7884 3.2565 1.8609 4.9983 49.9631 47.0827 48.6754 47.4386 46.4031 53.6076 48.2394 48.5372 48.8338 53.0152 50.4911 49.9896 47.1247 47.0284 53.4630 50.9056 51.3425 52.4336 48.3319 50.3483 51.7713 48.8082 48.4475 50.3142 52.3175 48.5873 44.7061 42.0896 51.7580 48.5753 3.3695 3.1246 3.2431 4.2631 2.4390 3.5128 7.1572 4.6807 3.7405 5.3785 4.9300 3.5320 8.0505 4.1940 4.1035 4.4209 2.8435 3.9619 5.3082 2.4640 2.9728 4.3056 3.5697 2.8380 6.3602 3.9882 3.1385 4.7065 4.2377 4.2722 11.0608 10.3403 11.4155 12.1581 13.0762 7.9751 18.2139 14.4068 7.2677 10.9337 18.0546 16.1297 12.2772 19.3433 18.3840 13.7918 16.4045 16.1854 10.2687 16.6221 15.0049 12.1228 11.9768 11.5753 9.4880 12.3120 8.1974 11.2466 10.0037 19.7077 30.1398 29.2930 24.7824 40.0534 27.3932 25.1571 27.8866 31.5923 28.6322 27.3176 26.3004 27.6405 29.9050 30.2769 31.1480 29.2786 31.7953 29.6395 25.8166 26.6138 30.6551 30.4855 28.9543 30.5536 31.7864 30.6188 28.1394 30.3332 31.5495 27.4836
2.4412 1.7459 2.2717 2.2951 3.5256 1.8106 3.9962 2.3614 1.0474 1.4476 1.8118 3.0438 2.4534 5.6830 2.7236 3.3811 4.4187 3.4157 2.5929 4.2909 5.2055 3.6373 0.0000 1.9601 2.2408 0.9235 3.8936 1.4946 2.6751 5.4887 49.3559 46.6789 48.7198 47.4082 45.9244 53.5984 47.9844 47.8595 48.3618 53.1217 50.3377 49.7550 46.6759 46.2046 53.0912 50.8397 51.2780 52.2699 48.0638 50.0580 51.8006 48.0642 48.2494 50.4601 52.4070 48.4544 44.0130 41.6061 51.4346 48.1445 1.7248 1.7030 2.2424 1.8151 2.8982 2.3139 5.5455 3.3397 1.3142 3.0640 4.0982 1.4624 6.5581 2.5474 2.4724 1.8024 4.3735 2.1685 3.4710 1.7472 2.1304 3.2302 4.2914 1.8943 5.6280 1.9266 1.8804 4.7203 5.4367 1.7122 11.2219 9.8224 11.9101 12.4601 14.1608 8.5766 19.8529 15.4612 7.1710 10.6496 19.5405 17.1425 12.1360 19.2364 18.3796 13.4072 15.3460 17.5674 9.8038 17.4831 14.2311 11.3669 12.7459 11.4153 10.8407 12.0829 8.2906 11.7392 10.7398 20.9782 29.5168 28.7583 24.4275 39.0008 26.8271 24.6804 26.8963 30.6764 27.4066 26.7516 25.8008 26.3484 29.3435 29.4553 30.4763 28.7297 31.1874 29.4110 24.6168 26.0571 30.5799 30.1605 28.2421 30.0383 31.3143 29.7219 27.2436 30.3658 31.4483 26.6348
2.3385 1.0642 1.0287 2.6599 3.2535 1.3283 2.8537 3.3810 1.8874 1.7967 1.4349 3.8415 3.0020 4.4839 1.6838 4.0767 3.7921 2.5558 1.6872 3.2189 3.9975 2.8897 1.9601 0.0000 3.4062 2.0216 2.7583 1.9695 1.8294 4.1413 48.4498 45.7509 47.6988 46.4029 45.0816 52.5720 47.1221 47.0175 47.4734 52.0815 49.3943 48.7175 45.8225 45.4084 52.1540 49.8694 50.2404 51.2665 47.1356 49.1833 50.7633 47.2750 47.3121 49.4532 51.3993 47.4972 43.1939 40.7759 50.5344 47.2625 2.2164 2.2207 1.9648 2.5206 2.0495 2.1718 5.0668 2.6121 2.0379 3.1842 3.3935 1.9278 6.1120 2.4512 2.2376 2.1132 3.1722 2.2463 3.2223 1.6317 1.2493 2.6123 3.3124 1.2993 4.7681 1.6402 2.4192 3.4752 4.1360 2.1304 10.1780 8.9417 10.7544 11.3163 12.8673 7.2762 18.3891 14.2582 6.2446 9.6649 18.2346 15.9039 11.0890 18.2411 17.2607 12.4614 14.6709 16.1528 8.8679 16.2100 13.4669 10.7285 11.4948 10.3764 9.4833 11.0276 7.2794 10.5991 9.5718 19.6455 28.7241 28.0235 23.5422 38.3545 26.0945 23.9654 26.2577 30.0096 26.8889 26.0023 25.0180 25.8871 28.5594 28.7738 29.7568 27.9853 30.3910 28.5563 24.0743 25.1850 29.7506 29.3384 27.4906 29.2276 30.4300 29.0296 26.5521 29.4849 30.5682 25.9623
2.7699 3.3260 3.5249 1.8873 2.8113 2.9925 4.7690 1.0627 2.4602 2.7016 3.5109 1.4358 1.7448 7.3619 3.7930 1.9539 3.9802 4.0883 3.4293 4.6267 6.0356 3.7437 2.2408 3.4062 0.0000 1.8703 5.4916 1.8270 3.3073 7.1490 51.4037 48.7133 50.6618 49.3708 47.9006 55.5719 49.9155 49.8919 50.4034 55.0165 52.2928 51.7951 48.6165 48.2346 55.1168 52.7926 53.2328 54.2828 50.0396 52.0021 53.7118 50.1111 50.2298 52.3483 54.3144 50.4431 46.0688 43.6058 53.4444 50.1604 1.9159 1.7561 3.4510 3.2297 3.6871 3.3640 7.5171 5.1072 2.7583 4.6885 5.8074 2.5960 8.4872 4.0824 4.0192 3.6408 5.4562 3.8501 5.0913 2.2689 3.2677 4.8900 5.2420 3.0586 7.4640 3.8069 1.8445 6.3554 6.6216 3.2496 13.0945 11.8196 13.6502 14.2731 15.6566 10.2235 21.3000 17.0210 8.8250 12.5139 21.0010 18.7384 13.9394 21.0892 20.2173 15.3001 17.3823 19.1190 11.7879 19.2054 16.2458 13.2809 14.4244 13.2444 12.2682 13.9717 10.0970 13.5287 12.3829 22.5620 31.5576 30.7474 26.4148 41.0718 28.7862 26.5917 28.9620 32.7180 29.4642 28.7536 27.7907 28.3659 31.3571 31.4845 32.3982 30.7431 33.1847 31.3617 26.6758 28.0937 32.4801 32.1717 30.2758 31.9989 33.3327 31.7673 29.2969 32.2520 33.2777 28.6453
2.0265 1.8969 2.3323 1.7539 3.0583 1.5962 4.1345 2.0254 1.1001 1.4493 2.1546 2.5755 2.0724 6.0168 2.6870 2.8416 4.2109 3.3209 2.5871 4.2408 5.3865 3.5423 0.9235 2.0216 1.8703 0.0000 4.2445 0.8944 2.4883 5.7830 49.7533 47.1196 49.1714 47.8699 46.3666 54.0415 48.4682 48.2917 48.8117 53.5608 50.8347 50.1837 47.1015 46.6144 53.5211 51.2836 51.7381 52.7109 48.4805 50.5184 52.2439 48.5274 48.7179 50.9394 52.8473 48.8912 44.4475 42.0937 51.9167 48.5995 1.2253 1.2970 2.3682 2.1178 2.9813 2.3855 5.9689 3.6163 1.6374 3.3789 4.4815 1.5946 7.0255 2.9196 2.7753 2.1472 4.6482 2.6998 3.7419 1.5082 1.9515 3.5953 4.5080 1.8634 6.0034 2.1539 1.6135 5.0504 5.6693 1.8227 11.6618 10.2896 12.2690 12.9042 14.4538 8.8595 20.1662 15.8652 7.4459 11.0124 19.8832 17.4646 12.4427 19.5562 18.6464 13.7289 15.8036 17.9101 10.2849 17.8812 14.6729 11.8994 13.0870 11.7337 11.2002 12.4409 8.7648 12.1325 11.1199 21.3649 29.9434 29.2485 24.9065 39.4648 27.2967 25.2052 27.3640 31.1775 27.9139 27.2267 26.2904 26.8653 29.8424 29.8875 30.9099 29.2477 31.6039 29.8902 25.1067 26.5147 31.0934 30.6420 28.7294 30.4566 31.7648 30.2000 27.7156 30.8934 31.8468 27.1156
4.7212 2.8438 2.7547 5.0565 5.2899 3.6044 2.6278 5.5266 4.0690 3.8565 2.7574 6.0654 5.2672 2.3598 2.9333 6.4588 5.0670 3.9767 3.3719 3.8128 2.9781 3.7884 3.8936 2.7583 5.4916 4.2445 0.0000 4.3388 3.2504 2.6185 46.6502 43.8309 45.4777 44.1542 42.9994 50.5112 44.9568 45.1215 45.4574 49.8854 47.1890 46.7720 43.7837 43.5833 50.1628 47.7375 48.0802 49.1648 45.1187 46.9858 48.5775 45.3065 45.1304 47.1641 49.2160 45.4421 41.2664 38.6716 48.4775 45.2263 4.7468 4.3288 2.6345 3.3734 2.5611 3.0779 3.8783 2.3231 3.4359 3.4900 1.9827 3.4850 4.5412 2.5356 2.5614 3.2218 2.3196 2.4967 3.2286 3.8146 3.4914 1.8819 2.5540 3.0608 3.0638 2.9067 4.4079 1.7495 2.3030 3.5766 8.2184 7.1515 8.9759 9.2194 10.9696 5.9594 16.1642 12.2166 5.1077 8.1465 16.0919 13.7958 9.5923 16.5757 15.7548 11.0924 13.1137 13.9169 7.0642 14.0254 11.8325 8.7596 9.5783 8.8519 7.4076 9.4702 5.2025 8.5790 7.6291 17.3725 26.9415 25.8970 21.5034 36.6257 24.1898 21.6780 24.5038 28.0592 25.1280 24.0286 22.9760 24.1357 26.6148 27.1487 27.7871 25.8534 28.4886 26.4824 22.3688 23.2123 27.4133 27.4005 25.6631 27.3207 28.4311 27.1572 24.8058 27.2211 28.6279 24.0384
1.7975 1.9872 2.2872 1.4740 2.5969 1.5715 3.9300 1.8739 1.4805 1.6499 2.2974 2.3629 1.7925 6.0784 2.5709 2.6020 3.7791 3.1408 2.3246 3.9207 5.1965 3.2565 1.4946 1.9695 1.8270 0.8944 4.3388 0.0000 2.2629 5.8338 49.9823 47.3322 49.3636 48.0627 46.6116 54.2419 48.6966 48.5419 49.0565 53.7349 51.0179 50.3610 47.3346 46.8844 53.7289 51.4936 51.9017 52.9158 48.6951 50.7579 52.4225 48.7875 48.9434 51.1170 53.0388 49.1094 44.7046 42.3399 52.1616 48.8343 1.0377 1.2289 2.5538 2.5391 2.8124 2.5052 6.2683 3.8160 1.9488 3.7336 4.7069 1.7603 7.3590 3.1585 2.9991 2.5626 4.5577 3.0082 4.0305 1.2085 1.8040 3.8127 4.3884 1.8532 6.2087 2.4602 1.5299 5.0700 5.5509 2.1905 11.8419 10.5427 12.3732 13.0019 14.4489 8.8785 20.0997 15.8977 7.6031 11.1731 19.9106 17.5313 12.5797 19.7312 18.7908 13.9478 16.0713 17.8786 10.4932 17.9444 14.9392 12.1651 13.1696 11.8990 11.1450 12.5903 8.9035 12.2869 11.2006 21.3873 30.2200 29.5564 25.1268 39.7796 27.5674 25.4872 27.6861 31.4859 28.2810 27.5140 26.5606 27.2135 30.0956 30.1838 31.1775 29.5409 31.8806 30.1284 25.4488 26.7614 31.3564 30.9037 28.9918 30.7144 32.0225 30.5009 28.0177 31.1066 32.0579 27.4136
2.2448 1.7059 1.4746 2.4106 2.3908 1.7799 2.3339 3.3804 2.5671 2.2680 2.3063 3.5311 2.8537 4.9229 1.4861 3.7591 2.8738 1.9626 1.5399 2.4172 3.4191 1.8609 2.6751 1.8294 3.3073 2.4883 3.2504 2.2629 0.0000 4.5495 49.1490 46.3702 48.2546 46.9711 45.7015 53.1444 47.7188 47.7420 48.1688 52.6192 50.0001 49.3601 46.4235 46.1608 52.7689 50.4447 50.8228 51.8695 47.6685 49.7918 51.2940 48.0437 47.9434 49.9572 51.8842 48.0641 43.8935 41.4615 51.2107 47.9196 2.5831 2.4215 2.4009 3.2519 2.2933 2.6165 6.0260 3.6950 2.7915 4.3219 4.2303 2.7114 7.0399 3.2843 3.0766 3.2604 3.2531 3.1553 4.3594 1.6270 1.7544 3.5721 3.7041 1.8620 5.4373 2.7464 2.7883 4.0965 4.2206 3.1370 10.5257 9.5695 10.9003 11.7284 12.7298 7.3406 18.3547 14.2752 6.3207 10.0337 18.2621 15.9400 11.3828 18.5339 17.5867 12.9193 15.3916 16.2022 9.5099 16.3951 14.0704 11.3173 11.6146 10.7423 9.5388 11.4753 7.6695 10.8483 9.5802 19.7584 29.2680 28.6099 24.0873 39.1255 26.5842 24.5420 26.9554 30.7763 27.7044 26.5607 25.5693 26.6764 29.1351 29.3268 30.2940 28.6490 30.9744 28.9992 24.8398 25.8293 30.2645 29.8113 28.1349 29.7090 31.0641 29.7441 27.2254 29.8801 30.8295 26.6242
5.7845 4.1371 3.9274 6.4090 6.3310 4.8587 3.7283 7.2300 5.4953 5.2608 4.2494 7.6231 6.6608 1.8655 3.9807 7.8299 6.1813 4.5870 4.5606 4.7614 3.4435 4.9983 5.4887 4.1413 7.1490 5.7830 2.6185 5.8338 4.5495 0.0000 45.1823 42.2818 44.0125 42.8809 41.7112 48.8666 43.5439 43.7216 44.0573 48.4056 45.8874 45.2419 42.5152 42.3043 48.7202 46.1720 46.8022 47.7261 43.5859 45.7375 47.1290 44.0761 43.7778 45.7554 47.6878 43.7933 40.0099 37.3871 46.9983 43.8079 6.0615 5.9027 4.2691 5.2788 4.2926 4.6709 4.0650 3.5341 5.1521 4.9990 2.9448 5.2589 4.8329 4.2941 4.2480 4.7727 3.2884 4.4963 4.5520 5.2385 4.4857 3.5065 4.1406 4.3002 2.7930 4.1363 6.0617 2.3504 3.1448 5.1894 6.8909 5.9292 7.2717 8.0461 9.3679 4.5919 14.6998 10.4797 4.1532 6.7114 14.4359 12.0576 8.0625 15.0189 14.1086 9.7479 12.0832 12.5743 6.0435 12.4882 10.6924 8.1888 7.9552 7.6703 6.5970 7.9774 4.5318 6.9215 6.1788 15.8492 25.6006 24.8038 20.4085 35.4282 22.9411 21.0187 23.3520 27.0838 24.1765 22.7694 21.8698 23.3363 25.4035 25.8292 26.7723 24.7239 27.1852 25.1672 21.3724 22.0437 26.1923 25.9739 24.4932 26.1459 27.1805 26.0409 23.6888 26.0862 27.3138 22.9242
49.8417 48.3546 48.5579 50.7634 51.1207 48.8985 48.4455 51.5336 49.3301 49.2229 48.2207 52.1101 51.2077 44.7530 48.3685 52.2676 51.0957 49.0392 49.1094 49.5183 47.7306 49.9631 49.3559 48.4498 51.4037 49.7533 46.6502 49.9823 49.1490 45.1823 0.0000 9.4207 15.2971 13.3702 10.5741 15.0151 15.4483 7.4503 8.5497 17.6300 15.1324 10.8505 10.7976 7.4578 7.4779 14.9664 13.0271 10.1018 9.9337 14.1227 15.4927 9.6757 12.6451 18.3195 15.8646 12.3898 8.6529 14.6616 14.6012 10.7878 50.2721 50.1582 48.3901 48.5357 48.8176 48.5824 44.0939 46.5956 48.9473 47.2609 46.1489 49.1763 43.2497 47.7135 47.6868 47.9869 47.8614 48.0109 46.8924 49.7048 48.7750 46.9644 48.0996 48.7098 44.2105 47.7572 50.4389 45.7652 46.5952 48.4681 39.7318 40.1921 39.3963 39.0849 39.1630 42.8520 36.9339 38.3354 43.7686 39.6805 37.4020 36.5404 38.4313 31.7579 32.8859 37.1314 34.7941 37.2123 40.4321 35.5416 35.8723 39.2244 39.3645 39.2302 42.7543 38.3526 42.5026 39.3279 40.9977 35.2208 21.5343 22.8706 27.1122 13.8992 25.0306 28.7234 24.0486 20.9605 24.2812 24.4403 25.7788 26.1098 23.0097 22.6629 21.6641 23.3477 19.2956 23.2860 26.6290 24.4999 24.3555 22.2041 23.0493 22.0813 19.5236 21.6406 23.9978 24.6956 23.0952 23.9949
47.2287 45.6505 45.8174 48.1251 48.3626 46.2324 45.4910 48.8276 46.6283 46.4715 45.3957 49.4466 48.4900 41.8938 45.6114 49.6014 48.1912 46.3370 46.2456 46.5862 44.6792 47.0827 46.6789 45.7509 48.7133 47.1196 43.8309 47.3322 46.3702 42.2818 9.4207 0.0000 10.9079 11.3046 9.3033 11.5400 10.4918 7.0942 6.9554 14.5434 10.7575 7.4570 10.7276 9.6572 9.8356 11.4600 12.0947 10.3972 6.7639 11.9292 11.7282 8.5079 9.6925 13.4646 12.9265 8.3810 8.0256 9.3024 9.6002 6.9595 47.6344 47.5649 45.7050 45.9374 46.0685 45.9654 41.5002 44.0472 46.2567 44.7961 43.4062 46.5620 40.6692 45.0419 45.0625 45.4141 44.8914 45.2884 44.4803 47.0020 46.1235 44.2893 45.2768 46.0213 41.4818 45.1442 47.7767 42.9789 43.7591 45.9618 36.3828 37.1399 36.2977 35.5321 35.6720 39.8517 33.0757 34.4899 40.7149 36.7072 33.4238 32.9154 35.6081 29.3295 30.5863 34.8490 31.8698 33.7221 37.2692 31.7416 32.9191 36.0010 35.9164 36.5198 39.3393 35.3122 39.3498 36.3197 37.7267 30.8533 18.8429 20.1278 23.5819 12.1369 21.3219 25.2734 21.5279 18.3996 21.8589 20.8955 22.0555 23.2107 18.6566 19.7403 19.1800 19.5735 17.5308 18.9804 23.7238 21.4159 19.9372 18.1706 19.9654 18.8925 17.0368 18.4334 21.1909 19.8584 19.4915 21.2481
49.3587 47.6626 47.7156 50.1621 50.2337 48.3410 47.1040 50.7844 48.7857 48.5655 47.4473 51.3895 50.4509 43.5123 47.5198 51.6532 49.8325 48.2644 48.1849 48.2329 46.1259 48.6754 48.7198 47.6988 50.6618 49.1714 45.4777 49.3636 48.2546 44.0125 15.2971 10.9079 0.0000 8.0103 10.2094 8.1884 6.5461 11.9021 8.7490 6.8966 8.1618 11.9504 11.5539 14.9443 13.0939 5.2060 11.1192 9.3200 9.4539 7.4558 5.9909 12.3476 4.9067 5.1700 6.5162 7.6350 13.9205 10.2068 7.8388 8.1153 49.6873 49.4359 47.4340 47.8477 47.6612 47.7245 43.5916 45.8663 48.1854 46.6973 45.0423 48.4323 42.6587 46.8096 46.8780 47.4520 46.3959 47.1343 46.3127 48.9573 48.1746 45.9889 46.7044 47.8918 43.3307 47.1904 49.6025 44.7343 45.1772 47.9507 38.4346 39.3278 38.3290 37.3426 37.2990 42.1065 33.2122 35.7467 43.0132 39.2126 33.1014 33.7437 38.1759 32.2082 33.4269 37.5987 35.1086 34.4755 39.5462 32.9765 35.9465 38.2318 37.6310 38.9760 40.7353 37.9024 41.3063 37.9360 39.5505 31.0179 23.6628 22.1541 26.5210 19.1422 24.9143 26.8834 25.8942 21.9646 25.9339 24.1362 24.9834 27.1843 22.8388 25.4743 22.4853 21.5556 21.0159 21.6342 27.9832 24.7257 19.1640 21.9601 24.3974 22.9835 20.2346 22.5826 25.8247 21.2487 22.8514 24.6381
48.0826 46.3779 46.4393 48.8602 49.0349 47.0518 45.7986 49.4540 47.4652 47.2891 46.1452 50.0705 49.1497 42.2996 46.3120 50.3661 48.5387 46.9852 46.9090 46.9033 44.9235 47.4386 47.4082 46.4029 49.3708 47.8699 44.1542 48.0627 46.9711 42.8809 13.3702 11.3046 8.0103 0.0000 9.8910 13.2471 11.1469 12.0980 9.1194 12.6870 7.0769 10.7253 11.4324 13.7449 10.8258 11.4967 6.2105 7.7104 11.0608 9.7551 10.3207 10.7999 6.5512 10.1110 11.5298 11.4461 11.2693 11.1467 12.6314 10.3886 48.4314 48.1483 46.1987 46.4763 46.3398 46.4705 42.2308 44.5570 46.8751 45.3380 43.8369 47.0692 41.2204 45.5208 45.5772 46.0697 45.0948 45.7563 44.9094 47.6248 46.8714 44.6799 45.2983 46.6834 42.0818 45.8952 48.2808 43.3156 43.7492 46.5956 37.2138 38.1659 37.1792 36.0574 36.3833 40.7159 32.1032 34.9504 41.9013 38.0078 33.0026 33.3374 36.9468 30.8633 32.1313 36.0546 33.6059 32.9285 38.1806 31.8964 34.3910 36.7898 36.6990 37.6081 39.1576 36.7009 39.8288 36.8068 38.3591 30.3021 21.9123 20.5178 24.4480 17.3479 23.8342 24.5574 24.0540 19.6530 23.9519 22.8669 23.4055 25.3822 21.0461 23.8276 20.6991 20.3037 19.4449 20.7326 26.2148 22.6127 19.0895 20.8273 22.2005 21.3990 18.1915 21.0462 23.8347 19.4766 21.8527 22.9336
46.6042 44.9727 45.1747 47.4601 47.7579 45.5724 44.8541 48.0977 46.0160 45.8426 44.7612 48.7175 47.8871 41.0742 44.9023 48.9942 47.6401 45.7773 45.7145 46.0812 43.9705 46.4031 45.9244 45.0816 47.9006 46.3666 42.9994 46.6116 45.7015 41.7112 10.5741 9.3033 10.2094 9.8910 0.0000 14.0093 8.5891 6.7928 7.3225 13.0690 11.4650 13.3043 4.9465 7.1464 11.4212 11.1085 12.0173 11.0403 7.2973 7.2070 11.0417 8.2116 7.6251 12.5867 11.8066 10.4399 7.6398 7.9782 11.6670 7.3453 46.9854 46.7069 44.7461 44.9501 45.2129 44.9439 40.5637 43.0957 45.3863 43.6931 42.4427 45.6702 39.5990 44.0368 44.0540 44.5608 44.2615 44.3884 43.3901 46.3307 45.5148 43.3206 44.4269 45.2507 40.5697 44.3847 46.9803 42.2626 42.9063 45.0316 36.1759 36.6716 35.9902 35.4217 35.3316 39.7064 32.9385 34.2808 40.3400 36.4002 33.0107 32.4103 35.2427 28.9232 30.3869 34.3672 31.6890 33.5052 36.9488 31.6958 32.7695 35.2817 35.6974 36.0082 39.1271 35.1286 38.9021 35.7205 37.3103 31.0139 19.1888 18.0932 23.6344 12.7903 20.9909 23.8171 21.2726 16.9870 21.1671 20.4061 21.5802 22.4583 19.4228 20.8808 17.2825 18.6216 15.9185 18.7778 23.5154 21.2318 18.0804 19.0622 20.3435 18.4439 16.0509 17.8349 21.3539 19.5765 19.1024 20.1334
