0.0000 10.9545 9.0554 8.1240 12.4900 11.7473 15.4272 14.2127 10.3923 14.6969 9.3808 9.5917 11.4891 12.0830 12.6491 9.7980 17.9444 10.5830 8.6023 13.2665 14.6287 14.8324 13.6382 11.3137 11.7473 10.3923 12.4097 10.5830 11.6619 10.0000 33.4215 33.8821 30.3150 34.9571 30.2159 30.3150 32.7567 33.3167 29.4109 31.1769 37.2961 32.1559 34.5109 32.0468 31.4960 35.6090 33.8969 33.2866 34.3366 35.0856 34.9714 31.7490 34.0588 32.6650 33.1813 34.1614 33.5708 33.5410 34.1760 32.4808 15.9060 11.4891 13.1149 17.6635 11.5758 7.0000 16.9706 18.0831 13.2665 12.0000 13.7840 13.6382 18.0555 14.6287 16.4317 11.6190 14.4914 10.8628 13.3041 13.6382 15.3623 13.2288 16.1555 7.8102 14.3875 11.0454 12.1655 16.6733 14.8324 13.8564 13.0384 20.1494 20.7364 18.5742 16.2788 18.3303 16.9411 16.9411 14.1067 20.2978 20.1246 21.0238 18.1384 20.5913 16.1245 15.1658 17.4069 17.0294 20.7846 18.8414 23.2379 18.5472 16.4317 22.1359 16.6132 17.2627 17.1464 16.6433 16.0624 16.1555 29.3087 36.9188 29.4958 37.6298 36.7967 35.4401 32.6956 29.9666 35.1283 34.4674 38.0132 32.0936 32.8329 37.7624 31.7175 32.8938 32.1092 33.4963 33.7491 32.3265 34.2053 33.2415 31.4802 34.7419 35.5246 30.6757 33.6601 32.7109 34.7851 32.8329
10.9545 0.0000 12.4097 15.0997 13.5647 13.1909 16.4317 18.7617 11.0454 16.6733 15.9374 12.4900 14.0000 17.6068 17.2627 8.7178 18.9209 16.1245 12.9615 20.6398 21.6333 14.9666 16.1864 15.6844 15.3623 14.0712 16.3707 11.8322 18.3303 13.1909 33.6898 35.7771 30.8707 34.1467 30.4795 32.7567 33.6303 33.6749 29.9500 31.4325 37.9605 34.2345 36.1801 32.2335 33.4365 36.6333 35.2562 33.0454 34.5977 36.6197 35.4542 32.8634 34.0881 32.7872 35.0286 35.2846 34.5109 34.0441 35.6090 33.4215 18.7883 16.4317 19.4422 19.5448 16.4317 13.5277 20.6882 24.7992 15.0333 14.4222 16.0624 17.2627 21.6333 13.4164 15.8745 18.8414 19.7484 17.9444 13.0767 16.6733 18.3303 12.2066 20.0749 12.5300 18.7883 15.6205 16.1245 17.7200 18.4391 20.0499 18.1108 23.6643 25.1794 22.9129 17.2337 25.0599 20.0749 21.8403 18.8944 23.8328 24.9600 26.0768 21.0950 26.2679 18.4391 17.3205 22.6053 22.7156 27.3861 23.6854 28.6007 23.2809 21.7715 26.8328 21.9089 23.3238 21.4476 23.3880 17.5499 22.5167 29.2062 37.8286 30.1662 38.8330 35.6931 36.0278 32.3265 29.8329 35.5528 35.2704 37.2424 34.2345 33.8526 36.7423 32.4962 32.9545 34.1614 34.8712 34.3948 33.1512 35.1568 33.2415 33.0908 34.4238 35.6651 30.7083 34.7131 33.1059 34.4964 34.4674
9.0554 12.4097 0.0000 8.3666 11.7473 10.9545 14.8997 11.7473 8.4853 12.8841 10.1980 12.1655 10.1980 8.8318 13.3417 12.1655 16.5529 11.4891 6.6332 12.8062 14.2127 12.5698 15.7480 8.6023 10.2956 8.3666 10.6771 11.0454 9.8995 13.1149 35.2846 36.5787 32.6650 37.6829 33.3916 33.0000 35.2562 36.0555 32.4191 33.1059 39.6863 34.8999 37.8021 34.7419 34.1174 37.8682 36.7831 36.3868 37.3497 38.4838 37.3497 35.1568 36.5787 36.1248 35.7631 36.9459 37.3229 36.0694 36.8239 35.2278 16.3401 12.5698 12.3288 18.3303 11.4018 10.5357 18.0555 22.4722 11.6619 16.9115 15.2315 14.4914 21.7256 16.0624 15.4272 15.7797 18.9737 12.6491 15.0665 13.8564 15.8745 14.7986 19.1572 9.9499 14.6629 13.3417 12.2474 14.9666 14.9666 16.8523 15.9374 23.8747 25.1396 23.5160 19.5704 22.8473 20.1742 19.4165 17.4642 21.8174 22.6936 22.9347 21.1424 25.0200 19.9499 16.1245 21.8403 20.0000 23.5797 21.9773 28.3196 21.9089 18.1108 23.8747 19.1311 23.2809 20.3961 20.1246 19.2354 20.3715 32.6037 40.7063 32.0312 39.3446 38.7040 38.0789 33.8969 32.4962 38.1314 37.2559 40.0375 35.6090 35.7771 40.4475 34.8712 36.6333 33.3617 35.6931 37.1349 34.3657 34.8138 35.4542 34.3657 37.1618 38.1838 34.3074 36.6470 34.8425 37.5500 35.5809
8.1240 15.0997 8.3666 0.0000 14.1421 12.6491 16.7332 12.0830 10.2956 15.0997 9.2736 12.2474 12.8841 9.3808 13.7113 11.4018 18.7083 10.7703 8.0000 11.4018 14.7648 16.3095 15.3623 9.8995 12.8062 11.5758 8.8318 12.4097 9.3808 12.4900 34.5398 35.8329 32.2955 37.6563 32.8481 31.5119 34.9142 35.2987 31.7017 33.2566 39.0512 33.7343 36.6742 33.8378 32.6497 37.4700 35.7351 35.4401 37.1887 37.6431 37.0540 34.3220 36.1663 35.4260 34.9714 36.3731 35.7071 35.4542 36.5513 34.4529 17.3494 12.2474 13.5647 17.3205 9.6954 7.0000 16.7929 18.5203 14.7648 14.9666 15.7480 14.2829 19.3907 16.7332 17.6068 13.3791 15.8745 8.7178 15.5885 13.8564 16.4924 13.3041 15.9060 9.1104 14.4568 11.3137 13.7840 18.1108 13.3417 13.7840 13.7840 21.8174 21.0238 19.8746 17.1172 18.1108 18.3030 16.9411 15.2643 20.7846 20.3715 20.0998 20.9523 20.9762 18.1108 16.6132 19.0526 17.4929 19.6977 19.6723 22.8910 18.7083 15.5563 22.6274 15.6844 19.6977 18.7083 17.1756 17.3205 17.0000 32.0468 39.6358 31.4643 38.3667 38.6005 37.6829 33.7787 32.3110 37.9473 36.3593 40.7308 34.1174 34.8425 40.2989 33.3467 36.0278 33.3617 35.2420 35.6230 33.8378 35.5528 35.4824 32.5423 36.5377 37.8946 33.0908 35.9305 34.7563 37.2559 34.8138
12.4900 13.5647 11.7473 14.1421 0.0000 8.7178 13.9284 12.5698 10.1980 11.3137 13.0384 11.9164 13.7113 12.2474 9.5917 13.7113 24.0832 10.2956 11.3137 17.8326 16.4317 10.6771 7.6158 13.0384 10.4881 13.1149 16.0000 12.9615 16.4317 10.9545 33.8378 34.0000 30.8707 33.1059 30.4467 32.2955 32.6037 32.4962 30.0500 31.1127 35.4824 32.9242 34.1321 33.5410 32.7719 35.4401 33.9264 33.1662 34.1028 35.1710 34.7419 31.4960 35.1283 32.7872 33.5708 33.2716 34.5977 32.5423 33.6155 32.3574 11.2694 13.2665 19.7990 18.0000 12.8062 13.5277 16.9706 24.0624 15.8745 16.3095 14.1421 17.3205 16.0624 11.7473 11.6619 14.7309 14.6969 16.7929 10.6301 13.1149 14.0000 13.6015 16.2173 11.4455 13.8203 15.0997 12.6491 12.8841 14.0000 14.9666 16.1864 19.7484 23.7908 21.4709 20.3224 24.0000 21.2368 20.1246 16.9411 19.5959 24.5967 20.9284 20.2731 25.0998 21.4942 17.5499 20.5670 19.4422 21.4476 21.2838 28.6356 21.6333 21.4476 20.8806 18.2757 23.8328 19.5959 21.9317 18.9737 21.2838 28.3373 37.1618 28.5307 36.3868 36.8239 35.2136 32.9090 29.7658 34.5254 34.0588 36.4280 32.4654 34.3802 37.2290 30.9839 33.9116 31.7648 33.9116 33.9264 30.6757 32.0624 34.3074 33.0908 34.7131 35.0999 30.4467 32.9697 33.0151 33.8231 32.2180
11.7473 13.1909 10.9545 12.6491 8.7178 0.0000 12.7279 15.8745 8.9443 8.4853 13.5647 13.5647 10.5830 9.5917 11.6619 11.0454 22.3607 13.9284 9.8995 15.5563 14.5602 15.2971 9.5917 9.4868 12.7279 13.4164 12.2474 9.6954 11.4891 11.5758 34.4529 35.2420 31.7962 33.8821 31.2570 31.6070 33.0606 33.3467 30.9031 31.4325 37.2961 33.3766 34.6554 33.2114 33.2866 36.9324 34.7131 33.2566 34.7707 36.0971 35.2562 32.4345 35.0428 33.3017 34.8569 34.5109 35.0571 33.6601 35.1283 33.3017 12.0416 14.6287 18.1659 16.1864 11.2250 12.7671 17.4929 21.9773 16.7332 13.4907 13.2665 17.1464 14.4914 14.6287 12.0000 13.3791 15.4919 16.0624 14.7986 13.1149 10.0995 11.5326 16.2173 11.8743 11.4455 15.6205 14.3527 15.0997 12.0000 13.5647 15.6205 21.9545 23.3238 22.0227 18.1934 23.1948 22.7376 18.5742 15.6525 20.4450 23.7697 21.6333 20.2237 23.1084 21.3542 15.5563 19.0000 18.5472 20.6882 21.0950 26.3059 20.0998 19.5959 22.3607 17.2047 23.3666 18.2209 20.9523 17.6635 18.6815 29.7825 37.9868 28.9828 37.3095 37.0675 36.6606 32.2955 30.8545 34.5254 35.2704 38.0920 33.4066 34.8712 38.0263 32.0000 34.0000 33.0908 34.2637 34.3074 32.6956 34.0000 33.9559 32.9090 34.5977 35.8329 30.7734 34.7131 34.4384 35.7211 33.2866
15.4272 16.4317 14.8997 16.7332 13.9284 12.7279 0.0000 19.5448 16.0624 9.0554 16.0000 15.8745 8.1240 14.1421 10.2956 13.4164 19.3391 18.7617 14.6287 19.2873 17.8326 19.4936 16.1245 14.6287 14.8324 11.6619 12.3288 17.2047 18.2209 15.2315 29.6816 34.0881 27.8747 32.3419 30.2490 30.6431 30.3809 30.7571 27.6586 28.9828 32.7261 29.9333 31.9844 30.5778 28.4605 32.4345 31.0322 30.4302 30.7409 33.0303 32.8177 30.3645 31.9374 30.3809 32.1403 31.6386 32.9697 30.8058 31.9687 29.8496 13.0000 11.0454 17.9444 8.6023 12.0000 14.5258 15.1658 19.4165 14.1421 16.7332 16.3707 15.5563 17.8326 15.8114 17.0294 12.4499 16.6132 16.0000 18.3576 12.3288 10.6771 14.4568 13.6748 12.6886 8.6603 13.4907 9.7980 15.2971 11.1355 16.6132 16.0000 24.6577 26.1534 24.3926 20.9523 23.5372 21.9317 23.4307 18.5203 20.1990 23.5584 19.5448 19.4679 22.1811 22.7156 16.5529 21.0476 19.5959 22.4054 22.2486 29.2575 21.2603 18.8680 21.4942 18.5472 25.1396 17.6068 22.9129 16.7929 20.5670 27.8747 36.0416 27.3861 34.0294 35.0428 33.2265 29.5466 28.2843 33.7639 31.9061 34.0147 29.3939 32.1559 35.6931 28.6356 32.7109 31.0644 31.5278 31.8904 28.4781 29.6311 31.6702 31.0966 33.6601 32.8329 28.3725 30.9354 31.8119 33.3766 30.2985
14.2127 18.7617 11.7473 12.0830 12.5698 15.8745 19.5448 0.0000 13.3417 17.2047 10.2956 16.9706 17.6068 14.3527 15.6844 18.0000 23.1517 6.6332 11.5758 19.0263 18.0555 11.1355 16.1864 15.9374 12.6491 13.4907 16.3095 18.3848 16.9115 16.1245 34.9428 35.8329 32.5115 37.4967 33.4215 33.3617 35.4260 36.3593 32.3265 34.2345 37.7492 34.2053 37.9868 35.2846 34.0294 36.8239 35.9305 37.2022 37.4032 37.9605 37.4833 34.7563 38.3406 36.1248 34.8281 36.5103 37.3229 35.5668 36.6879 34.0441 19.7231 14.5602 18.8680 21.6795 14.3527 13.6015 18.8149 23.8537 17.9444 20.8327 17.6635 17.1464 21.6333 16.8523 15.8745 16.6433 18.9737 12.7279 12.6095 13.9284 21.8174 17.9722 19.9750 11.7047 17.0587 15.3623 17.3781 15.8745 18.2209 17.1464 17.4356 20.6398 22.8035 21.3307 21.0000 21.1660 18.4120 20.3224 18.4120 19.2873 21.5174 19.9499 21.5174 24.9800 21.3073 18.7617 21.7486 19.2354 22.5389 18.6279 28.1069 22.2711 18.6548 20.7364 17.3205 22.4944 21.4942 19.9750 21.0238 21.1424 32.1403 40.6817 32.3728 37.9473 39.6232 37.4700 35.0856 32.7414 39.7240 36.5240 39.8873 34.4964 36.0000 40.8412 33.5559 37.4700 33.5410 35.6090 37.2156 32.5730 34.5832 37.8021 34.2199 37.6962 37.8418 34.6266 35.4542 34.7851 37.2290 34.5254
10.3923 11.0454 8.4853 10.2956 10.1980 8.9443 16.0624 13.3417 0.0000 12.1655 12.8062 13.5647 13.6382 12.2474 15.0997 11.1355 21.1660 11.4891 7.8740 15.8745 17.8885 11.9164 12.3288 11.0454 13.9284 11.5758 12.1655 12.6491 12.3288 10.3923 33.9264 35.4401 32.2025 35.0143 31.4802 31.6702 34.0735 34.0000 30.9677 31.8434 38.5097 33.9116 36.3180 32.7261 33.5559 36.9865 35.5668 33.5857 35.7351 37.5366 36.4555 33.4963 35.4401 33.7194 35.1141 35.1994 35.3129 34.3948 36.1386 33.4813 16.1555 16.2481 18.1108 18.3848 10.1980 11.0000 18.2209 23.3024 13.5647 15.2971 13.9284 15.2315 18.6548 12.8841 10.2956 16.4012 18.9209 15.3623 12.0416 13.6382 15.1658 11.0000 16.5831 11.3578 14.8661 13.1149 14.9666 16.9115 16.4317 18.0000 14.2127 21.2603 21.4942 19.6214 14.8661 22.3607 18.5203 16.6433 15.3948 20.0000 22.3383 24.0000 20.3715 24.8998 17.6068 14.2127 18.3576 19.6469 22.8035 19.8746 25.3377 18.4391 18.7617 22.8473 18.6011 22.6716 18.9209 20.0250 16.6132 18.6279 30.6431 39.2810 29.1890 38.5487 36.9865 36.4692 32.5115 30.9192 36.6060 35.6651 38.6911 34.4093 34.6987 38.5227 32.0000 35.0428 33.3617 34.7563 35.0571 33.3017 34.6987 34.4238 32.6650 35.1994 36.6060 31.6702 35.4542 34.2345 35.8608 34.6699
14.6969 16.6733 12.8841 15.0997 11.3137 8.4853 9.0554 17.2047 12.1655 0.0000 13.8564 15.4272 10.1980 10.8628 10.5830 14.2127 23.2379 16.7332 10.8628 17.8885 17.2047 16.3095 11.8322 12.4097 16.0624 11.9164 12.0830 15.2971 14.5602 12.1655 33.4515 36.1109 31.5436 34.7851 32.5730 32.4500 33.2114 33.3167 30.6105 31.7805 36.2353 33.1662 35.2846 33.4515 31.9374 36.3593 34.0147 33.4365 34.4238 36.5650 35.9861 33.3167 35.7771 33.2716 35.2846 34.2491 36.2077 33.8083 35.2987 32.5730 12.5300 15.0333 19.5959 13.6382 8.7178 14.3875 18.3848 22.5167 15.5563 17.9444 17.4356 18.3303 17.1464 14.3527 12.8841 13.3791 18.5472 17.0880 17.4069 13.7113 8.9443 13.7477 15.0665 14.1067 8.4261 15.8745 13.1149 17.6635 12.0830 16.9115 15.5563 23.8747 24.0416 22.6495 20.2237 23.8328 22.0681 21.4709 17.5784 19.5448 24.4336 21.4942 20.7605 24.2899 23.4521 16.7332 19.3649 20.0000 21.3542 21.7025 29.0861 20.0000 20.2485 21.6333 18.7617 25.6905 19.2354 22.1133 18.7083 19.3132 30.6105 39.0000 29.0517 37.3095 37.8153 36.3043 32.6343 30.9192 36.2215 34.8712 37.4032 32.6497 35.2136 38.6523 30.7246 35.8887 33.5410 34.4964 35.2562 31.2250 32.2490 35.3695 33.6898 36.0971 35.9722 30.9354 34.7707 34.5543 36.6879 33.4664
9.3808 15.9374 10.1980 9.2736 13.0384 13.5647 16.0000 10.2956 12.8062 13.8564 0.0000 11.4891 13.7840 10.8628 12.0830 14.5602 20.9284 10.0000 7.0711 15.5563 15.7480 12.2474 14.1421 12.5698 13.5647 11.0454 13.1149 14.0000 13.5647 10.9545 34.5398 35.2136 31.5436 37.1484 32.6037 32.2645 33.8969 34.8999 30.7409 33.4365 37.2693 33.4365 36.4555 34.6266 32.0624 36.3593 34.7131 35.9444 36.0971 37.0000 36.2629 33.6452 37.4166 35.2846 33.9853 35.4542 36.1801 34.7994 35.6651 32.9393 17.8045 11.5758 15.6205 18.8680 11.4018 8.8882 18.8680 21.3776 16.0000 17.7200 18.9209 16.3707 19.0788 14.6969 17.9444 13.3041 16.6733 10.7703 14.5258 14.2829 18.2757 16.0312 18.5742 8.8882 14.1774 13.2665 14.4222 18.1108 14.2127 14.6287 13.7113 19.3391 19.6469 18.8944 19.1050 16.7929 16.2788 19.0526 15.4596 18.3848 20.5183 17.9444 19.2614 21.1187 19.8494 17.4356 19.2614 17.0294 19.0788 19.0000 25.8844 20.0998 16.7332 20.3961 15.3623 18.3303 20.0499 15.5242 19.4936 17.7482 31.1609 39.3319 31.3369 38.2361 39.0384 37.6298 35.2278 31.6228 38.3406 36.1386 39.1280 32.6190 34.6410 40.0500 32.5269 36.0832 33.3017 35.4401 36.3456 31.7017 33.9116 37.1349 33.6303 37.1349 37.4967 32.5423 35.3129 33.9411 37.2827 33.9411
9.5917 12.4900 12.1655 12.2474 11.9164 13.5647 15.8745 16.9706 13.5647 15.4272 11.4891 0.0000 13.5647 12.4097 10.6771 12.6491 23.1084 13.3417 10.6771 14.7648 17.0880 15.1658 12.3288 14.2829 13.9284 14.8324 16.0624 9.5917 16.0000 11.0454 34.9428 34.8712 31.6702 36.2491 31.8591 32.7872 33.9264 33.2265 31.1288 32.5883 38.1182 34.5543 35.4260 34.8281 32.5269 37.4700 35.3977 34.3802 36.4555 37.2424 35.7071 33.3167 35.5246 35.0286 34.4529 35.5668 35.6791 34.2491 35.1283 34.3366 15.7797 12.4900 17.4356 19.1833 14.4222 10.7238 20.3470 23.6854 16.8523 16.4924 18.9737 18.7617 19.9499 13.1149 19.6469 15.6525 15.0333 15.8745 14.7986 18.3848 16.6132 16.0935 18.1384 11.4455 17.4642 15.3623 12.4097 18.4932 13.2665 14.7648 16.7332 22.4944 24.6171 22.4722 21.8861 22.6274 21.6102 22.3383 18.7883 24.6171 27.0740 22.5832 23.6432 25.0599 22.0000 21.0713 22.6495 21.4009 21.8174 25.3180 27.9285 23.6220 22.1811 25.6515 21.0238 22.6716 22.7156 21.4709 21.1660 22.2935 29.6479 38.0132 30.8869 37.9473 37.3095 36.9865 35.0856 30.3974 35.6371 34.8425 38.5876 33.8526 34.1467 38.5227 33.4963 34.5543 32.5115 35.6090 35.1710 32.2955 32.9242 35.0000 33.5112 35.9861 36.7151 31.4484 34.9714 32.7414 35.2136 33.9411
11.4891 14.0000 10.1980 12.8841 13.7113 10.5830 8.1240 17.6068 13.6382 10.1980 13.7840 13.5647 0.0000 10.6771 11.4018 10.7703 16.6733 16.3707 10.9545 15.1658 14.2127 18.8149 16.0624 11.4018 12.4900 10.0000 9.5917 12.5698 13.0384 15.0997 32.3265 35.5246 30.0167 35.1283 32.0156 31.5436 33.1813 33.3766 30.0832 30.6268 36.2905 32.1248 34.6554 32.3574 31.2730 35.2704 33.9559 33.0454 33.7787 35.7071 34.4819 32.5576 33.0454 33.1210 33.8969 34.5688 35.3129 33.4515 34.4964 32.5423 14.5258 10.9545 13.5647 11.6619 11.3137 12.4499 17.2627 18.3030 14.1421 15.5563 14.8997 15.3623 19.5959 16.4317 17.3781 11.6190 16.4924 13.3417 18.0831 13.3417 11.1355 14.9332 16.0312 11.0000 10.0499 13.6382 9.8995 14.7648 11.3137 14.1421 16.1864 26.1916 26.6833 25.1197 20.5183 23.2809 22.4722 22.5610 18.5203 22.6716 23.5584 21.0238 20.7605 22.4944 22.0000 16.1864 21.4709 19.7990 22.7156 22.7816 28.0000 21.7715 17.7200 23.7908 18.9737 24.5764 18.8149 21.9317 18.0000 20.0250 30.3809 38.6135 30.1662 36.7423 36.1386 35.6371 31.3847 30.4631 35.2136 34.3802 37.2693 32.8024 33.2265 37.8682 32.4037 34.2345 32.3265 33.0151 34.5398 32.2955 32.3728 32.5730 32.5423 35.4542 35.0999 31.5436 33.9264 33.0454 35.7771 33.2866
12.0830 17.6068 8.8318 9.3808 12.2474 9.5917 14.1421 14.3527 12.2474 10.8628 10.8628 12.4097 10.6771 0.0000 10.0995 14.8324 21.4009 13.6382 8.7178 9.7980 10.2956 16.4924 13.7840 6.7823 11.7473 12.3288 10.7703 10.7703 8.2462 13.1909 36.0694 36.1939 33.2114 37.6829 33.8674 32.6956 34.7994 35.2987 33.0606 33.4066 39.2301 34.8138 36.4005 35.9305 33.7046 38.3406 36.3731 36.3868 37.6696 38.1182 36.9188 34.8712 37.0945 36.7015 35.6511 36.4280 37.3765 35.7911 36.3593 35.5387 13.0000 12.3288 13.5647 17.4356 10.6771 11.3578 17.4356 21.4709 16.0624 16.9706 16.9706 17.0880 18.3303 17.4929 17.6068 13.7477 16.6733 13.3417 18.2483 15.0333 12.3288 16.0312 17.9165 11.9583 12.2066 15.3623 12.3288 16.3707 10.7703 13.1909 15.9374 23.6220 25.0200 23.8956 22.1133 22.1359 23.6432 19.5704 17.2337 22.2711 24.3926 20.2485 22.5167 23.2809 23.4094 18.4391 21.5639 18.4932 19.0263 23.3880 27.7128 21.7256 19.0788 22.6716 17.4929 23.9583 20.4450 19.7737 20.9284 19.8746 32.6650 40.1123 31.7175 38.2623 39.2938 38.6782 34.5109 32.9848 37.0675 37.1214 40.4599 34.8999 36.1939 40.9145 34.9285 36.9053 32.7567 35.8887 36.7015 33.8674 33.9706 36.0416 34.4819 37.1618 38.3406 33.8674 36.6470 35.2704 38.0000 34.8425
12.6491 17.2627 13.3417 13.7113 9.5917 11.6619 10.2956 15.6844 15.0997 10.5830 12.0830 10.6771 11.4018 10.0995 0.0000 14.8324 22.8910 13.7113 12.7279 15.2971 13.9284 16.4924 11.0454 12.7279 11.4018 12.6491 14.2127 14.0000 15.8745 11.7473 32.5423 33.0454 29.1376 33.6452 30.4138 31.0000 31.0322 31.2410 28.8271 30.2985 33.7194 31.1769 32.1403 32.9697 29.6648 34.0294 31.8904 32.5269 32.9393 33.4215 33.4215 30.4959 34.0588 32.2955 31.9531 32.0156 33.4813 31.5436 31.8434 31.3847 9.1104 8.8318 16.7929 14.1421 11.5758 12.2882 15.1658 20.1246 15.3623 16.1864 16.5529 16.7332 15.5563 14.2829 17.6068 11.0905 12.2474 14.3527 15.9060 13.1909 11.3137 15.1987 14.3178 11.5326 10.5357 14.2127 8.3666 14.5602 9.0554 12.4097 14.9666 20.8327 24.0832 22.2486 22.4722 21.4476 21.8403 21.3776 16.7631 19.7990 24.0208 17.0294 20.1742 21.9089 22.8035 18.6548 20.2237 17.4929 18.0555 22.0681 28.2489 21.1187 19.8997 19.8494 16.8523 22.7596 18.2757 20.3715 19.0788 19.8746 27.9464 35.5387 27.9285 34.5543 36.7151 34.4674 32.4500 29.0517 33.4963 32.6190 35.5949 29.8664 33.1059 37.0675 29.9333 33.4365 30.2820 32.7414 32.6650 28.8271 29.8998 33.5410 31.9844 34.5109 34.1174 29.3769 31.4802 31.8748 33.3467 30.3974
9.7980 8.7178 12.1655 11.4018 13.7113 11.0454 13.4164 18.0000 11.1355 14.2127 14.5602 12.6491 10.7703 14.8324 14.8324 0.0000 17.7764 15.8745 11.8322 18.1108 19.9499 18.2209 14.6969 13.7840 15.1658 13.4907 10.6771 11.5758 15.0333 13.2665 33.7194 37.1753 31.7333 35.6931 32.2335 32.8481 34.7419 34.6121 30.6431 32.5883 37.9868 33.8526 36.2905 32.5115 32.9545 37.1753 35.4260 33.3167 35.1994 37.0000 36.5377 33.4664 34.5543 33.3617 35.7911 36.1248 34.9714 34.7131 36.6060 33.6601 17.5214 13.8564 18.5472 13.7840 12.5698 11.6190 18.7083 19.9249 15.5563 13.1149 15.1658 16.4317 19.0788 15.1658 16.7929 14.5258 15.2315 14.5602 15.5242 14.4914 14.7648 9.7468 14.9332 10.9087 14.8661 13.1149 14.4222 18.4932 13.2665 15.4272 16.4924 24.3721 23.4521 22.2486 15.9687 22.4054 19.9750 21.2368 17.6918 22.3159 23.0000 22.9347 21.0000 22.5832 18.8680 16.7332 20.6640 21.1187 24.1661 21.7486 24.8193 20.8327 18.7617 25.7682 18.8149 22.3159 19.2873 22.1133 15.5563 19.6214 30.5450 39.0000 30.9192 38.8587 37.3631 37.1753 32.9090 31.4643 36.7967 35.7211 39.2810 33.8821 34.6699 38.4968 31.9374 34.5254 35.4824 35.2420 34.6266 33.9264 36.4143 34.2199 32.8786 35.8190 36.7151 31.2570 35.2846 35.0999 36.3318 34.9285
17.9444 18.9209 16.5529 18.7083 24.0832 22.3607 19.3391 23.1517 21.1660 23.2379 20.9284 23.1084 16.6733 21.4009 22.8910 17.7764 0.0000 23.7065 20.6882 22.4054 22.4499 24.4540 28.4956 18.1108 18.0000 14.6969 17.0294 21.7256 20.3961 23.2809 36.5103 40.5216 34.0735 40.5463 36.1248 35.9026 36.9459 40.0250 34.1906 35.5528 41.5090 36.2491 39.9375 35.7631 35.5246 38.3667 38.6135 38.9358 37.6696 38.6911 39.6358 37.2827 37.5500 37.4566 37.9342 39.2810 37.9605 39.1024 38.6264 37.4833 24.4336 16.9706 14.1421 20.9284 21.6795 19.0000 20.2978 22.5167 14.2127 20.8327 20.4939 16.2481 29.0861 26.5707 25.8070 22.2935 25.4951 17.7764 25.0799 18.4932 23.3666 21.3776 25.3180 17.5784 21.2838 17.7200 18.3303 20.8327 23.0217 25.4558 23.0217 30.3974 31.5278 30.3809 23.9792 26.5330 23.8537 25.8650 23.8118 26.0384 22.1133 27.2764 21.8861 26.0768 22.2261 19.3907 28.1957 24.5357 31.6860 26.0576 32.7719 27.1293 20.3961 28.6356 23.6220 25.6905 22.4944 24.8395 21.0713 25.1595 36.1801 41.9404 36.0000 42.0238 41.7133 40.2989 34.5688 36.2215 41.4729 40.8167 41.6773 36.4143 38.1051 42.5441 37.7359 38.1051 37.2156 37.6032 38.5097 37.6431 39.7744 36.1248 36.7560 39.4335 40.4228 37.2961 38.0657 38.5487 39.8999 37.5766
10.5830 16.1245 11.4891 10.7703 10.2956 13.9284 18.7617 6.6332 11.4891 16.7332 10.0000 13.3417 16.3707 13.6382 13.7113 15.8745 23.7065 0.0000 10.4881 16.5529 15.8745 11.4891 12.7279 14.9666 11.0454 13.4907 16.2481 15.5563 15.7480 13.1909 32.8786 32.4962 30.0832 34.3220 30.0500 30.3809 32.8481 32.9242 29.7153 31.2410 35.7631 31.7490 34.5109 32.6037 31.8748 34.6410 33.5112 33.7343 34.7131 35.1710 34.4238 31.4325 34.9285 33.1210 31.9844 33.6303 34.0147 32.6037 33.7343 31.7333 17.2916 13.4164 17.6068 20.7364 13.3417 10.7238 17.3205 21.3776 17.3781 16.9115 14.4914 15.4919 18.2757 13.8564 14.6969 13.8924 15.3623 11.8322 9.1104 13.4164 19.6469 16.0935 17.4642 9.4340 16.2173 13.3417 15.2971 14.4914 17.0294 14.0712 14.6969 18.0000 20.7364 18.3576 18.6279 19.2873 17.4642 17.6918 15.6525 19.3907 21.1896 19.3391 20.1246 22.8910 18.4932 17.2047 18.6279 17.0294 19.9499 17.6352 24.6171 19.8494 17.7764 19.7990 16.3095 19.6977 19.0788 18.0831 18.8149 18.8414 28.7576 37.3229 29.1890 35.7491 36.3593 34.4964 32.9393 29.5973 35.6371 33.4066 37.3497 32.1870 32.7109 37.6563 31.3050 33.6749 30.7083 32.8634 33.8969 30.8058 32.4037 34.3074 31.2570 34.6266 34.7851 31.3209 32.6037 31.6544 33.7935 32.0000
8.6023 12.9615 6.6332 8.0000 11.3137 9.8995 14.6287 11.5758 7.8740 10.8628 7.0711 10.6771 10.9545 8.7178 12.7279 11.8322 20.6882 10.4881 0.0000 13.6382 15.3623 11.9164 12.4900 10.3923 13.4907 10.1980 10.5830 11.2250 10.5830 10.4881 34.4238 35.8608 32.2955 36.8782 32.8481 32.2335 34.7707 34.7563 31.5436 32.9545 38.7169 34.2053 37.0810 34.1906 33.1059 37.4433 35.8190 35.1568 36.7560 38.3797 36.7560 34.4964 36.4966 35.3129 35.2278 36.2353 36.9188 35.1426 36.6879 33.8083 16.8819 13.4907 15.6844 17.7200 8.8318 8.7750 19.2873 22.1133 14.8324 16.8523 16.8523 16.1245 19.3907 13.1909 14.4222 13.8203 17.7764 12.4900 13.8203 14.5602 15.4919 14.0357 17.2337 9.2195 13.4536 12.9615 13.7113 17.4929 13.7113 15.0333 13.8564 22.0907 21.6333 20.2237 17.6918 20.3470 18.3030 18.7350 16.0935 20.6398 22.7376 21.5407 21.0950 23.4947 19.8494 16.4317 19.3132 19.1311 20.8806 20.5183 25.8070 19.8997 17.5499 22.8035 17.8326 21.7256 20.4450 18.4662 18.8680 18.4120 31.5753 40.4351 31.1127 38.7556 37.9737 37.5500 34.1906 31.5278 37.8946 36.1109 39.6106 34.6121 34.7851 39.7995 33.2265 36.1939 33.4515 35.4401 36.6197 33.1210 34.0000 36.0139 33.5112 36.8103 37.5500 32.7872 36.3180 34.1174 37.5233 35.0999
13.2665 20.6398 12.8062 11.4018 17.8326 15.5563 19.2873 19.0263 15.8745 17.8885 15.5563 14.7648 15.1658 9.7980 15.2971 18.1108 22.4054 16.5529 13.6382 0.0000 10.0000 21.5407 18.5472 10.7703 14.8324 16.6132 14.1421 14.1421 8.9443 17.3781 36.9459 35.5528 34.4819 38.9358 34.3366 31.8591 35.8469 35.8329 34.3948 33.8526 41.5812 35.0714 36.1525 36.0694 34.5543 38.8844 37.6962 36.6333 38.9230 38.7427 37.6165 35.6090 36.4692 37.8286 35.6791 37.3765 37.1080 36.4555 36.5787 37.0270 17.3494 15.7480 12.2474 21.2132 15.0997 13.3041 18.7617 20.9045 17.7200 17.8326 17.6635 16.7332 20.8806 22.3607 22.3607 16.3401 17.6635 15.7480 21.7945 19.1311 16.3707 20.0250 19.6214 14.7309 17.7482 15.7480 14.4914 19.6469 15.6205 15.2971 16.9115 25.4558 26.6458 25.1197 23.2594 22.6274 25.3574 18.4662 18.0278 25.6515 25.6320 23.7908 25.0000 23.7065 22.8910 20.6882 22.1585 20.0998 19.6469 25.0000 24.9399 22.6274 19.3391 25.4951 20.4939 23.1948 21.1187 19.9750 22.4944 20.3224 34.1321 40.4351 32.5576 39.2173 39.5474 39.0384 35.3977 33.7343 36.5240 37.6563 42.0833 36.5787 35.9722 41.6653 36.7967 36.4143 31.9844 36.0555 36.8103 36.5377 35.3553 34.8569 33.8378 37.5633 39.3954 34.9428 37.4833 35.7771 38.3927 35.8887
14.6287 21.6333 14.2127 14.7648 16.4317 14.5602 17.8326 18.0555 17.8885 17.2047 15.7480 17.0880 14.2127 10.2956 13.9284 19.9499 22.4499 15.8745 15.3623 10.0000 0.0000 21.0238 18.3848 10.6771 11.2250 15.7480 16.5529 15.0333 12.1655 18.0000 34.7419 32.1870 30.9677 34.8712 30.9677 29.4788 31.9844 33.1361 31.5119 30.5614 37.2693 31.6860 32.3265 34.1028 32.3110 35.1852 34.0735 34.5832 34.8281 34.1321 33.3617 31.5278 33.8821 34.6266 31.9531 33.3916 34.2491 33.1512 32.4037 33.7491 14.1774 13.8564 10.8628 21.1660 16.7332 14.5945 16.0000 19.2094 18.8680 16.3095 15.0333 16.0624 17.8885 22.0454 21.1660 13.9642 16.8523 14.8997 20.7123 16.3095 15.5563 20.8087 20.9045 14.1067 15.0665 17.0294 14.2127 14.3527 16.0000 13.4164 17.0880 23.1084 26.9444 25.1197 24.3105 22.0907 25.9422 18.4662 17.0587 23.4947 23.5160 19.8997 21.2838 21.2132 23.3238 18.7083 21.6102 16.1245 18.1659 23.1733 26.8328 22.5832 18.5472 21.0713 17.4356 22.2711 18.6011 18.7883 21.9089 19.7737 30.8058 36.6197 29.9666 35.4965 36.9053 35.8050 32.2645 31.1769 32.7109 35.1283 37.8550 32.7719 33.2566 38.3145 34.7851 32.9242 28.4781 32.3728 33.8674 33.0000 32.0312 32.0780 32.1092 34.3948 35.5528 32.4808 33.4813 32.6803 35.0999 31.7490
14.8324 14.9666 12.5698 16.3095 10.6771 15.2971 19.4936 11.1355 11.9164 16.3095 12.2474 15.1658 18.8149 16.4924 16.4924 18.2209 24.4540 11.4891 11.9164 21.5407 21.0238 0.0000 14.8997 16.6132 14.7648 13.9284 19.8494 17.0880 19.5448 13.0384 36.7015 36.7696 33.8674 36.9053 33.3317 35.3412 35.3412 36.3593 32.9393 34.7851 39.2301 36.5240 38.7943 36.7560 35.7771 38.2361 37.2961 37.4700 37.7227 39.0768 38.3797 35.5246 39.6232 36.4555 36.4555 36.7831 38.1969 36.4280 37.2559 35.1710 18.9473 17.2047 21.4476 24.3721 16.7929 15.5242 21.4942 29.2746 16.4924 21.4009 19.8494 19.4936 22.6274 14.1421 14.0000 20.5183 22.2261 19.0263 11.7047 17.2047 21.6333 18.1384 22.7376 13.8924 19.5704 17.6068 17.8885 17.6068 20.8806 21.9089 18.9737 20.2485 24.3721 22.0681 21.8403 25.0599 19.3649 21.7486 19.7737 20.8327 25.3574 24.9399 21.7025 28.9828 22.2711 19.7484 23.6854 22.5389 26.2298 22.6495 32.2490 24.5764 23.6220 23.1517 21.5870 24.3721 24.0416 22.3383 22.5832 24.1454 31.8904 40.7308 32.3110 40.1248 40.1497 38.4448 36.3731 32.7414 39.7240 37.8682 39.2046 35.6090 37.4433 40.6202 34.4964 37.4967 34.7131 37.6829 38.1445 32.9090 34.9857 38.6394 36.4280 37.9605 38.7814 34.3074 36.7560 35.4119 37.3095 35.5246
13.6382 16.1864 15.7480 15.3623 7.6158 9.5917 16.1245 16.1864 12.3288 11.8322 14.1421 12.3288 16.0624 13.7840 11.0454 14.6969 28.4956 12.7279 12.4900 18.5472 18.3848 14.8997 0.0000 15.6844 16.0000 17.1464 17.2047 13.9284 17.0880 10.4881 34.6843 34.3802 32.0780 33.5559 31.1288 32.3883 33.4515 32.1870 30.5450 32.0624 36.0416 33.4664 34.0735 34.0147 33.0454 36.6606 34.1906 32.8024 34.7707 36.0139 35.3695 31.9061 35.8887 32.9393 34.4238 33.7491 34.9714 32.9393 34.6121 32.5115 13.2288 16.6132 23.1517 18.7083 12.8062 14.5258 20.0499 24.0208 20.1494 16.7929 17.1464 20.5913 13.7840 12.0000 13.7113 14.1067 13.7113 18.6011 13.2288 16.3707 13.7840 14.2478 15.0665 14.1067 14.5945 17.0880 15.8745 18.4932 14.0000 13.7840 16.0000 19.6977 21.3073 19.4679 19.9249 22.9347 22.0227 20.2731 16.7033 20.5913 26.0960 21.2603 22.1585 24.2899 22.7156 19.6977 18.5742 20.0000 19.0788 21.4709 25.9230 20.4450 22.4944 21.9545 18.6011 23.3238 20.5426 21.7945 19.8494 19.9249 28.6880 37.5100 28.5657 37.1753 37.3095 36.0278 34.5109 30.2985 34.4964 34.0294 37.6696 32.5883 34.6410 37.7889 30.3315 34.2929 33.3017 34.8138 34.1614 31.3847 33.1964 35.5387 33.1512 35.4260 35.6651 29.9166 33.9853 33.8526 34.9857 33.0151
11.3137 15.6844 8.6023 9.8995 13.0384 9.4868 14.6287 15.9374 11.0454 12.4097 12.5698 14.2829 11.4018 6.7823 12.7279 13.7840 18.1108 14.9666 10.3923 10.7703 10.6771 16.6132 15.6844 0.0000 11.1355 10.8628 10.5830 10.9545 8.1240 12.4900 35.2562 35.1568 32.1714 35.8887 31.9844 31.3209 33.1813 34.5254 31.5119 31.8748 38.5616 33.4963 35.0000 34.1614 33.0757 36.8511 35.3129 35.0999 35.7911 36.1525 35.7351 33.1964 35.5809 34.9714 34.5109 34.7419 35.1426 34.6554 34.8138 34.3657 12.7671 13.1149 11.8322 17.9444 11.7473 11.0905 15.3623 20.8087 13.2665 14.1421 14.5602 14.2127 17.6635 18.2209 16.8523 15.1327 17.8326 13.7840 18.0831 13.3417 12.3288 14.1067 18.6279 11.7047 12.7671 14.0712 12.5698 15.4919 13.4164 15.8745 14.5602 21.9545 23.7908 22.6495 19.3649 21.3073 22.0681 16.2173 14.7986 20.1990 21.2838 20.8327 19.0526 21.6333 19.9499 14.9666 20.2731 16.7929 19.7990 21.8403 26.6083 19.8494 17.4929 21.3073 16.0000 21.7256 17.7200 17.7482 18.1659 18.1934 31.7017 38.3797 30.1662 38.1314 38.2361 37.6298 32.6037 32.0624 35.5809 37.0945 39.0000 33.5857 35.1568 39.2683 33.8231 34.9285 31.8904 34.6410 35.0571 33.6006 34.4674 34.0735 33.3916 35.3695 37.4967 32.4191 35.5387 34.8425 36.7151 33.9706
11.7473 15.3623 10.2956 12.8062 10.4881 12.7279 14.8324 12.6491 13.9284 16.0624 13.5647 13.9284 12.4900 11.7473 11.4018 15.1658 18.0000 11.0454 13.4907 14.8324 11.2250 14.7648 16.0000 11.1355 0.0000 11.4891 15.3623 13.4164 15.1658 15.2315 33.1813 32.7109 29.3428 33.5261 29.7489 30.8058 31.5119 32.8938 29.8831 30.0666 35.4260 31.5911 32.9697 32.9697 31.9061 33.8526 33.4215 33.7935 33.5112 33.3916 33.2716 30.7571 33.5559 33.0000 31.6702 32.8786 33.2716 32.4191 32.0624 32.6343 12.4499 8.8318 12.2474 18.6548 15.6205 12.5300 12.8841 20.3715 13.9284 14.5602 11.4891 12.9615 18.3303 17.3781 16.9706 14.2478 14.7648 12.8062 14.1067 11.5758 16.2481 16.3401 18.7883 9.3274 14.6629 13.4164 10.6771 7.7460 15.2315 14.2127 16.9706 20.9284 26.4953 24.1039 21.9317 22.8035 22.2486 19.5192 17.0587 21.1187 22.0227 19.2354 18.8944 22.8035 20.5426 16.7332 22.4277 17.0294 22.0000 21.4709 28.6356 22.9783 18.6548 20.4450 16.7929 22.0454 17.9444 20.4206 18.8149 21.4243 28.7576 35.9026 29.3258 35.0143 36.2491 34.5543 31.1929 29.8998 33.6155 34.1760 36.1248 31.7805 33.1964 37.1214 32.8938 32.4037 29.3769 32.3728 32.9090 31.0644 31.9374 31.9218 32.0156 33.7491 34.4384 31.5119 31.7017 31.8748 32.8634 30.8869
10.3923 14.0712 8.3666 11.5758 13.1149 13.4164 11.6619 13.4907 11.5758 11.9164 11.0454 14.8324 10.0000 12.3288 12.6491 13.4907 14.6969 13.4907 10.1980 16.6132 15.7480 13.9284 17.1464 10.8628 11.4891 0.0000 11.2250 16.0624 14.3527 11.9164 31.6070 34.2929 29.0689 34.5832 30.6431 30.8058 31.7962 33.2265 28.5132 30.1662 35.2562 31.1769 34.5977 31.6386 30.1993 33.5559 32.7261 33.3467 32.7567 34.3657 34.5109 31.6860 33.9116 32.0156 32.6037 32.7567 33.9559 33.0303 33.2265 31.1288 14.7986 10.8628 12.2474 15.2971 10.0995 10.4403 14.8324 19.2094 7.6158 16.2481 14.9666 11.9164 20.5913 14.8997 14.9666 13.6015 19.4422 11.4018 15.2643 10.3923 14.6969 14.3178 16.8819 9.9499 11.0000 10.6771 9.5917 14.5602 16.0624 18.6548 13.4164 21.8174 23.1084 20.9523 18.0831 20.3470 16.4012 18.9473 15.9060 17.7200 18.4662 20.1990 16.0312 22.0907 17.6635 12.7279 19.2614 17.2047 22.7596 18.9473 28.2489 18.6011 16.0000 19.2873 16.7332 21.4009 16.7332 18.0278 15.8745 17.9722 29.8496 37.4833 28.8444 36.7696 36.6333 34.3802 30.8383 29.8664 36.2767 34.4674 35.8748 30.7896 32.8938 37.4967 30.6594 34.2929 31.2890 32.5576 34.0147 30.3480 32.0000 33.2415 32.1714 35.0286 34.8999 31.0966 32.7567 32.3419 34.7275 32.2800
12.4097 16.3707 10.6771 8.8318 16.0000 12.2474 12.3288 16.3095 12.1655 12.0830 13.1149 16.0624 9.5917 10.7703 14.2127 10.6771 17.0294 16.2481 10.5830 14.1421 16.5529 19.8494 17.2047 10.5830 15.3623 11.2250 0.0000 15.3623 10.9545 15.0997 32.6343 36.5240 31.4484 36.9053 33.3017 31.4166 34.5398 34.6410 30.7083 32.1248 37.4299 32.4345 35.9026 32.2955 31.4643 35.9166 34.7131 33.9116 35.3129 37.0540 36.2629 33.9411 34.6987 34.2491 34.7707 35.5949 35.4824 34.4819 36.1109 32.9393 17.4642 13.3417 15.1658 11.4018 8.0000 11.1803 16.6733 17.2916 14.2127 16.2481 16.1245 13.9284 19.3907 17.9444 17.8885 13.3041 17.2047 11.4018 19.0000 12.4097 13.7113 12.3693 14.2478 11.4455 10.9087 11.3137 13.1149 18.4932 11.4891 15.2971 13.7113 24.8998 22.5832 22.3383 16.6433 19.6977 19.5192 19.1050 16.0312 19.8494 20.1246 19.6469 20.6155 20.0998 19.4422 15.0333 19.1572 18.4932 20.3470 19.8242 23.5797 18.1659 14.0000 22.6716 15.9374 22.4944 17.5499 19.1572 15.7480 16.9411 32.3574 40.1871 30.5941 37.8946 37.6563 37.1753 32.2025 32.0000 37.5766 35.8887 39.5095 33.2866 34.2929 39.6232 31.6228 36.0555 33.8674 34.2053 35.1710 33.4813 34.8425 34.3948 32.2025 36.5377 37.1484 32.3265 35.4824 35.0428 37.6563 34.8425
10.5830 11.8322 11.0454 12.4097 12.9615 9.6954 17.2047 18.3848 12.6491 15.2971 14.0000 9.5917 12.5698 10.7703 14.0000 11.5758 21.7256 15.5563 11.2250 14.1421 15.0333 17.0880 13.9284 10.9545 13.4164 16.0624 15.3623 0.0000 12.0830 13.6382 37.8021 37.2022 34.1028 37.4433 33.3916 33.9559 35.5949 35.9444 33.7194 34.1174 41.1461 36.7423 37.4032 36.4005 35.7491 40.3980 37.9078 36.5787 38.5097 38.9230 37.4032 35.2420 37.0675 36.9188 37.1349 37.9605 37.4833 36.7287 37.5500 37.1080 15.9060 15.0997 16.5529 20.7846 16.1245 12.9228 21.1660 24.4336 18.6548 14.5602 17.2627 19.7990 19.7484 17.2627 18.9209 17.0000 16.9706 17.0294 17.2337 18.6011 15.2971 15.5242 21.1424 13.1529 17.7482 18.3848 15.9374 17.9444 13.9284 14.6287 19.2354 24.7386 26.7208 25.2784 22.0681 25.0200 25.3969 21.7025 19.2614 26.1534 27.4408 24.6982 24.1039 25.6515 23.2809 20.3961 23.8956 21.8174 23.6643 26.2869 28.6356 24.9399 22.7596 27.5681 21.1187 24.1247 22.9347 22.6936 21.7715 22.5610 32.0156 39.6358 32.8938 40.0000 38.9872 39.6989 35.4542 33.0757 36.3318 37.9473 41.1704 36.6060 36.7151 40.2741 36.5787 35.5528 34.6843 37.2290 36.9188 35.7351 36.4692 35.7351 35.3129 36.6197 38.7040 33.7194 37.6962 35.6931 37.6829 35.9444
11.6619 18.3303 9.8995 9.3808 16.4317 11.4891 18.2209 16.9115 12.3288 14.5602 13.5647 16.0000 13.0384 8.2462 15.8745 15.0333 20.3961 15.7480 10.5830 8.9443 12.1655 19.5448 17.0880 8.1240 15.1658 14.3527 10.9545 12.0830 0.0000 15.7480 38.1707 38.2361 35.7351 39.8999 35.5949 33.3317 37.1080 38.0263 35.0571 35.2987 42.6028 36.4143 38.6911 36.5650 36.0555 40.7431 38.7685 38.0526 39.6863 40.1123 39.4335 36.9053 38.4187 38.2230 37.9342 38.9487 38.7169 38.2753 38.9358 37.6431 17.6918 16.5529 13.4907 19.9499 12.6491 12.9228 20.0000 21.0476 17.1464 17.0294 16.9115 17.4929 20.4939 21.4009 18.9737 15.5242 18.9737 14.6287 20.7605 17.0880 14.6969 17.2337 19.7737 14.3178 15.3297 16.6132 16.3707 19.8997 15.0997 15.6205 16.8523 25.5343 24.6982 24.1454 20.5670 22.2261 23.8956 17.9165 17.2337 23.4521 23.3452 24.0416 23.1733 23.4947 22.0454 17.8326 20.6155 19.7990 21.1660 22.6495 25.1794 20.9762 18.3303 25.2587 19.0263 22.9783 20.2978 19.3132 20.9284 18.1384 35.3129 42.1545 33.5857 41.2795 41.3038 40.8167 35.9861 35.3836 38.9102 39.5727 43.5086 37.3363 37.8946 43.0116 36.9053 38.2361 35.3695 37.4166 38.5616 37.6431 38.0000 37.0270 35.3977 38.7685 40.5956 35.9861 39.2810 38.0789 40.5463 37.4433
10.0000 13.1909 13.1149 12.4900 10.9545 11.5758 15.2315 16.1245 10.3923 12.1655 10.9545 11.0454 15.0997 13.1909 11.7473 13.2665 23.2809 13.1909 10.4881 17.3781 18.0000 13.0384 10.4881 12.4900 15.2315 11.9164 15.0997 13.6382 15.7480 0.0000 33.3617 33.4365 30.2159 33.2866 29.5466 30.9677 31.3847 31.5595 28.4077 30.7896 35.3412 32.3419 33.4515 32.5423 30.9516 34.8999 32.6650 32.3110 33.0908 34.4238 34.3366 30.7896 35.0714 31.6386 32.8786 31.8904 32.9090 32.5730 33.2566 31.2250 12.8452 14.6287 18.6011 18.2757 10.7703 9.9499 17.4929 21.9317 14.0712 13.9284 17.2627 16.7929 15.4919 10.1980 14.3527 14.4568 17.2047 15.3623 13.1529 14.2127 13.8564 11.6190 16.0312 11.9583 13.4536 13.4164 13.2665 18.9209 15.9374 17.6068 12.1655 16.8523 18.1108 15.8430 16.3401 18.7617 16.7033 16.8226 13.5277 17.7764 21.3307 20.4450 17.2337 21.8632 17.8326 15.6205 16.5227 16.7332 19.3391 19.8242 25.6515 16.8523 19.7484 19.2873 16.1864 19.1311 17.8885 16.8226 16.5529 17.0000 28.2312 35.8190 27.2029 37.3631 36.6333 35.0428 32.8481 29.3258 34.6410 34.2345 36.0694 30.2655 33.1964 36.9324 29.3258 33.3167 32.2335 34.0588 32.9697 29.9833 32.9242 34.5398 32.3574 34.3074 35.0428 28.7924 33.0606 32.4345 34.0000 32.2490
33.4215 33.6898 35.2846 34.5398 33.8378 34.4529 29.6816 34.9428 33.9264 33.4515 34.5398 34.9428 32.3265 36.0694 32.5423 33.7194 36.5103 32.8786 34.4238 36.9459 34.7419 36.7015 34.6843 35.2562 33.1813 31.6070 32.6343 37.8021 38.1707 33.3617 0.0000 16.8226 10.1980 16.1555 14.9666 14.2127 15.4919 13.0000 11.4891 11.8743 15.6844 9.8489 17.0880 9.4868 10.5357 13.0000 12.0830 11.1803 13.9284 17.7200 15.0997 15.1327 12.2882 12.8062 13.9284 15.6205 15.6205 11.4018 16.0935 10.9545 33.2866 30.9031 33.9853 28.4429 30.9031 29.9666 26.6646 27.8209 32.4191 29.2062 28.2666 25.5930 29.6142 29.0000 31.6386 29.6311 32.8177 29.7489 28.9482 27.1846 33.9853 30.0998 28.4605 29.6648 29.4618 27.9464 31.0644 28.7924 32.6343 33.3916 25.0400 28.4429 29.7153 27.2029 26.7955 28.1603 27.1293 29.5296 26.7582 28.1957 27.6043 27.1846 26.6833 26.0192 24.8395 25.3969 25.6125 25.3969 29.1033 26.2298 30.2490 25.2389 24.7588 25.7488 28.0535 30.2159 23.6008 29.5973 22.4722 27.0555 14.9666 21.3073 14.3875 14.8661 14.3178 11.5326 12.5698 11.5326 21.3307 11.6190 15.4272 16.8226 11.0000 14.6629 14.4568 17.4642 17.3205 11.2694 14.4222 15.2971 16.3401 15.8745 11.8322 16.6132 12.6095 14.6287 13.2665 13.6015 15.7162 16.2788
33.8821 35.7771 36.5787 35.8329 34.0000 35.2420 34.0881 35.8329 35.4401 36.1109 35.2136 34.8712 35.5246 36.1939 33.0454 37.1753 40.5216 32.4962 35.8608 35.5528 32.1870 36.7696 34.3802 35.1568 32.7109 34.2929 36.5240 37.2022 38.2361 33.4365 16.8226 0.0000 13.5277 14.0000 10.2470 11.9583 12.5300 11.0454 14.4568 11.9164 18.4662 12.3288 11.7047 16.0935 15.9374 15.2315 13.3041 15.6205 16.5227 14.5258 11.3578 11.9164 15.5563 15.9687 8.8882 12.2882 13.0000 10.8167 10.0995 15.1987 32.4191 32.6497 33.8231 34.8138 33.9706 31.1929 27.7128 30.7734 34.8712 28.8791 28.7750 27.5318 28.0713 30.9516 33.5559 31.3847 32.8329 31.9687 29.6142 29.7658 35.4683 32.9393 32.7261 31.2570 32.4808 30.8545 32.7414 28.8444 34.9571 33.3467 26.0000 24.4949 29.8664 26.8142 30.0167 28.3901 30.3809 26.8887 25.5930 29.6311 29.5466 27.7489 27.0370 26.6458 26.1151 27.8568 26.0576 23.6643 26.5330 28.0535 30.5614 27.1293 27.7128 24.4131 28.2135 27.8927 24.6982 27.8388 26.4953 27.7308 14.0357 15.5242 13.3417 15.1658 15.5563 13.4907 17.5214 12.1655 13.7113 14.2829 15.3948 18.0000 11.8322 14.2127 19.7484 12.7279 10.5357 12.1655 13.3791 17.2916 16.6733 15.3948 14.3178 14.1067 14.2127 15.5885 13.0767 11.4891 12.5698 14.3527
30.3150 30.8707 32.6650 32.2955 30.8707 31.7962 27.8747 32.5115 32.2025 31.5436 31.5436 31.6702 30.0167 33.2114 29.1376 31.7333 34.0735 30.0832 32.2955 34.4819 30.9677 33.8674 32.0780 32.1714 29.3428 29.0689 31.4484 34.1028 35.7351 30.2159 10.1980 13.5277 0.0000 13.8924 10.9545 13.1149 11.4891 11.7898 7.6158 9.7468 13.1909 9.5394 14.2829 11.3137 9.6437 12.6095 8.2462 13.3791 11.8322 12.8841 10.7703 11.0000 13.2288 12.1655 10.5830 12.0000 12.4900 9.4868 11.2694 10.9545 29.4279 27.6948 30.3809 27.8747 29.6142 27.4226 23.9792 25.9615 30.0832 25.4362 25.7488 23.6432 26.5518 26.5518 30.1496 27.1662 30.0500 27.0740 26.1916 24.4745 31.5753 27.7849 28.3901 27.0924 27.2397 26.7769 28.3373 25.0400 30.3480 30.5123 23.2594 24.3926 28.1957 25.4165 26.3059 25.8650 26.0384 27.2397 23.8328 25.9808 25.4165 23.5584 22.8910 23.4307 23.0434 23.4307 24.1247 21.3307 26.5518 24.8193 30.4795 24.4336 23.5160 22.6053 24.7992 26.7395 21.0950 26.4953 21.0950 25.2587 11.3137 16.0624 12.5300 14.1067 14.3178 11.0905 12.4097 8.6603 16.9411 12.3693 12.3288 13.6748 10.0499 12.8452 14.5258 13.4536 14.5602 9.9499 12.4900 11.8322 14.5945 15.0333 13.0384 13.9284 10.8167 12.3288 9.2736 9.4340 12.2882 13.0767
