0.0000 2.9058 4.8166 6.6561 3.0262 4.5494 13.1447 1.1291 5.6574 5.4578 2.4279 2.4134 3.3895 3.5723 3.5741 2.6166 3.2792 3.4851 0.8418 2.4902 6.5512 1.9524 9.5899 3.2700 2.4732 2.4355 3.1115 3.9855 3.6871 4.8783 25.0142 22.5021 22.8954 24.0967 23.4817 20.3071 23.3885 21.0429 18.6700 21.4302 17.7313 19.8771 24.1310 23.6696 23.4552 24.9507 22.8966 19.9700 20.2013 22.5844 21.3625 20.6563 20.0685 24.1720 21.2434 17.8234 17.9054 18.9157 24.5296 21.0381 15.3265 9.6118 13.3953 14.6034 10.7965 13.8905 10.1996 13.3480 10.1310 6.3508 10.8292 12.9729 11.7967 12.6236 9.6751 12.6344 11.2558 17.3148 15.7354 9.2144 7.1992 11.5911 14.0128 12.4660 12.2294 10.0157 7.9792 10.6635 16.0423 15.1737 4.0873 10.8511 9.9745 8.7965 9.5413 6.5931 5.3635 7.7103 4.4693 8.9193 13.1962 8.4911 14.5145 13.6803 13.5585 9.6344 8.6030 8.0460 8.0020 12.6027 12.9882 10.9244 15.7489 13.0079 10.2209 10.7767 10.4076 5.5724 12.2431 11.2131 21.6345 24.6154 20.9322 24.4486 18.5384 17.2924 23.0466 17.7949 21.5213 19.5969 21.2605 17.2573 19.8608 22.0144 19.4729 23.4982 22.3856 19.6557 18.5464 17.9116 16.7159 16.6207 24.5099 23.6268 17.0112 18.4606 16.8227 15.2356 24.7099 21.6938
2.9058 0.0000 4.9824 7.3467 0.6866 5.5161 12.6356 3.2826 3.9938 4.0133 3.9652 3.9514 3.5175 2.8710 1.8841 4.0768 4.3098 3.5070 3.0258 4.0057 6.1252 3.0736 9.7322 2.6614 3.9874 3.9588 3.8734 5.0710 3.0371 4.1731 24.6913 22.1724 22.5246 23.7418 23.1313 19.8910 23.0517 20.6233 18.2468 21.0423 17.3122 19.4674 23.7726 23.3234 23.1246 24.5983 22.5323 19.5640 19.7831 22.2612 20.9634 20.2420 19.7292 23.8291 20.8436 17.3695 17.4789 18.5548 24.2132 20.6370 14.9683 9.1973 13.0051 14.4187 10.1945 13.3619 9.5460 12.9105 9.9419 5.3314 10.4094 12.4832 11.2056 12.1485 9.3047 12.2712 10.7961 16.9226 15.4366 8.6375 6.9453 11.1616 13.7957 12.0771 11.8804 9.6037 7.0983 10.0187 15.6049 14.7630 3.7630 10.2554 9.2211 7.8878 9.2036 5.9883 3.6667 8.1586 2.9773 8.4808 12.6878 7.6644 13.9218 13.2074 13.0116 9.0822 8.3513 7.3604 7.0050 12.0217 12.3832 10.2069 15.3280 12.3409 10.1555 10.3336 10.0353 4.4938 11.9702 10.7704 21.2848 24.2644 20.5226 24.1095 18.1128 16.8804 22.6978 17.3681 21.1289 19.2304 20.8623 16.8350 19.4811 21.6535 19.0421 23.1487 22.0051 19.2472 18.1017 17.4577 16.3003 16.1227 24.1660 23.2726 16.5258 18.0472 16.4067 14.8299 24.4042 21.3746
4.8166 4.9824 0.0000 4.2942 5.0929 3.5449 12.0753 4.5581 7.1972 6.9515 4.3869 4.4030 4.2521 4.2028 5.5531 4.2946 4.0320 4.2655 4.7550 4.3688 5.0332 5.2716 8.6885 4.1207 4.3806 4.4287 4.9937 5.0806 4.3108 5.4692 24.4453 21.8598 22.2577 23.4955 22.8491 19.6257 22.7410 20.3428 17.8912 20.7581 16.9511 19.1452 23.5242 23.0580 22.8371 24.3524 22.2712 19.2449 19.4899 21.9427 20.6638 19.9873 19.3551 23.5565 20.5419 17.0878 17.1329 18.2241 23.9186 20.3377 14.5573 8.4101 12.3266 13.8109 9.8584 12.9028 9.1770 12.5234 8.6956 5.6603 9.7947 12.0130 10.7756 11.6859 8.5156 11.7300 10.1436 16.5508 14.9194 8.1513 6.4457 10.3605 13.1989 11.4364 11.2384 8.9947 7.5396 9.5918 15.1776 14.4213 4.3724 9.5263 8.7185 8.2464 7.6486 4.9592 6.9398 6.8191 5.8571 7.5592 12.1277 7.3899 13.5607 12.5944 12.6432 8.0736 6.3926 6.8105 7.9985 11.5937 11.8947 9.7435 14.7967 11.9503 8.8028 9.5444 9.0750 5.4055 10.9083 9.7595 20.9282 24.0234 20.2835 23.8410 17.7558 16.5796 22.4090 16.9910 20.8482 18.9069 20.6033 16.4766 19.1593 21.3683 18.7495 22.8650 21.7325 18.9080 17.7732 17.0979 15.8527 15.8235 23.9103 23.0126 16.2909 17.6944 16.0247 14.3088 24.1037 21.0201
6.6561 7.3467 4.2942 0.0000 7.4500 4.4567 11.3893 6.5354 9.0347 8.8420 6.2075 6.2021 6.6453 6.8984 7.7214 6.1467 5.5987 6.8343 6.5988 6.2290 5.8463 7.0056 7.3938 6.8137 6.2158 6.2131 6.5329 6.8955 6.7994 7.4159 24.0347 21.4217 21.8221 23.0856 22.4138 19.1454 22.2783 19.8397 17.3908 20.2976 16.4372 18.6556 23.1037 22.6232 22.4103 23.9211 21.8483 18.7370 18.9913 21.4917 20.1608 19.5453 18.8604 23.1276 20.0373 16.6250 16.6377 17.8164 23.4799 19.8383 14.2869 8.2384 11.9011 13.4192 9.7650 12.3444 8.8777 12.1697 8.3447 6.7453 9.5886 11.4827 10.4517 11.3328 8.3991 11.3599 9.6257 16.0575 14.2958 8.0342 7.6591 9.7990 12.7878 11.0435 10.6923 8.7966 8.4089 9.1872 14.6091 14.0139 6.6921 8.7498 8.2187 8.9291 6.6784 5.0541 8.8351 5.7057 8.0353 7.4898 11.6142 7.6316 12.9735 12.0068 12.2304 7.1396 6.3755 6.6795 9.0160 11.2804 11.1719 9.2049 14.2067 11.2578 7.7848 9.1030 8.5389 7.3283 10.2374 8.9138 20.4761 23.6080 19.8930 23.3979 17.2012 16.2011 21.9591 16.4106 20.3824 18.4390 20.1689 15.9724 18.7280 20.9238 18.2419 22.4065 21.2678 18.3997 17.2588 16.5525 15.2903 15.3308 23.4739 22.5980 15.9480 17.1412 15.4884 13.7168 23.6952 20.5570
3.0262 0.6866 5.0929 7.4500 0.0000 5.6433 12.6265 3.3962 3.9243 4.0155 4.1363 4.1309 3.7083 3.2195 2.0150 4.2476 4.3290 3.7249 3.2025 4.1506 6.2092 3.2357 9.7529 2.9209 4.1421 4.1337 3.9776 5.1464 3.3670 4.1559 24.6808 22.1700 22.5119 23.7277 23.1198 19.8789 23.0486 20.6085 18.2362 21.0322 17.3065 19.4581 23.7601 23.3136 23.1216 24.5873 22.5202 19.5551 19.7700 22.2579 20.9536 20.2295 19.7332 23.8213 20.8335 17.3579 17.4665 18.5500 24.2108 20.6289 14.9715 9.2026 13.0293 14.4283 10.1899 13.3594 9.5468 12.8970 10.0033 5.3146 10.4310 12.4729 11.2026 12.1308 9.3123 12.2652 10.7757 16.9169 15.4227 8.6368 6.9839 11.1823 13.8031 12.0568 11.8626 9.5955 7.0691 10.0223 15.6012 14.7610 3.9585 10.2660 9.2141 7.8685 9.2907 5.9691 3.5869 8.2008 3.0619 8.4662 12.7110 7.6750 13.9033 13.2068 12.9834 9.1144 8.4628 7.3669 6.9978 12.0164 12.3687 10.2003 15.3127 12.3221 10.1702 10.3499 10.1031 4.5977 12.0124 10.8234 21.2756 24.2535 20.5103 24.1019 18.1037 16.8739 22.6893 17.3567 21.1175 19.2249 20.8511 16.8285 19.4694 21.6421 19.0308 23.1377 21.9919 19.2354 18.0886 17.4427 16.3020 16.1123 24.1566 23.2631 16.5105 18.0341 16.3915 14.8356 24.4002 21.3782
4.5494 5.5161 3.5449 4.4567 5.6433 0.0000 12.5483 4.3353 7.6307 7.3949 3.8439 3.8448 4.4953 4.8962 6.0127 3.7271 3.5317 4.7688 4.4744 3.8600 5.6287 5.0356 8.8192 4.7478 3.8550 3.8783 4.4083 4.7662 4.7610 6.3444 24.6829 22.1210 22.5391 23.7637 23.1198 19.9169 23.0031 20.6467 18.2351 21.0514 17.2732 19.4617 23.7896 23.3167 23.0934 24.6056 22.5452 19.5517 19.8014 22.2030 20.9596 20.2902 19.6306 23.8195 20.8434 17.4123 17.4623 18.4965 24.1652 20.6327 14.8481 8.9256 12.7863 14.0534 10.4617 13.3574 9.7793 12.8440 9.3612 6.5013 10.2153 12.4688 11.3006 12.1237 9.0328 12.0962 10.6081 16.8660 15.2299 8.6336 6.3884 10.8733 13.4432 11.8464 11.5488 9.3462 7.8437 10.1566 15.5510 14.7699 4.6729 10.0827 9.3478 8.6428 8.4154 5.7519 7.3982 6.9372 6.4182 8.4277 12.6177 8.2250 14.0157 13.0670 13.0952 8.7542 7.4460 7.4938 8.0373 12.1576 12.3775 10.3634 15.2127 12.4543 9.2412 10.1346 9.6671 5.6157 11.4011 10.3839 21.2382 24.2802 20.5892 24.0940 18.0807 16.9050 22.6785 17.3246 21.1409 19.1689 20.8936 16.8020 19.4617 21.6484 19.0652 23.1287 22.0171 19.2360 18.1180 17.4544 16.2065 16.1937 24.1582 23.2750 16.6415 18.0197 16.3643 14.6779 24.3557 21.2812
13.1447 12.6356 12.0753 11.3893 12.6265 12.5483 0.0000 13.2942 13.0278 13.1058 13.5105 13.5032 13.3663 13.1522 12.7122 13.4821 12.4275 13.3666 13.1891 13.5253 10.4757 13.1076 9.3503 12.8247 13.5153 13.4995 12.7984 13.9232 13.1900 12.6144 20.4167 17.6309 17.7189 19.1537 18.4665 14.5289 18.3480 14.9981 12.6814 15.9001 12.1693 13.8826 19.1802 18.8208 18.6369 20.0027 17.8624 14.2657 14.1819 17.6802 15.5957 15.4071 14.8123 19.3962 15.2869 12.9484 11.8797 13.8658 19.8080 15.3157 10.7920 6.2626 7.2519 10.2527 8.5257 6.4411 9.0579 9.6357 8.7431 10.7971 7.4153 7.1037 9.4891 7.9750 7.2848 8.2516 7.2825 11.9647 10.5207 9.7695 11.7507 7.7190 9.8429 7.3130 8.1334 6.5676 10.4350 9.2135 9.5044 10.6087 12.8861 9.2855 10.0231 9.9022 11.1166 10.8763 12.9429 10.4426 12.9494 9.5400 9.8545 8.2129 7.6817 8.2435 6.1765 8.2076 9.0977 9.5428 12.5875 7.1577 10.4478 9.3047 9.4533 10.5402 8.7151 8.1711 6.5017 12.4331 6.9148 10.3464 16.5223 19.7463 16.0964 19.5006 12.4397 12.3701 18.1616 11.1716 16.0142 14.3202 15.9823 11.8187 14.5629 16.7928 13.5356 18.2650 16.9315 13.7428 12.0955 11.5090 10.1731 10.0716 19.5773 18.7008 11.5996 12.1998 10.5898 9.0829 20.0748 16.6247
1.1291 3.2826 4.5581 6.5354 3.3962 4.3353 13.2942 0.0000 6.0707 5.8181 2.0042 2.0576 3.0331 3.3328 4.0123 2.2905 3.3722 3.0491 1.2669 2.0440 6.6237 2.2430 9.8259 3.2534 2.0758 2.1866 3.4016 3.2049 3.5049 5.1892 25.1218 22.6102 23.0097 24.2067 23.5888 20.4384 23.4963 21.1732 18.7985 21.5475 17.8682 20.0040 24.2435 23.7822 23.5596 25.0601 23.0073 20.0967 20.3303 22.6929 21.4881 20.7828 20.1841 24.2776 21.3666 17.9691 18.0419 19.0318 24.6307 21.1630 15.4489 9.7528 13.4967 14.7173 10.9922 14.0456 10.3960 13.4968 10.1250 6.6233 10.9551 13.1467 11.9801 12.7777 9.8074 12.7837 11.3864 17.4467 15.8752 9.4003 7.1400 11.7110 14.1364 12.6066 12.3635 10.1331 8.2366 10.8498 16.1924 15.2964 4.0637 11.0380 10.1975 9.0584 9.5907 6.8047 5.7989 7.8540 4.7302 9.0169 13.3320 8.7185 14.6917 13.8186 13.7366 9.8157 8.5400 8.2912 8.2947 12.7739 13.1780 11.1451 15.8796 13.2148 10.3092 10.9206 10.5075 5.7975 12.3214 11.3194 21.7397 24.7228 21.0585 24.5573 18.6751 17.4274 23.1612 17.9381 21.6438 19.7215 21.3872 17.3973 19.9806 22.1343 19.6117 23.6117 22.5051 19.7781 18.6812 18.0536 16.8510 16.7814 24.6200 23.7379 17.1668 18.6021 16.9704 15.3761 24.8074 21.7992
5.6574 3.9938 7.1972 9.0347 3.9243 7.6307 13.0278 6.0707 0.0000 1.0592 6.6005 6.5817 6.0036 5.7861 3.0408 6.6566 6.3876 5.7062 5.7348 6.6235 6.5515 5.2087 10.2822 5.5395 6.6003 6.5684 5.6212 7.4132 5.8716 5.4309 24.2603 21.7888 22.0372 23.2739 22.6917 19.4115 22.6532 20.0639 17.7145 20.5494 16.8065 18.9479 23.3314 22.8687 22.7370 24.1339 22.0579 19.0485 19.2420 21.8484 20.4511 19.7008 19.3269 23.4274 20.3496 17.0304 16.9358 18.0905 23.8356 20.1122 14.8797 9.2135 13.0436 14.2647 9.6481 13.1282 8.7930 12.3542 10.9055 5.7209 10.8082 11.9429 10.5914 11.9762 9.3021 12.0699 10.8455 16.9486 15.2054 8.6504 7.7322 11.0702 13.7473 11.9144 11.7142 9.8888 7.6191 9.4547 15.0832 14.6840 5.3509 9.5896 8.4751 6.7518 9.4061 6.0415 0.7614 8.7523 2.9091 9.4432 12.2321 8.2263 13.4398 13.0370 12.3433 9.5930 9.7440 6.9102 5.5958 11.3108 11.5830 9.2725 15.1044 12.1296 10.3343 10.1040 10.6059 4.6094 12.0238 10.3880 20.9088 23.8150 20.0008 23.6657 17.6040 16.4108 22.2456 16.8388 20.6174 18.7888 20.3446 16.2855 19.0653 21.2172 18.4908 22.7104 21.5296 18.7473 17.5347 16.9140 15.8381 15.5312 23.7447 22.8348 15.9042 17.5283 15.8348 14.3729 24.0199 21.0052
5.4578 4.0133 6.9515 8.8420 4.0155 7.3949 13.1058 5.8181 1.0592 0.0000 6.3229 6.3078 5.6820 5.5548 3.0310 6.3856 6.2338 5.3543 5.4880 6.3408 6.4613 4.9864 10.2490 5.3341 6.3250 6.2964 5.4354 7.1459 5.6407 5.4807 24.2674 21.7772 22.0474 23.2863 22.7023 19.4318 22.6522 20.0840 17.7228 20.5620 16.7994 18.9529 23.3476 22.8748 22.7331 24.1480 22.0711 19.0561 19.2564 21.8432 20.4578 19.7167 19.3072 23.4362 20.3613 17.0647 16.9359 18.0715 23.8316 20.1229 14.8845 9.1861 13.0044 14.1848 9.6457 13.1754 8.7706 12.3288 10.7863 5.8377 10.8128 11.9353 10.5782 12.0031 9.2571 12.0572 10.8717 17.0025 15.2091 8.6739 7.6066 11.0347 13.7093 11.9287 11.6859 9.9155 7.7711 9.4522 15.0713 14.7113 5.0131 9.5419 8.5085 6.7666 9.2702 6.0113 1.3017 8.6267 2.9230 9.4528 12.1997 8.3305 13.4946 13.0691 12.3608 9.6148 9.6002 6.8704 5.5393 11.2982 11.5786 9.2599 15.1368 12.2260 10.2239 10.0791 10.5513 4.6110 11.9283 10.2611 20.9208 23.8312 20.0156 23.6726 17.6153 16.4155 22.2520 16.8434 20.6300 18.7864 20.3620 16.2839 19.0747 21.2301 18.5098 22.7225 21.5460 18.7601 17.5498 16.9271 15.8277 15.5522 23.7592 22.8476 15.9217 17.5384 15.8346 14.3479 24.0097 20.9889
2.4279 3.9652 4.3869 6.2075 4.1363 3.8439 13.5105 2.0042 6.6005 6.3229 0.0000 0.2025 2.3214 3.0276 4.6321 1.0359 4.1803 2.8452 2.3152 0.4470 6.8399 3.2727 10.1479 3.7510 0.4407 0.5730 4.1697 2.9112 2.8114 5.7231 25.2594 22.7554 23.1583 24.3510 23.7314 20.6044 23.6374 21.3372 18.9738 21.7030 18.0496 20.1702 24.3864 23.9245 23.7008 25.1976 23.1537 20.2632 20.4984 22.8376 21.6448 20.9463 20.3444 24.4173 21.5268 18.1567 18.2271 19.2042 24.7651 21.3201 15.6554 10.0127 13.6870 14.9182 11.2681 14.2538 10.6702 13.7294 10.3343 7.0603 11.2211 13.3947 12.2307 13.0068 10.0778 13.0155 11.6482 17.6183 16.0761 9.6825 7.3654 11.9247 14.3299 12.8492 12.6077 10.4063 8.6126 11.1113 16.3842 15.5161 4.4338 11.2869 10.4953 9.4044 9.7496 7.1470 6.3241 8.1698 5.1407 9.3402 13.5284 9.0323 14.9130 14.0107 13.9797 10.0847 8.2729 8.6473 8.6699 13.0092 13.4263 11.4237 16.0680 13.4742 10.4849 11.1589 10.7091 6.1930 12.5037 11.5334 21.8832 24.8605 21.2200 24.6944 18.8515 17.6124 23.3065 18.1289 21.8017 19.8910 21.5480 17.5883 20.1502 22.2901 19.7847 23.7568 22.6585 19.9431 18.8593 18.2382 17.0395 16.9821 24.7596 23.8816 17.3668 18.7856 17.1725 15.5818 24.9416 21.9459
2.4134 3.9514 4.4030 6.2021 4.1309 3.8448 13.5032 2.0576 6.5817 6.3078 0.2025 0.0000 2.3568 3.0224 4.6089 1.0160 4.2146 2.8867 2.2748 0.5115 6.8242 3.2806 10.1372 3.7420 0.4350 0.4256 4.1648 3.0513 2.7923 5.7107 25.2528 22.7486 23.1513 24.3446 23.7246 20.5961 23.6299 21.3291 18.9652 21.6950 18.0404 20.1622 24.3793 23.9173 23.6938 25.1905 23.1466 20.2546 20.4903 22.8305 21.6370 20.9381 20.3361 24.4102 21.5190 18.1475 18.2191 19.1973 24.7582 21.3117 15.6492 10.0053 13.6797 14.9129 11.2575 14.2424 10.6570 13.7227 10.3405 7.0453 11.2159 13.3856 12.2187 12.9994 10.0705 13.0064 11.6433 17.6103 16.0683 9.6705 7.3770 11.9145 14.3234 12.8417 12.6043 10.4063 8.6009 11.0974 16.3750 15.5104 4.4277 11.2734 10.4795 9.3886 9.7354 7.1314 6.2993 8.1566 5.1165 9.3451 13.5154 9.0157 14.9018 14.0003 13.9695 10.0706 8.2642 8.6330 8.6538 12.9983 13.4153 11.4102 16.0599 13.4615 10.4743 11.1488 10.6992 6.1701 12.4958 11.5238 21.8759 24.8536 21.2122 24.6873 18.8424 17.6028 23.2991 18.1205 21.7941 19.8830 21.5398 17.5793 20.1432 22.2826 19.7755 23.7497 22.6513 19.9349 18.8505 18.2300 17.0302 16.9714 24.7525 23.8746 17.3572 18.7772 17.1639 15.5721 24.9359 21.9387
3.3895 3.5175 4.2521 6.6453 3.7083 4.4953 13.3663 3.0331 6.0036 5.6820 2.3214 2.3568 0.0000 2.2304 3.9984 2.5762 4.7248 1.4902 3.3572 2.3641 6.4722 4.0166 10.4359 3.2669 2.4020 2.4675 4.7964 3.5683 1.9676 5.6459 25.1024 22.5815 22.9768 24.1780 23.5526 20.4063 23.4664 21.1399 18.7550 21.5079 17.8346 19.9631 24.2171 23.7567 23.5314 25.0287 22.9721 20.0617 20.2949 22.6684 21.4521 20.7454 20.1571 24.2474 21.3314 17.9480 18.0092 19.0041 24.6027 21.1235 15.4621 9.7088 13.4271 14.7581 10.9663 13.9975 10.3091 13.4820 10.0372 6.5830 10.9845 13.1451 11.9209 12.7588 9.7935 12.7962 11.3597 17.4530 15.9054 9.3541 6.9534 11.6232 14.1841 12.6200 12.3736 10.1020 8.4207 10.7775 16.1607 15.3137 3.6319 10.9404 10.1297 8.9743 9.3320 6.8047 5.7077 8.3330 4.2680 9.1226 13.2181 8.8222 14.6498 13.7444 13.7097 9.7858 8.0278 8.2566 8.2006 12.7073 13.1258 11.0782 15.8240 13.2176 10.3311 10.8607 10.4355 5.6130 12.2250 11.1867 21.6954 24.6915 21.0240 24.5288 18.6427 17.3960 23.1323 17.9167 21.6117 19.7015 21.3602 17.3693 19.9537 22.1140 19.5784 23.5865 22.4778 19.7341 18.6385 18.0141 16.8139 16.7489 24.5949 23.7105 17.1328 18.5829 16.9578 15.3521 24.7769 21.7723
3.5723 2.8710 4.2028 6.8984 3.2195 4.8962 13.1522 3.3328 5.7861 5.5548 3.0276 3.0224 2.2304 0.0000 3.8397 3.1938 4.9563 2.1946 3.5038 3.1002 6.3558 4.2017 10.4783 2.5191 3.0834 3.0691 4.9310 4.3378 1.0689 5.4550 25.0538 22.5322 22.9136 24.1201 23.4898 20.3372 23.4027 21.0636 18.6790 21.4359 17.7695 19.8945 24.1522 23.7001 23.4717 24.9640 22.9074 19.9877 20.2217 22.6201 21.3819 20.6705 20.1005 24.1780 21.2606 17.8662 17.9508 18.9677 24.5469 21.0476 15.4191 9.7053 13.3560 14.8211 10.8909 13.8789 10.2070 13.4743 10.0568 6.3650 10.9160 13.1003 11.8098 12.7185 9.7905 12.7840 11.3375 17.3747 15.9098 9.2814 7.0695 11.5396 14.2346 12.6009 12.4240 10.1278 8.0800 10.6510 16.0997 15.2422 3.6534 10.8533 9.9759 8.8332 9.2109 6.7792 5.4796 8.5740 3.9455 8.9395 13.0879 8.4525 14.5266 13.6540 13.6425 9.6074 7.8634 8.2018 8.0666 12.6174 13.0461 10.9623 15.7670 13.0541 10.4180 10.8061 10.3243 5.3107 12.1879 11.1216 21.6298 24.6265 20.9527 24.4698 18.5680 17.3247 23.0742 17.8594 21.5422 19.6524 21.2856 17.3058 19.8948 22.0556 19.5009 23.5283 22.4098 19.6580 18.5581 17.9445 16.7389 16.6525 24.5336 23.6446 17.0511 18.5284 16.9165 15.2980 24.7365 21.7224
3.5741 1.8841 5.5531 7.7214 2.0150 6.0127 12.7122 4.0123 3.0408 3.0310 4.6321 4.6089 3.9984 3.8397 0.0000 4.7144 4.7572 3.8835 3.5743 4.6542 5.9998 3.0970 9.5768 3.5635 4.6285 4.5886 3.8105 5.7127 3.9500 4.2439 24.5116 21.9883 22.3316 23.5578 22.9586 19.6808 22.8765 20.4105 18.0250 20.8449 17.0800 19.2505 23.5943 23.1373 22.9506 24.4181 22.3443 19.3504 19.5674 22.0727 20.7562 20.0267 19.5289 23.6647 20.6393 17.1649 17.2415 18.3268 24.0446 20.4276 14.8188 9.0606 12.8760 14.2050 9.8612 13.1641 9.1871 12.6618 10.0596 5.1115 10.2925 12.1797 10.9527 11.9833 9.1337 12.0850 10.6746 16.7984 15.2398 8.4541 7.0247 10.9930 13.6104 11.8928 11.7421 9.5521 7.1206 9.7116 15.3585 14.6064 3.8779 9.9172 8.8648 7.3860 9.1295 5.8641 2.5641 7.9802 2.4526 8.7539 12.4631 7.6839 13.6799 13.0544 12.7310 9.0270 8.7134 6.9440 6.3978 11.7010 12.0321 9.8038 15.1802 12.1244 10.0832 10.1144 9.9766 4.0580 11.8358 10.4929 21.1283 24.0877 20.3127 23.9309 17.8927 16.6601 22.5132 17.1326 20.9249 19.0227 20.6567 16.5948 19.2911 21.4653 18.8176 22.9668 21.8130 19.0538 17.8742 17.2288 16.0799 15.8673 23.9912 23.0948 16.2783 17.8141 16.1524 14.5716 24.2295 21.1904
2.6166 4.0768 4.2946 6.1467 4.2476 3.7271 13.4821 2.2905 6.6566 6.3856 1.0359 1.0160 2.5762 3.1938 4.7144 0.0000 4.1086 3.0573 2.4804 1.1072 6.7616 3.4296 10.1030 3.6063 1.0737 1.0676 4.0367 3.1972 2.9773 5.6220 25.2422 22.7370 23.1397 24.3336 23.7138 20.5820 23.6191 21.3170 18.9497 21.6815 18.0230 20.1490 24.3684 23.9062 23.6822 25.1805 23.1346 20.2405 20.4772 22.8190 21.6252 20.9230 20.3217 24.3998 21.5071 18.1289 18.2030 19.1796 24.7478 21.2993 15.6279 9.9694 13.6567 14.8904 11.2208 14.2207 10.6170 13.6953 10.3070 6.9765 11.1853 13.3604 12.1881 12.9729 10.0353 12.9825 11.6139 17.5918 16.0500 9.6309 7.3118 11.8868 14.2989 12.8169 12.5768 10.3724 8.5494 11.0622 16.3572 15.4888 4.3080 11.2454 10.4479 9.3392 9.7000 7.0729 6.3768 8.1091 5.2147 9.3071 13.4895 8.9689 14.8802 13.9787 13.9463 10.0404 8.2169 8.5882 8.5991 12.9728 13.3932 11.3796 16.0427 13.4412 10.4433 11.1174 10.6676 6.0876 12.4724 11.4988 21.8639 24.8429 21.1975 24.6774 18.8282 17.5831 23.2879 18.1065 21.7817 19.8682 21.5269 17.5617 20.1286 22.2710 19.7615 23.7397 22.6401 19.9213 18.8351 18.2151 17.0140 16.9544 24.7424 23.8640 17.3390 18.7628 17.1468 15.5527 24.9258 21.9268
3.2792 4.3098 4.0320 5.5987 4.3290 3.5317 12.4275 3.3722 6.3876 6.2338 4.1803 4.2146 4.7248 4.9563 4.7572 4.1086 0.0000 4.7524 3.5549 4.2155 5.7221 3.6329 8.5933 3.9849 4.2473 4.2985 2.9281 4.8837 5.0794 5.1099 24.6072 22.0603 22.4562 23.6761 23.0529 19.8263 22.9520 20.5519 18.1423 20.9745 17.1873 19.3699 23.7055 23.2412 23.0382 24.5338 22.4680 19.4741 19.7081 22.1399 20.8822 20.1915 19.5762 23.7526 20.7584 17.2923 17.3530 18.4177 24.1144 20.5575 14.7670 8.8180 12.7444 13.9793 10.1013 13.2484 9.5131 12.7085 9.3608 5.6866 10.0434 12.2699 11.1138 11.9537 8.9019 11.9482 10.5016 16.7771 15.1210 8.3786 6.3668 10.8656 13.3968 11.7133 11.4612 9.1652 7.1642 9.9493 15.4509 14.6326 4.2429 10.0166 9.0979 8.0985 8.7943 5.5621 6.1631 6.8561 5.5304 8.0754 12.6028 7.6736 13.8591 13.0159 12.8757 8.7177 7.9464 7.0648 7.3461 11.9231 12.2321 10.1049 15.1408 12.2408 9.4041 10.0112 9.6280 4.8208 11.5022 10.4184 21.1807 24.2062 20.4732 24.0282 17.9953 16.7838 22.6018 17.2124 21.0511 19.0902 20.7926 16.6967 19.3633 21.5525 18.9637 23.0512 21.9277 19.1612 18.0205 17.3389 16.1317 16.0501 24.0880 23.1978 16.4769 17.9109 16.2279 14.6052 24.2935 21.2318
3.4851 3.5070 4.2655 6.8343 3.7249 4.7688 13.3666 3.0491 5.7062 5.3543 2.8452 2.8867 1.4902 2.1946 3.8835 3.0573 4.7524 0.0000 3.4805 2.8954 6.2570 4.0287 10.4840 3.2853 2.9362 3.0053 4.8400 3.6872 2.4669 5.6759 25.0224 22.5007 22.8877 24.0935 23.4658 20.3176 23.3881 21.0429 18.6484 21.4125 17.7328 19.8639 24.1369 23.6732 23.4544 24.9459 22.8824 19.9636 20.1961 22.5823 21.3594 20.6459 20.0676 24.1727 21.2398 17.8760 17.9012 18.9004 24.5268 21.0251 15.4027 9.5705 13.3490 14.6557 10.8245 13.9112 10.1270 13.3412 10.0158 6.5046 10.9626 13.0161 11.7883 12.6812 9.6892 12.6923 11.2523 17.4289 15.8132 9.2227 6.7643 11.4920 14.1100 12.5233 12.2679 9.9742 8.4345 10.6319 16.0497 15.2537 3.2883 10.7746 9.9602 8.7688 9.1137 6.7036 5.4560 8.2310 3.8364 9.1130 13.0732 8.8318 14.5498 13.6377 13.5881 9.7790 8.1754 8.0885 7.9692 12.5546 12.9761 10.9058 15.7202 13.1818 10.2232 10.7009 10.4127 5.3952 12.0928 11.0116 21.6061 24.6090 20.9285 24.4465 18.5414 17.2901 23.0457 17.8123 21.5191 19.6100 21.2661 17.2564 19.8619 22.0310 19.4770 23.5036 22.3912 19.6333 18.5304 17.9082 16.7099 16.6387 24.5159 23.6290 17.0216 18.4819 16.8448 15.2366 24.6975 21.6876
0.8418 3.0258 4.7550 6.5988 3.2025 4.4744 13.1891 1.2669 5.7348 5.4880 2.3152 2.2748 3.3572 3.5038 3.5743 2.4804 3.5549 3.4805 0.0000 2.3362 6.5324 1.8531 9.6064 3.2340 2.2834 2.2416 3.0413 3.9768 3.5912 4.9204 25.0282 22.5121 22.9104 24.1130 23.4981 20.3226 23.3982 21.0610 18.6883 21.4461 17.7451 19.8931 24.1462 23.6825 23.4641 24.9648 22.9124 19.9847 20.2187 22.5952 21.3762 20.6731 20.0774 24.1858 21.2590 17.8396 17.9234 18.9268 24.5384 21.0521 15.3474 9.6625 13.3965 14.6208 10.8202 13.9050 10.2282 13.3819 10.1406 6.4160 10.8406 12.9968 11.8260 12.6608 9.7129 12.6666 11.3050 17.3283 15.7680 9.2516 7.2389 11.5989 14.0301 12.5000 12.2817 10.1007 8.0341 10.6814 16.0574 15.1916 4.0085 10.8637 10.0038 8.8290 9.5041 6.6439 5.4212 7.7214 4.5379 9.0177 13.1965 8.5060 14.5395 13.7032 13.5906 9.6564 8.5576 8.0756 8.0236 12.6175 13.0074 10.9434 15.7840 13.0336 10.2347 10.7997 10.3904 5.5504 12.2392 11.1922 21.6522 24.6297 20.9479 24.4612 18.5546 17.3087 23.0621 17.8158 21.5375 19.6118 21.2768 17.2760 19.8814 22.0319 19.4906 23.5145 22.4029 19.6734 18.5652 17.9326 16.7310 16.6397 24.5244 23.6419 17.0347 18.4811 16.8466 15.2475 24.7202 21.7009
2.4902 4.0057 4.3688 6.2290 4.1506 3.8600 13.5253 2.0440 6.6235 6.3408 0.4470 0.5115 2.3641 3.1002 4.6542 1.1072 4.2155 2.8954 2.3362 0.0000 6.8571 3.3180 10.1530 3.7612 0.2671 0.6326 4.1860 2.7911 2.8782 5.7471 25.2659 22.7629 23.1648 24.3572 23.7385 20.6125 23.6451 21.3457 18.9826 21.7113 18.0585 20.1789 24.3936 23.9317 23.7080 25.2049 23.1608 20.2718 20.5065 22.8445 21.6527 20.9547 20.3530 24.4248 21.5355 18.1663 18.2352 19.2100 24.7725 21.3287 15.6685 10.0314 13.6982 14.9236 11.2794 14.2654 10.6856 13.7387 10.3443 7.0809 11.2362 13.4030 12.2440 13.0181 10.0905 13.0272 11.6606 17.6260 16.0859 9.6965 7.3706 11.9362 14.3395 12.8563 12.6183 10.4237 8.6346 11.1257 16.3944 15.5280 4.4444 11.3002 10.5117 9.4200 9.7601 7.1702 6.3463 8.1820 5.1812 9.3568 13.5432 9.0486 14.9249 14.0239 13.9896 10.1013 8.2834 8.6641 8.6856 13.0198 13.4353 11.4359 16.0789 13.4875 10.4998 11.1716 10.7245 6.2187 12.5108 11.5496 21.8911 24.8675 21.2277 24.7020 18.8612 17.6223 23.3145 18.1391 21.8094 19.8993 21.5565 17.5982 20.1582 22.2982 19.7944 23.7644 22.6661 19.9515 18.8681 18.2474 17.0504 16.9932 24.7675 23.8893 17.3777 18.7948 17.1815 15.5921 24.9482 21.9543
6.5512 6.1252 5.0332 5.8463 6.2092 5.6287 10.4757 6.6237 6.5515 6.4613 6.8399 6.8242 6.4722 6.3558 5.9998 6.7616 5.7221 6.2570 6.5324 6.8571 0.0000 6.7005 6.9299 5.7878 6.8369 6.8164 6.1877 7.6021 6.4301 6.4586 23.1616 20.5218 20.8180 22.1254 21.4834 18.0646 21.3882 18.6981 16.1445 19.2378 15.2324 17.5056 22.1702 21.7003 21.5321 23.0040 20.8429 17.6082 17.8614 20.5852 19.1141 18.4004 17.8639 22.2286 18.9904 15.5486 15.4014 16.6799 22.6511 18.7406 13.1868 6.8948 10.8879 12.3917 7.7503 11.1536 6.6746 10.8029 8.9260 4.3026 8.3603 9.8960 8.7413 10.1689 6.8258 10.1215 8.4528 15.2588 13.3218 5.8870 5.6564 8.7850 11.8049 9.6658 9.6620 7.5614 7.5159 7.2672 13.3722 12.9468 5.2520 6.5082 6.0418 6.7288 6.4752 4.1572 6.3965 6.6450 5.6818 6.2798 10.6984 6.8241 11.5203 11.0569 10.4360 5.6612 7.4302 3.9126 6.7973 9.4884 9.2506 6.7811 13.1738 9.7507 7.6802 7.5644 8.3140 4.9706 9.3116 7.5653 19.5777 22.6747 18.8213 22.5024 16.0570 14.9036 21.0103 15.1988 19.3087 17.3769 19.0698 14.6903 17.6372 19.9392 17.0802 21.4707 20.2668 17.2909 16.0139 15.3335 14.0746 13.9446 22.5741 21.6378 14.5619 15.9770 14.1392 12.4151 22.8666 19.6726
1.9524 3.0736 5.2716 7.0056 3.2357 5.0356 13.1076 2.2430 5.2087 4.9864 3.2727 3.2806 4.0166 4.2017 3.0970 3.4296 3.6329 4.0287 1.8531 3.3180 6.7005 0.0000 9.2845 3.8922 3.3164 3.3361 2.4091 4.2731 4.3217 4.6046 24.8983 22.3793 22.7745 23.9792 23.3862 20.1641 23.2760 20.9071 18.5485 21.3160 17.5879 19.7426 24.0133 23.5490 23.3415 24.8359 22.7869 19.8402 20.0671 22.4695 21.2269 20.5233 19.9510 24.0699 21.1092 17.6634 17.7591 18.7743 24.4189 20.9126 15.2044 9.6257 13.3273 14.4995 10.5944 13.7692 10.0441 13.2105 10.2025 6.2287 10.6715 12.7791 11.6803 12.5283 9.6415 12.5645 11.2257 17.1871 15.6473 9.1790 7.3860 11.5783 13.8920 12.3931 12.1692 10.0642 7.7823 10.5073 15.8943 15.0263 4.5924 10.7012 9.8015 8.5226 9.7851 6.6235 4.9039 7.7790 4.6469 9.0625 13.1303 8.3225 14.3460 13.6480 13.3938 9.5972 8.9071 7.8318 7.6458 12.4235 12.7703 10.6855 15.7153 12.7801 10.3724 10.7564 10.3553 5.4166 12.2791 11.0941 21.5668 24.5050 20.7959 24.3345 18.4032 17.1765 22.9351 17.6406 21.3933 19.4653 21.1291 17.1191 19.7473 21.8935 19.3346 23.3841 22.2611 19.5564 18.4164 17.7691 16.5926 16.4574 24.3954 23.5133 16.8576 18.3116 16.6710 15.0848 24.5943 21.5746
9.5899 9.7322 8.6885 7.3938 9.7529 8.8192 9.3503 9.8259 10.2822 10.2490 10.1479 10.1372 10.4359 10.4783 9.5768 10.1030 8.5933 10.4840 9.6064 10.1530 6.9299 9.2845 0.0000 9.9381 10.1410 10.1246 8.8209 10.6896 10.5097 9.3804 22.6137 19.9438 20.2674 21.5853 21.0189 17.3815 20.8269 18.0510 15.6554 18.7251 14.6411 16.9062 21.6073 21.1389 21.0176 22.4851 20.3574 17.0367 17.2307 20.0649 18.4548 17.8586 17.3294 21.7480 18.3267 14.8117 14.8022 16.2128 22.1195 18.1684 12.8381 8.1870 10.8784 11.9700 7.7142 10.6896 7.0855 10.8554 10.3755 7.6089 8.2497 9.3069 9.0281 10.1848 7.6335 10.1512 8.3673 14.3776 12.5790 6.7720 9.5442 9.6541 11.3448 9.5445 9.2919 8.4976 9.7657 7.7805 12.6591 12.5126 9.9694 6.0903 7.2469 9.5589 8.9331 7.2400 10.1342 7.8696 10.3144 6.8213 11.5610 8.2699 10.6310 11.2163 10.0545 4.2490 9.7195 5.8484 10.0046 9.3462 8.0377 6.1207 12.8220 8.3262 8.2916 8.5439 9.6155 9.4441 9.8515 7.7185 19.2069 22.1753 18.3339 21.9611 15.4232 14.6720 20.4645 14.4051 18.7166 16.7558 18.5661 14.1503 17.1419 19.3881 16.4679 20.8941 19.6538 16.8327 15.4311 14.6532 13.5609 13.3722 22.0157 21.1311 14.2553 15.1795 13.4569 11.8954 22.3435 19.1534
3.2700 2.6614 4.1207 6.8137 2.9209 4.7478 12.8247 3.2534 5.5395 5.3341 3.7510 3.7420 3.2669 2.5191 3.5635 3.6063 3.9849 3.2853 3.2340 3.7612 5.7878 3.8922 9.9381 0.0000 3.7504 3.7534 3.8996 4.8697 2.7197 4.5256 24.8494 22.3117 22.6943 23.9084 23.2800 20.0937 23.1896 20.8213 18.4129 21.2086 17.4893 19.6466 23.9424 23.4876 23.2602 24.7627 22.6915 19.7373 19.9767 22.4005 21.1488 20.4306 19.8502 23.9699 21.0271 17.5871 17.6713 18.7025 24.3454 20.8117 15.1064 9.2891 13.0494 14.4919 10.4684 13.5571 9.8003 13.1272 9.7647 5.6752 10.4961 12.7310 11.4212 12.3648 9.3519 12.4128 10.9475 17.1054 15.5977 8.7974 6.6457 11.1859 13.9062 12.2160 12.0620 9.7386 7.4859 10.2510 15.8053 14.9311 2.7374 10.4431 9.5036 8.2719 8.8869 6.1792 5.2223 8.0671 3.9307 8.4685 12.7865 7.9347 14.2031 13.3503 13.2698 9.1576 7.8663 7.6013 7.4952 12.2522 12.6715 10.5271 15.4836 12.6725 10.0783 10.4012 9.9791 4.5265 11.8584 10.7832 21.4139 24.4235 20.7181 24.2650 18.3022 17.0364 22.8566 17.5772 21.3069 19.3973 21.0463 17.0142 19.6433 21.8225 19.2457 23.3122 22.1837 19.4137 18.2961 17.6690 16.4471 16.3490 24.3272 23.4301 16.7566 18.2534 16.6107 14.9748 24.5363 21.4987
2.4732 3.9874 4.3806 6.2158 4.1421 3.8550 13.5153 2.0758 6.6003 6.3250 0.4407 0.4350 2.4020 3.0834 4.6285 1.0737 4.2473 2.9362 2.2834 0.2671 6.8369 3.3164 10.1410 3.7504 0.0000 0.4896 4.1771 2.9027 2.8468 5.7309 25.2587 22.7557 23.1572 24.3503 23.7311 20.6033 23.6368 21.3367 18.9731 21.7024 18.0482 20.1703 24.3859 23.9239 23.7002 25.1971 23.1529 20.2623 20.4976 22.8367 21.6441 20.9455 20.3435 24.4170 21.5269 18.1561 18.2265 19.2024 24.7650 21.3191 15.6601 10.0227 13.6904 14.9179 11.2671 14.2522 10.6709 13.7310 10.3520 7.0640 11.2289 13.3934 12.2305 13.0097 10.0826 13.0175 11.6553 17.6169 16.0778 9.6829 7.3819 11.9248 14.3327 12.8489 12.6151 10.4235 8.6181 11.1098 16.3842 15.5200 4.4376 11.2861 10.4935 9.4026 9.7440 7.1523 6.3196 8.1661 5.1548 9.3607 13.5285 9.0292 14.9127 14.0123 13.9791 10.0858 8.2756 8.6494 8.6685 13.0080 13.4236 11.4209 16.0708 13.4734 10.4865 11.1607 10.7133 6.1905 12.5028 11.5387 21.8833 24.8598 21.2191 24.6942 18.8511 17.6113 23.3064 18.1299 21.8009 19.8903 21.5474 17.5880 20.1508 22.2900 19.7841 23.7566 22.6582 19.9424 18.8583 18.2388 17.0400 16.9812 24.7595 23.8815 17.3671 18.7857 17.1724 15.5813 24.9424 21.9464
2.4355 3.9588 4.4287 6.2131 4.1337 3.8783 13.4995 2.1866 6.5684 6.2964 0.5730 0.4256 2.4675 3.0691 4.5886 1.0676 4.2985 3.0053 2.2416 0.6326 6.8164 3.3361 10.1246 3.7534 0.4896 0.0000 4.1745 3.2876 2.8184 5.7047 25.2455 22.7414 23.1434 24.3377 23.7172 20.5872 23.6217 21.3203 18.9563 21.6868 18.0303 20.1537 24.3714 23.9092 23.6864 25.1828 23.1390 20.2454 20.4819 22.8230 21.6281 20.9294 20.3274 24.4028 21.5109 18.1376 18.2105 19.1901 24.7512 21.3024 15.6479 10.0058 13.6751 14.9080 11.2486 14.2311 10.6446 13.7189 10.3607 7.0340 11.2182 13.3770 12.2072 12.9948 10.0671 12.9986 11.6458 17.6025 16.0609 9.6612 7.4119 11.9052 14.3192 12.8349 12.6064 10.4212 8.5954 11.0844 16.3659 15.5099 4.4277 11.2581 10.4643 9.3726 9.7192 7.1206 6.2697 8.1467 5.1002 9.3636 13.5019 8.9994 14.8897 13.9907 13.9581 10.0567 8.2579 8.6191 8.6365 12.9868 13.4023 11.3959 16.0528 13.4484 10.4642 11.1410 10.6933 6.1535 12.4884 11.5175 21.8681 24.8466 21.2040 24.6799 18.8327 17.5924 23.2910 18.1122 21.7862 19.8750 21.5311 17.5709 20.1365 22.2746 19.7653 23.7422 22.6437 19.9264 18.8413 18.2216 17.0212 16.9596 24.7450 23.8673 17.3470 18.7686 17.1550 15.5628 24.9301 21.9318
3.1115 3.8734 4.9937 6.5329 3.9776 4.4083 12.7984 3.4016 5.6212 5.4354 4.1697 4.1648 4.7964 4.9310 3.8105 4.0367 2.9281 4.8400 3.0413 4.1860 6.1877 2.4091 8.8209 3.8996 4.1771 4.1745 0.0000 5.1115 5.0222 4.4306 24.7121 22.1765 22.5775 23.7919 23.1939 19.9370 23.0765 20.6856 18.3077 21.1059 17.3277 19.5121 23.8228 23.3541 23.1477 24.6476 22.5907 19.6077 19.8431 22.2675 21.0089 20.3043 19.7183 23.8767 20.8917 17.4060 17.5048 18.5330 24.2307 20.6910 14.9238 9.2483 13.0265 14.2108 10.2382 13.4677 9.6868 12.8903 9.9022 5.6721 10.3166 12.4698 11.3233 12.2028 9.2535 12.2401 10.8769 16.9393 15.3726 8.7396 7.0018 11.2331 13.5873 12.0435 11.8331 9.7088 7.2442 10.1348 15.6227 14.7576 4.0414 10.3056 9.3569 7.9960 9.4488 6.0605 5.3240 7.3388 5.1876 8.7034 12.8319 7.9277 14.0377 13.3408 13.0653 9.1695 8.6608 7.2699 7.1492 12.1144 12.4254 10.2890 15.4521 12.4267 10.0090 10.3897 9.9797 4.7789 11.9607 10.7370 21.3677 24.3177 20.5839 24.1450 18.1577 16.9111 22.7343 17.3808 21.1804 19.2330 20.9111 16.8536 19.5219 21.6838 19.0968 23.1855 22.0551 19.3338 18.1762 17.5112 16.3222 16.1777 24.2041 23.3198 16.5884 18.0604 16.3963 14.7870 24.4123 21.3653
3.9855 5.0710 5.0806 6.8955 5.1464 4.7662 13.9232 3.2049 7.4132 7.1459 2.9112 3.0513 3.5683 4.3378 5.7127 3.1972 4.8837 3.6872 3.9768 2.7911 7.6021 4.2731 10.6896 4.8697 2.9027 3.2876 5.1115 0.0000 4.2728 6.5795 25.5145 23.0331 23.4344 24.6118 24.0037 20.9141 23.9135 21.6440 19.3105 22.0012 18.3996 20.4883 24.6547 24.1967 23.9700 25.4592 23.4317 20.5827 20.8109 23.1148 21.9455 21.2556 20.6575 24.6851 21.8266 18.5073 18.5663 19.5082 25.0248 21.6281 16.0004 10.5306 14.0917 15.2635 11.7788 14.6930 11.2367 14.1110 10.6693 7.8350 11.6649 13.8256 12.7293 13.4319 10.6000 13.4566 12.0730 17.9595 16.4496 10.2560 7.7616 12.4140 14.7079 13.2792 12.9842 10.8093 9.2565 11.6595 16.7670 15.8504 5.3976 11.8371 11.0887 10.0465 10.3546 7.9164 7.2601 8.8101 6.2097 9.7738 14.0079 9.6904 15.3442 14.4511 14.4190 10.6852 8.9161 9.3184 9.3560 13.4748 13.8810 11.9627 16.4449 13.9491 11.0254 11.6713 11.2291 7.0794 12.9452 12.0250 22.1774 25.1211 21.5212 24.9597 19.1944 17.9761 23.5869 18.4737 22.0969 20.2026 21.8516 17.9443 20.4562 22.5799 20.1188 24.0299 22.9436 20.2638 19.1993 18.5844 17.4109 17.3696 25.0239 24.1532 17.7385 19.1228 17.5331 15.9728 25.1912 22.2319
3.6871 3.0371 4.3108 6.7994 3.3670 4.7610 13.1900 3.5049 5.8716 5.6407 2.8114 2.7923 1.9676 1.0689 3.9500 2.9773 5.0794 2.4669 3.5912 2.8782 6.4301 4.3217 10.5097 2.7197 2.8468 2.8184 5.0222 4.2728 0.0000 5.5342 25.0730 22.5539 22.9355 24.1413 23.5113 20.3607 23.4237 21.0874 18.7062 21.4596 17.7958 19.9197 24.1727 23.7203 23.4926 24.9840 22.9295 20.0123 20.2465 22.6413 21.4045 20.6949 20.1239 24.1989 21.2846 17.8928 17.9783 18.9931 24.5669 21.0706 15.4534 9.7570 13.3937 14.8505 10.9341 13.9123 10.2553 13.5113 10.1163 6.4441 10.9649 13.1367 11.8503 12.7562 9.8437 12.8198 11.3839 17.3996 15.9377 9.3289 7.1543 11.5804 14.2651 12.6392 12.4625 10.1854 8.1392 10.6960 16.1276 15.2790 3.7761 10.8947 10.0240 8.8880 9.2565 6.8418 5.5620 8.6151 4.0719 9.0093 13.1241 8.5062 14.5601 13.6877 13.6782 9.6555 7.7885 8.2587 8.1255 12.6552 13.0822 11.0045 15.7976 13.0917 10.4506 10.8494 10.3711 5.4041 12.2261 11.1685 21.6523 24.6468 20.9762 24.4897 18.5940 17.3522 23.0952 17.8874 21.5653 19.6768 21.3089 17.3338 19.9207 22.0779 19.5255 23.5491 22.4322 19.6830 18.5850 17.9719 16.7683 16.6815 24.5539 23.6659 17.0803 18.5547 16.9454 15.3302 24.7570 21.7451
4.8783 4.1731 5.4692 7.4159 4.1559 6.3444 12.6144 5.1892 5.4309 5.4807 5.7231 5.7107 5.6459 5.4550 4.2439 5.6220 5.1099 5.6759 4.9204 5.7471 6.4586 4.6046 9.3804 4.5256 5.7309 5.7047 4.4306 6.5795 5.5342 0.0000 24.2146 21.6772 22.0010 23.2198 22.7124 19.2963 22.5673 20.0237 17.7184 20.5478 16.7171 18.9268 23.2546 22.8271 22.6606 24.1114 22.1062 19.0268 19.1885 21.7906 20.3893 19.6863 19.2460 23.3752 20.2742 16.7218 16.8737 18.0252 23.7696 20.0876 14.8891 9.2422 12.9996 14.3555 9.1832 12.7322 9.2553 12.1733 10.0768 4.5298 9.8400 11.7367 10.4093 11.6582 8.7473 11.7464 10.1735 16.2895 14.8682 7.7166 7.7007 11.1866 13.2294 11.5463 11.1965 9.7616 7.2606 10.0052 14.9194 14.1637 5.2441 10.2043 9.1203 7.8925 9.4546 5.9829 5.1685 8.1295 5.2120 7.7252 12.4541 7.7354 13.0660 12.5872 12.8804 9.0879 8.7180 7.1941 5.9874 11.9471 12.2412 10.0773 14.7637 11.4068 10.1742 10.3027 10.0344 4.6341 12.0197 10.7478 20.9632 23.7875 19.9702 23.6229 17.5296 16.4390 22.1927 16.7122 20.6030 18.7016 20.3067 16.2063 19.0118 21.1513 18.4891 22.6489 21.5581 18.7265 17.6235 16.8643 16.0137 15.5915 23.6943 22.7875 15.8869 17.3856 15.7372 14.3204 23.9468 20.9628
25.0142 24.6913 24.4453 24.0347 24.6808 24.6829 20.4167 25.1218 24.2603 24.2674 25.2594 25.2528 25.1024 25.0538 24.5116 25.2422 24.6072 25.0224 25.0282 25.2659 23.1616 24.8983 22.6137 24.8494 25.2587 25.2455 24.7121 25.5145 25.0730 24.2146 0.0000 7.5112 7.3765 3.4762 3.4687 13.2989 7.0476 13.3368 13.7709 7.9302 14.2789 13.4373 2.9260 6.3387 3.9012 3.0087 3.8832 10.9679 14.1239 3.8600 13.2453 7.7630 11.3960 2.3802 13.2960 12.0976 14.9630 10.8067 1.8825 13.2760 16.7182 21.0038 18.6227 16.8390 20.7209 18.6095 21.4932 18.0381 21.9048 23.1184 20.1882 18.5646 19.6506 18.1356 20.4472 17.7430 19.7812 14.3047 15.3424 21.7761 22.9237 19.9349 18.2700 18.8425 19.1411 20.2238 22.7730 21.2276 17.2537 15.9019 24.6438 21.6986 21.6350 22.0511 23.0244 23.3347 24.2742 22.8300 24.4722 22.3952 19.2618 22.3589 18.5296 18.5211 19.1220 22.2513 22.9637 22.3494 23.3117 19.3747 20.9912 21.6539 16.8706 20.9313 20.9798 19.9817 21.7457 24.0528 19.8628 21.4063 6.0883 2.2561 8.3267 3.1599 13.8407 11.9166 3.5396 16.0851 7.9092 10.2200 8.6821 15.2503 9.1604 7.5013 13.4854 7.2208 7.6313 13.4862 15.4000 15.1205 15.7954 16.2800 2.4368 3.0049 15.1519 14.8115 16.1972 16.8772 2.0536 7.7729
22.5021 22.1724 21.8598 21.4217 22.1700 22.1210 17.6309 22.6102 21.7888 21.7772 22.7554 22.7486 22.5815 22.5322 21.9883 22.7370 22.0603 22.5007 22.5121 22.7629 20.5218 22.3793 19.9438 22.3117 22.7557 22.7414 22.1765 23.0331 22.5539 21.6772 7.5112 0.0000 2.8822 6.0300 6.1256 9.1197 2.5410 9.2816 9.6399 5.1084 10.1466 9.2948 6.5395 8.6059 4.6755 7.8581 5.9445 6.1442 10.3184 5.8461 9.0666 7.4966 6.5025 6.9775 9.2670 8.1506 11.1878 6.0355 6.8834 9.0215 13.4218 18.2103 15.6075 13.4469 17.8941 15.6084 18.7691 14.8667 19.1434 20.4678 17.1705 15.5112 16.6635 15.0506 17.5129 14.5831 16.7888 11.9944 11.5528 19.0258 20.2270 17.0540 14.9202 15.7986 16.1084 17.3153 20.1115 18.4415 13.9126 12.1603 22.1018 18.9919 18.8904 19.3741 20.4103 20.7217 21.7928 20.1846 21.9772 19.6527 16.3569 19.6693 15.4513 15.4613 16.1876 19.5434 20.3026 19.6558 20.7599 16.4797 18.2472 18.9856 13.5722 18.0898 18.1354 17.0363 19.0322 21.4917 16.9731 18.6231 7.8010 7.4813 3.9449 5.3600 9.8330 7.8471 5.9793 12.5511 5.5496 5.4818 8.6970 11.4910 5.4356 3.0439 9.4697 2.9702 3.3057 9.4236 11.8512 11.5041 12.2824 12.8592 5.9591 5.6548 11.5415 11.1051 12.6766 13.4144 7.6955 3.6332
22.8954 22.5246 22.2577 21.8221 22.5119 22.5391 17.7189 23.0097 22.0372 22.0474 23.1583 23.1513 22.9768 22.9136 22.3316 23.1397 22.4562 22.8877 22.9104 23.1648 20.8180 22.7745 20.2674 22.6943 23.1572 23.1434 22.5775 23.4344 22.9355 22.0010 7.3765 2.8822 0.0000 5.1833 5.4972 9.6284 2.2566 9.5183 10.0140 5.1117 10.5761 9.6761 5.8979 8.0018 4.9044 7.0639 5.2385 6.5125 10.2236 5.5231 9.5651 6.8303 7.5315 6.7458 9.5473 8.5533 11.2269 6.6827 6.7795 9.5889 14.2387 18.4178 15.8033 13.9343 18.0437 15.6397 18.9020 15.0952 19.3590 20.7590 17.5037 15.5794 16.8003 15.2059 17.7970 14.8211 16.9896 11.8385 11.9172 19.2040 20.5905 17.2561 15.2991 15.9810 16.3359 17.5813 20.5035 18.5302 13.8726 12.6540 22.4726 19.1353 19.0311 19.6249 20.5981 21.0306 22.0544 20.5298 22.2665 19.8858 16.3978 19.9713 15.3572 15.5416 16.1760 19.7806 20.5803 19.9038 20.9488 16.5964 18.2287 19.0799 13.4394 18.1055 18.4077 17.2598 19.2276 21.8134 17.1735 18.7278 7.2026 6.9048 3.4681 4.8849 10.0336 8.1493 5.6745 12.4288 5.6625 5.7870 7.7542 11.5947 4.9396 2.6908 9.8805 2.1186 3.0134 9.6728 11.6305 11.3188 12.3525 12.8319 5.6160 5.4868 11.5726 11.0980 12.5916 13.5424 7.3711 3.6697
24.0967 23.7418 23.4955 23.0856 23.7277 23.7637 19.1537 24.2067 23.2739 23.2863 24.3510 24.3446 24.1780 24.1201 23.5578 24.3336 23.6761 24.0935 24.1130 24.3572 22.1254 23.9792 21.5853 23.9084 24.3503 24.3377 23.7919 24.6118 24.1413 23.2198 3.4762 6.0300 5.1833 0.0000 2.9069 11.4906 5.5867 11.3609 11.9225 5.9324 12.4595 11.5493 1.5321 5.8159 2.7985 3.2560 2.7469 8.8726 11.9663 3.2624 11.3980 6.1841 9.7049 3.0837 11.3691 10.4992 13.0009 9.0019 3.0510 11.4545 15.7995 19.8409 17.2727 15.5341 19.4485 17.1413 20.3158 16.6351 20.7457 22.0454 18.9005 17.0916 18.2971 16.7361 19.2309 16.3895 18.4933 13.2576 13.6728 20.5528 21.8791 18.7163 16.7967 17.5307 17.8318 19.0269 21.7883 19.9864 15.4950 14.3186 23.7008 20.5380 20.4540 20.9647 21.9396 22.3321 23.2913 21.8465 23.4997 21.1928 17.9002 21.3074 16.9195 17.0684 17.7402 21.1382 21.8914 21.2627 22.2177 18.0799 19.6939 20.4788 15.0568 19.5067 19.8654 18.7448 20.6008 23.0676 18.6236 20.1804 5.7477 2.7194 6.4552 2.4900 11.9621 10.2584 2.3852 14.0834 5.9367 8.1114 7.1109 13.3029 7.5359 5.8711 11.7852 5.4228 6.1744 11.5795 13.3303 13.0533 14.0777 14.5028 2.1697 2.1171 13.2866 12.8146 14.2314 15.1999 3.4817 6.6028
