0.0000 5.2848 11.4761 12.3547 5.2255 12.8042 19.9150 6.8429 6.3692 6.3289 7.5764 8.0439 8.6922 6.1330 7.3641 8.8674 9.5809 7.1067 5.5680 7.9736 15.7339 6.4640 16.0407 8.9060 7.2328 7.8893 9.4111 9.6179 7.5198 10.4175 28.5085 27.2177 28.2940 29.3031 27.7141 26.0870 29.0902 28.6813 27.7478 28.9693 27.8407 26.7730 28.8262 27.6648 27.3659 29.2810 28.2399 28.6144 26.6989 27.8946 27.3847 28.9037 28.1091 27.8560 28.1476 26.7234 27.3590 27.6124 29.2105 28.2548 17.8134 18.7563 17.9567 18.3020 16.5126 21.3993 17.4653 22.8865 16.5022 14.9257 17.7444 21.9592 22.5514 18.6100 19.6047 20.0340 17.7344 21.2978 24.3280 18.6965 14.8028 20.7598 21.1028 19.8079 22.7037 20.2465 15.1980 18.7666 20.0897 16.9524 10.9748 20.0232 20.7676 17.3269 17.6559 14.1673 15.8556 16.1597 8.9799 13.0162 20.2440 15.9283 22.3615 20.6147 21.7965 18.7437 15.7440 18.6091 14.4333 21.9182 19.7946 18.5894 23.3578 22.2547 19.3201 20.3801 15.5438 14.2275 21.3346 20.9185 27.3457 28.7208 25.7103 30.2518 28.7859 25.8908 28.4727 27.3739 27.6994 28.0810 28.2840 26.5063 26.4046 28.8431 25.6979 29.3214 29.2054 26.1983 27.5328 26.6437 28.0090 24.4195 28.3609 28.1693 25.1476 28.4261 28.2034 26.8929 27.6081 29.1595
5.2848 0.0000 11.8568 12.2492 5.8569 11.5639 18.9761 6.4304 6.4692 5.1342 8.6551 8.9131 10.1839 6.9286 6.6372 8.6148 10.3836 5.0957 5.2192 6.3504 14.4747 6.4371 15.9194 8.7927 8.3819 7.7151 9.3384 10.3862 7.2423 8.5835 27.8431 26.3833 27.6307 28.8719 27.2235 25.2983 28.4427 27.9601 26.9859 28.4299 26.7209 25.8746 28.3705 26.9214 26.7501 28.8774 27.5902 27.7444 26.0038 27.0462 26.7319 28.2796 27.1815 27.1141 27.7042 26.0421 26.2583 26.7629 28.5689 27.7346 17.1536 17.2342 16.9225 17.2542 14.8292 20.1962 15.7969 21.7818 15.1140 13.0863 16.6890 20.9655 21.0745 17.6204 18.4519 18.9853 16.8540 20.3535 23.1449 17.4510 13.4721 19.2396 19.5343 18.7250 21.5857 19.0503 14.0067 17.5001 19.0340 16.0998 9.2970 18.9016 19.4497 16.4286 17.3367 12.4071 15.3685 15.4977 7.5736 12.3865 19.5574 14.6145 21.6080 19.5375 20.6875 17.3112 14.9095 16.9189 12.9702 21.1683 19.1363 17.2825 22.5503 21.6801 18.2096 19.7794 14.1572 12.6556 20.3620 20.1454 26.6508 28.0843 24.8754 29.3243 27.5569 24.5116 27.4770 26.0172 26.9615 26.9729 27.1058 25.3614 25.3747 27.7078 24.5295 28.2600 28.4715 25.2219 26.5000 25.4404 26.7206 23.1507 27.4551 27.0430 23.7603 27.2297 26.8724 25.6159 27.1890 28.0650
11.4761 11.8568 0.0000 8.1576 10.7634 8.4155 16.8263 11.6027 12.4248 11.8415 10.4248 10.0834 10.7093 10.0838 12.0684 8.2247 5.3668 11.6251 10.9310 11.5620 13.6262 11.3738 12.8575 7.9571 10.4965 12.4276 12.5890 11.2613 10.5868 11.6843 26.1193 24.8516 26.1073 27.3709 25.7901 23.9399 27.0178 26.4294 25.5800 26.8036 24.9579 23.9970 26.9104 25.4574 25.1166 27.2563 26.2120 26.0759 24.6514 25.3266 25.3912 26.4007 25.3948 25.7598 25.9589 24.5209 24.8060 24.9841 27.1911 26.2892 13.2010 15.4351 15.0627 15.1145 15.6944 18.8752 16.3345 19.1566 12.5682 14.4468 12.8665 19.1833 20.3437 15.1507 16.7653 16.6884 14.0469 17.7991 21.5291 16.1573 9.7921 17.8956 17.9634 17.4899 18.2705 16.5928 13.3975 16.0201 16.7792 13.3465 12.1346 18.4855 19.7212 17.1077 14.6164 13.0671 20.0711 13.6185 15.4850 9.9814 18.7625 14.8255 20.6828 19.0072 20.2438 15.9326 13.3268 18.5397 15.7744 19.8583 17.5255 17.4525 21.9146 21.3536 16.8523 17.6377 14.0621 14.8656 17.9065 19.5308 25.5116 27.0968 23.6228 28.2290 26.3705 24.1220 26.6575 25.1301 25.6536 25.5424 26.5435 24.1886 24.0233 27.0586 23.7969 27.5533 27.5622 24.3193 25.3378 23.8645 25.4676 23.0062 26.4130 25.7962 23.3285 26.4146 25.8002 24.4097 25.8285 26.8784
12.3547 12.2492 8.1576 0.0000 12.0262 7.2820 14.7434 12.4181 13.1742 12.4097 12.3733 12.0594 12.6539 11.6772 12.6218 9.6536 9.0928 11.0046 11.6199 11.3576 12.0155 12.0163 11.4553 10.1860 11.6625 11.3910 12.4972 13.3738 11.5305 10.6193 26.1498 24.7602 26.0180 27.2708 25.6310 23.5750 26.6954 26.1396 25.2842 26.6618 24.9359 23.9631 26.5773 24.9554 24.9341 27.0164 26.2243 25.9886 24.4290 25.4785 25.0090 26.4308 25.3393 25.3703 25.8093 24.4097 24.8083 24.9740 26.6422 25.9652 13.4050 13.9813 13.7195 14.5046 14.2574 17.2289 14.7246 18.2391 11.2825 13.5013 12.5977 17.7163 18.5453 14.5968 15.7159 15.6320 12.8102 16.6640 20.0412 14.4367 9.7517 16.6379 16.7307 15.7144 16.7055 14.9856 12.5733 14.5555 15.7989 13.2587 11.1507 16.3363 17.5170 16.6313 13.8848 11.6082 20.4858 13.9961 14.3985 9.3363 17.4455 13.8254 19.0641 16.8773 18.8239 14.2159 11.1785 16.6967 15.3191 18.4109 15.9993 15.3970 20.1148 19.6170 14.8765 17.1228 12.4515 14.3461 16.5739 17.8492 23.9896 25.8648 22.6056 27.0970 25.4087 23.2229 25.1778 23.9436 24.7000 24.4797 25.1836 22.9602 23.3503 25.6411 22.3312 25.9628 26.0093 22.9764 24.3991 23.1760 24.2257 21.5011 25.3056 25.0183 22.2367 24.9544 24.7444 23.6119 24.6882 25.6982
5.2255 5.8569 10.7634 12.0262 0.0000 11.7933 20.2391 6.3011 5.8311 6.2136 6.7331 6.5642 7.8615 5.1101 7.0914 7.6476 9.3216 6.7571 4.9862 6.8865 16.2391 5.5206 15.4723 8.6388 6.4672 7.3155 8.8103 8.8680 5.5070 10.5279 28.3829 27.1174 28.0148 29.1688 27.6463 25.8374 29.0906 28.5170 27.5722 28.7705 27.5266 26.5731 28.7852 27.7071 27.2924 29.1842 27.9224 28.3693 26.4693 27.7584 27.2426 28.5675 27.8272 27.8328 27.9389 26.5140 26.9531 27.2070 29.2530 28.0915 17.7057 18.8106 18.1118 18.6004 16.8448 21.7441 17.8197 22.9115 16.0306 14.9276 17.2578 22.0236 23.0024 18.5595 19.8471 20.3852 17.8899 21.4075 24.5804 18.9765 14.3879 21.0178 21.1272 20.0945 22.6068 20.3544 15.4131 18.9741 20.1568 17.2444 10.4442 20.0982 21.2924 16.9586 17.4375 13.9121 15.1464 15.5593 9.3461 12.4256 20.0935 15.7391 22.5005 21.0292 22.0601 18.5872 15.0693 18.8582 14.0777 21.9600 19.6933 18.7663 23.8171 22.6503 19.6043 20.3910 15.5607 13.6474 21.2658 21.2213 27.7814 28.9852 25.6285 30.5360 28.7523 25.8709 28.8484 27.4248 27.8908 28.0762 28.5075 26.5917 26.4088 29.1785 25.8730 29.7442 29.5936 26.3897 27.4880 26.6012 28.0435 24.6871 28.6593 28.1490 25.2608 28.5884 28.1630 26.8214 27.9002 29.3544
12.8042 11.5639 8.4155 7.2820 11.7933 0.0000 14.7237 11.6692 13.3169 12.0210 12.2713 11.9457 13.0829 11.5324 12.4950 8.9003 9.2390 10.4700 11.0886 10.0278 10.9054 11.4872 12.1743 10.3775 11.8729 11.3718 12.2260 13.0759 10.8420 9.8609 25.9046 24.2399 25.6517 27.1184 25.5380 23.1022 26.3486 25.6895 24.6566 26.4289 23.7932 23.2956 26.5176 24.6849 24.7005 27.0901 25.6839 25.2924 24.1220 24.6721 24.7719 26.0604 24.5733 25.0013 25.8494 23.9242 23.8111 24.2742 26.3877 25.8455 13.4484 12.7850 13.6557 13.9173 13.0722 16.7642 13.6411 17.3788 10.1982 12.2845 12.1735 17.2045 17.3796 14.2352 14.8532 15.2049 12.5682 16.3899 19.3165 13.4540 8.0071 15.4741 15.5530 15.3986 16.1040 14.2568 11.9374 13.8810 15.6411 12.7324 8.9847 15.7751 16.6600 15.4061 14.1531 10.2977 19.8423 12.8693 13.7900 9.4029 17.2959 12.5742 18.9069 16.4374 18.1816 13.3641 10.6497 15.2968 13.6487 18.2258 16.2798 14.6451 19.9533 19.6569 14.3110 16.5646 12.2098 12.5339 16.0796 17.7430 24.1043 25.8252 22.2765 26.5118 24.3431 21.9604 24.6484 22.8699 24.3560 23.6654 24.3262 22.0201 22.5281 24.8941 21.6501 25.4654 25.7931 22.3778 23.6804 22.1281 23.2084 20.6761 24.9976 24.1819 21.1087 24.1068 23.6662 22.3662 25.0918 24.9082
19.9150 18.9761 16.8263 14.7434 20.2391 14.7237 0.0000 19.4849 19.8596 19.0090 22.2536 22.1499 22.8885 20.6650 19.7476 19.1738 17.4494 19.4883 19.4396 19.8691 10.3603 19.4870 11.7693 17.8047 21.4664 19.8833 18.4677 23.0030 21.0070 15.0326 19.6296 17.9049 19.3819 21.2842 19.5772 16.4311 19.4812 18.2489 18.0271 19.8898 17.0637 16.4760 19.9894 17.1942 18.1538 20.6055 20.1222 18.3754 17.6878 18.6501 18.0941 19.8478 17.7949 17.8711 19.5109 18.4206 17.2395 17.9807 19.0632 19.2800 9.1659 8.3813 7.0271 7.9725 9.2419 6.3443 10.7969 7.8629 8.5124 12.9976 10.0691 7.9327 9.2155 8.9339 7.5525 8.1358 6.5510 9.7971 9.4698 8.8514 11.9469 7.2434 7.4877 6.0925 7.8533 6.5959 9.3669 8.2607 6.9802 10.2147 16.0513 11.8389 10.9447 13.8971 13.6560 12.4720 24.1046 14.7092 18.5957 13.2257 13.6092 10.7679 11.4161 7.9812 9.1260 10.0406 12.9811 12.2665 16.2215 9.8190 12.2845 10.6156 10.9796 14.3647 9.0075 11.7655 8.7791 16.1124 7.7141 14.2532 14.4891 17.0723 14.2698 17.0399 14.5671 14.2187 14.6010 12.5321 15.4166 14.0053 14.8052 12.2383 14.5943 14.7354 11.5390 14.7617 15.8363 12.6448 14.3954 13.3246 12.7882 11.4954 15.6272 15.4446 12.2833 13.5870 13.5435 13.3741 16.7309 15.0588
6.8429 6.4304 11.6027 12.4181 6.3011 11.6692 19.4849 0.0000 7.8726 5.7514 8.7565 8.2022 9.5709 5.7783 7.3324 8.6377 9.9022 6.6396 5.1782 6.3405 15.6610 4.7843 16.0335 8.8577 6.8893 6.8463 9.4601 9.6326 7.3462 9.9596 29.4148 28.0342 29.1899 30.5063 28.9219 26.8444 30.0880 29.5872 28.6498 29.9723 28.2609 27.4115 29.9738 28.4514 28.4417 30.4034 29.2511 29.3391 27.6938 28.7525 28.4272 29.7016 28.7672 28.7482 29.2452 27.6695 27.8624 28.2470 30.1194 29.3311 17.4281 17.7465 18.0890 18.4227 15.7086 21.0348 16.8307 22.5852 15.3363 13.9945 16.9906 21.9029 21.9212 18.5393 19.1595 19.8284 17.4190 20.8005 24.0007 18.4589 14.0042 20.0861 20.4138 19.4927 22.1308 19.4617 14.8004 18.3614 20.0235 16.8842 10.0247 20.1579 20.5859 17.7857 18.4582 13.8043 17.3682 16.9437 9.0530 13.6062 20.9326 15.7380 22.8399 20.8032 22.0137 18.5208 15.3109 18.2142 14.6302 22.4183 20.2877 18.5378 23.9627 23.2815 19.4455 21.4844 15.2945 14.3951 21.2762 21.8022 27.9137 29.3537 26.2309 30.5472 28.7870 25.9387 28.7264 27.2875 28.3596 28.1874 28.3273 26.5703 26.7533 28.9564 25.8473 29.3771 29.5989 26.6151 27.8867 26.7388 27.8693 24.4888 28.8461 28.3356 25.1008 28.4384 27.9961 26.9927 28.4746 29.2355
6.3692 6.4692 12.4248 13.1742 5.8311 13.3169 19.8596 7.8726 0.0000 6.1801 9.9259 9.6950 10.7734 7.9323 7.7614 10.3502 11.0172 8.6078 6.8668 9.6296 16.2073 6.8489 15.3401 8.9961 9.7379 9.3363 8.4539 11.3204 8.3764 10.4564 27.1500 25.8886 26.7555 27.9470 26.3890 24.4215 27.9813 27.2395 26.3660 27.4461 26.4267 25.3471 27.5433 26.4727 26.1467 27.8617 26.7242 27.1651 25.0590 26.8531 25.9429 27.1732 26.6295 26.6005 26.5757 25.0173 25.7295 25.9648 28.1018 26.7596 17.7159 18.7153 17.8964 18.2748 16.1215 21.0717 17.0383 22.4325 16.2800 14.3366 17.3453 21.2353 22.4104 18.2506 19.6378 20.2126 17.8302 21.3338 24.0465 18.5300 15.1737 20.4414 20.8071 19.5638 22.4494 20.4749 15.0910 18.3268 19.5486 17.4500 10.9053 19.1154 20.2428 15.9144 17.2013 13.2743 13.7284 15.5851 8.3663 12.5251 19.0830 15.1432 21.4303 20.3689 20.9042 17.9101 15.8179 17.8927 12.5897 21.0042 18.3996 17.7584 23.0750 21.3389 19.2109 19.8367 14.9010 12.7029 20.8383 20.3232 26.8088 27.8754 24.2702 29.6487 27.8567 24.8648 27.7531 26.3899 26.8546 27.0415 27.5172 25.5307 25.4109 28.1387 24.6538 28.6878 28.6763 25.3845 26.4047 25.8066 27.2230 23.5841 27.5113 27.1881 24.2399 27.5977 27.0455 25.9117 26.6736 28.4056
6.3289 5.1342 11.8415 12.4097 6.2136 12.0210 19.0090 5.7514 6.1801 0.0000 9.1217 8.6897 9.9240 6.8449 4.7647 9.1071 9.6840 5.8181 5.1154 6.9785 14.8165 4.6882 15.8443 8.3265 8.4315 8.1517 9.9286 10.3243 8.0477 8.8706 28.6174 27.2081 28.4346 29.7227 28.0668 26.0580 29.2677 28.7519 27.7996 29.2075 27.4103 26.5555 29.1599 27.6598 27.5533 29.6638 28.4343 28.5181 26.8584 27.8058 27.6381 29.0295 27.9633 27.8900 28.5131 26.8244 27.0027 27.4996 29.3317 28.6088 16.8210 17.2508 17.4284 17.5662 14.9157 20.2884 15.8037 21.9212 15.2648 13.1378 16.1362 21.1125 21.2006 17.7965 18.6102 18.9341 17.0453 20.0268 23.1213 17.9978 13.8121 19.3840 19.6719 18.7592 21.7376 19.2262 13.9761 17.4882 19.1277 16.0792 10.0450 19.3630 19.9143 16.9076 18.1323 12.6557 16.6009 16.1294 8.0880 12.9303 20.1838 15.1145 22.1071 20.0051 21.1543 17.8679 15.5676 17.3598 13.4521 21.8320 19.5943 17.7980 23.0766 22.3699 18.7835 20.7125 14.5849 13.6005 20.6773 21.0009 27.1669 28.5457 25.3591 29.7354 27.9580 24.9984 27.9240 26.4679 27.4683 27.3571 27.4279 25.7614 25.8289 28.0981 25.0248 28.5684 28.7792 25.6836 27.0512 25.8187 27.0975 23.4642 27.9573 27.4514 24.1292 27.6194 27.2332 26.1214 27.6466 28.4853
7.5764 8.6551 10.4248 12.3733 6.7331 12.2713 22.2536 8.7565 9.9259 9.1217 0.0000 4.7037 5.1670 5.7930 8.7582 7.2888 9.4669 7.8444 7.2055 7.2805 18.2425 8.1983 18.0140 9.7535 5.0368 9.0289 12.5742 6.4245 5.6556 13.2588 30.3981 29.2753 30.3938 31.3732 29.8451 28.4160 31.2765 30.9069 29.9553 31.1455 29.7525 28.7325 31.0733 29.9889 29.4818 31.4895 30.2298 30.6776 28.9653 29.5574 29.6409 30.9530 30.0340 30.1725 30.3110 28.9433 29.2942 29.5676 31.5438 30.5526 19.1283 20.9354 20.1539 20.4737 19.6064 24.1513 20.6062 24.8716 18.0946 17.9703 18.7514 24.4896 25.3777 20.4180 21.9982 22.0669 19.8474 22.9845 26.7450 21.4620 15.3693 23.2554 23.2267 22.5345 24.2544 22.1374 17.8407 21.4929 22.1160 18.5332 13.3160 23.0633 24.2531 20.3531 19.7833 16.6901 18.6396 17.5876 13.3975 14.4340 22.8117 18.6402 25.2189 23.5377 24.9476 21.2028 16.6384 22.1322 17.6111 24.6098 22.5619 21.7591 26.2646 25.6378 21.7239 22.5699 18.2745 17.0576 23.4185 23.8979 30.1491 31.4730 28.3091 32.7751 31.1822 28.4826 31.3415 29.9984 30.2572 30.5214 31.0002 29.1789 28.7092 31.5478 28.5114 32.1729 32.0408 28.9147 30.0859 28.7918 30.4338 27.4116 30.9346 30.4451 27.8842 31.1473 30.7896 29.3047 30.2823 31.6618
8.0439 8.9131 10.0834 12.0594 6.5642 11.9457 22.1499 8.2022 9.6950 8.6897 4.7037 0.0000 4.3373 5.3204 8.6739 7.2022 9.1303 7.6166 7.1631 6.9237 18.2709 7.5438 18.0036 9.9308 4.3766 8.3668 12.5649 5.9842 5.5747 13.5563 30.7593 29.6300 30.5463 31.6011 30.0844 28.6133 31.6171 31.1530 30.2263 31.3330 30.0598 29.1182 31.3463 30.3126 29.7847 31.6996 30.4883 30.9558 29.2122 30.0479 29.9064 31.0890 30.3293 30.4615 30.5272 29.1381 29.5878 29.8232 31.8087 30.7769 18.9876 20.8616 20.2745 20.5877 19.6525 24.1641 20.6043 24.7781 17.7302 17.9765 18.4687 24.6273 25.5130 20.5966 22.0437 22.1206 19.8758 22.8768 26.7668 21.6369 15.2258 23.2514 23.3439 22.5411 24.1003 22.0531 17.8092 21.4211 22.2232 18.5365 13.2280 23.2252 24.4721 20.5727 19.9928 16.9908 18.8409 17.8573 13.4248 14.5842 23.0094 18.9303 25.4358 23.7873 25.1590 21.3230 16.6906 22.3433 17.9528 24.9086 22.6513 21.9988 26.5499 26.0373 21.8939 22.9924 18.3190 17.3805 23.5863 24.2883 30.3150 31.5665 28.4151 33.0159 31.4852 28.7559 31.5103 30.2258 30.5368 30.6737 31.2459 29.3554 29.0107 31.8172 28.7122 32.3097 32.2173 29.1204 30.2438 29.1351 30.6222 27.6976 31.2248 30.7242 28.1735 31.3305 30.9130 29.5615 30.3506 31.8981
8.6922 10.1839 10.7093 12.6539 7.8615 13.0829 22.8885 9.5709 10.7734 9.9240 5.1670 4.3373 0.0000 6.0523 9.5639 8.2207 9.6768 8.8336 8.2245 8.5503 19.1632 8.3906 18.6621 10.5875 5.0701 9.4622 13.3027 5.9609 6.8534 14.6459 31.5852 30.5285 31.3457 32.3029 30.8084 29.5271 32.4120 31.9865 31.0257 32.0809 30.9819 30.0297 32.0883 31.1399 30.5879 32.4047 31.2529 31.8514 30.0908 30.8193 30.7395 31.8868 31.2057 31.2978 31.2810 30.0161 30.5427 30.6879 32.5939 31.5785 19.6767 21.6980 20.9803 21.3557 20.5634 24.9696 21.5551 25.5737 18.5850 19.0408 19.3799 25.3911 26.3836 21.4088 22.8085 22.8211 20.4631 23.6434 27.5520 22.4816 16.0443 24.0532 24.2691 23.2933 24.9213 22.8501 18.6829 22.2382 23.0677 19.2205 14.8139 24.1033 25.4111 21.6322 20.9198 18.1739 19.7263 18.8737 14.7909 15.4947 23.9322 20.0550 26.2940 24.6535 26.0232 22.3493 17.8339 23.2861 19.2011 25.7436 23.5468 22.9896 27.2836 26.7944 22.7796 23.7407 19.3286 18.5138 24.4979 25.1027 31.0540 32.2996 29.2890 33.8070 32.3812 29.7446 32.3126 31.1336 31.3082 31.5456 32.1224 30.2943 29.8924 32.6512 29.6550 33.1191 32.9239 29.9762 31.1004 30.0969 31.5261 28.6563 32.0602 31.6546 29.1463 32.1898 31.8407 30.4990 31.0606 32.7408
6.1330 6.9286 10.0838 11.6772 5.1101 11.5324 20.6650 5.7783 7.9323 6.8449 5.7930 5.3204 6.0523 0.0000 7.2066 6.9093 8.9040 6.1714 4.2880 5.8944 16.7875 5.2601 16.3354 8.6904 4.7751 6.1641 10.0645 7.3714 4.7994 11.3336 29.8959 28.6765 29.5805 30.7837 29.2123 27.5368 30.6676 30.1794 29.2382 30.3879 29.0835 28.1417 30.4146 29.2154 28.8514 30.7355 29.6345 29.9635 28.2212 29.2616 28.9093 30.1504 29.3692 29.4051 29.5796 28.1722 28.6305 28.8178 30.7649 29.7758 18.1348 19.1904 18.8189 19.2771 17.5215 22.5268 18.6011 23.5596 16.2175 15.8560 17.5632 23.0930 23.6635 19.3214 20.4773 20.8457 18.3262 21.7737 25.3716 19.8137 14.2706 21.5287 21.8633 20.8722 23.0796 20.6521 16.2529 19.7253 20.9803 17.4438 11.2891 21.3901 22.4678 18.8364 18.7229 15.0951 17.5400 17.0221 11.1048 13.6572 21.5816 17.0484 23.9804 22.0633 23.4286 19.6276 15.2965 20.1408 16.0203 23.3015 21.1703 20.0877 25.0114 24.3974 20.5057 21.8516 16.5971 15.5385 22.2688 22.7535 28.9307 30.2684 27.1669 31.7055 30.1180 27.3076 30.0033 28.6870 29.3036 29.3388 29.7498 27.9189 27.7907 30.3526 27.1597 30.8172 30.7714 27.7063 28.8641 27.8863 29.1724 26.0466 29.9497 29.4647 26.6237 29.8441 29.4060 28.1754 29.1555 30.5048
7.3641 6.6372 12.0684 12.6218 7.0914 12.4950 19.7476 7.3324 7.7614 4.7647 8.7582 8.6739 9.5639 7.2066 0.0000 9.0068 9.6333 6.3331 5.6984 7.4040 15.2414 6.1676 16.4797 9.0067 8.7625 8.8085 11.1590 10.3880 8.5356 9.1155 29.3105 28.0219 29.1970 30.5090 28.8387 27.0964 30.0534 29.5786 28.5330 30.1011 28.1490 27.3077 30.0269 28.4616 28.2977 30.5265 29.1393 29.2806 27.7904 28.3233 28.5485 29.9157 28.7259 28.7038 29.4437 27.7768 27.7430 28.3498 30.1753 29.5344 16.8693 17.4549 17.5886 17.8596 15.6943 20.7010 16.0941 22.4861 15.8286 13.5344 15.9712 21.4029 21.5790 17.8730 18.7581 18.8055 17.4518 20.0053 23.3563 18.6145 14.0963 19.6977 19.8962 19.1075 22.2363 19.5507 14.2411 17.7982 19.4801 16.0928 11.4243 20.1664 20.7890 17.7675 19.1912 13.4737 17.6960 16.6317 9.4022 13.6072 21.0997 16.0908 22.9070 20.5807 21.8944 18.8737 16.3004 18.1146 14.6671 22.6545 20.6120 18.7798 23.8095 23.3376 19.5680 21.1987 15.3856 14.7218 21.2311 21.9859 27.8804 29.3128 26.1978 30.3739 28.5276 25.6406 28.6746 27.0849 28.1613 28.0398 28.0348 26.5040 26.4712 28.7479 25.7983 29.2237 29.3660 26.4547 27.7473 26.3085 27.6326 24.1389 28.6287 28.0678 24.6792 28.2147 27.9250 26.7508 28.4579 29.1359
8.8674 8.6148 8.2247 9.6536 7.6476 8.9003 19.1738 8.6377 10.3502 9.1071 7.2888 7.2022 8.2207 6.9093 9.0068 0.0000 8.1199 7.4526 7.2093 6.9463 15.1873 8.4336 15.3728 8.4534 7.0085 8.4153 10.7258 9.0199 6.5399 10.3465 28.8530 27.5468 28.7175 30.0297 28.4078 26.5748 29.6555 29.1674 28.2409 29.5238 27.7021 26.8007 29.5977 28.1422 27.8320 29.9616 28.7434 28.7739 27.2844 27.9806 28.0189 29.2335 28.1382 28.4032 28.8191 27.2333 27.3632 27.7070 29.8148 28.9728 16.4230 17.2259 17.2498 17.8901 16.4469 20.9376 17.2338 22.0483 14.3140 14.6295 15.7272 21.6319 22.1486 17.7439 18.8850 19.1207 16.8119 20.1747 23.7611 18.1542 12.0108 20.0106 19.9303 19.5108 21.1501 18.7124 14.4987 17.9188 19.4288 16.0255 10.3288 20.1785 21.2258 18.1885 17.2507 13.6736 18.8607 15.3879 12.6332 12.1871 20.4558 15.8110 22.8605 20.8206 22.2774 18.0375 13.6240 19.2941 15.4535 22.2281 20.1289 18.9865 23.8950 23.4104 18.8581 20.4255 15.5627 14.8740 20.5861 21.7660 27.8334 29.3841 26.0860 30.5295 28.6443 25.9827 28.8685 27.3462 28.1883 27.9647 28.5003 26.5818 26.4614 29.1372 26.0032 29.6565 29.7521 26.5351 27.6396 26.3423 27.7608 24.7808 28.7972 28.1187 25.1829 28.5174 28.0849 26.7066 28.3591 29.2194
9.5809 10.3836 5.3668 9.0928 9.3216 9.2390 17.4494 9.9022 11.0172 9.6840 9.4669 9.1303 9.6768 8.9040 9.6333 8.1199 0.0000 10.3300 9.4860 10.5944 13.5009 9.4170 13.7293 6.8454 9.4443 11.6094 11.7457 10.4198 10.1451 10.3084 27.1714 25.9331 27.2128 28.3767 26.7804 25.0283 28.0352 27.5377 26.5849 27.9504 26.0742 25.1663 27.9240 26.4600 26.1960 28.3608 27.2020 27.2237 25.7675 26.2476 26.5019 27.6480 26.5708 26.7664 27.1481 25.6096 25.8852 26.2088 28.1968 27.4374 13.6224 15.6472 15.5670 15.3672 15.3082 19.1689 15.9957 19.8468 13.2851 13.7895 13.3019 19.6741 20.4985 15.6611 16.9092 16.7423 14.4789 17.9430 21.8807 16.7504 10.4560 18.2000 18.3183 17.6156 19.2104 17.1256 12.9430 16.2801 17.3886 13.1859 11.7375 19.0869 19.8791 17.0983 16.1430 12.9144 19.6772 14.2259 14.0973 10.7795 19.5931 15.1748 21.3205 19.4105 20.6873 17.0156 14.5954 18.3610 15.3613 20.7498 18.5358 17.7809 22.3629 21.9132 17.5745 18.6691 14.2439 14.7402 18.8690 20.2923 26.2547 27.7889 24.4931 28.8931 27.1472 24.6695 27.2945 25.8140 26.4379 26.3970 26.9972 24.8971 24.8343 27.5408 24.4398 28.0451 28.0715 24.9919 26.2278 24.7090 26.2300 23.3675 27.0880 26.6025 23.7819 27.0321 26.5878 25.2559 26.6222 27.5835
7.1067 5.0957 11.6251 11.0046 6.7571 10.4700 19.4883 6.6396 8.6078 5.8181 7.8444 7.6166 8.8336 6.1714 6.3331 7.4526 10.3300 0.0000 4.8556 4.3616 15.0771 6.0407 16.7525 9.2845 7.0689 6.4715 10.9662 8.8557 6.2929 9.5332 29.5585 28.1563 29.4058 30.6767 29.0022 27.1302 30.1553 29.7343 28.7555 30.2370 28.3443 27.5869 30.1632 28.6462 28.4603 30.6618 29.3834 29.4678 27.9146 28.6403 28.5656 30.0630 28.8314 28.8638 29.5577 27.8826 27.9863 28.4642 30.2427 29.5977 17.7243 17.6960 17.7909 18.2309 15.9615 21.1585 16.7808 22.4981 15.2811 14.3506 16.7928 22.0608 21.9199 18.4992 19.3070 19.5563 17.5386 20.6453 23.9265 18.4954 13.3347 20.0865 20.2765 19.6168 21.8479 19.4062 14.9669 18.3645 19.9499 16.7054 9.7559 20.2157 20.8372 18.2279 18.6640 13.4691 17.7289 16.7096 9.3143 13.2342 21.0235 15.8983 23.1020 20.5829 22.2783 18.4368 14.7514 18.3503 15.0119 22.5794 20.6883 18.7154 23.8260 23.4923 19.0764 21.2032 15.3581 14.3707 21.2778 21.7814 27.9585 29.5160 26.4422 30.5984 28.8754 25.9559 28.8188 27.3926 28.4380 28.2560 28.3834 26.7024 26.7908 28.9864 25.9706 29.4679 29.7198 26.5950 27.9745 26.7161 27.8676 24.5750 28.8824 28.3894 25.1733 28.5208 28.2324 27.0037 28.6249 29.3199
5.5680 5.2192 10.9310 11.6199 4.9862 11.0886 19.4396 5.1782 6.8668 5.1154 7.2055 7.1631 8.2245 4.2880 5.6984 7.2093 9.4860 4.8556 0.0000 4.9823 15.3065 4.1965 15.5980 8.5091 6.3150 5.8756 9.1632 9.0498 5.2944 9.2387 28.9746 27.5823 28.6877 30.0392 28.3962 26.4533 29.6426 29.1500 28.1744 29.5191 27.8347 26.9856 29.5389 28.1082 27.8816 29.9390 28.7148 28.8373 27.2063 28.1948 27.9386 29.2800 28.2439 28.2969 28.7737 27.1856 27.3785 27.7657 29.7235 28.8701 17.3557 17.6537 17.5727 18.0916 15.7096 20.9731 16.6212 22.4507 15.2281 13.8433 16.5528 21.6747 21.8942 18.0908 19.0695 19.5120 17.3422 20.6632 23.8661 18.2802 13.5661 19.9496 20.2984 19.3903 22.0701 19.4652 14.6989 18.0934 19.6842 16.5227 9.5277 19.8434 20.6476 17.3669 17.8313 13.1249 16.7559 16.1085 8.8691 12.7180 20.4112 15.3853 22.6775 20.4505 21.8347 18.0682 14.3955 18.0821 14.1654 22.0613 20.0410 18.3392 23.6757 23.0191 19.1945 20.7835 15.0256 13.8957 20.9822 21.4547 27.6919 29.1318 25.9308 30.3759 28.5575 25.6183 28.5636 27.0548 28.0700 27.9157 28.1573 26.3923 26.4518 28.8007 25.6168 29.3209 29.4599 26.2831 27.5207 26.4099 27.6403 24.2566 28.5937 28.0398 24.8880 28.2726 27.8404 26.6244 28.1845 29.0766
7.9736 6.3504 11.5620 11.3576 6.8865 10.0278 19.8691 6.3405 9.6296 6.9785 7.2805 6.9237 8.5503 5.8944 7.4040 6.9463 10.5944 4.3616 4.9823 0.0000 15.7053 6.0762 16.6403 10.1000 6.0606 5.1799 10.7065 8.9165 5.5209 10.2262 30.0421 28.5728 29.7703 31.1113 29.4804 27.5134 30.5944 30.1613 29.1833 30.6130 28.7015 27.9983 30.5947 29.0771 28.9086 31.0660 29.7869 29.8483 28.2917 29.1207 28.9712 30.3881 29.2207 29.3002 29.9452 28.3073 28.3622 28.7797 30.6672 29.9683 18.0671 18.0615 18.2449 18.7857 16.4442 21.6046 17.2996 22.9388 15.4113 14.7556 17.0747 22.4528 22.3471 18.8428 19.6565 20.0811 18.0069 21.0169 24.3345 18.8027 13.5391 20.5278 20.6872 20.0085 22.1583 19.5839 15.5012 18.8965 20.4309 17.0760 9.5972 20.5787 21.2926 18.4863 18.7129 13.8932 18.0342 16.9340 10.0521 13.4140 21.3322 16.1058 23.4536 20.9799 22.6993 18.6514 14.1384 18.8192 15.3923 22.9363 21.0112 19.0355 24.3380 24.0695 19.4989 21.6063 15.8796 14.7087 21.5866 22.2191 28.4244 29.9760 26.8768 31.0167 29.2446 26.3537 29.2527 27.7792 28.9145 28.6377 28.8264 27.1097 27.2470 29.4506 26.3804 29.9270 30.1424 27.0213 28.3745 27.1064 28.2108 25.0423 29.4166 28.7834 25.6408 28.9224 28.5711 27.3590 29.1459 29.7279
15.7339 14.4747 13.6262 12.0155 16.2391 10.9054 10.3603 15.6610 16.2073 14.8165 18.2425 18.2709 19.1632 16.7875 15.2414 15.1873 13.5009 15.0771 15.3065 15.7053 0.0000 15.7820 11.0940 13.7822 17.7820 16.2758 15.1296 19.4120 17.0994 10.0704 22.5187 20.5941 22.6094 24.2056 22.5147 19.8342 22.6477 21.8521 20.8345 23.4357 19.7027 19.3085 23.2852 20.6913 21.1081 24.1506 22.5247 21.4838 20.8830 20.9435 21.5446 23.1655 20.8784 21.0272 23.1302 20.8595 20.0704 21.0279 22.6396 22.7900 10.9390 7.9336 9.9343 8.7007 8.6773 10.8699 7.9065 12.9622 9.5268 8.6123 9.9397 11.1202 10.2972 10.3933 9.0808 9.4745 8.3965 12.3047 12.7790 7.4080 8.5628 9.5335 9.7969 9.0933 12.7423 10.5216 9.0639 7.9219 10.8564 9.2062 11.6042 10.9987 9.8534 12.9276 12.8432 8.6189 21.1849 12.8513 14.5919 9.9083 15.3688 10.4643 14.7473 10.8878 11.9780 9.4399 13.0503 9.7610 12.0971 14.2547 12.5408 9.5517 14.9769 14.4048 10.4403 12.4678 9.6794 12.6511 11.5761 13.5769 19.3978 21.3702 18.1097 21.3202 18.7510 16.4375 19.1540 16.9670 19.3306 18.4667 18.6069 16.2990 17.6492 19.1395 16.1163 19.6502 20.4323 16.9725 18.7832 16.6301 17.5689 14.6282 19.8223 19.0822 15.0643 18.3321 18.1613 16.8732 21.0238 19.6078
6.4640 6.4371 11.3738 12.0163 5.5206 11.4872 19.4870 4.7843 6.8489 4.6882 8.1983 7.5438 8.3906 5.2601 6.1676 8.4336 9.4170 6.0407 4.1965 6.0762 15.7820 0.0000 15.5672 8.7798 6.7931 6.8152 9.1227 9.0116 6.7918 9.8407 29.4118 28.0668 29.0584 30.3784 28.8012 26.7464 30.0679 29.4866 28.5368 29.8430 28.2073 27.4414 29.8769 28.4816 28.3581 30.2908 29.0775 29.2949 27.5755 28.6694 28.3393 29.5712 28.6957 28.6941 29.1176 27.5819 27.7807 28.1297 30.1142 29.2640 17.4079 17.8766 18.0787 18.4128 15.8013 21.0549 16.7546 22.5075 15.3834 14.0234 16.6671 21.7671 22.0715 18.4919 19.2509 19.7643 17.4336 20.6945 23.9604 18.6055 14.0226 20.1403 20.4912 19.4455 22.0973 19.6635 14.8632 18.2541 19.9187 16.7575 10.3741 20.0759 20.7900 17.5836 18.4995 13.4892 17.0421 16.6033 9.2517 13.1966 20.8125 15.7509 22.8136 20.7420 21.9932 18.5395 15.3673 18.2305 14.5477 22.3784 20.1486 18.4870 23.9487 23.2185 19.5619 21.3119 15.2797 14.1966 21.3375 21.8658 27.9540 29.3118 26.0860 30.6190 28.8035 25.9655 28.7752 27.2890 28.3291 28.1109 28.3367 26.5786 26.7484 28.9913 25.8289 29.4363 29.5956 26.5546 27.8117 26.7802 27.8866 24.5315 28.8721 28.3553 25.1548 28.4346 27.9960 26.9666 28.4271 29.3090
16.0407 15.9194 12.8575 11.4553 15.4723 12.1743 11.7693 16.0335 15.3401 15.8443 18.0140 18.0036 18.6621 16.3354 16.4797 15.3728 13.7293 16.7525 15.5980 16.6403 11.0940 15.5672 0.0000 14.0331 17.4644 15.9386 12.7325 19.2483 16.6633 12.3733 21.8769 20.4380 20.9303 22.5705 21.1973 18.5475 22.0343 20.7862 20.2858 21.6879 20.3144 19.3512 21.7099 20.2082 20.2642 22.1413 21.5143 20.9211 19.3607 21.3579 19.9181 21.5131 20.7430 20.3946 20.9900 19.7126 20.0063 20.1599 21.8463 20.8390 12.6600 12.5538 11.5986 12.4690 11.7159 13.5145 12.1389 14.7821 11.1768 12.1464 12.1224 12.7573 14.4003 12.5839 12.9834 13.8008 10.6975 15.0991 16.1031 9.8310 12.4137 13.5188 13.7221 12.0280 14.6708 13.3891 11.7457 11.1566 12.4654 12.9759 13.0554 10.3829 12.4323 12.0100 9.6200 10.1857 19.1711 12.4888 15.5654 9.4165 13.3549 10.7188 13.6305 12.4499 12.8377 9.0533 11.1526 12.0425 12.7104 12.5489 8.8793 9.5306 15.3227 12.9442 12.2761 12.7115 10.6163 12.8864 12.1839 12.7610 19.2929 20.5800 17.1538 22.2162 19.8928 18.4918 19.8841 18.3086 19.3351 19.2382 20.0036 17.5327 18.5586 20.6772 16.8806 20.9281 20.7664 17.4888 18.4411 18.2500 19.1248 16.2329 20.4942 19.9585 17.3149 19.3546 19.0234 18.1643 19.6885 20.8133
8.9060 8.7927 7.9571 10.1860 8.6388 10.3775 17.8047 8.8577 8.9961 8.3265 9.7535 9.9308 10.5875 8.6904 9.0067 8.4534 6.8454 9.2845 8.5091 10.1000 13.7822 8.7798 14.0331 0.0000 9.9972 10.6008 9.5956 10.8669 9.3087 9.0360 26.4118 25.1073 26.3262 27.5311 25.9419 24.0715 27.2479 26.7364 25.7621 27.0167 25.4208 24.3565 27.0274 25.6529 25.4241 27.4636 26.3749 26.4307 24.8200 25.7349 25.5828 26.8105 25.9005 25.9696 26.1825 24.7046 25.1248 25.3968 27.3816 26.4218 14.6803 16.1398 15.8199 15.7966 14.6056 19.2108 15.5892 20.3741 13.7092 12.9841 14.3859 19.7535 20.5535 15.9947 17.4059 17.7252 15.4066 18.8424 22.1778 16.7070 11.4982 18.2862 18.5099 17.7147 20.0196 17.8272 13.0344 16.4184 17.5702 14.5530 9.9850 17.9930 19.0552 15.6012 15.5935 11.9348 16.8972 13.8644 11.3742 10.5769 18.3551 13.7932 20.5066 18.8770 19.8933 16.4207 14.1351 17.0454 13.1684 20.0052 17.6973 16.8858 21.7470 20.8701 17.3138 18.3453 13.4858 12.4083 18.7507 19.1340 25.6508 27.0300 23.6831 28.3962 26.6115 23.8243 26.6627 25.2375 25.7974 25.9640 26.4112 24.3778 24.1498 27.0376 23.8484 27.5465 27.5503 24.4201 25.4771 24.2526 25.8516 22.4722 26.4712 26.0258 22.9888 26.4914 25.9587 24.6595 25.9115 27.1083
7.2328 8.3819 10.4965 11.6625 6.4672 11.8729 21.4664 6.8893 9.7379 8.4315 5.0368 4.3766 5.0701 4.7751 8.7625 7.0085 9.4443 7.0689 6.3150 6.0606 17.7820 6.7931 17.4644 9.9972 0.0000 6.7848 11.7000 6.7029 5.5659 12.8991 30.9760 29.7636 30.8246 31.9364 30.3763 28.7329 31.7455 31.3175 30.4578 31.5698 30.2053 29.2813 31.5561 30.3329 29.9783 31.9197 30.8214 31.1495 29.4153 30.3373 30.0986 31.2985 30.4848 30.5439 30.7747 29.3741 29.7746 29.9855 31.8787 30.9994 18.8887 20.3132 19.9302 20.3365 18.9803 23.6203 19.9915 24.5575 17.3196 17.3883 18.5745 24.2463 24.8544 20.3547 21.5500 21.8076 19.3424 22.6415 26.3793 20.9150 15.0389 22.7751 22.9550 22.0129 23.7916 21.5155 17.3017 20.9164 21.9430 18.3691 12.5493 22.8566 23.7740 20.5182 19.7467 16.6337 19.2357 18.3360 12.8319 14.5560 22.9818 18.4843 25.1806 23.2827 24.7144 20.8510 16.1569 21.7070 17.6672 24.5471 22.3997 21.4242 26.2396 25.7014 21.3941 22.9540 17.9500 17.2254 23.3926 24.0822 30.0009 31.4264 28.3647 32.7663 31.2535 28.5454 31.1703 29.9391 30.4139 30.4365 30.9203 29.0836 28.9390 31.4489 28.3831 31.8900 31.8913 28.8620 30.1600 29.0293 30.3239 27.3411 31.0226 30.5877 27.8618 31.0251 30.6366 29.4003 30.2529 31.6053
7.8893 7.7151 12.4276 11.3910 7.3155 11.3718 19.8833 6.8463 9.3363 8.1517 9.0289 8.3668 9.4622 6.1641 8.8085 8.4153 11.6094 6.4715 5.8756 5.1799 16.2758 6.8152 15.9386 10.6008 6.7848 0.0000 9.4092 10.4808 6.7617 10.8759 30.1745 28.7278 29.5686 30.8910 29.2862 27.4298 30.5580 30.0715 29.1388 30.3663 29.0501 28.2431 30.3686 29.0403 28.8467 30.7165 29.7400 29.9509 28.1792 29.5960 28.7897 30.1927 29.4061 29.2289 29.6666 28.1858 28.6692 28.8251 30.5125 29.6584 18.8078 18.6298 18.5424 19.3583 16.7644 21.8732 17.6736 23.2204 15.8732 15.3826 17.9651 22.5113 22.5974 19.3667 20.1003 20.8385 18.4144 21.6084 24.6518 18.8640 14.7074 20.9678 21.3978 20.1149 22.5580 19.9894 16.0794 19.2384 20.8555 18.0140 9.7189 20.0926 21.1624 18.0352 18.1361 14.3984 17.0528 17.3502 9.5258 13.7720 20.7327 15.9879 23.0824 20.8447 22.5443 18.6112 13.6183 18.7065 15.3225 22.4914 20.4189 18.9112 24.0006 23.5243 19.5393 21.4946 16.1176 14.6914 21.6701 21.7936 28.0548 29.5660 26.6132 31.0377 29.5021 26.6016 29.0978 27.9623 28.7906 28.7120 28.9234 27.1609 27.4280 29.5860 26.3657 29.8668 29.8726 26.8947 28.2418 27.4879 28.3781 25.1572 29.4803 28.9882 25.8957 28.9544 28.6368 27.5737 28.6191 29.8463
9.4111 9.3384 12.5890 12.4972 8.8103 12.2260 18.4677 9.4601 8.4539 9.9286 12.5742 12.5649 13.3027 10.0645 11.1590 10.7258 11.7457 10.9662 9.1632 10.7065 15.1296 9.1227 12.7325 9.5956 11.7000 9.4092 0.0000 14.0624 10.6073 8.7850 26.8085 25.3588 25.9268 27.3092 25.8321 23.6317 27.1697 26.4355 25.5476 26.6169 25.7387 24.8128 26.7125 25.5734 25.4316 27.0165 26.1205 26.4000 24.3510 26.4282 25.1483 26.4182 26.0485 25.7604 25.8293 24.4660 25.1803 25.2210 27.1200 25.8177 17.1927 17.0665 16.6033 17.4027 14.0900 19.3833 15.0741 21.3588 14.5354 12.4194 16.7271 19.6575 20.5671 17.1978 18.0070 19.2666 16.6088 20.3592 22.6209 16.4359 14.2030 18.8936 19.3231 17.8996 21.1608 18.6969 13.8270 16.7260 18.7018 16.7477 8.5940 16.6410 18.0466 13.6693 15.2582 11.6333 13.8466 14.3979 9.0694 11.8337 17.1860 12.6936 19.5005 18.3670 19.0757 15.9849 13.2269 15.3165 10.8706 19.2566 16.6239 15.4409 21.2640 19.4882 17.6072 18.4900 13.5142 10.4966 19.2823 18.3062 25.2143 26.3596 23.0620 28.2380 26.3594 23.3729 26.1039 24.8198 25.5227 25.7038 25.9840 24.1153 24.3109 26.7638 23.2312 27.1468 26.9128 23.8845 24.8518 24.5752 25.6527 21.8593 26.4823 26.0226 22.6531 25.8816 25.4719 24.3910 25.4839 27.0080
9.6179 10.3862 11.2613 13.3738 8.8680 13.0759 23.0030 9.6326 11.3204 10.3243 6.4245 5.9842 5.9609 7.3714 10.3880 9.0199 10.4198 8.8557 9.0498 8.9165 19.4120 9.0116 19.2483 10.8669 6.7029 10.4808 14.0624 0.0000 7.9634 15.0202 31.4622 30.4886 31.2836 32.2167 30.7335 29.4585 32.3220 31.9319 31.0165 32.0428 30.9393 29.9574 31.9999 31.0833 30.5606 32.3677 31.2482 31.7906 30.0477 30.6878 30.6557 31.9227 31.1979 31.2704 31.2480 29.9632 30.5219 30.6623 32.4973 31.5313 20.1219 22.0197 21.4099 21.5605 20.5408 25.1416 21.7671 25.4397 18.8128 19.4396 19.6724 25.6911 26.4351 21.7441 23.1965 23.1442 20.6930 23.8231 27.7548 22.7054 16.2324 24.1314 24.3498 23.6555 24.8449 23.1245 19.0852 22.6296 23.1298 19.4400 14.7774 24.1690 25.4346 21.6483 21.0905 18.3326 19.8396 18.8625 14.8883 15.9795 23.9978 20.1036 26.2896 24.6628 26.1095 22.4285 18.0685 23.3241 19.2940 25.8135 23.5811 23.0435 27.1423 26.7849 22.8541 23.9166 19.5198 18.5312 24.6045 25.0321 30.9947 32.1883 29.2757 33.6728 32.3337 29.7346 32.2152 31.0809 31.2346 31.5409 32.0305 30.2084 29.7489 32.5633 29.6155 33.0083 32.8884 29.9218 31.0270 29.9852 31.4966 28.5888 31.9201 31.5513 29.1082 32.1326 31.7768 30.4489 30.9647 32.6531
7.5198 7.2423 10.5868 11.5305 5.5070 10.8420 21.0070 7.3462 8.3764 8.0477 5.6556 5.5747 6.8534 4.7994 8.5356 6.5399 10.1451 6.2929 5.2944 5.5209 17.0994 6.7918 16.6633 9.3087 5.5659 6.7617 10.6073 7.9634 0.0000 11.7940 29.4511 28.1688 29.1411 30.3444 28.7965 27.0420 30.2734 29.7414 28.7645 29.9250 28.5732 27.6816 30.0242 28.8945 28.4510 30.3420 29.0949 29.4182 27.7110 28.7475 28.4246 29.7004 28.8275 29.0461 29.1180 27.6173 28.0234 28.2973 30.4465 29.2934 18.7367 19.5797 19.0099 19.6154 18.0556 22.9150 19.1969 23.7653 16.4148 16.4030 17.8711 23.3198 24.0860 19.5569 20.9984 21.3649 18.8363 22.2499 25.6686 20.0287 14.3987 21.9378 22.1094 21.3102 23.1527 20.9859 16.7721 20.1095 21.2070 18.1497 10.8204 21.3458 22.6384 18.5942 18.3396 14.9546 16.8462 16.5616 11.3443 13.1756 21.1743 16.8954 23.8814 22.1526 23.5294 19.3310 14.6357 20.3914 15.6770 23.1211 21.0517 20.1281 25.0711 24.3268 20.4432 21.5640 16.6331 14.9553 22.1175 22.4904 29.0048 30.2739 26.9169 31.7328 29.9568 27.1280 30.0535 28.6071 29.2113 29.2226 29.7715 27.8369 27.6160 30.3575 27.1038 30.9757 30.9524 27.6389 28.6753 27.7511 29.1221 26.0890 29.8770 29.3016 26.6379 29.8411 29.3367 27.9854 29.1261 30.4369
10.4175 8.5835 11.6843 10.6193 10.5279 9.8609 15.0326 9.9596 10.4564 8.8706 13.2588 13.5563 14.6459 11.3336 9.1155 10.3465 10.3084 9.5332 9.2387 10.2262 10.0704 9.8407 12.3733 9.0360 12.8991 10.8759 8.7850 15.0202 11.7940 0.0000 25.5596 23.8416 25.4285 27.0356 25.3220 22.8801 26.0313 25.4347 24.3533 26.3083 23.6212 22.9473 26.2842 24.1400 24.3871 26.8964 25.4532 25.0002 23.7460 24.5011 24.5361 26.0301 24.4563 24.4809 25.7440 23.8087 23.4091 24.1718 26.0799 25.6319 13.5316 11.8201 12.8745 13.3612 9.8804 15.3353 9.8789 18.0375 11.1472 7.0976 12.3530 16.1976 15.7075 13.3079 13.5025 14.2762 12.7457 16.0759 18.3554 12.5503 10.2193 14.2388 14.4461 13.8739 17.6426 14.5210 9.2150 12.0438 14.9812 12.4433 7.1998 14.4811 14.4910 13.0772 14.7988 7.2540 17.3453 12.9527 8.9300 9.9184 16.6048 10.4503 17.9105 15.0727 16.3277 13.0285 12.3930 11.9356 9.7879 17.6959 15.7779 12.7877 18.9947 18.2579 14.4760 16.6281 10.2343 9.7094 16.1616 16.9371 23.2884 25.0737 21.6636 25.8013 23.4150 20.4192 23.7156 21.7301 23.6608 23.1305 23.0240 21.2933 21.7969 23.7755 20.5247 24.3419 24.7941 21.6208 22.9186 21.3515 22.4540 18.6879 24.0600 23.3309 19.2100 23.0250 22.6833 21.5200 24.5631 24.2385
28.5085 27.8431 26.1193 26.1498 28.3829 25.9046 19.6296 29.4148 27.1500 28.6174 30.3981 30.7593 31.5852 29.8959 29.3105 28.8530 27.1714 29.5585 28.9746 30.0421 22.5187 29.4118 21.8769 26.4118 30.9760 30.1745 26.8085 31.4622 29.4511 25.5596 0.0000 4.6080 6.4531 6.9954 6.1166 10.3233 5.2166 9.6013 10.0239 7.5077 10.6256 9.3554 7.0629 5.1432 4.9111 8.1843 6.5137 6.7988 9.8818 5.8512 10.0082 7.3274 7.2812 5.2034 11.3599 7.9194 9.7939 7.4971 7.1526 11.2026 19.9205 22.1169 18.2446 18.0279 21.1176 18.7863 22.5472 17.6631 21.7050 23.6971 21.1130 16.9974 21.0067 17.7678 19.6172 19.8156 19.9564 18.3989 18.7204 20.8063 23.0355 19.5786 19.2171 19.2724 19.0634 20.3009 21.5628 20.6920 16.7213 21.0475 25.3761 19.5812 20.2887 18.2952 19.7341 22.0164 25.9217 19.1111 26.7352 21.3046 16.0666 19.0457 14.9036 17.5293 15.9739 19.3592 22.2531 21.6992 21.9384 14.8734 17.8996 19.6467 16.1896 18.2240 18.4169 15.1718 19.2374 21.8972 16.0684 18.4615 12.3975 11.7717 9.4498 12.3266 14.6217 13.0872 12.9195 14.7340 10.3251 11.9845 13.4672 14.2287 9.3666 12.8780 13.5323 14.3983 14.4365 14.0902 12.8777 13.5245 15.3786 15.6092 9.4133 9.9717 15.3271 15.4765 14.7550 13.8132 10.9632 11.9595
27.2177 26.3833 24.8516 24.7602 27.1174 24.2399 17.9049 28.0342 25.8886 27.2081 29.2753 29.6300 30.5285 28.6765 28.0219 27.5468 25.9331 28.1563 27.5823 28.5728 20.5941 28.0668 20.4380 25.1073 29.7636 28.7278 25.3588 30.4886 28.1688 23.8416 4.6080 0.0000 6.6413 8.1860 6.8357 7.7093 5.9032 7.7160 7.6350 7.1931 7.5542 6.5171 7.6662 4.9111 4.6795 9.1261 6.5623 4.7093 7.5477 5.7414 8.2258 6.7847 4.7180 4.9701 9.6675 6.0617 7.0103 5.3031 7.5078 9.5467 18.5425 20.1183 16.4873 16.2286 19.2147 16.8590 20.5037 16.0742 19.9448 21.7198 19.5595 15.0142 18.9167 16.0366 17.7083 18.1578 18.3653 17.6334 16.8628 18.7559 21.2728 17.6140 17.2423 17.3741 17.4756 18.4651 19.8851 18.7122 15.1095 19.4756 23.4655 17.4119 18.0604 16.3530 17.8487 19.9359 24.5656 17.2291 25.0849 19.4898 14.0962 16.9539 12.9204 15.4316 13.8089 17.0711 20.5113 19.4989 19.9927 13.0679 16.1008 17.4963 14.4727 16.3957 16.2725 13.1143 17.2203 19.8706 14.0322 16.3558 12.1446 12.1143 8.5156 12.2343 12.6432 10.9839 12.1791 12.4728 9.6583 10.4523 12.6395 11.9123 8.4031 11.9141 11.2903 13.8474 14.0171 12.0851 11.0285 11.3810 13.2874 13.3935 9.5194 9.2126 12.9975 13.5779 12.6138 11.3506 11.6874 11.2710
28.2940 27.6307 26.1073 26.0180 28.0148 25.6517 19.3819 29.1899 26.7555 28.4346 30.3938 30.5463 31.3457 29.5805 29.1970 28.7175 27.2128 29.4058 28.6877 29.7703 22.6094 29.0584 20.9303 26.3262 30.8246 29.5686 25.9268 31.2836 29.1411 25.4285 6.4531 6.6413 0.0000 4.1959 4.0232 8.1716 5.6481 7.2360 7.6096 4.3638 10.4781 9.8410 5.2569 6.6540 5.1067 6.2461 4.1972 6.4167 7.3197 8.0551 6.8824 5.6802 7.7286 5.2919 8.3124 6.5084 9.1492 7.0240 6.4320 7.8674 20.5541 22.1612 18.0520 18.4213 20.7207 18.5142 22.3537 17.2444 21.3793 23.6050 21.5862 16.7003 20.8600 18.2661 19.7658 20.3887 20.0547 19.4422 18.7312 20.3518 23.1585 19.4391 19.4878 19.0292 19.0917 20.2969 21.5740 20.5141 17.1086 21.5475 24.8915 17.9254 19.6894 16.8645 18.2304 21.5533 24.0609 18.2430 26.0780 21.0077 13.9152 18.5193 13.3438 16.8096 15.0798 18.4945 21.3920 20.8070 21.4391 13.4884 16.3154 18.7780 14.7179 16.6003 17.7677 14.3633 18.6938 20.9735 15.4122 16.7283 11.9399 10.4443 8.0382 12.8315 14.2349 13.3344 12.5530 13.9184 10.0554 11.9217 13.8500 13.4908 10.5440 13.5094 12.7429 14.4542 13.7953 12.5950 10.6761 13.8515 14.7495 15.1025 10.8177 11.1385 15.2555 14.4328 13.7360 13.0902 10.0124 12.5334
