0.0000 1.7526 2.2404 1.6576 2.3946 2.4061 2.4222 1.8011 2.6829 2.0009 2.1519 1.3413 1.9966 2.0984 1.8604 2.2285 2.5368 1.4998 2.0038 1.9098 2.5127 2.2251 4.8144 4.2930 2.1264 2.4398 5.0943 2.4889 2.9141 2.4578 61.5424 61.6403 60.8832 68.4873 64.9518 57.7749 61.4444 62.5871 59.7476 64.3690 57.5997 56.5794 64.1965 56.5134 61.1063 62.9084 63.4112 61.3156 59.6726 59.4532 63.3268 60.6069 61.7935 57.9903 68.4972 64.1224 57.6762 58.3665 58.0999 65.4524 2.2248 1.9208 2.2858 3.3617 3.2921 4.5531 5.5282 7.4510 2.1733 4.7042 4.6026 8.5561 7.5678 3.8137 1.9638 2.3417 1.8501 2.7076 5.0317 5.4985 1.7110 3.6843 3.5865 3.7928 4.4579 2.7445 1.5199 4.3484 4.8935 2.1087 11.0042 19.2128 16.9625 20.1310 15.1777 12.7054 26.3255 19.0466 12.8158 13.1336 24.1057 13.3105 21.4724 16.4073 16.3400 11.9277 14.5253 12.1511 19.5566 15.1807 17.5700 15.6040 17.2677 18.0332 11.6567 17.1339 9.4008 20.8453 13.4603 25.1965 31.2352 40.0930 33.2774 41.5496 32.1470 36.3036 36.1030 35.6326 36.4210 33.2343 32.7457 34.0974 36.4129 35.9573 35.4631 31.0671 34.8991 33.7747 36.2546 33.2003 32.1102 30.0473 38.8044 37.5119 33.2630 33.5786 33.1258 36.2760 36.4516 38.8892
1.7526 0.0000 1.9868 1.6593 2.1451 1.7949 2.2103 1.9840 2.3637 2.0437 2.4905 1.2115 1.1399 1.7655 1.6026 1.8849 1.5727 1.9960 1.8074 1.6339 2.7594 1.6323 4.7367 3.9326 2.3958 2.3194 5.0876 1.8084 2.6435 2.8928 61.8957 62.0623 61.1097 68.7440 65.2350 58.0938 61.7966 62.9724 60.1121 64.6113 58.0922 57.0182 64.3751 56.9867 61.5663 63.1498 63.6785 61.6985 59.9926 59.8488 63.5827 60.9553 62.2075 58.4582 68.7322 64.3174 58.1546 58.6938 58.5271 65.6830 2.5536 1.2621 2.5234 3.0936 3.4057 4.8737 5.9541 7.7814 1.5937 5.1055 4.5685 8.8803 8.0305 4.1602 2.1002 2.9109 1.4659 3.0544 5.1239 5.7243 1.4724 4.0005 3.8516 3.6364 4.6018 3.2603 1.5366 4.0433 4.4462 1.6287 11.3443 19.3341 17.5029 20.3773 15.4269 13.2339 26.3550 19.2429 13.1816 13.6176 23.9405 13.3657 21.4150 16.7172 16.6383 12.2642 15.0384 12.5759 19.6432 15.4120 17.9992 16.0891 17.2565 18.1837 11.6903 17.3401 10.0939 21.0431 13.4634 25.0403 31.7488 40.5996 33.6161 42.0884 32.8602 36.8268 36.6539 36.1669 36.9065 33.6874 33.3834 34.8162 37.0378 36.6928 36.1659 31.7430 35.4363 34.2585 36.8016 33.8311 32.7762 30.5402 39.4199 38.0839 33.8440 34.1652 33.6987 36.8151 36.7359 39.4456
2.2404 1.9868 0.0000 1.6649 2.3134 2.4908 3.6629 1.7022 3.5752 3.0332 3.1713 1.8483 1.6305 1.6418 2.8148 1.4668 1.4494 2.7071 2.0001 2.6615 3.7349 1.9485 5.2327 4.8672 2.5584 3.0935 5.6778 1.0265 2.7171 3.9737 63.1079 63.1214 62.3864 69.9662 66.3980 59.2826 62.9745 64.0940 61.3157 65.8505 59.2629 58.1160 65.6709 58.0864 62.6891 64.3302 64.8593 62.8758 61.1812 61.0955 64.8249 62.1322 63.4038 59.6057 69.8649 65.5348 59.2991 59.8812 59.6657 66.8992 3.2904 2.5413 3.8486 4.6406 4.6130 6.2383 7.4093 9.0159 3.2139 6.5701 6.1455 10.1488 9.3931 5.5670 3.3947 4.0813 2.1919 4.4303 6.6669 7.0420 2.1166 5.3245 5.1627 4.8461 5.9413 4.5467 2.3552 5.5362 5.8356 2.6308 12.2213 20.4327 18.3607 21.3005 16.0728 14.0865 26.9171 20.0545 14.1441 14.3671 24.9909 14.4352 22.4264 17.6968 17.6044 13.0003 15.9946 13.4507 20.6615 16.3040 18.7823 16.9906 18.1844 19.0588 12.7166 18.0192 11.0353 21.8996 14.5830 26.1088 32.7647 41.6780 34.6635 43.2188 33.8056 37.9312 37.6935 37.3306 38.0001 34.8601 34.4587 35.8016 37.9440 37.5622 37.2400 32.8770 36.5602 35.2317 37.7535 34.8817 33.9291 31.4360 40.4537 39.1294 34.9616 35.3049 34.7564 37.7917 37.7984 40.5839
1.6576 1.6593 1.6649 0.0000 2.8184 2.4084 2.8486 1.0658 2.8320 2.2878 2.1528 1.4867 1.3891 1.2444 2.5811 1.4651 2.0894 2.4090 1.2794 2.0809 3.3453 1.2743 5.5090 4.4827 1.9936 3.0463 5.7576 1.5632 2.6087 3.2081 62.3165 62.4110 61.6940 69.2706 65.7527 58.5392 62.2839 63.4788 60.5847 65.1763 58.4541 57.3083 64.8932 57.2887 62.0360 63.6723 64.2390 62.1942 60.4669 60.3481 64.0723 61.4707 62.6721 58.8962 69.2325 64.8109 58.5119 59.1489 58.9421 66.1988 2.6584 1.9329 3.1139 3.9396 3.9696 5.3807 6.5861 8.6429 2.4553 5.6339 5.3956 9.4856 8.5585 4.6731 2.4949 3.3486 2.1322 3.7091 5.9246 6.3158 1.6841 4.4888 4.6706 4.5592 5.3436 3.5079 1.9909 5.0114 5.2571 2.0958 11.5764 19.7642 17.4930 20.8483 15.9140 13.2811 27.0693 19.7279 13.2936 13.5587 24.4836 13.8820 21.8449 16.8547 16.9584 12.4960 15.3376 12.9759 20.0207 15.8326 18.2685 16.3079 17.6599 18.7072 12.1119 17.8003 10.1674 21.4803 13.8363 25.6111 31.9268 40.8946 33.9372 42.3255 33.0746 37.1861 36.8116 36.4151 37.3179 33.9703 33.5760 34.9966 37.2205 36.6400 36.2730 31.9041 35.7551 34.5099 37.1167 34.1131 33.0831 30.6276 39.4921 38.2886 34.1427 34.3747 33.8834 37.0795 36.9866 39.6533
2.3946 2.1451 2.3134 2.8184 0.0000 2.5486 3.3111 2.8941 3.3003 2.8555 3.3693 2.1251 2.4772 2.9622 1.9259 2.8094 2.2642 2.1879 2.9613 2.4532 2.7537 2.9886 3.6041 4.3333 3.3504 2.1841 4.2962 2.7127 3.1218 3.4425 62.0107 62.1047 61.1208 68.7707 65.1972 58.0820 61.7051 62.7922 60.1138 64.6173 58.1682 57.1844 64.4146 57.1059 61.3892 63.1182 63.4768 61.6260 59.9812 59.7879 63.5989 60.8666 62.2052 58.3911 68.6970 64.3764 58.1415 58.6396 58.4534 65.6935 3.6790 2.6547 2.9439 3.8088 3.6384 5.3201 6.2852 7.2980 2.7055 5.7373 5.0093 8.9241 8.3172 4.7214 3.3568 3.5572 1.8649 3.6859 5.5244 5.9940 2.7451 4.8106 3.8149 3.5132 4.7851 3.8994 2.1368 4.5036 5.0907 2.9008 11.4560 19.3531 17.7702 19.9353 14.7722 13.2975 25.3150 18.7573 13.4305 14.0421 23.8734 13.2493 21.3133 17.0443 16.7199 12.2592 14.8769 12.1858 19.7359 15.0968 17.6718 16.0087 17.1374 17.7037 11.7565 16.7562 10.3180 20.7114 13.6415 24.9582 31.9076 40.5180 33.5192 42.2501 32.5969 36.7074 36.8508 36.2933 36.6928 33.7762 33.3768 34.6987 36.8504 36.8650 36.3158 31.9123 35.4531 34.1238 36.5320 33.6739 32.7450 30.6594 39.6717 38.0845 33.8414 34.3024 33.8227 36.6775 36.8399 39.6887
2.4061 1.7949 2.4908 2.4084 2.5486 0.0000 2.3026 2.8660 1.8692 1.8148 2.2311 2.2381 2.3122 2.2318 1.8430 2.9235 2.2816 2.1653 1.7491 1.3614 2.2272 2.0144 4.0061 2.7717 3.6176 1.6838 4.2284 2.5509 1.9470 2.4372 61.0150 61.0776 60.2115 67.7790 64.2556 57.1633 60.8727 62.0483 59.2210 63.6901 57.2634 56.0805 63.4743 56.0549 60.6883 62.2010 62.7740 60.8113 59.0832 59.0696 62.6706 60.0218 61.3517 57.6044 67.6821 63.3539 57.2984 57.7547 57.6190 64.7344 3.4547 2.6168 2.6656 2.8060 2.9667 4.4825 6.0475 7.4098 1.9864 5.0785 4.3468 8.1917 7.5701 4.0161 2.4595 3.4564 2.4818 3.1126 4.9365 5.1481 2.4058 3.7378 4.0397 3.0538 4.0461 3.4377 2.7341 3.5819 3.5984 2.3930 10.2385 18.3486 16.5045 19.3918 14.3135 12.2630 25.3212 18.1542 12.1923 12.5549 22.9241 12.4721 20.3437 15.6685 15.5139 11.0139 14.1359 11.6130 18.5148 14.3956 16.9257 15.0584 16.1511 17.1401 10.7103 16.2197 9.2801 19.9487 12.5073 24.0355 30.8014 39.7244 32.6845 41.2496 32.0876 36.0111 35.7259 35.3766 36.0526 32.8624 32.6080 34.0276 36.1297 35.8051 35.4350 31.0841 34.5916 33.2900 35.8657 33.0214 32.0948 29.5007 38.5897 37.2154 33.0374 33.3612 32.8286 35.8612 35.7684 38.6298
2.4222 2.2103 3.6629 2.8486 3.3111 2.3026 0.0000 3.2070 1.9651 1.8382 2.0852 2.5477 2.7323 2.9435 1.8066 3.5704 3.5157 1.9534 2.6050 1.7822 2.0948 2.8780 4.7140 3.4929 3.3229 2.3409 4.8583 3.6257 3.4862 1.7734 60.1992 60.3895 59.5199 67.1116 63.6014 56.4701 60.1808 61.3378 58.4825 63.0578 56.3666 55.3263 62.7248 55.1758 59.9339 61.5417 62.1595 60.0916 58.3950 58.2479 61.9590 59.3483 60.5548 56.8240 67.1297 62.7131 56.4113 57.0246 56.8847 64.1353 2.5668 2.2947 1.7795 1.6311 2.5501 3.2399 4.3061 6.5188 1.4713 3.2969 2.9728 7.1079 6.2872 2.4176 1.3088 1.9540 2.6390 1.8213 3.3840 3.9143 2.3155 2.3231 2.6993 2.6838 3.2782 2.0357 2.4935 2.3865 3.0244 1.8919 10.0590 17.9966 15.9899 19.1848 14.5157 11.9515 25.7191 18.1668 11.6813 12.1295 22.8645 12.2252 20.0626 15.2200 15.1207 10.9344 13.6214 11.3460 18.2729 14.2750 16.7444 14.6381 16.0691 17.1875 10.5827 16.4677 8.4976 19.8124 12.1236 23.9537 30.1237 38.9569 32.1793 40.3146 31.3794 35.1805 34.8994 34.3686 35.3504 31.9642 31.7848 33.2321 35.5228 35.0967 34.4473 29.9743 33.6987 32.7948 35.2549 32.1813 31.0359 28.9464 37.7165 36.4744 32.1432 32.4001 32.0108 35.1886 35.1585 37.6346
1.8011 1.9840 1.7022 1.0658 2.8941 2.8660 3.2070 0.0000 3.4442 2.8236 2.6012 1.4874 1.5387 1.6374 2.7709 1.3549 2.2447 2.6102 1.8919 2.6116 3.7235 1.8016 5.8410 5.0586 1.4997 3.4078 6.2150 1.7492 3.1912 3.5614 62.8312 62.9003 62.2048 69.7784 66.2595 59.0273 62.7594 63.9420 61.0655 65.6836 58.9203 57.8046 65.4164 57.7322 62.4788 64.2005 64.7396 62.6849 60.9891 60.8329 64.5943 61.9416 63.1610 59.3724 69.7522 65.3561 58.9567 59.6333 59.4057 66.7155 2.4769 2.0185 3.4299 4.3440 4.4870 5.7548 6.7992 8.9058 2.8756 5.8867 5.7746 9.8615 8.9046 5.0558 2.7811 3.4412 2.0774 4.0656 6.2017 6.7093 1.6335 4.8581 4.7935 4.9262 5.7653 3.8217 1.8454 5.3384 5.7565 2.1591 12.1829 20.3626 18.0108 21.3509 16.4566 13.8177 27.5197 20.2846 13.8971 14.1110 25.1140 14.4872 22.4520 17.4353 17.5089 13.0538 15.8259 13.4785 20.6375 16.3964 18.8133 16.7977 18.2920 19.2526 12.7601 18.3520 10.6384 22.0440 14.4513 26.2548 32.4649 41.3759 34.4958 42.7896 33.4943 37.6445 37.2895 36.8611 37.7840 34.4647 34.0201 35.4117 37.6834 37.1003 36.6866 32.3138 36.1901 35.0255 37.5905 34.5334 33.4385 31.1608 39.9621 38.7475 34.5767 34.7849 34.3639 37.5582 37.5313 40.1076
2.6829 2.3637 3.5752 2.8320 3.3003 1.8692 1.9651 3.4442 0.0000 1.6586 1.9882 2.7361 3.0662 2.9058 2.3793 3.6124 3.2769 2.5713 2.3091 1.5346 2.2105 2.4802 4.0946 2.1552 4.0657 2.1412 4.0312 3.4967 2.2325 1.8536 59.9363 60.1107 59.1639 66.7677 63.3025 56.1090 59.8556 61.1172 58.1561 62.6452 56.2091 55.0418 62.3787 55.0722 59.7037 61.1881 61.7489 59.7916 58.0111 57.9557 61.5962 59.0098 60.3037 56.6129 66.7264 62.3050 56.2607 56.7046 56.5876 63.6667 3.7423 2.8072 2.1346 2.1729 1.9012 3.5121 5.1461 6.8017 1.4411 4.2628 3.4116 7.3741 6.6031 3.0412 2.3123 3.2070 3.1251 2.5327 4.1475 4.2253 3.0565 3.0654 3.7052 2.7459 3.1338 2.5776 3.1539 3.1815 2.9383 2.8779 9.2928 17.2695 15.4689 18.4723 13.7227 11.1491 24.9236 17.3625 11.1049 11.6609 21.9341 11.4017 19.4280 14.6321 14.5910 10.2962 13.1248 10.7271 17.5342 13.4558 16.0343 14.0926 15.2104 16.2883 9.6499 15.5153 8.2344 19.1175 11.3656 23.0410 29.7130 38.6277 31.5834 40.1338 31.0028 34.9600 34.6759 34.2586 34.9943 31.6839 31.4481 32.9406 35.0888 34.7008 34.2723 29.9017 33.5614 32.2259 34.8747 31.9832 31.0330 28.4833 37.4547 36.1060 31.9496 32.2626 31.7115 34.8643 34.6752 37.5445
2.0009 2.0437 3.0332 2.2878 2.8555 1.8148 1.8382 2.8236 1.6586 0.0000 1.7268 2.2038 2.6478 2.3297 1.8756 3.2646 3.1047 1.9847 1.8609 1.2304 1.5922 2.2675 4.2852 3.0899 3.3841 1.9333 4.2008 3.0848 2.3404 1.6419 60.3560 60.4584 59.7286 67.3022 63.7406 56.5740 60.2874 61.4527 58.6057 63.1917 56.5465 55.3855 62.9723 55.3855 60.0322 61.7058 62.2660 60.2022 58.5006 58.4024 62.1063 59.4973 60.6874 56.9118 67.2478 62.8413 56.5992 57.1989 56.9907 64.2406 3.0140 2.4782 1.6990 2.4167 2.2854 3.6748 5.1473 6.9772 1.6603 4.1546 3.8645 7.5617 6.6983 3.1714 1.7004 2.8557 2.7533 2.4306 4.4311 4.4873 2.4053 2.7777 3.4207 2.9110 3.3976 2.5334 2.5933 3.3618 3.4979 2.3510 9.8084 17.9039 15.7602 19.0017 14.0892 11.6609 25.4018 17.8680 11.5227 11.9165 22.7395 12.0569 20.0179 15.1292 15.0528 10.6620 13.4740 11.1196 18.1766 14.0315 16.4778 14.4742 15.8699 16.9266 10.3371 16.0702 8.5465 19.5481 12.0509 23.8194 30.1613 39.1149 32.0851 40.5569 31.3659 35.4085 35.0356 34.6146 35.4508 32.2098 31.9070 33.2341 35.4186 35.0326 34.5570 30.2378 33.8825 32.7263 35.2784 32.2746 31.2852 28.9428 37.7666 36.5127 32.4066 32.6352 32.1859 35.2492 35.2886 37.8744
2.1519 2.4905 3.1713 2.1528 3.3693 2.2311 2.0852 2.6012 1.9882 1.7268 0.0000 2.5639 2.7899 2.2361 2.4313 3.1870 3.4287 2.1237 1.8616 1.4907 2.4458 2.1964 4.8045 3.4807 3.3749 2.3777 4.8215 3.2169 2.7806 1.7755 60.5531 60.6398 59.9976 67.5367 63.9893 56.7789 60.5425 61.7125 58.8480 63.4997 56.7267 55.5362 63.1169 55.4618 60.2964 61.9224 62.5424 60.4698 58.7186 58.6602 62.3443 59.7409 60.9349 57.1747 67.4632 63.0672 56.6941 57.3696 57.1430 64.4723 3.2221 2.7982 2.5549 2.9757 2.8220 3.9016 5.4461 7.4501 2.1095 4.4258 4.2789 7.8328 7.0066 3.4084 2.0072 3.0016 2.9416 2.8986 4.5863 4.7185 2.6210 3.2095 3.9242 3.3487 4.0475 2.5153 2.8201 3.8578 3.8461 2.5454 9.8744 18.0483 15.7219 19.2059 14.4513 11.6286 25.8165 18.1425 11.5440 11.8094 22.9271 12.2984 20.1232 15.0473 15.1547 10.7173 13.6541 11.3325 18.2787 14.2065 16.5882 14.5237 16.0267 17.2473 10.5237 16.3738 8.4422 19.7753 12.1358 24.0474 30.1630 39.1145 32.1900 40.4933 31.4110 35.4073 34.9582 34.5969 35.5670 32.1819 31.8480 33.2889 35.4761 34.8913 34.5231 30.1576 33.9485 32.7736 35.3656 32.3509 31.3556 28.7795 37.7147 36.4821 32.3814 32.5622 32.0507 35.2694 35.1637 37.8338
1.3413 1.2115 1.8483 1.4867 2.1251 2.2381 2.5477 1.4874 2.7361 2.2038 2.5639 0.0000 1.2994 1.9830 1.7662 1.6779 1.7998 2.0038 1.8646 1.9816 2.9001 1.9137 4.9414 4.3046 1.8568 2.5544 5.3492 1.9653 2.7873 2.9637 62.0962 62.2141 61.3336 68.9727 65.4575 58.2674 61.9671 63.1455 60.2882 64.8350 58.2075 57.1777 64.6488 57.1198 61.6920 63.3960 63.8871 61.8687 60.2097 60.0088 63.7995 61.1262 62.3879 58.6223 68.9694 64.5712 58.3014 58.8763 58.6969 65.9135 2.2342 1.2998 2.5669 3.3930 3.5715 4.9900 5.9705 7.8811 1.9465 5.1690 4.8057 9.0717 8.1282 4.2943 2.1924 2.7621 1.4713 3.1895 5.3547 5.9250 1.3272 4.1787 3.8458 4.0260 4.7895 3.1921 1.1998 4.4320 4.9799 1.7312 11.5867 19.6543 17.6254 20.5950 15.6812 13.3110 26.6190 19.5039 13.4035 13.7900 24.3592 13.7120 21.8331 16.9787 16.8843 12.5134 15.1290 12.7266 20.0082 15.6590 18.1709 16.2294 17.6190 18.3987 12.0418 17.5557 10.1467 21.3473 13.8264 25.4730 31.8916 40.7192 33.8421 42.2221 32.8542 36.9797 36.7785 36.2809 37.0444 33.8568 33.4335 34.8134 37.0988 36.7181 36.1743 31.7726 35.5688 34.3947 36.9007 33.8875 32.8038 30.7249 39.5037 38.1722 33.9316 34.2357 33.8283 36.9460 37.0109 39.5779
1.9966 1.1399 1.6305 1.3891 2.4772 2.3122 2.7323 1.5387 3.0662 2.6478 2.7899 1.2994 0.0000 1.6685 2.2060 1.2999 1.4813 2.4125 1.8663 2.2152 3.4309 1.7300 5.4181 4.6445 1.9536 3.0031 5.8175 1.3941 3.0608 3.5087 62.6628 62.8103 61.9146 69.5355 66.0273 58.8743 62.5934 63.7452 60.9120 65.4360 58.8349 57.7567 65.1357 57.6767 62.3579 63.9390 64.4907 62.5013 60.7924 60.6513 64.3625 61.7519 62.9993 59.2427 69.5118 65.0985 58.8951 59.4529 59.3112 66.5028 2.4940 1.4635 3.1915 3.7969 4.1965 5.5466 6.5643 8.5252 2.3483 5.7023 5.2484 9.5994 8.7475 4.7843 2.5760 3.2732 1.5785 3.7201 5.7629 6.3952 1.3242 4.6234 4.4581 4.3622 5.4214 3.7695 1.5938 4.7149 5.1552 1.6066 12.0756 20.1136 18.1623 21.1635 16.2025 13.9232 27.1075 20.0327 13.8435 14.2190 24.7158 14.1850 22.0998 17.3769 17.3741 12.9640 15.7900 13.3513 20.3894 16.1889 18.7174 16.8154 17.9765 18.9723 12.4760 18.1162 10.7237 21.8321 14.1885 25.8270 32.4477 41.3058 34.3774 42.7736 33.5859 37.5436 37.3217 36.8445 37.6870 34.3757 34.0854 35.5342 37.7605 37.3244 36.8348 32.3867 36.1482 35.0012 37.5350 34.5504 33.4790 31.2015 40.0850 38.8074 34.5477 34.8328 34.3805 37.5299 37.4108 40.1053
2.0984 1.7655 1.6418 1.2444 2.9622 2.2318 2.9435 1.6374 2.9058 2.3297 2.2361 1.9830 1.6685 0.0000 2.7042 1.8230 2.1318 2.5378 1.4076 2.0609 3.3653 1.4282 5.4926 4.4461 2.5166 2.9529 5.6534 1.4591 2.5624 3.2755 62.3317 62.3848 61.7410 69.2884 65.7238 58.5965 62.3251 63.4712 60.6185 65.1983 58.5200 57.2957 64.9454 57.2826 62.0624 63.6789 64.3046 62.2247 60.4869 60.4480 64.1372 61.5095 62.6774 58.9161 69.2005 64.8249 58.5550 59.2049 58.9631 66.2267 2.8166 2.3323 3.3735 4.0987 4.1469 5.5741 6.8379 8.8204 2.6868 5.8377 5.6377 9.5005 8.6669 4.8898 2.5956 3.6481 2.4846 3.9105 6.0621 6.3693 1.7397 4.4761 4.8669 4.5070 5.4211 3.9528 2.4145 4.9766 5.1045 2.1267 11.5552 19.7792 17.4786 20.9001 15.8252 13.4406 27.0056 19.6986 13.3213 13.4554 24.4798 13.9127 21.7736 16.8446 16.8800 12.3318 15.4401 13.0214 19.9507 15.8762 18.3134 16.3307 17.6306 18.7897 12.1178 17.8146 10.3230 21.3697 13.8589 25.5764 31.9872 41.0321 34.0114 42.4057 33.2770 37.3043 36.8430 36.5202 37.4088 34.1012 33.7909 35.1555 37.3243 36.7473 36.4259 32.0833 35.8200 34.6194 37.2039 34.2353 33.2379 30.6349 39.5801 38.4021 34.2911 34.5191 33.9730 37.1401 37.0401 39.7098
1.8604 1.6026 2.8148 2.5811 1.9259 1.8430 1.8066 2.7709 2.3793 1.8756 2.4313 1.7662 2.2060 2.7042 0.0000 2.9629 2.6279 1.4018 2.5120 1.5504 1.7240 2.6451 3.8596 3.6674 3.0025 1.5645 4.3190 3.0153 3.1242 2.1644 60.9728 61.1037 60.1663 67.8041 64.2535 57.1208 60.7860 61.9006 59.1455 63.6879 57.1212 56.1222 63.4564 55.9784 60.4949 62.1959 62.6839 60.6965 59.0575 58.8665 62.6577 59.9433 61.2276 57.4370 67.7765 63.4243 57.1287 57.6997 57.5074 64.7686 2.6741 1.9615 1.8714 2.3163 2.6881 3.9284 4.9579 6.5231 1.5862 4.2142 3.7051 7.7448 6.9914 3.3368 1.8977 2.3024 1.7059 2.3165 4.0985 4.6842 1.9715 3.2859 2.6487 2.5523 3.6311 2.6235 1.6826 3.0339 3.7779 1.9705 10.6268 18.5630 16.7795 19.4254 14.5144 12.5056 25.4080 18.3437 12.4925 12.9964 23.2959 12.6235 20.6544 16.0168 15.7850 11.4451 14.0653 11.5913 18.9198 14.5593 17.1050 15.1699 16.5440 17.3284 11.0454 16.5054 9.2581 20.1489 12.8167 24.3835 30.9178 39.6199 32.7475 41.1520 31.8494 35.8096 35.7445 35.1852 35.8763 32.7873 32.4435 33.8196 36.0702 35.8734 35.2380 30.8132 34.4107 33.3475 35.7652 32.7659 31.6937 29.7255 38.5652 37.1296 32.8430 33.1816 32.8003 35.8035 35.9311 38.5237
2.2285 1.8849 1.4668 1.4651 2.8094 2.9235 3.5704 1.3549 3.6124 3.2646 3.1870 1.6779 1.2999 1.8230 2.9629 0.0000 1.5160 3.0161 2.2896 2.8105 4.1039 1.8249 5.9224 5.2203 1.9138 3.5963 6.3711 1.2067 3.2747 4.1088 63.3225 63.4520 62.5887 70.2158 66.7122 59.5165 63.2422 64.4350 61.5494 66.0908 59.4710 58.3766 65.8385 58.3339 62.9952 64.6130 65.1461 63.1428 61.4326 61.2757 65.0399 62.3962 63.6427 59.8911 70.1854 65.7786 59.5317 60.1156 59.9281 67.1268 2.8943 1.9812 3.8242 4.5893 4.7514 6.2740 7.1923 9.1935 3.0238 6.3945 6.0337 10.3502 9.4195 5.4520 3.2075 3.8180 1.8885 4.4005 6.5276 7.1430 1.9177 5.3224 5.1037 5.1530 6.0956 4.3198 2.0301 5.6156 5.9949 2.3540 12.5812 20.6883 18.6383 21.7264 16.7283 14.3328 27.6229 20.5878 14.4139 14.6869 25.2801 14.7439 22.7895 17.9066 17.9739 13.5024 16.3261 13.8685 21.0001 16.7128 19.2498 17.3526 18.5807 19.5057 13.0026 18.6076 11.2232 22.4148 14.7843 26.3955 32.9801 41.8803 34.9242 43.3442 34.0330 38.1431 37.8753 37.4441 38.2466 34.9727 34.5594 36.0239 38.2625 37.7496 37.3295 32.9105 36.7691 35.5246 38.0862 35.1141 34.0536 31.7155 40.5922 39.3155 35.0954 35.3860 34.8909 38.0975 38.0041 40.7002
2.5368 1.5727 1.4494 2.0894 2.2642 2.2816 3.5157 2.2447 3.2769 3.1047 3.4287 1.7998 1.4813 2.1318 2.6279 1.5160 0.0000 2.9929 2.3029 2.5988 3.7630 1.9083 5.1187 4.5090 2.8368 3.0227 5.6062 1.2237 2.6637 4.0485 62.9621 63.0842 62.0786 69.7252 66.2191 59.1004 62.8041 63.9957 61.1444 65.5690 59.1979 58.0921 65.3893 58.0984 62.6045 64.1235 64.6242 62.7155 60.9974 60.8927 64.5777 61.9355 63.2739 59.5366 69.6638 65.2844 59.2724 59.7030 59.5755 66.6318 3.4295 2.1358 3.6972 4.2348 4.4170 6.1458 7.2315 8.7731 2.7775 6.4391 5.7259 10.0476 9.2859 5.4255 3.3801 4.0809 1.8983 4.3007 6.3743 6.9077 2.2482 5.2963 4.9833 4.6183 5.6990 4.5084 2.3080 5.1838 5.4700 2.5286 12.1937 20.1978 18.4997 21.1763 16.0383 14.1050 26.7105 19.9286 14.1605 14.5660 24.5931 14.1811 22.2330 17.6759 17.5675 13.0821 16.0048 13.4199 20.4824 16.1639 18.8022 17.0456 17.9792 18.8007 12.4640 17.8833 11.1567 21.8353 14.3424 25.7011 32.7638 41.6221 34.5500 43.1977 33.8521 37.8930 37.7442 37.3234 37.9053 34.7718 34.4300 35.8775 38.0320 37.7322 37.3123 32.9160 36.5630 35.1915 37.7670 34.9121 33.9393 31.5211 40.5385 39.1317 34.9148 35.3032 34.7601 37.8197 37.7296 40.6092
1.4998 1.9960 2.7071 2.4090 2.1879 2.1653 1.9534 2.6102 2.5713 1.9847 2.1237 2.0038 2.4125 2.5378 1.4018 3.0161 2.9929 0.0000 2.3392 1.6809 1.8942 2.7712 4.0229 3.9286 2.9141 1.7373 4.3798 3.0336 3.2045 2.0731 60.9368 61.0075 60.2453 67.8328 64.2578 57.1629 60.8057 61.8698 59.1508 63.7701 56.9998 56.0057 63.5247 55.8616 60.4491 62.2022 62.7332 60.6841 59.0485 58.8654 62.7132 59.9692 61.1851 57.3641 67.8092 63.4739 57.0124 57.7105 57.4657 64.8545 2.6205 2.4013 2.1502 2.8274 2.8347 3.9777 5.0194 6.6315 2.0898 4.2519 4.0037 7.7322 6.9968 3.2797 1.9018 2.0961 2.0150 2.1882 4.2843 4.7183 2.0979 3.2298 2.8969 2.8628 3.8627 2.4969 1.9400 3.4820 4.1498 2.1908 10.4705 18.6259 16.5520 19.4436 14.4511 12.3283 25.5123 18.3556 12.3172 12.6751 23.4996 12.6874 20.7212 15.9250 15.6933 11.2663 13.9489 11.4888 18.9303 14.5468 16.9517 15.0243 16.6096 17.4107 11.1244 16.4904 8.9212 20.1201 12.8820 24.5954 30.7113 39.4654 32.7019 40.9769 31.6226 35.6180 35.5388 35.0406 35.7734 32.6373 32.2552 33.5934 35.8548 35.5667 35.0292 30.5654 34.2704 33.2154 35.5917 32.5949 31.5436 29.4570 38.3518 36.9754 32.6575 33.0389 32.5678 35.6255 35.8005 38.3292
2.0038 1.8074 2.0001 1.2794 2.9613 1.7491 2.6050 1.8919 2.3091 1.8609 1.8616 1.8646 1.8663 1.4076 2.5120 2.2896 2.3029 2.3392 0.0000 1.7581 2.9490 1.3620 5.0163 3.6869 2.8719 2.5031 5.1295 2.0070 1.9411 2.7598 61.6310 61.6731 61.0030 68.5462 65.0077 57.8613 61.6098 62.7881 59.9196 64.4762 57.8266 56.6093 64.2162 56.6208 61.3942 62.9574 63.5660 61.5258 59.7790 59.7527 63.3715 60.7940 62.0229 58.2763 68.4704 64.0798 57.8931 58.4713 58.2999 65.5042 3.1077 2.4297 3.0371 3.5527 3.5725 4.9462 6.4947 8.3268 2.2914 5.4438 5.0929 8.9661 8.1599 4.4478 2.4134 3.5639 2.6331 3.5394 5.6249 5.8264 2.0628 4.0952 4.6795 4.0731 4.8548 3.5042 2.5873 4.5467 4.5580 2.3033 10.8232 19.0564 16.8066 20.1744 15.1875 12.6702 26.3799 18.9839 12.5880 12.8326 23.7398 13.2071 21.0922 16.1522 16.1815 11.6855 14.7146 12.3388 19.2336 15.1343 17.5593 15.6292 16.8847 18.0057 11.4054 17.0538 9.6169 20.7248 13.1375 24.8786 31.2692 40.2943 33.3065 41.7423 32.5864 36.6237 36.1767 35.8660 36.7433 33.4106 33.0869 34.4799 36.6193 36.0815 35.7832 31.4349 35.1671 33.8725 36.5037 33.5670 32.6193 29.9467 38.9227 37.7116 33.6169 33.8480 33.3090 36.4517 36.3179 39.0706
1.9098 1.6339 2.6615 2.0809 2.4532 1.3614 1.7822 2.6116 1.5346 1.2304 1.4907 1.9816 2.2152 2.0609 1.5504 2.8105 2.5988 1.6809 1.7581 0.0000 1.7981 1.9468 4.1122 3.0692 3.2972 1.6644 4.1950 2.6814 2.3225 1.8705 60.7572 60.8855 60.0447 67.6384 64.0968 56.9512 60.6627 61.8188 58.9926 63.5504 56.9656 55.8318 63.2467 55.7956 60.4297 62.0288 62.5828 60.5778 58.8523 58.7740 62.4636 59.8528 61.0809 57.3376 67.5806 63.1792 56.9833 57.5373 57.3607 64.5786 3.0697 2.2383 1.9924 2.4610 2.4003 3.9474 5.3613 7.0723 1.3925 4.4496 3.9204 7.8428 7.0639 3.3320 1.7564 2.7982 2.2080 2.5082 4.4205 4.6956 2.2282 3.1476 3.4280 2.7753 3.6514 2.6374 2.3149 3.3973 3.4895 2.0756 10.0825 18.1469 16.2101 19.2196 14.2762 11.9917 25.4396 18.0827 11.8924 12.3219 22.8698 12.2413 20.1784 15.4119 15.3693 10.9349 13.8404 11.3671 18.4105 14.2369 16.7513 14.8167 16.0561 17.1160 10.5346 16.2524 8.8879 19.8050 12.2463 23.9522 30.5178 39.4052 32.3886 40.8910 31.7020 35.6666 35.3856 34.9675 35.7392 32.4973 32.2234 33.6420 35.8016 35.4391 34.9860 30.5975 34.2572 33.0417 35.5882 32.6413 31.6836 29.2189 38.2002 36.8598 32.6935 32.9701 32.4718 35.5819 35.4882 38.2486
2.5127 2.7594 3.7349 3.3453 2.7537 2.2272 2.0948 3.7235 2.2105 1.5922 2.4458 2.9001 3.4309 3.3653 1.7240 4.1039 3.7630 1.8942 2.9490 1.7981 0.0000 3.3964 3.3280 3.0821 4.1528 1.5982 3.2874 3.9808 3.0982 1.5354 59.6895 59.7681 58.9712 66.5575 62.9673 55.8549 59.5031 60.5983 57.8634 62.4428 55.8406 54.7793 62.2389 54.6913 59.1858 60.9499 61.4408 59.4151 57.7674 57.6275 61.3910 58.6872 59.9216 56.1297 66.4932 62.1581 55.8445 56.4284 56.2038 63.5284 3.5675 3.1654 1.5020 2.1530 1.8709 3.1138 4.5030 5.7448 2.1448 3.6837 3.2169 6.6328 5.9484 2.7073 2.2789 2.7287 3.0324 2.1277 3.6957 3.7060 3.1069 2.5953 2.5719 1.9385 2.5510 2.5299 2.9735 2.6485 3.1193 2.9811 9.2868 17.3112 15.3662 18.1560 13.1742 11.1967 24.3571 17.0331 11.0927 11.6403 22.1878 11.4141 19.3645 14.7147 14.4243 10.0485 12.7183 10.2539 17.6156 13.2976 15.7328 13.7870 15.2694 16.1201 9.8439 15.2564 7.9913 18.7689 11.5775 23.2432 29.5934 38.3654 31.4122 39.9108 30.5729 34.5832 34.4446 33.9270 34.5992 31.5342 31.2259 32.5065 34.6898 34.5407 33.9727 29.6134 33.1264 32.0166 34.4455 31.4621 30.4875 28.3724 37.2553 35.8393 31.6412 31.9674 31.5475 34.4814 34.6832 37.2648
2.2251 1.6323 1.9485 1.2743 2.9886 2.0144 2.8780 1.8016 2.4802 2.2675 2.1964 1.9137 1.7300 1.4282 2.6451 1.8249 1.9083 2.7712 1.3620 1.9468 3.3964 0.0000 5.3021 3.9658 2.7359 2.8934 5.5428 1.6168 2.2063 3.1959 62.0956 62.2191 61.4168 69.0002 65.4928 58.2812 62.0613 63.2906 60.3528 64.8916 58.3520 57.1241 64.6209 57.1455 61.8804 63.3884 63.9844 61.9900 60.2202 60.1722 63.8097 61.2376 62.4908 58.7609 68.9279 64.5072 58.3660 58.9213 58.7424 65.8668 3.2059 2.0852 3.2655 3.7761 3.8336 5.3900 6.7270 8.6998 2.2709 5.7919 5.3595 9.4480 8.5742 4.7969 2.6604 3.8264 2.3893 3.9050 5.9156 6.2466 2.1564 4.4947 4.8604 4.3693 5.2289 3.7344 2.4575 4.8343 4.8434 2.3134 11.2910 19.3703 17.3201 20.5713 15.6535 13.1130 26.7290 19.3965 13.0999 13.3794 23.9396 13.5075 21.4706 16.5504 16.6760 12.2062 15.2104 12.7923 19.6207 15.5072 18.0550 16.1166 17.2428 18.3852 11.6725 17.4827 10.1634 21.1402 13.4406 25.0616 31.7900 40.7863 33.6760 42.2048 33.0643 37.1111 36.6848 36.3428 37.1773 33.8645 33.5221 34.9827 37.1361 36.5849 36.2462 31.9281 35.6639 34.3400 37.0119 34.0751 33.0951 30.4573 39.3952 38.1584 34.0882 34.3103 33.7673 36.9564 36.7668 39.5774
4.8144 4.7367 5.2327 5.5090 3.6041 4.0061 4.7140 5.8410 4.0946 4.2852 4.8045 4.9414 5.4181 5.4926 3.8596 5.9224 5.1187 4.0229 5.0163 4.1122 3.3280 5.3021 0.0000 3.5888 6.4416 2.9456 1.6618 5.6597 4.2611 4.0316 59.2885 59.2987 58.2351 65.8774 62.2549 55.2158 58.8128 59.8569 57.2860 61.7000 55.5624 54.5433 61.5666 54.4966 58.5133 60.1410 60.4304 58.7401 57.0839 56.9964 60.7423 57.9254 59.4376 55.6189 65.6832 61.4819 55.4288 55.7597 55.5924 62.7473 6.2551 5.3597 4.2131 4.2689 3.4150 4.7491 6.1638 5.4587 4.3246 5.9520 4.7669 7.1239 7.1132 4.9075 5.1413 5.2780 4.8436 4.4665 5.1794 4.9581 5.5089 5.2106 4.4444 2.8386 3.8289 4.8442 5.0956 4.3296 4.3910 5.4732 8.9968 16.5293 15.5868 16.7460 11.4928 10.9607 21.8558 15.4633 11.2297 12.1680 20.8747 10.3893 18.4694 14.7727 14.0351 9.6596 12.1955 9.2636 16.9170 12.0077 14.6782 13.3332 14.1894 14.4782 9.1277 13.4175 8.5400 17.5693 11.1956 21.9650 29.3687 37.7699 30.6530 39.7741 29.9339 33.9738 34.4083 33.8804 33.8243 31.2545 30.8893 32.1535 34.0764 34.5634 34.0861 29.7549 32.8819 31.2484 33.6288 31.0445 30.3865 28.0696 37.3589 35.4415 31.3026 31.9654 31.3238 33.8776 34.1346 37.3710
4.2930 3.9326 4.8672 4.4827 4.3333 2.7717 3.4929 5.0586 2.1552 3.0899 3.4807 4.3046 4.6445 4.4461 3.6674 5.2203 4.5090 3.9286 3.6869 3.0692 3.0821 3.9658 3.5888 0.0000 5.7934 2.9081 3.3572 4.8861 2.7721 2.9243 58.8803 58.9772 57.9419 65.5198 62.0694 54.9191 58.6781 59.9942 57.0173 61.3800 55.2405 53.9877 61.2000 54.1038 58.6163 59.9608 60.4934 58.6533 56.8511 56.9157 60.3854 57.7958 59.2576 55.5739 65.4007 61.0560 55.2905 55.5243 55.5031 62.3975 5.4259 4.4969 3.4782 2.9915 2.5306 3.7832 5.8956 6.5731 3.0952 5.0716 3.8590 6.9703 6.5517 3.9780 4.0222 4.7563 4.6669 3.6943 4.6490 4.2939 4.6904 4.0145 4.6911 3.0343 3.1238 3.9188 4.7987 3.5401 2.7157 4.4949 8.1440 16.0398 14.5814 17.1698 12.3673 10.1398 23.3911 15.9280 10.1907 10.8917 20.4877 10.2334 18.1688 13.6509 13.4113 9.1184 12.1546 9.6354 16.1960 12.1632 14.7838 13.0189 13.8392 14.7662 8.4759 13.9655 7.7494 17.8180 10.2725 21.6346 28.7231 37.6483 30.4701 39.3089 30.1334 34.0334 33.8070 33.5021 33.9628 30.7979 30.6206 32.0910 34.0896 33.9090 33.5979 29.3150 32.6992 31.0776 33.8124 31.1364 30.3491 27.4942 36.6786 35.1752 31.1056 31.4892 30.8538 33.8658 33.6265 36.7970
2.1264 2.3958 2.5584 1.9936 3.3504 3.6176 3.3229 1.4997 4.0657 3.3841 3.3749 1.8568 1.9536 2.5166 3.0025 1.9138 2.8368 2.9141 2.8719 3.2972 4.1528 2.7359 6.4416 5.7934 0.0000 3.9929 6.9031 2.5027 4.1984 4.0019 63.0460 63.1720 62.4255 70.0425 66.5318 59.3154 63.0146 64.1801 61.2978 65.9389 59.0585 58.0737 65.7121 57.9292 62.6740 64.4786 65.0309 62.8962 61.2697 60.9964 64.8714 62.1813 63.3443 59.5387 70.0914 65.6722 59.1504 59.9136 59.6641 67.0240 1.7114 1.9588 3.6028 4.4785 4.8879 5.9137 6.4726 8.8575 3.2049 5.6486 5.7693 9.9539 8.8902 5.0377 2.8323 3.0432 2.2520 4.0253 6.1195 6.8590 1.5997 4.8924 4.5395 5.2989 6.0185 3.8245 1.6486 5.4067 6.1748 2.1518 12.7790 20.9017 18.5240 21.9159 17.0938 14.3897 28.1378 20.8980 14.4335 14.6451 25.7665 15.0467 23.1044 17.9967 18.0146 13.6938 16.2287 13.9713 21.2470 16.9957 19.3995 17.3080 18.9821 19.8396 13.3710 19.0191 10.9807 22.6490 15.0541 26.8815 32.8100 41.6634 34.9608 43.0024 33.7519 37.8774 37.5797 37.0468 38.0515 34.7296 34.2586 35.6354 38.0651 37.4534 36.8508 32.4204 36.3940 35.4620 37.9168 34.7486 33.4949 31.6609 40.2283 39.0625 34.7483 34.9782 34.6498 37.8863 38.0277 40.2837
2.4398 2.3194 3.0935 3.0463 2.1841 1.6838 2.3409 3.4078 2.1412 1.9333 2.3777 2.5544 3.0031 2.9529 1.5645 3.5963 3.0227 1.7373 2.5031 1.6644 1.5982 2.8934 2.9456 2.9081 3.9929 0.0000 3.2875 3.4094 2.5536 2.0773 60.3581 60.4122 59.5615 67.1679 63.5607 56.5015 60.1718 61.2598 58.5553 63.0699 56.5665 55.4932 62.8732 55.4143 59.8909 61.5151 62.0275 60.0745 58.3985 58.3116 62.0396 59.3245 60.6410 56.8641 67.0649 62.7594 56.5558 57.0861 56.8922 64.1231 3.6908 2.9691 2.4094 2.5398 2.3284 3.8822 5.2992 6.3435 2.0563 4.5655 3.8840 7.3895 6.8737 3.5334 2.5323 3.1600 2.6609 2.6699 4.2922 4.4240 2.9226 3.4035 3.2649 2.1903 3.3563 3.0732 2.8304 3.1321 3.4220 2.8770 9.7435 17.7856 16.0592 18.6085 13.5050 11.7634 24.4409 17.3906 11.7405 12.2269 22.4543 11.7981 19.8587 15.3392 14.9710 10.4779 13.3586 10.7484 18.0888 13.6577 16.2174 14.4110 15.6407 16.4413 10.1679 15.4754 8.6807 19.2180 12.0904 23.5497 30.2356 38.9900 32.0357 40.5948 31.2409 35.2267 35.1365 34.7011 35.2430 32.2503 31.9035 33.2506 35.3725 35.2606 34.7709 30.3893 33.8805 32.6243 35.0624 32.2028 31.2958 28.9563 38.0173 36.5157 32.3109 32.7449 32.1865 35.1053 35.2591 38.0289
5.0943 5.0876 5.6778 5.7576 4.2962 4.2284 4.8583 6.2150 4.0312 4.2008 4.8215 5.3492 5.8175 5.6534 4.3190 6.3711 5.6062 4.3798 5.1295 4.1950 3.2874 5.5428 1.6618 3.3572 6.9031 3.2875 0.0000 6.0166 4.2686 3.9818 58.4380 58.4618 57.5014 65.1056 61.4665 54.4520 58.0545 59.0803 56.4897 60.9389 54.7544 53.6373 60.7994 53.7142 57.7664 59.4055 59.7297 57.9676 56.2667 56.2464 59.9482 57.2154 58.5985 54.8210 64.9184 60.6672 54.6710 55.0162 54.8230 61.9949 6.5729 5.7653 4.2438 4.3696 3.2743 4.4715 6.1377 5.4355 4.5220 5.7976 4.7072 6.5976 6.5726 4.7843 5.2121 5.5498 5.4295 4.5256 5.1627 4.6335 5.8754 4.8848 4.7725 2.9247 3.4507 4.9790 5.5874 4.3752 4.0865 5.7949 8.0054 15.6704 14.5600 16.0316 10.6725 10.1041 21.4913 14.6940 10.1825 11.1482 20.1523 9.5569 17.5768 13.7830 13.1113 8.6831 11.3894 8.4985 15.9811 11.2490 13.8177 12.4478 13.3221 13.8144 8.2156 12.7292 7.7789 16.6798 10.2745 21.1885 28.4739 37.0402 29.7945 38.9990 29.2425 33.2846 33.5484 33.0939 33.1203 30.4780 30.1842 31.3860 33.2532 33.6695 33.2738 29.0040 32.0986 30.4431 32.9042 30.2977 29.7273 27.1515 36.4728 34.6609 30.6422 31.2230 30.5407 33.1191 33.2997 36.5265
2.4889 1.8084 1.0265 1.5632 2.7127 2.5509 3.6257 1.7492 3.4967 3.0848 3.2169 1.9653 1.3941 1.4591 3.0153 1.2067 1.2237 3.0336 2.0070 2.6814 3.9808 1.6168 5.6597 4.8861 2.5027 3.4094 6.0166 0.0000 2.7851 4.1172 63.2396 63.3257 62.5095 70.1008 66.5737 59.4400 63.1569 64.3279 61.4692 65.9767 59.4452 58.2702 65.7549 58.2806 62.9256 64.4894 65.0489 63.0635 61.3319 61.2604 64.9447 62.3209 63.5691 59.8063 70.0249 65.6422 59.5002 60.0469 59.8625 67.0166 3.2548 2.3100 3.8911 4.6325 4.7409 6.3737 7.5088 9.3031 3.0895 6.6154 6.1635 10.3403 9.5162 5.6186 3.3631 4.1900 2.2552 4.5251 6.7223 7.1798 2.1000 5.3649 5.3388 5.0206 6.0689 4.6076 2.4372 5.5775 5.8048 2.4659 12.3773 20.5246 18.5060 21.5600 16.3979 14.2670 27.2896 20.3146 14.2497 14.5069 25.0298 14.5556 22.5010 17.7663 17.7747 13.2252 16.2592 13.7456 20.7421 16.5339 19.0579 17.2264 18.2986 19.2926 12.7980 18.3193 11.2512 22.1246 14.6014 26.1360 32.9241 41.8963 34.8157 43.3835 34.1036 38.1636 37.8604 37.4965 38.2326 34.9925 34.6627 36.0663 38.2184 37.7591 37.4208 33.0554 36.7670 35.4495 38.0392 35.1433 34.1675 31.6105 40.6059 39.3314 35.1809 35.4775 34.9296 38.0478 37.9146 40.7321
2.9141 2.6435 2.7171 2.6087 3.1218 1.9470 3.4862 3.1912 2.2325 2.3404 2.7806 2.7873 3.0608 2.5624 3.1242 3.2747 2.6637 3.2045 1.9411 2.3225 3.0982 2.2063 4.2611 2.7721 4.1984 2.5536 4.2686 2.7851 0.0000 3.1728 61.1375 61.1469 60.3513 67.9147 64.3895 57.2442 60.9958 62.2446 59.3169 63.7539 57.4311 56.1463 63.6363 56.2957 60.8365 62.3258 62.8515 60.9315 59.1530 59.1873 62.7433 60.1409 61.4949 57.7747 67.7719 63.4194 57.5060 57.8835 57.7510 64.7735 4.3690 3.3608 3.3914 3.8638 3.3946 5.2203 6.9818 8.2040 2.7810 6.0388 5.2727 8.9344 8.2715 4.8889 3.5058 4.5190 3.4412 4.0848 6.0729 5.9711 3.3561 4.6738 5.1567 4.1061 4.6598 4.1933 3.5910 4.8462 4.5207 3.4990 10.1684 18.3137 16.3667 19.3301 14.1970 12.0204 25.2212 18.0052 12.1192 12.5120 22.7604 12.4007 20.3824 15.7078 15.5820 11.0477 14.1532 11.6319 18.4664 14.2737 16.7972 15.0425 16.0133 16.9316 10.5723 15.9333 9.4493 19.8846 12.4894 23.8922 30.8171 39.8413 32.6249 41.4569 32.0827 36.2446 35.8818 35.6263 36.1677 33.0331 32.6872 34.0485 36.0703 35.7388 35.5371 31.3054 34.8520 33.2112 35.9421 33.1863 32.3935 29.5052 38.6344 37.2613 33.2713 33.6230 32.9648 35.9765 35.8611 38.8847
2.4578 2.8928 3.9737 3.2081 3.4425 2.4372 1.7734 3.5614 1.8536 1.6419 1.7755 2.9637 3.5087 3.2755 2.1644 4.1088 4.0485 2.0731 2.7598 1.8705 1.5354 3.1959 4.0316 2.9243 4.0019 2.0773 3.9818 4.1172 3.1728 0.0000 59.4472 59.5473 58.8136 66.3775 62.8389 55.6432 59.3496 60.5145 57.6518 62.2885 55.5913 54.4855 62.0347 54.3881 59.0679 60.7905 61.3487 59.2720 57.5817 57.4613 61.2100 58.5230 59.7451 55.9811 66.3373 61.9866 55.5885 56.2298 55.9988 63.3292 3.4285 3.1432 1.7201 2.0807 1.8693 2.5683 4.2539 6.0649 1.9842 3.3310 3.1830 6.5606 5.6962 2.4031 1.9955 2.5726 3.3292 1.9632 3.3972 3.4925 3.0635 2.1751 2.8904 2.3127 2.6357 1.8632 3.0889 2.7540 3.0189 2.9617 8.9983 17.1103 14.9180 18.1373 13.4475 10.8012 24.7915 17.1225 10.7576 11.1804 22.0932 11.3503 19.3266 14.2782 14.1888 9.8871 12.5548 10.2404 17.4073 13.2408 15.6216 13.5189 15.2149 16.2128 9.7218 15.3958 7.5265 18.8016 11.3565 23.1893 29.2297 38.0918 31.2256 39.5289 30.3478 34.3350 34.0461 33.5857 34.4387 31.1924 30.8641 32.2193 34.4534 34.0634 33.5417 29.1779 32.8454 31.7730 34.2792 31.2460 30.2059 28.0087 36.8082 35.4965 31.3360 31.5603 31.1331 34.2575 34.3277 36.8577
61.5424 61.8957 63.1079 62.3165 62.0107 61.0150 60.1992 62.8312 59.9363 60.3560 60.5531 62.0962 62.6628 62.3317 60.9728 63.3225 62.9621 60.9368 61.6310 60.7572 59.6895 62.0956 59.2885 58.8803 63.0460 60.3581 58.4380 63.2396 61.1375 59.4472 0.0000 8.1153 10.4480 11.7500 8.8926 8.8418 8.7581 10.4878 7.4665 12.0492 8.4511 8.8738 12.9869 11.3808 10.5135 9.4346 13.4794 7.7216 6.6542 9.6404 9.0595 10.3377 6.5855 10.3629 13.3287 9.6508 9.3275 9.5801 9.2555 12.1248 61.9568 62.0429 59.9711 59.1525 58.7711 57.3472 57.2447 55.6707 60.5963 57.7042 57.9300 53.5427 54.4167 58.2654 60.5327 60.4522 62.2893 59.3663 57.5863 56.5516 62.2105 58.4145 59.3625 58.8884 57.5101 59.4343 62.1633 58.4976 57.9491 61.8795 51.3348 43.8521 45.8829 44.0467 49.4811 49.9599 46.5209 45.4593 49.5076 49.9163 42.4854 49.7568 43.7459 46.5148 45.9349 50.8405 47.5794 50.3867 43.8450 48.1615 45.7477 46.7506 46.9749 46.7252 51.3025 48.0675 52.5365 43.2059 49.6423 41.4841 31.5575 23.9971 30.7648 22.3373 32.7604 27.8885 27.3806 27.5901 27.3152 30.0960 31.4438 30.0874 28.1928 30.1743 28.9362 32.9106 27.8944 30.2811 27.9845 30.2037 31.8197 34.1007 25.8646 26.3288 30.3434 30.1477 30.4227 27.3640 29.4845 25.0019
61.6403 62.0623 63.1214 62.4110 62.1047 61.0776 60.3895 62.9003 60.1107 60.4584 60.6398 62.2141 62.8103 62.3848 61.1037 63.4520 63.0842 61.0075 61.6731 60.8855 59.7681 62.2191 59.2987 58.9772 63.1720 60.4122 58.4618 63.3257 61.1469 59.5473 8.1153 0.0000 14.6047 14.5093 9.6422 11.3702 11.0896 11.0524 10.6313 14.9272 9.7141 7.9971 17.7236 10.2250 10.8848 11.7260 16.0206 10.2266 10.4438 14.3134 13.0605 12.0597 10.0527 11.9128 13.7154 12.7908 10.3126 12.1033 10.4838 15.2270 62.0913 62.2625 60.1709 59.3688 58.9414 57.5488 57.6170 55.9312 60.8195 57.9781 58.2696 53.7381 54.7078 58.5071 60.6913 60.6383 62.4686 59.5716 57.9201 56.7582 62.3095 58.5997 59.5714 59.0603 57.6908 59.6497 62.3255 58.7116 58.1417 62.0419 51.3635 44.3206 45.7004 44.1891 49.3194 49.9718 46.2213 45.4037 49.5852 49.6613 43.1555 50.0852 44.1404 46.7013 45.8673 50.6542 47.5979 50.4076 44.0573 48.2692 45.6630 46.6556 47.1640 46.8468 51.5652 47.9165 52.5713 43.1238 50.0260 42.3214 31.6934 24.7320 31.4731 23.2419 32.8600 28.6592 27.3934 28.3278 27.8910 31.1648 32.1111 30.0472 27.7963 29.8756 29.4304 33.5697 28.3453 30.4085 27.8877 30.4024 32.3155 33.8936 26.0207 26.5882 30.8661 30.7478 30.8868 27.1701 30.3600 25.6360
60.8832 61.1097 62.3864 61.6940 61.1208 60.2115 59.5199 62.2048 59.1639 59.7286 59.9976 61.3336 61.9146 61.7410 60.1663 62.5887 62.0786 60.2453 61.0030 60.0447 58.9712 61.4168 58.2351 57.9419 62.4255 59.5615 57.5014 62.5095 60.3513 58.8136 10.4480 14.6047 0.0000 9.1776 9.2673 8.6101 7.9723 12.4964 8.3882 6.6719 13.8745 15.7448 10.0392 17.6996 12.4177 7.9190 8.4183 8.2947 7.3847 8.9608 7.0989 7.0943 10.8908 13.6301 11.7705 8.1076 15.0563 8.3813 12.3065 8.4568 61.3633 61.2724 59.2334 58.3407 57.9905 56.6773 56.5838 54.6168 59.8010 57.1225 57.0377 52.8958 53.8487 57.5985 59.9427 59.7830 61.4595 58.6405 56.8024 55.8717 61.5413 57.9009 58.5647 58.0409 56.6947 58.7916 61.4184 57.6691 57.1390 61.1846 50.7936 42.9940 46.2167 42.8004 48.4149 49.4541 43.7981 44.2514 49.2972 50.1279 40.7116 48.7867 42.8704 46.4258 45.5350 50.4202 47.0659 49.6010 43.0877 47.1756 45.1142 46.3997 45.9899 45.0133 50.4806 46.6208 52.2316 42.5094 48.9030 39.7139 32.3282 24.3192 30.5369 24.6553 32.7874 27.8923 29.4569 29.0926 26.6701 30.2471 31.6691 31.0040 29.2018 32.6456 31.0441 34.1496 29.0143 29.9768 27.9529 30.8500 32.5067 35.0937 28.9960 27.4660 30.4324 31.1724 31.3693 28.2153 29.7216 27.7099
68.4873 68.7440 69.9662 69.2706 68.7707 67.7790 67.1116 69.7784 66.7677 67.3022 67.5367 68.9727 69.5355 69.2884 67.8041 70.2158 69.7252 67.8328 68.5462 67.6384 66.5575 69.0002 65.8774 65.5198 70.0425 67.1679 65.1056 70.1008 67.9147 66.3775 11.7500 14.5093 9.1776 0.0000 7.6311 13.0191 10.0001 13.4705 11.4594 7.4703 16.8333 17.8013 10.5569 19.7048 14.2769 9.6055 11.0188 11.1229 11.1952 14.0198 8.3047 10.4640 12.4212 16.6933 6.8503 8.2198 17.6285 12.2660 15.2399 8.1201 68.9623 68.9353 66.8571 65.9870 65.6465 64.2883 64.2845 62.3513 67.4533 64.7462 64.7202 60.4680 61.4478 65.2248 67.5401 67.4175 69.1107 66.2750 64.4604 63.4710 69.1346 65.4736 66.2454 65.6726 64.3313 66.4305 69.0687 65.2910 64.7181 68.7761 58.2186 50.5245 53.2846 50.2960 55.8588 56.8638 51.1770 51.7189 56.6336 57.2744 48.2664 56.4361 50.0586 53.6379 52.8256 57.7140 54.5734 57.1648 50.3611 54.7434 52.4603 53.7129 53.4197 52.6444 58.0885 54.1146 59.6723 49.8055 56.4145 47.2925 39.1232 31.0857 37.6718 30.7587 39.9325 34.8615 35.6086 35.7387 33.9847 37.2255 38.7643 37.8084 35.6626 38.4584 37.5260 41.1042 35.7407 36.8986 34.8230 37.8282 39.5803 41.5019 34.8127 34.0827 37.5488 37.8984 38.1197 34.8357 35.9699 33.7220
