0.0000 13.7113 9.4868 12.8062 12.8062 14.7648 9.6954 13.9284 9.6954 18.2209 16.3095 13.1149 11.8322 12.5698 12.1655 16.3707 9.6954 12.7279 13.0384 10.7703 19.2873 11.9164 9.6954 13.6382 13.3417 13.5647 13.8564 17.7200 10.0995 10.5830 34.8281 39.3700 34.8425 36.7151 34.4674 36.0000 34.3948 33.7046 37.4032 38.6652 38.5227 34.0881 34.9857 36.0971 36.3731 32.8177 36.9459 35.3695 34.7275 36.4417 35.3977 37.0675 32.2490 36.5650 36.5650 37.4967 33.7046 35.6511 35.2278 34.5832 18.8680 17.2627 11.5758 14.5602 16.7929 17.4356 16.0000 15.3623 17.0294 16.7929 15.4919 22.2711 21.8632 18.0000 20.3715 14.2829 18.7350 13.5647 19.5448 12.4097 13.5277 11.3137 14.7648 17.1756 19.2873 17.1464 17.6635 17.9444 11.6619 13.1909 21.5407 18.2483 23.9165 25.6710 20.3224 22.6274 19.6723 22.0681 23.0651 25.2587 20.6155 22.7816 23.2809 21.9773 26.8142 20.8806 21.0238 21.0476 23.3666 21.5407 27.2764 18.1108 23.2164 23.9792 19.3391 24.0000 19.0788 22.5832 20.9284 23.7697 34.2345 38.9358 32.8634 35.9166 36.8782 36.1248 33.1059 37.7359 33.4813 37.3898 36.5240 36.9459 35.9305 40.4475 34.9571 35.1994 32.0468 37.2022 35.1852 32.0936 33.3766 33.8526 35.2704 35.3977 33.7046 32.8786 37.9473 34.9714 37.2290 32.9090
13.7113 0.0000 10.7703 5.6569 13.1149 8.3666 14.0712 16.9115 13.4164 14.4222 14.8997 11.2250 12.7279 11.6619 12.0830 15.2315 13.7113 12.5698 14.6287 10.4881 14.3527 11.3137 17.8885 12.8062 9.2736 15.9374 15.3623 10.0000 13.1149 13.2665 30.3480 35.9722 31.0483 32.9848 31.5595 33.2566 33.6303 32.4654 34.5109 34.9428 34.3220 30.2324 32.7719 34.1028 32.5423 31.1609 33.3916 32.4808 33.5559 32.8024 32.6343 34.8425 29.1890 33.0000 34.4238 35.0143 31.3369 33.2114 32.0156 31.7490 13.1149 13.2665 15.9374 12.3288 14.7648 14.4222 16.3707 16.1245 11.7473 14.7648 14.9666 15.1658 16.6733 14.4222 12.6886 17.1464 13.6748 12.3288 19.5959 12.1655 12.6095 15.0333 13.5647 9.4340 14.7648 18.8149 13.1909 18.1108 13.4907 10.2956 19.7990 17.8045 22.2711 24.1039 16.7631 22.6716 20.9523 21.8861 20.6882 22.7156 19.1572 15.8430 20.3961 18.0831 23.4307 18.1659 16.0624 21.7945 20.2485 17.8885 22.8910 19.0788 19.7231 21.0950 18.4932 23.0651 19.3391 15.9374 17.4356 20.3224 30.2324 34.9571 28.8444 34.2345 33.7935 33.7491 30.6594 34.1467 30.7083 33.3766 32.2800 34.7419 32.3883 38.0000 31.3688 33.3617 29.7489 34.8999 32.4037 28.3901 30.2985 31.4325 32.8938 32.2645 31.0161 30.2159 33.6155 32.9090 37.7889 30.5450
9.4868 10.7703 0.0000 10.5830 11.5758 11.5758 9.3808 16.3095 11.7473 17.5499 17.1464 10.5830 9.5917 14.0712 11.6619 13.8564 13.1909 11.5758 12.2474 8.8318 14.2127 10.0995 15.7480 11.3137 10.9545 14.4914 16.1864 14.3527 9.7980 14.8324 33.1512 38.4968 33.7935 36.1939 33.8231 35.6371 34.8569 34.1467 37.4299 36.8375 37.8946 33.3766 34.7275 36.2353 35.8190 33.0000 36.1801 34.5688 34.5832 35.8050 35.5387 36.9865 32.0312 36.1801 36.1801 37.2022 34.4674 35.2562 33.9853 34.7275 14.2127 15.5563 14.8997 15.8745 18.6011 16.1245 16.8523 15.8745 16.0624 16.0000 17.0294 17.9444 18.7617 18.6011 16.2173 15.0997 15.2643 15.3623 16.6132 14.2127 12.4499 15.4272 11.5758 14.5258 17.8885 16.6733 13.3417 17.4356 11.9164 12.0000 21.4009 19.3132 24.0000 27.6225 19.6214 23.9583 23.3880 24.1868 23.3666 26.0768 20.4206 21.0950 22.6716 20.8087 26.4764 20.3961 19.0788 24.2281 24.1661 22.0907 26.6833 20.8806 23.0868 24.8797 19.9499 26.0384 19.0263 21.2132 20.3961 23.9374 32.5883 37.3363 32.5269 35.6371 36.8511 35.2562 33.4365 36.0278 33.3017 36.6060 35.5246 37.4566 35.5949 40.5956 34.8425 36.0139 31.1929 37.1214 34.6121 31.8434 33.2566 34.0294 34.4384 34.5109 33.2866 33.2415 37.2290 34.3657 37.4967 32.5730
12.8062 5.6569 10.5830 0.0000 11.4018 11.3137 14.4914 17.4929 14.6969 16.3095 17.5499 12.4097 12.0830 13.5647 11.2250 15.8745 14.6969 14.8324 17.0294 12.4900 16.3095 10.7703 15.8745 13.1909 11.5758 15.2315 16.0624 12.0000 13.6382 13.4907 30.3480 35.9722 31.1127 32.5883 31.8748 33.4664 33.9264 32.0624 34.8855 35.0000 34.8138 30.2324 33.4664 34.5398 33.4515 31.2570 33.9264 31.9531 34.1467 32.4037 32.9393 35.0428 29.4279 33.5112 34.4819 35.9444 32.3419 33.6006 33.0303 32.0312 15.7480 13.6382 14.4914 14.4222 16.7332 15.4919 16.4924 17.8326 14.6287 16.7332 14.5602 15.2315 18.4932 15.1658 14.0357 17.2627 13.0767 13.5647 18.1108 11.8322 12.6886 15.2971 14.2829 13.8924 16.0624 18.6548 10.8628 19.9499 14.8997 10.2956 21.3542 17.9722 24.2899 26.4386 17.6918 22.8035 22.7376 23.6432 20.8806 21.6795 20.4695 17.6918 21.4009 19.3649 25.5147 18.0000 17.4356 24.3516 21.9545 20.0499 23.6643 19.3391 21.3307 21.9317 20.1990 23.4094 19.3391 19.2873 19.4936 21.4709 30.4631 35.3836 28.7750 33.9116 34.3511 33.2716 30.9192 33.8526 30.7083 33.8526 32.5883 34.7707 33.3617 38.3145 31.3050 33.9264 29.8161 35.2420 33.0757 28.6705 30.6268 31.7175 32.9848 32.2955 31.0161 30.7734 34.6699 32.9393 37.8153 31.3528
12.8062 13.1149 11.5758 11.4018 0.0000 13.4164 16.6733 13.2665 15.7480 19.1311 16.7332 14.8997 9.5917 12.4900 14.2127 20.3961 13.1909 16.8523 18.2209 13.5647 19.6977 9.5917 15.4272 10.7703 13.1909 16.1864 12.6491 15.6844 12.6491 17.8885 33.5410 37.4433 33.2866 34.9571 32.6803 34.6410 33.6601 32.2800 37.6431 36.6470 36.9053 32.1870 34.1174 36.0971 35.3977 31.5436 35.7911 34.6843 34.2637 34.6699 34.2783 36.8239 30.9192 36.7287 35.4542 36.4143 35.3553 34.7994 33.5410 32.5269 16.0624 13.9284 14.5602 16.9706 16.9706 15.4919 16.0624 15.4272 16.8523 17.7764 16.0624 15.2971 16.3707 15.3623 14.4568 14.4222 8.6603 15.3623 20.8327 13.1909 11.6190 14.0000 13.3417 17.4069 18.9209 15.1658 12.7279 20.6398 16.0624 13.5647 19.3391 17.1756 22.0000 25.1595 17.0000 18.0555 21.7486 21.3776 17.3205 18.1659 19.6214 19.6723 18.6011 18.5742 23.0868 16.2481 18.2209 26.1343 21.1660 18.4391 23.0217 18.1659 20.7605 19.8746 16.9115 20.1990 18.2209 22.0454 17.2047 20.4206 32.3110 37.1214 31.3369 34.8999 36.5787 35.0856 33.0454 35.6651 32.3265 36.4143 34.5254 36.0416 35.2846 40.2989 32.5883 35.5387 30.5450 36.0832 33.8526 30.5614 33.6452 33.7639 33.0151 34.9142 32.5269 32.4808 38.0263 34.3948 37.6298 32.6037
14.7648 8.3666 11.5758 11.3137 13.4164 0.0000 14.8324 12.8062 12.0000 12.8062 10.9545 11.9164 9.5917 10.0000 10.4881 15.4919 11.3137 13.7113 12.7279 9.2736 13.4164 14.4222 19.0263 12.7279 9.1652 16.1245 13.0384 8.7178 12.1655 15.5563 32.8177 38.4187 32.8329 35.4683 33.4066 35.3553 34.4238 34.1760 37.1080 36.4280 36.0832 32.8329 33.5559 35.7631 34.3657 32.3883 35.0286 35.5949 34.2929 36.0278 34.5688 36.5240 31.0805 34.7707 36.3731 35.8050 33.3467 34.5398 32.8481 32.9242 12.0830 14.8997 17.5499 13.5647 14.2127 13.4164 15.6205 14.2127 12.3288 14.0712 16.2481 17.4929 16.7332 15.0997 13.7477 16.5529 14.4568 12.9615 21.5870 13.2665 15.7797 14.4914 14.4914 7.8102 15.6844 19.5959 16.2481 17.0880 15.0333 11.2250 18.7617 19.3649 21.5407 23.1733 17.9722 22.9347 20.9045 20.5183 20.3470 24.2487 19.7231 17.0000 20.8806 18.2483 21.8403 20.3961 17.7764 22.4722 20.3961 16.9115 24.1247 21.3073 21.0950 22.4722 18.0555 23.5797 20.5913 15.9374 16.5529 21.2838 32.0624 36.6060 31.0161 35.5528 35.5528 35.4824 31.8434 36.4143 32.5423 35.3553 34.4964 36.5377 33.7787 39.7240 33.5559 35.0856 31.8904 36.4966 33.2265 30.8545 32.8938 32.8938 34.9571 34.0147 32.3728 31.9218 34.7275 34.2783 38.4187 31.9218
9.6954 14.0712 9.3808 14.4914 16.6733 14.8324 0.0000 17.5499 11.9164 19.3391 19.6469 11.3137 14.6287 15.2315 12.0830 15.8745 13.5647 10.9545 10.1980 12.2474 16.8523 13.8564 14.6287 16.4924 13.7840 14.8324 17.4356 17.8326 12.4097 13.0384 31.6702 37.2290 32.6803 35.3270 32.7719 34.9857 33.1512 32.8938 35.0286 36.0694 36.6060 32.3110 33.1059 33.9264 34.3366 32.1403 34.1906 34.0441 32.8329 34.0588 34.2491 35.4401 30.8869 34.9428 34.0441 35.8608 31.6228 33.1512 33.4515 32.9545 16.7929 16.2481 14.3527 14.2829 17.2627 16.9706 16.0000 15.7480 16.8523 16.1864 17.7200 19.3391 22.2261 19.7990 20.1742 16.4317 20.5670 15.1658 18.4932 14.9666 14.7309 15.2315 13.4907 16.5831 17.0294 17.6635 17.6068 17.0880 11.5758 13.0384 21.6333 20.5183 25.2587 26.9258 20.8087 25.3377 21.2838 23.6854 24.6982 27.2397 20.7123 21.7945 25.2587 21.7025 28.1957 20.7364 19.4936 20.8087 25.1396 22.2261 28.0357 18.6548 23.4734 25.5930 21.6333 25.8457 20.1990 21.1660 21.8632 25.3969 31.7805 35.4965 31.0483 34.2345 34.4093 33.7194 32.4345 34.4964 31.6386 35.4119 34.4964 34.7994 33.9264 38.0000 33.8231 34.2783 30.1164 35.2987 33.1059 30.3974 31.3688 32.5576 33.8821 32.1403 31.8434 31.7017 35.0714 31.6386 35.6090 31.9531
13.9284 16.9115 16.3095 17.4929 13.2665 12.8062 17.5499 0.0000 12.4900 16.2481 13.3417 17.6068 10.6771 9.7980 12.5698 19.3391 11.5758 19.7484 15.5563 13.6382 19.3907 17.6635 13.9284 17.2627 16.6132 16.4924 10.7703 14.9666 13.5647 17.0294 36.5377 40.6940 36.1939 38.1576 35.3270 37.4700 34.8855 34.5543 39.8372 39.3827 39.0896 35.9722 34.8712 37.4299 37.1349 33.8083 37.2961 38.8201 36.3043 38.6005 35.8469 38.7556 33.2866 38.2492 38.1969 37.9737 35.8329 36.8646 35.4260 33.8526 18.6011 19.9499 18.6011 16.0624 17.6068 13.3417 16.7929 13.1909 16.2481 16.8523 17.9444 23.0651 21.6795 18.1108 19.5704 13.7113 17.6352 17.6068 24.4949 16.0624 20.0250 12.5698 19.7484 16.4621 19.8494 20.8327 22.3607 20.6398 18.8680 16.7929 18.9737 19.5704 21.4942 24.1039 20.7605 20.7846 19.7737 19.3132 19.2873 23.4094 20.0250 21.5639 21.9545 21.2838 22.5167 22.4054 21.4942 23.8118 20.4450 17.4929 26.8328 20.2978 23.5584 21.7025 17.8885 21.8632 20.2485 20.7364 18.2757 22.6495 35.0999 39.4462 33.1059 36.9865 38.1051 38.0657 33.4963 39.3192 34.7994 38.3667 36.9594 37.9342 36.5103 41.3280 35.9722 35.7071 33.5410 38.0526 35.4683 33.2566 35.6090 34.8425 36.6606 37.1618 33.9411 32.9090 38.5227 35.6230 39.0640 33.8378
9.6954 13.4164 11.7473 14.6969 15.7480 12.0000 11.9164 12.4900 0.0000 16.9706 14.4914 15.9374 11.0454 9.4868 12.4097 14.8324 11.0454 14.1421 12.0000 11.6619 17.5499 15.9374 13.0384 14.0000 14.6287 18.3303 14.7648 16.2481 10.0000 14.7648 33.6006 38.3667 33.8821 35.7211 33.2566 35.4965 33.7787 33.0757 36.3456 36.9730 37.4166 33.1964 33.3467 34.5109 34.8281 32.1403 35.4542 35.2846 34.5543 36.0832 33.6006 35.8887 30.9192 35.1141 36.0416 36.3043 31.5595 34.9142 34.0441 33.4664 18.1108 18.3848 15.6844 13.1149 17.3781 16.0000 17.0294 12.2474 16.6132 14.4914 15.5563 23.4521 21.3073 18.2757 19.3649 15.4919 20.6640 15.6844 22.1811 14.7648 17.4069 13.6382 18.3848 15.4596 20.6398 19.0788 20.8806 17.7764 12.2474 13.1909 20.2978 17.7482 22.9783 24.5967 21.4243 24.5357 18.5742 20.9523 22.5832 28.1069 20.9523 21.7025 23.7908 22.0227 26.2869 23.2809 19.4936 18.8944 21.8174 19.7990 27.4591 19.7484 23.6008 24.8797 19.7484 25.0599 19.1833 19.1833 19.4422 22.9129 32.9242 37.9210 31.8434 34.4964 36.2215 35.7911 31.4960 36.6060 32.4191 35.7211 34.9285 36.2629 33.8083 39.6737 34.2053 33.2716 31.1929 36.1939 33.6749 30.9839 32.0936 32.6497 35.0714 34.3657 32.0624 30.6105 36.6606 33.8674 36.3318 30.9354
18.2209 14.4222 17.5499 16.3095 19.1311 12.8062 19.3391 16.2481 16.9706 0.0000 12.7279 19.1311 17.2627 14.7648 13.6382 15.5563 17.9444 20.8327 19.1311 10.5830 14.7648 20.0998 19.2354 21.3073 18.3303 15.6844 14.2829 14.0712 20.2978 16.7929 33.5708 37.3631 32.1559 34.2929 33.5559 35.4119 32.9697 32.6190 36.5650 36.2077 35.4683 33.4365 32.0936 35.8190 33.9853 31.2250 33.9264 34.7707 33.6452 37.2022 32.8481 34.2637 31.9374 34.1028 35.6230 34.6121 32.7109 33.6006 31.1929 32.9545 15.9374 20.1990 20.3470 15.2971 20.4939 11.1355 17.5499 16.0624 10.9545 12.0000 15.4919 23.6220 20.2485 14.3527 16.3401 13.7840 18.7350 16.4924 19.5448 14.6969 21.0950 15.0333 20.9762 11.2694 14.2829 24.2487 21.4942 17.6068 18.7617 16.8523 17.9444 18.6815 21.2132 23.2594 20.7123 22.4499 21.4709 20.2731 21.4942 27.0555 17.4642 17.2916 21.0238 19.1572 20.9045 24.9800 20.1990 22.5610 18.7617 18.0555 26.3818 22.6716 23.8956 20.9045 18.9737 26.6083 19.0263 15.6844 18.1659 20.5670 31.2090 34.9571 30.2655 34.6121 34.9285 35.0856 30.1993 35.6931 32.8786 34.7275 34.1760 35.7631 32.6650 37.2022 33.7935 33.4515 32.3265 34.6699 32.8938 31.9687 32.5576 31.4643 34.0000 34.2783 32.6803 30.3480 33.4066 33.4215 37.3095 31.6386
16.3095 14.8997 17.1464 17.5499 16.7332 10.9545 19.6469 13.3417 14.4914 12.7279 0.0000 18.1659 15.5563 12.8062 15.5563 20.6882 12.7279 17.0294 16.7929 11.4018 19.5448 19.1311 20.2485 16.9115 14.0000 17.7764 8.9443 16.2481 17.8885 17.0880 35.5106 38.9358 33.9411 36.2215 34.2929 35.4401 34.0735 34.0588 37.1887 37.2156 35.9166 34.1467 33.1361 35.6791 34.4529 31.4166 35.8190 36.3731 33.6452 38.2361 34.3948 35.8050 31.8434 35.1710 37.0270 34.6410 33.1059 34.9142 31.9531 33.2566 14.5602 17.6635 17.7764 14.2127 14.2829 16.7332 15.1658 12.6491 13.4907 13.3417 14.7648 24.1661 15.8745 13.7113 16.5831 15.4919 17.5214 12.4097 24.2074 14.7648 19.2094 11.9164 18.3303 11.2694 18.2757 19.2354 20.8806 15.4919 15.9374 14.2829 17.6635 18.2483 18.4932 18.3576 18.6279 20.1494 16.8819 17.0587 19.3907 25.4951 19.5704 18.1934 18.6011 17.6352 18.1934 22.3159 20.9762 20.1246 17.3205 15.4919 22.6716 21.5870 19.8242 20.9523 15.5563 23.1948 19.5448 16.8523 14.0000 19.2614 33.4664 38.2884 32.8634 36.9053 35.8608 37.2424 31.7490 38.8587 33.0908 35.6371 35.4401 37.1080 33.4813 39.8246 34.3220 34.1321 33.0000 36.4143 33.4066 32.2180 34.1174 32.8938 34.7851 36.5377 34.1467 32.3883 35.0714 35.4260 37.5500 31.6702
13.1149 11.2250 10.5830 12.4097 14.8997 11.9164 11.3137 17.6068 15.9374 19.1311 18.1659 0.0000 14.4222 14.4914 13.1909 15.7480 13.7840 8.9443 9.8995 11.5758 13.9284 10.3923 18.4932 15.0997 8.9443 13.2665 18.0555 12.7279 12.3288 12.0830 34.1028 41.4005 35.8050 39.0128 35.7771 36.5787 37.1887 37.3363 38.4578 39.4588 39.0384 35.4683 36.8782 37.7227 36.9188 35.5668 37.5100 37.2156 35.9444 37.1753 38.0132 39.6737 33.4066 36.6742 38.2230 38.6005 35.8050 36.3731 36.0694 35.6090 14.6969 14.6969 16.9115 16.3095 16.1245 17.2047 17.0294 19.4422 15.2971 18.6548 19.7990 16.3095 20.7364 20.0998 18.3030 18.0555 17.7482 13.0384 20.0998 14.7648 12.0416 17.7764 11.0454 12.5300 14.8997 19.5448 15.0997 17.6635 15.2315 14.1421 23.2809 22.9129 24.6577 26.4386 17.3494 25.1396 23.6432 24.1868 23.9583 24.8193 20.4695 20.4206 23.4094 21.3776 26.1725 19.5959 20.4450 23.6432 25.2190 21.1660 26.7582 21.2603 21.7025 24.3516 20.2978 24.5357 22.5832 21.2603 21.8632 25.1197 34.6121 39.1408 33.2566 38.2623 37.3363 37.5100 35.1852 39.4462 35.1141 38.2361 36.9053 38.6911 37.5633 42.2137 35.9444 37.9605 33.2415 39.2428 36.1663 33.0757 34.2929 35.2987 36.9324 36.1248 34.9857 35.2562 37.4967 36.6742 40.6694 34.1028
11.8322 12.7279 9.5917 12.0830 9.5917 9.5917 14.6287 10.6771 11.0454 17.2627 15.5563 14.4222 0.0000 11.2250 10.9545 16.4317 10.6771 16.7929 15.2315 11.7473 17.0294 13.5647 15.5563 10.9545 12.8062 16.9706 14.2127 13.0384 8.3666 17.5499 35.8469 40.6202 35.7771 37.6298 35.7771 38.1838 36.3456 35.4119 40.4846 39.1024 39.8246 35.2987 36.4417 38.5357 38.0657 34.7131 38.2753 37.7227 37.2827 38.0526 36.9730 39.3446 33.7046 38.5876 38.5616 39.3954 36.8511 37.6696 36.4280 35.6371 17.2627 18.0000 17.4356 17.2627 18.3303 15.5563 18.2757 15.6205 17.7200 17.8885 18.3303 19.6469 20.6398 18.6011 17.4642 16.4317 14.6629 17.3781 21.9089 15.1658 16.2788 14.8997 16.1245 15.9060 20.8327 19.5959 16.8523 21.3073 16.6733 13.7113 21.6795 20.2237 24.7790 27.9821 21.6102 24.0416 23.8118 23.6432 22.1811 24.7790 22.4722 22.3383 23.7908 22.2486 26.1725 22.1811 20.8806 26.5518 23.8747 21.2603 27.6767 22.3159 25.3180 25.2784 20.7364 25.1794 21.4476 22.2261 20.3470 24.6779 34.9571 39.5474 33.8526 37.0405 39.1918 37.4032 34.6410 38.0526 35.1710 38.8844 37.5500 38.9230 37.3229 42.5911 36.2491 37.8286 33.8083 39.1152 36.3593 33.4664 35.9166 35.9444 37.0675 36.4005 34.4384 34.2783 39.2428 36.3456 39.8497 34.8855
12.5698 11.6619 14.0712 13.5647 12.4900 10.0000 15.2315 9.7980 9.4868 14.7648 12.8062 14.4914 11.2250 0.0000 13.5647 16.6733 10.4881 15.0333 13.8564 11.4891 16.7929 13.3417 14.3527 13.6382 13.7113 17.7200 12.7279 13.4907 10.7703 15.1658 33.6303 38.0789 33.7639 35.6371 32.8024 34.9857 33.5112 32.8329 36.6742 37.3497 36.8782 32.8938 33.3167 35.1426 34.5109 32.0468 35.1994 35.8469 34.4674 35.7211 33.0606 36.4692 30.5287 35.3695 35.7631 35.8608 32.4654 34.4238 33.5708 32.3110 16.6132 15.6205 16.7929 12.4097 15.1658 12.2474 16.4317 12.5698 13.1149 14.5602 15.2315 19.2354 18.8680 14.9666 16.0935 14.0000 16.7033 13.4907 23.7065 12.9615 14.3178 13.5647 17.6068 12.9228 17.4929 19.2354 19.7484 18.7617 14.9666 14.1421 17.6635 16.4012 20.2485 21.4243 17.7482 20.8327 16.7033 17.8045 18.0000 22.9347 17.6918 18.4120 19.9499 19.2094 22.2486 20.0998 17.2627 19.2614 18.4932 14.7648 24.6982 17.5499 20.7605 19.7737 16.2481 20.6882 19.0263 16.9706 15.9374 19.2614 32.6497 37.3363 30.8221 34.6410 36.1663 36.2353 31.7805 36.7696 32.6343 35.8329 34.3802 35.5668 33.7491 39.5980 32.9545 33.7787 31.2570 35.9444 33.4664 30.6268 32.3419 32.7414 34.5254 34.7419 32.1559 30.1828 36.8511 34.5398 37.8682 31.3528
12.1655 12.0830 11.6619 11.2250 14.2127 10.4881 12.0830 12.5698 12.4097 13.6382 15.5563 13.1909 10.9545 13.5647 0.0000 13.4164 13.9284 16.1864 13.2665 10.9545 13.9284 15.7480 12.8062 17.2047 13.7840 10.6771 12.9615 11.4891 14.6287 12.1655 30.9354 36.8782 31.6860 33.8526 32.4654 34.0294 32.7872 31.9374 35.0856 34.7994 35.0714 32.1248 32.1870 33.8083 33.9264 31.0000 33.2716 33.6601 32.9848 34.3511 33.3017 34.5254 30.1662 33.4515 34.5398 35.2420 32.1559 32.9393 32.5423 31.4960 15.2315 16.3707 14.2127 13.6382 17.3781 12.0000 12.8841 14.4914 14.4222 13.6382 14.2829 19.4936 20.5913 16.3707 16.8226 13.7840 17.0000 14.4914 16.3095 12.0830 18.1934 12.4900 15.9374 13.6015 14.0712 19.3907 15.9374 16.6733 15.4272 10.7703 19.2354 18.7350 22.8035 25.3180 18.4662 22.5832 21.7025 21.4243 20.4450 23.9165 18.8414 17.8606 22.1811 19.1572 24.0624 20.5913 18.6548 23.0000 21.3073 19.1311 25.3377 19.6977 22.4277 22.4277 19.6469 23.6643 17.8326 18.3848 19.6469 22.5610 30.7571 35.0143 28.9482 33.6749 33.8526 33.3317 30.0666 34.5543 30.8058 34.2637 33.4066 34.9428 33.4813 37.9210 32.4037 33.1512 30.2820 34.7275 32.2800 29.9666 31.4006 31.0805 34.0000 32.5730 30.6594 31.0966 33.8821 31.3847 36.2491 30.9031
16.3707 15.2315 13.8564 15.8745 20.3961 15.4919 15.8745 19.3391 14.8324 15.5563 20.6882 15.7480 16.4317 16.6733 13.4164 0.0000 20.4450 18.2209 14.8997 12.2474 9.2736 17.6068 17.2627 20.7364 18.3848 16.0000 21.8632 13.3417 16.8523 15.6844 35.0856 41.8330 36.9053 39.4462 36.9594 37.9473 37.9605 37.5233 39.2556 39.9375 41.0122 37.3898 37.3095 38.9230 38.5097 36.3731 37.9342 37.6696 37.9210 39.8748 37.4032 39.1152 35.0143 36.4005 39.7618 40.0500 36.1663 37.9078 36.8646 37.7889 19.5448 22.9347 21.6795 18.3303 25.8457 14.7648 21.7256 20.7364 17.3205 16.6132 20.6882 24.7386 25.6515 23.2809 21.1424 16.8523 23.6432 20.5426 17.1464 17.3781 21.0476 21.3073 21.2603 15.6525 18.2757 26.3818 22.0907 19.6977 18.2757 19.1833 24.4131 22.3383 25.7682 29.9833 22.4722 28.4253 27.0370 25.9808 26.7208 31.7175 20.2237 22.3830 26.0000 25.1197 28.6182 27.7489 21.6333 24.1868 25.6125 24.3721 31.5278 25.8070 27.2947 26.5895 23.4947 30.0333 21.1660 20.5913 25.4165 26.1343 34.9857 39.7240 33.5261 37.6298 39.4715 38.6652 34.3802 39.5474 37.0540 39.0128 37.8153 40.7554 38.1707 43.2435 37.6563 37.4032 34.4819 39.4968 37.0945 35.6090 34.9857 35.3553 38.7040 37.9868 35.5528 34.6843 39.5474 37.8021 40.8901 33.4515
9.6954 13.7113 13.1909 14.6969 13.1909 11.3137 13.5647 11.5758 11.0454 17.9444 12.7279 13.7840 10.6771 10.4881 13.9284 20.4450 0.0000 13.4907 13.8564 12.0830 21.3073 14.2829 16.1245 11.7473 10.7703 16.9706 11.8322 16.7929 9.3808 14.0712 36.6742 40.9634 35.5528 37.8418 35.5809 37.8153 35.1426 35.2704 39.5854 40.3609 39.0896 34.8138 35.7771 37.7492 37.0000 33.8674 38.1182 37.9868 35.6090 37.9210 36.8375 38.7814 33.2866 38.0395 38.0395 37.9210 34.9571 36.7287 35.9026 34.8425 18.6011 17.4356 14.9666 15.0997 11.5758 18.5472 17.0294 15.2971 16.8523 18.1659 17.9444 21.6795 20.9762 16.8523 20.4206 18.0000 17.7482 12.6491 25.4951 13.2665 14.6629 11.0454 14.7648 15.1987 20.4939 19.0263 19.6469 19.5959 14.3527 13.9284 21.0238 20.4206 23.9165 23.6432 21.0950 22.8035 18.9473 20.7123 22.8473 24.0000 22.6495 22.6053 23.7908 21.6102 24.9600 20.9284 21.6333 21.7025 23.1084 19.5959 26.7955 19.3907 23.3452 24.4336 19.0263 22.8473 22.9783 21.6795 19.2354 24.1454 35.6931 39.8246 34.0588 37.3631 37.5233 37.4032 34.1760 39.1152 34.4819 38.6264 37.8682 37.4833 36.2077 41.2311 35.7211 37.0270 34.1321 38.3406 35.6090 32.6497 35.2136 35.2136 36.8239 35.8190 34.6121 33.8083 37.6032 36.4280 39.0384 34.7419
12.7279 12.5698 11.5758 14.8324 16.8523 13.7113 10.9545 19.7484 14.1421 20.8327 17.0294 8.9443 16.7929 15.0333 16.1864 18.2209 13.4907 0.0000 9.6954 12.3288 17.5499 11.4891 19.4936 13.5647 8.6023 16.3707 17.7764 17.2627 13.1909 13.1909 33.0303 39.1663 33.8231 37.3898 33.7046 34.6410 34.9714 35.2420 35.7911 37.7492 37.1214 33.3167 34.6121 35.1141 34.6554 33.0908 35.8190 35.3412 32.8634 35.6371 35.9861 36.6606 31.7175 34.9142 36.1248 35.7491 32.5269 34.1906 33.5708 34.1760 14.4914 13.7840 14.2829 15.6205 14.0712 19.8494 16.1245 17.2627 17.0880 16.9115 18.3848 18.6548 18.7083 18.7617 19.2614 18.9209 19.9750 11.2250 22.0454 14.0000 11.1803 16.6733 10.0995 13.4536 17.7764 16.1864 16.5529 14.1421 9.3808 12.8841 21.7715 21.1424 22.5389 22.7816 17.0000 24.4540 20.2731 21.5639 23.8328 26.4953 20.4695 20.3715 22.2261 19.8242 25.3180 19.0263 19.1833 18.8414 23.7487 20.3961 25.0599 18.9737 19.8242 24.3105 18.6011 23.7065 21.0713 19.9499 20.0998 23.3880 33.1662 37.9473 32.8634 36.5240 35.2987 36.0971 33.5857 37.6563 32.8481 36.2491 35.5246 36.9730 34.9142 40.5956 34.1174 35.4260 31.3847 36.6606 33.8821 31.0805 32.4962 33.4664 34.6699 34.6266 34.1174 33.8969 36.0555 35.1141 37.6298 31.5436
13.0384 14.6287 12.2474 17.0294 18.2209 12.7279 10.1980 15.5563 12.0000 19.1311 16.7929 9.8995 15.2315 13.8564 13.2665 14.8997 13.8564 9.6954 0.0000 11.4891 14.2127 14.8324 17.5499 17.3781 11.7473 14.6969 17.6068 14.4914 12.4097 12.8062 35.0571 41.3038 36.6606 40.0999 35.9722 37.0945 36.6197 37.0945 38.1707 39.5601 39.5727 36.4692 35.8329 36.9459 37.0540 35.5106 37.3765 38.5876 35.2987 38.4448 37.7492 38.9358 34.0294 37.2424 38.4578 38.0526 34.6121 36.4005 35.4542 35.6931 15.4919 18.2757 17.7200 15.6205 17.4356 16.8523 17.2047 16.4924 16.6733 16.5529 20.1494 21.4476 22.0454 21.6333 21.1424 17.3205 21.9773 15.3623 22.2711 16.2481 17.2337 16.9706 14.6969 12.9228 17.2627 19.8494 20.8327 15.5563 13.4164 15.4272 21.1187 22.3383 22.0907 24.4336 19.2614 25.4951 21.1424 21.4709 24.1661 28.2489 19.7231 21.4709 23.8328 21.6102 25.0799 22.0000 20.3961 19.5704 23.6643 20.5913 27.8568 20.8806 21.8403 24.9199 19.5448 24.3311 21.5407 19.0788 21.1660 24.7588 35.2136 39.7240 34.2929 38.4968 37.5500 38.6135 35.0428 39.8246 35.1994 38.3406 37.4700 39.3573 37.1349 42.4500 37.0945 36.5923 33.6006 38.8330 35.9166 33.8231 34.8999 35.3270 37.4967 36.8917 35.4119 35.1426 38.0789 36.1801 39.6989 33.3916
10.7703 10.4881 8.8318 12.4900 13.5647 9.2736 12.2474 13.6382 11.6619 10.5830 11.4018 11.5758 11.7473 11.4891 10.9545 12.2474 12.0830 12.3288 11.4891 0.0000 12.1655 12.2474 15.6844 14.0000 10.7703 11.4018 12.4900 11.8322 12.4900 12.0830 33.9853 38.8072 33.4664 36.4143 33.8231 35.3553 33.7491 33.8821 37.2961 37.5100 37.2559 33.9116 33.5559 36.2905 35.0571 32.1092 35.4824 35.3412 33.4066 37.1753 34.8281 35.9722 32.2180 35.2278 36.3731 35.6931 33.6452 34.5398 32.3883 34.0881 12.2474 16.4317 15.3623 13.7113 16.9706 12.2474 15.1658 13.7113 11.3137 11.6619 15.2971 20.1494 17.6635 15.1658 15.6525 11.6619 15.8430 12.7279 17.3205 11.2250 14.2478 12.3288 13.1149 9.0000 14.4914 18.6548 16.9115 13.7113 11.6619 13.0384 18.0000 17.8606 19.9499 22.9565 17.6918 21.2132 20.3715 19.6214 21.4476 25.6125 16.6433 18.2483 19.7484 18.3030 21.5639 21.2603 18.3848 20.6155 20.1494 18.3303 25.5343 19.8997 21.4243 21.2838 16.1245 24.3311 17.4929 17.0294 17.6068 20.9523 32.4037 36.8782 31.9374 35.6371 35.9722 35.7631 32.0312 36.9324 33.5112 36.2767 35.4683 37.1887 34.5109 39.6232 34.6410 34.8281 31.7962 36.0555 33.7046 32.0624 33.1662 32.8329 34.2929 35.0571 33.4963 32.3574 35.7491 34.6266 37.3095 31.5753
19.2873 14.3527 14.2127 16.3095 19.6977 13.4164 16.8523 19.3907 17.5499 14.7648 19.5448 13.9284 17.0294 16.7929 13.9284 9.2736 21.3073 17.5499 14.2127 12.1655 0.0000 17.4356 20.9762 21.2132 17.1464 15.9374 21.0238 11.3137 18.4932 18.0555 33.4215 40.3485 35.6371 38.4708 35.8050 36.7696 37.5100 36.9324 38.3275 37.6962 39.1408 36.2767 35.6651 37.5366 36.8646 35.7351 36.3731 37.0540 36.6060 38.6782 36.7831 38.3667 34.2345 36.0971 38.3275 38.0789 35.8050 36.0971 34.4238 36.0832 14.6287 20.0998 22.7596 18.2209 24.2899 13.1149 20.1990 19.7484 15.3623 15.5563 20.6398 20.5913 21.9545 22.0907 17.1756 16.3707 20.8087 19.4936 17.3781 18.4932 19.8746 21.8174 19.2873 12.2882 14.3527 24.6171 19.7484 18.0555 19.4422 18.2209 22.0000 22.2486 23.1084 28.0179 19.4165 26.9072 26.4386 24.7992 23.9583 29.5296 17.6918 18.8414 23.2379 22.0227 25.1595 25.1794 20.0000 25.0799 23.4947 21.5870 28.5657 25.1794 24.3516 24.5153 21.6795 28.4605 20.2485 18.1659 22.4944 24.3105 32.9848 37.7624 32.8024 37.4967 38.0789 38.0657 34.1174 38.3927 35.4824 37.4967 35.7771 39.6358 36.9730 41.8330 36.6606 36.9459 33.1210 38.4187 35.9166 34.3802 34.4093 34.6699 36.6606 36.5650 34.8425 33.8969 37.2022 36.0139 40.6448 32.8481
11.9164 11.3137 10.0995 10.7703 9.5917 14.4222 13.8564 17.6635 15.9374 20.0998 19.1311 10.3923 13.5647 13.3417 15.7480 17.6068 14.2829 11.4891 14.8324 12.2474 17.4356 0.0000 16.3095 11.2250 10.5830 14.7648 17.2627 15.1658 11.3137 14.4222 33.8674 38.9872 34.3511 37.1753 33.7935 35.2704 35.1426 34.4093 37.8814 38.8201 38.6005 33.3467 35.6090 37.2693 36.2353 33.4813 36.8103 35.6230 34.4964 35.4401 36.0416 37.7889 32.4962 37.0270 36.6470 37.3898 35.4401 35.3977 34.5109 34.4674 16.0624 14.2127 14.4222 17.4929 17.4929 16.7929 17.8885 18.5472 17.0294 18.2757 18.3303 14.6287 18.6548 17.6068 17.2916 16.4317 14.1067 14.2127 20.6882 11.9164 7.0000 16.6132 10.2956 15.7162 17.7764 16.8523 13.4907 18.9209 13.0384 14.8324 20.7846 19.0526 22.2711 25.1595 16.0935 20.8806 22.5610 21.8861 20.9284 21.1187 18.7350 20.2731 19.9499 19.6214 24.6374 16.6132 17.6635 23.5160 22.8910 20.1990 24.9399 17.5499 20.6155 20.8567 17.4356 20.9284 19.5959 21.3542 20.0000 21.6102 33.3167 38.1838 32.4345 36.1939 37.1214 36.3180 34.4093 36.9324 33.8083 37.6563 35.8050 37.4833 36.5650 41.4488 34.0000 36.6470 31.5119 37.0135 35.1283 31.5278 33.7639 34.5832 34.2053 35.4542 34.2637 33.9264 38.8072 36.1248 39.1663 33.0303
9.6954 17.8885 15.7480 15.8745 15.4272 19.0263 14.6287 13.9284 13.0384 19.2354 20.2485 18.4932 15.5563 14.3527 12.8062 17.2627 16.1245 19.4936 17.5499 15.6844 20.9762 16.3095 0.0000 19.6977 19.9499 14.5602 15.8114 19.5959 15.8114 13.1149 33.5708 38.0263 34.1174 35.4119 33.2566 34.7563 32.9697 31.5595 36.0139 37.4299 37.6298 33.6452 33.5559 34.6266 35.6791 31.7333 35.2278 34.5688 34.4093 35.2136 33.3017 35.5246 31.2410 35.5387 35.3129 36.8782 32.8329 34.5109 34.9142 32.8024 22.1811 19.9499 13.6382 16.4317 21.3073 15.5563 16.4924 16.3095 18.8680 17.5499 15.1658 24.4131 24.9800 19.1311 22.2036 12.7279 21.3307 17.8885 19.2873 14.2829 18.7350 13.4907 20.5913 21.1424 19.9499 19.9499 21.0713 20.3470 16.5529 16.5529 21.5407 17.8606 24.4131 26.7769 21.2368 22.1359 20.5183 22.0681 21.5407 24.9399 19.8746 23.2164 23.7065 23.1301 27.6586 22.5389 21.5407 22.3383 22.8035 21.6795 28.4253 17.5499 24.7184 22.5167 20.5913 23.4094 17.4356 23.5372 22.6274 23.3880 32.9545 37.6563 30.6268 33.7639 35.9722 35.0571 31.3369 36.3868 32.3883 36.2215 34.8712 35.4542 35.2562 38.9358 33.5559 32.7261 30.7083 35.4401 34.2929 31.2410 32.0000 32.1559 34.3802 34.9142 31.9374 30.9677 37.9737 33.1813 35.9722 31.5436
13.6382 12.8062 11.3137 13.1909 10.7703 12.7279 16.4924 17.2627 14.0000 21.3073 16.9115 15.0997 10.9545 13.6382 17.2047 20.7364 11.7473 13.5647 17.3781 14.0000 21.2132 11.2250 19.6977 0.0000 10.8628 20.1990 16.4317 17.0880 9.8995 18.7617 34.1321 39.1663 33.2866 36.0278 32.7719 34.8999 33.6303 33.8231 38.3536 38.0657 37.4700 32.3728 34.8425 36.7560 35.2846 32.0468 36.6742 35.0286 33.8526 35.4119 35.3129 37.2022 31.1127 35.9583 36.4555 36.4417 34.5543 35.3977 34.2783 33.9706 17.4356 16.0000 15.5563 18.7083 16.0624 20.0000 18.7083 17.2047 18.8149 19.5448 19.0263 18.6548 17.4929 17.2047 17.2916 19.8494 14.3178 15.8745 23.9583 14.4222 11.9583 16.1245 12.2474 16.7631 22.8910 17.3205 15.6844 20.1494 13.2665 14.2829 22.0454 20.3715 24.4540 25.9037 20.1742 23.0217 23.1733 23.2594 23.1517 24.0000 23.5160 22.4277 22.2261 21.0000 26.0192 19.7990 19.0788 25.1595 24.4540 21.2603 25.6515 20.6398 23.3880 25.0000 18.5472 24.0832 22.0454 22.7156 19.7990 23.3880 33.2866 37.8682 32.6190 34.8138 36.6606 34.8855 32.9242 36.4692 33.2716 36.7696 36.0555 37.0810 35.0571 41.2795 33.1662 36.0416 31.4484 36.6333 33.6452 30.5941 33.3167 33.9116 34.4964 34.6554 32.8329 33.4515 37.9210 36.0416 37.3095 31.9531
13.3417 9.2736 10.9545 11.5758 13.1909 9.1652 13.7840 16.6132 14.6287 18.3303 14.0000 8.9443 12.8062 13.7113 13.7840 18.3848 10.7703 8.6023 11.7473 10.7703 17.1464 10.5830 19.9499 10.8628 0.0000 14.9666 14.7648 12.4900 11.8322 13.4907 34.2783 39.8999 34.2637 37.4967 34.6987 36.0555 35.8469 35.8887 38.0132 38.8201 37.7359 33.6749 35.5246 37.1618 35.7351 33.7194 36.7831 36.7015 34.4964 36.5513 37.0270 38.0000 32.6803 36.3456 37.6431 36.9865 34.7851 35.7911 34.1906 34.4964 13.1909 14.4914 15.3623 15.4272 12.0830 18.2209 16.4924 17.1464 15.6205 16.9115 18.6011 16.7332 17.1464 16.9706 17.2337 19.0263 15.1987 11.4891 22.8910 12.3288 12.2882 14.8324 8.9443 10.6301 17.3205 17.7200 14.7648 16.7332 12.3288 12.0830 20.7846 21.0000 21.9545 23.0434 16.7631 22.5389 21.6564 21.0950 22.2711 23.0217 20.9045 18.8944 21.1187 18.7883 22.8254 17.9444 18.7617 22.0681 22.4499 19.1833 23.7908 20.0000 19.7231 22.8692 17.8326 22.0000 21.8174 18.7617 18.6011 22.6936 33.9411 38.5487 32.9848 37.7094 36.2491 36.8375 34.0881 38.1314 33.6601 37.2827 36.2767 37.9868 35.8190 41.4970 34.6699 36.9459 32.8481 37.6829 34.6699 31.5595 34.3511 34.6121 35.6371 35.3695 34.5543 34.6843 36.3593 36.1801 39.6737 33.2716
13.5647 15.9374 14.4914 15.2315 16.1864 16.1245 14.8324 16.4924 18.3303 15.6844 17.7764 13.2665 16.9706 17.7200 10.6771 16.0000 16.9706 16.3707 14.6969 11.4018 15.9374 14.7648 14.5602 20.1990 14.9666 0.0000 14.8324 14.8997 18.2757 10.0000 34.0735 39.6232 34.2053 37.4700 34.8138 35.2420 34.1614 34.2637 37.4032 38.4838 37.6829 35.1568 34.2929 36.7015 36.2905 32.9090 35.7071 36.0416 33.0757 37.2022 36.4555 36.3593 33.5559 35.8469 36.7560 36.3593 35.1852 34.4529 33.4813 34.0000 16.4317 18.6011 14.2829 17.8326 19.4936 14.6287 14.3527 18.6011 16.0624 16.0000 17.4929 21.4009 22.0454 18.0000 20.3715 13.4907 18.6279 14.8997 16.1864 11.7473 17.7482 13.5647 14.3527 15.1327 13.2665 20.3470 17.5499 15.1658 16.1864 15.9374 19.8494 20.8567 21.3073 24.4745 17.0587 20.6882 23.2164 20.8087 21.9089 23.3238 16.8819 19.5192 20.7846 19.2614 22.4722 20.4939 20.9762 23.6008 22.0907 20.7364 26.1916 19.2873 22.0681 20.7123 17.8326 22.7156 18.1108 20.8327 21.7256 23.0868 33.2265 37.2559 31.7805 36.5787 35.4683 35.9026 32.6190 37.8418 33.7194 37.2827 36.3318 37.6431 36.5923 39.9750 34.8712 35.4260 32.5115 36.1386 34.5543 32.8024 34.1174 33.0454 35.0428 35.7351 34.3220 34.6554 36.2215 34.4819 38.1314 32.7261
13.8564 15.3623 16.1864 16.0624 12.6491 13.0384 17.4356 10.7703 14.7648 14.2829 8.9443 18.0555 14.2127 12.7279 12.9615 21.8632 11.8322 17.7764 17.6068 12.4900 21.0238 17.2627 15.8114 16.4317 14.7648 14.8324 0.0000 17.3781 17.5499 16.0000 32.3883 35.0428 30.6594 32.3728 30.6920 32.4037 29.8831 29.3598 34.1906 34.0735 32.8938 30.4959 29.7321 32.2955 31.8591 27.6586 32.3574 33.0908 30.2655 34.0294 31.0644 32.5883 28.6356 33.3916 32.7872 31.8119 30.8545 31.3528 29.4449 29.0861 14.9666 15.2971 13.2665 12.6491 12.7279 14.4914 11.0454 9.5917 13.5647 12.4900 11.9164 21.1660 15.0997 10.7703 15.5242 12.1655 14.1774 11.9164 21.6795 12.0000 17.3494 6.1644 16.1245 14.7986 16.3707 15.5563 18.1659 15.8114 15.0333 12.4900 14.6287 15.0000 17.6068 18.0831 16.4621 15.0333 15.0000 15.2643 15.3623 19.7484 17.2916 16.4621 16.5529 15.0000 17.5214 17.7764 18.3848 20.4695 15.7480 13.5647 20.2978 16.3095 18.0831 17.2916 13.4907 18.9737 15.8114 17.6068 12.4900 17.4642 30.2985 34.4384 29.1890 33.1662 32.4037 33.2415 29.0172 34.5254 29.1719 33.0757 32.3728 32.8786 31.0000 36.1939 30.3974 31.1929 29.2062 32.4037 30.1330 28.5307 31.3688 30.0333 31.0161 32.9697 30.4631 29.5466 32.9545 30.9354 33.8821 29.5804
17.7200 10.0000 14.3527 12.0000 15.6844 8.7178 17.8326 14.9666 16.2481 14.0712 16.2481 12.7279 13.0384 13.4907 11.4891 13.3417 16.7929 17.2627 14.4914 11.8322 11.3137 15.1658 19.5959 17.0880 12.4900 14.8997 17.3781 0.0000 15.0333 15.2971 34.1028 40.8167 35.2704 38.1051 35.4965 36.7967 36.8646 36.7696 39.2046 38.9744 38.3927 35.5246 36.1386 38.4578 36.6742 35.2562 36.7015 37.7757 36.9594 37.7359 36.9188 39.0640 33.4664 36.2629 39.0256 38.7040 36.2215 37.0810 35.4260 35.0999 14.4914 18.7617 20.8806 16.9706 19.4422 12.3288 18.8680 18.7617 13.4164 17.0294 19.8997 18.3848 20.7364 18.8680 16.2173 17.8326 16.2173 17.6068 21.0713 15.4272 18.9473 18.2209 17.0880 9.4340 15.7480 23.7908 18.2757 19.9499 18.7617 15.8114 21.4942 22.4277 23.1084 26.6646 18.8944 24.6982 25.4362 23.2594 22.4944 24.8998 20.0749 18.1934 22.4054 20.9045 23.3452 22.4944 19.3391 25.7099 22.3159 19.6469 26.7955 23.4947 23.2164 22.6053 19.9499 24.7386 22.0907 17.3781 20.8327 23.4307 33.9116 38.2623 31.8119 37.7889 37.5500 37.6431 33.6749 38.5487 35.4260 37.5233 36.2767 39.4081 36.8103 42.1663 35.6371 36.8375 33.8378 38.6523 35.7211 32.9545 34.6699 34.7563 37.4700 36.7015 34.2345 34.3657 37.2022 36.6742 41.6653 33.4813
10.0995 13.1149 9.7980 13.6382 12.6491 12.1655 12.4097 13.5647 10.0000 20.2978 17.8885 12.3288 8.3666 10.7703 14.6287 16.8523 9.3808 13.1909 12.4097 12.4900 18.4932 11.3137 15.8114 9.8995 11.8322 18.2757 17.5499 15.0333 0.0000 15.7480 37.2424 42.6380 37.5233 40.0749 36.8511 39.1918 37.4032 37.3363 41.4608 41.7253 41.6893 36.7151 38.1051 39.7869 39.1280 36.5377 39.8873 39.3065 38.0789 38.9102 38.6135 41.0609 34.9571 39.7366 39.9124 40.7676 37.2022 38.9487 38.2753 37.3363 19.0788 18.7617 17.6068 18.1108 17.7764 18.1108 20.2485 17.6635 18.7617 20.1494 20.7846 20.5426 23.0217 20.7846 20.8087 18.7617 18.4120 17.3781 24.4131 15.8745 14.1774 16.4924 15.1658 16.4621 22.4499 20.2485 19.3391 21.5870 14.7648 15.6844 23.6220 22.3383 26.1151 28.4077 22.6936 26.2298 23.6432 24.4745 25.2982 26.8701 23.6854 24.8395 25.8457 24.3516 28.5482 22.8035 21.7715 24.7184 26.1151 22.9347 30.0000 21.6333 26.0576 26.8887 21.4009 25.6515 23.8328 23.4521 22.6274 26.4764 36.8511 41.3280 35.4965 38.3667 40.2492 38.8716 36.3318 39.8999 36.9188 40.4722 39.3192 40.1871 38.7169 43.9773 37.7889 38.8201 34.9714 40.5216 37.8682 34.3802 36.3868 37.2559 38.6005 37.5100 35.9444 35.5949 40.9145 38.2753 41.0609 35.7631
10.5830 13.2665 14.8324 13.4907 17.8885 15.5563 13.0384 17.0294 14.7648 16.7929 17.0880 12.0830 17.5499 15.1658 12.1655 15.6844 14.0712 13.1909 12.8062 12.0830 18.0555 14.4222 13.1149 18.7617 13.4907 10.0000 16.0000 15.2971 15.7480 0.0000 33.6898 39.8999 34.3220 37.0945 34.4384 34.8138 34.4238 34.6410 36.1248 39.1024 37.2559 34.3220 34.6987 35.8190 35.3129 33.0303 35.7911 35.4260 33.8821 36.1663 35.6230 36.5513 32.1559 34.4238 36.8917 36.7151 32.7414 34.8569 34.7419 33.9411 18.7617 18.3303 13.3417 14.6969 16.4924 16.9706 15.6205 18.7083 15.0333 17.0294 16.6733 22.8910 23.4094 18.0555 21.6102 16.5529 21.2368 12.4097 19.6469 11.4018 16.5831 13.1149 15.7480 14.3178 15.4272 21.1660 19.4422 16.3707 13.9284 14.8324 21.9089 20.7605 23.2809 23.9374 18.4662 23.2809 20.5183 21.3776 23.9165 25.0599 19.4679 20.5670 23.0651 21.3307 25.2389 21.1660 21.0238 19.4165 22.7156 20.8327 26.8701 18.3848 21.8403 22.3383 19.0788 23.1084 20.3961 20.1494 22.2711 23.5160 33.8526 38.2099 31.2090 36.4417 34.8999 36.0139 31.9061 38.5227 33.3617 36.4143 35.9722 36.9188 35.5949 39.7240 34.2637 34.1906 32.4500 36.6060 34.6121 31.5595 32.2180 32.4654 35.9166 35.3129 33.5559 33.2415 35.8050 35.1426 38.3927 31.9531
34.8281 30.3480 33.1512 30.3480 33.5410 32.8177 31.6702 36.5377 33.6006 33.5708 35.5106 34.1028 35.8469 33.6303 30.9354 35.0856 36.6742 33.0303 35.0571 33.9853 33.4215 33.8674 33.5708 34.1321 34.2783 34.0735 32.3883 34.1028 37.2424 33.6898 0.0000 16.7033 12.1244 13.4536 11.0905 12.6095 18.7083 15.7162 12.4097 12.0830 12.7671 11.3578 14.3178 12.2474 11.3137 15.0997 10.0995 11.2250 18.0278 10.2470 13.4907 15.3297 10.7238 13.2665 12.5698 16.4621 13.6015 12.1655 16.3707 12.4499 29.6479 26.5518 28.8271 27.8747 31.6386 29.9833 25.9037 29.1376 29.2062 27.5500 26.1343 28.3725 27.2213 27.5136 26.0384 31.6070 31.4643 30.3480 27.9821 30.3809 32.4654 31.8277 31.6702 32.5269 27.4773 29.6816 28.4781 29.1033 30.0832 27.9464 27.4773 26.0000 31.3847 31.2410 26.3059 29.5127 29.4618 31.2730 27.5862 30.1164 28.1069 22.6716 27.9464 23.9583 32.1870 25.3969 22.0227 30.4302 28.5832 26.8142 24.5153 25.9808 26.0000 28.3196 29.5466 31.2890 24.3926 26.4764 27.3679 25.9230 9.7468 13.6015 10.0499 14.8661 12.2882 13.6382 14.3178 16.3401 11.7473 10.9087 11.4455 14.5602 14.0000 18.4662 12.6095 15.2315 10.6771 15.5885 12.9228 11.4455 10.5357 12.6095 15.9060 14.4222 12.4499 16.7929 18.2483 13.5647 19.4679 14.4222
39.3700 35.9722 38.4968 35.9722 37.4433 38.4187 37.2290 40.6940 38.3667 37.3631 38.9358 41.4005 40.6202 38.0789 36.8782 41.8330 40.9634 39.1663 41.3038 38.8072 40.3485 38.9872 38.0263 39.1663 39.8999 39.6232 35.0428 40.8167 42.6380 39.8999 16.7033 0.0000 16.6132 12.8841 15.8745 18.8680 20.2237 12.2474 13.6748 13.2288 15.2315 13.6382 15.8745 15.2643 17.3494 16.6433 14.8661 15.5242 19.9499 14.2829 12.5300 13.8564 17.7764 22.7816 10.5357 18.1659 16.8523 15.2643 16.8226 15.8114 35.1283 31.8748 33.2265 32.0624 36.3593 34.6987 31.4643 32.0312 34.7851 31.1769 29.7658 33.5261 30.3645 30.2655 30.7734 35.5528 35.1710 35.2136 34.8999 34.8999 37.2156 34.6987 37.2827 38.2492 33.3766 32.3728 33.9116 34.9857 34.3511 33.0151 27.6767 26.2107 31.7490 31.8277 31.3209 30.0000 29.8496 31.8277 28.8097 32.0312 30.6431 26.5518 29.2916 25.5930 32.6343 28.1069 25.7294 32.7872 28.2135 29.3258 24.7386 27.7128 28.8271 29.0689 32.3728 32.5576 27.0924 29.2916 28.0713 26.2488 16.6132 16.4317 18.6011 20.4450 19.0263 20.6155 21.5407 13.4907 15.2643 16.0000 17.6635 16.4621 15.1327 20.6398 16.3095 19.2614 18.0278 16.0624 17.8885 18.5472 21.0713 20.4450 17.2627 20.1246 21.9545 21.3307 24.9399 15.5885 22.4944 22.8254
34.8425 31.0483 33.7935 31.1127 33.2866 32.8329 32.6803 36.1939 33.8821 32.1559 33.9411 35.8050 35.7771 33.7639 31.6860 36.9053 35.5528 33.8231 36.6606 33.4664 35.6371 34.3511 34.1174 33.2866 34.2637 34.2053 30.6594 35.2704 37.5233 34.3220 12.1244 16.6132 0.0000 10.9545 9.7980 15.0333 13.8203 12.0000 16.1555 14.6629 12.3288 9.4868 10.9545 15.0000 9.4340 10.0499 9.9499 12.0416 13.9284 12.8062 12.9228 11.4018 13.1909 14.9332 11.6190 12.6491 14.2127 10.7238 12.4499 11.5758 29.5635 27.1293 27.8568 28.9828 30.1993 30.3974 25.4165 28.2135 29.4958 26.7208 25.4951 29.7993 26.4953 24.4949 26.7769 31.3688 30.6105 29.9333 29.6311 28.9828 32.5423 29.7993 31.2090 32.6037 29.0172 29.2916 29.2575 28.2489 29.2575 28.0000 26.1534 25.8263 31.0161 29.5127 27.7308 27.7849 29.0000 29.5466 28.1069 30.1330 29.0000 23.8118 27.5681 23.0434 30.8707 26.3059 23.2379 30.5123 28.2843 26.7582 24.8193 25.2587 27.7669 28.1957 28.6705 31.5911 24.6982 27.0185 26.5330 25.7488 8.6023 11.4891 11.9164 11.0454 10.5830 9.2195 11.5758 12.8841 10.7238 11.6619 13.2665 12.0416 10.1489 13.0384 12.7279 14.5945 11.7898 10.3923 9.7980 10.1980 12.2474 10.2956 11.9164 11.0000 13.1909 15.4596 14.4222 12.4499 14.9666 15.4596
