0.0000 6.7814 6.6872 6.4128 6.9754 8.4134 8.4737 12.9687 5.5724 7.2946 11.5756 4.6768 12.1127 8.4225 13.7717 6.8278 11.4177 12.3045 6.8448 11.2998 11.7807 8.4832 7.2611 11.0511 6.0090 7.2868 7.6372 7.3086 12.4123 14.2565 25.5895 26.3764 25.6983 26.6601 26.3883 25.7982 23.6780 26.3202 25.2732 26.4771 25.4157 25.5893 27.0888 25.1984 26.5807 24.1989 26.5856 23.1385 25.2869 24.9821 25.9535 26.3670 25.7158 24.7767 26.3819 24.4401 25.8689 24.9826 27.4402 24.9530 14.2983 14.8235 14.4296 15.9186 15.8966 14.0836 14.2982 14.9877 11.3638 18.1138 17.2449 20.4087 18.4087 18.6237 19.5890 12.5882 15.0521 13.6443 19.3156 14.7231 12.5167 14.1504 16.1029 12.7664 14.9245 17.2681 13.2167 17.7819 20.2056 12.6192 13.2349 19.9829 19.0682 17.2388 17.9592 19.2450 17.3507 20.5512 14.7588 12.6305 18.6555 20.6566 15.6850 15.0789 19.6328 19.8876 17.6072 18.4785 16.1567 16.2256 20.6722 13.7114 22.1771 19.5192 20.1313 13.4404 16.7510 17.7061 12.9751 19.4523 24.2752 24.3334 23.3756 25.0627 23.9635 24.6825 25.2944 23.7123 25.6092 24.0110 25.5123 25.1692 24.7551 24.8076 23.1766 26.7060 25.5626 24.3874 26.5812 23.6846 23.9461 20.5399 22.9696 25.4212 24.8817 25.4774 25.0866 25.9040 25.0707 26.1414
6.7814 0.0000 8.0049 4.5208 4.5659 6.5794 5.0491 11.6367 7.0393 8.3978 11.1681 6.4198 13.2342 5.8201 11.2949 6.6145 11.1859 10.7284 5.0468 11.8301 8.2545 8.1127 7.1018 8.3950 6.6154 5.3561 5.7587 5.2980 12.7228 11.2674 24.6461 25.3248 24.5306 25.6194 25.1799 24.8223 22.6659 25.4645 24.1684 25.7098 24.4740 24.8749 25.5709 24.1448 25.2824 23.0789 25.4300 22.1311 24.4961 24.0982 25.1047 25.2811 24.9585 23.9465 25.4104 23.4385 24.9357 23.9916 26.3158 23.9714 12.4929 12.2213 12.4798 14.5099 13.1809 11.2979 12.0527 12.4934 8.8125 15.5293 15.4222 18.0854 15.3897 16.2132 17.3912 11.2642 13.9105 10.6600 17.6756 13.0312 11.5825 12.8709 13.9291 10.4735 12.6694 15.3141 11.5434 15.8213 17.7804 10.8469 10.1326 17.5522 16.9467 14.4574 15.8661 17.0006 15.9478 17.9073 13.0155 9.4866 17.5629 18.8203 12.9163 11.5345 17.5451 17.4601 15.0509 15.9268 13.4902 13.7477 17.7638 11.0468 19.8214 17.1048 17.7725 10.7268 13.8807 14.4366 10.0911 17.0518 22.0254 22.0120 21.2549 22.9710 22.0142 22.7207 23.2167 21.6206 23.2768 21.6964 23.5732 23.1789 22.7257 22.7539 21.3213 24.4261 23.2221 22.2695 24.3813 21.7214 22.0793 18.3417 21.2192 23.5544 22.7195 23.5814 23.0524 23.8565 23.1488 24.1139
6.6872 8.0049 0.0000 7.4245 7.6241 8.0412 8.6957 14.0012 6.8880 9.2894 13.6966 6.3939 14.3433 8.4444 14.9765 7.9186 13.2566 13.8055 7.8875 13.6171 11.4702 10.2230 9.1071 11.9195 8.2735 8.7400 8.3361 8.6136 14.4722 15.3480 23.5592 24.2568 23.4240 24.3085 24.0501 23.4724 21.6337 24.1965 23.0770 24.4419 23.2370 23.5866 24.4952 22.9665 24.2472 21.9092 24.1898 21.2203 23.2880 22.8690 23.8087 24.1072 23.7516 22.6518 24.2151 22.1775 23.6329 23.0017 24.9677 22.8087 11.9290 13.4006 12.1531 12.9887 13.6361 12.2007 12.1115 12.9176 9.5156 15.7280 14.7968 17.4663 16.2234 16.0299 17.0585 10.9077 12.2073 11.3983 16.7775 12.4012 10.1764 11.3824 13.6858 11.2621 12.4173 14.9071 10.8489 14.8148 17.4462 10.8242 12.5971 17.2796 16.4313 16.2997 15.7171 16.4254 15.8366 17.8276 11.8684 12.0781 16.2870 17.5733 13.1895 14.3442 17.0421 16.5506 15.1893 15.9230 13.3158 15.1586 17.6999 13.0753 18.9827 16.3964 17.1104 12.8210 14.0420 16.2031 11.9745 16.9312 21.4971 21.4437 20.4241 22.4210 21.3354 22.1712 22.4323 21.2627 22.7860 21.3219 22.9855 22.3877 21.9891 22.1002 20.7454 23.8839 22.7145 21.6460 23.8105 21.0952 21.3222 17.9043 20.3295 22.7145 22.1608 22.7873 22.2779 23.0043 22.3187 23.2644
6.4128 4.5208 7.4245 0.0000 5.5957 6.7365 5.1393 11.8915 6.8337 8.1412 11.5601 5.8364 12.9674 5.8457 11.9762 6.4257 11.3503 11.1952 5.8556 12.0214 9.1060 7.8497 7.2980 9.0987 6.2230 6.2628 5.0648 6.6146 12.9882 12.1684 24.6682 25.4260 24.5779 25.6579 25.2416 24.8451 22.6746 25.4953 24.2510 25.7424 24.5041 24.8223 25.6963 24.1800 25.3814 23.0363 25.5096 22.0706 24.5097 24.1629 25.1364 25.3398 24.9261 23.9511 25.4162 23.4743 24.9554 23.9704 26.3786 24.0299 12.6358 12.5903 12.7577 14.3891 13.5631 11.8248 12.0620 12.8141 8.9480 15.8318 15.5040 18.2418 15.7521 16.3424 17.5358 11.2069 13.8139 11.1352 17.6513 13.2517 11.3586 12.7901 14.1549 10.9608 12.7857 15.2928 11.7129 15.9117 17.9653 11.1369 10.7245 17.8992 17.2906 15.1212 16.2595 17.2862 16.2324 18.3369 12.8826 10.4172 17.5879 18.9152 13.0467 11.9608 17.6919 17.6856 15.3367 16.2257 13.6966 14.1325 18.1167 11.8941 20.1425 17.5752 18.0736 11.2708 14.1172 14.7793 10.5968 17.3286 22.2171 22.2424 21.4099 23.1458 22.3066 22.9187 23.4523 21.7664 23.5849 21.8745 23.7544 23.3138 22.9531 22.9004 21.3973 24.6709 23.5195 22.5110 24.5834 21.8956 22.2218 18.4918 21.4196 23.6670 22.8790 23.7246 23.1992 24.0981 23.3494 24.3397
6.9754 4.5659 7.6241 5.5957 0.0000 6.2437 5.0634 12.5472 6.0340 7.6616 12.2222 5.8138 14.0359 5.4784 12.2188 5.5000 12.3232 12.2170 5.4869 12.9657 8.4045 9.1263 7.1848 9.8229 7.4030 4.6470 6.0837 5.9262 14.3577 12.4672 25.2436 26.0969 25.0918 26.4619 25.6935 25.6402 23.1792 26.4016 24.9320 26.4930 25.1915 25.6220 26.2559 24.4383 25.8401 23.6307 26.3270 22.6490 25.3549 24.8637 25.9602 26.0346 25.5962 24.5577 26.0403 24.1935 25.7371 24.5205 27.0388 24.8108 11.7198 11.1548 11.9928 14.2338 12.3923 10.6106 11.1178 11.5456 8.8400 14.8065 14.4505 17.5443 14.6537 15.3931 16.7621 10.7875 13.1272 10.3436 17.0833 11.9286 11.4520 11.8924 13.0184 9.9052 12.4029 14.7367 11.7108 15.2639 17.2084 10.7077 10.6233 18.1133 17.6886 15.2444 16.7721 17.2938 17.1391 18.3775 13.3213 9.9964 18.2882 19.1819 13.4064 12.5528 17.6859 17.6614 14.5190 16.1207 14.0850 14.2768 17.8851 11.4708 20.5348 17.6449 17.9500 11.1006 13.9888 14.8219 10.2960 17.4088 22.0568 22.0588 21.6046 23.0111 21.8877 22.6658 23.6550 21.5518 23.3981 21.6164 23.2696 23.3235 22.8470 22.7748 21.3113 24.2792 23.3532 22.2665 24.3690 21.7997 22.2607 18.6310 21.3897 23.8777 22.7481 23.6116 23.0379 24.1200 23.4696 24.5325
8.4134 6.5794 8.0412 6.7365 6.2437 0.0000 6.4664 15.2137 7.1727 11.1474 15.5406 7.4940 16.8016 4.1676 15.3735 7.4025 15.0819 14.8158 7.7030 15.9251 6.7739 11.8178 10.6052 11.8117 9.0976 8.3466 7.2056 8.7931 16.5458 15.3608 22.7981 23.4340 22.3617 23.4970 23.0224 22.7522 20.8396 23.5895 22.1850 23.7801 22.4805 22.9656 23.2476 22.0693 23.1216 20.7464 23.3732 20.2629 22.6474 22.2811 23.1848 23.2074 22.9629 22.0896 23.3156 21.4996 22.7700 22.0641 24.1309 22.0683 11.1833 11.6054 11.2243 12.7912 11.6750 9.2289 10.2916 10.8743 8.7345 13.8951 13.4669 15.6641 13.2094 14.4376 15.4061 10.8912 11.6162 10.0482 15.6468 11.2134 11.1641 10.7621 12.0358 8.9521 10.6260 14.1286 10.9665 13.3720 15.4794 10.1539 8.8552 15.1452 14.5897 12.0620 14.3154 14.6247 15.5302 15.6037 10.6920 8.5686 16.0653 16.1962 11.1927 10.3658 15.2417 14.7477 12.6877 13.6182 11.4484 11.7387 15.1788 10.0010 17.2723 14.7133 15.2337 8.4488 11.7323 11.2880 7.6527 14.0891 19.5858 19.4862 18.6625 20.6676 19.9433 20.3841 20.8160 19.3473 20.8936 19.0935 21.3060 20.7022 20.4686 20.3814 19.0328 22.0278 20.8130 19.9672 21.8675 19.3237 19.8220 16.3898 19.1226 21.1181 20.3142 21.2326 20.5036 21.4418 20.7999 21.6502
8.4737 5.0491 8.6957 5.1393 5.0634 6.4664 0.0000 11.7314 7.9521 8.9645 12.6094 7.8494 14.5622 5.3648 11.5391 6.0376 12.3892 11.6196 5.6495 13.2663 7.4508 8.7765 7.8418 8.3321 8.3618 6.1229 5.1079 6.1612 14.6045 11.4433 24.7870 25.5815 24.4951 25.7970 25.1671 24.9959 22.7179 25.7440 24.3967 25.9909 24.5469 25.1194 25.5110 24.0844 25.2102 23.0698 25.6097 22.0898 24.7519 24.3664 25.3627 25.3621 25.0994 24.1230 25.5165 23.6462 25.1051 24.0414 26.3508 24.1729 11.5774 10.5687 11.7882 14.1387 11.6181 10.0619 10.6514 11.3221 7.9985 14.1585 14.2090 16.9775 13.7924 14.8093 16.0852 10.5614 13.3695 9.6330 16.7599 12.2415 11.1156 11.9330 12.5566 9.7800 11.8448 14.2086 11.3893 14.8442 16.6972 10.1515 9.5679 17.0285 16.7892 14.2368 15.7302 16.3137 16.1745 17.3499 12.6848 8.9411 17.4748 18.3462 11.9895 11.0183 16.9244 16.8572 13.6517 14.9839 12.9283 13.3549 16.8510 10.6211 19.4517 16.7140 17.2272 10.3664 12.7826 13.3861 9.5223 16.3567 21.1421 21.2274 20.6842 22.1501 21.3441 22.0105 22.7640 20.8544 22.4662 20.8013 22.7495 22.5414 22.0267 21.9589 20.6093 23.5051 22.4702 21.4739 23.6271 21.0033 21.4276 17.6952 20.7842 23.0660 21.8742 22.9087 22.2427 23.1738 22.5755 23.6336
12.9687 11.6367 14.0012 11.8915 12.5472 15.2137 11.7314 0.0000 14.2350 10.1368 7.6647 13.6957 9.4475 14.5016 6.4262 11.6162 6.4314 5.6584 9.9566 7.8219 16.5414 8.3330 9.7454 8.4774 11.1750 10.7730 12.8706 10.5059 10.4659 7.0257 29.6099 30.2381 29.4794 30.1288 30.0621 29.2661 27.7851 29.6779 29.0689 30.2886 29.2421 29.6871 30.3929 29.3449 30.2231 28.2561 30.0165 27.1934 28.9740 28.9816 29.6550 29.9182 29.7790 28.9421 30.2871 28.4525 29.5784 28.9514 30.7952 28.5646 19.9753 18.8702 19.6556 21.6596 20.0220 18.9811 18.8759 19.7146 15.9176 21.9947 22.3945 24.7184 22.3325 23.0342 23.8332 18.0642 21.2681 17.5755 24.4349 20.6688 18.5695 20.1650 21.0846 18.6910 20.1054 21.8430 18.4163 22.7003 24.3208 17.9917 16.1946 23.5037 23.0232 20.8086 20.6090 22.6697 18.8909 23.7397 19.6198 15.5386 22.1488 24.1847 18.7306 16.9291 23.4628 23.4849 22.0834 21.3293 19.9635 20.1854 24.0518 17.0051 25.4142 23.0704 24.1535 18.1929 20.5454 21.2229 17.5111 23.1308 27.5009 27.5715 26.7866 28.2897 27.7789 28.1900 28.4059 27.3793 28.6045 27.4455 29.2644 28.3430 28.1125 28.0610 26.8218 29.8706 28.6272 27.7259 29.8494 27.4398 27.4257 24.0071 26.9111 28.6091 28.1212 29.0379 28.4097 28.9952 28.2346 29.2238
5.5724 7.0393 6.8880 6.8337 6.0340 7.1727 7.9521 14.2350 0.0000 8.6441 13.4048 5.4839 14.0999 6.9469 14.9097 7.2910 13.1758 13.8280 7.0101 13.5347 10.5569 10.1900 8.3031 11.8175 6.9471 7.5172 7.9020 8.0105 14.1874 15.2514 24.0855 24.9275 24.0247 25.2122 24.8196 24.3038 22.0899 24.8963 23.7432 24.9887 23.8643 24.1073 25.5694 23.6240 25.0489 22.3864 25.1324 21.4554 23.8151 23.4712 24.5171 24.7970 24.1417 23.2314 24.8072 22.9709 24.2824 23.3611 25.9388 23.4923 13.3145 13.9879 13.3394 14.9701 14.7051 12.8723 12.9186 13.6117 10.7715 16.8089 16.0449 18.9748 16.9074 17.4372 18.2782 12.3501 14.0344 12.6943 18.0451 13.5276 12.0562 13.1056 14.9029 11.6655 13.7585 16.4617 12.3874 16.1707 18.8266 12.2777 11.6845 18.1773 17.3777 15.4438 16.5936 17.6132 16.2516 18.9149 13.1770 11.2131 17.0500 18.8034 14.0299 13.5430 17.6440 18.0520 16.1886 16.6665 14.5499 14.4497 18.9095 12.0795 20.4779 17.7869 18.2503 11.3494 15.1892 15.9116 10.9819 17.6414 22.6145 22.6456 21.5448 23.4811 22.4099 23.0225 23.7361 22.1255 24.1217 22.2474 23.8559 23.5464 23.1921 23.1476 21.4545 25.1217 23.9861 22.6848 24.8868 21.9455 22.2821 18.8359 21.3165 23.7775 23.2397 23.8138 23.3483 24.3668 23.4678 24.5953
7.2946 8.3978 9.2894 8.1412 7.6616 11.1474 8.9645 10.1368 8.6441 0.0000 10.1267 8.0018 9.6029 10.6944 11.5606 6.5323 9.4884 10.8468 7.1246 9.6807 13.8696 8.0598 5.8211 10.2531 7.9380 6.7315 9.5248 7.3655 12.7023 12.2731 28.8244 29.5352 28.8823 29.7063 29.4077 28.7930 26.9149 29.3836 28.4673 29.7466 28.6149 28.9232 29.8617 28.2646 29.6046 27.3150 29.5718 26.3828 28.4785 28.2148 29.1722 29.4426 29.0716 28.0462 29.5376 27.5782 29.0147 28.1927 30.3827 28.0949 16.6732 16.2356 16.9527 18.8017 17.6564 16.2929 16.3215 17.1208 13.5729 20.0672 19.3410 22.6355 20.3441 20.5448 21.6962 15.0086 18.1274 15.3677 21.8320 17.3387 15.4342 16.8491 18.3209 15.5868 17.4823 19.4891 16.0147 20.2320 22.0364 15.4780 15.4472 22.5014 21.9553 20.0570 20.5128 21.4024 19.7372 22.9616 17.5036 14.5962 21.5506 23.2736 17.6717 17.0073 22.3231 21.9601 19.7998 20.6664 18.5688 18.7390 22.6744 16.3521 24.4623 21.9037 22.7685 16.2626 19.0785 20.0059 15.4024 22.0383 26.6508 26.6336 25.9555 27.4551 26.4238 27.2628 27.6991 26.2153 27.7743 26.4014 27.9516 27.5771 27.1572 27.2155 25.8508 28.8618 27.7847 26.7724 28.8912 26.3595 26.5554 23.0826 25.5888 28.0093 27.2201 27.9473 27.5699 28.3136 27.5793 28.5549
11.5756 11.1681 13.6966 11.5601 12.2222 15.5406 12.6094 7.6647 13.4048 10.1267 0.0000 12.3007 6.6071 14.5251 6.7285 12.6448 4.4284 5.5947 10.7378 4.6039 17.0569 8.2217 8.9949 10.0052 10.1036 10.2522 13.0629 9.7739 6.8601 7.6086 30.3247 30.9346 30.6213 31.2163 31.1248 30.4148 28.5064 30.7061 29.9559 31.1968 30.1869 30.3997 31.6131 30.1707 31.2664 29.3371 31.0453 28.0781 29.9552 29.6610 30.5561 31.0116 30.7013 29.5282 31.1820 29.1079 30.6859 29.8578 31.9556 29.5716 19.6266 19.2608 19.8496 21.3551 20.7632 19.6416 19.8439 20.1119 15.7760 22.9337 22.7252 25.5585 23.3210 23.5148 24.6148 17.8921 21.2878 17.9586 24.6607 20.6003 17.8865 20.3283 21.5051 18.5833 20.4629 22.0201 18.1764 23.5138 25.1374 17.6110 18.0778 25.0447 24.2888 22.3687 22.5436 24.2987 20.8414 25.3851 20.6845 17.1623 23.6900 25.9197 20.4568 19.0894 24.9257 25.0292 23.1159 23.3759 21.2838 21.5525 25.5136 18.3352 26.9501 24.4860 25.4612 19.2290 21.7514 22.9706 18.8090 24.9709 29.0153 28.9598 28.3271 29.6396 28.6626 29.5757 29.7679 28.5863 30.0473 28.9186 30.3406 29.7476 29.3663 29.4380 28.1597 31.2454 30.0591 29.1059 31.2555 28.6797 28.7051 25.2319 27.7234 30.0519 29.5626 30.2556 29.9468 30.4490 29.6365 30.6214
4.6768 6.4198 6.3939 5.8364 5.8138 7.4940 7.8494 13.6957 5.4839 8.0018 12.3007 0.0000 12.9372 7.2535 13.9853 7.0172 12.1539 12.7742 7.2616 12.2357 11.0156 9.4221 7.4861 11.3421 6.5990 7.0903 7.0996 7.0431 13.1827 14.4663 25.3063 26.0033 25.2913 26.3296 25.9502 25.5397 23.3969 26.1477 24.9371 26.2841 25.1360 25.4123 26.5106 24.8198 26.0879 23.9247 26.2265 22.8731 25.1984 24.7186 25.7164 26.0265 25.5225 24.5374 26.0553 24.1360 25.6426 24.7173 27.0325 24.7729 13.3217 13.8500 13.5109 14.8099 14.7611 12.7089 13.2263 13.7480 10.3512 16.9167 16.1113 19.2147 17.1398 17.3664 18.4744 11.6143 13.9390 12.6955 18.1872 13.4339 11.6745 13.0576 14.8994 11.4831 13.8062 16.1356 12.4843 16.8535 19.0157 11.7303 12.6355 19.2898 18.5793 16.5353 17.7823 18.6867 17.5425 19.7314 14.4520 11.9730 18.4736 20.0965 15.2011 14.5296 19.0047 19.1597 16.5130 17.8329 15.3705 15.5019 19.7336 13.1139 21.4572 18.8441 19.2189 12.8154 15.8180 16.6247 12.0272 18.6990 23.3808 23.4357 22.6413 24.2213 23.1550 23.8926 24.5212 22.8559 24.6820 23.1099 24.6183 24.3891 23.9211 24.0315 22.5187 25.6916 24.5704 23.5734 25.6597 22.8988 23.2362 19.8714 22.3073 24.7386 24.0269 24.6897 24.2550 25.0501 24.3605 25.3404
12.1127 13.2342 14.3433 12.9674 14.0359 16.8016 14.5622 9.4475 14.0999 9.6029 6.6071 12.9372 0.0000 16.2632 11.0090 13.3145 5.9210 8.9251 12.6433 5.2279 19.1415 10.4978 9.4945 12.8702 11.1164 12.0004 14.9827 11.8308 8.0660 11.8422 32.0421 32.4777 32.2453 32.4330 32.7265 31.6010 30.3679 31.8541 31.5101 32.5256 31.6407 31.8230 32.9958 31.9642 32.9296 30.7841 32.2910 29.8963 31.2411 31.1747 31.8761 32.3343 32.1776 31.1625 32.6320 30.6496 31.8654 31.5967 33.2130 30.9872 21.9952 22.0359 22.2538 23.4447 23.3724 22.0786 22.2359 22.6670 18.5045 25.6174 24.8578 27.7889 25.9709 26.0710 27.0042 20.1189 23.2977 20.6802 26.8398 22.9518 20.0136 22.3673 23.9352 21.0955 22.7276 24.5615 20.5571 25.5422 27.2212 20.1946 20.5484 26.8175 26.0660 24.5101 24.3275 25.7871 22.3720 27.3141 22.2038 19.5312 25.1211 27.4014 22.4132 21.4475 26.9162 26.5218 25.4756 25.3995 23.2198 23.4521 27.4592 20.9943 28.2637 26.1229 27.4449 21.3618 24.0770 24.8508 20.8440 26.6300 31.0962 31.0222 30.0907 31.7519 30.9258 31.7363 31.4578 30.8157 31.9628 31.0432 32.5737 31.6043 31.3672 31.5032 30.2947 33.3130 31.9854 31.2095 33.2286 30.7426 30.6865 27.4934 29.7356 31.7997 31.6082 32.2276 31.9432 32.2269 31.4345 32.2246
8.4225 5.8201 8.4444 5.8457 5.4784 4.1676 5.3648 14.5016 6.9469 10.6944 14.5251 7.2535 16.2632 0.0000 14.1200 7.1477 14.3386 13.7985 7.0153 15.2156 6.5119 10.9049 9.6145 10.5797 8.8516 7.5908 5.9977 7.7716 15.9798 14.0078 22.9585 23.7317 22.7207 24.2141 23.4114 23.4754 20.9177 24.2453 22.5580 24.2823 22.8371 23.3177 23.9411 22.2495 23.5008 21.2439 24.0614 20.2855 23.1597 22.5956 23.6895 23.7745 23.3194 22.3109 23.6947 21.8714 23.4219 22.2220 24.8422 22.5826 10.6844 10.5172 10.9131 12.7390 10.9790 8.8147 9.6066 10.2667 7.8615 13.3235 12.9035 15.5250 12.7303 13.8853 15.0634 10.1496 11.7034 9.2182 15.2337 10.5785 10.4662 10.6432 11.5227 8.3788 10.1980 13.3417 10.4691 13.4163 15.4903 9.6342 8.8305 15.6737 14.9936 12.4525 14.9364 15.3096 16.0467 16.0418 11.2838 8.3398 16.2268 16.9774 11.3767 10.4039 15.3198 15.4343 12.1719 13.9608 11.4130 12.0018 15.4036 9.3792 18.1385 15.2583 15.4351 8.6161 11.5491 11.8452 7.5649 14.7652 19.7266 19.6932 19.1425 20.7175 19.8048 20.4110 21.3160 19.2512 21.1774 19.2461 21.0941 21.0532 20.5805 20.4819 18.9637 22.1048 21.0967 20.0319 22.0854 19.3604 19.9503 16.1826 19.1720 21.5697 20.4800 21.3502 20.7519 21.8629 21.1818 22.2315
13.7717 11.2949 14.9765 11.9762 12.2188 15.3735 11.5391 6.4262 14.9097 11.5606 6.7285 13.9853 11.0090 14.1200 0.0000 12.5641 7.8994 5.2851 10.5348 9.0922 15.7473 9.0000 10.5507 8.0324 11.9681 10.2921 12.4276 10.2640 10.8030 3.2916 29.6386 30.3079 29.6295 30.6742 30.1963 29.9435 27.7145 30.3193 29.2688 30.7263 29.5031 29.9764 30.6303 29.3088 30.2150 28.6078 30.4296 27.2042 29.5304 29.2132 30.1285 30.2870 30.0695 29.0424 30.5042 28.6412 30.1604 29.0097 31.2336 29.0274 18.7912 17.1314 18.6047 20.6792 18.6100 17.8718 17.8735 18.2157 14.3886 20.5330 21.3353 23.5779 20.7715 21.4642 22.6890 16.9484 20.4435 16.2048 23.2881 19.4566 17.6382 19.4174 19.7670 17.4331 19.1727 20.3227 17.6197 22.1716 23.3446 16.7305 15.9885 23.3217 22.9936 20.6374 21.0109 22.8020 19.8790 23.3922 19.9847 15.0889 22.9039 24.6148 18.4489 16.6993 23.1844 23.5510 21.0162 21.1800 19.7905 19.9833 23.2568 16.5133 25.6740 23.1369 23.8402 17.8480 19.7181 20.8990 17.3378 23.2333 26.9472 27.0507 26.6478 27.6714 26.9651 27.6702 28.2753 26.6707 28.0783 26.8309 28.4553 28.0686 27.5937 27.5775 26.3640 29.0797 28.0864 27.1931 29.2564 26.8800 27.0618 23.4550 26.4482 28.4940 27.5605 28.5651 28.0394 28.6971 28.0848 29.0961
6.8278 6.6145 7.9186 6.4257 5.5000 7.4025 6.0376 11.6162 7.2910 6.5323 12.6448 7.0172 13.3145 7.1477 12.5641 0.0000 12.1315 12.0774 5.7929 12.7711 10.6799 9.0902 6.9034 9.9121 8.0891 5.9384 6.7888 6.8363 15.2273 13.0875 25.9194 26.7096 25.6619 27.0219 26.3211 26.1561 23.9198 26.8447 25.5898 26.9881 25.7025 26.1346 26.9213 25.2434 26.4862 24.2451 26.8952 23.3248 25.7826 25.5471 26.5010 26.5648 26.0590 25.3602 26.6212 24.9556 26.1611 25.1040 27.5913 25.3755 13.7432 12.7781 13.6749 15.8983 13.9729 12.1391 12.1224 13.2153 10.5911 16.0703 15.7310 18.8313 16.1402 17.0426 18.0594 11.7272 14.6245 12.1845 18.5370 13.6826 12.8667 13.2457 14.4583 11.7483 13.7749 16.2903 13.2677 16.7535 18.5939 12.4649 11.4364 19.0109 18.5002 16.2471 17.2353 18.0755 17.2356 19.1921 14.4405 10.5793 18.4628 19.8856 14.0671 13.2461 18.5090 18.6982 15.6593 16.7681 14.8926 15.1807 18.8601 12.7508 21.5549 18.6704 19.1039 12.1759 15.1304 15.9719 11.3813 18.1859 22.9747 23.1024 22.4512 23.9037 23.0737 23.5421 24.5469 22.4903 24.2949 22.5715 24.3054 24.2165 23.7903 23.7315 22.1255 25.2526 24.2783 23.1998 25.2767 22.6915 23.1346 19.6352 22.4946 24.6656 23.5925 24.4903 23.9302 24.9444 24.3161 25.3580
11.4177 11.1859 13.2566 11.3503 12.3232 15.0819 12.3892 6.4314 13.1758 9.4884 4.4284 12.1539 5.9210 14.3386 7.8994 12.1315 0.0000 4.9569 10.3939 4.0439 16.9894 7.9336 8.4706 9.6310 9.3952 10.3918 13.1550 9.5569 6.4677 8.2648 30.0656 30.5236 30.2707 30.5705 30.7271 29.7759 28.3295 30.0613 29.5185 30.6855 29.7689 29.9359 31.0461 29.9388 30.9118 28.8441 30.4418 27.8346 29.3809 29.3034 29.9905 30.5125 30.2740 29.2608 30.7444 28.7346 30.0168 29.5806 31.3893 29.0296 20.2259 19.9686 20.3003 21.7326 21.1595 19.9139 20.2064 20.6332 16.3560 23.4115 23.1766 25.7906 23.7695 24.0749 24.9777 18.5355 21.5844 18.4534 25.0133 21.1833 18.4438 20.6600 22.0162 19.2590 20.6692 22.5939 18.5243 23.6397 25.2299 18.0687 17.8347 24.7457 23.8561 22.0572 21.9902 23.8637 20.1517 25.0759 20.3400 17.0540 23.2363 25.4000 20.2448 18.7968 24.7675 24.5157 23.3325 23.0675 20.9957 21.3092 25.3302 18.2477 26.2035 23.9555 25.2218 19.1013 21.7536 22.6072 18.6347 24.5181 28.8911 28.7966 27.9617 29.5767 28.8547 29.5544 29.3646 28.6095 29.8733 28.8308 30.4878 29.5237 29.2980 29.3203 28.0805 31.2349 29.8721 29.0585 31.1148 28.6180 28.6013 25.1998 27.7184 29.7250 29.4719 30.1531 29.7675 30.1902 29.3463 30.1812
12.3045 10.7284 13.8055 11.1952 12.2170 14.8158 11.6196 5.6584 13.8280 10.8468 5.5947 12.7742 8.9251 13.7985 5.2851 12.0774 4.9569 0.0000 9.9884 6.5137 16.0241 7.6236 9.1341 7.6933 10.0065 10.2169 12.2809 9.5615 7.9737 5.6884 28.8750 29.3567 28.9787 29.6240 29.5274 28.8929 27.0920 29.1554 28.3456 29.6413 28.6557 28.8982 29.9095 28.7939 29.6087 27.8116 29.4376 26.5902 28.4058 28.2914 28.9939 29.4158 29.1368 28.2485 29.6458 27.7524 29.0274 28.3233 30.3519 28.0001 19.5525 18.6907 19.2567 20.8682 19.8242 18.5694 18.7720 19.2666 15.1157 21.7199 22.2100 24.3442 22.0570 22.7012 23.6387 17.5404 20.6149 17.1687 23.9097 20.1315 17.7642 19.8650 20.7865 18.1283 19.5487 21.2580 17.5756 22.6758 24.0190 17.0475 15.9554 23.2004 22.4224 20.3625 20.4085 22.6635 18.6940 23.3507 19.5184 15.1283 22.0489 24.1661 18.6152 16.7904 23.2238 23.3711 21.7932 21.3787 19.5488 19.7893 23.7045 16.4350 25.0818 22.7351 23.7730 17.6654 20.1007 21.0462 17.2700 23.0556 27.3029 27.3300 26.5196 28.0185 27.4399 27.9642 28.0796 27.0173 28.4044 27.2223 28.9871 28.1481 27.8431 27.8463 26.5208 29.6575 28.3464 27.5482 29.5686 27.0883 27.1696 23.6271 26.4991 28.3570 27.9030 28.7420 28.2686 28.7651 28.0039 28.8837
6.8448 5.0468 7.8875 5.8556 5.4869 7.7030 5.6495 9.9566 7.0101 7.1246 10.7378 7.2616 12.6433 7.0153 10.5348 5.7929 10.3939 9.9884 0.0000 11.1814 9.5612 6.9324 6.4395 7.1773 6.4987 5.4544 7.1652 5.2872 12.5227 10.6589 24.8586 25.4600 24.6593 25.7856 25.3812 24.9256 22.9015 25.5060 24.3486 25.8813 24.5345 25.0140 25.8354 24.3771 25.4710 23.3993 25.5915 22.2964 24.6185 24.2291 25.1403 25.4706 25.1031 24.0840 25.5640 23.5798 25.1233 24.2131 26.4185 24.1426 13.6455 13.2339 13.5378 15.5881 13.9411 12.4600 12.7004 13.6292 9.9355 16.2562 16.3541 18.9423 16.3739 17.2668 18.1668 12.3796 14.9180 11.7191 18.5558 14.0319 12.6422 13.7510 14.8174 11.7546 13.8090 16.1892 12.4453 16.6747 18.6224 11.8295 10.3388 17.8485 17.3072 14.7609 15.7314 17.3573 15.4523 18.2774 13.6646 9.4655 17.2752 19.0029 13.2673 11.7720 17.7980 18.0283 15.6883 15.9786 14.0480 14.0382 18.3740 10.9766 20.2199 17.4793 18.3291 11.4794 14.5976 15.0558 10.5871 17.3484 22.3759 22.4213 21.6230 23.2768 22.4080 23.1137 23.5167 22.1059 23.6462 22.1661 24.0305 23.4628 22.9930 23.0594 21.6628 24.8053 23.6156 22.5598 24.8125 22.0654 22.3342 18.6716 21.5428 23.7738 23.0557 23.9123 23.3804 24.0822 23.3506 24.3895
11.2998 11.8301 13.6171 12.0214 12.9657 15.9251 13.2663 7.8219 13.5347 9.6807 4.6039 12.2357 5.2279 15.2156 9.0922 12.7711 4.0439 6.5137 11.1814 0.0000 17.8858 8.7726 8.8718 10.9981 10.1204 11.0205 13.7846 10.3301 6.1838 9.7337 30.9641 31.4119 31.1848 31.4714 31.6633 30.6489 29.2311 30.9137 30.4622 31.5420 30.6094 30.8032 32.0007 30.8725 31.8198 29.8412 31.3174 28.7795 30.2626 30.1164 30.8547 31.3641 31.1530 30.1186 31.6239 29.6309 30.9256 30.4884 32.2435 29.9397 20.7987 20.7574 21.0106 22.3672 22.0309 20.7525 21.0345 21.4908 17.1472 24.2615 23.8450 26.6243 24.6961 24.8417 25.7575 19.0148 22.1611 19.3057 25.7241 21.7599 18.8006 21.2878 22.7049 19.7194 21.5422 23.1907 19.1385 24.4514 26.0619 18.6271 19.0728 25.6146 24.8370 23.0531 22.9834 24.7736 21.1372 26.1035 21.2134 18.0802 23.9593 26.3430 21.2648 20.0912 25.7393 25.5010 24.1421 24.1080 21.9715 22.2037 26.3362 19.3634 27.1674 24.8850 26.1526 20.1326 22.7691 23.6830 19.5686 25.4525 29.8896 29.8437 28.9680 30.5406 29.6370 30.4961 30.3437 29.5871 30.8137 29.8705 31.4056 30.4807 30.1575 30.3063 29.1203 32.1365 30.8075 30.0033 32.0943 29.5410 29.5111 26.2148 28.5480 30.6820 30.4272 31.0852 30.7549 31.0712 30.2700 31.1235
11.7807 8.2545 11.4702 9.1060 8.4045 6.7739 7.4508 16.5414 10.5569 13.8696 17.0569 11.0156 19.1415 6.5119 15.7473 10.6799 16.9894 16.0241 9.5612 17.8858 0.0000 13.7885 12.8372 12.5977 11.8386 10.1473 8.8645 10.6992 17.9980 15.2118 22.7349 23.3403 22.0595 23.5247 22.8039 22.8107 20.7753 23.7105 22.1597 23.9077 22.3455 23.1043 22.8646 21.8133 22.6834 20.6642 23.3204 20.2114 22.7567 22.2753 23.2094 22.9983 22.9910 22.0672 23.2162 21.5437 22.8444 21.9866 23.9646 22.0698 10.5487 9.9101 10.5454 12.7870 9.8729 8.0546 9.8405 9.9574 8.8428 12.3793 12.7511 14.3280 10.9830 12.9679 13.9805 11.2226 11.8284 8.9400 14.7474 10.6446 11.4344 10.7493 10.6749 8.3716 10.2089 12.8679 11.1975 12.2136 14.2465 9.5326 8.5436 13.8427 13.9090 11.2133 13.5744 13.5208 15.7159 14.0688 10.6981 8.1402 16.2992 15.6991 9.8654 9.2822 14.4020 13.9273 10.8963 12.4631 10.8439 10.9427 13.5048 9.1731 16.3421 13.8535 14.3627 8.3247 10.3007 8.9675 7.3167 12.6600 18.1160 18.2611 17.6336 19.3755 18.6896 19.3313 19.8989 18.1098 19.3980 17.6606 20.0725 19.7692 19.2261 19.2206 18.0523 20.4576 19.4413 18.6778 20.6149 18.0590 18.7994 15.3925 18.2937 20.2869 19.0595 20.1989 19.3495 20.2019 19.7661 20.6750
8.4832 8.1127 10.2230 7.8497 9.1263 11.8178 8.7765 8.3330 10.1900 8.0598 8.2217 9.4221 10.4978 10.9049 9.0000 9.0902 7.9336 7.6236 6.9324 8.7726 13.7885 0.0000 6.2599 6.0351 6.7437 7.6616 8.6881 6.6722 9.9448 9.3733 27.3350 28.0204 27.5418 28.3066 28.1236 27.4599 25.3777 27.9016 26.9347 28.2352 27.1930 27.3931 28.6416 27.1339 28.2054 26.1226 28.1587 24.8539 26.9760 26.7911 27.6047 28.0910 27.6164 26.6531 28.1870 26.1439 27.6367 26.7336 29.0837 26.5513 16.7428 16.1100 16.6034 18.3982 17.5020 16.2179 16.2332 16.8658 12.4100 19.6453 19.7947 22.4743 20.0487 20.5014 21.5017 14.6636 18.1036 14.7113 21.7329 17.7593 14.9295 17.0094 18.3609 15.6086 17.1003 19.0107 15.0241 20.2788 22.1459 14.4522 13.9153 21.7325 20.8479 18.9065 19.0441 20.9508 17.3858 22.0053 17.0585 13.3469 20.3523 22.5137 16.7255 15.2459 21.4009 21.7169 19.7790 19.8138 17.7331 18.0876 22.2224 14.4660 23.7226 21.2383 22.0773 15.5118 18.2359 19.4229 15.0220 21.4337 25.8335 25.8566 25.0390 26.5604 25.7584 26.4347 26.7444 25.3888 27.0793 25.6682 27.3773 26.7494 26.4112 26.3370 24.7898 28.3026 27.0740 26.0126 28.1792 25.4842 25.6589 21.8820 24.7828 26.9899 26.4264 27.2114 26.7788 27.4808 26.6235 27.6400
7.2611 7.1018 9.1071 7.2980 7.1848 10.6052 7.8418 9.7454 8.3031 5.8211 8.9949 7.4861 9.4945 9.6145 10.5507 6.9034 8.4706 9.1341 6.4395 8.8718 12.8372 6.2599 0.0000 8.1531 6.7469 5.3530 8.3514 5.4739 11.0187 10.9635 27.8135 28.4722 27.8368 28.6344 28.3767 27.7601 25.9056 28.3294 27.4000 28.6638 27.5504 27.8619 28.8003 27.3898 28.5214 26.3088 28.5001 25.3839 27.4027 27.2344 28.0850 28.3513 28.0200 27.1198 28.5228 26.6338 27.8929 27.1997 29.2939 27.0084 16.0343 15.5108 16.2068 17.9945 16.9530 15.3699 15.6331 16.1326 12.4048 19.3024 18.8160 21.9067 19.4794 19.9455 21.0099 14.1504 17.3810 14.4797 21.2269 16.6947 14.5185 16.1753 17.5857 14.7618 16.5852 18.7623 14.9956 19.6354 21.4453 14.2257 14.3196 21.5971 20.9453 19.0199 19.5643 20.6057 18.3416 21.9889 16.9349 13.2419 20.5734 22.4096 16.7866 15.7707 21.4170 21.2828 19.1092 19.7617 17.5500 17.8713 21.7548 14.7983 23.5713 20.9368 21.8890 15.2642 18.0255 19.0222 14.6073 21.1202 25.7396 25.7467 25.0069 26.5660 25.6884 26.3668 26.7632 25.3467 26.8542 25.4755 27.1553 26.6732 26.3515 26.3305 24.8920 28.0461 26.8575 25.9199 27.9963 25.4339 25.6789 22.1497 24.8121 27.0301 26.3323 27.1208 26.6699 27.3756 26.6231 27.5690
11.0511 8.3950 11.9195 9.0987 9.8229 11.8117 8.3321 8.4774 11.8175 10.2531 10.0052 11.3421 12.8702 10.5797 8.0324 9.9121 9.6310 7.6933 7.1773 10.9981 12.5977 6.0351 8.1531 0.0000 8.8813 8.7165 9.2893 7.3269 11.9265 7.6850 26.2240 26.7422 26.2182 27.1137 26.8237 26.3641 24.2258 26.8234 25.6867 27.1948 25.8915 26.3605 27.1541 26.0236 26.7292 25.0798 26.8421 23.7283 25.9473 25.6544 26.5030 26.8152 26.5262 25.5929 26.9809 24.9771 26.5184 25.5860 27.7564 25.4187 16.4732 15.2293 16.0839 18.1215 16.1609 15.0181 15.2940 15.9129 11.6012 18.2257 18.9700 21.0762 18.3800 19.3688 20.3192 14.5911 17.8905 13.6712 20.6973 17.0753 14.9741 16.8435 17.3731 14.8466 16.1123 18.0740 14.5632 19.3694 20.9104 13.8735 12.2230 19.8724 19.0929 16.7496 17.3554 19.5290 16.3839 20.0227 16.4707 11.4093 19.1992 21.1407 15.0147 13.0963 19.8758 20.2079 18.0644 17.8057 16.1451 16.4024 20.1761 12.1746 22.0010 19.5484 20.4142 14.2027 16.5474 17.2568 13.6516 19.5698 23.8881 23.9815 23.2698 24.6448 24.0018 24.6720 24.9444 23.7578 25.0573 23.8339 25.6726 24.9554 24.5212 24.5033 23.1812 26.3327 25.0928 24.1275 26.3041 23.6996 23.9638 20.0544 23.2412 25.2444 24.5548 25.5171 24.9131 25.5427 24.7985 25.7843
6.0090 6.6154 8.2735 6.2230 7.4030 9.0976 8.3618 11.1750 6.9471 7.9380 10.1036 6.5990 11.1164 8.8516 11.9681 8.0891 9.3952 10.0065 6.4987 10.1204 11.8386 6.7437 6.7469 8.8813 0.0000 7.2173 8.5403 7.1271 10.4351 12.3012 25.3768 25.9626 25.4655 26.1292 26.0752 25.2811 23.4504 25.7274 24.8035 26.0630 25.1056 25.2502 26.5863 25.1178 26.2480 23.9415 26.0469 22.9320 24.8294 24.6597 25.4631 25.9117 25.4649 24.5179 26.0188 24.0656 25.3675 24.7336 26.9845 24.4677 15.5302 15.8572 15.3853 16.8143 16.7293 15.0502 15.3279 15.8588 11.9066 18.7920 18.5142 20.9901 19.0330 19.5687 20.4542 14.1281 16.1569 14.1489 20.0906 16.0203 13.8008 15.5409 17.2798 14.0634 15.7148 18.0594 13.7964 18.4454 20.6150 13.4663 12.6873 19.7130 18.6756 16.7939 17.1397 18.9320 15.8660 20.1552 14.6793 12.2694 18.4707 20.3292 15.2800 13.9872 19.5693 19.5460 18.3713 18.1403 16.0013 16.1584 20.5119 13.0823 21.5715 19.1569 20.0853 13.5080 16.8583 17.3005 13.1728 19.1916 24.1687 24.1628 23.0717 24.9718 24.1048 24.7688 24.9081 23.8066 25.4428 23.9924 25.7623 24.9074 24.6967 24.6487 23.1498 26.6933 25.4083 24.3713 26.4787 23.6825 23.8910 20.3655 22.9549 25.0659 24.8361 25.4984 25.0120 25.6922 24.8070 25.7210
7.2868 5.3561 8.7400 6.2628 4.6470 8.3466 6.1229 10.7730 7.5172 6.7315 10.2522 7.0903 12.0004 7.5908 10.2921 5.9384 10.3918 10.2169 5.4544 11.0205 10.1473 7.6616 5.3530 8.7165 7.2173 0.0000 7.0356 5.1962 12.4951 10.6908 26.4415 27.2571 26.3030 27.5267 26.9314 26.7028 24.4677 27.3281 26.0997 27.5355 26.3397 26.7095 27.4321 25.7958 27.0823 24.7748 27.3754 23.8936 26.3261 26.0612 27.0150 27.1011 26.7335 25.8268 27.2246 25.4297 26.7547 25.7258 28.1139 25.8857 13.6150 12.6571 13.6669 16.0127 14.2184 12.6334 12.8797 13.2221 10.1250 16.5404 16.4294 19.3706 16.5487 17.2729 18.5246 12.2574 15.0713 11.9544 19.0793 14.1244 12.9549 13.7959 14.9136 12.0874 14.3105 16.5216 13.3174 17.2789 18.9381 12.3044 11.8491 19.5376 19.0873 16.8471 17.8078 18.5977 17.3443 19.8067 15.0671 10.9128 19.3489 20.5616 14.5904 13.4452 19.1113 19.2231 16.5669 17.4843 15.5831 15.6960 19.2975 12.9510 21.8942 19.0876 19.6777 12.6654 15.5900 16.5929 12.1649 19.0190 23.6218 23.6532 23.0431 24.5676 23.6807 24.2574 25.0598 23.1558 24.9106 23.1918 24.9945 24.8080 24.4359 24.3458 22.8245 25.8849 24.8770 23.8593 25.8773 23.3810 23.7675 20.2069 23.0255 25.2351 24.2545 25.1492 24.6177 25.5831 24.9057 25.9191
7.6372 5.7587 8.3361 5.0648 6.0837 7.2056 5.1079 12.8706 7.9020 9.5248 13.0629 7.0996 14.9827 5.9977 12.4276 6.7888 13.1550 12.2809 7.1652 13.7846 8.8645 8.6881 8.3514 9.2893 8.5403 7.0356 0.0000 7.3453 14.7938 12.6675 24.5383 25.5921 24.4430 25.9822 25.1753 25.1821 22.4524 25.8737 24.3638 25.8376 24.5590 24.9534 25.8875 23.9338 25.2667 23.0001 25.8769 21.7761 24.6925 24.3379 25.4264 25.4485 24.8536 24.0319 25.5247 23.7466 25.1542 23.7461 26.6130 24.1911 11.5917 10.3308 11.3665 13.4630 11.8287 10.0695 10.2891 10.8760 7.3542 14.0888 14.0991 17.0364 13.9690 14.6277 16.0677 9.0881 12.6832 9.7767 16.4672 11.9399 10.1477 11.4194 12.4572 9.5947 11.5626 13.7102 11.0646 14.9444 17.1963 9.8603 9.9731 17.7627 17.2522 15.0331 16.4544 17.1439 16.5323 18.0457 12.9894 9.4681 17.6320 18.9038 12.5120 11.7702 17.2008 17.7514 14.0933 15.6478 13.4876 14.0497 17.6094 10.9500 20.4639 17.6104 17.6977 10.8297 13.2316 14.6314 10.1470 17.1443 21.5463 21.7600 21.1519 22.5118 21.6712 22.1126 23.4517 20.8832 23.1633 21.1099 22.8331 23.0459 22.5226 22.3641 20.5940 24.0039 23.0655 21.8887 23.9941 21.2262 21.7347 17.9331 21.1285 23.5482 22.2627 23.1917 22.5841 23.8301 23.1628 24.3400
7.3086 5.2980 8.6136 6.6146 5.9262 8.7931 6.1612 10.5059 8.0105 7.3655 9.7739 7.0431 11.8308 7.7716 10.2640 6.8363 9.5569 9.5615 5.2872 10.3301 10.6992 6.6722 5.4739 7.3269 7.1271 5.1962 7.3453 0.0000 11.9360 10.2180 26.2472 26.8297 26.2691 27.2997 26.8571 26.4952 24.3078 27.0747 25.8359 27.3581 26.0732 26.4460 27.2710 25.8067 26.9156 24.9188 27.0903 23.8594 26.1369 25.6945 26.6643 27.0146 26.6335 25.5903 27.0680 25.0551 26.6418 25.7127 27.9218 25.6278 13.8326 13.3428 14.1183 16.2375 14.6378 13.0297 13.7724 14.1082 10.3470 17.1035 16.8478 19.9067 17.2077 17.8453 18.9941 12.4175 15.7271 12.2090 19.3750 14.7513 12.7675 14.3194 15.3445 12.3984 14.3826 16.8413 13.0413 17.8548 19.4677 11.9990 12.2379 19.7523 19.0545 16.8062 17.9008 19.1208 17.4316 19.9823 15.4993 11.2628 19.2097 20.9225 15.2949 13.9557 19.5640 19.6837 16.8720 17.9829 15.5758 15.9430 19.8090 12.6865 21.8576 19.1339 19.8546 13.0906 15.9261 16.8874 12.3515 19.3948 23.8786 23.8394 23.2912 24.7239 23.6796 24.5569 24.9860 23.4689 24.9503 23.6264 25.2708 24.9870 24.4495 24.5304 23.1354 26.1563 24.9702 24.0082 26.1828 23.5805 23.8854 20.1668 22.9550 25.3487 24.5138 25.3117 24.9060 25.5771 24.8718 25.8371
12.4123 12.7228 14.4722 12.9882 14.3577 16.5458 14.6045 10.4659 14.1874 12.7023 6.8601 13.1827 8.0660 15.9798 10.8030 15.2273 6.4677 7.9737 12.5227 6.1838 17.9980 9.9448 11.0187 11.9265 10.4351 12.4951 14.7938 11.9360 0.0000 10.8908 29.9276 30.2940 30.1613 30.1402 30.7214 29.3948 28.3231 29.5145 29.2665 30.2243 29.5173 29.6106 30.9260 30.0647 30.8512 28.7960 30.0383 27.8295 28.9860 28.9723 29.5312 30.1428 30.0233 28.9902 30.5435 28.4888 29.6640 29.5326 31.0384 28.6891 21.3292 21.7428 21.2656 22.2823 22.6784 21.4167 21.8364 21.9738 17.4738 24.8339 24.7059 26.8852 25.2305 25.3690 26.1753 19.8370 22.3503 19.8619 25.8909 22.4078 19.2072 21.8678 23.3872 20.4300 21.9485 23.5906 19.2887 24.5742 26.4436 18.8064 19.0404 25.0880 24.2006 22.5963 22.2559 24.4508 19.8516 25.6837 20.9365 18.2496 23.4827 25.7037 21.0768 19.7928 25.4471 25.2584 24.8201 23.8999 21.9880 21.9575 26.2594 19.0925 26.3542 24.3973 25.8775 20.1185 22.8177 23.4940 19.8146 25.1394 29.6085 29.5493 28.3417 30.2632 29.5785 30.2818 29.6983 29.4177 30.5925 29.6292 31.3807 30.0459 29.8741 29.9927 28.8140 32.0417 30.5019 29.8104 31.7941 29.1967 29.0664 25.9229 28.1783 30.0409 30.1889 30.7991 30.4052 30.5890 29.7060 30.4605
14.2565 11.2674 15.3480 12.1684 12.4672 15.3608 11.4433 7.0257 15.2514 12.2731 7.6086 14.4663 11.8422 14.0078 3.2916 13.0875 8.2648 5.6884 10.6589 9.7337 15.2118 9.3733 10.9635 7.6850 12.3012 10.6908 12.6675 10.2180 10.8908 0.0000 29.5005 30.0623 29.4938 30.3967 30.0272 29.6968 27.6349 30.1072 29.0433 30.5777 29.3055 29.8040 30.2733 29.1713 29.9925 28.3968 30.1314 27.1267 29.3527 29.0259 29.9020 30.0992 29.9547 28.8881 30.3018 28.3499 29.9302 28.9372 30.9832 28.8034 18.7512 17.1365 18.6261 20.6933 18.3754 17.7583 18.0232 18.2702 14.4208 20.5237 21.3178 23.3990 20.6460 21.3728 22.5804 17.1781 20.5985 16.1053 23.1302 19.5383 17.7672 19.5258 19.7584 17.5425 18.9843 20.2878 17.5247 22.0082 23.1077 16.6178 15.8448 22.9849 22.6054 20.3438 20.7921 22.5279 19.8719 23.0397 19.7762 15.0430 22.9050 24.3924 18.2091 16.4449 23.0500 23.1658 20.7995 20.9834 19.4765 19.6628 22.8779 16.3017 25.0770 22.7098 23.5340 17.8016 19.4589 20.3981 17.2132 22.9169 26.7258 26.7414 26.3420 27.4633 26.8137 27.5576 27.8593 26.5070 27.7091 26.6122 28.3454 27.8284 27.3444 27.3760 26.2325 28.8331 27.7810 26.9852 28.9984 26.6999 26.8887 23.2701 26.2441 28.2528 27.3428 28.3451 27.8401 28.3967 27.8033 28.6981
25.5895 24.6461 23.5592 24.6682 25.2436 22.7981 24.7870 29.6099 24.0855 28.8244 30.3247 25.3063 32.0421 22.9585 29.6386 25.9194 30.0656 28.8750 24.8586 30.9641 22.7349 27.3350 27.8135 26.2240 25.3768 26.4415 24.5383 26.2472 29.9276 29.5005 0.0000 5.6937 8.5226 8.5164 4.7891 8.9738 3.7336 8.2571 4.0757 5.8477 4.9257 4.4155 9.8627 4.3748 5.9771 7.2814 9.2510 4.7446 6.3261 4.8124 5.9108 7.4189 4.5666 3.6483 4.8673 6.4008 7.7602 3.9900 9.1514 6.5882 20.9257 23.5923 18.5169 17.5885 21.1664 21.0000 20.5594 20.6637 21.6490 19.7000 19.5252 18.2660 20.4300 20.6722 18.0052 21.2978 18.6755 20.6742 17.5608 20.4944 20.4021 19.9520 20.5705 20.9796 18.8112 19.4769 17.8034 17.9191 17.8166 20.0653 19.6469 15.0956 13.3169 17.7419 15.6924 14.5693 18.1471 15.1620 16.6113 20.2832 13.3986 13.9233 17.4609 19.3021 13.3540 16.4062 19.0455 15.7432 15.8171 17.6175 16.6351 19.2094 16.6833 15.4257 14.3518 18.7431 16.9565 20.1214 19.5337 16.0536 12.2005 12.2995 12.7808 11.6990 13.1322 11.0304 11.9255 11.5253 14.0064 12.2444 12.8314 11.6949 11.9139 11.3872 9.7740 14.2370 13.2765 11.7758 12.3270 10.5929 9.7839 12.3818 10.5594 10.0477 11.8888 10.5984 11.7299 12.8353 11.0721 12.6178
26.3764 25.3248 24.2568 25.4260 26.0969 23.4340 25.5815 30.2381 24.9275 29.5352 30.9346 26.0033 32.4777 23.7317 30.3079 26.7096 30.5236 29.3567 25.4600 31.4119 23.3403 28.0204 28.4722 26.7422 25.9626 27.2571 25.5921 26.8297 30.2940 30.0623 5.6937 0.0000 9.6578 7.6662 5.9029 8.5598 6.7957 7.8697 4.4602 7.0284 4.8214 4.8210 8.5222 7.5452 5.7193 9.5011 7.3099 7.9954 7.1859 4.5191 4.9791 7.3682 6.8928 5.6308 4.6333 5.8332 7.9051 7.2501 8.0014 6.9175 22.4294 25.1568 20.3097 19.0300 22.5555 22.2202 22.2267 22.2925 22.8173 21.2800 21.1864 19.6775 21.8451 22.3722 19.7903 22.8002 20.2170 21.9700 19.2596 21.9853 21.7077 21.4847 22.0391 22.2021 20.1801 21.1318 19.0160 19.6394 19.1190 21.0717 20.6820 15.1484 13.6082 17.9927 16.0856 15.2056 18.8500 15.1625 17.8445 20.9715 14.2609 14.6744 18.2340 20.0047 14.8004 16.7437 20.0531 16.7400 16.5846 17.9070 16.8874 19.9234 15.9812 15.5696 14.9853 19.6592 18.1015 20.1850 20.1498 16.3100 13.0359 13.1836 13.2356 12.5048 13.8429 13.1809 11.1441 13.3720 13.8131 13.8054 14.7396 12.2812 12.1144 12.5294 12.1645 14.7760 13.2460 12.8167 13.1687 11.8428 11.1786 13.5591 11.1143 10.4379 12.8565 11.6437 12.9534 12.2316 10.8300 11.3801
25.6983 24.5306 23.4240 24.5779 25.0918 22.3617 24.4951 29.4794 24.0247 28.8823 30.6213 25.2913 32.2453 22.7207 29.6295 25.6619 30.2707 28.9787 24.6593 31.1848 22.0595 27.5418 27.8368 26.2182 25.4655 26.3030 24.4430 26.2691 30.1613 29.4938 8.5226 9.6578 0.0000 10.9708 8.8605 10.8942 8.5755 10.5223 7.4428 9.1844 7.9780 9.5100 11.9013 9.8581 9.2914 6.5508 11.5008 8.3064 8.8934 8.5737 9.1909 8.7744 7.8469 9.1934 8.9030 10.9571 8.2964 7.5623 10.8963 9.5298 20.4950 23.1155 19.2634 18.5291 20.3418 20.2195 19.7114 19.9298 21.4109 18.5962 20.5350 16.7848 19.2988 19.8414 18.6737 21.9015 17.8378 20.1549 19.0934 19.8864 20.2317 19.2835 19.6684 20.3764 18.1983 20.3984 19.5547 16.5879 19.0686 20.6142 18.7736 12.4063 11.3152 16.1626 13.4491 15.3485 16.5912 12.4939 15.6056 19.3741 11.3417 10.8234 15.9249 17.9814 11.0509 14.3453 17.9664 13.2985 14.4427 18.9312 14.4787 18.4168 14.3135 13.2878 12.2473 17.8656 15.5748 18.4780 18.6002 13.4371 12.2706 12.5598 9.1593 13.2913 14.8430 12.3980 13.5198 13.1299 14.9634 12.1200 14.6365 13.3401 13.6365 12.9968 11.3463 15.3022 14.1241 12.6373 13.9246 10.7901 11.4376 10.3737 13.1859 11.5204 13.2080 12.9281 11.4894 13.1181 12.2099 13.8687
