0.0000 7.5721 4.0554 4.3606 2.9712 7.0775 4.7730 10.5163 3.3832 9.0850 10.5683 1.9852 13.2908 4.1468 12.3643 2.5378 11.6050 11.5837 6.8617 13.6825 6.9651 6.1603 5.7708 9.4755 7.1571 5.6227 5.5849 4.0404 12.7644 11.8040 48.0171 49.6176 48.1424 53.3057 52.8953 49.4481 45.8395 49.7764 46.7540 46.9426 53.3782 50.0843 54.7236 48.5184 53.6615 46.3120 58.0873 44.0276 47.4427 50.0855 48.7465 48.3059 45.7446 51.7673 50.7266 53.9507 46.8749 44.0382 56.8222 48.9206 23.7620 20.6404 28.5615 28.5616 27.7001 23.6232 19.8545 24.5133 21.3877 28.5277 25.0935 29.1107 28.0793 30.4823 35.5276 26.0669 27.5232 21.1370 31.9601 18.2478 24.8295 24.0247 26.7003 20.5444 27.4860 23.5019 19.6757 31.7872 27.8822 25.7589 13.9612 23.5837 23.8042 18.4355 13.6621 22.1550 16.7285 21.1143 18.5162 14.6080 22.8427 25.1963 17.2265 18.5669 25.9621 22.5643 19.4349 20.3954 17.1432 14.4152 26.0722 14.1750 28.8848 19.1358 24.0278 14.7340 16.4105 16.4754 12.6301 22.0360 43.1407 43.8426 39.5485 52.0687 45.0813 45.2075 51.1229 41.0351 48.4506 42.1406 46.1780 50.1143 45.4360 51.4390 41.1614 50.8516 48.1795 47.3725 47.9200 40.8876 48.4858 35.8433 48.3175 48.9254 46.6021 51.6631 48.3417 51.3215 51.6947 53.8683
7.5721 0.0000 6.6585 4.6443 5.5715 6.1619 5.7896 8.6629 10.2698 10.5260 7.5027 9.3639 15.3855 5.1148 7.6882 5.5592 11.8428 6.7155 6.1319 15.2943 5.4533 3.4793 6.6478 3.0245 7.0741 4.1051 5.8228 4.3241 11.6393 8.3425 46.8001 48.2693 46.7283 52.0349 51.5716 48.0997 44.4969 48.4281 45.2800 45.5943 52.1613 48.8674 53.3984 47.3015 52.4445 44.9694 56.7621 42.6850 46.0944 48.8686 47.3981 46.8319 44.5277 50.5504 49.4215 52.7338 45.4009 42.5642 55.4969 47.5722 22.6481 19.4069 27.3066 27.3427 26.5672 22.2950 18.4841 23.2511 20.1255 27.1561 23.8270 27.8313 26.7046 29.2201 34.3434 24.9955 26.4787 19.9019 30.8193 16.8774 23.7432 22.8824 25.6461 19.4674 26.1909 22.2496 18.3242 30.4176 26.6174 24.7204 12.3189 22.1351 22.2645 16.6147 12.0115 20.6153 13.6081 19.5746 17.0069 13.0192 21.3535 23.6796 15.8182 16.3279 24.5563 21.1560 18.0500 18.9664 15.7233 13.1215 24.6639 12.4717 27.4159 17.6927 22.5112 13.2001 15.0180 14.9009 10.7187 20.6354 41.7706 42.4725 38.1784 50.8243 43.8370 43.9632 49.8785 39.7908 47.2062 40.7705 44.9337 48.8699 44.1916 50.1946 39.9170 49.6072 46.9352 46.1281 46.6757 39.5176 47.2414 34.4732 47.0731 47.6810 45.3577 50.4187 47.0973 50.0771 50.4503 52.6106
4.0554 6.6585 0.0000 6.6731 4.7746 3.7734 6.5328 11.3505 5.8560 12.6577 10.3968 5.0196 16.8835 4.5406 12.5523 5.4428 13.7805 11.3077 8.9057 17.2650 4.8833 6.9599 8.9945 8.1770 9.0566 5.8702 4.1036 4.8864 14.9619 13.2279 44.3774 45.9639 44.4774 49.6519 49.3433 45.7943 42.1886 46.1226 43.0890 43.2888 49.7386 46.4447 51.1464 44.9381 50.0218 42.6830 54.4599 40.3767 43.7890 46.4459 45.0927 44.6408 42.1050 48.1277 47.0728 50.3110 43.2099 40.3732 53.1948 45.2668 20.1948 17.0731 24.9942 24.9943 24.1328 20.0030 16.2763 20.9292 17.8036 24.9664 21.5262 25.5522 24.5180 26.8981 31.9603 22.5109 23.9870 17.5698 28.4041 14.6696 21.2735 20.4575 23.1606 16.9884 23.9247 19.9177 16.1143 28.2258 24.3149 22.2226 11.1182 20.0014 20.2009 15.3850 10.5362 18.5517 15.4104 17.5110 14.9393 11.8822 19.2131 21.6193 13.9406 15.7972 22.3851 18.9751 15.8512 16.8185 13.5516 10.7252 22.4830 11.3767 25.2815 15.4759 20.4508 11.1336 12.8192 13.4391 9.8424 18.4468 39.5916 40.2934 35.9993 48.5308 41.5435 41.6697 47.5850 37.4973 44.9127 38.5914 42.6402 46.5764 41.8981 47.9011 37.6235 47.3137 44.6417 43.8346 44.3822 37.3385 44.9479 32.2941 44.7796 45.3875 43.0642 48.1252 44.8038 47.7836 48.1568 50.3171
4.3606 4.6443 6.6731 0.0000 3.3910 9.6173 3.8611 6.5867 6.5167 6.5118 7.5532 5.7929 11.4974 4.1634 8.4421 3.7819 8.4542 8.1315 3.2532 11.3528 8.9267 3.0810 3.1415 5.5081 4.2049 2.5731 7.7052 3.8224 9.8431 7.7155 49.9395 51.5248 49.9283 55.3034 55.0155 51.3552 47.6407 51.6836 48.5399 48.8497 55.4053 52.0067 56.8187 50.5943 55.7075 48.1211 60.1461 45.8287 49.3499 52.0079 50.6536 50.0917 47.6670 53.6963 52.6337 55.9346 48.6608 45.8241 58.8809 50.8277 25.9741 22.7302 30.6299 30.6844 29.8932 26.1045 21.7667 26.5347 23.4024 30.5238 27.1547 31.4595 30.0754 32.5085 37.6667 28.3551 29.7986 23.2252 34.1951 20.2157 27.0692 26.2084 28.9721 22.7934 29.5186 25.5505 21.6829 33.7833 29.9434 28.0346 15.9329 25.5499 25.7212 20.0269 15.1694 24.0737 16.9618 22.9947 20.4878 16.3144 24.6364 27.1761 19.0617 19.8067 27.9336 24.4057 21.3442 22.3670 19.1001 16.0523 27.9495 15.6076 30.7971 20.8991 26.1150 16.4480 18.2927 18.1305 14.1550 23.8713 45.1549 45.8568 41.5627 54.2042 47.2169 47.3431 53.2584 43.1707 50.5861 44.1548 48.3136 52.2498 47.5715 53.5745 43.2969 52.9871 50.3151 49.5080 50.0556 42.9019 50.6213 37.8575 50.4530 51.0609 48.7376 53.7986 50.4772 53.4570 53.8302 55.9905
2.9712 5.5715 4.7746 3.3910 0.0000 6.6718 2.7852 8.8565 5.2731 9.3150 9.2104 4.1820 13.7426 2.7855 10.4491 1.7491 10.3471 9.9342 5.6188 13.9494 6.7642 4.7887 5.9257 7.5491 6.4669 4.3133 5.3789 2.9508 11.5777 10.1371 47.9485 49.4818 47.9307 53.2438 52.8908 49.3122 45.6951 49.6405 46.5422 46.8067 53.3843 50.0157 54.7093 48.5278 53.6864 46.1676 58.0730 43.8831 47.3069 50.0169 48.6106 48.0941 45.6761 51.6988 50.5907 53.9136 46.6631 43.8264 56.8078 48.7847 23.7736 20.5746 28.4957 28.4958 27.6927 23.4857 19.7557 24.4077 21.2754 28.4799 25.0276 29.0555 28.0315 30.3815 35.4943 26.1210 27.5981 21.0712 31.9702 18.1718 24.8686 24.0079 26.7716 20.5929 27.4381 23.4179 19.6343 31.7393 27.8164 25.8337 13.7901 23.4924 23.6544 18.0055 13.2297 22.0070 15.2794 20.9280 18.4210 14.3451 22.6161 25.1010 17.0771 17.7853 25.9136 22.4148 19.3520 20.3237 17.0806 14.1127 25.9348 13.7200 28.7370 18.9092 23.9325 14.5087 16.3200 16.1912 12.1337 21.8866 43.1276 43.8295 39.5354 52.1315 45.1441 45.2703 51.1857 41.0980 48.5134 42.1275 46.2408 50.1771 45.4988 51.5018 41.2242 50.9144 48.2424 47.4353 47.9828 40.8745 48.5486 35.8302 48.3803 48.9882 46.6649 51.7259 48.4045 51.3843 51.7575 53.9178
7.0775 6.1619 3.7734 9.6173 6.6718 0.0000 7.8431 14.0342 8.8599 15.9869 12.6132 8.3312 20.2967 6.1461 13.1515 7.3886 16.8497 12.0909 11.5155 20.6188 3.4193 8.5504 11.9188 7.8779 12.3102 9.2386 3.2132 6.5676 16.4303 14.1148 41.9731 43.4669 41.9871 47.2079 46.6221 43.2973 39.7558 43.6257 40.5635 40.7919 47.3343 44.0404 48.4538 42.4745 47.6175 40.2283 51.8175 37.9438 41.2920 44.0416 42.5957 42.1153 39.7007 45.7234 44.5945 47.9067 40.6844 37.8477 50.5523 42.7698 17.3672 14.2495 22.1286 22.1208 21.3235 16.9916 13.5491 18.1818 15.0336 22.1404 18.6852 22.6383 21.6920 24.1203 29.0837 19.6836 21.1608 14.7207 25.5560 11.9424 18.4313 17.5923 20.3343 14.1904 21.0986 17.1582 13.2968 25.3998 21.5177 19.3964 8.8059 17.3135 17.4986 12.6478 8.2450 15.8391 13.4389 14.8014 12.0781 9.7813 16.6714 18.8293 11.2891 13.2325 19.6453 16.4284 13.3047 14.1126 10.9110 8.5131 19.8600 9.7302 22.6855 12.9860 17.5896 8.5766 10.2493 10.8744 7.4453 15.9287 36.7901 37.5048 33.2129 45.7579 38.7706 38.8968 44.8121 34.7244 42.1398 35.7900 39.8673 43.8035 39.1252 45.1282 34.8506 44.5408 41.8688 41.0617 41.6093 34.5370 42.1750 29.5610 42.0067 42.6146 40.2913 45.3523 42.0309 45.0107 45.3839 47.5442
4.7730 5.7896 6.5328 3.8611 2.7852 7.8431 0.0000 8.9681 5.8414 8.3929 9.8068 5.0940 13.6252 2.4037 9.3492 3.6539 11.0010 9.5490 4.7666 13.6381 6.7723 5.8358 5.5413 6.4900 7.1208 5.0513 5.7923 2.8283 11.0539 8.7289 47.7065 49.3450 47.6952 53.2390 52.9641 49.1754 45.3600 49.5038 46.3068 46.6700 53.2705 49.7565 54.7672 48.4419 53.5960 45.8882 58.0816 43.4947 47.1701 49.7706 48.4738 47.8586 45.4533 51.5332 50.4722 53.7693 46.4277 43.5910 56.8165 48.6479 23.8190 20.5546 28.4572 28.6139 27.7381 24.0626 19.5386 24.2914 21.2118 28.2957 24.9114 29.3623 27.8474 30.2861 35.4909 26.3051 27.6580 21.0664 32.1102 17.9876 24.9646 24.1099 26.9072 20.6383 27.3423 23.3605 19.5753 31.5552 27.7535 25.9400 13.7592 23.4478 23.6358 17.8715 12.8857 21.9717 14.9617 20.8927 18.4339 14.0973 22.4190 25.0714 16.8645 17.6514 25.8316 22.2746 19.1412 20.2649 16.9981 13.7687 25.8137 13.2682 28.6950 18.7404 23.9795 14.2333 16.1807 15.8233 11.9997 21.5669 42.9492 43.6798 39.3570 52.0519 45.0645 45.1907 51.1061 41.0183 48.4338 41.9570 46.1612 50.0974 45.4192 51.4222 41.1446 50.8348 48.1627 47.3557 47.9032 40.6962 48.4690 35.6518 48.3071 48.9085 46.5852 51.6462 48.3248 51.3046 51.6778 53.9371
10.5163 8.6629 11.3505 6.5867 8.8565 14.0342 8.9681 0.0000 12.5823 11.0680 2.4381 12.1525 7.7245 8.7132 2.3448 8.7710 4.6446 2.1822 8.8249 7.2745 12.9413 6.7238 6.3261 7.5997 7.8503 6.0627 12.1935 8.7761 6.2249 2.5050 53.8297 55.4837 53.8811 59.3622 59.1189 55.3141 51.5546 55.6424 52.4927 52.8086 59.3936 55.8952 60.9221 54.6057 59.7191 52.0903 64.2048 49.6895 53.3088 55.9092 54.6125 54.0445 51.5919 57.6630 56.5953 59.9014 52.6136 49.7769 62.9397 54.7866 30.0928 26.8419 34.7416 34.8942 34.0119 30.2767 25.7896 30.6404 27.5080 34.5895 31.2603 35.6041 34.0907 36.6141 41.7784 32.5719 33.9243 27.3402 38.4049 24.2638 31.2314 30.3767 33.1740 26.9121 33.6415 29.6622 25.7807 37.8510 34.0490 32.2011 19.9638 29.6449 29.8259 24.1159 19.1138 28.1688 20.9960 27.0898 24.6241 20.3417 28.6316 31.2735 23.0616 23.8957 32.0287 28.4717 25.3472 26.4620 23.1952 19.9987 32.0108 19.4963 34.8921 24.9375 30.1495 20.4776 22.3935 22.0677 18.2440 27.7795 49.1602 49.8621 45.5680 58.2156 51.2283 51.3545 57.2698 47.1821 54.5975 48.1601 52.3250 56.2612 51.5829 57.5859 47.3083 56.9985 54.3265 53.5194 54.0670 46.9072 54.6327 41.8628 54.4644 55.0723 52.7490 57.8100 54.4886 57.4684 57.8416 60.0919
3.3832 10.2698 5.8560 6.5167 5.2731 8.8599 5.8414 12.5823 0.0000 7.2962 13.2889 2.8424 12.8943 6.1757 14.6586 5.3436 11.0451 14.2969 6.2703 12.5724 9.2313 8.9920 6.7671 11.5795 7.1700 7.5658 7.4504 7.1208 12.4551 14.0622 48.8245 50.2039 48.5890 54.2500 54.1932 50.0929 46.6212 50.3271 47.1143 47.4933 54.4188 50.7863 55.9964 49.7769 54.7254 47.1464 59.1511 44.3832 48.0463 50.7312 49.2972 48.7597 46.3548 52.6590 51.4832 54.8861 47.2501 44.4961 57.8275 49.6489 25.4890 22.2246 30.1272 30.2372 29.4081 25.3133 21.0266 25.9043 22.8818 29.8269 26.4977 30.8006 29.2850 31.9299 37.1609 27.9298 29.3433 22.7364 33.7283 19.5290 26.5954 25.7332 28.5355 22.3083 28.9862 25.0294 21.1638 33.0883 29.4108 27.5849 15.1628 24.5852 24.7523 19.4438 14.2173 23.1027 18.6590 22.0237 19.5293 15.8016 23.5298 26.2430 18.1292 20.2255 26.9973 23.4396 20.3782 21.4064 18.1293 14.6747 26.9835 15.0349 29.8261 19.8715 25.0793 15.3672 17.3234 17.3800 14.2623 22.7704 44.2268 45.0148 40.6346 53.3869 46.3995 46.5257 52.4411 42.3533 49.7688 43.2921 47.4962 51.4324 46.7542 52.7572 42.4796 52.1698 49.4977 48.6907 49.2382 41.9737 49.8040 36.9294 49.6357 50.2436 47.9203 52.9812 49.6599 52.6397 53.0128 55.1732
9.0850 10.5260 12.6577 6.5118 9.3150 15.9869 8.3929 11.0680 7.2962 0.0000 12.2227 8.0585 7.4967 10.3532 12.8874 8.7132 8.1767 13.0340 4.8201 6.4976 15.1255 8.6610 4.9455 9.9097 4.8516 6.8397 13.9166 10.0824 8.9010 12.2364 55.4731 56.7331 55.2955 60.9523 60.9184 56.6221 53.1926 56.8037 53.6892 53.9610 61.0686 57.2402 62.7216 56.3662 61.3986 53.7672 65.8763 50.9546 54.6148 57.1980 55.6731 55.4008 52.9891 59.2806 58.1174 61.4685 53.8686 51.2034 64.5451 56.3638 31.9451 28.6953 36.5833 36.8443 35.8906 32.4508 27.4560 32.3531 29.3491 36.3028 32.9271 37.7505 35.7311 38.3904 43.6170 34.5303 35.8878 29.1925 40.3644 26.0031 33.1898 32.3351 35.1323 28.7992 35.5655 31.5113 27.7390 39.5467 35.9722 34.1698 21.7422 31.2925 31.5753 25.6324 20.4139 29.8257 22.5934 28.7114 26.3823 21.8407 30.2372 32.9504 24.6832 25.4353 33.7046 30.1107 26.9488 28.1137 24.8168 21.3445 33.6324 20.7772 36.5300 26.5591 32.0901 21.9766 24.0220 23.5667 19.7755 29.3661 50.7982 51.6041 47.2060 59.9762 52.9888 53.1150 59.0304 48.9426 56.3581 49.8814 54.0855 58.0217 53.3435 59.3465 49.0689 58.7591 56.0870 55.2800 55.8275 48.5452 56.3933 43.5008 56.2615 56.8329 54.5096 59.5705 56.2492 59.2290 59.6021 61.8914
10.5683 7.5027 10.3968 7.5532 9.2104 12.6132 9.8068 2.4381 13.2889 12.2227 0.0000 12.0751 8.1024 9.2268 2.8876 9.2903 4.5662 1.8601 9.0500 8.1372 12.4895 5.4686 7.7388 7.6597 8.1865 6.2703 11.7807 7.9172 5.3159 3.5006 53.6619 55.2373 53.7227 58.9254 58.5615 55.0678 51.4450 55.3961 52.3343 52.5623 59.0231 55.7291 60.3678 54.1693 59.3063 51.9174 63.7315 49.6330 53.0624 55.7303 54.3662 53.8862 51.3894 57.4122 56.3463 59.5955 52.4552 49.6185 62.4663 54.5403 29.4911 26.3423 34.2632 34.2633 33.4174 29.2980 25.5322 30.2443 27.1187 34.1761 30.7951 34.8671 33.7278 36.2132 41.2293 31.8353 33.3028 26.8387 37.7297 23.9255 30.5734 29.7367 32.4764 26.2976 33.1591 29.2328 25.3241 37.4356 33.6105 31.5385 19.5253 29.1819 29.3833 23.8198 19.0498 27.7342 20.7987 26.6934 24.1198 20.1180 28.3997 30.8040 22.8307 23.5206 31.5702 28.1685 25.0889 25.9990 22.7372 19.9328 31.6765 19.5019 34.4639 24.6928 29.6313 20.2989 22.0569 21.9814 17.8689 27.6403 48.7926 49.4945 45.2004 57.7601 50.7727 50.8989 56.8143 46.7265 54.1420 47.7925 51.8694 55.8056 51.1274 57.1304 46.8528 56.5430 53.8709 53.0639 53.6114 46.5396 54.1772 41.4952 54.0089 54.6167 52.2934 57.3544 54.0330 57.0128 57.3860 59.5463
1.9852 9.3639 5.0196 5.7929 4.1820 8.3312 5.0940 12.1525 2.8424 8.0585 12.0751 0.0000 12.0554 5.4106 14.1509 4.1804 11.0895 13.3886 6.9411 12.6339 8.3618 7.8618 7.0164 11.2335 7.4384 6.9373 6.9626 5.8234 12.0427 13.3853 49.1292 50.7543 49.3325 54.4424 54.1722 50.5847 47.0051 50.9131 47.9441 48.0793 54.4982 51.1965 55.9753 49.7111 54.8004 47.5095 59.2788 45.1931 48.5794 51.1976 49.8831 49.4959 46.8626 52.8795 51.8633 55.0628 48.0650 45.2283 58.0136 50.0572 24.9732 21.8516 29.8061 29.7982 28.9113 24.8329 21.1543 25.7870 22.6387 29.8178 26.3607 30.3673 29.3695 31.7031 36.7388 27.2251 28.6561 22.3982 33.1221 19.5476 26.0377 25.2359 27.8581 21.7759 28.7761 24.7633 20.9658 33.0773 29.1004 26.8917 15.3444 24.9081 25.0794 19.8173 14.9584 23.4320 18.5559 22.3893 19.8460 15.9653 24.0915 26.5261 18.4770 20.0035 27.2919 23.8255 20.7458 21.7252 18.4584 15.6581 27.3287 15.4468 30.1598 20.3542 25.3576 16.0380 17.7499 17.8327 14.0667 23.2865 44.4465 45.1484 40.8543 53.3211 46.3337 46.4599 52.3753 42.2875 49.7030 43.4463 47.4304 51.3667 46.6884 52.6914 42.4138 52.1040 49.4319 48.6249 49.1724 42.1934 49.7382 37.1490 49.5699 50.1778 47.8545 52.9155 49.5941 52.5739 52.9471 55.1452
13.2908 15.3855 16.8835 11.4974 13.7426 20.2967 13.6252 7.7245 12.8943 7.4967 8.1024 12.0554 0.0000 15.3509 9.9190 13.1713 3.8623 9.2832 10.6841 1.9895 19.9942 12.2696 10.2713 15.0027 9.2589 11.6776 18.7320 14.4073 4.3683 9.0857 60.5845 62.0768 60.6712 66.0568 66.0174 61.9073 58.6401 62.2356 59.2400 59.4018 66.1788 62.5290 67.8205 61.5369 66.4975 59.1653 70.9752 56.4984 59.9019 62.5024 61.2057 60.8255 58.1851 64.4190 63.2900 66.6392 59.3609 56.6053 69.6441 61.4627 36.8243 33.7027 41.6238 41.6517 40.7624 36.8156 32.8900 37.5484 34.4034 41.6287 38.1716 42.2957 41.1803 43.5096 48.5899 39.1456 40.5481 34.2091 45.0576 31.3206 37.8881 37.0870 39.7358 33.5968 40.5870 36.5464 32.7767 44.8882 40.9444 38.7837 27.1015 36.6918 36.8631 31.3169 26.1621 35.2157 28.2028 34.1367 31.6297 27.5453 35.6222 38.3261 30.1085 31.0968 39.0803 35.5186 32.4350 33.5089 30.2421 27.0983 39.0577 26.5644 41.9390 31.9844 37.1515 27.6787 29.4585 29.2856 25.4451 34.8192 56.2457 56.9476 52.6535 65.1469 58.1595 58.2857 64.2011 54.1133 61.5288 55.2455 59.2562 63.1924 58.5142 64.5172 54.2396 63.9298 61.2577 60.4507 60.9982 53.9926 61.5640 48.9482 61.3957 62.0035 59.6803 64.7412 61.4199 64.3996 64.7728 66.9904
4.1468 5.1148 4.5406 4.1634 2.7855 6.1461 2.4037 8.7132 6.1757 10.3532 9.2268 5.4106 15.3509 0.0000 8.8516 3.4225 12.3780 8.7021 5.9218 15.3070 4.8415 5.1020 6.3711 5.8276 7.3932 4.6739 4.2834 1.9095 12.3328 8.8823 45.8348 47.4767 45.8778 51.2577 50.9674 47.3071 43.5336 47.6354 44.4894 44.8016 51.3031 47.9021 52.7705 46.4896 51.6147 44.0117 56.1004 41.7217 45.3018 47.9033 46.6055 46.0412 43.5850 49.5941 48.5856 51.8324 44.6103 41.7735 54.8352 46.7796 21.9510 18.7091 26.6089 26.6950 25.8701 22.1221 17.6984 22.5113 19.3789 26.4604 23.1312 27.4523 25.9873 28.4850 33.6456 24.3638 25.7810 19.2041 30.2058 16.1347 23.0461 22.1853 24.9659 18.7703 25.4952 21.5294 17.6264 29.7219 25.9199 24.0226 11.8344 21.5034 21.6747 15.9781 11.1205 20.0273 13.9833 18.9483 16.4414 12.2091 20.5875 23.1256 14.9667 15.7579 23.8872 20.3302 17.2508 18.3205 15.0537 12.0035 23.8693 11.5031 26.7506 16.8503 22.0167 12.3414 14.2716 14.0228 10.1062 19.7659 41.0479 41.7498 37.4557 50.0996 43.1122 43.2384 49.1538 39.0660 46.4815 40.0478 44.2089 48.1451 43.4669 49.4699 39.1923 48.8825 46.2104 45.4034 45.9509 38.7948 46.5167 33.7505 46.3484 46.9563 44.6330 49.6939 46.3726 49.3524 49.7255 51.9404
12.3643 7.6882 12.5523 8.4421 10.4491 13.1515 9.3492 2.3448 14.6586 12.8874 2.8876 14.1509 9.9190 8.8516 0.0000 10.4307 6.7282 1.4951 10.1305 9.5269 11.3259 7.2712 7.9958 5.8572 10.0827 8.0205 10.8052 8.4519 6.8390 1.4854 52.2712 53.9282 52.2627 57.6718 57.3191 53.7587 49.8824 54.0870 50.8743 51.2532 57.7033 54.3398 59.1508 52.8245 58.0288 50.3660 62.5145 48.0704 51.7533 54.3538 53.0571 52.4262 50.0365 56.0005 55.0372 58.2103 50.9952 48.1585 61.2493 53.2312 28.1893 24.9249 32.8275 32.9994 32.1084 28.6271 23.8564 28.6369 25.5822 32.6135 29.2568 33.9268 32.1652 34.6473 39.8613 30.6906 32.0539 25.4367 36.5790 22.3054 29.3508 28.4954 31.2927 25.0087 31.7259 27.7298 23.9396 35.8730 32.1325 30.3358 18.2684 27.7703 27.9734 22.1783 17.4440 26.2942 19.1435 25.2152 22.8006 18.4041 26.9447 29.3883 21.2710 21.9581 30.1541 26.6260 23.4719 24.5874 21.3206 18.3269 30.1362 17.8265 33.0175 23.2379 28.5044 18.5791 20.5032 20.2410 16.3064 26.0398 47.2734 48.0197 43.6812 56.3918 49.4044 49.5306 55.4460 45.3582 52.7737 46.2969 50.5011 54.4373 49.7591 55.7621 45.4845 55.1747 52.5026 51.6956 52.2431 45.0204 52.8089 39.9760 52.6406 53.2484 50.9251 55.9861 52.6648 55.6445 56.0177 58.2688
2.5378 5.5592 5.4428 3.7819 1.7491 7.3886 3.6539 8.7710 5.3436 8.7132 9.2903 4.1804 13.1713 3.4225 10.4307 0.0000 11.1124 9.8937 6.3838 13.3422 7.3259 5.1056 4.8357 7.5827 6.8603 4.5023 6.2035 2.9658 12.3611 10.2289 48.6080 50.1563 48.6258 53.8443 53.4858 49.9867 46.3753 50.3150 47.2374 47.4812 53.9775 50.6753 55.3175 49.1210 54.2797 46.8478 58.6812 44.5633 47.9814 50.6765 49.2851 48.7893 46.3356 52.3583 51.2652 54.5417 47.3583 44.5216 57.4160 49.4592 24.3094 21.1445 29.0656 29.0658 28.2357 24.0233 20.3670 25.0163 21.8907 29.0414 25.5976 29.6053 28.5931 30.9852 36.0435 26.6563 28.1334 21.6412 32.5194 18.7604 25.4039 24.5550 27.3069 21.1282 27.9997 24.0048 20.1906 32.3009 28.3863 26.3690 14.3936 24.0660 24.2373 18.6573 13.9571 22.5898 15.6479 21.5467 19.0039 14.9827 23.3228 25.6839 17.7113 18.3889 26.4815 23.0490 19.9698 20.8916 17.6485 14.8401 26.5570 14.4324 29.3172 19.6159 24.5154 15.1636 16.9377 16.8616 12.7372 22.5257 43.6839 44.3858 40.0917 52.6672 45.6798 45.8060 51.7214 41.6336 49.0491 42.6838 46.7765 50.7127 46.0345 52.0375 41.7599 51.4501 48.7780 47.9710 48.5185 41.4309 49.0843 36.3865 48.9160 49.5238 47.2006 52.2615 48.9402 51.9199 52.2931 54.4534
11.6050 11.8428 13.7805 8.4542 10.3471 16.8497 11.0010 4.6446 11.0451 8.1767 4.5662 11.0895 3.8623 12.3780 6.7282 11.1124 0.0000 6.0983 7.5180 3.9417 17.0202 8.7275 8.4996 11.9628 5.9257 8.6410 15.6510 11.4656 1.8355 5.9299 57.7353 59.1208 57.6492 63.1219 63.0558 58.9512 55.7303 59.2796 56.2235 56.4458 63.3295 59.6919 64.8590 58.6877 63.6361 56.2556 68.0137 53.5820 56.9459 59.6570 58.2496 57.8156 55.3161 61.5697 60.3406 63.7917 56.3444 53.5766 66.6849 58.5064 33.9709 30.8276 38.7487 38.7488 37.8972 33.6975 29.9581 34.6607 31.5283 38.7152 35.2806 39.2796 38.2668 40.6344 45.7148 36.2904 37.7675 31.3242 42.1809 28.4070 35.0503 34.2164 36.9410 30.7652 37.6734 33.6709 29.8631 41.9746 38.0693 36.0031 24.0141 33.6753 33.8363 28.2296 23.0681 32.1888 25.1203 31.1098 28.6029 24.5702 32.5954 35.3041 27.1809 28.0094 36.1061 32.5739 29.5124 30.5066 27.2635 24.0043 36.1177 23.5791 38.9199 28.9576 34.1295 24.6998 26.4547 26.3105 22.3577 31.9046 53.3359 54.0378 49.7437 62.2976 55.3103 55.4365 61.3518 51.2641 58.6795 52.3358 56.4070 60.3432 55.6649 61.6679 51.3904 61.0805 58.4085 57.6014 58.1490 51.0829 58.7147 46.0385 58.5464 59.1543 56.8310 61.8920 58.5706 61.5504 61.9236 64.0839
11.5837 6.7155 11.3077 8.1315 9.9342 12.0909 9.5490 2.1822 14.2969 13.0340 1.8601 13.3886 9.2832 8.7021 1.4951 9.8937 6.0983 0.0000 9.8656 8.8874 11.1907 6.3992 8.3477 6.2532 9.3530 7.4024 10.6585 8.0018 6.1641 2.4252 52.4333 54.0452 52.4644 57.7480 57.3967 53.8756 50.1502 54.2039 51.0760 51.3701 57.8233 54.5006 59.2269 52.9668 58.1255 50.6227 62.5906 48.3382 51.8703 54.5018 53.1740 52.6278 50.1609 56.1836 55.1541 58.3669 51.1968 48.3601 61.3255 53.3481 28.3727 25.1463 33.0545 33.1095 32.2918 28.3040 24.2537 29.0220 25.8964 32.9156 29.5864 33.6933 32.4629 34.9909 40.0827 30.7628 32.1972 25.6413 36.6202 22.6470 29.4678 28.6070 31.3707 25.1920 31.9504 28.0105 24.0695 36.1771 32.3882 30.4354 18.2357 27.9584 28.1297 22.4788 17.7327 26.4823 19.4571 25.4186 22.8963 18.7407 27.1488 29.5763 21.5195 22.2309 30.3421 26.8573 23.8154 24.7755 21.5087 18.6157 30.3653 18.1444 33.2056 23.4419 28.4078 18.9215 20.8062 20.6040 16.5793 26.3291 47.5253 48.2272 43.9331 56.5589 49.5715 49.6977 55.6131 45.5253 52.9408 46.5252 50.6682 54.6045 49.9262 55.9292 45.6516 55.3418 52.6697 51.8627 52.4102 45.2722 52.9760 40.2279 52.8077 53.4156 51.0923 56.1533 52.8319 55.8117 56.1849 58.3697
6.8617 6.1319 8.9057 3.2532 5.6188 11.5155 4.7666 8.8249 6.2703 4.8201 9.0500 6.9411 10.6841 5.9218 10.1305 6.3838 7.5180 9.8656 0.0000 9.6434 10.6913 4.8960 4.6116 7.0338 2.8627 4.1806 9.6398 5.6138 8.2804 9.3790 51.1542 52.4510 51.1117 56.6302 56.5964 52.3400 49.0712 52.5215 49.5054 49.6788 56.7485 52.9600 58.3995 52.1066 57.0765 49.5965 61.5542 46.8333 50.2934 52.9158 51.4521 51.2170 48.6670 54.9887 53.7953 57.2089 49.6683 47.0196 60.2230 52.0417 27.7264 24.4885 32.3906 32.5571 31.6454 28.0200 23.4514 28.3026 25.1702 32.2517 28.9225 33.3502 31.7099 34.2764 39.4250 30.2219 31.5621 24.9835 36.0679 21.9260 28.8814 28.0267 30.8239 24.5457 31.3201 27.3128 23.4353 35.5132 31.7269 29.8381 17.5368 27.1087 27.3019 21.5868 16.3758 25.6141 18.5048 24.5351 22.1088 17.8027 26.0533 28.7665 20.5070 21.3772 29.5208 25.9269 22.8274 23.9299 20.6405 17.3065 29.4561 16.7391 32.3462 22.3829 27.7465 17.9386 19.8382 19.5362 15.7050 25.2084 46.6769 47.3787 43.0846 55.7166 48.7292 48.8554 54.7708 44.6830 52.0985 45.6767 49.8259 53.7621 49.0839 55.0869 44.8093 54.4995 51.8274 51.0204 51.5679 44.4238 52.1337 39.3794 51.9654 52.5733 50.2500 55.3109 51.9896 54.9694 55.3425 57.5694
13.6825 15.2943 17.2650 11.3528 13.9494 20.6188 13.6381 7.2745 12.5724 6.4976 8.1372 12.6339 1.9895 15.3070 9.5269 13.3422 3.9417 8.8874 9.6434 0.0000 20.0107 12.3361 9.9220 14.8073 8.3963 11.5450 18.8034 14.7451 4.9153 8.7707 60.7537 62.0038 60.6859 66.1917 66.1578 61.8928 58.6835 62.0744 59.0797 59.2317 66.3480 62.5508 67.9610 61.7061 66.6546 59.2088 71.1157 56.4455 59.8542 62.4957 60.9989 60.7912 58.2320 64.5882 63.3568 66.8084 59.2426 56.5939 69.7845 61.6032 37.1816 33.9667 41.8816 41.9397 41.1007 37.1581 32.9428 37.7936 34.6612 41.7427 38.4135 42.5341 41.2515 43.7673 48.9032 39.5816 41.0062 34.4617 45.4505 31.4170 38.2767 37.4160 40.1836 34.0009 40.7775 36.8038 32.8966 45.0042 41.2022 39.2418 26.9485 36.6829 36.8500 31.1739 25.9617 35.1872 28.0918 34.1082 31.6255 27.4197 35.6276 38.3408 30.0957 30.9642 39.0951 35.5011 32.4397 33.5042 30.2136 26.8923 39.0325 26.3502 41.9205 31.9559 37.1663 27.5493 29.4156 29.1600 25.2908 34.8194 56.2891 56.9910 52.6969 65.3161 58.3287 58.4549 64.3703 54.2825 61.6980 55.2890 59.4254 63.3616 58.6834 64.6864 54.4088 64.0990 61.4269 60.6199 61.1674 54.0360 61.7332 48.9917 61.5649 62.1727 59.8495 64.9104 61.5891 64.5688 64.9420 67.1309
6.9651 5.4533 4.8833 8.9267 6.7642 3.4193 6.7723 12.9413 9.2313 15.1255 12.4895 8.3618 19.9942 4.8415 11.3259 7.3259 17.0202 11.1907 10.6913 20.0107 0.0000 8.7879 11.0253 6.0464 12.0353 8.5167 3.5660 5.6292 16.7914 12.1151 41.5170 43.1740 41.6003 46.8621 46.4019 43.0045 39.2284 43.3328 40.2119 40.4990 46.8795 43.5856 48.2336 42.0058 47.1861 39.7036 51.5973 37.4164 40.9991 43.5996 42.3029 41.7638 39.2823 45.2547 44.2830 47.4380 40.3328 37.4961 50.3321 42.4770 17.1948 13.9560 21.8712 21.9750 21.1139 17.3446 13.1019 17.8383 14.7127 21.7598 18.4032 22.6863 21.3115 23.8073 28.8924 19.6408 21.0266 14.4509 25.4858 11.4952 18.3003 17.4455 20.2428 14.0141 20.7671 16.8268 12.9080 25.0193 21.2046 19.2703 7.2224 16.9597 17.1802 11.6144 7.2939 15.5311 10.7592 14.4903 11.8538 7.7842 16.3004 18.5258 10.5716 11.7650 19.2916 15.9368 12.7572 13.7446 10.5193 8.8517 19.4297 7.4235 22.2683 12.5935 17.3747 8.0000 9.7824 9.6828 5.8103 15.3818 36.4014 37.1033 32.8092 45.4279 38.4405 38.5667 44.4821 34.3943 41.8098 35.4012 39.5372 43.4735 38.7952 44.7982 34.5206 44.2108 41.5387 40.7317 41.2792 34.1483 41.8450 29.1039 41.6767 42.2846 39.9613 45.0223 41.7009 44.6807 45.0539 47.2965
6.1603 3.4793 6.9599 3.0810 4.7887 8.5504 5.8358 6.7238 8.9920 8.6610 5.4686 7.8618 12.2696 5.1020 7.2712 5.1056 8.7275 6.3992 4.8960 12.3361 8.7879 0.0000 5.2821 4.6286 5.2716 3.3868 7.5352 4.0593 9.1421 7.9789 50.0263 51.4508 50.0250 55.2611 54.7998 51.2812 47.7937 51.6095 48.5705 48.7757 55.3875 52.0935 56.6063 50.5277 55.6707 48.2662 59.9457 45.9818 49.2759 52.0947 50.5796 50.1208 47.7538 53.7766 52.6477 55.9599 48.6530 45.8314 58.6805 50.7537 25.8611 22.6945 30.6156 30.6157 29.7855 25.5106 21.7962 26.5459 23.4203 30.4910 27.1476 31.1363 30.0426 32.5148 37.5933 28.2085 29.6856 23.1912 34.0692 20.1896 26.9562 26.1047 28.8592 22.6804 29.5115 25.5378 21.6390 33.7505 29.9363 27.9212 15.6717 25.4619 25.5445 20.0061 15.2937 23.9101 16.9445 22.8546 20.3337 16.4146 24.5972 27.0016 19.1429 19.7254 27.8831 24.4807 21.3510 22.2932 19.0501 16.2148 27.9886 15.8308 30.7406 20.9811 25.7933 16.5955 18.3190 18.2780 14.1162 23.9525 45.1058 45.8077 41.5136 54.0889 47.1015 47.2277 53.1431 43.0553 50.4708 44.1057 48.1982 52.1344 47.4562 53.4592 43.1816 52.8718 50.1997 49.3927 49.9402 42.8528 50.5060 37.8084 50.3377 50.9455 48.6222 53.6832 50.3619 53.3416 53.7148 55.8751
5.7708 6.6478 8.9945 3.1415 5.9257 11.9188 5.5413 6.3261 6.7671 4.9455 7.7388 7.0164 10.2713 6.3711 7.9958 4.8357 8.4996 8.3477 4.6116 9.9220 11.0253 5.2821 0.0000 5.8248 4.1366 3.2383 9.8462 6.1939 9.9364 7.4659 51.5361 53.1702 51.4847 57.0685 56.8454 53.0006 49.1679 53.3289 50.0963 50.4951 57.1000 53.5817 58.6485 52.3018 57.4255 49.7339 61.9112 47.2628 50.9953 53.5957 52.2990 51.6482 49.2785 55.3628 54.3017 57.5774 50.2172 47.3805 60.6460 52.4731 27.8206 24.5562 32.4588 32.6734 31.7397 28.3428 23.3867 28.2426 25.2134 32.1924 28.8578 33.6425 31.6935 34.2682 39.4925 30.3646 31.7300 25.0680 36.2650 21.8673 29.0270 28.1694 30.9672 24.6399 31.3999 27.3610 23.5734 35.4485 31.8065 30.0120 17.8031 27.2702 27.5161 21.6582 16.6162 25.7940 18.5586 24.7150 22.3552 17.8840 26.2402 28.9170 20.6868 21.4381 29.6713 26.0969 22.9422 24.0873 20.8204 17.5212 29.6360 16.9988 32.5174 22.5628 28.0820 18.0200 20.0031 19.6101 15.7864 25.3849 46.7735 47.5397 43.1813 55.9118 48.9244 49.0506 54.9660 44.8782 52.2937 45.8169 50.0211 53.9573 49.2791 55.2821 45.0045 54.6947 52.0226 51.2156 51.7631 44.5204 52.3289 39.4761 52.1884 52.7684 50.4451 55.5061 52.1847 55.1645 55.5377 57.8184
9.4755 3.0245 8.1770 5.5081 7.5491 7.8779 6.4900 7.5997 11.5795 9.9097 7.6597 11.2335 15.0027 5.8276 5.8572 7.5827 11.9628 6.2532 7.0338 14.8073 6.0464 4.6286 5.8248 0.0000 7.7046 4.5237 7.2140 5.5792 11.8370 6.8861 46.5757 48.2327 46.5755 52.0118 51.7044 48.0631 44.1743 48.3914 45.1871 45.5576 52.0433 48.6442 53.5076 47.1696 52.3688 44.6788 56.8544 42.3623 46.0578 48.6582 47.3615 46.7390 44.3410 50.3060 49.3416 52.5294 45.3080 42.4713 55.5893 47.5356 22.7698 19.5039 27.4065 27.6700 26.6874 23.3488 18.3898 23.2318 20.1611 27.1809 23.8517 28.6485 26.6391 29.2338 34.4402 25.2866 26.6552 20.0157 31.2835 16.8552 24.0162 23.1509 25.8923 19.5876 26.3365 22.3087 18.4924 30.4424 26.7304 24.9371 12.8134 22.1851 22.4023 16.6015 11.7629 20.7089 13.5311 19.6299 17.3372 12.8273 21.2711 23.8044 15.6502 16.3813 24.5688 21.0118 17.8658 19.0021 15.7353 12.6459 24.5509 12.1454 27.4323 17.5484 23.0410 12.9667 14.9425 14.6286 10.7296 20.4190 41.6696 42.4074 38.0774 50.7795 43.7922 43.9184 49.8337 39.7460 47.1614 40.6847 44.8889 48.8251 44.1468 50.1498 39.8722 49.5624 46.8904 46.0833 46.6309 39.4165 47.1966 34.3722 47.0475 47.6362 45.3129 50.3739 47.0525 50.0323 50.4055 52.6774
7.1571 7.0741 9.0566 4.2049 6.4669 12.3102 7.1208 7.8503 7.1700 4.8516 8.1865 7.4384 9.2589 7.3932 10.0827 6.8603 5.9257 9.3530 2.8627 8.3963 12.0353 5.2716 4.1366 7.7046 0.0000 3.6447 10.7175 6.6436 7.3699 9.5882 52.6896 53.9341 52.5846 58.0788 58.0449 53.8231 50.6310 54.0082 50.9894 51.1744 58.2838 54.5299 59.8481 53.6420 58.5905 51.1563 63.0028 48.3930 51.7766 54.4748 52.9783 52.6899 50.1678 56.5240 55.2439 58.7443 51.1413 48.4926 61.6716 53.4903 29.1712 25.9742 33.8953 33.9047 33.0975 28.9391 25.0005 29.8076 26.6820 33.7565 30.4273 34.4930 33.2147 35.7811 40.9053 31.5194 32.9932 26.4709 37.4035 23.4308 30.2637 29.4167 32.1667 25.9879 32.7912 28.8175 24.9103 37.0180 33.2160 31.2288 18.8757 28.5816 28.7514 23.0911 17.8901 27.1040 20.0021 26.0250 23.5242 19.3970 27.5263 30.2395 22.0613 22.8745 31.0068 27.4543 24.4267 25.4029 22.1439 18.8208 30.9981 18.3274 33.8273 23.8727 29.0650 19.5266 21.3947 21.1373 17.2193 26.7850 48.2366 48.9385 44.6444 57.2519 50.2646 50.3908 56.3061 46.2184 53.6338 47.2365 51.3613 55.2975 50.6192 56.6222 46.3447 56.0348 53.3628 52.5558 53.1033 45.9835 53.6691 40.9392 53.5007 54.1086 51.7853 56.8463 53.5249 56.5047 56.8779 59.0382
5.6227 4.1051 5.8702 2.5731 4.3133 9.2386 5.0513 6.0627 7.5658 6.8397 6.2703 6.9373 11.6776 4.6739 8.0205 4.5023 8.6410 7.4024 4.1806 11.5450 8.5167 3.3868 3.2383 4.5237 3.6447 0.0000 8.0375 3.9771 10.0359 8.0303 49.5705 51.1795 49.6039 55.0150 54.7795 51.0099 47.3157 51.3382 48.2155 48.5044 55.0933 51.6378 56.5827 50.3347 55.3954 47.8359 59.8577 45.4807 49.0046 51.6390 50.3083 49.7673 47.2981 53.3843 52.2884 55.6226 48.3364 45.4997 58.5925 50.4824 25.6679 22.4339 30.3473 30.4303 29.5870 25.6601 21.5171 26.2593 23.1270 30.2742 26.8792 31.0175 29.8259 32.2331 37.3703 28.0912 29.4924 22.9289 33.9410 19.9661 26.7630 25.9022 28.6933 22.4872 29.2432 25.2695 21.4229 33.5337 29.6680 27.7280 15.6153 25.3252 25.4966 19.8232 14.8563 23.8491 16.7107 22.7701 20.2632 16.0871 24.3548 26.9611 18.7645 19.6030 27.7153 24.1574 21.0959 22.1423 18.8755 15.7490 27.7013 15.2709 30.5724 20.6179 25.7865 16.2167 18.0603 17.8462 13.9513 23.5661 44.9162 45.6181 41.3240 53.9446 46.9573 47.0835 52.9988 42.9111 50.3265 43.9161 48.0540 51.9902 47.3119 53.3149 43.0373 52.7275 50.0555 49.2484 49.7960 42.6632 50.3617 37.6188 50.1934 50.8013 48.4780 53.5390 50.2176 53.1974 53.5706 55.7525
5.5849 5.8228 4.1036 7.7052 5.3789 3.2132 5.7923 12.1935 7.4504 13.9166 11.7807 6.9626 18.7320 4.2834 10.8052 6.2035 15.6510 10.6585 9.6398 18.8034 3.5660 7.5352 9.8462 7.2140 10.7175 8.0375 0.0000 5.1117 15.4223 11.9066 43.1466 44.7159 43.0684 48.4040 47.9354 44.5463 40.7968 44.8747 41.6800 42.0409 48.5078 45.2139 49.7671 43.6480 48.7910 41.2693 53.1308 38.9848 42.5410 45.2151 43.8448 43.2319 40.8742 46.8969 45.8249 49.0802 41.8009 38.9642 51.8656 44.0189 18.7217 15.4545 23.3571 23.3905 22.6380 18.5342 14.4732 19.1916 16.1117 23.2028 19.8115 23.9500 22.7544 25.1840 30.3908 21.0820 22.5761 15.9663 26.8808 12.8946 19.8243 18.9533 21.7249 15.5392 22.2161 18.2594 14.4618 26.4622 22.6451 20.8177 8.8963 18.3228 18.5961 13.4802 8.8682 16.9366 13.1166 15.8989 13.2005 9.8062 17.7689 19.8874 12.1706 13.4819 20.6570 17.4503 14.1490 15.1077 11.9291 9.2382 20.8483 9.5874 23.7368 14.0620 18.7120 9.4660 11.0936 11.6313 7.5963 16.9506 37.8560 38.5842 34.2813 46.9563 39.9689 40.0951 46.0105 35.9227 43.3382 36.8615 41.0656 45.0018 40.3236 46.3266 36.0490 45.7392 43.0671 42.2601 42.8076 35.6029 43.3734 30.6104 43.2051 43.8130 41.4897 46.5506 43.2293 46.2091 46.5822 48.7426
4.0404 4.3241 4.8864 3.8224 2.9508 6.5676 2.8283 8.7761 7.1208 10.0824 7.9172 5.8234 14.4073 1.9095 8.4519 2.9658 11.4656 8.0018 5.6138 14.7451 5.6292 4.0593 6.1939 5.5792 6.6436 3.9771 5.1117 0.0000 11.2700 8.7041 46.8009 48.4579 46.9680 52.1459 51.7228 48.2883 44.6038 48.6166 45.5796 45.7828 52.1633 48.8694 53.5487 47.2974 52.4699 45.0763 56.9124 42.7919 46.2830 48.8834 47.5867 47.1314 44.5661 50.5463 49.5668 52.7297 45.7005 42.8638 55.6472 47.7608 22.5587 19.4470 27.3555 27.3847 26.5049 22.5534 18.6472 23.3489 20.2233 27.2788 23.8874 28.0460 26.8305 29.3178 34.3216 24.9200 26.3524 19.9310 30.8321 17.0405 23.6381 22.8187 25.5259 19.3530 26.2514 22.3374 18.4268 30.5383 26.7152 24.5880 12.7499 22.4022 22.6227 17.0839 12.3336 20.9735 14.0725 19.9328 17.3196 13.3106 21.6587 23.9996 16.0141 16.7451 24.7654 21.3690 18.2338 19.1987 15.9618 13.2166 24.8722 12.7324 27.7033 17.9518 22.8311 13.4978 15.2554 15.1597 11.0934 20.7933 41.8923 42.5942 38.3001 50.8349 43.8476 43.9738 49.8891 39.8014 47.2168 40.8921 44.9443 48.8805 44.2022 50.2053 39.9277 49.6178 46.9458 46.1388 46.6863 39.6392 47.2521 34.5948 47.0837 47.6916 45.3683 50.4293 47.1079 50.0877 50.4609 52.6958
12.7644 11.6393 14.9619 9.8431 11.5777 16.4303 11.0539 6.2249 12.4551 8.9010 5.3159 12.0427 4.3683 12.3328 6.8390 12.3611 1.8355 6.1641 8.2804 4.9153 16.7914 9.1421 9.9364 11.8370 7.3699 10.0359 15.4223 11.2700 0.0000 6.0057 57.2910 58.7210 57.3696 62.6633 62.5700 58.5514 55.3865 58.8797 55.9241 56.0459 62.8853 59.2975 64.3732 58.2434 63.1919 55.9117 67.5279 53.3385 56.5461 59.2987 57.8498 57.4759 54.9578 61.1255 59.8622 63.3457 56.0450 53.2916 66.1967 58.0331 33.5830 30.4614 38.3825 38.3826 37.5211 33.2690 29.6504 34.3057 31.1622 38.3860 34.9289 38.9031 37.9377 40.2683 45.3486 35.8349 37.2401 30.9664 41.7144 28.0779 34.6468 33.8457 36.4546 30.3441 37.3443 33.3047 29.5340 41.6455 37.7032 35.4821 23.7344 33.3366 33.4561 27.9498 22.8887 31.8086 24.8353 30.7296 28.2227 24.3320 32.2636 34.9187 26.8422 27.7296 35.7623 32.2352 29.1848 30.1679 26.9248 23.8588 35.7791 23.4413 38.5812 28.6019 33.7441 24.4616 26.1528 26.0722 22.1126 31.5932 52.9921 53.6940 49.3999 61.8534 54.8660 54.9922 60.9076 50.8198 58.2353 51.9920 55.9627 59.8989 55.2207 61.2237 50.9461 60.6363 57.9642 57.1572 57.7047 50.7390 58.2705 45.6947 58.1022 58.7100 56.3868 61.4477 58.1264 61.1061 61.4793 63.6396
11.8040 8.3425 13.2279 7.7155 10.1371 14.1148 8.7289 2.5050 14.0622 12.2364 3.5006 13.3853 9.0857 8.8823 1.4854 10.2289 5.9299 2.4252 9.3790 8.7707 12.1151 7.9789 7.4659 6.8861 9.5882 8.0303 11.9066 8.7041 6.0057 0.0000 52.7541 54.4110 52.7922 58.2274 57.9468 54.2415 50.3108 54.5698 51.4038 51.7360 58.2589 54.8226 59.7500 53.3673 58.5844 50.9108 63.0700 48.4988 52.2361 54.8366 53.5399 52.9556 50.5193 56.5216 55.5200 58.6679 51.5247 48.6880 61.8049 53.7140 28.6704 25.4195 33.3192 33.7227 32.5895 29.4002 24.4862 29.2017 26.0801 33.2430 29.8216 34.7276 32.7768 35.1754 40.3560 31.2381 32.5676 25.9178 37.3176 22.9171 29.9784 29.1256 31.8288 25.4957 32.3372 28.2398 24.5076 36.4849 32.7031 30.8496 19.2089 28.4732 28.7314 22.9278 18.0842 27.0036 19.8345 25.9180 23.6944 19.1536 27.5220 30.0911 21.9011 22.7076 30.8569 27.2999 24.0814 25.2902 22.0234 19.1560 30.8390 18.4078 33.7204 23.7847 29.3982 19.2896 21.2395 20.9177 17.0597 26.6699 47.8701 48.5720 44.2779 56.9417 49.9544 50.0806 55.9959 45.9082 53.3236 46.8699 51.0511 54.9873 50.3090 56.3121 46.0345 55.7246 53.0526 52.2456 52.7931 45.6170 53.3589 40.5726 53.2899 53.8566 51.4751 56.5361 53.2147 56.1945 56.5677 58.9198
48.0171 46.8001 44.3774 49.9395 47.9485 41.9731 47.7065 53.8297 48.8245 55.4731 53.6619 49.1292 60.5845 45.8348 52.2712 48.6080 57.7353 52.4333 51.1542 60.7537 41.5170 50.0263 51.5361 46.5757 52.6896 49.5705 43.1466 46.8009 57.2910 52.7541 0.0000 2.9723 4.7153 6.2969 7.1473 4.1229 4.4172 3.4009 2.9924 4.5303 5.7294 2.8485 9.4257 3.1187 6.5291 3.4331 11.7571 6.5841 4.0901 2.7404 3.3683 2.9820 3.5849 4.0740 3.2716 6.5585 3.9395 5.1285 10.7324 3.2955 26.8248 29.7979 22.3044 22.2749 23.2382 27.1054 30.4535 25.8009 28.6730 22.3481 25.2081 21.6279 22.5256 20.8378 17.3348 24.9627 23.4822 28.9567 20.8608 31.4350 25.2571 26.1052 24.4731 29.6874 22.8487 26.6082 29.7822 19.1203 22.6328 24.9362 35.6874 25.5668 25.4679 31.5136 36.2700 26.8231 34.7548 28.2300 30.3891 34.9816 26.6236 24.1190 31.8368 31.8357 23.3037 26.1562 29.7656 28.5961 31.6657 35.2979 23.1641 35.9680 20.0443 29.5914 25.1548 34.4939 32.5636 33.0103 36.7336 27.1186 8.3908 7.1029 10.5219 10.7040 7.2134 7.6444 9.7924 8.2381 8.5475 8.2054 7.8026 8.9307 6.7254 10.8106 8.2896 11.5336 8.1005 8.1973 7.5134 8.6436 7.7288 14.0115 8.6321 6.5818 6.8989 9.9759 7.8627 9.1490 9.4367 12.8316
49.6176 48.2693 45.9639 51.5248 49.4818 43.4669 49.3450 55.4837 50.2039 56.7331 55.2373 50.7543 62.0768 47.4767 53.9282 50.1563 59.1208 54.0452 52.4510 62.0038 43.1740 51.4508 53.1702 48.2327 53.9341 51.1795 44.7159 48.4579 58.7210 54.4110 2.9723 0.0000 6.0976 5.5531 6.8416 3.2233 6.7577 1.8614 3.5966 4.1052 5.4045 1.9443 8.7472 4.4588 6.0271 5.2670 10.5613 8.8853 3.8621 2.8566 2.1280 3.3401 4.8095 4.4457 2.3433 6.5508 3.9954 6.5527 9.4441 2.5150 28.4818 31.4549 24.0196 24.0183 24.9533 28.7260 32.1105 27.4579 30.3300 24.0632 26.8651 23.3245 24.2408 22.5529 19.1035 26.6778 25.1973 30.6137 21.5278 33.0920 26.9141 27.7622 26.1882 31.3443 24.5638 28.2652 31.4392 20.8354 24.3337 26.6470 37.0489 27.1094 26.8179 32.9787 37.6057 28.2623 36.1048 29.6092 31.8655 36.6287 27.9144 25.5789 33.4682 33.3186 24.8837 27.7706 31.4226 30.1529 33.2462 36.6662 24.7832 37.4384 21.5842 31.1067 26.5477 36.1346 34.1526 34.6673 38.2589 28.7376 10.6296 9.3080 12.5120 11.5562 8.7017 9.4177 10.5549 10.4629 9.3006 10.5229 9.7060 9.6786 8.4107 11.5731 10.4382 12.2961 8.9190 9.1770 8.2759 11.0374 8.9277 15.9496 9.2049 7.1924 8.6238 10.9006 9.7428 10.1163 9.8501 13.1798
48.1424 46.7283 44.4774 49.9283 47.9307 41.9871 47.6952 53.8811 48.5890 55.2955 53.7227 49.3325 60.6712 45.8778 52.2627 48.6258 57.6492 52.4644 51.1117 60.6859 41.6003 50.0250 51.4847 46.5755 52.5846 49.6039 43.0684 46.9680 57.3696 52.7922 4.7153 6.0976 0.0000 9.1477 10.3608 6.4749 3.5221 6.0607 3.5881 4.6074 8.9504 6.4323 12.4595 7.1572 9.6794 4.2001 14.6555 6.2213 4.4044 5.6020 5.8670 3.8834 3.3238 8.0570 6.3900 10.4031 4.8806 4.3314 13.6283 6.1135 26.9946 29.8870 22.4975 23.0564 23.3908 27.1236 30.2335 25.7772 28.7219 22.2591 25.1334 22.3306 22.2859 21.3818 18.2626 25.4899 24.1518 29.0441 23.2295 31.4126 25.5243 26.2578 24.7374 29.9060 23.0062 26.6742 29.8525 19.4339 22.6871 25.2030 35.2520 24.8431 24.7750 30.8366 35.5403 26.3097 33.9727 27.4481 30.0838 34.5233 25.5555 23.3555 31.2322 31.2791 22.6078 25.7310 29.3271 28.0772 31.2537 34.6149 22.3826 35.2604 19.4006 29.1308 24.6715 34.1342 32.1709 32.5579 36.4620 26.3269 8.7754 9.7591 9.1678 14.8951 11.6138 10.9894 13.9625 9.9377 12.7517 8.8304 11.9080 13.1796 10.9005 14.9793 9.6554 15.7023 12.2692 12.5088 11.6821 8.8889 11.8975 13.0184 12.7920 10.6942 10.5908 14.2395 11.6153 13.2656 13.2664 16.6188
53.3057 52.0349 49.6519 55.3034 53.2438 47.2079 53.2390 59.3622 54.2500 60.9523 58.9254 54.4424 66.0568 51.2577 57.6718 53.8443 63.1219 57.7480 56.6302 66.1917 46.8621 55.2611 57.0685 52.0118 58.0788 55.0150 48.4040 52.1459 62.6633 58.2274 6.2969 5.5531 9.1477 0.0000 2.4528 5.4412 10.0001 5.6252 7.6716 8.0857 2.3988 5.0840 4.0303 5.3925 2.2007 8.0990 5.6124 12.7028 7.2036 5.5018 6.8449 6.0287 8.8384 3.3218 3.5426 4.1585 7.6253 10.6304 4.5595 5.1998 32.1698 35.1429 27.5454 27.2817 28.5530 32.3006 35.7985 31.1459 34.0180 27.5553 30.5532 26.7825 27.8265 26.0731 21.7786 30.2015 28.7325 34.3017 24.7025 36.7801 30.6022 31.4502 29.6673 35.0324 28.1838 31.9532 35.1272 24.3270 27.9778 30.2812 40.9222 30.8016 30.7027 36.7908 41.6922 32.0579 40.1371 33.4949 35.6239 40.3600 32.0458 29.3538 37.2958 37.0705 28.5717 31.5431 35.1107 33.8409 36.9342 40.7201 28.5198 41.4845 25.2790 34.9734 30.3896 39.9172 37.8407 38.5217 41.9683 32.6511 12.9369 11.5583 15.9153 8.4177 10.3590 10.7739 8.2958 13.4955 8.0965 12.9569 10.0144 7.2534 9.6155 8.2893 13.3186 9.0631 8.0369 9.8745 8.0447 14.0830 7.5011 19.6123 8.5876 6.6337 9.2790 8.0418 8.5297 6.7642 6.6451 10.0389
