0.0000 2.8580 2.2930 2.2439 1.8209 2.3717 3.1500 4.8656 4.2583 2.7098 1.2677 1.8073 2.1002 3.2841 3.3805 2.4358 1.1691 3.0071 4.3882 1.2625 4.0101 3.0936 3.2295 5.2031 2.3199 1.8133 3.6426 1.9196 2.3034 2.4590 72.3854 77.5338 72.8042 75.0253 71.3010 75.9030 67.5999 76.2359 73.4442 77.4670 73.7198 74.9189 71.1970 68.3336 76.6690 68.2943 75.7113 68.5368 75.0613 78.7525 76.7539 73.9437 72.9364 72.9968 76.5755 74.5083 72.6202 70.1908 75.1601 74.9775 3.3268 3.9316 6.8429 6.3393 4.2845 5.4215 9.0958 6.4289 4.7918 9.7066 6.9604 7.1819 11.7446 6.4566 7.3919 3.5178 3.0514 5.3381 6.2649 6.1897 3.7452 4.0557 4.1468 4.8085 7.2439 4.9484 5.0723 10.2963 6.5554 3.0460 18.1324 25.2616 27.1893 23.8095 23.2623 20.4487 26.5552 26.2403 15.7523 20.7955 31.8473 24.9107 22.9998 22.6968 27.6713 19.4592 17.5059 20.3811 19.6474 20.6803 27.6532 21.9831 24.8521 19.4433 19.7325 21.4076 15.5885 19.2786 16.4577 26.9811 39.7879 41.7226 42.7887 46.9969 41.3821 41.7966 46.0819 43.5985 44.8063 42.7584 41.0977 45.9140 41.8645 44.2603 42.2619 43.4214 43.9652 41.7746 45.4977 43.5325 44.7557 40.8551 46.7464 48.2737 43.3225 45.6295 42.1478 44.8358 46.2208 49.2418
2.8580 0.0000 3.0107 1.9397 2.0235 2.0172 1.6788 4.0197 2.1388 2.1464 2.2592 4.0685 4.3491 1.9146 1.7665 2.2037 3.3538 1.4926 3.4532 2.2934 2.4646 2.8695 1.6891 3.4220 2.3648 2.0018 1.5910 2.2860 4.5439 1.5090 69.7320 74.9689 70.1540 72.3610 68.6438 73.2902 64.9351 73.6092 70.7821 74.8212 71.0566 72.3392 68.5430 65.6918 73.9985 65.6184 73.0313 65.8767 72.4398 76.1124 74.1108 71.2811 70.2983 70.3353 73.9502 71.8936 69.9999 67.5494 72.5828 72.3153 1.9353 2.1713 4.3480 3.8706 2.0570 2.9866 6.5577 4.2112 2.6872 7.0671 4.6779 4.6181 9.0801 4.4345 4.7956 2.1347 1.5061 2.8385 4.0910 3.6528 1.4832 1.8023 2.0110 2.9342 4.6321 2.8617 2.9637 7.5939 4.1054 2.4851 15.7733 22.8751 24.8518 21.4565 21.1656 18.0194 24.5016 23.8321 13.2990 18.3579 29.7135 22.5879 20.5836 20.3344 25.3420 17.0684 15.1239 18.0453 17.2254 18.3023 25.2317 19.4591 22.4444 17.1395 17.3178 19.0932 13.0257 16.7893 14.1812 24.5277 37.2422 39.1619 40.1939 44.4150 38.8771 39.1990 43.5272 41.0505 42.2285 40.1496 38.5277 43.3786 39.3916 41.7149 39.6244 40.8453 41.3194 39.2663 42.9460 40.9252 42.1014 38.4060 44.2053 45.7194 40.7103 43.0245 39.5966 42.2347 43.6985 46.6545
2.2930 3.0107 0.0000 3.3183 2.7676 1.6468 2.5549 3.3238 4.0916 3.9938 2.4058 3.1743 2.2512 3.6947 2.9098 2.4841 2.4185 2.9570 3.1263 2.2009 3.1899 3.9209 3.9890 4.1404 2.6709 2.4736 4.1301 2.1376 2.9774 3.0803 71.6301 76.7826 71.9151 74.2303 70.5726 74.9751 66.8662 75.1910 72.6204 76.4922 72.8995 74.0961 70.5970 67.8395 76.0125 67.5521 74.9191 67.8243 74.0940 77.9084 75.7693 73.0090 72.0096 72.1831 75.8089 73.8508 71.6916 69.3372 74.3121 74.1045 4.0515 4.6254 6.8920 6.4344 4.6557 5.3388 8.7357 6.8428 5.0271 9.3716 7.1179 6.7029 11.4339 7.1086 7.0804 4.4025 3.1406 4.7550 6.0701 6.3375 3.9973 4.2788 3.6841 3.6338 7.2806 4.8114 4.4246 9.7052 6.1260 4.0538 17.3482 24.0311 26.0152 22.5591 21.7163 19.3508 24.9626 25.0198 14.9820 19.9097 30.2255 23.4616 22.0455 21.6224 26.6761 18.5516 17.3418 19.1456 18.7451 19.4917 27.1720 20.9348 23.7160 18.2820 18.6170 20.4946 14.9289 18.2476 15.4307 25.7894 39.1771 41.2613 41.9551 46.5412 40.8420 41.1707 45.4747 43.3120 44.4282 42.3033 40.6036 45.3057 41.3048 43.6019 41.6355 43.1069 43.4525 41.1177 45.0225 42.9751 44.1457 40.1402 46.1855 47.4611 42.8410 45.1499 41.4265 44.2349 45.4433 48.6895
2.2439 1.9397 3.3183 0.0000 1.3163 2.3424 2.4790 4.9720 2.7101 1.8763 2.1028 3.0910 3.8988 1.9526 2.7757 1.7977 2.8087 1.8027 3.9236 1.9745 3.1272 1.8733 1.8313 4.2370 1.6955 1.7311 2.6073 1.8158 3.6293 1.5200 70.6970 75.8231 71.2033 73.3798 69.6627 74.3550 65.9610 74.7716 71.8281 75.9686 72.1025 73.2486 69.4346 66.5379 74.9652 66.5989 74.0760 66.8803 73.5316 77.1529 75.2359 72.4425 71.3541 71.3525 74.9027 72.8023 71.0836 68.6172 73.6124 73.3787 2.1951 2.7725 5.2357 4.8230 2.8570 4.2404 7.6866 4.7943 3.7262 8.2022 5.6359 5.9194 10.0540 5.0247 5.9103 2.6179 2.4941 4.2139 5.3211 4.4900 2.2334 2.7906 2.9597 4.1507 5.5925 3.9316 4.3127 8.8381 5.1037 2.1900 16.6548 23.9483 25.8110 22.6566 22.3826 19.1581 25.7811 24.8826 14.3323 19.2403 30.9092 23.8904 21.4552 21.2260 26.1025 17.9037 15.7771 19.1910 18.1864 19.3985 25.8666 20.6557 23.4559 18.3338 18.3630 19.9473 13.9882 17.8904 15.1065 25.6793 38.1699 40.1290 41.2161 45.3384 39.8574 40.2634 44.4271 41.7947 43.0569 41.1030 39.5085 44.3444 40.2357 42.7131 40.6882 41.6817 42.2887 40.2851 43.7984 41.8415 43.0586 39.2305 45.0651 46.7606 41.6017 43.8674 40.5491 43.1582 44.6877 47.5147
1.8209 2.0235 2.7676 1.3163 0.0000 2.0814 2.4617 4.5863 3.0264 1.9546 1.6634 2.5950 3.2924 2.1415 2.7413 1.6469 2.1616 2.0187 3.6903 1.3437 3.1849 2.2142 2.2522 4.3707 1.4238 1.1874 2.7383 1.4202 3.1224 1.3257 71.0963 76.2320 71.5886 73.8028 70.0471 74.6934 66.3566 75.0752 72.2159 76.3310 72.4990 73.6590 69.8295 66.9764 75.3795 67.0257 74.4685 67.3067 73.8654 77.5561 75.5936 72.7684 71.7497 71.7781 75.3257 73.1927 71.4390 68.9543 73.9473 73.7403 2.6053 3.2033 5.7145 5.2098 3.3380 4.4599 8.0495 5.3671 3.9826 8.5937 6.0591 6.2256 10.5129 5.5439 6.3271 2.9459 2.5384 4.3787 5.5500 4.9352 2.6783 3.0722 3.2086 4.0999 6.0025 4.2144 4.5625 9.2006 5.4899 2.6586 16.8990 24.1534 26.0702 22.7409 22.4095 19.3164 25.7878 25.0933 14.5112 19.4691 30.9545 23.9927 21.6994 21.4980 26.4302 18.1841 16.1400 19.3351 18.4270 19.5585 26.2946 20.8829 23.6660 18.3669 18.5912 20.1403 14.2659 18.1578 15.2478 25.8716 38.5010 40.4584 41.5069 45.7092 40.1190 40.5993 44.7812 42.2321 43.4342 41.4317 39.8132 44.6477 40.5554 43.0002 40.9805 42.0703 42.6676 40.4640 44.1184 42.2107 43.4299 39.5085 45.4036 47.0795 41.9776 44.2770 40.8898 43.5208 44.9641 47.8706
2.3717 2.0172 1.6468 2.3424 2.0814 0.0000 1.6324 3.3337 2.8834 3.0785 2.1509 3.4954 3.0935 2.6742 2.1556 1.8143 2.7630 1.8951 2.6578 2.0793 2.1445 3.0956 2.9952 3.3115 1.8004 2.0726 3.0822 1.5386 3.4746 2.1486 70.6168 75.7844 70.9375 73.2259 69.5744 74.0611 65.8613 74.3402 71.6595 75.5873 71.9098 73.0927 69.5207 66.7249 74.9697 66.5173 73.9364 66.8009 73.1820 76.9611 74.8934 72.1048 71.0647 71.1938 74.8039 72.8044 70.7713 68.3884 73.3862 73.1687 3.0649 3.6234 5.6691 5.2748 3.4611 4.3674 7.6098 5.6014 4.0738 8.2369 6.0211 5.6447 10.2842 5.9213 5.9588 3.4965 2.3132 3.6915 5.2204 5.1289 2.9364 3.1126 2.6006 2.8241 6.0785 3.8570 3.5759 8.6501 5.0412 3.1905 16.4384 23.2391 25.2504 21.8750 21.2124 18.5697 24.5687 24.2628 14.0357 18.9673 29.7397 22.8521 21.1061 20.7331 25.7582 17.5655 16.2003 18.4095 17.8291 18.6987 26.0861 20.1127 22.8828 17.6119 17.7629 19.6144 13.9018 17.4109 14.6243 25.0037 38.1623 40.2235 40.9977 45.4858 39.8594 40.1814 44.4458 42.1327 43.2934 41.2175 39.5599 44.3030 40.2974 42.6294 40.6109 41.9945 42.3777 40.1911 43.9334 41.8980 43.0836 39.1391 45.1433 46.5228 41.7103 44.0472 40.3910 43.1706 44.4513 47.5960
3.1500 1.6788 2.5549 2.4790 2.4617 1.6324 0.0000 3.3687 2.2762 3.2098 2.6506 4.1495 4.1999 2.4851 1.8791 2.1214 3.5568 1.3947 2.5678 2.5914 1.8047 2.8936 2.4744 2.8315 2.3075 2.2761 2.6697 2.1036 4.3810 2.0219 69.6611 74.8974 70.0730 72.3440 68.6582 73.2066 64.9749 73.4537 70.7780 74.7148 71.0395 72.2665 68.5912 65.8109 74.0378 65.6149 73.0409 65.8680 72.3390 76.0561 74.0308 71.2447 70.2155 70.2944 73.9466 71.9565 69.9137 67.5168 72.4945 72.2623 2.6623 3.1935 4.9101 4.4868 2.8357 3.5314 6.7723 4.9421 3.3566 7.3439 5.3456 4.8106 9.2625 5.3365 5.0595 3.2511 2.1235 2.8088 4.4819 4.3111 2.0395 2.6573 1.9075 2.4868 5.1617 3.0300 2.9355 7.6733 4.1469 3.1027 15.6375 22.4334 24.5283 21.1193 20.5835 17.8369 23.9868 23.4322 13.2661 18.1320 29.0744 22.1548 20.3022 19.9882 25.0592 16.8139 15.2833 17.5965 17.0785 17.8966 25.2623 19.2949 22.1314 16.8776 17.0457 18.7967 12.9827 16.5619 13.8278 24.2253 37.2867 39.3679 40.1343 44.5904 39.0397 39.2898 43.5516 41.2903 42.4227 40.3207 38.7024 43.4783 39.4462 41.8118 39.7668 41.0889 41.4370 39.3892 43.0684 40.9943 42.1635 38.3414 44.2861 45.6368 40.8281 43.1241 39.5826 42.2703 43.6469 46.7289
4.8656 4.0197 3.3238 4.9720 4.5863 3.3337 3.3687 0.0000 4.4253 5.2965 4.4196 5.7679 5.0884 4.4630 3.1610 4.2092 4.7968 3.8719 3.6151 4.5110 3.5584 5.3494 5.0622 3.1952 4.4563 4.0520 4.7808 4.2768 5.7845 4.6069 69.5298 74.7714 69.7868 72.1752 68.3217 72.8041 64.7156 72.8204 70.4528 74.2519 70.5964 71.9996 68.5613 65.8107 73.9855 65.4805 72.7887 65.7558 71.9434 75.7811 73.6952 70.7779 69.8648 70.0312 73.7699 71.7089 69.5250 67.2306 72.0258 71.9663 4.8340 5.3706 6.2857 5.7171 4.9804 4.6511 7.3794 6.6920 4.9824 7.9437 6.5509 5.7262 10.0236 7.0622 6.0939 5.3211 3.7591 4.1051 5.7371 5.8367 4.6379 4.6945 3.6590 2.4443 6.6797 4.1392 4.5963 8.2440 4.9547 5.5562 15.0156 22.1047 24.1702 19.9106 18.9416 17.1351 22.1062 22.9492 13.2127 17.8364 27.6681 20.9330 19.9252 19.4371 24.6904 16.4814 15.7753 16.6386 16.7144 17.4034 25.4261 19.0181 21.7759 15.7176 16.6521 18.5695 12.9908 16.3322 13.7595 23.4922 37.0242 39.0423 39.8242 44.3609 38.5240 38.7586 43.3244 41.4144 42.4785 40.3179 38.4814 42.9018 39.0766 41.5944 39.5061 41.2043 41.4471 38.7596 42.8771 40.7925 41.9918 37.9288 44.1541 45.1736 40.8827 43.0897 39.1524 42.2407 43.1515 46.5234
4.2583 2.1388 4.0916 2.7101 3.0264 2.8834 2.2762 4.4253 0.0000 3.3611 3.7811 5.1520 5.4819 2.3270 2.4701 2.5855 4.7102 1.7602 2.9489 3.6611 1.9873 3.1397 2.6004 2.5884 2.7240 3.2245 2.6414 3.0004 5.4285 2.4931 68.3881 73.5702 68.8325 71.0822 67.4685 72.0038 63.7393 72.3989 69.5627 73.6360 69.8023 70.9404 67.2028 64.3897 72.7327 64.3189 71.7944 64.6427 71.1592 74.8939 72.8624 70.1173 69.0038 69.0832 72.6417 70.5805 68.7440 66.2629 71.3769 71.0610 3.0331 3.2831 3.8606 3.6155 2.4645 3.3292 5.9162 3.9802 3.4365 6.3670 4.6919 4.1598 8.1036 4.6324 3.9902 3.4527 2.9162 2.5731 4.4427 3.1061 1.8847 2.2505 1.4741 2.7145 4.0073 3.4276 3.1982 6.7341 3.4233 3.4188 14.5456 21.4993 23.3779 20.3417 20.1447 16.7304 23.5622 22.3648 12.0165 16.8397 28.5342 21.5125 19.0025 18.7805 23.6909 15.5148 13.9863 16.9153 15.8477 16.9708 23.7701 18.2493 20.9274 16.0858 15.8885 17.6929 11.6880 15.5088 12.6476 23.2599 35.9851 38.0783 38.8562 43.2798 37.8223 38.1330 42.2723 39.7894 40.9567 38.9653 37.3939 42.2237 38.1500 40.4806 38.4560 39.6679 40.1384 38.1140 41.6645 39.6764 40.7948 36.9576 42.8628 44.5045 39.3933 41.7252 38.2736 40.9086 42.4116 45.3379
2.7098 2.1464 3.9938 1.8763 1.9546 3.0785 3.2098 5.2965 3.3611 0.0000 2.1745 3.7153 4.4594 2.2201 3.2296 3.0418 3.0902 2.7807 4.9352 2.4051 4.0292 2.8768 1.7451 5.0946 2.7828 2.2210 1.9978 2.9148 4.5331 1.8194 70.6343 75.8314 71.1239 73.2694 69.4416 74.2664 65.7572 74.6722 71.6964 75.8394 71.9623 73.2409 69.2694 66.3503 74.7893 66.4835 73.9215 66.7111 73.4584 77.0515 75.1872 72.2524 71.3139 71.2526 74.8220 72.6332 70.9855 68.4918 73.4575 73.2819 1.9882 2.2415 4.9184 4.3804 2.6683 3.8140 7.4257 4.3692 3.1918 7.8631 5.0264 5.7092 9.8750 4.2424 5.8219 1.8005 2.2786 4.2519 4.9214 4.1897 2.6214 2.5293 3.6334 4.6061 5.2884 3.7421 4.5285 8.7103 5.2036 2.4348 16.6208 24.2343 26.1382 22.6426 22.5614 19.1805 25.9238 25.1821 14.2423 19.3892 31.2255 23.9792 21.6687 21.5194 26.4726 18.0845 15.4913 19.2868 18.2426 19.5985 25.9168 20.6726 23.6966 18.2582 18.5594 20.0954 13.9250 18.0092 15.4447 25.7513 37.9192 39.6697 41.1191 44.9593 39.3918 39.8749 44.1980 41.4663 42.7376 40.7168 39.0711 43.9837 39.9847 42.4236 40.3233 41.2940 41.9932 39.9119 43.4949 41.5746 42.8533 39.1500 44.8682 46.5854 41.3495 43.6682 40.3553 42.9681 44.4784 47.2765
1.2677 2.2592 2.4058 2.1028 1.6634 2.1509 2.6506 4.4196 3.7811 2.1745 0.0000 2.5428 2.7479 2.8946 2.7522 2.4867 1.5778 2.6396 4.1605 1.1027 3.6699 3.0650 2.7557 4.8465 2.2827 1.5428 2.8153 1.9389 3.0586 1.9769 71.7225 76.9439 72.1406 74.3631 70.6095 75.2725 66.9215 75.5529 72.7825 76.7741 73.0161 74.3211 70.5157 67.6585 76.0010 67.6189 75.0394 67.8663 74.4286 78.1114 76.1184 73.2398 72.3040 72.3307 75.9681 73.8625 71.9826 69.5349 74.5209 74.3252 2.8902 3.3830 6.1975 5.6727 3.6433 4.7234 8.3925 5.8259 4.1131 8.9975 6.2588 6.5473 11.0573 5.7778 6.6912 2.8716 2.3772 4.6672 5.5602 5.5271 3.2067 3.3640 3.6418 4.2613 6.5522 4.3087 4.6169 9.5854 5.9850 2.7175 17.4851 24.6483 26.6907 23.1301 22.6320 19.8043 25.9419 25.6531 15.0903 20.1642 31.2693 24.2435 22.3864 22.1086 27.1732 18.8720 16.8829 19.7293 19.0399 20.0523 27.0710 21.3565 24.2776 18.7604 19.1592 20.8320 14.8799 18.6937 15.8224 26.3363 39.0690 40.9421 42.1089 46.2640 40.6142 41.0002 45.3896 42.8928 44.0954 41.9840 40.3287 45.1640 41.1616 43.5201 41.4923 42.6986 43.2313 41.0128 44.7859 42.8080 44.0152 40.1778 46.0721 47.5860 42.6187 44.9361 41.4276 44.0970 45.4690 48.5416
1.8073 4.0685 3.1743 3.0910 2.5950 3.4954 4.1495 5.7679 5.1520 3.7153 2.5428 0.0000 2.2200 3.9757 4.6193 2.9955 1.5119 3.8547 4.9750 2.1416 4.8701 3.1848 4.1645 6.1354 2.9460 2.6464 4.8952 2.5738 1.5222 3.4221 73.2672 78.2504 73.7822 75.9871 72.2330 76.8227 68.5544 77.2162 74.3541 78.4608 74.6805 75.7681 72.0586 69.1874 77.5545 69.2254 76.6440 69.4610 75.9986 79.6634 77.7124 74.9656 73.8937 73.9326 77.4438 75.3853 73.5916 71.1350 76.0324 75.8944 4.4384 5.1534 8.0189 7.4801 5.5434 6.5947 10.3886 7.5638 6.0423 10.8927 8.2933 8.4428 12.8068 7.6772 8.5961 4.8202 4.3637 6.5628 7.6133 7.1960 4.7446 5.3647 5.1886 5.9077 8.3432 6.1663 6.4628 11.4822 7.6195 4.2152 18.8170 26.1016 27.8794 24.6721 24.1370 21.3123 27.4956 26.9957 16.5700 21.4946 32.6994 25.9172 23.7050 23.4432 28.3373 20.1669 18.1602 21.2010 20.3892 21.5041 28.2424 22.9213 25.6246 20.2638 20.5781 21.9647 16.4279 20.1089 17.1399 27.8575 40.5750 42.6237 43.6307 47.8813 42.2342 42.7865 46.8632 44.4231 45.6477 43.6319 41.9795 46.7830 42.5901 45.0990 43.2477 44.2113 44.8900 42.6324 46.2877 44.3855 45.6993 41.5348 47.4804 49.1320 44.2409 46.4772 43.0448 45.6708 47.0756 50.0689
2.1002 4.3491 2.2512 3.8988 3.2924 3.0935 4.1999 5.0884 5.4819 4.4594 2.7479 2.2200 0.0000 4.7098 4.4916 3.4218 1.8400 4.2599 4.6303 2.6014 4.8071 4.4078 5.0019 5.9503 3.3023 3.2766 5.2773 2.8353 1.6826 3.9778 73.4984 78.5697 73.8119 76.1030 72.4677 76.8764 68.7596 77.1670 74.5113 78.4229 74.7910 75.9239 72.4032 69.6158 77.8584 69.4246 76.8113 69.6867 76.0018 79.8128 77.6918 74.9479 73.9227 74.0775 77.6547 75.6717 73.6045 71.2189 76.1978 76.0225 5.1163 5.7034 8.4220 7.9489 5.9385 6.9670 10.5022 8.1616 6.4640 11.1327 8.5955 8.4945 13.2004 8.2272 8.7998 5.3056 4.5192 6.5885 7.6731 7.7738 5.3370 5.6024 5.3164 5.5368 8.8246 6.4419 6.1939 11.5914 7.9140 4.7173 19.0695 25.8774 27.7684 24.4660 23.5963 21.1632 26.8558 26.8577 16.6669 21.6515 32.1157 25.4117 23.7882 23.3772 28.3795 20.2567 18.8638 21.0385 20.4794 21.3286 28.7471 22.8013 25.4854 20.1113 20.4179 22.1875 16.6771 20.1014 17.0663 27.6723 40.8881 42.9553 43.7641 48.2801 42.5377 42.9766 47.2191 44.9264 46.0838 43.9790 42.2996 47.0622 42.9802 45.2757 43.4154 44.7395 45.2303 42.8455 46.7023 44.7463 45.9573 41.7935 47.8584 49.2802 44.5563 46.8978 43.1762 45.9541 47.1738 50.4398
3.2841 1.9146 3.6947 1.9526 2.1415 2.6742 2.4851 4.4630 2.3270 2.2201 2.8946 3.9757 4.7098 0.0000 2.8480 2.1876 3.5275 1.7127 3.7881 2.7018 2.8102 2.2509 1.7981 3.8646 2.2700 2.1050 2.4639 2.6111 4.6114 1.9470 69.5989 74.5810 70.0869 72.2193 68.4417 73.1697 64.7373 73.5861 70.5750 74.7762 70.9071 72.0607 68.3105 65.3887 73.7739 65.4420 72.8718 65.6920 72.3592 75.9390 74.0766 71.2493 70.2012 70.1595 73.7096 71.5883 69.9313 67.4700 72.3575 72.1949 2.2644 2.7250 4.5511 3.9985 2.7407 3.3787 6.9787 4.2653 3.3785 7.2876 5.1846 5.1228 9.1757 4.7253 5.2585 2.9737 2.2459 3.5759 5.1509 3.5791 2.0050 2.7276 2.7137 3.5921 4.8941 3.3961 4.1934 7.9647 4.2043 3.2910 15.2250 22.9275 24.6289 21.3676 21.2441 17.9478 24.6809 23.7955 13.0951 18.0734 29.8839 22.7760 20.3193 20.1228 25.0077 16.6982 14.5480 17.9341 16.8923 18.3021 24.5796 19.5302 22.3656 17.0154 17.2475 18.6335 12.7773 16.7015 14.1619 24.4672 36.8524 38.8321 39.9843 44.0672 38.5047 39.0148 43.1187 40.6215 41.8971 39.9177 38.2336 43.0184 38.8708 41.4120 39.4994 40.4312 41.1223 39.0045 42.5460 40.5932 41.9493 37.9430 43.7873 45.4829 40.4978 42.6995 39.2928 41.9648 43.4086 46.3067
3.3805 1.7665 2.9098 2.7757 2.7413 2.1556 1.8791 3.1610 2.4701 3.2296 2.7522 4.6193 4.4916 2.8480 0.0000 2.7247 3.7123 1.9445 3.2726 2.9710 2.6250 3.8105 2.9202 2.7538 2.7526 2.5544 2.4543 2.7448 4.8725 2.4999 69.6761 75.0249 70.0273 72.3169 68.6118 73.2234 64.9088 73.3998 70.7530 74.7111 70.8941 72.2962 68.5339 65.7311 74.0435 65.5674 73.0063 65.9037 72.3578 76.0938 74.0331 71.1688 70.1893 70.2747 73.9843 71.8761 69.9210 67.4859 72.5594 72.2598 2.7547 3.0095 4.5634 4.3297 2.5286 3.3498 6.3899 4.6544 3.0225 7.1016 4.8093 4.8441 9.1535 4.8994 4.6319 2.8662 1.9632 2.7814 3.9300 4.1698 2.3021 2.1750 1.7753 2.2270 4.9744 2.9482 3.1493 7.5231 4.0749 2.8856 15.6894 22.6384 24.7587 21.1069 20.5653 17.8417 23.7809 23.5560 13.3995 18.2112 29.1023 22.0986 20.3462 20.0398 25.1411 16.9355 15.5189 17.7819 17.2210 18.1005 25.3751 19.4438 22.2668 16.8864 17.1745 19.1671 12.9966 16.7865 13.9165 24.3154 37.3071 39.2007 40.1584 44.4633 38.9153 39.0909 43.6073 41.1798 42.3416 40.2847 38.6214 43.3008 39.4518 41.7983 39.5976 41.0424 41.4154 39.1797 43.0021 40.9411 41.9893 38.3531 44.3062 45.7173 40.7588 43.0573 39.4969 42.2794 43.6187 46.6547
2.4358 2.2037 2.4841 1.7977 1.6469 1.8143 2.1214 4.2092 2.5855 3.0418 2.4867 2.9955 3.4218 2.1876 2.7247 0.0000 2.7753 1.5379 2.6996 1.9972 2.3700 2.0000 2.7000 3.5446 1.4268 1.9180 3.3242 1.3642 3.1796 1.9504 70.5564 75.5953 71.0364 73.2709 69.6212 74.1074 65.9102 74.5023 71.6920 75.7598 71.9881 73.0411 69.4143 66.5961 74.9130 66.5292 73.9656 66.8121 73.2729 76.9878 74.9681 72.2723 71.1439 71.2425 74.7514 72.7449 70.8549 68.4198 73.4082 73.1829 3.1364 3.8285 5.8361 5.3746 3.7074 4.6566 8.0468 5.6505 4.4627 8.5241 6.4070 6.0631 10.3176 6.1224 6.2259 3.7852 2.9867 4.2284 5.8799 5.0110 2.6913 3.4712 2.7261 3.5623 6.0764 4.3604 4.3052 8.9548 5.2091 3.3437 16.3279 23.4045 25.1682 22.1241 21.6756 18.6461 25.0705 24.2526 13.9751 18.8178 30.1288 23.3059 20.9846 20.6896 25.5739 17.4789 15.8769 18.6521 17.7454 18.8241 25.7210 20.2253 22.8691 17.7951 17.8208 19.4130 13.8015 17.4077 14.4981 25.1689 38.0601 40.1987 40.9567 45.4163 39.8506 40.2848 44.3299 41.9783 43.1306 41.1400 39.5281 44.3131 40.1360 42.5749 40.6729 41.8008 42.3235 40.1515 43.7898 41.8403 43.0543 38.9665 44.9410 46.5334 41.6305 43.8813 40.4196 43.0753 44.4878 47.5015
1.1691 3.3538 2.4185 2.8087 2.1616 2.7630 3.5568 4.7968 4.7102 3.0902 1.5778 1.5119 1.8400 3.5275 3.7123 2.7753 0.0000 3.3920 4.5935 1.5195 4.4118 3.3827 3.7393 5.5438 2.6598 1.9888 4.1127 2.2721 2.1392 2.9274 72.7569 77.8473 73.1904 75.4141 71.6308 76.2441 67.9526 76.5551 73.7754 77.8125 74.0443 75.2703 71.5479 68.6923 77.0410 68.6682 76.0665 68.9111 75.4108 79.1084 77.1257 74.2837 73.3119 73.3567 76.9430 74.8438 72.9920 70.5446 75.4603 75.3276 3.8857 4.4974 7.3616 6.7799 4.8574 5.8134 9.6128 6.9995 5.2725 10.1573 7.5013 7.6838 12.2118 6.9972 7.8868 4.0573 3.4837 5.8083 6.7891 6.6002 4.2725 4.5904 4.5993 5.0793 7.7363 5.3883 5.7428 10.7753 6.9835 3.7720 18.2578 25.5789 27.4507 23.9437 23.3647 20.6518 26.6451 26.4970 15.9922 21.0093 32.0142 25.1238 23.2298 22.9350 27.9416 19.6861 17.7752 20.5477 19.8615 20.9318 27.8980 22.3135 25.1316 19.5318 20.0240 21.5879 15.8458 19.5785 16.6637 27.2197 40.0106 41.9459 43.0661 47.2638 41.5493 42.0483 46.3317 43.8974 45.1104 43.0372 41.3357 46.1118 42.0455 44.4898 42.5621 43.6921 44.3105 41.9353 45.7397 43.8149 45.0876 41.0313 46.9959 48.5366 43.6866 45.9534 42.4093 45.1351 46.4367 49.5224
3.0071 1.4926 2.9570 1.8027 2.0187 1.8951 1.3947 3.8719 1.7602 2.7807 2.6396 3.8547 4.2599 1.7127 1.9445 1.5379 3.3920 0.0000 2.7836 2.4851 1.9763 2.2267 2.1198 2.9208 1.7912 2.0493 2.5748 1.9204 4.2318 1.7780 69.6639 74.8038 70.1299 72.3493 68.6725 73.2623 64.9689 73.5952 70.7817 74.8404 71.0374 72.2104 68.5136 65.6848 73.9990 65.5949 73.0506 65.8762 72.4166 76.0861 74.1140 71.3590 70.2604 70.3059 73.8988 71.8656 69.9920 67.5560 72.5403 72.3051 2.3807 2.9752 4.7100 4.3258 2.6100 3.5443 6.8922 4.6353 3.3961 7.3704 5.3158 5.0216 9.2267 5.0966 5.0398 3.0909 2.2666 3.1611 4.8162 3.9477 1.6596 2.5154 1.8122 2.8398 5.0249 3.2589 3.4816 7.8326 4.0977 2.8340 15.5319 22.6839 24.5497 21.3395 20.9620 17.9246 24.3621 23.5546 13.2633 18.0836 29.4578 22.5145 20.2487 19.9906 24.9460 16.7298 15.0667 17.8530 17.0367 18.1105 24.9650 19.4717 22.1992 17.0646 17.1306 18.7918 12.9171 16.6545 13.8637 24.4007 37.1966 39.2707 40.1325 44.4753 38.9674 39.2870 43.4686 41.0708 42.2590 40.2517 38.6370 43.3966 39.3055 41.7630 39.7617 40.9093 41.4053 39.3354 42.9256 40.9098 42.1121 38.2063 44.1373 45.6710 40.7383 42.9942 39.5346 42.2081 43.6496 46.6127
4.3882 3.4532 3.1263 3.9236 3.6903 2.6578 2.5678 3.6151 2.9489 4.9352 4.1605 4.9750 4.6303 3.7881 3.2726 2.6996 4.5935 2.7836 0.0000 3.7833 1.7951 3.9536 4.3651 2.7502 2.9636 3.6809 4.3871 2.8393 4.6610 3.4987 69.3642 74.4644 69.7512 72.0775 68.5621 72.8110 64.8338 73.1056 70.5264 74.4295 70.8139 71.8219 68.3636 65.6841 73.8711 65.3875 72.7912 65.7322 71.9058 75.8227 73.6158 70.9674 69.8728 70.0720 73.6370 71.7200 69.5625 67.1450 72.2410 71.9472 4.8498 5.2842 6.2901 5.8900 4.7449 5.2048 7.7713 6.5267 5.3920 8.2824 6.9411 5.7560 9.9216 7.1246 6.0609 5.2392 4.1492 3.9669 6.0882 5.6023 3.8836 4.3003 3.0045 2.8592 6.2753 5.0167 4.1852 8.2624 5.2843 5.0268 15.3697 21.5082 23.5542 20.5396 19.7863 17.0979 23.2745 22.4915 12.7140 17.4019 28.0596 21.4761 19.5087 19.1087 24.1295 16.1432 15.4728 17.0455 16.4548 17.0120 24.8754 18.7171 21.1435 16.2809 16.2082 18.0386 12.7437 16.0033 12.6845 23.5292 37.0380 39.3832 39.6235 44.6315 38.9827 39.3394 43.3575 41.3015 42.2938 40.1886 38.6326 43.3931 39.2189 41.4136 39.5849 41.0951 41.3553 39.0794 42.8853 40.8946 41.9821 37.7594 43.9394 45.3388 40.6544 42.9871 39.2768 41.9170 43.1882 46.5329
1.2625 2.2934 2.2009 1.9745 1.3437 2.0793 2.5914 4.5110 3.6611 2.4051 1.1027 2.1416 2.6014 2.7018 2.9710 1.9972 1.5195 2.4851 3.7833 0.0000 3.4460 2.6929 2.6982 4.7573 1.9754 1.2488 3.0872 1.5175 2.6353 1.8319 71.6927 76.8234 72.1383 74.3584 70.6171 75.2179 66.9252 75.5618 72.7505 76.7953 73.0637 74.2503 70.4871 67.6461 75.9759 67.6176 75.0156 67.8721 74.3786 78.0799 76.0617 73.2570 72.2833 72.3242 75.9041 73.8310 71.9578 69.4949 74.4787 74.2790 3.1025 3.6276 6.3765 5.8012 3.9052 4.8899 8.6330 6.0187 4.3969 9.1636 6.5718 6.6246 11.1387 6.1401 6.8744 3.2571 2.6521 4.7593 5.8464 5.6076 3.1842 3.5916 3.6750 4.3280 6.6451 4.5920 4.6972 9.6794 6.0572 3.0404 17.4453 24.5459 26.4979 23.1301 22.6631 19.7326 26.0170 25.5228 14.9892 20.0587 31.2374 24.2835 22.2934 22.0296 27.0238 18.7886 16.7904 19.7050 18.9297 19.9616 26.9580 21.2696 24.1461 18.7225 19.0467 20.6429 14.8587 18.5759 15.6876 26.2806 39.0706 41.0311 42.0545 46.3236 40.6728 41.1388 45.3727 42.9305 44.1010 42.0247 40.3779 45.2413 41.1511 43.5059 41.5524 42.7004 43.2525 41.0373 44.7855 42.8409 44.0683 40.1306 46.0142 47.5838 42.6382 44.9383 41.4785 44.0954 45.5033 48.5407
4.0101 2.4646 3.1899 3.1272 3.1849 2.1445 1.8047 3.5584 1.9873 4.0292 3.6699 4.8701 4.8071 2.8102 2.6250 2.3700 4.4118 1.9763 1.7951 3.4460 0.0000 3.3720 3.3092 2.1692 2.5511 3.1579 3.3640 2.5817 4.8255 2.8816 68.9372 74.0357 69.3142 71.5921 68.0008 72.4229 64.2841 72.7553 70.0230 73.9893 70.3110 71.4155 67.8903 65.1041 73.3387 64.8779 72.3075 65.1926 71.5404 75.3209 73.2466 70.5256 69.4317 69.5523 73.1503 71.1888 69.1523 66.7583 71.7845 71.5226 3.6937 4.0962 5.0608 4.6454 3.5370 4.0479 6.7094 5.2250 4.2355 7.2492 5.7700 4.7330 9.0725 5.8848 5.0718 4.2485 3.1118 2.9325 5.2145 4.4023 2.7579 3.2661 1.9878 2.2308 5.2402 3.7972 3.2153 7.4162 4.1372 4.1037 14.8862 21.4239 23.4650 20.3327 19.7614 16.9448 23.2594 22.4858 12.3874 17.2172 28.1932 21.3423 19.3322 18.9700 23.9552 15.8482 14.7456 16.7864 16.1144 16.9476 24.3664 18.4503 21.1202 16.0947 16.0312 17.8182 12.2926 15.7121 12.8595 23.3170 36.5500 38.7689 39.2953 43.9901 38.4256 38.7345 42.8200 40.6255 41.7391 39.6737 38.0662 42.8177 38.6991 41.0073 39.0911 40.4799 40.7833 38.6927 42.3609 40.3199 41.5071 37.4478 43.4740 44.8968 40.1030 42.4275 38.7901 41.4804 42.8084 46.0061
3.0936 2.8695 3.9209 1.8733 2.2142 3.0956 2.8936 5.3494 3.1397 2.8768 3.0650 3.1848 4.4078 2.2509 3.8105 2.0000 3.3827 2.2267 3.9536 2.6929 3.3720 0.0000 2.3699 4.5480 2.3324 2.4897 3.5982 2.3549 3.8479 2.3688 70.4507 75.4570 71.1000 73.2604 69.5102 74.1637 65.8489 74.6364 71.6816 75.8282 71.9942 73.0069 69.2464 66.3671 74.7632 66.4732 73.9379 66.6808 73.3638 76.9384 75.1084 72.3857 71.2220 71.2109 74.6864 72.6454 70.9219 68.4700 73.3186 73.1999 3.0137 3.8237 5.8722 5.2911 3.8062 4.7991 8.2986 5.4422 4.5629 8.5690 6.4821 6.3649 10.1950 5.8375 6.4990 3.8456 3.5166 4.7818 6.2425 4.8980 2.7857 3.8804 3.5147 4.6415 6.0018 4.5119 5.0795 9.1567 5.3958 3.5062 16.3034 23.7938 25.4780 22.4886 22.2760 18.9828 25.7891 24.5839 14.1080 18.9218 30.7796 23.9005 21.1455 20.9484 25.7758 17.5918 15.3327 18.9144 17.8798 19.1634 25.4794 20.5059 23.1973 18.1213 18.1752 19.4208 13.8086 17.5942 14.8610 25.4829 37.8762 40.0080 40.9870 45.1825 39.6685 40.1768 44.1158 41.6559 42.8729 40.9156 39.3419 44.1822 39.9032 42.5371 40.6611 41.4571 42.1310 40.1499 43.5539 41.6428 42.9776 38.8814 44.7446 46.4439 41.4695 43.6598 40.3895 42.9352 44.4754 47.3107
3.2295 1.6891 3.9890 1.8313 2.2522 2.9952 2.4744 5.0622 2.6004 1.7451 2.7557 4.1645 5.0019 1.7981 2.9202 2.7000 3.7393 2.1198 4.3651 2.6982 3.3092 2.3699 0.0000 4.3282 2.8015 2.2979 1.8187 2.8386 4.9191 1.6452 69.6466 74.8378 70.1952 72.3415 68.5455 73.3152 64.8642 73.7247 70.7730 74.9001 71.0817 72.3084 68.3708 65.4899 73.8589 65.5554 73.0038 65.7734 72.5065 76.0693 74.2027 71.3564 70.3560 70.3091 73.8787 71.7785 70.0404 67.5646 72.5079 72.3035 1.5614 1.8880 4.2320 3.6543 2.0945 3.0792 6.7106 3.7475 2.6222 7.0587 4.5914 4.8344 8.9397 4.0330 5.0188 2.0094 2.1446 3.3705 4.3945 3.4096 1.4991 2.1372 2.8781 4.0278 4.4363 3.0173 3.7171 7.7590 4.2083 2.5297 15.7744 23.2136 25.1181 21.8012 21.7589 18.3338 25.1749 24.1418 13.3975 18.4713 30.3237 23.1268 20.7505 20.6059 25.5169 17.1996 14.6198 18.3487 17.3462 18.6369 25.0258 19.7104 22.7515 17.4605 17.6230 19.1023 13.0397 16.9624 14.5313 24.8181 37.1084 38.9967 40.2251 44.2008 38.7274 39.1496 43.3464 40.7495 41.9822 39.9780 38.3597 43.2699 39.2110 41.6773 39.5887 40.5348 41.1441 39.2340 42.7480 40.7627 42.0351 38.3633 44.0422 45.6841 40.5507 42.8208 39.5858 42.1301 43.7187 46.4840
5.2031 3.4220 4.1404 4.2370 4.3707 3.3115 2.8315 3.1952 2.5884 5.0946 4.8465 6.1354 5.9503 3.8646 2.7538 3.5446 5.5438 2.9208 2.7502 4.7573 2.1692 4.5480 4.3282 0.0000 3.9168 4.2353 4.2353 3.9655 6.1328 4.1819 67.9794 73.2256 68.3335 70.7020 67.0679 71.4659 63.3684 71.6850 69.1287 73.0438 69.2755 70.4771 67.0040 64.2293 72.4896 63.9753 71.4079 64.3209 70.5906 74.4178 72.3240 69.5859 68.4368 68.6310 72.2738 70.2551 68.1905 65.8154 70.8301 70.5769 4.2788 4.7268 4.7867 4.5462 3.8651 4.0437 5.9591 5.2734 4.4060 6.5384 5.5496 4.4011 8.3096 6.0174 4.4018 4.9367 3.7965 2.8732 4.9859 4.3983 3.3757 3.7257 1.8781 1.5988 5.0434 3.7168 3.4291 6.6608 3.4052 4.7862 14.0562 20.7236 22.7014 19.3141 18.6540 16.0666 21.9457 21.5406 11.8890 16.3658 27.0640 20.2834 18.3898 17.9849 22.9897 15.0068 14.3320 15.8713 15.4041 16.1866 23.7568 17.7139 20.2979 15.1998 15.2160 17.2842 11.5516 14.9474 12.2000 22.4291 35.8234 38.0137 38.4889 43.1788 37.6627 37.7930 42.0705 39.9260 41.0127 39.0161 37.3577 41.9132 37.9657 40.4214 38.2961 39.8445 40.0535 37.8273 41.5751 39.4955 40.5587 36.6568 42.7601 44.0503 39.3289 41.5867 37.9181 40.8166 42.0504 45.1398
2.3199 2.3648 2.6709 1.6955 1.4238 1.8004 2.3075 4.4563 2.7240 2.7828 2.2827 2.9460 3.3023 2.2700 2.7526 1.4268 2.6598 1.7912 2.9636 1.9754 2.5511 2.3324 2.8015 3.9168 0.0000 1.8775 3.1770 1.1481 3.0509 1.8064 70.8357 75.8969 71.2750 73.4956 69.8692 74.4229 66.1402 74.8089 71.9495 76.0413 72.2303 73.3222 69.6087 66.7914 75.1573 66.7392 74.2141 67.0655 73.5606 77.2819 75.2821 72.5317 71.4385 71.4859 75.0470 72.9698 71.1654 68.7061 73.7425 73.4876 3.2083 3.7461 5.8477 5.5122 3.6293 4.8282 8.0653 5.6093 4.4946 8.6453 6.3525 6.2842 10.5044 5.9454 6.3034 3.6125 3.0018 4.2816 5.8221 5.1519 2.8889 3.3453 3.0255 3.8430 6.1463 4.5190 4.5354 9.1059 5.5034 3.0938 16.6279 23.5855 25.5291 22.4283 21.9589 18.9675 25.4145 24.5847 14.2179 19.0727 30.4341 23.5764 21.2343 20.9715 25.8822 17.7124 16.1061 18.9555 18.0515 19.0798 25.9238 20.5693 23.1351 18.1096 18.1216 19.7284 14.0050 17.8034 14.6881 25.4689 38.2796 40.3659 41.1881 45.6116 40.0586 40.4852 44.5692 42.0929 43.2986 41.3135 39.7189 44.5028 40.3588 42.7380 40.8254 41.9739 42.5172 40.3608 43.9599 42.0284 43.2210 39.1634 45.1595 46.8366 41.7766 44.0927 40.6022 43.2329 44.6548 47.6864
1.8133 2.0018 2.4736 1.7311 1.1874 2.0726 2.2761 4.0520 3.2245 2.2210 1.5428 2.6464 3.2766 2.1050 2.5544 1.9180 1.9888 2.0493 3.6809 1.2488 3.1579 2.4897 2.2979 4.2353 1.8775 0.0000 2.8106 1.6576 3.3012 1.7075 71.0577 76.1830 71.5367 73.7513 69.9252 74.5952 66.2530 74.9234 72.0996 76.2071 72.4006 73.6071 69.8201 66.9501 75.3382 66.9782 74.3788 67.2343 73.7691 77.4542 75.5015 72.6428 71.6702 71.6861 75.2713 73.1267 71.3559 68.8806 73.8010 73.6473 2.5847 3.2370 5.7729 5.1351 3.4209 4.2364 7.9986 5.4719 3.8390 8.5160 6.0536 6.0915 10.5036 5.6678 6.2864 2.9659 2.2204 4.2352 5.4621 4.9528 2.7106 3.1712 3.2016 3.8638 6.0756 3.9322 4.5099 9.1129 5.3478 2.9694 16.7141 24.0700 25.9906 22.4682 22.0858 19.1623 25.4266 24.9996 14.4458 19.4162 30.7057 23.7425 21.6681 21.4403 26.4249 18.1480 16.0987 19.0737 18.3311 19.4352 26.2935 20.7768 23.6416 18.0782 18.5225 20.0481 14.2025 18.0361 15.2421 25.7060 38.4022 40.3458 41.4327 45.6088 39.9676 40.4469 44.6924 42.2343 43.4331 41.4116 39.7261 44.5076 40.4382 42.9291 40.9210 42.0346 42.6172 40.3438 44.0736 42.1360 43.3979 39.4517 45.3626 46.9429 42.0004 44.2511 40.8150 43.4977 44.8735 47.8275
3.6426 1.5910 4.1301 2.6073 2.7383 3.0822 2.6697 4.7808 2.6414 1.9978 2.8153 4.8952 5.2773 2.4639 2.4543 3.3242 4.1127 2.5748 4.3871 3.0872 3.3640 3.5982 1.8187 4.2353 3.1770 2.8106 0.0000 3.2848 5.4571 1.9640 69.3300 74.6592 69.7722 71.9402 68.1973 72.9694 64.4785 73.2775 70.4079 74.4581 70.6418 72.0245 68.0362 65.1787 73.5319 65.1773 72.6189 65.4382 72.1207 75.7515 73.7946 70.8602 69.9821 69.9460 73.6016 71.4491 69.6537 67.1574 72.2383 71.9514 2.1162 1.8410 3.8007 3.3935 1.7678 2.6577 6.0287 3.5597 2.2491 6.5576 3.8615 4.3605 8.5756 3.5128 4.3892 1.5416 1.9032 2.7511 3.5435 3.2342 1.9119 1.3529 2.7311 3.6173 3.9741 2.8258 3.2830 7.1888 4.1142 2.6798 15.5748 22.7517 24.8857 21.3182 21.2140 17.8718 24.5659 23.7861 12.9922 18.1600 29.7925 22.4995 20.4240 20.2583 25.3188 16.9594 14.6408 17.9830 17.0573 18.1887 24.9072 19.2595 22.3495 16.9950 17.2433 18.9597 12.6551 16.7002 14.0684 24.3693 36.7738 38.5236 39.8169 43.8283 38.2985 38.6355 43.0598 40.4432 41.6276 39.5195 37.9115 42.8373 38.9217 41.1842 39.0163 40.2246 40.7354 38.7133 42.3964 40.4021 41.5591 38.0324 43.7408 45.3494 40.1370 42.4826 39.1401 41.6985 43.2153 46.1356
1.9196 2.2860 2.1376 1.8158 1.4202 1.5386 2.1036 4.2768 3.0004 2.9148 1.9389 2.5738 2.8353 2.6111 2.7448 1.3642 2.2721 1.9204 2.8393 1.5175 2.5817 2.3549 2.8386 3.9655 1.1481 1.6576 3.2848 0.0000 2.6867 1.8123 71.1399 76.2563 71.5911 73.8436 70.1876 74.6876 66.4787 75.0491 72.2815 76.3058 72.5620 73.6648 69.9701 67.1672 75.5003 67.0880 74.5380 67.3895 73.8250 77.5960 75.5524 72.7972 71.7354 71.8233 75.3852 73.3393 71.4366 68.9846 74.0091 73.7734 3.2964 3.8732 6.1882 5.7314 3.8301 4.9267 8.3287 5.9569 4.5629 8.8886 6.6129 6.3768 10.7756 6.2485 6.5416 3.6276 2.9359 4.3978 5.8478 5.4471 3.0534 3.5376 3.0709 3.8014 6.4122 4.5650 4.4234 9.3216 5.7036 3.1634 16.9766 23.7902 25.7848 22.6087 22.0666 19.1731 25.4904 24.8013 14.4845 19.3697 30.5249 23.7115 21.5717 21.2777 26.2202 18.0608 16.4462 19.1190 18.3549 19.2637 26.3844 20.7323 23.3971 18.2720 18.3581 20.0008 14.3365 17.9982 14.9379 25.6852 38.6328 40.7441 41.5026 45.9923 40.3964 40.8189 44.9350 42.5180 43.6901 41.6456 40.0547 44.8793 40.7492 43.0988 41.1514 42.3592 42.8550 40.6871 44.3539 42.3948 43.5777 39.5537 45.5463 47.1235 42.1606 44.4880 40.9761 43.5973 44.9977 48.0645
2.3034 4.5439 2.9774 3.6293 3.1224 3.4746 4.3810 5.7845 5.4285 4.5331 3.0586 1.5222 1.6826 4.6114 4.8725 3.1796 2.1392 4.2318 4.6610 2.6353 4.8255 3.8479 4.9191 6.1328 3.0509 3.3012 5.4571 2.6867 0.0000 3.9473 73.5676 78.5331 73.9957 76.2536 72.6224 77.0692 68.9159 77.4497 74.6588 78.6933 74.9800 76.0036 72.4355 69.6077 77.9272 69.5312 76.9595 69.8219 76.2130 79.9628 77.8980 75.2219 74.1091 74.2213 77.7345 75.7414 73.8235 71.3966 76.3768 76.1764 5.2038 5.8666 8.5761 8.1113 6.1148 7.2445 10.7980 8.2134 6.7346 11.4172 8.8821 8.8411 13.3164 8.3958 9.0319 5.5419 4.9088 6.8931 8.1129 7.8347 5.3144 5.8417 5.4500 5.9634 8.9097 6.7542 6.6399 11.8528 8.0837 4.7515 19.1467 25.9923 27.8484 24.7984 24.0460 21.4271 27.4091 26.9781 16.7881 21.6574 32.5006 25.8644 23.7967 23.4478 28.3369 20.3017 18.7553 21.3095 20.5584 21.4957 28.5737 23.0346 25.5949 20.4340 20.5895 22.1193 16.7547 20.2663 17.0932 27.9168 40.9691 43.1195 43.8697 48.3845 42.7238 43.2318 47.2668 44.9129 46.0968 44.0648 42.4434 47.2248 43.0103 45.3938 43.6135 44.7484 45.3029 43.0147 46.7282 44.8167 46.0576 41.7938 47.8489 49.4503 44.6044 46.8874 43.3293 45.9781 47.3201 50.4718
2.4590 1.5090 3.0803 1.5200 1.3257 2.1486 2.0219 4.6069 2.4931 1.8194 1.9769 3.4221 3.9778 1.9470 2.4999 1.9504 2.9274 1.7780 3.4987 1.8319 2.8816 2.3688 1.6452 4.1819 1.8064 1.7075 1.9640 1.8123 3.9473 0.0000 70.3348 75.5267 70.8236 73.0114 69.3016 73.9507 65.5939 74.3161 71.4672 75.5429 71.7653 72.9521 69.0600 66.2466 74.5942 66.2413 73.6868 66.5103 73.1104 76.8019 74.8129 71.9827 71.0054 71.0147 74.5883 72.4969 70.6803 68.1913 73.2390 72.9782 2.3103 2.6312 5.0059 4.5519 2.7233 3.7769 7.3105 4.7115 3.3568 7.8005 5.3106 5.4268 9.6750 4.8793 5.5475 2.3738 2.2120 3.5962 4.7299 4.2629 2.1182 2.3847 2.7839 3.8092 5.1564 3.6866 3.8334 8.3520 4.9269 2.5169 16.3534 23.4108 25.4415 22.1415 21.8918 18.6455 25.3316 24.4161 13.7952 18.8182 30.3921 23.3520 21.0970 20.8985 25.8784 17.5754 15.4835 18.7171 17.7978 18.8423 25.6685 20.1185 22.9673 17.7933 17.9228 19.5093 13.5304 17.4390 14.5537 25.1902 37.7788 39.7263 40.7515 44.9920 39.4368 39.8710 44.0679 41.5230 42.6988 40.6354 39.0600 43.9845 39.9085 42.2298 40.1929 41.3075 41.8632 39.8008 43.4312 41.4757 42.6568 38.8712 44.7115 46.3495 41.2225 43.5511 40.1894 42.7242 44.2330 47.1776
72.3854 69.7320 71.6301 70.6970 71.0963 70.6168 69.6611 69.5298 68.3881 70.6343 71.7225 73.2672 73.4984 69.5989 69.6761 70.5564 72.7569 69.6639 69.3642 71.6927 68.9372 70.4507 69.6466 67.9794 70.8357 71.0577 69.3300 71.1399 73.5676 70.3348 0.0000 13.9199 9.6179 10.3134 11.3330 10.8900 11.8675 14.0212 12.2295 14.3044 11.0564 10.8655 9.3545 12.9965 9.8551 9.2018 10.3379 9.4166 11.4622 12.9676 14.0706 13.2379 10.5617 10.3521 11.1622 12.1050 10.0966 8.9566 12.3945 8.3264 69.7961 69.4763 66.2569 66.5415 68.6772 67.5602 64.1658 67.0290 68.5339 63.2735 66.7367 65.5796 61.2011 67.6037 65.5490 69.9938 69.9027 67.3942 67.6990 66.6167 68.9607 68.8225 68.5913 68.3058 65.6646 68.2156 68.1233 62.5466 66.1924 70.7541 55.6169 49.8804 47.9390 51.1650 54.1311 53.2555 52.7742 48.2653 57.3558 52.6249 48.1687 51.1385 50.6530 51.3375 47.0848 53.9751 56.1510 53.9773 53.7055 53.4352 46.8976 51.4521 49.4468 55.0794 53.7977 52.7394 57.1519 53.8374 57.8825 47.2581 34.8019 34.6835 31.0949 29.3628 35.6321 33.8716 28.9106 33.2230 30.6454 32.5684 34.4209 30.9309 34.3643 32.3546 32.5495 32.9991 30.1477 35.0469 30.1729 30.8530 29.3221 34.9185 28.6406 26.4991 30.6935 28.6200 32.3702 29.8737 30.0183 25.8158
77.5338 74.9689 76.7826 75.8231 76.2320 75.7844 74.8974 74.7714 73.5702 75.8314 76.9439 78.2504 78.5697 74.5810 75.0249 75.5953 77.8473 74.8038 74.4644 76.8234 74.0357 75.4570 74.8378 73.2256 75.8969 76.1830 74.6592 76.2563 78.5331 75.5267 13.9199 0.0000 16.7245 13.9726 16.4218 14.3111 17.3337 20.2109 12.9821 18.3557 16.5157 9.8026 16.1893 17.9070 12.2714 15.5348 13.3488 15.6098 15.6618 12.9000 16.7383 19.2393 15.2608 13.4242 9.1700 13.6311 16.4043 16.6985 14.7384 13.3124 75.0639 74.7809 71.6712 71.8820 74.0551 72.9143 69.8363 72.3882 73.9813 68.8494 72.3196 71.0164 66.8408 73.1172 71.0844 75.3882 75.1619 72.7904 73.4162 71.8640 74.1997 74.2149 73.8852 73.5964 71.1270 73.6043 73.5516 68.1627 71.5028 76.1407 60.2790 55.1023 52.1582 56.4302 59.4786 58.4537 58.4241 53.4699 62.4202 57.6794 53.7536 56.7824 55.7002 56.3142 51.5142 58.7886 61.0816 59.1138 58.3976 58.6939 50.6872 56.8133 54.5121 60.2415 58.8550 57.1116 62.3908 58.9024 63.1146 52.4244 39.3755 39.9763 36.2491 34.5546 40.6014 40.1862 33.0527 37.9828 36.1541 38.5023 39.8587 36.0368 38.1156 36.5529 38.9980 37.7143 36.2622 40.6625 35.1748 36.2271 36.3408 38.8887 32.4842 31.6148 36.9603 34.1733 37.4698 35.0191 34.8400 31.2301
72.8042 70.1540 71.9151 71.2033 71.5886 70.9375 70.0730 69.7868 68.8325 71.1239 72.1406 73.7822 73.8119 70.0869 70.0273 71.0364 73.1904 70.1299 69.7512 72.1383 69.3142 71.1000 70.1952 68.3335 71.2750 71.5367 69.7722 71.5911 73.9957 70.8236 9.6179 16.7245 0.0000 7.2272 12.3528 8.7702 11.5967 10.9211 10.5067 9.8711 9.2724 10.6464 14.4716 17.4538 12.1633 9.3321 9.5641 10.6261 7.8884 11.4894 9.3407 9.0258 4.9919 8.1268 11.0265 13.6373 6.9531 8.2961 13.9749 8.3310 70.2624 69.8957 66.6576 67.0221 69.0978 68.0001 64.4590 67.4838 68.9489 63.6628 67.0835 65.9015 61.7673 68.0681 65.9034 70.4440 70.2387 67.7509 68.0023 67.1250 69.4591 69.2173 68.9997 68.5819 66.1922 68.6230 68.3600 62.8772 66.5977 71.1740 56.2434 49.9872 48.0136 51.3091 53.9085 53.5510 52.1825 48.5980 57.9084 53.3858 47.6067 50.6950 51.2843 51.7465 47.5633 54.4613 57.3063 54.2822 54.1433 53.8156 48.0195 51.6546 49.7013 55.4330 53.9968 53.5469 57.8067 54.2430 58.4744 47.3115 36.1570 35.9273 31.9983 30.9554 36.9030 34.5880 30.5907 34.9366 32.8452 34.4467 35.7140 31.9487 36.0356 33.1219 33.2356 35.1344 31.8351 36.4325 32.2607 32.3546 30.6928 36.3745 30.5637 27.6172 32.2246 30.7590 32.7633 31.4725 30.8765 27.7848
75.0253 72.3610 74.2303 73.3798 73.8028 73.2259 72.3440 72.1752 71.0822 73.2694 74.3631 75.9871 76.1030 72.2193 72.3169 73.2709 75.4141 72.3493 72.0775 74.3584 71.5921 73.2604 72.3415 70.7020 73.4956 73.7513 71.9402 73.8436 76.2536 73.0114 10.3134 13.9726 7.2272 0.0000 11.3207 10.4464 10.4461 13.4981 7.7001 10.0438 9.1339 9.7667 13.3323 15.9250 8.0057 8.4178 6.0025 9.2636 9.9740 8.2826 9.7019 9.9943 7.6618 5.2652 8.0385 11.9680 9.3945 10.7156 14.0592 7.9669 72.4394 72.0220 68.8228 69.1825 71.2929 70.1646 66.7138 69.5984 71.1447 65.8551 69.2456 68.1492 63.9127 70.1567 68.1491 72.5998 72.4564 70.0113 70.2540 69.2610 71.6399 71.4373 71.2941 70.9427 68.3432 70.8430 70.6432 65.1090 68.8426 73.3888 58.3603 52.5219 50.4138 53.9209 56.7484 55.9967 55.3060 51.2577 60.1041 55.7160 50.8952 53.5357 53.7486 54.2587 50.0723 56.8051 59.1990 56.7573 56.4011 56.2811 49.5385 54.0542 52.2345 57.9018 56.4589 55.7044 59.9600 56.5468 60.8387 49.8775 37.6488 37.0968 33.9691 31.8477 38.2875 36.3322 31.7415 35.8698 33.9706 35.6972 37.1931 33.4903 37.2079 34.2762 35.0406 35.7823 33.0559 38.3478 33.5815 33.7881 32.5727 38.2302 31.7360 29.4871 33.8976 31.9471 34.7746 32.6719 32.6140 29.2564
