0.0000 16.7332 12.4097 11.5758 9.6954 16.9706 11.0905 7.0711 15.9374 14.7648 11.6619 12.9615 11.4018 12.5698 11.0454 14.8324 12.9615 15.0997 11.5758 9.7980 11.6619 10.1980 12.9615 8.4853 15.7480 10.3923 17.2627 18.0555 13.1149 14.6287 36.1525 39.0896 37.3898 36.6333 37.2961 36.7967 38.0920 35.7911 37.6165 38.0657 38.0263 36.1248 34.9571 35.7631 36.4280 36.2215 36.9324 38.2753 36.3731 35.9166 36.4829 38.0263 34.4384 37.5500 36.7967 38.2753 35.0856 36.9594 35.5809 36.5377 15.4919 19.5959 16.5529 16.9706 14.9332 12.7279 17.7764 17.3781 12.9615 14.4914 17.1464 19.6977 22.8473 16.6132 16.7332 13.1909 16.1864 13.9284 18.0000 16.5529 13.4164 19.4422 14.0712 13.6748 18.7617 15.3623 15.4272 16.8523 13.6382 14.6287 24.5967 22.9347 26.0384 23.0868 19.9750 24.9800 18.8680 21.8174 20.9762 25.0599 24.7790 25.5147 19.7231 26.7021 22.8910 26.8514 22.8473 19.2614 25.2784 20.9045 26.1343 24.4336 21.8632 25.0000 18.0278 25.1396 25.2190 20.8806 21.6102 23.6643 36.6742 38.7298 33.9853 35.7771 36.9594 38.6782 34.4238 35.2278 39.0256 35.2846 37.2424 37.3363 36.5377 40.3485 35.0428 34.8425 35.2987 38.5876 36.2491 34.1760 35.0143 36.1525 38.5487 37.5100 35.5668 33.7787 34.9428 38.3927 36.4692 34.2053
16.7332 0.0000 19.2354 14.8997 13.6382 16.4924 13.8203 15.9374 12.4097 10.8628 18.7617 13.9284 18.2757 14.7648 13.4907 20.5913 19.2873 16.3095 12.0830 16.0000 15.3623 15.6205 10.3923 18.7083 15.0997 19.0788 9.4868 11.5758 19.9499 18.9737 31.1609 35.2420 34.5832 32.4345 33.1813 33.1361 33.3617 32.6956 32.7261 34.5977 33.8526 31.2250 31.6228 30.6431 32.9090 32.0624 32.9545 33.9853 33.2716 31.6860 33.7787 33.0757 29.8998 34.8138 34.2929 33.6006 32.2335 32.7414 33.3766 32.4808 8.4853 11.0454 14.4222 19.8494 15.7797 13.4164 13.6382 14.4222 10.3923 15.0997 17.3781 15.2971 20.4939 16.3095 11.7473 14.8324 12.2474 15.6844 17.0880 11.9164 16.8523 18.7083 17.0880 18.2483 13.8564 14.6287 18.1108 17.3781 14.9666 15.6844 23.5160 21.0238 28.6007 21.2368 21.0000 21.0713 19.1311 19.8997 18.1659 27.3496 24.9399 23.3452 19.7737 26.7769 23.0651 27.8747 23.4521 18.3030 25.0000 20.7123 27.1477 21.7945 24.2074 24.8797 20.7123 25.0998 23.9165 20.1990 20.4206 22.9347 33.6898 33.8231 29.9500 32.4654 33.2566 34.0881 31.9218 32.0468 36.0694 32.7261 32.7567 32.3110 32.2955 35.9166 30.6594 30.3315 33.0454 34.0147 32.8634 30.1330 30.6920 32.4500 33.9411 32.1092 31.7962 30.8058 30.2820 34.4964 34.0588 29.9333
12.4097 19.2354 0.0000 16.6132 17.0880 13.0384 14.9332 9.7980 16.9115 13.6382 6.7823 17.8326 17.2627 14.4222 12.0000 15.2971 12.7279 11.8322 14.1421 15.8745 11.1355 12.0830 16.1245 11.8322 13.8564 8.6023 18.2209 20.2485 17.7764 10.3923 33.5708 35.8608 33.4664 32.6803 34.4529 34.5832 34.6266 32.0468 34.9714 36.5377 34.3220 33.0606 32.5269 32.9697 34.6266 33.7046 33.7343 35.9305 31.5436 32.3728 34.2199 35.4965 31.3369 34.4964 34.4964 35.3129 31.4166 33.1361 33.2265 32.8786 17.8326 20.5426 14.4222 10.0995 11.5326 12.8062 16.0000 15.8745 15.2315 14.2829 14.9666 18.7083 17.4929 14.7648 16.2481 12.1655 18.2209 11.3137 10.4881 16.0000 12.4900 12.9615 9.3808 13.0000 17.7200 11.8322 12.8841 15.4272 13.8564 15.6844 16.9411 19.8997 22.4054 18.3576 17.1172 20.7364 16.4924 15.3623 18.6011 22.2261 19.8997 20.8087 16.0935 22.0227 17.8326 21.4709 19.2873 16.7033 19.5192 15.8430 22.8692 20.1246 18.4932 17.8606 16.4621 19.6977 19.4936 17.3781 15.3297 19.3391 33.2114 35.6090 31.4166 34.5543 34.4093 36.1386 32.2335 31.4166 36.5650 32.0156 34.8569 33.5559 34.6266 37.0675 32.3419 32.0000 32.5883 34.9142 32.9545 31.5595 32.2800 31.8277 36.4692 35.6791 33.4515 31.0644 31.9844 35.1852 34.8999 31.1769
11.5758 14.8997 16.6132 0.0000 11.9164 15.2971 11.7898 12.1655 12.8062 13.3417 15.2971 16.4924 16.0000 12.0830 12.8841 11.0454 13.4907 17.0294 12.6491 11.2250 12.8841 12.0000 11.4018 13.7840 14.6969 16.0000 13.6382 15.3623 17.0880 17.4929 35.2562 37.1484 36.1109 36.0555 35.9583 34.8712 37.0810 34.5398 34.9714 36.4829 37.2290 34.9142 33.4066 33.8674 34.7707 34.4674 34.9571 38.0132 35.5668 34.0881 35.7071 36.6606 32.6803 36.6333 35.2136 35.7071 33.3916 34.4674 33.4664 34.6554 13.4907 17.3781 15.6844 19.7990 12.7671 13.8564 15.2971 15.2971 10.7703 15.6844 18.0000 15.0333 20.0000 16.2481 16.6733 13.8564 14.5602 15.8114 19.7484 12.0830 13.0384 19.8997 16.7332 13.3791 14.8324 17.0294 16.8523 12.7279 13.0384 11.9164 25.3180 20.9284 24.8998 21.1896 20.8567 20.9762 17.4356 21.7715 16.6132 22.0000 21.9545 22.3383 18.8944 25.9808 21.9089 22.7816 22.8910 19.7231 22.4722 19.7737 26.8514 21.0000 20.1494 25.2784 16.4621 24.0416 24.5357 19.5448 20.9523 22.1359 36.2629 36.7967 31.8904 34.2929 35.0714 38.0000 32.7261 34.5398 37.5633 33.6303 35.3695 35.0999 34.2491 38.5746 32.8938 33.9706 33.6749 36.4280 34.8999 32.5883 32.3728 35.2846 36.4966 35.0571 33.5112 32.1092 33.2716 35.4401 34.8999 33.3766
9.6954 13.6382 17.0880 11.9164 0.0000 16.6733 10.6301 11.1355 13.5647 14.4222 14.8324 10.4881 11.4018 11.1355 10.2956 16.0624 15.6844 18.8680 7.7460 12.5698 14.4914 12.8841 11.5758 10.4881 15.6205 14.4222 14.2127 11.2250 9.8995 18.3848 35.1994 38.2361 37.3631 36.4966 37.0000 35.6931 37.9342 35.1141 35.8748 37.0000 37.4967 34.4238 35.1568 34.7131 36.1248 35.4401 36.0555 38.2753 36.8375 36.0000 37.0540 37.0405 34.0294 38.2099 36.3593 36.7015 34.8569 36.1109 34.8999 36.0971 11.5758 14.9666 16.8523 19.2354 15.1327 12.5698 16.4924 18.5472 13.2665 15.6844 17.6068 18.1108 24.2074 17.0880 13.3417 11.1355 16.1245 16.1864 19.2873 13.8564 13.1909 21.3542 16.3095 13.0767 17.8885 17.3781 15.8114 17.6635 12.0830 14.5602 24.8797 22.5832 26.7208 24.0208 19.2614 24.2074 17.5499 21.9545 21.4009 25.0599 25.5734 23.8537 20.8567 27.3679 24.8998 28.0179 23.5797 20.4695 26.4764 21.8861 29.3769 24.5561 23.4947 27.2580 18.1934 27.4226 26.4575 21.0713 23.8956 25.2587 36.3731 37.7889 33.5410 35.6651 36.5787 37.6829 33.6898 34.1028 39.2301 36.0971 36.8375 36.0832 35.5387 39.3192 33.6452 34.3511 35.9166 37.4833 35.6371 33.8526 34.6410 36.2353 37.4967 36.0139 35.7351 32.9393 34.4238 38.4968 35.7491 34.2929
16.9706 16.4924 13.0384 15.2971 16.6733 0.0000 13.8924 13.7840 11.4891 11.1355 13.1909 18.2757 19.1311 14.1421 12.5698 13.1149 13.8564 13.7113 12.8062 15.6205 13.7113 13.1909 15.5563 14.8997 9.0554 12.5698 16.6733 15.2315 19.3391 12.2474 36.3180 36.1663 35.9444 36.3043 36.6470 37.1214 37.7492 33.9264 36.0416 37.7227 36.9324 33.6006 34.6121 35.0286 36.7560 35.7771 35.3836 39.6106 34.9714 33.5261 37.5100 36.3868 33.6155 36.3043 36.4417 36.4005 32.9697 33.8526 35.2420 35.9305 14.0000 15.4919 14.2829 15.5563 10.8167 16.7929 17.7764 18.2209 15.4272 18.5472 19.3907 19.3907 19.7484 17.7764 16.8523 13.4907 19.1311 16.1245 15.0333 10.2956 13.1149 17.0880 13.5647 15.3948 18.3848 15.5563 18.3848 17.2047 14.5602 15.3623 20.5670 23.6220 27.0555 20.5670 22.3383 21.0238 18.0555 16.7929 20.0499 24.8998 22.5832 22.3383 19.9249 26.0960 22.1359 20.6155 25.1794 21.1424 21.3307 20.3715 30.7083 21.3307 23.4521 24.1454 20.1246 24.5357 23.2379 21.4942 19.9249 24.5764 34.8855 36.5787 32.5423 36.8239 36.0832 37.3363 33.2716 33.2716 38.1445 34.5977 36.2629 35.6371 36.8646 38.4968 32.8024 33.9411 34.2053 35.8748 34.7275 34.0000 32.5269 33.4215 38.7298 36.5923 34.9714 32.7567 33.1210 35.7491 37.3095 33.4664
11.0905 13.8203 14.9332 11.7898 10.6301 13.8924 0.0000 10.6301 16.2788 11.7898 12.6095 10.2470 16.0312 10.3441 8.4261 11.8743 14.3178 16.6433 8.8882 9.7468 13.2288 12.9228 12.6886 13.8203 12.2882 14.6629 15.7162 14.1067 12.3693 15.7797 33.7639 36.8646 35.1994 34.4529 35.5528 34.5109 36.1663 33.8231 34.2637 35.3836 35.4260 33.1964 32.4808 33.0151 35.1283 33.4515 33.8083 36.6606 34.3802 33.2114 35.7771 35.5949 32.2025 36.1248 35.0571 35.8887 33.0757 34.0735 33.0606 34.4964 11.0905 13.2288 13.3791 17.5214 13.7113 12.8452 17.3494 17.4069 11.1803 15.1327 16.5227 17.8606 21.0950 15.0000 12.2882 13.0767 13.8924 14.9332 15.5242 11.6190 11.5326 16.9411 14.4568 12.2474 17.1172 14.8661 13.6748 17.6352 12.4499 10.9087 24.4131 23.5584 26.8514 22.8035 19.5959 24.6374 17.6918 22.2036 21.2368 26.3629 26.2107 23.8747 21.2132 26.8701 24.2693 27.8209 23.0434 21.5407 25.6905 21.4476 29.5296 22.0454 23.6432 27.0924 19.5959 27.2213 26.0960 20.4695 22.4499 26.0960 33.9706 36.1525 31.3369 35.0286 35.6230 35.5668 31.5278 32.6803 37.9210 34.1760 34.4384 34.7707 35.0428 37.3497 32.8481 33.0303 33.5112 35.4965 34.4819 31.9531 32.1403 34.0294 36.4280 34.0588 33.6452 31.8748 32.4962 36.0971 34.3948 32.9090
7.0711 15.9374 9.7980 12.1655 11.1355 13.7840 10.6301 0.0000 14.4222 12.1655 9.2736 14.6287 10.8628 9.8995 10.1980 14.6969 13.8564 14.1421 9.3808 8.1240 10.7703 11.4018 12.9615 7.0711 12.0830 9.7980 16.6733 17.4929 12.2474 13.4164 35.0571 37.3363 35.7491 35.3270 35.6791 35.6371 36.8917 34.3657 35.8469 37.3497 36.4966 34.5109 33.7343 33.9853 35.8190 35.2704 35.4965 37.1349 34.5398 34.1760 36.2629 36.9053 33.2566 36.6879 35.8050 36.8103 33.6006 35.3553 34.6410 35.0571 15.2971 17.1464 12.6491 15.0997 12.3693 11.6619 16.7929 14.6287 11.9164 12.4900 13.9284 18.9737 20.6882 13.5647 15.2971 11.9164 16.5529 11.7473 15.0333 14.0712 10.6771 16.6132 10.0000 11.0000 16.7929 13.5647 13.7840 16.6733 13.7113 14.3527 20.8567 20.8806 22.7156 19.2094 17.5784 22.0454 15.5563 17.6635 18.9737 21.8632 22.9783 21.5639 16.6433 23.4307 19.9499 23.7697 19.7484 17.2337 21.4243 17.7482 25.3574 20.2237 19.8997 22.0227 14.7986 22.9783 21.7715 17.6068 18.7350 21.6795 35.4824 37.7094 32.8177 35.3270 35.2704 37.4700 33.3017 34.0735 38.0657 34.2783 35.3695 35.8887 35.5106 38.7298 33.7046 33.3167 33.9706 36.9188 34.9857 32.8938 33.6452 34.6266 37.6829 36.0694 34.6554 32.1092 33.6006 36.7967 35.3836 33.0454
15.9374 12.4097 16.9115 12.8062 13.5647 11.4891 16.2788 14.4222 0.0000 11.6619 17.4356 17.2047 15.5563 13.4164 13.7113 16.3707 16.0624 13.8564 12.4097 15.3623 14.2127 11.6619 13.2665 15.1658 12.9615 14.2127 12.2474 11.2250 19.3907 14.8997 36.5650 37.3095 37.8153 36.9594 37.1887 36.9594 38.0920 34.7707 36.1525 38.3536 38.0526 34.8855 35.7211 34.8855 36.2077 36.1386 36.3318 39.4588 36.9188 34.9571 37.2424 36.7423 33.8821 37.6298 37.1753 36.4005 34.1906 34.6121 36.0278 35.8469 13.2665 15.8114 15.2315 18.6548 12.0416 16.7332 15.2315 15.3623 14.3527 18.0555 19.5959 17.0880 20.6398 19.1311 16.3707 12.2474 17.3205 16.4924 19.2354 12.8062 15.4919 21.4009 16.6132 17.4642 15.6844 15.8114 18.9209 14.6287 15.8745 16.5529 21.7945 21.8632 27.7128 20.3715 22.1585 18.1659 18.2757 16.8523 17.6068 22.8910 20.3961 22.9565 18.8944 27.1846 21.9545 22.0227 25.2190 17.9165 21.7025 19.2614 28.3725 22.0681 22.2711 23.9374 17.9722 23.6643 24.3721 20.6398 20.7605 22.4944 37.0810 37.1484 33.3916 35.6090 36.1663 38.9102 34.4529 34.9714 38.8458 35.2278 36.9730 36.0555 35.5949 39.4968 33.2566 34.5832 34.9571 37.2424 35.6090 34.8712 33.7639 35.2562 38.5487 36.2905 35.3129 33.1813 34.0441 36.7423 37.4433 33.5559
14.7648 10.8628 13.6382 13.3417 14.4222 11.1355 11.7898 12.1655 11.6619 0.0000 13.0384 15.4919 18.1108 13.0384 10.5830 16.3095 15.4919 11.8322 11.6619 13.4907 10.4881 12.1655 9.5917 16.1245 8.6023 13.9284 12.0830 13.7840 18.0555 14.7648 31.8277 33.7639 32.7109 32.0936 32.6343 32.3110 33.7194 30.2820 32.3265 33.6898 33.0151 31.0322 30.5941 30.3480 33.6006 31.0161 30.9516 35.7351 31.8904 29.7321 33.2114 32.7414 29.5296 33.7639 32.9545 32.4808 30.2490 31.0161 32.0312 31.1288 10.0995 12.5698 9.1652 14.7648 10.7238 12.1655 13.7840 12.4097 11.1355 13.4164 14.3527 13.7840 15.7480 16.0000 12.1655 11.3137 11.8322 12.8841 12.8841 10.9545 13.4164 15.7480 11.6619 15.0000 12.0830 10.5830 14.6969 14.8997 14.3527 13.4907 19.4165 20.1494 25.9615 18.4120 18.0831 17.7200 14.5602 16.7332 16.0624 23.8747 21.6333 19.8242 17.3494 23.1733 18.8149 23.1301 20.4939 18.0278 19.5192 17.3494 26.2869 19.2094 19.3391 22.1585 17.5784 21.0713 20.2978 17.8885 18.2483 21.3073 31.7333 33.0454 29.4788 32.9545 33.3167 33.5857 30.4467 30.4138 35.3129 30.8383 32.8177 31.7175 31.7962 35.3553 29.7321 30.9516 30.1993 33.7491 32.1870 30.2985 29.9333 30.6105 34.7563 32.3574 31.1288 30.0167 30.2159 32.6190 33.9411 29.3939
11.6619 18.7617 6.7823 15.2971 14.8324 13.1909 12.6095 9.2736 17.4356 13.0384 0.0000 16.4924 16.9115 14.1421 10.1980 14.5602 14.0712 14.4914 12.7279 14.6969 12.7279 13.1909 14.0712 10.6771 12.0830 9.7980 17.3781 18.9737 14.3527 12.7279 33.6006 36.0000 33.6155 33.3766 34.6843 33.7935 35.4824 31.9844 34.4529 36.0971 34.4093 32.9393 32.1870 32.7872 34.4819 33.6155 33.4963 36.0416 32.2335 32.3110 34.5688 35.5246 32.0000 35.3836 34.0294 35.1141 31.3528 32.8329 32.7109 32.4500 16.4317 19.2873 13.7840 11.6619 12.4499 11.9164 16.0000 16.5529 14.4222 13.1909 13.4907 18.1108 17.8885 14.8324 15.6205 11.9164 16.1864 11.9164 11.4891 14.3527 9.6954 13.2665 10.5830 9.6437 17.5499 12.5698 13.2665 16.3707 12.8841 15.2971 17.4642 20.3470 21.5407 19.1050 15.5242 21.6333 15.0997 16.3707 19.3907 22.2711 21.1187 20.1246 18.1934 21.7025 18.5472 22.3830 18.3303 18.6279 20.0250 17.0000 24.8395 20.0250 18.6011 20.1742 15.7162 21.4942 20.0499 16.6132 17.1172 20.9762 33.2114 35.2136 31.5436 34.9571 34.4964 35.8329 31.6070 31.6386 37.1080 32.5730 34.9142 33.5857 34.6266 36.6606 32.4962 31.6860 32.5576 35.1710 33.3167 31.1448 32.3419 32.2025 36.0832 35.3129 33.4515 30.6757 32.5115 35.5528 34.5832 32.1248
12.9615 13.9284 17.8326 16.4924 10.4881 18.2757 10.2470 14.6287 17.2047 15.4919 16.4924 0.0000 14.5602 12.2474 8.2462 17.6068 18.0000 18.0000 10.0000 14.7648 17.4929 15.2315 15.7480 15.7480 16.3095 16.3707 15.4919 12.0000 12.0830 16.3707 34.5109 39.2428 38.1314 35.1852 37.4566 35.8608 37.0810 35.7071 36.2905 36.2353 37.3095 34.3366 35.1568 35.0856 36.1801 34.7563 35.8329 38.1445 36.8103 35.5528 36.1248 36.2767 33.7639 37.8418 36.7967 37.8814 35.6230 36.5513 35.3270 36.3456 13.7840 17.2047 16.5529 20.1990 18.4662 14.7648 17.4356 19.7990 13.1909 18.6011 18.5472 20.0499 25.4951 19.7484 12.3288 13.7840 16.6733 15.5563 17.8885 16.8523 15.0333 19.7990 18.2209 15.4596 18.7083 16.5529 15.0333 19.9499 15.6844 17.3781 26.0192 25.2190 30.0666 25.7099 21.0950 27.0924 21.9089 23.3238 25.0200 29.3258 27.2764 27.7308 24.2693 30.0500 27.4226 32.1403 25.4558 20.9045 29.5127 23.1733 30.0167 26.8514 27.2397 28.4429 21.9773 29.9666 29.2916 23.3238 25.0400 28.1425 35.7351 36.8511 33.2114 35.6090 37.0675 36.1939 33.5410 32.8177 39.1024 35.8190 36.7831 36.0832 36.1801 38.9358 34.7563 35.0714 35.7491 37.5899 36.4692 34.1760 34.5254 35.3977 36.9594 35.9583 35.4542 33.2114 34.5109 38.7040 37.0135 33.5857
11.4018 18.2757 17.2627 16.0000 11.4018 19.1311 16.0312 10.8628 15.5563 18.1108 16.9115 14.5602 0.0000 13.1149 13.2665 19.7484 20.2485 19.4422 12.9615 11.5758 18.0555 15.8745 18.3848 10.0000 18.3848 14.7648 19.8997 17.2627 12.4097 16.3707 38.6394 41.5452 40.9634 39.4968 39.8372 39.5727 41.1947 38.7427 39.6358 40.7308 41.3763 38.1445 38.4187 38.5097 39.0000 39.7744 40.2989 41.0731 40.2616 38.9615 39.9875 40.1248 37.6298 40.8656 39.6989 40.9268 38.1445 39.8497 38.6782 39.9375 19.4422 21.5407 17.7764 22.3159 17.9722 17.7764 20.2485 18.4932 15.8745 18.9737 19.4422 23.7908 28.1425 20.0998 18.7617 14.6287 20.9762 17.8885 22.3159 19.4936 15.7480 23.9583 18.1108 15.7162 21.8174 19.5448 19.0263 20.6398 19.8997 21.2132 26.1343 25.8844 28.2489 24.6779 22.7376 26.0768 21.9545 21.9089 24.4540 25.0200 26.6833 27.1109 21.8403 29.7153 26.4953 29.0689 25.0200 19.8242 27.1846 22.4277 29.6816 26.5895 26.0384 27.3679 18.4662 29.4958 27.9643 23.3666 24.7184 26.7955 39.7115 41.2068 36.7560 37.4700 38.6005 40.8901 36.6742 37.1887 41.4608 38.4838 39.4842 39.7492 38.8201 42.4264 36.9594 37.6298 37.7624 41.0488 39.0128 37.8946 37.7359 38.8973 41.3763 39.5095 38.5357 35.0856 37.5366 41.1096 39.0896 36.2767
12.5698 14.7648 14.4222 12.0830 11.1355 14.1421 10.3441 9.8995 13.4164 13.0384 14.1421 12.2474 13.1149 0.0000 10.0995 13.1909 13.9284 16.7332 6.3246 10.8628 13.3417 13.6382 15.0997 11.8322 13.4164 15.1658 15.0997 12.4097 11.5758 15.3623 34.2199 37.0675 36.6333 34.4964 35.7351 34.8425 36.0416 34.5688 34.6843 36.2905 36.0278 33.4215 34.1467 33.4215 35.7911 34.4093 34.5543 37.4032 34.3948 34.7563 36.4555 36.4692 32.4345 36.9053 36.0000 35.7631 33.8083 34.9857 33.7343 35.0856 14.4914 15.3623 14.4222 18.4391 13.8203 13.6382 15.4272 15.9374 11.4891 15.6844 16.1245 18.0000 21.6333 14.8997 13.5647 11.2250 18.3303 12.9615 15.7480 13.9284 12.7279 16.9706 14.3527 12.1244 14.8997 16.1864 13.2665 16.2481 13.6382 13.4164 21.2838 20.0998 23.4947 18.3030 17.6918 21.5407 15.6205 18.0555 19.3391 22.4944 22.4499 20.4695 17.6918 24.5561 21.8632 24.0624 20.5913 16.6433 22.5167 17.6918 26.4764 19.4679 21.5870 23.3452 14.2478 24.0000 23.9165 17.8885 19.9249 22.4944 35.8748 37.4166 32.3265 34.9285 35.3553 37.0135 33.1512 32.9090 38.4578 35.1426 35.3412 34.9571 35.1426 38.2623 33.0151 33.9411 34.8138 36.1248 35.2136 32.7414 33.5857 35.0856 36.3593 34.9142 34.8281 31.8904 33.4515 36.7151 35.7211 33.2866
11.0454 13.4907 12.0000 12.8841 10.2956 12.5698 8.4261 10.1980 13.7113 10.5830 10.1980 8.2462 13.2665 10.0995 0.0000 13.4164 15.1658 13.8564 8.1240 12.1655 13.8564 11.8322 12.6491 11.8322 10.3923 11.4018 13.1149 11.8322 11.3137 11.6619 32.7261 35.9444 34.6699 33.0151 34.6554 33.3467 35.1710 32.1403 33.5410 34.1614 34.7563 32.0156 32.2490 32.4808 33.7787 32.4654 33.0454 36.3731 33.6601 31.9687 33.8083 33.8231 31.3369 35.0428 33.7935 34.7994 31.8904 32.9848 32.7109 33.0606 12.2474 15.9374 10.7703 14.9666 12.5300 11.0454 13.5647 15.0997 10.1980 14.6969 13.4907 16.0000 20.2485 16.0624 10.2956 9.2736 13.8564 11.4891 13.3417 12.4097 8.4853 15.2971 12.7279 9.4340 15.0333 11.7473 11.4018 15.2315 12.7279 14.8997 20.8567 21.4942 25.2982 21.0000 17.1756 21.9089 17.4356 17.9444 20.2485 23.5797 21.8632 22.6053 19.7737 25.3969 22.2261 26.2488 21.0713 17.6918 23.1733 18.0278 26.9258 21.8861 22.0454 23.5160 17.1172 25.3772 24.0000 18.8149 20.0749 23.8747 32.8786 34.0000 30.5450 33.6452 34.2929 34.3220 30.6431 30.1828 36.2629 32.2645 34.1028 33.2566 33.5410 36.1386 31.9061 32.3419 32.0000 34.7707 33.5857 31.5911 31.4325 32.1714 35.0999 33.8674 32.6956 30.0167 31.8904 35.0143 34.5832 30.9192
14.8324 20.5913 15.2971 11.0454 16.0624 13.1149 11.8743 14.6969 16.3707 16.3095 14.5602 17.6068 19.7484 13.1909 13.4164 0.0000 11.8322 17.7200 14.6969 14.5602 14.9666 12.8062 17.7200 15.6844 15.0997 14.9666 19.0788 17.4356 17.6068 15.2971 37.3765 37.8946 36.9865 37.2827 38.2492 36.7967 38.8716 35.0856 36.0971 37.6165 37.9473 35.9026 34.9285 35.8748 36.7015 35.8329 35.6931 40.2865 36.1525 35.3553 37.5633 38.0526 34.2345 37.2290 36.6606 37.1618 33.8378 34.6699 34.1467 36.3180 16.9706 19.9499 17.6635 18.5472 12.4499 17.8885 19.3391 20.0000 16.1864 19.8997 21.0238 19.0263 20.8327 18.4932 18.2757 14.5602 19.1833 18.3303 18.9209 14.5602 13.3417 19.6977 17.7200 14.1067 19.6977 18.3303 16.2481 15.0333 14.2829 11.7473 25.1992 24.4540 26.5707 23.3880 22.4722 23.5797 19.3907 22.8035 20.7364 23.4947 22.7156 24.3105 21.8861 28.1603 24.5764 23.3024 25.6905 23.0434 24.2281 21.3307 30.2159 22.5167 22.4944 27.0370 19.3132 26.5330 27.6767 22.0454 23.1733 25.8844 36.3180 38.0526 33.3317 37.1214 37.8418 39.3700 33.2114 34.6266 39.5601 35.3977 37.2424 36.7151 37.0810 39.4968 34.6410 35.9722 34.8999 36.9730 36.1663 34.6410 33.7046 36.0416 38.9615 36.7287 35.6230 33.7787 34.7131 36.8511 36.5787 35.5246
12.9615 19.2873 12.7279 13.4907 15.6844 13.8564 14.3178 13.8564 16.0624 15.4919 14.0712 18.0000 20.2485 13.9284 15.1658 11.8322 0.0000 14.9666 13.8564 16.9115 9.2736 10.4881 15.4919 14.5602 16.6733 13.2665 17.9444 18.3848 19.4936 15.6844 37.1618 39.1408 37.3631 36.6333 38.2492 37.7889 37.8286 36.1248 38.4578 39.7115 38.2623 36.0416 36.2767 36.2905 38.2753 36.3318 36.6606 40.1622 35.3977 36.6606 37.9342 39.4208 34.1467 38.1838 38.0789 38.0920 35.2562 36.6060 35.3836 36.9459 16.3095 19.4422 20.4450 16.3707 14.1067 15.7480 18.4932 21.4009 17.2047 18.9737 22.0454 19.5448 20.7846 18.6011 18.8149 14.4914 20.6398 15.6205 16.8523 15.4919 17.3205 18.9209 15.8114 17.5784 18.5472 18.3848 16.9115 16.5529 11.2250 11.5758 23.6432 22.4944 26.8701 22.3830 21.9773 23.6643 17.8326 21.7256 20.2978 26.9444 23.5797 23.9792 20.0749 26.5518 22.0454 21.7025 25.2190 21.5639 24.2693 22.0681 27.5862 23.8956 21.7256 24.2693 20.4206 21.8632 24.9800 22.1359 20.7123 22.5832 37.2961 39.4968 34.2199 37.4967 37.4433 39.7240 35.5387 35.4260 40.1123 36.1801 38.6135 36.9594 37.5366 41.1825 34.8999 36.0832 36.9865 37.9342 36.0832 34.7851 35.1568 35.9305 39.0128 38.4838 36.5923 35.1994 35.1141 38.4968 37.7359 35.2704
15.0997 16.3095 11.8322 17.0294 18.8680 13.7113 16.6433 14.1421 13.8564 11.8322 14.4914 18.0000 19.4422 16.7332 13.8564 17.7200 14.9666 0.0000 16.3707 16.7332 13.5647 9.1652 16.2481 16.7332 13.8564 10.2956 16.8523 19.3391 22.3607 9.1652 35.1141 37.7094 36.2491 34.2345 35.9026 36.5787 35.6791 33.7787 36.5103 38.1182 36.0278 34.8569 33.8231 33.9264 34.9428 34.8425 35.3836 36.9188 34.1906 32.9848 34.6554 35.4401 32.8634 35.2704 36.1939 36.8646 32.5730 33.5857 35.5528 34.0441 17.3205 21.0713 14.8324 12.0000 13.8203 15.9374 15.6844 15.2315 15.9374 16.9706 17.9444 18.2757 17.2047 19.2873 17.7200 15.0333 16.3707 12.8841 14.5602 17.6068 16.0000 17.2047 15.0997 18.7350 17.4356 10.4881 16.0624 14.8997 17.7764 18.2209 19.8746 23.7065 29.0517 20.0749 21.9317 21.7256 21.4009 17.4356 19.0263 26.1151 20.2978 26.2488 20.1742 27.8029 21.2132 25.1992 24.8998 17.4642 22.5610 19.1572 24.9199 22.2935 22.2261 21.0476 20.7123 21.9545 24.1247 21.3542 18.2483 22.7156 35.1141 35.9722 32.2645 34.2929 35.4119 37.2022 33.4215 33.6006 37.7227 32.6343 35.7631 35.5809 35.7071 37.9210 34.4964 33.0757 32.8938 36.7015 34.8425 33.4365 32.8329 32.6956 36.9053 36.1248 33.7787 32.8481 33.0606 35.1852 36.8782 31.8748
11.5758 12.0830 14.1421 12.6491 7.7460 12.8062 8.8882 9.3808 12.4097 11.6619 12.7279 10.0000 12.9615 6.3246 8.1240 14.6969 13.8564 16.3707 0.0000 12.0000 12.7279 13.1149 11.8322 10.7703 11.4018 13.7840 12.4097 10.0995 10.1980 15.6844 34.0441 37.1214 36.2767 34.5543 35.7911 34.8712 36.1525 34.3366 34.8569 36.3731 36.0555 32.9090 34.2637 33.2716 35.8190 34.2053 34.6410 37.2424 34.5977 34.4384 36.4829 36.1939 32.5269 37.2559 35.9166 35.8469 33.9559 35.0428 34.1174 34.8855 11.2250 12.2474 13.7113 17.0880 13.6748 11.1355 14.8324 16.8523 11.0454 14.7648 15.3623 17.3205 21.8174 14.6969 11.3137 10.5830 16.8523 12.0000 14.7648 10.9545 11.3137 16.6733 12.8062 11.1803 14.6287 15.2315 13.4164 17.3781 10.7703 13.3417 21.2368 20.1990 24.0000 19.9750 17.2916 22.0907 15.1658 17.8326 20.0998 24.0000 23.5797 20.9523 18.6815 24.4745 22.0000 25.0400 21.2603 17.7482 23.5584 19.0526 27.7669 20.9523 22.4054 23.9374 16.3401 24.6982 23.6220 18.1659 20.4206 23.1517 35.4260 36.7696 32.2645 35.4965 35.0999 36.3593 33.1210 32.7872 38.3275 35.1141 35.3412 34.8138 35.0856 38.1051 32.9545 33.2866 35.1852 35.9583 34.7851 32.4037 33.3167 34.5398 36.2215 35.0571 34.8281 31.8904 33.2114 37.2022 35.6090 33.1361
9.7980 16.0000 15.8745 11.2250 12.5698 15.6205 9.7468 8.1240 15.3623 13.4907 14.6969 14.7648 11.5758 10.8628 12.1655 14.5602 16.9115 16.7332 12.0000 0.0000 14.3527 13.6382 15.0997 11.9164 13.9284 14.6287 18.8149 17.7764 14.0000 15.4272 36.7831 38.6264 38.0526 37.7094 37.4032 37.3095 39.1024 36.4280 37.1349 37.9605 38.4968 36.2629 34.6410 35.8469 37.0270 36.9865 37.1214 38.8716 37.2424 35.5246 37.9078 38.0000 35.0999 37.8418 37.3095 38.4578 35.2846 36.8511 36.0278 37.4833 15.9374 17.7764 14.2127 20.5913 15.1987 16.4317 19.7484 15.9374 12.0000 15.9374 17.7200 21.2132 23.6220 16.8523 17.7764 15.2315 16.6132 16.5529 19.6977 15.6844 13.8564 20.3961 15.5563 14.6629 19.0788 16.7929 17.9444 18.6011 17.7764 15.4919 25.6320 24.8998 27.0924 21.9317 21.9317 24.6171 19.3391 21.9545 21.1660 24.8596 26.3818 25.2389 20.3224 27.6948 24.0832 26.7769 23.4947 20.4695 24.5561 21.3776 28.9655 22.4722 23.7065 27.0740 17.8606 27.2764 26.0000 21.4476 22.5610 25.8844 37.1080 39.2683 34.0147 36.1109 37.2827 38.8072 34.2199 36.0971 39.4588 36.0971 36.5377 38.0526 37.2156 40.2989 34.9857 35.3270 34.6699 38.7943 37.2022 34.8999 34.7563 36.7560 39.5980 36.8103 35.5949 33.7194 35.1141 37.7094 37.0135 34.6987
11.6619 15.3623 11.1355 12.8841 14.4914 13.7113 13.2288 10.7703 14.2127 10.4881 12.7279 17.4929 18.0555 13.3417 13.8564 14.9666 9.2736 13.5647 12.7279 14.3527 0.0000 10.5830 11.2250 14.2829 14.2127 12.8841 15.2971 17.5499 18.6548 15.8745 33.6303 35.4965 33.5261 33.1964 34.2783 34.0588 34.7131 32.2645 34.8855 36.4280 34.8425 33.0303 32.5883 32.2025 35.6230 32.7109 32.8938 37.0270 32.3883 32.6497 34.8855 36.0000 30.3315 35.3270 34.8138 34.3366 32.2335 33.6452 32.6190 33.1210 13.3417 15.7480 15.5563 15.0997 10.6301 12.5698 16.4924 16.4317 14.0712 14.4222 18.0000 16.3707 17.7764 15.2971 15.2315 12.0000 16.5529 13.5647 14.0712 13.4907 16.2481 17.2627 10.9545 16.5227 14.8997 14.4222 14.9666 15.4919 11.6619 10.0000 21.0476 19.2873 24.6577 19.6214 18.8414 19.0788 13.4907 18.8149 16.1864 24.2074 22.5832 20.2731 15.7162 22.5167 17.8326 20.5670 20.9762 18.4662 20.4695 18.5203 24.6374 20.7605 17.4929 21.2838 17.5214 18.4932 20.2978 18.2757 18.0278 18.7617 33.6303 36.1386 31.1288 34.6121 34.4384 36.2767 32.5730 32.6956 36.8917 32.6343 34.8855 33.4664 33.2114 38.0789 30.9839 32.7109 32.8938 35.0286 32.9545 31.5911 31.9374 32.6343 36.8239 34.6843 32.9697 32.1403 31.5436 35.2136 34.4093 31.0805
10.1980 15.6205 12.0830 12.0000 12.8841 13.1909 12.9228 11.4018 11.6619 12.1655 13.1909 15.2315 15.8745 13.6382 11.8322 12.8062 10.4881 9.1652 13.1149 13.6382 10.5830 0.0000 13.8564 12.6491 14.7648 8.2462 16.0624 15.8114 18.0555 11.5758 35.6511 37.7889 36.4143 35.6651 36.7015 36.4417 37.0270 34.0441 36.2629 38.2492 36.8239 35.0286 34.2637 34.4529 35.2846 35.2420 35.7491 37.8286 35.4260 34.6410 35.7911 36.4417 33.4066 36.2215 36.1939 36.7831 32.9090 34.1174 34.8425 35.0000 14.2829 18.9209 16.2481 13.1149 10.5357 14.2829 15.4919 16.6733 15.2971 16.2481 18.7617 16.9115 19.0263 17.6068 15.7480 10.6771 15.4919 14.9666 16.4317 15.2971 14.0000 19.6469 15.4272 16.2173 18.1108 13.1149 14.2829 12.8062 13.5647 13.1909 22.2486 23.6220 28.5657 22.1133 21.0000 21.8632 19.0788 20.0000 18.2757 24.5764 21.4942 25.2784 19.8242 28.5132 22.8473 25.0000 25.0599 19.2094 24.0208 20.2731 26.6646 22.9565 21.3542 23.7697 19.0000 23.5372 25.8070 21.5407 20.7605 23.1948 35.5106 37.2022 32.7872 34.6699 36.1663 38.1314 33.0000 34.0735 38.8201 34.0147 36.5377 35.9444 35.6511 38.7040 34.0588 33.7639 34.0000 36.9188 34.8999 34.0294 33.5261 34.3074 37.7359 36.1248 34.7131 33.0303 33.4515 36.4966 35.7771 33.1662
12.9615 10.3923 16.1245 11.4018 11.5758 15.5563 12.6886 12.9615 13.2665 9.5917 14.0712 15.7480 18.3848 15.0997 12.6491 17.7200 15.4919 16.2481 11.8322 15.0997 11.2250 13.8564 0.0000 15.4919 12.5698 15.9374 8.9443 14.6287 17.6635 19.0788 31.9531 34.6987 33.1059 32.7109 33.0303 31.9687 33.9264 31.2890 32.9090 34.0441 33.7343 31.7648 31.1448 30.5450 33.2114 31.1448 31.7805 35.0856 32.4191 30.8869 33.0606 33.9116 29.6985 34.9285 33.0757 32.6956 31.4166 32.1559 31.8748 31.0322 8.7178 12.6491 13.8564 17.2047 13.8924 10.0000 13.7113 14.6287 10.5830 12.0000 15.0333 13.1149 17.4356 15.6205 13.4164 13.7113 10.7703 13.3417 16.3095 10.4881 14.3527 17.4929 13.2665 14.7986 11.4891 13.7113 16.7929 15.5563 10.8628 12.9615 21.8403 17.7200 24.0000 20.1246 17.6352 19.3391 14.2127 19.0788 16.0624 24.1247 22.4054 20.0749 17.5784 21.9317 18.3303 23.5584 20.0998 18.6279 21.0950 18.7883 25.2389 20.7605 18.6011 23.0000 17.8045 20.9284 20.2485 16.9706 18.8414 19.9499 33.1512 33.5559 29.9166 33.2265 33.1361 34.6699 31.5436 32.1403 35.3412 31.5753 33.2716 32.0624 31.3528 36.3318 30.1662 30.6920 31.9374 34.1614 32.1559 29.3939 30.5614 32.1403 34.1174 32.8481 31.3209 30.5778 30.9031 34.0000 33.3167 30.3645
8.4853 18.7083 11.8322 13.7840 10.4881 14.8997 13.8203 7.0711 15.1658 16.1245 10.6771 15.7480 10.0000 11.8322 11.8322 15.6844 14.5602 16.7332 10.7703 11.9164 14.2829 12.6491 15.4919 0.0000 15.2315 9.8995 18.5472 17.8326 11.7473 14.3527 36.3456 38.3927 37.3898 36.8782 37.0810 37.1484 38.3014 35.5949 37.3497 38.4578 37.9473 35.2278 35.5246 35.9305 36.4280 37.2290 37.4433 38.3275 36.0416 36.2491 37.4299 37.9210 35.0143 37.6298 36.6879 37.7757 34.5109 36.5787 35.6651 36.8917 17.1464 20.0499 17.1464 16.2481 14.4568 13.6382 17.4929 18.0555 14.8324 14.8324 16.4317 20.9284 23.5797 15.8114 17.7200 12.6491 19.6469 14.0712 17.7200 16.1864 11.4891 18.9209 13.4164 11.2694 20.0499 16.7929 16.4317 17.4356 14.0000 17.3781 21.6102 22.0907 23.4094 20.9045 18.8944 24.2487 18.0000 18.4932 21.0713 22.4944 23.1517 23.0868 18.4120 25.1992 22.3607 24.1039 21.9089 18.1384 23.2164 19.6723 26.9258 22.5610 21.8174 23.3024 15.6525 25.0599 23.4094 19.8494 20.3224 23.1517 36.9188 38.8844 34.0441 35.9722 36.3043 38.7814 34.4238 34.5398 38.8716 35.8469 37.2424 37.2290 37.2156 39.7744 34.5543 34.2053 35.7771 37.9342 35.8050 34.2345 35.1568 36.0416 38.3667 37.8550 36.1525 32.7872 35.0000 38.2884 36.6606 34.6410
15.7480 15.0997 13.8564 14.6969 15.6205 9.0554 12.2882 12.0830 12.9615 8.6023 12.0830 16.3095 18.3848 13.4164 10.3923 15.0997 16.6733 13.8564 11.4018 13.9284 14.2127 14.7648 12.5698 15.2315 0.0000 13.2665 13.7840 15.4272 16.6132 14.0000 35.4824 36.1109 35.4965 35.2136 35.7911 35.1283 37.1080 33.0908 34.8855 35.9026 36.1663 33.5708 33.5559 33.3916 36.0416 33.8526 33.7639 38.8201 34.5688 31.8434 35.9583 35.4683 32.8024 36.4417 35.2987 35.6230 32.9090 33.5261 34.5543 33.8969 13.7840 14.8997 8.9443 15.8745 13.1529 14.2829 16.8523 15.6205 12.6491 16.0624 14.7648 17.3781 18.4391 17.7764 15.2315 14.4222 16.1245 12.4097 14.4914 10.8628 10.7703 15.6844 11.2250 12.7671 14.2829 12.8062 16.3095 17.7764 15.3623 16.4317 20.0749 21.7715 24.4131 19.4679 19.3132 20.2978 16.3707 16.1245 19.8494 23.2809 21.8174 21.5174 19.9750 23.4734 19.8494 22.6053 22.1359 19.5704 19.9249 18.4120 28.9655 20.2237 21.4009 23.3880 18.2483 23.7487 22.0000 18.3848 19.9750 24.0000 34.4819 35.0714 31.9531 36.4966 35.3270 36.1939 32.6650 32.9697 37.2424 33.2114 35.0000 35.0999 35.1426 37.6032 33.2265 33.5857 32.5883 36.0971 34.9571 32.6803 31.9374 32.9697 37.1753 35.3695 33.6898 31.9218 33.2716 35.0428 36.7151 32.7719
10.3923 19.0788 8.6023 16.0000 14.4222 12.5698 14.6629 9.7980 14.2127 13.9284 9.7980 16.3707 14.7648 15.1658 11.4018 14.9666 13.2665 10.2956 13.7840 14.6287 12.8841 8.2462 15.9374 9.8995 13.2665 0.0000 18.5472 18.7083 16.4924 9.2736 36.9188 38.3406 36.8511 36.4966 37.5366 37.5500 38.2753 34.4238 37.5366 38.8201 37.6298 35.6791 35.3553 35.8469 36.4829 36.4966 36.7423 39.0256 35.9026 34.9571 36.5650 37.2559 34.7851 36.9053 36.7423 38.0395 33.6898 35.1852 36.0278 35.9305 17.3205 21.0238 15.4272 11.2250 12.2882 14.8324 17.7200 17.7764 16.8523 16.4317 17.3205 20.1494 20.4939 18.3848 17.4356 12.0830 18.2757 13.8564 15.5563 16.9115 12.3288 18.5472 12.6491 14.5258 20.0998 12.7279 14.9666 16.1245 15.2971 17.3205 20.3224 24.0416 26.7955 22.2036 20.2731 23.1948 19.4422 17.9444 21.1187 23.8747 21.5407 25.3969 19.9750 26.9258 22.0907 24.7588 24.2074 19.2094 23.0868 19.6214 27.1477 23.8118 21.6795 22.6936 18.9473 24.1247 24.5357 21.2132 20.5183 24.0000 35.7351 37.7094 33.9264 36.3318 36.9324 38.6005 33.8969 34.1906 38.9230 34.5109 37.4833 37.1214 37.1080 39.4462 35.0999 34.5543 34.3802 37.8814 35.5809 34.9857 34.5543 34.4529 39.1408 37.9078 35.7911 33.3617 34.7131 37.4967 37.1214 33.9116
17.2627 9.4868 18.2209 13.6382 14.2127 16.6733 15.7162 16.6733 12.2474 12.0830 17.3781 15.4919 19.8997 15.0997 13.1149 19.0788 17.9444 16.8523 12.4097 18.8149 15.2971 16.0624 8.9443 18.5472 13.7840 18.5472 0.0000 11.8322 19.5959 19.3391 31.2250 34.6987 33.6749 31.3369 33.0606 31.3369 32.7872 31.2890 31.8591 33.5112 33.6452 31.0644 31.6228 29.7153 32.2645 30.1993 31.3369 34.6266 32.3265 30.6594 32.2645 32.9545 28.8444 34.9285 33.0454 32.2335 31.5753 31.6544 31.8119 30.2159 11.0454 14.2829 14.1421 18.6011 15.3948 11.4018 10.3923 14.4914 10.8628 15.0997 15.4272 10.8628 17.7764 17.2627 12.1655 14.3527 13.4164 12.6491 16.5529 11.4891 14.9666 17.2047 15.6844 15.5242 8.4853 14.1421 16.1864 14.5602 12.5698 16.0000 21.2368 16.4317 23.9165 19.5192 17.7482 17.5499 16.6132 17.5499 16.3095 23.1948 19.6469 20.3224 18.5203 22.9565 19.1833 24.1039 21.0238 16.2788 21.3776 17.4069 24.4336 20.5670 20.0998 21.7025 17.9722 21.5407 21.4476 16.4924 18.6815 19.3907 33.6601 32.0624 29.1033 32.5269 32.1248 34.1467 31.3847 30.9354 34.7707 30.8058 32.7567 30.8869 30.5123 35.2704 30.2655 30.7571 32.1559 33.3017 32.0000 29.1548 29.8664 31.5753 32.2490 32.0156 30.9354 29.5804 30.4795 33.6155 33.6155 29.7321
18.0555 11.5758 20.2485 15.3623 11.2250 15.2315 14.1067 17.4929 11.2250 13.7840 18.9737 12.0000 17.2627 12.4097 11.8322 17.4356 18.3848 19.3391 10.0995 17.7764 17.5499 15.8114 14.6287 17.8326 15.4272 18.7083 11.8322 0.0000 15.8745 18.9209 34.6266 37.2827 37.6563 35.6371 37.0540 35.2136 37.2961 34.3657 34.5977 36.3456 36.9324 33.1210 35.3836 33.9853 36.0971 34.5254 34.9285 38.8716 36.7015 35.2420 37.1080 35.7771 33.1361 38.0789 36.6060 35.4260 34.4238 34.6410 34.8425 35.4260 11.2250 13.4164 16.9706 21.3073 15.5885 16.4317 15.4272 19.2354 14.8324 19.8997 20.1990 16.9706 23.7908 20.1494 12.0830 11.5758 17.6068 18.2757 19.2354 13.1149 16.0624 21.8174 19.4422 16.7033 16.5529 18.3303 17.4356 17.9444 14.8997 16.3707 24.1039 23.1948 29.2916 23.7276 21.0950 21.7256 18.9209 20.6882 21.4942 26.3059 24.4131 23.4734 22.6936 29.0000 26.0000 27.5862 25.6515 20.8567 26.4008 21.9773 31.2570 24.4336 25.5734 27.6586 20.1742 27.9643 27.6043 22.1811 24.3926 26.1151 35.9583 36.1386 32.9393 35.8050 36.5787 36.8511 33.3916 32.6956 39.3827 36.0694 36.7287 34.6121 35.0000 38.3145 32.7109 34.5543 35.8050 36.3731 35.6090 34.1174 33.8526 35.2562 36.9324 34.8855 35.5387 32.6650 33.7491 37.7094 36.8511 33.6452
13.1149 19.9499 17.7764 17.0880 9.8995 19.3391 12.3693 12.2474 19.3907 18.0555 14.3527 12.0830 12.4097 11.5758 11.3137 17.6068 19.4936 22.3607 10.1980 14.0000 18.6548 18.0555 17.6635 11.7473 16.6132 16.4924 19.5959 15.8745 0.0000 19.4422 37.1080 40.1746 39.1408 37.8418 39.0768 36.7696 40.0375 36.7015 37.3229 38.1445 38.9615 36.2077 36.9594 36.5377 38.5357 37.1753 37.3363 40.2865 38.1969 37.6829 39.1535 39.1152 36.3043 40.5463 37.9737 38.6911 36.7560 38.0000 36.1386 37.5899 18.1659 19.3391 17.6635 21.3073 18.7350 16.1864 20.5913 21.4009 16.7929 18.4391 17.5499 22.5389 26.9444 19.5448 16.1864 14.1421 20.5913 17.2047 20.0000 18.3303 13.4907 21.6795 17.3781 11.6190 20.8327 19.7990 15.8114 22.0907 16.9706 18.8149 24.7184 24.6577 25.2587 24.7184 18.3576 26.8701 18.4391 22.5389 25.5734 25.0998 27.2029 24.3926 23.4307 27.1846 26.1151 29.6816 22.5832 22.1585 27.2213 22.3830 31.0322 25.3180 24.8193 28.3019 17.8045 29.6311 27.8927 21.1660 25.8263 27.8927 37.8286 39.6485 35.7351 38.4187 38.6264 39.0384 35.0571 35.0571 41.4126 38.3014 38.6394 38.0526 37.8550 40.6448 36.2491 36.7696 37.3363 39.4588 38.1838 35.8608 37.1214 38.0132 39.4208 37.9078 38.0132 34.1321 37.2156 40.7922 37.8418 36.7151
14.6287 18.9737 10.3923 17.4929 18.3848 12.2474 15.7797 13.4164 14.8997 14.7648 12.7279 16.3707 16.3707 15.3623 11.6619 15.2971 15.6844 9.1652 15.6844 15.4272 15.8745 11.5758 19.0788 14.3527 14.0000 9.2736 19.3391 18.9209 19.4422 0.0000 36.7015 38.8587 37.9210 35.8608 37.8286 38.0789 37.9078 35.2562 37.7492 38.8201 37.8418 35.7631 35.4119 36.2629 36.3456 36.9594 37.1484 38.8201 35.9026 34.6987 36.5103 36.9594 34.5832 36.5787 37.4166 38.5357 33.9853 35.2136 36.2767 36.4555 19.1833 22.5832 15.3623 14.6287 14.1774 17.9444 17.8326 17.0294 16.1245 19.0263 18.9737 21.4942 21.0713 20.0000 18.5472 14.4914 19.0788 14.3527 15.6205 18.0555 14.2829 17.4356 15.6844 16.4012 20.3470 13.4164 16.7332 16.4924 18.6548 19.5448 20.6155 25.2190 28.6007 21.2368 22.5167 23.4947 22.4499 17.3781 22.0907 25.6905 21.1187 26.8887 21.2838 28.6182 23.1517 24.9199 25.2190 18.1934 23.4734 19.5192 27.0370 23.6854 24.1661 22.5610 20.2237 25.1396 25.6125 22.2711 19.4679 24.8193 36.0416 37.2559 33.5410 35.8329 37.0675 38.4187 34.0147 33.7787 38.8458 34.5398 37.4032 37.0405 37.7492 39.1918 35.3836 34.8712 34.0881 37.8286 36.3043 35.2136 34.1174 34.1614 38.9872 37.6962 35.3412 33.3317 34.5398 37.0135 38.3406 33.3467
36.1525 31.1609 33.5708 35.2562 35.1994 36.3180 33.7639 35.0571 36.5650 31.8277 33.6006 34.5109 38.6394 34.2199 32.7261 37.3765 37.1618 35.1141 34.0441 36.7831 33.6303 35.6511 31.9531 36.3456 35.4824 36.9188 31.2250 34.6266 37.1080 36.7015 0.0000 16.0312 13.5277 8.3066 9.0554 10.8167 8.6023 13.8564 12.0830 16.1245 9.4340 10.0000 10.5357 9.7980 12.6491 11.2694 12.2882 12.8841 10.8628 13.8924 12.5698 11.6190 9.3274 14.5258 12.4499 14.4222 13.3417 15.3297 12.8452 13.1909 29.7825 32.0468 31.2250 30.2159 31.6544 28.0179 25.4755 28.2312 29.8496 25.3574 26.1725 25.7488 26.5141 26.0192 26.5895 31.2250 28.5132 31.4802 27.0000 32.9090 32.1403 26.2488 31.0000 32.4345 29.8831 27.8029 29.8161 28.6182 30.9031 32.0780 27.6405 25.4755 31.2250 27.7128 25.2587 29.2404 29.9833 29.9166 25.9808 32.5730 30.8383 27.2764 25.8457 27.3861 29.7825 37.7094 24.7588 27.6043 29.9666 26.1151 25.9230 25.1794 28.8617 26.4197 30.3645 30.7083 26.1725 26.6646 26.1151 27.0370 12.9615 14.2478 11.2250 13.5277 18.3576 12.5300 14.9666 12.8062 16.3707 15.5563 12.8841 9.1104 13.1149 12.2882 13.3791 11.5326 17.1756 12.3288 12.0416 10.0499 15.5242 14.6287 12.2066 11.9164 12.7279 13.3417 11.8322 15.9687 15.7162 11.1803
39.0896 35.2420 35.8608 37.1484 38.2361 36.1663 36.8646 37.3363 37.3095 33.7639 36.0000 39.2428 41.5452 37.0675 35.9444 37.8946 39.1408 37.7094 37.1214 38.6264 35.4965 37.7889 34.6987 38.3927 36.1109 38.3406 34.6987 37.2827 40.1746 38.8587 16.0312 0.0000 12.3288 18.4391 13.0767 14.6969 18.1384 10.2470 13.0000 14.1774 13.1909 11.1803 11.7473 15.4596 15.8430 14.9666 12.9615 21.6564 15.0665 12.9615 15.9060 12.2474 13.7840 11.4891 11.4018 12.4499 11.4455 13.7113 15.9374 17.5214 32.2180 34.4964 33.1059 32.7414 31.9531 32.5883 30.0666 31.3050 33.4066 28.8791 29.8329 28.7054 28.5657 29.2575 30.8869 33.2566 32.6497 35.7771 30.6594 34.5254 34.0588 30.1993 32.0936 35.0286 33.5261 30.6594 34.3511 30.5941 33.6452 33.7935 29.4449 28.4605 32.1559 29.6142 28.7924 28.1780 30.8869 30.6920 26.6083 30.9839 31.4006 27.9106 27.0000 28.3373 31.0161 35.4260 28.4956 31.0000 28.2312 27.6948 30.7734 26.5895 29.2233 28.9310 31.7333 32.3419 26.9072 29.4618 29.1033 29.2233 12.6886 15.9374 14.5945 19.8494 22.8473 17.6068 16.2788 15.5242 15.3948 16.8226 16.1555 15.7480 16.3401 16.6733 12.3288 16.1245 15.4919 14.5945 14.6969 16.5529 16.9706 16.1555 21.4476 16.7033 15.2643 15.4596 15.1327 14.6969 20.2978 15.0997
37.3898 34.5832 33.4664 36.1109 37.3631 35.9444 35.1994 35.7491 37.8153 32.7109 33.6155 38.1314 40.9634 36.6333 34.6699 36.9865 37.3631 36.2491 36.2767 38.0526 33.5261 36.4143 33.1059 37.3898 35.4965 36.8511 33.6749 37.6563 39.1408 37.9210 13.5277 12.3288 0.0000 15.0997 11.3578 12.5698 13.6015 11.0905 12.5300 17.9165 12.5698 12.2882 9.6954 12.7671 15.3297 12.1655 11.4891 19.6214 12.3693 10.9545 14.2478 14.1421 11.7473 14.4914 9.7980 15.5242 12.4499 12.5698 12.6491 13.1529 31.3688 33.2265 31.6860 29.9333 30.7409 29.7993 28.8444 30.1662 32.4962 26.6833 27.8209 27.1662 25.6515 26.6833 28.9137 32.4037 30.5287 33.5261 27.7849 32.9545 32.4345 27.6043 30.3645 33.3317 32.0312 28.7750 31.1769 29.6648 31.7490 31.9374 28.5832 27.3861 30.9192 29.7489 27.1846 28.6007 29.4618 31.0483 26.3059 31.5278 31.6544 27.0740 26.2488 26.4008 29.6311 35.6511 26.4197 31.1609 28.5132 27.1477 28.8964 25.5147 27.5681 27.1477 31.7962 30.6920 25.8070 27.6767 27.8029 27.6405 11.0000 14.9666 11.6190 17.9444 17.7764 14.5602 14.1067 15.2643 14.3875 13.4536 13.4536 11.2250 13.3791 14.5602 12.8062 14.5602 15.1658 10.6301 9.8995 14.6287 14.3527 12.2066 18.4932 15.4596 12.9228 13.0767 13.3041 14.4222 14.7648 13.1909
