0.0000 7.7142 8.9684 6.6250 6.2527 6.4959 6.7366 5.8274 7.0950 8.6528 7.0651 5.8519 6.4625 7.5774 6.6218 7.7668 10.4440 8.4920 5.5516 5.4052 8.3094 5.0270 8.0478 7.9209 7.1260 7.2368 8.1519 5.5662 7.3587 7.9022 25.1644 25.1209 25.2618 25.4164 25.3447 25.8363 23.6878 24.7039 25.2348 25.4203 24.5815 25.8648 24.8031 25.0010 26.1004 25.1592 26.4134 25.0857 25.9728 24.0312 25.8549 25.0933 25.1381 24.6086 24.8227 25.9029 24.7095 24.9991 25.8610 25.5724 15.9351 10.6131 13.9074 12.4096 16.5213 13.3298 17.1547 17.1671 10.6169 16.7380 15.2580 18.0970 19.8130 17.4249 14.0402 12.1061 13.3609 16.4065 17.2628 12.2371 10.9892 17.2419 18.9449 14.3231 17.5017 13.7404 14.3207 16.2877 16.3137 12.0048 12.5164 15.4391 18.4670 16.4800 18.1572 13.7222 16.5541 16.5422 15.7922 12.7750 23.0224 16.0893 19.6400 18.4470 16.7939 12.0269 13.2058 13.4544 15.6516 16.0006 18.4629 13.3891 17.8964 16.9689 13.4235 15.4306 15.6542 16.5183 13.8961 18.4752 23.0983 22.6895 20.3368 23.3390 21.2339 21.6337 22.4942 21.7121 24.2276 22.4632 22.1921 23.7858 23.2403 23.1996 20.8634 21.7725 22.7852 22.0345 23.7685 22.0894 21.5456 22.8313 20.6988 23.7941 23.7036 25.0165 22.0453 23.0579 22.9602 23.5756
7.7142 0.0000 4.7225 7.3533 4.7513 4.6913 7.7019 6.9968 9.8163 6.7319 7.8246 8.1597 9.2617 4.6281 5.8783 7.0585 11.3449 10.7134 6.4849 7.1090 5.3554 6.1031 7.0386 7.0792 9.2117 8.5214 8.2407 5.0024 8.0646 8.4824 23.8759 23.4832 23.9918 23.9328 23.9588 24.6089 22.7290 23.0071 23.9792 24.5973 23.2244 24.7066 23.3828 23.2550 24.2746 23.8133 25.0459 23.7569 25.0859 22.5988 24.0821 23.9544 23.6624 23.1499 23.5540 24.6081 23.4704 24.0291 24.5787 24.5205 11.2736 8.4458 9.8630 8.9221 11.8151 8.3916 12.0356 12.1625 7.3384 12.0806 10.4549 13.0928 14.9841 12.7580 10.0309 9.3763 9.4707 11.7185 12.3159 7.3856 8.5477 12.4415 14.3114 9.9804 12.3523 9.1592 9.3731 11.3222 11.8514 7.9321 9.2251 12.6727 15.6627 14.2316 14.6895 9.9535 15.9485 14.3818 12.0595 10.4171 21.4608 12.7503 16.1016 14.6749 14.0043 9.3162 8.4341 11.6698 11.9641 14.6132 14.2886 9.8629 14.6421 12.7285 10.6874 11.3220 10.8437 13.8793 10.7601 15.1306 19.0432 19.3284 16.4268 20.1250 18.1646 17.8672 19.8495 17.8818 20.7235 18.7285 18.5854 20.1111 19.6617 19.9519 17.0095 17.6523 19.5358 18.5223 20.6189 18.7447 18.3534 19.2466 16.9716 20.6880 20.2871 22.3518 18.9078 19.5275 20.1137 20.6147
8.9684 4.7225 0.0000 8.7656 6.3469 5.6430 8.8343 8.4793 10.8256 6.9943 8.9524 9.8971 10.2297 4.7189 6.5710 8.1223 12.2950 11.9820 7.7327 8.3774 5.4408 7.3229 7.6522 7.8473 10.7211 9.9914 9.0691 5.9794 9.1552 10.0001 23.8026 23.3520 23.9755 23.8329 23.8284 24.6169 22.6652 22.7574 23.9686 24.6741 23.1502 24.8233 23.3113 23.1128 24.0745 23.7951 24.9596 23.7368 25.1868 22.4544 23.9856 23.9580 23.5362 23.0308 23.5921 24.5994 23.4564 24.0886 24.4783 24.5857 9.8855 7.6813 8.9008 8.4261 10.1105 7.0397 10.2412 10.4659 7.0461 10.5222 8.5598 11.3757 13.2710 11.0648 8.4770 8.8142 8.7777 10.3374 10.6151 5.9130 8.3149 10.5739 13.2007 8.4509 11.0877 7.7402 7.4211 9.8621 10.4121 6.9696 8.9757 12.2844 15.0213 13.8147 14.0173 9.0566 16.1505 13.9888 10.9491 9.8286 21.3322 11.4498 15.1112 13.5524 13.3710 9.3154 7.3323 11.1941 11.1323 14.2584 13.5278 9.8876 13.5659 11.9274 10.0201 10.3323 9.4840 13.8701 10.2788 14.4946 18.0035 18.4766 15.3560 19.3771 17.1518 16.9634 19.3787 16.8708 19.9296 17.7216 17.7582 19.1641 18.8264 19.0940 16.1244 16.5259 18.7814 17.6644 19.9075 17.9053 17.5073 18.4646 15.8875 19.9786 19.4934 21.9549 18.1541 18.5522 19.5041 20.0490
6.6250 7.3533 8.7656 0.0000 7.1171 6.6315 4.8863 7.6934 6.2755 5.0792 4.2548 4.1298 5.6218 7.3150 6.5793 4.8624 10.5641 7.5168 6.1749 6.3592 7.9355 5.2972 4.2960 4.8671 5.4383 5.2350 8.8179 6.5196 5.0878 6.5389 26.0759 25.9703 26.1464 26.3243 26.2787 26.7462 24.7364 25.5766 26.1467 26.5155 25.5006 26.8107 25.7719 25.7774 26.8361 26.0503 27.3237 25.9853 26.9806 24.8999 26.6074 26.0899 26.0171 25.5061 25.7743 26.8052 25.6938 26.0405 26.8057 26.6298 15.5055 10.4628 13.6515 12.4317 16.2646 12.6125 16.6442 16.3469 9.8298 16.6435 15.0093 17.7476 19.6989 17.2130 12.8662 12.3930 13.5512 16.0221 16.7568 11.1851 10.8632 16.8383 18.7896 13.7986 17.0781 13.4832 13.9689 16.0615 16.2347 11.8090 12.3180 15.6206 19.0447 17.1631 18.6443 13.7376 17.2121 16.2063 15.6586 12.3625 23.8663 16.1336 19.9190 18.7605 17.5008 11.0951 12.4215 14.0719 15.6728 16.3601 18.5050 12.1457 18.2874 17.0360 14.0505 15.2042 15.3317 16.9969 14.4258 18.7939 23.1574 23.0178 20.5511 23.5963 21.5783 21.7791 23.0211 21.8870 24.3801 22.6510 22.3982 23.9185 23.3958 23.5553 21.0418 21.7277 23.0622 22.3349 24.0937 22.4718 21.9361 23.0161 20.8164 24.1507 23.9304 25.4477 22.3841 23.3264 23.4997 23.9259
6.2527 4.7513 6.3469 7.1171 0.0000 5.9397 7.4020 6.8017 9.2198 7.5644 7.6266 7.4491 8.2051 5.5189 5.6751 7.7471 12.0230 10.3882 5.2277 6.3362 6.2806 5.3182 7.5720 7.5511 8.9630 7.6612 8.4279 5.4466 7.8189 8.3259 23.9949 23.7476 23.9882 24.1367 24.0994 24.6641 22.8067 23.3416 24.0217 24.4911 23.3487 24.7125 23.4696 23.5460 24.6045 23.7770 25.1548 23.9824 24.9844 22.7358 24.4143 23.9048 23.9703 23.3132 23.6162 24.7513 23.5454 23.9259 24.5703 24.4724 12.3940 8.5922 10.7340 9.3941 12.8494 9.4721 13.6526 13.8587 7.8461 13.3272 11.8353 14.5472 16.2113 13.9056 11.7026 9.7549 9.9000 13.0460 13.8278 8.5023 8.5517 13.7096 15.3398 11.2682 13.8759 10.2851 10.4920 12.5196 12.8865 9.0094 10.4879 13.2388 16.3435 14.7490 15.4737 11.2183 15.8654 14.9813 13.1388 11.6330 21.2941 13.9942 16.8994 15.5958 14.5612 10.3071 10.6759 12.3324 13.1572 15.2695 15.1636 11.2645 15.3593 13.7555 11.7336 12.6743 12.2205 14.1674 11.5155 15.9384 20.1588 20.0407 17.6087 20.8775 19.0770 19.0683 20.2916 18.9874 21.5794 19.7182 19.6330 20.9777 20.5475 20.7130 18.1324 18.8343 20.2532 19.3827 21.2586 19.6189 19.1166 20.1393 18.1700 21.4480 21.1511 22.7567 19.6115 20.4843 20.6420 21.2928
6.4959 4.6913 5.6430 6.6315 5.9397 0.0000 6.7751 5.9125 7.7854 6.1475 6.2537 7.1195 7.9868 5.3837 5.8849 7.0549 9.4577 8.2729 5.8379 6.1399 5.2162 5.7803 6.5914 6.9956 7.8358 8.6029 6.6635 4.4909 7.5413 8.5133 25.2289 24.9303 25.3365 25.3609 25.3050 25.9592 23.9830 24.3972 25.3528 25.8534 24.6789 26.0778 24.8319 24.7038 25.7177 25.2205 26.3631 25.0924 26.3481 23.9563 25.5524 25.3094 25.0126 24.5578 24.9741 25.9481 24.8136 25.3704 25.9129 25.8637 13.0834 8.8526 11.3757 10.6868 13.5873 10.3256 13.7562 13.6760 8.5676 13.8744 12.2099 14.9029 16.9307 14.5551 10.6493 10.7470 11.6849 13.4719 13.9658 9.2510 9.9030 14.1920 16.4155 11.5454 14.3524 10.8681 11.3747 13.4379 13.8499 9.7737 10.3086 14.2551 17.2244 15.6079 16.5756 11.3897 17.0749 15.4268 13.6075 10.8574 22.9327 14.1019 17.8050 16.5404 15.7485 10.0566 9.8302 12.7418 13.7590 15.5145 16.3712 11.0800 16.2354 14.8849 11.8669 13.2211 12.9175 15.6487 12.4926 16.9049 20.8907 21.0718 18.3061 21.7790 19.6644 19.6826 21.5330 19.6645 22.4730 20.4540 20.4140 21.8431 21.4231 21.6224 18.8680 19.4102 21.2460 20.2971 22.3288 20.4624 19.9710 21.0436 18.5680 22.4044 22.0147 23.9922 20.5808 21.2124 21.7761 22.2723
6.7366 7.7019 8.8343 4.8863 7.4020 6.7751 0.0000 7.5245 6.4473 5.2178 4.5543 5.1161 5.3633 7.8740 7.4955 5.9234 11.2010 7.7917 6.0763 6.6601 8.0944 5.8406 5.1006 5.6445 6.8638 6.1336 8.9675 6.9161 6.2176 5.7903 26.1598 26.0511 26.0999 26.4786 26.2742 26.8824 24.9023 25.7108 26.1307 26.5607 25.6864 26.8045 25.6917 25.7701 26.9267 25.8917 27.2982 26.1859 27.0124 24.9406 26.6973 25.9289 26.1802 25.5811 25.7376 26.9024 25.6768 26.0741 26.7198 26.5892 15.6406 10.9695 13.9479 13.0672 16.3302 12.9141 16.6843 16.4520 10.2958 16.6690 14.7314 17.8047 19.3456 17.1552 13.0859 13.0355 14.0685 16.1990 16.8537 11.6572 11.6724 16.9601 18.7503 14.4885 17.0562 13.5706 14.1336 15.9000 16.5635 12.2234 12.2457 15.3320 19.1540 17.1487 18.3181 13.7863 16.8643 16.0049 15.5014 12.6261 23.5081 15.7939 19.6646 18.3911 17.1475 10.6934 12.2879 13.7781 15.4307 16.1739 18.2053 12.1001 17.9504 16.6610 13.7756 15.3337 15.2010 16.5830 14.0667 18.3612 22.9247 22.6927 20.4174 23.3655 21.5329 21.7618 22.7670 21.7432 24.1974 22.3326 22.3154 23.6129 23.1215 23.1730 20.8822 21.4926 22.8010 22.0258 23.8088 22.2693 21.6378 22.8323 20.6928 24.0894 23.7392 25.1428 22.0851 23.1696 23.1544 23.8008
5.8274 6.9968 8.4793 7.6934 6.8017 5.9125 7.5245 0.0000 7.5035 8.5708 6.9922 6.9371 7.5647 7.1699 7.3619 9.0415 9.7202 7.8933 5.6841 6.5576 7.1565 6.2321 8.3696 8.5027 7.8219 8.9614 7.5703 5.1458 7.9777 8.4611 25.2506 25.1425 25.1788 25.5603 25.4507 25.9227 24.0290 24.8576 25.2129 25.7642 24.6685 25.9231 24.9076 24.8730 26.0308 25.1615 26.4788 25.3519 26.2434 24.0297 25.7715 25.2518 25.3382 24.6459 25.0020 26.0541 24.9396 25.4176 25.8971 25.8124 15.3979 10.7381 13.3115 12.0752 15.7064 12.7498 16.2509 16.3532 10.7804 15.9764 14.3309 17.1962 18.9473 16.5795 13.3734 12.2772 13.2392 15.4635 16.4988 12.0090 11.0555 16.5850 17.9598 13.9417 16.6297 13.0111 13.7614 15.4236 15.8647 11.3420 12.2194 15.4831 18.2760 16.7299 17.5799 12.9552 17.3832 16.9206 15.2114 12.5049 23.1309 15.4748 19.0884 17.8442 16.6335 11.7750 12.2518 13.6367 15.2441 15.7888 17.5574 13.3533 17.2851 16.2920 13.0282 15.1715 15.1016 16.3426 13.5157 17.9190 22.2898 22.0550 19.7916 22.6583 20.7095 20.9561 21.9896 21.0488 23.3609 21.8512 21.5086 22.8879 22.3462 22.5089 20.2576 20.9027 22.1392 21.4036 23.0601 21.4633 21.1168 21.9045 20.0866 23.1688 22.9697 24.3333 21.3959 22.4291 22.5066 22.8265
7.0950 9.8163 10.8256 6.2755 9.2198 7.7854 6.4473 7.5035 0.0000 7.6941 5.8671 5.0870 5.1451 8.8815 8.2994 7.8950 10.1705 5.4256 7.4440 6.6024 9.6039 7.1942 7.2176 6.8914 5.6777 7.6437 8.7285 7.7159 7.1139 7.8371 26.4661 26.5555 26.6805 26.9182 26.8233 27.1894 24.9349 26.2114 26.6545 26.8002 25.8599 27.2001 26.3535 26.3274 27.5103 26.7280 27.8734 26.4194 27.3115 25.3027 27.2567 26.5119 26.5176 26.0294 26.2841 27.2997 26.1788 26.4866 27.3391 27.0456 18.1595 12.4104 16.0027 14.7229 18.7086 15.5328 19.1776 18.8077 12.6316 18.9102 17.3431 20.2543 22.0715 19.4453 15.0548 14.2727 16.0477 18.3879 19.1601 14.2604 13.0362 19.3481 21.2152 16.3543 19.5044 15.9454 16.5851 18.5917 18.4252 14.2534 13.8402 17.2229 20.1756 18.0457 20.2264 15.5733 17.8901 17.9013 17.4550 13.1967 24.9044 17.7077 21.6643 20.5205 18.8926 12.3094 14.5846 15.2361 17.2477 17.4367 20.4056 14.1075 19.7101 19.0932 15.2603 17.0732 17.7324 18.1786 16.0480 20.2840 24.9645 24.6108 22.2089 25.0381 22.6908 23.1567 24.1721 23.4872 25.8902 24.3604 23.7727 25.5952 24.9421 25.0000 22.6677 23.5674 24.5427 23.8805 25.5873 23.7820 23.3004 24.5142 22.2814 25.3544 25.4376 26.6533 23.6984 24.8193 24.7570 25.1910
8.6528 6.7319 6.9943 5.0792 7.5644 6.1475 5.2178 8.5708 7.6941 0.0000 5.0392 6.4143 6.9175 6.4563 7.3424 4.9880 11.1382 8.7704 6.9990 7.6510 6.8858 6.5584 3.3733 4.4093 7.6115 6.9173 8.7773 6.7724 5.6626 7.2467 26.0599 25.8017 26.0298 26.2607 26.1837 26.7523 24.9130 25.3628 26.1020 26.6647 25.4898 26.8350 25.6225 25.5214 26.5741 25.8564 27.2182 26.0530 27.1044 24.7465 26.3948 26.0443 25.9837 25.3757 25.7568 26.8041 25.6643 26.1386 26.6724 26.6571 13.8559 10.1330 12.5695 11.8244 14.4782 10.9404 14.6873 14.3562 9.1374 15.0500 12.9903 15.8830 17.5770 15.4169 11.2683 12.0907 12.8604 14.5177 14.7915 9.5788 10.7918 15.0339 17.1067 12.4867 15.1098 11.9459 12.3254 14.0839 14.7559 10.9234 11.3878 14.6416 18.1543 16.5117 17.3765 12.4001 17.1799 15.3472 14.0693 11.3035 23.3344 14.5407 18.4385 17.2119 16.5089 9.8672 10.4680 13.4370 14.2900 15.8590 16.8301 10.6803 16.8847 15.3563 13.0440 13.8618 13.4854 16.0024 13.3916 17.4357 21.6100 21.7305 19.2039 22.4344 20.5304 20.5790 22.1272 20.5396 23.0867 21.2081 21.1785 22.4527 22.0556 22.3090 19.7143 20.0939 21.8909 21.0292 22.9184 21.2467 20.7584 21.6755 19.4389 23.1547 22.7083 24.5214 21.2327 22.0690 22.4959 22.9522
7.0651 7.8246 8.9524 4.2548 7.6266 6.2537 4.5543 6.9922 5.8671 5.0392 0.0000 4.4709 5.1881 7.4145 7.3683 6.2320 9.8527 6.0475 5.7863 6.3189 7.6766 5.7641 4.6256 5.7920 5.2220 6.3461 8.3003 6.2603 5.2673 6.5657 26.6629 26.5552 26.6106 26.9486 26.7946 27.3032 25.4483 26.1846 26.6666 27.1143 26.1877 27.3576 26.3206 26.2998 27.3766 26.4954 27.8174 26.6578 27.5429 25.4396 27.1426 26.6016 26.6995 26.0737 26.3748 27.4258 26.3200 26.6743 27.2833 27.1835 16.0870 11.3147 14.2164 13.3070 16.6397 13.2767 17.0091 16.7119 10.6366 17.0964 15.2693 18.1890 19.8814 17.6060 13.3692 13.2072 14.3873 16.4639 17.1185 11.8826 11.8775 17.3232 19.1507 14.5945 17.3941 13.9523 14.5663 16.3637 16.8189 12.5081 12.7188 15.9577 19.4454 17.5519 18.8017 13.9532 17.7521 16.5352 15.8866 12.5682 24.0781 16.2618 20.0629 18.9510 17.8056 10.8991 12.6538 14.4622 15.9616 16.6429 18.6123 12.4379 18.4328 17.3007 14.2495 15.7892 15.6488 17.1760 14.6672 18.9104 23.3970 23.2268 20.9538 23.8398 21.9432 22.1787 23.3163 22.2467 24.5766 22.9153 22.7323 24.0667 23.5926 23.7213 21.4511 21.9402 23.3081 22.5921 24.2734 22.7955 22.2016 23.2246 21.1366 24.4741 24.1671 25.6187 22.6083 23.5958 23.8041 24.1708
5.8519 8.1597 9.8971 4.1298 7.4491 7.1195 5.1161 6.9371 5.0870 6.4143 4.4709 0.0000 4.6024 7.9616 7.3680 5.7607 9.9199 5.9996 6.0822 5.6440 8.5323 5.3698 5.8551 5.4608 4.4605 5.1577 8.2570 6.4481 5.1842 6.3466 26.2620 26.2310 26.2020 26.5663 26.4484 26.8690 24.9649 25.9519 26.2255 26.5562 25.7363 26.8517 25.9312 26.0169 27.1501 26.1423 27.4524 26.2303 27.0138 25.1088 26.8709 26.1726 26.3130 25.7119 25.9094 26.9920 25.8855 26.1418 26.9082 26.7036 16.8894 11.6356 14.8258 13.5641 17.5794 14.0749 18.1203 17.8935 11.1639 17.9835 16.3096 19.1971 20.9650 18.5435 14.4981 13.3842 14.6497 17.3673 18.1818 12.7277 11.9557 18.3388 19.9150 15.3696 18.3912 14.7582 15.4634 17.3680 17.4850 13.0562 13.3199 16.4431 19.7497 17.6966 19.2990 14.7653 17.2441 16.9714 16.6324 13.1695 23.9722 16.9950 20.6629 19.5864 18.0733 11.8291 13.6382 14.5301 16.5323 16.6900 19.3420 13.1061 19.0617 17.9681 14.7040 16.3746 16.5664 17.3166 15.1735 19.3784 24.0995 23.7415 21.5178 24.2658 22.3269 22.6564 23.4946 22.8247 25.0940 23.5248 23.1913 24.7140 24.1330 24.2148 21.9716 22.7260 23.7379 23.0788 24.6859 23.2065 22.6642 23.7319 21.7633 24.7813 24.6469 25.8012 22.9710 24.1334 24.0125 24.4574
6.4625 9.2617 10.2297 5.6218 8.2051 7.9868 5.3633 7.5647 5.1451 6.9175 5.1881 4.6024 0.0000 8.2548 7.8882 6.9676 10.1340 6.4755 6.4085 6.5501 9.1146 6.2584 6.2871 6.4768 5.6935 6.1526 9.1668 6.7333 5.7455 6.0013 25.8096 25.9351 25.7302 26.2916 26.0701 26.4245 24.4362 25.7202 25.7844 26.0925 25.2843 26.4053 25.6034 25.6702 26.9147 25.7223 27.1253 25.9656 26.5599 24.6054 26.6193 25.7162 26.1255 25.2797 25.5775 26.6952 25.5872 25.7966 26.4900 26.2723 17.6263 12.1333 15.5329 13.9907 18.0766 14.9300 18.7666 18.5922 11.9592 18.4640 16.7721 19.7507 21.3046 18.9482 15.0435 13.7158 15.2954 17.9896 18.8416 13.6832 12.3148 18.9232 20.2928 16.0130 18.8664 15.4299 16.1268 17.7886 17.9396 13.5946 13.4938 16.0176 19.4643 17.2189 19.0258 14.7114 16.6019 16.6160 16.3608 12.9841 23.3292 16.7317 20.5212 19.4107 17.8039 11.8473 14.1097 14.2741 16.4069 16.2903 19.1462 13.2114 18.5429 17.8694 14.2662 16.4523 16.8629 16.7841 14.8037 19.1264 24.2292 23.6578 21.6161 24.1461 22.0898 22.6856 23.1384 22.9169 24.9657 23.6202 23.1228 24.6694 23.9899 24.0351 22.1051 22.7970 23.6415 23.0257 24.5130 23.0226 22.5644 23.5699 21.7753 24.6014 24.5617 25.5179 22.7969 24.1197 23.8643 24.1829
7.5774 4.6281 4.7189 7.3150 5.5189 5.3837 7.8740 7.1699 8.8815 6.4563 7.4145 7.9616 8.2548 0.0000 5.2873 6.6578 10.4641 10.2391 6.3812 6.3499 5.4851 5.7708 6.4225 6.1966 8.5988 8.4323 7.9641 4.2265 7.0792 8.0440 22.9154 22.6692 23.0299 23.1122 23.0445 23.6708 21.7768 22.1724 23.0419 23.5867 22.3171 23.8490 22.4786 22.4442 23.4786 22.9100 24.1449 22.9164 24.0426 21.6387 23.3004 22.9743 22.8223 22.2732 22.6530 23.7287 22.6224 23.0361 23.6492 23.5519 11.9224 8.5953 10.3525 9.0551 12.1807 9.2793 12.5691 12.7642 7.7072 12.5530 10.6528 13.7673 15.2781 13.1052 10.5602 8.9668 9.8464 12.3388 12.7990 8.0987 8.5556 12.8901 14.7349 10.4711 12.7862 9.7206 10.0312 11.5504 11.9201 8.1507 9.2047 11.6197 14.8072 13.1027 13.9790 9.3453 14.6659 13.4689 11.2321 9.2228 20.3873 11.8928 15.4388 14.0943 13.0673 8.3602 8.5221 10.3875 11.1143 13.2580 13.8430 9.1775 14.0150 12.5152 9.7923 10.8485 10.7365 12.8239 9.8769 14.3783 18.8853 18.8815 16.0459 19.6419 17.4691 17.4914 19.1962 17.5942 20.3599 18.4271 18.1999 19.8323 19.3291 19.4996 16.7299 17.4495 19.0548 18.0855 20.1440 18.2367 17.7346 18.8538 16.5108 20.1204 19.9270 21.7407 18.3039 19.1206 19.5237 20.0919
6.6218 5.8783 6.5710 6.5793 5.6751 5.8849 7.4955 7.3619 8.2994 7.3424 7.3683 7.3680 7.8882 5.2873 0.0000 6.9612 10.7072 9.6235 5.9639 5.8157 6.4369 4.8531 6.5155 6.7841 7.7150 7.1606 8.4268 5.2636 7.3854 8.8195 23.7257 23.5599 23.9591 23.8979 23.8560 24.4592 22.2988 23.0604 23.9090 24.2650 23.1319 24.6564 23.4262 23.3988 24.4651 23.8300 25.0114 23.6183 24.7789 22.4521 24.2650 23.8057 23.5771 23.1159 23.4695 24.5149 23.3679 23.7358 24.4857 24.3933 13.0449 7.6478 11.1416 9.8113 13.5230 10.3594 13.9297 13.8518 7.8985 13.7626 12.1136 15.0827 16.9796 14.2023 10.5347 9.4173 10.5330 13.3546 14.0981 8.9279 8.0068 14.1110 16.3976 11.0617 14.5699 10.7394 10.9304 13.2035 13.1461 8.7131 9.8776 13.3655 16.1430 14.4478 16.0171 11.2070 15.7102 14.7591 13.0022 10.5701 21.7431 13.7115 17.2845 16.0035 14.8400 9.9693 10.6626 11.6481 13.0477 14.5678 15.9896 10.9612 15.6261 14.5009 11.5373 12.6604 12.7472 14.8660 11.7313 16.3549 20.5829 20.3487 17.6279 21.0272 18.5286 18.8121 20.4488 19.1172 21.8691 19.9654 19.5959 21.4144 20.8714 20.8824 18.2517 19.1255 20.4182 19.6130 21.5835 19.7617 19.0754 20.4672 17.9744 21.4803 21.3457 23.1540 19.6379 20.5774 20.8495 21.4923
7.7668 7.0585 8.1223 4.8624 7.7471 7.0549 5.9234 9.0415 7.8950 4.9880 6.2320 5.7607 6.9676 6.6578 6.9612 0.0000 10.7928 9.4150 7.8440 6.9496 7.5668 6.1799 4.8669 3.4877 7.2174 6.4448 9.1106 6.8978 5.3783 6.3288 24.4691 24.2799 24.4713 24.6656 24.5784 25.1186 23.2920 23.8262 24.4875 24.8604 23.9642 25.2428 23.9798 24.0762 25.1136 24.3605 25.5808 24.3711 25.3241 23.3026 24.8829 24.4406 24.3015 23.8682 24.0958 25.0693 24.0028 24.3126 25.1184 24.8936 14.5222 10.4007 12.9464 11.9010 15.2610 11.7861 15.4255 15.3234 9.5067 15.6219 13.7000 16.7230 18.2406 16.2893 12.5797 11.4867 12.7989 15.2657 15.7372 10.2956 10.8691 15.8149 17.5351 13.2389 15.7215 12.5737 13.0792 14.6638 15.3343 11.0013 10.8735 13.7332 17.2804 15.2784 16.7578 12.1372 15.1022 14.0732 14.0416 11.0265 21.9371 14.1120 17.8884 16.7674 15.3609 9.3944 10.6748 12.0312 13.6580 14.2924 16.7057 9.9492 16.7077 15.1268 12.4047 13.2154 13.4985 15.0215 12.8297 16.7176 21.4048 21.3110 18.6977 21.9209 20.0402 20.1829 21.3960 20.1614 22.7387 20.8166 20.8012 22.2893 21.7589 21.8755 19.2880 20.0429 21.3976 20.5377 22.4163 20.6882 20.1957 21.3820 19.1001 22.5158 22.2570 23.7762 20.7071 21.6162 21.7239 22.2554
10.4440 11.3449 12.2950 10.5641 12.0230 9.4577 11.2010 9.7202 10.1705 11.1382 9.8527 9.9199 10.1340 10.4641 10.7072 10.7928 0.0000 8.4225 10.9882 10.0750 9.3370 10.4047 10.6157 10.3424 8.9462 12.8025 9.1306 9.2313 10.5033 11.3532 26.4822 26.5046 26.2179 26.8892 26.4486 27.0145 25.5976 26.2235 26.2603 26.8164 26.2446 27.0703 26.1745 26.2388 27.3401 26.1662 27.4824 26.6455 27.1895 25.3358 27.0228 26.3934 26.7225 25.9215 26.1968 27.2408 26.3514 26.5486 26.9318 26.8877 19.1195 14.4999 17.3401 15.8586 19.3309 16.8784 19.2145 19.5109 14.0404 19.4542 17.5747 20.5334 21.8547 20.2464 16.0559 15.7667 17.6237 19.1705 19.6591 16.1606 15.1359 20.2537 21.1792 17.7015 19.3116 16.5620 18.0550 18.4985 19.4309 15.3895 13.9236 16.6244 20.0158 18.0722 19.0792 14.9791 18.0766 17.1081 16.5350 13.4896 23.5059 16.8687 20.4475 19.5826 18.4843 12.9410 14.0603 14.7068 16.7398 15.9915 19.2679 13.0950 19.0748 18.3181 14.7468 17.2680 17.2593 17.4077 15.1719 19.3370 24.1229 23.6263 21.7260 24.1088 22.4383 22.8532 23.4550 23.1240 24.8445 23.6122 23.3103 24.6014 23.9644 23.8980 22.2949 22.6847 23.7069 22.9428 24.3949 23.2947 22.7497 23.5663 21.7916 24.7443 24.4870 25.4854 22.8567 24.0868 24.0088 24.1100
8.4920 10.7134 11.9820 7.5168 10.3882 8.2729 7.7917 7.8933 5.4256 8.7704 6.0475 5.9996 6.4755 10.2391 9.6235 9.4150 8.4225 0.0000 8.2757 8.3971 9.9690 8.3643 8.5477 8.5947 5.3563 9.2586 8.9548 8.6270 8.3778 9.7069 28.5322 28.5324 28.5361 28.9341 28.7417 29.1953 27.1371 28.3433 28.5307 28.8779 28.0235 29.1946 28.3446 28.3213 29.5075 28.5107 29.7589 28.5218 29.3285 27.3700 29.2166 28.4818 28.6775 28.0322 28.2666 29.3496 28.2965 28.6257 29.2273 29.0781 19.2795 13.6258 17.1933 15.9882 19.8728 16.6349 20.1930 19.9414 13.7790 20.1804 18.5805 21.3397 23.1472 20.6490 16.0708 16.0865 17.5309 19.5004 20.2360 15.4652 14.2801 20.6182 22.2710 17.6180 20.5844 17.1412 17.9084 19.7166 19.8976 15.5908 15.3810 19.0997 22.2063 20.2217 21.8789 17.1918 20.1683 19.7170 18.8443 14.9766 26.5945 19.3444 23.2388 22.1127 20.7614 13.9717 15.7962 17.1645 19.1113 19.1141 21.8000 15.5532 21.2981 20.5638 17.0586 19.0551 19.1049 20.0142 17.5996 21.9880 26.3482 26.0303 23.9331 26.5319 24.5019 24.8392 25.7941 25.0893 27.3082 25.8430 25.4394 26.9244 26.3279 26.4224 24.2777 24.9012 26.0454 25.3804 26.9793 25.4949 24.9553 25.9569 23.9371 27.0461 26.8943 28.1037 25.2628 26.3962 26.3543 26.7063
5.5516 6.4849 7.7327 6.1749 5.2277 5.8379 6.0763 5.6841 7.4440 6.9990 5.7863 6.0822 6.4085 6.3812 5.9639 7.8440 10.9882 8.2757 0.0000 5.5393 7.0541 4.2652 7.0109 7.2551 7.0597 6.8901 7.9587 5.1586 6.8607 7.4835 25.6623 25.5471 25.6281 25.9603 25.8823 26.3731 24.4222 25.2186 25.6851 26.1339 25.0851 26.3303 25.2512 25.3042 26.4187 25.4562 26.9074 25.7163 26.5847 24.4288 26.1975 25.5223 25.7596 25.0794 25.3209 26.4561 25.2775 25.6259 26.2746 26.1667 14.6351 9.7720 12.7118 11.4803 15.1365 11.7261 15.8207 15.7790 9.2079 15.6571 13.8949 16.8488 18.5067 16.0666 12.6434 11.8883 12.4487 15.0966 15.8467 10.6496 10.0481 15.9720 17.7549 13.2347 16.1946 12.4541 12.9646 14.8250 15.2780 10.9050 12.1619 15.0007 18.2992 16.5174 17.6522 12.9573 17.1918 16.4078 14.9510 12.2382 23.1141 15.7501 19.0833 17.8351 16.5935 11.1693 12.1287 13.8228 15.0884 16.4155 17.4028 12.5106 17.2290 16.1016 13.4236 14.8946 14.5463 16.0231 13.3984 17.9606 22.3152 22.1067 19.8594 22.8088 20.9020 21.0608 22.1527 21.1154 23.5591 21.8728 21.6283 22.9653 22.5531 22.6828 20.3002 20.9063 22.2447 21.5357 23.2227 21.6614 21.1320 22.1082 20.1654 23.3966 23.1394 24.5561 21.5054 22.5940 22.6913 23.1610
5.4052 7.1090 8.3774 6.3592 6.3362 6.1399 6.6601 6.5576 6.6024 7.6510 6.3189 5.6440 6.5501 6.3499 5.8157 6.9496 10.0750 8.3971 5.5393 0.0000 7.0459 4.6170 7.0616 6.7500 6.7347 7.1406 7.3617 5.5652 6.0612 7.3211 24.6319 24.4702 24.6879 24.8269 24.7905 25.3040 23.2484 23.9906 24.7119 24.8603 24.1478 25.3337 24.1793 24.3662 25.3825 24.6108 25.7991 24.3703 25.3728 23.4555 25.1408 24.5703 24.4353 24.0716 24.1791 25.2235 24.0688 24.3247 25.3397 25.0331 15.0248 9.8586 12.8309 11.9209 15.5398 12.2602 16.0413 15.9122 9.2309 15.9275 14.1366 17.1676 18.9918 16.6515 12.8713 11.1724 12.7514 15.3535 16.1597 11.1360 10.5827 16.2671 18.2127 13.6737 16.4509 12.6086 13.3963 15.1797 15.6943 10.9949 11.4512 14.2251 17.4472 15.1973 17.1888 12.2169 15.6809 15.2158 14.7727 11.2174 22.3195 15.0607 18.5475 17.4226 15.7628 9.9541 11.7714 12.5740 14.4578 15.1231 17.3217 11.4266 17.1645 15.9732 12.5354 14.0644 14.3633 15.2667 12.8618 17.3731 22.1472 21.8917 19.3070 22.5197 20.4921 20.7216 21.8110 20.7119 23.4477 21.4528 21.3829 22.9539 22.4396 22.4744 19.8301 20.7367 21.9169 21.1787 23.0438 21.2902 20.5622 22.0230 19.6817 23.0389 22.8890 24.3058 21.2236 22.1510 22.1786 22.8470
8.3094 5.3554 5.4408 7.9355 6.2806 5.2162 8.0944 7.1565 9.6039 6.8858 7.6766 8.5323 9.1146 5.4851 6.4369 7.5668 9.3370 9.9690 7.0541 7.0459 0.0000 6.4222 7.1879 7.1294 8.9634 9.5962 7.1618 5.7210 7.8444 8.7265 23.8917 23.4235 23.7377 23.9370 23.7963 24.5610 22.9172 22.9592 23.8202 24.4814 23.4450 24.7225 23.2532 23.2433 24.2285 23.5921 24.8240 23.8036 24.9518 22.5772 24.0290 23.9127 23.7223 23.1058 23.4892 24.5291 23.4319 23.9191 24.3600 24.4414 12.1798 9.2140 11.0908 10.4066 12.1969 9.3703 12.1312 12.6053 8.2699 12.6534 10.1961 13.5631 15.0232 13.4858 10.6356 10.4965 11.2205 12.4298 12.8977 8.7011 10.2735 13.1421 14.8559 11.3971 12.8908 9.7389 10.4454 11.3878 13.0996 9.0194 8.5750 12.0833 15.4007 13.8008 14.1529 9.1766 15.4234 13.2000 11.4325 9.4737 20.7262 11.5698 15.2340 13.9647 13.4372 7.8964 7.7714 10.9051 11.4829 13.2835 13.7943 8.7284 14.0090 12.3482 9.9904 11.1780 10.4518 13.3560 10.1541 14.5524 18.7755 18.9282 16.2274 19.7902 18.1144 18.0127 19.5595 17.7815 20.4714 18.3280 18.6500 19.7395 19.3895 19.5409 16.9408 17.3150 19.2185 18.1959 20.2345 18.5941 18.0140 18.9944 16.7353 20.6011 19.9878 21.9869 18.6376 19.2490 19.7575 20.3015
5.0270 6.1031 7.3229 5.2972 5.3182 5.7803 5.8406 6.2321 7.1942 6.5584 5.7641 5.3698 6.2584 5.7708 4.8531 6.1799 10.4047 8.3643 4.2652 4.6170 6.4222 0.0000 6.0421 6.0463 6.1518 5.7650 7.7722 4.8316 5.5229 7.4363 24.9929 24.8139 25.1287 25.2068 25.1723 25.7547 23.6481 24.3786 25.1111 25.3647 24.4538 25.8114 24.5370 24.7194 25.7865 24.9478 26.2163 24.8633 25.9006 23.8201 25.5486 24.9096 24.8973 24.4337 24.5583 25.7340 24.5328 24.8111 25.6898 25.4872 14.2131 9.1245 12.3293 11.2083 14.8495 11.4216 15.3307 15.2849 8.7032 15.2472 13.4756 16.5504 18.1822 15.7738 12.2687 11.0780 11.9317 14.6973 15.4511 10.0562 9.6909 15.5356 17.5762 12.7870 15.9255 12.0897 12.4258 14.4626 14.8570 10.2958 11.2657 14.3195 17.6238 15.7431 17.1741 12.3934 16.2465 15.4910 14.3758 11.5476 22.5998 14.9186 18.5496 17.2642 15.8404 10.2857 11.4707 12.7517 14.3307 15.4370 17.1281 11.6791 16.9084 15.7011 12.7453 14.1060 13.9151 15.5889 12.7496 17.5346 21.9267 21.7198 19.1588 22.4365 20.4451 20.5999 21.7878 20.5897 23.3415 21.3172 21.2484 22.7406 22.3035 22.3142 19.6983 20.5134 21.8527 21.0467 22.9518 21.2623 20.5239 21.9273 19.5525 23.0202 22.7999 24.3942 21.1704 22.1002 22.1778 22.9167
8.0478 7.0386 7.6522 4.2960 7.5720 6.5914 5.1006 8.3696 7.2176 3.3733 4.6256 5.8551 6.2871 6.4225 6.5155 4.8669 10.6157 8.5477 7.0109 7.0616 7.1879 6.0421 0.0000 4.4684 6.9399 6.0723 8.8538 6.4394 4.8065 6.6598 25.2093 25.0725 25.2392 25.4575 25.3449 25.8807 23.9438 24.6125 25.2695 25.7428 24.6547 25.9977 24.8559 24.8050 25.8743 25.0801 26.4442 25.1924 26.2064 23.9079 25.6776 25.2105 25.1499 24.5539 24.9459 25.9920 24.8330 25.2441 25.8724 25.7978 14.4667 10.1590 12.9330 11.8751 15.0418 11.6925 15.2461 14.9443 9.2357 15.3947 13.4357 16.4668 18.1077 15.8630 11.6048 11.6497 12.8924 14.9594 15.4356 10.3706 10.5696 15.5719 17.5418 12.8120 15.6192 12.3806 12.8761 14.5553 14.8740 10.9892 10.9741 14.0667 17.6215 15.7986 17.0916 12.1643 16.2532 14.7857 13.8397 10.9113 22.6821 14.2771 18.2796 17.0605 16.0742 9.5584 10.8644 12.5618 13.9093 15.0194 16.8439 10.4174 16.6625 15.3311 12.5021 13.7366 13.6745 15.5903 12.8520 17.1575 21.6417 21.4856 18.9447 22.1180 19.9702 20.2402 21.6274 20.4041 22.8888 21.0977 20.8433 22.4034 21.8787 21.9944 19.5582 20.1195 21.5615 20.7571 22.6049 20.9650 20.3697 21.5167 19.1892 22.7614 22.4600 24.1730 20.8401 21.8019 22.1012 22.6006
7.9209 7.0792 7.8473 4.8671 7.5511 6.9956 5.6445 8.5027 6.8914 4.4093 5.7920 5.4608 6.4768 6.1966 6.7841 3.4877 10.3424 8.5947 7.2551 6.7500 7.1294 6.0463 4.4684 0.0000 6.9319 6.6247 8.7172 6.7919 4.9012 6.2680 24.6842 24.5179 24.6998 24.9500 24.8311 25.3606 23.4790 24.1229 24.7149 25.1568 24.1458 25.4331 24.2593 24.2664 25.3832 24.5792 25.8737 24.6716 25.6007 23.4396 25.1455 24.6459 24.6129 24.0831 24.3498 25.3879 24.2975 24.6336 25.3633 25.1975 14.6556 10.5121 13.1700 12.0837 15.2052 11.9372 15.4393 15.3160 9.7815 15.6225 13.6168 16.7688 18.1904 16.1841 12.5043 11.8702 13.0668 15.2532 15.7148 10.4756 10.9885 15.9048 17.5536 13.3837 15.7195 12.6074 13.1083 14.6692 15.2995 11.0954 10.8561 13.7829 17.3222 15.3949 16.7273 12.1585 15.2761 14.3115 13.8515 10.8524 21.9851 14.0448 17.9245 16.7595 15.5120 9.1048 10.6425 12.1236 13.5553 14.3738 16.5247 10.1551 16.5119 15.1308 12.3570 13.2862 13.4671 15.0241 12.7535 16.7107 21.4676 21.3465 18.7864 21.9565 19.9649 20.1614 21.3918 20.2538 22.7222 20.9503 20.7634 22.2756 21.7173 21.8406 19.3878 20.0680 21.4084 20.6004 22.4249 20.7423 20.2673 21.3372 19.1340 22.5113 22.2818 23.7781 20.6488 21.6739 21.8147 22.2883
7.1260 9.2117 10.7211 5.4383 8.9630 7.8358 6.8638 7.8219 5.6777 7.6115 5.2220 4.4605 5.6935 8.5988 7.7150 7.2174 8.9462 5.3563 7.0597 6.7347 8.9634 6.1518 6.9399 6.9319 0.0000 6.8483 8.7386 7.1774 6.5705 8.2576 27.2642 27.2137 27.3729 27.5662 27.4461 27.9369 25.8586 26.8600 27.3477 27.5481 26.7279 27.9906 27.0081 27.0987 28.1921 27.2799 28.5115 27.1551 28.0348 26.1330 27.9103 27.2174 27.2711 26.7587 26.9140 28.0242 26.9368 27.1694 27.9945 27.7532 17.8306 12.3138 15.8569 14.5228 18.5028 15.2301 18.8456 18.5844 12.0934 18.7777 17.2120 20.0067 21.7984 19.3417 15.0300 14.3551 15.7880 18.0996 18.8601 13.8035 12.7998 19.1673 20.9563 16.1113 19.2524 15.8046 16.4120 18.2777 18.2885 14.0647 14.0037 17.4805 20.5819 18.6173 20.3325 15.6796 18.5511 18.0496 17.4355 13.6439 25.2008 17.8387 21.7086 20.6105 19.1934 12.5449 14.4334 15.5035 17.4422 17.6040 20.4042 13.8930 20.0078 19.1105 15.6283 17.3458 17.4956 18.5022 16.1197 20.5618 25.0320 24.7045 22.3984 25.2818 23.1635 23.4536 24.5238 23.7232 26.1123 24.4626 24.0652 25.7166 25.1517 25.1712 22.8297 23.6051 24.7388 24.0236 25.7538 24.1974 23.5302 24.7373 22.5245 25.7337 25.6383 26.9491 23.9723 25.0572 25.0438 25.5421
7.2368 8.5214 9.9914 5.2350 7.6612 8.6029 6.1336 8.9614 7.6437 6.9173 6.3461 5.1577 6.1526 8.4323 7.1606 6.4448 12.8025 9.2586 6.8901 7.1406 9.5962 5.7650 6.0723 6.6247 6.8483 0.0000 10.2259 7.4289 5.8298 7.3671 26.1415 26.0132 26.1859 26.3579 26.3395 26.7601 24.7213 25.6845 26.1927 26.3760 25.5074 26.8251 25.7698 25.9259 27.0278 26.0593 27.4016 26.0371 26.8992 24.9740 26.7509 26.0877 26.1250 25.5418 25.7389 26.8589 25.6705 25.9035 26.8208 26.5995 16.2738 11.2736 14.3817 13.0621 16.9200 13.3502 17.6231 17.3312 10.7950 17.4256 15.8112 18.5767 20.2662 17.7978 14.2637 12.7982 13.6389 16.7897 17.5811 11.8273 11.0629 17.6222 19.3350 14.6017 17.9318 14.3778 14.6314 16.6705 16.6791 12.4829 13.3648 16.2894 19.3185 17.4655 19.0584 14.6557 17.2592 16.9505 16.2575 13.3861 23.8100 16.8312 20.3442 19.2050 17.7152 12.1744 13.7997 14.6120 16.2587 17.1360 18.9047 13.2205 18.6945 17.4226 14.7986 15.9856 16.1205 17.0474 14.9893 19.2273 23.7983 23.4380 21.1349 24.0961 22.0511 22.3507 23.2377 22.4961 24.9125 23.1858 22.8683 24.4732 23.9191 24.0078 21.5650 22.4399 23.4810 22.8101 24.5060 22.9597 22.3386 23.5259 21.4967 24.5674 24.4171 25.7462 22.8191 23.8763 23.7645 24.3732
8.1519 8.2407 9.0691 8.8179 8.4279 6.6635 8.9675 7.5703 8.7285 8.7773 8.3003 8.2570 9.1668 7.9641 8.4268 9.1106 9.1306 8.9548 7.9587 7.3617 7.1618 7.7722 8.8538 8.7172 8.7386 10.2259 0.0000 7.2134 8.4898 9.6008 24.1514 23.7444 24.0748 24.3035 24.2022 24.8818 23.0333 23.3964 24.1032 24.5048 23.5542 24.8407 23.6115 23.6626 24.6708 23.8971 25.1652 24.0296 25.0586 22.9055 24.4017 24.0743 24.0386 23.4167 23.6607 24.7440 23.6148 24.2453 24.7635 24.6521 13.6543 9.2951 11.6181 10.8749 14.1663 11.9364 14.7436 14.4086 9.1383 14.2678 13.3089 15.6574 17.3896 15.1687 12.4698 10.9984 12.6979 13.7075 14.4958 12.4602 10.6500 15.2613 16.1110 12.8138 14.5781 11.9840 14.2486 14.3879 14.5423 11.1179 9.9018 15.1032 16.4315 16.3321 17.4108 12.6133 17.1977 16.2209 13.3009 9.2471 23.0451 15.1802 18.6770 17.5500 16.3985 10.8944 11.5285 13.3835 14.8293 15.7735 17.2828 11.9539 15.7745 16.0402 13.0692 14.6943 14.5543 15.8598 13.4481 17.6570 20.3436 20.2461 18.6842 21.0139 19.2572 19.2539 20.4182 19.2422 21.7731 19.9791 19.7314 21.1086 20.6762 20.9063 18.2323 18.9049 20.3385 19.5904 21.4295 19.8465 19.3347 20.2368 18.1943 21.5797 21.2350 22.8766 19.8017 20.6841 20.6466 21.3808
5.5662 5.0024 5.9794 6.5196 5.4466 4.4909 6.9161 5.1458 7.7159 6.7724 6.2603 6.4481 6.7333 4.2265 5.2636 6.8978 9.2313 8.6270 5.1586 5.5652 5.7210 4.8316 6.4394 6.7919 7.1774 7.4289 7.2134 0.0000 6.6100 7.3801 23.9706 23.8211 23.9831 24.2173 24.1262 24.6571 22.7328 23.3887 24.0170 24.5224 23.3600 24.7274 23.6234 23.5676 24.6733 23.9262 25.2266 24.0131 25.0173 22.7001 24.4606 24.0287 23.9638 23.3177 23.7420 24.7775 23.6684 24.1005 24.6594 24.5605 13.6281 9.1774 11.6154 10.1873 13.9158 10.8826 14.4536 14.5525 8.7391 14.2495 12.5204 15.4569 17.2193 14.8482 11.6065 10.1283 11.2357 13.8675 14.6255 9.8252 9.1782 14.7318 16.3263 11.9188 14.6726 11.1684 11.8751 13.5693 13.6969 9.5009 10.4176 13.4202 16.3976 14.6862 15.6633 10.9346 15.6785 14.8000 13.0482 10.4751 21.6024 13.5732 17.1560 15.9538 14.7675 9.9306 10.1645 11.6980 13.0671 14.2719 15.6850 10.8215 15.4818 14.3080 11.0144 12.9071 12.8949 14.3450 11.4974 16.0972 20.6440 20.4725 17.9182 21.1244 18.9911 19.2001 20.5166 19.3575 21.8346 20.1723 19.7856 21.3903 20.8205 20.9758 18.5170 19.2127 20.5854 19.7236 21.5553 19.8263 19.4419 20.3340 18.2858 21.6073 21.4165 22.9808 19.8021 20.7692 20.9985 21.3720
7.3587 8.0646 9.1552 5.0878 7.8189 7.5413 6.2176 7.9777 7.1139 5.6626 5.2673 5.1842 5.7455 7.0792 7.3854 5.3783 10.5033 8.3778 6.8607 6.0612 7.8444 5.5229 4.8065 4.9012 6.5705 5.8298 8.4898 6.6100 0.0000 5.9545 25.0702 24.8902 25.0463 25.2682 25.2649 25.6773 23.7494 24.4603 25.0963 25.3259 24.5294 25.7312 24.6274 24.8033 25.8551 24.9513 26.2922 24.8951 25.8409 23.8542 25.5523 25.0833 24.9762 24.4491 24.6464 25.6840 24.5703 24.8273 25.7403 25.4857 15.7741 11.4954 14.0809 13.0062 16.2024 13.0273 16.6502 16.4642 10.5842 16.6854 14.7367 17.8787 19.3277 17.3620 13.9713 12.4681 13.9609 16.1835 16.8371 11.9340 11.8434 17.0266 18.4895 14.5471 16.8907 13.7942 14.4050 15.6631 16.3158 12.1961 11.8051 14.3090 17.6997 15.6363 17.3810 12.4686 15.5817 14.8900 14.6867 11.3266 22.3535 14.8650 18.6149 17.5844 16.0364 9.5856 11.8243 12.6996 14.4559 14.8793 17.2616 11.1170 17.2330 15.9789 12.8200 14.2301 14.5124 15.3341 13.1386 17.4850 22.4237 22.1644 19.6606 22.7535 20.8728 21.1277 22.0015 21.1455 23.6195 21.8111 21.6390 23.1930 22.6486 22.7160 20.2393 20.9820 22.1955 21.4704 23.2266 21.5785 20.9936 22.1585 20.0330 23.3468 23.1254 24.5155 21.5293 22.5297 22.5414 23.0480
7.9022 8.4824 10.0001 6.5389 8.3259 8.5133 5.7903 8.4611 7.8371 7.2467 6.5657 6.3466 6.0013 8.0440 8.8195 6.3288 11.3532 9.7069 7.4835 7.3211 8.7265 7.4363 6.6598 6.2680 8.2576 7.3671 9.6008 7.3801 5.9545 0.0000 23.6052 23.6159 23.3342 24.0375 23.7992 24.1691 22.6272 23.3175 23.4262 23.8980 23.1774 24.0240 23.1222 23.2206 24.3820 23.2731 24.7507 23.7636 24.2844 22.4050 24.1221 23.4068 23.7773 23.0523 23.2515 24.2407 23.1784 23.4207 24.1165 23.8571 16.4972 12.6709 14.7576 13.5290 16.7281 13.8339 17.1632 17.2996 11.5983 17.0356 14.9670 18.2859 19.3848 17.8030 14.8667 12.9401 14.3817 16.8966 17.6397 12.8923 12.7421 17.6333 18.4826 15.5396 17.0762 14.2838 15.1058 15.9166 16.8589 12.7851 11.5658 13.2923 17.1533 14.7687 16.1087 12.1862 13.9359 13.6206 14.4105 11.3398 20.7140 14.1229 17.6885 16.6868 14.9535 9.1870 11.7824 11.8466 13.6434 13.6076 16.3603 10.3154 16.4044 15.0480 11.9542 13.7316 14.4261 13.7955 12.4083 16.0734 21.5080 21.0961 18.9363 21.5706 19.9901 20.2971 20.6781 20.3753 22.3343 20.9436 20.6574 22.0690 21.4051 21.5015 19.5340 20.2625 21.0952 20.3983 21.9206 20.4408 20.1170 20.9458 19.3625 22.1115 21.9580 22.8016 20.2934 21.5651 21.3066 21.5386
25.1644 23.8759 23.8026 26.0759 23.9949 25.2289 26.1598 25.2506 26.4661 26.0599 26.6629 26.2620 25.8096 22.9154 23.7257 24.4691 26.4822 28.5322 25.6623 24.6319 23.8917 24.9929 25.2093 24.6842 27.2642 26.1415 24.1514 23.9706 25.0702 23.6052 0.0000 4.1047 5.0788 4.1155 3.9350 3.3390 6.4412 4.8960 3.7333 4.4913 3.7354 4.4017 4.0197 3.2733 3.9305 5.7876 4.1462 4.8458 4.0328 3.0760 3.6583 4.6148 4.7999 3.6335 4.2201 3.8691 4.5412 5.4663 3.9642 4.4638 22.5651 22.9905 21.9023 21.0562 21.8128 23.2557 22.0442 22.9884 22.9143 20.9379 21.1521 22.2892 21.2384 21.5826 24.5020 19.2377 20.7923 22.1734 22.8970 24.3681 22.5173 22.5694 20.4112 22.8732 20.8237 21.8591 23.4589 20.9263 20.9593 21.4223 18.3243 16.0998 12.4241 14.7426 16.0010 18.4755 15.3167 16.9372 16.9577 18.3126 15.1855 17.5994 16.4419 16.5349 15.3054 20.3803 21.2126 16.8089 16.6408 15.9948 17.8749 20.0221 15.2499 17.6858 17.5022 17.6756 19.7466 16.0662 17.2030 15.6908 14.9901 13.0700 14.0675 11.6718 12.3954 12.8289 9.8391 13.4056 13.1901 13.8014 12.5515 14.5541 13.4339 12.9041 13.7396 15.3111 12.0347 12.7724 12.6639 11.4861 11.7630 13.3672 13.4023 10.5905 12.5154 12.3148 12.1845 12.5883 10.5871 11.1961
25.1209 23.4832 23.3520 25.9703 23.7476 24.9303 26.0511 25.1425 26.5555 25.8017 26.5552 26.2310 25.9351 22.6692 23.5599 24.2799 26.5046 28.5324 25.5471 24.4702 23.4235 24.8139 25.0725 24.5179 27.2137 26.0132 23.7444 23.8211 24.8902 23.6159 4.1047 0.0000 6.2913 2.3797 4.1490 4.8402 5.9975 3.7368 5.2497 5.2856 4.3504 6.0945 4.2134 4.1837 4.1340 7.0572 4.5804 3.8543 5.7334 4.4263 3.2177 6.6789 4.0732 3.3034 4.2000 4.5504 4.9438 6.0375 5.7592 6.2163 21.4392 22.4979 21.0442 20.5438 20.6201 22.3652 20.7792 21.7165 22.3834 19.7466 20.1463 20.9589 19.8800 20.4454 23.9330 18.6302 20.1036 20.9658 21.6247 23.6762 22.2093 21.3689 19.1460 22.0870 19.6656 21.0826 22.6536 19.8819 20.0425 20.7995 17.6253 15.9695 11.5254 14.1337 15.6575 17.9259 15.3586 16.7616 16.2727 17.6540 15.7481 16.9414 15.8716 15.8117 14.7220 19.8352 20.4888 16.5328 16.1150 16.0957 17.3940 19.5572 14.4191 17.0417 17.0895 16.8876 18.8800 15.8582 16.8484 15.4462 13.6468 12.0750 12.7765 11.0839 11.8504 11.7802 9.2791 11.9322 12.6721 12.3666 11.6001 13.7246 12.7214 12.2896 12.2387 14.0717 11.1784 11.7188 12.1581 10.4493 10.7070 12.6197 12.2636 9.9319 11.5208 12.4567 11.8835 11.3107 9.4822 10.8858
25.2618 23.9918 23.9755 26.1464 23.9882 25.3365 26.0999 25.1788 26.6805 26.0298 26.6106 26.2020 25.7302 23.0299 23.9591 24.4713 26.2179 28.5361 25.6281 24.6879 23.7377 25.1287 25.2392 24.6998 27.3729 26.1859 24.0748 23.9831 25.0463 23.3342 5.0788 6.2913 0.0000 6.5978 4.8585 4.0141 9.2758 7.6622 2.2720 6.2084 6.5145 4.6009 5.2911 4.5672 5.5407 3.9380 4.6198 8.3633 5.0919 4.7524 5.1112 5.3479 8.0668 4.6407 6.3824 5.7813 6.4881 7.1925 3.8765 5.2353 22.7796 23.3042 22.1346 21.2116 21.8555 23.3372 22.2562 23.3652 23.0710 21.2752 21.1158 22.4614 21.1996 21.8938 24.8088 19.6070 21.0643 22.4886 23.2510 24.5286 22.8060 22.9388 20.1453 23.3410 20.7722 21.8805 23.7806 20.8041 21.4586 21.5734 18.6346 15.8467 12.6469 14.8972 15.2590 18.3306 14.9739 16.4714 16.6829 18.6156 13.3059 17.2218 15.5818 15.9855 15.0767 20.4860 21.2433 16.6906 16.6284 15.2851 16.9568 19.6294 14.6527 17.0707 17.3286 17.9728 19.6884 15.2303 17.0321 14.7216 14.7501 12.1962 14.5485 10.9207 12.5268 13.3762 8.6841 13.6916 12.0684 13.7132 12.6238 13.5570 12.3994 11.9962 14.0832 15.0488 11.2855 12.1994 11.1509 10.9914 11.8776 12.1992 13.8465 10.2507 11.7431 9.9907 11.2702 12.4762 9.7840 9.5455
25.4164 23.9328 23.8329 26.3243 24.1367 25.3609 26.4786 25.5603 26.9182 26.2607 26.9486 26.5663 26.2916 23.1122 23.8979 24.6656 26.8892 28.9341 25.9603 24.8269 23.9370 25.2068 25.4575 24.9500 27.5662 26.3579 24.3035 24.2173 25.2682 24.0375 4.1155 2.3797 6.5978 0.0000 4.0389 4.3854 5.5757 3.9505 5.4396 5.2792 4.3814 6.1011 4.6547 4.8131 4.5132 7.3904 4.7236 3.5164 5.6609 4.7724 3.4914 7.0393 4.0062 3.3954 4.5879 4.7802 5.2892 5.8513 5.8089 6.3396 22.0788 22.9739 21.6320 21.0887 21.2979 22.9226 21.4498 22.3605 22.8732 20.4198 20.7864 21.6148 20.6471 21.1139 24.3858 19.0628 20.6093 21.6566 22.2870 24.1408 22.6457 21.9659 19.9158 22.5687 20.3832 21.6356 23.1405 20.5313 20.5662 21.2888 18.2624 16.3316 12.1126 14.3374 16.0635 18.4702 15.5051 17.0789 16.9442 18.3014 15.6721 17.4267 16.2610 16.3292 15.2244 20.3883 21.1245 16.8871 16.6232 16.3817 17.9795 20.1028 15.0757 17.6424 17.5247 17.4086 19.4879 16.3583 17.3181 15.8365 14.4932 12.8597 13.3509 11.7666 12.2653 12.4298 9.9874 12.8061 13.3333 13.1879 12.2542 14.5367 13.5553 12.9310 13.1584 14.9243 11.8890 12.5130 12.8187 11.2302 11.4070 13.4105 13.0246 10.5582 12.2129 13.0359 12.4582 12.0157 10.2903 11.5232
