0.0000 6.7855 7.6565 2.0785 4.6536 5.5492 2.4633 3.3578 2.0911 4.0535 3.5939 2.2791 3.4645 4.6132 6.4074 6.0601 6.2728 7.2522 1.7641 3.9160 6.8448 2.4070 2.9588 6.4031 4.5027 3.5539 7.1005 3.7510 4.5095 4.8282 53.3599 53.4081 56.2070 57.4051 57.4073 54.1425 49.9185 48.7738 57.2958 51.7878 54.3836 56.8283 50.7435 55.8910 55.3506 57.7049 56.7026 51.3440 52.0023 55.3114 55.8073 56.3498 54.4285 56.0003 55.8234 52.5325 52.3544 51.2930 59.6111 49.7321 30.9112 24.8065 33.4236 33.6633 28.3948 26.9852 30.4761 30.1425 25.5776 33.7564 25.7974 33.0000 34.1614 34.5533 35.8447 28.7695 28.5485 30.9756 30.6161 20.1273 27.4732 30.4709 40.8576 24.9999 29.7665 32.3505 24.2012 33.9447 27.5306 29.4518 19.0409 21.4158 25.1210 21.5361 21.7788 16.8707 18.6834 18.0219 22.9792 16.4257 32.3725 19.8900 24.8911 27.8331 22.6928 12.3399 19.0828 18.3246 18.8631 19.6682 26.6863 14.2980 24.2092 21.6258 13.3822 19.9020 20.5934 17.1502 19.3639 23.8861 45.7065 51.3112 42.0175 59.3161 46.7515 51.6771 53.9221 47.5232 54.7534 47.4294 50.5598 52.5343 52.2275 54.3884 44.0590 48.3796 54.8075 50.0837 53.4209 46.4672 48.9834 49.0578 46.4220 56.6644 56.8907 58.1040 57.4241 49.4294 52.9960 56.1837
6.7855 0.0000 1.8007 5.3638 2.5675 4.3421 5.2756 7.1304 6.8551 3.5348 8.1016 7.0530 8.5061 3.9040 2.3205 2.4489 8.0092 9.3432 5.6736 3.2712 2.3541 4.9196 6.1909 1.9971 9.5134 9.7745 1.6175 5.6641 8.5469 6.1355 47.1378 47.2262 49.9342 51.1724 51.1344 47.9204 43.7366 42.5920 51.0229 45.5657 48.1873 50.5554 44.5214 49.6181 49.0777 51.4320 50.4297 45.1219 45.7802 49.0448 49.5344 50.0769 48.1556 49.7412 49.5505 46.3104 46.1323 45.0709 53.3382 43.5100 24.7317 18.6250 27.2187 27.4837 22.0496 20.7206 23.9609 23.8230 19.2665 27.3811 19.2822 26.6805 27.7861 28.2339 29.5411 22.5025 22.3283 24.7658 24.2967 13.9235 21.2297 24.1515 34.6780 18.7446 23.3912 26.0310 17.8582 27.6252 21.2737 23.2317 12.5137 14.9509 18.5938 15.1318 15.4280 10.3844 12.8818 12.1463 16.4519 10.2915 25.9012 13.4269 18.3639 21.3058 16.1753 8.2027 12.5958 11.7973 12.5432 13.3081 20.1925 8.6490 17.6892 15.1896 7.3601 13.4339 14.1345 10.8120 12.9488 17.4096 39.3574 44.9622 35.5285 52.9670 40.4024 45.3280 47.5731 41.1742 48.4043 41.0803 44.2107 46.1852 45.8784 48.0393 37.7100 42.0305 48.4585 43.7346 47.0718 40.1181 42.6343 42.7087 40.0729 50.3153 50.5416 51.7549 51.0751 43.0803 46.6470 49.8015
7.6565 1.8007 0.0000 6.0448 3.3647 4.7476 5.9937 7.8632 7.7416 4.3510 8.9784 7.9672 9.5997 4.8159 2.1688 2.7501 8.5691 10.1132 6.2781 4.1607 2.4150 5.9780 6.9858 2.8872 10.3113 10.5403 1.6885 6.3733 9.2607 6.8846 46.0385 46.0792 48.7841 49.9713 49.9844 46.8211 42.5862 41.4416 49.8729 44.4664 47.0369 49.4350 43.4221 48.4681 47.9277 50.2820 49.2796 44.0226 44.6809 47.9455 48.3844 48.9269 47.0095 48.5774 48.4433 45.2111 45.0330 43.9716 52.1881 42.4107 23.6049 17.4932 26.0919 26.3570 20.8975 19.5606 22.8670 22.6882 18.1233 26.1985 18.1409 25.5457 26.6268 27.0990 28.3904 21.3758 21.1741 23.6391 23.1619 12.7585 20.1030 23.0166 33.5873 17.5846 22.2301 24.8962 16.6982 26.4904 20.1137 22.0717 11.4055 13.8820 17.5197 14.0775 14.3226 9.3301 12.8331 11.9442 15.3438 9.9844 24.8423 12.3184 17.2875 20.1977 15.1179 8.0528 11.4678 10.6892 11.4719 13.0922 19.0976 8.9804 16.5738 14.0883 7.2398 12.3796 13.0261 10.0659 11.8468 16.3522 38.1532 43.7580 34.3655 51.7628 39.1982 44.1238 46.3688 39.9700 47.2001 39.8761 43.0065 44.9810 44.6742 46.8351 36.5058 40.8263 47.2543 42.5304 45.8676 38.9139 41.4301 41.5045 38.8687 49.1111 49.3374 50.5507 49.8709 41.8761 45.4427 48.6413
2.0785 5.3638 6.0448 0.0000 3.3340 4.9742 2.1464 3.1616 2.4802 2.4021 3.7209 3.3390 4.4758 2.8597 4.6289 4.7996 6.0485 7.1703 1.5420 3.0181 5.3980 2.5699 2.5647 4.9611 5.0194 4.6989 5.3999 3.0801 5.1287 4.1450 51.6289 51.6888 54.4990 55.6843 55.6993 52.4115 48.1747 47.0300 55.5878 50.0567 52.6629 55.1203 49.0125 54.1830 53.6426 55.9969 54.9946 49.6129 50.2712 53.6033 54.0993 54.6418 52.7204 54.2923 54.1154 50.8014 50.6233 49.5619 57.9030 48.0010 29.4961 23.4037 31.9831 32.2636 26.7593 25.4444 28.7421 28.5500 23.9851 32.0542 24.0099 31.4075 32.4886 32.9608 34.2522 27.2670 27.0653 29.5303 29.0237 18.6016 25.9942 28.8784 39.6124 23.4419 28.0919 30.7580 22.5599 32.3522 25.9710 27.9452 17.2438 19.5957 23.3239 19.7159 19.9460 15.0736 16.8519 16.2017 21.1821 14.6159 30.6696 18.0821 23.0940 26.0457 20.8957 10.4303 17.2730 16.5425 17.0101 17.8279 24.8893 12.4651 22.4121 19.8209 11.5621 18.1049 18.7836 15.3099 17.5592 22.0859 44.0058 49.6106 40.2315 57.6154 45.0508 49.9764 52.2215 45.8226 53.0527 45.7287 48.8591 50.8336 50.5268 52.6877 42.3584 46.6789 53.1069 48.3830 51.7202 44.7665 47.2827 47.3571 44.7213 54.9637 55.1900 56.4033 55.7235 47.7287 51.2954 54.4958
4.6536 2.5675 3.3647 3.3340 0.0000 5.4844 4.3776 5.4028 5.0360 2.8192 6.2911 4.7105 6.4557 2.9893 2.5115 3.1901 6.9369 8.1148 4.4404 2.5058 3.6385 3.3194 4.3287 3.4822 7.5734 7.4105 3.0959 4.2327 6.4142 5.1406 49.0623 49.1045 51.9141 53.1052 53.1144 49.8449 45.6139 44.4693 53.0029 47.4902 50.0837 52.5354 46.4459 51.5981 51.0577 53.4120 52.4097 47.0464 47.7047 51.0185 51.5144 52.0569 50.1356 51.7074 51.5305 48.2349 48.0568 46.9954 55.3182 45.4345 26.7266 20.6105 29.2136 29.4787 24.0886 22.7046 26.1700 25.8619 21.2971 29.4760 21.4914 28.7194 29.8810 30.2727 31.5641 24.5562 24.2966 26.7608 26.3356 15.8706 23.2255 26.1904 36.6730 20.7193 25.4861 28.0699 19.8950 29.6641 23.2500 25.2000 14.7507 17.1209 20.8308 17.2412 17.4770 12.5805 15.0229 14.4319 18.6890 12.5955 28.1220 15.5928 20.6009 23.5429 18.4026 9.7705 14.7857 14.0354 14.5229 15.3350 22.3961 10.5558 19.9190 17.3278 9.2371 15.6118 16.2963 12.8170 15.0667 19.5928 41.4449 47.0497 37.7302 55.0545 42.4899 47.4155 49.6606 43.2617 50.4918 43.1678 46.2982 48.2727 47.9659 50.1268 39.7975 44.1180 50.5460 45.8221 49.1593 42.2056 44.7218 44.7962 42.1604 52.4028 52.6291 53.8424 53.1626 45.1678 48.7345 51.9291
5.5492 4.3421 4.7476 4.9742 5.4844 0.0000 4.1241 6.0325 5.8522 3.9491 7.1827 6.0792 7.0849 4.2543 5.5994 4.5447 7.6467 8.2051 4.5813 3.9986 4.0441 4.9777 5.4995 4.0648 8.5579 8.6336 4.0744 5.1669 8.2029 5.4541 49.1526 49.2906 51.8856 53.1058 53.0388 49.9297 45.8010 44.6564 52.9588 47.5750 50.2517 52.5595 46.5307 51.5004 51.0249 53.2159 52.3872 47.1735 47.7895 51.0926 51.4811 51.9866 50.1181 51.7147 51.5961 48.3197 48.1416 47.0802 55.1173 45.5193 25.9957 19.9296 28.5468 28.7408 23.4997 22.0897 25.6801 25.3161 20.6821 28.9554 21.0744 28.1044 29.3604 29.6578 30.9491 23.9683 23.6716 26.0801 25.7232 15.2456 22.5777 25.6224 35.8775 20.1043 24.9655 27.4549 19.3211 29.1359 22.6351 24.5750 14.5441 17.1601 20.6995 17.3243 17.6756 12.6056 14.5159 13.7481 18.3752 12.0329 28.0150 15.6130 20.4888 23.1504 18.3082 8.2989 14.7102 13.6954 14.8043 15.5006 22.3729 10.2090 19.7891 17.4134 9.2727 15.6642 16.3292 13.0920 15.1964 19.5754 40.9510 46.5558 37.3049 54.5606 42.0114 46.9216 49.2526 42.7678 50.0797 42.6739 45.8043 47.7788 47.4720 49.6329 39.3036 43.6241 50.0521 45.3282 48.6654 41.7117 44.2279 44.3592 41.6665 51.9277 52.1352 53.3485 52.6687 44.6887 48.2406 51.3951
2.4633 5.2756 5.9937 2.1464 4.3776 4.1241 0.0000 3.4960 2.9093 2.5438 3.5134 3.9235 5.2001 3.4690 4.5379 4.8815 5.6480 6.4478 1.2808 3.0900 4.9379 3.6003 2.9545 5.1208 5.5507 5.0102 5.2887 2.6819 5.7533 3.6522 51.7272 51.7678 54.5734 55.7043 55.7736 52.5098 48.2186 47.0740 55.6621 50.1550 52.6897 55.1946 49.1108 54.2573 53.7170 56.0712 55.0689 49.7113 50.3696 53.6777 54.1736 54.7161 52.7948 54.3666 54.1897 50.8997 50.7216 49.6602 57.9774 48.0993 29.3583 23.2422 31.8453 32.1104 26.5894 25.3066 28.5791 28.3770 23.8199 31.9842 23.9004 31.2345 32.3761 32.7878 34.0808 27.1677 26.9275 29.3925 28.8506 18.4658 25.8564 28.7102 39.3873 23.2843 27.9812 30.5850 22.3979 32.1792 25.8134 27.8074 17.2542 19.6301 23.3343 19.7503 19.9843 15.0841 16.9414 16.2361 21.1925 14.6196 30.6735 18.0925 23.1045 26.0464 20.9061 10.4623 17.2290 16.5488 17.0714 17.9262 24.8997 12.4550 22.4225 19.8364 11.6344 18.1153 18.7431 15.4082 17.5697 22.1003 43.9619 49.5667 40.1612 57.5715 45.0069 49.9325 52.1775 45.7787 53.0088 45.6848 48.8152 50.7897 50.4829 52.6438 42.3144 46.6350 53.0630 48.3391 51.6763 44.7226 47.2388 47.3132 44.6774 54.9198 55.1461 56.4063 55.6795 47.6848 51.2514 54.5062
3.3578 7.1304 7.8632 3.1616 5.4028 6.0325 3.4960 0.0000 1.7149 4.4544 2.6346 2.4623 3.0085 3.8378 6.8230 6.5903 4.4369 5.5516 3.3746 4.9971 6.7709 4.7213 2.9365 6.7334 3.0895 3.8662 7.1361 2.6890 3.1680 3.4428 53.1239 53.2666 56.0768 57.2204 57.2771 53.8886 49.5110 48.3663 57.1656 51.4347 54.1990 56.6980 50.4691 55.7608 55.2204 57.5746 56.5723 50.9909 51.6492 55.1811 55.6771 56.2195 54.2982 55.8700 55.6932 52.2851 52.1624 50.9775 59.4808 49.3789 31.2607 25.1447 33.7478 34.0128 28.5262 27.2090 30.5245 30.3169 25.7583 33.8210 25.7631 33.1744 34.2555 34.7277 36.0191 29.0316 28.8299 31.2949 30.7906 20.3662 27.7588 30.6486 41.3531 25.1882 29.8589 32.5249 24.3268 34.1191 27.7173 29.7099 19.0030 21.3463 25.0831 21.3565 21.6568 16.8328 18.4050 17.9338 22.9413 16.3684 32.4626 19.8413 24.8563 27.8205 22.6549 12.1355 18.9905 18.3266 18.5033 19.4223 26.6484 14.0708 24.1728 21.5801 13.1720 19.8640 20.5011 16.8019 19.3184 23.8451 45.7235 51.3282 41.9646 59.3331 46.7684 51.6941 53.9391 47.5402 54.7704 47.4463 50.5768 52.5512 52.2445 54.4053 44.0760 48.3965 54.8245 50.1007 53.4379 46.4842 49.0004 49.0748 46.4390 56.6813 56.9077 58.1551 57.4411 49.4464 53.0130 56.2550
2.0911 6.8551 7.7416 2.4802 5.0360 5.8522 2.9093 1.7149 0.0000 3.9643 3.3794 2.1666 3.2710 3.4018 6.3555 6.3867 5.5206 6.7347 2.4989 4.2800 6.7849 3.4816 2.2326 6.5427 3.3533 3.7217 7.0060 3.1096 3.5307 4.1597 52.9767 53.1437 55.9296 57.1444 57.1298 53.7414 49.4520 48.3074 57.0183 51.3045 54.1230 56.5508 50.3219 55.6135 55.0731 57.4274 56.4251 50.8607 51.5190 55.0339 55.5298 56.0723 54.1510 55.7228 55.5459 52.1378 52.0151 50.8303 59.3336 49.2488 31.3465 25.2304 33.8335 34.0986 28.6065 27.2947 30.5549 30.3973 25.8324 33.8897 25.6431 33.2547 34.3358 34.8081 36.0994 29.1174 28.9157 31.3807 30.8709 20.4639 27.8445 30.7257 41.2929 25.2990 29.9392 32.6052 24.4127 34.1994 27.8281 29.7956 18.7781 21.1215 24.8612 21.1316 21.4704 16.6080 18.1878 17.7090 22.7206 16.1798 32.2203 19.6451 24.6390 27.6033 22.4300 11.8818 18.8369 18.1000 18.3620 19.1975 26.4336 13.9172 23.9556 21.3757 12.9471 19.6392 20.3475 16.5941 19.1179 23.6203 45.6274 51.2322 41.8186 59.2371 46.6724 51.5980 53.8431 47.4442 54.6743 47.3503 50.4808 52.4552 52.1485 54.3093 43.9800 48.3005 54.7285 50.0047 53.3418 46.3881 48.9044 48.9788 46.3429 56.5853 56.8116 58.0250 57.3451 49.3504 52.9170 56.0878
4.0535 3.5348 4.3510 2.4021 2.8192 3.9491 2.5438 4.4544 3.9643 0.0000 4.9364 4.0862 5.7591 1.6209 3.2370 3.4248 5.3142 6.9058 3.0013 2.0899 3.6600 2.8278 2.6772 3.5209 6.1862 6.7061 3.5222 2.6033 5.4638 3.4386 49.9088 50.0556 52.8616 54.0564 54.0619 50.6890 46.4617 45.3170 53.9504 48.3343 51.0349 53.4828 47.2900 52.5456 52.0052 54.3594 53.3571 47.8905 48.5488 51.9659 52.4619 53.0044 51.0830 52.6549 52.4780 49.0789 48.9472 47.8394 56.2656 46.2785 27.9092 21.8177 30.3944 30.6594 25.1353 23.8556 26.9429 26.8662 22.3629 30.3866 22.2107 29.7237 30.8047 31.2770 32.6267 25.6782 25.4765 27.9415 27.3398 17.0510 24.4104 27.2024 37.8871 21.8303 26.4081 29.1111 20.9439 30.6683 24.3594 26.3643 15.4638 17.8071 21.5443 17.8508 18.1359 13.2936 15.0140 14.3946 19.4020 12.8453 28.9134 16.3096 21.3140 24.2667 19.1157 8.4664 15.5024 14.7774 15.1807 15.9891 23.1092 10.6095 20.6321 18.0412 9.6972 16.3248 17.0130 13.4711 15.7835 20.3059 42.3517 47.9564 38.4619 55.9613 43.3966 48.3223 50.5673 44.1684 51.3986 44.0745 47.2050 49.1794 48.8727 51.0335 40.7042 45.0247 51.4527 46.7289 50.0661 43.1124 45.6286 45.7030 43.0672 53.3095 53.5359 54.7492 54.0693 46.0746 49.6412 52.8321
3.5939 8.1016 8.9784 3.7209 6.2911 7.1827 3.5134 2.6346 3.3794 4.9364 0.0000 3.7117 2.5837 5.0558 7.7107 7.7224 3.5095 4.5977 3.6671 5.6309 7.9376 5.6618 3.7673 7.8707 2.6124 4.9102 8.1857 3.3233 3.6333 2.8459 54.4179 54.5959 57.3708 58.5966 58.5711 55.1826 50.9613 49.8167 58.4596 52.8028 55.5752 57.9920 51.7631 57.0548 56.5144 58.8686 57.8663 52.3590 53.0173 56.4751 56.9711 57.5135 55.5922 57.1654 56.9872 53.5791 53.4564 52.3080 60.7748 50.7471 32.5811 26.4716 35.0682 35.3332 29.8327 28.5294 31.7237 31.5951 27.0495 35.0876 26.9235 34.4526 35.5337 36.0059 37.3241 30.3520 30.1503 32.6153 32.0687 21.7050 29.0792 31.9235 42.5293 26.5276 31.1370 33.8084 25.6412 35.3973 29.0567 31.0303 20.0906 22.4340 26.1757 22.4441 22.7939 17.9205 19.5352 19.0215 24.0351 17.5033 33.5409 20.9705 25.9535 28.9177 23.7425 13.1763 20.1604 19.4145 19.7425 20.5296 27.7571 15.2407 25.2700 22.6992 14.2832 20.9517 21.6710 17.9674 20.4414 24.9328 46.9819 52.5866 43.1441 60.5915 48.0268 52.9525 55.1975 48.7986 56.0288 48.7047 51.8352 53.8096 53.5029 55.6637 45.3344 49.6549 56.0829 51.3591 54.6963 47.7426 50.2588 50.3332 47.6974 57.9397 58.1661 59.3794 58.6995 50.7048 54.2714 57.4312
2.2791 7.0530 7.9672 3.3390 4.7105 6.0792 3.9235 2.4623 2.1666 4.0862 3.7117 0.0000 2.3062 4.1529 6.6891 6.4576 5.0820 6.3827 3.3855 4.2732 7.1018 2.6406 2.1217 6.7080 3.2882 3.0978 7.3709 2.5005 2.7074 3.6651 53.5431 53.6944 56.4960 57.6951 57.6962 54.3081 50.0852 48.9406 57.5847 51.9534 54.6737 57.1172 50.9091 56.1799 55.6395 57.9938 56.9915 51.5096 52.1679 55.6003 56.0962 56.6387 54.7174 56.2892 56.1123 52.7042 52.5815 51.4586 59.9000 49.8977 31.3829 25.2668 33.8699 34.1350 28.7288 27.3623 30.7758 30.5196 25.9547 34.1153 26.0971 33.3771 34.5203 34.9304 36.2218 29.1890 28.9691 31.4171 30.9932 20.5431 27.8810 30.8480 41.3293 25.3854 30.1254 32.7276 24.5294 34.3218 27.9145 29.8725 19.3412 21.6845 25.4213 21.7130 22.0177 17.1710 18.7773 18.2720 23.2794 16.7271 32.7002 20.1914 25.1914 28.1333 22.9931 12.4898 19.3842 18.6298 18.9918 19.8054 26.9866 14.4761 24.5095 21.9230 13.5592 20.2022 20.8948 17.2428 19.6653 24.1833 46.0809 51.6856 42.3327 59.6905 47.1258 52.0515 54.2965 47.8976 55.1278 47.8037 50.9342 52.9087 52.6019 54.7628 44.4334 48.7539 55.1819 50.4581 53.7953 46.8416 49.3578 49.4322 46.7964 57.0387 57.2651 58.4784 57.7985 49.8038 53.3704 56.5569
3.4645 8.5061 9.5997 4.4758 6.4557 7.0849 5.2001 3.0085 3.2710 5.7591 2.5837 2.3062 0.0000 5.7774 8.2943 7.8813 4.3989 5.5167 4.8163 5.6313 8.7129 4.4454 3.7520 8.1243 2.5125 4.2714 8.9704 3.9106 2.4782 3.7500 55.0103 55.2502 57.9346 59.2509 59.1494 55.7598 51.6541 50.5095 59.0234 53.4051 56.2295 58.5948 52.3608 57.6186 57.0925 59.4324 58.4301 53.0266 53.6196 57.1003 57.5989 58.0773 56.1560 57.8197 57.6182 54.1498 54.0202 52.9103 61.3386 51.3494 33.0160 26.9367 35.5538 35.7680 30.4445 29.0780 32.4666 32.2353 27.6704 35.7278 27.7082 35.0928 36.1738 36.6461 37.9375 30.8025 30.6786 33.0857 32.7089 22.2526 29.5739 32.5637 42.9624 27.0949 31.7772 34.4433 26.2479 36.0375 29.6240 31.5820 20.8595 23.2208 26.8679 23.1756 23.5816 18.6693 20.2530 19.7186 24.7988 18.2910 34.1506 21.7552 26.7082 29.6644 24.4397 14.0667 20.9481 20.0938 20.5688 21.2717 28.5448 16.0530 26.0415 23.4869 15.0554 21.7098 22.4587 18.7558 21.2291 25.6299 47.6490 53.2537 43.9139 61.2586 48.6940 53.6196 55.8646 49.4657 56.6959 49.3719 52.5023 54.4768 54.1700 56.3309 46.0015 50.3221 56.7500 52.0262 55.3634 48.4097 50.9259 51.0003 48.3645 58.6069 58.8332 60.0465 59.3666 51.3719 54.9385 58.0931
4.6132 3.9040 4.8159 2.8597 2.9893 4.2543 3.4690 3.8378 3.4018 1.6209 5.0558 4.1529 5.7774 0.0000 4.1786 3.9558 5.9395 7.0085 3.8386 3.0663 3.9022 3.5018 2.9189 3.4407 6.1676 6.5882 3.8014 3.1307 5.3508 3.4996 49.7800 49.9529 52.7328 53.9536 53.9331 50.5446 46.2917 45.1471 53.8216 48.1383 50.9322 53.3541 47.1252 52.4168 51.8764 54.2307 53.2284 47.6945 48.3528 51.8372 52.3331 52.8756 50.9543 52.5261 52.3492 48.9411 48.8184 47.6435 56.1369 46.0826 28.1559 22.0600 30.6429 30.9080 25.3976 24.1042 27.2645 27.1518 22.6144 30.6468 22.3375 30.0093 31.0904 31.5627 32.8890 25.9268 25.7251 28.1901 27.6255 17.2933 24.6540 27.4803 38.1023 22.0925 26.6938 29.3733 21.2062 30.9540 24.6216 26.6066 15.4780 17.8213 21.5671 17.8344 18.1761 13.3078 14.9001 14.4088 19.4265 12.8855 28.9422 16.3569 21.3449 24.3091 19.1334 8.5426 15.5426 14.8062 15.0982 15.9015 23.1393 10.6230 20.6615 18.0815 9.6469 16.3390 17.0533 13.3244 15.8237 20.3201 42.3842 47.9890 38.5304 55.9938 43.4292 48.3548 50.5999 44.2010 51.4311 44.1071 47.2376 49.2120 48.9052 51.0661 40.7368 45.0573 51.4853 46.7614 50.0986 43.1449 45.6611 45.7356 43.0997 53.3421 53.5684 54.7817 54.1019 46.1071 49.6738 52.8387
6.4074 2.3205 2.1688 4.6289 2.5115 5.5994 4.5379 6.8230 6.3555 3.2370 7.7107 6.6891 8.2943 4.1786 0.0000 2.2404 6.8783 9.2522 4.9641 3.0567 2.4588 4.7433 5.3286 3.0561 8.6556 9.2521 1.9364 4.6963 7.6241 5.7955 47.3396 47.3802 50.1346 51.2704 51.3348 48.1222 43.8360 42.6913 51.2233 45.7674 48.2886 50.7558 44.7232 49.8185 49.2781 51.6324 50.6301 45.3237 45.9820 49.2466 49.7348 50.2773 48.3560 49.9278 49.7509 46.5121 46.3340 45.2726 53.5386 43.7117 25.0980 19.1060 27.5850 27.9500 22.3004 21.0462 24.1994 24.0700 19.5536 27.6042 19.4140 26.9275 28.0086 28.4809 29.7918 22.8688 22.6671 25.1321 24.5437 14.2312 21.5976 24.4318 35.2988 18.9953 23.6127 26.2780 18.1345 27.8722 21.5261 23.5471 12.7248 15.1518 18.8308 15.3190 15.5534 10.5875 13.1649 12.3404 16.6630 10.4347 26.2090 13.5883 18.5750 21.5169 16.3878 8.2631 12.7045 12.0480 12.6406 13.6420 20.3702 9.1394 17.8931 15.3582 7.9254 13.6211 14.2446 11.2581 13.0914 17.6221 39.4806 45.0854 35.6436 53.0903 40.5256 45.4512 47.6963 41.2974 48.5275 41.2035 44.3340 46.3084 46.0017 48.1625 37.8332 42.1537 48.5817 43.8579 47.1950 40.2413 42.7576 42.8320 40.1961 50.4385 50.6648 51.9201 51.1983 43.2036 46.7702 50.0200
6.0601 2.4489 2.7501 4.7996 3.1901 4.5447 4.8815 6.5903 6.3867 3.4248 7.7224 6.4576 7.8813 3.9558 2.2404 0.0000 6.8181 8.8525 4.9304 2.4591 4.0079 4.1981 5.8120 1.6863 9.0837 9.1607 3.1883 5.2255 8.0123 5.8077 47.7749 47.8458 50.5134 51.7134 51.6930 48.5575 44.3562 43.2115 51.5866 46.2028 48.8068 51.1713 45.1585 50.1767 49.6527 51.9906 51.0149 45.7590 46.4173 49.6819 50.0930 50.6355 48.7459 50.2860 50.1797 46.9474 46.7694 45.7080 53.8967 44.1471 25.1446 19.0553 27.6725 27.8967 22.5994 21.2124 24.6496 24.3697 19.8049 27.9510 20.0440 27.2272 28.3560 28.7805 30.0719 22.9542 22.7973 25.2044 24.8434 14.3713 21.7005 24.6981 35.0910 19.2271 23.9611 26.5777 18.4058 28.1719 21.7578 23.7007 13.2095 15.7138 19.3514 15.9009 16.1796 11.1535 13.3218 12.3957 17.1478 10.6271 26.6183 14.1837 19.1193 22.0017 16.9497 7.9923 13.3331 12.4932 13.2948 14.3492 20.9453 9.5782 18.3831 15.9464 8.7168 14.2030 14.8914 11.9653 13.7004 18.1840 39.9037 45.5085 36.1920 53.5133 40.9487 45.8743 48.1193 41.7205 48.9506 41.6266 44.7570 46.7315 46.4247 48.5856 38.2563 42.5768 49.0048 44.2809 47.6181 40.6644 43.1806 43.2550 40.6192 50.8616 51.0879 52.3012 51.6214 43.6266 47.1932 50.3582
6.2728 8.0092 8.5691 6.0485 6.9369 7.6467 5.6480 4.4369 5.5206 5.3142 3.5095 5.0820 4.3989 5.9395 6.8783 6.8181 0.0000 3.4379 5.9048 5.9111 7.3387 6.3808 4.8648 6.9843 3.5978 7.8979 7.8328 3.4034 4.1906 3.0749 53.2793 53.4219 56.2321 57.3374 57.4324 54.0440 49.7251 48.6044 57.3209 51.6871 54.3485 56.8534 50.6429 55.9161 55.3757 57.7300 56.7277 51.2434 51.9017 55.3365 55.8324 56.3749 54.4536 56.0254 55.8485 52.4404 52.3177 51.1923 59.6362 49.6314 31.3568 25.2706 33.8438 34.1305 28.5453 27.3051 30.5163 30.3328 25.8364 33.8991 25.7553 33.1903 34.2714 34.7608 36.0350 29.1277 28.9260 31.3910 30.8065 20.4660 27.8549 30.7267 41.4793 25.2516 29.9076 32.5408 24.4003 34.1350 27.7849 29.8059 19.0210 21.3644 25.1592 21.3904 21.6748 16.8509 18.4743 17.9519 22.9593 16.3864 32.5179 19.8593 24.8713 27.8135 22.6729 12.1294 18.9702 18.3819 18.6184 19.4828 26.6665 14.0697 24.1893 21.5981 13.2366 19.8821 20.5099 16.9411 19.3365 23.8631 45.7023 51.3071 41.9193 59.3119 46.7473 51.6729 53.9180 47.5191 54.7492 47.4252 50.5556 52.5301 52.2233 54.3842 44.0549 48.3754 54.8034 50.0795 53.4167 46.4630 48.9792 49.0536 46.4178 56.6628 56.8865 58.1724 57.4200 49.4252 52.9919 56.2723
7.2522 9.3432 10.1132 7.1703 8.1148 8.2051 6.4478 5.5516 6.7347 6.9058 4.5977 6.3827 5.5167 7.0085 9.2522 8.8525 3.4379 0.0000 6.9894 7.5456 9.2111 7.9588 6.7228 8.9673 5.0078 9.0447 9.4992 5.4061 6.4976 4.3987 55.7944 55.8889 58.6991 59.8685 59.8994 56.5770 52.3242 51.1796 59.7879 54.2223 56.8470 59.3204 53.1780 58.3831 57.8427 60.1970 59.1947 53.7785 54.4368 57.8035 58.2994 58.8419 56.9206 58.4924 58.3155 54.9669 54.7888 53.7274 62.1032 52.1665 33.6380 27.5219 36.1250 36.3901 30.9051 29.5863 32.8843 32.6959 28.1310 36.2426 28.1945 35.5533 36.6476 37.1067 38.3980 31.4089 31.2072 33.6722 33.1695 22.7435 30.1361 33.0243 43.5844 27.5832 32.2526 34.9038 26.7057 36.4980 30.1123 32.0871 21.4650 23.8083 27.5451 23.9025 24.1237 19.2948 21.0153 20.3958 25.4033 18.8304 34.8810 22.3032 27.3152 30.2572 25.1169 14.6131 21.4782 20.7534 21.1662 22.0001 29.1104 16.6357 26.6333 24.0421 15.7487 22.3260 22.9888 19.4820 21.7804 26.3071 48.2045 53.8092 44.4264 61.8141 49.2494 54.1751 56.4201 50.0212 57.2514 49.9273 53.0578 55.0322 54.7255 56.8863 46.5570 50.8775 57.3055 52.5817 55.9189 48.9652 51.4814 51.5558 48.9200 59.1623 59.3887 60.6105 59.9221 51.9274 55.4940 58.7104
1.7641 5.6736 6.2781 1.5420 4.4404 4.5813 1.2808 3.3746 2.4989 3.0013 3.6671 3.3855 4.8163 3.8386 4.9641 4.9304 5.9048 6.9894 0.0000 3.1513 5.3735 2.6170 2.9618 5.2512 5.1993 4.3842 5.6680 3.2167 5.6883 4.2794 52.0546 52.0952 54.8795 56.0462 56.0798 52.8372 48.5818 47.4372 55.9683 50.4824 53.0325 55.5007 49.4382 54.5634 54.0231 56.3773 55.3750 50.0387 50.6970 53.9838 54.4797 55.0222 53.1009 54.6727 54.4958 51.2271 51.0490 49.9876 58.2835 48.4267 29.6947 23.5786 32.1817 32.4468 26.9949 25.6429 29.0129 28.7856 24.2208 32.3426 24.3335 31.6431 32.7476 33.1964 34.4878 27.4656 27.2639 29.7289 29.2593 18.8178 26.1927 29.1141 39.7160 23.6601 28.3527 30.9936 22.7955 32.5878 26.1892 28.1472 17.6122 20.0093 23.6923 20.1295 20.3581 15.4450 17.3153 16.6153 21.5504 14.9776 31.0071 18.4504 23.4624 26.4043 21.2641 10.8976 17.6228 16.8995 17.4637 18.3001 25.2576 12.8647 22.7805 20.2156 12.0082 18.4751 19.1334 15.7821 17.9489 22.4795 44.3092 49.9140 40.5700 57.9188 45.3542 50.2798 52.5249 46.1260 53.3561 46.0321 49.1625 51.1370 50.8302 52.9911 42.6618 46.9823 53.4103 48.6864 52.0236 45.0699 47.5861 47.6605 45.0247 55.2671 55.4934 56.7178 56.0269 48.0321 51.5988 54.8177
3.9160 3.2712 4.1607 3.0181 2.5058 3.9986 3.0900 4.9971 4.2800 2.0899 5.6309 4.2732 5.6313 3.0663 3.0567 2.4591 5.9111 7.5456 3.1513 0.0000 3.4899 2.1689 3.5290 3.0163 6.8076 6.9200 3.6703 3.2450 5.8760 4.2408 50.0017 50.0898 52.7402 53.9049 53.8934 50.7844 46.6002 45.4555 53.8134 48.4296 51.0508 53.3982 47.3853 52.3550 51.8796 54.1622 53.2418 47.9858 48.6441 51.9087 52.2947 52.8412 50.9727 52.5138 52.4065 49.1743 48.9962 47.9348 56.0684 46.3739 27.4110 21.3065 29.9236 30.1630 24.8217 23.4467 26.8468 26.6040 22.0392 30.0965 22.1487 29.4615 30.5426 31.0148 32.3062 25.1818 25.0484 27.4555 27.0777 16.6225 23.9437 26.9324 37.3573 21.4647 26.1459 28.8120 20.6281 30.4062 23.9938 25.9518 15.3538 17.8837 21.5019 18.1033 18.3992 13.3559 15.2948 14.5271 19.2431 12.7947 28.8332 16.3514 21.2698 24.0970 19.1002 9.2968 15.5007 14.5885 15.5144 16.2796 23.1129 10.9155 20.5405 18.1369 10.1285 16.4054 17.0590 13.7616 15.9200 20.3543 42.0407 47.6454 38.3169 55.6503 43.0856 48.0112 50.2563 43.8574 51.0876 43.7635 46.8940 48.8684 48.5617 50.7225 40.3932 44.7137 51.1417 46.4179 49.7550 42.8014 45.3176 45.3920 42.7561 52.9985 53.2248 54.4382 53.7583 45.7636 49.3302 52.4848
6.8448 2.3541 2.4150 5.3980 3.6385 4.0441 4.9379 6.7709 6.7849 3.6600 7.9376 7.1018 8.7129 3.9022 2.4588 4.0079 7.3387 9.2111 5.3735 3.4899 0.0000 5.1746 5.6720 3.4211 9.0645 9.6744 1.3314 4.9995 8.0530 5.6616 47.0050 47.0457 49.7817 50.9167 50.9820 47.7876 43.5006 42.3559 50.8705 45.4329 47.9540 50.4029 44.3886 49.4657 48.9253 51.2795 50.2772 44.9891 45.6474 48.9120 49.3820 49.9244 48.0031 49.5749 49.4098 46.1776 45.9995 44.9381 53.1857 43.3772 24.7414 18.8696 27.2188 27.7016 21.9164 20.6801 23.7862 23.6668 19.1874 27.2188 18.9953 26.5243 27.6054 28.0805 29.4078 22.5117 22.3085 24.8545 24.1405 13.8832 21.3557 24.0465 35.0442 18.6292 23.2274 25.8922 17.7683 27.4690 21.1630 23.1964 12.3163 14.7617 18.4432 14.9777 15.2121 10.2303 12.7095 11.9739 16.2546 10.0162 25.8639 13.1981 18.1672 21.1085 15.9976 7.2665 12.2953 11.6732 12.2992 13.1540 19.9773 8.1142 17.4846 14.9680 6.8794 13.2797 13.8536 10.6360 12.7469 17.2319 39.0782 44.6829 35.2311 52.6878 40.1231 45.0488 47.2938 40.8949 48.1251 40.8011 43.9315 45.9060 45.5992 47.7601 37.4307 41.7513 48.1792 43.4554 46.7926 39.8389 42.3551 42.4295 39.7937 50.0360 50.2624 51.5185 50.7958 42.8011 46.3677 49.6184
2.4070 4.9196 5.9780 2.5699 3.3194 4.9777 3.6003 4.7213 3.4816 2.8278 5.6618 2.6406 4.4454 3.5018 4.7433 4.1981 6.3808 7.9588 2.6170 2.1689 5.1746 0.0000 3.0416 4.5409 5.5578 5.0734 5.4421 3.6691 5.0029 4.8409 51.7225 51.8220 54.5443 55.7937 55.7446 52.5051 48.3324 47.1878 55.6331 50.1504 52.7831 55.1656 49.1061 54.2283 53.6879 56.0422 55.0399 49.7066 50.3649 53.6487 54.1446 54.6871 52.7658 54.3625 54.1609 50.8951 50.7170 49.6556 57.9484 48.0947 29.2392 23.1316 31.7487 31.9913 26.6813 25.2880 28.7827 28.4453 23.8805 32.0795 24.1041 31.3028 32.4845 32.8561 34.1475 27.0954 26.8735 29.2806 28.9190 18.4475 25.7761 28.7737 39.1856 23.3027 28.0896 30.6533 22.4877 32.2599 25.8334 27.7769 17.3245 19.7427 23.4000 19.8423 20.1496 15.1558 17.0339 16.3261 21.2639 14.7560 30.6473 18.2203 23.1732 26.1124 20.9718 10.7192 17.4131 16.6035 17.2648 18.0187 25.0098 12.6659 22.5065 19.9814 11.7268 18.1859 18.9263 15.5007 17.7185 22.1903 44.0489 49.6537 40.3435 57.6585 45.0939 50.0195 52.2645 45.8656 53.0958 45.7718 48.9022 50.8767 50.5699 52.7308 42.4014 46.7220 53.1500 48.4261 51.7633 44.8096 47.3258 47.4002 44.7644 55.0068 55.2331 56.4464 55.7665 47.7718 51.3384 54.4930
2.9588 6.1909 6.9858 2.5647 4.3287 5.4995 2.9545 2.9365 2.2326 2.6772 3.7673 2.1217 3.7520 2.9189 5.3286 5.8120 4.8648 6.7228 2.9618 3.5290 5.6720 3.0416 0.0000 5.9721 4.1171 4.4989 5.9721 2.0021 3.4741 2.9176 52.0153 52.1579 54.9682 56.1519 56.1684 52.7800 48.4204 47.2844 56.0569 50.3040 53.1304 55.5894 49.3605 54.6521 54.1117 56.4660 55.4637 49.8602 50.5185 54.0725 54.5684 55.1109 53.1896 54.7614 54.5845 51.1764 51.0537 49.8689 58.3722 48.2483 30.4133 24.3598 32.8898 33.1918 27.5749 26.3495 29.3349 29.2813 24.8569 32.8521 24.4475 32.1388 33.2198 33.7284 35.0585 28.1722 27.9805 30.4355 29.7549 19.5551 26.9145 29.6797 40.5320 24.3012 28.8724 31.5428 23.4378 33.0834 26.8349 28.8683 17.6488 19.9922 23.8031 20.0078 20.3099 15.4786 17.0671 16.5797 21.5999 15.0193 31.1914 18.4967 23.5183 26.4825 21.3068 10.6274 17.6785 17.0555 17.1749 18.0749 25.2943 12.7567 22.8349 20.2259 11.8178 18.5099 19.1870 15.4257 17.9642 22.4913 44.5796 50.1843 40.6668 58.1892 45.6245 50.5502 52.7952 46.3963 53.6265 46.3024 49.4329 51.4073 51.1006 53.2614 42.9321 47.2526 53.6806 48.9568 52.2940 45.3403 47.8565 47.9309 45.2951 55.5374 55.7638 56.9771 56.2972 48.3025 51.8691 55.0711
6.4031 1.9971 2.8872 4.9611 3.4822 4.0648 5.1208 6.7334 6.5427 3.5209 7.8707 6.7080 8.1243 3.4407 3.0561 1.6863 6.9843 8.9673 5.2512 3.0163 3.4211 4.5409 5.9721 0.0000 9.2490 9.3553 2.7396 5.3937 8.1751 5.9247 47.3535 47.4284 50.1007 51.3254 51.3009 48.1361 43.9388 42.7941 51.1894 45.7814 48.3894 50.7499 44.7371 49.7846 49.2442 51.5985 50.5962 45.3376 45.9959 49.2605 49.7009 50.2434 48.3245 49.8942 49.7583 46.5260 46.3480 45.2865 53.5047 43.7257 24.9566 18.8405 27.4436 27.7087 22.3211 20.9537 24.3462 24.1110 19.5462 27.6199 19.6600 26.9685 28.0496 28.5218 29.8132 22.7274 22.5588 24.9908 24.5847 14.1329 21.4546 24.4394 34.9030 18.9751 23.6529 26.3190 18.1275 27.9132 21.5042 23.4622 12.8336 15.3084 18.9461 15.4423 15.7250 10.7441 12.6338 11.9144 16.7718 10.2451 26.1812 13.7824 18.7139 21.6257 16.5443 6.9599 12.9318 12.1172 12.8402 13.6186 20.5440 8.5173 18.0019 15.5451 8.0094 13.7742 14.4901 11.2200 13.2823 17.7786 39.5690 45.1738 35.8377 53.1786 40.6140 45.5396 47.7847 41.3858 48.6159 41.2919 44.4224 46.3968 46.0900 48.2509 37.9216 42.2421 48.6701 43.9462 47.2834 40.3297 42.8459 42.9204 40.2845 50.5269 50.7532 51.9665 51.2867 43.2919 46.8586 50.0195
4.5027 9.5134 10.3113 5.0194 7.5734 8.5579 5.5507 3.0895 3.3533 6.1862 2.6124 3.2882 2.5125 6.1676 8.6556 9.0837 3.5978 5.0078 5.1993 6.8076 9.0645 5.5578 4.1171 9.2490 0.0000 4.5693 9.4885 4.2563 2.6699 3.9751 55.5496 55.6922 58.5024 59.6438 59.7027 56.3143 51.9129 50.7763 59.5912 53.8389 56.6223 59.1237 52.8948 58.1864 57.6460 60.0003 58.9980 53.3951 54.0534 57.6068 58.1027 58.6452 56.7239 58.2957 58.1188 54.7107 54.5880 53.4032 61.9065 51.7832 33.7452 27.6440 36.2322 36.5039 30.9397 29.6935 32.8470 32.7169 28.2008 36.2590 28.0598 35.5744 36.6554 37.1277 38.4311 31.5161 31.3144 33.7794 33.1905 22.8543 30.2433 33.0867 43.8528 27.6400 32.2675 34.9249 26.7817 36.5191 30.1733 32.1943 21.3164 23.6598 27.4305 23.6699 23.9703 19.1463 20.7202 20.2473 25.2547 18.6818 34.8159 22.1547 27.1715 30.1357 24.9683 14.3715 21.3017 20.6799 20.8071 21.7358 28.9619 16.3820 26.4880 23.8935 15.4854 22.1775 22.8123 19.0939 21.6319 26.1585 48.1138 53.7185 44.2775 61.7234 49.1587 54.0844 56.3294 49.9305 57.1607 49.8366 52.9671 54.9415 54.6348 56.7957 46.4663 50.7868 57.2148 52.4910 55.8282 48.8745 51.3907 51.4651 48.8293 59.0716 59.2980 60.5478 59.8314 51.8367 55.4033 58.6477
3.5539 9.7745 10.5403 4.6989 7.4105 8.6336 5.0102 3.8662 3.7217 6.7061 4.9102 3.0978 4.2714 6.5882 9.2521 9.1607 7.8979 9.0447 4.3842 6.9200 9.6744 5.0734 4.4989 9.3553 4.5693 0.0000 9.9339 5.1139 3.8960 6.2099 55.9541 56.0972 58.9070 60.0979 60.1073 56.7188 52.3581 51.2305 59.9958 54.2345 57.0765 59.5282 53.2993 58.5910 58.0506 60.4048 59.4025 53.7908 54.4491 58.0113 58.5073 59.0497 57.1284 58.7002 58.5234 55.1153 54.9926 53.8077 62.3110 52.1788 34.0382 27.9221 36.5252 36.7903 31.3558 29.9964 33.3809 33.1460 28.5812 36.6676 28.6661 36.0035 37.0846 37.5568 38.8482 31.8091 31.6074 34.0724 33.6197 23.1605 30.5363 33.4744 44.0021 28.0034 32.6879 35.3540 27.1622 36.9482 30.5341 32.4899 21.8631 24.2064 27.9443 24.2166 24.5314 19.6929 21.2708 20.7939 25.8037 19.2408 35.2914 22.7051 27.7221 30.6863 25.5150 15.0229 21.8979 21.1831 21.3964 22.2825 29.5085 16.9782 27.0386 24.4402 16.0321 22.7242 23.4086 19.6372 22.1790 26.7052 48.6093 54.2140 44.8777 62.2189 49.6542 54.5799 56.8249 50.4260 57.6562 50.3322 53.4626 55.4371 55.1303 57.2912 46.9618 51.2824 57.7103 52.9865 56.3237 49.3700 51.8862 51.9606 49.3248 59.5671 59.7935 61.0068 60.3269 52.3322 55.8988 59.0936
7.1005 1.6175 1.6885 5.3999 3.0959 4.0744 5.2887 7.1361 7.0060 3.5222 8.1857 7.3709 8.9704 3.8014 1.9364 3.1883 7.8328 9.4992 5.6680 3.6703 1.3314 5.4421 5.9721 2.7396 9.4885 9.9339 0.0000 5.6227 8.4902 5.9958 46.6814 46.7281 49.4947 50.6913 50.6950 47.4640 43.2385 42.0939 50.5835 45.1093 47.6892 50.1159 44.0650 49.1787 48.6383 50.9925 49.9902 44.6655 45.3238 48.5990 49.0950 49.6375 47.7161 49.2879 49.1111 45.8539 45.6759 44.6144 52.8987 43.0536 24.5497 18.4581 27.0261 27.2984 21.7710 20.4821 23.5604 23.4965 18.9878 26.9889 18.7378 26.3540 27.4350 27.9106 29.2624 22.2936 22.1168 24.5692 23.9701 13.6915 21.0508 23.8249 34.5728 18.4859 23.0389 25.7467 17.5819 27.2986 21.0155 23.0047 11.9827 14.3914 18.0628 14.5959 14.8504 9.8485 12.2723 11.5368 15.9210 9.6452 25.4579 12.8372 17.8329 20.7749 15.6346 7.0852 12.0232 11.2664 11.9657 12.7722 19.6281 7.9132 17.1510 14.6000 6.7506 12.8979 13.5449 10.2542 12.3712 16.8616 38.8643 44.4690 34.9618 52.4739 39.9092 44.8349 47.0799 40.6810 47.9112 40.5871 43.7176 45.6920 45.3853 47.5461 37.2168 41.5373 47.9653 43.2415 46.5787 39.6250 42.1412 42.2156 39.5798 49.8221 50.0485 51.2618 50.5819 42.5872 46.1538 49.3429
3.7510 5.6641 6.3733 3.0801 4.2327 5.1669 2.6819 2.6890 3.1096 2.6033 3.3233 2.5005 3.9106 3.1307 4.6963 5.2255 3.4034 5.4061 3.2167 3.2450 4.9995 3.6691 2.0021 5.3937 4.2563 5.1139 5.6227 0.0000 3.3583 1.9166 51.5030 51.6224 54.4326 55.5172 55.6329 52.2856 47.9481 46.8481 55.5214 49.9309 52.5490 55.0538 48.8866 54.1166 53.5762 55.9304 54.9281 49.4871 50.1454 53.5369 54.0329 54.5753 52.6540 54.2258 54.0490 50.6755 50.5182 49.4360 57.8366 47.8751 29.5464 23.6494 32.0334 32.5092 26.7229 25.4947 28.6772 28.5137 24.0140 32.0767 23.8700 31.3711 32.4522 32.9384 34.2158 27.3292 27.1156 29.6683 28.9873 18.6638 26.1568 28.9043 39.8779 23.4412 28.0852 30.7216 22.5829 32.3158 25.9745 27.9955 17.1841 19.5274 23.3190 19.5968 19.8379 15.0139 16.6974 16.1149 21.1224 14.5495 30.6871 18.0224 23.0343 25.9859 20.8360 10.2825 17.1140 16.5661 16.8248 17.6892 24.8295 12.2760 22.3524 19.7612 11.4429 18.0452 18.6730 15.1556 17.4995 22.0262 43.8739 49.4786 40.0710 57.4835 44.9189 49.8445 52.0895 45.6906 52.9208 45.5968 48.7272 50.7017 50.3955 52.5558 42.2264 46.5470 52.9749 48.2511 51.6048 44.6346 47.1508 47.2252 44.5894 54.8551 55.0581 56.3646 55.5915 47.5968 51.1634 54.4645
4.5095 8.5469 9.2607 5.1287 6.4142 8.2029 5.7533 3.1680 3.5307 5.4638 3.6333 2.7074 2.4782 5.3508 7.6241 8.0123 4.1906 6.4976 5.6883 5.8760 8.0530 5.0029 3.4741 8.1751 2.6699 3.8960 8.4902 3.3583 0.0000 3.4874 54.2769 54.4195 57.2298 58.3757 58.4300 55.0416 50.6101 49.5082 58.3185 52.5315 55.3543 57.8510 51.6221 56.9137 56.3733 58.7276 57.7253 52.0878 52.7460 56.3341 56.8300 57.3725 55.4512 57.0230 56.8461 53.4380 53.3153 52.1305 60.6338 50.4758 32.6290 26.5835 35.1160 35.4434 29.8403 28.5773 31.8169 31.6310 27.1089 35.1716 26.9486 34.4885 35.5696 36.0419 37.3332 30.3999 30.1982 32.6632 32.1047 21.7345 29.1271 31.9993 42.7923 26.5238 31.1801 33.8390 25.6728 35.4332 29.0571 31.0781 20.1564 22.4998 26.2787 22.5136 22.8103 17.9863 19.5729 19.0873 24.1057 17.5218 33.6671 21.0025 26.0242 28.9884 23.8127 13.2672 20.1465 19.5311 19.6471 20.5808 27.8019 15.2266 25.3407 22.7336 14.3254 21.0175 21.6569 17.9305 20.4719 24.9986 46.9154 52.5201 43.1348 60.5250 47.9603 52.8860 55.1310 48.7321 55.9623 48.6382 51.7687 53.7432 53.4364 55.5973 45.2679 49.5884 56.0164 51.2926 54.6298 47.6761 50.1923 50.2667 47.6309 57.8732 58.0996 59.3448 58.6330 50.6383 54.2049 57.4447
4.8282 6.1355 6.8846 4.1450 5.1406 5.4541 3.6522 3.4428 4.1597 3.4386 2.8459 3.6651 3.7500 3.4996 5.7955 5.8077 3.0749 4.3987 4.2794 4.2408 5.6616 4.8409 2.9176 5.9247 3.9751 6.2099 5.9958 1.9166 3.4874 0.0000 52.0372 52.1386 54.9488 56.1368 56.1491 52.8198 48.5857 47.4410 56.0376 50.4651 53.1154 55.5701 49.4208 54.6328 54.0924 56.4467 55.4444 50.0213 50.6796 54.0532 54.5491 55.0916 53.1703 54.7421 54.5652 51.2097 51.0344 49.9702 58.3529 48.4094 30.3016 24.2569 32.7852 33.0889 27.5224 26.2464 29.3913 29.2811 24.7538 32.7934 24.4474 32.1386 33.2196 33.6919 35.0138 28.0690 27.8687 30.3323 29.7547 19.4433 26.8027 29.6211 40.4377 24.2173 28.8230 31.4981 23.3347 33.0832 26.7464 28.7566 17.6225 19.9658 23.7067 20.0531 20.2878 15.4523 17.1783 16.5533 21.5607 14.9972 31.0823 18.4615 23.4727 26.4318 21.2744 10.6856 17.6543 16.9463 17.3318 18.1470 25.2679 12.8050 22.7908 20.1996 11.8993 18.4835 19.1650 15.6290 17.9379 22.4646 44.4765 50.0812 40.6203 58.0861 45.5214 50.4471 52.6921 46.2932 53.5234 46.1993 49.3298 51.3042 50.9975 53.1583 42.8290 47.1495 53.5775 48.8537 52.1909 45.2372 47.7534 47.8278 45.1920 55.4343 55.6607 56.8740 56.1941 48.1994 51.7660 54.9637
53.3599 47.1378 46.0385 51.6289 49.0623 49.1526 51.7272 53.1239 52.9767 49.9088 54.4179 53.5431 55.0103 49.7800 47.3396 47.7749 53.2793 55.7944 52.0546 50.0017 47.0050 51.7225 52.0153 47.3535 55.5496 55.9541 46.6814 51.5030 54.2769 52.0372 0.0000 1.3348 4.9198 5.0225 4.9038 1.9607 5.5294 5.0539 4.8960 3.4688 3.4613 4.1514 2.7338 4.9947 3.1328 6.4863 4.5246 3.0686 3.1825 3.2451 3.9273 4.6030 2.7861 4.1213 3.4468 1.9438 2.2161 2.9501 7.6341 4.1682 26.0161 31.1137 24.2852 23.5398 27.6299 29.3725 25.5540 25.7617 30.0599 22.5569 29.7163 23.0626 21.6542 21.6362 22.2741 26.8406 27.4205 25.3954 25.2186 35.4661 28.2501 25.5219 21.1311 30.8728 25.7133 24.1335 31.2643 22.0636 28.0300 26.6258 35.2656 32.9149 29.5195 32.7794 32.2816 37.1336 35.5814 36.3552 31.3881 37.8290 22.4112 34.3626 29.5353 26.8144 31.7636 41.9260 35.3078 35.9336 35.4732 34.5661 27.7273 39.8844 29.9915 32.6128 40.6133 34.1189 33.6552 37.1146 34.6660 30.4737 9.9838 8.7751 14.2215 13.4173 8.6532 9.1338 9.0500 9.3342 10.2922 9.5608 9.3796 9.9249 10.1128 10.6778 11.0401 9.9179 10.9124 9.8925 10.2325 8.7359 7.9274 9.5375 9.6511 11.6886 12.9162 13.0207 13.8797 7.9738 9.6745 12.4974
53.4081 47.2262 46.0792 51.6888 49.1045 49.2906 51.7678 53.2666 53.1437 50.0556 54.5959 53.6944 55.2502 49.9529 47.3802 47.8458 53.4219 55.8889 52.0952 50.0898 47.0457 51.8220 52.1579 47.4284 55.6922 56.0972 46.7281 51.6224 54.4195 52.1386 1.3348 0.0000 4.6296 4.3158 4.7162 2.2153 5.7290 5.1866 4.5863 3.8474 2.5942 4.0902 3.0628 4.3783 2.7643 5.8932 4.5594 3.2996 4.3294 2.6321 3.2577 4.3267 2.5485 3.2178 3.0563 2.7190 2.3981 3.6773 7.4965 5.0614 25.9816 31.1544 23.5717 23.0172 27.6706 29.4030 25.5946 25.7953 30.1006 22.0347 29.7570 23.0470 21.6197 21.6154 21.5606 26.8812 27.4612 25.3754 25.2592 35.5067 28.2907 25.5177 20.2521 30.9134 25.7540 23.8722 31.3050 22.0605 28.0706 26.6664 35.3605 33.0196 29.6575 33.0194 32.3810 37.2484 35.8214 36.5396 31.4818 37.8696 22.5492 34.4033 29.6317 26.9135 31.9016 42.0586 35.3485 36.0716 35.6158 34.8060 27.7823 40.0270 30.0726 32.6577 40.8454 34.2245 33.6958 37.3266 34.7066 30.6117 9.7476 7.7989 14.1160 12.5148 8.5770 8.1410 8.2192 9.1418 9.2859 9.3535 8.4019 9.0298 9.2915 9.7340 10.8756 9.0192 9.9686 8.9436 9.4112 8.6781 7.6201 8.5547 9.5849 10.7448 11.9724 12.1207 12.9359 7.0487 8.8437 11.7167
56.2070 49.9342 48.7841 54.4990 51.9141 51.8856 54.5734 56.0768 55.9296 52.8616 57.3708 56.4960 57.9346 52.7328 50.1346 50.5134 56.2321 58.6991 54.8795 52.7402 49.7817 54.5443 54.9682 50.1007 58.5024 58.9070 49.4947 54.4326 57.2298 54.9488 4.9198 4.6296 0.0000 3.5295 1.9571 3.6884 9.7511 9.0323 1.8403 6.2264 3.5333 2.3953 5.9227 1.6986 2.9467 2.5379 2.1150 7.3009 6.4010 2.4346 2.3742 2.0532 2.7151 2.1821 2.7225 4.6514 4.6175 6.3688 3.7190 8.0058 28.6247 33.8522 26.1004 25.4754 30.3684 32.1008 28.2924 28.4931 32.7984 24.7325 32.4548 25.7449 24.3131 24.3132 23.7573 29.5791 30.1590 28.0733 27.9571 38.2046 30.9885 28.2155 20.3209 33.6113 28.4518 26.5700 34.0028 24.7584 30.7685 29.3643 38.0041 35.7936 32.0953 35.7066 35.1912 39.9615 38.4189 39.1477 34.1266 40.5675 24.9696 37.1828 32.3126 29.5529 34.4456 44.8655 38.0845 38.6105 38.4548 37.4970 30.5195 42.8372 32.7300 35.4640 43.5662 36.9456 36.4796 40.0674 37.5122 33.2795 12.1824 8.5263 17.2001 9.9180 11.1892 8.6880 5.6179 11.3816 7.6448 11.5286 8.1676 8.0192 7.4110 7.8558 13.7686 10.2582 7.6117 8.6730 6.8549 10.9612 9.7568 8.7451 11.7329 8.0979 9.3830 9.3078 10.3053 9.0214 6.9487 8.7321
57.4051 51.1724 49.9713 55.6843 53.1052 53.1058 55.7043 57.2204 57.1444 54.0564 58.5966 57.6951 59.2509 53.9536 51.2704 51.7134 57.3374 59.8685 56.0462 53.9049 50.9167 55.7937 56.1519 51.3254 59.6438 60.0979 50.6913 55.5172 58.3757 56.1368 5.0225 4.3158 3.5295 0.0000 2.3879 4.8868 8.9426 8.9131 2.6338 7.3247 3.2532 2.7171 6.9890 2.9694 2.9068 3.5359 3.3502 7.1108 7.8340 2.4041 1.9793 2.5509 3.3216 2.3478 2.4808 6.2787 5.6876 7.2256 5.0023 9.0141 29.5580 34.8552 26.9983 26.4666 31.2634 33.0031 29.1874 29.3881 33.7563 25.7202 33.3498 26.6692 25.2080 25.2081 24.6598 30.5941 31.0578 29.0655 28.8520 39.1291 31.9971 29.2189 22.1145 34.5062 29.3617 27.4650 34.9570 25.6533 31.6634 30.2592 39.2219 37.0203 33.5870 37.0201 36.3676 41.2261 39.8221 40.5403 35.2970 41.7354 26.4613 38.3700 33.5588 30.7286 35.8575 46.0593 39.1705 39.8867 39.5744 38.8068 31.7244 43.9526 33.9456 36.6584 44.8461 38.2011 37.6140 41.3273 38.7027 34.6117 12.8708 8.7453 17.4079 9.7527 11.5156 8.1847 6.8103 11.9570 6.9145 12.1834 8.7263 8.2189 8.5110 7.6372 14.2350 11.2159 8.0243 9.6276 7.9197 11.9332 10.2840 9.8095 12.5813 8.9582 9.6368 10.1432 10.7101 9.6261 7.7380 10.4186
