0.0000 17.8885 13.7113 16.0624 18.8149 17.2627 14.8997 17.4356 24.0416 12.8841 9.3808 21.7715 14.5602 15.7480 18.4932 17.1464 18.4391 19.5448 18.7083 15.4272 11.7473 18.0000 17.4356 22.6716 23.4094 17.5499 17.9444 14.9666 18.6011 11.6619 35.2846 37.9868 35.1852 36.1525 35.2420 38.6782 35.6230 34.3511 37.8418 35.5668 37.3229 35.4965 35.9861 35.8050 37.6962 36.9865 35.8748 37.4566 34.5832 36.2353 37.2827 37.1080 35.9026 38.2230 39.0640 37.6829 36.1525 35.6931 35.6090 36.5103 15.1658 10.8628 17.2627 20.4939 17.0880 18.9209 18.7083 15.6844 15.0333 20.7364 20.8327 21.9089 23.7065 19.1311 19.6977 24.9399 15.9374 19.7484 20.5426 19.3391 21.4476 16.2481 15.7480 12.9228 17.2047 17.8885 19.1311 17.4356 16.5529 17.2047 25.8650 28.9310 27.9643 27.3496 25.1396 28.3019 25.9230 26.0000 19.4679 24.3721 25.8650 25.9230 22.4722 26.4008 23.7908 23.1733 27.3861 26.2107 31.0000 23.4734 30.8545 27.3679 24.9399 27.3130 22.0000 28.0000 26.0576 25.1595 23.2594 26.3059 35.9166 38.6005 33.8674 35.5106 35.9861 35.9026 35.5809 33.7491 36.8375 35.5528 37.5366 35.2136 38.5357 39.8121 33.6601 36.4829 33.4664 38.0132 36.6470 34.1906 36.2491 37.2156 37.1214 34.6410 36.5240 37.0135 36.3868 37.9078 37.4032 34.4384
17.8885 0.0000 13.1149 16.7929 13.6382 13.7113 16.7332 18.2209 19.4422 14.3527 15.2971 17.0880 18.0555 15.0333 19.5959 8.6023 9.6954 16.3095 15.2315 16.7332 15.2971 12.0000 10.8628 17.7764 15.6205 15.6205 16.9706 15.0997 18.8149 15.6205 31.4484 34.5688 30.9839 32.2955 33.1361 34.5832 31.7962 31.9374 33.9706 31.6702 32.0780 33.1361 32.2335 32.8938 33.7491 33.2866 32.6037 32.4500 31.4006 32.0780 32.3728 34.4819 32.2955 35.1141 34.8138 34.9857 33.4813 32.7414 32.5576 33.2415 12.9615 14.3527 17.2047 12.2474 16.3095 10.6771 16.9115 10.4881 13.9284 17.0880 14.6287 15.4919 22.8035 12.4097 16.3095 15.8745 14.7648 15.7480 16.3707 14.7648 12.7279 13.1149 17.7200 16.0935 18.0000 14.3527 13.0384 19.4936 16.7332 12.0000 27.5136 23.0434 23.8328 22.7156 20.6398 20.7605 17.6068 19.7990 20.2731 22.2711 22.2036 22.5389 22.3830 26.2488 19.1311 23.3880 24.6171 21.9773 28.4429 20.5183 26.0000 25.2389 19.7484 24.4540 21.6333 23.4947 21.2838 22.7816 18.9473 24.4131 32.8329 35.0428 30.7083 31.6702 31.3847 33.0303 30.4959 32.1403 31.8904 32.4345 33.3916 31.1769 33.5410 36.8375 31.1929 33.1813 31.7805 33.3617 32.9393 30.1496 31.9061 33.4215 33.2866 31.4960 33.1964 32.2490 32.1870 34.7707 34.8855 29.1890
13.7113 13.1149 0.0000 13.3417 10.0995 8.1240 13.3417 10.2956 15.4272 10.6771 8.6023 15.8745 9.6954 10.0000 14.6287 12.2474 11.9164 12.4900 9.2736 8.4853 11.4891 12.8062 12.4097 15.2971 16.3095 14.6287 15.1658 9.3808 14.1421 10.6771 36.6470 37.9342 35.3836 36.5103 36.3043 39.1663 36.2077 35.3836 38.0263 36.5650 37.2156 35.4119 35.2562 36.5240 37.6431 38.1314 36.4005 36.6197 34.8138 36.4005 37.5766 37.3229 36.0416 38.8716 39.1152 38.7814 36.7831 36.7423 35.7211 36.5923 13.8564 12.4097 14.4222 15.8745 12.7279 14.5602 17.1464 10.7703 11.1355 19.2873 18.8149 19.7484 22.8035 15.4272 16.0000 17.8885 16.3095 17.2627 17.6068 13.4164 12.4097 16.7332 16.7929 12.5300 13.9284 15.2971 16.2481 17.3205 14.4914 11.2250 24.1454 23.5584 23.8747 22.4944 22.0454 22.3383 20.3470 19.6977 18.7883 20.6882 23.3452 22.2261 20.8567 26.7021 20.6882 18.9473 24.0832 21.7025 27.8388 20.4206 28.3196 25.1992 21.6795 25.2982 19.7484 24.0000 22.1133 20.0250 20.3224 22.8035 36.9053 38.4968 33.0606 34.8281 35.3695 36.0416 34.3802 33.6601 35.3412 36.0832 37.6696 35.0143 37.5899 39.9875 34.7419 36.6470 34.2053 37.8021 36.6470 33.8083 35.5528 37.0810 37.3898 35.1852 36.0000 35.1283 35.6090 37.8021 38.1182 33.5559
16.0624 16.7929 13.3417 0.0000 15.2315 14.8997 13.2665 17.4356 12.4097 9.2736 13.4907 13.1909 15.6205 14.0712 15.2315 14.0000 15.2315 16.6733 12.4097 13.0384 11.8322 18.2209 12.1655 15.8114 15.1658 12.5698 15.3623 12.0000 12.5698 11.4018 33.6898 36.3731 32.8634 34.2491 33.3467 35.3270 33.9853 33.1361 35.2420 33.6303 34.8855 35.0428 33.0303 33.2566 35.0000 34.2637 34.3948 33.1813 31.6860 35.4260 35.4401 34.4819 33.5708 36.3731 35.4965 36.3043 34.0147 33.8526 33.4365 34.7707 14.3527 14.4914 10.6771 14.8997 12.9615 16.3707 13.4907 15.2315 14.1421 15.7480 18.0000 20.0998 17.6068 17.3205 17.2047 20.0000 11.6619 15.0997 15.6844 14.9666 15.4919 18.3303 13.9284 12.2066 11.0454 16.8523 19.2354 17.8885 17.2047 16.8523 26.0192 25.7876 26.4953 24.0832 23.5372 25.1992 20.8327 21.5870 20.5670 22.5832 25.4362 20.1494 20.1246 24.9199 21.3542 21.5639 24.0000 20.7123 28.1957 21.6564 26.8701 26.3249 21.6333 26.4197 20.9762 24.1661 21.4243 21.2838 21.7486 23.7908 33.7935 35.4401 30.5450 33.4215 32.9393 34.1614 31.6228 31.1609 32.7261 33.4664 33.8674 33.5261 34.9428 37.2961 32.9393 33.8083 31.6860 34.7707 34.0147 32.1714 33.0151 34.2491 34.2929 33.3167 34.0294 34.2053 33.2265 35.9026 35.5106 31.3050
18.8149 13.6382 10.0995 15.2315 0.0000 8.8318 18.1108 12.6491 17.7200 12.9615 14.5602 12.1655 16.8523 17.3781 16.4317 10.6771 13.7840 8.8318 13.6382 11.2250 13.0384 13.9284 13.4164 14.4222 15.2971 12.3288 16.2481 12.4097 16.2481 14.8997 36.5377 38.1182 35.8887 36.5650 37.7889 39.0384 36.7015 35.7771 37.8946 36.2353 37.8814 36.2767 35.7351 36.2767 37.8550 38.0000 37.3497 36.1801 35.1283 37.1618 38.1576 37.9342 36.2353 39.8372 39.3700 39.7492 37.5100 37.0135 35.7771 37.4566 16.9115 14.9666 16.7929 16.0624 15.0997 17.3205 20.5426 15.9374 15.2971 20.5426 20.4939 21.1660 23.1084 16.5529 14.8324 18.4391 17.9444 16.4317 18.0555 14.0712 10.5830 19.1311 19.4422 16.5831 16.9115 15.2971 16.7929 19.6977 12.5698 12.8841 28.0179 24.7992 26.9072 25.0200 22.2711 22.2486 21.4942 22.3159 21.7945 25.0200 24.6374 21.1660 23.3880 27.4773 23.5372 23.3024 25.5343 23.3024 30.4467 21.8861 29.6311 27.0740 23.1084 29.0517 23.0651 26.4197 23.2164 22.1133 21.8403 23.8747 36.7696 39.4462 33.8378 35.8190 35.9861 36.2077 34.2345 34.7994 34.8855 36.4143 37.6431 36.2767 37.3497 40.6079 35.9026 37.5100 34.1467 37.8814 36.8917 34.3074 36.0832 37.3765 38.3406 36.2491 36.0832 35.5809 35.6651 38.8973 39.4335 34.2345
17.2627 13.7113 8.1240 14.8997 8.8318 0.0000 17.5499 11.9164 16.4924 11.8322 12.9615 13.8564 14.2829 15.0997 17.6635 12.2474 12.8841 10.1980 11.2250 9.8995 12.6491 15.4272 13.4907 16.9706 15.3623 14.7648 16.4317 9.1652 16.7929 13.7113 36.0694 37.3765 34.4093 35.9026 36.6333 38.6782 35.6791 34.3802 36.9594 36.1525 37.0000 34.8712 34.1906 36.0000 36.7287 37.5500 36.3180 35.7071 34.0881 36.4005 37.2290 37.2424 35.8748 38.8716 38.2884 38.4968 36.7287 36.4143 34.5254 36.4280 15.0997 15.1658 14.8324 15.3623 13.2665 14.0000 20.0000 13.5647 13.1909 19.8494 20.2978 18.9737 22.4944 15.3623 14.2829 18.3848 17.8885 15.5563 16.1864 11.7473 11.5758 18.8149 17.2047 13.7477 14.5602 16.8523 14.7648 17.6635 13.7113 9.3808 25.7876 22.8254 24.7790 22.9347 22.3159 21.2838 20.7846 19.5959 19.3649 22.3159 23.3024 20.6882 22.0227 25.7876 21.6795 20.7605 24.1247 21.2368 28.9655 20.7123 28.6705 25.2784 22.2711 26.4197 20.5913 24.5357 21.4709 19.7231 21.0476 23.2809 36.5787 37.2827 32.5115 34.0147 34.6266 35.4260 33.1964 33.2415 34.3074 36.0000 36.7015 34.5832 36.9730 39.0000 34.7994 35.8469 33.0151 37.5100 35.9861 33.3317 35.0714 36.4005 37.1484 34.8425 35.0999 33.5559 34.2929 37.6696 37.5366 33.1361
14.8997 16.7332 13.3417 13.2665 18.1108 17.5499 0.0000 18.6011 19.2873 13.6382 11.5758 18.9737 15.8114 12.4097 16.7929 14.3527 16.3095 15.8745 13.4164 15.9374 12.3288 13.4164 14.4222 14.9666 15.4272 15.3623 18.5472 13.6382 14.4222 13.2665 34.1321 35.3977 33.3766 33.9853 32.5576 35.0428 33.8083 34.0294 35.6931 32.6037 33.6006 34.7563 33.8378 32.9545 35.6511 35.0999 34.6554 33.5410 32.1248 34.0147 33.4664 34.8855 32.1403 35.3695 37.2022 34.6987 33.9559 33.9411 34.8712 33.5708 12.8062 12.7279 17.2627 17.8885 17.2047 16.3095 15.3623 14.4914 16.9115 17.6068 17.4356 18.8680 20.2978 17.7200 15.4272 20.2978 12.0000 22.6716 16.1245 12.8841 17.2627 15.6844 18.2757 17.2337 12.7279 12.1655 15.8745 14.8324 17.8885 15.0997 25.5539 29.4449 25.3377 26.4953 22.1811 27.0000 22.5832 25.1396 19.7737 22.9347 24.2281 24.1661 19.9750 27.1109 21.6795 21.3776 25.4951 24.1868 28.7228 23.4734 26.0384 28.9655 22.2261 27.3496 23.3666 25.2190 25.5539 24.1454 22.7816 23.6643 33.9116 36.2215 30.9677 33.4215 33.9853 33.6006 32.5883 31.6702 33.3017 33.1964 34.6266 33.2866 34.1028 37.6431 32.4500 34.0735 31.9374 35.3412 33.4813 31.6702 32.7109 33.3617 33.2265 32.3728 34.2053 33.7639 33.5559 34.6266 34.8569 30.7896
17.4356 18.2209 10.2956 17.4356 12.6491 11.9164 18.6011 0.0000 18.4932 13.7113 13.7840 15.8745 12.2474 16.0624 14.2829 14.9666 15.5563 15.4919 14.5602 13.7113 13.7113 17.2627 15.4919 14.9666 19.2873 17.6635 14.9666 14.0712 14.3527 11.8322 38.9230 38.7169 37.1484 38.3014 38.7556 41.0122 37.2156 36.4417 39.4715 39.1024 39.1791 36.0000 37.4032 37.7094 40.1373 39.7492 38.2753 38.7427 36.5240 38.1445 39.8246 38.4578 37.7227 40.7308 40.0749 41.4970 37.7757 38.2099 36.3868 38.5876 17.6068 14.7648 16.9706 18.9209 11.7473 18.2757 20.5426 14.8324 14.1421 22.0000 23.0217 21.4009 24.4131 18.3848 18.8149 21.4009 18.6011 17.3205 21.3542 16.3095 16.7929 17.2047 18.1659 15.9060 17.2627 17.0880 20.8806 19.3391 15.0333 14.0712 23.0000 24.3516 24.7386 23.4947 24.4540 24.2281 23.2809 22.7156 20.8087 23.1084 25.1992 22.3607 24.2281 27.2580 23.2379 19.3649 24.6577 22.0227 28.4781 20.4206 30.2655 24.5967 23.0651 26.9815 21.5870 25.8070 22.2935 20.4695 20.8567 22.8473 39.1408 39.8497 34.7131 36.7287 37.0540 37.2156 35.1283 35.5949 37.0270 37.8153 39.4081 36.7151 38.7685 41.6773 36.7015 38.0920 35.3553 39.5854 38.3797 35.1141 37.2827 38.5876 38.9872 37.2559 36.6879 36.1663 36.5787 39.0768 40.3609 35.1568
24.0416 19.4422 15.4272 12.4097 17.7200 16.4924 19.2873 18.4932 0.0000 15.9374 20.0998 14.4914 17.1464 16.0000 21.0238 18.0555 14.7648 19.8997 13.4907 15.7480 19.3391 21.7715 16.7929 16.1245 17.6635 19.0263 18.9737 17.0880 12.9615 16.4317 38.6911 39.8121 36.4417 38.7685 37.8946 39.6989 38.1707 37.0675 39.5221 39.2301 38.4057 38.0263 36.4829 38.1838 38.7943 38.5746 38.3536 37.1618 35.5528 38.8458 38.9358 37.9868 37.8814 40.0125 38.8844 41.4729 38.3014 38.2361 37.4967 38.8973 17.7200 22.4499 16.1245 16.7332 16.6132 19.4422 18.8149 18.1659 18.6548 20.4450 22.2711 23.7908 22.8473 20.2485 22.0000 22.5389 19.2354 18.2757 20.5913 17.8885 17.2627 23.5797 20.1990 17.4642 17.7200 22.5389 23.3238 25.3377 23.9583 20.0998 28.6182 24.8797 27.5681 24.6171 26.8328 25.7099 21.7256 20.8806 25.3180 24.2487 29.1376 24.3311 25.2784 29.9833 24.7386 23.5160 26.0768 20.9523 29.5804 24.8797 30.4302 28.6531 24.3721 28.9828 23.1517 25.7682 22.8254 22.3830 24.2693 26.7582 38.5227 38.6005 33.4813 36.8646 35.9861 38.3797 34.5543 35.0571 35.6230 37.8153 37.7757 36.6606 38.4318 40.5832 37.4566 38.1445 36.2491 38.8716 37.6165 35.7071 36.0000 38.2492 38.0526 36.9594 37.3095 36.3868 36.8239 38.9230 39.7115 34.5254
12.8841 14.3527 10.6771 9.2736 12.9615 11.8322 13.6382 13.7113 15.9374 0.0000 11.1355 13.6382 13.0384 15.4272 14.6969 11.1355 13.4164 14.8324 11.3137 9.8995 10.1980 16.0000 8.7178 16.7929 15.5563 10.2956 12.2474 8.6023 13.9284 9.3808 32.7872 34.4529 32.2800 33.0303 31.8119 34.8999 33.1512 31.5278 34.0881 32.3574 33.2716 32.1870 31.9531 32.8024 33.3916 33.8231 32.9393 32.4500 30.9192 33.7491 34.2345 33.6601 32.8177 34.6554 34.5254 34.9285 32.2955 32.3419 31.9374 33.1210 13.7113 10.0000 11.3137 11.4891 10.7703 12.3288 14.4222 11.5758 11.1355 14.0712 18.0000 16.9115 18.8149 14.2829 15.4272 17.6068 12.3288 14.4914 15.6205 14.0000 14.0712 14.6287 13.5647 8.1854 12.8841 15.4272 16.8523 15.6844 12.6491 13.1149 24.3926 24.4336 24.2487 23.2809 21.2603 23.2594 19.2873 20.4450 19.0526 20.9762 22.1585 20.3470 18.4120 25.0400 19.8494 21.5174 23.2809 19.5192 26.8514 18.2483 26.1916 23.9374 20.6398 24.4131 18.8680 23.7487 21.3776 20.0250 19.2614 21.5407 33.6452 34.1760 29.9833 32.1714 32.1714 32.1714 30.9839 30.7083 32.2335 32.1559 33.4215 32.1559 34.0147 35.9583 31.7017 32.8481 30.5614 34.0735 32.8177 30.8383 31.6544 33.0908 33.0757 32.3728 33.0151 32.8938 31.5911 34.5398 34.5398 31.1127
9.3808 15.2971 8.6023 13.4907 14.5602 12.9615 11.5758 13.7840 20.0998 11.1355 0.0000 18.1659 10.0000 10.2956 13.1149 14.3527 16.6733 15.5563 12.7279 12.0830 9.4868 13.3417 13.3417 17.3781 18.8680 16.8523 17.6635 10.2956 16.5529 10.7703 34.5109 36.9459 33.9411 34.9142 34.4674 36.7967 34.8569 34.2345 36.6060 34.4238 36.0971 35.0143 34.1321 34.8138 36.7015 36.6333 34.7994 35.6791 33.3167 35.5106 36.3318 36.2905 34.3074 37.1080 38.1051 36.9324 35.2846 35.4683 34.2345 35.5387 14.0712 9.4868 14.6969 18.5472 14.4914 16.3707 15.0333 12.2474 12.1655 20.3961 16.9115 20.4939 22.4499 15.9374 15.6844 19.5448 14.1421 19.2354 17.0294 14.8997 15.8745 15.9374 14.1421 12.4499 11.7473 14.1421 16.6733 14.6969 12.8062 11.8322 23.7276 25.5930 25.6515 23.7487 23.3666 24.4745 22.1811 21.6333 18.3030 21.9545 23.6008 22.3607 20.5183 25.6320 20.2485 18.4662 25.6125 23.6432 28.6182 20.6155 27.8927 26.1725 21.8174 25.0998 20.5913 24.8193 23.0000 22.2036 21.3776 23.9165 34.8712 37.8153 32.0780 34.1321 34.5109 34.7707 33.7343 32.5423 34.4529 35.1568 35.7351 34.2053 36.8646 38.7169 33.0908 35.1426 32.8024 36.4005 35.4260 31.9531 35.0428 36.2353 36.0278 33.6749 35.4119 35.2704 34.9857 36.8917 36.6470 32.8329
21.7715 17.0880 15.8745 13.1909 12.1655 13.8564 18.9737 15.8745 14.4914 13.6382 18.1659 0.0000 17.4356 19.8997 18.5472 12.4900 15.2315 13.6382 14.2127 14.2127 15.7480 17.3205 14.5602 11.6619 16.4924 15.0333 19.3391 14.6969 11.9164 14.3527 37.1618 39.1024 36.1663 37.5366 37.7889 38.7814 37.0000 35.7211 38.1838 36.8917 38.4057 37.6032 36.2077 36.8782 38.4578 38.0789 38.5357 36.2353 35.0428 38.8716 38.4448 38.3014 37.0540 39.4842 38.0789 40.6694 37.9078 37.5500 36.1109 38.6394 15.0997 18.9209 17.8885 16.1864 17.2627 18.9737 20.6882 19.4936 19.5959 21.0238 21.4942 23.0217 23.3666 17.8885 17.4356 22.4499 17.0880 17.2627 18.0000 14.6287 15.6205 21.3073 19.3907 18.0831 17.5499 18.1659 19.0263 22.7596 17.7764 15.9374 31.0322 27.9106 30.6920 27.7489 27.2397 27.0740 24.2899 24.3721 25.9037 28.1425 28.6531 22.7156 27.0740 29.9500 26.1151 25.8650 28.7054 24.3516 33.6006 24.9199 31.5911 30.3150 25.3377 32.3110 25.8457 29.0517 25.0400 25.2784 25.5147 27.0185 37.4967 39.0128 33.8083 36.8917 36.0694 36.5923 32.8634 35.6791 35.2562 37.1214 36.8375 37.3898 37.0270 40.3856 37.0810 37.2156 34.3511 37.9868 36.8375 34.8569 35.6371 37.0000 37.8946 36.9865 36.8782 35.8608 35.5809 38.7685 39.8372 34.4964
14.5602 18.0555 9.6954 15.6205 16.8523 14.2829 15.8114 12.2474 17.1464 13.0384 10.0000 17.4356 0.0000 12.6491 16.6733 16.6132 16.4924 18.5472 11.0454 10.9545 14.8324 15.4919 15.2971 16.9115 21.4476 20.0000 19.7484 12.0830 14.0712 11.4018 39.3827 40.8534 37.8153 39.7618 38.4448 41.3521 39.1535 37.9473 40.9634 39.5854 40.1373 37.6298 38.2230 39.8497 40.6079 41.4246 38.8458 39.5348 37.4700 39.6611 40.4722 39.7869 39.0000 40.8779 41.0122 42.1900 39.2301 39.3192 37.9473 40.0125 16.4317 16.0000 17.7764 19.8494 16.3095 18.6548 18.0000 14.3527 14.8997 22.8035 21.5407 24.5357 27.3861 18.0555 20.6882 21.8632 19.2354 20.9284 21.4476 18.2757 18.8680 19.6469 18.3303 13.5277 16.9115 20.1990 21.6333 21.0713 18.6548 15.3623 26.9629 27.1846 28.2843 25.8457 28.4253 27.0000 24.0832 22.3159 23.4307 24.0416 27.6225 26.8701 25.1595 31.2570 23.7065 21.1424 29.0861 24.9199 31.5119 23.0000 32.4345 28.7576 25.0599 27.7849 22.6274 27.6767 25.5147 24.3926 24.2693 27.6405 39.8748 41.0609 35.2562 37.6431 37.7757 38.7943 36.1386 36.3180 38.3536 38.9872 39.6106 37.7624 40.4599 42.0595 37.4833 39.0768 37.2290 40.1373 39.3827 35.6230 38.1576 40.3609 39.6485 37.6829 39.0128 38.2623 38.1314 40.3856 40.5093 36.6879
15.7480 15.0333 10.0000 14.0712 17.3781 15.0997 12.4097 16.0624 16.0000 15.4272 10.2956 19.8997 12.6491 0.0000 15.4272 16.1864 14.6969 18.6011 13.0384 16.0624 14.0000 15.7480 15.0997 16.7929 18.4391 19.8494 17.8885 14.8324 16.0000 13.0384 34.3657 36.5377 33.0757 34.3657 34.1760 36.4692 33.8083 34.0294 36.3868 35.0000 34.9714 35.0428 33.3017 34.4093 36.5377 35.4965 34.1028 35.4542 32.6803 34.3657 35.0428 35.4260 33.6898 36.7015 37.2827 36.7423 34.9714 35.2987 34.2345 34.7131 13.6382 15.4272 14.6969 18.2757 14.9666 16.5529 13.8564 11.1355 13.2665 20.4450 15.2315 20.0998 21.6333 16.9706 18.3303 19.5448 15.0333 18.8680 17.6068 15.4272 16.1864 16.8523 15.6205 15.6525 12.6491 15.4272 17.8885 18.0555 19.0263 14.5602 22.0681 22.4722 22.9347 20.0499 22.5832 22.6495 20.0998 18.6011 17.8045 19.1311 23.7697 21.9545 20.9523 24.9600 18.4932 15.8430 23.1948 21.0476 25.7876 21.0000 25.8070 24.7184 19.5959 22.7596 19.4936 21.4942 20.0749 20.0250 20.2237 23.0217 34.3511 36.6879 31.1288 33.1512 33.2114 34.9714 32.9545 31.7333 33.3317 35.0714 35.3129 33.0757 36.0694 38.6394 32.6037 34.4819 33.0454 35.9305 34.7131 31.8591 34.1760 35.6230 35.1852 32.6190 34.7563 33.9706 35.0143 35.6511 36.2353 30.7246
18.4932 19.5959 14.6287 15.2315 16.4317 17.6635 16.7929 14.2829 21.0238 14.6969 13.1149 18.5472 16.6733 15.4272 0.0000 17.7200 21.0238 18.9209 16.2481 17.2047 14.2127 18.9737 15.4272 16.6733 19.6469 18.9737 17.6635 15.8114 18.1659 14.2829 34.4238 35.4542 33.9706 33.3317 32.9848 36.8511 33.1210 33.4963 34.8425 33.7491 35.2562 33.8821 33.0000 32.6497 35.7351 35.1283 33.7491 34.7707 32.8634 34.6266 36.4692 33.9264 33.0606 35.7911 35.9722 36.0000 32.7261 34.4674 32.5883 33.6006 18.1108 12.5698 15.2971 20.9762 13.6382 19.1833 15.5563 15.3623 14.1421 22.3607 20.0998 21.1187 21.4942 18.4391 19.3391 19.7484 15.6844 19.6469 19.7484 17.2047 15.8745 17.8885 16.9706 17.6918 14.0712 14.9666 22.0000 16.5529 14.1421 16.7332 22.5610 26.5141 26.2679 23.4094 24.5764 26.3629 24.2487 23.2379 21.2838 23.7065 25.5930 19.8494 22.5167 25.9037 21.3073 19.2094 24.8193 23.9374 28.1957 21.2368 27.1662 24.3926 22.7596 26.5330 23.3666 25.3377 22.3383 21.2368 22.2935 22.0454 33.8821 35.7211 31.2570 32.8177 32.7872 32.1714 31.6860 31.1609 32.7567 33.5559 35.2278 33.7639 34.5109 37.7492 32.5115 32.8177 31.6228 34.3366 34.0441 31.6702 32.9545 33.8378 34.5832 34.0588 33.5261 33.4365 33.0454 34.6266 35.9861 31.2090
17.1464 8.6023 12.2474 14.0000 10.6771 12.2474 14.3527 14.9666 18.0555 11.1355 14.3527 12.4900 16.6132 16.1864 17.7200 0.0000 8.8318 12.5698 12.2474 14.5602 12.4900 9.4868 8.0000 13.2665 12.6491 10.6771 14.5602 12.5698 15.0333 13.4164 32.9393 35.5387 32.8634 33.6006 34.3220 35.3553 33.1813 32.9545 35.0428 32.6037 33.5410 33.9706 33.6006 33.5261 35.1710 34.7275 34.5398 32.8177 32.2800 33.9559 33.9116 35.6511 33.3017 36.3456 35.4119 36.3043 34.3074 33.5261 33.2265 34.3948 13.1909 12.9615 16.1864 10.2956 14.3527 12.0000 17.5499 12.1655 14.8997 15.2971 16.0624 16.1864 21.9089 13.7840 13.7840 15.4919 13.4164 15.4272 15.8114 12.9615 12.8841 12.7279 17.7200 15.7797 16.4317 11.6619 12.5698 18.1108 14.4222 11.2250 27.5862 25.0799 24.7386 24.0416 20.9762 22.1133 18.3303 21.8632 20.8567 23.0651 22.1133 21.4476 22.0681 26.7769 20.5426 23.6008 24.7790 21.1896 28.8617 19.6723 26.1534 26.0192 20.0499 25.8844 22.4054 24.4949 22.1585 22.8254 19.8746 23.1084 34.2345 36.2215 31.7962 32.9090 33.3017 33.5410 30.7246 33.0908 32.8786 33.3766 34.1028 33.1361 33.5708 38.0395 33.0303 34.1321 32.1248 34.7707 33.8969 31.5119 32.8024 33.9559 34.1174 33.0151 33.9411 33.1662 32.4037 35.9026 36.2353 30.5941
18.4391 9.6954 11.9164 15.2315 13.7840 12.8841 16.3095 15.5563 14.7648 13.4164 16.6733 15.2315 16.4924 14.6969 21.0238 8.8318 0.0000 16.3707 13.4164 15.6205 15.7480 13.7113 12.3288 15.6205 14.5602 14.5602 14.6287 15.4272 14.4222 13.8564 35.8190 37.8286 34.9571 36.4005 36.7423 38.2884 35.3695 35.0143 37.9473 36.2629 35.7071 36.1386 35.7631 36.3043 37.5366 36.6060 36.7287 35.9861 34.5832 35.7071 35.8050 37.6962 36.0971 38.8201 37.8418 38.8587 36.8103 36.0278 36.0555 36.6742 13.1909 16.8523 17.5499 11.0454 15.3623 12.4900 19.4936 12.1655 16.0624 16.6733 18.5472 17.6068 22.9347 16.8523 18.8149 18.9209 15.8114 15.2971 19.2873 15.6205 15.6844 14.9666 19.1311 16.2173 18.4932 16.3707 15.3623 22.0000 19.9499 14.6287 27.2580 23.5584 23.4521 23.0217 21.5407 22.3383 18.3848 20.8806 21.1896 22.0000 23.8118 23.6220 23.3452 27.4773 21.4942 23.4734 24.4540 20.4206 27.8388 21.5639 27.3130 26.2869 20.5913 25.2982 21.6333 23.7908 21.8861 22.2486 20.0250 24.0416 36.9324 37.7624 33.8378 35.1710 35.1994 36.4829 33.4066 35.3412 35.3977 36.0278 37.1887 34.7851 36.4829 40.4599 35.1710 36.8917 34.7851 37.6696 36.3731 34.5109 34.9571 36.3456 36.5240 34.8999 36.1939 35.1852 35.2704 37.7492 38.5616 32.4345
19.5448 16.3095 12.4900 16.6733 8.8318 10.1980 15.8745 15.4919 19.8997 14.8324 15.5563 13.6382 18.5472 18.6011 18.9209 12.5698 16.3707 0.0000 14.2127 12.3288 12.6491 14.7648 15.9374 14.2127 14.6969 12.5698 18.2757 11.6619 16.1864 15.5563 36.5377 36.7287 35.2704 35.9026 36.6060 38.1314 35.6230 34.8138 36.6879 35.0571 36.8646 35.4119 35.1994 35.1852 37.0540 37.7094 37.2156 34.7419 34.0881 36.6742 36.6606 37.4032 35.0000 38.8716 39.1663 37.6298 36.8375 36.3318 35.2704 35.9861 15.9374 16.3707 18.2209 17.8885 17.3781 17.8885 21.7256 17.7200 18.0555 20.2485 21.2132 20.3961 22.0454 16.7929 11.7473 20.5913 18.2209 19.8494 14.8997 9.7980 11.8322 20.1990 21.1187 18.4662 15.9374 14.3527 14.6287 17.2627 13.4164 12.2474 28.0535 27.6225 26.9815 26.7208 21.7256 23.9374 23.2809 24.1661 20.7123 25.2982 23.7276 21.6795 22.4277 27.2213 24.1247 23.3452 25.3772 24.1454 31.2890 23.4307 29.0861 28.4429 23.8328 30.6268 23.7065 26.7955 25.1992 22.6495 23.2594 23.3666 36.3593 38.2623 32.6956 34.9714 35.5949 35.5668 33.5559 33.3916 34.2783 35.2136 36.9730 35.7211 35.8748 39.3827 35.1141 36.2077 32.5269 37.5899 35.4824 33.6898 35.1852 35.6511 36.7696 35.3836 35.2420 33.4664 34.6699 37.6165 37.9342 33.4963
18.7083 15.2315 9.2736 12.4097 13.6382 11.2250 13.4164 14.5602 13.4907 11.3137 12.7279 14.2127 11.0454 13.0384 16.2481 12.2474 13.4164 14.2127 0.0000 10.0995 14.6969 12.8841 10.7703 14.0000 14.2829 15.2315 18.0555 8.6023 14.4222 13.6382 36.9459 38.5357 35.6651 36.8646 35.7211 38.6523 36.7560 35.9166 37.8153 36.1248 36.8103 35.9722 35.0571 37.0675 37.1618 38.8072 36.8375 35.2846 34.8999 37.2693 37.4967 37.6962 36.3456 38.4318 37.8418 38.6005 36.8375 36.7967 35.6371 36.6470 15.5563 16.1245 15.3623 14.5602 15.0333 14.0712 17.3205 12.8062 14.6287 18.6548 19.2354 20.7364 24.4131 16.2481 16.6733 15.6205 17.6068 19.8997 17.1464 13.7113 12.9615 19.3391 19.3907 14.7309 14.4222 17.2627 17.2047 18.9737 17.5499 12.6491 27.3679 26.1343 25.8844 24.1661 24.9399 24.2693 20.0499 20.0000 22.7816 22.0907 24.6779 23.4521 22.2036 29.9500 21.3073 21.6564 26.3818 21.9773 29.6479 21.2368 28.2489 27.5500 22.8910 26.4197 22.4054 25.2587 23.8537 22.0227 23.0868 24.6171 37.4967 37.7889 33.0606 34.4819 35.3129 35.8469 33.0151 33.9853 35.0856 36.0555 36.7015 35.5246 36.3180 39.4335 35.5949 35.8469 34.8138 37.1618 36.4555 33.9264 34.6699 36.4555 36.4966 35.7211 36.4143 34.6987 34.4964 37.7757 37.7227 33.4963
15.4272 16.7332 8.4853 13.0384 11.2250 9.8995 15.9374 13.7113 15.7480 9.8995 12.0830 14.2127 10.9545 16.0624 17.2047 14.5602 15.6205 12.3288 10.0995 0.0000 12.6491 15.8745 14.5602 17.0880 18.1108 14.2127 17.8326 8.0000 14.2127 12.1655 38.4838 39.2301 36.7696 38.3536 37.0675 40.7185 38.1445 36.2215 38.7814 37.6962 38.9744 35.9444 36.7560 38.0526 37.9078 39.9249 37.9605 36.9730 36.0832 38.6135 39.4462 38.2492 37.8550 39.8121 40.0500 40.0500 37.8550 37.4967 36.6606 38.0920 15.9374 15.3623 16.0624 17.5499 15.6205 17.3205 19.3907 15.2315 14.8324 20.3961 22.7156 22.8473 24.5764 16.5529 17.6068 21.1660 19.2354 18.9737 18.9209 15.1658 14.0712 21.1660 19.7484 12.3693 16.4317 19.4936 19.4936 20.0000 15.8114 14.8997 28.5482 27.7669 28.4605 27.1293 25.7682 26.2107 23.7487 22.6716 22.7816 24.9399 26.8142 25.1794 22.9565 30.0832 24.5357 23.8956 27.6043 24.4745 32.1092 23.4307 32.0624 28.4781 25.8844 29.7321 22.6716 28.2135 26.0576 22.8692 23.8956 26.3818 38.4968 39.2428 33.9559 36.2077 36.6197 37.0810 35.0999 34.3948 36.5103 36.6606 38.8201 36.7967 38.8201 40.0625 36.5103 37.8021 35.0428 39.0768 37.7757 35.2846 36.3593 38.3797 38.4448 36.9324 37.2559 35.9722 36.3318 39.3827 38.8458 36.1109
11.7473 15.2971 11.4891 11.8322 13.0384 12.6491 12.3288 13.7113 19.3391 10.1980 9.4868 15.7480 14.8324 14.0000 14.2127 12.4900 15.7480 12.6491 14.6969 12.6491 0.0000 15.5563 13.3417 15.2315 15.0333 12.6491 13.2665 9.5917 14.4222 9.3808 32.9697 33.8969 31.8434 33.0606 32.9545 34.4384 32.4500 32.0312 34.0588 32.4808 33.7787 32.6497 33.0303 31.6860 34.8855 33.5857 33.0606 33.1512 31.2090 33.2114 33.8526 33.7491 31.6702 36.0416 36.5787 34.9571 32.9697 32.6190 31.9061 33.3017 13.7113 10.1980 12.4097 16.6132 11.8322 15.4272 15.2971 12.6491 12.7279 16.1245 17.7764 17.5499 17.7764 15.6844 13.7113 20.2485 11.9164 15.4919 14.2829 12.2474 14.2127 14.2829 14.4914 11.6190 10.9545 12.7279 17.2047 12.9615 11.2250 12.9615 22.2036 25.1992 23.7487 23.3238 20.1990 23.0434 20.6882 22.0000 15.7797 21.5407 21.8861 19.5959 18.2483 22.1133 19.8997 19.1572 21.7715 20.3224 26.7021 18.7350 25.7294 23.7697 20.0000 24.8998 19.0788 23.1948 20.5670 19.4165 18.3576 21.6795 32.9848 34.9571 29.8161 32.4500 32.5730 33.2415 31.4960 30.4795 32.1092 32.4345 33.9264 32.4037 34.2783 36.8375 31.4166 33.3916 30.2655 34.8569 32.9697 30.4138 32.9242 33.9264 33.2566 31.9687 32.6190 32.5269 32.4345 35.0286 35.0286 30.5287
18.0000 12.0000 12.8062 18.2209 13.9284 15.4272 13.4164 17.2627 21.7715 16.0000 13.3417 17.3205 15.4919 15.7480 18.9737 9.4868 13.7113 14.7648 12.8841 15.8745 15.5563 0.0000 13.1149 14.4914 16.4317 16.9706 21.3542 14.8324 17.8326 17.0294 36.5377 39.3319 36.2491 37.2961 37.7094 38.7814 37.2961 37.4433 39.2173 35.7911 37.3229 37.5500 37.2693 37.3095 39.0256 39.4462 38.0395 36.7015 36.2767 37.1080 37.1484 39.2301 36.3180 39.4588 39.9249 39.8999 38.3275 37.4700 37.4967 38.1707 15.8745 15.0333 21.6333 17.8326 19.7990 16.7929 20.0998 15.0333 18.4391 21.8174 18.7083 21.7256 27.7849 17.0294 16.3707 17.6635 17.7764 22.8035 20.1990 16.0000 16.3707 16.7929 22.0454 20.1246 18.9737 13.6382 14.8324 20.3961 17.6068 12.9615 31.2250 29.8831 28.9137 28.4253 25.7294 26.2869 23.0217 25.9230 24.6374 27.0924 26.4386 27.2397 26.0960 32.1092 24.2074 25.7099 30.3974 27.4773 33.3916 24.6779 30.4959 31.6702 24.4540 29.6985 27.3496 28.8097 27.5862 27.9464 24.9199 28.1425 37.2290 40.6940 35.1710 36.1801 37.1080 36.7287 34.2929 36.4005 36.3180 37.1753 37.7227 36.6333 37.1887 41.4849 36.4005 37.9868 36.0832 38.1182 37.5899 34.1906 36.4692 37.9605 37.9473 35.8329 37.5233 36.8782 36.3318 39.2046 39.1024 34.1467
17.4356 10.8628 12.4097 12.1655 13.4164 13.4907 14.4222 15.4919 16.7929 8.7178 13.3417 14.5602 15.2971 15.0997 15.4272 8.0000 12.3288 15.9374 10.7703 14.5602 13.3417 13.1149 0.0000 15.4919 13.5647 11.7473 13.5647 11.3137 16.4317 13.3417 30.5123 33.3017 30.5287 31.0322 30.9839 32.3110 31.1929 30.9516 32.4654 30.2820 30.8707 31.5911 30.6431 31.5595 32.2955 32.6190 31.3209 29.9166 29.4958 32.1714 32.3110 33.0000 31.0322 33.3916 32.3419 33.7639 31.1288 31.0805 30.3974 31.9218 15.3623 11.6619 12.4097 8.6023 11.4891 10.2956 12.6491 9.8995 10.9545 12.8062 13.6382 14.9666 20.0000 11.8322 14.1421 11.3137 12.1655 14.9666 14.3527 14.0712 12.0830 12.2474 14.3527 12.6095 13.7840 13.2665 15.2971 16.1245 13.2665 11.4891 24.7588 22.2036 22.4054 21.0238 19.9499 19.9249 14.6969 18.2209 19.5192 19.4936 19.8242 18.9209 18.4662 25.1992 16.6733 20.7605 22.5832 18.0278 25.3574 15.7162 23.2379 22.8692 17.6635 21.9089 19.1311 21.4476 19.4679 20.1742 17.3494 20.8327 32.3110 33.5559 28.8964 30.3809 30.4138 31.2570 28.7402 30.2490 30.4467 30.9516 30.9031 30.1330 31.5753 35.0000 30.3480 31.0966 30.2985 31.5753 31.5119 28.3725 30.3315 31.8591 31.2730 30.7896 31.8748 31.5278 29.7321 33.6303 33.4515 28.6356
22.6716 17.7764 15.2971 15.8114 14.4222 16.9706 14.9666 14.9666 16.1245 16.7929 17.3781 11.6619 16.9115 16.7929 16.6733 13.2665 15.6205 14.2127 14.0000 17.0880 15.2315 14.4914 15.4919 0.0000 14.0712 16.9115 18.9209 16.1245 10.2956 14.5602 38.1182 38.5357 36.9865 37.9605 38.0263 38.3145 37.1618 37.6829 39.4208 37.1887 37.8550 38.2099 37.5100 36.6333 40.2616 38.6782 38.6911 37.0270 35.8887 37.9078 37.5766 38.4057 35.8469 40.1871 40.0000 40.6940 38.0920 38.0789 37.4166 38.3536 16.1245 18.6011 19.6977 18.6011 17.8885 19.5448 19.3907 17.9444 20.0000 20.9284 20.5426 22.7596 23.5372 19.5448 17.8885 20.9284 16.3707 21.1660 18.7083 14.0712 15.7480 19.1311 21.5870 20.6640 16.6132 14.8324 20.3470 21.1660 19.0263 16.3707 28.0179 28.5832 27.7489 26.4575 25.2587 26.2488 22.8910 24.8998 24.2693 26.1916 26.9629 23.3666 25.7488 30.1496 24.5764 22.7816 27.0924 23.8956 30.8058 24.2281 29.0861 30.1828 22.9783 30.6268 25.6905 26.6458 24.5967 24.7588 24.1039 25.2190 37.7889 39.8497 33.9264 37.3765 36.8103 37.4299 33.7639 36.1525 35.6511 37.3095 37.8286 37.5766 36.5377 41.9643 37.0270 38.0657 35.5809 38.1969 36.9188 34.7419 36.1939 37.1887 37.4433 37.0135 36.9865 36.3868 36.3868 38.3536 40.5586 33.5857
23.4094 15.6205 16.3095 15.1658 15.2971 15.3623 15.4272 19.2873 17.6635 15.5563 18.8680 16.4924 21.4476 18.4391 19.6469 12.6491 14.5602 14.6969 14.2829 18.1108 15.0333 16.4317 13.5647 14.0712 0.0000 13.7840 16.9706 14.0000 17.8326 17.9444 35.2562 35.4824 33.6155 35.0856 35.2987 34.6987 34.9714 35.7491 36.1939 33.5112 33.6601 36.2767 34.3074 33.5559 36.3180 35.1283 35.5668 33.2716 33.2566 34.5109 33.8526 35.9583 32.7872 38.1445 38.0000 36.3593 35.3412 34.8425 35.2136 34.8855 18.6011 17.6635 17.7200 15.0333 16.6132 13.0384 19.1833 15.6205 17.8326 15.4919 20.2978 17.2047 19.3907 19.7484 16.6132 15.7480 14.8997 19.4936 16.3095 12.9615 13.0384 17.8326 21.0713 18.8414 14.3527 15.8114 18.2209 17.4356 18.3303 15.3623 26.6271 26.4764 22.7596 24.4131 19.7484 21.9773 17.4929 22.8035 20.7605 22.8473 22.4722 20.5913 19.9750 25.9037 20.9762 23.1301 22.7156 20.3224 26.1725 21.3307 23.3238 27.7308 19.7484 25.8844 23.3666 22.1811 21.7025 21.4709 20.3715 22.8473 35.3553 35.7211 31.9218 34.4819 34.3948 35.1710 32.7109 33.8083 33.0000 34.4384 35.2278 34.2053 34.1906 39.1024 34.2783 35.4260 33.6749 35.4260 34.4529 32.7872 33.7046 34.0735 34.2345 34.4093 34.2053 33.9706 33.1964 36.4005 36.8646 30.8221
17.5499 15.6205 14.6287 12.5698 12.3288 14.7648 15.3623 17.6635 19.0263 10.2956 16.8523 15.0333 20.0000 19.8494 18.9737 10.6771 14.5602 12.5698 15.2315 14.2127 12.6491 16.9706 11.7473 16.9115 13.7840 0.0000 12.1655 12.8062 15.6844 13.8564 33.8378 35.1141 34.2345 33.8378 33.4963 35.4119 34.1614 33.2265 35.2704 32.5115 34.0147 33.8821 33.7491 33.2866 34.8569 34.4384 34.7131 32.4808 32.1870 34.5977 34.6121 35.1426 33.2415 36.8375 36.3043 35.3553 33.9264 33.1964 33.8821 33.7787 17.2627 13.9284 15.1658 12.4097 14.8324 15.2315 18.8149 16.1864 15.4919 12.0000 20.0998 18.1659 18.6548 17.7764 15.4272 18.1659 14.5602 16.3707 15.8114 15.0997 14.4914 16.1864 18.9209 14.7309 16.4317 15.3623 17.3781 17.0880 14.5602 16.5529 27.0000 26.9629 24.7386 25.6125 19.0788 23.3024 19.4422 23.7065 19.7231 22.3607 21.4709 20.2485 18.3576 25.4755 21.9089 24.6779 22.7156 20.7605 27.7669 20.0749 25.8844 25.6710 21.3542 27.0185 20.9762 24.5764 23.3880 21.6102 20.0749 21.0238 34.7851 36.0278 31.7333 33.8674 34.1614 33.9264 32.6190 32.4808 33.5410 32.6497 34.9142 33.9411 34.1321 38.2753 33.1210 34.3948 31.7805 35.1710 33.6898 33.0303 33.1361 33.5112 34.2345 34.1174 34.1467 34.1174 32.7414 35.9305 36.4829 31.8434
17.9444 16.9706 15.1658 15.3623 16.2481 16.4317 18.5472 14.9666 18.9737 12.2474 17.6635 19.3391 19.7484 17.8885 17.6635 14.5602 14.6287 18.2757 18.0555 17.8326 13.2665 21.3542 13.5647 18.9209 16.9706 12.1655 0.0000 15.9374 16.9115 12.5698 32.6343 32.4500 32.4654 32.0780 32.0000 34.3511 31.0644 30.8869 33.3766 32.7567 31.8277 31.1769 32.3265 31.4643 33.9559 31.8434 31.9218 32.3574 30.5941 32.0156 33.1964 32.9090 31.8591 35.4824 34.3802 33.9411 31.0000 31.4325 30.9516 31.4166 18.2757 14.6287 12.0830 12.5698 9.7980 14.6969 16.8523 12.4097 12.5698 11.4018 19.1311 14.9666 15.8114 17.9444 19.1311 19.0788 14.6287 11.8322 17.6068 17.3781 16.1864 12.8841 16.3095 13.0000 16.4924 16.3707 20.7364 17.3781 15.9374 17.8885 18.3576 20.3224 17.6068 18.1108 15.4272 19.1572 16.0000 18.9209 14.7309 15.9374 17.3494 16.7929 15.5885 20.1742 17.2627 19.1050 15.4919 13.3041 19.6723 14.0357 21.6333 16.8819 16.0000 19.6469 14.1421 18.1108 16.3401 14.5945 13.2288 15.3623 33.7639 33.1361 29.9833 31.7962 31.6070 32.9697 31.4960 30.5123 32.1714 31.2090 34.0735 31.2090 33.0908 37.0000 30.6757 32.5115 30.3974 33.9853 32.2335 31.3847 31.9687 32.4500 32.0624 32.3419 32.1248 32.0312 31.6228 33.8969 35.4824 29.5973
14.9666 15.0997 9.3808 12.0000 12.4097 9.1652 13.6382 14.0712 17.0880 8.6023 10.2956 14.6969 12.0830 14.8324 15.8114 12.5698 15.4272 11.6619 8.6023 8.0000 9.5917 14.8324 11.3137 16.1245 14.0000 12.8062 15.9374 0.0000 15.6205 11.4891 35.1994 36.0139 33.5857 35.1994 34.0588 36.5240 35.1141 33.8526 35.7491 34.0147 35.2846 33.9411 33.5708 34.8712 35.3977 36.6333 34.7131 33.8969 33.0151 35.3977 35.8050 35.7631 34.1906 37.2424 37.3095 36.3593 35.0571 34.7851 33.5857 34.8855 15.2971 12.7279 12.8841 15.0997 13.1909 12.8062 16.6733 12.3288 12.0000 16.6132 19.3391 18.8149 21.4942 15.0997 14.0712 16.7332 15.7480 17.8326 13.9284 11.8322 11.7473 17.7764 16.7332 10.0499 11.8322 16.6733 16.8523 14.4222 12.5698 10.7703 25.0400 25.5147 24.6171 23.8747 22.4944 22.8254 19.6977 19.8494 19.1050 21.1187 22.2036 21.3073 18.8414 26.2107 20.0998 20.5183 24.0000 20.9045 28.3725 19.0526 27.1662 25.3969 21.8174 25.3772 19.5448 24.1661 22.2935 20.0250 20.6640 23.1948 35.6090 35.9722 31.1929 33.4215 33.8969 34.5977 32.6190 32.0468 33.7491 34.0588 35.2562 33.9411 35.5949 37.5899 33.3916 34.4819 32.5576 35.7631 34.6843 31.9844 33.7935 35.1426 34.9285 34.2637 34.5543 33.4664 33.0757 36.5377 36.0416 32.5576
18.6011 18.8149 14.1421 12.5698 16.2481 16.7929 14.4222 14.3527 12.9615 13.9284 16.5529 11.9164 14.0712 16.0000 18.1659 15.0333 14.4222 16.1864 14.4222 14.2127 14.4222 17.8326 16.4317 10.2956 17.8326 15.6844 16.9115 15.6205 0.0000 9.6954 39.0256 39.2301 37.4700 38.8716 37.7359 39.8999 37.5899 36.9324 40.0250 38.6394 38.8458 37.6298 38.1445 37.5766 40.2616 38.9615 39.0512 37.9868 36.0555 38.8201 38.6264 38.2492 37.3229 40.2616 40.0749 41.1582 38.0920 37.9473 37.9737 38.8458 13.7113 18.2209 18.0000 18.2209 16.4317 19.7990 18.7617 17.7764 18.7083 19.2354 22.3159 23.2379 22.4054 19.5448 20.1990 24.7386 15.8745 18.8680 19.7484 15.7480 18.8680 19.0788 19.6469 17.0000 17.0294 18.1108 21.7256 22.0907 20.7846 18.6548 27.5862 28.9310 28.2489 27.2397 26.2679 28.3019 24.5357 25.2587 23.3024 25.4558 28.3373 24.8193 25.1595 29.6816 25.5734 23.2164 26.9072 23.5160 31.1609 25.1197 31.1769 29.5804 24.4949 30.8869 23.8328 27.4591 25.3180 24.2281 24.0624 25.8070 38.8072 39.7492 34.1028 37.9342 37.1887 38.1182 34.7563 35.7071 37.1080 37.3898 38.8973 37.6298 38.2492 41.8688 37.1618 38.3797 35.5809 39.4588 37.5366 36.0416 36.6333 37.8814 38.0000 37.2290 37.6032 36.9594 37.3095 38.6135 40.4104 34.8999
11.6619 15.6205 10.6771 11.4018 14.8997 13.7113 13.2665 11.8322 16.4317 9.3808 10.7703 14.3527 11.4018 13.0384 14.2829 13.4164 13.8564 15.5563 13.6382 12.1655 9.3808 17.0294 13.3417 14.5602 17.9444 13.8564 12.5698 11.4891 9.6954 0.0000 35.5668 36.4555 34.7563 35.3977 34.1760 37.4433 33.9853 33.3766 36.5240 35.3129 36.0139 34.5543 34.9428 34.8138 37.1080 35.9166 35.2846 35.6230 33.3467 35.8190 36.3318 35.9305 34.8855 37.5100 37.3095 36.9594 34.7419 35.0143 34.1760 35.2562 11.4018 12.1655 13.2665 15.7480 12.2474 15.2971 15.7480 12.5698 12.8062 16.1864 18.7617 19.0788 19.5959 16.2481 18.2757 22.0454 12.7279 15.2971 16.4924 14.4914 16.3095 14.4222 14.4914 10.7238 13.4907 15.6205 18.7617 16.9706 15.4919 14.8997 22.1585 25.0400 24.0000 22.8473 22.3607 25.0799 21.4942 21.0238 17.6352 20.4450 23.3024 20.6882 20.2731 24.5561 20.4939 18.9473 22.8473 20.3715 27.1477 19.8746 27.3496 23.7697 21.1187 25.3772 18.1659 23.7487 21.6102 19.7737 19.4679 21.6795 36.1939 36.6606 31.9218 34.7419 34.2491 35.1710 33.0151 33.0000 35.1994 34.3802 36.5377 34.4093 36.2077 39.1280 33.1813 34.7707 32.5269 36.6197 35.0571 33.3916 34.3511 35.1710 35.2420 34.6121 35.3270 34.4964 34.6410 36.1801 37.5899 32.5269
35.2846 31.4484 36.6470 33.6898 36.5377 36.0694 34.1321 38.9230 38.6911 32.7872 34.5109 37.1618 39.3827 34.3657 34.4238 32.9393 35.8190 36.5377 36.9459 38.4838 32.9697 36.5377 30.5123 38.1182 35.2562 33.8378 32.6343 35.1994 39.0256 35.5668 0.0000 16.9115 13.7477 8.6023 15.0000 13.8203 15.4919 15.7162 16.5227 10.1980 14.0000 18.8944 13.0384 12.2882 15.0997 11.7047 12.1655 16.2481 11.7898 14.6287 14.1067 16.6132 12.4097 16.5529 15.0665 17.7482 15.1658 13.4536 13.6015 15.5563 32.4191 30.8383 29.4109 29.8831 31.6702 30.7409 26.7769 30.8058 30.6757 29.9166 25.1992 26.5895 27.6225 28.0179 28.4429 30.7734 29.0689 31.3528 27.4408 31.9218 32.3883 29.0000 28.0535 32.8329 31.2570 29.4449 30.7409 28.4781 30.4138 31.7648 32.7414 29.7993 31.5753 29.6816 27.7308 28.7750 29.4109 30.4467 28.9482 30.6431 28.0000 28.1603 28.6007 27.8927 25.7488 32.6497 29.5127 29.5973 31.7490 27.9643 26.1343 28.2489 26.6271 28.8271 30.1828 29.6479 27.2764 31.1127 28.2843 29.0689 10.3441 16.7631 14.2127 13.9284 11.5758 15.0997 15.5242 16.4317 12.1655 15.7162 9.3808 13.8924 15.2971 17.2047 13.1909 14.9666 13.7477 12.5698 12.3288 12.8062 14.7309 15.6844 14.5258 10.5357 16.2173 20.4695 15.1327 17.0294 15.8114 12.1244
37.9868 34.5688 37.9342 36.3731 38.1182 37.3765 35.3977 38.7169 39.8121 34.4529 36.9459 39.1024 40.8534 36.5377 35.4542 35.5387 37.8286 36.7287 38.5357 39.2301 33.8969 39.3319 33.3017 38.5357 35.4824 35.1141 32.4500 36.0139 39.2301 36.4555 16.9115 0.0000 13.0767 12.5698 13.9642 15.1987 15.8114 13.5277 14.7309 13.7840 9.6954 12.9228 13.9284 10.8167 13.1149 12.2066 9.8995 16.4317 10.4403 10.5830 10.8167 9.8995 9.8995 13.4164 17.6918 15.7162 11.1355 10.7238 14.2478 10.9545 34.4529 32.9393 31.4166 32.4808 31.9531 31.7648 29.1719 31.8277 31.9844 30.3150 30.5450 26.1725 27.1846 29.6816 29.8161 33.0908 31.4802 33.2716 28.8271 31.6386 33.3617 30.1828 31.7648 34.3802 32.6650 31.2250 34.1906 28.4781 31.6702 33.4215 29.8329 31.4643 28.9655 30.4467 26.2488 29.1204 30.5450 31.9844 27.8209 30.1496 27.6405 29.2404 27.3861 27.5681 26.5895 32.1870 26.9258 28.5657 30.0998 28.1069 26.2107 26.7955 27.4408 29.8496 30.1828 29.2404 27.7849 28.8791 27.0555 27.0740 14.5258 13.5277 13.0384 17.3781 14.7648 15.4272 19.6723 13.7840 12.5698 14.6629 15.6205 15.3297 15.6844 15.8745 14.7648 15.0997 15.2643 15.6844 10.0000 13.9284 16.0312 14.4914 13.5277 14.4568 13.4536 16.9411 17.4642 12.4097 15.4919 15.0000
35.1852 30.9839 35.3836 32.8634 35.8887 34.4093 33.3766 37.1484 36.4417 32.2800 33.9411 36.1663 37.8153 33.0757 33.9706 32.8634 34.9571 35.2704 35.6651 36.7696 31.8434 36.2491 30.5287 36.9865 33.6155 34.2345 32.4654 33.5857 37.4700 34.7563 13.7477 13.0767 0.0000 13.8924 17.6635 15.4272 15.1327 13.0384 14.4222 14.1067 13.0767 16.5529 13.4536 12.0000 13.3041 13.8564 11.0000 15.0665 9.5917 13.3791 13.5647 12.0416 13.0000 15.8430 15.1658 19.4936 15.3948 11.3137 13.2665 16.7033 31.2730 30.7896 28.2489 30.3645 29.8329 29.5296 25.8457 29.5296 29.3258 29.6648 26.9072 24.8998 26.8701 26.0000 27.0185 31.0805 28.9137 30.1662 26.6458 29.4958 31.1769 28.8791 27.4955 31.7017 29.8664 29.6985 30.9839 27.3496 30.3645 30.3645 31.3528 29.4109 30.2985 29.6311 28.0713 28.1957 29.3598 29.8664 27.5862 30.5614 29.3087 28.7054 28.3019 26.9258 25.6515 31.0966 28.2843 28.3373 31.8277 28.0535 27.5318 27.4773 27.0185 29.0517 29.8664 29.2916 25.8263 29.1376 26.8887 30.0333 11.4891 14.8997 11.0000 15.1327 11.9583 16.0935 16.2481 12.2066 10.9087 14.6287 11.4455 11.6619 16.6433 13.2288 12.4499 15.2643 14.0712 13.0000 13.4536 10.0499 16.0000 17.0587 15.5563 10.3923 10.9545 16.7929 16.7332 16.5227 11.7047 13.1149
