0.0000 6.0618 3.2662 5.7382 5.6572 8.3349 5.2494 6.7685 6.4329 6.5020 6.9770 6.8259 7.8521 6.6462 5.8381 6.6171 6.8131 7.5888 6.4139 5.4436 6.9036 4.6248 6.2480 5.1436 6.4768 6.9155 7.8934 6.9172 8.6392 7.1773 22.1508 21.2631 20.7501 21.4272 21.1392 22.1700 20.4501 21.6349 20.7840 21.4691 19.1533 21.3278 22.3533 21.3684 20.1317 21.9417 22.0845 21.5018 20.2894 21.8376 20.9771 21.3648 20.2808 21.7331 21.4804 21.4405 18.8139 20.4330 22.1806 21.0108 14.1694 11.8709 12.7445 14.4096 13.5691 13.3508 17.1095 15.3007 10.9582 19.6962 12.1427 13.6889 20.0747 15.5601 14.4065 12.7105 15.8819 15.3470 16.6374 15.4907 15.7412 15.0741 18.5808 13.0778 17.4282 12.9560 10.9632 16.8161 18.3373 13.4420 9.1410 13.3279 14.9146 15.8787 14.4061 9.9592 8.5645 14.3463 10.9281 10.3475 17.5350 15.2239 10.9896 17.3927 16.2289 17.9243 11.8233 14.2299 8.4924 16.2192 18.7207 9.0107 19.1932 15.0619 17.2394 10.4065 12.1143 16.8037 11.7744 14.8542 19.6568 21.9452 19.6158 21.9958 20.9172 20.1534 22.2567 20.7583 21.9286 20.4287 21.6888 21.8250 21.9985 20.8690 19.3088 22.0866 22.2306 20.7021 20.2754 21.8546 21.6725 21.1045 19.4762 21.5982 21.9476 22.0765 21.8662 20.7631 22.1977 21.7898
6.0618 0.0000 5.5200 6.2381 7.4043 7.7255 4.5642 8.1804 8.8367 9.0435 10.2647 9.4906 11.1868 5.1786 6.6696 9.6229 10.0297 9.1766 8.5408 7.3696 6.1009 6.4160 5.0405 7.4714 9.0758 10.1684 9.4820 7.7607 10.9847 9.2682 20.5121 19.6919 19.1728 19.7804 19.5065 20.5541 18.7482 20.0219 19.2006 19.8455 17.5706 19.7808 20.7091 19.7582 18.5814 20.2962 20.4713 19.9432 18.6279 20.2428 19.2736 19.7706 18.6877 20.0920 19.8999 19.8510 17.1002 18.7972 20.5607 19.4093 13.2498 10.3313 11.0955 13.1431 11.6332 11.7774 15.6786 13.7067 9.1449 18.1102 10.8172 12.0385 18.5261 13.7315 13.3460 11.5812 14.3008 13.7562 15.0305 13.9219 15.1912 13.9509 17.2927 11.7902 15.9353 11.9000 9.3793 14.9571 16.8879 11.9648 7.4287 10.6308 13.4479 14.0477 12.1461 8.0845 5.2793 11.8393 9.3586 9.2522 15.4562 13.0612 7.6062 15.4954 14.3965 16.0366 9.3497 11.7947 7.1359 14.6891 16.8764 6.6352 17.3049 12.9133 15.3468 8.5752 9.7410 15.0177 9.5682 12.5638 17.8414 20.3141 17.8518 20.3791 19.2865 18.4584 20.6185 19.0994 20.3003 18.6708 20.0981 20.2436 20.4429 19.2641 17.6587 20.4646 20.6294 18.9680 18.6337 20.2535 20.0008 19.3954 17.9134 19.9807 20.2783 20.4680 20.2416 19.0731 20.5655 20.1642
3.2662 5.5200 0.0000 5.1494 4.9313 7.7844 4.0385 6.5851 6.2040 5.9805 7.0125 6.8768 7.7206 5.7810 4.8431 6.6933 6.4047 7.0336 6.5566 5.1794 6.4399 4.6007 5.2425 4.6810 6.2756 7.0623 7.5501 6.6915 8.2350 6.7416 21.7199 20.8410 20.3356 20.9961 20.7126 21.7442 20.0020 21.2186 20.3634 21.0408 18.7288 20.9118 21.9212 20.9473 19.7091 21.5107 21.6621 21.0855 19.8535 21.4186 20.5263 20.9382 19.8435 21.3096 21.0630 21.0107 18.3591 19.9981 21.7575 20.5765 13.8140 11.3171 12.1950 13.8754 13.0653 12.9046 16.6358 14.8436 10.3718 19.2364 11.6944 13.1415 19.6669 15.0701 14.0931 12.3148 15.3511 14.9084 16.1627 15.0111 15.3364 14.6799 18.1729 12.5752 17.0038 12.4999 10.3728 16.3090 17.9328 12.9425 8.5758 12.6579 14.5262 15.3982 13.8143 9.3039 7.9875 13.7073 10.2541 9.7099 16.9944 14.6080 10.2630 16.8798 15.7119 17.4278 11.1856 13.6109 7.7487 15.7997 18.2480 8.1757 18.7032 14.4915 16.7094 9.7488 11.4070 16.3056 11.2459 14.2568 19.1767 21.5169 19.1569 21.5530 20.4714 19.7008 21.8307 20.3243 21.4946 19.9718 21.2685 21.4039 21.5828 20.4385 18.8535 21.6501 21.8089 20.2518 19.8150 21.4245 21.2293 20.6578 19.0483 21.1700 21.5115 21.6485 21.4407 20.3185 21.7686 21.3614
5.7382 6.2381 5.1494 0.0000 3.6592 9.7893 4.9856 5.8040 5.9952 6.6866 6.8879 5.5250 8.5073 7.3760 6.5280 6.3320 7.3851 6.3370 6.5159 6.5227 7.6233 4.1872 7.3912 4.0704 6.2689 7.7477 9.0275 5.8206 9.2340 6.3690 22.3288 21.4765 20.9667 21.6210 21.3441 22.3611 20.6573 21.8285 20.9827 21.6679 19.4285 21.5386 22.5253 21.5640 20.3553 22.1296 22.2772 21.6932 20.5017 22.0297 21.1735 21.5864 20.5059 21.9176 21.6865 21.6400 19.0732 20.6579 22.3707 21.2181 14.5960 12.2057 13.1139 14.7600 14.0008 13.8316 17.3963 15.6670 11.2742 19.9305 12.2667 14.0712 20.2829 15.8671 14.8650 13.1737 16.1373 15.5911 16.9661 15.7980 16.0388 15.5133 18.8663 13.3683 17.6897 13.4229 11.3816 17.0697 18.5900 13.7143 9.4951 13.5983 15.2764 16.1973 14.6932 10.4609 8.7349 14.6231 11.2952 10.5905 17.7505 15.5243 11.2028 17.6389 16.5182 18.1245 12.0413 14.4878 8.7556 16.4825 18.9326 9.2090 19.3935 15.3233 17.4497 10.8912 12.2941 17.1016 12.1927 15.1058 19.8663 22.1223 19.8432 22.1812 21.0966 20.3597 22.4103 20.9648 22.1192 20.6253 21.8879 22.0271 22.2025 21.0918 19.5296 22.2664 22.4132 20.9058 20.4960 22.0427 21.8512 21.2954 19.7553 21.7901 22.1227 22.2634 22.0598 20.9710 22.3777 21.9803
5.6572 7.4043 4.9313 3.6592 0.0000 10.0013 5.7452 6.5067 6.0093 4.8674 5.5718 5.5122 6.7360 8.3805 6.7530 5.6700 5.4712 6.6532 6.4220 5.7661 8.5057 3.8941 8.0699 2.5234 5.8284 6.4682 8.9114 5.7747 7.8685 6.2874 23.0480 22.1730 21.6941 22.3605 22.0783 23.0637 21.3929 22.5634 21.6930 22.3955 20.1650 22.2228 23.2471 22.2767 21.0571 22.8461 22.9946 22.4008 21.2649 22.7371 21.9185 22.2915 21.2488 22.6465 22.3912 22.3575 19.8637 21.4206 23.0763 21.9560 15.2455 12.9849 13.9394 15.4338 14.9234 14.7097 18.0812 16.3661 12.2646 20.6303 13.1628 14.9217 21.0147 16.6947 15.5886 13.8413 16.9160 16.4065 17.7047 16.5064 16.4752 16.1666 19.4226 14.1373 18.3941 14.0293 12.1669 17.8802 19.3030 14.5239 10.6359 14.6812 16.1428 17.0707 15.7333 11.5486 10.1002 15.6710 12.1729 11.3980 18.6336 16.4634 12.5086 18.4820 17.3400 18.9975 13.1779 15.5342 9.6299 17.2740 19.7705 10.3684 20.2156 16.2530 18.2557 11.8967 13.4209 17.9005 13.2943 16.1116 20.6607 22.8448 20.6373 22.8826 21.8008 21.1112 23.1307 21.7146 22.8265 21.3968 22.5846 22.7170 22.8606 21.7934 20.3046 22.9655 23.1138 21.6684 21.2338 22.7489 22.5753 22.0334 20.4765 22.5112 22.8478 22.9489 22.7741 21.7191 23.0952 22.6972
8.3349 7.7255 7.7844 9.7893 10.0013 0.0000 8.4105 10.5713 11.2779 11.0381 12.1361 11.8930 12.5645 6.6929 7.0967 11.7412 11.7176 11.6133 11.1934 9.7000 6.3175 9.3040 6.6529 9.9372 11.1644 12.1879 10.3599 8.7679 11.0356 11.6218 18.4467 17.5774 17.1038 17.6474 17.3473 18.4649 16.5480 17.9040 17.0994 17.7292 15.3353 17.7451 18.6469 17.6671 16.4202 18.1744 18.3890 17.8507 16.3817 18.1942 17.0930 17.6635 16.5279 17.9966 17.7837 17.7975 14.7635 16.5527 18.4526 17.2564 11.0925 7.5422 8.3121 10.6944 8.4480 10.0550 13.5228 11.3902 6.6409 16.0143 8.7679 10.3458 16.4964 11.4439 11.0890 9.9052 11.8567 11.8249 12.8422 11.7494 13.3335 11.9842 15.3142 9.9775 13.7943 9.6853 7.6904 12.3733 14.8964 9.2727 6.5347 7.6234 11.6356 11.7760 8.7746 5.7614 8.6147 8.2915 9.5529 10.0680 12.9531 9.6834 8.1151 13.0022 11.8749 13.7044 6.2396 8.3350 8.9380 12.8344 14.4759 6.5829 14.8362 9.8426 12.9911 5.7244 6.6350 12.8452 6.1133 9.3257 15.4606 18.2205 15.5173 18.3263 17.2247 16.3079 18.6032 16.9483 18.1742 16.4454 18.0790 18.1055 18.3736 17.0618 15.4193 18.4005 18.5670 16.7101 16.4156 18.1996 17.8823 17.2530 15.8014 17.9203 18.1857 18.3864 18.2176 16.9467 18.5079 18.0925
5.2494 4.5642 4.0385 4.9856 5.7452 8.4105 0.0000 6.3677 6.0278 7.8238 8.1908 7.1152 9.4640 5.3089 5.6657 7.3029 7.9758 6.3477 6.5633 5.1320 6.5562 5.3013 5.2543 5.6035 6.4063 8.5637 8.6179 7.1307 9.8421 6.6077 21.2454 20.4191 19.9059 20.5189 20.2528 21.2870 19.5264 20.7558 19.9374 20.5776 18.3149 20.4953 21.4419 20.5030 19.3204 21.0415 21.1954 20.6662 19.3817 20.9664 20.0387 20.4954 19.4029 20.8389 20.6299 20.5703 17.8803 19.5325 21.3026 20.1241 13.7503 10.9962 11.8620 13.6315 12.5754 12.2638 16.3129 14.5517 9.8008 18.8064 11.4439 12.7647 19.2464 14.6039 13.9329 12.2273 14.9765 14.4956 15.7867 14.7168 15.4276 14.5269 17.9468 12.3255 16.6382 12.4181 10.0135 15.8067 17.5937 12.6681 8.0414 11.8223 14.1270 14.7853 13.1222 8.7570 6.1862 12.9948 9.8906 9.0074 16.3862 14.0018 9.0670 16.3347 15.2370 16.8602 10.4661 12.8560 7.2637 15.4614 17.7087 7.4906 18.1607 13.8948 16.2007 9.0963 10.6989 15.8019 10.7198 13.6114 18.6610 21.0496 18.6447 21.1025 20.0231 19.2283 21.3602 19.8467 21.0417 19.4705 20.8335 20.9837 21.1767 20.0177 18.3906 21.1966 21.3594 19.7571 19.3679 20.9719 20.7505 20.1786 18.6191 20.7007 21.0309 21.2031 20.9784 19.8261 21.2999 20.9065
6.7685 8.1804 6.5851 5.8040 6.5067 10.5713 6.3677 0.0000 5.1850 8.5927 7.0497 5.2315 9.5865 7.9721 7.6875 6.2887 8.2725 5.7686 5.5305 6.9471 8.1856 7.3214 8.6016 6.7480 5.9873 7.1406 9.6858 7.3819 10.0002 5.8841 22.3470 21.5653 20.9901 21.6410 21.3445 22.3907 20.7011 21.8441 21.0246 21.6844 19.4632 21.5892 22.5411 21.6073 20.4112 22.1586 22.2949 21.7202 20.5146 22.0552 21.1815 21.5942 20.5112 21.9374 21.7214 21.6680 19.0739 20.6530 22.4008 21.2200 14.8329 12.5647 13.3717 14.7634 14.0488 13.7909 17.5049 15.9512 11.2443 19.9722 12.8489 14.1088 20.2834 15.9926 14.9656 13.5799 16.3308 15.6998 17.0200 15.9536 16.2136 15.5876 19.0318 13.6378 17.8696 13.4855 11.8040 17.1061 18.6509 13.9729 9.8627 13.6565 15.2239 16.1269 14.7284 10.8476 9.0353 14.6641 11.9681 10.3429 17.7748 15.5065 11.6645 17.6772 16.7056 18.1671 12.2677 14.4629 8.7755 16.5812 18.9788 9.5425 19.4509 15.4829 17.5130 10.8950 12.5086 17.1465 12.5147 15.1365 19.8897 22.1404 19.8513 22.1965 21.1374 20.3938 22.4627 20.9859 22.1552 20.6525 21.9184 22.0752 22.2770 21.1406 19.5486 22.3040 22.4520 20.9291 20.4833 22.0611 21.8784 21.3384 19.8031 21.8023 22.1602 22.3093 22.0865 20.9862 22.4034 22.0095
6.4329 8.8367 6.2040 5.9952 6.0093 11.2779 6.0278 5.1850 0.0000 7.9531 4.3453 2.9652 7.2680 9.0304 7.9861 3.2162 6.5097 3.2766 3.7194 5.6744 9.7397 6.6156 9.0895 6.1527 2.3011 5.1091 9.7031 7.8491 9.4824 3.0413 23.4470 22.6361 22.1114 22.7543 22.4800 23.4738 21.8388 22.9581 22.1355 22.7863 20.6137 22.6510 23.6337 22.7096 21.5202 23.2558 23.3816 22.8319 21.6656 23.1416 22.3276 22.7007 21.6346 23.0512 22.8119 22.7620 20.2725 21.8078 23.4864 22.3478 15.8861 13.7477 14.7045 15.9666 15.4934 14.9736 18.5817 17.1246 12.7785 21.0803 14.0279 15.4053 21.4481 17.2500 16.1485 14.6353 17.4831 16.9659 18.2293 17.1739 17.0601 16.6932 20.0684 14.7508 18.9731 14.6039 12.8977 18.3900 19.8442 15.2917 11.2020 15.2606 16.6646 17.4297 16.2463 12.0732 10.3368 16.2367 12.8912 11.4555 19.1107 16.9636 13.0985 18.9642 17.9321 19.4414 13.8538 16.0438 10.0042 17.7953 20.2227 11.0188 20.7007 16.8426 18.7762 12.3272 14.0427 18.3259 14.1438 16.6678 21.1049 23.2451 21.0497 23.2836 22.2394 21.5338 23.5482 22.1178 23.2440 21.8192 22.9996 23.1511 23.3196 22.2471 20.7229 23.3817 23.5343 22.0855 21.6512 23.1535 22.9963 22.4712 20.8934 22.9079 23.2603 23.3894 23.1762 22.1251 23.4972 23.1135
6.5020 9.0435 5.9805 6.6866 4.8674 11.0381 7.8238 8.5927 7.9531 0.0000 6.1857 7.3964 5.5304 10.1238 7.7609 7.0141 4.4832 8.5593 8.4298 7.1476 10.0357 5.4692 9.2904 4.3852 7.7872 6.5132 9.2723 7.3275 5.8990 7.8993 23.9547 23.0853 22.6266 23.2839 23.0065 23.9655 22.3496 23.4800 22.6209 23.3138 21.1252 23.1241 24.1465 23.2015 21.9943 23.7555 23.8971 23.3075 22.2088 23.6416 22.8615 23.2018 22.1722 23.5651 23.2964 23.2604 20.8561 22.3509 23.9820 22.8716 16.2512 14.1837 15.1559 16.4948 16.1133 15.8986 19.0224 17.4953 13.6077 21.5585 14.4343 16.0516 21.9652 17.8269 16.6082 15.0236 17.9512 17.5208 18.7209 17.6429 17.2299 17.1988 20.3434 15.2541 19.4065 15.1390 13.4342 18.9433 20.2774 15.7266 12.2310 16.0217 17.2485 18.1991 16.9749 12.9508 11.9587 16.9438 13.4223 12.6539 19.7334 17.6144 14.0809 19.5648 18.4423 20.0565 14.6265 16.8177 10.8164 18.3132 20.8037 11.9981 21.2392 17.4552 19.3175 13.2495 14.7802 18.9399 14.7003 17.3431 21.6492 23.7534 21.6172 23.7776 22.7258 22.0679 24.0438 22.6536 23.7330 22.3696 23.4944 23.6309 23.7534 22.7197 21.2728 23.8653 24.0133 22.6277 22.1616 23.6508 23.4900 22.9839 21.4230 23.4224 23.7688 23.8523 23.6794 22.6638 23.9969 23.6103
6.9770 10.2647 7.0125 6.8879 5.5718 12.1361 8.1908 7.0497 4.3453 6.1857 0.0000 3.9068 4.6283 10.8570 8.8552 2.6727 4.1543 5.3501 5.3826 6.4641 11.0330 6.4233 10.4973 5.8455 4.0395 3.5091 10.1182 7.9873 7.8787 4.4305 24.6337 23.7925 23.2967 23.9610 23.6823 24.6393 23.0588 24.1496 23.3034 23.9783 21.8211 23.7894 24.8200 23.8814 22.6688 24.4388 24.5632 23.9798 22.8894 24.3094 23.5558 23.8806 22.8371 24.2454 23.9676 23.9313 21.5488 23.0367 24.6573 23.5457 16.9407 15.0276 16.0237 17.1920 16.9544 16.5356 19.7726 18.3017 14.3571 22.2783 15.2999 16.8107 22.6408 18.5761 17.2851 15.7993 18.7520 18.2657 19.4812 18.3764 17.8451 17.8413 21.0720 16.0175 20.1654 15.7036 14.2606 19.7134 21.0004 16.5509 12.9301 16.9549 18.0059 18.8912 17.8394 13.7933 12.5586 17.8630 14.3573 13.1258 20.5359 18.4989 15.0478 20.3523 19.2912 20.8202 15.5321 17.6927 11.5562 19.0535 21.5587 12.8221 22.0237 18.3112 20.1042 14.0545 15.7120 19.6818 15.7213 18.2290 22.3969 24.4325 22.3388 24.4503 23.4176 22.7714 24.7249 23.3438 24.4163 23.0797 24.1620 24.2981 24.4337 23.4085 21.9796 24.5417 24.6951 23.3350 22.8770 24.3255 24.1939 23.6872 22.1188 24.1007 24.4576 24.5438 24.3556 23.3625 24.6808 24.3001
6.8259 9.4906 6.8768 5.5250 5.5122 11.8930 7.1152 5.2315 2.9652 7.3964 3.9068 0.0000 6.9434 9.8018 8.5098 2.8825 6.4775 3.8520 4.0933 6.5876 10.2189 6.4668 9.8206 5.5345 3.4342 5.0666 10.0067 7.7258 9.3739 3.5605 23.9257 23.1059 22.5909 23.2461 22.9644 23.9502 22.3400 23.4383 22.6109 23.2783 21.1191 23.1237 24.1125 23.1885 22.0020 23.7351 23.8624 23.2974 22.1686 23.6160 22.8295 23.1822 22.1433 23.5314 23.2851 23.2463 20.7970 22.3072 23.9610 22.8406 16.3584 14.3067 15.2855 16.5003 16.0894 15.6302 19.0779 17.6440 13.4250 21.5667 14.4740 16.0009 21.9131 17.8087 16.5987 15.1024 18.0196 17.4780 18.7511 17.7038 17.4184 17.1779 20.4999 15.2911 19.4449 15.1466 13.5363 18.9309 20.3039 15.7920 11.8515 15.9602 17.1830 18.0393 16.8849 12.8019 11.2237 16.8878 13.4872 12.1630 19.6917 17.5919 13.8953 19.5211 18.4811 19.9884 14.5118 16.7087 10.7286 18.2571 20.7514 11.7562 21.2281 17.4497 19.3212 13.0571 14.7021 18.8953 14.7548 17.2847 21.6329 23.7170 21.5715 23.7680 22.7162 22.0406 24.0153 22.6099 23.7235 22.3275 23.4758 23.6167 23.7757 22.7280 21.2378 23.8590 24.0027 22.5895 22.1476 23.6283 23.4770 22.9649 21.3961 23.3916 23.7432 23.8536 23.6560 22.6287 23.9757 23.5893
7.8521 11.1868 7.7206 8.5073 6.7360 12.5645 9.4640 9.5865 7.2680 5.5304 4.6283 6.9434 0.0000 11.9564 9.3044 5.5906 3.6505 8.0274 8.1211 7.2845 12.0856 7.0953 11.2534 6.7480 6.6686 5.4648 10.5832 8.8209 6.7068 6.9955 25.1965 24.3523 23.8836 24.5388 24.2586 25.1893 23.6477 24.7273 23.8858 24.5500 22.4107 24.3405 25.3773 24.4569 23.2442 24.9943 25.1206 24.5453 23.4756 24.8668 24.1381 24.4389 23.4167 24.8217 24.5180 24.4927 22.1450 23.6131 25.2061 24.1148 17.6295 15.7057 16.7525 17.8617 17.6972 17.3061 20.3754 18.9760 15.2156 22.8455 16.1817 17.5952 23.2649 19.2177 17.9703 16.5257 19.3709 18.9974 20.1191 19.0856 18.3493 18.5117 21.6437 16.7143 20.8058 16.4722 14.9590 20.3479 21.6524 17.3118 14.0911 17.7643 18.7841 19.6277 18.5999 14.6974 13.7945 18.6057 15.1378 14.0696 21.2042 19.2039 15.9949 21.0280 19.9829 21.4806 16.4414 18.4808 12.4669 19.8181 22.2106 13.8768 22.6602 19.0210 20.7726 14.9773 16.5239 20.3494 16.5972 18.9975 23.0120 24.9947 22.9434 25.0046 23.9881 23.3854 25.3015 23.9270 24.9644 23.6849 24.7409 24.8429 24.9651 23.9607 22.5962 25.0923 25.2557 23.9259 23.4570 24.8834 24.7570 24.2762 22.7229 24.6696 25.0331 25.0885 24.9236 23.9546 25.2449 24.8745
6.6462 5.1786 5.7810 7.3760 8.3805 6.6929 5.3089 7.9721 9.0304 10.1238 10.8570 9.8018 11.9564 0.0000 5.4613 10.0266 10.7259 9.1218 8.8519 7.5289 4.0717 7.9979 2.9604 8.5542 9.3757 10.7790 9.0073 8.7138 11.6442 9.2806 19.4987 18.6991 18.1391 18.7227 18.4446 19.5296 17.6687 18.9770 18.1838 18.7963 16.4538 18.7851 19.6900 18.7491 17.5422 19.2660 19.4382 18.9195 17.5051 19.2318 18.1924 18.7227 17.6051 19.0658 18.8647 18.8202 15.9252 17.6771 19.5482 18.3418 12.1992 8.9826 9.5352 11.8438 10.0328 10.3737 14.6105 12.5330 7.5388 17.0405 9.5791 10.6377 17.4995 12.4955 12.2403 10.5745 13.0310 12.6570 13.8605 12.7505 14.3668 12.9581 16.3168 10.7485 14.8858 10.8219 8.1989 13.6994 15.9400 10.5380 5.9185 8.7798 12.2908 12.7986 10.3674 6.3133 4.6354 9.9986 7.9937 8.2817 14.1300 11.5038 5.8117 14.2475 13.1752 14.7811 7.6045 10.0654 6.8342 13.6940 15.6605 4.4094 16.1139 11.4160 14.1534 6.6561 7.7066 13.9140 7.9112 11.0093 16.6735 19.2971 16.6829 19.3632 18.2785 17.4120 19.6396 18.0263 19.2723 17.5712 19.1306 19.2362 19.4783 18.1999 16.5178 19.4523 19.6369 17.8740 17.5502 19.2388 18.9681 18.3437 16.8741 18.9536 19.2649 19.4638 19.2342 18.0187 19.5591 19.1653
5.8381 6.6696 4.8431 6.5280 6.7530 7.0967 5.6657 7.6875 7.9861 7.7609 8.8552 8.5098 9.3044 5.4613 0.0000 8.0878 8.1258 7.8048 8.9163 6.5291 5.8458 6.1457 4.9602 6.7746 7.9877 9.1954 7.9847 7.3978 9.1839 7.6536 20.4186 19.6245 19.0933 19.6755 19.3879 20.4446 18.6608 19.9227 19.1111 19.7255 17.4182 19.6605 20.6109 19.6844 18.4456 20.1935 20.3542 19.8368 18.4738 20.1307 19.1533 19.6323 18.5083 20.0114 19.7715 19.7309 16.9020 18.6255 20.4457 19.2443 12.9858 9.7362 10.7089 12.5755 11.3826 11.5505 15.4283 13.6855 8.5673 17.9416 10.6872 11.7659 18.4526 13.5061 13.0797 11.4645 13.9398 13.6316 14.8567 13.9261 14.4518 13.7510 17.1658 11.4002 15.8950 11.5692 9.0405 14.7532 16.9153 11.6637 7.7994 10.6160 13.4485 13.9248 11.9504 7.8516 7.5050 11.5743 9.1271 8.7141 15.3475 12.7035 8.4453 15.4369 14.3950 15.9046 9.3958 11.5866 7.0712 14.8516 16.7979 6.2592 17.2423 12.8004 15.2306 8.3625 9.1908 15.0529 9.8743 12.4594 17.7298 20.2124 17.7204 20.2519 19.1583 18.3883 20.5775 18.9757 20.1770 18.5932 20.0510 20.1277 20.3500 19.1107 17.4916 20.3622 20.5580 18.8636 18.4516 20.1399 19.8928 19.3310 17.8632 19.8634 20.2227 20.3681 20.1713 18.9954 20.4891 20.0991
6.6171 9.6229 6.6933 6.3320 5.6700 11.7412 7.3029 6.2887 3.2162 7.0141 2.6727 2.8825 5.5906 10.0266 8.0878 0.0000 5.1597 3.8518 4.8697 5.9744 10.5467 6.1665 9.8028 5.7779 3.0370 4.3592 9.7799 7.9528 8.5262 2.7762 24.0558 23.2412 22.7297 23.3753 23.0955 24.0661 22.4723 23.5716 22.7479 23.3947 21.2341 23.2299 24.2389 23.3222 22.1104 23.8577 23.9818 23.4292 22.2858 23.7393 22.9553 23.2937 22.2421 23.6697 23.3963 23.3567 20.9049 22.4209 24.0803 22.9551 16.5137 14.4119 15.4176 16.6016 16.2466 15.7797 19.1945 17.7806 13.5741 21.6950 14.7676 16.1543 22.0811 17.9186 16.7375 15.2510 18.1271 17.6717 18.8761 17.8437 17.4292 17.3042 20.6236 15.3859 19.6102 15.2510 13.6316 19.0612 20.4786 15.9960 12.2085 16.1516 17.4172 18.1865 17.0768 13.0104 11.5346 17.0621 13.6160 12.2921 19.8408 17.7318 14.1422 19.6857 18.6616 20.1520 14.7734 16.8931 10.7650 18.4973 20.9148 11.9781 21.3931 17.5951 19.4886 13.2657 14.8814 19.0162 15.0708 17.4744 21.7756 23.8502 21.7022 23.8761 22.8443 22.1834 24.1634 22.7398 23.8382 22.4700 23.6145 23.7311 23.8877 22.8319 21.3750 23.9750 24.1340 22.7232 22.2639 23.7489 23.6061 23.1044 21.5309 23.5189 23.8831 23.9767 23.7830 22.7667 24.1068 23.7285
6.8131 10.0297 6.4047 7.3851 5.4712 11.7176 7.9758 8.2725 6.5097 4.4832 4.1543 6.4775 3.6505 10.7259 8.1258 5.1597 0.0000 7.0827 7.5130 6.2412 11.0404 5.9653 10.0430 5.5465 6.3246 5.1022 9.6505 7.7389 6.2703 6.1154 24.4420 23.6047 23.1181 23.7672 23.4939 24.4481 22.8606 23.9644 23.1181 23.7848 21.6218 23.6025 24.6275 23.7000 22.4925 24.2464 24.3694 23.8090 22.6954 24.1214 23.3580 23.6846 22.6336 24.0587 23.7816 23.7405 21.3485 22.8319 24.4701 23.3494 16.8082 14.7746 15.8132 17.0029 16.7342 16.3260 19.5416 18.1563 14.1427 22.0757 15.1846 16.6066 22.4789 18.3991 17.1431 15.6461 18.5254 18.1070 19.2805 18.2535 17.6197 17.7287 20.9205 15.7959 19.9836 15.6040 14.0086 19.4986 20.8383 16.4028 12.8631 16.7059 17.8521 18.6992 17.6033 13.5564 12.4721 17.6095 14.0877 12.9313 20.3057 18.2127 14.7985 20.1429 19.0699 20.6158 15.3771 17.4448 11.2089 18.9312 21.3613 12.6449 21.8134 18.0797 19.8901 13.8103 15.4476 19.4486 15.5335 17.9958 22.1860 24.2435 22.1316 24.2611 23.2274 22.5775 24.5480 23.1478 24.2226 22.8834 23.9816 24.1283 24.2561 23.2281 21.7750 24.3564 24.5109 23.1391 22.6589 24.1295 23.9954 23.5042 21.9209 23.9081 24.2697 24.3590 24.1709 23.1613 24.4891 24.1135
7.5888 9.1766 7.0336 6.3370 6.6532 11.6133 6.3477 5.7686 3.2766 8.5593 5.3501 3.8520 8.0274 9.1218 7.8048 3.8518 7.0827 0.0000 5.3754 5.9759 10.2008 7.3424 9.0594 6.8221 3.5497 6.5631 10.0490 8.5614 9.9032 2.4151 23.2098 22.4644 21.9161 22.5200 22.2406 23.2372 21.6108 22.7359 21.9367 22.5482 20.4272 22.4377 23.3851 22.5108 21.3341 23.0149 23.1408 22.6445 21.4242 22.9160 22.0737 22.4633 21.3956 22.8296 22.5900 22.5370 20.0128 21.5590 23.2568 22.1155 16.0165 13.6251 14.6318 15.8456 15.3185 14.7594 18.4151 17.1061 12.6167 20.8731 14.1018 15.2382 21.2759 17.0340 16.1767 14.7188 17.3237 16.8777 18.0604 17.1244 16.9642 16.7011 20.0413 14.6544 18.8864 14.6329 12.9147 18.1405 19.7888 15.2847 11.2982 14.9290 16.6885 17.1805 15.9701 11.9812 9.9689 15.9000 12.7942 11.2087 18.7997 16.6193 12.7499 18.7348 17.7833 19.1928 13.6936 15.7042 9.8499 17.7206 19.9840 10.7717 20.4768 16.5879 18.5323 12.1878 13.7159 18.0492 14.2598 16.3819 20.8626 23.0023 20.7888 23.0400 22.0029 21.3068 23.3305 21.8722 23.0070 21.5696 22.7944 22.9344 23.1158 22.0258 20.4964 23.1461 23.3167 21.8325 21.3922 22.9124 22.7507 22.2512 20.7023 22.6737 23.0310 23.1643 22.9472 21.8838 23.2681 22.8979
6.4139 8.5408 6.5566 6.5159 6.4220 11.1934 6.5633 5.5305 3.7194 8.4298 5.3826 4.0933 8.1211 8.8519 8.9163 4.8697 7.5130 5.3754 0.0000 6.2806 9.5183 7.4173 9.2236 6.5288 3.9643 5.2892 10.1671 8.3701 10.2792 5.1957 23.3660 22.5343 22.0184 22.6771 22.3934 23.3901 21.7484 22.8766 22.0554 22.7164 20.5285 22.5784 23.5544 22.6179 21.4388 23.1697 23.3066 22.7327 21.5913 23.0627 22.2483 22.6212 21.5832 22.9677 22.7257 22.6856 20.1843 21.7387 23.4073 22.2799 15.8250 13.7960 14.6323 15.9829 15.3884 14.9315 18.5609 16.9328 12.8094 21.0028 14.0331 15.4096 21.3467 17.1466 16.0756 14.5934 17.4801 16.8962 18.1499 17.0266 17.1976 16.6541 19.9165 14.8755 18.8532 14.5837 12.8803 18.3131 19.7131 15.1837 11.1677 15.1304 16.5020 17.3514 16.1294 12.1037 10.1915 16.1420 13.0035 11.7514 19.0204 16.9500 12.9650 18.8629 17.8155 19.3551 13.7304 15.9521 10.3259 17.6662 20.1241 11.0623 20.5886 16.7409 18.6951 12.3436 14.0688 18.2772 13.9032 16.5690 21.0203 23.1641 20.9673 23.2140 22.1721 21.4596 23.4562 22.0379 23.1650 21.7353 22.9154 23.0543 23.2227 22.1536 20.6611 23.2962 23.4465 22.0031 21.5949 23.0785 22.9168 22.3712 20.8080 22.8335 23.1709 23.2919 23.0904 22.0436 23.4156 23.0247
5.4436 7.3696 5.1794 6.5227 5.7661 9.7000 5.1320 6.9471 5.6744 7.1476 6.4641 6.5876 7.2845 7.5289 6.5291 5.9744 6.2412 5.9759 6.2806 0.0000 8.4933 5.9262 7.2218 5.9459 5.1557 6.5807 8.7931 7.5609 8.7890 5.8921 22.5214 21.7206 21.1799 21.8119 21.5255 22.5252 20.8574 22.0354 21.2042 21.8270 19.5944 21.6800 22.7071 21.7786 20.5191 22.3093 22.4447 21.9129 20.6630 22.2114 21.3430 21.7413 20.6250 22.1356 21.8462 21.7863 19.1741 20.8112 22.5436 21.3764 14.9665 12.4687 13.4183 14.9035 14.3013 13.8005 17.6538 15.9657 11.6402 20.1155 13.2002 14.3163 20.5859 15.9939 15.1882 13.7360 16.4037 16.0449 17.1581 16.0540 16.2157 15.7103 19.1214 13.7395 18.0886 13.4848 11.6551 17.2699 19.0155 14.2578 10.3684 13.8483 15.8226 16.3107 15.0094 10.8831 8.9565 14.9094 11.8592 10.4964 17.9771 15.7760 11.6238 17.9348 16.9415 18.3941 12.5842 14.7804 8.8946 16.9864 19.2109 9.8545 19.7067 15.6002 17.7120 11.1610 12.7613 17.2373 13.1583 15.4828 20.0868 22.3239 20.0156 22.3112 21.2847 20.5779 22.6529 21.1585 22.2781 20.8326 22.0965 22.1835 22.3648 21.2282 19.7331 22.4221 22.6209 21.0977 20.6848 22.2277 22.0507 21.5013 19.9586 21.9671 22.3372 22.4442 22.2306 21.1663 22.5756 22.2047
6.9036 6.1009 6.4399 7.6233 8.5057 6.3175 6.5562 8.1856 9.7397 10.0357 11.0330 10.2189 12.0856 4.0717 5.8458 10.5467 11.0404 10.2008 9.5183 8.4933 0.0000 8.0212 5.0559 8.6651 9.9550 11.1638 9.2898 8.5263 11.4148 10.3002 19.4106 18.5650 18.0296 18.6406 18.3582 19.4416 17.5894 18.8763 18.0864 18.7165 16.3065 18.6844 19.6160 18.6295 17.3802 19.1775 19.3639 18.7579 17.4039 19.1387 18.1062 18.6373 17.5078 18.9718 18.7570 18.7097 15.7877 17.5881 19.4372 18.2029 11.8410 8.7186 9.1525 11.5577 9.8189 10.5519 14.5609 12.2149 7.2230 16.9248 9.2927 10.6135 17.3666 12.2455 11.9417 10.4037 12.8426 12.3794 13.6980 12.5001 14.2140 12.6994 16.0351 10.6751 14.7696 10.5447 8.0052 13.5683 15.6583 10.0769 6.2179 8.7395 11.7923 12.7488 10.1578 6.6036 6.7617 9.8144 8.2951 8.7891 14.0857 11.4341 6.7230 14.1470 13.1032 14.6670 7.3079 9.9811 7.4401 13.6365 15.5530 4.8499 15.9648 11.3515 14.0528 6.8528 7.6048 14.1279 7.1993 10.8653 16.5557 19.2203 16.6119 19.2623 18.1850 17.3345 19.5537 17.9510 19.1688 17.5045 19.0479 19.0938 19.3528 18.0582 16.4202 19.3615 19.5427 17.7862 17.4757 19.1696 18.8781 18.2242 16.8628 18.8623 19.1847 19.3588 19.1571 17.9496 19.4761 19.0691
4.6248 6.4160 4.6007 4.1872 3.8941 9.3040 5.3013 7.3214 6.6156 5.4692 6.4233 6.4668 7.0953 7.9979 6.1457 6.1665 5.9653 7.3424 7.4173 5.9262 8.0212 0.0000 7.4873 3.5386 6.5639 7.4306 8.5236 5.5974 7.9747 6.8600 22.6553 21.7744 21.2999 21.9553 21.6782 22.6758 20.9941 22.1605 21.3102 22.0009 19.7568 21.8388 22.8545 21.8852 20.6759 22.4488 22.5988 22.0177 20.8526 22.3473 21.5127 21.8952 20.8509 22.2473 22.0042 21.9689 19.4324 21.0012 22.6801 21.5507 14.8410 12.4430 13.4617 15.0783 14.3684 14.2389 17.6709 15.9682 11.7403 20.2342 12.6658 14.4291 20.6238 16.2194 15.1207 13.3633 16.4350 15.9514 17.2520 16.1454 16.1474 15.6992 19.0994 13.6169 17.9969 13.6491 11.6342 17.4264 18.9057 14.0788 10.0407 14.1259 15.6725 16.6092 15.1834 10.9360 9.6129 15.0876 11.5699 11.0187 18.1646 15.9262 11.8646 18.0111 16.8772 18.5336 12.6086 14.9900 9.1767 16.8739 19.3135 9.8237 19.7576 15.7481 17.8303 11.3783 12.8226 17.4616 12.6061 15.5751 20.2227 22.4454 20.2002 22.4976 21.4162 20.6981 22.7403 21.2996 22.4309 20.9707 22.1944 22.3218 22.4852 21.3992 19.8907 22.5856 22.7241 21.2410 20.8150 22.3638 22.1714 21.6309 20.0626 22.1186 22.4484 22.5640 22.3804 21.3056 22.6996 22.2969
6.2480 5.0405 5.2425 7.3912 8.0699 6.6529 5.2543 8.6016 9.0895 9.2904 10.4973 9.8206 11.2534 2.9604 4.9602 9.8028 10.0430 9.0594 9.2236 7.2218 5.0559 7.4873 0.0000 8.1116 9.2724 10.5244 8.6973 8.7443 11.1189 9.1009 19.8321 19.0243 18.4977 19.0664 18.7937 19.8505 18.0127 19.3271 18.5230 19.1261 16.8100 19.0821 20.0157 19.0917 17.8619 19.5945 19.7667 19.2725 17.8476 19.5536 18.5395 19.0471 17.9214 19.4129 19.1794 19.1336 16.3007 18.0254 19.8738 18.6785 12.5692 9.3775 10.0488 12.2308 10.5950 10.8486 14.9464 12.9275 8.1566 17.3702 10.1228 11.0638 17.8912 12.9135 12.6823 10.9494 13.3741 13.1358 14.2562 13.1676 14.5507 13.3154 16.6503 11.0505 15.2764 11.1466 8.6317 14.0866 16.3651 11.1292 6.7868 9.4189 12.8990 13.2533 11.0250 6.9092 5.3609 10.5906 8.1616 8.6596 14.5622 11.9516 6.5498 14.7009 13.6177 15.2015 8.3829 10.6872 7.0989 14.1357 16.0850 5.3958 16.5361 11.8820 14.5595 7.3736 8.3205 14.2570 8.8245 11.5935 17.0556 19.6283 17.0495 19.6684 18.5897 17.7627 19.9754 18.3738 19.5892 17.9381 19.4672 19.5619 19.7774 18.5160 16.8851 19.7624 19.9648 18.2353 17.8944 19.5620 19.2940 18.6941 17.2238 19.2835 19.6072 19.7864 19.5545 18.3773 19.8897 19.5080
5.1436 7.4714 4.6810 4.0704 2.5234 9.9372 5.6035 6.7480 6.1527 4.3852 5.8455 5.5345 6.7480 8.5542 6.7746 5.7779 5.5465 6.8221 6.5288 5.9459 8.6651 3.5386 8.1116 0.0000 5.8991 6.7557 8.6953 6.3067 7.7547 6.5532 23.1676 22.2824 21.8176 22.4796 22.1957 23.1818 21.5203 22.6810 21.8173 22.5187 20.2859 22.3401 23.3654 22.4021 21.1918 22.9624 23.1108 22.5304 21.3919 22.8557 22.0436 22.3998 21.3761 22.7673 22.5111 22.4831 19.9857 21.5314 23.1941 22.0801 15.3481 13.0917 14.1022 15.5843 15.0387 14.7911 18.1774 16.5344 12.4209 20.7394 13.2850 15.0400 21.1348 16.8423 15.6770 13.9330 17.0421 16.5259 17.8189 16.7082 16.5348 16.2473 19.5419 14.2386 18.5011 14.1809 12.2950 18.0104 19.4219 14.6708 10.7644 14.8617 16.2579 17.1961 15.8783 11.6220 10.3025 15.8263 12.2568 11.4349 18.7759 16.5734 12.7115 18.5995 17.4574 19.1282 13.3666 15.6909 9.7008 17.3859 19.8941 10.5039 20.3457 16.4201 18.3927 11.9797 13.5629 17.9976 13.4107 16.2571 20.7912 22.9564 20.7560 23.0099 21.9269 21.2340 23.2505 21.8275 22.9468 21.5206 22.6976 22.8339 22.9769 21.9209 20.4289 23.0937 23.2278 21.7867 21.3350 22.8644 22.6909 22.1634 20.5669 22.6285 22.9674 23.0605 22.8933 21.8340 23.2114 22.8098
6.4768 9.0758 6.2756 6.2689 5.8284 11.1644 6.4063 5.9873 2.3011 7.7872 4.0395 3.4342 6.6686 9.3757 7.9877 3.0370 6.3246 3.5497 3.9643 5.1557 9.9550 6.5639 9.2724 5.8991 0.0000 5.0657 9.7347 8.0514 9.3484 3.5623 23.6381 22.8187 22.3064 22.9528 22.6677 23.6497 22.0336 23.1572 22.3290 22.9751 20.8021 22.8144 23.8240 22.9002 21.6866 23.4379 23.5692 23.0194 21.8592 23.3271 22.5176 22.8748 21.8184 23.2554 22.9833 22.9382 20.4419 21.9972 23.6646 22.5337 16.0696 13.8768 14.8837 16.1312 15.7376 15.2164 18.7817 17.2533 13.0602 21.2564 14.3280 15.6638 21.6644 17.3764 16.3374 14.8122 17.6608 17.2024 18.4073 17.3349 17.1273 16.8255 20.1994 14.9318 19.1819 14.7230 13.0752 18.5778 20.0667 15.5042 11.6496 15.5364 16.9722 17.6695 16.5251 12.3957 10.7433 16.4909 13.1544 11.7567 19.3337 17.2121 13.4497 19.1933 18.1799 19.6723 14.1575 16.3224 10.3364 18.0707 20.4528 11.3330 20.9332 17.0627 18.9896 12.6760 14.3218 18.5291 14.5075 16.9384 21.3198 23.4324 21.2509 23.4528 22.4196 21.7404 23.7452 22.3107 23.4160 22.0216 23.1881 23.2992 23.4686 22.3966 20.9322 23.5514 23.7195 22.2777 21.8400 23.3373 23.1848 22.6641 21.0923 23.0997 23.4556 23.5531 23.3612 22.3245 23.6899 23.3078
6.9155 10.1684 7.0623 7.7477 6.4682 12.1879 8.5637 7.1406 5.1091 6.5132 3.5091 5.0666 5.4648 10.7790 9.1954 4.3592 5.1022 6.5631 5.2892 6.5807 11.1638 7.4306 10.5244 6.7557 5.0657 0.0000 10.2928 8.2366 8.2276 5.5321 24.5605 23.7354 23.2249 23.8882 23.6070 24.5703 22.9910 24.0779 23.2422 23.9103 21.7624 23.7393 24.7464 23.8180 22.6211 24.3682 24.4915 23.9090 22.8172 24.2428 23.4830 23.8084 22.7779 24.1705 23.9013 23.8696 21.4805 22.9599 24.5892 23.4797 16.9614 15.0789 16.0216 17.1924 16.8648 16.4784 19.7203 18.2753 14.3268 22.2221 15.4081 16.7643 22.5651 18.5212 17.2614 15.8326 18.7337 18.2444 19.4204 18.3206 17.9416 17.8339 21.0550 16.0559 20.1218 15.7235 14.2652 19.6373 20.9498 16.5662 12.9622 16.8578 17.9364 18.8194 17.7566 13.7898 12.4647 17.7739 14.4311 13.1949 20.4480 18.4161 14.9500 20.2803 19.2235 20.7414 15.5005 17.6016 11.5028 18.9631 21.4807 12.8722 21.9445 18.2328 20.0317 14.0259 15.7059 19.5939 15.6729 18.1443 22.3201 24.3585 22.2597 24.3866 23.3620 22.7050 24.6604 23.2729 24.3529 23.0031 24.0945 24.2362 24.3846 23.3492 21.9130 24.4749 24.6292 23.2613 22.8042 24.2559 24.1232 23.6199 22.0512 24.0335 24.3880 24.4790 24.2866 23.2912 24.6096 24.2308
7.8934 9.4820 7.5501 9.0275 8.9114 10.3599 8.6179 9.6858 9.7031 9.2723 10.1182 10.0067 10.5832 9.0073 7.9847 9.7799 9.6505 10.0490 10.1671 8.7931 9.2898 8.5236 8.6973 8.6953 9.7347 10.2928 0.0000 9.8034 10.6857 9.7839 19.6095 18.6758 18.2125 18.8658 18.5754 19.6216 17.7817 19.1125 18.2592 18.9102 16.7775 18.7619 19.8096 18.7761 17.5850 19.3652 19.5481 18.9392 17.7861 19.2954 18.4106 18.8237 17.7969 19.2188 18.9527 18.8721 16.2764 17.9668 19.6296 18.3790 11.5395 11.3584 11.2994 11.7146 12.6335 10.8262 14.4208 12.7105 10.4912 17.0500 10.6288 11.3093 17.6080 13.1732 12.4798 9.9558 13.4021 12.6051 13.9994 12.7839 12.9654 12.2688 15.9469 10.6185 14.7522 10.8266 9.0165 14.7363 15.5862 11.4899 9.3707 14.2202 11.7249 13.2428 15.2296 11.4690 10.7848 15.0989 7.8090 7.7612 15.4072 15.9146 12.3441 14.9387 13.8049 15.2446 12.9869 15.0334 6.4477 13.6874 15.9900 10.5383 16.6984 13.5185 14.6695 11.8104 13.0924 14.1041 13.1355 15.6380 17.3355 19.3882 16.9721 19.3877 18.3598 17.6186 19.6753 18.1948 19.3470 17.7493 19.1262 19.2277 19.4135 18.2131 16.8499 19.4915 19.6806 17.9933 17.6610 19.3076 19.1314 18.3738 16.9209 19.0281 19.3875 19.4866 19.3070 18.1841 19.6207 19.1997
6.9172 7.7607 6.6915 5.8206 5.7747 8.7679 7.1307 7.3819 7.8491 7.3275 7.9873 7.7258 8.8209 8.7138 7.3978 7.9528 7.7389 8.5614 8.3701 7.5609 8.5263 5.5974 8.7443 6.3067 8.0514 8.2366 9.8034 0.0000 7.7636 8.2563 21.6931 20.8222 20.3264 20.9711 20.7130 21.7322 20.0013 21.1774 20.3151 21.0030 18.7475 20.8995 21.9083 20.9066 19.6510 21.4969 21.6392 21.0535 19.8358 21.4060 20.5254 20.9814 19.8154 21.2684 21.0476 20.9920 18.4157 19.9997 21.7117 20.5486 14.0193 11.5753 12.5350 14.1045 13.2829 13.5280 16.7365 15.0887 10.7164 19.3414 11.7760 13.8634 19.6849 15.3375 14.1767 12.8320 15.4974 15.1536 16.4282 15.1737 15.4499 15.0861 18.2944 12.8272 17.0674 12.8610 11.1381 16.4080 17.9115 13.0905 9.4210 13.0443 14.7970 15.5949 13.9351 10.1495 10.0446 13.9385 12.0766 11.4922 17.1328 14.7127 12.0569 16.9762 15.8128 17.5314 11.3560 13.6910 9.7161 15.9020 18.2600 10.1620 18.6853 14.5642 16.8344 10.2581 11.8839 16.5170 11.4094 14.2869 19.1667 21.5100 19.1809 21.5565 20.4737 19.7045 21.7889 20.3394 21.4714 19.9789 21.2728 21.3978 21.5595 20.4484 18.8721 21.6400 21.7787 20.2450 19.8621 21.4284 21.2266 20.6505 19.1391 21.1633 21.4824 21.6580 21.4495 20.3462 21.7464 21.3490
8.6392 10.9847 8.2350 9.2340 7.8685 11.0356 9.8421 10.0002 9.4824 5.8990 7.8787 9.3739 6.7068 11.6442 9.1839 8.5262 6.2703 9.9032 10.2792 8.7890 11.4148 7.9747 11.1189 7.7547 9.3484 8.2276 10.6857 7.7636 0.0000 9.2492 23.6959 22.8556 22.3980 23.0258 22.7441 23.7058 22.1144 23.2160 22.3923 23.0390 20.8643 22.8842 23.8856 22.9629 21.7317 23.4930 23.6319 23.0729 21.9389 23.3987 22.5975 22.9469 21.8693 23.3157 23.0396 22.9942 20.5662 22.0612 23.7111 22.5777 16.2282 14.1861 15.1501 16.2788 15.9667 15.9337 18.8241 17.5203 13.5433 21.3607 14.6482 16.2387 21.7755 17.7128 16.4956 15.3311 17.7857 17.5075 18.6140 17.5341 17.0029 17.1855 20.2446 15.2677 19.2944 15.1561 13.7190 18.7138 20.0886 15.6998 12.8653 15.9560 17.2119 17.9897 16.6823 13.1542 13.2716 16.7506 14.5882 13.5182 19.5168 17.2757 15.1167 19.3220 18.3101 19.8608 14.5949 16.5360 11.8370 18.2798 20.5565 13.0059 20.9817 17.2542 19.1572 13.1521 14.7957 18.7397 14.7919 17.0539 21.3731 23.4991 21.3375 23.5096 22.4819 21.8151 23.8066 22.3948 23.4563 22.1195 23.2680 23.3629 23.5018 22.4543 21.0135 23.6079 23.7606 22.3462 21.8793 23.3943 23.2369 22.7431 21.1947 23.1645 23.5150 23.6079 23.4376 22.4098 23.7366 23.3538
7.1773 9.2682 6.7416 6.3690 6.2874 11.6218 6.6077 5.8841 3.0413 7.8993 4.4305 3.5605 6.9955 9.2806 7.6536 2.7762 6.1154 2.4151 5.1957 5.8921 10.3002 6.8600 9.1009 6.5532 3.5623 5.5321 9.7839 8.2563 9.2492 0.0000 23.4596 22.6929 22.1565 22.7738 22.4950 23.4784 21.8667 22.9845 22.1821 22.7960 20.6593 22.6682 23.6364 22.7501 21.5540 23.2623 23.3879 22.8672 21.6730 23.1565 22.3323 22.7038 21.6352 23.0796 22.8221 22.7707 20.2731 21.8115 23.4988 22.3544 16.1666 13.8760 14.8462 16.0368 15.5891 15.0700 18.6292 17.2852 12.8600 21.1145 14.3288 15.4981 21.5181 17.2911 16.3186 14.8628 17.5336 17.1244 18.2957 17.2963 17.0875 16.8657 20.2048 14.8425 19.0953 14.8201 13.1072 18.4116 19.9835 15.4932 11.5718 15.2916 16.8821 17.4694 16.3078 12.2747 10.4665 16.2475 12.9636 11.4994 19.1100 16.9417 13.1832 19.0167 18.0433 19.4771 14.0149 16.0604 10.0133 17.9578 20.2629 11.1633 20.7471 16.8677 18.8310 12.5085 14.0662 18.3421 14.4977 16.7061 21.1308 23.2553 21.0573 23.2774 22.2465 21.5684 23.5794 22.1297 23.2482 21.8407 23.0433 23.1684 23.3413 22.2532 20.7554 23.3831 23.5577 22.0983 21.6479 23.1573 23.0011 22.5004 20.9505 22.9204 23.2853 23.4044 23.1918 22.1502 23.5159 23.1442
22.1508 20.5121 21.7199 22.3288 23.0480 18.4467 21.2454 22.3470 23.4470 23.9547 24.6337 23.9257 25.1965 19.4987 20.4186 24.0558 24.4420 23.2098 23.3660 22.5214 19.4106 22.6553 19.8321 23.1676 23.6381 24.5605 19.6095 21.6931 23.6959 23.4596 0.0000 1.4659 1.9016 1.8389 2.0691 0.6682 6.6007 1.0899 2.0192 1.3893 4.2597 1.5641 0.5202 1.5561 3.2629 1.1903 0.5588 1.2073 4.3163 0.6755 2.8109 1.2610 3.1275 0.8669 1.3040 1.4812 7.5524 2.9336 0.7232 2.5080 10.6910 14.2937 13.0125 10.4742 13.0303 12.8525 8.1350 11.0094 15.8228 3.0183 12.8357 11.3108 2.7321 10.9945 9.5666 11.9831 9.0810 9.6899 8.5070 10.8467 9.0589 10.0934 4.8204 11.3666 7.9721 12.1405 14.2112 9.9307 7.6867 12.3074 16.8473 16.3995 12.9392 11.1446 15.2123 16.6999 19.4657 16.0167 15.7593 16.5014 8.6294 14.9877 17.9126 9.9791 10.5044 9.8243 16.6635 15.6950 17.7466 8.9157 9.5575 18.2846 9.6036 12.1255 10.0072 16.5018 16.6476 10.2731 16.8894 15.0211 4.7484 0.9586 7.1440 0.9259 1.6940 3.0141 0.8350 2.2958 0.9257 6.6503 1.2640 1.1010 1.3068 2.2579 4.0251 0.7676 0.6755 6.5778 3.4352 0.6615 1.3089 6.5409 3.4301 0.9534 0.7796 1.0362 0.7521 2.3283 0.4658 0.8359
21.2631 19.6919 20.8410 21.4765 22.1730 17.5774 20.4191 21.5653 22.6361 23.0853 23.7925 23.1059 24.3523 18.6991 19.6245 23.2412 23.6047 22.4644 22.5343 21.7206 18.5650 21.7744 19.0243 22.2824 22.8187 23.7354 18.6758 20.8222 22.8556 22.6929 1.4659 0.0000 1.4628 1.7962 2.0337 1.4707 6.0752 1.3704 1.7329 1.5229 3.5472 1.5403 1.6930 1.2553 2.5858 1.5160 1.5306 1.1873 3.8540 1.3911 2.5923 1.2593 2.7998 1.3796 1.2768 1.5021 6.9614 2.6497 1.4783 2.2061 9.6246 13.5333 12.1960 9.5284 12.3259 12.1240 7.2764 10.1347 15.0996 2.2865 11.8457 10.5130 2.3311 10.2776 8.6893 10.9465 8.1714 8.8362 7.6954 10.0126 8.2271 9.1404 3.6700 10.4386 7.0033 11.2370 13.3512 9.2988 6.7545 11.4424 16.0206 15.8493 12.1648 10.5104 14.6799 15.9579 18.7940 15.5066 14.9298 15.7900 8.0577 14.5023 17.3074 9.3714 9.7352 9.2669 15.9988 15.1859 16.9704 8.0015 9.0408 17.5924 9.1220 11.4856 9.3954 15.7783 16.0324 9.6638 16.1700 14.4964 4.2291 1.5839 6.6133 1.5261 1.4837 2.4892 1.6168 2.0238 1.2978 6.1849 1.6669 1.3650 1.4919 1.7261 3.4638 1.4021 1.5143 6.1266 2.9593 1.3291 1.4132 6.0602 2.6862 1.3909 1.3959 1.4671 1.3974 2.0138 1.4581 1.2066
20.7501 19.1728 20.3356 20.9667 21.6941 17.1038 19.9059 20.9901 22.1114 22.6266 23.2967 22.5909 23.8836 18.1391 19.0933 22.7297 23.1181 21.9161 22.0184 21.1799 18.0296 21.2999 18.4977 21.8176 22.3064 23.2249 18.2125 20.3264 22.3980 22.1565 1.9016 1.4628 0.0000 1.5144 1.4277 2.0077 5.7164 1.2623 0.8415 1.2498 2.7837 1.4331 2.1254 1.1972 1.8462 1.7913 1.7645 1.3148 3.2317 1.5616 2.0087 1.4574 1.9235 1.3951 1.3386 1.4441 6.3630 1.9631 1.8780 1.9326 9.0773 13.0174 11.6681 8.9822 11.7220 11.4976 6.8170 9.7597 14.4905 2.0517 11.3635 9.8419 1.5780 9.7551 8.0543 10.4655 7.7290 8.2283 7.1651 9.5625 7.7296 8.5283 3.7653 9.8458 6.6688 10.5968 12.8151 8.8504 6.4169 10.9496 15.4470 15.2714 11.5779 9.8890 14.1898 15.3973 18.1731 14.9471 14.4105 15.1787 7.4521 14.0741 16.6947 8.9271 9.3400 8.8520 15.4295 14.6186 16.3643 7.4521 8.6361 16.9878 8.8164 10.9441 8.9551 15.2176 15.4597 9.1314 15.6433 14.0429 3.7490 1.9371 6.1118 1.8735 1.3117 1.7556 2.2325 1.4469 1.6867 5.8098 1.7774 1.9084 2.1756 1.4647 2.6560 1.9075 2.1353 5.8015 2.4482 1.7532 1.8286 5.8892 2.1134 1.3572 1.7441 2.2173 1.6380 1.4086 1.9280 1.6057
21.4272 19.7804 20.9961 21.6210 22.3605 17.6474 20.5189 21.6410 22.7543 23.2839 23.9610 23.2461 24.5388 18.7227 19.6755 23.3753 23.7672 22.5200 22.6771 21.8119 18.6406 21.9553 19.0664 22.4796 22.9528 23.8882 18.8658 20.9711 23.0258 22.7738 1.8389 1.7962 1.5144 0.0000 1.0025 1.8011 4.9217 1.0468 1.6631 1.1751 3.3684 2.1331 1.8591 1.0279 2.3876 1.0097 1.6586 1.5896 2.6301 1.7383 1.2963 1.5053 2.5294 1.2373 1.2983 1.8722 5.9704 2.1939 1.6039 1.3425 9.4947 13.3481 11.9952 9.3013 12.0081 11.8179 6.7457 9.8905 14.9424 2.7570 11.8128 10.1628 2.5780 9.8547 8.9161 10.9311 7.7729 8.4074 7.1288 9.7164 8.6317 8.8741 4.6445 10.2450 6.5526 11.0162 13.2648 8.7031 6.2906 11.2618 15.9937 15.5707 11.9573 10.0195 14.3563 15.8502 18.7022 15.1812 14.8907 15.6576 7.2581 14.1433 17.1150 8.7909 9.3594 8.6281 15.8312 14.8456 16.9445 7.6159 8.3382 17.4855 8.4196 11.0704 8.8252 15.6482 15.8088 9.0769 16.0638 14.1702 3.5970 1.6409 5.5046 1.9930 1.7244 1.8322 2.3070 1.1038 1.3050 4.9792 2.2091 1.9984 2.5135 1.4312 3.2364 1.7692 2.2277 4.9238 2.2182 1.8037 1.2989 4.9636 3.0986 1.7815 1.4864 2.2087 1.8238 1.4428 1.9626 1.8740
