0.0000 4.6118 7.2349 4.4150 3.8179 10.8168 6.7877 2.8073 4.4321 4.1407 1.9412 2.5595 5.1893 9.2978 7.5271 2.0305 3.6621 3.5695 3.2728 2.2034 11.0021 2.8492 5.1038 2.5103 3.8515 2.9531 8.8539 2.9592 4.0521 4.1803 59.1522 55.1156 57.3588 59.3529 58.4409 57.6758 55.5611 57.6645 54.6283 55.3552 52.6085 57.1495 57.0116 57.3688 55.9154 57.5635 61.0449 57.6059 54.4133 59.6204 55.2891 58.9011 58.1106 54.5906 60.1613 55.9034 52.4117 55.0587 60.8509 55.6643 31.9680 27.2847 32.2809 33.2729 29.0315 26.4667 31.2976 27.1625 25.1535 34.2623 26.2799 32.0508 41.1046 33.3575 39.1028 30.6181 30.5468 33.1130 35.4542 26.8957 29.2509 33.3081 38.4492 27.4409 30.2777 31.4394 23.7057 33.3860 30.1389 29.9400 20.8575 23.6338 23.7777 23.7380 22.8468 20.6809 19.3311 25.0119 16.4273 19.7266 30.4027 25.0863 22.0607 27.2879 28.8844 21.6993 23.5732 26.9457 16.5384 23.4793 27.0665 20.0809 25.7778 21.4759 22.6138 19.9366 21.4540 24.3788 19.3051 25.9364 49.1467 56.2704 49.3634 58.7942 50.1586 50.4851 55.6940 50.8736 55.7497 53.4212 53.7450 53.5919 55.9486 54.3923 50.3955 52.7414 57.2886 50.9451 54.3375 50.4928 54.7830 48.4554 49.2749 56.5025 55.8205 57.5737 57.7676 54.3774 58.0362 57.2355
4.6118 0.0000 5.4345 5.0823 3.7144 6.4521 3.4972 5.2790 3.0375 7.7452 4.8326 6.9665 9.7436 5.1742 3.9694 4.8541 2.8982 4.6057 6.3087 5.4059 6.5395 6.6849 3.1156 3.8286 6.0641 4.9132 4.6857 4.0070 7.7744 3.2885 54.9606 51.0948 53.1928 55.1613 54.2494 53.5117 51.4233 53.5739 50.6719 51.2469 48.6148 52.9699 52.8200 53.1772 51.7238 53.3719 56.8467 53.4303 50.2730 55.4288 51.1072 54.7095 53.9190 50.5629 55.9697 51.9037 48.3903 50.9601 56.6527 51.5189 27.4137 22.7836 27.7203 28.7186 24.4808 21.9124 26.7342 22.5991 20.5879 29.6923 21.8175 27.4808 36.5347 28.7876 34.5485 26.0638 25.9925 28.5587 30.8842 22.3414 24.7375 28.7495 33.9361 22.8932 25.7519 26.8773 19.1514 28.8227 25.5710 25.3857 16.4832 19.3161 19.7217 19.8144 18.6220 16.3066 15.3666 20.6751 12.0947 15.3523 26.0759 20.6712 17.7834 22.9136 24.4735 17.5102 19.1797 22.5305 12.5651 19.2932 22.7820 15.8279 21.3954 17.5191 18.2956 15.6743 17.0605 20.2197 14.9758 21.7948 44.7563 51.8710 45.0281 54.4471 45.7323 46.0587 51.3566 46.4472 51.4644 49.0212 49.3196 49.1656 51.5223 49.9659 45.9692 48.3150 52.8815 46.5220 49.9112 46.1139 50.3567 44.1673 44.8776 52.1459 51.3942 53.1474 53.3413 50.0150 53.6099 52.8091
7.2349 5.4345 0.0000 4.1424 4.8594 3.9456 4.2249 5.9370 5.1920 10.5553 7.0573 9.5388 12.0148 3.6191 3.3684 7.4498 6.1600 7.9275 7.6975 6.7878 4.7398 8.1048 4.6062 6.3724 7.4292 7.8268 3.2515 4.8883 9.4657 6.9519 52.7276 48.9735 51.0343 52.9283 52.0164 51.2404 49.2648 51.4154 48.5134 49.0883 46.5213 50.8114 50.6603 50.9442 49.5567 51.1389 54.5009 51.2718 48.1144 53.1958 48.9487 52.4765 51.6860 48.4044 53.7367 49.7451 46.2317 48.8015 54.3069 49.3604 25.0125 20.3127 25.4544 26.3445 22.2640 19.6315 24.5844 20.4006 18.3733 27.4068 19.6705 25.2678 34.2788 26.5388 32.2839 23.7162 23.5957 26.2040 28.6068 20.0073 22.3450 26.4421 31.3495 20.6478 23.5452 24.6761 16.8509 26.6228 23.3407 22.9844 14.4147 17.3090 17.5716 17.8073 16.6799 14.2585 15.1537 18.6680 10.1525 13.3105 23.8779 18.5955 15.7762 20.8404 22.4003 15.5426 17.1869 20.4489 10.8337 17.1431 20.7749 13.8810 19.3223 15.5275 16.2884 13.6672 15.1258 18.2126 12.9772 19.7877 42.5882 49.7030 42.8601 52.2790 43.5727 43.8991 49.1886 44.2877 49.2598 46.8532 47.1590 47.0060 49.3627 47.8064 43.8096 46.1555 50.6877 44.3592 47.7516 43.9459 48.1971 41.9773 42.7096 49.9129 49.2346 50.9878 51.1817 47.8470 51.4503 50.6495
4.4150 5.0823 4.1424 0.0000 4.5782 7.6435 4.1305 3.5753 4.2331 7.6331 5.3296 6.7572 8.6940 5.9541 4.0065 5.5664 5.6408 6.2612 4.4182 4.7184 7.4815 5.8082 3.1396 4.2696 4.9180 5.0252 5.3892 1.9324 7.6001 5.8233 55.8025 51.8102 54.0091 56.0032 55.0913 54.3847 52.2114 54.3156 51.3873 52.0055 49.3100 53.7998 53.7042 54.0192 52.5658 54.2139 57.7538 54.2563 51.0637 56.2707 51.9395 55.5515 54.7609 51.2783 56.8116 52.6191 49.1057 51.7090 57.5597 52.3146 28.5368 24.0658 28.8435 29.9478 25.6004 23.0355 27.7853 23.7048 21.7110 30.8085 22.7687 28.5970 37.6508 29.9037 35.6716 27.1869 27.1156 29.6818 32.0004 23.5285 26.0422 29.8726 35.2413 23.9549 26.8293 27.9353 20.2745 29.8909 26.6942 26.5088 17.4022 20.1785 20.4024 20.4936 19.3521 17.2333 16.0806 21.5566 12.9326 16.2713 27.0093 21.6250 18.6054 23.8326 25.4230 18.2440 20.0785 23.5200 13.2443 20.0313 23.6112 16.6112 22.3164 18.1983 19.1524 16.4813 17.9593 20.9236 15.8498 22.4775 45.6553 52.7790 45.8721 55.3028 46.6672 46.9937 52.2026 47.3822 52.3063 49.9298 50.2536 50.1006 52.4775 50.9009 46.9041 49.2500 53.8367 47.4537 50.8462 47.0015 51.2916 45.0092 45.7836 53.0506 52.3292 54.0824 54.2763 50.8861 54.5448 53.7441
3.8179 3.7144 4.8594 4.5782 0.0000 8.6304 3.9374 2.5202 1.8708 6.0945 2.5037 4.8609 7.3623 7.7039 5.9089 2.8774 2.3060 3.8018 3.9662 2.1765 9.2493 3.4287 4.1346 2.1437 3.8709 3.7126 7.3543 2.8891 6.8994 3.0121 57.3777 53.5461 55.6314 57.5785 56.6665 55.8717 53.8620 56.0125 53.1105 53.6855 51.0939 55.4085 55.2575 55.5944 54.1539 55.7891 59.1852 55.8689 52.7116 57.8459 53.5459 57.1267 56.3361 53.0015 58.3868 54.3423 50.8289 53.3987 58.9912 53.9575 29.6836 24.9838 30.0999 31.0241 26.9095 24.2984 29.2539 25.0701 23.0247 32.0593 24.3400 29.9132 38.9243 31.1842 36.9294 28.3928 28.2624 30.8837 33.2523 24.6869 27.0246 31.1051 36.0291 25.2933 28.2147 29.3216 21.5154 31.2849 27.9862 27.6556 19.1074 21.9519 22.1592 22.4057 21.2537 18.9308 17.9590 23.3062 14.7627 17.9765 28.4750 23.2965 20.4053 25.5378 27.0976 20.1165 21.8443 25.1558 15.1758 21.7308 25.3866 18.4683 24.0196 20.1104 20.9249 18.2743 19.7456 22.8110 17.5896 24.3861 47.2323 54.3560 47.4857 56.9046 48.2442 48.5707 53.8142 48.9592 53.8853 51.5068 51.8306 51.6776 54.0343 52.4779 48.4811 50.8270 55.3592 49.0307 52.4232 48.5785 52.8686 46.6029 47.3606 54.5669 53.9062 55.6594 55.8533 52.4726 56.1218 55.3211
10.8168 6.4521 3.9456 7.6435 8.6304 0.0000 6.1869 9.5210 7.7458 14.0922 10.6835 13.1811 15.7372 2.7450 4.6195 11.0324 8.8768 10.7817 11.2684 10.4888 3.2114 11.9424 6.8278 9.9363 10.9756 11.2483 3.5423 8.3529 13.0778 9.1399 49.0244 45.3290 47.4007 49.2251 48.3131 47.6314 45.6313 47.7818 44.8798 45.4548 42.8768 47.1778 47.0267 47.2667 45.9232 47.4709 50.8222 47.6382 44.4809 49.4926 45.3151 48.7733 47.9828 44.7708 50.0335 46.1116 42.5982 45.1680 50.6282 45.7268 21.2759 16.5761 21.6416 22.5808 18.4512 15.7885 20.7486 16.5865 14.5606 23.5940 15.8347 21.4550 30.4660 22.7260 28.4712 19.9260 19.8547 22.4209 24.7941 16.2190 18.5588 22.6373 27.6673 16.8436 19.7094 20.8633 13.0149 22.8100 19.5279 19.2479 10.6192 13.6141 13.9483 14.1124 12.9741 10.5522 13.1067 14.9731 7.5192 10.1885 20.2443 14.7464 12.5442 17.0232 18.5350 11.8369 13.3937 16.5734 8.7815 13.5199 17.0801 10.8133 15.5589 11.8217 12.5936 10.1466 11.3760 14.5177 9.2739 16.0929 38.8741 45.9889 39.1460 48.5649 39.7607 40.0843 45.4744 40.4811 45.5456 43.1390 43.4374 43.1911 45.5991 44.0695 39.9947 42.3406 46.8728 40.6398 43.9367 40.2318 44.3822 38.2632 38.9954 46.2097 45.4197 47.1729 47.3668 44.1329 47.7164 46.8484
6.7877 3.4972 4.2249 4.1305 3.9374 6.1869 0.0000 4.2660 3.1735 8.1090 5.3934 7.8649 10.6403 4.4793 2.7045 5.7147 4.1597 5.8755 5.5132 5.6110 5.6458 7.0710 3.4164 4.4865 5.0549 5.5128 3.7619 5.0340 9.9732 4.6721 54.1007 50.1844 52.3074 54.3015 53.3895 52.6563 50.5130 52.6636 49.7616 50.3365 47.6780 52.0981 51.9758 52.3174 50.8640 52.5121 56.0254 52.5545 49.3626 54.5689 50.2377 53.8497 53.0591 49.6526 55.1098 50.9933 47.4799 50.0497 55.8314 50.6128 26.7850 22.3883 27.0473 28.2431 23.8042 21.2962 25.9939 21.8868 19.9149 28.9905 20.9685 26.7790 35.8329 28.0858 33.8755 25.3908 25.3396 27.9600 30.1824 21.8238 24.3436 28.0765 33.5427 22.1816 25.0331 26.1657 18.5234 28.0823 24.8980 24.7347 15.6012 18.3774 18.7990 18.8547 17.6359 15.4246 14.4193 19.7556 11.1253 14.4702 25.2546 19.8015 16.8271 22.0316 23.5996 16.5505 18.2711 21.6700 11.6054 18.3705 21.8241 14.8683 20.5134 16.5594 17.3482 14.7147 16.1520 19.2600 14.0535 20.8352 43.8699 50.9849 44.1418 53.5607 44.8731 45.1995 50.4703 45.5880 50.6045 48.1356 48.4594 48.3064 50.6896 49.1067 45.1100 47.4558 52.0488 45.6595 49.0520 45.2276 49.4975 43.3074 43.9912 51.2860 50.5350 52.2882 52.4821 49.1287 52.7507 51.9499
2.8073 5.2790 5.9370 3.5753 2.5202 9.5210 4.2660 0.0000 2.4493 4.7522 2.4008 3.7667 6.3903 8.0994 6.3299 2.3580 3.8040 3.9310 2.0631 1.9373 9.8049 3.0220 4.3443 2.3096 2.1943 3.3858 7.6708 3.0464 6.2417 4.0096 57.8776 53.8410 56.0842 58.0783 57.1663 56.3984 54.2865 56.3899 53.3373 54.0806 51.3333 55.8749 55.7370 56.0942 54.6408 56.2889 59.7675 56.3313 53.1388 58.3458 54.0145 57.6265 56.8360 53.3160 58.8867 54.6288 51.1371 53.7841 59.5735 54.3897 30.7009 26.0011 31.0336 32.0058 27.7830 25.2121 30.0531 25.9180 23.9062 33.0150 25.0351 30.8035 39.8573 32.1102 37.8443 29.3510 29.2797 31.8459 34.2069 25.6426 27.9838 32.0609 37.1527 26.1766 29.0304 30.1949 22.4386 32.1415 28.8916 28.6729 19.6545 22.4308 22.5272 22.5078 21.6432 19.4780 18.0740 23.8089 15.2237 18.5236 29.1539 23.8879 20.8577 26.0876 27.6859 20.4963 22.3733 25.7472 15.3323 22.2333 25.8635 18.8773 24.5793 20.2729 21.4153 18.7336 20.2504 23.1759 18.1021 24.7379 47.9000 55.0238 48.1168 57.5476 48.9119 49.2384 54.4473 49.6269 54.5037 52.1745 52.4983 52.3453 54.7020 53.1456 49.1488 51.4947 56.0426 49.6984 53.0909 49.2462 53.5364 47.2094 48.0283 55.2565 54.5739 56.3271 56.5210 53.1308 56.7896 55.9888
4.4321 3.0375 5.1920 4.2331 1.8708 7.7458 3.1735 2.4493 0.0000 6.4156 3.0351 5.5869 8.1534 6.4134 4.8572 3.3278 1.8472 3.1170 3.6872 3.2445 8.0626 4.6099 2.8536 2.3331 3.4438 3.8432 5.9453 2.9318 7.5843 1.9735 56.2281 52.2224 54.4348 56.4289 55.5169 54.7140 52.6371 54.7405 51.7995 52.4312 49.7656 54.2255 54.0875 54.4448 52.9914 54.6395 58.0831 54.6819 51.4893 56.6964 52.3651 55.9771 55.1866 51.6905 57.2373 53.0313 49.5179 52.1346 57.8891 52.7403 28.9482 24.2484 29.2748 30.2531 26.0589 23.4533 28.3292 24.1941 22.1682 31.2561 23.3124 29.0626 38.0985 30.3514 36.0855 27.5983 27.5270 30.0931 32.4480 23.8838 26.2310 30.3020 35.3822 24.4588 27.2716 28.4710 20.6858 30.4177 27.1356 26.9201 17.9246 20.7009 20.8518 20.9505 19.9179 17.7480 16.5302 22.0790 13.4984 16.7937 27.3990 22.1401 19.1278 24.3550 25.9382 18.7664 20.6442 23.9994 13.7033 20.5163 24.1336 17.1519 22.8369 18.6552 19.6717 17.0037 18.5250 21.4459 16.3722 22.9967 46.1765 53.3002 46.3932 55.8240 47.1884 47.5149 52.7238 47.9034 52.7756 50.4510 50.7748 50.6217 52.9784 51.4221 47.4253 49.7712 54.3145 47.9749 51.3673 47.5226 51.8128 45.4825 46.3047 53.5284 52.8503 54.6035 54.7974 51.4072 55.0660 54.2653
4.1407 7.7452 10.5553 7.6331 6.0945 14.0922 8.1090 4.7522 6.4156 0.0000 3.8602 3.7946 4.5815 12.1062 10.0179 3.2995 5.3727 3.4270 4.5792 4.4518 13.4349 5.2569 7.4216 4.2678 4.3523 2.8448 11.5156 6.4061 3.2780 5.0658 61.6763 57.6398 59.9111 61.8771 60.9651 60.3382 58.0853 60.2691 57.1361 57.8794 55.0527 59.6737 59.6577 59.8930 58.4396 60.0877 63.7073 60.1301 56.9375 62.1446 57.8133 61.4253 60.6348 57.1148 62.6855 58.4425 54.9359 57.5828 63.5133 58.1887 34.8578 30.4777 35.0661 36.3247 31.8230 29.3709 33.8827 29.9007 27.9336 37.0416 28.7438 34.7713 43.8252 36.0950 41.8942 33.4478 33.3564 36.0396 38.2263 29.9243 32.4526 36.0952 41.6517 30.1775 33.0757 34.1505 26.5982 36.0653 32.9333 32.7658 23.2872 26.0635 26.3048 26.1513 25.2278 23.2025 21.6525 27.4436 18.7966 22.1617 33.0900 27.5698 24.4925 29.7587 31.3496 24.1290 25.9441 29.5128 18.9650 26.0942 29.4962 22.4973 28.2424 23.9056 25.0655 22.3663 23.8052 26.8335 21.7347 28.3881 51.6158 58.7395 51.8325 61.2633 52.6277 52.9541 58.1630 53.3427 58.2988 55.8903 56.2140 56.0610 58.4785 56.8613 52.8646 55.2105 59.8377 53.4141 56.8066 52.9619 57.2521 51.0045 51.7440 59.0791 58.2896 60.0428 60.2367 56.8465 60.5053 59.7045
1.9412 4.8326 7.0573 5.3296 2.5037 10.6835 5.3934 2.4008 3.0351 3.8602 0.0000 2.9472 5.3237 9.2408 7.5019 1.1283 2.2491 2.2985 3.4413 1.9723 10.9471 2.9085 5.0995 1.5554 3.1752 2.1788 8.7986 3.8385 4.9194 2.9578 59.0477 55.0844 57.2543 59.2484 58.3364 57.5255 55.4566 57.5600 54.5486 55.2507 52.5924 57.0650 56.9071 57.2722 55.8109 57.4590 60.8945 57.5014 54.3089 59.5159 55.1846 58.7966 58.0061 54.4861 60.0568 55.7989 52.3072 54.9542 60.7005 55.5598 31.9508 27.2535 32.2574 33.2557 29.0572 26.4495 31.3082 27.1731 25.1539 34.2270 26.2303 32.0416 41.0694 33.3223 39.0871 30.6009 30.5296 33.0958 35.4190 26.8785 29.2337 33.2866 38.2826 27.4696 30.2433 31.4537 23.6885 33.3967 30.1190 29.9228 20.7031 23.4794 23.6287 23.6621 22.7741 20.5265 19.2459 24.8575 16.3546 19.5731 30.2416 24.9494 21.9114 27.1492 28.7475 21.6204 23.5172 26.8087 16.4887 23.3478 26.9121 20.0082 25.6409 21.3915 22.4769 19.7822 21.3813 24.2274 19.1951 25.7994 49.0969 56.2206 49.3136 58.7444 50.1088 50.4353 55.6442 50.8238 55.6825 53.3714 53.6952 53.5422 55.8988 54.3425 50.3457 52.6916 57.2238 50.8953 54.2877 50.4430 54.7332 48.4029 49.2251 56.3710 55.7707 57.5239 57.7178 54.3276 57.9864 57.1857
2.5595 6.9665 9.5388 6.7572 4.8609 13.1811 7.8649 3.7667 5.5869 3.7946 2.9472 0.0000 2.9286 11.7307 9.9210 2.3949 4.5758 3.9643 2.6905 2.7695 13.3960 2.1709 7.5063 3.4882 3.7711 3.0514 11.2629 5.3010 4.0509 4.6941 61.4473 57.4108 59.6539 61.6480 60.7361 59.9771 57.8562 59.9596 56.9070 57.6503 54.8690 59.4447 59.3067 59.6640 58.2106 59.8587 63.3462 59.9011 56.7085 61.9155 57.5843 61.1963 60.4057 56.8858 62.4564 58.1985 54.7069 57.3538 63.1521 57.9594 34.1976 29.5892 34.5505 35.5025 31.2999 28.7291 33.5611 29.4282 27.4232 36.5319 28.6040 34.3204 43.3743 35.6272 41.3612 32.8655 32.7764 35.3563 37.7238 29.1595 31.5848 35.5778 40.7671 29.6746 32.5512 33.7028 25.9497 35.6495 32.4086 32.1696 23.2817 26.0580 26.1322 26.1350 25.2364 23.1051 21.6562 27.4361 18.8169 22.1508 32.7720 27.5192 24.4849 29.7190 31.3173 24.1235 25.9706 29.3785 18.9595 25.8424 29.4907 22.4906 28.2106 23.9001 25.0466 22.3608 23.8435 26.8030 21.7293 28.3692 51.4752 58.5989 51.6919 61.1227 52.4871 52.8135 58.0224 53.2020 58.1128 55.7496 56.0734 55.9204 58.2926 56.7207 52.7240 55.0698 59.6518 53.2735 56.6660 52.8213 57.1115 50.8185 51.6034 58.8656 58.1490 59.9022 60.0961 56.7059 60.3647 59.5639
5.1893 9.7436 12.0148 8.6940 7.3623 15.7372 10.6403 6.3903 8.1534 4.5815 5.3237 2.9286 0.0000 14.4621 12.6974 4.9722 6.9915 5.8158 5.3037 5.2911 16.1724 4.0184 10.2531 6.2550 6.1974 5.1888 14.0199 7.8148 4.0727 7.0685 64.0971 60.1128 62.3037 64.2978 63.3858 62.5782 60.5060 62.6094 59.5568 60.3001 57.6142 62.0944 61.9565 62.3137 60.8603 62.5084 65.9473 62.5508 59.3583 64.5653 60.2340 63.8460 63.0555 59.5355 65.1062 60.8483 57.3566 60.0036 65.7533 60.6092 36.9963 32.2965 37.3418 38.3012 34.1307 31.5204 36.4011 32.2660 30.2400 39.3232 31.3814 37.1345 46.1656 38.4185 44.1526 35.6568 35.5751 38.1476 40.5151 31.9508 34.2886 38.3691 43.3151 32.5145 35.3387 36.5428 28.7410 38.4895 35.2074 34.9683 25.9412 28.7174 28.7926 28.8049 27.9954 25.7687 24.2770 30.0971 21.5718 24.8153 35.4097 30.1916 27.1461 32.3914 33.9897 26.8375 28.7385 32.0509 21.6780 28.5159 32.1502 25.2261 30.8831 26.5900 27.7191 25.0202 26.5996 29.4696 24.4122 31.0417 54.2440 61.3677 54.4608 63.8915 55.2559 55.5824 60.7913 55.9709 60.8296 58.5185 58.8423 58.6893 61.0460 59.4896 55.4928 57.8387 62.3709 56.0424 59.4349 55.5902 59.8803 53.5500 54.3723 61.5391 60.9179 62.6711 62.8650 59.4748 63.1335 62.3328
9.2978 5.1742 3.6191 5.9541 7.7039 2.7450 4.4793 8.0994 6.4134 12.1062 9.2408 11.7307 14.4621 0.0000 3.1184 9.6020 7.5908 9.1708 9.6166 9.4207 2.2125 10.8840 4.7871 8.3638 8.8957 9.5800 1.8359 6.6880 11.5492 7.8381 50.1140 46.1975 48.3206 50.3147 49.4027 48.6792 46.5261 48.6767 45.7747 46.3496 43.7386 48.1113 47.9987 48.3306 46.8772 48.5253 52.0483 48.5677 45.3757 50.5822 46.2509 49.8629 49.0724 45.6657 51.1231 47.0064 43.4930 46.0628 51.8543 46.6261 23.1041 18.5460 23.3683 24.3720 20.1252 17.5604 22.2776 18.2029 16.2359 25.3053 17.0793 23.0724 32.1262 24.3973 30.1965 21.7118 21.6894 24.2066 26.4917 17.9894 20.4588 24.3975 29.6472 18.5053 21.3541 22.4770 14.8237 24.3663 21.2190 21.0845 11.5711 14.3474 14.7950 14.8104 13.6390 11.3945 12.3294 15.7255 7.1427 10.4402 21.2775 15.7885 12.7969 18.0015 19.5866 12.5061 14.2885 17.6666 7.9807 14.3666 17.7801 10.8405 16.4833 12.5151 13.3182 10.6703 12.1694 15.2157 10.0186 16.7908 39.9360 47.0597 40.2025 49.6215 40.9479 41.2744 46.5310 41.6629 46.6178 44.2105 44.5343 44.3813 46.7380 45.1816 41.1848 43.5307 48.0762 41.7344 45.1269 41.2883 45.5723 39.3206 40.0643 47.2993 46.6099 48.3631 48.5570 45.1894 48.8255 48.0248
7.5271 3.9694 3.3684 4.0065 5.9089 4.6195 2.7045 6.3299 4.8572 10.0179 7.5019 9.9210 12.6974 3.1184 0.0000 7.8226 5.9966 7.6900 7.5130 7.6316 3.4770 9.0862 3.1071 6.5261 7.0585 7.6184 2.1101 4.9416 9.8113 6.0695 52.0499 48.1545 50.2698 52.2507 51.3387 50.7015 48.4831 50.6992 47.7317 48.3066 45.6054 50.0473 50.0165 50.2666 48.8132 50.4613 54.0661 50.5037 47.3327 52.5182 48.1869 51.7989 51.0084 47.6227 53.0591 48.9635 45.4500 48.0198 53.8720 48.5787 24.8562 20.4844 25.0529 26.3151 21.8098 19.3529 23.8851 19.8875 17.9204 27.0237 18.8370 24.7616 33.8155 26.0819 31.8810 23.4309 23.3596 26.0300 28.2083 19.9147 22.4430 26.0820 31.6421 20.1643 23.0578 24.1373 16.5986 26.0556 22.9154 22.7642 13.4758 16.2856 16.7674 16.7839 15.5574 13.3753 13.0636 17.6513 9.0229 12.3449 23.2952 17.6947 14.7528 19.9122 21.4759 14.4796 16.1031 19.6377 9.5346 16.3899 19.7515 12.7974 18.3880 14.4886 15.2650 12.6438 13.9839 17.1918 11.9618 18.7643 41.7765 48.8913 42.0484 51.4673 42.7460 43.0725 48.3769 43.4610 48.5537 46.0414 46.3399 46.1793 48.6051 46.9797 42.9829 45.3288 49.9643 43.5423 46.9249 43.1342 47.3704 41.2566 41.8978 49.2480 48.4079 50.1611 50.3550 47.0353 50.6236 49.8229
2.0305 4.8541 7.4498 5.5664 2.8774 11.0324 5.7147 2.3580 3.3278 3.2995 1.1283 2.3949 4.9722 9.6020 7.8226 0.0000 2.2782 1.7247 3.5348 2.4413 11.2976 3.4456 5.4304 1.7183 3.4299 1.7796 9.1710 4.0723 4.3933 2.4738 59.4362 55.3996 57.6428 59.6369 58.7249 57.9606 55.8451 57.9485 54.8959 55.6392 52.8897 57.4335 57.2955 57.6528 56.1994 57.8475 61.3297 57.8899 54.6973 59.9044 55.5731 59.1851 58.3946 54.8746 60.4453 56.1874 52.6957 55.3427 61.1357 55.9483 32.2309 27.5311 32.5427 33.5358 29.2944 26.7296 31.5586 27.4235 25.4153 34.5241 26.5715 32.3126 41.3664 33.6193 39.3657 30.8810 30.8097 33.3758 35.7160 27.1586 29.5138 33.5700 38.6621 27.7030 30.5395 31.7004 23.9685 33.6470 30.4008 30.2029 21.1612 23.9374 24.0775 24.0144 23.1477 20.9846 19.5766 25.3156 16.7282 20.0303 30.7038 25.3905 22.3643 27.5916 29.1886 22.0029 23.8740 27.2498 16.8389 23.7796 27.3702 20.3817 26.0819 21.7795 22.9179 20.2402 21.7549 24.6825 19.6087 26.2405 49.4442 56.5679 49.6609 59.0917 50.4561 50.7826 55.9915 51.1711 56.0500 53.7187 54.0424 53.8894 56.2461 54.6898 50.6930 53.0389 57.5889 51.2426 54.6350 50.7903 55.0805 48.7557 49.5724 56.8028 56.1180 57.8712 58.0651 54.6749 58.3337 57.5330
3.6621 2.8982 6.1600 5.6408 2.3060 8.8768 4.1597 3.8040 1.8472 5.3727 2.2491 4.5758 6.9915 7.5908 5.9966 2.2782 0.0000 2.1558 5.1467 3.3858 9.2584 4.7655 4.3025 2.0755 4.9425 2.7601 7.1928 3.8645 6.5722 1.4797 57.4528 53.5421 55.6595 57.6536 56.7416 55.9090 53.8617 55.9671 53.0651 53.6559 51.0899 55.4511 55.3122 55.6695 54.2161 55.8642 59.2781 55.9066 52.7140 57.9211 53.5898 57.2018 56.4112 52.9561 58.4620 54.2969 50.7835 53.3593 59.0841 53.9649 30.1466 25.4468 30.4631 31.4515 27.2746 24.6453 29.5430 25.4079 23.3820 32.4402 24.5181 30.2764 39.2875 31.5474 37.3044 28.7967 28.7254 31.2915 33.6321 25.0743 27.4294 31.4861 36.4870 25.6869 28.4568 29.6848 21.8842 31.6314 28.3494 28.1185 19.0803 21.8566 22.0904 22.2105 21.1322 18.9037 17.7859 23.2347 14.7127 17.9494 28.5616 23.2928 20.2835 25.5107 27.0909 19.9842 21.8586 25.1521 15.0206 21.6819 25.2893 18.3663 23.9926 19.9461 20.8274 18.1594 19.7394 22.6144 17.5532 24.1895 47.3978 54.5215 47.6145 57.0453 48.4097 48.7362 53.9451 49.1247 54.0019 51.6723 51.9961 51.8431 54.1997 52.6434 48.6466 50.9925 55.5247 49.1962 52.5886 48.7439 53.0341 46.7194 47.5261 54.6910 54.0717 55.8248 56.0187 52.6286 56.2873 55.4866
3.5695 4.6057 7.9275 6.2612 3.8018 10.7817 5.8755 3.9310 3.1170 3.4270 2.2985 3.9643 5.8158 9.1708 7.6900 1.7247 2.1558 0.0000 4.9525 4.0301 10.8620 5.0536 5.1900 2.5233 4.5972 2.3555 8.7286 4.7439 4.8915 1.7629 59.0452 55.0158 57.2518 59.2459 58.3339 57.5952 55.4541 57.5575 54.5049 55.2482 52.5171 57.0425 56.9147 57.2618 55.8084 57.4565 60.9642 57.4989 54.3064 59.5134 55.1821 58.7941 58.0036 54.4836 60.0543 55.7964 52.3047 54.9517 60.7702 55.5573 31.9865 27.2989 32.2931 33.2913 29.0500 26.4852 31.2512 27.1385 25.1607 34.2421 26.1805 32.0306 41.0845 33.3374 39.1213 30.6366 30.5653 33.1314 35.4341 26.9142 29.2693 33.3223 38.4114 27.4330 30.2789 31.4171 23.7241 33.3396 30.1438 29.9584 20.7035 23.4797 23.6644 23.5587 22.7084 20.5269 19.1426 24.8579 16.2889 19.5726 30.3289 24.9455 21.9066 27.1453 28.7436 21.5547 23.4471 26.8083 16.3951 23.3792 26.9125 19.9424 25.6369 21.3218 22.4729 19.7825 21.3156 24.2248 19.1510 25.7955 49.0622 56.1859 49.2789 58.7097 50.0741 50.4006 55.6095 50.7891 55.6496 53.3367 53.6605 53.5074 55.8641 54.3078 50.3110 52.6569 57.1891 50.8606 54.2530 50.4083 54.6985 48.3682 49.1904 56.4024 55.7360 57.4892 57.6831 54.2929 57.9517 57.1510
3.2728 6.3087 7.6975 4.4182 3.9662 11.2684 5.5132 2.0631 3.6872 4.5792 3.4413 2.6905 5.3037 9.6166 7.5130 3.5348 5.1467 4.9525 0.0000 2.4059 10.9880 2.3654 5.0347 3.3138 1.4085 4.0313 9.0380 3.7836 6.1056 5.2527 59.1501 55.1136 57.3629 59.3509 58.4389 57.7900 55.5591 57.7209 54.6099 55.3532 52.5266 57.1475 57.1095 57.3668 55.9134 57.5615 61.1591 57.6039 54.4113 59.6184 55.2871 58.8991 58.1086 54.5886 60.1593 55.9013 52.4097 55.0566 60.9651 55.6623 32.0740 27.6729 32.3801 33.5525 29.1370 26.5988 31.2749 27.2521 25.2477 34.3558 26.2583 32.1443 41.1981 33.4510 39.2083 30.7236 30.6523 33.2674 35.5477 27.1522 29.6804 33.4093 38.8795 27.4915 30.3712 31.4670 23.8260 33.4382 30.2325 30.0455 20.9202 23.6964 23.8329 23.7819 22.8584 20.8110 19.2381 25.0746 16.4295 19.7923 30.5937 25.1783 22.1233 27.3684 28.9667 21.7619 23.5748 27.1214 16.5979 23.5979 27.1292 20.1291 25.8601 21.5385 22.6961 19.9992 21.4367 24.4466 19.3677 26.0187 49.1416 56.2653 49.3583 58.7891 50.1535 50.4800 55.6889 50.8685 55.8245 53.4161 53.7399 53.5869 56.0043 54.3872 50.3904 52.7363 57.3635 50.9400 54.3324 50.4877 54.7779 48.5302 49.2699 56.5829 55.8154 57.5686 57.7625 54.3724 58.0311 57.2304
2.2034 5.4059 6.7878 4.7184 2.1765 10.4888 5.6110 1.9373 3.2445 4.4518 1.9723 2.7695 5.2911 9.4207 7.6316 2.4413 3.3858 4.0301 2.4059 0.0000 11.0679 1.6338 5.5886 2.1609 2.9388 3.0513 9.0429 3.2595 5.6112 3.9278 59.1957 55.3011 57.4024 59.3965 58.4845 57.6130 55.6046 57.7303 54.8283 55.4032 52.8489 57.1931 57.0551 57.4124 55.9590 57.6071 60.9821 57.6495 54.4569 59.6640 55.3327 58.9447 58.1541 54.7193 60.2049 56.0600 52.5466 55.1165 60.7881 55.7078 31.7052 27.0054 32.1048 33.0101 28.9143 26.2506 31.1847 27.0496 25.0237 34.0572 26.2517 31.9181 40.9292 33.1891 38.9343 30.3766 30.2840 32.8674 35.2572 26.6707 29.0084 33.0925 38.0773 27.2982 30.1265 31.3265 23.4737 33.2731 29.9911 29.6772 20.8957 23.6719 23.8517 24.0415 22.9485 20.7191 19.6201 25.0501 16.5239 19.7647 30.3077 25.1100 22.0988 27.3261 28.9081 21.7922 23.6698 26.9693 16.8489 23.4409 27.1047 20.1936 25.8079 21.7744 22.6427 19.9747 21.5506 24.4477 19.3644 26.0219 49.1398 56.2635 49.3565 58.7873 50.1517 50.4782 55.6871 50.8667 55.7406 53.4143 53.7381 53.5850 55.9417 54.3854 50.3886 52.7345 57.2667 50.9382 54.3306 50.4859 54.7761 48.4582 49.2680 56.4372 55.8136 57.5668 57.7607 54.3705 58.0293 57.2286
11.0021 6.5395 4.7398 7.4815 9.2493 3.2114 5.6458 9.8049 8.0626 13.4349 10.9471 13.3960 16.1724 2.2125 3.4770 11.2976 9.2584 10.8620 10.9880 11.0679 0.0000 12.5612 6.0433 9.9593 10.4888 11.0934 2.4693 8.3576 13.2535 9.1942 48.6572 44.8129 46.9548 48.8579 47.9460 47.3905 45.1415 47.3882 44.3901 44.9650 42.2075 46.6880 46.6747 46.8739 45.4334 47.0709 50.7039 47.1485 43.9911 49.1254 44.8254 48.4062 47.6156 44.2811 49.6663 45.6525 42.1084 44.6782 50.5098 45.2530 21.7489 17.4335 21.7816 23.2469 18.4101 16.2799 20.4636 16.5074 14.7492 23.9525 15.3628 21.5660 30.4943 22.9325 28.4814 20.3627 20.2455 22.9618 25.1140 16.8495 19.3879 23.0007 28.5739 16.8096 19.9671 20.7377 13.5477 22.6462 19.8048 19.6569 10.0754 12.9574 13.4518 13.4557 12.2292 10.2641 11.0980 14.3164 5.6947 8.9385 19.9381 14.3047 11.4246 16.5363 18.0888 11.1514 12.6887 16.2477 6.7026 13.0930 16.4233 9.4692 15.0109 11.1604 11.9406 9.3156 10.5808 13.8941 8.6171 15.4361 38.3274 45.4426 38.6258 48.0182 39.2698 39.5963 44.9277 39.9848 45.1610 42.5923 42.8907 42.7031 45.1853 43.5227 39.5067 41.8526 46.5445 40.0931 43.4487 39.7205 43.8942 37.8639 38.4487 45.8858 44.9590 46.6849 46.9062 43.5861 47.2212 46.3467
2.8492 6.6849 8.1048 5.8082 3.4287 11.9424 7.0710 3.0220 4.6099 5.2569 2.9085 2.1709 4.0184 10.8840 9.0862 3.4456 4.7655 5.0536 2.3654 1.6338 12.5612 0.0000 6.7991 3.3422 3.1194 4.2846 10.4438 4.3446 5.6190 5.1926 60.5965 56.6170 58.8032 60.7973 59.8853 59.0269 57.0055 59.1089 56.1349 56.7996 54.1625 58.5976 58.4559 58.8132 57.3598 59.0079 62.3960 59.0503 55.8577 61.0648 56.7335 60.3455 59.5550 56.0350 61.6057 57.3667 53.8561 56.5030 62.2019 57.1086 33.1017 28.4019 33.5036 34.4198 30.3132 27.6567 32.6445 28.4607 26.4225 35.4560 27.7306 33.3169 42.3280 34.5879 40.3331 31.7885 31.6805 34.2793 36.6560 28.0825 30.4203 34.5008 39.4247 28.6970 31.6053 32.7253 24.8737 34.6756 31.3899 31.0737 22.3914 25.1676 25.2051 25.3694 24.4462 22.2148 20.9460 26.5458 18.0267 21.2605 31.7864 26.6080 23.5945 28.8218 30.4061 23.2924 25.1725 28.4673 18.1982 24.9026 28.6004 21.6802 27.3036 23.1050 24.1385 21.4704 23.0533 25.9127 20.8671 27.4634 50.6255 57.7492 50.8422 60.2730 51.6374 51.9639 57.1728 52.3524 57.2111 54.9000 55.2237 55.0707 57.4274 55.8711 51.8743 54.2202 58.7524 52.4239 55.8163 51.9716 56.2618 49.9315 50.7537 57.9158 57.2993 59.0525 59.2464 55.8562 59.5150 58.7143
5.1038 3.1156 4.6062 3.1396 4.1346 6.8278 3.4164 4.3443 2.8536 7.4216 5.0995 7.5063 10.2531 4.7871 3.1071 5.4304 4.3025 5.1900 5.0347 5.5886 6.0433 6.7991 0.0000 4.2861 4.4612 5.3561 4.1781 2.8630 7.5604 4.3074 54.3676 50.3311 52.6120 54.5684 53.6564 53.0391 50.7765 52.9700 49.8274 50.5707 47.7393 52.3650 52.3586 52.5843 51.1309 52.7790 56.4082 52.8214 49.6288 54.8359 50.5046 54.1166 53.3260 49.8061 55.3768 51.1434 47.6272 50.2741 56.2142 50.8896 27.5063 23.1310 27.6904 28.9635 24.4473 22.0049 26.4909 22.5250 20.5580 29.6757 21.3748 27.3795 36.4334 28.7194 34.5186 26.0819 26.0029 28.6784 30.8603 22.5632 25.0914 28.7274 34.2906 22.8018 25.7098 26.7748 19.2452 28.6735 25.5674 25.4143 15.9259 18.7022 18.9693 18.8011 17.8619 15.8463 14.4007 20.0803 11.4353 14.7950 25.7463 20.2059 17.1291 22.3948 23.9857 16.7677 18.5658 22.1489 11.6037 18.7504 22.1349 15.1348 20.8785 16.5443 17.6920 15.0050 16.4377 19.4743 14.3735 21.0146 44.2577 51.3814 44.4744 53.9052 45.2696 45.5960 50.8049 45.9846 50.9454 48.5322 48.8559 48.7029 51.1252 49.5032 45.5065 47.8524 52.4844 46.0560 49.4485 45.6038 49.8940 43.6511 44.3859 51.7354 50.9315 52.6847 52.8786 49.4884 53.1472 52.3464
2.5103 3.8286 6.3724 4.2696 2.1437 9.9363 4.4865 2.3096 2.3331 4.2678 1.5554 3.4882 6.2550 8.3638 6.5261 1.7183 2.0755 2.5233 3.3138 2.1609 9.9593 3.3422 4.2861 0.0000 3.0894 1.7770 7.8747 2.7747 5.5348 2.1657 58.1123 54.0964 56.3190 58.3131 57.4011 56.6638 54.5213 56.6247 53.6735 54.3154 51.5957 56.1097 55.9833 56.3290 54.8756 56.5237 60.0328 56.5661 53.3735 58.5806 54.2493 57.8613 57.0708 53.5645 59.1215 54.9053 51.3919 54.0188 59.8388 54.6244 30.9015 26.3642 31.2348 32.2535 27.9842 25.4133 30.2237 26.1125 24.1074 33.2162 25.1726 31.0046 40.0585 32.3114 38.0455 29.5516 29.4803 32.0464 34.4081 25.8488 28.3484 32.2620 37.5475 26.3466 29.2316 30.3655 22.6391 32.3122 29.0928 28.8734 19.8347 22.6110 22.7323 22.8354 21.7841 19.6581 18.4236 23.9891 15.3646 18.7038 29.3555 24.0587 21.0379 26.2651 27.8568 20.6765 22.5104 25.9230 15.6007 22.4070 26.0437 19.0436 24.7502 20.5401 21.5862 18.9138 20.3912 23.3560 18.2823 24.9088 48.0317 55.1555 48.2485 57.6793 49.0437 49.3701 54.5790 49.7586 54.6747 52.3062 52.6300 52.4770 54.8545 53.2773 49.2806 51.6264 56.2137 49.8301 53.2226 49.3779 53.6681 47.3804 48.1600 55.4275 54.7056 56.4588 56.6527 53.2625 56.9213 56.1205
3.8515 6.0641 7.4292 4.9180 3.8709 10.9756 5.0549 2.1943 3.4438 4.3523 3.1752 3.7711 6.1974 8.8957 7.0585 3.4299 4.9425 4.5972 1.4085 2.9388 10.4888 3.1194 4.4612 3.0894 0.0000 4.0478 8.2561 4.3465 6.2351 4.9223 58.5291 54.4926 56.7358 58.7299 57.8179 57.1599 54.9380 57.0908 53.9889 54.7321 51.9481 56.5265 56.4794 56.7458 55.2924 56.9405 60.5290 56.9829 53.7903 58.9973 54.6661 58.2781 57.4875 53.9676 59.5382 55.2803 51.7887 54.4356 60.3349 55.0412 31.8093 27.3805 32.0951 33.2282 28.8520 26.2872 30.9295 26.9298 24.9627 34.0321 25.7312 31.7898 40.8437 33.1241 38.9233 30.4386 30.3945 32.9451 35.2185 26.8089 29.3204 33.1243 38.5195 27.2065 30.0810 31.1796 23.5288 33.0838 29.9458 29.7896 20.1762 22.9525 23.2072 23.0416 22.1340 20.0617 18.4978 24.3338 15.7022 19.0520 29.9724 24.4290 21.3828 26.6281 28.2264 21.0129 22.8770 26.3720 15.8441 22.9766 26.3754 19.3876 25.1198 20.7847 21.9558 19.2546 20.7381 23.7063 18.6139 25.2784 48.5719 55.6956 48.7887 58.2195 49.5838 49.9103 55.1192 50.2988 55.2123 52.8464 53.1702 53.0172 55.3920 53.8175 49.8207 52.1666 56.7512 50.3703 53.7628 49.9181 54.2082 47.9180 48.7002 55.9651 55.2458 56.9990 57.1929 53.8027 57.4614 56.6607
2.9531 4.9132 7.8268 5.0252 3.7126 11.2483 5.5128 3.3858 3.8432 2.8448 2.1788 3.0514 5.1888 9.5800 7.6184 1.7796 2.7601 2.3555 4.0313 3.0513 11.0934 4.2846 5.3561 1.7770 4.0478 0.0000 9.0150 3.8474 4.9460 2.5924 59.4027 55.3662 57.6094 59.6035 58.6915 57.9851 55.8116 57.9160 54.9331 55.6057 52.8430 57.4001 57.3046 57.6194 56.1660 57.8141 61.3542 57.8565 54.6639 59.8710 55.5397 59.1517 58.3611 54.8412 60.4118 56.1649 52.6623 55.3092 61.1601 55.9148 32.1306 27.6579 32.4372 33.5410 29.1941 26.6293 31.3793 27.2990 25.3048 34.4027 26.3842 32.1912 41.2451 33.4980 39.2654 30.7806 30.7094 33.2755 35.5946 27.1217 29.6481 33.4663 38.8472 27.5486 30.4230 31.5288 23.8682 33.4852 30.2879 30.1025 21.0253 23.8016 23.9586 24.0326 22.9624 20.8566 19.6227 25.1797 16.5429 19.8944 30.6394 25.2512 22.2285 27.4557 29.0493 21.8671 23.6888 27.1465 16.7833 23.6580 27.2343 20.2342 25.9427 21.7373 22.7787 20.1044 21.5696 24.5467 19.4729 26.1013 49.2724 56.3962 49.4892 58.9200 50.2844 50.6108 55.8197 50.9993 55.9277 53.5469 53.8707 53.7177 56.1074 54.5180 50.5212 52.8671 57.4666 51.0708 54.4633 50.6186 54.9088 48.6334 49.4007 56.6805 55.9463 57.6995 57.8934 54.5032 58.1620 57.3612
8.8539 4.6857 3.2515 5.3892 7.3543 3.5423 3.7619 7.6708 5.9453 11.5156 8.7986 11.2629 14.0199 1.8359 2.1101 9.1710 7.1928 8.7286 9.0380 9.0429 2.4693 10.4438 4.1781 7.8747 8.2561 9.0150 0.0000 6.2317 11.1163 7.0527 50.6508 46.6657 48.8575 50.8516 49.9396 49.2468 47.0597 49.1777 46.2429 46.8538 44.1797 48.6482 48.5663 48.8675 47.4141 49.0622 52.6158 49.1046 45.9120 51.1191 46.7878 50.3998 49.6092 46.1339 51.6599 47.4746 43.9612 46.5573 52.4218 47.1629 23.7578 19.2891 23.9926 25.0995 20.7593 18.2039 22.8343 18.8272 16.8742 25.9296 17.6360 23.6598 32.7136 25.0216 30.8208 22.3513 22.3431 24.8395 27.1160 18.6850 21.1947 25.0252 30.3672 19.1457 21.9784 23.0771 15.4774 24.9693 21.8478 21.7382 12.0383 14.8146 15.2612 15.2079 14.0449 11.8832 12.3246 16.1927 7.5828 10.9074 21.8450 16.2577 13.2415 18.4687 20.0558 12.9468 14.7287 18.1666 8.0425 14.8585 18.2473 11.2472 16.9505 12.9126 13.7854 11.1208 12.6095 15.6230 10.4858 17.1884 40.4468 47.5705 40.7123 50.1312 41.4587 41.7852 47.0408 42.1737 47.1546 44.7213 45.0451 44.8921 47.2549 45.6924 41.6956 44.0415 48.6141 42.2452 45.6377 41.7981 46.0832 39.8575 40.5751 47.8361 47.1207 48.8739 49.0678 45.6992 49.3364 48.5356
2.9592 4.0070 4.8883 1.9324 2.8891 8.3529 5.0340 3.0464 2.9318 6.4061 3.8385 5.3010 7.8148 6.6880 4.9416 4.0723 3.8645 4.7439 3.7836 3.2595 8.3576 4.3446 2.8630 2.7747 4.3465 3.8474 6.2317 0.0000 6.0191 3.9647 56.5862 52.5833 54.7928 56.7869 55.8750 55.1065 52.9951 55.0985 52.1604 52.7892 50.1126 54.5835 54.4456 54.8028 53.3494 54.9975 58.4756 55.0399 51.8474 57.0544 52.7231 56.3351 55.5446 52.0514 57.5953 53.3922 49.8788 52.4927 58.2815 53.0983 29.3556 24.8048 29.6639 30.6902 26.4194 23.8543 28.6839 24.5488 22.5365 31.6452 23.6265 29.4337 38.4876 30.7405 36.4904 28.0057 27.9344 30.5005 32.8372 24.2833 26.7669 30.6914 35.9655 24.8318 27.6607 28.8257 21.0932 30.7724 27.5219 27.3275 18.2216 20.9979 21.1711 21.2807 20.2010 18.0451 16.8720 22.3760 13.7815 17.0907 27.7529 22.4487 19.4248 24.6520 26.2468 19.0634 20.9274 24.3080 14.0314 20.8328 24.4306 17.4351 23.1401 18.9854 19.9761 17.3007 18.8082 21.7430 16.6692 23.2987 46.4903 53.6140 46.7071 56.1378 47.5022 47.8287 53.0376 48.2172 53.1032 50.7648 51.0886 50.9356 53.2922 51.7359 47.7391 50.0850 54.6422 48.2887 51.6812 47.8365 52.1266 45.8089 46.6186 53.8560 53.1642 54.9173 55.1112 51.7211 55.3798 54.5791
4.0521 7.7744 9.4657 7.6001 6.8994 13.0778 9.9732 6.2417 7.5843 3.2780 4.9194 4.0509 4.0727 11.5492 9.8113 4.3933 6.5722 4.8915 6.1056 5.6112 13.2535 5.6190 7.5604 5.5348 6.2351 4.9460 11.1163 6.0191 0.0000 6.3882 61.2338 57.1973 59.4405 61.4346 60.5226 59.7409 57.6427 59.7462 56.6936 57.4368 54.6887 59.2312 59.0932 59.4505 57.9971 59.6452 63.1099 59.6876 56.4950 61.7020 57.3708 60.9828 60.1922 56.6723 62.2429 57.9850 54.4934 57.1403 62.9159 57.7459 34.1714 29.5346 34.5151 35.4763 31.2781 28.6936 33.5484 29.4133 27.3878 36.4965 28.4796 34.2850 43.3389 35.5917 41.3258 32.8301 32.7502 35.3209 37.6884 29.1241 31.5082 35.5424 40.6991 29.6619 32.5120 33.6902 25.9143 35.6369 32.3732 32.1434 23.0751 25.8514 25.9436 25.9299 25.0629 22.8985 21.4095 27.2295 18.6434 21.9442 32.5648 27.3166 24.2783 29.5164 31.1147 23.9169 25.8012 29.1759 18.7528 25.6579 29.2841 22.2969 28.0081 23.6934 24.8441 22.1542 23.6701 26.5964 21.5226 28.1667 51.3238 58.4476 51.5406 60.9714 52.3358 52.6622 57.8711 53.0507 57.9284 55.5983 55.9221 55.7691 58.1258 56.5694 52.5726 54.9185 59.4673 53.1222 56.5147 52.6700 56.9602 50.6341 51.4521 58.6812 57.9977 59.7509 59.9448 56.5546 60.2134 59.4126
4.1803 3.2885 6.9519 5.8233 3.0121 9.1399 4.6721 4.0096 1.9735 5.0658 2.9578 4.6941 7.0685 7.8381 6.0695 2.4738 1.4797 1.7629 5.2527 3.9278 9.1942 5.1926 4.3074 2.1657 4.9223 2.5924 7.0527 3.9647 6.3882 0.0000 57.4113 53.3904 55.6179 57.6120 56.7000 55.9416 53.8202 55.9236 52.9676 53.6143 50.9334 55.4086 55.2707 55.6279 54.1745 55.8226 59.3106 55.8650 52.6725 57.8795 53.5482 57.1602 56.3697 52.8586 58.4204 54.1994 50.6859 53.3178 59.1166 53.9234 30.2654 25.6008 30.5721 31.5703 27.3290 24.7641 29.5707 25.4383 23.4396 32.5420 24.4843 30.3305 39.3843 31.6372 37.4002 28.9155 28.8442 31.4104 33.7339 25.1932 27.5539 31.6012 36.7525 25.7317 28.5579 29.7158 22.0031 31.6591 28.4228 28.2378 19.0397 21.8159 21.9960 22.0642 21.0327 18.8631 17.6540 23.1941 14.6132 17.9087 28.6046 23.2652 20.2428 25.4701 27.0633 19.8814 21.7591 25.1245 14.8168 21.6756 25.2487 18.2668 23.9567 19.7689 20.7927 18.1187 19.6399 22.5610 17.4872 24.1153 47.3457 54.4694 47.5624 56.9932 48.3576 48.6840 53.8930 49.0726 53.9449 51.6202 51.9439 51.7909 54.1476 52.5913 48.5945 50.9404 55.4839 49.1441 52.5365 48.6918 52.9820 46.6517 47.4739 54.6978 54.0195 55.7727 55.9666 52.5764 56.2352 55.4344
59.1522 54.9606 52.7276 55.8025 57.3777 49.0244 54.1007 57.8776 56.2281 61.6763 59.0477 61.4473 64.0971 50.1140 52.0499 59.4362 57.4528 59.0452 59.1501 59.1957 48.6572 60.5965 54.3676 58.1123 58.5291 59.4027 50.6508 56.5862 61.2338 57.4113 0.0000 5.3889 2.9906 0.9143 1.1905 3.9320 4.0639 3.2243 5.6216 4.1051 8.4967 3.1806 2.8085 2.1967 3.8170 2.1394 3.8980 2.2583 5.1336 1.8323 3.9455 1.1927 1.6424 5.2170 1.7827 4.9731 7.1242 4.5656 4.5590 4.1616 30.5827 34.8469 29.8564 28.7138 32.4502 35.1980 30.0322 34.0403 35.9990 27.5260 34.3505 29.5177 20.7970 28.5290 23.8325 31.3062 31.5252 29.0973 26.5661 34.6832 32.1807 28.5854 24.7345 34.0276 30.9064 30.2253 37.6082 28.3203 31.1036 32.1362 39.0706 36.3367 35.5291 36.0753 37.0052 38.9885 40.7469 34.9625 43.2861 40.0980 29.0763 34.8080 37.8508 32.5623 31.2511 37.8765 36.4620 33.0354 43.2540 35.8027 32.9729 39.8804 33.9795 38.2929 37.1848 39.8065 38.5109 35.5445 40.3158 33.9922 11.8382 7.6356 11.1785 8.5793 11.3184 11.4790 7.6046 10.7665 8.1538 8.5316 8.5335 8.9294 8.9688 8.4114 11.0980 9.8151 10.0663 10.3790 8.6679 10.0278 8.3136 11.6824 11.5638 7.9476 9.0788 9.8437 10.2819 7.8722 9.7947 9.3405
55.1156 51.0948 48.9735 51.8102 53.5461 45.3290 50.1844 53.8410 52.2224 57.6398 55.0844 57.4108 60.1128 46.1975 48.1545 55.3996 53.5421 55.0158 55.1136 55.3011 44.8129 56.6170 50.3311 54.0964 54.4926 55.3662 46.6657 52.5833 57.1973 53.3904 5.3889 0.0000 4.1762 5.7401 4.9790 6.0259 2.2222 4.9534 2.0224 2.4872 3.8834 2.7087 5.0689 4.0485 2.2961 5.1380 8.5416 3.7460 3.1866 6.2306 3.0414 5.6834 4.7944 1.5036 6.7716 3.4115 3.9099 2.8706 8.9254 3.5533 27.0164 31.1686 26.3315 25.1212 28.7719 31.5196 26.3538 30.3619 32.3206 23.9500 30.6722 25.9414 18.5157 24.9255 21.3490 27.6820 27.8624 25.5946 23.0293 31.0048 28.5024 24.9617 22.0820 30.3492 27.2280 26.5469 33.9298 24.7610 27.4252 28.4578 35.3919 32.5406 31.7113 32.0916 33.0225 35.3232 36.9291 31.2098 39.3775 36.3579 25.8607 31.1659 33.9799 28.9603 27.7117 33.9346 32.6161 29.7807 39.1910 32.0621 29.1442 35.8950 30.2920 34.2756 33.3587 35.9485 34.5967 31.7634 36.4656 30.1618 9.8370 10.9152 9.1103 11.9732 9.4635 9.7184 10.4607 9.0636 11.1006 8.8501 9.7806 10.4905 11.8428 9.7312 9.2489 10.9259 13.0716 9.4320 10.5062 8.2301 10.6342 9.4426 9.2364 11.1281 12.2378 13.1022 13.5286 9.2952 13.0594 12.5182
57.3588 53.1928 51.0343 54.0091 55.6314 47.4007 52.3074 56.0842 54.4348 59.9111 57.2543 59.6539 62.3037 48.3206 50.2698 57.6428 55.6595 57.2518 57.3629 57.4024 46.9548 58.8032 52.6120 56.3190 56.7358 57.6094 48.8575 54.7928 59.4405 55.6179 2.9906 4.1762 0.0000 3.2469 2.9245 2.5795 2.7544 1.6758 3.7917 2.8590 7.3895 2.1686 1.9817 3.3501 3.0683 2.3771 4.7882 1.6847 3.3050 4.6555 2.9643 3.3453 3.0066 3.8768 3.9424 2.1374 5.6288 2.7191 5.2064 2.0090 29.0024 33.2666 28.2853 27.1335 30.8699 33.6177 28.4771 32.4600 34.4187 25.9457 32.8347 27.9373 19.6017 26.9487 22.8131 29.7259 29.9449 27.5310 24.9858 33.1028 30.6004 27.0051 23.5950 32.4473 29.3261 28.6450 36.0278 26.7400 29.5233 30.5559 37.4104 34.6345 33.7432 34.4452 35.3791 37.2702 38.9496 33.2628 41.6532 38.4454 27.1564 33.1682 36.1903 30.9372 29.6854 36.1793 34.9205 31.4550 41.6279 34.0062 31.3234 38.2542 32.3286 36.6668 35.4315 38.0868 36.9114 33.7618 38.5830 32.2598 11.2546 10.3431 10.5950 11.3755 10.8811 11.0831 10.0497 10.2691 10.3808 8.9926 10.0241 10.2553 11.0856 9.4517 10.5409 10.9854 12.2639 10.0326 10.0766 9.4956 10.2014 11.0522 10.9960 10.1623 11.7136 12.6399 12.8785 9.0903 12.2785 12.1368
59.3529 55.1613 52.9283 56.0032 57.5785 49.2251 54.3015 58.0783 56.4289 61.8771 59.2484 61.6480 64.2978 50.3147 52.2507 59.6369 57.6536 59.2459 59.3509 59.3965 48.8579 60.7973 54.5684 58.3131 58.7299 59.6035 50.8516 56.7869 61.4346 57.6120 0.9143 5.7401 3.2469 0.0000 1.0442 4.2843 4.4548 3.5755 6.0696 4.3793 8.7728 3.3508 3.0708 2.3508 4.0695 2.1542 4.2056 2.7527 5.3639 2.0640 4.2193 0.8462 1.5060 5.5669 2.0785 5.2551 7.3784 4.9535 4.9113 4.5396 30.7664 35.0306 30.0400 28.8974 32.6339 35.3817 30.2158 34.2240 36.1827 27.7096 34.5342 29.7013 20.9751 28.7126 24.0001 31.4899 31.7089 29.2809 26.7498 34.8668 32.3644 28.7691 24.9126 34.2112 31.0901 30.4090 37.7918 28.5040 31.2873 32.3198 39.2714 36.5374 35.8150 36.2761 37.1729 39.2068 41.0329 35.1658 43.4868 40.2988 29.3622 35.0087 38.0515 32.7631 31.4402 38.0772 36.6236 33.2641 43.4282 36.0886 33.1737 40.0564 34.1802 38.4911 37.3855 40.0072 38.6638 35.8059 40.5165 34.2186 11.8183 7.6430 11.1587 8.2913 11.3445 11.4592 7.8008 10.7466 8.4606 8.5099 8.8976 9.2079 9.2050 8.2781 11.0782 9.9260 10.2593 10.4086 8.5517 10.0080 8.3033 11.8155 11.6107 8.1438 9.2515 9.7079 10.2850 7.7256 9.9878 9.3418
