0.0000 2.2383 1.8196 1.5888 2.8022 2.3983 3.6158 4.4835 1.9271 3.0598 2.6691 2.6239 2.9690 5.9648 3.8769 1.3339 4.8717 2.6618 2.2080 2.6606 5.7884 3.3859 3.5426 3.1008 4.3996 1.4282 7.1932 1.8507 2.5488 3.0329 96.3887 95.4835 97.5211 96.7893 94.6283 100.2777 94.9962 99.1260 97.8385 97.5577 94.8369 95.8679 95.7553 94.7338 96.9369 95.7940 99.9048 98.6631 93.7018 95.2594 93.9629 95.3930 95.3833 94.9187 97.9442 100.2101 93.9138 94.8514 99.2885 98.3808 2.5839 2.3512 7.5002 5.9622 6.5904 5.8279 10.9704 7.5253 5.7583 8.9051 11.8471 10.5809 15.9938 8.0180 7.3301 5.5591 2.6499 6.3439 9.4214 4.9732 4.1244 6.3775 6.2613 3.9807 8.3941 6.8718 3.3059 10.4949 7.3631 2.9220 26.8238 31.6562 33.5832 32.2548 27.2088 24.0175 37.4087 32.5641 20.5342 27.4418 40.0067 26.9226 30.0763 28.6203 31.9066 23.8833 24.5853 29.2629 28.5626 31.6549 33.1784 28.6094 26.5722 29.8461 26.5685 27.4423 22.4775 32.3883 21.9477 34.2616 53.4125 60.3960 56.1637 65.7355 54.6456 56.0522 60.1365 58.8375 61.7995 60.9113 56.1754 55.9085 58.2971 57.0093 56.8310 53.8466 60.6673 53.9085 56.9300 57.3178 59.3068 54.9918 57.4345 62.0947 56.8456 58.6486 54.8977 58.9649 56.6300 59.7889
2.2383 0.0000 3.2437 2.5115 3.8486 3.3437 4.2572 5.8177 2.6748 3.6435 3.7781 4.0539 4.6498 6.2834 3.9661 2.2565 5.9206 3.7856 3.8322 4.1817 6.2575 4.4215 3.2441 4.5656 4.9222 2.5379 6.7593 2.8624 4.3269 4.0848 96.1812 95.3798 97.3849 96.5211 94.3747 100.1952 94.8325 99.0467 97.6850 97.3775 94.6022 95.8029 95.5776 94.4842 96.6849 95.5482 99.7218 98.5131 93.5661 94.9872 93.7438 95.1098 95.1474 94.7358 97.7132 100.0879 93.7403 94.7143 99.2317 98.1867 2.6651 1.9787 6.3307 5.6232 6.3617 5.4857 10.0992 7.1300 5.0471 8.1626 11.0443 9.4437 15.3305 7.0127 6.8989 4.4505 2.2891 6.0382 8.2764 4.3157 3.2914 6.0018 5.1562 3.8608 8.2829 6.8638 2.4807 9.7770 7.3122 1.9125 27.0050 31.8132 33.8630 32.5332 27.5297 24.1267 37.9941 33.0212 20.7370 27.6600 40.4453 27.2705 30.3853 28.8386 32.0276 24.2284 24.3234 29.6714 28.5756 32.0539 33.1300 28.4477 26.8427 30.0073 26.8341 27.6913 22.4344 32.6709 22.1863 34.6131 53.1241 59.9109 56.0046 65.2990 54.2183 55.6141 59.8493 58.3492 61.4503 60.5414 55.8023 55.3797 57.9693 56.6306 56.3076 53.2297 60.1872 53.5879 56.4759 57.0330 58.7943 54.8478 57.0799 61.8295 56.3328 58.0992 54.5588 58.6212 56.3091 59.2480
1.8196 3.2437 0.0000 2.6852 1.8586 2.7312 4.5343 4.1578 2.3180 3.9542 3.1068 1.9085 2.2012 6.8048 5.0005 1.8534 4.9476 3.3973 2.0841 1.9901 6.7998 2.5572 4.5920 3.3137 5.2116 2.3839 8.1694 2.6277 2.3997 3.7323 97.2677 96.2948 98.4104 97.6809 95.5447 101.0962 95.8751 99.9924 98.7077 98.4414 95.7039 96.7016 96.6529 95.6203 97.8159 96.6858 100.7668 99.5377 94.5407 96.1600 94.8427 96.3174 96.2521 95.7848 98.8076 101.0614 94.7846 95.7106 100.1005 99.2586 4.1510 3.3825 8.7070 7.1593 7.6654 6.9807 12.2301 8.6658 6.9054 10.1212 12.9533 11.8403 17.1252 9.3145 8.5577 6.7895 3.9961 7.5697 10.6001 6.2108 5.4395 7.7158 7.5437 5.1556 9.3837 8.0882 4.7382 11.7259 8.4836 4.0691 27.3626 32.2659 34.1739 32.7879 27.8002 24.5455 37.8192 33.1687 21.1116 28.0135 40.5675 27.4797 30.6998 29.2364 32.5976 24.4102 25.2565 29.6998 29.0165 32.1652 33.8284 29.2840 27.1585 30.4011 27.1867 27.8984 23.1433 32.9324 22.4690 34.8226 54.1038 61.1048 56.8839 66.5484 55.3053 56.8479 60.8552 59.6651 62.5642 61.6695 56.8973 56.6619 58.9503 57.5915 57.6480 54.5892 61.5188 54.5577 57.6596 58.0859 60.1900 55.5901 58.1206 62.7922 57.6726 59.4621 55.6396 59.6920 57.2746 60.6208
1.5888 2.5115 2.6852 0.0000 3.5369 2.5882 3.0366 4.6977 2.0580 2.6613 2.3926 3.7116 3.1382 5.3024 3.1530 1.7372 4.9766 1.9485 2.2676 3.0656 4.9055 4.2391 3.1251 2.3636 3.7208 1.2140 6.6527 1.5487 2.6462 2.6752 95.6349 94.7128 96.7218 96.0527 93.8538 99.5410 94.2412 98.3594 97.0705 96.8087 94.1352 95.1376 94.9573 94.0020 96.2127 95.0327 99.1300 97.8953 92.9765 94.5305 93.2302 94.6034 94.6377 94.1833 97.1979 99.3855 93.1467 94.1233 98.5828 97.5999 2.4479 3.0395 7.0780 5.2474 6.0429 5.1977 10.3531 6.7283 5.3901 8.3353 11.2801 9.9498 15.3481 7.4574 6.7814 5.1729 2.6980 5.5687 9.0641 4.5776 3.8130 5.5430 5.8277 3.4417 7.5708 6.0108 3.1400 9.6784 6.4648 2.7871 26.1447 30.7743 32.8130 31.5791 26.4306 23.2872 36.7108 31.7129 19.7888 26.6228 39.1363 26.0993 29.0711 27.7396 31.0755 23.1383 23.9278 28.6878 27.9779 30.6965 32.4513 27.7404 25.7586 29.1675 25.7212 26.6795 21.6375 31.7259 21.1868 33.5311 52.6140 59.6870 55.3921 65.0425 54.0096 55.3495 59.4999 58.0831 61.0966 60.1482 55.4545 55.2174 57.6123 56.3484 56.1046 53.2045 59.9365 53.2018 56.2766 56.6132 58.5835 54.2665 56.7063 61.3745 56.0945 57.9976 54.1538 58.2436 55.8337 59.1354
2.8022 3.8486 1.8586 3.5369 0.0000 3.9843 5.8154 5.1287 3.6645 5.0697 4.2296 1.8618 2.9404 8.2483 6.0750 2.5837 5.8567 4.5853 3.2173 2.4795 7.9779 1.3137 5.7873 4.1720 6.2434 3.4684 9.5338 3.9365 3.3921 5.1444 98.6961 97.7088 99.8089 99.0825 96.9322 102.5263 97.2701 101.4069 100.0914 99.8788 97.1240 98.1484 98.0328 97.0477 99.2457 98.0950 102.1683 100.9506 95.9808 97.5938 96.2610 97.7066 97.6738 97.2173 100.2389 102.4371 96.1762 97.1175 101.5483 100.6264 5.0987 3.8662 9.8154 8.3805 8.8964 8.0160 13.4422 9.9287 8.1277 11.3828 14.2398 12.9152 18.4667 10.4070 9.8428 7.8661 4.9881 8.8057 11.7312 7.3613 6.5351 8.8342 8.5701 6.4115 10.7220 9.2945 5.6612 12.8746 9.6393 4.9516 28.7803 33.5748 35.5170 34.1687 29.1443 25.9272 38.9219 34.4152 22.5406 29.3230 41.6990 28.7242 31.8997 30.5273 33.9802 25.7732 26.6866 31.0285 30.4444 33.3456 35.2266 30.5464 28.4771 31.7791 28.5115 29.2501 24.5152 34.3458 23.8744 36.1707 55.4977 62.4697 58.2761 67.9602 56.7205 58.2850 62.3371 61.0533 63.9989 63.0873 58.2890 58.0704 60.3933 58.9834 58.9982 55.9832 62.9106 55.9663 59.0638 59.5266 61.5887 56.9939 59.5073 64.2130 59.0683 60.8688 57.0455 61.0686 58.6303 62.0505
2.3983 3.3437 2.7312 2.5882 3.9843 0.0000 2.5683 2.8606 2.2764 1.9998 1.7214 3.7880 2.7551 4.9793 3.2356 2.3345 3.2059 2.6635 2.0073 2.7734 5.0931 4.8250 2.7138 3.2096 3.2727 2.4193 6.6813 2.2459 2.3424 2.2770 95.1845 94.3303 96.2759 95.5201 93.4045 99.0268 93.7482 97.8378 96.5402 96.3569 93.5182 94.6414 94.5371 93.5136 95.6900 94.5713 98.6243 97.4389 92.4143 94.0476 92.7430 94.2179 94.1123 93.6058 96.7030 99.0023 92.6658 93.5302 98.0141 97.1310 3.6194 3.5522 7.1929 5.2284 5.3665 4.8478 10.5308 6.8809 5.0289 8.4250 11.1730 10.0306 15.1774 7.8222 6.6861 5.4614 3.0478 5.9252 9.1246 4.9960 4.2053 6.0583 5.8725 3.6347 7.4294 6.1645 3.9460 9.8838 6.3437 3.3944 25.3077 30.4492 32.1904 30.6282 25.6696 22.7148 35.5966 31.2040 19.2247 26.2799 38.5102 25.2734 28.8587 27.3475 30.8264 22.8854 23.5321 27.4065 26.9435 30.2228 31.8260 27.3229 25.1818 28.3253 25.2516 25.9148 21.2714 30.7485 20.6237 32.6228 52.1242 58.9840 54.8688 64.6327 53.2332 54.7968 59.0035 57.7092 60.5847 59.7221 54.9010 54.6563 57.1387 55.7775 55.6122 52.7353 59.5869 52.5403 55.6089 55.9981 58.1752 53.7738 56.2002 60.8583 55.7913 57.5942 53.6651 57.7219 55.3386 58.7116
3.6158 4.2572 4.5343 3.0366 5.8154 2.5683 0.0000 4.0165 3.3569 1.8947 2.5088 5.6375 4.2580 3.2762 2.4712 3.8006 3.8163 2.1682 3.2386 4.3773 3.1146 6.5993 2.2119 3.1906 2.3667 3.0194 5.2128 2.7273 3.4229 1.7865 93.3268 92.4956 94.3547 93.7003 91.5712 97.2053 91.9438 95.9904 94.7149 94.5074 91.7605 92.7840 92.6827 91.7184 93.8906 92.7210 96.7743 95.5764 90.5997 92.2379 90.9325 92.3735 92.3336 91.8138 94.8667 97.1451 90.8505 91.7521 96.2246 95.3270 3.2890 4.5819 6.1159 3.6946 3.7718 3.6526 8.9149 5.0299 4.0660 6.8874 9.7174 8.5203 13.3963 6.5477 4.8780 4.5770 3.2120 4.0428 8.0599 4.0122 3.5205 4.2593 4.8644 2.3343 5.4503 3.9126 3.6409 8.1055 4.3588 3.6617 23.7071 28.6384 30.5056 29.0378 23.9781 21.1381 34.2063 29.5372 17.5329 24.6080 36.9290 23.6055 27.0001 25.5575 28.9215 21.2081 21.9749 25.9955 25.5767 28.4829 30.2004 25.7336 23.5551 26.8114 23.5986 24.3672 19.5584 29.0860 18.9172 31.0046 50.4564 57.4583 53.1600 62.8884 51.7405 53.1417 57.3595 55.9378 58.8932 57.9933 53.2755 53.0503 55.5561 54.3127 54.0468 51.2258 57.8443 50.9383 54.0212 54.2428 56.4464 52.0917 54.5885 59.2338 54.0513 55.9642 51.9432 56.1146 53.7137 57.0522
4.4835 5.8177 4.1578 4.6977 5.1287 2.8606 4.0165 0.0000 4.5377 3.6730 3.2750 4.7504 3.2646 6.2571 5.0783 4.3023 1.7300 4.3428 3.2124 3.2865 6.2979 5.8786 4.8107 4.1872 4.2486 4.5194 8.5587 4.4349 3.2685 3.9003 95.6044 94.7148 96.5566 95.8988 93.8050 99.2799 94.1075 98.0172 96.8218 96.7422 93.8456 94.8898 94.8938 93.9427 96.0681 95.0018 98.9115 97.7728 92.6965 94.5052 93.1519 94.7099 94.4627 93.8969 97.0798 99.3347 93.0224 93.7600 98.2210 97.4922 5.8394 5.5780 9.2924 6.9330 6.5097 6.3363 12.2914 8.5663 6.8744 10.2584 12.8240 11.7033 16.4069 9.8285 8.1469 7.7315 5.2203 7.6956 11.0890 7.1421 6.5651 7.6827 7.8925 5.7740 8.5486 7.4434 6.3078 11.4251 7.4384 5.8206 25.2477 30.6314 32.2403 30.2716 25.4227 23.0211 34.4512 31.0006 19.4932 26.5185 38.0501 24.7514 28.8386 27.4445 31.1924 23.2445 24.3323 26.5603 26.8933 29.8344 32.1751 27.7676 25.2705 28.3336 25.3521 25.7629 21.7911 30.3104 20.7936 32.2019 52.5688 59.4488 55.1728 65.3232 53.6434 55.3680 59.5718 58.4350 61.1468 60.3029 55.4580 55.3155 57.7525 56.4076 56.3038 53.6189 60.2928 52.9527 56.1150 56.3502 58.9073 54.2109 56.8047 61.3738 56.5896 58.4111 54.1884 58.3228 55.8322 59.5654
1.9271 2.6748 2.3180 2.0580 3.6645 2.2764 3.3569 4.5377 0.0000 2.9166 2.3311 3.6488 3.1578 4.9484 3.6840 2.1495 5.1180 2.3284 2.1447 3.2536 5.2532 4.4308 3.1340 2.9935 4.1681 1.7518 6.1295 1.4561 2.7739 2.3544 95.3136 94.3130 96.5051 95.7128 93.5772 99.1602 93.9250 98.0911 96.7867 96.4933 93.7507 94.7718 94.7001 93.6352 95.8397 94.7191 98.8144 97.5988 92.6190 94.1704 92.8736 94.3179 94.2849 93.8738 96.8433 99.1076 92.8251 93.8153 98.1816 97.2998 3.0337 3.4993 6.8389 5.3544 6.2539 5.6352 10.2052 6.6824 5.2020 8.1260 10.8652 10.0919 15.0944 7.3975 6.7299 5.0269 3.0547 5.6707 8.6727 4.3456 3.6905 6.0249 5.8837 3.3394 7.4894 6.4241 3.5273 9.7451 6.8393 2.6876 25.6170 30.4425 32.4865 31.1649 26.2014 22.6802 36.7728 31.6121 19.3020 26.2067 39.1340 26.0294 29.0393 27.5051 30.7513 22.6602 23.2229 28.3752 27.2550 30.6683 31.9139 27.3631 25.4396 28.6418 25.4289 26.1921 21.2156 31.3315 20.7288 33.2799 52.1551 59.1252 54.9417 64.4905 53.3385 54.8408 58.8449 57.6166 60.5545 59.6525 54.9155 54.6275 56.9418 55.6094 55.5991 52.5188 59.4818 52.6070 55.6760 56.1437 58.1418 53.7041 56.1003 60.7925 55.6052 57.3713 53.6650 57.6743 55.3254 58.5536
3.0598 3.6435 3.9542 2.6613 5.0697 1.9998 1.8947 3.6730 2.9166 0.0000 1.8130 4.9627 3.8464 4.1208 1.9306 2.9995 3.5228 2.5189 2.7876 3.9362 3.9600 5.9049 2.1328 3.3065 1.7729 2.8079 5.8868 2.4433 3.2462 2.1469 94.1294 93.2971 95.1737 94.4412 92.2689 97.9762 92.6511 96.7173 95.4451 95.2815 92.4584 93.5793 93.3927 92.4225 94.5990 93.4928 97.5391 96.3341 91.3631 92.9701 91.6449 93.0853 92.9966 92.5290 95.6274 97.8788 91.5678 92.4131 96.9654 96.0014 3.0962 3.9910 6.2433 3.9014 4.2154 3.4361 9.3790 5.6847 4.0043 7.2769 10.0907 8.8442 13.9880 6.6287 5.4593 4.6269 2.6532 4.8340 8.1455 4.0594 3.4368 4.5699 4.7717 2.6772 6.2570 4.8730 3.3602 8.4778 4.9103 2.9889 24.4463 29.4116 31.2659 29.7464 24.6931 21.9042 34.6897 30.1531 18.3612 25.3425 37.3979 24.2439 27.7583 26.3186 29.9167 22.1286 22.6990 26.5899 26.1432 29.1515 30.9033 26.1869 24.2376 27.4241 24.2079 25.0231 20.3062 29.8866 19.8491 31.6826 51.1650 58.0058 53.8267 63.6949 52.3521 53.8053 58.1546 56.7304 59.5897 58.7405 53.9608 53.7417 56.2807 55.0189 54.5329 51.8423 58.5224 51.6828 54.6791 55.0463 57.1228 52.9887 55.3073 59.9090 54.7852 56.6335 52.7353 56.7840 54.4160 57.7907
2.6691 3.7781 3.1068 2.3926 4.2296 1.7214 2.5088 3.2750 2.3311 1.8130 0.0000 4.2417 2.6808 4.5543 2.9151 2.6680 3.6193 2.0766 2.0021 2.8799 4.3030 5.1173 3.0506 2.4777 2.8922 2.3673 6.4574 1.9351 2.2223 2.0095 94.7787 93.8452 95.8428 95.1481 92.9649 98.5802 93.3165 97.3859 96.1039 95.9622 93.1744 94.2055 94.0637 93.1349 95.3125 94.1894 98.1885 96.9947 92.0129 93.6973 92.3267 93.7842 93.7282 93.2279 96.3233 98.4943 92.2384 93.0999 97.5769 96.6676 3.6074 4.2723 7.2949 5.0203 5.3920 4.6975 10.3923 6.5523 5.1853 8.3228 11.0296 10.0015 14.9937 7.7028 6.6164 5.5906 3.4373 5.5931 9.1747 4.9260 4.3139 5.6998 6.0187 3.5047 7.0049 5.8335 4.2357 9.5306 5.8971 3.5497 24.8712 29.8194 31.5925 30.1889 25.1198 22.1820 35.1427 30.4674 18.7320 25.5854 37.8659 24.7660 28.1429 26.7254 30.2485 22.2585 23.1333 27.1027 26.6132 29.5977 31.3590 26.7447 24.6051 27.8455 24.5833 25.4297 20.7152 30.3916 20.1214 32.1512 51.7022 58.6741 54.3728 64.3134 52.9839 54.5110 58.7077 57.3622 60.2213 59.3618 54.5330 54.3942 56.7606 55.4457 55.2437 52.4658 59.1820 52.2152 55.3236 55.6785 57.8588 53.3479 55.8332 60.4312 55.4221 57.2858 53.3015 57.3106 54.9227 58.4512
2.6239 4.0539 1.9085 3.7116 1.8618 3.7880 5.6375 4.7504 3.6488 4.9627 4.2417 0.0000 3.0288 8.0643 6.0276 2.6270 5.4920 4.6590 3.2056 2.7142 8.0015 1.9091 5.6715 4.4085 6.2708 3.4291 9.4194 3.9143 3.2809 4.8591 98.5035 97.5327 99.6330 98.9008 96.7714 102.3132 97.0677 101.1756 99.9148 99.6545 96.8969 97.8977 97.8722 96.8297 99.0289 97.9213 101.9887 100.7502 95.7402 97.3579 96.0576 97.5401 97.4568 96.9906 100.0426 102.3066 96.0061 96.8982 101.2856 100.4673 4.7629 3.4738 9.7354 8.2575 8.7288 7.9601 13.2844 9.8992 7.9203 11.1932 14.0844 12.9123 18.2452 10.3163 9.5510 7.7755 4.6696 8.7523 11.5388 7.1741 6.3756 8.7271 8.4656 6.3214 10.6355 9.2028 5.4593 12.8475 9.5940 4.9742 28.6461 33.6228 35.4114 33.9992 29.0425 25.9058 38.7805 34.3557 22.4390 29.3721 41.6967 28.6849 32.0269 30.6103 33.9299 25.7618 26.6202 30.7731 30.2915 33.4462 35.1457 30.6590 28.4555 31.6675 28.4610 29.2052 24.5336 34.0999 23.8343 36.0081 55.5194 62.4500 58.2121 67.8671 56.6430 58.1722 62.1457 61.0004 63.8891 63.0308 58.2873 58.0090 60.3192 59.0109 58.9568 55.9431 62.8661 55.9428 58.9987 59.4072 61.5055 57.0051 59.4946 64.1209 59.0415 60.7632 57.0450 61.0437 58.7337 61.9135
2.9690 4.6498 2.2012 3.1382 2.9404 2.7551 4.2580 3.2646 3.1578 3.8464 2.6808 3.0288 0.0000 6.5187 4.9336 2.8219 4.1970 3.2531 1.6011 2.0110 6.2995 3.6906 4.9547 2.5076 4.6806 3.1210 8.4347 3.1216 1.5008 3.5507 96.6717 95.6560 97.7026 97.0999 94.9432 100.4147 95.2053 99.2753 97.9979 97.8356 95.1054 96.0213 95.9769 95.0718 97.2706 96.0902 100.1134 98.8896 93.8788 95.6264 94.2546 95.7551 95.6648 95.1289 98.2043 100.3445 94.1166 95.0083 99.4164 98.5768 4.9985 4.7462 9.4321 7.2507 7.5723 6.9110 12.6235 8.6903 7.3868 10.4710 13.2735 12.2677 17.2414 9.8916 8.7927 7.5500 4.8724 7.7363 11.3562 6.9289 6.1967 7.8583 8.1821 5.4532 9.1686 7.8784 5.6789 11.8270 8.0869 5.1349 26.5713 31.4042 33.1530 31.8507 26.7732 23.8612 36.4300 32.0140 20.3369 27.2505 39.2418 26.3367 29.6340 28.3117 31.8915 23.7133 25.0080 28.6335 28.3446 30.9423 33.1425 28.5982 26.1540 29.5274 26.2521 26.9610 22.5273 31.9999 21.6640 33.7408 53.5772 60.6723 56.2594 66.2265 54.9207 56.5028 60.5431 59.3349 62.1492 61.2284 56.4507 56.3645 58.5938 57.2393 57.3054 54.4483 61.2446 54.0629 57.3108 57.6019 59.8939 55.0235 57.6750 62.2911 57.4032 59.2897 55.1946 59.2109 56.7467 60.4020
5.9648 6.2834 6.8048 5.3024 8.2483 4.9793 3.2762 6.2571 4.9484 4.1208 4.5543 8.0643 6.5187 0.0000 3.8354 6.2360 6.1982 4.0995 5.5072 6.8980 2.4355 9.0480 3.7937 5.2110 3.9517 5.2160 3.2116 4.5772 5.7460 3.4239 90.5668 89.6338 91.6954 91.0024 88.8395 94.4341 89.1964 93.3068 92.0354 91.7452 89.0439 90.0318 89.9602 88.9434 91.1439 89.9908 94.0676 92.8490 87.8748 89.4671 88.1679 89.6131 89.5771 89.1148 92.1247 94.3750 88.1047 89.0820 93.4531 92.5960 5.0517 6.9572 5.3033 2.8990 3.6604 4.1421 6.9414 3.0245 3.8402 5.0569 7.3701 7.3806 10.9875 5.3736 3.7517 4.5483 5.1708 2.7212 6.7236 3.9053 4.1623 3.7282 4.9250 2.8988 3.1556 2.9824 5.2137 6.1986 3.3905 5.2122 21.0655 25.9355 27.9153 26.5924 21.5804 18.2665 32.7554 27.1136 14.7035 21.7767 34.8305 21.5472 24.5507 22.9780 26.1473 18.4150 18.9786 24.0947 22.9422 26.2923 27.3410 22.9865 20.9038 24.1193 20.8689 21.7582 16.6802 26.7348 16.2395 28.6764 47.6135 54.7421 50.3204 60.0538 48.9847 50.3304 54.4106 53.1574 56.0514 55.1338 50.4364 50.2395 52.5923 51.3781 51.2106 48.3470 55.0132 48.1633 51.2679 51.5302 53.6263 49.2853 51.7023 56.3120 51.1885 53.0795 49.1381 53.2168 50.8991 54.1862
3.8769 3.9661 5.0005 3.1530 6.0750 3.2356 2.4712 5.0783 3.6840 1.9306 2.9151 6.0276 4.9336 3.8354 0.0000 3.8003 4.7454 3.2155 3.9897 5.1787 3.5123 6.8396 2.1736 4.0281 2.0482 3.5710 5.3365 3.1361 4.4024 2.9108 93.3202 92.5580 94.3607 93.6593 91.4278 97.2312 91.8269 95.9310 94.6351 94.4436 91.6901 92.8467 92.5443 91.6196 93.8025 92.6772 96.7692 95.5237 90.5991 92.1459 90.8465 92.2195 92.2050 91.7095 94.8242 97.0692 90.7549 91.6195 96.2476 95.1641 3.0731 4.4718 5.5654 2.8636 3.6313 2.4220 8.4429 4.8811 3.4331 6.3409 9.2573 7.8061 13.1548 5.6682 4.8879 4.0325 2.8102 4.1075 7.4360 3.7655 3.1213 3.5085 4.0496 2.3929 5.6425 4.1702 3.1229 7.4942 4.0712 3.2124 24.0806 28.8632 30.6659 29.4057 24.2048 21.4799 34.4148 29.5359 17.8442 24.8395 36.7926 23.8159 27.1493 25.7644 29.3186 21.7066 22.1591 26.4230 25.8500 28.6869 30.3089 25.4820 23.6210 26.9522 23.5550 24.6785 19.7024 29.5891 19.4218 31.2236 50.4660 57.3301 53.1692 62.9960 51.7876 53.0390 57.5140 55.9705 58.8737 58.0074 53.2653 53.0536 55.6457 54.4273 53.7208 51.1216 57.7589 51.0843 54.0647 54.4208 56.2930 52.4185 54.6247 59.2003 54.0113 55.9248 52.0434 56.0576 53.7476 57.0127
1.3339 2.2565 1.8534 1.7372 2.5837 2.3345 3.8006 4.3023 2.1495 2.9995 2.6680 2.6270 2.8219 6.2360 3.8003 0.0000 4.6683 3.0510 2.2000 2.6321 6.0989 3.3569 3.5141 3.1673 4.2630 1.7985 7.5425 2.2212 2.7804 3.3463 96.6567 95.7569 97.7520 97.0146 94.8478 100.5328 95.2188 99.3451 98.0477 97.8074 95.0456 96.1322 95.9735 94.9675 97.1659 96.0328 100.1185 98.9074 93.9423 95.4842 94.2031 95.6181 95.5702 95.1230 98.1656 100.4270 94.1379 95.0640 99.5439 98.5719 3.0798 2.3679 7.6947 6.0477 6.6853 5.7518 11.1988 7.7578 5.8357 9.1316 12.0573 10.6667 16.2008 8.1740 7.5478 5.7020 2.7309 6.6787 9.6052 5.2324 4.3262 6.5211 6.3125 4.2606 8.5793 7.1168 3.4835 10.6044 7.4493 2.9530 27.0198 31.8454 33.7998 32.4165 27.3658 24.2520 37.3537 32.7368 20.7452 27.7166 40.0221 26.9578 30.2131 28.8258 32.2401 24.2869 24.8706 29.3186 28.6670 31.6901 33.3813 28.6768 26.7353 30.0068 26.7226 27.5502 22.6763 32.5359 22.1915 34.3908 53.6044 60.4956 56.3631 66.0047 54.7903 56.2436 60.4255 59.0615 62.0262 61.1147 56.3815 56.0885 58.5521 57.2345 56.9590 54.0592 60.9187 54.1049 57.1165 57.5493 59.5160 55.2921 57.6295 62.3202 57.0832 58.8874 55.1437 59.1751 56.8083 60.0416
4.8717 5.9206 4.9476 4.9766 5.8567 3.2059 3.8163 1.7300 5.1180 3.5228 3.6193 5.4920 4.1970 6.1982 4.7454 4.6683 0.0000 4.6843 4.0086 4.0657 6.0344 6.5776 4.5234 4.7027 3.9157 4.8546 8.4110 4.8724 4.0854 4.2384 95.1036 94.3298 96.0125 95.3457 93.2511 98.8452 93.6147 97.4940 96.2878 96.2538 93.3178 94.4379 94.3796 93.4534 95.5572 94.4882 98.3920 97.2667 92.2028 94.0031 92.6559 94.1854 93.9504 93.3537 96.5758 98.8690 92.5305 93.2143 97.7719 96.9845 5.7853 5.6268 8.8734 6.4383 5.6986 5.5533 11.7668 8.1928 6.3913 9.7827 12.3998 10.9086 15.8191 9.3556 7.6026 7.3748 5.0308 7.3823 10.6797 6.9909 6.3347 7.1092 7.3333 5.6612 8.1027 6.8859 6.0840 10.8294 6.8050 5.8270 24.9658 30.4226 31.9473 29.8889 25.0145 22.8799 33.8638 30.6603 19.3015 26.4038 37.6542 24.2434 28.5495 27.1682 30.9556 23.2631 24.1845 26.0372 26.6087 29.5129 31.8849 27.4521 25.0174 28.0521 25.0945 25.5727 21.5158 29.8819 20.6419 31.7679 52.1789 58.9715 54.7757 64.9092 53.2346 54.8980 59.2721 57.9766 60.7503 59.9076 55.0661 54.8936 57.4861 56.1820 55.8600 53.2818 59.8487 52.5700 55.6702 55.8733 58.4151 53.9597 56.5047 61.0618 56.1902 58.0291 53.7931 57.9801 55.4903 59.1630
2.6618 3.7856 3.3973 1.9485 4.5853 2.6635 2.1682 4.3428 2.3284 2.5189 2.0766 4.6590 3.2531 4.0995 3.2155 3.0510 4.6843 0.0000 2.2777 3.3756 3.6605 5.3435 3.1329 1.8972 3.3229 1.8966 5.8294 1.5590 2.3608 1.7058 94.3893 93.4209 95.4648 94.8553 92.6823 98.2431 93.0365 97.1088 95.8483 95.5862 92.9412 93.8412 93.7565 92.8225 95.0193 93.8270 97.8834 96.6648 91.7157 93.3629 92.0171 93.4485 93.4641 92.9794 95.9838 98.1412 91.9352 92.9095 97.2931 96.4144 3.1241 4.3760 6.9849 4.8378 5.4539 5.0447 9.9128 5.9459 5.2161 7.8803 10.6714 9.7494 14.5765 7.3728 6.1795 5.2857 3.5115 4.8014 8.9370 4.4167 4.0374 5.2556 5.9388 2.9496 6.5254 5.1409 3.9129 9.1565 5.6826 3.5404 24.6952 29.3600 31.3893 30.1288 25.0141 21.8392 35.4614 30.3591 18.3567 25.1536 37.9017 24.7533 27.7044 26.3181 29.6178 21.5860 22.6656 27.3167 26.6216 29.3463 31.1130 26.5783 24.3966 27.7739 24.3827 25.2486 20.3204 30.2687 19.6813 32.1333 51.3673 58.5640 54.1141 63.8472 52.8148 54.2134 58.2424 56.9238 59.8862 58.9386 54.2272 54.0817 56.3603 55.0876 55.0663 52.1272 58.7839 51.9238 55.0917 55.3306 57.4897 52.8591 55.4802 60.1232 54.9540 56.8903 52.8864 57.0213 54.5665 58.0289
2.2080 3.8322 2.0841 2.2676 3.2173 2.0073 3.2386 3.2124 2.1447 2.7876 2.0021 3.2056 1.6011 5.5072 3.9897 2.2000 4.0086 2.2777 0.0000 2.2630 5.4260 4.0355 3.8547 2.0136 3.7332 2.2478 7.3636 2.1144 1.4366 2.4702 95.8607 94.8544 96.9134 96.2577 94.1117 99.6227 94.4047 98.4908 97.2217 97.0143 94.2702 95.2189 95.1731 94.2149 96.4141 95.2548 99.3007 98.0822 93.0928 94.7550 93.4251 94.9096 94.8126 94.3352 97.3654 99.5612 93.3043 94.2417 98.6328 97.7812 3.9131 4.0666 8.2272 6.1382 6.6077 5.9913 11.4204 7.5557 6.2348 9.2844 12.0899 11.1602 16.0824 8.6869 7.5738 6.3875 3.8174 6.5785 10.1208 5.6713 5.0023 6.7194 7.0067 4.2419 8.1179 6.7840 4.5568 10.6887 7.1239 4.0303 25.8635 30.6840 32.6315 31.2231 26.1987 23.1382 36.1463 31.5361 19.6167 26.5590 38.8004 25.7874 29.0125 27.6314 31.1720 23.0339 24.0945 28.1282 27.6272 30.3965 32.3978 27.8087 25.5544 28.8762 25.6198 26.2930 21.7498 31.3503 21.0016 33.1938 52.7860 59.8297 55.4611 65.3095 54.0592 55.5938 59.6344 58.4344 61.2784 60.3601 55.6178 55.4611 57.7566 56.4263 56.3958 53.5138 60.3064 53.2571 56.4275 56.7426 58.9523 54.3057 56.8298 61.4886 56.4728 58.3234 54.3449 58.3934 55.9569 59.4727
2.6606 4.1817 1.9901 3.0656 2.4795 2.7734 4.3773 3.2865 3.2536 3.9362 2.8799 2.7142 2.0110 6.8980 5.1787 2.6321 4.0657 3.3756 2.2630 0.0000 6.5320 3.2597 4.8538 3.0179 5.0698 2.7988 8.6762 3.1538 2.0463 3.8393 97.2093 96.2478 98.2533 97.6133 95.4565 101.0042 95.8203 99.8291 98.5794 98.4172 95.6482 96.6293 96.5506 95.6314 97.7898 96.6514 100.6256 99.4618 94.4650 96.1795 94.8231 96.2937 96.2219 95.6956 98.7864 100.9458 94.7221 95.6001 100.0123 99.1934 4.7953 4.1723 9.3182 7.3974 7.5409 6.9955 12.6612 8.9112 7.3000 10.6561 13.4055 12.1291 17.3704 9.8784 8.7997 7.4647 4.6477 7.7221 11.2681 6.7943 6.1222 7.9059 8.0133 5.6194 9.3393 7.9820 5.5316 11.9480 8.2910 4.8295 27.0902 32.0761 33.9090 32.3344 27.3304 24.4014 36.9310 32.6938 21.0116 27.7718 40.0737 26.8711 30.2835 28.9336 32.4057 24.2463 25.3965 29.0516 28.8539 31.6530 33.7498 29.2319 26.9198 30.1814 26.9328 27.6187 23.0325 32.4709 22.2386 34.3187 54.0322 61.1069 56.7801 66.6572 55.3130 56.9344 60.9830 59.7471 62.6651 61.7442 56.9062 56.7642 59.0808 57.6887 57.7816 54.8589 61.5967 54.5093 57.6893 57.9817 60.3107 55.5250 58.2164 62.8662 57.8126 59.6785 55.6018 59.7417 57.2253 60.8684
5.7884 6.2575 6.7998 4.9055 7.9779 5.0931 3.1146 6.2979 5.2532 3.9600 4.3030 8.0015 6.2995 2.4355 3.5123 6.0989 6.0344 3.6605 5.4260 6.5320 0.0000 8.7683 4.0897 4.6610 3.5725 5.0180 4.3656 4.4889 5.4327 3.6590 91.0972 90.2163 92.1158 91.5704 89.3306 94.9922 89.7327 93.7776 92.5105 92.3149 89.6719 90.6006 90.4028 89.5791 91.7668 90.5535 94.5728 93.3685 88.4443 90.1119 88.7394 90.1441 90.1904 89.6580 92.7272 94.8236 88.6378 89.5771 94.0429 93.0917 4.8936 6.9434 6.0991 3.3291 3.7336 3.8262 7.7471 3.6069 4.5786 5.9765 8.3957 7.7273 11.8136 6.0235 4.4768 5.1330 5.2610 2.8862 7.7235 4.4782 4.6187 3.6181 5.3405 3.2436 3.7363 2.5816 5.2962 6.5924 2.8764 5.3449 21.7471 26.3384 28.2532 27.0965 21.8331 18.9687 32.6404 27.1628 15.4243 22.1729 34.8219 21.6710 24.5936 23.2027 26.5574 18.8370 19.9350 24.5011 23.8559 26.3697 28.0309 23.4909 21.2915 24.7398 21.2408 22.4054 17.2824 27.2926 16.7957 28.9929 48.2603 55.4999 50.9433 60.8325 49.8677 51.1380 55.3334 53.8633 56.8153 55.8798 51.1289 51.1021 53.4582 52.2541 51.9600 49.2897 55.6575 48.9120 52.0865 52.1908 54.3608 49.9035 52.5089 57.0709 51.9162 53.9559 49.7832 53.9361 51.5158 55.0733
3.3859 4.4215 2.5572 4.2391 1.3137 4.8250 6.5993 5.8786 4.4308 5.9049 5.1173 1.9091 3.6906 9.0480 6.8396 3.3569 6.5776 5.3435 4.0355 3.2597 8.7683 0.0000 6.5614 4.9185 7.1121 4.1536 10.2370 4.6765 4.1231 5.9073 99.4976 98.5139 100.6324 99.9156 97.7656 103.3481 98.0912 102.2341 100.9279 100.6785 97.9638 98.9535 98.8678 97.8555 100.0678 98.9064 103.0141 101.7609 96.7997 98.4042 97.0780 98.5192 98.5093 98.0476 101.0642 103.2726 97.0067 97.9517 102.3705 101.4718 5.5807 4.2172 10.4710 9.1551 9.6808 8.8044 14.1107 10.7009 8.8619 12.0717 14.9742 13.6222 19.2242 11.0694 10.5663 8.5280 5.5529 9.5408 12.3769 8.0444 7.1918 9.5343 9.2588 7.1745 11.5528 10.0436 6.1572 13.6533 10.4789 5.6614 29.6672 34.4467 36.3574 35.0684 30.0304 26.7919 39.8062 35.2558 23.3875 30.1749 42.5887 29.6430 32.7650 31.3966 34.7630 26.5320 27.4971 31.9222 31.3608 34.2439 36.1031 31.4698 29.3458 32.6833 29.3833 30.1633 25.3758 35.2258 24.7228 37.0596 56.3582 63.3801 59.1433 68.7621 57.6114 59.1170 63.1123 61.8683 64.8339 63.9180 59.1566 58.9161 61.1964 59.8229 59.8731 56.7915 63.7337 56.8363 59.9309 60.3768 62.4141 57.8060 60.3529 65.0471 59.8764 61.6750 57.8971 61.9294 59.5026 62.8264
3.5426 3.2441 4.5920 3.1251 5.7873 2.7138 2.2119 4.8107 3.1340 2.1328 3.0506 5.6715 4.9547 3.7937 2.1736 3.5141 4.5234 3.1329 3.8547 4.8538 4.0897 6.5614 0.0000 4.2808 2.9259 3.1092 4.9491 2.9641 4.4053 2.7463 93.5711 92.8015 94.6882 93.8758 91.7445 97.5347 92.1961 96.3127 95.0066 94.7430 91.9277 93.1291 92.9472 91.8765 94.0554 92.9441 97.0414 95.8687 90.8860 92.3782 91.1421 92.5388 92.4790 92.0302 95.0723 97.4597 91.0981 92.0193 96.5413 95.5632 2.8725 3.7885 4.9551 3.1216 3.5843 3.1599 8.1761 4.8634 2.7917 6.1707 9.0291 7.5689 12.9909 5.4430 4.4937 3.2192 2.0799 3.9031 6.8791 3.0782 2.2616 3.8173 3.5731 2.0814 5.6201 4.3063 2.5137 7.6050 4.6886 2.4976 24.2219 29.2344 31.2273 29.6339 24.6776 21.5846 35.0949 30.3464 18.0735 25.1761 37.7010 24.3213 27.7476 26.2101 29.5250 21.9282 22.0477 26.6659 25.8322 29.2985 30.5169 25.9241 24.1706 27.2868 24.1629 24.9365 19.8853 29.6889 19.5991 31.6904 50.5797 57.3903 53.3864 62.9089 51.6843 53.0764 57.3781 55.9522 58.9728 58.0405 53.3293 52.9467 55.5966 54.3127 53.8843 51.0099 57.8060 51.0465 53.9816 54.4027 56.3497 52.4477 54.6588 59.3570 54.0124 55.8118 52.0645 56.1847 53.8447 56.9450
3.1008 4.5656 3.3137 2.3636 4.1720 3.2096 3.1906 4.1872 2.9935 3.3065 2.4777 4.4085 2.5076 5.2110 4.0281 3.1673 4.7027 1.8972 2.0136 3.0179 4.6610 4.9185 4.2808 0.0000 3.8238 2.5500 7.1885 2.4998 2.1034 2.6712 95.2674 94.2096 96.2573 95.7267 93.5273 99.0334 93.8417 97.8885 96.6241 96.4395 93.8071 94.6293 94.5507 93.7007 95.8995 94.6799 98.6976 97.4605 92.5480 94.2516 92.8834 94.3091 94.3177 93.8145 96.8245 98.8867 92.7291 93.7095 98.0892 97.1972 4.1075 4.9568 8.3830 6.0141 6.6357 6.0129 11.2235 7.2008 6.5518 9.2002 12.0127 11.0219 15.8194 8.6496 7.4912 6.5976 4.4627 6.1745 10.3080 5.8471 5.2835 6.3371 7.2352 4.3120 7.6174 6.2413 4.9439 10.3137 6.6373 4.5874 25.4103 29.9379 31.9513 30.7600 25.5742 22.5878 35.6421 30.7279 19.0540 25.8392 38.1285 25.1886 28.0845 26.8836 30.3485 22.2820 23.6781 27.8350 27.4063 29.6034 31.9146 27.2727 24.9170 28.4611 24.9275 25.8106 21.0993 30.9059 20.3538 32.6561 52.2305 59.4970 54.9021 64.8273 53.7847 55.1987 59.2309 57.8981 60.8263 59.8581 55.1671 55.1029 57.3136 56.0362 56.0339 53.2059 59.8187 52.8303 56.0844 56.2718 58.5068 53.6997 56.3671 61.0109 55.9638 57.9563 53.8271 57.9356 55.4225 59.0902
4.3996 4.9222 5.2116 3.7208 6.2434 3.2727 2.3667 4.2486 4.1681 1.7729 2.8922 6.2708 4.6806 3.9517 2.0482 4.2630 3.9157 3.3229 3.7332 5.0698 3.5725 7.1121 2.9259 3.8238 0.0000 4.1156 5.9798 3.6473 4.2031 3.0439 93.2128 92.3940 94.1650 93.4971 91.2998 97.0215 91.6688 95.7140 94.4393 94.3299 91.5155 92.6278 92.3889 91.4978 93.6677 92.5340 96.5755 95.3612 90.4131 92.0488 90.7094 92.1382 92.0341 91.5443 94.6646 96.8682 90.5746 91.4169 96.0240 94.9875 4.1815 5.3132 6.4659 3.6336 3.8668 2.9975 9.1563 5.3484 4.2576 7.0706 9.8063 8.5472 13.4679 6.5936 5.3195 5.1044 3.7642 4.7887 8.2937 4.6644 4.1814 4.2344 5.0037 3.1498 5.7471 4.3321 4.2558 7.9464 4.1118 4.1061 23.5598 28.3784 30.2722 28.7899 23.6404 21.1360 33.4734 29.0341 17.4899 24.4784 36.0476 23.0359 26.5714 25.2362 29.1074 21.4319 22.1420 25.5947 25.3482 27.8599 30.0371 25.1402 23.1610 26.4683 23.1645 24.0065 19.4856 28.9406 19.0271 30.6015 50.3056 57.1599 52.9034 62.9674 51.5911 52.9782 57.4685 55.9594 58.7576 57.8900 53.1345 53.0079 55.5809 54.3338 53.6787 51.1842 57.7457 50.8885 53.9083 54.2214 56.3004 52.2331 54.4915 59.0769 54.0341 55.9755 51.9161 55.9592 53.5477 57.0973
1.4282 2.5379 2.3839 1.2140 3.4684 2.4193 3.0194 4.5194 1.7518 2.8079 2.3673 3.4291 3.1210 5.2160 3.5710 1.7985 4.8546 1.8966 2.2478 2.7988 5.0180 4.1536 3.1092 2.5500 4.1156 0.0000 6.5759 1.4072 2.5231 2.4505 95.6516 94.7201 96.7790 96.0933 93.9140 99.5712 94.3075 98.4172 97.1412 96.8542 94.1588 95.1588 95.0430 94.0445 96.2467 95.0837 99.1650 97.9512 93.0014 94.5576 93.2748 94.6747 94.6805 94.2280 97.2392 99.4643 93.2123 94.1891 98.5923 97.6905 2.4319 2.8981 7.1187 5.4158 6.0926 5.4695 10.3832 6.8144 5.3935 8.3675 11.2655 10.0834 15.3364 7.5696 6.7670 5.1810 2.6971 5.6033 9.0298 4.4747 3.8052 5.7878 5.9438 3.4734 7.5898 6.1523 3.2446 9.8356 6.7102 2.8515 26.1050 30.8750 32.8758 31.5450 26.4932 23.2265 36.8534 31.8509 19.7815 26.6215 39.4080 26.2243 29.2614 27.8721 31.0603 23.0819 23.8373 28.6540 27.8935 30.9081 32.4378 27.9075 25.8767 29.1803 25.8257 26.7071 21.6567 31.6587 21.1806 33.5771 52.6370 59.7182 55.4103 65.0036 53.9614 55.3546 59.3773 58.0835 61.1011 60.1542 55.4584 55.1854 57.5457 56.2661 56.1658 53.1714 59.9417 53.1698 56.2446 56.5748 58.6017 54.2303 56.7090 61.3767 56.1005 57.9457 54.1478 58.2524 55.8717 59.0992
7.1932 6.7593 8.1694 6.6527 9.5338 6.6813 5.2128 8.5587 6.1295 5.8868 6.4574 9.4194 8.4347 3.2116 5.3365 7.5425 8.4110 5.8294 7.3636 8.6762 4.3656 10.2370 4.9491 7.1885 5.9798 6.5759 0.0000 5.9243 7.6210 5.3695 89.7232 88.8656 91.0408 90.1541 88.0545 93.7406 88.4757 92.7381 91.3652 90.9480 88.2786 89.3378 89.2320 88.0753 90.2898 89.1594 93.3524 92.1103 87.1432 88.5996 87.3169 88.7246 88.8163 88.4333 91.3177 93.7122 87.3911 88.4298 92.8075 91.8654 5.7802 7.7234 3.5495 3.5753 4.6755 5.1501 5.0694 2.4220 3.7990 3.4153 5.5732 5.9493 9.5829 3.9371 3.3213 3.6465 6.0151 2.7257 4.7294 3.5450 4.1221 4.1175 4.3148 3.6749 3.6510 4.0439 5.5093 5.0660 4.5765 5.5597 21.0524 25.7412 27.8407 26.8499 21.9486 17.9939 33.9654 27.6027 14.6803 21.6752 35.4927 22.3090 24.9024 23.0080 25.6806 18.2598 17.9322 24.8749 22.7386 26.9686 26.8300 22.5812 21.0935 24.0872 21.0686 22.0304 16.2931 27.0111 16.1815 29.1041 46.8245 53.7655 49.6970 58.8163 48.0210 49.3082 53.3848 51.9262 54.9838 54.1180 49.4464 49.0555 51.4900 50.3057 50.1137 46.9014 53.7970 47.2853 50.1845 50.6737 52.4461 48.4018 50.6802 55.3543 49.8983 51.6837 48.1746 52.2190 50.0348 52.8119
1.8507 2.8624 2.6277 1.5487 3.9365 2.2459 2.7273 4.4349 1.4561 2.4433 1.9351 3.9143 3.1216 4.5772 3.1361 2.2212 4.8724 1.5590 2.1144 3.1538 4.4889 4.6765 2.9641 2.4998 3.6473 1.4072 5.9243 0.0000 2.3852 1.8909 94.9877 94.0381 96.1289 95.4318 93.2471 98.8581 93.6075 97.7440 96.4512 96.1692 93.4838 94.4674 94.3469 93.3619 95.5665 94.4197 98.5042 97.2664 92.3057 93.8954 92.5722 94.0050 94.0050 93.5422 96.5662 98.7737 92.5286 93.4811 97.8898 96.9868 2.6116 3.5315 6.7779 4.9814 5.7448 5.0912 9.9893 6.2972 5.0091 7.9420 10.7449 9.8042 14.8597 7.2418 6.4050 4.9273 2.8732 5.1851 8.6735 4.1657 3.5786 5.4868 5.7318 2.9369 7.1147 5.8167 3.3297 9.4175 6.2715 2.7682 25.3755 30.1467 32.0855 30.8582 25.7843 22.4966 36.2766 31.1178 19.0427 25.9064 38.6779 25.6008 28.6103 27.1350 30.3986 22.3549 23.1219 28.0454 27.1590 30.2552 31.7000 27.1473 25.1012 28.3940 25.0777 25.9803 20.9748 31.0430 20.4252 32.8760 51.9509 59.0094 54.7066 64.3575 53.2673 54.6848 58.7378 57.4447 60.3794 59.4890 54.7329 54.5265 56.8379 55.5473 55.4453 52.4684 59.2638 52.4862 55.5502 55.9240 57.9462 53.4929 55.9894 60.6272 55.4311 57.2797 53.4649 57.5095 55.1464 58.4352
2.5488 4.3269 2.3997 2.6462 3.3921 2.3424 3.4229 3.2685 2.7739 3.2462 2.2223 3.2809 1.5008 5.7460 4.4024 2.7804 4.0854 2.3608 1.4366 2.0463 5.4327 4.1231 4.4053 2.1034 4.2031 2.5231 7.6210 2.3852 0.0000 2.6619 95.9360 94.9517 96.9842 96.3871 94.2370 99.7071 94.5059 98.5727 97.3028 97.1152 94.4122 95.3203 95.2659 94.3640 96.5536 95.3751 99.4068 98.1736 93.1684 94.9127 93.5386 95.0333 94.9909 94.4430 97.5151 99.6600 93.4267 94.3241 98.7232 97.9059 4.2483 4.4059 8.7159 6.5456 6.8487 6.3097 11.8421 7.9019 6.7361 9.7278 12.5199 11.5865 16.4471 9.2126 7.9689 6.9059 4.3963 6.8485 10.6517 6.1483 5.5405 7.1430 7.5219 4.6605 8.4019 7.0215 5.1098 11.0991 7.3300 4.5982 25.9511 30.8124 32.5287 31.2582 26.1724 23.2481 36.0505 31.4463 19.7286 26.5961 38.8237 25.8380 29.0856 27.7120 31.1525 22.9938 24.3054 28.1481 27.8384 30.5036 32.5224 28.0733 25.6044 28.9583 25.6778 26.4590 21.9079 31.4108 21.0127 33.1735 52.9510 60.0810 55.6353 65.5202 54.3195 55.8394 59.8578 58.6364 61.4737 60.5972 55.8004 55.7118 57.9643 56.6360 56.6793 53.7918 60.5250 53.4482 56.6609 56.9080 59.1941 54.3465 57.0555 61.6454 56.7050 58.6020 54.5114 58.5598 56.1457 59.7074
3.0329 4.0848 3.7323 2.6752 5.1444 2.2770 1.7865 3.9003 2.3544 2.1469 2.0095 4.8591 3.5507 3.4239 2.9108 3.3463 4.2384 1.7058 2.4702 3.8393 3.6590 5.9073 2.7463 2.6712 3.0439 2.4505 5.3695 1.8909 2.6619 0.0000 93.8110 92.8643 94.9110 94.2404 92.0920 97.6292 92.4059 96.4946 95.2345 94.9803 92.2648 93.2292 93.1689 92.1889 94.3807 93.2486 97.2873 96.0627 91.0787 92.7143 91.4057 92.8695 92.8183 92.3331 95.3660 97.5995 91.3265 92.2585 96.6375 95.8108 3.1871 4.4657 6.6013 4.3474 4.8870 4.6340 9.4524 5.6027 4.6467 7.3759 10.1129 9.4313 14.0068 7.0400 5.6387 4.9675 3.3777 4.6456 8.4217 4.0906 3.7699 5.0352 5.5702 2.5758 6.1190 4.9392 3.9077 8.8066 5.3557 3.5732 24.0620 28.9850 30.8376 29.4766 24.4533 21.3302 34.8866 29.8618 17.7987 24.7813 37.4111 24.2456 27.4383 25.9771 29.2440 21.2840 22.1474 26.5854 25.8942 28.9942 30.5149 26.0993 23.8692 27.1218 23.8656 24.6879 19.8972 29.6014 19.2067 31.4855 50.8702 57.9318 53.5549 63.3015 52.1607 53.6018 57.6350 56.4267 59.2992 58.4302 53.6932 53.4852 55.8158 54.5611 54.4603 51.5578 58.2973 51.3679 54.4889 54.7634 56.9250 52.4283 54.9389 59.5415 54.4715 56.3169 52.3932 56.4511 54.1215 57.4487
96.3887 96.1812 97.2677 95.6349 98.6961 95.1845 93.3268 95.6044 95.3136 94.1294 94.7787 98.5035 96.6717 90.5668 93.3202 96.6567 95.1036 94.3893 95.8607 97.2093 91.0972 99.4976 93.5711 95.2674 93.2128 95.6516 89.7232 94.9877 95.9360 93.8110 0.0000 10.9088 8.3685 8.7726 8.7178 10.2493 8.8122 12.0723 10.0798 6.6440 10.2439 9.8129 9.3239 8.9522 9.4166 6.6462 9.2899 8.5730 7.6978 8.3683 7.4662 8.3156 10.7974 9.5264 7.6491 11.2454 8.7876 12.7306 11.2403 11.4276 94.7973 96.9035 90.6424 90.9624 90.7580 91.8124 86.8870 89.2020 91.6653 88.4649 85.7554 88.1199 81.6220 90.0346 89.8515 92.2493 94.9426 90.4661 89.3224 92.4213 93.2214 90.9529 91.8104 92.6566 88.3349 90.0639 94.5272 87.0392 89.7242 94.8496 71.2161 66.9613 65.1291 67.1055 71.4341 73.8034 71.2598 67.8931 76.7380 71.0604 64.6333 73.2466 69.8109 69.9339 66.1006 74.9364 73.2383 72.6960 70.4717 70.0171 64.1647 69.6343 71.6639 68.3676 71.6376 71.5349 74.8116 67.2414 75.9296 65.7770 45.5206 41.1300 42.3336 35.1267 46.3723 42.7768 40.5184 40.7472 37.0274 38.2414 42.8457 44.2083 42.6348 45.4405 43.4010 47.8491 39.1875 45.7649 43.5418 41.2153 39.6183 45.8224 42.5187 37.1194 42.8906 42.8479 43.7904 40.1053 43.8352 40.6878
95.4835 95.3798 96.2948 94.7128 97.7088 94.3303 92.4956 94.7148 94.3130 93.2971 93.8452 97.5327 95.6560 89.6338 92.5580 95.7569 94.3298 93.4209 94.8544 96.2478 90.2163 98.5139 92.8015 94.2096 92.3940 94.7201 88.8656 94.0381 94.9517 92.8643 10.9088 0.0000 14.3256 14.4467 14.4249 10.8974 12.8301 16.0957 15.0355 12.6032 15.6302 10.1788 13.7965 13.6147 14.7977 12.8700 13.0943 12.4874 12.1013 13.9539 11.9604 13.5392 14.8302 16.2096 12.6519 11.1670 12.2216 17.9773 12.1142 14.7386 93.9689 96.1609 89.9893 90.2224 90.1936 91.2071 86.2358 88.3957 90.9888 87.7802 85.0587 87.7236 81.0584 89.3433 89.1261 91.5183 94.1847 89.6587 88.6705 91.5888 92.4193 90.2140 91.2023 91.8157 87.4838 89.3027 93.7754 86.3559 89.0138 94.0202 70.0187 65.2981 63.9960 66.0550 70.5278 72.3699 70.9820 66.6916 75.5189 69.4899 63.7054 72.4976 68.3256 68.5735 64.6269 73.2865 71.9250 72.1128 69.3208 68.6617 62.9741 68.4622 70.4332 67.2055 70.3587 70.1046 73.5630 66.2763 74.6544 65.0043 44.4044 41.0560 40.8213 33.9601 45.7427 42.6340 38.8843 40.0771 36.2684 37.1608 42.0347 43.7489 40.7377 43.5997 43.1846 47.0894 38.8403 44.7079 43.0563 40.8220 39.7992 43.8979 40.8865 35.5765 42.1309 41.8941 43.0127 38.9564 42.5235 40.3223
97.5211 97.3849 98.4104 96.7218 99.8089 96.2759 94.3547 96.5566 96.5051 95.1737 95.8428 99.6330 97.7026 91.6954 94.3607 97.7520 96.0125 95.4648 96.9134 98.2533 92.1158 100.6324 94.6882 96.2573 94.1650 96.7790 91.0408 96.1289 96.9842 94.9110 8.3685 14.3256 0.0000 10.8458 9.7909 10.7262 9.6176 8.9211 7.8584 8.7199 12.1531 10.3075 8.3431 12.6099 12.2413 9.2567 8.5425 8.5060 9.5705 12.1055 11.1502 11.3492 12.4819 9.2866 9.4524 9.9604 9.2376 11.8277 11.8993 10.7665 95.9445 98.0598 91.9723 92.0679 91.7949 92.8273 88.2205 90.3730 92.8569 89.7535 87.1615 89.3343 82.9559 91.3061 91.0056 93.5087 96.0751 91.6171 90.7380 93.6760 94.4320 92.0188 93.0100 93.8083 89.4199 91.0674 95.6938 88.2100 90.6933 96.0528 72.2238 67.8023 65.9255 67.7693 72.0273 75.0874 70.4573 68.2222 77.8246 72.1901 64.0597 73.4769 70.1559 70.6547 67.2724 76.1740 74.9390 73.0235 71.7065 70.0094 65.4982 70.6939 72.4591 69.3565 72.4488 72.3571 76.0209 67.8129 76.9956 66.0660 47.3850 43.4126 43.8425 38.5275 48.7318 45.1026 43.7110 43.4305 39.7400 40.7679 45.1897 46.9914 45.8926 48.5937 45.7904 51.1815 42.0363 47.8943 46.0440 43.0233 42.2014 48.0136 45.0759 39.9703 45.7045 46.2877 45.9095 42.7247 45.8236 44.1756
96.7893 96.5211 97.6809 96.0527 99.0825 95.5201 93.7003 95.8988 95.7128 94.4412 95.1481 98.9008 97.0999 91.0024 93.6593 97.0146 95.3457 94.8553 96.2577 97.6133 91.5704 99.9156 93.8758 95.7267 93.4971 96.0933 90.1541 95.4318 96.3871 94.2404 8.7726 14.4467 10.8458 0.0000 7.7258 11.9210 9.2949 12.4302 8.6221 9.5939 6.4684 12.1017 10.7773 8.0876 6.8185 6.9370 7.9248 8.8297 8.3784 8.5084 7.3184 8.3692 9.1419 9.5699 7.0235 13.5386 9.1012 11.8249 12.2863 9.9333 95.1897 97.2403 90.8768 91.2722 91.0343 92.0612 87.1644 89.5865 91.9133 88.7782 86.0349 88.2914 81.8462 90.2817 90.1241 92.5272 95.2498 90.8825 89.5195 92.7719 93.5321 91.2751 92.0215 93.0347 88.6923 90.4404 94.8551 87.2889 90.0545 95.1550 71.5249 67.6151 65.9205 67.3253 71.8898 74.3926 71.1247 68.6709 77.3071 71.8928 64.9349 73.4494 70.5210 70.5512 67.1676 75.9408 73.7969 72.6435 70.5407 70.4813 64.6935 69.8828 72.2565 68.7233 72.2621 71.8909 75.3469 67.4261 76.5899 66.1362 45.9646 40.0507 42.6131 35.3420 45.7920 42.5394 41.5067 40.7541 37.1139 38.6770 43.0544 44.0425 43.5088 46.1075 42.9176 47.8202 39.4459 45.8050 42.8016 41.2685 39.5659 47.0404 42.7151 37.6937 43.4243 42.9204 44.3539 40.5297 44.3498 40.9838
