"","BCA","KC","KG","KI","LE","OPENK","POP","RGDPCH","RGDPL","RGDPL2","XRAT","BCAperRGDPL","KCxRGDPL","KGxRGDPL","KIxRGDPL","KCxRGDPLxPOP","KGxRGDPLxPOP","KIxRGDPLxPOP","RGDPCHxPOP","RGDPLxPOP","RGDPL2xPOP","sig_1","sig_2","sig_3","sig_4","sig_5","sig_6","sig_7","sig_8","sig_9","sig_10","sig_11","sig_12","sig_13","sig_14","sig_15","sig_16","sig_17","sig_18","sig_19","sig_20","sig_21","sig_22","sig_23","sig_24","sig_25","sig_26","sig_27","sig_28","sig_29"
"BCA",1,-0.213070512015375,-0.00822230770605696,0.0527294789920746,-0.487326888380371,0.123030629291959,-0.490624001454066,-0.0921593548842125,-0.0923306070495057,-0.0951829451424697,0.0647438370060925,0.988970160794052,-0.243679128737742,-0.105366600497136,-0.0408945928185561,-0.641228709187475,-0.578483340097694,-0.588069833847889,-0.609979705288104,-0.609879694157691,-0.609131268061755,-0.178951901621541,-0.135158782957315,-0.216857989410338,-0.198719490804265,-0.0738137616374286,-0.208056549898906,-0.170944827686509,-0.138542358293858,-0.201647936010184,-0.226500630629255,-0.204519932422978,-0.257421665408305,-0.232817628754509,-0.224603615261522,-0.0454087799489394,-0.0935397927489404,-0.227182157497416,-0.20216914525867,-0.242884788612985,-0.023185493123148,-0.0957762586006916,-0.188599046418232,-0.245008616557241,-0.195014265747521,-0.0773542549990138,-0.196380237541091,-0.0893480668988868,-0.167541988107469,-0.140760894138224
"KC",-0.213070512015375,1,0.0985583681773804,-0.592427282310612,0.218367967189537,-0.680388627890914,0.233789630069434,-0.421788994447781,-0.420614295158986,-0.410755017981668,-0.19186450623778,-0.227289609638948,0.0257691238451227,-0.315744736774511,-0.660220574260508,0.236993724152258,0.235832463814952,0.175043429347553,0.220919302446974,0.221016912665616,0.221810557503152,0.205963306496685,0.0889293364844249,0.21619781924068,0.241321454266849,0.180674741954258,0.209887717136238,0.184282053943912,0.0736931175914965,0.216498203961052,0.216362943919408,0.242598640019812,0.20542318763687,0.210326382737258,0.237000369657445,0.16973471199905,0.198275148922987,0.228345653511416,0.211629515217951,0.195438706639995,0.148809520627249,0.194521803326535,0.235971416480767,0.192228931623365,0.206240123201284,0.174007999847307,0.18940749068699,0.174460148133162,0.155526549091026,0.0598420405154617
"KG",-0.00822230770605696,0.0985583681773804,1,-0.260289979923862,-0.0945774437607501,0.0228499200844176,-0.0897024960589256,-0.332013203723419,-0.331385023110855,-0.328835496304222,-0.140520492247828,-0.0250974338680874,-0.32335703566509,0.379271868218518,-0.395729821359691,-0.0791834370594758,-0.0327995458772363,-0.129464339416492,-0.090473002779536,-0.0902966826921607,-0.0882669506059273,-0.0882910898509857,-0.169354954297433,-0.08203366414712,-0.0592257777572806,-0.0156734104175782,-0.0931548881089148,-0.104001205756824,-0.181089920236224,-0.0489863669313396,-0.0744879444209465,-0.0453584692932248,-0.0991329725611336,-0.0916591459579,-0.0679494403227756,0.00517028928039702,-0.00608944000553639,-0.0792383221959052,-0.0788049591576153,-0.109109739053566,0.0389255987918725,-0.0323008042781891,-0.0587592973813886,-0.117127316674795,-0.0804626985583691,-0.026683703615999,-0.100116833459528,-0.0477179241492958,-0.124107281816896,-0.184360453746774
"KI",0.0527294789920746,-0.592427282310612,-0.260289979923862,1,-0.0616520533125671,0.279624133296082,-0.0744296654947533,-0.0213233688773432,-0.0231037772569699,-0.0362653850558403,0.437732090064596,0.0624962931656342,-0.265367759518101,-0.216360513721484,0.435133289368895,-0.109137983598373,-0.131896503791671,0.000284396099399947,-0.0894750597388985,-0.0897024276166251,-0.0919408296530915,-0.144407623291378,-0.0755541559675822,-0.157027731239914,-0.183435082921196,-0.160096906803883,-0.142521367121641,-0.129392596191191,-0.0600785047168279,-0.175781552816689,-0.16876439992877,-0.194283349642529,-0.145914994393163,-0.152991933006009,-0.179831471457543,-0.155463222600036,-0.181806537124162,-0.165059291524111,-0.155544214125698,-0.132608083752449,-0.161999738068434,-0.165529097735707,-0.18236959547535,-0.116999508386507,-0.150427694820154,-0.152952365075096,-0.127287337870516,-0.144106798186141,-0.103444446899487,-0.0448602216122551
"LE",-0.487326888380371,0.218367967189537,-0.0945774437607501,-0.0616520533125671,1,-0.338222433618261,0.996739782167869,0.159330129611042,0.159603620590152,0.163756291993752,0.0860986102475888,-0.43785181085567,0.343636308142711,0.13366384928185,0.0824255705301954,0.96790749382086,0.974431558337729,0.969058877839125,0.977548779464344,0.977590749051896,0.977793429835649,0.689309346202894,0.589231435542563,0.691928965107122,0.687797559901519,0.537704337399059,0.683913511184338,0.639341729592456,0.539538986837036,0.64971551816826,0.661877554443487,0.664379739786697,0.680030953854177,0.660707026719625,0.674005776294729,0.476939351443117,0.525446774331404,0.684578537539414,0.625170659704151,0.663422937200227,0.364662495673124,0.553707203380867,0.648716320497934,0.66330787546108,0.647119006238915,0.520585098652653,0.6226708901591,0.565301572152813,0.58303180109944,0.488392978729221
"OPENK",0.123030629291959,-0.680388627890914,0.0228499200844176,0.279624133296082,-0.338222433618261,1,-0.352844779852745,0.382698088442116,0.381866724031382,0.372129835592114,-0.09553168194532,0.112974942616059,0.0200456951125952,0.364418197112891,0.502729566001142,-0.284885959024206,-0.288657500943981,-0.293173281612746,-0.289668080149457,-0.289689024938427,-0.289539520945931,-0.264723166783037,-0.170579169643184,-0.258052917475046,-0.286996842813041,-0.244854839810264,-0.246429533098759,-0.220546374097761,-0.122420372694331,-0.256131921819743,-0.244820389320549,-0.285898978359016,-0.226274648817711,-0.230449094234224,-0.265686297242496,-0.240876534781037,-0.249897726627207,-0.259450609650291,-0.219086812838023,-0.217422424901767,-0.200888271362272,-0.245270864987113,-0.261388588445231,-0.210959535887441,-0.230649038314299,-0.224234105500682,-0.201886804010698,-0.22088833850726,-0.170456910406066,-0.0817075431661338
"POP",-0.490624001454066,0.233789630069434,-0.0897024960589256,-0.0744296654947533,0.996739782167869,-0.352844779852745,1,0.141801655703237,0.142115136007247,0.146668058081186,0.0865592150891851,-0.445209600381157,0.330516945359723,0.121548280727856,0.0598818290267259,0.965428535724677,0.975203552295388,0.95944736051326,0.973761355419054,0.973827257663024,0.974333920492122,0.710410898902721,0.60116380564577,0.708168762052185,0.711960992040702,0.562646941156741,0.701635708783106,0.656355318554896,0.54660293194068,0.667424732338551,0.677783247803103,0.690269064223256,0.690342283339624,0.672984019662677,0.695791968770399,0.500643170310262,0.551115322747789,0.704360500769567,0.638766968946427,0.673268185142338,0.390090615295611,0.576608858231372,0.671240210613463,0.67591811948741,0.662722401570085,0.543459172026495,0.63663178540166,0.585574869493054,0.594799248726878,0.491461447487407
"RGDPCH",-0.0921593548842125,-0.421788994447781,-0.332013203723419,-0.0213233688773432,0.159330129611042,0.382698088442116,0.141801655703237,0.999999999999999,0.999993891722054,0.99965809329672,-0.198094385453338,-0.0786433589826577,0.874726653967745,0.688242451907687,0.876263501533433,0.214395746588244,0.199591398795565,0.213371505241292,0.217713908678175,0.21763422366333,0.216931212182526,0.153240964776886,0.31020748547607,0.138775232594413,0.108393723042761,0.054363112263074,0.171496447253427,0.200112222348193,0.341788120927973,0.0981420163290986,0.118118289722101,0.0802142536908548,0.154461043124723,0.163755342352009,0.128692986394016,0.00882383917943528,0.0319996008644552,0.143680207684262,0.184809431035348,0.173494492454589,-0.0293176108898224,0.0745649542926662,0.137017235443153,0.200363227238278,0.171933330768821,0.0719136355654589,0.208010545889057,0.120779357456338,0.243532702756699,0.357438594826903
"RGDPL",-0.0923306070495057,-0.420614295158986,-0.331385023110855,-0.0231037772569699,0.159603620590152,0.381866724031382,0.142115136007247,0.999993891722054,1,0.999719230520121,-0.198302824534969,-0.07883887228028,0.875167061984205,0.688532834586258,0.875417526549035,0.214707604337206,0.200001335839823,0.213486541542667,0.217994007669346,0.217915637254584,0.217221973924752,0.153327578884758,0.310170684048933,0.138875371290883,0.10854377441402,0.0544905384180865,0.171575074365484,0.200176511425293,0.341732751258847,0.0982849157629491,0.118238125275194,0.0803896651531501,0.154551566705133,0.16384025205005,0.128827609965554,0.00895492818566757,0.0321506180003811,0.143797235772086,0.184891864243972,0.173558900080825,-0.0291386292905861,0.0746748603888146,0.137165434195495,0.200404245141444,0.172026671799404,0.072025258156042,0.208071612771937,0.120876317576068,0.243564078566561,0.357375285531357
"RGDPL2",-0.0951829451424697,-0.410755017981668,-0.328835496304222,-0.0362653850558403,0.163756291993752,0.372129835592114,0.146668058081186,0.99965809329672,0.999719230520121,1,-0.198834853238192,-0.0819525387262369,0.879561540044124,0.688889536290864,0.867864756668035,0.219195143784303,0.205577321946981,0.215887116752712,0.222144707664893,0.222075982933276,0.221493482792058,0.154200113841794,0.30958933875804,0.140141672189939,0.110412339545201,0.0560349313641275,0.172325133244338,0.200500014759153,0.34073093422621,0.100121957415252,0.119933097238284,0.0828836249937023,0.155785589463959,0.164768798447039,0.130507157320533,0.010814624688168,0.0342626305864658,0.145217034153851,0.185495305013476,0.174294281400339,-0.0268670903520141,0.0761726212989821,0.138560797713108,0.2006915544227,0.172869843993043,0.0735122333982454,0.208322856192398,0.121825632234854,0.243341440952972,0.356086137010061
"XRAT",0.0647438370060925,-0.19186450623778,-0.140520492247828,0.437732090064596,0.0860986102475888,-0.09553168194532,0.0865592150891851,-0.198094385453338,-0.198302824534969,-0.198834853238192,0.999999999999999,0.093849894455127,-0.281761713821624,-0.293442774618061,-0.0159450925508166,-0.00614584780007893,-0.00817778497287867,0.0724897710685072,0.0124050208361945,0.012348863552879,0.0117460470078137,0.0486068865923862,0.108488212339292,0.0170377913247616,-0.0145805497065492,0.0540339899364832,0.0356471598596345,0.0652493748247608,0.108036103542634,-0.00468533975131683,-0.0266024451001524,-0.0453110519863115,-0.00498972293973966,-0.00077933917510975,-0.0264671284812035,0.0476246999584468,0.000437192019130891,-0.00163852733166607,0.00566604728478621,0.0191968672942189,0.00795413113684019,0.0325808047789991,-0.00629494006907298,0.0333209070196091,0.037010241291767,0.0505165859545982,0.0478323438739564,0.0796682840025259,0.0791331929166322,0.104924901870512
"BCAperRGDPL",0.988970160794052,-0.227289609638948,-0.0250974338680874,0.0624962931656342,-0.43785181085567,0.112974942616059,-0.445209600381157,-0.0786433589826577,-0.07883887228028,-0.0819525387262369,0.093849894455127,1,-0.22805329239864,-0.105524729447687,-0.0255946364764756,-0.592821537384872,-0.538639829925173,-0.527637374145545,-0.558669008993395,-0.558612834201406,-0.55847131890285,-0.141159996503797,-0.0949714144505712,-0.169108357234467,-0.164968819499759,-0.0468823359923605,-0.165765072251147,-0.132231516664706,-0.0971408797362785,-0.157775945600494,-0.179417519927183,-0.173584742539173,-0.203202134413965,-0.17995717980368,-0.186759252709007,-0.0223014589453078,-0.0682839368543005,-0.186275288875817,-0.159803781052039,-0.186245664000024,-0.0113512063537336,-0.0640055038105624,-0.156981563624824,-0.195429454475019,-0.151601312155586,-0.0475652701790668,-0.155583010312809,-0.0554981048133987,-0.126982203601697,-0.099231471431399
"KCxRGDPL",-0.243679128737742,0.0257691238451227,-0.32335703566509,-0.265367759518101,0.343636308142711,0.0200456951125952,0.330516945359723,0.874726653967745,0.875167061984205,0.879561540044124,-0.281761713821624,-0.22805329239864,1,0.6033605330791,0.633117769562958,0.415302773473375,0.394434021944409,0.388327055156757,0.412351807697148,0.41229058636814,0.411682713228058,0.325801913093282,0.467862359487922,0.307007253206713,0.281046735302359,0.179889625552439,0.347870538187153,0.373619481627513,0.494923896275448,0.252425481453613,0.276898937582555,0.242081878189797,0.31891205460917,0.334244564431132,0.30286764641734,0.112828472790442,0.155943349309624,0.318978973847729,0.362353128315864,0.33931272453119,0.0480701647864792,0.211131631828304,0.315654785920951,0.373425462397796,0.344739651809562,0.196101439088001,0.383137316988608,0.263339429841284,0.412210964397343,0.503107123080378
"KGxRGDPL",-0.105366600497136,-0.315744736774511,0.379271868218518,-0.216360513721484,0.13366384928185,0.364418197112891,0.121548280727856,0.688242451907687,0.688532834586258,0.688889536290864,-0.293442774618061,-0.105524729447687,0.6033605330791,1,0.517607425104092,0.194420240761847,0.222019190635423,0.153736133979091,0.190626918563075,0.190702428373781,0.191718560196965,0.154277672784688,0.274108783212135,0.122046212418422,0.115373785674639,0.0936170138132563,0.161781588283227,0.194220557851455,0.29045049541206,0.0974554622997749,0.0931202714413171,0.0860629247775151,0.112289490092737,0.135227089335894,0.12360982474093,0.0485295868910365,0.0636956001236469,0.133175123313663,0.180519574853247,0.129692121322057,0.0284652946448031,0.0948015212631005,0.153221524799691,0.164328501195784,0.168289361361752,0.0992792434170877,0.197939113003317,0.146462006302757,0.221954828753668,0.29602632994091
"KIxRGDPL",-0.0408945928185561,-0.660220574260508,-0.395729821359691,0.435133289368895,0.0824255705301954,0.502729566001142,0.0598818290267259,0.876263501533433,0.875417526549035,0.867864756668035,-0.0159450925508166,-0.0255946364764756,0.633117769562958,0.517607425104092,1,0.108538005748299,0.0852078550648476,0.164580914752278,0.121717198977287,0.121528908395164,0.119697626705453,0.0425612720904891,0.208833662132649,0.0247050822630453,-0.0116105128747545,-0.0413246724102008,0.0575139563771043,0.0883438784038772,0.243658600374299,-0.0151258856678944,0.00341572150798645,-0.0385065824270383,0.0418987614117549,0.0459410546653958,0.00598254768226305,-0.0722934768222396,-0.0676198050675105,0.0243757836936766,0.0617172157779729,0.063380573201682,-0.104344748184873,-0.0275274628078846,0.0119707871094006,0.0922824353226619,0.0538685872818022,-0.0240830146591895,0.0945878324328145,0.0167669671279793,0.136656301426839,0.265045694116618
"KCxRGDPLxPOP",-0.641228709187475,0.236993724152258,-0.0791834370594758,-0.109137983598373,0.96790749382086,-0.284885959024206,0.965428535724677,0.214395746588244,0.214707604337206,0.219195143784303,-0.00614584780007893,-0.592821537384872,0.415302773473375,0.194420240761847,0.108538005748299,1,0.98628423104352,0.97407606848783,0.998239266806477,0.998257210818786,0.998449719273471,0.633582100462474,0.555365088227906,0.654557055165845,0.632776661396702,0.463321246697418,0.647662504145971,0.60029557242418,0.525096833258183,0.605313911867953,0.632592363242515,0.61012094327378,0.667776917684583,0.645370916331384,0.63757459760432,0.392813020820949,0.456503380397041,0.651184676395539,0.603926624343606,0.655322590444753,0.291087233398618,0.492972969601619,0.603080888697425,0.655461636686618,0.617919855542442,0.461966339047455,0.602050127598451,0.507688243321951,0.563509760602347,0.490233007134024
"KGxRGDPLxPOP",-0.578483340097694,0.235832463814952,-0.0327995458772363,-0.131896503791671,0.974431558337729,-0.288657500943981,0.975203552295388,0.199591398795565,0.200001335839823,0.205577321946981,-0.00817778497287867,-0.538639829925173,0.394434021944409,0.222019190635423,0.0852078550648476,0.98628423104352,1,0.948257315691932,0.985350932515429,0.985490669339553,0.987037180091858,0.638533130113744,0.547512139613767,0.646587924495051,0.64340374720022,0.485937755102397,0.641354870193766,0.596650691997676,0.508045856386219,0.606502834289395,0.623391963462728,0.626187992214488,0.645698970987238,0.624827414116396,0.637710969635162,0.422782321719476,0.478828267880036,0.646901932090407,0.591682080960259,0.62821414029408,0.324822247512694,0.505576899979376,0.608908880145772,0.631363817989604,0.609361909311614,0.477081632505831,0.589253155682481,0.51826192656458,0.549723286046685,0.466331654148902
"KIxRGDPLxPOP",-0.588069833847889,0.175043429347553,-0.129464339416492,0.000284396099399947,0.969058877839125,-0.293173281612746,0.95944736051326,0.213371505241292,0.213486541542667,0.215887116752712,0.0724897710685072,-0.527637374145545,0.388327055156757,0.153736133979091,0.164580914752278,0.97407606848783,0.948257315691932,1,0.983551976218545,0.983425203585852,0.981856699648636,0.640342593316618,0.579836227794161,0.650871039678636,0.622805687280562,0.46156342960006,0.651757731915298,0.612654894940698,0.550974266476611,0.592801097159306,0.615455225836345,0.58711458604875,0.655797265215522,0.640705784851226,0.62428198535995,0.390310430006437,0.443800091033486,0.643091692535387,0.606583847658961,0.652571519108419,0.275315198658198,0.489926297179517,0.599279862080344,0.658913775216096,0.619939509603629,0.457726865624021,0.610924509011721,0.512850427147764,0.580436968614493,0.515872609042876
"RGDPCHxPOP",-0.609979705288104,0.220919302446974,-0.090473002779536,-0.0894750597388985,0.977548779464344,-0.289668080149457,0.973761355419054,0.217713908678175,0.217994007669346,0.222144707664893,0.0124050208361945,-0.558669008993395,0.412351807697148,0.190626918563075,0.121717198977287,0.998239266806477,0.985350932515429,0.983551976218545,1,0.999999477183387,0.999934830820012,0.648606374644617,0.573013731071595,0.665803502403414,0.643923277323057,0.476350968961616,0.660794196443782,0.61534456651643,0.541411303148857,0.614229665512028,0.640050686758972,0.618148580635624,0.675303707797677,0.654697678959221,0.646733350063545,0.404606226476944,0.466281996083106,0.661391205885024,0.615102728591446,0.66474258332949,0.298549697822085,0.505204430829576,0.614730873821894,0.666301492221889,0.630110165496412,0.473981592444412,0.614904847281283,0.522114822887489,0.57795365027188,0.504922326365389
"RGDPLxPOP",-0.609879694157691,0.221016912665616,-0.0902966826921607,-0.0897024276166251,0.977590749051896,-0.289689024938427,0.973827257663024,0.21763422366333,0.217915637254584,0.222075982933276,0.012348863552879,-0.558612834201406,0.41229058636814,0.190702428373781,0.121528908395164,0.998257210818786,0.985490669339553,0.983425203585852,0.999999477183387,1,0.999944596471281,0.648534783659918,0.57287971829318,0.665712991880663,0.643900061860131,0.476333529793653,0.66069357239939,0.615236356734492,0.541252118667056,0.614180882886322,0.639988234503337,0.618171512498795,0.675200396157385,0.654572180992598,0.646684890420431,0.404614682509561,0.466285398360189,0.661321980634521,0.614976361774402,0.664605939843968,0.298609558588679,0.505154981349307,0.614674338797676,0.666160528943758,0.630001973622965,0.473944944749767,0.614775082623412,0.522050643031062,0.577812639181229,0.504749112705163
"RGDPL2xPOP",-0.609131268061755,0.221810557503152,-0.0882669506059273,-0.0919408296530915,0.977793429835649,-0.289539520945931,0.974333920492122,0.216931212182526,0.217221973924752,0.221493482792058,0.0117460470078137,-0.55847131890285,0.411682713228058,0.191718560196965,0.119697626705453,0.998449719273471,0.987037180091858,0.981856699648636,0.999934830820012,0.999944596471281,1,0.647183726002828,0.570824334829569,0.664343478155502,0.643218326671083,0.475942036546087,0.65906956382442,0.613461264901047,0.538961982759873,0.613368050307894,0.639078387149934,0.618182728709013,0.673802641277265,0.652802798376527,0.645784620692926,0.404569337675322,0.466207707530612,0.660163398908781,0.613073481337494,0.662737894465676,0.299310008181902,0.504431883069689,0.613532059206353,0.664137369761063,0.628356099378781,0.473476630011289,0.612812273414492,0.521042153424586,0.575696643533435,0.50236063399848
"sig_1",-0.178951901621541,0.205963306496685,-0.0882910898509857,-0.144407623291378,0.689309346202894,-0.264723166783037,0.710410898902721,0.153240964776886,0.153327578884758,0.154200113841794,0.0486068865923862,-0.141159996503797,0.325801913093282,0.154277672784688,0.0425612720904891,0.633582100462474,0.638533130113744,0.640342593316618,0.648606374644617,0.648534783659918,0.647183726002828,0.999999999999997,0.911607669332035,0.953852970676132,0.975536825445034,0.862888818996687,0.986266216535359,0.978371911892648,0.854635808324811,0.901459840045217,0.891411289605078,0.921841408473807,0.882035442523463,0.919238289590382,0.961402244811516,0.75712625917451,0.826716884106696,0.96853384687901,0.944263207595761,0.898117618187654,0.628903543798242,0.883815513971427,0.987515453635843,0.92900942486137,0.964379386314443,0.839226194362882,0.951720444173603,0.905627706786642,0.92238252329062,0.790363000924489
"sig_2",-0.135158782957315,0.0889293364844249,-0.169354954297433,-0.0755541559675822,0.589231435542563,-0.170579169643184,0.60116380564577,0.31020748547607,0.310170684048933,0.30958933875804,0.108488212339292,-0.0949714144505712,0.467862359487922,0.274108783212135,0.208833662132649,0.555365088227906,0.547512139613767,0.579836227794161,0.573013731071595,0.57287971829318,0.570824334829569,0.911607669332035,0.999999999999999,0.822647484694522,0.816207593845142,0.725640829129135,0.906724911621214,0.9603069483293,0.985081370723026,0.736564835631138,0.726446826757449,0.7210463054041,0.753705703393148,0.814709524317997,0.815088142530521,0.592438868229655,0.648599698664636,0.84366583740593,0.889311181838964,0.805577246834604,0.459658979993344,0.746330647250291,0.884943516650464,0.875660229869213,0.897114673817093,0.715770419248635,0.939197203816574,0.831977835532861,0.967412053590986,0.94957632048997
"sig_3",-0.216857989410338,0.21619781924068,-0.08203366414712,-0.157027731239914,0.691928965107122,-0.258052917475046,0.708168762052185,0.138775232594413,0.138875371290883,0.140141672189939,0.0170377913247616,-0.169108357234467,0.307007253206713,0.122046212418422,0.0247050822630453,0.654557055165845,0.646587924495051,0.650871039678636,0.665803502403414,0.665712991880663,0.664343478155502,0.953852970676132,0.822647484694522,1.00000000000001,0.969840355773943,0.870904426259929,0.972602730620677,0.918216165306471,0.775549719709428,0.973159053501528,0.980600503485619,0.949441133653911,0.970102788382694,0.985238160828871,0.985412383075148,0.784208226516923,0.875335020402894,0.988742998229413,0.950051238535861,0.971945800902861,0.672345439294212,0.918457195746761,0.952626931072841,0.947872913972448,0.97137075386614,0.871187348214741,0.918725809040062,0.8961217581066,0.862522136616762,0.72374589500073
"sig_4",-0.198719490804265,0.241321454266849,-0.0592257777572806,-0.183435082921196,0.687797559901519,-0.286996842813041,0.711960992040702,0.108393723042761,0.10854377441402,0.110412339545201,-0.0145805497065492,-0.164968819499759,0.281046735302359,0.115373785674639,-0.0116105128747545,0.632776661396702,0.64340374720022,0.622805687280562,0.643923277323057,0.643900061860131,0.643218326671083,0.975536825445034,0.816207593845142,0.969840355773943,1,0.869484219771663,0.966320497700342,0.920490305230842,0.747545122750244,0.942085834837266,0.941554805695839,0.983097790110777,0.91363664738293,0.930065224137342,0.989252034772327,0.787123695355063,0.868328189939505,0.982045494579275,0.919872482040894,0.905662964621662,0.670321645770208,0.898444830489806,0.977021111038138,0.90874509569119,0.94228997865734,0.845442920803482,0.8994614621058,0.876392822104081,0.841173690896774,0.678584040556106
"sig_5",-0.0738137616374286,0.180674741954258,-0.0156734104175782,-0.160096906803883,0.537704337399059,-0.244854839810264,0.562646941156741,0.054363112263074,0.0544905384180865,0.0560349313641275,0.0540339899364832,-0.0468823359923605,0.179889625552439,0.0936170138132563,-0.0413246724102008,0.463321246697418,0.485937755102397,0.46156342960006,0.476350968961616,0.476333529793653,0.475942036546087,0.862888818996687,0.725640829129135,0.870904426259929,0.869484219771663,1.00000000000001,0.833737650690848,0.816158943929209,0.64444963995717,0.91134726538913,0.826354970788843,0.84727013248458,0.753516191126492,0.811506597874586,0.848417580458358,0.925259355563059,0.978932466860668,0.842136540824698,0.814015231682168,0.759501359763235,0.921172157826863,0.980797181254796,0.861674848945369,0.728755763234628,0.850566492145106,0.980604766115911,0.769698473000785,0.964257570197861,0.731423500886756,0.563257024749397
"sig_6",-0.208056549898906,0.209887717136238,-0.0931548881089148,-0.142521367121641,0.683913511184338,-0.246429533098759,0.701635708783106,0.171496447253427,0.171575074365484,0.172325133244338,0.0356471598596345,-0.165765072251147,0.347870538187153,0.161781588283227,0.0575139563771043,0.647662504145971,0.641354870193766,0.651757731915298,0.660794196443782,0.66069357239939,0.65906956382442,0.986266216535359,0.906724911621214,0.972602730620677,0.966320497700342,0.833737650690848,0.999999999999998,0.97900408796968,0.871273062425078,0.911554275703592,0.918499053640868,0.914304202717347,0.927077400887221,0.960578450753031,0.97518266481877,0.721153963704879,0.806210201563354,0.987360276849277,0.977529994302073,0.9482226743471,0.588323618955514,0.877762908162796,0.983091028480554,0.974837366332653,0.989786416121083,0.830298953505143,0.978001148375181,0.897435240148492,0.942791053758618,0.825331120992463
"sig_7",-0.170944827686509,0.184282053943912,-0.104001205756824,-0.129392596191191,0.639341729592456,-0.220546374097761,0.656355318554896,0.200112222348193,0.200176511425293,0.200500014759153,0.0652493748247608,-0.132231516664706,0.373619481627513,0.194220557851455,0.0883438784038772,0.60029557242418,0.596650691997676,0.612654894940698,0.61534456651643,0.615236356734492,0.613461264901047,0.978371911892648,0.9603069483293,0.918216165306471,0.920490305230842,0.816158943929209,0.97900408796968,0.999999999999996,0.931849107397282,0.847456547701419,0.836663278396697,0.841472919612915,0.849267591962978,0.904144853312444,0.919636943531503,0.690490036693823,0.760439167239157,0.939509452479187,0.961461164053636,0.888084172166477,0.560223287561772,0.844614972564839,0.972032716473404,0.939845258497045,0.971592523161316,0.805774813492273,0.987161438778217,0.899373936401011,0.981215999248577,0.888288294962446
"sig_8",-0.138542358293858,0.0736931175914965,-0.181089920236224,-0.0600785047168279,0.539538986837036,-0.122420372694331,0.54660293194068,0.341788120927973,0.341732751258847,0.34073093422621,0.108036103542634,-0.0971408797362785,0.494923896275448,0.29045049541206,0.243658600374299,0.525096833258183,0.508045856386219,0.550974266476611,0.541411303148857,0.541252118667056,0.538961982759873,0.854635808324811,0.985081370723026,0.775549719709428,0.747545122750244,0.64444963995717,0.871273062425078,0.931849107397282,1,0.6756599193659,0.677173791294703,0.644468429729678,0.725566767851295,0.789383529490343,0.764123186268113,0.504393694786111,0.565207071333779,0.800926346518106,0.874370434721079,0.789467698506182,0.367355108610928,0.681020893423977,0.835143227612128,0.868624294913175,0.872829202585665,0.651434407792626,0.93191497703582,0.779929755626792,0.970411730761471,0.989161189445919
"sig_9",-0.201647936010184,0.216498203961052,-0.0489863669313396,-0.175781552816689,0.64971551816826,-0.256131921819743,0.667424732338551,0.0981420163290986,0.0982849157629491,0.100121957415252,-0.00468533975131683,-0.157775945600494,0.252425481453613,0.0974554622997749,-0.0151258856678944,0.605313911867953,0.606502834289395,0.592801097159306,0.614229665512028,0.614180882886322,0.613368050307894,0.901459840045217,0.736564835631138,0.973159053501528,0.942085834837266,0.91134726538913,0.911554275703592,0.847456547701419,0.6756599193659,1.00000000000001,0.972069366025214,0.94461211057085,0.928365945413753,0.950636881946227,0.95380889531637,0.87231539694602,0.939373889648719,0.945638988321876,0.901193842834256,0.91675042684427,0.775003570710057,0.949721862143158,0.910574525461409,0.86333179218789,0.920604245280732,0.901144966970334,0.8389648604412,0.891511298375968,0.773715092076108,0.615414004374308
"sig_10",-0.226500630629255,0.216362943919408,-0.0744879444209465,-0.16876439992877,0.661877554443487,-0.244820389320549,0.677783247803103,0.118118289722101,0.118238125275194,0.119933097238284,-0.0266024451001524,-0.179417519927183,0.276898937582555,0.0931202714413171,0.00341572150798645,0.632592363242515,0.623391963462728,0.615455225836345,0.640050686758972,0.639988234503337,0.639078387149934,0.891411289605078,0.726446826757449,0.980600503485619,0.941554805695839,0.826354970788843,0.918499053640868,0.836663278396697,0.677173791294703,0.972069366025214,0.999999999999997,0.952369935580883,0.981626135060157,0.969965065054925,0.967025724219142,0.757211633738999,0.863095832878903,0.961474038888745,0.894882487619905,0.961670036386166,0.661497755234636,0.884594524905616,0.898020278547233,0.906120954206833,0.917917767130954,0.831335960091671,0.844812361593831,0.827900332989808,0.772187312351825,0.627742886668375
"sig_11",-0.204519932422978,0.242598640019812,-0.0453584692932248,-0.194283349642529,0.664379739786697,-0.285898978359016,0.690269064223256,0.0802142536908548,0.0803896651531501,0.0828836249937023,-0.0453110519863115,-0.173584742539173,0.242081878189797,0.0860629247775151,-0.0385065824270383,0.61012094327378,0.626187992214488,0.58711458604875,0.618148580635624,0.618171512498795,0.618182728709013,0.921841408473807,0.7210463054041,0.949441133653911,0.983097790110777,0.84727013248458,0.914304202717347,0.841472919612915,0.644468429729678,0.94461211057085,0.952369935580883,0.999999999999999,0.90877906861875,0.905746386111636,0.975411965937264,0.786435739065177,0.874052012688079,0.956593409418066,0.862804846661671,0.880509859675887,0.684079112778862,0.879687823864417,0.929243837273723,0.85797959987959,0.888794246893384,0.82343779128159,0.822247538451183,0.82344133621783,0.746706461977164,0.573298145700116
"sig_12",-0.257421665408305,0.20542318763687,-0.0991329725611336,-0.145914994393163,0.680030953854177,-0.226274648817711,0.690342283339624,0.154461043124723,0.154551566705133,0.155785589463959,-0.00498972293973966,-0.203202134413965,0.31891205460917,0.112289490092737,0.0418987614117549,0.667776917684583,0.645698970987238,0.655797265215522,0.675303707797677,0.675200396157385,0.673802641277265,0.882035442523463,0.753705703393148,0.970102788382694,0.91363664738293,0.753516191126492,0.927077400887221,0.849267591962978,0.725566767851295,0.928365945413753,0.981626135060157,0.90877906861875,0.999999999999995,0.977257172984655,0.952433719827355,0.660525219666066,0.777143664668115,0.959321610906402,0.906206203585787,0.988254098557934,0.551824248039221,0.826798758056295,0.883489765113701,0.94786055588143,0.926531823837199,0.775188191998755,0.87470810402824,0.79593897591269,0.809436042165047,0.692204580925478
"sig_13",-0.232817628754509,0.210326382737258,-0.0916591459579,-0.152991933006009,0.660707026719625,-0.230449094234224,0.672984019662677,0.163755342352009,0.16384025205005,0.164768798447039,-0.00077933917510975,-0.17995717980368,0.334244564431132,0.135227089335894,0.0459410546653958,0.645370916331384,0.624827414116396,0.640705784851226,0.654697678959221,0.654572180992598,0.652802798376527,0.919238289590382,0.814709524317997,0.985238160828871,0.930065224137342,0.811506597874586,0.960578450753031,0.904144853312444,0.789383529490343,0.950636881946227,0.969965065054925,0.905746386111636,0.977257172984655,1.00000000000001,0.966253464795229,0.721022901228079,0.818997579747239,0.974304595910608,0.963678148867571,0.989491148246014,0.598276441836197,0.880217376120375,0.925911037353612,0.965452396932923,0.969405649441573,0.82889888564006,0.926335780577717,0.860777879733706,0.871852679432581,0.755626029821743
"sig_14",-0.224603615261522,0.237000369657445,-0.0679494403227756,-0.179831471457543,0.674005776294729,-0.265686297242496,0.695791968770399,0.128692986394016,0.128827609965554,0.130507157320533,-0.0264671284812035,-0.186759252709007,0.30286764641734,0.12360982474093,0.00598254768226305,0.63757459760432,0.637710969635162,0.62428198535995,0.646733350063545,0.646684890420431,0.645784620692926,0.961402244811516,0.815088142530521,0.985412383075148,0.989252034772327,0.848417580458358,0.97518266481877,0.919636943531503,0.764123186268113,0.95380889531637,0.967025724219142,0.975411965937264,0.952433719827355,0.966253464795229,0.99999999999999,0.75981829235715,0.85541247768645,0.996129825873308,0.947413029745812,0.94847015224298,0.643951245516347,0.8962402584125,0.970896630671231,0.944913996009583,0.962388273456087,0.841637084693956,0.919280935936056,0.871435240742984,0.857691820853143,0.710121014582104
"sig_15",-0.0454087799489394,0.16973471199905,0.00517028928039702,-0.155463222600036,0.476939351443117,-0.240876534781037,0.500643170310262,0.00882383917943528,0.00895492818566757,0.010814624688168,0.0476246999584468,-0.0223014589453078,0.112828472790442,0.0485295868910365,-0.0722934768222396,0.392813020820949,0.422782321719476,0.390310430006437,0.404606226476944,0.404614682509561,0.404569337675322,0.75712625917451,0.592438868229655,0.784208226516923,0.787123695355063,0.925259355563059,0.721153963704879,0.690490036693823,0.504393694786111,0.87231539694602,0.757211633738999,0.786435739065177,0.660525219666066,0.721022901228079,0.75981829235715,1.00000000000001,0.941938382495689,0.742839407936771,0.712427526996032,0.650039063817084,0.873670089482658,0.918067413676843,0.760900878786902,0.603732813906158,0.735269974761073,0.869265524151451,0.639524252984005,0.836144310378555,0.592267296325773,0.422733472209459
"sig_16",-0.0935397927489404,0.198275148922987,-0.00608944000553639,-0.181806537124162,0.525446774331404,-0.249897726627207,0.551115322747789,0.0319996008644552,0.0321506180003811,0.0342626305864658,0.000437192019130891,-0.0682839368543005,0.155943349309624,0.0636956001236469,-0.0676198050675105,0.456503380397041,0.478828267880036,0.443800091033486,0.466281996083106,0.466285398360189,0.466207707530612,0.826716884106696,0.648599698664636,0.875335020402894,0.868328189939505,0.978932466860668,0.806210201563354,0.760439167239157,0.565207071333779,0.939373889648719,0.863095832878903,0.874052012688079,0.777143664668115,0.818997579747239,0.85541247768645,0.941938382495689,1,0.839775192516574,0.790974310230404,0.764601383805939,0.9290298577671,0.978829238321498,0.837214064199745,0.707842528509336,0.824626418883831,0.958717226601407,0.722895638092975,0.912555251425968,0.665029961729812,0.486625849305057
"sig_17",-0.227182157497416,0.228345653511416,-0.0792383221959052,-0.165059291524111,0.684578537539414,-0.259450609650291,0.704360500769567,0.143680207684262,0.143797235772086,0.145217034153851,-0.00163852733166607,-0.186275288875817,0.318978973847729,0.133175123313663,0.0243757836936766,0.651184676395539,0.646901932090407,0.643091692535387,0.661391205885024,0.661321980634521,0.660163398908781,0.96853384687901,0.84366583740593,0.988742998229413,0.982045494579275,0.842136540824698,0.987360276849277,0.939509452479187,0.800926346518106,0.945638988321876,0.961474038888745,0.956593409418066,0.959321610906402,0.974304595910608,0.996129825873308,0.742839407936771,0.839775192516574,0.999999999999995,0.960912629563976,0.962784691562726,0.624433491202053,0.892683448254704,0.974214593497728,0.965656575795896,0.978176339425061,0.841730735004774,0.943271888068734,0.882142422197202,0.888851875458286,0.752326439583285
"sig_18",-0.20216914525867,0.211629515217951,-0.0788049591576153,-0.155544214125698,0.625170659704151,-0.219086812838023,0.638766968946427,0.184809431035348,0.184891864243972,0.185495305013476,0.00566604728478621,-0.159803781052039,0.362353128315864,0.180519574853247,0.0617172157779729,0.603926624343606,0.591682080960259,0.606583847658961,0.615102728591446,0.614976361774402,0.613073481337494,0.944263207595761,0.889311181838964,0.950051238535861,0.919872482040894,0.814015231682168,0.977529994302073,0.961461164053636,0.874370434721079,0.901193842834256,0.894882487619905,0.862804846661671,0.906206203585787,0.963678148867571,0.947413029745812,0.712427526996032,0.790974310230404,0.960912629563976,1,0.9399798037599,0.576251473942807,0.872708083085041,0.959565725939952,0.964894363423693,0.987729251083363,0.821148246619266,0.979943317800623,0.889110543433111,0.94754550189403,0.845434167364845
"sig_19",-0.242884788612985,0.195438706639995,-0.109109739053566,-0.132608083752449,0.663422937200227,-0.217422424901767,0.673268185142338,0.173494492454589,0.173558900080825,0.174294281400339,0.0191968672942189,-0.186245664000024,0.33931272453119,0.129692121322057,0.063380573201682,0.655322590444753,0.62821414029408,0.652571519108419,0.66474258332949,0.664605939843968,0.662737894465676,0.898117618187654,0.805577246834604,0.971945800902861,0.905662964621662,0.759501359763235,0.9482226743471,0.888084172166477,0.789467698506182,0.91675042684427,0.961670036386166,0.880509859675887,0.988254098557934,0.989491148246014,0.94847015224298,0.650039063817084,0.764601383805939,0.962784691562726,0.9399798037599,1.00000000000001,0.535742741525246,0.833057719309287,0.898831557589126,0.974010895899572,0.955483642380164,0.788144897707024,0.917971982998986,0.825654119039345,0.865697042334521,0.763599216175304
"sig_20",-0.023185493123148,0.148809520627249,0.0389255987918725,-0.161999738068434,0.364662495673124,-0.200888271362272,0.390090615295611,-0.0293176108898224,-0.0291386292905861,-0.0268670903520141,0.00795413113684019,-0.0113512063537336,0.0480701647864792,0.0284652946448031,-0.104344748184873,0.291087233398618,0.324822247512694,0.275315198658198,0.298549697822085,0.298609558588679,0.299310008181902,0.628903543798242,0.459658979993344,0.672345439294212,0.670321645770208,0.921172157826863,0.588323618955514,0.560223287561772,0.367355108610928,0.775003570710057,0.661497755234636,0.684079112778862,0.551824248039221,0.598276441836197,0.643951245516347,0.873670089482658,0.9290298577671,0.624433491202053,0.576251473942807,0.535742741525246,1.00000000000001,0.871983740315029,0.640315978612673,0.462921861428834,0.62096920315899,0.898240807846947,0.503475826346918,0.8242305050305,0.458922795387886,0.283050262868152
"sig_21",-0.0957762586006916,0.194521803326535,-0.0323008042781891,-0.165529097735707,0.553707203380867,-0.245270864987113,0.576608858231372,0.0745649542926662,0.0746748603888146,0.0761726212989821,0.0325808047789991,-0.0640055038105624,0.211131631828304,0.0948015212631005,-0.0275274628078846,0.492972969601619,0.505576899979376,0.489926297179517,0.505204430829576,0.505154981349307,0.504431883069689,0.883815513971427,0.746330647250291,0.918457195746761,0.898444830489806,0.980797181254796,0.877762908162796,0.844614972564839,0.681020893423977,0.949721862143158,0.884594524905616,0.879687823864417,0.826798758056295,0.880217376120375,0.8962402584125,0.918067413676843,0.978829238321498,0.892683448254704,0.872708083085041,0.833057719309287,0.871983740315029,0.999999999999992,0.891258798249145,0.800545026878468,0.899731984211517,0.976576494950028,0.820799633989695,0.956236270489642,0.772605688450515,0.614157174801981
"sig_22",-0.188599046418232,0.235971416480767,-0.0587592973813886,-0.18236959547535,0.648716320497934,-0.261388588445231,0.671240210613463,0.137017235443153,0.137165434195495,0.138560797713108,-0.00629494006907298,-0.156981563624824,0.315654785920951,0.153221524799691,0.0119707871094006,0.603080888697425,0.608908880145772,0.599279862080344,0.614730873821894,0.614674338797676,0.613532059206353,0.987515453635843,0.884943516650464,0.952626931072841,0.977021111038138,0.861674848945369,0.983091028480554,0.972032716473404,0.835143227612128,0.910574525461409,0.898020278547233,0.929243837273723,0.883489765113701,0.925911037353612,0.970896630671231,0.760900878786902,0.837214064199745,0.974214593497728,0.959565725939952,0.898831557589126,0.640315978612673,0.891258798249145,0.999999999999989,0.927464191555373,0.971340115257738,0.841074713832791,0.957141558539958,0.901073492266474,0.920409510951992,0.778515734380982
