1.000000 0.866343 0.583825 0.361838 0.334433 0.447138 0.452743 0.438743 0.198405 0.256573 0.287023 0.253330 0.203450 0.306926 0.432064 0.177941 0.056871 0.096254 0.088555 0.195613 0.109560 0.183401 0.140470 0.192503 0.180836 0.127137 0.112726 0.112159 0.135719
0.866343 1.000000 0.454162 0.299116 0.270678 0.385462 0.308712 0.417957 0.230892 0.234468 0.233201 0.212885 0.202961 0.359310 0.401772 0.175977 0.075053 0.126129 0.116370 0.165975 0.094664 0.128696 0.126482 0.141859 0.131487 0.120451 0.108388 0.097700 0.121706
0.583825 0.454162 1.000000 0.575926 0.463517 0.482082 0.253070 0.400143 0.440883 0.455753 0.439802 0.230953 0.201280 0.183982 0.277912 0.233700 0.043960 0.067253 0.078956 0.233297 0.129489 0.156281 0.175924 0.151251 0.299518 0.207885 0.111552 0.140285 0.175418
0.361838 0.299116 0.575926 1.000000 0.444195 0.364433 0.324119 0.502566 0.393919 0.527469 0.523415 0.329722 0.252307 0.280873 0.374896 0.309180 0.048893 0.077698 0.082824 0.277162 0.134929 0.161947 0.206414 0.119443 0.239903 0.184057 0.144981 0.151600 0.190689
0.334433 0.270678 0.463517 0.444195 1.000000 0.474083 0.354700 0.342178 0.247280 0.426144 0.393677 0.283103 0.234531 0.217919 0.276404 0.315201 0.056432 0.087315 0.099213 0.554554 0.211203 0.292809 0.355720 0.115605 0.228783 0.162028 0.171209 0.194088 0.259830
0.447138 0.385462 0.482082 0.364433 0.474083 1.000000 0.210089 0.357199 0.254285 0.250553 0.290599 0.367260 0.365285 0.281454 0.304952 0.210727 0.068450 0.157708 0.172937 0.244837 0.169702 0.170386 0.158860 0.106911 0.159458 0.114559 0.265715 0.245068 0.221760
0.452743 0.308712 0.253070 0.324119 0.354700 0.210089 1.000000 0.261056 0.230494 0.199352 0.216620 0.175628 0.153196 0.161003 0.268611 0.169713 0.076582 0.083560 0.093515 0.241760 0.123283 0.312907 0.208733 0.164206 0.133234 0.126659 0.109100 0.106424 0.130865
0.438743 0.417957 0.400143 0.502566 0.342178 0.357199 0.261056 1.000000 0.566243 0.220685 0.284876 0.285332 0.212414 0.247289 0.268268 0.223107 0.073496 0.104377 0.107066 0.214328 0.125398 0.140796 0.164273 0.116525 0.138710 0.134460 0.129739 0.133596 0.145072
0.198405 0.230892 0.440883 0.393919 0.247280 0.254285 0.230494 0.566243 1.000000 0.176574 0.171887 0.162360 0.137095 0.145285 0.140321 0.153740 0.097837 0.104189 0.109256 0.136389 0.117640 0.123751 0.121465 0.107133 0.133379 0.145875 0.112846 0.114515 0.136459
0.256573 0.234468 0.455753 0.527469 0.426144 0.250553 0.199352 0.220685 0.176574 1.000000 0.739303 0.399666 0.322859 0.360786 0.445110 0.473379 0.035877 0.078762 0.087192 0.234390 0.161343 0.148031 0.174594 0.125295 0.399325 0.316298 0.162656 0.199309 0.327505
0.287023 0.233201 0.439802 0.523415 0.393677 0.290599 0.216620 0.284876 0.171887 0.739303 1.000000 0.599328 0.461454 0.335415 0.509975 0.452824 0.027980 0.081751 0.097948 0.318514 0.306700 0.208339 0.238425 0.149712 0.382293 0.244900 0.284343 0.318333 0.355426
0.253330 0.212885 0.230953 0.329722 0.283103 0.367260 0.175628 0.285332 0.162360 0.399666 0.599328 1.000000 0.729639 0.389889 0.388360 0.373986 0.051657 0.165821 0.195542 0.214727 0.233484 0.138789 0.158984 0.091224 0.180741 0.135744 0.446660 0.344401 0.335287
0.203450 0.202961 0.201280 0.252307 0.234531 0.365285 0.153196 0.212414 0.137095 0.322859 0.461454 0.729639 1.000000 0.503290 0.427205 0.379135 0.061038 0.266689 0.339622 0.237850 0.266823 0.157220 0.191943 0.082896 0.169498 0.123950 0.539116 0.398591 0.431475
0.306926 0.359310 0.183982 0.280873 0.217919 0.281454 0.161003 0.247289 0.145285 0.360786 0.335415 0.389889 0.503290 1.000000 0.765743 0.666374 0.106087 0.309402 0.299051 0.162031 0.105048 0.096930 0.095147 0.117769 0.118658 0.107687 0.213442 0.153605 0.155978
0.432064 0.401772 0.277912 0.374896 0.276404 0.304952 0.268611 0.268268 0.140321 0.445110 0.509975 0.388360 0.427205 0.765743 1.000000 0.681262 0.097938 0.180797 0.144266 0.243720 0.154996 0.163102 0.153187 0.248156 0.196927 0.138079 0.176283 0.180543 0.204693
0.177941 0.175977 0.233700 0.309180 0.315201 0.210727 0.169713 0.223107 0.153740 0.473379 0.452824 0.373986 0.379135 0.666374 0.681262 1.000000 0.060757 0.127657 0.125924 0.215667 0.141375 0.131072 0.165051 0.127742 0.197203 0.142647 0.154494 0.158337 0.172554
0.056871 0.075053 0.043960 0.048893 0.056432 0.068450 0.076582 0.073496 0.097837 0.035877 0.027980 0.051657 0.061038 0.106087 0.097938 0.060757 1.000000 0.456307 0.248122 0.076599 0.104543 0.073011 0.074568 0.043771 0.016756 0.069122 0.172188 0.224618 0.081825
0.096254 0.126129 0.067253 0.077698 0.087315 0.157708 0.083560 0.104377 0.104189 0.078762 0.081751 0.165821 0.266689 0.309402 0.180797 0.127657 0.456307 1.000000 0.832432 0.095378 0.099725 0.065819 0.077629 0.000000 0.032083 0.080146 0.480497 0.255456 0.110776
0.088555 0.116370 0.078956 0.082824 0.099213 0.172937 0.093515 0.107066 0.109256 0.087192 0.097948 0.195542 0.339622 0.299051 0.144266 0.125924 0.248122 0.832432 1.000000 0.086763 0.087502 0.069774 0.078984 0.015849 0.055960 0.092830 0.478682 0.207748 0.120271
0.195613 0.165975 0.233297 0.277162 0.554554 0.244837 0.241760 0.214328 0.136389 0.234390 0.318514 0.214727 0.237850 0.162031 0.243720 0.215667 0.076599 0.095378 0.086763 1.000000 0.533760 0.506880 0.677226 0.137532 0.193990 0.117869 0.204044 0.287826 0.371629
0.109560 0.094664 0.129489 0.134929 0.211203 0.169702 0.123283 0.125398 0.117640 0.161343 0.306700 0.233484 0.266823 0.105048 0.154996 0.141375 0.104543 0.099725 0.087502 0.533760 1.000000 0.600578 0.648880 0.191661 0.213337 0.107233 0.289755 0.579512 0.517325
0.183401 0.128696 0.156281 0.161947 0.292809 0.170386 0.312907 0.140796 0.123751 0.148031 0.208339 0.138789 0.157220 0.096930 0.163102 0.131072 0.073011 0.065819 0.069774 0.506880 0.600578 1.000000 0.719999 0.289813 0.233927 0.109486 0.159325 0.351916 0.338730
0.140470 0.126482 0.175924 0.206414 0.355720 0.158860 0.208733 0.164273 0.121465 0.174594 0.238425 0.158984 0.191943 0.095147 0.153187 0.165051 0.074568 0.077629 0.078984 0.677226 0.648880 0.719999 1.000000 0.189169 0.270748 0.114302 0.159103 0.304790 0.435961
0.192503 0.141859 0.151251 0.119443 0.115605 0.106911 0.164206 0.116525 0.107133 0.125295 0.149712 0.091224 0.082896 0.117769 0.248156 0.127742 0.043771 0.000000 0.015849 0.137532 0.191661 0.289813 0.189169 1.000000 0.377916 0.163924 0.088748 0.285031 0.187563
0.180836 0.131487 0.299518 0.239903 0.228783 0.159458 0.133234 0.138710 0.133379 0.399325 0.382293 0.180741 0.169498 0.118658 0.196927 0.197203 0.016756 0.032083 0.055960 0.193990 0.213337 0.233927 0.270748 0.377916 1.000000 0.688206 0.113660 0.221742 0.397845
0.127137 0.120451 0.207885 0.184057 0.162028 0.114559 0.126659 0.134460 0.145875 0.316298 0.244900 0.135744 0.123950 0.107687 0.138079 0.142647 0.069122 0.080146 0.092830 0.117869 0.107233 0.109486 0.114302 0.163924 0.688206 1.000000 0.098670 0.103994 0.164760
0.112726 0.108388 0.111552 0.144981 0.171209 0.265715 0.109100 0.129739 0.112846 0.162656 0.284343 0.446660 0.539116 0.213442 0.176283 0.154494 0.172188 0.480497 0.478682 0.204044 0.289755 0.159325 0.159103 0.088748 0.113660 0.098670 1.000000 0.619945 0.350530
0.112159 0.097700 0.140285 0.151600 0.194088 0.245068 0.106424 0.133596 0.114515 0.199309 0.318333 0.344401 0.398591 0.153605 0.180543 0.158337 0.224618 0.255456 0.207748 0.287826 0.579512 0.351916 0.304790 0.285031 0.221742 0.103994 0.619945 1.000000 0.551380
0.135719 0.121706 0.175418 0.190689 0.259830 0.221760 0.130865 0.145072 0.136459 0.327505 0.355426 0.335287 0.431475 0.155978 0.204693 0.172554 0.081825 0.110776 0.120271 0.371629 0.517325 0.338730 0.435961 0.187563 0.397845 0.164760 0.350530 0.551380 1.000000
