1.000000 0.676315 0.813869 0.885471 0.856574 0.840119 0.854794 0.000000 0.764368 0.789700 0.797683 0.766735 0.783397 0.771332 0.756381 0.763611 0.788692 0.773200 0.756185 0.812094 0.797854 0.811229 0.765383 0.741334 0.780370 0.732515 0.813424 0.738788 0.595663 
0.676315 1.000000 0.698813 0.599822 0.720980 0.747943 0.829718 0.906582 0.721577 0.676679 0.716064 0.685734 0.723471 0.659708 0.747847 0.698136 0.639523 0.704611 0.715190 0.722885 0.725297 0.731326 0.755454 0.690464 0.725317 0.705018 0.754070 0.802602 0.840104 
0.813869 0.698813 1.000000 0.807534 0.808957 0.900417 0.760728 0.746324 0.902145 0.934943 0.772741 0.880672 0.982226 0.843629 0.816947 0.872045 0.855539 0.805906 0.904285 0.782434 0.905694 0.779077 0.862739 0.842289 0.815501 0.819516 0.758501 0.761207 0.738587 
0.885471 0.599822 0.807534 1.000000 0.833940 0.816184 0.828383 0.650557 0.781202 0.860108 0.954366 0.836574 0.775997 0.891591 0.777385 0.831626 0.886747 0.816327 0.794933 0.849319 0.777279 0.891178 0.766103 0.807481 0.814653 0.801024 0.824391 0.761993 0.697404 
0.856574 0.720980 0.808957 0.833940 1.000000 0.797182 0.877617 0.711695 0.782661 0.792936 0.758437 0.796474 0.773919 0.787579 0.770138 0.857676 0.821952 0.775691 0.801547 0.959768 0.864822 0.873437 0.746977 0.781258 0.918572 0.793530 0.938256 0.794851 0.716905 
0.840119 0.747943 0.900417 0.816184 0.797182 1.000000 0.807370 0.807512 0.848342 0.852096 0.780757 0.884584 0.892272 0.903771 0.782331 0.851517 0.919271 0.953157 0.862043 0.790957 0.848478 0.820140 0.967187 0.888494 0.838226 0.899145 0.792118 0.804964 0.785047 
0.854794 0.829718 0.760728 0.828383 0.877617 0.807370 1.000000 0.843169 0.777542 0.782306 0.753575 0.789928 0.747716 0.817412 0.762707 0.814704 0.866683 0.794232 0.838805 0.861986 0.755754 0.928285 0.791226 0.875252 0.855837 0.891386 0.934077 0.941985 0.821660 
0.000000 0.906582 0.746324 0.650557 0.711695 0.807512 0.843169 1.000000 0.753920 0.713615 0.729433 0.726610 0.771972 0.727846 0.753750 0.737286 0.731243 0.773136 0.793838 0.726529 0.733246 0.759549 0.863606 0.798831 0.745471 0.847717 0.749636 0.912455 0.977335 
0.764368 0.721577 0.902145 0.781202 0.782661 0.848342 0.777542 0.753920 1.000000 0.891819 0.778169 0.917591 0.896688 0.827888 0.931377 0.874544 0.854736 0.829018 0.879253 0.797895 0.845457 0.785594 0.839751 0.854907 0.824869 0.823944 0.771412 0.774700 0.756321 
0.789700 0.676679 0.934943 0.860108 0.792936 0.852096 0.782306 0.713615 0.891819 1.000000 0.821728 0.933353 0.906048 0.906445 0.902694 0.908360 0.902417 0.833839 0.912831 0.804759 0.842180 0.804469 0.809276 0.832608 0.833659 0.818418 0.774514 0.760211 0.728070 
0.797683 0.716064 0.772741 0.954366 0.758437 0.780757 0.753575 0.729433 0.778169 0.821728 1.000000 0.809318 0.767541 0.865988 0.786136 0.796524 0.838733 0.783940 0.762744 0.762530 0.772377 0.798191 0.756868 0.779094 0.765465 0.770293 0.756469 0.748641 0.742952 
0.766735 0.685734 0.880672 0.836574 0.796474 0.884584 0.789928 0.726610 0.917591 0.933353 0.809318 1.000000 0.859963 0.923155 0.890074 0.903539 0.922265 0.863528 0.881459 0.820999 0.868636 0.812907 0.853225 0.870499 0.851808 0.841863 0.778508 0.785532 0.732435 
0.783397 0.723471 0.982226 0.775997 0.773919 0.892272 0.747716 0.771972 0.896688 0.906048 0.767541 0.859963 1.000000 0.834181 0.832580 0.849291 0.833616 0.804789 0.887662 0.772243 0.863364 0.768536 0.879901 0.824172 0.798924 0.819269 0.744772 0.757482 0.764241 
0.771332 0.659708 0.843629 0.891591 0.787579 0.903771 0.817412 0.727846 0.827888 0.906445 0.865988 0.923155 0.834181 1.000000 0.805130 0.898865 0.962948 0.910754 0.841129 0.803996 0.817434 0.869766 0.880352 0.891687 0.834146 0.868214 0.796102 0.796909 0.737156 
0.756381 0.747847 0.816947 0.777385 0.770138 0.782331 0.762707 0.753750 0.931377 0.902694 0.786136 0.890074 0.832580 0.805130 1.000000 0.839747 0.802426 0.791313 0.842685 0.768345 0.832401 0.779606 0.785738 0.796727 0.779556 0.780060 0.765278 0.761309 0.758238 
0.763611 0.698136 0.872045 0.831626 0.857676 0.851517 0.814704 0.737286 0.874544 0.908360 0.796524 0.903539 0.849291 0.898865 0.839747 1.000000 0.890005 0.865612 0.910923 0.878797 0.878481 0.844960 0.826584 0.854069 0.928951 0.834209 0.823356 0.802031 0.749154 
0.788692 0.639523 0.855539 0.886747 0.821952 0.919271 0.866683 0.731243 0.854736 0.902417 0.838733 0.922265 0.833616 0.962948 0.802426 0.890005 1.000000 0.905714 0.856864 0.835928 0.825966 0.878706 0.872364 0.938011 0.866744 0.907854 0.862659 0.854536 0.747953 
0.773200 0.704611 0.805906 0.816327 0.775691 0.953157 0.794232 0.773136 0.829018 0.833839 0.783940 0.863528 0.804789 0.910754 0.791313 0.865612 0.905714 1.000000 0.823124 0.798367 0.801151 0.802815 0.950528 0.884315 0.825511 0.885828 0.783063 0.791797 0.771816 
0.756185 0.715190 0.904285 0.794933 0.801547 0.862043 0.838805 0.793838 0.879253 0.912831 0.762744 0.881459 0.887662 0.841129 0.842685 0.910923 0.856864 0.823124 1.000000 0.794560 0.822812 0.828391 0.853446 0.882311 0.838706 0.881717 0.801145 0.847329 0.803038 
0.812094 0.722885 0.782434 0.849319 0.959768 0.790957 0.861986 0.726529 0.797895 0.804759 0.762530 0.820999 0.772243 0.803996 0.768345 0.878797 0.835928 0.798367 0.794560 1.000000 0.822146 0.901428 0.745246 0.794637 0.952449 0.813573 0.947372 0.794712 0.728102 
0.797854 0.725297 0.905694 0.777279 0.864822 0.848478 0.755754 0.733246 0.845457 0.842180 0.772377 0.868636 0.863364 0.817434 0.832401 0.878481 0.825966 0.801151 0.822812 0.822146 1.000000 0.775538 0.795892 0.804589 0.837381 0.790963 0.769773 0.758103 0.743636 
0.811229 0.731326 0.779077 0.891178 0.873437 0.820140 0.928285 0.759549 0.785594 0.804469 0.798191 0.812907 0.768536 0.869766 0.779606 0.844960 0.878706 0.802815 0.828391 0.901428 0.775538 1.000000 0.792744 0.872323 0.883616 0.900263 0.920917 0.877184 0.767397 
0.765383 0.755454 0.862739 0.766103 0.746977 0.967187 0.791226 0.863606 0.839751 0.809276 0.756868 0.853225 0.879901 0.880352 0.785738 0.826584 0.872364 0.950528 0.853446 0.745246 0.795892 0.792744 1.000000 0.888930 0.796526 0.917756 0.754525 0.824442 0.859940 
0.741334 0.690464 0.842289 0.807481 0.781258 0.888494 0.875252 0.798831 0.854907 0.832608 0.779094 0.870499 0.824172 0.891687 0.796727 0.854069 0.938011 0.884315 0.882311 0.794637 0.804589 0.872323 0.888930 1.000000 0.825060 0.961365 0.833743 0.904164 0.815464 
0.780370 0.725317 0.815501 0.814653 0.918572 0.838226 0.855837 0.745471 0.824869 0.833659 0.765465 0.851808 0.798924 0.834146 0.779556 0.928951 0.866744 0.825511 0.838706 0.952449 0.837381 0.883616 0.796526 0.825060 1.000000 0.835676 0.924524 0.819814 0.736702 
0.732515 0.705018 0.819516 0.801024 0.793530 0.899145 0.891386 0.847717 0.823944 0.818418 0.770293 0.841863 0.819269 0.868214 0.780060 0.834209 0.907854 0.885828 0.881717 0.813573 0.790963 0.900263 0.917756 0.961365 0.835676 1.000000 0.847770 0.925679 0.873724 
0.813424 0.754070 0.758501 0.824391 0.938256 0.792118 0.934077 0.749636 0.771412 0.774514 0.756469 0.778508 0.744772 0.796102 0.765278 0.823356 0.862659 0.783063 0.801145 0.947372 0.769773 0.920917 0.754525 0.833743 0.924524 0.847770 1.000000 0.856552 0.737484 
0.738788 0.802602 0.761207 0.761993 0.794851 0.804964 0.941985 0.912455 0.774700 0.760211 0.748641 0.785532 0.757482 0.796909 0.761309 0.802031 0.854536 0.791797 0.847329 0.794712 0.758103 0.877184 0.824442 0.904164 0.819814 0.925679 0.856552 1.000000 0.912023 
0.595663 0.840104 0.738587 0.697404 0.716905 0.785047 0.821660 0.977335 0.756321 0.728070 0.742952 0.732435 0.764241 0.737156 0.758238 0.749154 0.747953 0.771816 0.803038 0.728102 0.743636 0.767397 0.859940 0.815464 0.736702 0.873724 0.737484 0.912023 1.000000 
