1.000000 0.043771 0.192503 0.377916 0.289813 0.248156 0.285031 0.000000 0.116525 0.151251 0.163924 0.119443 0.141859 0.125295 0.107133 0.115605 0.149712 0.127742 0.106911 0.189169 0.164206 0.187563 0.117769 0.091224 0.137532 0.082896 0.191661 0.088748 0.015849 
0.043771 1.000000 0.056871 0.016756 0.073011 0.097938 0.224618 0.456307 0.073496 0.043960 0.069122 0.048893 0.075053 0.035877 0.097837 0.056432 0.027980 0.060757 0.068450 0.074568 0.076582 0.081825 0.106087 0.051657 0.076599 0.061038 0.104543 0.172188 0.248122 
0.192503 0.056871 1.000000 0.180836 0.183401 0.432064 0.112159 0.096254 0.438743 0.583825 0.127137 0.361838 0.866343 0.256573 0.198405 0.334433 0.287023 0.177941 0.447138 0.140470 0.452743 0.135719 0.306926 0.253330 0.195613 0.203450 0.109560 0.112726 0.088555 
0.377916 0.016756 0.180836 1.000000 0.233927 0.196927 0.221742 0.032083 0.138710 0.299518 0.688206 0.239903 0.131487 0.399325 0.133379 0.228783 0.382293 0.197203 0.159458 0.270748 0.133234 0.397845 0.118658 0.180741 0.193990 0.169498 0.213337 0.113660 0.055960 
0.289813 0.073011 0.183401 0.233927 1.000000 0.163102 0.351916 0.065819 0.140796 0.156281 0.109486 0.161947 0.128696 0.148031 0.123751 0.292809 0.208339 0.131072 0.170386 0.719999 0.312907 0.338730 0.096930 0.138789 0.506880 0.157220 0.600578 0.159325 0.069774 
0.248156 0.097938 0.432064 0.196927 0.163102 1.000000 0.180543 0.180797 0.268268 0.277912 0.138079 0.374896 0.401772 0.445110 0.140321 0.276404 0.509975 0.681262 0.304952 0.153187 0.268611 0.204693 0.765743 0.388360 0.243720 0.427205 0.154996 0.176283 0.144266 
0.285031 0.224618 0.112159 0.221742 0.351916 0.180543 1.000000 0.255456 0.133596 0.140285 0.103994 0.151600 0.097700 0.199309 0.114515 0.194088 0.318333 0.158337 0.245068 0.304790 0.106424 0.551380 0.153605 0.344401 0.287826 0.398591 0.579512 0.619945 0.207748 
0.000000 0.456307 0.096254 0.032083 0.065819 0.180797 0.255456 1.000000 0.104377 0.067253 0.080146 0.077698 0.126129 0.078762 0.104189 0.087315 0.081751 0.127657 0.157708 0.077629 0.083560 0.110776 0.309402 0.165821 0.095378 0.266689 0.099725 0.480497 0.832432 
0.116525 0.073496 0.438743 0.138710 0.140796 0.268268 0.133596 0.104377 1.000000 0.400143 0.134460 0.502566 0.417957 0.220685 0.566243 0.342178 0.284876 0.223107 0.357199 0.164273 0.261056 0.145072 0.247289 0.285332 0.214328 0.212414 0.125398 0.129739 0.107066 
0.151251 0.043960 0.583825 0.299518 0.156281 0.277912 0.140285 0.067253 0.400143 1.000000 0.207885 0.575926 0.454162 0.455753 0.440883 0.463517 0.439802 0.233700 0.482082 0.175924 0.253070 0.175418 0.183982 0.230953 0.233297 0.201280 0.129489 0.111552 0.078956 
0.163924 0.069122 0.127137 0.688206 0.109486 0.138079 0.103994 0.080146 0.134460 0.207885 1.000000 0.184057 0.120451 0.316298 0.145875 0.162028 0.244900 0.142647 0.114559 0.114302 0.126659 0.164760 0.107687 0.135744 0.117869 0.123950 0.107233 0.098670 0.092830 
0.119443 0.048893 0.361838 0.239903 0.161947 0.374896 0.151600 0.077698 0.502566 0.575926 0.184057 1.000000 0.299116 0.527469 0.393919 0.444195 0.523415 0.309180 0.364433 0.206414 0.324119 0.190689 0.280873 0.329722 0.277162 0.252307 0.134929 0.144981 0.082824 
0.141859 0.075053 0.866343 0.131487 0.128696 0.401772 0.097700 0.126129 0.417957 0.454162 0.120451 0.299116 1.000000 0.234468 0.230892 0.270678 0.233201 0.175977 0.385462 0.126482 0.308712 0.121706 0.359310 0.212885 0.165975 0.202961 0.094664 0.108388 0.116370 
0.125295 0.035877 0.256573 0.399325 0.148031 0.445110 0.199309 0.078762 0.220685 0.455753 0.316298 0.527469 0.234468 1.000000 0.176574 0.426144 0.739303 0.473379 0.250553 0.174594 0.199352 0.327505 0.360786 0.399666 0.234390 0.322859 0.161343 0.162656 0.087192 
0.107133 0.097837 0.198405 0.133379 0.123751 0.140321 0.114515 0.104189 0.566243 0.440883 0.145875 0.393919 0.230892 0.176574 1.000000 0.247280 0.171887 0.153740 0.254285 0.121465 0.230494 0.136459 0.145285 0.162360 0.136389 0.137095 0.117640 0.112846 0.109256 
0.115605 0.056432 0.334433 0.228783 0.292809 0.276404 0.194088 0.087315 0.342178 0.463517 0.162028 0.444195 0.270678 0.426144 0.247280 1.000000 0.393677 0.315201 0.474083 0.355720 0.354700 0.259830 0.217919 0.283103 0.554554 0.234531 0.211203 0.171209 0.099213 
0.149712 0.027980 0.287023 0.382293 0.208339 0.509975 0.318333 0.081751 0.284876 0.439802 0.244900 0.523415 0.233201 0.739303 0.171887 0.393677 1.000000 0.452824 0.290599 0.238425 0.216620 0.355426 0.335415 0.599328 0.318514 0.461454 0.306700 0.284343 0.097948 
0.127742 0.060757 0.177941 0.197203 0.131072 0.681262 0.158337 0.127657 0.223107 0.233700 0.142647 0.309180 0.175977 0.473379 0.153740 0.315201 0.452824 1.000000 0.210727 0.165051 0.169713 0.172554 0.666374 0.373986 0.215667 0.379135 0.141375 0.154494 0.125924 
0.106911 0.068450 0.447138 0.159458 0.170386 0.304952 0.245068 0.157708 0.357199 0.482082 0.114559 0.364433 0.385462 0.250553 0.254285 0.474083 0.290599 0.210727 1.000000 0.158860 0.210089 0.221760 0.281454 0.367260 0.244837 0.365285 0.169702 0.265715 0.172937 
0.189169 0.074568 0.140470 0.270748 0.719999 0.153187 0.304790 0.077629 0.164273 0.175924 0.114302 0.206414 0.126482 0.174594 0.121465 0.355720 0.238425 0.165051 0.158860 1.000000 0.208733 0.435961 0.095147 0.158984 0.677226 0.191943 0.648880 0.159103 0.078984 
0.164206 0.076582 0.452743 0.133234 0.312907 0.268611 0.106424 0.083560 0.261056 0.253070 0.126659 0.324119 0.308712 0.199352 0.230494 0.354700 0.216620 0.169713 0.210089 0.208733 1.000000 0.130865 0.161003 0.175628 0.241760 0.153196 0.123283 0.109100 0.093515 
0.187563 0.081825 0.135719 0.397845 0.338730 0.204693 0.551380 0.110776 0.145072 0.175418 0.164760 0.190689 0.121706 0.327505 0.136459 0.259830 0.355426 0.172554 0.221760 0.435961 0.130865 1.000000 0.155978 0.335287 0.371629 0.431475 0.517325 0.350530 0.120271 
0.117769 0.106087 0.306926 0.118658 0.096930 0.765743 0.153605 0.309402 0.247289 0.183982 0.107687 0.280873 0.359310 0.360786 0.145285 0.217919 0.335415 0.666374 0.281454 0.095147 0.161003 0.155978 1.000000 0.389889 0.162031 0.503290 0.105048 0.213442 0.299051 
0.091224 0.051657 0.253330 0.180741 0.138789 0.388360 0.344401 0.165821 0.285332 0.230953 0.135744 0.329722 0.212885 0.399666 0.162360 0.283103 0.599328 0.373986 0.367260 0.158984 0.175628 0.335287 0.389889 1.000000 0.214727 0.729639 0.233484 0.446660 0.195542 
0.137532 0.076599 0.195613 0.193990 0.506880 0.243720 0.287826 0.095378 0.214328 0.233297 0.117869 0.277162 0.165975 0.234390 0.136389 0.554554 0.318514 0.215667 0.244837 0.677226 0.241760 0.371629 0.162031 0.214727 1.000000 0.237850 0.533760 0.204044 0.086763 
0.082896 0.061038 0.203450 0.169498 0.157220 0.427205 0.398591 0.266689 0.212414 0.201280 0.123950 0.252307 0.202961 0.322859 0.137095 0.234531 0.461454 0.379135 0.365285 0.191943 0.153196 0.431475 0.503290 0.729639 0.237850 1.000000 0.266823 0.539116 0.339622 
0.191661 0.104543 0.109560 0.213337 0.600578 0.154996 0.579512 0.099725 0.125398 0.129489 0.107233 0.134929 0.094664 0.161343 0.117640 0.211203 0.306700 0.141375 0.169702 0.648880 0.123283 0.517325 0.105048 0.233484 0.533760 0.266823 1.000000 0.289755 0.087502 
0.088748 0.172188 0.112726 0.113660 0.159325 0.176283 0.619945 0.480497 0.129739 0.111552 0.098670 0.144981 0.108388 0.162656 0.112846 0.171209 0.284343 0.154494 0.265715 0.159103 0.109100 0.350530 0.213442 0.446660 0.204044 0.539116 0.289755 1.000000 0.478682 
0.015849 0.248122 0.088555 0.055960 0.069774 0.144266 0.207748 0.832432 0.107066 0.078956 0.092830 0.082824 0.116370 0.087192 0.109256 0.099213 0.097948 0.125924 0.172937 0.078984 0.093515 0.120271 0.299051 0.195542 0.086763 0.339622 0.087502 0.478682 1.000000 
