"","BCA","KC","KG","KI","LE","OPENK","POP","RGDPCH","RGDPL","RGDPL2","XRAT","BCAperRGDPL","KCxRGDPL","KGxRGDPL","KIxRGDPL","KCxRGDPLxPOP","KGxRGDPLxPOP","KIxRGDPLxPOP","RGDPCHxPOP","RGDPLxPOP","RGDPL2xPOP","sig_1","sig_2","sig_3","sig_4","sig_5","sig_6","sig_7","sig_8","sig_9","sig_10","sig_11","sig_12","sig_13","sig_14","sig_15","sig_16","sig_17","sig_18","sig_19","sig_20","sig_21","sig_22","sig_23","sig_24","sig_25","sig_26","sig_27","sig_28","sig_29"
"BCA",1,-0.209911019841061,-0.00910281779531639,0.0514248906847462,-0.485568699962713,0.122603718117673,-0.488644591188349,-0.0887972550444877,-0.0889589460536765,-0.0909444270341652,0.0648215709452196,0.988972163665877,-0.22817551994261,-0.10364782162525,-0.0388255645686992,-0.63961245761557,-0.576931687372694,-0.586324106579654,-0.60826876888642,-0.608169495712277,-0.607438265740785,-0.291323054532299,-0.230204308380686,-0.430125424761096,-0.2917736167553,-0.385917599741944,-0.328293385337327,-0.282863977208768,-0.229970230125993,-0.46424235440175,-0.458028415441179,-0.253432017256698,-0.460614639307002,-0.477949675223792,-0.308791555017315,-0.40344141188961,-0.466007163490978,-0.335928728368507,-0.309922784144464,-0.507778343734942,-0.48976667590195,-0.452441929261802,-0.283487515610819,-0.374141567286115,-0.363062704472529,-0.45951581933281,-0.30571938340875,-0.362376224580399,-0.275383770179983,-0.225150631002036
"KC",-0.209911019841061,1,0.0720990936411737,-0.582622900109783,0.206017354168813,-0.699057228622164,0.220657047891043,-0.375692628038232,-0.374482621946784,-0.357957856912662,-0.186157487427735,-0.223966775671926,0.0752066885608768,-0.295222422471639,-0.615322932485472,0.226422822854224,0.224822655145899,0.16456373063913,0.210078318972626,0.210175457012775,0.210993004951026,0.25774920395311,0.215774509505641,0.237631131913176,0.258327446438202,0.222028595532782,0.251714053894853,0.237753551846678,0.202789995875202,0.222614907503777,0.22613058183537,0.240822672135893,0.232700914216291,0.214665819806445,0.249999630174624,0.223536376630752,0.223506370026381,0.251045578508776,0.224076285169319,0.216603886944103,0.196620030282306,0.218060555624779,0.245556255051167,0.241252069849455,0.230844372002368,0.201016362759782,0.230917184574661,0.20245846482275,0.216891296952891,0.187494320858079
"KG",-0.00910281779531639,0.0720990936411737,1,-0.235250660754805,-0.0819767851884457,0.0314041744752661,-0.0766175684427221,-0.346385163822338,-0.345773621769508,-0.344993177157131,-0.140198072610966,-0.0257164740884491,-0.344628288296984,0.362795978491432,-0.394737172449269,-0.0689630688460163,-0.0228043116234711,-0.117585696561613,-0.0795421604979367,-0.0793696830675266,-0.077406126576946,-0.0173465030408818,-0.092844872478372,-0.00800072362776475,0.0199155382294692,-0.0127447313278862,-0.0192616709029046,-0.0478156529276113,-0.101534277005923,0.00659927197255879,0.00700386382540685,0.0444738200254718,-0.00637728652789797,-0.0209841108072207,0.0181441569665756,0.0305143750752009,0.0117849434792054,-0.00140312287441735,-0.0239151532040169,-0.0293659089880917,0.00585667780107386,-0.00692417251432468,-0.0173605809943537,-0.0307567901160066,-0.029952103429611,-0.0275776406004566,-0.0446477744509384,-0.0407140307467966,-0.0670568808976303,-0.103718758323427
"KI",0.0514248906847462,-0.582622900109783,-0.235250660754805,1,-0.0660342605901343,0.288226863847142,-0.0786107588919928,-0.0398873131997459,-0.0417228385083896,-0.0586417414722567,0.421014274193655,0.0608950368505955,-0.273879592276868,-0.219812863517762,0.433976699155061,-0.111130614451492,-0.133360742359918,-0.00541259652564973,-0.0923090606099484,-0.0925293092020142,-0.094691988988815,-0.256454474433639,-0.228975685802529,-0.21689493844127,-0.259342869530143,-0.199473293759091,-0.241970691434568,-0.229497584719114,-0.203261793423285,-0.198917465638872,-0.206718836855542,-0.245672025544413,-0.211636252281834,-0.185819796794009,-0.249158591300453,-0.211734080215375,-0.204650036778177,-0.245389770857497,-0.210268996190757,-0.187068498787065,-0.166125224179238,-0.193925214910005,-0.240381537863764,-0.225124909997447,-0.214215799837445,-0.167357542781967,-0.215642393340731,-0.178109606092267,-0.201161710898239,-0.176951314718635
"LE",-0.485568699962713,0.206017354168813,-0.0819767851884457,-0.0660342605901343,1,-0.324192152643379,0.996766385194235,0.136303332485127,0.136597587994745,0.136830926592761,0.0835045620498121,-0.436382940665833,0.29411530363777,0.122335081897489,0.0624897088064258,0.968019366606978,0.974562124110876,0.969296998867789,0.977660829768958,0.977702280041525,0.977897937986223,0.724979615160892,0.631022905454206,0.814787080128301,0.717578406831811,0.791160519052296,0.728390385180213,0.654713750971785,0.582718995401581,0.820827882192875,0.811847518098634,0.693223492638459,0.80060608698686,0.818288413752587,0.723857786290626,0.773944406923099,0.799021038936422,0.719418106396658,0.694679049458926,0.790650089164734,0.735347865442107,0.80059020639217,0.61404738765709,0.726945490044439,0.714469598590274,0.776572215326112,0.636553146191512,0.716927960388232,0.595913580732735,0.53218203576168
"OPENK",0.122603718117673,-0.699057228622164,0.0314041744752661,0.288226863847142,-0.324192152643379,0.999999999999999,-0.33801444752335,0.378484228750374,0.377637477971028,0.363815231745442,-0.0941660616531881,0.112668599292614,0.0103770717309726,0.371941274439802,0.499235444148342,-0.273854746760778,-0.276971860347769,-0.280869841492783,-0.277859293886548,-0.277881788711276,-0.277780578301222,-0.248840701297688,-0.230691492878962,-0.217210520243825,-0.228942097118467,-0.230617221475183,-0.222025771304686,-0.21083382943483,-0.19282380648293,-0.20525320702492,-0.195962460542862,-0.218072026535282,-0.195107802719799,-0.189880928083577,-0.213672652332088,-0.220139721305979,-0.203518029591568,-0.20671767353697,-0.187049963888235,-0.178474777904946,-0.190019978876323,-0.204573037236818,-0.187411385871166,-0.194852302667551,-0.192665515616156,-0.194746531208026,-0.182606122181886,-0.194399334882101,-0.175757175710913,-0.158143871701181
"POP",-0.488644591188349,0.220657047891043,-0.0766175684427221,-0.0786107588919928,0.996766385194235,-0.33801444752335,1,0.118289992880708,0.118626896870231,0.119207676593829,0.0838186158539495,-0.443520168994707,0.280238156449871,0.109922145118111,0.0399421551325742,0.965480379696993,0.975258061585263,0.959735424597775,0.973844799187479,0.973909884197153,0.974404827441023,0.740920317549652,0.642831109319775,0.821767517586284,0.735405524129497,0.79309885842633,0.740606278786477,0.667641911882732,0.591814069470763,0.827839680127284,0.820025438775436,0.710273867814141,0.808202110068703,0.819503175919665,0.73850215452967,0.781161632744101,0.805112232016057,0.732790168671689,0.701893374879195,0.791212343758691,0.737390366259849,0.801694704349638,0.631736040559624,0.734728613730488,0.720579350655777,0.772859305898353,0.647107908805419,0.71561038050511,0.605873814869746,0.538875691084614
"RGDPCH",-0.0887972550444877,-0.375692628038232,-0.346385163822338,-0.0398873131997459,0.136303332485127,0.378484228750374,0.118289992880708,1,0.99999344227309,0.999144926734035,-0.187613050222728,-0.0757626575722442,0.876145771261379,0.691134140915594,0.8658869480831,0.193550287534333,0.178318685712807,0.191023075326536,0.195841190878856,0.195765795823049,0.195141711045463,0.194936306301781,0.261073987046788,0.210169008764936,0.158435315559478,0.210706723759268,0.211209861926614,0.229456080782941,0.274100729761349,0.185051051728344,0.189866964913957,0.120541791376815,0.204572213757326,0.225128838622148,0.167790077061137,0.155880081678672,0.189165407860769,0.193366197458782,0.219776407844737,0.240805604788199,0.182325294860555,0.212025026428281,0.197350245506006,0.232494570064542,0.232994353405809,0.230999351386758,0.235503674287236,0.241918153858191,0.249332025759379,0.278024025400578
"RGDPL",-0.0889589460536765,-0.374482621946784,-0.345773621769508,-0.0417228385083896,0.136597587994745,0.377637477971028,0.118626896870231,0.99999344227309,1,0.99920774246682,-0.187771021643177,-0.075949289104564,0.87658902830644,0.691456251674792,0.865024958164215,0.193867695389479,0.178734965659277,0.191152064703586,0.196129273224249,0.196055167701338,0.195440164373659,0.195284730146611,0.26140060663133,0.210495035880688,0.158793985288418,0.210992610857607,0.211512312485804,0.229727217910888,0.274369242424409,0.185394368969005,0.190215348801319,0.120933439070138,0.204895564151895,0.225408775223189,0.168128387330704,0.156221190203336,0.189483044281359,0.193668044354152,0.220008397109144,0.241058691845355,0.182594183892627,0.212301282872599,0.197595023949586,0.232757492419439,0.23322988569409,0.231228115336274,0.235725060498532,0.242130338915064,0.249549718873096,0.278241419525043
"RGDPL2",-0.0909444270341652,-0.357957856912662,-0.344993177157131,-0.0586417414722567,0.136830926592761,0.363815231745442,0.119207676593829,0.999144926734035,0.99920774246682,1,-0.186611984079572,-0.0782778180188242,0.884549042157819,0.690178381270891,0.854080095846707,0.194657157490471,0.180542840178933,0.189705494696879,0.196440515320645,0.196376432188512,0.195881828534426,0.193509784567242,0.25738012836867,0.210158140623345,0.158373168867532,0.209946796348768,0.209659425826315,0.22667945881071,0.270151430410208,0.18643699524025,0.191141015761557,0.121913300234244,0.205098322363822,0.225010963984078,0.167725461974823,0.157527093006077,0.189956588289059,0.192480809536232,0.217763463965792,0.240048922162742,0.182602429604865,0.211886804295435,0.195100087397175,0.230765068216115,0.230915156677187,0.230024518055372,0.232641397324187,0.23969470192845,0.245946788337821,0.274000837843951
"XRAT",0.0648215709452196,-0.186157487427735,-0.140198072610966,0.421014274193655,0.0835045620498121,-0.0941660616531881,0.0838186158539495,-0.187613050222728,-0.187771021643177,-0.186611984079572,0.999999999999999,0.0938820393953939,-0.257723136838632,-0.283475511658301,-0.0118347232047034,-0.00780827064262475,-0.00990761517475503,0.0702768847233309,0.0105620557530561,0.0105064320777594,0.0099130925211483,-0.110390274498277,-0.0987334179088724,-0.091852608407727,-0.111590799157226,-0.0724208887821797,-0.108395890612302,-0.107153936679331,-0.0979630053798465,-0.0806646811257048,-0.0866052600197653,-0.0995421723767341,-0.0912945327429626,-0.0800291385742845,-0.106039242149716,-0.0727767075313914,-0.0823645661571763,-0.108893073265457,-0.0968379403369714,-0.0841037310507056,-0.0667849449936859,-0.0761500898530091,-0.118203577725977,-0.103521535590488,-0.0970746279447293,-0.0655170656689692,-0.106002299954001,-0.0699230204384942,-0.101242692661533,-0.0949591013086297
"BCAperRGDPL",0.988972163665877,-0.223966775671926,-0.0257164740884491,0.0608950368505955,-0.436382940665833,0.112668599292614,-0.443520168994707,-0.0757626575722442,-0.075949289104564,-0.0782778180188242,0.0938820393953939,1,-0.213627614698425,-0.103939552430437,-0.024133182522886,-0.591399059415857,-0.537264544917619,-0.52617220232987,-0.557184738835483,-0.55712908452432,-0.557000826529122,-0.267116693456781,-0.199464231151405,-0.395360462420272,-0.276949290800605,-0.33992091040357,-0.300250175801428,-0.253527284401965,-0.19675443229879,-0.431381259557731,-0.429625001507961,-0.246517618997638,-0.427892676543189,-0.435785261292653,-0.291877189096812,-0.370157332005426,-0.430118217395856,-0.313035860718502,-0.280594687569852,-0.4617658745842,-0.441883485815773,-0.40668717642802,-0.265890595422315,-0.339782413077637,-0.326197623540895,-0.402798277079817,-0.27512549564451,-0.30975202669573,-0.242734532370642,-0.190642531084978
"KCxRGDPL",-0.22817551994261,0.0752066885608768,-0.344628288296984,-0.273879592276868,0.29411530363777,0.0103770717309726,0.280238156449871,0.876145771261379,0.87658902830644,0.884549042157819,-0.257723136838632,-0.213627614698425,1,0.600021503463285,0.629866269348519,0.367430230320307,0.346478268106575,0.339598325545926,0.363157381016753,0.363103000666116,0.362627732681348,0.380333743136119,0.44153922210402,0.387029640709638,0.331887211462181,0.380830236664125,0.395951488235528,0.41289296144771,0.449489266394983,0.347230199843344,0.354237854469987,0.273718396781466,0.376311024489107,0.393928017694608,0.338403890302757,0.311351704497688,0.352604445129616,0.371572026787016,0.391599270334642,0.414501109900106,0.331292451157611,0.379237880869229,0.374696901304495,0.416185857570597,0.412075860126809,0.394836574395165,0.415548008682575,0.409558590707257,0.42633425611157,0.445685632767891
"KGxRGDPL",-0.10364782162525,-0.295222422471639,0.362795978491432,-0.219812863517762,0.122335081897489,0.371941274439802,0.109922145118111,0.691134140915594,0.691456251674792,0.690178381270891,-0.283475511658301,-0.103939552430437,0.600021503463285,0.999999999999999,0.52004936854244,0.183924856371238,0.210659995079947,0.143117140474454,0.179703233148277,0.179778868910085,0.180810009358102,0.261865345453095,0.282267091600338,0.269546264323041,0.244693601106947,0.266539845985018,0.271958276920299,0.273832712776369,0.281529200272499,0.244105106584044,0.252391855985852,0.216380698265034,0.259137666804898,0.267876362642597,0.249866205658122,0.233546663062947,0.256238356651679,0.262932971901909,0.272758733827983,0.279381673197984,0.236682815628673,0.267058118153171,0.260336383498359,0.279641892258811,0.282055728050378,0.268416853172807,0.277310663713287,0.277274307381312,0.275604551553782,0.27645615220646
"KIxRGDPL",-0.0388255645686992,-0.615322932485472,-0.394737172449269,0.433976699155061,0.0624897088064258,0.499235444148342,0.0399421551325742,0.8658869480831,0.865024958164215,0.854080095846707,-0.0118347232047034,-0.024133182522886,0.629866269348519,0.52004936854244,1,0.0908251196213186,0.0676252801752553,0.143621899824472,0.102729530099139,0.102549671349327,0.100830558564555,0.0213595033812588,0.0949546772395292,0.049630430414951,-0.0123024894738087,0.0632263660864675,0.0392127218665339,0.0623158226383684,0.116826402834299,0.038378204592227,0.037018564718204,-0.0355460473928518,0.046029256088096,0.0760420406729693,-0.00096192610514903,0.0102847472803929,0.0392766218864444,0.0209911404562645,0.0601997120410922,0.0874986879243784,0.0569291295280823,0.0637656426495509,0.0270610965775242,0.0628908100069554,0.0689686017086273,0.0942806179764931,0.0714960605344388,0.0983707155826465,0.0920842290926235,0.131602558681398
"KCxRGDPLxPOP",-0.63961245761557,0.226422822854224,-0.0689630688460163,-0.111130614451492,0.968019366606978,-0.273854746760778,0.965480379696993,0.193550287534333,0.193867695389479,0.194657157490471,-0.00780827064262475,-0.591399059415857,0.367430230320307,0.183924856371238,0.0908251196213186,1,0.986381803187174,0.974255875164834,0.998241781233083,0.998259617434919,0.998451990744542,0.709987855726071,0.626686683372347,0.827750871609127,0.698761994470918,0.793478672468423,0.730110851433131,0.661775254185006,0.5943377706565,0.83684405587652,0.829630607642309,0.658986686931728,0.825606779602809,0.851320788446759,0.712095671165329,0.775823988849796,0.816923128420763,0.723680089084568,0.703825761868977,0.838756807299554,0.764304392734036,0.822772778269385,0.625385940871512,0.748821115010486,0.736961306950122,0.809185043912606,0.657598309718324,0.739408902699877,0.619015809620586,0.555981854999736
"KGxRGDPLxPOP",-0.576931687372694,0.224822655145899,-0.0228043116234711,-0.133360742359918,0.974562124110876,-0.276971860347769,0.975258061585263,0.178318685712807,0.178734965659277,0.180542840178933,-0.00990761517475503,-0.537264544917619,0.346478268106575,0.210659995079947,0.0676252801752553,0.986381803187174,1,0.948685408820167,0.985469852212889,0.985608447438141,0.987142176780789,0.720021101971657,0.618695831396799,0.830448656727815,0.722949203264249,0.793126778464182,0.730567986653298,0.652095671004383,0.576818348472854,0.846679747077593,0.840397118013739,0.702512951727679,0.826800644634186,0.839510893947822,0.732102149325304,0.795010473944286,0.82306666546349,0.7288731318986,0.695630228656946,0.81611422636789,0.759293542257966,0.81699867760779,0.620361467910077,0.736911650971496,0.721296106401742,0.790291058053655,0.640696988913083,0.719013831945251,0.597775201753335,0.532159226536471
"KIxRGDPLxPOP",-0.586324106579654,0.16456373063913,-0.117585696561613,-0.00541259652564973,0.969296998867789,-0.280869841492783,0.959735424597775,0.191023075326536,0.191152064703586,0.189705494696879,0.0702768847233309,-0.52617220232987,0.339598325545926,0.143117140474454,0.143621899824472,0.974255875164834,0.948685408820167,1,0.983686953693231,0.983561222202338,0.982004542814075,0.680775777259284,0.623114224917274,0.784733469833718,0.650428688526271,0.770797337705797,0.69788058807671,0.644297557300333,0.592963520186681,0.781413966212312,0.772489513060508,0.60086513970273,0.772728535689053,0.809759531646031,0.662104106820306,0.72086395001817,0.768041310403878,0.679445022278928,0.676969768116956,0.799998724029451,0.730137099696185,0.787001736926687,0.591811757849509,0.714870980688588,0.709834393392758,0.788088866881024,0.636400146954975,0.72941957063789,0.60752622968501,0.555559156308838
"RGDPCHxPOP",-0.60826876888642,0.210078318972626,-0.0795421604979367,-0.0923090606099484,0.977660829768958,-0.277859293886548,0.973844799187479,0.195841190878856,0.196129273224249,0.196440515320645,0.0105620557530561,-0.557184738835483,0.363157381016753,0.179703233148277,0.102729530099139,0.998241781233083,0.985469852212889,0.983686953693231,1,0.999999481438753,0.999935313164879,0.715382124027719,0.636884964476972,0.82719171160133,0.700028442743819,0.79788217472604,0.733302390749741,0.667627579319739,0.60338413920273,0.832693324951349,0.825143849692976,0.65901299519797,0.821519880245893,0.848903759134408,0.712341839800343,0.772810330707915,0.813560998289155,0.723871057378043,0.707397386091546,0.835128476868773,0.761821959122492,0.82217431670209,0.626847291625282,0.749624529268396,0.739069102853672,0.810551009446334,0.661131942025686,0.744858226616248,0.624520785594675,0.563796548191933
"RGDPLxPOP",-0.608169495712277,0.210175457012775,-0.0793696830675266,-0.0925293092020142,0.977702280041525,-0.277881788711276,0.973909884197153,0.195765795823049,0.196055167701338,0.196376432188512,0.0105064320777594,-0.55712908452432,0.363103000666116,0.179778868910085,0.102549671349327,0.998259617434919,0.985608447438141,0.983561222202338,0.999999481438753,1,0.999945001309774,0.715380168576719,0.636788881728527,0.82720557343075,0.700108881482987,0.797834402063541,0.733275688592386,0.667541007813275,0.603257767855901,0.832754558720418,0.825219883593914,0.659185614276797,0.821556754321242,0.84887722563125,0.712412403722991,0.772868009925922,0.813583883676011,0.723881736996437,0.707330679517442,0.835063096732856,0.761794797662028,0.822133242717446,0.626797551201754,0.749568058028799,0.738981025797074,0.810453334484724,0.661028847677368,0.744727675594325,0.624392423795282,0.563654060511894
"RGDPL2xPOP",-0.607438265740785,0.210993004951026,-0.077406126576946,-0.094691988988815,0.977897937986223,-0.277780578301222,0.974404827441023,0.195141711045463,0.195440164373659,0.195881828534426,0.0099130925211483,-0.557000826529122,0.362627732681348,0.180810009358102,0.100830558564555,0.998451990744542,0.987142176780789,0.982004542814075,0.999935313164879,0.999945001309774,1,0.714931717906868,0.635145610652301,0.827393912629007,0.700681640375725,0.797341291003478,0.732614062983155,0.666083259882607,0.601297725456205,0.833911866802487,0.826309668200174,0.660897032882522,0.822054305426366,0.848792917586113,0.712933562192787,0.774287779320913,0.814205901171519,0.72369649589345,0.706332389816939,0.834394962754815,0.761779142622905,0.821964763665488,0.625769335501594,0.748630392877757,0.737736364167268,0.809508910213734,0.659443893190104,0.743126521037842,0.622475747454064,0.561552961380307
"sig_1",-0.291323054532299,0.25774920395311,-0.0173465030408818,-0.256454474433639,0.724979615160892,-0.248840701297688,0.740920317549652,0.194936306301781,0.195284730146611,0.193509784567242,-0.110390274498277,-0.267116693456781,0.380333743136119,0.261865345453095,0.0213595033812588,0.709987855726071,0.720021101971657,0.680775777259284,0.715382124027719,0.715380168576719,0.714931717906868,1,0.937346385277248,0.936369886975181,0.969894664077781,0.906323034670432,0.990810655260022,0.970486770514696,0.893480817065131,0.852865488935302,0.873508357985864,0.887342061008457,0.903700155863384,0.875221992814936,0.958372734153581,0.82009235132069,0.871435851745625,0.976193124803036,0.950283114795461,0.882647361676729,0.779069578713232,0.877915278557573,0.967419933499523,0.960895923757663,0.9546597880764,0.837363012621714,0.950096558534127,0.880022557582952,0.915781784233634,0.83872376439135
"sig_2",-0.230204308380686,0.215774509505641,-0.092844872478372,-0.228975685802529,0.631022905454206,-0.230691492878962,0.642831109319775,0.261073987046788,0.26140060663133,0.25738012836867,-0.0987334179088724,-0.199464231151405,0.44153922210402,0.282267091600338,0.0949546772395292,0.626686683372347,0.618695831396799,0.623114224917274,0.636884964476972,0.636788881728527,0.635145610652301,0.937346385277248,0.999999999999997,0.827894072395106,0.835898168661246,0.840630100830692,0.929043892152647,0.978431891866696,0.987559979537817,0.710298795071272,0.723068624589653,0.701612215854205,0.77607812113086,0.782503608177461,0.820115767507102,0.687899668951011,0.739844603841375,0.874181782348065,0.903124643682224,0.812717533973742,0.690942142838596,0.789724177646512,0.922584111170221,0.912595364277006,0.917184389569821,0.797882261753007,0.956961629993029,0.88237282075688,0.970902216869707,0.955618500534723
"sig_3",-0.430125424761096,0.237631131913176,-0.00800072362776475,-0.21689493844127,0.814787080128301,-0.217210520243825,0.821767517586284,0.210169008764936,0.210495035880688,0.210158140623345,-0.091852608407727,-0.395360462420272,0.387029640709638,0.269546264323041,0.049630430414951,0.827750871609127,0.830448656727815,0.784733469833718,0.82719171160133,0.82720557343075,0.827393912629007,0.936369886975181,0.827894072395106,0.999999999999999,0.93747526141679,0.957820279348822,0.958439599751937,0.889738100887388,0.791090678451748,0.972901885148769,0.979893596309206,0.883176185282244,0.990154109846973,0.981623059666024,0.95354656525792,0.919591016463228,0.975341432113431,0.963693483098199,0.945843377814868,0.973884179066739,0.886105577210772,0.970703027210873,0.886694608335284,0.960032153832205,0.95489702166346,0.924585808316785,0.892203436740346,0.905780366379151,0.836363768542771,0.746241468237556
"sig_4",-0.2917736167553,0.258327446438202,0.0199155382294692,-0.259342869530143,0.717578406831811,-0.228942097118467,0.735405524129497,0.158435315559478,0.158793985288418,0.158373168867532,-0.111590799157226,-0.276949290800605,0.331887211462181,0.244693601106947,-0.0123024894738087,0.698761994470918,0.722949203264249,0.650428688526271,0.700028442743819,0.700108881482987,0.700681640375725,0.969894664077781,0.835898168661246,0.93747526141679,0.999999999999998,0.872856351926256,0.962860371311935,0.898677178805095,0.778014069706974,0.880841706903166,0.913896260314986,0.969080016537391,0.92593862476948,0.867514188293463,0.994630635469356,0.835310653379794,0.889738314348658,0.982618556997332,0.91758129080489,0.860171175985043,0.768120543847258,0.863060099497436,0.938234543849661,0.927366544823406,0.911202806274362,0.790968450994363,0.882726254935014,0.808871189179729,0.820469719500385,0.715052660139367
"sig_5",-0.385917599741944,0.222028595532782,-0.0127447313278862,-0.199473293759091,0.791160519052296,-0.230617221475183,0.79309885842633,0.210706723759268,0.210992610857607,0.209946796348768,-0.0724208887821797,-0.33992091040357,0.380830236664125,0.266539845985018,0.0632263660864675,0.793478672468423,0.793126778464182,0.770797337705797,0.79788217472604,0.797834402063541,0.797341291003478,0.906323034670432,0.840630100830692,0.957820279348822,0.872856351926256,1.00000000000001,0.924862294932417,0.881329558373624,0.811428114016958,0.926647709239454,0.906729227957401,0.801426273602697,0.924858658836504,0.942739967186171,0.886647870870732,0.92932138612809,0.96205861252444,0.908736213883774,0.917285098459175,0.941046286256064,0.944723772597228,0.985265912114877,0.839187372839374,0.925418913899952,0.940115291595387,0.977906306712998,0.877486013562521,0.963812604977443,0.841806438444001,0.772019317356346
"sig_6",-0.328293385337327,0.251714053894853,-0.0192616709029046,-0.241970691434568,0.728390385180213,-0.222025771304686,0.740606278786477,0.211209861926614,0.211512312485804,0.209659425826315,-0.108395890612302,-0.300250175801428,0.395951488235528,0.271958276920299,0.0392127218665339,0.730110851433131,0.730567986653298,0.69788058807671,0.733302390749741,0.733275688592386,0.732614062983155,0.990810655260022,0.929043892152647,0.958439599751937,0.962860371311935,0.924862294932417,1,0.975317349225201,0.899312368159469,0.877668952386414,0.899143367173716,0.87530644301433,0.933757597082256,0.914295383049187,0.963404318912383,0.833534150475939,0.896020332995082,0.989179340243944,0.978315932016162,0.926748701820954,0.807746643762495,0.908897354235131,0.973283965396027,0.988268495919443,0.983062334381464,0.875081301423989,0.970871173414009,0.912833249425305,0.933415819390264,0.856869905969035
"sig_7",-0.282863977208768,0.237753551846678,-0.0478156529276113,-0.229497584719114,0.654713750971785,-0.21083382943483,0.667641911882732,0.229456080782941,0.229727217910888,0.22667945881071,-0.107153936679331,-0.253527284401965,0.41289296144771,0.273832712776369,0.0623158226383684,0.661775254185006,0.652095671004383,0.644297557300333,0.667627579319739,0.667541007813275,0.666083259882607,0.970486770514696,0.978431891866696,0.889738100887388,0.898677178805095,0.881329558373624,0.975317349225201,1,0.966476554105336,0.778316944349024,0.799476004123428,0.773549979071474,0.850518706625946,0.846479916645003,0.890417416501302,0.742950053400531,0.808507232873217,0.940177314255847,0.956569366579582,0.876623747748354,0.746238682178882,0.846736702185706,0.975315485594364,0.964208422106422,0.968841591194679,0.841373206086109,0.992021224537255,0.914308434574875,0.984509908864765,0.935738984688515
"sig_8",-0.229970230125993,0.202789995875202,-0.101534277005923,-0.203261793423285,0.582718995401581,-0.19282380648293,0.591814069470763,0.274100729761349,0.274369242424409,0.270151430410208,-0.0979630053798465,-0.19675443229879,0.449489266394983,0.281529200272499,0.116826402834299,0.5943377706565,0.576818348472854,0.592963520186681,0.60338413920273,0.603257767855901,0.601297725456205,0.893480817065131,0.987559979537817,0.791090678451748,0.778014069706974,0.811428114016958,0.899312368159469,0.966476554105336,0.999999999999998,0.666119505021393,0.679415933103914,0.629000569021116,0.742079389127606,0.760164743020615,0.768588580506101,0.637472872649961,0.698473973941414,0.837611439571642,0.889817368097961,0.802022240230614,0.667432049639588,0.763162184913101,0.900784285243918,0.900548329730447,0.906296797662312,0.791099517403315,0.958625219812281,0.885279290797884,0.98529567735961,0.989699429278401
"sig_9",-0.46424235440175,0.222614907503777,0.00659927197255879,-0.198917465638872,0.820827882192875,-0.20525320702492,0.827839680127284,0.185051051728344,0.185394368969005,0.18643699524025,-0.0806646811257048,-0.431381259557731,0.347230199843344,0.244105106584044,0.038378204592227,0.83684405587652,0.846679747077593,0.781413966212312,0.832693324951349,0.832754558720418,0.833911866802487,0.852865488935302,0.710298795071272,0.972901885148769,0.880841706903166,0.926647709239454,0.877668952386414,0.778316944349024,0.666119505021393,0.999999999999994,0.984574248931012,0.85982776887977,0.971852913934406,0.97157341454098,0.905447497332724,0.955253310949867,0.984286025660067,0.896116382106112,0.873690030937013,0.938262675775545,0.897063459470835,0.960376946467938,0.779105218085186,0.881861676923828,0.874156781362582,0.896895072811641,0.782175607239752,0.837043764256311,0.714438844790898,0.619287029604235
"sig_10",-0.458028415441179,0.22613058183537,0.00700386382540685,-0.206718836855542,0.811847518098634,-0.195962460542862,0.820025438775436,0.189866964913957,0.190215348801319,0.191141015761557,-0.0866052600197653,-0.429625001507961,0.354237854469987,0.252391855985852,0.037018564718204,0.829630607642309,0.840397118013739,0.772489513060508,0.825143849692976,0.825219883593914,0.826309668200174,0.873508357985864,0.723068624589653,0.979893596309206,0.913896260314986,0.906729227957401,0.899143367173716,0.799476004123428,0.679415933103914,0.984574248931012,1,0.897014131322498,0.99098577058589,0.965477874450676,0.936830815986401,0.908640497768356,0.972193538381607,0.927143985190469,0.885567203618073,0.944696045990467,0.864109542571425,0.940227822127941,0.819348522682248,0.902875036748813,0.889045327187993,0.873800042674242,0.806020806327756,0.827224846346262,0.734598994470192,0.632085666360766
"sig_11",-0.253432017256698,0.240822672135893,0.0444738200254718,-0.245672025544413,0.693223492638459,-0.218072026535282,0.710273867814141,0.120541791376815,0.120933439070138,0.121913300234244,-0.0995421723767341,-0.246517618997638,0.273718396781466,0.216380698265034,-0.0355460473928518,0.658986686931728,0.702512951727679,0.60086513970273,0.65901299519797,0.659185614276797,0.660897032882522,0.887342061008457,0.701612215854205,0.883176185282244,0.969080016537391,0.801426273602697,0.87530644301433,0.773549979071474,0.629000569021116,0.85982776887977,0.897014131322498,1.00000000000001,0.886448678687514,0.805344923211637,0.967631987868634,0.814292474533954,0.857027763106865,0.921384542922442,0.822350023408066,0.77830568450252,0.717372651364897,0.80237118707316,0.836360736079585,0.83126894233181,0.805961360900963,0.706321639408926,0.754423567920162,0.697106947051231,0.674445978375321,0.558334266546807
"sig_12",-0.460614639307002,0.232700914216291,-0.00637728652789797,-0.211636252281834,0.80060608698686,-0.195107802719799,0.808202110068703,0.204572213757326,0.204895564151895,0.205098322363822,-0.0912945327429626,-0.427892676543189,0.376311024489107,0.259137666804898,0.046029256088096,0.825606779602809,0.826800644634186,0.772728535689053,0.821519880245893,0.821556754321242,0.822054305426366,0.903700155863384,0.77607812113086,0.990154109846973,0.92593862476948,0.924858658836504,0.933757597082256,0.850518706625946,0.742079389127606,0.971852913934406,0.99098577058589,0.886448678687514,0.999999999999998,0.973950866337095,0.947699780535161,0.898246554059936,0.968638986208616,0.953792449957836,0.920406013567299,0.969878308612426,0.8710330672911,0.951744623098216,0.863583515215899,0.944234442339665,0.930459078213341,0.899998291335,0.861978253826792,0.869340221676074,0.797087647492937,0.701628005630092
"sig_13",-0.477949675223792,0.214665819806445,-0.0209841108072207,-0.185819796794009,0.818288413752587,-0.189880928083577,0.819503175919665,0.225128838622148,0.225408775223189,0.225010963984078,-0.0800291385742845,-0.435785261292653,0.393928017694608,0.267876362642597,0.0760420406729693,0.851320788446759,0.839510893947822,0.809759531646031,0.848903759134408,0.84887722563125,0.848792917586113,0.875221992814936,0.782503608177461,0.981623059666024,0.867514188293463,0.942739967186171,0.914295383049187,0.846479916645003,0.760164743020615,0.97157341454098,0.965477874450676,0.805344923211637,0.973950866337095,1,0.895697248581189,0.910777909625204,0.964780495172249,0.915730831580477,0.930092288762352,0.986949016118454,0.888470583263357,0.97405095343555,0.831762265955632,0.936688037894251,0.936437184373211,0.938753036397579,0.861760494048616,0.904904876188227,0.80947403633432,0.728023175431981
"sig_14",-0.308791555017315,0.249999630174624,0.0181441569665756,-0.249158591300453,0.723857786290626,-0.213672652332088,0.73850215452967,0.167790077061137,0.168128387330704,0.167725461974823,-0.106039242149716,-0.291877189096812,0.338403890302757,0.249866205658122,-0.00096192610514903,0.712095671165329,0.732102149325304,0.662104106820306,0.712341839800343,0.712412403722991,0.712933562192787,0.958372734153581,0.820115767507102,0.95354656525792,0.994630635469356,0.886647870870732,0.963404318912383,0.890417416501302,0.768588580506101,0.905447497332724,0.936830815986401,0.967631987868634,0.947699780535161,0.895697248581189,0.999999999999995,0.853603618741076,0.912058926857253,0.987995201011951,0.933089530851439,0.886693858602795,0.789996483454887,0.88627341161688,0.93035199988464,0.939241842411376,0.923481263055586,0.814542623988407,0.884237357673455,0.825340549660079,0.817507689003763,0.711622914316613
"sig_15",-0.40344141188961,0.223536376630752,0.0305143750752009,-0.211734080215375,0.773944406923099,-0.220139721305979,0.781161632744101,0.155880081678672,0.156221190203336,0.157527093006077,-0.0727767075313914,-0.370157332005426,0.311351704497688,0.233546663062947,0.0102847472803929,0.775823988849796,0.795010473944286,0.72086395001817,0.772810330707915,0.772868009925922,0.774287779320913,0.82009235132069,0.687899668951011,0.919591016463228,0.835310653379794,0.92932138612809,0.833534150475939,0.742950053400531,0.637472872649961,0.955253310949867,0.908640497768356,0.814292474533954,0.898246554059936,0.910777909625204,0.853603618741076,0.999999999999995,0.958516013686242,0.841710145205714,0.825902206399051,0.873353039275587,0.906920933735177,0.948743761525181,0.726539539006651,0.824828298009711,0.830793339282333,0.889029605248703,0.736284429781493,0.826686156423644,0.674464797328024,0.586121361850426
"sig_16",-0.466007163490978,0.223506370026381,0.0117849434792054,-0.204650036778177,0.799021038936422,-0.203518029591568,0.805112232016057,0.189165407860769,0.189483044281359,0.189956588289059,-0.0823645661571763,-0.430118217395856,0.352604445129616,0.256238356651679,0.0392766218864444,0.816923128420763,0.82306666546349,0.768041310403878,0.813560998289155,0.813583883676011,0.814205901171519,0.871435851745625,0.739844603841375,0.975341432113431,0.889738314348658,0.96205861252444,0.896020332995082,0.808507232873217,0.698473973941414,0.984286025660067,0.972193538381607,0.857027763106865,0.968638986208616,0.964780495172249,0.912058926857253,0.958516013686242,0.999999999999993,0.910960917557502,0.887192424574624,0.94711948066065,0.944431234290517,0.983093100584575,0.805765541189265,0.89890467571215,0.900477634347659,0.936145253321574,0.812090411111662,0.884467902743504,0.748947807135567,0.65243812325332
"sig_17",-0.335928728368507,0.251045578508776,-0.00140312287441735,-0.245389770857497,0.719418106396658,-0.20671767353697,0.732790168671689,0.193366197458782,0.193668044354152,0.192480809536232,-0.108893073265457,-0.313035860718502,0.371572026787016,0.262932971901909,0.0209911404562645,0.723680089084568,0.7288731318986,0.679445022278928,0.723871057378043,0.723881736996437,0.72369649589345,0.976193124803036,0.874181782348065,0.963693483098199,0.982618556997332,0.908736213883774,0.989179340243944,0.940177314255847,0.837611439571642,0.896116382106112,0.927143985190469,0.921384542922442,0.953792449957836,0.915730831580477,0.987995201011951,0.841710145205714,0.910960917557502,0.999999999999994,0.966073460448801,0.922977493987249,0.806593097647405,0.905250279584821,0.965319252939027,0.976591517106091,0.96694012705489,0.854280498577989,0.940500293340641,0.878998492981396,0.886294014701081,0.791011164211361
"sig_18",-0.309922784144464,0.224076285169319,-0.0239151532040169,-0.210268996190757,0.694679049458926,-0.187049963888235,0.701893374879195,0.219776407844737,0.220008397109144,0.217763463965792,-0.0968379403369714,-0.280594687569852,0.391599270334642,0.272758733827983,0.0601997120410922,0.703825761868977,0.695630228656946,0.676969768116956,0.707397386091546,0.707330679517442,0.706332389816939,0.950283114795461,0.903124643682224,0.945843377814868,0.91758129080489,0.917285098459175,0.978315932016162,0.956569366579582,0.889817368097961,0.873690030937013,0.885567203618073,0.822350023408066,0.920406013567299,0.930092288762352,0.933089530851439,0.825902206399051,0.887192424574624,0.966073460448801,0.999999999999997,0.934833054091109,0.806464181083054,0.913318693506476,0.951571915060918,0.982278461209962,0.986346246894754,0.884039603795962,0.968586035993892,0.923891707679514,0.93207037803829,0.861843114385463
"sig_19",-0.507778343734942,0.216603886944103,-0.0293659089880917,-0.187068498787065,0.790650089164734,-0.178474777904946,0.791212343758691,0.240805604788199,0.241058691845355,0.240048922162742,-0.0841037310507056,-0.4617658745842,0.414501109900106,0.279381673197984,0.0874986879243784,0.838756807299554,0.81611422636789,0.799998724029451,0.835128476868773,0.835063096732856,0.834394962754815,0.882647361676729,0.812717533973742,0.973884179066739,0.860171175985043,0.941046286256064,0.926748701820954,0.876623747748354,0.802022240230614,0.938262675775545,0.944696045990467,0.77830568450252,0.969878308612426,0.986949016118454,0.886693858602795,0.873353039275587,0.94711948066065,0.922977493987249,0.934833054091109,0.999999999999997,0.885418817316826,0.966364736747438,0.858567619051847,0.957814329170361,0.958117655902349,0.951002389737557,0.897594822704393,0.931344419051976,0.853386808628483,0.778391868898864
"sig_20",-0.48976667590195,0.196620030282306,0.00585667780107386,-0.166125224179238,0.735347865442107,-0.190019978876323,0.737390366259849,0.182325294860555,0.182594183892627,0.182602429604865,-0.0667849449936859,-0.441883485815773,0.331292451157611,0.236682815628673,0.0569291295280823,0.764304392734036,0.759293542257966,0.730137099696185,0.761821959122492,0.761794797662028,0.761779142622905,0.779069578713232,0.690942142838596,0.886105577210772,0.768120543847258,0.944723772597228,0.807746643762495,0.746238682178882,0.667432049639588,0.897063459470835,0.864109542571425,0.717372651364897,0.8710330672911,0.888470583263357,0.789996483454887,0.906920933735177,0.944431234290517,0.806593097647405,0.806464181083054,0.885418817316826,1.00000000000001,0.948077396201386,0.712679704404847,0.820941448415517,0.83748155838337,0.952575369319927,0.753288767702728,0.893383393569162,0.711268643620676,0.63783371290789
"sig_21",-0.452441929261802,0.218060555624779,-0.00692417251432468,-0.193925214910005,0.80059020639217,-0.204573037236818,0.801694704349638,0.212025026428281,0.212301282872599,0.211886804295435,-0.0761500898530091,-0.40668717642802,0.379237880869229,0.267058118153171,0.0637656426495509,0.822772778269385,0.81699867760779,0.787001736926687,0.82217431670209,0.822133242717446,0.821964763665488,0.877915278557573,0.789724177646512,0.970703027210873,0.863060099497436,0.985265912114877,0.908897354235131,0.846736702185706,0.763162184913101,0.960376946467938,0.940227822127941,0.80237118707316,0.951744623098216,0.97405095343555,0.88627341161688,0.948743761525181,0.983093100584575,0.905250279584821,0.913318693506476,0.966364736747438,0.948077396201386,1,0.818812901206836,0.921528952196838,0.932316987904957,0.976725291887359,0.85436150683439,0.938786559143024,0.806398936334394,0.727656754334884
"sig_22",-0.283487515610819,0.245556255051167,-0.0173605809943537,-0.240381537863764,0.61404738765709,-0.187411385871166,0.631736040559624,0.197350245506006,0.197595023949586,0.195100087397175,-0.118203577725977,-0.265890595422315,0.374696901304495,0.260336383498359,0.0270610965775242,0.625385940871512,0.620361467910077,0.591811757849509,0.626847291625282,0.626797551201754,0.625769335501594,0.967419933499523,0.922584111170221,0.886694608335284,0.938234543849661,0.839187372839374,0.973283965396027,0.975315485594364,0.900784285243918,0.779105218085186,0.819348522682248,0.836360736079585,0.863583515215899,0.831762265955632,0.93035199988464,0.726539539006651,0.805765541189265,0.965319252939027,0.951571915060918,0.858567619051847,0.712679704404847,0.818812901206836,1.00000000000001,0.954481704383805,0.954142600542554,0.785694359833639,0.972598730769579,0.855368306970502,0.943053776132914,0.862816528996967
