1.000000 0.000000 0.792679 0.811210 0.815123 0.774864 0.793560 0.851524 0.799279 0.813844 0.608034 0.571437 0.627589 0.730851 0.725327 0.720408 0.709050 0.657638 0.778206 0.750071 0.747557 0.687581 0.721627 0.854835 0.850925 0.819541 0.781174 0.849231 0.811097
0.000000 1.000000 0.710786 0.851182 0.821358 0.851631 0.850286 0.820328 0.812883 0.832515 0.936145 0.959937 0.955370 0.944466 0.923794 0.957591 0.966410 0.953767 0.884714 0.878559 0.901642 0.933954 0.904190 0.905241 0.916785 0.881609 0.882507 0.852834 0.872854
0.792679 0.710786 1.000000 0.839777 0.884322 0.851389 0.841060 0.882145 0.886783 0.844141 0.770980 0.747009 0.751708 0.763012 0.786090 0.762339 0.745477 0.764954 0.819280 0.832585 0.804998 0.794595 0.804147 0.742184 0.728969 0.814440 0.815836 0.813026 0.818822
0.811210 0.851182 0.839777 1.000000 0.927758 0.899149 0.902128 0.843698 0.871796 0.840433 0.881007 0.864548 0.852786 0.870831 0.873861 0.843994 0.848610 0.855655 0.866919 0.857878 0.854962 0.888222 0.891228 0.832385 0.833258 0.839414 0.920753 0.903461 0.852382
0.815123 0.821358 0.884322 0.927758 1.000000 0.939190 0.920994 0.871127 0.912743 0.881942 0.901608 0.843273 0.844023 0.836847 0.850048 0.820670 0.808402 0.833685 0.920416 0.865062 0.855033 0.905456 0.921302 0.834865 0.826767 0.826973 0.886076 0.864152 0.845476
0.774864 0.851631 0.851389 0.899149 0.939190 1.000000 0.941686 0.887742 0.952057 0.924923 0.918793 0.885346 0.880198 0.851979 0.880710 0.850951 0.836132 0.869120 0.910007 0.909368 0.893271 0.896576 0.912147 0.835326 0.820565 0.840340 0.895549 0.853198 0.842671
0.793560 0.850286 0.841060 0.902128 0.920994 0.941686 1.000000 0.861346 0.937472 0.953342 0.899855 0.867613 0.862556 0.854021 0.863713 0.844457 0.833244 0.851943 0.923892 0.908449 0.853126 0.908398 0.899927 0.837818 0.831843 0.838406 0.894011 0.855080 0.852832
0.851524 0.820328 0.882145 0.843698 0.871127 0.887742 0.861346 1.000000 0.891528 0.865825 0.893356 0.893069 0.890694 0.826769 0.864738 0.823552 0.815189 0.869949 0.857356 0.909476 0.900602 0.869914 0.891978 0.848879 0.823175 0.819596 0.853947 0.825386 0.840281
0.799279 0.812883 0.886783 0.871796 0.912743 0.952057 0.937472 0.891528 1.000000 0.937621 0.855902 0.838286 0.834064 0.820168 0.847654 0.816824 0.809898 0.837241 0.876526 0.943981 0.860322 0.861397 0.858448 0.813815 0.809012 0.831931 0.864604 0.842477 0.834738
0.813844 0.832515 0.844141 0.840433 0.881942 0.924923 0.953342 0.865825 0.937621 1.000000 0.872818 0.858375 0.845482 0.836034 0.857008 0.835415 0.827872 0.843675 0.905449 0.933915 0.848018 0.852216 0.855151 0.834476 0.824846 0.837648 0.846559 0.835036 0.839020
0.608034 0.936145 0.770980 0.881007 0.901608 0.918793 0.899855 0.893356 0.855902 0.872818 1.000000 0.954174 0.960946 0.914338 0.918970 0.933168 0.900890 0.927418 0.932777 0.918238 0.930948 0.939880 0.955644 0.903074 0.860943 0.853157 0.895164 0.849130 0.867555
0.571437 0.959937 0.747009 0.864548 0.843273 0.885346 0.867613 0.893069 0.838286 0.858375 0.954174 1.000000 0.950018 0.926727 0.932692 0.923148 0.940908 0.952520 0.889644 0.914697 0.922726 0.940678 0.928366 0.873546 0.901204 0.864312 0.894427 0.848944 0.869863
0.627589 0.955370 0.751708 0.852786 0.844023 0.880198 0.862556 0.890694 0.834064 0.845482 0.960946 0.950018 1.000000 0.919692 0.915283 0.965780 0.911839 0.929122 0.896468 0.908396 0.933324 0.916043 0.921486 0.933044 0.856230 0.852858 0.880140 0.845896 0.874584
0.730851 0.944466 0.763012 0.870831 0.836847 0.851979 0.854021 0.826769 0.820168 0.836034 0.914338 0.926727 0.919692 1.000000 0.951200 0.914847 0.928683 0.924812 0.888610 0.872043 0.887465 0.922306 0.898959 0.886195 0.895917 0.866983 0.938276 0.930172 0.932771
0.725327 0.923794 0.786090 0.873861 0.850048 0.880710 0.863713 0.864738 0.847654 0.857008 0.918970 0.932692 0.915283 0.951200 1.000000 0.888613 0.914677 0.931199 0.878789 0.905443 0.907987 0.919248 0.914778 0.860857 0.880487 0.866137 0.938048 0.902383 0.903559
0.720408 0.957591 0.762339 0.843994 0.820670 0.850951 0.844457 0.823552 0.816824 0.835415 0.933168 0.923148 0.965780 0.914847 0.888613 1.000000 0.910071 0.906133 0.880458 0.871982 0.890980 0.887846 0.876601 0.937691 0.846568 0.850057 0.860137 0.841160 0.863385
0.709050 0.966410 0.745477 0.848610 0.808402 0.836132 0.833244 0.815189 0.809898 0.827872 0.900890 0.940908 0.911839 0.928683 0.914677 0.910071 1.000000 0.951496 0.857820 0.861551 0.887572 0.906571 0.881181 0.859748 0.934014 0.894202 0.876229 0.850045 0.856277
0.657638 0.953767 0.764954 0.855655 0.833685 0.869120 0.851943 0.869949 0.837241 0.843675 0.927418 0.952520 0.929122 0.924812 0.931199 0.906133 0.951496 1.000000 0.867628 0.898018 0.912574 0.924616 0.911531 0.862083 0.920358 0.870021 0.883888 0.848011 0.856504
0.778206 0.884714 0.819280 0.866919 0.920416 0.910007 0.923892 0.857356 0.876526 0.905449 0.932777 0.889644 0.896468 0.888610 0.878789 0.880458 0.857820 0.867628 1.000000 0.885300 0.876409 0.914909 0.927327 0.882102 0.842392 0.840331 0.894695 0.855340 0.873213
0.750071 0.878559 0.832585 0.857878 0.865062 0.909368 0.908449 0.909476 0.943981 0.933915 0.918238 0.914697 0.908396 0.872043 0.905443 0.871982 0.861551 0.898018 0.885300 1.000000 0.916364 0.909257 0.907250 0.846259 0.841407 0.846502 0.881663 0.845828 0.857038
0.747557 0.901642 0.804998 0.854962 0.855033 0.893271 0.853126 0.900602 0.860322 0.848018 0.930948 0.922726 0.933324 0.887465 0.907987 0.890980 0.887572 0.912574 0.876409 0.916364 1.000000 0.892772 0.921081 0.867588 0.847013 0.847450 0.875215 0.842442 0.851988
0.687581 0.933954 0.794595 0.888222 0.905456 0.896576 0.908398 0.869914 0.861397 0.852216 0.939880 0.940678 0.916043 0.922306 0.919248 0.887846 0.906571 0.924616 0.914909 0.909257 0.892772 1.000000 0.939599 0.858067 0.899108 0.862406 0.911814 0.860541 0.883417
0.721627 0.904190 0.804147 0.891228 0.921302 0.912147 0.899927 0.891978 0.858448 0.855151 0.955644 0.928366 0.921486 0.898959 0.914778 0.876601 0.881181 0.911531 0.927327 0.907250 0.921081 0.939599 1.000000 0.864398 0.864805 0.847717 0.899781 0.848995 0.855454
0.854835 0.905241 0.742184 0.832385 0.834865 0.835326 0.837818 0.848879 0.813815 0.834476 0.903074 0.873546 0.933044 0.886195 0.860857 0.937691 0.859748 0.862083 0.882102 0.846259 0.867588 0.858067 0.864398 1.000000 0.864309 0.835760 0.848653 0.852268 0.860404
0.850925 0.916785 0.728969 0.833258 0.826767 0.820565 0.831843 0.823175 0.809012 0.824846 0.860943 0.901204 0.856230 0.895917 0.880487 0.846568 0.934014 0.920358 0.842392 0.841407 0.847013 0.899108 0.864805 0.864309 1.000000 0.901718 0.856645 0.860759 0.854155
0.819541 0.881609 0.814440 0.839414 0.826973 0.840340 0.838406 0.819596 0.831931 0.837648 0.853157 0.864312 0.852858 0.866983 0.866137 0.850057 0.894202 0.870021 0.840331 0.846502 0.847450 0.862406 0.847717 0.835760 0.901718 1.000000 0.851084 0.836391 0.841094
0.781174 0.882507 0.815836 0.920753 0.886076 0.895549 0.894011 0.853947 0.864604 0.846559 0.895164 0.894427 0.880140 0.938276 0.938048 0.860137 0.876229 0.883888 0.894695 0.881663 0.875215 0.911814 0.899781 0.848653 0.856645 0.851084 1.000000 0.919734 0.957560
0.849231 0.852834 0.813026 0.903461 0.864152 0.853198 0.855080 0.825386 0.842477 0.835036 0.849130 0.848944 0.845896 0.930172 0.902383 0.841160 0.850045 0.848011 0.855340 0.845828 0.842442 0.860541 0.848995 0.852268 0.860759 0.836391 0.919734 1.000000 0.910816
0.811097 0.872854 0.818822 0.852382 0.845476 0.842671 0.852832 0.840281 0.834738 0.839020 0.867555 0.869863 0.874584 0.932771 0.903559 0.863385 0.856277 0.856504 0.873213 0.857038 0.851988 0.883417 0.855454 0.860404 0.854155 0.841094 0.957560 0.910816 1.000000
