1.000000 0.756562 0.761431 0.711705 0.734694 0.807103 0.741762 0.759839 0.515114 0.474196 0.537321 0.658322 0.651697 0.645810 0.632270 0.571894 0.715801 0.681506 0.678463 0.606874 0.647267 0.811291 0.806347 0.766939 0.719445 0.804207 0.756422 0.733606 0.000000
0.756562 1.000000 0.904856 0.867845 0.871681 0.797229 0.832824 0.793117 0.844576 0.823605 0.808699 0.831595 0.835456 0.797602 0.803423 0.812328 0.826618 0.815144 0.811451 0.853811 0.857666 0.783007 0.784102 0.791835 0.895759 0.873399 0.808188 0.792292 0.806672
0.761431 0.904856 1.000000 0.919753 0.896071 0.831972 0.885384 0.845772 0.871011 0.796692 0.797637 0.788609 0.805238 0.768349 0.753072 0.784637 0.895322 0.824257 0.811541 0.875971 0.896471 0.786119 0.775969 0.776226 0.851062 0.823102 0.799469 0.848817 0.769207
0.711705 0.867845 0.919753 1.000000 0.923013 0.853196 0.936592 0.901171 0.893217 0.850127 0.843543 0.807678 0.844198 0.806379 0.787710 0.829417 0.881846 0.881021 0.860288 0.864536 0.884613 0.786698 0.768217 0.793001 0.863215 0.809220 0.795934 0.806932 0.807239
0.734694 0.871681 0.896071 0.923013 1.000000 0.819540 0.917510 0.938279 0.868753 0.827500 0.821076 0.810260 0.822544 0.798185 0.784085 0.807633 0.899833 0.879834 0.809129 0.879769 0.868846 0.789829 0.782328 0.790568 0.861239 0.811601 0.808757 0.793906 0.805540
0.807103 0.797229 0.831972 0.853196 0.819540 1.000000 0.858051 0.825227 0.860398 0.860029 0.856982 0.775971 0.823846 0.771948 0.761514 0.830472 0.814482 0.881161 0.869716 0.830427 0.858629 0.803762 0.771476 0.767008 0.810167 0.774240 0.792927 0.846032 0.767921
0.741762 0.832824 0.885384 0.936592 0.917510 0.858051 1.000000 0.917705 0.812641 0.790417 0.785113 0.767722 0.802217 0.763551 0.754931 0.789103 0.838854 0.926014 0.818242 0.819605 0.815866 0.759803 0.753830 0.782437 0.823676 0.795690 0.785959 0.851968 0.758643
0.759839 0.793117 0.845772 0.901171 0.938279 0.825227 0.917705 1.000000 0.834126 0.815773 0.799477 0.787587 0.814041 0.786810 0.777352 0.797199 0.875962 0.912872 0.802676 0.807978 0.811690 0.785631 0.773565 0.789615 0.800835 0.786334 0.791340 0.797787 0.783170
0.515114 0.844576 0.871011 0.893217 0.868753 0.860398 0.812641 0.834126 1.000000 0.939370 0.948270 0.887447 0.893446 0.911899 0.870087 0.904414 0.911390 0.892498 0.909007 0.920654 0.941300 0.872900 0.819029 0.809168 0.862721 0.804079 0.827426 0.706953 0.915779
0.474196 0.823605 0.796692 0.850127 0.827500 0.860029 0.790417 0.815773 0.939370 1.000000 0.933918 0.903516 0.911278 0.898866 0.921998 0.937199 0.855635 0.887912 0.898318 0.921696 0.905647 0.835053 0.870490 0.823305 0.861773 0.803844 0.830363 0.677799 0.946943
0.537321 0.808699 0.797637 0.843543 0.821076 0.856982 0.785113 0.799477 0.948270 0.933918 1.000000 0.894383 0.888670 0.954635 0.884214 0.906630 0.864397 0.879766 0.912102 0.889655 0.896710 0.911737 0.813057 0.808790 0.843468 0.799999 0.836377 0.683490 0.940941
0.658322 0.831595 0.788609 0.807678 0.810260 0.775971 0.767722 0.787587 0.887447 0.903516 0.894383 1.000000 0.935468 0.888106 0.906059 0.901027 0.854309 0.833139 0.852841 0.897774 0.867600 0.851214 0.863688 0.826699 0.918560 0.907996 0.911381 0.697228 0.926648
0.651697 0.835456 0.805238 0.844198 0.822544 0.823846 0.802217 0.814041 0.893446 0.911278 0.888670 0.935468 1.000000 0.854313 0.887885 0.909334 0.841742 0.875954 0.879237 0.893807 0.888017 0.818920 0.843912 0.825624 0.918262 0.872010 0.873525 0.725487 0.899705
0.645810 0.797602 0.768349 0.806379 0.798185 0.771948 0.763551 0.786810 0.911899 0.898866 0.954635 0.888106 0.854313 1.000000 0.881929 0.876844 0.843875 0.833060 0.857348 0.853329 0.838950 0.917796 0.800846 0.805250 0.818007 0.794032 0.822128 0.696409 0.943858
0.632270 0.803423 0.753072 0.787710 0.784085 0.761514 0.754931 0.777352 0.870087 0.921998 0.884214 0.906059 0.887885 0.881929 1.000000 0.935856 0.815070 0.819800 0.852979 0.877410 0.844799 0.817514 0.913001 0.861484 0.838475 0.805234 0.813116 0.675947 0.955466
0.571894 0.812328 0.784637 0.829417 0.807633 0.830472 0.789103 0.797199 0.904414 0.937199 0.906630 0.901027 0.909334 0.876844 0.935856 1.000000 0.827519 0.866390 0.885165 0.900773 0.883816 0.820475 0.895245 0.830564 0.848261 0.802666 0.813404 0.699596 0.938836
0.715801 0.826618 0.895322 0.881846 0.899833 0.814482 0.838854 0.875962 0.911390 0.855635 0.864397 0.854309 0.841742 0.843875 0.815070 0.827519 1.000000 0.850068 0.838705 0.888186 0.904295 0.845977 0.795584 0.792989 0.862117 0.811930 0.834629 0.766614 0.849319
0.681506 0.815144 0.824257 0.881021 0.879834 0.881161 0.926014 0.912872 0.892498 0.887912 0.879766 0.833139 0.875954 0.833060 0.819800 0.866390 0.850068 1.000000 0.890070 0.880878 0.878287 0.800457 0.794343 0.800763 0.845415 0.799913 0.814079 0.783258 0.841449
0.678463 0.811451 0.811541 0.860288 0.809129 0.869716 0.818242 0.802676 0.909007 0.898318 0.912102 0.852841 0.879237 0.857348 0.852979 0.885165 0.838705 0.890070 1.000000 0.859648 0.896184 0.827468 0.801407 0.801959 0.837181 0.795646 0.807689 0.748847 0.871054
0.606874 0.853811 0.875971 0.864536 0.879769 0.830427 0.819605 0.807978 0.920654 0.921696 0.889655 0.897774 0.893807 0.853329 0.877410 0.900773 0.888186 0.880878 0.859648 1.000000 0.920288 0.815383 0.867792 0.820885 0.884182 0.818519 0.847658 0.735971 0.912923
0.647267 0.857666 0.896471 0.884613 0.868846 0.858629 0.815866 0.811690 0.941300 0.905647 0.896710 0.867600 0.888017 0.838950 0.844799 0.883816 0.904295 0.878287 0.896184 0.920288 1.000000 0.823414 0.823931 0.802295 0.868658 0.803909 0.812074 0.747792 0.874338
0.811291 0.783007 0.786119 0.786698 0.789829 0.803762 0.759803 0.785631 0.872900 0.835053 0.911737 0.851214 0.818920 0.917796 0.817514 0.820475 0.845977 0.800457 0.827468 0.815383 0.823414 1.000000 0.823301 0.787243 0.803477 0.808044 0.818345 0.671969 0.875694
0.806347 0.784102 0.775969 0.768217 0.782328 0.771476 0.753830 0.773565 0.819029 0.870490 0.813057 0.863688 0.843912 0.800846 0.913001 0.895245 0.795584 0.794343 0.801407 0.867792 0.823931 0.823301 1.000000 0.871152 0.813582 0.818796 0.810430 0.656063 0.890615
0.766939 0.791835 0.776226 0.793001 0.790568 0.767008 0.782437 0.789615 0.809168 0.823305 0.808790 0.826699 0.825624 0.805250 0.861484 0.830564 0.792989 0.800763 0.801959 0.820885 0.802295 0.787243 0.871152 1.000000 0.806548 0.788035 0.793949 0.760582 0.845346
0.719445 0.895759 0.851062 0.863215 0.861239 0.810167 0.823676 0.800835 0.862721 0.861773 0.843468 0.918560 0.918262 0.818007 0.838475 0.848261 0.862117 0.845415 0.837181 0.884182 0.868658 0.803477 0.813582 0.806548 1.000000 0.894437 0.943818 0.762320 0.846495
0.804207 0.873399 0.823102 0.809220 0.811601 0.774240 0.795690 0.786334 0.804079 0.803844 0.799999 0.907996 0.872010 0.794032 0.805234 0.802666 0.811930 0.799913 0.795646 0.818519 0.803909 0.808044 0.818796 0.788035 0.894437 1.000000 0.882892 0.758820 0.808759
0.756422 0.808188 0.799469 0.795934 0.808757 0.792927 0.785959 0.791340 0.827426 0.830363 0.836377 0.911381 0.873525 0.822128 0.813116 0.813404 0.834629 0.814079 0.807689 0.847658 0.812074 0.818345 0.810430 0.793949 0.943818 0.882892 1.000000 0.766042 0.834172
0.733606 0.792292 0.848817 0.806932 0.793906 0.846032 0.851968 0.797787 0.706953 0.677799 0.683490 0.697228 0.725487 0.696409 0.675947 0.699596 0.766614 0.783258 0.748847 0.735971 0.747792 0.671969 0.656063 0.760582 0.762320 0.758820 0.766042 1.000000 0.634335
0.000000 0.806672 0.769207 0.807239 0.805540 0.767921 0.758643 0.783170 0.915779 0.946943 0.940941 0.926648 0.899705 0.943858 0.955466 0.938836 0.849319 0.841449 0.871054 0.912923 0.874338 0.875694 0.890615 0.845346 0.846495 0.808759 0.834172 0.634335 1.000000
