1.000000 0.447811 0.753734 0.700131 0.757355 0.886807 0.809367 0.234062 0.285294 0.345156 0.367767 0.534702 0.484861 0.417812 0.416811 0.481665 0.640595 0.438188 0.754597 0.453619 0.621168 0.634870 0.669140 0.738364 0.622128 0.718356 0.550863 0.506912 0.043789 
0.447811 1.000000 0.184084 0.153903 0.231198 0.358068 0.461273 0.854933 0.017089 0.027011 0.035213 0.087197 0.090865 0.062320 0.060883 0.063881 0.162248 0.119221 0.219676 0.066658 0.150441 0.218369 0.250366 0.290707 0.188139 0.382853 0.239843 0.341109 0.480740 
0.753734 0.184084 1.000000 0.861124 0.770469 0.840107 0.480680 0.091728 0.743232 0.785171 0.660924 0.905270 0.881933 0.702731 0.754500 0.877109 0.785396 0.623614 0.905856 0.682375 0.854071 0.575162 0.735983 0.683850 0.661468 0.507909 0.435714 0.230820 0.013211 
0.700131 0.153903 0.861124 1.000000 0.623707 0.851200 0.458646 0.090800 0.563067 0.751540 0.873929 0.875217 0.738264 0.879269 0.516665 0.780065 0.929426 0.723690 0.835114 0.554220 0.665942 0.754730 0.842884 0.665047 0.560321 0.539049 0.383955 0.241597 0.019836 
0.757355 0.231198 0.770469 0.623707 1.000000 0.751542 0.681581 0.116866 0.375764 0.398035 0.361335 0.563402 0.559466 0.411343 0.709009 0.694264 0.638396 0.418576 0.828129 0.800662 0.892271 0.614037 0.577890 0.795384 0.932720 0.637618 0.775027 0.429870 0.014513 
0.886807 0.358068 0.840107 0.851200 0.751542 1.000000 0.763926 0.233865 0.403282 0.516533 0.579345 0.733830 0.683618 0.680464 0.526921 0.640246 0.878891 0.733315 0.913678 0.512157 0.744224 0.825970 0.920439 0.886073 0.702783 0.824595 0.621581 0.506009 0.063736 
0.809367 0.461273 0.480680 0.458646 0.681581 0.763926 1.000000 0.299647 0.093830 0.137569 0.186074 0.316162 0.275945 0.256433 0.276267 0.280200 0.537766 0.343752 0.651844 0.302156 0.515203 0.693583 0.595716 0.828608 0.667005 0.926099 0.790773 0.874929 0.068749 
0.234062 0.854933 0.091728 0.090800 0.116866 0.233865 0.299647 1.000000 0.004126 0.011630 0.021918 0.049943 0.049481 0.046037 0.023700 0.030410 0.118838 0.098407 0.139021 0.025684 0.080487 0.174746 0.201971 0.203630 0.112737 0.295401 0.169404 0.263730 0.819784 
0.285294 0.017089 0.743232 0.563067 0.375764 0.403282 0.093830 0.004126 1.000000 0.919510 0.586288 0.818508 0.850540 0.586467 0.697051 0.819151 0.462426 0.425689 0.538636 0.502790 0.594508 0.199919 0.391847 0.268766 0.294291 0.124012 0.108452 0.014469 0.000000 
0.345156 0.027011 0.785171 0.751540 0.398035 0.516533 0.137569 0.011630 0.919510 1.000000 0.822556 0.928077 0.870528 0.806533 0.607370 0.866376 0.655383 0.582011 0.629872 0.506850 0.591473 0.355780 0.558805 0.350302 0.338432 0.197507 0.145192 0.035585 0.000633 
0.367767 0.035213 0.660924 0.873929 0.361335 0.579345 0.186074 0.021918 0.586288 0.822556 1.000000 0.824870 0.689036 0.953610 0.410147 0.736056 0.815857 0.702107 0.618869 0.414634 0.482763 0.564016 0.687401 0.419685 0.343099 0.286374 0.182806 0.072669 0.004011 
0.534702 0.087197 0.905270 0.875217 0.563402 0.733830 0.316162 0.049943 0.818508 0.928077 0.824870 1.000000 0.908195 0.857964 0.671987 0.885980 0.832445 0.694372 0.834613 0.551690 0.737369 0.556864 0.755047 0.574791 0.517728 0.405715 0.303088 0.143999 0.008163 
0.484861 0.090865 0.881933 0.738264 0.559466 0.683618 0.275945 0.049481 0.850540 0.870528 0.689036 0.908195 1.000000 0.772446 0.769727 0.881668 0.720413 0.736992 0.788605 0.587232 0.788997 0.452483 0.695481 0.558294 0.506335 0.358822 0.304553 0.107107 0.007257 
0.417812 0.062320 0.702731 0.879269 0.411343 0.680464 0.256433 0.046037 0.586467 0.806533 0.953610 0.857964 0.772446 1.000000 0.462280 0.749633 0.889702 0.859420 0.703117 0.437721 0.560091 0.649984 0.818204 0.534737 0.406992 0.392686 0.259163 0.120672 0.012569 
0.416811 0.060883 0.754500 0.516665 0.709009 0.526921 0.276267 0.023700 0.697051 0.607370 0.410147 0.671987 0.769727 0.462280 1.000000 0.839359 0.521728 0.446094 0.700236 0.748664 0.907058 0.330404 0.444783 0.543441 0.663121 0.311888 0.410984 0.109590 0.000539 
0.481665 0.063881 0.877109 0.780065 0.694264 0.640246 0.280200 0.030410 0.819151 0.866376 0.736056 0.885980 0.881668 0.749633 0.839359 1.000000 0.741207 0.612989 0.799507 0.793423 0.856105 0.495055 0.622266 0.558243 0.644047 0.341965 0.370351 0.111861 0.002723 
0.640595 0.162248 0.785396 0.929426 0.638396 0.878891 0.537766 0.118838 0.462426 0.655383 0.815857 0.832445 0.720413 0.889702 0.521728 0.741207 1.000000 0.825288 0.888640 0.519858 0.711118 0.887368 0.936961 0.804213 0.658217 0.684824 0.526507 0.351828 0.034161 
0.438188 0.119221 0.623614 0.723690 0.418576 0.733315 0.343752 0.098407 0.425689 0.582011 0.702107 0.694372 0.736992 0.859420 0.446094 0.612989 0.825288 1.000000 0.694579 0.392230 0.572225 0.676828 0.881360 0.649391 0.434749 0.521360 0.361714 0.191417 0.033666 
0.754597 0.219676 0.905856 0.835114 0.828129 0.913678 0.651844 0.139021 0.538636 0.629872 0.618869 0.834613 0.788605 0.703117 0.700236 0.799507 0.888640 0.694579 1.000000 0.632561 0.893089 0.769605 0.853707 0.885831 0.827419 0.733284 0.661678 0.424433 0.029903 
0.453619 0.066658 0.682375 0.554220 0.800662 0.512157 0.302156 0.025684 0.502790 0.506850 0.414634 0.551690 0.587232 0.437721 0.748664 0.793423 0.519858 0.392230 0.632561 1.000000 0.793605 0.413805 0.424257 0.498516 0.710344 0.306474 0.473054 0.125095 0.000840 
0.621168 0.150441 0.854071 0.665942 0.892271 0.744224 0.515203 0.080487 0.594508 0.591473 0.482763 0.737369 0.788997 0.560091 0.907058 0.856105 0.711118 0.572225 0.893089 0.793605 1.000000 0.570966 0.646644 0.787643 0.869269 0.560613 0.652492 0.288357 0.010079 
0.634870 0.218369 0.575162 0.754730 0.614037 0.825970 0.693583 0.174746 0.199919 0.355780 0.564016 0.556864 0.452483 0.649984 0.330404 0.495055 0.887368 0.676828 0.769605 0.413805 0.570966 1.000000 0.860218 0.849530 0.667836 0.835058 0.674225 0.565667 0.056212 
0.669140 0.250366 0.735983 0.842884 0.577890 0.920439 0.595716 0.201971 0.391847 0.558805 0.687401 0.755047 0.695481 0.818204 0.444783 0.622266 0.936961 0.881360 0.853707 0.424257 0.646644 0.860218 1.000000 0.815064 0.595262 0.759090 0.529074 0.415806 0.074211 
0.738364 0.290707 0.683850 0.665047 0.795384 0.886073 0.828608 0.203630 0.268766 0.350302 0.419685 0.574791 0.558294 0.534737 0.543441 0.558243 0.804213 0.649391 0.885831 0.498516 0.787643 0.849530 0.815064 1.000000 0.841465 0.920806 0.849062 0.645419 0.050527 
0.622128 0.188139 0.661468 0.560321 0.932720 0.702783 0.667005 0.112737 0.294291 0.338432 0.343099 0.517728 0.506335 0.406992 0.663121 0.644047 0.658217 0.434749 0.827419 0.710344 0.869269 0.667836 0.595262 0.841465 1.000000 0.689845 0.875681 0.487133 0.017504 
0.718356 0.382853 0.507909 0.539049 0.637618 0.824595 0.926099 0.295401 0.124012 0.197507 0.286374 0.405715 0.358822 0.392686 0.311888 0.341965 0.684824 0.521360 0.733284 0.306474 0.560613 0.835058 0.759090 0.920806 0.689845 1.000000 0.809432 0.835725 0.089425 
0.550863 0.239843 0.435714 0.383955 0.775027 0.621581 0.790773 0.169404 0.108452 0.145192 0.182806 0.303088 0.304553 0.259163 0.410984 0.370351 0.526507 0.361714 0.661678 0.473054 0.652492 0.674225 0.529074 0.849062 0.875681 0.809432 1.000000 0.723872 0.034514 
0.506912 0.341109 0.230820 0.241597 0.429870 0.506009 0.874929 0.263730 0.014469 0.035585 0.072669 0.143999 0.107107 0.120672 0.109590 0.111861 0.351828 0.191417 0.424433 0.125095 0.288357 0.565667 0.415806 0.645419 0.487133 0.835725 0.723872 1.000000 0.064980 
0.043789 0.480740 0.013211 0.019836 0.014513 0.063736 0.068749 0.819784 0.000000 0.000633 0.004011 0.008163 0.007257 0.012569 0.000539 0.002723 0.034161 0.033666 0.029903 0.000840 0.010079 0.056212 0.074211 0.050527 0.017504 0.089425 0.034514 0.064980 1.000000 
