1.000000 0.342604 0.685947 0.621688 0.690345 0.851999 0.754271 0.144247 0.187812 0.242114 0.263489 0.433993 0.380911 0.312350 0.311353 0.377567 0.552219 0.332824 0.686995 0.348542 0.530004 0.545649 0.585270 0.667361 0.531096 0.643359 0.451570 0.404182 0.015434 
0.342604 1.000000 0.104718 0.082476 0.141899 0.254265 0.356405 0.811414 0.004402 0.008104 0.011542 0.038667 0.040850 0.024708 0.023951 0.025537 0.088493 0.058677 0.132549 0.027027 0.080012 0.131498 0.157798 0.192578 0.107805 0.277999 0.149017 0.238337 0.376600 
0.685947 0.104718 1.000000 0.819259 0.706329 0.792707 0.376538 0.041369 0.673234 0.724356 0.575708 0.875731 0.845760 0.624768 0.686876 0.839598 0.724633 0.532788 0.876487 0.600755 0.810324 0.478322 0.664493 0.602487 0.576340 0.405242 0.330320 0.141590 0.003123 
0.621688 0.082476 0.819259 1.000000 0.532894 0.806695 0.353701 0.040811 0.464958 0.683286 0.835542 0.837184 0.667241 0.842356 0.414584 0.718083 0.907027 0.649736 0.786432 0.455243 0.581543 0.687157 0.796203 0.580502 0.461937 0.438704 0.279067 0.150472 0.005369 
0.690345 0.141899 0.706329 0.532894 1.000000 0.683289 0.599823 0.057137 0.271157 0.292793 0.257364 0.465326 0.460997 0.305919 0.632221 0.614751 0.549694 0.313111 0.777673 0.743474 0.859006 0.521906 0.481349 0.736946 0.911315 0.548800 0.711906 0.324426 0.003540 
0.851999 0.254265 0.792707 0.806695 0.683289 1.000000 0.698343 0.144085 0.297951 0.414443 0.482966 0.661903 0.602214 0.598513 0.425592 0.551818 0.841873 0.661283 0.886593 0.409768 0.674432 0.774972 0.895351 0.851058 0.624829 0.773251 0.530473 0.403222 0.025459 
0.754271 0.356405 0.376538 0.353701 0.599823 0.698343 1.000000 0.200515 0.042637 0.071017 0.106230 0.215383 0.179652 0.162917 0.179931 0.183354 0.437312 0.240802 0.565186 0.202757 0.413020 0.613948 0.501247 0.778273 0.582781 0.902699 0.731256 0.836817 0.028164 
0.144247 0.811414 0.041369 0.040811 0.057137 0.144085 0.200515 1.000000 0.000662 0.002635 0.006134 0.018392 0.018166 0.016500 0.006808 0.009492 0.058426 0.045433 0.072018 0.007578 0.034751 0.097696 0.118500 0.119800 0.054462 0.196735 0.093734 0.169127 0.767242 
0.187812 0.004402 0.673234 0.464958 0.271157 0.297951 0.042637 0.000662 1.000000 0.894147 0.490699 0.765651 0.805860 0.490898 0.618044 0.766452 0.357593 0.320226 0.438255 0.399805 0.499892 0.116898 0.286740 0.173447 0.195750 0.061842 0.051719 0.003526 0.000000 
0.242114 0.008104 0.724356 0.683286 0.292793 0.414443 0.071017 0.002635 0.894147 1.000000 0.770704 0.905271 0.831209 0.750752 0.514365 0.825927 0.569281 0.485931 0.539928 0.404116 0.496493 0.252101 0.460272 0.246939 0.235846 0.115021 0.076312 0.011705 0.000054 
0.263489 0.011542 0.575708 0.835542 0.257364 0.482966 0.106230 0.006134 0.490699 0.770704 1.000000 0.773596 0.608587 0.938631 0.304732 0.664581 0.762346 0.624028 0.527390 0.309186 0.378715 0.466002 0.606662 0.314218 0.240193 0.188760 0.103750 0.030325 0.000637 
0.433993 0.038667 0.875731 0.837184 0.465326 0.661903 0.215383 0.018392 0.765651 0.905271 0.773596 1.000000 0.879506 0.815253 0.588593 0.850940 0.783083 0.614879 0.785803 0.452474 0.666162 0.458141 0.687541 0.477911 0.415721 0.300351 0.203591 0.075477 0.001644 
0.380911 0.040850 0.845760 0.667241 0.460997 0.602214 0.179652 0.018166 0.805860 0.831209 0.608587 0.879506 1.000000 0.708747 0.705421 0.845422 0.645816 0.665708 0.728584 0.491752 0.729067 0.347379 0.616189 0.459710 0.403569 0.254979 0.204904 0.050865 0.001405 
0.312350 0.024708 0.624768 0.842356 0.305919 0.598513 0.162917 0.016500 0.490898 0.750752 0.938631 0.815253 0.708747 1.000000 0.357444 0.680975 0.855709 0.817097 0.625226 0.332351 0.461684 0.563037 0.765271 0.434031 0.301611 0.287559 0.165233 0.059631 0.002923 
0.311353 0.023951 0.686876 0.414584 0.632221 0.425592 0.179931 0.006808 0.618044 0.514365 0.304732 0.588593 0.705421 0.357444 1.000000 0.791766 0.420010 0.340854 0.621813 0.679802 0.878038 0.228416 0.339520 0.443475 0.578261 0.211511 0.305563 0.052444 0.000044 
0.377567 0.025537 0.839598 0.718083 0.614751 0.551818 0.183354 0.009492 0.766452 0.825927 0.664581 0.850940 0.845422 0.680975 0.791766 1.000000 0.670789 0.520719 0.742044 0.734524 0.812898 0.391626 0.531254 0.459654 0.556190 0.239135 0.265961 0.053898 0.000380 
0.552219 0.088493 0.724633 0.907027 0.549694 0.841873 0.437312 0.058426 0.357593 0.569281 0.762346 0.783083 0.645816 0.855709 0.420010 0.670789 1.000000 0.774119 0.854347 0.418003 0.634729 0.852718 0.916844 0.747874 0.572565 0.603631 0.425147 0.248375 0.011084 
0.332824 0.058677 0.532788 0.649736 0.313111 0.661283 0.240802 0.045433 0.320226 0.485931 0.624028 0.614879 0.665708 0.817097 0.340854 0.520719 0.774119 1.000000 0.615123 0.287114 0.475068 0.594253 0.845028 0.562352 0.329345 0.419614 0.257724 0.110317 0.010871 
0.686995 0.132549 0.876487 0.786432 0.777673 0.886593 0.565186 0.072018 0.438255 0.539928 0.527390 0.785803 0.728584 0.625226 0.621813 0.742044 0.854347 0.615123 1.000000 0.543004 0.860055 0.705273 0.809863 0.850749 0.776785 0.661246 0.576583 0.318967 0.009282 
0.348542 0.027027 0.600755 0.455243 0.743474 0.409768 0.202757 0.007578 0.399805 0.404116 0.309186 0.452474 0.491752 0.332351 0.679802 0.734524 0.418003 0.287114 0.543004 1.000000 0.734750 0.308362 0.318790 0.395280 0.633809 0.206629 0.368594 0.062563 0.000079 
0.530004 0.080012 0.810324 0.581543 0.859006 0.674432 0.413020 0.034751 0.499892 0.496493 0.378715 0.666162 0.729067 0.461684 0.878038 0.812898 0.634729 0.475068 0.860055 0.734750 1.000000 0.473675 0.559183 0.727399 0.829606 0.462258 0.565936 0.190506 0.002177 
0.545649 0.131498 0.478322 0.687157 0.521906 0.774972 0.613948 0.097696 0.116898 0.252101 0.466002 0.458141 0.347379 0.563037 0.228416 0.391626 0.852718 0.594253 0.705273 0.308362 0.473675 1.000000 0.818110 0.804585 0.583750 0.786361 0.591207 0.467823 0.021533 
0.585270 0.157798 0.664493 0.796203 0.481349 0.895351 0.501247 0.118500 0.286740 0.460272 0.606662 0.687541 0.616189 0.765271 0.339520 0.531254 0.916844 0.845028 0.809863 0.318790 0.559183 0.818110 1.000000 0.761359 0.500738 0.692455 0.427913 0.310352 0.031186 
0.667361 0.192578 0.602487 0.580502 0.736946 0.851058 0.778273 0.119800 0.173447 0.246939 0.314218 0.477911 0.459710 0.434031 0.443475 0.459654 0.747874 0.562352 0.850749 0.395280 0.727399 0.804585 0.761359 1.000000 0.794416 0.895827 0.803994 0.557771 0.018679 
0.531096 0.107805 0.576340 0.461937 0.911315 0.624829 0.582781 0.054462 0.195750 0.235846 0.240193 0.415721 0.403569 0.301611 0.578261 0.556190 0.572565 0.329345 0.776785 0.633809 0.829606 0.583750 0.500738 0.794416 1.000000 0.609539 0.837775 0.383292 0.004545 
0.643359 0.277999 0.405242 0.438704 0.548800 0.773251 0.902699 0.196735 0.061842 0.115021 0.188760 0.300351 0.254979 0.287559 0.211511 0.239135 0.603631 0.419614 0.661246 0.206629 0.462258 0.786361 0.692455 0.895827 0.609539 1.000000 0.754351 0.787200 0.039990 
0.451570 0.149017 0.330320 0.279067 0.711906 0.530473 0.731256 0.093734 0.051719 0.076312 0.103750 0.203591 0.204904 0.165233 0.305563 0.265961 0.425147 0.257724 0.576583 0.368594 0.565936 0.591207 0.427913 0.803994 0.837775 0.754351 1.000000 0.649953 0.011237 
0.404182 0.238337 0.141590 0.150472 0.324426 0.403222 0.836817 0.169127 0.003526 0.011705 0.030325 0.075477 0.050865 0.059631 0.052444 0.053898 0.248375 0.110317 0.318967 0.062563 0.190506 0.467823 0.310352 0.557771 0.383292 0.787200 0.649953 1.000000 0.026124 
0.015434 0.376600 0.003123 0.005369 0.003540 0.025459 0.028164 0.767242 0.000000 0.000054 0.000637 0.001644 0.001405 0.002923 0.000044 0.000380 0.011084 0.010871 0.009282 0.000079 0.002177 0.021533 0.031186 0.018679 0.004545 0.039990 0.011237 0.026124 1.000000 
