1.000000 0.811414 0.376600 0.238337 0.149017 0.356405 0.277999 0.088493 0.157798 0.254265 0.132549 0.141899 0.107805 0.342604 0.131498 0.192578 0.004402 0.008104 0.080012 0.023951 0.027027 0.058677 0.011542 0.024708 0.038667 0.040850 0.025537 0.104718 0.082476
0.811414 1.000000 0.767242 0.169127 0.093734 0.200515 0.196735 0.058426 0.118500 0.144085 0.072018 0.057137 0.054462 0.144247 0.097696 0.119800 0.000662 0.002635 0.034751 0.006808 0.007578 0.045433 0.006134 0.016500 0.018392 0.018166 0.009492 0.041369 0.040811
0.376600 0.767242 1.000000 0.026124 0.011237 0.028164 0.039990 0.011084 0.031186 0.025459 0.009282 0.003540 0.004545 0.015434 0.021533 0.018679 0.000000 0.000054 0.002177 0.000044 0.000079 0.010871 0.000637 0.002923 0.001644 0.001405 0.000380 0.003123 0.005369
0.238337 0.169127 0.026124 1.000000 0.649953 0.836817 0.787200 0.248375 0.310352 0.403222 0.318967 0.324426 0.383292 0.404182 0.467823 0.557771 0.003526 0.011705 0.190506 0.052444 0.062563 0.110317 0.030325 0.059631 0.075477 0.050865 0.053898 0.141590 0.150472
0.149017 0.093734 0.011237 0.649953 1.000000 0.731256 0.754351 0.425147 0.427913 0.530473 0.576583 0.711906 0.837775 0.451570 0.591207 0.803994 0.051719 0.076312 0.565936 0.305563 0.368594 0.257724 0.103750 0.165233 0.203591 0.204904 0.265961 0.330320 0.279067
0.356405 0.200515 0.028164 0.836817 0.731256 1.000000 0.902699 0.437312 0.501247 0.698343 0.565186 0.599823 0.582781 0.754271 0.613948 0.778273 0.042637 0.071017 0.413020 0.179931 0.202757 0.240802 0.106230 0.162917 0.215383 0.179652 0.183354 0.376538 0.353701
0.277999 0.196735 0.039990 0.787200 0.754351 0.902699 1.000000 0.603631 0.692455 0.773251 0.661246 0.548800 0.609539 0.643359 0.786361 0.895827 0.061842 0.115021 0.462258 0.211511 0.206629 0.419614 0.188760 0.287559 0.300351 0.254979 0.239135 0.405242 0.438704
0.088493 0.058426 0.011084 0.248375 0.425147 0.437312 0.603631 1.000000 0.916844 0.841873 0.854347 0.549694 0.572565 0.552219 0.852718 0.747874 0.357593 0.569281 0.634729 0.420010 0.418003 0.774119 0.762346 0.855709 0.783083 0.645816 0.670789 0.724633 0.907027
0.157798 0.118500 0.031186 0.310352 0.427913 0.501247 0.692455 0.916844 1.000000 0.895351 0.809863 0.481349 0.500738 0.585270 0.818110 0.761359 0.286740 0.460272 0.559183 0.339520 0.318790 0.845028 0.606662 0.765271 0.687541 0.616189 0.531254 0.664493 0.796203
0.254265 0.144085 0.025459 0.403222 0.530473 0.698343 0.773251 0.841873 0.895351 1.000000 0.886593 0.683289 0.624829 0.851999 0.774972 0.851058 0.297951 0.414443 0.674432 0.425592 0.409768 0.661283 0.482966 0.598513 0.661903 0.602214 0.551818 0.792707 0.806695
0.132549 0.072018 0.009282 0.318967 0.576583 0.565186 0.661246 0.854347 0.809863 0.886593 1.000000 0.777673 0.776785 0.686995 0.705273 0.850749 0.438255 0.539928 0.860055 0.621813 0.543004 0.615123 0.527390 0.625226 0.785803 0.728584 0.742044 0.876487 0.786432
0.141899 0.057137 0.003540 0.324426 0.711906 0.599823 0.548800 0.549694 0.481349 0.683289 0.777673 1.000000 0.911315 0.690345 0.521906 0.736946 0.271157 0.292793 0.859006 0.632221 0.743474 0.313111 0.257364 0.305919 0.465326 0.460997 0.614751 0.706329 0.532894
0.107805 0.054462 0.004545 0.383292 0.837775 0.582781 0.609539 0.572565 0.500738 0.624829 0.776785 0.911315 1.000000 0.531096 0.583750 0.794416 0.195750 0.235846 0.829606 0.578261 0.633809 0.329345 0.240193 0.301611 0.415721 0.403569 0.556190 0.576340 0.461937
0.342604 0.144247 0.015434 0.404182 0.451570 0.754271 0.643359 0.552219 0.585270 0.851999 0.686995 0.690345 0.531096 1.000000 0.545649 0.667361 0.187812 0.242114 0.530004 0.311353 0.348542 0.332824 0.263489 0.312350 0.433993 0.380911 0.377567 0.685947 0.621688
0.131498 0.097696 0.021533 0.467823 0.591207 0.613948 0.786361 0.852718 0.818110 0.774972 0.705273 0.521906 0.583750 0.545649 1.000000 0.804585 0.116898 0.252101 0.473675 0.228416 0.308362 0.594253 0.466002 0.563037 0.458141 0.347379 0.391626 0.478322 0.687157
0.192578 0.119800 0.018679 0.557771 0.803994 0.778273 0.895827 0.747874 0.761359 0.851058 0.850749 0.736946 0.794416 0.667361 0.804585 1.000000 0.173447 0.246939 0.727399 0.443475 0.395280 0.562352 0.314218 0.434031 0.477911 0.459710 0.459654 0.602487 0.580502
0.004402 0.000662 0.000000 0.003526 0.051719 0.042637 0.061842 0.357593 0.286740 0.297951 0.438255 0.271157 0.195750 0.187812 0.116898 0.173447 1.000000 0.894147 0.499892 0.618044 0.399805 0.320226 0.490699 0.490898 0.765651 0.805860 0.766452 0.673234 0.464958
0.008104 0.002635 0.000054 0.011705 0.076312 0.071017 0.115021 0.569281 0.460272 0.414443 0.539928 0.292793 0.235846 0.242114 0.252101 0.246939 0.894147 1.000000 0.496493 0.514365 0.404116 0.485931 0.770704 0.750752 0.905271 0.831209 0.825927 0.724356 0.683286
0.080012 0.034751 0.002177 0.190506 0.565936 0.413020 0.462258 0.634729 0.559183 0.674432 0.860055 0.859006 0.829606 0.530004 0.473675 0.727399 0.499892 0.496493 1.000000 0.878038 0.734750 0.475068 0.378715 0.461684 0.666162 0.729067 0.812898 0.810324 0.581543
0.023951 0.006808 0.000044 0.052444 0.305563 0.179931 0.211511 0.420010 0.339520 0.425592 0.621813 0.632221 0.578261 0.311353 0.228416 0.443475 0.618044 0.514365 0.878038 1.000000 0.679802 0.340854 0.304732 0.357444 0.588593 0.705421 0.791766 0.686876 0.414584
0.027027 0.007578 0.000079 0.062563 0.368594 0.202757 0.206629 0.418003 0.318790 0.409768 0.543004 0.743474 0.633809 0.348542 0.308362 0.395280 0.399805 0.404116 0.734750 0.679802 1.000000 0.287114 0.309186 0.332351 0.452474 0.491752 0.734524 0.600755 0.455243
0.058677 0.045433 0.010871 0.110317 0.257724 0.240802 0.419614 0.774119 0.845028 0.661283 0.615123 0.313111 0.329345 0.332824 0.594253 0.562352 0.320226 0.485931 0.475068 0.340854 0.287114 1.000000 0.624028 0.817097 0.614879 0.665708 0.520719 0.532788 0.649736
0.011542 0.006134 0.000637 0.030325 0.103750 0.106230 0.188760 0.762346 0.606662 0.482966 0.527390 0.257364 0.240193 0.263489 0.466002 0.314218 0.490699 0.770704 0.378715 0.304732 0.309186 0.624028 1.000000 0.938631 0.773596 0.608587 0.664581 0.575708 0.835542
0.024708 0.016500 0.002923 0.059631 0.165233 0.162917 0.287559 0.855709 0.765271 0.598513 0.625226 0.305919 0.301611 0.312350 0.563037 0.434031 0.490898 0.750752 0.461684 0.357444 0.332351 0.817097 0.938631 1.000000 0.815253 0.708747 0.680975 0.624768 0.842356
0.038667 0.018392 0.001644 0.075477 0.203591 0.215383 0.300351 0.783083 0.687541 0.661903 0.785803 0.465326 0.415721 0.433993 0.458141 0.477911 0.765651 0.905271 0.666162 0.588593 0.452474 0.614879 0.773596 0.815253 1.000000 0.879506 0.850940 0.875731 0.837184
0.040850 0.018166 0.001405 0.050865 0.204904 0.179652 0.254979 0.645816 0.616189 0.602214 0.728584 0.460997 0.403569 0.380911 0.347379 0.459710 0.805860 0.831209 0.729067 0.705421 0.491752 0.665708 0.608587 0.708747 0.879506 1.000000 0.845422 0.845760 0.667241
0.025537 0.009492 0.000380 0.053898 0.265961 0.183354 0.239135 0.670789 0.531254 0.551818 0.742044 0.614751 0.556190 0.377567 0.391626 0.459654 0.766452 0.825927 0.812898 0.791766 0.734524 0.520719 0.664581 0.680975 0.850940 0.845422 1.000000 0.839598 0.718083
0.104718 0.041369 0.003123 0.141590 0.330320 0.376538 0.405242 0.724633 0.664493 0.792707 0.876487 0.706329 0.576340 0.685947 0.478322 0.602487 0.673234 0.724356 0.810324 0.686876 0.600755 0.532788 0.575708 0.624768 0.875731 0.845760 0.839598 1.000000 0.819259
0.082476 0.040811 0.005369 0.150472 0.279067 0.353701 0.438704 0.907027 0.796203 0.806695 0.786432 0.532894 0.461937 0.621688 0.687157 0.580502 0.464958 0.683286 0.581543 0.414584 0.455243 0.649736 0.835542 0.842356 0.837184 0.667241 0.718083 0.819259 1.000000
