1.000000 0.480740 0.819784 0.064980 0.089425 0.068749 0.034514 0.034161 0.074211 0.063736 0.029903 0.014513 0.017504 0.043789 0.056212 0.050527 0.000000 0.000633 0.010079 0.000539 0.000840 0.033666 0.004011 0.012569 0.002723 0.008163 0.007257 0.013211 0.019836
0.480740 1.000000 0.854933 0.341109 0.382853 0.461273 0.239843 0.162248 0.250366 0.358068 0.219676 0.231198 0.188139 0.447811 0.218369 0.290707 0.017089 0.027011 0.150441 0.060883 0.066658 0.119221 0.035213 0.062320 0.063881 0.087197 0.090865 0.184084 0.153903
0.819784 0.854933 1.000000 0.263730 0.295401 0.299647 0.169404 0.118838 0.201971 0.233865 0.139021 0.116866 0.112737 0.234062 0.174746 0.203630 0.004126 0.011630 0.080487 0.023700 0.025684 0.098407 0.021918 0.046037 0.030410 0.049943 0.049481 0.091728 0.090800
0.064980 0.341109 0.263730 1.000000 0.835725 0.874929 0.723872 0.351828 0.415806 0.506009 0.424433 0.429870 0.487133 0.506912 0.565667 0.645419 0.014469 0.035585 0.288357 0.109590 0.125095 0.191417 0.072669 0.120672 0.111861 0.143999 0.107107 0.230820 0.241597
0.089425 0.382853 0.295401 0.835725 1.000000 0.926099 0.809432 0.684824 0.759090 0.824595 0.733284 0.637618 0.689845 0.718356 0.835058 0.920806 0.124012 0.197507 0.560613 0.311888 0.306474 0.521360 0.286374 0.392686 0.341965 0.405715 0.358822 0.507909 0.539049
0.068749 0.461273 0.299647 0.874929 0.926099 1.000000 0.790773 0.537766 0.595716 0.763926 0.651844 0.681581 0.667005 0.809367 0.693583 0.828608 0.093830 0.137569 0.515203 0.276267 0.302156 0.343752 0.186074 0.256433 0.280200 0.316162 0.275945 0.480680 0.458646
0.034514 0.239843 0.169404 0.723872 0.809432 0.790773 1.000000 0.526507 0.529074 0.621581 0.661678 0.775027 0.875681 0.550863 0.674225 0.849062 0.108452 0.145192 0.652492 0.410984 0.473054 0.361714 0.182806 0.259163 0.370351 0.303088 0.304553 0.435714 0.383955
0.034161 0.162248 0.118838 0.351828 0.684824 0.537766 0.526507 1.000000 0.936961 0.878891 0.888640 0.638396 0.658217 0.640595 0.887368 0.804213 0.462426 0.655383 0.711118 0.521728 0.519858 0.825288 0.815857 0.889702 0.741207 0.832445 0.720413 0.785396 0.929426
0.074211 0.250366 0.201971 0.415806 0.759090 0.595716 0.529074 0.936961 1.000000 0.920439 0.853707 0.577890 0.595262 0.669140 0.860218 0.815064 0.391847 0.558805 0.646644 0.444783 0.424257 0.881360 0.687401 0.818204 0.622266 0.755047 0.695481 0.735983 0.842884
0.063736 0.358068 0.233865 0.506009 0.824595 0.763926 0.621581 0.878891 0.920439 1.000000 0.913678 0.751542 0.702783 0.886807 0.825970 0.886073 0.403282 0.516533 0.744224 0.526921 0.512157 0.733315 0.579345 0.680464 0.640246 0.733830 0.683618 0.840107 0.851200
0.029903 0.219676 0.139021 0.424433 0.733284 0.651844 0.661678 0.888640 0.853707 0.913678 1.000000 0.828129 0.827419 0.754597 0.769605 0.885831 0.538636 0.629872 0.893089 0.700236 0.632561 0.694579 0.618869 0.703117 0.799507 0.834613 0.788605 0.905856 0.835114
0.014513 0.231198 0.116866 0.429870 0.637618 0.681581 0.775027 0.638396 0.577890 0.751542 0.828129 1.000000 0.932720 0.757355 0.614037 0.795384 0.375764 0.398035 0.892271 0.709009 0.800662 0.418576 0.361335 0.411343 0.694264 0.563402 0.559466 0.770469 0.623707
0.017504 0.188139 0.112737 0.487133 0.689845 0.667005 0.875681 0.658217 0.595262 0.702783 0.827419 0.932720 1.000000 0.622128 0.667836 0.841465 0.294291 0.338432 0.869269 0.663121 0.710344 0.434749 0.343099 0.406992 0.644047 0.517728 0.506335 0.661468 0.560321
0.043789 0.447811 0.234062 0.506912 0.718356 0.809367 0.550863 0.640595 0.669140 0.886807 0.754597 0.757355 0.622128 1.000000 0.634870 0.738364 0.285294 0.345156 0.621168 0.416811 0.453619 0.438188 0.367767 0.417812 0.481665 0.534702 0.484861 0.753734 0.700131
0.056212 0.218369 0.174746 0.565667 0.835058 0.693583 0.674225 0.887368 0.860218 0.825970 0.769605 0.614037 0.667836 0.634870 1.000000 0.849530 0.199919 0.355780 0.570966 0.330404 0.413805 0.676828 0.564016 0.649984 0.495055 0.556864 0.452483 0.575162 0.754730
0.050527 0.290707 0.203630 0.645419 0.920806 0.828608 0.849062 0.804213 0.815064 0.886073 0.885831 0.795384 0.841465 0.738364 0.849530 1.000000 0.268766 0.350302 0.787643 0.543441 0.498516 0.649391 0.419685 0.534737 0.558243 0.574791 0.558294 0.683850 0.665047
0.000000 0.017089 0.004126 0.014469 0.124012 0.093830 0.108452 0.462426 0.391847 0.403282 0.538636 0.375764 0.294291 0.285294 0.199919 0.268766 1.000000 0.919510 0.594508 0.697051 0.502790 0.425689 0.586288 0.586467 0.819151 0.818508 0.850540 0.743232 0.563067
0.000633 0.027011 0.011630 0.035585 0.197507 0.137569 0.145192 0.655383 0.558805 0.516533 0.629872 0.398035 0.338432 0.345156 0.355780 0.350302 0.919510 1.000000 0.591473 0.607370 0.506850 0.582011 0.822556 0.806533 0.866376 0.928077 0.870528 0.785171 0.751540
0.010079 0.150441 0.080487 0.288357 0.560613 0.515203 0.652492 0.711118 0.646644 0.744224 0.893089 0.892271 0.869269 0.621168 0.570966 0.787643 0.594508 0.591473 1.000000 0.907058 0.793605 0.572225 0.482763 0.560091 0.856105 0.737369 0.788997 0.854071 0.665942
0.000539 0.060883 0.023700 0.109590 0.311888 0.276267 0.410984 0.521728 0.444783 0.526921 0.700236 0.709009 0.663121 0.416811 0.330404 0.543441 0.697051 0.607370 0.907058 1.000000 0.748664 0.446094 0.410147 0.462280 0.839359 0.671987 0.769727 0.754500 0.516665
0.000840 0.066658 0.025684 0.125095 0.306474 0.302156 0.473054 0.519858 0.424257 0.512157 0.632561 0.800662 0.710344 0.453619 0.413805 0.498516 0.502790 0.506850 0.793605 0.748664 1.000000 0.392230 0.414634 0.437721 0.793423 0.551690 0.587232 0.682375 0.554220
0.033666 0.119221 0.098407 0.191417 0.521360 0.343752 0.361714 0.825288 0.881360 0.733315 0.694579 0.418576 0.434749 0.438188 0.676828 0.649391 0.425689 0.582011 0.572225 0.446094 0.392230 1.000000 0.702107 0.859420 0.612989 0.694372 0.736992 0.623614 0.723690
0.004011 0.035213 0.021918 0.072669 0.286374 0.186074 0.182806 0.815857 0.687401 0.579345 0.618869 0.361335 0.343099 0.367767 0.564016 0.419685 0.586288 0.822556 0.482763 0.410147 0.414634 0.702107 1.000000 0.953610 0.736056 0.824870 0.689036 0.660924 0.873929
0.012569 0.062320 0.046037 0.120672 0.392686 0.256433 0.259163 0.889702 0.818204 0.680464 0.703117 0.411343 0.406992 0.417812 0.649984 0.534737 0.586467 0.806533 0.560091 0.462280 0.437721 0.859420 0.953610 1.000000 0.749633 0.857964 0.772446 0.702731 0.879269
0.002723 0.063881 0.030410 0.111861 0.341965 0.280200 0.370351 0.741207 0.622266 0.640246 0.799507 0.694264 0.644047 0.481665 0.495055 0.558243 0.819151 0.866376 0.856105 0.839359 0.793423 0.612989 0.736056 0.749633 1.000000 0.885980 0.881668 0.877109 0.780065
0.008163 0.087197 0.049943 0.143999 0.405715 0.316162 0.303088 0.832445 0.755047 0.733830 0.834613 0.563402 0.517728 0.534702 0.556864 0.574791 0.818508 0.928077 0.737369 0.671987 0.551690 0.694372 0.824870 0.857964 0.885980 1.000000 0.908195 0.905270 0.875217
0.007257 0.090865 0.049481 0.107107 0.358822 0.275945 0.304553 0.720413 0.695481 0.683618 0.788605 0.559466 0.506335 0.484861 0.452483 0.558294 0.850540 0.870528 0.788997 0.769727 0.587232 0.736992 0.689036 0.772446 0.881668 0.908195 1.000000 0.881933 0.738264
0.013211 0.184084 0.091728 0.230820 0.507909 0.480680 0.435714 0.785396 0.735983 0.840107 0.905856 0.770469 0.661468 0.753734 0.575162 0.683850 0.743232 0.785171 0.854071 0.754500 0.682375 0.623614 0.660924 0.702731 0.877109 0.905270 0.881933 1.000000 0.861124
0.019836 0.153903 0.090800 0.241597 0.539049 0.458646 0.383955 0.929426 0.842884 0.851200 0.835114 0.623707 0.560321 0.700131 0.754730 0.665047 0.563067 0.751540 0.665942 0.516665 0.554220 0.723690 0.873929 0.879269 0.780065 0.875217 0.738264 0.861124 1.000000
