1.000000 0.900830 0.977696 0.927784 0.328281 0.355187 0.342391 0.335213 0.382805 0.428090 0.233615 0.286823 0.247850 0.236164 0.698930 0.895198 0.859114 0.567293 0.505960 0.654446 0.732678 0.706141 0.776554 0.667759 0.528800 0.687232 0.619987 0.614457 0.603329
0.900830 1.000000 0.903645 0.881498 0.410148 0.430989 0.400365 0.411106 0.444351 0.513041 0.342259 0.349654 0.318466 0.307232 0.652185 0.919531 0.858438 0.652171 0.616089 0.729460 0.712218 0.687718 0.764448 0.612343 0.521624 0.727619 0.614458 0.595447 0.574146
0.977696 0.903645 1.000000 0.984871 0.202559 0.227842 0.211740 0.205301 0.252527 0.308146 0.109947 0.154548 0.116742 0.104409 0.580725 0.828108 0.786469 0.455436 0.402699 0.552883 0.616591 0.591361 0.661005 0.549317 0.390470 0.574859 0.490037 0.479466 0.471057
0.927784 0.881498 0.984871 1.000000 0.100125 0.124954 0.104683 0.098616 0.144942 0.208198 0.015095 0.048147 0.013087 0.000000 0.459613 0.748983 0.701210 0.355503 0.311911 0.451509 0.503293 0.479358 0.549447 0.431511 0.267165 0.465934 0.369197 0.355155 0.347881
0.328281 0.410148 0.202559 0.100125 1.000000 0.991603 0.994829 0.996864 0.995061 0.984318 0.916069 0.992332 0.992471 0.991131 0.602256 0.587171 0.584072 0.911778 0.915904 0.769588 0.769267 0.788201 0.753381 0.711365 0.824356 0.837215 0.835689 0.809972 0.805562
0.355187 0.430989 0.227842 0.124954 0.991603 1.000000 0.988557 0.992550 0.991647 0.986986 0.941265 0.981556 0.982721 0.977592 0.630912 0.613369 0.609739 0.921804 0.924532 0.778350 0.791205 0.809072 0.778779 0.728547 0.847457 0.849096 0.853433 0.833389 0.826776
0.342391 0.400365 0.211740 0.104683 0.994829 0.988557 1.000000 0.993539 0.997940 0.978302 0.894153 0.996086 0.992908 0.991341 0.639876 0.598130 0.607294 0.903243 0.898827 0.761649 0.797028 0.816333 0.775006 0.754443 0.852051 0.843981 0.861282 0.839419 0.840951
0.335213 0.411106 0.205301 0.098616 0.996864 0.992550 0.993539 1.000000 0.995106 0.986630 0.927758 0.989085 0.988278 0.986738 0.633225 0.600957 0.601270 0.922506 0.924743 0.789550 0.785739 0.803392 0.769087 0.730003 0.844599 0.853231 0.853780 0.830656 0.825400
0.382805 0.444351 0.252527 0.144942 0.995061 0.991647 0.997940 0.995106 1.000000 0.986559 0.900836 0.992482 0.987326 0.985341 0.670208 0.638253 0.642657 0.924137 0.918196 0.794227 0.820456 0.836323 0.804184 0.768873 0.871428 0.870700 0.880735 0.860059 0.856658
0.428090 0.513041 0.308146 0.208198 0.984318 0.986986 0.978302 0.986630 0.986559 1.000000 0.920408 0.967816 0.964686 0.960558 0.667487 0.677562 0.667469 0.965833 0.968135 0.853300 0.821533 0.835739 0.814584 0.753122 0.853089 0.889982 0.870709 0.847471 0.838543
0.233615 0.342259 0.109947 0.015095 0.916069 0.941265 0.894153 0.927758 0.900836 0.920408 1.000000 0.882444 0.899872 0.890500 0.483288 0.495958 0.468094 0.866238 0.888116 0.711772 0.652927 0.671177 0.653880 0.566054 0.711198 0.745488 0.718876 0.699602 0.682181
0.286823 0.349654 0.154548 0.048147 0.992332 0.981556 0.996086 0.989085 0.992482 0.967816 0.882444 1.000000 0.997449 0.997639 0.595373 0.548456 0.554903 0.878337 0.877684 0.725174 0.756430 0.774716 0.735743 0.707353 0.836873 0.810126 0.833195 0.811530 0.809084
0.247850 0.318466 0.116742 0.013087 0.992471 0.982721 0.992908 0.988278 0.987326 0.964686 0.899872 0.997449 1.000000 0.999422 0.546575 0.509050 0.510544 0.866995 0.872895 0.700186 0.720783 0.741569 0.700545 0.669680 0.802429 0.780798 0.799909 0.776563 0.774746
0.236164 0.307232 0.104409 0.000000 0.991131 0.977592 0.991341 0.986738 0.985341 0.960558 0.890500 0.997639 0.999422 1.000000 0.541348 0.499641 0.501859 0.861021 0.866835 0.695546 0.713679 0.734153 0.692694 0.663180 0.799417 0.776404 0.795730 0.771711 0.769528
0.698930 0.652185 0.580725 0.459613 0.602256 0.630912 0.639876 0.633225 0.670208 0.667487 0.483288 0.595373 0.546575 0.541348 1.000000 0.893149 0.944046 0.758040 0.680992 0.825412 0.960434 0.948286 0.948232 0.949635 0.906586 0.916376 0.942064 0.949899 0.947229
0.895198 0.919531 0.828108 0.748983 0.587171 0.613369 0.598130 0.600957 0.638253 0.677562 0.495958 0.548456 0.509050 0.499641 0.893149 1.000000 0.983425 0.799488 0.741575 0.869672 0.919071 0.898081 0.948161 0.851683 0.781969 0.906924 0.852827 0.846653 0.830637
0.859114 0.858438 0.786469 0.701210 0.584072 0.609739 0.607294 0.601270 0.642657 0.667469 0.468094 0.554903 0.510544 0.501859 0.944046 0.983425 1.000000 0.782850 0.716087 0.858051 0.950701 0.936385 0.957963 0.914981 0.820349 0.916474 0.890016 0.886162 0.882702
0.567293 0.652171 0.455436 0.355503 0.911778 0.921804 0.903243 0.922506 0.924137 0.965833 0.866238 0.878337 0.866995 0.861021 0.758040 0.799488 0.782850 1.000000 0.990872 0.955343 0.877517 0.883045 0.882162 0.802300 0.856933 0.946805 0.895757 0.874285 0.860469
0.505960 0.616089 0.402699 0.311911 0.915904 0.924532 0.898827 0.924743 0.918196 0.968135 0.888116 0.877684 0.872895 0.866835 0.680992 0.741575 0.716087 0.990872 1.000000 0.932271 0.818220 0.827211 0.823518 0.732637 0.808782 0.908812 0.844774 0.818759 0.802366
0.654446 0.729460 0.552883 0.451509 0.769588 0.778350 0.761649 0.789550 0.794227 0.853300 0.711772 0.725174 0.700186 0.695546 0.825412 0.869672 0.858051 0.955343 0.932271 1.000000 0.886233 0.881947 0.895588 0.815202 0.821695 0.953207 0.878367 0.858904 0.841653
0.732678 0.712218 0.616591 0.503293 0.769267 0.791205 0.797028 0.785739 0.820456 0.821533 0.652927 0.756430 0.720783 0.713679 0.960434 0.919071 0.950701 0.877517 0.818220 0.886233 1.000000 0.996968 0.990671 0.976080 0.935101 0.970903 0.981440 0.978502 0.979675
0.706141 0.687718 0.591361 0.479358 0.788201 0.809072 0.816333 0.803392 0.836323 0.835739 0.671177 0.774716 0.741569 0.734153 0.948286 0.898081 0.936385 0.883045 0.827211 0.881947 0.996968 1.000000 0.979228 0.982314 0.931357 0.968286 0.981382 0.975575 0.982927
0.776554 0.764448 0.661005 0.549447 0.753381 0.778779 0.775006 0.769087 0.804184 0.814584 0.653880 0.735743 0.700545 0.692694 0.948232 0.948161 0.957963 0.882162 0.823518 0.895588 0.990671 0.979228 1.000000 0.942528 0.921429 0.969525 0.965177 0.964386 0.953867
0.667759 0.612343 0.549317 0.431511 0.711365 0.728547 0.754443 0.730003 0.768873 0.753122 0.566054 0.707353 0.669680 0.663180 0.949635 0.851683 0.914981 0.802300 0.732637 0.815202 0.976080 0.982314 0.942528 1.000000 0.891878 0.917339 0.952414 0.949132 0.972021
0.528800 0.521624 0.390470 0.267165 0.824356 0.847457 0.852051 0.844599 0.871428 0.853089 0.711198 0.836873 0.802429 0.799417 0.906586 0.781969 0.820349 0.856933 0.808782 0.821695 0.935101 0.931357 0.921429 0.891878 1.000000 0.928511 0.981036 0.986028 0.971803
0.687232 0.727619 0.574859 0.465934 0.837215 0.849096 0.843981 0.853231 0.870700 0.889982 0.745488 0.810126 0.780798 0.776404 0.916376 0.906924 0.916474 0.946805 0.908812 0.953207 0.970903 0.968286 0.969525 0.917339 0.928511 1.000000 0.972403 0.959769 0.948553
0.619987 0.614458 0.490037 0.369197 0.835689 0.853433 0.861282 0.853780 0.880735 0.870709 0.718876 0.833195 0.799909 0.795730 0.942064 0.852827 0.890016 0.895757 0.844774 0.878367 0.981440 0.981382 0.965177 0.952414 0.981036 0.972403 1.000000 0.997427 0.993765
0.614457 0.595447 0.479466 0.355155 0.809972 0.833389 0.839419 0.830656 0.860059 0.847471 0.699602 0.811530 0.776563 0.771711 0.949899 0.846653 0.886162 0.874285 0.818759 0.858904 0.978502 0.975575 0.964386 0.949132 0.986028 0.959769 0.997427 1.000000 0.994003
0.603329 0.574146 0.471057 0.347881 0.805562 0.826776 0.840951 0.825400 0.856658 0.838543 0.682181 0.809084 0.774746 0.769528 0.947229 0.830637 0.882702 0.860469 0.802366 0.841653 0.979675 0.982927 0.953867 0.972021 0.971803 0.948553 0.993765 0.994003 1.000000
