1.000000 0.363652 0.418237 0.864977 0.605610 0.963203 0.808216 0.190906 0.240848 0.230233 0.720855 0.293024 0.360761 0.827850 0.367839 0.349866 0.867815 0.789181 0.322151 0.182806 0.440294 0.808458 0.919465 0.883560 0.459930 0.842162 0.643329 0.341501 0.091139 
0.363652 1.000000 0.021474 0.142549 0.103569 0.288172 0.642208 0.913724 0.003774 0.003111 0.078192 0.006768 0.013743 0.132501 0.015916 0.012626 0.147751 0.198828 0.011614 0.002979 0.033585 0.238635 0.248637 0.223055 0.065534 0.544758 0.183441 0.658524 0.740948 
0.418237 0.021474 1.000000 0.547159 0.729364 0.453128 0.165948 0.004067 0.950261 0.942640 0.576669 0.970266 0.991784 0.538555 0.967004 0.980568 0.601702 0.349478 0.980390 0.658542 0.947310 0.201761 0.489210 0.574744 0.710790 0.170576 0.397904 0.038985 0.000441 
0.864977 0.142549 0.547159 1.000000 0.584267 0.916740 0.513833 0.052848 0.363669 0.354665 0.945271 0.433729 0.496495 0.976226 0.482381 0.476086 0.989748 0.811535 0.430409 0.239554 0.515822 0.814159 0.905823 0.848528 0.449391 0.616671 0.544226 0.125711 0.015910 
0.605610 0.103569 0.729364 0.584267 1.000000 0.592957 0.408552 0.043024 0.565023 0.549609 0.539246 0.595175 0.665607 0.548202 0.722028 0.724232 0.643815 0.414332 0.691123 0.563052 0.870180 0.330194 0.608038 0.803605 0.963985 0.375590 0.832986 0.180903 0.015973 
0.963203 0.288172 0.453128 0.916740 0.592957 1.000000 0.713502 0.144540 0.269909 0.259425 0.764600 0.327397 0.403546 0.921144 0.391883 0.381166 0.927800 0.907699 0.350193 0.181744 0.455513 0.850883 0.987926 0.888593 0.448209 0.816912 0.616866 0.257308 0.064163 
0.808216 0.642208 0.165948 0.513833 0.408552 0.713502 1.000000 0.470272 0.067150 0.062321 0.373903 0.090483 0.127992 0.476041 0.141542 0.130429 0.528985 0.526152 0.118866 0.060504 0.210764 0.636349 0.650521 0.676524 0.302426 0.935331 0.572034 0.714935 0.314693 
0.190906 0.913724 0.004067 0.052848 0.043024 0.144540 0.470272 1.000000 0.000186 0.000119 0.023246 0.000570 0.002010 0.049237 0.002695 0.001776 0.057665 0.091053 0.001683 0.000146 0.009016 0.113732 0.122296 0.109206 0.026298 0.382583 0.093440 0.666794 0.940843 
0.240848 0.003774 0.950261 0.363669 0.565023 0.269909 0.067150 0.000186 1.000000 0.997689 0.414597 0.989833 0.971933 0.360278 0.932656 0.953928 0.409413 0.201126 0.970224 0.655727 0.866053 0.089248 0.302417 0.371667 0.580560 0.067941 0.240355 0.010286 0.000000 
0.230233 0.003111 0.942640 0.354665 0.549609 0.259425 0.062321 0.000119 0.997689 1.000000 0.408407 0.990590 0.965809 0.350669 0.913336 0.947998 0.400924 0.193431 0.964994 0.628835 0.851323 0.085883 0.290500 0.363371 0.564606 0.063435 0.234048 0.008910 0.000000 
0.720855 0.078192 0.576669 0.945271 0.539246 0.764600 0.373903 0.023246 0.414597 0.408407 1.000000 0.490500 0.527063 0.891895 0.515787 0.508865 0.926274 0.632736 0.461805 0.255837 0.529636 0.675518 0.752429 0.743272 0.427884 0.452893 0.455871 0.074034 0.005095 
0.293024 0.006768 0.970266 0.433729 0.595175 0.327397 0.090483 0.000570 0.989833 0.990590 0.490500 1.000000 0.984436 0.428522 0.928241 0.957051 0.481934 0.250348 0.969678 0.606386 0.877348 0.125648 0.360222 0.430736 0.593407 0.094813 0.276546 0.014947 0.000005 
0.360761 0.013743 0.991784 0.496495 0.665607 0.403546 0.127992 0.002010 0.971933 0.965809 0.527063 0.984436 1.000000 0.500129 0.955007 0.974407 0.550278 0.323971 0.979477 0.639216 0.915993 0.167642 0.444088 0.507377 0.652688 0.136018 0.336527 0.025694 0.000120 
0.827850 0.132501 0.538555 0.976226 0.548202 0.921144 0.476041 0.049237 0.360278 0.350669 0.891895 0.428522 0.500129 1.000000 0.467253 0.464149 0.975293 0.892694 0.421110 0.216570 0.494426 0.805046 0.933435 0.809556 0.414466 0.607096 0.501802 0.108665 0.014646 
0.367839 0.015916 0.967004 0.482381 0.722028 0.391883 0.141542 0.002695 0.932656 0.913336 0.515787 0.928241 0.955007 0.467253 1.000000 0.970530 0.530491 0.281728 0.966834 0.784962 0.948953 0.158443 0.428498 0.519790 0.730614 0.138222 0.367028 0.034504 0.000244 
0.349866 0.012626 0.980568 0.476086 0.724232 0.381166 0.130429 0.001776 0.953928 0.947998 0.508865 0.957051 0.974407 0.464149 0.970530 1.000000 0.531354 0.283987 0.987513 0.740865 0.947582 0.160780 0.416591 0.529988 0.731281 0.130701 0.388615 0.028564 0.000095 
0.867815 0.147751 0.601702 0.989748 0.643815 0.927800 0.528985 0.057665 0.409413 0.400924 0.926274 0.481934 0.550278 0.975293 0.530491 0.531354 1.000000 0.822816 0.487729 0.267064 0.574768 0.787630 0.927581 0.894099 0.509287 0.627469 0.595255 0.142550 0.018579 
0.789181 0.198828 0.349478 0.811535 0.414332 0.907699 0.526152 0.091053 0.201126 0.193431 0.632736 0.250348 0.323971 0.892694 0.281728 0.283987 0.822816 1.000000 0.256076 0.102667 0.321707 0.813255 0.931110 0.708140 0.288108 0.700889 0.441633 0.140598 0.034671 
0.322151 0.011614 0.980390 0.430409 0.691123 0.350193 0.118866 0.001683 0.970224 0.964994 0.461805 0.969678 0.979477 0.421110 0.966834 0.987513 0.487729 0.256076 1.000000 0.704227 0.938733 0.131560 0.385964 0.491302 0.703719 0.116376 0.350778 0.028298 0.000101 
0.182806 0.002979 0.658542 0.239554 0.563052 0.181744 0.060504 0.000146 0.655727 0.628835 0.255837 0.606386 0.639216 0.216570 0.784962 0.740865 0.267064 0.102667 0.704227 1.000000 0.717664 0.054553 0.202931 0.308861 0.622128 0.048010 0.256663 0.013722 0.000000 
0.440294 0.033585 0.947310 0.515822 0.870180 0.455513 0.210764 0.009016 0.866053 0.851323 0.529636 0.877348 0.915993 0.494426 0.948953 0.947582 0.574768 0.321707 0.938733 0.717664 1.000000 0.198505 0.487845 0.627373 0.878503 0.198483 0.530159 0.069280 0.001879 
0.808458 0.238635 0.201761 0.814159 0.330194 0.850883 0.636349 0.113732 0.089248 0.085883 0.675518 0.125648 0.167642 0.805046 0.158443 0.160780 0.787630 0.813255 0.131560 0.054553 0.198505 1.000000 0.808643 0.705172 0.215064 0.794278 0.464177 0.180918 0.044624 
0.919465 0.248637 0.489210 0.905823 0.608038 0.987926 0.650521 0.122296 0.302417 0.290500 0.752429 0.360222 0.444088 0.933435 0.428498 0.416591 0.927581 0.931110 0.385964 0.202931 0.487845 0.808643 1.000000 0.879052 0.468237 0.768809 0.605021 0.223688 0.052801 
0.883560 0.223055 0.574744 0.848528 0.803605 0.888593 0.676524 0.109206 0.371667 0.363371 0.743272 0.430736 0.507377 0.809556 0.519790 0.529988 0.894099 0.708140 0.491302 0.308861 0.627373 0.705172 0.879052 1.000000 0.682175 0.705474 0.825559 0.280295 0.047130 
0.459930 0.065534 0.710790 0.449391 0.963985 0.448209 0.302426 0.026298 0.580560 0.564606 0.427884 0.593407 0.652688 0.414466 0.730614 0.731281 0.509287 0.288108 0.703719 0.622128 0.878503 0.215064 0.468237 0.682175 1.000000 0.262944 0.755386 0.144070 0.009465 
0.842162 0.544758 0.170576 0.616671 0.375590 0.816912 0.935331 0.382583 0.067941 0.063435 0.452893 0.094813 0.136018 0.607096 0.138222 0.130701 0.627469 0.700889 0.116376 0.048010 0.198483 0.794278 0.768809 0.705474 0.262944 1.000000 0.542066 0.543046 0.241764 
0.643329 0.183441 0.397904 0.544226 0.832986 0.616866 0.572034 0.093440 0.240355 0.234048 0.455871 0.276546 0.336527 0.501802 0.367028 0.388615 0.595255 0.441633 0.350778 0.256663 0.530159 0.464177 0.605021 0.825559 0.755386 0.542066 1.000000 0.283143 0.041559 
0.341501 0.658524 0.038985 0.125711 0.180903 0.257308 0.714935 0.666794 0.010286 0.008910 0.074034 0.014947 0.025694 0.108665 0.034504 0.028564 0.142550 0.140598 0.028298 0.013722 0.069280 0.180918 0.223688 0.280295 0.144070 0.543046 0.283143 1.000000 0.603791 
0.091139 0.740948 0.000441 0.015910 0.015973 0.064163 0.314693 0.940843 0.000000 0.000000 0.005095 0.000005 0.000120 0.014646 0.000244 0.000095 0.018579 0.034671 0.000101 0.000000 0.001879 0.044624 0.052801 0.047130 0.009465 0.241764 0.041559 0.603791 1.000000 
