1.000000 0.776554 0.804184 0.964386 0.882162 0.990671 0.948161 0.661005 0.700545 0.692694 0.921429 0.735743 0.775006 0.953867 0.778779 0.769087 0.965177 0.942528 0.753381 0.653880 0.814584 0.948232 0.979228 0.969525 0.823518 0.957963 0.895588 0.764448 0.549447 
0.776554 1.000000 0.382805 0.614457 0.567293 0.732678 0.895198 0.977696 0.247850 0.236164 0.528800 0.286823 0.342391 0.603329 0.355187 0.335213 0.619987 0.667759 0.328281 0.233615 0.428090 0.698930 0.706141 0.687232 0.505960 0.859114 0.654446 0.900830 0.927784 
0.804184 0.382805 1.000000 0.860059 0.924137 0.820456 0.638253 0.252527 0.987326 0.985341 0.871428 0.992482 0.997940 0.856658 0.991647 0.995106 0.880735 0.768873 0.995061 0.900836 0.986559 0.670208 0.836323 0.870700 0.918196 0.642657 0.794227 0.444351 0.144942 
0.964386 0.614457 0.860059 1.000000 0.874285 0.978502 0.846653 0.479466 0.776563 0.771711 0.986028 0.811530 0.839419 0.994003 0.833389 0.830656 0.997427 0.949132 0.809972 0.699602 0.847471 0.949899 0.975575 0.959769 0.818759 0.886162 0.858904 0.595447 0.355155 
0.882162 0.567293 0.924137 0.874285 1.000000 0.877517 0.799488 0.455436 0.866995 0.861021 0.856933 0.878337 0.903243 0.860469 0.921804 0.922506 0.895757 0.802300 0.911778 0.866238 0.965833 0.758040 0.883045 0.946805 0.990872 0.782850 0.955343 0.652171 0.355503 
0.990671 0.732678 0.820456 0.978502 0.877517 1.000000 0.919071 0.616591 0.720783 0.713679 0.935101 0.756430 0.797028 0.979675 0.791205 0.785739 0.981440 0.976080 0.769267 0.652927 0.821533 0.960434 0.996968 0.970903 0.818220 0.950701 0.886233 0.712218 0.503293 
0.948161 0.895198 0.638253 0.846653 0.799488 0.919071 1.000000 0.828108 0.509050 0.499641 0.781969 0.548456 0.598130 0.830637 0.613369 0.600957 0.852827 0.851683 0.587171 0.495958 0.677562 0.893149 0.898081 0.906924 0.741575 0.983425 0.869672 0.919531 0.748983 
0.661005 0.977696 0.252527 0.479466 0.455436 0.616591 0.828108 1.000000 0.116742 0.104409 0.390470 0.154548 0.211740 0.471057 0.227842 0.205301 0.490037 0.549317 0.202559 0.109947 0.308146 0.580725 0.591361 0.574859 0.402699 0.786469 0.552883 0.903645 0.984871 
0.700545 0.247850 0.987326 0.776563 0.866995 0.720783 0.509050 0.116742 1.000000 0.999422 0.802429 0.997449 0.992908 0.774746 0.982721 0.988278 0.799909 0.669680 0.992471 0.899872 0.964686 0.546575 0.741569 0.780798 0.872895 0.510544 0.700186 0.318466 0.013087 
0.692694 0.236164 0.985341 0.771711 0.861021 0.713679 0.499641 0.104409 0.999422 1.000000 0.799417 0.997639 0.991341 0.769528 0.977592 0.986738 0.795730 0.663180 0.991131 0.890500 0.960558 0.541348 0.734153 0.776404 0.866835 0.501859 0.695546 0.307232 0.000000 
0.921429 0.528800 0.871428 0.986028 0.856933 0.935101 0.781969 0.390470 0.802429 0.799417 1.000000 0.836873 0.852051 0.971803 0.847457 0.844599 0.981036 0.891878 0.824356 0.711198 0.853089 0.906586 0.931357 0.928511 0.808782 0.820349 0.821695 0.521624 0.267165 
0.735743 0.286823 0.992482 0.811530 0.878337 0.756430 0.548456 0.154548 0.997449 0.997639 0.836873 1.000000 0.996086 0.809084 0.981556 0.989085 0.833195 0.707353 0.992332 0.882444 0.967816 0.595373 0.774716 0.810126 0.877684 0.554903 0.725174 0.349654 0.048147 
0.775006 0.342391 0.997940 0.839419 0.903243 0.797028 0.598130 0.211740 0.992908 0.991341 0.852051 0.996086 1.000000 0.840951 0.988557 0.993539 0.861282 0.754443 0.994829 0.894153 0.978302 0.639876 0.816333 0.843981 0.898827 0.607294 0.761649 0.400365 0.104683 
0.953867 0.603329 0.856658 0.994003 0.860469 0.979675 0.830637 0.471057 0.774746 0.769528 0.971803 0.809084 0.840951 1.000000 0.826776 0.825400 0.993765 0.972021 0.805562 0.682181 0.838543 0.947229 0.982927 0.948553 0.802366 0.882702 0.841653 0.574146 0.347881 
0.778779 0.355187 0.991647 0.833389 0.921804 0.791205 0.613369 0.227842 0.982721 0.977592 0.847457 0.981556 0.988557 0.826776 1.000000 0.992550 0.853433 0.728547 0.991603 0.941265 0.986986 0.630912 0.809072 0.849096 0.924532 0.609739 0.778350 0.430989 0.124954 
0.769087 0.335213 0.995106 0.830656 0.922506 0.785739 0.600957 0.205301 0.988278 0.986738 0.844599 0.989085 0.993539 0.825400 0.992550 1.000000 0.853780 0.730003 0.996864 0.927758 0.986630 0.633225 0.803392 0.853231 0.924743 0.601270 0.789550 0.411106 0.098616 
0.965177 0.619987 0.880735 0.997427 0.895757 0.981440 0.852827 0.490037 0.799909 0.795730 0.981036 0.833195 0.861282 0.993765 0.853433 0.853780 1.000000 0.952414 0.835689 0.718876 0.870709 0.942064 0.981382 0.972403 0.844774 0.890016 0.878367 0.614458 0.369197 
0.942528 0.667759 0.768873 0.949132 0.802300 0.976080 0.851683 0.549317 0.669680 0.663180 0.891878 0.707353 0.754443 0.972021 0.728547 0.730003 0.952414 1.000000 0.711365 0.566054 0.753122 0.949635 0.982314 0.917339 0.732637 0.914981 0.815202 0.612343 0.431511 
0.753381 0.328281 0.995061 0.809972 0.911778 0.769267 0.587171 0.202559 0.992471 0.991131 0.824356 0.992332 0.994829 0.805562 0.991603 0.996864 0.835689 0.711365 1.000000 0.916069 0.984318 0.602256 0.788201 0.837215 0.915904 0.584072 0.769588 0.410148 0.100125 
0.653880 0.233615 0.900836 0.699602 0.866238 0.652927 0.495958 0.109947 0.899872 0.890500 0.711198 0.882444 0.894153 0.682181 0.941265 0.927758 0.718876 0.566054 0.916069 1.000000 0.920408 0.483288 0.671177 0.745488 0.888116 0.468094 0.711772 0.342259 0.015095 
0.814584 0.428090 0.986559 0.847471 0.965833 0.821533 0.677562 0.308146 0.964686 0.960558 0.853089 0.967816 0.978302 0.838543 0.986986 0.986630 0.870709 0.753122 0.984318 0.920408 1.000000 0.667487 0.835739 0.889982 0.968135 0.667469 0.853300 0.513041 0.208198 
0.948232 0.698930 0.670208 0.949899 0.758040 0.960434 0.893149 0.580725 0.546575 0.541348 0.906586 0.595373 0.639876 0.947229 0.630912 0.633225 0.942064 0.949635 0.602256 0.483288 0.667487 1.000000 0.948286 0.916376 0.680992 0.944046 0.825412 0.652185 0.459613 
0.979228 0.706141 0.836323 0.975575 0.883045 0.996968 0.898081 0.591361 0.741569 0.734153 0.931357 0.774716 0.816333 0.982927 0.809072 0.803392 0.981382 0.982314 0.788201 0.671177 0.835739 0.948286 1.000000 0.968286 0.827211 0.936385 0.881947 0.687718 0.479358 
0.969525 0.687232 0.870700 0.959769 0.946805 0.970903 0.906924 0.574859 0.780798 0.776404 0.928511 0.810126 0.843981 0.948553 0.849096 0.853231 0.972403 0.917339 0.837215 0.745488 0.889982 0.916376 0.968286 1.000000 0.908812 0.916474 0.953207 0.727619 0.465934 
0.823518 0.505960 0.918196 0.818759 0.990872 0.818220 0.741575 0.402699 0.872895 0.866835 0.808782 0.877684 0.898827 0.802366 0.924532 0.924743 0.844774 0.732637 0.915904 0.888116 0.968135 0.680992 0.827211 0.908812 1.000000 0.716087 0.932271 0.616089 0.311911 
0.957963 0.859114 0.642657 0.886162 0.782850 0.950701 0.983425 0.786469 0.510544 0.501859 0.820349 0.554903 0.607294 0.882702 0.609739 0.601270 0.890016 0.914981 0.584072 0.468094 0.667469 0.944046 0.936385 0.916474 0.716087 1.000000 0.858051 0.858438 0.701210 
0.895588 0.654446 0.794227 0.858904 0.955343 0.886233 0.869672 0.552883 0.700186 0.695546 0.821695 0.725174 0.761649 0.841653 0.778350 0.789550 0.878367 0.815202 0.769588 0.711772 0.853300 0.825412 0.881947 0.953207 0.932271 0.858051 1.000000 0.729460 0.451509 
0.764448 0.900830 0.444351 0.595447 0.652171 0.712218 0.919531 0.903645 0.318466 0.307232 0.521624 0.349654 0.400365 0.574146 0.430989 0.411106 0.614458 0.612343 0.410148 0.342259 0.513041 0.652185 0.687718 0.727619 0.616089 0.858438 0.729460 1.000000 0.881498 
0.549447 0.927784 0.144942 0.355155 0.355503 0.503293 0.748983 0.984871 0.013087 0.000000 0.267165 0.048147 0.104683 0.347881 0.124954 0.098616 0.369197 0.431511 0.100125 0.015095 0.208198 0.459613 0.479358 0.465934 0.311911 0.701210 0.451509 0.881498 1.000000 
