1.000000 0.124184 0.386807 0.258164 0.171059 0.144043 0.150427 0.141838 0.116364 0.049591 0.056141 0.038643 0.031806 0.028978 0.046466 0.025900 0.036382 0.049786 0.069277 0.066206 0.077867 0.084586 0.046237 0.024289 0.000000 0.125251 0.121193 0.033705 0.089387
0.124184 1.000000 0.169376 0.162610 0.232855 0.226051 0.224997 0.510300 0.288447 0.505539 0.517278 0.348562 0.304829 0.296282 0.251011 0.273055 0.216264 0.206740 0.194562 0.193192 0.196233 0.192101 0.230229 0.230068 0.274603 0.209076 0.203313 0.234711 0.205325
0.386807 0.169376 1.000000 0.835446 0.259372 0.241669 0.243786 0.279853 0.327713 0.125878 0.200657 0.256254 0.157480 0.166137 0.155616 0.244870 0.126581 0.148146 0.132230 0.135220 0.146088 0.146585 0.138355 0.115080 0.117551 0.177035 0.170189 0.164055 0.183498
0.258164 0.162610 0.835446 1.000000 0.301612 0.290112 0.290437 0.221815 0.319154 0.162255 0.199649 0.290128 0.184504 0.199340 0.207350 0.330434 0.174514 0.202623 0.176209 0.180989 0.188363 0.189713 0.182679 0.165052 0.167036 0.208462 0.208871 0.217749 0.236813
0.171059 0.232855 0.259372 0.301612 1.000000 0.972301 0.983213 0.377920 0.643700 0.274045 0.323595 0.455899 0.436668 0.507644 0.320207 0.415873 0.345330 0.384615 0.317766 0.325180 0.348628 0.374625 0.357341 0.319003 0.354843 0.361622 0.318572 0.568920 0.659084
0.144043 0.226051 0.241669 0.290112 0.972301 1.000000 0.987351 0.379010 0.643638 0.303207 0.351514 0.493873 0.517565 0.578144 0.382059 0.481530 0.435616 0.513704 0.362420 0.414200 0.460686 0.500273 0.397198 0.372738 0.426227 0.434803 0.417296 0.651300 0.798202
0.150427 0.224997 0.243786 0.290437 0.983213 0.987351 1.000000 0.368056 0.629232 0.294231 0.329704 0.462682 0.491889 0.542102 0.352903 0.444995 0.448721 0.487926 0.397351 0.433327 0.464386 0.500187 0.378310 0.376139 0.404937 0.434597 0.406702 0.639130 0.758353
0.141838 0.510300 0.279853 0.221815 0.377920 0.379010 0.368056 1.000000 0.710872 0.345487 0.675270 0.729926 0.569488 0.593560 0.341783 0.473073 0.323214 0.305365 0.232332 0.245786 0.250352 0.243081 0.381687 0.280411 0.441714 0.276399 0.233410 0.445621 0.323948
0.116364 0.288447 0.327713 0.319154 0.643700 0.643638 0.629232 0.710872 1.000000 0.325077 0.492578 0.706780 0.558125 0.650000 0.417628 0.615380 0.389031 0.403280 0.301076 0.318767 0.317274 0.328257 0.476829 0.357248 0.495563 0.380795 0.298893 0.602500 0.507038
0.049591 0.505539 0.125878 0.162255 0.274045 0.303207 0.294231 0.345487 0.325077 1.000000 0.558436 0.444424 0.483330 0.479340 0.589771 0.488180 0.526470 0.463105 0.521658 0.472143 0.440084 0.430647 0.591146 0.691914 0.664389 0.370785 0.398688 0.447601 0.386483
0.056141 0.517278 0.200657 0.199649 0.323595 0.351514 0.329704 0.675270 0.492578 0.558436 1.000000 0.759911 0.653310 0.655056 0.643984 0.730779 0.433816 0.456149 0.330625 0.339680 0.350202 0.314258 0.477847 0.539719 0.604132 0.317128 0.300806 0.519025 0.380831
0.038643 0.348562 0.256254 0.290128 0.455899 0.493873 0.462682 0.729926 0.706780 0.444424 0.759911 1.000000 0.688242 0.775461 0.621496 0.799465 0.535182 0.525050 0.418905 0.412899 0.425821 0.408149 0.663057 0.516941 0.691938 0.443574 0.370126 0.658212 0.520594
0.031806 0.304829 0.157480 0.184504 0.436668 0.517565 0.491889 0.569488 0.558125 0.483330 0.653310 0.688242 1.000000 0.938933 0.640639 0.681997 0.725479 0.781416 0.524667 0.653676 0.636288 0.632239 0.588832 0.596128 0.710606 0.526765 0.541504 0.883529 0.623196
0.028978 0.296282 0.166137 0.199340 0.507644 0.578144 0.542102 0.593560 0.650000 0.479340 0.655056 0.775461 0.938933 1.000000 0.655119 0.701888 0.651994 0.686812 0.491760 0.548264 0.557757 0.567517 0.706433 0.587766 0.758038 0.557499 0.454940 0.833967 0.643711
0.046466 0.251011 0.155616 0.207350 0.320207 0.382059 0.352903 0.341783 0.417628 0.589771 0.643984 0.621496 0.640639 0.655119 1.000000 0.780775 0.555457 0.703539 0.491911 0.502982 0.529689 0.457455 0.580801 0.787174 0.682256 0.415188 0.435913 0.626067 0.517938
0.025900 0.273055 0.244870 0.330434 0.415873 0.481530 0.444995 0.473073 0.615380 0.488180 0.730779 0.799465 0.681997 0.701888 0.780775 1.000000 0.568845 0.676932 0.472625 0.501037 0.502853 0.466586 0.577286 0.637304 0.692464 0.420712 0.449065 0.697160 0.583915
0.036382 0.216264 0.126581 0.174514 0.345330 0.435616 0.448721 0.323214 0.389031 0.526470 0.433816 0.535182 0.725479 0.651994 0.555457 0.568845 1.000000 0.812837 0.880563 0.942939 0.885662 0.884782 0.691614 0.781347 0.828547 0.713418 0.691732 0.823037 0.705891
0.049786 0.206740 0.148146 0.202623 0.384615 0.513704 0.487926 0.305365 0.403280 0.463105 0.456149 0.525050 0.781416 0.686812 0.703539 0.676932 0.812837 1.000000 0.675094 0.855420 0.850216 0.852857 0.555891 0.706140 0.688784 0.602290 0.777747 0.857203 0.746787
0.069277 0.194562 0.132230 0.176209 0.317766 0.362420 0.397351 0.232332 0.301076 0.521658 0.330625 0.418905 0.524667 0.491760 0.491911 0.472625 0.880563 0.675094 1.000000 0.893264 0.797603 0.793386 0.742063 0.848825 0.797120 0.598384 0.625044 0.620267 0.589760
0.066206 0.193192 0.135220 0.180989 0.325180 0.414200 0.433327 0.245786 0.318767 0.472143 0.339680 0.412899 0.653676 0.548264 0.502982 0.501037 0.942939 0.855420 0.893264 1.000000 0.940500 0.931106 0.616124 0.764430 0.729693 0.692409 0.764779 0.768913 0.676685
0.077867 0.196233 0.146088 0.188363 0.348628 0.460686 0.464386 0.250352 0.317274 0.440084 0.350202 0.425821 0.636288 0.557757 0.529689 0.502853 0.885662 0.850216 0.797603 0.940500 1.000000 0.939444 0.564708 0.693516 0.692495 0.751833 0.734003 0.706750 0.758994
0.084586 0.192101 0.146585 0.189713 0.374625 0.500273 0.500187 0.243081 0.328257 0.430647 0.314258 0.408149 0.632239 0.567517 0.457455 0.466586 0.884782 0.852857 0.793386 0.931106 0.939444 1.000000 0.590261 0.684851 0.681377 0.714675 0.829807 0.762904 0.772561
0.046237 0.230229 0.138355 0.182679 0.357341 0.397198 0.378310 0.381687 0.476829 0.591146 0.477847 0.663057 0.588832 0.706433 0.580801 0.577286 0.691614 0.555891 0.742063 0.616124 0.564708 0.590261 1.000000 0.787940 0.895448 0.516678 0.538864 0.603012 0.530179
0.024289 0.230068 0.115080 0.165052 0.319003 0.372738 0.376139 0.280411 0.357248 0.691914 0.539719 0.516941 0.596128 0.587766 0.787174 0.637304 0.781347 0.706140 0.848825 0.764430 0.693516 0.684851 0.787940 1.000000 0.849884 0.528640 0.610819 0.638746 0.567793
0.000000 0.274603 0.117551 0.167036 0.354843 0.426227 0.404937 0.441714 0.495563 0.664389 0.604132 0.691938 0.710606 0.758038 0.682256 0.692464 0.828547 0.688784 0.797120 0.729693 0.692495 0.681377 0.895448 0.849884 1.000000 0.582945 0.580723 0.704253 0.633244
0.125251 0.209076 0.177035 0.208462 0.361622 0.434803 0.434597 0.276399 0.380795 0.370785 0.317128 0.443574 0.526765 0.557499 0.415188 0.420712 0.713418 0.602290 0.598384 0.692409 0.751833 0.714675 0.516678 0.528640 0.582945 1.000000 0.446001 0.614488 0.663851
0.121193 0.203313 0.170189 0.208871 0.318572 0.417296 0.406702 0.233410 0.298893 0.398688 0.300806 0.370126 0.541504 0.454940 0.435913 0.449065 0.691732 0.777747 0.625044 0.764779 0.734003 0.829807 0.538864 0.610819 0.580723 0.446001 1.000000 0.652134 0.584011
0.033705 0.234711 0.164055 0.217749 0.568920 0.651300 0.639130 0.445621 0.602500 0.447601 0.519025 0.658212 0.883529 0.833967 0.626067 0.697160 0.823037 0.857203 0.620267 0.768913 0.706750 0.762904 0.603012 0.638746 0.704253 0.614488 0.652134 1.000000 0.724152
0.089387 0.205325 0.183498 0.236813 0.659084 0.798202 0.758353 0.323948 0.507038 0.386483 0.380831 0.520594 0.623196 0.643711 0.517938 0.583915 0.705891 0.746787 0.589760 0.676685 0.758994 0.772561 0.530179 0.567793 0.633244 0.663851 0.584011 0.724152 1.000000
