1.000000 0.706335 0.820369 0.892536 0.780491 0.895957 0.893932 0.743833 0.762305 0.760323 0.761219 0.774755 0.768961 0.782785 0.770402 0.759606 0.806215 0.794235 0.785396 0.766821 0.768081 0.782877 0.805456 0.816490 0.779883 0.838906 0.784358 0.812851 0.738796 
0.706335 1.000000 0.562884 0.606132 0.724017 0.618794 0.722158 0.853590 0.653470 0.636037 0.640862 0.575635 0.606528 0.538149 0.707343 0.662547 0.000000 0.599593 0.568351 0.703471 0.668670 0.599099 0.543938 0.554214 0.729269 0.581450 0.745060 0.698720 0.797963 
0.820369 0.562884 1.000000 0.885878 0.896040 0.931508 0.910432 0.734859 0.927418 0.931595 0.898078 0.947918 0.959726 0.917396 0.898675 0.926432 0.944651 0.928472 0.979573 0.902818 0.924210 0.915515 0.938204 0.989553 0.888474 0.939630 0.871014 0.907379 0.754514 
0.892536 0.606132 0.885878 1.000000 0.819640 0.907463 0.837668 0.707932 0.872146 0.882427 0.897217 0.898591 0.879589 0.940464 0.847592 0.869001 0.934122 0.915758 0.874611 0.857904 0.853470 0.916113 0.887354 0.884655 0.815545 0.873574 0.805942 0.829210 0.738527 
0.780491 0.724017 0.896040 0.819640 1.000000 0.840086 0.850697 0.789230 0.878822 0.863379 0.844375 0.870664 0.894923 0.848335 0.870393 0.890980 0.867508 0.851834 0.931030 0.864452 0.963131 0.857369 0.885327 0.912724 0.997881 0.889070 0.995329 0.929195 0.813631 
0.895957 0.618794 0.931508 0.907463 0.840086 1.000000 0.936655 0.765142 0.839563 0.835305 0.831552 0.870063 0.877374 0.902321 0.825795 0.824545 0.919437 0.929278 0.896461 0.818555 0.851377 0.884195 0.949069 0.931922 0.831165 0.955272 0.828578 0.888681 0.764501 
0.893932 0.722158 0.910432 0.837668 0.850697 0.936655 1.000000 0.808764 0.793886 0.791455 0.784064 0.828416 0.820609 0.809032 0.807091 0.789997 0.872684 0.836165 0.873965 0.784669 0.828729 0.851696 0.882717 0.916736 0.846550 0.948884 0.850289 0.944710 0.778034 
0.743833 0.853590 0.734859 0.707932 0.789230 0.765142 0.808764 1.000000 0.725720 0.716430 0.713765 0.708590 0.727414 0.697429 0.749336 0.726131 0.699903 0.733402 0.739887 0.744426 0.753828 0.719171 0.790962 0.741443 0.790378 0.796976 0.798584 0.830327 0.970480 
0.762305 0.653470 0.927418 0.872146 0.878822 0.839563 0.793886 0.725720 1.000000 0.989828 0.963011 0.979967 0.973318 0.940826 0.953572 0.989643 0.940595 0.899505 0.943795 0.949765 0.955080 0.909154 0.891744 0.907279 0.879994 0.867370 0.838932 0.825859 0.757122 
0.760323 0.636037 0.931595 0.882427 0.863379 0.835305 0.791455 0.716430 0.989828 1.000000 0.981364 0.990255 0.974309 0.956217 0.940576 0.988173 0.948834 0.891782 0.957149 0.956289 0.936982 0.922454 0.891206 0.904687 0.869900 0.862927 0.829253 0.826505 0.752099 
0.761219 0.640862 0.898078 0.897217 0.844375 0.831552 0.784064 0.713765 0.963011 0.981364 1.000000 0.979024 0.936614 0.973053 0.917973 0.962160 0.962914 0.888480 0.923485 0.924666 0.915755 0.951496 0.882577 0.888435 0.857424 0.865006 0.826072 0.818677 0.748752 
0.774755 0.575635 0.947918 0.898591 0.870664 0.870063 0.828416 0.708590 0.979967 0.990255 0.979024 1.000000 0.966052 0.959711 0.945273 0.979804 0.969139 0.906654 0.968062 0.940422 0.943604 0.940396 0.910260 0.931195 0.874976 0.901053 0.837604 0.854405 0.747547 
0.768961 0.606528 0.959726 0.879589 0.894923 0.877374 0.820609 0.727414 0.973318 0.974309 0.936614 0.966052 1.000000 0.943659 0.918969 0.973821 0.939753 0.943079 0.974647 0.958973 0.952503 0.906772 0.937039 0.939304 0.887277 0.898187 0.852781 0.859543 0.766387 
0.782785 0.538149 0.917396 0.940464 0.848335 0.902321 0.809032 0.697429 0.940826 0.956217 0.973053 0.959711 0.943659 1.000000 0.899208 0.938857 0.973255 0.960901 0.928014 0.921125 0.909980 0.961056 0.927665 0.915238 0.849620 0.895860 0.826607 0.842355 0.740634 
0.770402 0.707343 0.898675 0.847592 0.870393 0.825795 0.807091 0.749336 0.953572 0.940576 0.917973 0.945273 0.918969 0.899208 1.000000 0.945550 0.913983 0.863722 0.922045 0.874090 0.933996 0.895784 0.865627 0.907209 0.870324 0.873295 0.844065 0.851364 0.770025 
0.759606 0.662547 0.926432 0.869001 0.890980 0.824545 0.789997 0.726131 0.989643 0.988173 0.962160 0.979804 0.973821 0.938857 0.945550 1.000000 0.938061 0.877792 0.955898 0.969385 0.957904 0.915884 0.880688 0.909906 0.890954 0.861264 0.849049 0.830556 0.758024 
0.806215 0.000000 0.944651 0.934122 0.867508 0.919437 0.872684 0.699903 0.940595 0.948834 0.962914 0.969139 0.939753 0.973255 0.913983 0.938061 1.000000 0.938263 0.943238 0.913401 0.926677 0.981763 0.940588 0.954879 0.860131 0.940469 0.841407 0.889576 0.742110 
0.794235 0.599593 0.928472 0.915758 0.851834 0.929278 0.836165 0.733402 0.899505 0.891782 0.888480 0.906654 0.943079 0.960901 0.863722 0.877792 0.938263 1.000000 0.924918 0.870763 0.896148 0.913421 0.959594 0.931937 0.840638 0.923790 0.827126 0.864566 0.769338 
0.785396 0.568351 0.979573 0.874611 0.931030 0.896461 0.873965 0.739887 0.943795 0.957149 0.923485 0.968062 0.974647 0.928014 0.922045 0.955898 0.943238 0.924918 1.000000 0.931228 0.947629 0.919153 0.941648 0.970193 0.928107 0.932669 0.910280 0.919022 0.775638 
0.766821 0.703471 0.902818 0.857904 0.864452 0.818555 0.784669 0.744426 0.949765 0.956289 0.924666 0.940422 0.958973 0.921125 0.874090 0.969385 0.913401 0.870763 0.931228 1.000000 0.914261 0.902083 0.875088 0.876985 0.860755 0.847341 0.826421 0.817685 0.770276 
0.768081 0.668670 0.924210 0.853470 0.963131 0.851377 0.828729 0.753828 0.955080 0.936982 0.915755 0.943604 0.952503 0.909980 0.933996 0.957904 0.926677 0.896148 0.947629 0.914261 1.000000 0.899644 0.914236 0.929213 0.954945 0.896912 0.932875 0.892977 0.786565 
0.782877 0.599099 0.915515 0.916113 0.857369 0.884195 0.851696 0.719171 0.909154 0.922454 0.951496 0.940396 0.906772 0.961056 0.895784 0.915884 0.981763 0.913421 0.919153 0.902083 0.899644 1.000000 0.912498 0.943724 0.850435 0.933810 0.842391 0.883881 0.753266 
0.805456 0.543938 0.938204 0.887354 0.885327 0.949069 0.882717 0.790962 0.891744 0.891206 0.882577 0.910260 0.937039 0.927665 0.865627 0.880688 0.940588 0.959594 0.941648 0.875088 0.914236 0.912498 1.000000 0.942710 0.873761 0.963385 0.863960 0.922268 0.831472 
0.816490 0.554214 0.989553 0.884655 0.912724 0.931922 0.916736 0.741443 0.907279 0.904687 0.888435 0.931195 0.939304 0.915238 0.907209 0.909906 0.954879 0.931937 0.970193 0.876985 0.929213 0.943724 0.942710 1.000000 0.902984 0.958503 0.893154 0.930720 0.764304 
0.779883 0.729269 0.888474 0.815545 0.997881 0.831165 0.846550 0.790378 0.879994 0.869900 0.857424 0.874976 0.887277 0.849620 0.870324 0.890954 0.860131 0.840638 0.928107 0.860755 0.954945 0.850435 0.873761 0.902984 1.000000 0.879455 0.997182 0.925696 0.813783 
0.838906 0.581450 0.939630 0.873574 0.889070 0.955272 0.948884 0.796976 0.867370 0.862927 0.865006 0.901053 0.898187 0.895860 0.873295 0.861264 0.940469 0.923790 0.932669 0.847341 0.896912 0.933810 0.963385 0.958503 0.879455 1.000000 0.877293 0.943802 0.813639 
0.784358 0.745060 0.871014 0.805942 0.995329 0.828578 0.850289 0.798584 0.838932 0.829253 0.826072 0.837604 0.852781 0.826607 0.844065 0.849049 0.841407 0.827126 0.910280 0.826421 0.932875 0.842391 0.863960 0.893154 0.997182 0.877293 1.000000 0.929210 0.818920 
0.812851 0.698720 0.907379 0.829210 0.929195 0.888681 0.944710 0.830327 0.825859 0.826505 0.818677 0.854405 0.859543 0.842355 0.851364 0.830556 0.889576 0.864566 0.919022 0.817685 0.892977 0.883881 0.922268 0.930720 0.925696 0.943802 0.929210 1.000000 0.826672 
0.738796 0.797963 0.754514 0.738527 0.813631 0.764501 0.778034 0.970480 0.757122 0.752099 0.748752 0.747547 0.766387 0.740634 0.770025 0.758024 0.742110 0.769338 0.775638 0.770276 0.786565 0.753266 0.831472 0.764304 0.813783 0.813639 0.818920 0.826672 1.000000 
