1.000000 0.770475 0.862000 0.918268 0.830378 0.920906 0.919344 0.800952 0.815824 0.814233 0.814952 0.825797 0.821160 0.832208 0.822314 0.813657 0.850821 0.841321 0.834289 0.819446 0.820456 0.832281 0.850220 0.858941 0.829893 0.876567 0.833462 0.856068 0.796881 
0.770475 1.000000 0.649852 0.686951 0.784895 0.697685 0.783383 0.888049 0.726807 0.712217 0.716264 0.660861 0.687287 0.628314 0.771299 0.734366 0.000000 0.681385 0.654579 0.768130 0.739450 0.680964 0.633376 0.642330 0.789161 0.665862 0.801943 0.764236 0.844281 
0.862000 0.649852 1.000000 0.913126 0.920970 0.948178 0.932042 0.793694 0.945054 0.948245 0.922541 0.960679 0.969639 0.937384 0.923001 0.944300 0.958194 0.945860 0.984640 0.926190 0.942601 0.935942 0.953285 0.992155 0.915131 0.954372 0.901610 0.929697 0.809563 
0.918268 0.686951 0.913126 1.000000 0.861425 0.929762 0.875596 0.771781 0.902489 0.910456 0.921878 0.922936 0.908259 0.955007 0.883365 0.900047 0.950173 0.936128 0.904402 0.891413 0.887956 0.936401 0.914266 0.912180 0.858195 0.903597 0.850605 0.868957 0.796663 
0.830378 0.784895 0.920970 0.861425 1.000000 0.877491 0.885791 0.837342 0.907665 0.895677 0.880849 0.901339 0.920109 0.883945 0.901128 0.917067 0.898887 0.886679 0.947813 0.896511 0.972219 0.890996 0.912700 0.933801 0.998410 0.915592 0.996495 0.946412 0.856684 
0.920906 0.697685 0.948178 0.929762 0.877491 1.000000 0.952105 0.818101 0.877081 0.873743 0.870797 0.900872 0.906543 0.925808 0.866272 0.865288 0.938948 0.946475 0.921295 0.860569 0.886322 0.911824 0.961553 0.948495 0.870493 0.966263 0.868461 0.915291 0.817586 
0.919344 0.783383 0.932042 0.875596 0.885791 0.952105 1.000000 0.852837 0.841044 0.839111 0.833228 0.868333 0.862189 0.853050 0.851514 0.837952 0.902906 0.874417 0.903901 0.833710 0.868579 0.886571 0.910680 0.936878 0.882550 0.961413 0.885472 0.958239 0.828417 
0.800952 0.888049 0.793694 0.771781 0.837342 0.818101 0.852837 1.000000 0.786279 0.778718 0.776545 0.772318 0.787655 0.763177 0.805392 0.786613 0.765206 0.792514 0.797763 0.801431 0.809010 0.780952 0.838720 0.799021 0.838255 0.843498 0.844774 0.869835 0.977777 
0.815824 0.726807 0.945054 0.902489 0.907665 0.877081 0.841044 0.786279 1.000000 0.992361 0.972128 0.984937 0.979921 0.955283 0.964973 0.992222 0.955107 0.923640 0.957543 0.962082 0.966117 0.931061 0.917657 0.929620 0.908573 0.898780 0.876587 0.866322 0.811661 
0.814233 0.712217 0.948245 0.910456 0.895677 0.873743 0.839111 0.778718 0.992361 1.000000 0.985990 0.992683 0.980669 0.966979 0.955092 0.991117 0.961374 0.917686 0.967686 0.967035 0.952354 0.941258 0.917242 0.927628 0.900745 0.895324 0.868991 0.866831 0.807619 
0.814952 0.716264 0.922541 0.921878 0.880849 0.870797 0.833228 0.776545 0.972128 0.985990 1.000000 0.984227 0.952074 0.979721 0.937827 0.971484 0.972054 0.915136 0.942047 0.942950 0.936126 0.963397 0.910573 0.915101 0.891039 0.896942 0.866490 0.860666 0.804921 
0.825797 0.660861 0.960679 0.922936 0.901339 0.900872 0.868333 0.772318 0.984937 0.992683 0.984227 1.000000 0.974429 0.969629 0.958668 0.984815 0.976764 0.929140 0.975950 0.954976 0.957397 0.954955 0.931911 0.947939 0.904684 0.924832 0.875546 0.888685 0.803950 
0.821160 0.687287 0.969639 0.908259 0.920109 0.906543 0.862189 0.787655 0.979921 0.980669 0.952074 0.974429 1.000000 0.957439 0.938590 0.980301 0.954466 0.956998 0.980924 0.969069 0.964161 0.929231 0.952397 0.954124 0.914206 0.922625 0.887418 0.892690 0.819099 
0.832208 0.628314 0.937384 0.955007 0.883945 0.925808 0.853050 0.763177 0.955283 0.966979 0.979721 0.969629 0.957439 1.000000 0.923411 0.953783 0.979873 0.970530 0.945510 0.940241 0.931695 0.970648 0.945243 0.935730 0.884950 0.920831 0.866911 0.879268 0.798367 
0.822314 0.771299 0.923001 0.883365 0.901128 0.866272 0.851514 0.805392 0.964973 0.955092 0.937827 0.958668 0.938590 0.923411 1.000000 0.958878 0.934767 0.895943 0.940945 0.903997 0.950077 0.920773 0.897425 0.929567 0.901075 0.903381 0.880607 0.886312 0.822012 
0.813657 0.734366 0.944300 0.900047 0.917067 0.865288 0.837952 0.786613 0.992222 0.991117 0.971484 0.984815 0.980301 0.953783 0.958878 1.000000 0.953177 0.906867 0.966738 0.976950 0.968259 0.936226 0.909110 0.931638 0.917047 0.894031 0.884504 0.870015 0.812386 
0.850821 0.000000 0.958194 0.950173 0.898887 0.938948 0.902906 0.765206 0.955107 0.961374 0.972054 0.976764 0.954466 0.979873 0.934767 0.953177 1.000000 0.953330 0.957119 0.934321 0.944488 0.986291 0.955102 0.965965 0.893148 0.955011 0.878526 0.915983 0.799560 
0.841321 0.681385 0.945860 0.936128 0.886679 0.946475 0.874417 0.792514 0.923640 0.917686 0.915136 0.929140 0.956998 0.970530 0.895943 0.906867 0.953330 1.000000 0.943143 0.901415 0.921053 0.934337 0.969540 0.948506 0.877924 0.942280 0.867319 0.896600 0.821463 
0.834289 0.654579 0.984640 0.904402 0.947813 0.921295 0.903901 0.797763 0.957543 0.967686 0.942047 0.975950 0.980924 0.945510 0.940945 0.966738 0.957119 0.943143 1.000000 0.947965 0.960459 0.938730 0.955909 0.977560 0.945581 0.949065 0.931926 0.938630 0.826503 
0.819446 0.768130 0.926190 0.891413 0.896511 0.860569 0.833710 0.801431 0.962082 0.967035 0.942950 0.954976 0.969069 0.940241 0.903997 0.976950 0.934321 0.901415 0.947965 1.000000 0.934981 0.925625 0.904771 0.906242 0.893634 0.883169 0.866764 0.859883 0.822214 
0.820456 0.739450 0.942601 0.887956 0.972219 0.886322 0.868579 0.809010 0.966117 0.952354 0.936126 0.957397 0.964161 0.931695 0.950077 0.968259 0.944488 0.921053 0.960459 0.934981 1.000000 0.923747 0.934962 0.946425 0.966015 0.921642 0.949222 0.918608 0.835220 
0.832281 0.680964 0.935942 0.936401 0.890996 0.911824 0.886571 0.780952 0.931061 0.941258 0.963397 0.954955 0.929231 0.970648 0.920773 0.936226 0.986291 0.934337 0.938730 0.925625 0.923747 1.000000 0.933628 0.957489 0.885587 0.949935 0.879297 0.911581 0.808558 
0.850220 0.633376 0.953285 0.914266 0.912700 0.961553 0.910680 0.838720 0.917657 0.917242 0.910573 0.931911 0.952397 0.945243 0.897425 0.909110 0.955102 0.969540 0.955909 0.904771 0.934962 0.933628 1.000000 0.956717 0.903742 0.972411 0.896128 0.941115 0.870734 
0.858941 0.642330 0.992155 0.912180 0.933801 0.948495 0.936878 0.799021 0.929620 0.927628 0.915101 0.947939 0.954124 0.935730 0.929567 0.931638 0.965965 0.948506 0.977560 0.906242 0.946425 0.957489 0.956717 1.000000 0.926318 0.968713 0.918745 0.947576 0.817428 
0.829893 0.789161 0.915131 0.858195 0.998410 0.870493 0.882550 0.838255 0.908573 0.900745 0.891039 0.904684 0.914206 0.884950 0.901075 0.917047 0.893148 0.877924 0.945581 0.893634 0.966015 0.885587 0.903742 0.926318 1.000000 0.908156 0.997886 0.943738 0.856804 
0.876567 0.665862 0.954372 0.903597 0.915592 0.966263 0.961413 0.843498 0.898780 0.895324 0.896942 0.924832 0.922625 0.920831 0.903381 0.894031 0.955011 0.942280 0.949065 0.883169 0.921642 0.949935 0.972411 0.968713 0.908156 1.000000 0.906481 0.957548 0.856690 
0.833462 0.801943 0.901610 0.850605 0.996495 0.868461 0.885472 0.844774 0.876587 0.868991 0.866490 0.875546 0.887418 0.866911 0.880607 0.884504 0.878526 0.867319 0.931926 0.866764 0.949222 0.879297 0.896128 0.918745 0.997886 0.906481 1.000000 0.946423 0.860857 
0.856068 0.764236 0.929697 0.868957 0.946412 0.915291 0.958239 0.869835 0.866322 0.866831 0.860666 0.888685 0.892690 0.879268 0.886312 0.870015 0.915983 0.896600 0.938630 0.859883 0.918608 0.911581 0.941115 0.947576 0.943738 0.957548 0.946423 1.000000 0.866962 
0.796881 0.844281 0.809563 0.796663 0.856684 0.817586 0.828417 0.977777 0.811661 0.807619 0.804921 0.803950 0.819099 0.798367 0.822012 0.812386 0.799560 0.821463 0.826503 0.822214 0.835220 0.808558 0.870734 0.817428 0.856804 0.856690 0.860857 0.866962 1.000000 
