1.000000 0.593631 0.743043 0.843216 0.689528 0.848069 0.845194 0.641524 0.665569 0.662976 0.664147 0.681940 0.674305 0.692570 0.676201 0.662038 0.723896 0.707821 0.696039 0.671493 0.673148 0.692692 0.722874 0.737779 0.688722 0.768369 0.694658 0.732852 0.635019 
0.593631 1.000000 0.422307 0.471901 0.616060 0.486765 0.613688 0.788631 0.528249 0.507252 0.513035 0.436738 0.472364 0.394778 0.594902 0.539293 0.000000 0.464285 0.428474 0.590023 0.546787 0.463712 0.401166 0.412587 0.622776 0.443372 0.643112 0.584056 0.712810 
0.743043 0.422307 1.000000 0.833798 0.848186 0.899042 0.868703 0.629950 0.893127 0.899168 0.851081 0.922903 0.940201 0.878688 0.851931 0.891703 0.918137 0.894650 0.969517 0.857829 0.888498 0.875987 0.908752 0.984371 0.837465 0.910826 0.812901 0.864336 0.655392 
0.843216 0.471901 0.833798 1.000000 0.742053 0.864457 0.766669 0.595645 0.814487 0.828931 0.849858 0.851811 0.824935 0.912038 0.780334 0.810085 0.902829 0.876336 0.817942 0.794618 0.788465 0.876847 0.835882 0.832072 0.736499 0.816487 0.723528 0.755086 0.634673 
0.689528 0.616060 0.848186 0.742053 1.000000 0.769991 0.784626 0.701141 0.823856 0.802237 0.775895 0.812411 0.846600 0.781359 0.812032 0.841011 0.807998 0.786199 0.898350 0.803732 0.945210 0.793874 0.833021 0.871985 0.996823 0.838308 0.993002 0.895696 0.733908 
0.848069 0.486765 0.899042 0.864457 0.769991 1.000000 0.906503 0.669289 0.769271 0.763427 0.758287 0.811571 0.821820 0.857120 0.750427 0.748724 0.881623 0.895816 0.848784 0.740580 0.785567 0.831423 0.924584 0.899642 0.757759 0.933664 0.754224 0.837758 0.668447 
0.845194 0.613688 0.868703 0.766669 0.784626 0.906503 1.000000 0.727332 0.707355 0.704108 0.694268 0.754002 0.743369 0.727694 0.725077 0.702163 0.815240 0.764606 0.817036 0.695072 0.754430 0.786008 0.829339 0.877741 0.778894 0.924314 0.784061 0.918222 0.686274 
0.641524 0.788631 0.629950 0.595645 0.701141 0.669289 0.727332 1.000000 0.618235 0.606402 0.603022 0.596475 0.620401 0.582439 0.648657 0.618760 0.585541 0.628078 0.636426 0.642292 0.654498 0.609886 0.703451 0.638435 0.702671 0.711488 0.713643 0.756613 0.956048 
0.665569 0.528249 0.893127 0.814487 0.823856 0.769271 0.707355 0.618235 1.000000 0.984781 0.945032 0.970101 0.960246 0.912566 0.931173 0.984505 0.912230 0.853110 0.916888 0.925602 0.933382 0.866874 0.842094 0.864194 0.825505 0.807805 0.768405 0.750513 0.658793 
0.662976 0.507252 0.899168 0.828931 0.802237 0.763427 0.704108 0.606402 0.984781 1.000000 0.972176 0.985419 0.961712 0.935049 0.912201 0.982313 0.924241 0.842147 0.936417 0.935156 0.906978 0.885966 0.841332 0.860493 0.811342 0.801606 0.755146 0.751395 0.652248 
0.664147 0.513035 0.851081 0.849858 0.775895 0.758287 0.694268 0.603022 0.945032 0.972176 1.000000 0.968702 0.906444 0.959853 0.879519 0.943781 0.944889 0.837475 0.887452 0.889155 0.876332 0.928133 0.829143 0.837410 0.793951 0.804505 0.750805 0.740745 0.647898 
0.681940 0.436738 0.922903 0.851811 0.812411 0.811571 0.754002 0.596475 0.970101 0.985419 0.968702 1.000000 0.949513 0.940180 0.919043 0.969860 0.954068 0.863302 0.952478 0.911978 0.916610 0.911939 0.868457 0.898589 0.818454 0.855313 0.766582 0.789762 0.646335 
0.674305 0.472364 0.940201 0.824935 0.846600 0.821820 0.743369 0.620401 0.960246 0.961712 0.906444 0.949513 1.000000 0.916690 0.880950 0.960990 0.911005 0.915845 0.962212 0.939095 0.929607 0.863470 0.907060 0.910352 0.835773 0.851236 0.787511 0.796896 0.670923 
0.692570 0.394778 0.878688 0.912038 0.781359 0.857120 0.727694 0.582439 0.912566 0.935049 0.959853 0.940180 0.916690 1.000000 0.852688 0.909702 0.960152 0.941928 0.893989 0.884053 0.868056 0.942157 0.893484 0.875591 0.783136 0.847930 0.751534 0.773112 0.637390 
0.676201 0.594902 0.851931 0.780334 0.812032 0.750427 0.725077 0.648657 0.931173 0.912201 0.879519 0.919043 0.880950 0.852688 1.000000 0.919448 0.873790 0.802715 0.885377 0.817210 0.902646 0.847823 0.805372 0.864094 0.811936 0.816096 0.775468 0.785548 0.675705 
0.662038 0.539293 0.891703 0.810085 0.841011 0.748724 0.702163 0.618760 0.984505 0.982313 0.943781 0.969860 0.960990 0.909702 0.919448 1.000000 0.908546 0.822408 0.934582 0.954430 0.937526 0.876518 0.826481 0.867950 0.840975 0.799291 0.782347 0.756926 0.659971 
0.723896 0.000000 0.918137 0.902829 0.807998 0.881623 0.815240 0.585541 0.912230 0.924241 0.944889 0.954068 0.911005 0.960152 0.873790 0.908546 1.000000 0.908839 0.916077 0.872956 0.892057 0.972770 0.912219 0.933088 0.797713 0.912046 0.771808 0.839025 0.639297 
0.707821 0.464285 0.894650 0.876336 0.786199 0.895816 0.764606 0.628078 0.853110 0.842147 0.837475 0.863302 0.915845 0.941928 0.802715 0.822408 0.908839 1.000000 0.889519 0.812550 0.848339 0.872985 0.940008 0.899663 0.770750 0.887891 0.752242 0.803892 0.674802 
0.696039 0.428474 0.969517 0.817942 0.898350 0.848784 0.817036 0.636426 0.916888 0.936417 0.887452 0.952478 0.962212 0.893989 0.885377 0.934582 0.916077 0.889519 1.000000 0.898637 0.922481 0.881214 0.913762 0.955624 0.894123 0.900724 0.868486 0.881027 0.683107 
0.671493 0.590023 0.857829 0.794618 0.803732 0.740580 0.695072 0.642292 0.925602 0.935156 0.889155 0.911978 0.939095 0.884053 0.817210 0.954430 0.872956 0.812550 0.898637 1.000000 0.874189 0.856781 0.818610 0.821275 0.798581 0.779987 0.751280 0.739399 0.676036 
0.673148 0.546787 0.888498 0.788465 0.945210 0.785567 0.754430 0.654498 0.933382 0.906978 0.876332 0.916610 0.929607 0.868056 0.902646 0.937526 0.892057 0.848339 0.922481 0.874189 1.000000 0.853308 0.874153 0.895721 0.933185 0.849425 0.901021 0.843840 0.697592 
0.692692 0.463712 0.875987 0.876847 0.793874 0.831423 0.786008 0.609886 0.866874 0.885966 0.928133 0.911939 0.863470 0.942157 0.847823 0.876518 0.972770 0.872985 0.881214 0.856781 0.853308 1.000000 0.871661 0.916785 0.784264 0.902376 0.773163 0.830980 0.653766 
0.722874 0.401166 0.908752 0.835882 0.833021 0.924584 0.829339 0.703451 0.842094 0.841332 0.829143 0.868457 0.907060 0.893484 0.805372 0.826481 0.912219 0.940008 0.913762 0.818610 0.874153 0.871661 1.000000 0.915307 0.816750 0.945583 0.803046 0.885698 0.758178 
0.737779 0.412587 0.984371 0.832072 0.871985 0.899642 0.877741 0.638435 0.864194 0.860493 0.837410 0.898589 0.910352 0.875591 0.864094 0.867950 0.933088 0.899663 0.955624 0.821275 0.895721 0.916785 0.915307 1.000000 0.858065 0.938404 0.844092 0.897901 0.668188 
0.688722 0.622776 0.837465 0.736499 0.996823 0.757759 0.778894 0.702671 0.825505 0.811342 0.793951 0.818454 0.835773 0.783136 0.811936 0.840975 0.797713 0.770750 0.894123 0.798581 0.933185 0.784264 0.816750 0.858065 1.000000 0.824747 0.995777 0.890641 0.734113 
0.768369 0.443372 0.910826 0.816487 0.838308 0.933664 0.924314 0.711488 0.807805 0.801606 0.804505 0.855313 0.851236 0.847930 0.816096 0.799291 0.912046 0.887891 0.900724 0.779987 0.849425 0.902376 0.945583 0.938404 0.824747 1.000000 0.821707 0.916898 0.733918 
0.694658 0.643112 0.812901 0.723528 0.993002 0.754224 0.784061 0.713643 0.768405 0.755146 0.750805 0.766582 0.787511 0.751534 0.775468 0.782347 0.771808 0.752242 0.868486 0.751280 0.901021 0.773163 0.803046 0.844092 0.995777 0.821707 1.000000 0.895717 0.741075 
0.732852 0.584056 0.864336 0.755086 0.895696 0.837758 0.918222 0.756613 0.750513 0.751395 0.740745 0.789762 0.796896 0.773112 0.785548 0.756926 0.839025 0.803892 0.881027 0.739399 0.843840 0.830980 0.885698 0.897901 0.890641 0.916898 0.895717 1.000000 0.751623 
0.635019 0.712810 0.655392 0.634673 0.733908 0.668447 0.686274 0.956048 0.658793 0.652248 0.647898 0.646335 0.670923 0.637390 0.675705 0.659971 0.639297 0.674802 0.683107 0.676036 0.697592 0.653766 0.758178 0.668188 0.734113 0.733918 0.741075 0.751623 1.000000 
