1.000000 0.845801 0.842012 0.902398 0.909597 0.962767 0.904977 0.736340 0.728788 0.865805 0.787634 0.886009 0.768534 0.967348 0.798608 0.943471 0.981840 0.884906 0.823482 0.861175 0.868998 0.979652 0.852735 0.857488 0.890973 0.791960 0.826622 0.724924 0.662590 
0.845801 1.000000 0.827729 0.576616 0.866511 0.924173 0.972872 0.975078 0.699521 0.764791 0.408919 0.829943 0.786416 0.721185 0.785412 0.759952 0.848036 0.915687 0.862184 0.627284 0.861663 0.845632 0.938711 0.941845 0.896503 0.945244 0.959632 0.950993 0.937190 
0.842012 0.827729 1.000000 0.570429 0.966278 0.903881 0.887965 0.751100 0.972411 0.980204 0.384719 0.977952 0.990518 0.713340 0.990973 0.918814 0.840561 0.912460 0.992914 0.789792 0.992773 0.876021 0.903016 0.900836 0.954348 0.828520 0.901112 0.775446 0.689929 
0.902398 0.576616 0.570429 1.000000 0.684578 0.770146 0.657896 0.441837 0.457139 0.656321 0.975312 0.657055 0.470405 0.971220 0.523422 0.819449 0.872186 0.635755 0.524640 0.804220 0.605809 0.854577 0.573519 0.581836 0.644875 0.501702 0.524979 0.415992 0.365171 
0.909597 0.866511 0.966278 0.684578 1.000000 0.935942 0.920522 0.780049 0.910333 0.941601 0.521973 0.938800 0.939004 0.798626 0.951462 0.960670 0.888109 0.906824 0.959217 0.876917 0.984486 0.927756 0.899248 0.900221 0.991400 0.837061 0.910369 0.788468 0.719207 
0.962767 0.924173 0.903881 0.770146 0.935942 1.000000 0.979730 0.856311 0.790407 0.892781 0.613377 0.935839 0.852494 0.894302 0.857372 0.911093 0.978624 0.975690 0.911522 0.790947 0.927359 0.977156 0.961740 0.963758 0.935740 0.922521 0.937298 0.868196 0.796714 
0.904977 0.972872 0.887965 0.657896 0.920522 0.979730 1.000000 0.936228 0.769770 0.843973 0.486331 0.900721 0.848592 0.806139 0.841668 0.845599 0.925891 0.977112 0.915393 0.720785 0.918141 0.928457 0.983173 0.986368 0.938507 0.971051 0.980706 0.944858 0.890966 
0.736340 0.975078 0.751100 0.441837 0.780049 0.856311 0.936228 1.000000 0.619700 0.667400 0.270540 0.750844 0.722865 0.607201 0.706923 0.639181 0.762677 0.877949 0.806697 0.498074 0.789987 0.755412 0.917576 0.918424 0.828788 0.952903 0.942977 0.983000 0.988852 
0.728788 0.699521 0.972411 0.457139 0.910333 0.790407 0.769770 0.619700 1.000000 0.961035 0.275616 0.928104 0.987488 0.594056 0.975079 0.874221 0.722817 0.816189 0.955015 0.771495 0.948205 0.780069 0.799327 0.797616 0.884799 0.707770 0.802331 0.652289 0.559510 
0.865805 0.764791 0.980204 0.656321 0.941601 0.892781 0.843973 0.667400 0.961035 1.000000 0.490968 0.986335 0.960429 0.773000 0.969206 0.944190 0.864345 0.883494 0.955868 0.816884 0.967818 0.892200 0.853423 0.853147 0.915962 0.758747 0.836950 0.690073 0.596570 
0.787634 0.408919 0.384719 0.975312 0.521973 0.613377 0.486331 0.270540 0.275616 0.490968 1.000000 0.482318 0.276363 0.897621 0.340924 0.692440 0.746369 0.454355 0.329088 0.714834 0.424653 0.722598 0.385020 0.394862 0.476850 0.315958 0.335331 0.232485 0.198620 
0.886009 0.829943 0.977952 0.657055 0.938800 0.935839 0.900721 0.750844 0.928104 0.986335 0.482318 1.000000 0.950731 0.791839 0.959609 0.919977 0.901175 0.935321 0.967973 0.762519 0.972171 0.911568 0.914385 0.913573 0.927518 0.838117 0.894178 0.776663 0.684765 
0.768534 0.786416 0.990518 0.470405 0.939004 0.852494 0.848592 0.722865 0.987488 0.960429 0.276363 0.950731 1.000000 0.626953 0.984364 0.877182 0.774287 0.885182 0.988189 0.757981 0.976305 0.822165 0.878935 0.876250 0.926766 0.806654 0.880753 0.757625 0.668227 
0.967348 0.721185 0.713340 0.971220 0.798626 0.894302 0.806139 0.607201 0.594056 0.773000 0.897621 0.791839 0.626953 1.000000 0.659422 0.889038 0.962877 0.799613 0.685952 0.834735 0.744700 0.947913 0.747967 0.754281 0.769343 0.684760 0.696373 0.600636 0.533088 
0.798608 0.785412 0.990973 0.523422 0.951462 0.857372 0.841668 0.706923 0.975079 0.969206 0.340924 0.959609 0.984364 0.659422 1.000000 0.897145 0.787599 0.861567 0.979272 0.758608 0.982275 0.825311 0.858314 0.854160 0.942614 0.777988 0.867887 0.729558 0.646931 
0.943471 0.759952 0.918814 0.819449 0.960670 0.911093 0.845599 0.639181 0.874221 0.944190 0.692440 0.919977 0.877182 0.889038 0.897145 1.000000 0.916597 0.851626 0.886204 0.947642 0.929805 0.953078 0.813631 0.816190 0.925017 0.722965 0.796386 0.644615 0.563808 
0.981840 0.848036 0.840561 0.872186 0.888109 0.978624 0.925891 0.762677 0.722817 0.864345 0.746369 0.901175 0.774287 0.962877 0.787599 0.916597 1.000000 0.930737 0.834648 0.816137 0.865994 0.989476 0.897525 0.901434 0.874892 0.846943 0.853661 0.774473 0.695583 
0.884906 0.915687 0.912460 0.635755 0.906824 0.975690 0.977112 0.877949 0.816189 0.883494 0.454355 0.935321 0.885182 0.799613 0.861567 0.851626 0.930737 1.000000 0.936348 0.717624 0.925640 0.933920 0.992185 0.992920 0.912722 0.964178 0.962384 0.913480 0.828106 
0.823482 0.862184 0.992914 0.524640 0.959217 0.911522 0.915393 0.806697 0.955015 0.955868 0.329088 0.967973 0.988189 0.685952 0.979272 0.886204 0.834648 0.936348 1.000000 0.750418 0.990587 0.867598 0.936540 0.934454 0.958602 0.879416 0.938560 0.836609 0.753981 
0.861175 0.627284 0.789792 0.804220 0.876917 0.790947 0.720785 0.498074 0.771495 0.816884 0.714834 0.762519 0.757981 0.834735 0.758608 0.947642 0.816137 0.717624 0.750418 1.000000 0.806066 0.881228 0.668786 0.676043 0.822790 0.581114 0.654251 0.499066 0.426036 
0.868998 0.861663 0.992773 0.605809 0.984486 0.927359 0.918141 0.789987 0.948205 0.967818 0.424653 0.972171 0.976305 0.744700 0.982275 0.929805 0.865994 0.925640 0.990587 0.806066 1.000000 0.899523 0.921032 0.920034 0.981521 0.857389 0.927959 0.811112 0.733282 
0.979652 0.845632 0.876021 0.854577 0.927756 0.977156 0.928457 0.755412 0.780069 0.892200 0.722598 0.911568 0.822165 0.947913 0.825311 0.953078 0.989476 0.933920 0.867598 0.881228 0.899523 1.000000 0.899976 0.904552 0.907605 0.843747 0.863200 0.769814 0.688271 
0.852735 0.938711 0.903016 0.573519 0.899248 0.961740 0.983173 0.917576 0.799327 0.853423 0.385020 0.914385 0.878935 0.747967 0.858314 0.813631 0.897525 0.992185 0.936540 0.668786 0.921032 0.899976 1.000000 0.998444 0.917230 0.985591 0.981060 0.949962 0.877459 
0.857488 0.941845 0.900836 0.581836 0.900221 0.963758 0.986368 0.918424 0.797616 0.853147 0.394862 0.913573 0.876250 0.754281 0.854160 0.816190 0.901434 0.992920 0.934454 0.676043 0.920034 0.904552 0.998444 1.000000 0.918083 0.985081 0.984166 0.950833 0.875658 
0.890973 0.896503 0.954348 0.644875 0.991400 0.935740 0.938507 0.828788 0.884799 0.915962 0.476850 0.927518 0.926766 0.769343 0.942614 0.925017 0.874892 0.912722 0.958602 0.822790 0.981521 0.907605 0.917230 0.918083 1.000000 0.871007 0.941486 0.837849 0.777350 
0.791960 0.945244 0.828520 0.501702 0.837061 0.922521 0.971051 0.952903 0.707770 0.758747 0.315958 0.838117 0.806654 0.684760 0.777988 0.722965 0.846943 0.964178 0.879416 0.581114 0.857389 0.843747 0.985591 0.985081 0.871007 1.000000 0.975472 0.984072 0.927132 
0.826622 0.959632 0.901112 0.524979 0.910369 0.937298 0.980706 0.942977 0.802331 0.836950 0.335331 0.894178 0.880753 0.696373 0.867887 0.796386 0.853661 0.962384 0.938560 0.654251 0.927959 0.863200 0.981060 0.984166 0.941486 0.975472 1.000000 0.964087 0.905823 
0.724924 0.950993 0.775446 0.415992 0.788468 0.868196 0.944858 0.983000 0.652289 0.690073 0.232485 0.776663 0.757625 0.600636 0.729558 0.644615 0.774473 0.913480 0.836609 0.499066 0.811112 0.769814 0.949962 0.950833 0.837849 0.984072 0.964087 1.000000 0.971832 
0.662590 0.937190 0.689929 0.365171 0.719207 0.796714 0.890966 0.988852 0.559510 0.596570 0.198620 0.684765 0.668227 0.533088 0.646931 0.563808 0.695583 0.828106 0.753981 0.426036 0.733282 0.688271 0.877459 0.875658 0.777350 0.927132 0.905823 0.971832 1.000000 
