1.000000 0.939334 0.222483 0.143036 0.508622 0.165849 0.218853 0.228671 0.328451 0.297547 0.600159 0.771249 0.706453 0.670000 0.215259 0.165506 0.258175 0.310091 0.367723 0.327249 0.104066 0.326203 0.115020 0.164271 0.929465 0.571076 0.043193 0.092111 0.073575
0.939334 1.000000 0.068865 0.021439 0.267862 0.029103 0.054102 0.059966 0.128895 0.101837 0.379718 0.540224 0.467182 0.427513 0.053928 0.026505 0.079555 0.120541 0.162809 0.125325 0.009231 0.133084 0.009411 0.031532 0.760815 0.414937 0.000000 0.008054 0.001786
0.222483 0.068865 1.000000 0.868015 0.819712 0.901792 0.852891 0.860129 0.933442 0.800651 0.490640 0.652192 0.656703 0.651850 0.616275 0.685629 0.684552 0.758382 0.694599 0.620621 0.390685 0.499135 0.537992 0.536156 0.425210 0.286126 0.849389 0.938768 0.881434
0.143036 0.021439 0.868015 1.000000 0.815984 0.939722 0.964364 0.963113 0.929057 0.912598 0.428112 0.548190 0.654495 0.648057 0.617827 0.721700 0.675755 0.703983 0.634695 0.636796 0.403660 0.488536 0.575676 0.522676 0.367998 0.227810 0.826411 0.885915 0.960643
0.508622 0.267862 0.819712 0.815984 1.000000 0.849638 0.906793 0.911597 0.950051 0.940250 0.790424 0.909236 0.947365 0.943802 0.774503 0.791376 0.826928 0.846056 0.846519 0.846285 0.545324 0.750316 0.665750 0.675720 0.753606 0.546319 0.557009 0.673546 0.698109
0.165849 0.029103 0.901792 0.939722 0.849638 1.000000 0.953291 0.960873 0.952428 0.908326 0.556398 0.614109 0.668129 0.687730 0.768434 0.852542 0.828290 0.859298 0.788817 0.753338 0.567519 0.634474 0.724538 0.697464 0.385791 0.323258 0.778773 0.862752 0.912381
0.218853 0.054102 0.852891 0.964364 0.906793 0.953291 1.000000 0.996121 0.958446 0.980592 0.588964 0.666240 0.760606 0.765949 0.772604 0.847894 0.812630 0.804100 0.764361 0.797745 0.561887 0.667643 0.720680 0.677654 0.469912 0.344212 0.717558 0.804874 0.879020
0.228671 0.059966 0.860129 0.963113 0.911597 0.960873 0.996121 1.000000 0.966268 0.982409 0.593875 0.675958 0.769138 0.775978 0.767829 0.843107 0.810386 0.806008 0.766485 0.795935 0.558690 0.667080 0.715004 0.669147 0.480776 0.354920 0.713754 0.806774 0.881058
0.328451 0.128895 0.933442 0.929057 0.950051 0.952428 0.958446 0.966268 1.000000 0.943695 0.651784 0.776912 0.823599 0.829422 0.739939 0.799994 0.806140 0.852420 0.811484 0.767578 0.507953 0.648511 0.657829 0.643888 0.574703 0.424560 0.746397 0.847176 0.867117
0.297547 0.101837 0.800651 0.912598 0.940250 0.908326 0.980592 0.982409 0.943695 1.000000 0.663984 0.733387 0.834610 0.841884 0.793459 0.847454 0.823030 0.794041 0.780980 0.845094 0.593875 0.730373 0.733978 0.684354 0.562423 0.419435 0.617014 0.718593 0.795729
0.600159 0.379718 0.490640 0.428112 0.790424 0.556398 0.588964 0.593875 0.651784 0.663984 1.000000 0.863897 0.802683 0.886325 0.807648 0.736163 0.832486 0.821620 0.904253 0.810257 0.710728 0.865566 0.716971 0.759779 0.742245 0.873600 0.207662 0.302228 0.309731
0.771249 0.540224 0.652192 0.548190 0.909236 0.614109 0.666240 0.675958 0.776912 0.733387 0.863897 1.000000 0.955193 0.949862 0.644576 0.607983 0.699783 0.746411 0.787109 0.735747 0.437674 0.693133 0.505757 0.560542 0.920170 0.683544 0.335200 0.450231 0.431318
0.706453 0.467182 0.656703 0.654495 0.947365 0.668129 0.760606 0.769138 0.823599 0.834610 0.802683 0.955193 1.000000 0.973908 0.641673 0.629906 0.693525 0.712141 0.740249 0.768570 0.427871 0.690101 0.516019 0.540161 0.909498 0.593774 0.384567 0.495415 0.516353
0.670000 0.427513 0.651850 0.648057 0.943802 0.687730 0.765949 0.775978 0.829422 0.841884 0.886325 0.949862 0.973908 1.000000 0.714521 0.696863 0.764960 0.782702 0.827828 0.791479 0.526437 0.749060 0.605422 0.611548 0.874232 0.725548 0.373333 0.482735 0.508031
0.215259 0.053928 0.616275 0.617827 0.774503 0.768434 0.772604 0.767829 0.739939 0.793459 0.807648 0.644576 0.641673 0.714521 1.000000 0.982395 0.982044 0.889313 0.917611 0.945731 0.932331 0.951204 0.976476 0.977598 0.412539 0.544190 0.375866 0.475287 0.518100
0.165506 0.026505 0.685629 0.721700 0.791376 0.852542 0.847894 0.843107 0.799994 0.847454 0.736163 0.607983 0.629906 0.696863 0.982395 1.000000 0.976647 0.899351 0.900807 0.921668 0.890883 0.892893 0.970741 0.948937 0.369805 0.474115 0.480258 0.575759 0.633797
0.258175 0.079555 0.684552 0.675755 0.826928 0.828290 0.812630 0.810386 0.806140 0.823030 0.832486 0.699783 0.693525 0.764960 0.982044 0.976647 1.000000 0.954414 0.961657 0.931754 0.874912 0.921297 0.941739 0.956253 0.464339 0.574564 0.445125 0.544550 0.584149
0.310091 0.120541 0.758382 0.703983 0.846056 0.859298 0.804100 0.806008 0.852420 0.794041 0.821620 0.746411 0.712141 0.782702 0.889313 0.899351 0.954414 1.000000 0.978653 0.827289 0.733159 0.801263 0.825582 0.861910 0.507194 0.606637 0.521524 0.618353 0.636262
0.367723 0.162809 0.694599 0.634695 0.846519 0.788817 0.764361 0.766485 0.811484 0.780980 0.904253 0.787109 0.740249 0.827828 0.917611 0.900807 0.961657 0.978653 1.000000 0.853096 0.788738 0.859565 0.853566 0.882532 0.560576 0.716412 0.421998 0.526401 0.541756
0.327249 0.125325 0.620621 0.636796 0.846285 0.753338 0.797745 0.795935 0.767578 0.845094 0.810257 0.735747 0.768570 0.791479 0.945731 0.921668 0.931754 0.827289 0.853096 1.000000 0.828618 0.966187 0.880819 0.901738 0.547966 0.495137 0.368006 0.474847 0.520288
0.104066 0.009231 0.390685 0.403660 0.545324 0.567519 0.561887 0.558690 0.507953 0.593875 0.710728 0.437674 0.427871 0.526437 0.932331 0.890883 0.874912 0.733159 0.788738 0.828618 1.000000 0.905120 0.969017 0.938771 0.243487 0.511027 0.202802 0.276091 0.320481
0.326203 0.133084 0.499135 0.488536 0.750316 0.634474 0.667643 0.667080 0.648511 0.730373 0.865566 0.693133 0.690101 0.749060 0.951204 0.892893 0.921297 0.801263 0.859565 0.966187 0.905120 1.000000 0.903682 0.924624 0.513714 0.595212 0.246593 0.342185 0.376086
0.115020 0.009411 0.537992 0.575676 0.665750 0.724538 0.720680 0.715004 0.657829 0.733978 0.716971 0.505757 0.516019 0.605422 0.976476 0.970741 0.941739 0.825582 0.853566 0.880819 0.969017 0.903682 1.000000 0.961359 0.285685 0.487200 0.343393 0.427949 0.486580
0.164271 0.031532 0.536156 0.522676 0.675720 0.697464 0.677654 0.669147 0.643888 0.684354 0.759779 0.560542 0.540161 0.611548 0.977598 0.948937 0.956253 0.861910 0.882532 0.901738 0.938771 0.924624 0.961359 1.000000 0.330638 0.488294 0.312955 0.402317 0.438945
0.929465 0.760815 0.425210 0.367998 0.753606 0.385791 0.469912 0.480776 0.574703 0.562423 0.742245 0.920170 0.909498 0.874232 0.412539 0.369805 0.464339 0.507194 0.560576 0.547966 0.243487 0.513714 0.285685 0.330638 1.000000 0.630078 0.174194 0.259944 0.251658
0.571076 0.414937 0.286126 0.227810 0.546319 0.323258 0.344212 0.354920 0.424560 0.419435 0.873600 0.683544 0.593774 0.725548 0.544190 0.474115 0.574564 0.606637 0.716412 0.495137 0.511027 0.595212 0.487200 0.488294 0.630078 1.000000 0.080531 0.139632 0.140558
0.043193 0.000000 0.849389 0.826411 0.557009 0.778773 0.717558 0.713754 0.746397 0.617014 0.207662 0.335200 0.384567 0.373333 0.375866 0.480258 0.445125 0.521524 0.421998 0.368006 0.202802 0.246593 0.343393 0.312955 0.174194 0.080531 1.000000 0.972371 0.930936
0.092111 0.008054 0.938768 0.885915 0.673546 0.862752 0.804874 0.806774 0.847176 0.718593 0.302228 0.450231 0.495415 0.482735 0.475287 0.575759 0.544550 0.618353 0.526401 0.474847 0.276091 0.342185 0.427949 0.402317 0.259944 0.139632 0.972371 1.000000 0.958024
0.073575 0.001786 0.881434 0.960643 0.698109 0.912381 0.879020 0.881058 0.867117 0.795729 0.309731 0.431318 0.516353 0.508031 0.518100 0.633797 0.584149 0.636262 0.541756 0.520288 0.320481 0.376086 0.486580 0.438945 0.251658 0.140558 0.930936 0.958024 1.000000
