1.000000 0.652192 0.644576 0.771249 0.787109 0.909236 0.776912 0.450231 0.437674 0.693133 0.540224 0.735747 0.505757 0.920170 0.560542 0.863897 0.955193 0.733387 0.607983 0.683544 0.699783 0.949862 0.666240 0.675958 0.746411 0.548190 0.614109 0.431318 0.335200 
0.652192 1.000000 0.616275 0.222483 0.694599 0.819712 0.933442 0.938768 0.390685 0.499135 0.068865 0.620621 0.537992 0.425210 0.536156 0.490640 0.656703 0.800651 0.685629 0.286126 0.684552 0.651850 0.852891 0.860129 0.758382 0.868015 0.901792 0.881434 0.849389 
0.644576 0.616275 1.000000 0.215259 0.917611 0.774503 0.739939 0.475287 0.932331 0.951204 0.053928 0.945731 0.976476 0.412539 0.977598 0.807648 0.641673 0.793459 0.982395 0.544190 0.982044 0.714521 0.772604 0.767829 0.889313 0.617827 0.768434 0.518100 0.375866 
0.771249 0.222483 0.215259 1.000000 0.367723 0.508622 0.328451 0.092111 0.104066 0.326203 0.939334 0.327249 0.115020 0.929465 0.164271 0.600159 0.706453 0.297547 0.165506 0.571076 0.258175 0.670000 0.218853 0.228671 0.310091 0.143036 0.165849 0.073575 0.043193 
0.787109 0.694599 0.917611 0.367723 1.000000 0.846519 0.811484 0.526401 0.788738 0.859565 0.162809 0.853096 0.853566 0.560576 0.882532 0.904253 0.740249 0.780980 0.900807 0.716412 0.961657 0.827828 0.764361 0.766485 0.978653 0.634695 0.788817 0.541756 0.421998 
0.909236 0.819712 0.774503 0.508622 0.846519 1.000000 0.950051 0.673546 0.545324 0.750316 0.267862 0.846285 0.665750 0.753606 0.675720 0.790424 0.947365 0.940250 0.791376 0.546319 0.826928 0.943802 0.906793 0.911597 0.846056 0.815984 0.849638 0.698109 0.557009 
0.776912 0.933442 0.739939 0.328451 0.811484 0.950051 1.000000 0.847176 0.507953 0.648511 0.128895 0.767578 0.657829 0.574703 0.643888 0.651784 0.823599 0.943695 0.799994 0.424560 0.806140 0.829422 0.958446 0.966268 0.852420 0.929057 0.952428 0.867117 0.746397 
0.450231 0.938768 0.475287 0.092111 0.526401 0.673546 0.847176 1.000000 0.276091 0.342185 0.008054 0.474847 0.427949 0.259944 0.402317 0.302228 0.495415 0.718593 0.575759 0.139632 0.544550 0.482735 0.804874 0.806774 0.618353 0.885915 0.862752 0.958024 0.972371 
0.437674 0.390685 0.932331 0.104066 0.788738 0.545324 0.507953 0.276091 1.000000 0.905120 0.009231 0.828618 0.969017 0.243487 0.938771 0.710728 0.427871 0.593875 0.890883 0.511027 0.874912 0.526437 0.561887 0.558690 0.733159 0.403660 0.567519 0.320481 0.202802 
0.693133 0.499135 0.951204 0.326203 0.859565 0.750316 0.648511 0.342185 0.905120 1.000000 0.133084 0.966187 0.903682 0.513714 0.924624 0.865566 0.690101 0.730373 0.892893 0.595212 0.921297 0.749060 0.667643 0.667080 0.801263 0.488536 0.634474 0.376086 0.246593 
0.540224 0.068865 0.053928 0.939334 0.162809 0.267862 0.128895 0.008054 0.009231 0.133084 1.000000 0.125325 0.009411 0.760815 0.031532 0.379718 0.467182 0.101837 0.026505 0.414937 0.079555 0.427513 0.054102 0.059966 0.120541 0.021439 0.029103 0.001786 0.000000 
0.735747 0.620621 0.945731 0.327249 0.853096 0.846285 0.767578 0.474847 0.828618 0.966187 0.125325 1.000000 0.880819 0.547966 0.901738 0.810257 0.768570 0.845094 0.921668 0.495137 0.931754 0.791479 0.797745 0.795935 0.827289 0.636796 0.753338 0.520288 0.368006 
0.505757 0.537992 0.976476 0.115020 0.853566 0.665750 0.657829 0.427949 0.969017 0.903682 0.009411 0.880819 1.000000 0.285685 0.961359 0.716971 0.516019 0.733978 0.970741 0.487200 0.941739 0.605422 0.720680 0.715004 0.825582 0.575676 0.724538 0.486580 0.343393 
0.920170 0.425210 0.412539 0.929465 0.560576 0.753606 0.574703 0.259944 0.243487 0.513714 0.760815 0.547966 0.285685 1.000000 0.330638 0.742245 0.909498 0.562423 0.369805 0.630078 0.464339 0.874232 0.469912 0.480776 0.507194 0.367998 0.385791 0.251658 0.174194 
0.560542 0.536156 0.977598 0.164271 0.882532 0.675720 0.643888 0.402317 0.938771 0.924624 0.031532 0.901738 0.961359 0.330638 1.000000 0.759779 0.540161 0.684354 0.948937 0.488294 0.956253 0.611548 0.677654 0.669147 0.861910 0.522676 0.697464 0.438945 0.312955 
0.863897 0.490640 0.807648 0.600159 0.904253 0.790424 0.651784 0.302228 0.710728 0.865566 0.379718 0.810257 0.716971 0.742245 0.759779 1.000000 0.802683 0.663984 0.736163 0.873600 0.832486 0.886325 0.588964 0.593875 0.821620 0.428112 0.556398 0.309731 0.207662 
0.955193 0.656703 0.641673 0.706453 0.740249 0.947365 0.823599 0.495415 0.427871 0.690101 0.467182 0.768570 0.516019 0.909498 0.540161 0.802683 1.000000 0.834610 0.629906 0.593774 0.693525 0.973908 0.760606 0.769138 0.712141 0.654495 0.668129 0.516353 0.384567 
0.733387 0.800651 0.793459 0.297547 0.780980 0.940250 0.943695 0.718593 0.593875 0.730373 0.101837 0.845094 0.733978 0.562423 0.684354 0.663984 0.834610 1.000000 0.847454 0.419435 0.823030 0.841884 0.980592 0.982409 0.794041 0.912598 0.908326 0.795729 0.617014 
0.607983 0.685629 0.982395 0.165506 0.900807 0.791376 0.799994 0.575759 0.890883 0.892893 0.026505 0.921668 0.970741 0.369805 0.948937 0.736163 0.629906 0.847454 1.000000 0.474115 0.976647 0.696863 0.847894 0.843107 0.899351 0.721700 0.852542 0.633797 0.480258 
0.683544 0.286126 0.544190 0.571076 0.716412 0.546319 0.424560 0.139632 0.511027 0.595212 0.414937 0.495137 0.487200 0.630078 0.488294 0.873600 0.593774 0.419435 0.474115 1.000000 0.574564 0.725548 0.344212 0.354920 0.606637 0.227810 0.323258 0.140558 0.080531 
0.699783 0.684552 0.982044 0.258175 0.961657 0.826928 0.806140 0.544550 0.874912 0.921297 0.079555 0.931754 0.941739 0.464339 0.956253 0.832486 0.693525 0.823030 0.976647 0.574564 1.000000 0.764960 0.812630 0.810386 0.954414 0.675755 0.828290 0.584149 0.445125 
0.949862 0.651850 0.714521 0.670000 0.827828 0.943802 0.829422 0.482735 0.526437 0.749060 0.427513 0.791479 0.605422 0.874232 0.611548 0.886325 0.973908 0.841884 0.696863 0.725548 0.764960 1.000000 0.765949 0.775978 0.782702 0.648057 0.687730 0.508031 0.373333 
0.666240 0.852891 0.772604 0.218853 0.764361 0.906793 0.958446 0.804874 0.561887 0.667643 0.054102 0.797745 0.720680 0.469912 0.677654 0.588964 0.760606 0.980592 0.847894 0.344212 0.812630 0.765949 1.000000 0.996121 0.804100 0.964364 0.953291 0.879020 0.717558 
0.675958 0.860129 0.767829 0.228671 0.766485 0.911597 0.966268 0.806774 0.558690 0.667080 0.059966 0.795935 0.715004 0.480776 0.669147 0.593875 0.769138 0.982409 0.843107 0.354920 0.810386 0.775978 0.996121 1.000000 0.806008 0.963113 0.960873 0.881058 0.713754 
0.746411 0.758382 0.889313 0.310091 0.978653 0.846056 0.852420 0.618353 0.733159 0.801263 0.120541 0.827289 0.825582 0.507194 0.861910 0.821620 0.712141 0.794041 0.899351 0.606637 0.954414 0.782702 0.804100 0.806008 1.000000 0.703983 0.859298 0.636262 0.521524 
0.548190 0.868015 0.617827 0.143036 0.634695 0.815984 0.929057 0.885915 0.403660 0.488536 0.021439 0.636796 0.575676 0.367998 0.522676 0.428112 0.654495 0.912598 0.721700 0.227810 0.675755 0.648057 0.964364 0.963113 0.703983 1.000000 0.939722 0.960643 0.826411 
0.614109 0.901792 0.768434 0.165849 0.788817 0.849638 0.952428 0.862752 0.567519 0.634474 0.029103 0.753338 0.724538 0.385791 0.697464 0.556398 0.668129 0.908326 0.852542 0.323258 0.828290 0.687730 0.953291 0.960873 0.859298 0.939722 1.000000 0.912381 0.778773 
0.431318 0.881434 0.518100 0.073575 0.541756 0.698109 0.867117 0.958024 0.320481 0.376086 0.001786 0.520288 0.486580 0.251658 0.438945 0.309731 0.516353 0.795729 0.633797 0.140558 0.584149 0.508031 0.879020 0.881058 0.636262 0.960643 0.912381 1.000000 0.930936 
0.335200 0.849389 0.375866 0.043193 0.421998 0.557009 0.746397 0.972371 0.202802 0.246593 0.000000 0.368006 0.343393 0.174194 0.312955 0.207662 0.384567 0.617014 0.480258 0.080531 0.445125 0.373333 0.717558 0.713754 0.521524 0.826411 0.778773 0.930936 1.000000 
