1.000000 0.717635 0.764272 0.389113 0.355274 0.432521 0.596675 0.047424 0.043969 0.036684 0.040146 0.007590 0.011310 0.009081 0.350635 0.130460 0.064902 0.088349 0.049999 0.099458 0.190645 0.120161 0.169687 0.280610 0.442092 0.386071 0.507462 0.539416 0.555247
0.717635 1.000000 0.941444 0.672688 0.602875 0.732290 0.886384 0.055452 0.034902 0.057200 0.036651 0.058017 0.029590 0.015025 0.149320 0.034813 0.010791 0.018472 0.017086 0.048943 0.137749 0.082694 0.130846 0.267226 0.386273 0.246341 0.364478 0.482817 0.421327
0.764272 0.941444 1.000000 0.711908 0.672175 0.714268 0.911985 0.024549 0.013913 0.018701 0.011412 0.014739 0.011936 0.005779 0.114770 0.016441 0.003114 0.006839 0.007719 0.030800 0.108979 0.072553 0.135292 0.238995 0.290110 0.213041 0.398495 0.383632 0.370867
0.389113 0.672688 0.711908 1.000000 0.977166 0.937967 0.785141 0.003550 0.001167 0.001273 0.000453 0.000799 0.001742 0.000272 0.033615 0.002544 0.000164 0.000626 0.001582 0.008965 0.038575 0.031009 0.061433 0.092794 0.087534 0.092191 0.197272 0.190864 0.173348
0.355274 0.602875 0.672175 0.977166 1.000000 0.849833 0.772426 0.000551 0.000090 0.000019 0.000001 0.000000 0.000196 0.000012 0.020690 0.000640 0.000001 0.000052 0.000330 0.003841 0.022155 0.019024 0.045343 0.064257 0.051786 0.065952 0.161102 0.135785 0.127627
0.432521 0.732290 0.714268 0.937967 0.849833 1.000000 0.723261 0.022224 0.010468 0.015131 0.007898 0.012370 0.011481 0.002182 0.076735 0.015618 0.004218 0.007524 0.011624 0.032989 0.093645 0.071997 0.105752 0.162329 0.180970 0.166108 0.278792 0.322294 0.284478
0.596675 0.886384 0.911985 0.785141 0.772426 0.723261 1.000000 0.005251 0.002717 0.004321 0.002131 0.006414 0.001998 0.001811 0.048926 0.003412 0.000194 0.000836 0.001095 0.007748 0.037052 0.020271 0.056603 0.115502 0.150083 0.106620 0.196369 0.228663 0.199656
0.047424 0.055452 0.024549 0.003550 0.000551 0.022224 0.005251 1.000000 0.913707 0.857066 0.817840 0.331492 0.782620 0.457543 0.168829 0.152011 0.089561 0.117323 0.317370 0.458431 0.527462 0.371973 0.186712 0.478285 0.517531 0.233897 0.148223 0.336501 0.294255
0.043969 0.034902 0.013913 0.001167 0.000090 0.010468 0.002717 0.913707 1.000000 0.803552 0.897440 0.221355 0.713078 0.609250 0.144845 0.135373 0.078732 0.104457 0.252119 0.365608 0.383102 0.233001 0.102631 0.383149 0.413250 0.161599 0.090317 0.246171 0.212004
0.036684 0.057200 0.018701 0.001273 0.000019 0.015131 0.004321 0.857066 0.803552 1.000000 0.921270 0.586553 0.773308 0.536685 0.149417 0.153751 0.100251 0.125729 0.158334 0.243378 0.297324 0.164621 0.063930 0.308621 0.503053 0.140639 0.084547 0.297113 0.224187
0.040146 0.036651 0.011412 0.000453 0.000001 0.007898 0.002131 0.817840 0.897440 0.921270 1.000000 0.357824 0.731482 0.663735 0.157419 0.168153 0.110879 0.138681 0.145712 0.224674 0.251076 0.127106 0.041730 0.272325 0.430090 0.119697 0.067843 0.247451 0.192797
0.007590 0.058017 0.014739 0.000799 0.000000 0.012370 0.006414 0.331492 0.221355 0.586553 0.357824 1.000000 0.344928 0.167559 0.035528 0.038057 0.026240 0.032256 0.032360 0.049795 0.073773 0.028625 0.011169 0.087708 0.275303 0.034858 0.016975 0.133336 0.073952
0.011310 0.029590 0.011936 0.001742 0.000196 0.011481 0.001998 0.782620 0.713078 0.773308 0.731482 0.344928 1.000000 0.666292 0.025958 0.023413 0.008089 0.014076 0.059299 0.127668 0.199990 0.125846 0.038480 0.261551 0.264873 0.043356 0.048547 0.140266 0.102817
0.009081 0.015025 0.005779 0.000272 0.000012 0.002182 0.001811 0.457543 0.609250 0.536685 0.663735 0.167559 0.666292 1.000000 0.003332 0.001632 0.000036 0.000431 0.002387 0.015086 0.039628 0.011141 0.002163 0.134954 0.123011 0.003099 0.006060 0.034158 0.020570
0.350635 0.149320 0.114770 0.033615 0.020690 0.076735 0.048926 0.168829 0.144845 0.149417 0.157419 0.035528 0.025958 0.003332 1.000000 0.863700 0.739963 0.800429 0.440274 0.489759 0.485167 0.370973 0.289303 0.252645 0.595537 0.796055 0.526656 0.692805 0.752868
0.130460 0.034813 0.016441 0.002544 0.000640 0.015618 0.003412 0.152011 0.135373 0.153751 0.168153 0.038057 0.023413 0.001632 0.863700 1.000000 0.963035 0.987391 0.482895 0.465015 0.347017 0.264247 0.139515 0.116771 0.374358 0.552185 0.250603 0.475621 0.485682
0.064902 0.010791 0.003114 0.000164 0.000001 0.004218 0.000194 0.089561 0.078732 0.100251 0.110879 0.026240 0.008089 0.000036 0.739963 0.963035 1.000000 0.992652 0.422218 0.368906 0.231631 0.181344 0.082653 0.052648 0.238780 0.414097 0.150839 0.323691 0.332989
0.088349 0.018472 0.006839 0.000626 0.000052 0.007524 0.000836 0.117323 0.104457 0.125729 0.138681 0.032256 0.014076 0.000431 0.800429 0.987391 0.992652 1.000000 0.451009 0.411785 0.281186 0.216620 0.106644 0.077680 0.298117 0.475245 0.191784 0.385618 0.396843
0.049999 0.017086 0.007719 0.001582 0.000330 0.011624 0.001095 0.317370 0.252119 0.158334 0.145712 0.032360 0.059299 0.002387 0.440274 0.482895 0.422218 0.451009 1.000000 0.944420 0.604708 0.516324 0.299393 0.205110 0.286179 0.507824 0.173849 0.323172 0.346398
0.099458 0.048943 0.030800 0.008965 0.003841 0.032989 0.007748 0.458431 0.365608 0.243378 0.224674 0.049795 0.127668 0.015086 0.489759 0.465015 0.368906 0.411785 0.944420 1.000000 0.787520 0.675239 0.424182 0.374615 0.428478 0.623869 0.298523 0.460434 0.494853
0.190645 0.137749 0.108979 0.038575 0.022155 0.093645 0.037052 0.527462 0.383102 0.297324 0.251076 0.073773 0.199990 0.039628 0.485167 0.347017 0.231631 0.281186 0.604708 0.787520 1.000000 0.920913 0.755647 0.739075 0.632729 0.776301 0.588813 0.642852 0.708918
0.120161 0.082694 0.072553 0.031009 0.019024 0.071997 0.020271 0.371973 0.233001 0.164621 0.127106 0.028625 0.125846 0.011141 0.370973 0.264247 0.181344 0.216620 0.516324 0.675239 0.920913 1.000000 0.852156 0.625193 0.436504 0.692057 0.550226 0.480884 0.574297
0.169687 0.130846 0.135292 0.061433 0.045343 0.105752 0.056603 0.186712 0.102631 0.063930 0.041730 0.011169 0.038480 0.002163 0.289303 0.139515 0.082653 0.106644 0.299393 0.424182 0.755647 0.852156 1.000000 0.628129 0.381603 0.658452 0.610560 0.392480 0.512155
0.280610 0.267226 0.238995 0.092794 0.064257 0.162329 0.115502 0.478285 0.383149 0.308621 0.272325 0.087708 0.261551 0.134954 0.252645 0.116771 0.052648 0.077680 0.205110 0.374615 0.739075 0.625193 0.628129 1.000000 0.605555 0.504469 0.570568 0.546539 0.588115
0.442092 0.386273 0.290110 0.087534 0.051786 0.180970 0.150083 0.517531 0.413250 0.503053 0.430090 0.275303 0.264873 0.123011 0.595537 0.374358 0.238780 0.298117 0.286179 0.428478 0.632729 0.436504 0.381603 0.605555 1.000000 0.669367 0.589566 0.837207 0.814629
0.386071 0.246341 0.213041 0.092191 0.065952 0.166108 0.106620 0.233897 0.161599 0.140639 0.119697 0.034858 0.043356 0.003099 0.796055 0.552185 0.414097 0.475245 0.507824 0.623869 0.776301 0.692057 0.658452 0.504469 0.669367 1.000000 0.748762 0.780906 0.881809
0.507462 0.364478 0.398495 0.197272 0.161102 0.278792 0.196369 0.148223 0.090317 0.084547 0.067843 0.016975 0.048547 0.006060 0.526656 0.250603 0.150839 0.191784 0.173849 0.298523 0.588813 0.550226 0.610560 0.570568 0.589566 0.748762 1.000000 0.698228 0.845887
0.539416 0.482817 0.383632 0.190864 0.135785 0.322294 0.228663 0.336501 0.246171 0.297113 0.247451 0.133336 0.140266 0.034158 0.692805 0.475621 0.323691 0.385618 0.323172 0.460434 0.642852 0.480884 0.392480 0.546539 0.837207 0.780906 0.698228 1.000000 0.952551
0.555247 0.421327 0.370867 0.173348 0.127627 0.284478 0.199656 0.294255 0.212004 0.224187 0.192797 0.073952 0.102817 0.020570 0.752868 0.485682 0.332989 0.396843 0.346398 0.494853 0.708918 0.574297 0.512155 0.588115 0.814629 0.881809 0.845887 0.952551 1.000000
