1.000000 0.671882 0.857067 0.770996 0.652738 0.983224 0.775084 0.557219 0.773990 0.672531 0.672914 0.762231 0.720454 0.715975 0.498583 0.610414 0.879819 0.917415 0.809627 0.294940 0.682245 0.805904 0.882223 0.939978 0.611547 0.714668 0.489500 0.594525 0.492745 
0.671882 1.000000 0.430253 0.217186 0.214441 0.642723 0.897041 0.977956 0.390489 0.192726 0.124931 0.291032 0.449857 0.160812 0.191747 0.184610 0.399811 0.530027 0.525642 0.091676 0.249735 0.745604 0.638118 0.546651 0.164143 0.889259 0.197677 0.893158 0.944899 
0.857067 0.430253 1.000000 0.689730 0.652902 0.886924 0.495319 0.308948 0.971726 0.838887 0.597274 0.920121 0.906938 0.640064 0.566648 0.714319 0.776410 0.915522 0.899937 0.312127 0.799581 0.556989 0.831085 0.852314 0.614730 0.454827 0.394030 0.304246 0.249434 
0.770996 0.217186 0.689730 1.000000 0.515431 0.776700 0.297091 0.098771 0.626048 0.775128 0.986978 0.764895 0.497612 0.995595 0.254879 0.492202 0.950247 0.812556 0.466436 0.079178 0.513314 0.485639 0.614317 0.708507 0.532372 0.221686 0.307361 0.113424 0.046250 
0.652738 0.214441 0.652902 0.515431 1.000000 0.590333 0.358436 0.069408 0.528309 0.520933 0.441146 0.607931 0.373625 0.479162 0.914287 0.926617 0.510128 0.499062 0.661616 0.804468 0.947696 0.303088 0.414379 0.786367 0.971858 0.233328 0.829964 0.126297 -0.015698 
0.983224 0.642723 0.886924 0.776700 0.590333 1.000000 0.738735 0.538244 0.823836 0.689294 0.679711 0.781832 0.791344 0.723275 0.445248 0.578633 0.905771 0.957146 0.830739 0.242270 0.650497 0.814136 0.943367 0.931055 0.559241 0.706162 0.394385 0.566308 0.481779 
0.775084 0.897041 0.495319 0.297091 0.358436 0.738735 1.000000 0.870792 0.411008 0.225113 0.186934 0.338071 0.486160 0.232194 0.279117 0.297380 0.510008 0.610565 0.628556 0.213839 0.354296 0.890723 0.701831 0.716404 0.302985 0.979217 0.360342 0.958874 0.837994 
0.557219 0.977956 0.308948 0.098771 0.069408 0.538244 0.870792 1.000000 0.284196 0.077922 0.013454 0.173116 0.368120 0.045560 0.081869 0.066185 0.293136 0.427787 0.428813 0.023929 0.115515 0.718263 0.563871 0.419711 0.036434 0.888230 0.053126 0.919149 0.991995 
0.773990 0.390489 0.971726 0.626048 0.528309 0.823836 0.411008 0.284196 1.000000 0.793604 0.547057 0.871947 0.945799 0.583118 0.479324 0.598535 0.706233 0.879487 0.848742 0.189405 0.706906 0.471326 0.811542 0.748020 0.481063 0.391604 0.275566 0.240876 0.234916 
0.672531 0.192726 0.838887 0.775128 0.520933 0.689294 0.225113 0.077922 0.793604 1.000000 0.739286 0.980294 0.654515 0.756694 0.363297 0.615641 0.750293 0.788983 0.571813 0.095773 0.668219 0.340799 0.538804 0.644088 0.505512 0.162568 0.288889 0.063872 0.028430 
0.672914 0.124931 0.597274 0.986978 0.441146 0.679711 0.186934 0.013454 0.547057 0.739286 1.000000 0.704838 0.410932 0.997437 0.165807 0.403626 0.900315 0.734234 0.347471 -0.009361 0.423261 0.375730 0.511879 0.603802 0.457708 0.108714 0.266443 0.016680 -0.034437 
0.762231 0.291032 0.920121 0.764895 0.607931 0.781832 0.338071 0.173116 0.871947 0.980294 0.704838 1.000000 0.740499 0.732784 0.481835 0.702600 0.778990 0.848112 0.708680 0.214188 0.761060 0.439865 0.653838 0.743137 0.590791 0.283456 0.340273 0.162826 0.119744 
0.720454 0.449857 0.906938 0.497612 0.373625 0.791344 0.486160 0.368120 0.945799 0.654515 0.410932 0.740499 1.000000 0.451241 0.308659 0.444953 0.646582 0.864295 0.850137 0.091266 0.552830 0.534118 0.841725 0.713329 0.318313 0.492095 0.189598 0.357032 0.328473 
0.715975 0.160812 0.640064 0.995595 0.479162 0.723275 0.232194 0.045560 0.583118 0.756694 0.997437 0.732784 0.451241 1.000000 0.208296 0.447833 0.925358 0.770782 0.401626 0.035160 0.467239 0.421146 0.558183 0.653521 0.496532 0.154408 0.288534 0.054610 -0.004744 
0.498583 0.191747 0.566648 0.254879 0.914287 0.445248 0.279117 0.081869 0.479324 0.363297 0.165807 0.481835 0.308659 0.208296 1.000000 0.888741 0.265327 0.322954 0.623763 0.867885 0.918117 0.190573 0.337039 0.626577 0.896694 0.194817 0.688255 0.087751 0.016938 
0.610414 0.184610 0.714319 0.492202 0.926617 0.578633 0.297380 0.066185 0.598535 0.615641 0.403626 0.702600 0.444953 0.447833 0.888741 1.000000 0.504420 0.524787 0.714350 0.841091 0.969071 0.324675 0.424572 0.733703 0.963025 0.207323 0.587652 0.101941 0.003040 
0.879819 0.399811 0.776410 0.950247 0.510128 0.905771 0.510008 0.293136 0.706233 0.750293 0.900315 0.778990 0.646582 0.925358 0.265327 0.504420 1.000000 0.923590 0.616100 0.112179 0.533142 0.692270 0.799152 0.834402 0.519843 0.463505 0.299407 0.338028 0.242823 
0.917415 0.530027 0.915522 0.812556 0.499062 0.957146 0.610565 0.427787 0.879487 0.788983 0.734234 0.848112 0.864295 0.770782 0.322954 0.524787 0.923590 1.000000 0.787145 0.108459 0.599358 0.716272 0.904042 0.869285 0.470662 0.579646 0.297236 0.451204 0.377980 
0.809627 0.525642 0.899937 0.466436 0.661616 0.830739 0.628556 0.428813 0.848742 0.571813 0.347471 0.708680 0.850137 0.401626 0.623763 0.714350 0.616100 0.787145 1.000000 0.491648 0.772515 0.639597 0.821955 0.839298 0.632805 0.603996 0.420018 0.464581 0.374337 
0.294940 0.091676 0.312127 0.079178 0.804468 0.242270 0.213839 0.023929 0.189405 0.095773 -0.009361 0.214188 0.091266 0.035160 0.867885 0.841091 0.112179 0.108459 0.491648 1.000000 0.760540 0.174047 0.146577 0.475366 0.866717 0.143589 0.531692 0.083518 -0.019812 
0.682245 0.249735 0.799581 0.513314 0.947696 0.650497 0.354296 0.115515 0.706906 0.668219 0.423261 0.761060 0.552830 0.467239 0.918117 0.969071 0.533142 0.599358 0.772515 0.760540 1.000000 0.334081 0.508649 0.794255 0.932334 0.259633 0.678626 0.137708 0.041850 
0.805904 0.745604 0.556989 0.485639 0.303088 0.814136 0.890723 0.718263 0.471326 0.340799 0.375730 0.439865 0.534118 0.421146 0.190573 0.324675 0.692270 0.716272 0.639597 0.174047 0.334081 1.000000 0.788785 0.751384 0.313671 0.910541 0.161409 0.834961 0.695502 
0.882223 0.638118 0.831085 0.614317 0.414379 0.943367 0.701831 0.563871 0.811542 0.538804 0.511879 0.653838 0.841725 0.558183 0.337039 0.424572 0.799152 0.904042 0.821955 0.146577 0.508649 0.788785 1.000000 0.831457 0.381973 0.724338 0.224533 0.562942 0.524204 
0.939978 0.546651 0.852314 0.708507 0.786367 0.931055 0.716404 0.419711 0.748020 0.644088 0.603802 0.743137 0.713329 0.653521 0.626577 0.733703 0.834402 0.869285 0.839298 0.475366 0.794255 0.751384 0.831457 1.000000 0.744123 0.647222 0.635262 0.510950 0.345325 
0.611547 0.164143 0.614730 0.532372 0.971858 0.559241 0.302985 0.036434 0.481063 0.505512 0.457708 0.590791 0.318313 0.496532 0.896694 0.963025 0.519843 0.470662 0.632805 0.866717 0.932334 0.313671 0.381973 0.744123 1.000000 0.191276 0.697266 0.090601 -0.035110 
0.714668 0.889259 0.454827 0.221686 0.233328 0.706162 0.979217 0.888230 0.391604 0.162568 0.108714 0.283456 0.492095 0.154408 0.194817 0.207323 0.463505 0.579646 0.603996 0.143589 0.259633 0.910541 0.724338 0.647222 0.191276 1.000000 0.212197 0.968434 0.870560 
0.489500 0.197677 0.394030 0.307361 0.829964 0.394385 0.360342 0.053126 0.275566 0.288889 0.266443 0.340273 0.189598 0.288534 0.688255 0.587652 0.299407 0.297236 0.420018 0.531692 0.678626 0.161409 0.224533 0.635262 0.697266 0.212197 1.000000 0.150214 -0.043703 
0.594525 0.893158 0.304246 0.113424 0.126297 0.566308 0.958874 0.919149 0.240876 0.063872 0.016680 0.162826 0.357032 0.054610 0.087751 0.101941 0.338028 0.451204 0.464581 0.083518 0.137708 0.834961 0.562942 0.510950 0.090601 0.968434 0.150214 1.000000 0.913923 
0.492745 0.944899 0.249434 0.046250 -0.015698 0.481779 0.837994 0.991995 0.234916 0.028430 -0.034437 0.119744 0.328473 -0.004744 0.016938 0.003040 0.242823 0.377980 0.374337 -0.019812 0.041850 0.695502 0.524204 0.345325 -0.035110 0.870560 -0.043703 0.913923 1.000000 
