1.000000 0.685621 0.863052 0.780585 0.667279 0.983927 0.784502 0.575759 0.783454 0.686243 0.686610 0.772187 0.732160 0.727868 0.519578 0.626727 0.884851 0.920873 0.817599 0.324463 0.695550 0.814032 0.887154 0.942492 0.627812 0.726616 0.510876 0.611503 0.513985 
0.685621 1.000000 0.454110 0.249965 0.247334 0.657683 0.901352 0.978879 0.416011 0.226529 0.161572 0.320718 0.472893 0.195951 0.225591 0.218753 0.424943 0.549706 0.545505 0.129710 0.281151 0.756257 0.653271 0.565634 0.199143 0.893896 0.231272 0.897632 0.947206 
0.863052 0.454110 1.000000 0.702722 0.667436 0.891659 0.516451 0.337884 0.972910 0.845633 0.614138 0.923465 0.910835 0.655136 0.584794 0.726281 0.785773 0.919059 0.904127 0.340930 0.807973 0.575539 0.838158 0.858498 0.630863 0.477655 0.419404 0.333379 0.280862 
0.780585 0.249965 0.702722 1.000000 0.535721 0.786051 0.326524 0.136508 0.641707 0.784544 0.987523 0.774739 0.518649 0.995779 0.286080 0.513465 0.952330 0.820405 0.488778 0.117735 0.533693 0.507177 0.630466 0.720713 0.551953 0.254276 0.336364 0.150547 0.086186 
0.667279 0.247334 0.667436 0.535721 1.000000 0.607487 0.385300 0.108375 0.548060 0.540993 0.464547 0.624348 0.399853 0.500971 0.917876 0.929690 0.530640 0.520038 0.675785 0.812655 0.949886 0.332270 0.438900 0.795312 0.973036 0.265431 0.837084 0.162882 0.026833 
0.983927 0.657683 0.891659 0.786051 0.607487 1.000000 0.749675 0.557579 0.831213 0.702304 0.693122 0.790968 0.800081 0.734863 0.468477 0.596277 0.909717 0.958940 0.837826 0.273998 0.665132 0.821918 0.945738 0.933942 0.577696 0.718466 0.419743 0.584468 0.503478 
0.784502 0.901352 0.516451 0.326524 0.385300 0.749675 1.000000 0.876202 0.435671 0.257559 0.220980 0.365788 0.507676 0.264345 0.309302 0.326801 0.530525 0.626872 0.644109 0.246758 0.381333 0.895299 0.714316 0.728279 0.332171 0.980088 0.387126 0.960596 0.844777 
0.575759 0.978879 0.337884 0.136508 0.108375 0.557579 0.876202 1.000000 0.314169 0.116532 0.054763 0.207740 0.394578 0.085525 0.120314 0.105286 0.322735 0.451747 0.452730 0.064800 0.152551 0.730060 0.582133 0.444009 0.076781 0.892911 0.092775 0.922534 0.992330 
0.783454 0.416011 0.972910 0.641707 0.548060 0.831213 0.435671 0.314169 1.000000 0.802246 0.566023 0.877309 0.948068 0.600574 0.501126 0.615346 0.718534 0.884533 0.855076 0.223347 0.719179 0.493463 0.819433 0.758571 0.502792 0.417079 0.305900 0.272662 0.266952 
0.686243 0.226529 0.845633 0.784544 0.540993 0.702304 0.257559 0.116532 0.802246 1.000000 0.750203 0.981119 0.668981 0.766882 0.389957 0.631735 0.760749 0.797819 0.589742 0.133636 0.682112 0.368401 0.558115 0.658991 0.526218 0.197634 0.318665 0.103070 0.069112 
0.686610 0.161572 0.614138 0.987523 0.464547 0.693122 0.220980 0.054763 0.566023 0.750203 1.000000 0.717197 0.435598 0.997545 0.200737 0.428598 0.904489 0.745362 0.374794 0.032904 0.447411 0.401870 0.532318 0.620392 0.480415 0.146035 0.297159 0.057855 0.008878 
0.772187 0.320718 0.923465 0.774739 0.624348 0.790968 0.365788 0.207740 0.877309 0.981119 0.717197 1.000000 0.751365 0.743973 0.503532 0.715053 0.788244 0.854472 0.720878 0.247092 0.771065 0.463319 0.668333 0.753893 0.607926 0.313459 0.367898 0.197881 0.156603 
0.732160 0.472893 0.910835 0.518649 0.399853 0.800081 0.507676 0.394578 0.948068 0.668981 0.435598 0.751365 1.000000 0.474219 0.337607 0.468195 0.661380 0.869977 0.856412 0.129317 0.571555 0.553626 0.848352 0.725333 0.346857 0.513362 0.223532 0.383955 0.356592 
0.727868 0.195951 0.655136 0.995779 0.500971 0.734863 0.264345 0.085525 0.600574 0.766882 0.997545 0.743973 0.474219 1.000000 0.241447 0.470954 0.928484 0.780380 0.426681 0.075561 0.489547 0.445384 0.576683 0.668029 0.517613 0.189816 0.318325 0.094197 0.037327 
0.519578 0.225591 0.584794 0.286080 0.917876 0.468477 0.309302 0.120314 0.501126 0.389957 0.200737 0.503532 0.337607 0.241447 1.000000 0.893400 0.296089 0.351304 0.639517 0.873417 0.921546 0.224466 0.364799 0.642213 0.901020 0.228532 0.701309 0.125949 0.058102 
0.626727 0.218753 0.726281 0.513465 0.929690 0.596277 0.326801 0.105286 0.615346 0.631735 0.428598 0.715053 0.468195 0.470954 0.893400 1.000000 0.525172 0.544686 0.726311 0.847745 0.970366 0.352953 0.448667 0.744854 0.964573 0.240515 0.604918 0.139546 0.044786 
0.884851 0.424943 0.785773 0.952330 0.530640 0.909717 0.530525 0.322735 0.718534 0.760749 0.904489 0.788244 0.661380 0.928484 0.296089 0.525172 1.000000 0.926789 0.632175 0.149354 0.552691 0.705156 0.807562 0.841336 0.539949 0.485970 0.328743 0.365746 0.274528 
0.920873 0.549706 0.919059 0.820405 0.520038 0.958940 0.626872 0.451747 0.884533 0.797819 0.745362 0.854472 0.869977 0.780380 0.351304 0.544686 0.926789 1.000000 0.796058 0.145790 0.616134 0.728153 0.908060 0.874758 0.492827 0.597247 0.326663 0.474184 0.404026 
0.817599 0.545505 0.904127 0.488778 0.675785 0.837826 0.644109 0.452730 0.855076 0.589742 0.374794 0.720878 0.856412 0.426681 0.639517 0.726311 0.632175 0.796058 1.000000 0.512934 0.782040 0.654688 0.829410 0.846028 0.648180 0.620578 0.444304 0.487001 0.400535 
0.324463 0.129710 0.340930 0.117735 0.812655 0.273998 0.246758 0.064800 0.223347 0.133636 0.032904 0.247092 0.129317 0.075561 0.873417 0.847745 0.149354 0.145790 0.512934 1.000000 0.770567 0.208632 0.182312 0.497334 0.872298 0.179449 0.551302 0.121894 0.022890 
0.695550 0.281151 0.807973 0.533693 0.949886 0.665132 0.381333 0.152551 0.719179 0.682112 0.447411 0.771065 0.571555 0.489547 0.921546 0.970366 0.552691 0.616134 0.782040 0.770567 1.000000 0.361965 0.529223 0.802870 0.935168 0.290634 0.692083 0.173815 0.081970 
0.814032 0.756257 0.575539 0.507177 0.332270 0.821918 0.895299 0.730060 0.493463 0.368401 0.401870 0.463319 0.553626 0.445384 0.224466 0.352953 0.705156 0.728153 0.654688 0.208632 0.361965 1.000000 0.797629 0.761794 0.342410 0.914287 0.196523 0.841872 0.708252 
0.887154 0.653271 0.838158 0.630466 0.438900 0.945738 0.714316 0.582133 0.819433 0.558115 0.532318 0.668333 0.848352 0.576683 0.364799 0.448667 0.807562 0.908060 0.829410 0.182312 0.529223 0.797629 1.000000 0.838515 0.407852 0.735881 0.257004 0.581242 0.544127 
0.942492 0.565634 0.858498 0.720713 0.795312 0.933942 0.728279 0.444009 0.758571 0.658991 0.620392 0.753893 0.725333 0.668029 0.642213 0.744854 0.841336 0.874758 0.846028 0.497334 0.802870 0.761794 0.838515 1.000000 0.754837 0.661994 0.650534 0.531428 0.372738 
0.627812 0.199143 0.630863 0.551953 0.973036 0.577696 0.332171 0.076781 0.502792 0.526218 0.480415 0.607926 0.346857 0.517613 0.901020 0.964573 0.539949 0.492827 0.648180 0.872298 0.935168 0.342410 0.407852 0.754837 1.000000 0.225139 0.709942 0.128680 0.008233 
0.726616 0.893896 0.477655 0.254276 0.265431 0.718466 0.980088 0.892911 0.417079 0.197634 0.146035 0.313459 0.513362 0.189816 0.228532 0.240515 0.485970 0.597247 0.620578 0.179449 0.290634 0.914287 0.735881 0.661994 0.225139 1.000000 0.245184 0.969756 0.875980 
0.510876 0.231272 0.419404 0.336364 0.837084 0.419743 0.387126 0.092775 0.305900 0.318665 0.297159 0.367898 0.223532 0.318325 0.701309 0.604918 0.328743 0.326663 0.444304 0.551302 0.692083 0.196523 0.257004 0.650534 0.709942 0.245184 1.000000 0.185797 0.000000 
0.611503 0.897632 0.333379 0.150547 0.162882 0.584468 0.960596 0.922534 0.272662 0.103070 0.057855 0.197881 0.383955 0.094197 0.125949 0.139546 0.365746 0.474184 0.487001 0.121894 0.173815 0.841872 0.581242 0.531428 0.128680 0.969756 0.185797 1.000000 0.917527 
0.513985 0.947206 0.280862 0.086186 0.026833 0.503478 0.844777 0.992330 0.266952 0.069112 0.008878 0.156603 0.356592 0.037327 0.058102 0.044786 0.274528 0.404026 0.400535 0.022890 0.081970 0.708252 0.544127 0.372738 0.008233 0.875980 0.000000 0.917527 1.000000 
