1.000000 0.992330 0.917527 0.708252 0.844777 0.947206 0.875980 0.280862 0.266952 0.400535 0.372738 0.404026 0.513985 0.503478 0.356592 0.544127 0.086186 0.008878 0.037327 0.274528 0.069112 0.156603 0.081970 0.044786 0.026833 0.008233 0.022890 0.058102 0.000000
0.992330 1.000000 0.922534 0.730060 0.876202 0.978879 0.892911 0.337884 0.314169 0.452730 0.444009 0.451747 0.575759 0.557579 0.394578 0.582133 0.136508 0.054763 0.085525 0.322735 0.116532 0.207740 0.152551 0.105286 0.108375 0.076781 0.064800 0.120314 0.092775
0.917527 0.922534 1.000000 0.841872 0.960596 0.897632 0.969756 0.333379 0.272662 0.487001 0.531428 0.474184 0.611503 0.584468 0.383955 0.581242 0.150547 0.057855 0.094197 0.365746 0.103070 0.197881 0.173815 0.139546 0.162882 0.128680 0.121894 0.125949 0.185797
0.708252 0.730060 0.841872 1.000000 0.895299 0.756257 0.914287 0.575539 0.493463 0.654688 0.761794 0.728153 0.814032 0.821918 0.553626 0.797629 0.507177 0.401870 0.445384 0.705156 0.368401 0.463319 0.361965 0.352953 0.332270 0.342410 0.208632 0.224466 0.196523
0.844777 0.876202 0.960596 0.895299 1.000000 0.901352 0.980088 0.516451 0.435671 0.644109 0.728279 0.626872 0.784502 0.749675 0.507676 0.714316 0.326524 0.220980 0.264345 0.530525 0.257559 0.365788 0.381333 0.326801 0.385300 0.332171 0.246758 0.309302 0.387126
0.947206 0.978879 0.897632 0.756257 0.901352 1.000000 0.893896 0.454110 0.416011 0.545505 0.565634 0.549706 0.685621 0.657683 0.472893 0.653271 0.249965 0.161572 0.195951 0.424943 0.226529 0.320718 0.281151 0.218753 0.247334 0.199143 0.129710 0.225591 0.231272
0.875980 0.892911 0.969756 0.914287 0.980088 0.893896 1.000000 0.477655 0.417079 0.620578 0.661994 0.597247 0.726616 0.718466 0.513362 0.735881 0.254276 0.146035 0.189816 0.485970 0.197634 0.313459 0.290634 0.240515 0.265431 0.225139 0.179449 0.228532 0.245184
0.280862 0.337884 0.333379 0.575539 0.516451 0.454110 0.477655 1.000000 0.972910 0.904127 0.858498 0.919059 0.863052 0.891659 0.910835 0.838158 0.702722 0.614138 0.655136 0.785773 0.845633 0.923465 0.807973 0.726281 0.667436 0.630863 0.340930 0.584794 0.419404
0.266952 0.314169 0.272662 0.493463 0.435671 0.416011 0.417079 0.972910 1.000000 0.855076 0.758571 0.884533 0.783454 0.831213 0.948068 0.819433 0.641707 0.566023 0.600574 0.718534 0.802246 0.877309 0.719179 0.615346 0.548060 0.502792 0.223347 0.501126 0.305900
0.400535 0.452730 0.487001 0.654688 0.644109 0.545505 0.620578 0.904127 0.855076 1.000000 0.846028 0.796058 0.817599 0.837826 0.856412 0.829410 0.488778 0.374794 0.426681 0.632175 0.589742 0.720878 0.782040 0.726311 0.675785 0.648180 0.512934 0.639517 0.444304
0.372738 0.444009 0.531428 0.761794 0.728279 0.565634 0.661994 0.858498 0.758571 0.846028 1.000000 0.874758 0.942492 0.933942 0.725333 0.838515 0.720713 0.620392 0.668029 0.841336 0.658991 0.753893 0.802870 0.744854 0.795312 0.754837 0.497334 0.642213 0.650534
0.404026 0.451747 0.474184 0.728153 0.626872 0.549706 0.597247 0.919059 0.884533 0.796058 0.874758 1.000000 0.920873 0.958940 0.869977 0.908060 0.820405 0.745362 0.780380 0.926789 0.797819 0.854472 0.616134 0.544686 0.520038 0.492827 0.145790 0.351304 0.326663
0.513985 0.575759 0.611503 0.814032 0.784502 0.685621 0.726616 0.863052 0.783454 0.817599 0.942492 0.920873 1.000000 0.983927 0.732160 0.887154 0.780585 0.686610 0.727868 0.884851 0.686243 0.772187 0.695550 0.626727 0.667279 0.627812 0.324463 0.519578 0.510876
0.503478 0.557579 0.584468 0.821918 0.749675 0.657683 0.718466 0.891659 0.831213 0.837826 0.933942 0.958940 0.983927 1.000000 0.800081 0.945738 0.786051 0.693122 0.734863 0.909717 0.702304 0.790968 0.665132 0.596277 0.607487 0.577696 0.273998 0.468477 0.419743
0.356592 0.394578 0.383955 0.553626 0.507676 0.472893 0.513362 0.910835 0.948068 0.856412 0.725333 0.869977 0.732160 0.800081 1.000000 0.848352 0.518649 0.435598 0.474219 0.661380 0.668981 0.751365 0.571555 0.468195 0.399853 0.346857 0.129317 0.337607 0.223532
0.544127 0.582133 0.581242 0.797629 0.714316 0.653271 0.735881 0.838158 0.819433 0.829410 0.838515 0.908060 0.887154 0.945738 0.848352 1.000000 0.630466 0.532318 0.576683 0.807562 0.558115 0.668333 0.529223 0.448667 0.438900 0.407852 0.182312 0.364799 0.257004
0.086186 0.136508 0.150547 0.507177 0.326524 0.249965 0.254276 0.702722 0.641707 0.488778 0.720713 0.820405 0.780585 0.786051 0.518649 0.630466 1.000000 0.987523 0.995779 0.952330 0.784544 0.774739 0.533693 0.513465 0.535721 0.551953 0.117735 0.286080 0.336364
0.008878 0.054763 0.057855 0.401870 0.220980 0.161572 0.146035 0.614138 0.566023 0.374794 0.620392 0.745362 0.686610 0.693122 0.435598 0.532318 0.987523 1.000000 0.997545 0.904489 0.750203 0.717197 0.447411 0.428598 0.464547 0.480415 0.032904 0.200737 0.297159
0.037327 0.085525 0.094197 0.445384 0.264345 0.195951 0.189816 0.655136 0.600574 0.426681 0.668029 0.780380 0.727868 0.734863 0.474219 0.576683 0.995779 0.997545 1.000000 0.928484 0.766882 0.743973 0.489547 0.470954 0.500971 0.517613 0.075561 0.241447 0.318325
0.274528 0.322735 0.365746 0.705156 0.530525 0.424943 0.485970 0.785773 0.718534 0.632175 0.841336 0.926789 0.884851 0.909717 0.661380 0.807562 0.952330 0.904489 0.928484 1.000000 0.760749 0.788244 0.552691 0.525172 0.530640 0.539949 0.149354 0.296089 0.328743
0.069112 0.116532 0.103070 0.368401 0.257559 0.226529 0.197634 0.845633 0.802246 0.589742 0.658991 0.797819 0.686243 0.702304 0.668981 0.558115 0.784544 0.750203 0.766882 0.760749 1.000000 0.981119 0.682112 0.631735 0.540993 0.526218 0.133636 0.389957 0.318665
0.156603 0.207740 0.197881 0.463319 0.365788 0.320718 0.313459 0.923465 0.877309 0.720878 0.753893 0.854472 0.772187 0.790968 0.751365 0.668333 0.774739 0.717197 0.743973 0.788244 0.981119 1.000000 0.771065 0.715053 0.624348 0.607926 0.247092 0.503532 0.367898
0.081970 0.152551 0.173815 0.361965 0.381333 0.281151 0.290634 0.807973 0.719179 0.782040 0.802870 0.616134 0.695550 0.665132 0.571555 0.529223 0.533693 0.447411 0.489547 0.552691 0.682112 0.771065 1.000000 0.970366 0.949886 0.935168 0.770567 0.921546 0.692083
0.044786 0.105286 0.139546 0.352953 0.326801 0.218753 0.240515 0.726281 0.615346 0.726311 0.744854 0.544686 0.626727 0.596277 0.468195 0.448667 0.513465 0.428598 0.470954 0.525172 0.631735 0.715053 0.970366 1.000000 0.929690 0.964573 0.847745 0.893400 0.604918
0.026833 0.108375 0.162882 0.332270 0.385300 0.247334 0.265431 0.667436 0.548060 0.675785 0.795312 0.520038 0.667279 0.607487 0.399853 0.438900 0.535721 0.464547 0.500971 0.530640 0.540993 0.624348 0.949886 0.929690 1.000000 0.973036 0.812655 0.917876 0.837084
0.008233 0.076781 0.128680 0.342410 0.332171 0.199143 0.225139 0.630863 0.502792 0.648180 0.754837 0.492827 0.627812 0.577696 0.346857 0.407852 0.551953 0.480415 0.517613 0.539949 0.526218 0.607926 0.935168 0.964573 0.973036 1.000000 0.872298 0.901020 0.709942
0.022890 0.064800 0.121894 0.208632 0.246758 0.129710 0.179449 0.340930 0.223347 0.512934 0.497334 0.145790 0.324463 0.273998 0.129317 0.182312 0.117735 0.032904 0.075561 0.149354 0.133636 0.247092 0.770567 0.847745 0.812655 0.872298 1.000000 0.873417 0.551302
0.058102 0.120314 0.125949 0.224466 0.309302 0.225591 0.228532 0.584794 0.501126 0.639517 0.642213 0.351304 0.519578 0.468477 0.337607 0.364799 0.286080 0.200737 0.241447 0.296089 0.389957 0.503532 0.921546 0.893400 0.917876 0.901020 0.873417 1.000000 0.701309
0.000000 0.092775 0.185797 0.196523 0.387126 0.231272 0.245184 0.419404 0.305900 0.444304 0.650534 0.326663 0.510876 0.419743 0.223532 0.257004 0.336364 0.297159 0.318325 0.328743 0.318665 0.367898 0.692083 0.604918 0.837084 0.709942 0.551302 0.701309 1.000000
