1.000000 0.909430 0.924046 0.960118 0.944250 0.977988 0.895501 0.719173 0.760590 0.814408 0.884912 0.901838 0.835881 0.915607 0.838747 0.896454 0.923412 0.927892 0.929944 0.823956 0.919532 0.833532 0.868348 0.895372 0.797988 0.795117 0.700244 0.610426 0.401108 
0.909430 1.000000 0.719309 0.807195 0.864804 0.908552 0.969289 0.915254 0.491725 0.566962 0.700956 0.713170 0.617903 0.773909 0.600424 0.694835 0.849357 0.827179 0.809822 0.743273 0.790589 0.865075 0.864228 0.903399 0.802184 0.898855 0.827888 0.811676 0.655319 
0.924046 0.719309 1.000000 0.965052 0.890879 0.917193 0.730142 0.511527 0.946476 0.969346 0.940832 0.984628 0.970566 0.936259 0.964438 0.983775 0.886329 0.909447 0.950552 0.794247 0.935291 0.695421 0.803686 0.788970 0.712789 0.634226 0.540276 0.413681 0.206278 
0.960118 0.807195 0.965052 1.000000 0.905876 0.970998 0.831968 0.635550 0.856057 0.911935 0.977757 0.967285 0.921672 0.984898 0.888488 0.949719 0.960258 0.963031 0.964669 0.815851 0.934320 0.830334 0.888425 0.878773 0.763111 0.758841 0.641356 0.553472 0.341317 
0.944250 0.864804 0.890879 0.905876 1.000000 0.945150 0.892042 0.714929 0.724811 0.780061 0.829465 0.881328 0.808226 0.868821 0.846291 0.914176 0.905364 0.880300 0.935614 0.949713 0.973960 0.828464 0.864473 0.913027 0.929667 0.816117 0.804341 0.649248 0.435766 
0.977988 0.908552 0.917193 0.970998 0.945150 1.000000 0.933294 0.779589 0.756993 0.823928 0.915482 0.927145 0.858404 0.957692 0.823297 0.905044 0.979789 0.971679 0.970831 0.851055 0.943825 0.899951 0.947887 0.955523 0.852612 0.873856 0.780437 0.706146 0.501192 
0.895501 0.969289 0.730142 0.831968 0.892042 0.933294 1.000000 0.932011 0.502102 0.590581 0.742720 0.752182 0.644184 0.820172 0.617882 0.731497 0.912393 0.865590 0.862427 0.815549 0.840781 0.946825 0.930508 0.971885 0.881348 0.971507 0.913215 0.884760 0.708862 
0.719173 0.915254 0.511527 0.635550 0.714929 0.779589 0.932011 1.000000 0.278907 0.371510 0.544287 0.549036 0.439074 0.639169 0.381021 0.510487 0.761909 0.693908 0.687534 0.640978 0.645299 0.845321 0.850502 0.853379 0.760639 0.945151 0.889973 0.964285 0.894110 
0.760590 0.491725 0.946476 0.856057 0.724811 0.756993 0.502102 0.278907 1.000000 0.988093 0.873837 0.932063 0.970458 0.837926 0.949898 0.928959 0.738208 0.778461 0.840282 0.634363 0.814639 0.474213 0.642459 0.583425 0.513255 0.406607 0.310736 0.179925 0.000000 
0.814408 0.566962 0.969346 0.911935 0.780061 0.823928 0.590581 0.371510 0.988093 1.000000 0.931505 0.966908 0.988739 0.902627 0.949117 0.958274 0.818605 0.844292 0.896258 0.700832 0.865159 0.581259 0.728317 0.674289 0.595387 0.508390 0.406070 0.283176 0.093936 
0.884912 0.700956 0.940832 0.977757 0.829465 0.915482 0.742720 0.544287 0.873837 0.931505 1.000000 0.957053 0.932862 0.986735 0.867333 0.933286 0.934426 0.939064 0.933092 0.757254 0.889903 0.775836 0.853991 0.813963 0.690165 0.685783 0.559617 0.475351 0.272779 
0.901838 0.713170 0.984628 0.967285 0.881328 0.927145 0.752182 0.549036 0.932063 0.966908 0.957053 1.000000 0.976885 0.960848 0.939063 0.979338 0.925182 0.932035 0.973965 0.807224 0.943736 0.743945 0.858598 0.828106 0.744172 0.688458 0.588998 0.478456 0.274920 
0.835881 0.617903 0.970566 0.921672 0.808226 0.858404 0.644184 0.439074 0.970458 0.988739 0.932862 0.976885 1.000000 0.923422 0.930547 0.956438 0.853832 0.884193 0.926223 0.718568 0.887901 0.620613 0.787742 0.725661 0.649172 0.569312 0.477735 0.355019 0.161870 
0.915607 0.773909 0.936259 0.984898 0.868821 0.957692 0.820172 0.639169 0.837926 0.902627 0.986735 0.960848 0.923422 1.000000 0.847211 0.928198 0.974473 0.979368 0.964350 0.789534 0.917016 0.840149 0.917433 0.884789 0.757909 0.772211 0.654978 0.577538 0.369294 
0.838747 0.600424 0.964438 0.888488 0.846291 0.823297 0.617882 0.381021 0.949898 0.949117 0.867333 0.939063 0.930547 0.847211 1.000000 0.970658 0.788417 0.809212 0.887139 0.779376 0.907825 0.583663 0.684391 0.690689 0.659484 0.516340 0.448613 0.287034 0.083741 
0.896454 0.694835 0.983775 0.949719 0.914176 0.905044 0.731497 0.510487 0.928959 0.958274 0.933286 0.979338 0.956438 0.928198 0.970658 1.000000 0.891257 0.893655 0.957016 0.865966 0.965622 0.715278 0.807666 0.805607 0.777115 0.653200 0.588644 0.437473 0.225955 
0.923412 0.849357 0.886329 0.960258 0.905364 0.979789 0.912393 0.761909 0.738208 0.818605 0.934426 0.925182 0.853832 0.974473 0.788417 0.891257 1.000000 0.975000 0.970711 0.845845 0.930238 0.929116 0.970061 0.963016 0.850524 0.887841 0.789557 0.724614 0.517618 
0.927892 0.827179 0.909447 0.963031 0.880300 0.971679 0.865590 0.693908 0.778461 0.844292 0.939064 0.932035 0.884193 0.979368 0.809212 0.893655 0.975000 1.000000 0.961140 0.778694 0.912440 0.862943 0.932465 0.920573 0.780776 0.811227 0.703155 0.625402 0.402515 
0.929944 0.809822 0.950552 0.964669 0.935614 0.970831 0.862427 0.687534 0.840282 0.896258 0.933092 0.973965 0.926223 0.964350 0.887139 0.957016 0.970711 0.961140 1.000000 0.870857 0.972974 0.845077 0.933004 0.925683 0.855586 0.816326 0.744041 0.635255 0.426281 
0.823956 0.743273 0.794247 0.815851 0.949713 0.851055 0.815549 0.640978 0.634363 0.700832 0.757254 0.807224 0.718568 0.789534 0.779376 0.865966 0.845845 0.778694 0.870857 1.000000 0.940349 0.801430 0.803424 0.862580 0.948873 0.778446 0.798119 0.623141 0.416575 
0.919532 0.790589 0.935291 0.934320 0.973960 0.943825 0.840781 0.645299 0.814639 0.865159 0.889903 0.943736 0.887901 0.917016 0.907825 0.965622 0.930238 0.912440 0.972974 0.940349 1.000000 0.811487 0.878855 0.902211 0.905307 0.781925 0.748336 0.591799 0.373975 
0.833532 0.865075 0.695421 0.830334 0.828464 0.899951 0.946825 0.845321 0.474213 0.581259 0.775836 0.743945 0.620613 0.840149 0.583663 0.715278 0.929116 0.862943 0.845077 0.801430 0.811487 1.000000 0.916112 0.962659 0.833129 0.953753 0.852129 0.839424 0.633263 
0.868348 0.864228 0.803686 0.888425 0.864473 0.947887 0.930508 0.850502 0.642459 0.728317 0.853991 0.858598 0.787742 0.917433 0.684391 0.807666 0.970061 0.932465 0.933004 0.803424 0.878855 0.916112 1.000000 0.960392 0.863732 0.938034 0.855832 0.831920 0.671504 
0.895372 0.903399 0.788970 0.878773 0.913027 0.955523 0.971885 0.853379 0.583425 0.674289 0.813963 0.828106 0.725661 0.884789 0.690689 0.805607 0.963016 0.920573 0.925683 0.862580 0.902211 0.962659 0.960392 1.000000 0.912663 0.957878 0.899702 0.830378 0.618920 
0.797988 0.802184 0.712789 0.763111 0.929667 0.852612 0.881348 0.760639 0.513255 0.595387 0.690165 0.744172 0.649172 0.757909 0.659484 0.777115 0.850524 0.780776 0.855586 0.948873 0.905307 0.833129 0.863732 0.912663 1.000000 0.870199 0.918471 0.761138 0.566675 
0.795117 0.898855 0.634226 0.758841 0.816117 0.873856 0.971507 0.945151 0.406607 0.508390 0.685783 0.688458 0.569312 0.772211 0.516340 0.653200 0.887841 0.811227 0.816326 0.778446 0.781925 0.953753 0.938034 0.957878 0.870199 1.000000 0.938227 0.947409 0.800103 
0.700244 0.827888 0.540276 0.641356 0.804341 0.780437 0.913215 0.889973 0.310736 0.406070 0.559617 0.588998 0.477735 0.654978 0.448613 0.588644 0.789557 0.703155 0.744041 0.798119 0.748336 0.852129 0.855832 0.899702 0.918471 0.938227 1.000000 0.921113 0.769382 
0.610426 0.811676 0.413681 0.553472 0.649248 0.706146 0.884760 0.964285 0.179925 0.283176 0.475351 0.478456 0.355019 0.577538 0.287034 0.437473 0.724614 0.625402 0.635255 0.623141 0.591799 0.839424 0.831920 0.830378 0.761138 0.947409 0.921113 1.000000 0.933482 
0.401108 0.655319 0.206278 0.341317 0.435766 0.501192 0.708862 0.894110 0.000000 0.093936 0.272779 0.274920 0.161870 0.369294 0.083741 0.225955 0.517618 0.402515 0.426281 0.416575 0.373975 0.633263 0.671504 0.618920 0.566675 0.800103 0.769382 0.933482 1.000000 
