1.000000 0.814156 0.953214 0.886966 0.275993 0.328374 0.296971 0.334659 0.367238 0.583073 0.754712 0.802488 0.744707 0.440413 0.498540 0.537044 0.492973 0.000000 0.006051 0.001048 0.027334 0.009323 0.161939 0.069395 0.170366 0.115862 0.058464 0.063557 0.050570
0.814156 1.000000 0.811481 0.749814 0.512954 0.459438 0.386387 0.494907 0.428795 0.565905 0.777642 0.865162 0.887697 0.679217 0.619395 0.623170 0.515188 0.000049 0.021076 0.006788 0.071079 0.040503 0.368968 0.189154 0.219390 0.227578 0.129966 0.145755 0.116051
0.953214 0.811481 1.000000 0.955710 0.370267 0.460848 0.449054 0.439914 0.508126 0.752906 0.874058 0.882908 0.843254 0.560252 0.645255 0.691601 0.663795 0.000078 0.019049 0.006430 0.066802 0.027190 0.241244 0.125660 0.281373 0.206721 0.103327 0.121651 0.114151
0.886966 0.749814 0.955710 1.000000 0.426709 0.542960 0.531483 0.488177 0.611206 0.757303 0.910695 0.887363 0.836809 0.621524 0.735974 0.721616 0.727110 0.000687 0.037166 0.015886 0.105051 0.052089 0.266607 0.177599 0.385066 0.277290 0.145774 0.172202 0.148349
0.275993 0.512954 0.370267 0.426709 1.000000 0.797999 0.671881 0.794966 0.600514 0.473360 0.603323 0.629905 0.698423 0.899837 0.766278 0.673402 0.569799 0.036059 0.261248 0.177681 0.443618 0.418564 0.813523 0.746981 0.558477 0.694919 0.559332 0.633202 0.471079
0.328374 0.459438 0.460848 0.542960 0.797999 1.000000 0.921573 0.914818 0.891437 0.702425 0.738909 0.707689 0.670934 0.793536 0.888329 0.888943 0.841208 0.063098 0.369371 0.248644 0.583123 0.370982 0.524603 0.528452 0.807284 0.833613 0.681396 0.758707 0.655956
0.296971 0.386387 0.449054 0.531483 0.671881 0.921573 1.000000 0.727081 0.903686 0.762394 0.732672 0.617135 0.630973 0.748818 0.887891 0.850259 0.901734 0.071785 0.336986 0.275694 0.621357 0.388628 0.511873 0.523293 0.885514 0.860070 0.520429 0.692991 0.745213
0.334659 0.494907 0.439914 0.488177 0.794966 0.914818 0.727081 1.000000 0.741292 0.613196 0.661476 0.729077 0.645821 0.714936 0.747871 0.849766 0.702806 0.025885 0.267506 0.138845 0.399692 0.240435 0.460909 0.405495 0.568559 0.642709 0.684033 0.643080 0.482714
0.367238 0.428795 0.508126 0.611206 0.600514 0.891437 0.903686 0.741292 1.000000 0.777643 0.754620 0.684085 0.637791 0.693134 0.853388 0.860123 0.919990 0.026250 0.231850 0.152980 0.433081 0.244459 0.367677 0.371626 0.756015 0.718181 0.468164 0.561371 0.554535
0.583073 0.565905 0.752906 0.757303 0.473360 0.702425 0.762394 0.613196 0.777643 1.000000 0.838965 0.783518 0.758681 0.627149 0.758051 0.913952 0.947986 0.005537 0.087763 0.051057 0.221180 0.098076 0.328827 0.226888 0.531878 0.438954 0.241415 0.304299 0.362309
0.754712 0.777642 0.874058 0.910695 0.603323 0.738909 0.732672 0.661476 0.754620 0.838965 1.000000 0.939915 0.919880 0.793234 0.899856 0.875422 0.852350 0.005713 0.090866 0.052405 0.224651 0.120352 0.424597 0.306685 0.543451 0.470265 0.258685 0.320104 0.306312
0.802488 0.865162 0.882908 0.887363 0.629905 0.707689 0.617135 0.729077 0.684085 0.783518 0.939915 1.000000 0.936664 0.765220 0.816401 0.867367 0.768395 0.001811 0.068466 0.029286 0.161799 0.085204 0.397945 0.258134 0.417201 0.387473 0.267708 0.284204 0.233879
0.744707 0.887697 0.843254 0.836809 0.698423 0.670934 0.630973 0.645821 0.637791 0.758681 0.919880 0.936664 1.000000 0.869418 0.838837 0.813544 0.742270 0.002607 0.067911 0.036627 0.182048 0.120064 0.562345 0.364705 0.425528 0.421204 0.233092 0.286319 0.261758
0.440413 0.679217 0.560252 0.621524 0.899837 0.793536 0.748818 0.714936 0.693134 0.627149 0.793234 0.765220 0.869418 1.000000 0.896201 0.762050 0.707142 0.019560 0.173398 0.122659 0.373817 0.313607 0.781908 0.671712 0.596581 0.662572 0.390663 0.499725 0.433636
0.498540 0.619395 0.645255 0.735974 0.766278 0.888329 0.887891 0.747871 0.853388 0.758051 0.899856 0.816401 0.838837 0.896201 1.000000 0.865991 0.864846 0.033020 0.223448 0.162852 0.444074 0.306469 0.575159 0.535865 0.757765 0.734260 0.430088 0.553209 0.510017
0.537044 0.623170 0.691601 0.721616 0.673402 0.888943 0.850259 0.849766 0.860123 0.913952 0.875422 0.867367 0.813544 0.762050 0.865991 1.000000 0.940947 0.013572 0.163154 0.093839 0.331591 0.169198 0.443039 0.339117 0.622994 0.596357 0.424534 0.479100 0.475348
0.492973 0.515188 0.663795 0.727110 0.569799 0.841208 0.901734 0.702806 0.919990 0.947986 0.852350 0.768395 0.742270 0.707142 0.864846 0.940947 1.000000 0.018599 0.166902 0.111256 0.355586 0.184038 0.388582 0.329965 0.708432 0.612857 0.358722 0.452502 0.498225
0.000000 0.000049 0.000078 0.000687 0.036059 0.063098 0.071785 0.025885 0.026250 0.005537 0.005713 0.001811 0.002607 0.019560 0.033020 0.013572 0.018599 1.000000 0.639092 0.759318 0.409812 0.350403 0.030114 0.103118 0.203326 0.146737 0.184421 0.252491 0.160818
0.006051 0.021076 0.019049 0.037166 0.261248 0.369371 0.336986 0.267506 0.231850 0.087763 0.090866 0.068466 0.067911 0.173398 0.223448 0.163154 0.166902 0.639092 1.000000 0.864614 0.798004 0.627346 0.168800 0.334746 0.523241 0.530355 0.701723 0.754543 0.510606
0.001048 0.006788 0.006430 0.015886 0.177681 0.248644 0.275694 0.138845 0.152980 0.051057 0.052405 0.029286 0.036627 0.122659 0.162852 0.093839 0.111256 0.759318 0.864614 1.000000 0.805655 0.719865 0.150781 0.335625 0.478991 0.475447 0.434040 0.612776 0.496507
0.027334 0.071079 0.066802 0.105051 0.443618 0.583123 0.621357 0.399692 0.433081 0.221180 0.224651 0.161799 0.182048 0.373817 0.444074 0.331591 0.355586 0.409812 0.798004 0.805655 1.000000 0.774876 0.367209 0.573422 0.774239 0.841862 0.652768 0.890806 0.827452
0.009323 0.040503 0.027190 0.052089 0.418564 0.370982 0.388628 0.240435 0.244459 0.098076 0.120352 0.085204 0.120064 0.313607 0.306469 0.169198 0.184038 0.350403 0.627346 0.719865 0.774876 1.000000 0.405762 0.711642 0.536482 0.655231 0.469771 0.695491 0.527257
0.161939 0.368968 0.241244 0.266607 0.813523 0.524603 0.511873 0.460909 0.367677 0.328827 0.424597 0.397945 0.562345 0.781908 0.575159 0.443039 0.388582 0.030114 0.168800 0.150781 0.367209 0.405762 1.000000 0.810646 0.416658 0.553601 0.305206 0.442385 0.412537
0.069395 0.189154 0.125660 0.177599 0.746981 0.528452 0.523293 0.405495 0.371626 0.226888 0.306685 0.258134 0.364705 0.671712 0.535865 0.339117 0.329965 0.103118 0.334746 0.335625 0.573422 0.711642 0.810646 1.000000 0.556565 0.693813 0.414092 0.603379 0.481781
0.170366 0.219390 0.281373 0.385066 0.558477 0.807284 0.885514 0.568559 0.756015 0.531878 0.543451 0.417201 0.425528 0.596581 0.757765 0.622994 0.708432 0.203326 0.523241 0.478991 0.774239 0.536482 0.416658 0.556565 1.000000 0.850736 0.557846 0.749688 0.704358
0.115862 0.227578 0.206721 0.277290 0.694919 0.833613 0.860070 0.642709 0.718181 0.438954 0.470265 0.387473 0.421204 0.662572 0.734260 0.596357 0.612857 0.146737 0.530355 0.475447 0.841862 0.655231 0.553601 0.693813 0.850736 1.000000 0.666068 0.892193 0.858795
0.058464 0.129966 0.103327 0.145774 0.559332 0.681396 0.520429 0.684033 0.468164 0.241415 0.258685 0.267708 0.233092 0.390663 0.430088 0.424534 0.358722 0.184421 0.701723 0.434040 0.652768 0.469771 0.305206 0.414092 0.557846 0.666068 1.000000 0.882699 0.560035
0.063557 0.145755 0.121651 0.172202 0.633202 0.758707 0.692991 0.643080 0.561371 0.304299 0.320104 0.284204 0.286319 0.499725 0.553209 0.479100 0.452502 0.252491 0.754543 0.612776 0.890806 0.695491 0.442385 0.603379 0.749688 0.892193 0.882699 1.000000 0.803674
0.050570 0.116051 0.114151 0.148349 0.471079 0.655956 0.745213 0.482714 0.554535 0.362309 0.306312 0.233879 0.261758 0.433636 0.510017 0.475348 0.498225 0.160818 0.510606 0.496507 0.827452 0.527257 0.412537 0.481781 0.704358 0.858795 0.560035 0.803674 1.000000
